x,y,z
-5,58,-1024
11,19,-1007
-1,-9,-1016
-9,17,-1013
-17,7,-1005
-27,23,-1026
-23,37,-1009
-33,19,-1009
-21,35,-1011
-31,27,-1026
-11,15,-1013
-11,23,-995
-21,11,-1005
5,31,-1001
-5,35,-997
-29,35,-1011
-9,19,-1016
-42,17,-1030
-33,-15,-1016
-29,29,-1013
-15,44,-1009
-21,35,-1007
-5,31,-1015
-11,-9,-1005
0,3,-1011
3,27,-1015
-21,31,-1016
-27,40,-1009
-25,3,-993
-37,11,-1005
-42,25,-1005
-25,0,-1015
-33,25,-1030
3,13,-1018
0,11,-1030
11,46,-1011
5,31,-1024
23,7,-1013
-19,13,-1011
-5,0,-1011
-21,56,-1018
-21,62,-1009
-7,19,-999
-5,-9,-1009
-7,-5,-1013
-44,15,-1034
-25,37,-1020
-39,29,-1032
-11,27,-1026
7,23,-1016
0,15,-1018
15,-21,-1020
-7,-5,-1018
-25,25,-1016
-40,68,-1020
-29,54,-1016
-11,39,-1016
-5,13,-1009
17,-5,-1007
13,3,-1013
0,3,-1011
-15,7,-1013
-39,35,-1005
-44,21,-989
-44,21,-1005
-21,15,-1009
-21,-3,-1020
1,35,-1018
1,40,-1015
-5,35,-1003
-11,40,-997
-46,21,-1009
-27,-5,-1015
-35,-23,-1024
-9,-11,-1034
7,37,-1030
27,56,-1028
3,76,-1024
-3,31,-1013
-35,-21,-1013
-50,-17,-1013
-44,13,-1009
-25,46,-1016
-37,40,-1032
-11,15,-1022
-19,5,-1026
-11,21,-1024
-5,-1,-1005
-13,29,-1015
1,50,-997
9,44,-1001
17,56,-991
-25,1,-1015
3,-15,-1007
-48,19,-1009
-31,21,-1015
-31,42,-1013
-23,37,-1015
-17,21,-1007
-7,5,-1015
-33,-1,-1024
-19,15,-1026
-19,72,-1018
-21,83,-1018
-3,37,-1015
1,3,-1026
-21,-13,-1016
-15,0,-1013
1,7,-1013
-23,42,-1024
11,60,-999
-23,29,-1009
-13,0,-1020
-31,-21,-1011
-39,-13,-1007
-33,25,-1015
-27,60,-1005
-21,50,-1013
-11,39,-1020
-11,-19,-1020
-5,-33,-1018
11,0,-1016
17,21,-1018
17,74,-1013
23,66,-999
3,19,-1005
-25,1,-1003
-23,-31,-1001
-58,19,-1009
-46,60,-1009
-21,37,-1022
-23,40,-1028
5,-11,-1024
13,-9,-1030
-11,9,-1018
7,25,-1003
-5,46,-1013
-42,66,-1011
-19,21,-1013
-42,31,-1022
-23,-5,-1030
-9,-13,-1030
0,52,-1024
9,52,-1009
17,42,-1011
0,-1,-997
-21,-23,-991
-19,-5,-993
-56,9,-1011
-29,29,-1007
-56,78,-1007
-39,37,-1018
-35,13,-1026
-21,-15,-1015
9,-7,-1013
23,42,-1013
21,40,-999
-3,7,-1009
0,9,-1009
-44,-5,-1026
-46,40,-1009
-31,27,-1009
-29,33,-1036
1,31,-1020
-13,11,-1032
11,17,-1020
0,-19,-1024
5,-25,-1007
-1,37,-1001
-39,48,-1015
-19,29,-1001
-33,25,-1015
-23,13,-1009
0,11,-1028
0,54,-1028
0,39,-1022
9,35,-1013
13,-11,-1016
-7,-3,-1013
9,15,-1015
-25,46,-1015
-25,13,-1018
-29,29,-1022
-35,25,-1013
-31,42,-1011
-5,46,-1001
-7,5,-1011
7,23,-1015
0,27,-1007
-3,13,-1009
-5,29,-1013
-17,15,-991
-29,33,-1009
-19,31,-1022
-29,23,-1030
-17,35,-1028
-23,35,-1020
15,37,-1032
-13,29,-1022
0,15,-1003
-7,7,-1005
-48,29,-1003
-25,-21,-1003
-48,25,-1003
-39,35,-999
-40,39,-999
-31,70,-1001
-40,-3,-1007
-31,-9,-1016
-11,13,-1024
-25,27,-1028
21,60,-1018
0,52,-1007
11,15,-1015
-1,25,-1011
-21,-17,-1016
-25,-3,-1005
-27,23,-1003
-7,40,-1020
-44,62,-1022
-7,-5,-1016
-7,-23,-1007
-29,-19,-1018
11,3,-1011
-15,58,-999
-29,58,-999
-11,-1,-1022
-48,5,-1040
-42,-5,-1026
-17,-5,-1028
7,52,-1038
21,44,-1015
33,39,-1022
39,15,-1007
7,-21,-1013
21,-7,-1001
-33,9,-999
-54,27,-1013
-46,40,-1007
-56,13,-1016
-54,23,-1018
-9,-15,-1013
1,11,-1030
15,23,-1026
19,44,-1007
3,40,-1015
-13,33,-999
-7,17,-995
-46,23,-999
-37,17,-1003
-21,23,-1028
-21,40,-1026
-17,9,-1022
-7,15,-1030
3,9,-1026
-13,7,-1022
-3,15,-1005
-21,17,-1015
-33,21,-1013
-31,29,-1011
-39,60,-1013
-21,52,-1015
-31,44,-1013
3,25,-1003
11,15,-1009
7,21,-1003
13,15,-1005
11,23,-999
-31,5,-1003
-17,-13,-1016
-33,11,-1024
-29,19,-1003
-3,46,-1018
-13,95,-1013
9,25,-999
-1,-11,-1013
-1,-11,-1022
-29,-5,-1016
-35,35,-1024
-9,56,-1034
-17,66,-1034
-5,40,-1007
0,-5,-1016
-25,-7,-1022
-33,-3,-1001
-39,13,-1020
-11,85,-1028
-23,37,-1034
-13,15,-1018
11,-17,-1013
-1,-31,-1018
-9,25,-999
-31,40,-991
-23,80,-997
-37,44,-1001
-29,-3,-995
-21,-13,-1001
-29,-23,-1001
15,3,-1001
-15,58,-1020
-7,60,-1003
-21,39,-1020
-13,11,-1005
-11,-15,-1001
-19,-3,-1009
-29,17,-1032
-19,23,-1022
-15,70,-1028
-11,58,-1024
-19,3,-1026
7,-13,-1024
-7,-11,-1005
-13,25,-1013
-11,46,-997
-27,37,-1015
-50,39,-1026
-27,-7,-1020
-42,1,-1034
-37,5,-1030
-11,23,-1020
-25,70,-1015
9,50,-1011
9,25,-1032
3,0,-1007
11,-11,-997
11,23,-995
-23,70,-1009
-15,46,-987
-29,1,-999
-50,-17,-1009
-39,-39,-1003
-25,-17,-1015
-23,44,-1022
-1,46,-1026
0,54,-1030
11,9,-1042
1,-7,-1022
-9,13,-1016
-23,52,-1007
-21,91,-1007
-35,76,-1005
-19,13,-1022
-19,-5,-1018
-1,-15,-1015
0,-7,-1013
7,15,-1016
1,7,-1007
-19,13,-997
-17,23,-1003
-29,3,-1007
-56,11,-1011
-29,3,-1016
-35,54,-1020
-23,58,-1015
11,40,-1009
9,37,-1028
17,-3,-1020
9,-42,-1013
-3,-9,-1005
-33,3,-1009
-13,46,-1007
-25,64,-1009
-33,15,-1034
-15,-5,-1032
-19,-3,-1036
-21,33,-1022
5,48,-1007
-19,56,-1005
-1,39,-1009
-1,19,-999
-17,-3,-1013
-23,11,-1015
-5,13,-1003
-27,40,-1011
9,60,-1013
-11,39,-1007
-19,17,-1015
-13,-13,-1020
-27,-19,-1034
-27,35,-1024
-17,54,-1022
-1,68,-1018
-15,58,-1020
-17,1,-1013
-19,-1,-1018
-3,11,-1015
11,44,-1003
7,89,-1007
1,50,-1015
-27,-5,-1005
-27,-35,-1005
-46,-29,-1016
-48,0,-1022
-31,37,-1020
-42,39,-1032
-11,31,-1028
13,-1,-1011
11,9,-1028
-19,9,-1028
1,-19,-1016
-29,39,-1003
-11,64,-999
-5,62,-989
-15,13,-999
-1,-5,-1016
-17,-48,-1011
-17,13,-1005
-15,13,-1011
-17,58,-999
-5,46,-1005
-17,13,-1007
-13,-5,-1015
-9,-23,-1028
-17,19,-1024
15,64,-999
-1,81,-1013
0,44,-1005
-3,19,-1011
-17,-37,-1015
-15,-31,-1020
-5,3,-1020
-19,64,-1016
-25,81,-1018
-33,31,-1022
-33,-5,-1016
-33,-27,-1026
-25,0,-1034
-25,40,-1032
-27,54,-1020
-1,19,-1028
13,21,-1005
11,5,-1001
11,9,-1005
11,5,-999
-29,-3,-1007
-44,21,-1005
-52,35,-983
-44,35,-987
-39,31,-1005
-5,5,-1009
-9,17,-1024
-7,9,-1030
9,31,-1024
3,58,-997
-7,46,-993
-5,39,-1001
-21,54,-1007
-21,11,-1005
-7,0,-1028
-19,11,-1038
0,29,-1028
-17,46,-1030
-19,37,-1016
-46,-5,-1013
-25,-21,-1005
-21,-5,-1026
-11,33,-1026
-1,68,-1024
-23,72,-1030
-11,50,-1028
0,-3,-1015
-9,1,-1013
5,7,-1013
15,31,-997
13,25,-1005
25,15,-991
-9,-39,-1001
-17,-15,-1001
-44,-13,-1015
-56,19,-1003
-33,60,-1007
-29,60,-1005
-15,44,-1009
17,-19,-1005
-9,-19,-1032
-17,13,-1024
-5,15,-1024
-19,68,-1016
-13,62,-1013
-11,1,-1013
-15,-23,-1018
-37,-31,-1030
-33,-3,-1015
-44,64,-1022
-37,70,-1024
-11,68,-1026
-11,23,-1018
-1,-21,-1013
-1,-23,-1003
-21,-19,-995
-23,39,-999
-11,74,-1003
-31,76,-995
-19,25,-1001
-21,-27,-1007
-7,-48,-1007
5,-1,-1009
-13,39,-1003
-17,74,-1005
-13,83,-1013
-39,29,-1022
-25,-21,-1009
-21,-27,-1018
-1,7,-1022
5,58,-1013
29,78,-1018
17,64,-1016
-9,7,-1024
-27,-23,-1013
-42,-9,-1024
-39,42,-1022
-11,39,-1013
-27,64,-1032
0,23,-1026
-21,-7,-1020
-21,-15,-1028
-33,5,-1015
-15,46,-1028
-5,85,-1009
5,50,-1022
7,15,-1013
13,-21,-1009
0,-9,-1003
-17,46,-1013
-9,60,-995
-23,35,-993
-35,17,-999
-25,-29,-1009
-44,-15,-1015
-33,-1,-1022
-21,13,-1015
-7,62,-1020
-7,64,-1026
3,31,-1015
-11,9,-1013
-3,-25,-1022
0,3,-1024
-5,42,-1011
-19,42,-1020
-5,50,-1015
-21,9,-1038
-19,-11,-1013
0,-31,-1016
-17,-9,-1007
-3,25,-1001
-21,54,-995
-27,40,-999
-60,7,-1011
-37,-27,-1009
-52,9,-1022
-27,27,-1013
-17,37,-1007
-7,33,-1016
7,25,-1026
5,5,-1020
-25,3,-1015
-5,-27,-1016
-35,3,-1016
-23,66,-1005
-17,46,-997
-3,44,-1032
-5,-21,-1024
3,-7,-1009
-13,25,-1003
-11,37,-1007
-5,74,-1009
-35,42,-1007
-25,11,-1009
-21,-7,-1016
-29,-7,-1016
-3,42,-1009
15,89,-1001
-7,60,-1016
7,23,-1007
-15,-15,-1022
-21,-5,-1018
-19,9,-1026
-5,44,-1038
0,78,-1018
7,60,-1020
0,46,-1016
-11,9,-1018
-40,-19,-1005
-37,-19,-1009
-48,31,-1011
-37,70,-1009
-23,50,-1015
-11,3,-1026
-15,-31,-1024
1,-3,-1030
-17,29,-1022
-37,56,-1016
-13,56,-1016
-13,27,-1016
7,19,-1013
21,19,-1016
-3,-25,-1020
-19,-29,-1009
-13,11,-997
-33,81,-987
-15,81,-985
-21,29,-989
-37,-44,-997
-29,-39,-1003
-44,-9,-1013
-31,46,-1015
-29,91,-1026
-17,68,-1022
-19,21,-1032
3,-31,-1034
19,-33,-1015
15,21,-1015
27,52,-1005
0,66,-1022
-25,56,-1020
-33,-19,-1024
-40,-7,-1024
-35,-5,-1009
-11,15,-1009
-29,68,-1007
-7,33,-1005
-39,17,-1013
-19,-9,-1009
-37,-29,-1020
-21,17,-1024
-17,46,-1020
-1,52,-1026
31,29,-1013
7,-7,-1015
21,-21,-995
-1,23,-1013
-7,66,-997
-35,66,-999
-23,9,-1013
-44,1,-1003
-33,0,-1003
-27,-1,-1024
3,31,-1018
-15,40,-1024
0,31,-1013
-5,33,-1013
-11,15,-1022
-21,0,-1007
-7,21,-1020
-25,31,-1007
-19,31,-1020
-25,48,-1015
-27,15,-1022
-19,15,-1022
-3,-5,-1026
-13,19,-1022
-21,33,-1016
0,19,-1020
-31,21,-1016
-9,15,-1005
-33,23,-1011
-23,50,-1015
-19,29,-1007
-7,11,-1011
-13,11,-1005
9,11,-999
19,27,-1005
-11,39,-995
0,-3,-987
-17,-5,-1015
-21,-7,-1005
-17,11,-1015
-11,40,-997
-23,25,-1022
-5,44,-1022
1,23,-1020
-19,5,-1026
-11,15,-1016
-35,25,-1011
-35,35,-1028
-21,31,-1024
-42,23,-1038
-7,9,-1020
-15,9,-1032
5,7,-1024
-17,9,-1015
7,31,-1020
-9,31,-1028
-3,35,-1016
-1,1,-1015
-19,3,-1020
1,19,-1005
-25,19,-999
-23,44,-993
-27,25,-999
-25,-1,-995
-40,-5,-1011
-11,-13,-1005
-5,27,-1013
-13,52,-1015
15,42,-1011
-19,31,-1022
-33,3,-1016
-5,9,-1018
-7,54,-1026
-23,50,-1022
-1,54,-1028
-1,25,-1026
-21,-1,-1015
-7,-3,-1013
-33,7,-1020
-31,29,-1011
-29,54,-1013
-42,29,-1011
-25,7,-1013
-25,-5,-1020
-21,3,-1013
-13,21,-1020
-7,66,-1020
-11,46,-1018
-13,29,-1003
5,-7,-1003
-25,-1,-1003
3,11,-999
-29,40,-1013
-35,42,-1011
-9,17,-997
-48,-3,-1015
1,9,-1005
-31,5,-1013
-3,17,-1015
-23,13,-1016
-33,-9,-1020
-15,21,-1026
-13,44,-1020
9,19,-1028
-3,44,-1032
21,39,-1026
-3,25,-1018
3,31,-1011
-33,9,-1013
-11,19,-1001
-21,3,-1007
-25,7,-1015
-9,21,-1020
-9,3,-1013
-3,3,-1018
-23,31,-1013
-17,0,-1005
-27,54,-1016
-25,52,-1015
-25,23,-1022
-3,21,-1020
3,3,-1026
9,19,-1013
15,13,-987
5,5,-1005
-27,11,-1001
-40,-17,-1009
-52,-3,-1018
-33,23,-1026
-42,29,-1024
-11,19,-1018
-21,31,-1030
-11,17,-1022
-15,37,-1018
-5,25,-1013
-15,17,-1016
-17,29,-1013
-23,42,-1011
1,17,-1022
-25,19,-1015
-7,-11,-995
-11,25,-1011
-27,50,-1005
-33,50,-997
-17,19,-1018
-37,5,-1022
-31,-3,-1013
-5,31,-1018
-13,46,-1024
11,66,-1005
5,50,-999
-9,25,-1005
-9,15,-1015
-37,-5,-1005
-27,17,-1015
-44,40,-1013
-13,42,-1005
-11,39,-1016
-9,7,-1020
-23,-9,-1032
-35,-15,-1018
-25,17,-1030
-21,60,-1018
-19,95,-1011
25,56,-1030
15,13,-1032
17,-33,-1020
-1,-37,-991
-11,17,-1009
-5,48,-997
-21,76,-993
-27,29,-1003
-27,-40,-1015
-17,-40,-1007
-50,3,-1009
-5,27,-1018
5,80,-1016
7,66,-1026
11,27,-1020
-1,-5,-1009
-13,-37,-1018
5,7,-1020
-21,50,-1015
-19,76,-1028
-7,56,-1020
-29,13,-1013
-33,-39,-1009
-9,-29,-1011
-21,5,-1016
-21,70,-1003
-15,93,-999
-25,39,-1020
-17,-1,-1016
-40,-21,-1018
-9,5,-1015
-37,37,-1018
-7,40,-1016
-5,52,-1011
3,29,-1009
13,-3,-1016
27,-5,-1003
-13,-5,-1005
-33,17,-997
-50,56,-999
-56,40,-1005
-46,52,-1005
-15,9,-1024
-15,5,-1028
3,11,-1026
9,0,-1016
1,33,-1011
1,39,-1005
-17,54,-1005
-31,5,-1007
-52,-11,-1022
-25,0,-1026
-23,42,-1024
-3,50,-1016
-7,60,-1034
15,21,-1018
-13,5,-1034
0,7,-1026
-15,21,-1013
1,21,-1013
-11,37,-1011
1,37,-1011
-33,44,-1005
-13,5,-1007
-23,15,-1005
-23,15,-1018
9,39,-1011
7,15,-1005
7,-1,-1011
-3,-17,-1001
-19,3,-1009
-42,35,-1009
-13,40,-1016
-33,58,-1016
1,39,-1018
3,15,-1022
-15,1,-1015
-3,-3,-1003
-7,19,-1009
-33,62,-1016
-33,31,-1026
-50,19,-1024
-44,-9,-1024
-27,-21,-1016
-33,7,-1022
-19,17,-1015
-17,54,-1028
-11,42,-1022
-11,3,-1028
3,-9,-1016
0,-25,-1005
21,31,-997
1,54,-991
-35,33,-1007
-15,19,-991
-62,-23,-1016
-31,-9,-997
-27,39,-995
-17,42,-1003
31,35,-1013
0,19,-1026
9,-25,-1005
0,9,-1022
-21,50,-1011
-15,44,-1015
-7,81,-1030
-19,39,-1034
-1,7,-1022
7,-5,-1028
-11,9,-1024
9,62,-1011
-19,62,-1013
-42,58,-1013
-11,9,-1013
-46,-35,-1005
-25,-5,-1015
-9,35,-1028
-17,70,-1011
0,60,-1011
-11,46,-1024
-17,-29,-1005
-11,-5,-1013
0,0,-1013
-25,35,-1005
3,48,-1003
-25,19,-1005
-17,21,-999
-39,7,-1013
-39,-5,-1011
-25,35,-1022
-31,13,-1005
-5,23,-1016
1,31,-1022
-3,-1,-1018
5,-5,-1015
-1,1,-1020
-33,0,-1022
-3,37,-1005
-37,25,-1018
-25,13,-1018
-27,13,-1028
-23,23,-1016
-21,25,-1026
17,44,-1022
-3,40,-1016
9,40,-1018
-7,21,-1020
-21,-5,-1005
-23,27,-1007
-9,23,-1013
-31,54,-1001
-1,40,-1015
-1,7,-1032
-11,0,-1022
0,7,-999
-21,-11,-1007
-19,40,-1009
-29,31,-999
-33,33,-1003
-31,17,-1032
-23,1,-1036
0,19,-1032
5,21,-1030
-1,39,-1036
7,29,-1020
7,13,-1015
0,29,-1013
-15,11,-1009
-25,-11,-1011
-29,5,-1016
-37,15,-1024
-23,40,-1016
-42,42,-1026
5,27,-1022
-13,19,-1020
7,9,-1015
0,7,-1028
-21,23,-1022
-21,35,-1011
-9,46,-1026
-37,56,-1036
11,5,-1016
-11,17,-1013
-11,31,-1013
7,31,-995
-27,17,-1009
-27,13,-1001
-29,5,-1018
-44,25,-1009
-5,15,-1024
-7,40,-1030
-21,33,-1015
1,-3,-1011
-13,17,-1015
-17,29,-999
-29,33,-1013
0,40,-1011
-29,17,-1038
-11,9,-1013
0,-1,-985
-17,19,-1009
-17,42,-993
-7,9,-997
-29,31,-1013
-39,0,-999
-27,-21,-993
-13,13,-1007
-13,21,-1013
-21,25,-1028
-13,44,-1024
-31,-3,-1026
-29,19,-1020
-11,13,-1003
-13,35,-1009
3,40,-1016
-1,25,-1011
-9,0,-1016
-7,0,-1015
-3,9,-1003
-23,39,-987
-11,44,-999
-37,35,-1005
-23,-15,-1007
-21,-5,-1011
-7,7,-1022
-13,52,-1022
-7,44,-1030
-27,25,-1028
-25,15,-1015
-11,5,-1013
0,25,-1024
13,50,-1016
23,46,-1015
0,39,-1015
-3,3,-1003
-52,1,-1013
-40,37,-997
-21,29,-1011
-31,42,-1022
0,13,-1018
-7,0,-1018
5,17,-1011
-3,19,-1011
-9,37,-1003
-25,42,-1009
-5,11,-1005
-44,23,-1013
-17,-1,-1013
-19,-11,-1022
-17,3,-1024
-11,40,-1026
1,50,-1022
-21,39,-1034
-11,-13,-1032
-7,-17,-1016
-21,-1,-1018
-9,27,-1011
-15,85,-1007
-25,68,-1005
-21,15,-1015
-25,-13,-1005
-25,-23,-999
-21,-5,-999
9,27,-989
1,31,-993
-9,17,-1020
7,5,-1007
-25,5,-1024
-17,15,-1009
0,15,-1011
-9,74,-1020
-13,52,-1005
-3,13,-1020
-13,5,-1015
-29,-13,-1018
-19,29,-1024
-31,54,-1028
-23,21,-1028
-31,13,-1022
-11,-1,-1005
-25,5,-1024
-21,27,-1015
-3,21,-1016
-9,17,-1018
-17,17,-1016
-15,9,-1016
-21,1,-1013
-11,7,-1009
-5,17,-1013
-3,46,-995
-19,31,-1003
-29,21,-1013
-27,35,-1005
-44,-1,-1015
-37,19,-1011
-27,19,-1011
-21,23,-1018
0,44,-1011
-11,9,-1018
-9,23,-1016
-15,25,-1003
-21,19,-1034
-23,44,-1024
-13,37,-1022
-3,37,-1016
-11,31,-1013
7,13,-1007
-17,40,-1016
-9,21,-1015
-13,5,-1007
-25,17,-1009
-25,5,-1015
-11,27,-1015
-15,33,-1007
-7,17,-1020
-1,9,-1024
-21,19,-1026
1,13,-1009
-25,35,-1024
-23,25,-1009
5,13,-1020
5,25,-1030
5,9,-1018
23,19,-1007
3,15,-1009
-11,17,-1007
-35,9,-1015
-23,-1,-1007
-44,7,-1020
-21,31,-1022
-9,13,-1018
9,31,-1028
7,11,-1024
17,15,-1018
-3,31,-1013
-9,29,-1007
-35,25,-1001
-27,42,-1013
-46,25,-1020
-25,11,-1015
-25,21,-1024
-13,19,-1028
-17,29,-1022
0,15,-1013
-13,17,-1011
-7,23,-1001
-29,15,-993
-31,23,-1003
-42,13,-1005
-29,3,-1007
-33,29,-1009
-33,31,-1009
-13,46,-1001
-21,27,-1013
-15,-5,-1005
-21,-9,-1001
-33,5,-1011
-27,15,-1018
-29,50,-1024
-29,42,-1022
-17,13,-1032
-25,13,-1018
-11,-29,-1018
-11,15,-1007
-23,50,-1009
-21,44,-1009
-9,27,-1016
-25,-7,-1016
1,-13,-1013
-9,31,-1005
-25,25,-1018
-13,50,-995
-48,19,-1003
-19,21,-1005
-17,31,-1024
1,7,-1026
11,17,-1034
13,40,-1026
13,35,-1007
9,54,-1009
-9,35,-1003
-35,3,-1007
-31,13,-1013
-42,5,-1015
-29,35,-1016
-9,33,-1020
-13,15,-1015
-1,1,-1020
-15,-1,-1020
-17,9,-1016
-17,56,-1034
-15,44,-1022
-21,46,-1018
-7,7,-1013
-15,-1,-1020
0,13,-1016
-9,23,-1007
9,44,-1003
-27,33,-1003
0,21,-991
-17,1,-997
-33,1,-997
-5,-5,-993
-37,31,-1015
-37,44,-1016
-15,21,-1011
-21,17,-1018
-7,-7,-1028
-15,9,-1040
-15,39,-1038
-7,44,-1028
-9,23,-1038
0,35,-1018
-3,21,-1026
-11,35,-1018
-15,3,-1007
-15,3,-1015
-37,13,-1005
-21,9,-1009
-23,40,-1011
-27,29,-1016
-11,-3,-1011
-1,7,-1009
-21,7,-1028
-11,19,-1013
-19,46,-1005
-21,39,-1005
5,29,-1020
3,13,-997
0,15,-997
13,35,-1001
-13,15,-999
-29,5,-1005
-29,27,-1007
-33,35,-1015
-23,44,-1013
-5,19,-1028
-1,-5,-1024
3,-3,-1024
11,9,-1013
-5,40,-1015
-35,54,-1009
-35,44,-1011
-37,15,-1007
-23,3,-1020
-17,-7,-1032
-11,46,-1028
-29,46,-1030
-23,19,-1038
-42,25,-1032
-29,9,-1016
-13,13,-1022
7,21,-1026
0,11,-1018
-39,44,-1013
-13,39,-1009
-64,40,-1011
-23,31,-989
-5,13,-1005
0,37,-1009
13,9,-989
-1,-7,-993
-21,-11,-997
-13,-25,-995
-42,5,-1001
-29,80,-1007
-9,72,-1005
-11,29,-1020
9,-13,-1007
3,-23,-1020
-21,37,-1013
-19,76,-1011
-17,101,-1026
-23,42,-1009
-11,-23,-1016
-23,-37,-1032
-11,3,-1020
-13,0,-1016
9,70,-999
-13,44,-1024
-21,19,-1016
-44,-13,-1022
-27,-27,-1030
-15,-5,-1022
13,23,-1005
19,42,-1005
5,52,-1016
1,31,-1009
-35,-7,-1028
-29,3,-1005
-40,-1,-1016
-37,33,-1007
-7,31,-1007
0,31,-1024
3,11,-1024
3,-13,-1018
-5,5,-1015
-17,50,-1005
-31,62,-1007
-35,50,-1016
-3,19,-1022
-9,-5,-1030
-11,37,-1020
-13,19,-1024
-21,50,-1018
-15,40,-1013
-21,35,-1015
9,31,-1015
0,-1,-1022
3,-9,-1011
-29,21,-1007
-37,31,-1005
-35,60,-997
-42,56,-1005
-23,21,-1009
-21,7,-1022
-3,-29,-1020
-9,-9,-1016
-5,25,-1003
-17,42,-1005
-23,66,-1020
-17,15,-1013
-37,-13,-1016
-1,-13,-1020
-17,3,-1009
3,31,-997
-1,46,-997
-5,21,-1005
-15,31,-999
-33,-15,-1020
-23,-25,-1007
-35,-17,-1024
-27,31,-1013
-19,62,-1007
-42,66,-1020
-11,3,-1024
-5,-15,-1022
-7,19,-1022
-1,35,-1013
0,44,-1011
0,5,-997
-11,3,-1003
-17,15,-999
-27,23,-1013
-9,35,-1015
-23,37,-1022
-21,9,-1015
-19,21,-1011
0,-3,-1015
-7,39,-999
-1,27,-1009
-33,33,-1015
-29,13,-1024
-46,19,-1026
-33,13,-1013
-33,33,-1032
5,31,-1026
-1,48,-1022
0,52,-1011
11,15,-1007
-7,5,-1015
-19,13,-1011
-23,25,-1013
-25,48,-1011
-27,46,-1016
-15,15,-1007
-35,7,-1015
-21,3,-1011
-13,29,-1015
-25,50,-1016
-17,27,-1007
-23,11,-1024
-29,13,-1018
0,11,-1026
-17,56,-1026
7,62,-1016
5,39,-1016
-11,35,-1015
-23,-5,-1015
-33,1,-1016
-50,0,-1024
-33,27,-1028
-11,35,-1024
-23,39,-1018
17,11,-1016
-23,-3,-1016
-15,-19,-1009
-7,21,-1009
-31,54,-1015
-1,46,-1007
-7,42,-1013
9,-13,-1009
3,-19,-1026
5,-3,-1013
-11,13,-999
-13,37,-1007
-21,15,-1011
-37,7,-1009
-48,19,-1015
-31,19,-1009
-29,15,-1018
-11,29,-1018
7,35,-1028
0,54,-1022
0,40,-1018
-17,-13,-1022
-23,11,-1015
-13,-7,-997
-21,27,-1005
0,40,-1009
3,7,-1013
-9,27,-1022
0,1,-1005
-25,0,-1005
-33,29,-1009
-35,40,-999
-39,54,-1011
-39,39,-1011
0,-15,-1026
-33,19,-1034
-19,15,-1016
-33,31,-1024
-13,52,-1018
-3,39,-1011
5,33,-1013
15,21,-1026
19,-9,-1011
-9,-13,-1005
-15,0,-999
-37,46,-999
-66,72,-1005
-39,31,-1022
-25,1,-1026
-1,-25,-1022
23,1,-1020
0,56,-1011
21,64,-991
-9,33,-999
-50,21,-1005
-25,-15,-1007
-42,7,-1016
-5,27,-1013
-5,21,-1032
31,50,-1011
15,15,-1024
0,17,-1024
1,-11,-1005
-21,3,-1018
-21,31,-1030
-42,46,-1026
-21,31,-1028
-33,31,-1030
-15,9,-1028
15,29,-1018
-1,33,-1022
17,33,-1001
-7,-3,-995
-11,-15,-987
-3,-13,-987
-23,25,-1007
-5,44,-1022
-11,15,-1032
-3,35,-1028
-13,0,-993
-19,19,-997
-11,19,-1003
-31,7,-997
-33,15,-1020
-13,5,-1015
-52,27,-1036
-33,66,-1013
-42,39,-1009
-29,37,-1026
-3,19,-1024
9,1,-1018
3,15,-1018
5,0,-1026
-11,19,-1022
-3,31,-1015
-11,35,-1018
-23,46,-1020
-3,11,-997
-5,19,-1001
-19,25,-1003
-13,44,-993
-39,31,-987
-68,9,-1009
-37,19,-1016
-46,9,-1015
-5,17,-1028
-1,35,-1018
3,21,-1016
21,39,-1024
15,27,-1026
13,42,-1015
-21,15,-1024
-15,29,-1013
-23,35,-1005
-9,21,-1009
0,7,-1018
-11,5,-1013
-11,5,-1009
-48,9,-1011
-31,44,-1007
-39,35,-995
-52,23,-1007
-21,-9,-1024
-44,3,-1042
-5,25,-1024
27,40,-1028
0,62,-1028
37,17,-1007
11,-5,-1011
1,3,-1013
-7,-19,-997
23,11,-985
-13,29,-997
-19,27,-1001
-33,19,-1005
-60,-11,-1024
-42,-25,-1020
-54,0,-1013
-35,39,-1009
-11,64,-1028
15,39,-1038
1,7,-1028
37,-5,-1028
-5,5,-1028
5,48,-1013
-31,80,-1013
-1,66,-1016
-39,44,-1028
-13,-9,-1011
9,-3,-1022
-11,9,-1020
9,33,-989
-19,46,-1009
-50,60,-1003
-42,-13,-1009
-66,29,-1001
-39,27,-1001
-21,23,-1009
-7,74,-1018
9,39,-1015
-13,27,-1018
0,23,-1022
-25,3,-1020
-19,17,-1009
9,25,-1001
-21,27,-1016
-15,13,-1001
-15,-5,-1022
-44,17,-1022
-33,-1,-1011
-21,9,-1015
-13,42,-1011
-15,23,-1005
-19,5,-993
-19,-1,-1011
-21,-1,-1013
-35,29,-1020
11,66,-1015
-7,54,-1011
0,29,-1013
17,-5,-1005
-21,-3,-1032
-11,1,-1020
-7,15,-1011
-15,44,-1026
-3,62,-1011
19,1,-1011
-13,-3,-1015
17,-13,-1005
-11,3,-1003
-56,48,-1009
-17,44,-1016
-44,64,-1020
-33,56,-1011
9,-9,-1036
-7,-21,-1032
7,-17,-1009
-11,13,-1016
-5,107,-1016
-29,46,-1026
-5,33,-1032
-3,-7,-1016
-17,-7,-1020
13,11,-991
-29,15,-1009
-19,42,-995
-11,39,-987
-29,25,-991
-39,9,-1001
-39,-21,-993
-56,-13,-999
-39,15,-1007
-9,33,-1013
-19,56,-1028
9,33,-1034
15,17,-1048
-7,15,-1024
-1,5,-1015
19,29,-1005
-23,50,-1016
21,56,-997
-21,35,-1018
-19,19,-1020
-17,-23,-1015
-62,5,-1015
-21,15,-1015
-31,37,-1026
-31,76,-1011
0,35,-1013
15,21,-1032
-3,15,-1024
5,7,-1024
-9,72,-1016
-25,76,-1022
-7,27,-1013
1,13,-1016
-3,-5,-1007
17,1,-1007
3,0,-1005
-7,9,-1013
-21,50,-1001
-44,23,-1007
-44,35,-1007
-39,-15,-1007
-58,-25,-1015
-27,19,-1020
-35,31,-1028
-19,70,-1018
40,50,-1015
-3,13,-1032
15,3,-1009
-13,-15,-991
-29,-15,-993
-11,7,-987
-21,25,-1007
-21,50,-1016
-19,11,-1036
-37,3,-1042
-33,-19,-1024
-5,-11,-1022
-7,33,-1005
-9,50,-1005
-27,64,-1005
-31,58,-1013
-64,-9,-1032
-25,11,-1018
7,31,-1024
21,76,-1024
48,66,-997
29,35,-997
3,0,-991
21,-46,-995
-19,5,-1005
-44,37,-1028
-23,35,-1030
-46,87,-1030
-44,33,-1018
-29,-29,-1001
-29,7,-1007
-56,5,-1026
-25,31,-1020
-1,70,-1013
-9,37,-1036
9,17,-1013
21,-21,-1015
-21,7,-1034
-5,11,-1007
-33,40,-1005
-17,74,-995
-27,25,-1015
-17,-33,-1009
-21,-19,-1028
-25,-9,-1020
-11,15,-1005
-33,70,-999
-21,46,-985
-44,33,-989
-39,7,-985
-40,-25,-1011
-15,15,-1013
-9,25,-1011
19,76,-1026
-5,58,-1024
1,25,-1022
-3,23,-1016
-11,3,-1013
-5,5,-1020
-1,42,-1015
-15,62,-1026
0,54,-1009
-5,37,-1005
-13,-9,-1005
-21,-11,-995
-27,-5,-1020
-19,23,-1020
-31,50,-1032
0,13,-1013
-15,15,-1024
7,3,-1016
-21,7,-1011
-5,19,-1022
-31,27,-1018
-15,21,-1013
-5,29,-1003
13,11,-1011
3,13,-1011
5,3,-999
-1,0,-993
-46,33,-993
-40,19,-987
-52,1,-1009
-40,-5,-1032
-48,-19,-1024
-3,13,-1020
-44,44,-1038
11,50,-1016
1,58,-1026
0,42,-1026
3,5,-1026
7,15,-1016
-23,3,-1011
-21,39,-1003
-44,64,-999
-50,46,-1020
-7,40,-1015
-11,9,-1028
19,-1,-1009
0,-9,-1007
11,23,-997
-25,33,-995
-40,52,-993
-44,39,-1018
-40,31,-1024
-17,25,-1022
3,9,-1024
-9,17,-1005
17,-3,-1013
-3,58,-1007
-19,52,-1022
-19,21,-1016
-17,9,-1034
-5,-21,-1026
-11,33,-1028
-39,39,-1038
-29,52,-1018
-44,13,-1020
-23,0,-1009
-35,15,-1016
1,11,-1009
-9,13,-997
1,15,-1011
-25,21,-1007
-21,29,-1003
-44,37,-1018
-21,11,-1007
-17,13,-999
-9,5,-1024
17,11,-1015
-37,42,-1020
-7,39,-1020
-21,44,-1034
0,39,-1018
3,17,-1011
-9,25,-987
1,21,-1001
-19,-1,-987
-21,21,-993
-17,35,-1011
-31,64,-1016
0,46,-1013
-11,-3,-1022
13,-3,-1018
-15,-5,-1028
7,5,-1028
-11,62,-1028
-25,50,-1030
-17,25,-1022
-23,11,-1016
-15,-21,-1011
-9,5,-1007
-5,7,-1009
3,19,-1015
1,19,-1007
-35,-1,-997
-37,-1,-997
-48,-1,-999
-62,-7,-1013
-33,-13,-1024
-29,21,-1013
-5,21,-1042
-1,64,-1030
37,40,-1020
7,48,-1026
5,15,-1007
-11,15,-999
0,25,-1005
-33,25,-1005
-3,5,-1003
-58,29,-1020
-35,9,-1005
-21,21,-1013
-35,50,-1028
-5,21,-1015
0,42,-1024
-11,25,-1016
-1,9,-1030
-1,46,-1026
-17,42,-1030
0,44,-1030
-21,60,-1034
-9,37,-1009
-11,15,-1009
1,15,-1005
0,0,-1013
3,31,-991
-31,17,-999
-44,25,-1016
-33,15,-1016
-40,13,-1022
-25,1,-1030
-5,3,-1032
-17,7,-1022
-11,31,-1015
1,29,-1026
-7,46,-1028
-1,40,-1024
0,17,-1016
-17,13,-1007
-19,-17,-999
-9,-13,-995
-21,31,-997
-37,39,-993
-37,13,-1007
-37,7,-1022
-44,-31,-1020
-29,-7,-1013
-15,21,-1026
-13,46,-1020
15,72,-1003
0,58,-1018
1,11,-1028
-1,-5,-1013
1,-19,-1020
-11,29,-1018
5,52,-989
-23,39,-1003
-13,7,-1007
-19,-21,-1009
-15,-25,-1018
-23,17,-1009
-5,31,-1022
-29,74,-1015
-5,29,-1001
-11,3,-1013
-21,-9,-1018
-17,-1,-1013
3,33,-1020
-19,66,-1028
-19,39,-1026
-35,15,-1020
-33,-7,-1022
-11,-15,-1009
-11,25,-1016
-3,40,-1001
3,29,-1018
-11,35,-1016
-44,9,-1009
-33,3,-1005
-37,25,-1005
-19,33,-1003
-9,54,-1009
-15,44,-1015
-1,0,-1005
-27,0,-1001
-21,-17,-991
-33,13,-1013
-21,54,-999
-31,58,-1034
-11,60,-1024
-9,-15,-1024
5,13,-1013
0,11,-1026
5,52,-1016
-3,64,-1015
-11,37,-1016
-23,11,-1011
-15,11,-1015
-35,-11,-1009
-5,15,-1013
-27,40,-1013
-27,35,-1026
-17,31,-1015
-29,17,-1013
-23,19,-1018
-23,25,-1026
-11,21,-1024
-9,35,-1026
11,35,-1015
27,42,-1007
15,15,-1020
-5,-1,-1007
-13,-13,-1003
-48,31,-997
-44,25,-993
-33,25,-1001
-29,40,-1015
-21,5,-1011
-31,15,-1009
-25,-5,-1005
-46,-13,-1011
-27,11,-1007
-35,9,-1026
-9,50,-1036
9,39,-1034
13,7,-1030
5,-1,-1016
-5,-5,-1018
5,40,-1005
-21,87,-1009
-25,44,-1020
-11,5,-1016
-13,-7,-1018
-5,-27,-999
-1,9,-995
-11,39,-997
-40,46,-1005
-48,50,-1009
-40,15,-1020
-29,7,-1016
-9,13,-1024
3,25,-1022
19,68,-1032
9,42,-1026
-9,54,-1022
-1,27,-1020
-3,-1,-1005
13,-7,-1016
-11,29,-1015
-7,29,-1005
-31,17,-1016
-40,21,-1022
-37,-15,-1034
-46,46,-1028
-35,33,-1022
-17,29,-1020
3,17,-1001
15,-21,-997
-7,5,-1007
-11,21,-1022
-37,39,-1015
-15,56,-1020
-1,3,-1005
-7,0,-1013
-11,-3,-1005
-17,-13,-1018
-23,13,-1018
-50,31,-1024
-39,40,-1022
-21,40,-1028
-1,13,-1013
-1,9,-1013
-3,31,-1007
-7,0,-1013
-21,27,-995
-23,33,-999
-35,70,-997
-11,33,-1015
-19,15,-1024
-15,-15,-1024
-9,5,-1024
1,7,-1026
-3,54,-1024
-1,46,-1018
-13,52,-1007
-21,40,-1009
11,-3,-1016
5,-5,-1007
1,1,-1007
0,25,-1003
-17,68,-995
-19,60,-989
-23,9,-991
-44,-3,-1011
-46,-46,-1016
-33,-35,-1028
-33,29,-1022
-1,46,-1022
7,54,-1026
11,13,-1026
5,-3,-1028
-11,-13,-1022
-11,0,-1015
-31,25,-1007
-31,46,-995
-7,13,-1005
-27,31,-1030
-13,3,-1022
-31,-29,-1022
-19,-5,-1007
-15,29,-1009
-19,70,-1005
-7,70,-999
-9,15,-1020
-15,-13,-1026
-33,-27,-1020
-17,15,-1038
-21,93,-1018
3,72,-1022
9,52,-1018
11,-5,-1013
15,-29,-1009
-1,21,-1007
-17,21,-999
-29,39,-999
-25,58,-1003
-33,40,-1028
-27,11,-1018
-42,-17,-1020
-13,-21,-1022
5,23,-1026
15,58,-1011
19,74,-1007
11,40,-1007
3,-29,-1009
-31,-29,-1024
-23,3,-1003
-44,48,-1011
-56,87,-1015
-21,52,-1016
-37,-9,-1028
-19,-17,-1026
0,-29,-1030
-31,7,-1030
5,35,-1005
-11,40,-1005
-17,64,-1001
1,31,-1003
-13,7,-1011
-11,-1,-1005
-27,0,-1013
-11,35,-1005
-15,60,-993
0,39,-1011
-1,21,-1009
0,-21,-1009
-15,-39,-1009
0,11,-1005
-29,54,-1005
-25,74,-993
-17,62,-1005
-23,25,-1028
-23,11,-1026
-3,-3,-1024
-1,19,-1036
11,50,-1022
-11,60,-1022
0,35,-1018
-19,9,-1015
-15,-39,-1018
-33,-21,-1015
-33,11,-1018
-35,37,-1009
-35,66,-1005
-15,31,-1018
-17,17,-1026
-5,-15,-1022
-1,-1,-1026
0,50,-1011
0,40,-1001
-11,31,-999
-39,15,-1005
-37,-31,-1003
-56,7,-1003
-25,27,-1007
-31,50,-1030
-5,68,-1015
5,35,-1009
13,7,-1011
7,-3,-1011
-7,7,-1009
0,31,-1007
-23,54,-1015
-7,40,-1018
-29,39,-1018
-21,-13,-1005
-11,-21,-1016
-17,21,-1016
-5,60,-1015
-13,64,-1016
-25,42,-1032
-7,-11,-1020
-29,-5,-1030
-15,29,-1018
-13,40,-1032
11,54,-1015
-3,23,-1020
0,21,-1022
-3,-9,-1005
-1,0,-1007
-15,29,-1015
-17,29,-1001
-23,29,-997
-13,15,-1011
-21,3,-1001
-44,9,-1003
-25,5,-1009
-48,5,-1030
-25,37,-1015
-27,9,-1022
-13,21,-1018
19,5,-1018
0,3,-1018
0,17,-1022
-1,29,-1018
-25,15,-1018
-31,37,-1015
5,9,-1015
-21,19,-1007
5,17,-1013
-5,-9,-1016
-21,1,-1007
-23,19,-1005
-25,35,-1018
-39,66,-1018
-5,19,-1026
-7,-1,-1030
-3,5,-1015
5,13,-1018
0,50,-1009
-17,60,-1018
11,25,-1028
-11,25,-1001
7,-3,-1007
-13,3,-1009
-13,17,-1005
-40,35,-1009
-21,46,-1013
-44,46,-1030
-3,13,-1028
-11,11,-1022
-7,-1,-1024
7,13,-1011
-17,17,-1015
-17,33,-997
-31,35,-1013
-33,19,-1009
-15,-1,-1022
-13,15,-1032
0,7,-1001
0,15,-1013
-21,31,-1003
-21,-7,-1001
-25,21,-1011
-35,31,-1022
-23,13,-1032
-21,9,-1018
-13,3,-1005
-5,21,-1015
-11,58,-1001
-21,44,-1013
-27,37,-1003
-19,5,-1005
-25,-5,-1009
-7,9,-1011
-5,19,-1013
-11,40,-1020
0,29,-1024
-23,11,-1028
-21,40,-1018
-25,29,-1016
-7,21,-1015
-13,37,-1005
-3,17,-1007
-7,21,-1005
1,31,-1005
9,27,-997
-23,39,-1005
-25,35,-1005
-44,3,-1007
-29,15,-1022
-9,-9,-1015
11,0,-1028
23,21,-1034
15,17,-1032
1,27,-1016
-19,9,-1007
-29,-1,-1015
-31,19,-1013
-33,19,-1026
-23,27,-1020
-7,29,-1018
-5,0,-1011
-13,9,-1016
-19,-11,-1003
-25,-3,-1024
-21,40,-1013
-19,35,-1007
-1,37,-1003
-3,31,-1003
-15,-3,-1024
-19,33,-1028
-23,35,-1028
-27,25,-1032
-23,50,-1007
-15,17,-1003
13,7,-1007
0,13,-1003
19,15,-999
9,40,-1005
-17,39,-1011
-25,37,-1003
-40,42,-1005
-44,25,-1013
-29,11,-1020
-23,11,-1016
5,0,-1028
17,23,-1038
19,25,-1038
17,35,-1013
0,29,-1013
-17,9,-999
-21,-3,-1001
-25,13,-1009
-31,31,-1015
-27,52,-1032
-19,37,-1030
-33,15,-1028
-25,-15,-1030
-9,-29,-1034
-23,-13,-1020
-23,31,-1003
5,64,-1011
-13,74,-1020
-5,29,-1015
-1,-29,-1016
-33,-7,-1015
-15,9,-991
-35,64,-991
-5,66,-991
-7,0,-1013
0,-27,-1018
0,-21,-1024
-3,0,-1007
-5,46,-1005
-25,91,-1001
-44,66,-1015
-46,29,-1020
-44,-5,-1030
-21,-5,-1038
3,7,-1018
11,64,-1026
5,89,-1042
-11,42,-1026
-9,-9,-1015
-19,-29,-1016
-19,-11,-1024
-13,54,-1003
-13,62,-997
-25,35,-1015
-27,19,-1016
-27,-15,-1013
-31,13,-1013
-15,33,-1026
-15,56,-1009
17,31,-1005
-7,5,-997
-9,-29,-999
-33,0,-1005
-13,31,-1013
-37,54,-1020
-35,56,-1015
-25,11,-1003
-13,1,-1013
-1,5,-1013
21,21,-1013
9,50,-1038
1,35,-1024
-21,29,-1005
-48,21,-1005
-50,-9,-1005
-37,7,-1016
-29,19,-1018
-9,46,-1028
-3,46,-1026
7,5,-1016
7,-13,-1022
-7,11,-1011
-17,19,-1026
-37,39,-1018
-37,21,-1016
-5,5,-1016
-7,21,-1015
3,11,-1016
-5,35,-1022
0,19,-1005
-15,13,-1001
-17,23,-1009
-11,25,-1003
-11,-7,-1015
-25,-9,-1009
-35,-3,-1009
-31,23,-1007
-31,46,-1016
-15,23,-1018
-1,19,-1028
-3,19,-1020
3,-3,-1018
-11,27,-1016
-5,31,-1016
-3,48,-1011
-29,60,-1022
-35,25,-1034
-37,11,-1022
-31,9,-1015
-21,15,-1011
0,50,-1003
1,46,-995
-5,27,-1015
-21,23,-1007
-35,-3,-1016
-42,9,-1003
-46,9,-1015
-39,46,-1024
-15,46,-1005
-3,33,-1011
9,1,-1022
9,-3,-1005
11,-5,-1005
5,19,-1005
1,39,-997
-31,29,-987
-44,39,-1013
-31,9,-1007
-42,1,-1024
-5,23,-1020
11,15,-1024
3,37,-1011
0,13,-1013
-7,13,-1015
-29,-11,-1022
-25,-3,-1028
-17,15,-1018
-17,54,-1018
25,50,-1003
11,23,-1020
0,-9,-1013
-5,-27,-1009
-44,3,-1015
-40,13,-1011
-33,64,-1009
-37,44,-1026
7,9,-1018
3,-5,-1028
11,19,-1009
11,29,-1005
-13,68,-1001
-29,74,-1001
-37,44,-1001
-37,9,-997
-33,-19,-1015
-27,11,-1024
3,21,-1016
-21,74,-1044
-7,76,-1034
-9,25,-1016
-37,3,-1022
-3,-19,-1001
-11,15,-1007
-13,50,-1016
5,29,-1015
5,54,-1018
-25,19,-1003
-1,0,-997
-27,19,-995
-39,25,-999
-46,11,-1013
-42,25,-1015
-37,-21,-1020
9,5,-1038
7,35,-1030
13,44,-1024
3,33,-1022
-19,-9,-1011
-21,3,-1005
-3,17,-1007
-33,42,-1020
9,21,-1022
-5,23,-1030
3,-7,-1024
-1,-7,-1011
-1,0,-1013
-33,15,-999
-13,25,-995
-23,15,-1007
-35,23,-1011
-21,13,-1015
-33,11,-1024
-19,5,-1036
-19,35,-1034
-17,54,-1015
-11,44,-1009
25,23,-1003
11,5,-1005
19,-1,-1009
13,19,-1005
-29,39,-1013
-35,54,-997
-52,46,-999
-56,11,-1007
-40,1,-1009
-19,-7,-1024
-31,31,-1022
15,11,-1015
-7,31,-1018
5,31,-1005
-9,29,-995
-21,27,-997
-13,15,-999
-23,1,-1007
-33,60,-1009
-25,58,-1011
-44,40,-1024
-29,7,-1032
-11,-1,-1026
-21,9,-1024
3,35,-1022
-1,23,-1015
5,31,-1013
5,21,-1005
-13,25,-1005
-17,50,-1007
-23,31,-997
-35,37,-1005
-9,5,-1011
-19,5,-1009
-3,13,-997
11,7,-1009
0,13,-1022
0,-1,-1011
-19,5,-1026
-17,40,-1009
-11,39,-1015
-17,31,-1016
-9,17,-1015
-5,9,-1020
-1,35,-1028
-11,37,-1026
7,33,-1026
3,31,-1018
-15,11,-1022
-9,-19,-1024
-25,0,-1016
-37,0,-1005
-21,19,-1011
-7,25,-1015
-17,31,-1020
3,25,-1024
-11,11,-1018
1,-3,-1022
1,9,-1016
-15,40,-1009
-1,44,-1003
-17,44,-1001
-23,-7,-1015
-46,-17,-1009
-35,-9,-1022
-44,31,-1009
-27,56,-1005
9,54,-1005
-5,39,-1011
7,17,-1007
-3,0,-1011
-25,21,-1016
-15,31,-1005
-29,58,-1013
-19,66,-1013
0,35,-1020
0,15,-1018
-1,-9,-1005
-15,-7,-1005
-23,40,-1013
-44,60,-999
-27,42,-1001
-35,37,-1020
-35,-31,-1026
-11,-19,-1028
-7,23,-1024
0,54,-1011
-5,64,-1005
-13,35,-1005
-25,-21,-1032
-33,-7,-1018
-13,17,-1020
-21,39,-1022
0,70,-1005
9,9,-999
-11,9,-1005
-11,-40,-1005
-33,-9,-1007
-42,19,-1011
-15,27,-1007
-15,48,-1024
15,27,-1020
23,9,-1026
-1,0,-1015
0,5,-1005
-13,25,-1015
-35,80,-1003
-23,37,-1015
-27,19,-1028
-13,-21,-1028
-21,-29,-1026
-5,23,-1016
1,39,-1005
-7,56,-1005
17,40,-1009
-3,7,-1015
-21,-25,-1020
-39,0,-1011
-46,15,-1020
-37,70,-1013
-17,46,-1020
-15,39,-1018
3,5,-1007
3,-17,-1013
-1,-23,-1015
-9,0,-1005
-27,23,-1015
-33,83,-1011
-29,74,-1011
-33,5,-1024
-11,-17,-1024
-9,-21,-1022
3,19,-1005
7,60,-995
-7,56,-1005
-25,35,-1013
-11,-19,-1005
-33,-11,-1015
-44,15,-1011
-21,21,-1007
-25,80,-1020
-13,60,-1005
-13,17,-1016
1,19,-1013
-31,-3,-1032
-19,13,-1034
-7,39,-1020
-11,54,-1022
21,60,-1018
23,46,-1016
3,13,-1018
7,13,-1015
-33,7,-1005
-25,35,-997
-40,74,-991
-29,29,-1007
-25,-1,-1020
-17,-25,-1030
-23,-11,-1032
-9,21,-1022
-21,39,-1024
-13,54,-1024
-3,50,-1011
0,21,-1022
0,-5,-1020
27,-21,-1009
13,1,-1003
-3,44,-1005
-13,40,-1005
-56,31,-995
-37,13,-995
-46,-35,-1011
-37,-21,-1007
-31,15,-1009
-21,37,-1020
-7,72,-1026
-13,27,-1024
-19,23,-1022
-9,-9,-1011
-29,9,-1024
5,37,-1005
-15,40,-1009
1,21,-1016
-9,29,-1016
-7,5,-1018
-21,-11,-1016
-19,-7,-1011
-31,3,-1007
-23,39,-1007
-11,80,-991
-23,46,-1005
-37,7,-1018
-9,-17,-1032
-44,-1,-1020
-33,40,-1030
-3,42,-1015
-5,46,-1028
13,31,-1024
23,-13,-1028
25,-1,-1007
21,0,-999
9,21,-997
-21,68,-1003
-21,56,-993
-48,23,-1015
-50,1,-1018
-33,-37,-1034
-21,13,-1026
13,23,-1020
0,76,-1011
15,56,-997
-15,15,-1007
1,-11,-1001
-35,-9,-1005
-7,9,-999
-27,72,-1011
-13,78,-1013
-23,35,-1020
-37,-13,-1040
-19,-33,-1038
-21,-21,-1034
1,31,-1022
9,40,-1024
1,74,-1020
19,42,-1015
-15,15,-1022
-11,-11,-1011
-19,-3,-1009
-33,64,-1005
-9,62,-979
-5,31,-1011
-15,9,-1005
0,-40,-995
1,-29,-1022
0,3,-1015
-25,39,-1013
-17,99,-1009
-31,56,-1009
-17,27,-1005
-13,-5,-1009
-23,0,-1026
-5,27,-1022
-23,64,-1028
-11,52,-1018
-3,21,-1018
-21,-11,-1016
-13,-29,-1003
-27,-3,-1013
-23,21,-995
-44,50,-1007
-13,50,-1005
-23,42,-1013
-25,27,-1018
-17,-15,-1009
-29,5,-1028
-13,37,-1009
-11,39,-1001
1,42,-1005
-19,19,-1007
-21,-11,-991
-46,-3,-999
-40,21,-1007
-35,40,-1011
-37,64,-1003
3,19,-999
-15,21,-1013
9,11,-1011
0,9,-1009
-11,21,-1020
3,29,-1018
-15,39,-1026
-37,64,-1016
1,3,-1018
-25,0,-1024
-5,0,-1005
-9,15,-1018
5,70,-1016
-11,54,-1009
-13,0,-1011
-19,-1,-1026
-29,-17,-1013
-21,19,-1020
-1,50,-1016
-11,35,-1036
0,23,-1011
-11,11,-1016
-1,9,-1024
-19,9,-1013
-3,21,-1013
-9,54,-1018
0,27,-1015
1,-7,-997
-7,-13,-1003
-35,-17,-1011
-27,7,-1013
-54,31,-1016
-42,31,-1028
-27,27,-1026
11,35,-1026
19,13,-1016
31,33,-1026
25,35,-1005
-3,35,-1011
-29,39,-1007
-50,0,-997
-56,15,-1015
-46,15,-1022
-33,29,-1030
-11,29,-1026
17,13,-1022
23,19,-1016
19,27,-1005
11,21,-1005
-31,27,-1015
-46,21,-1007
-48,15,-1011
-44,60,-1026
-21,31,-1015
-5,25,-1034
11,25,-1020
13,13,-1009
11,7,-999
-21,9,-999
-5,13,-1005
-44,9,-999
-33,40,-1005
-27,5,-1030
-29,11,-1028
-17,7,-1018
-5,46,-1018
0,39,-1009
-9,37,-1005
9,19,-1005
-13,7,-1003
-5,-5,-1005
-13,21,-1018
-21,31,-1013
-19,35,-1016
-25,35,-1005
-29,-7,-1016
-35,-11,-1016
-25,-9,-1011
-17,23,-1048
11,58,-1032
0,50,-1016
17,21,-1011
27,3,-1009
-13,3,-1007
-21,23,-999
-40,39,-1003
-58,27,-1005
-44,33,-1009
-21,11,-1011
-9,5,-1022
-17,-1,-1026
0,-9,-1030
-31,33,-1036
0,19,-1013
-11,54,-1013
-1,54,-1011
0,5,-1001
-3,-19,-1011
-13,0,-1003
-7,3,-1009
-21,66,-1005
-15,54,-999
-27,29,-999
-39,-15,-1005
-33,-37,-1003
-17,-1,-1011
-29,33,-1022
-11,44,-1013
-17,58,-1026
-23,40,-1036
1,21,-1026
1,-1,-1020
-17,19,-1016
-3,29,-1026
-11,64,-1022
-5,37,-1016
-15,25,-1020
3,-29,-1003
-17,-17,-1001
-7,0,-1007
-9,54,-995
-39,44,-1013
-13,27,-1001
-33,-1,-1024
-35,17,-1028
-11,13,-1018
-21,40,-1028
-3,35,-1026
-13,13,-1022
7,29,-1032
1,9,-1034
5,13,-1018
-21,15,-1013
1,23,-1011
-9,40,-1005
-33,54,-1007
-21,29,-1005
-44,11,-1026
-35,-3,-1005
-17,-7,-1015
1,50,-1022
13,56,-1013
27,19,-1007
9,19,-1013
-13,0,-995
-19,-15,-1001
-46,17,-989
-31,56,-995
-42,72,-1024
-48,37,-1036
-48,-7,-1044
-48,-7,-1030
-27,-7,-1024
-17,27,-1030
13,52,-1034
0,46,-1040
25,42,-1028
-9,25,-1022
5,-3,-1005
-17,0,-1007
-11,44,-1003
-21,74,-1005
-29,42,-1001
-15,-25,-997
-15,-37,-1009
-40,-23,-995
-33,1,-995
-19,52,-1003
-21,58,-1005
-33,40,-1018
13,31,-1013
-7,-9,-1022
-7,33,-1007
1,25,-1016
-44,58,-1030
-11,44,-1022
-29,3,-1020
-37,13,-1036
-5,-15,-1026
-9,5,-1022
-19,9,-1020
-7,27,-1015
-5,19,-999
-33,27,-1016
-13,19,-1015
-44,21,-1016
-40,-1,-1022
-19,7,-1028
7,44,-1020
11,37,-1016
40,21,-1007
5,0,-1018
1,-1,-1001
-29,13,-997
-19,35,-1001
-44,40,-1001
-17,60,-1005
-23,27,-1005
-19,19,-1011
5,9,-1001
-5,29,-1007
7,25,-1007
-13,44,-1013
-21,21,-1011
-29,13,-1016
-19,-11,-1011
-11,7,-1024
-19,62,-1020
3,66,-1022
5,56,-1030
-21,17,-1015
-25,-25,-1015
-48,-9,-1020
-54,31,-1018
-35,50,-1024
-7,64,-1036
-5,11,-1030
-15,-15,-1030
0,-19,-1018
-17,-1,-995
-13,50,-995
-15,56,-1005
-9,40,-999
-29,11,-1011
-1,-42,-1007
-25,-27,-1001
-21,7,-1005
-23,44,-1015
-23,74,-1009
-19,17,-1001
-3,0,-1007
17,-17,-1013
19,-7,-1001
33,58,-1009
-19,76,-1026
-21,29,-1015
-68,13,-1011
-50,-11,-1007
-40,25,-1013
-17,46,-1020
9,31,-1022
13,17,-1030
27,-3,-1020
11,17,-993
-21,23,-997
-31,11,-999
-52,25,-1011
-66,44,-1028
-33,17,-1036
-25,11,-1024
5,-1,-1020
23,17,-1034
9,31,-1013
-1,-17,-1011
-19,0,-1003
-21,-3,-995
-54,25,-1003
-35,37,-1018
-48,39,-1007
-25,31,-1032
-15,15,-1024
-9,9,-1013
-5,23,-1011
3,23,-1011
-5,40,-1009
0,27,-1009
15,27,-1007
-5,29,-1007
-7,68,-1020
-9,54,-997
-25,46,-1015
-19,31,-1009
-11,3,-1015
-31,35,-1018
-21,25,-1015
-17,11,-1020
0,35,-1018
-13,35,-1028
9,54,-1013
-17,54,-1009
-11,13,-1016
-31,3,-1009
-35,11,-999
-40,27,-1007
-40,44,-1015
-23,9,-1022
-25,3,-1024
3,-5,-1032
-21,-29,-1036
-11,19,-1026
-9,23,-1024
5,31,-1022
-21,29,-1016
11,1,-1007
-7,-1,-1016
-9,9,-991
-11,5,-1003
3,25,-1005
-42,35,-1005
-9,19,-993
-31,27,-1003
-33,-11,-1001
-33,-5,-999
-17,9,-1009
-21,35,-1020
11,66,-1016
5,42,-1015
7,31,-1028
1,19,-1028
-11,7,-1005
1,27,-1013
-13,64,-1013
5,42,-1003
-19,56,-1022
-15,1,-1018
-29,-21,-1001
-31,-13,-1013
3,17,-999
-21,72,-1011
-13,56,-1003
-17,1,-1018
-33,-23,-1036
-31,-19,-1016
-35,13,-1016
-19,70,-1026
-17,60,-1022
-9,42,-1016
17,-1,-1022
3,-33,-1018
17,-19,-1005
-11,31,-987
-11,66,-989
-37,87,-987
-68,7,-985
-60,-29,-1003
-52,-29,-1020
-39,-7,-1018
-11,44,-1016
13,68,-1018
15,42,-1028
5,35,-1005
-11,-7,-1015
-5,-19,-1026
-9,9,-1001
-15,87,-1007
-17,105,-1013
-17,56,-1020
-17,3,-1036
-33,-35,-1030
-21,-19,-1028
-29,35,-1022
25,72,-1009
5,64,-1028
17,15,-1016
-11,-42,-1022
-9,-33,-1028
-21,40,-1013
3,76,-1001
-11,95,-1009
-15,25,-1005
-13,-37,-1003
5,-39,-1016
-9,-13,-1013
7,21,-1005
-25,54,-1018
-11,64,-1011
-31,35,-1013
-42,0,-1001
-25,-23,-1005
-33,15,-1028
-19,37,-1032
-11,64,-1028
-15,70,-1028
-21,19,-1016
-13,-17,-1020
-25,-15,-1018
0,0,-1011
-15,35,-1013
-19,42,-1007
-27,33,-1005
-37,17,-1013
-39,-13,-1028
-35,0,-1036
-39,15,-1030
-9,15,-1030
7,37,-1015
7,29,-1013
9,23,-999
-3,15,-1016
-9,3,-1013
-46,11,-1011
-25,37,-991
-33,39,-997
-9,39,-1001
-17,3,-1003
-5,11,-1016
-9,27,-1026
1,25,-1016
-15,42,-1022
-3,54,-1013
3,35,-1015
-7,42,-1022
-7,15,-1011
-11,-5,-1020
-7,31,-1011
-25,42,-1013
-29,58,-1018
-23,35,-1011
-31,1,-1020
-31,-13,-1024
-13,-3,-1020
-25,25,-1024
-7,50,-1020
-23,29,-1018
-9,37,-1016
-21,13,-1007
-21,-11,-1011
-21,21,-1007
-3,27,-999
0,46,-993
0,25,-997
-5,-19,-997
-40,-19,-1007
-37,-13,-1007
-56,5,-1015
-39,37,-1016
-29,17,-1015
1,19,-1015
25,33,-1020
31,17,-1016
29,31,-1026
-11,35,-1022
-17,39,-1005
-37,50,-1005
-40,17,-1005
-17,29,-1028
-19,23,-1026
3,-5,-1030
-3,9,-1022
3,-1,-1005
-11,3,-997
-25,56,-1005
-35,33,-1001
-54,13,-1005
-21,-1,-1032
-13,19,-1040
1,37,-1028
-3,39,-1016
21,35,-1024
-17,25,-1009
-5,-25,-1007
-33,-21,-999
-29,-13,-1015
-23,9,-1011
-13,60,-1018
-27,39,-1022
-19,19,-1018
-29,-15,-1007
-35,-1,-999
0,23,-1007
0,50,-1013
0,29,-1007
-3,9,-1024
-27,1,-1015
-25,11,-1013
-15,37,-1015
-5,44,-1001
1,40,-1015
-1,27,-1003
-15,-3,-1009
-25,5,-1020
-29,25,-1024
-33,50,-1028
-31,89,-1028
1,56,-1007
5,33,-1016
11,17,-1005
21,15,-1003
5,23,-1001
-11,27,-1001
-21,25,-997
-54,37,-1009
-44,-5,-1005
-31,-13,-1016
-11,27,-1028
-7,-5,-1028
-7,35,-1022
-7,33,-1026
-11,9,-1026
-15,25,-997
-11,9,-1011
-13,21,-1015
-7,35,-1015
-5,25,-1011
1,31,-1015
-37,37,-1001
-9,1,-1005
-48,29,-1007
-44,-15,-1011
-25,-21,-987
-27,-1,-1026
0,19,-1028
7,37,-1026
-7,39,-1026
-9,31,-1028
-19,31,-1022
-27,9,-1009
-21,39,-1015
-11,66,-1018
-9,19,-1011
-1,21,-1005
-21,-13,-1013
-15,-5,-1001
-27,19,-997
1,35,-999
-21,50,-1015
-15,21,-1001
-29,-7,-1011
-21,1,-1030
-33,11,-1024
-23,27,-1020
-21,80,-1032
-5,35,-1028
0,13,-1011
11,-19,-1016
31,-25,-1009
21,25,-997
0,39,-1001
-19,42,-1003
-56,31,-999
-56,-1,-1005
-46,-13,-1020
-44,9,-1026
-15,31,-1020
0,37,-1032
11,35,-1018
19,21,-1005
-9,25,-1001
-9,11,-1013
-23,29,-1009
-21,35,-1003
9,33,-1009
-21,44,-1024
-7,9,-1016
-42,-5,-1030
-56,13,-1036
-48,-5,-1034
-37,15,-1024
1,39,-1016
11,27,-1020
19,42,-1030
-3,19,-1036
-3,15,-1024
-15,52,-1022
-23,48,-1009
-11,44,-993
-21,19,-997
-3,-21,-1001
-3,-21,-1007
13,-25,-1005
-13,9,-1018
-17,54,-1013
-21,50,-1011
-21,44,-1001
-29,7,-989
-21,-13,-1003
-17,5,-1007
-17,31,-1015
-5,54,-1030
-40,70,-1032
-27,29,-1032
-17,1,-1015
-21,0,-1018
-7,-9,-1028
-11,29,-1032
-3,17,-1016
-19,31,-1016
-15,35,-1016
-9,-5,-1016
-19,9,-1022
-25,1,-1007
-25,0,-1015
5,42,-1003
5,31,-989
1,21,-999
9,21,-1007
-50,5,-1013
-19,9,-983
-62,3,-991
-25,11,-1003
-29,48,-1015
-5,48,-1020
0,29,-1030
11,27,-1036
13,1,-1026
-15,31,-1020
-5,66,-1030
-21,80,-1022
-23,37,-1013
7,19,-1013
3,11,-1011
-11,37,-1009
-19,33,-1013
-39,25,-1015
-56,19,-1001
-50,-21,-1007
-35,44,-1020
-35,29,-1020
-21,31,-1018
7,27,-1032
-7,15,-1022
-15,29,-1024
17,56,-1005
-11,44,-1007
11,44,-993
5,-13,-985
-23,-5,-993
-23,-15,-997
-60,1,-1003
-52,27,-1013
-68,15,-1024
-33,-9,-1013
-37,3,-1020
11,-5,-1022
23,23,-1022
15,40,-1026
35,44,-1028
0,31,-1026
-33,11,-1003
-19,0,-1005
-42,35,-1020
-37,39,-1015
-7,13,-1028
1,25,-1032
17,-3,-1018
33,3,-1005
0,23,-991
-5,13,-1003
-33,25,-1001
-42,29,-993
-39,25,-1009
-40,40,-1016
-21,35,-1016
-5,13,-1018
-11,25,-1015
13,1,-1018
21,23,-1016
9,0,-1001
-3,-3,-1001
-13,-7,-1009
-29,9,-1001
-56,48,-1013
-33,39,-1018
-44,27,-1046
-11,21,-1030
5,3,-1009
-1,7,-1015
1,33,-997
-15,0,-1001
-25,31,-1022
-19,19,-1013
-25,11,-1018
-9,39,-1009
-23,21,-1016
0,15,-1007
-27,9,-1003
-23,-3,-1009
-40,33,-1030
-23,35,-1026
-23,50,-1034
-1,33,-1034
9,19,-1020
0,31,-1005
-13,54,-1005
-9,35,-991
-29,29,-1001
-54,40,-1011
-42,13,-997
-44,23,-1003
-21,11,-1018
-19,13,-1024
1,21,-1024
5,50,-1024
-5,40,-1032
5,58,-1024
-11,5,-997
-11,9,-997
-21,5,-987
-39,11,-1005
-19,46,-1026
0,13,-1020
-1,31,-1011
-7,5,-1001
-31,-11,-995
-46,-17,-983
-64,-19,-991
-48,5,-1016
-31,46,-1034
-19,33,-1042
-3,42,-1030
19,9,-1016
15,3,-1013
3,27,-995
-3,29,-997
-21,33,-1005
-19,11,-1011
-37,0,-1018
-9,1,-1018
-25,5,-1026
-11,0,-1020
-9,40,-1016
-15,40,-1005
-3,44,-1001
-9,17,-995
-23,11,-1001
0,17,-1018
-33,11,-1030
-3,15,-1038
-21,40,-1036
0,29,-1013
0,25,-1001
9,1,-1015
13,-9,-997
0,5,-1015
0,25,-1005
-7,56,-1005
-48,35,-1009
-44,15,-1003
-50,0,-1009
-44,11,-1018
-21,15,-1015
-21,33,-1028
3,39,-1020
3,3,-1011
-7,23,-1016
-7,15,-1009
0,29,-999
-13,40,-1005
-21,31,-1015
-25,31,-1011
-44,23,-1005
-19,-1,-1011
-33,25,-1016
-31,29,-1013
-17,44,-1026
-35,27,-1028
-19,9,-1015
-25,29,-1003
-31,29,-1003
-23,25,-1011
-23,35,-1015
1,21,-1020
11,9,-1022
13,0,-1005
9,-23,-1009
0,7,-1007
-11,27,-1005
-29,25,-1016
-27,40,-1005
-35,21,-1011
-27,35,-1015
-23,29,-1022
-13,5,-1015
-1,9,-1016
-3,13,-1009
1,17,-1013
-19,39,-1016
-17,-1,-1022
-27,-3,-1032
-19,7,-1028
-5,15,-1032
1,44,-1026
-7,19,-1022
-9,1,-1011
-25,5,-1020
-33,0,-1011
-35,21,-1020
-9,31,-1022
5,31,-1013
-9,23,-1016
-11,15,-1003
-9,15,-999
-29,42,-999
-29,27,-987
-29,27,-995
-25,31,-1020
3,5,-1020
11,33,-1009
15,37,-999
27,15,-999
-11,23,-1005
-25,17,-997
-48,19,-999
-35,23,-1001
-27,0,-1022
-23,13,-1024
-21,27,-1022
-9,40,-1026
-3,39,-1028
-13,21,-1020
-11,15,-1026
-15,25,-1018
11,21,-1016
-13,37,-1007
-25,19,-1009
-21,11,-1024
-31,19,-1032
-31,-1,-1016
-11,21,-1022
1,33,-1007
0,39,-1016
0,27,-1001
-11,7,-1003
-13,13,-1007
-23,31,-1018
-35,25,-1005
-33,54,-1030
-27,39,-1005
-9,0,-1013
-17,-5,-1026
9,0,-1022
7,44,-1020
0,76,-1024
-5,33,-1015
-33,3,-1013
-37,-9,-1015
-21,-13,-1007
-27,42,-1005
-11,70,-1011
0,50,-1015
-1,29,-1024
-9,-15,-1009
-7,-19,-1013
-19,15,-1013
-29,25,-1009
-33,54,-1013
-35,35,-1028
-33,9,-1032
-25,3,-1026
-25,-13,-1030
-13,29,-1026
3,46,-1028
3,35,-1022
11,44,-1018
5,5,-1009
7,-13,-1001
-7,9,-993
-15,0,-987
-37,21,-993
-64,23,-991
-35,-5,-997
-52,17,-1024
-27,-1,-1022
-7,19,-1024
7,27,-1022
23,5,-1024
27,39,-1020
29,33,-1011
5,23,-1003
-19,21,-1009
-33,19,-1009
-21,21,-1009
-33,46,-1026
-5,25,-1026
-7,40,-1036
-1,13,-1020
-7,-13,-1009
-40,7,-1016
-33,13,-1005
-31,29,-1005
-42,31,-1016
-21,21,-1015
-17,29,-1032
-13,29,-1032
-3,31,-1022
-5,48,-1024
0,40,-1005
-5,25,-1007
-11,15,-1011
-1,-7,-993
-13,-1,-1005
-21,23,-1001
-40,31,-989
-52,35,-995
-44,19,-999
-54,15,-1005
-33,29,-1016
-7,21,-1016
-5,42,-1018
9,46,-1026
11,15,-1026
-1,1,-1018
-5,5,-1003
-13,31,-1015
-19,60,-1018
-21,31,-1022
-15,3,-1016
-17,-5,-1028
-15,-3,-1030
-23,64,-1020
-29,46,-1022
-27,25,-1028
-11,1,-1016
-1,-11,-1005
3,21,-1013
-17,33,-1007
-11,27,-1003
-21,31,-1005
-19,15,-1009
-11,23,-1018
-5,29,-1016
-3,-13,-1024
-11,13,-1011
-11,11,-1015
-9,19,-1011
-11,50,-1016
-29,1,-1015
-33,-11,-1026
-31,13,-1018
-5,9,-1020
-1,68,-1028
-5,54,-1022
-11,0,-1024
-17,3,-1009
-25,-7,-1001
-11,25,-1005
-19,35,-1011
-13,-5,-987
-17,3,-1009
-17,9,-1003
-11,19,-1009
-21,46,-1011
-25,15,-1005
-21,19,-1013
-39,33,-1028
-11,19,-1018
-11,40,-1028
-21,13,-1020
-21,3,-1016
-25,37,-1022
-11,39,-1026
-11,40,-1015
-19,21,-1013
-15,5,-1011
-25,15,-1016
-21,35,-1016
-7,35,-1013
-13,46,-1018
-5,11,-1013
-1,5,-1015
-11,17,-1013
-5,0,-1015
-9,25,-1005
-25,21,-1005
-25,19,-1005
-33,39,-1015
-11,27,-1020
-9,13,-1022
0,23,-1015
3,3,-1011
-7,31,-1016
-17,44,-1003
-3,23,-1016
0,21,-1022
-11,0,-1016
-9,15,-1024
-7,39,-1016
-1,21,-1003
-13,27,-1005
-25,13,-995
-27,5,-1016
-42,31,-1013
-33,0,-1015
-9,5,-1026
-5,21,-1015
0,15,-1018
-7,50,-1018
-13,27,-1009
-13,1,-1016
-25,23,-1020
-25,5,-1020
-15,44,-1015
-7,44,-1020
-15,13,-1018
-15,11,-1016
-13,9,-1007
-15,31,-1007
-25,40,-1003
-33,9,-997
-25,1,-1015
-29,25,-1013
-21,23,-1009
-23,50,-1016
-13,29,-1011
5,1,-1018
-3,35,-1013
-1,29,-1007
-11,37,-1015
-21,29,-1011
-15,3,-1011
-21,33,-1028
-17,35,-1013
-17,33,-1013
-25,39,-1016
-17,5,-1005
-19,13,-1020
-25,42,-1020
-9,25,-1022
-15,46,-1015
-17,7,-1016
-9,-1,-1011
-19,31,-1018
-17,19,-1015
-21,25,-1013
-13,15,-1020
-3,-1,-1022
0,29,-1016
-11,33,-1024
-9,21,-1013
-23,25,-1015
-25,-1,-1005
-25,17,-1022
-19,27,-1016
-17,7,-1018
-19,25,-1015
-7,5,-1009
-13,13,-1015
-13,35,-1013
-19,19,-1007
-19,19,-1018
-13,23,-1024
-7,3,-1013
-5,31,-1015
1,27,-1011
-7,11,-1007
-13,15,-1015
-21,5,-1011
-25,25,-1026
-13,39,-1016
-11,15,-1016
-19,25,-1005
-19,21,-1003
-23,13,-1007
-21,35,-1018
-13,13,-1016
-21,25,-1022
-25,5,-1022
-15,-3,-1005
-25,35,-1013
-3,31,-1013
-5,13,-1016
-11,37,-1028
-9,9,-1015
-9,29,-1020
-15,35,-1024
-1,-1,-1016
-15,21,-1011
-17,13,-1015
-13,19,-1013
-17,42,-1018
-17,7,-1013
-13,25,-1018
-21,29,-1003
-15,9,-1003
-11,35,-1007
-7,23,-1018
-3,13,-1015
-15,39,-1022
-17,19,-1015
0,25,-1011
-1,19,-1005
-3,5,-1007
-27,23,-1011
-23,27,-1020
-13,31,-1013
-21,33,-1009
-1,0,-1007
-13,15,-1015
-25,19,-1016
-7,15,-1015
-19,35,-1018
-11,7,-1015
-13,15,-1013
-21,27,-1009
-11,7,-1020
-3,19,-1016
-25,19,-1020
-13,7,-1020
-25,35,-1013
-25,19,-1003
-33,9,-1001
-25,21,-1015
-19,7,-1007
-19,19,-1009
-23,33,-997
-21,5,-1016
-13,17,-1015
-17,9,-1013
-21,13,-1011
-15,33,-1011
0,17,-1013
-17,13,-1020
-11,19,-1020
-5,3,-1011
-19,39,-1013
-15,25,-1003
-21,23,-1018
-31,31,-1016
-13,17,-1013
-11,29,-1015
-9,29,-1009
-3,0,-1011
-15,31,-1013
-5,21,-1009
-5,15,-1018
-13,40,-1015
-7,9,-1009
-19,15,-1020
-5,25,-1009
-3,19,-1007
-1,40,-1015
-11,19,-1013
-15,17,-1015
-19,33,-1009
-11,5,-1016
-23,29,-1024
-19,33,-1009
-11,7,-1018
-17,33,-1018
-13,21,-1011
-11,9,-1018
-21,40,-1013
0,1,-1013
-9,15,-1018
-11,29,-1016
-21,15,-1015
-17,35,-1009
-17,9,-1005
-17,11,-1015
-23,27,-1011
-21,13,-1018
-21,37,-1013
-11,13,-1005
-21,3,-1022
-21,25,-1009
-13,17,-1009
-25,23,-1011
-21,29,-1013
-9,-1,-1007
-17,27,-1024
-19,25,-1015
-11,17,-1011
-19,31,-1013
-11,13,-1005
-17,11,-1016
-15,37,-1013
-5,11,-1013
-21,25,-1018
-15,25,-1013
-11,7,-1028
-21,31,-1020
-11,17,-1015
-17,11,-1026
-11,17,-1022
-17,0,-1020
-15,29,-1018
-15,31,-1011
-11,11,-1020
-11,25,-1005
-9,9,-1009
-1,27,-1016
-21,37,-1001
-9,15,-1005
-11,21,-1028
-11,23,-1015
-17,11,-1016
-11,31,-1013
-5,21,-1007
-17,17,-1007
-15,40,-1013
-3,3,-1005
-15,31,-1011
-25,23,-1009
-7,5,-1015
-11,27,-1013
-11,19,-1013
-1,19,-1018
-15,39,-1009
-7,1,-1016
-25,29,-1018
-29,21,-1016
-17,13,-1015
-23,40,-1016
-21,15,-1015
-13,17,-1011
-19,31,-1015
-9,15,-1005
-17,25,-1011
-13,21,-1001
-15,5,-1015
-19,33,-1009
-29,13,-1005
-11,15,-1013
-25,21,-1015
-15,-1,-1013
-19,25,-1013
-15,23,-1003
-15,13,-1009
-19,29,-1011
-17,9,-1005
-5,3,-1022
-21,35,-1016
-9,0,-1011
-15,29,-1016
-7,7,-1007
-13,3,-1022
-9,33,-1011
-7,11,-1005
-11,17,-1020
-19,23,-1005
-11,5,-1015
-21,40,-1016
-19,25,-1020
-11,9,-1015
-11,31,-1016
-13,5,-1015
-17,21,-1016
-23,39,-1005
-11,5,-1013
-9,25,-1020
-17,21,-1005
0,7,-1013
-15,39,-1011
-15,9,-1009
-11,13,-1015
-13,19,-1009
-13,3,-1015
-21,23,-1001
-11,23,-1015
-1,9,-1028
-23,27,-1015
-19,13,-1007
-19,29,-1016
-11,31,-1005
-3,5,-1009
-11,29,-1022
-11,25,-1013
-13,15,-1015
-21,44,-1018
-13,13,-1013
-13,15,-1011
-17,33,-1016
-17,5,-1007
-9,33,-1009
-15,25,-1011
-15,3,-1011
-23,35,-1020
-17,11,-1005
-9,11,-1024
-17,40,-1007
-17,3,-1013
-11,29,-1016
-15,19,-1007
-13,11,-1015
-17,37,-1020
-15,9,-1005
-15,19,-1022
-15,33,-1015
-7,11,-1009
-21,35,-1015
-15,27,-1009
-5,5,-1009
-21,31,-1020
-11,13,-1016
-17,29,-1015
-13,33,-1011
3,7,-1013
-15,33,-1015
-21,23,-1013
-19,11,-1015
-17,35,-1013
-17,5,-1007
-11,19,-1020
-17,29,-1016
-17,5,-1013
-25,42,-1020
-13,21,-1018
-7,7,-1015
-9,31,-1015
-15,9,-1015
-19,21,-1018
-17,25,-1005
-9,11,-1009
-17,35,-1024
-21,21,-1015
-19,17,-1011
-15,25,-1013
-5,5,-1018
-13,19,-1024
-15,35,-1016
-11,5,-1009
-19,21,-1015
-7,15,-1009
-17,11,-1015
-19,39,-1011
-7,9,-1011
-15,13,-1015
-13,27,-1005
-19,19,-1007
-21,33,-1011
-25,13,-1009
-11,5,-1026
-13,23,-1005
-7,5,-1005
-9,33,-1013
-21,40,-1009
-15,-3,-1016
-15,23,-1015
-13,13,-1007
-7,11,-1016
-11,40,-1009
-17,17,-1016
-21,29,-1018
-15,25,-1015
-13,-3,-1015
-21,39,-1020
-21,19,-1011
-25,17,-1018
-27,44,-1018
-11,13,-1005
-11,25,-1011
-15,39,-1011
-9,7,-1016
-21,35,-1024
-21,31,-1011
-3,17,-1016
-17,27,-1018
-11,-11,-1003
-11,21,-1020
-21,40,-1009
-5,13,-1015
-21,33,-1015
-9,13,-1011
-11,9,-1007
-23,29,-1005
-13,15,-1013
-19,33,-1013
-17,31,-1038
-5,7,-1015
-13,27,-1018
-5,17,-1009
-11,11,-1009
-17,31,-1022
-17,0,-1007
-5,23,-1016
-11,31,-1018
1,5,-1018
-17,25,-1015
-19,5,-1011
-15,21,-1013
-21,40,-1015
-19,13,-1013
-7,27,-1015
-7,17,-1011
-13,7,-1011
-21,35,-1011
-17,31,-1016
-15,19,-1022
-19,31,-1018
-11,3,-1018
-21,33,-1022
-23,40,-1001
-23,13,-1015
-17,31,-1009
-11,19,-1005
-3,9,-1016
-29,44,-1011
-13,11,-1015
-21,19,-1016
-21,31,-1011
-5,9,-1015
-17,37,-1018
-9,11,-1013
-21,13,-1015
-15,17,-1018
-11,13,-1011
-7,39,-1015
-5,27,-1011
-3,7,-1020
-19,31,-1016
-17,25,-1005
-17,29,-1011
-21,42,-1013
-21,13,-1005
-11,23,-1018
-19,21,-1018
-11,3,-1016
-15,31,-1016
-21,21,-1016
-7,1,-1016
-19,39,-1015
-11,11,-1009
-15,31,-1022
-17,29,-1016
-7,-1,-1020
-17,44,-1016
-9,19,-1016
-13,29,-1016
-21,25,-1005
-21,1,-1007
-11,23,-1013
-19,25,-1011
-17,19,-1013
-21,37,-1018
-9,7,-1015
-13,7,-1011
-17,31,-1024
-15,15,-1022
-17,29,-1018
-17,19,-1011
-3,9,-1016
-13,29,-1013
-23,19,-1007
-13,17,-1024
-9,29,-1011
-11,9,-1007
-13,29,-1018
-19,23,-1013
-9,9,-1013
-19,35,-1016
-9,7,-1007
-3,21,-1011
-15,39,-1020
-9,13,-1013
-19,19,-1003
-7,1,-1020
-21,31,-1013
-19,25,-1007
-5,15,-1016
-11,25,-1015
-13,1,-1011
-7,31,-1009
-19,35,-1013
-15,9,-1015
-11,27,-1018
-19,15,-1005
-3,21,-1016
-19,40,-1003
-11,1,-1015
-13,11,-1018
-13,25,-1011
-15,13,-1013
-9,35,-1013
-13,13,-1007
-7,9,-1007
-11,29,-1015
-17,13,-1013
-17,40,-1015
-7,33,-1013
-17,5,-1011
-15,19,-1009
-19,13,-1013
-19,25,-1007
-27,39,-1015
-17,0,-1013
-23,27,-1015
-11,27,-1011
-9,9,-1013
-21,37,-1007
-15,11,-1011
-15,13,-1020
-21,35,-1018
-11,9,-1022
-11,40,-1013
-21,21,-1016
-11,11,-1007
-19,39,-1013
-19,23,-1005
-15,23,-1018
-21,31,-1015
-5,3,-1015
-11,21,-1015
-11,29,-1011
-5,13,-1011
-13,37,-1020
-13,13,-1011
-1,19,-1018
-11,37,-1015
-11,13,-1015
-5,35,-1020
-17,11,-1013
-7,9,-1020
-19,35,-1018
-17,27,-1011
-21,25,-1015
-19,25,-1009
-5,3,-1011
-9,31,-1028
-1,19,-1016
-7,11,-1009
-15,29,-1007
3,7,-1001
-17,15,-1001
-9,31,-1018
-15,5,-1018
-9,19,-1013
-13,19,-1007
-19,19,-1011
-25,44,-1016
-13,15,-1007
-15,11,-1024
-25,23,-1024
-5,5,-1016
-21,27,-1015
-5,39,-1009
-5,9,-1018
-11,29,-1009
-15,11,-1015
-13,17,-1026
-17,37,-1011
-11,3,-1005
-15,29,-1007
-23,23,-1005
-11,15,-1011
-19,35,-1016
-17,9,-1015
-13,19,-1020
-27,31,-1013
-15,9,-1005
-17,39,-1011
-17,31,-1007
-7,3,-1013
-13,35,-1024
-5,15,-1005
-11,25,-1016
-19,35,-1016
-19,5,-1007
-21,25,-1016
-21,13,-1016
-23,21,-1015
-17,29,-1022
-23,17,-1005
-23,23,-1018
-29,35,-1011
-15,13,-1013
-5,37,-1015
-9,15,-1016
-7,9,-1022
-15,35,-1024
-15,19,-1009
-5,29,-1005
-29,25,-1013
-5,3,-1005
-33,23,-1020
-17,23,-1007
-17,19,-1007
-21,33,-1015
-5,1,-1016
-13,17,-1013
-23,29,-1016
-25,5,-1013
-27,23,-1015
-11,17,-1020
-9,7,-1018
-33,31,-1009
-9,7,-1005
-25,15,-1009
-21,27,-1007
-13,5,-1013
-11,31,-1013
-9,23,-1016
-9,17,-1015
-11,23,-1009
-7,3,-1003
-7,25,-1015
-19,35,-1007
0,19,-1013
-9,15,-1013
-17,5,-1015
-7,17,-1005
-13,39,-1011
-13,19,-1011
-5,13,-1013
-15,31,-1016
-3,-1,-1011
-11,33,-1022
-5,19,-1003
-7,19,-1016
-11,25,-1015
-9,-9,-1009
-15,25,-1020
-11,33,-1016
-17,3,-1020
-13,40,-1011
-11,13,-1011
-11,19,-1013
-17,29,-1018
-19,5,-1028
-15,15,-1022
-9,37,-1015
-11,19,-1009
-7,44,-1009
-13,19,-1009
-19,-1,-1007
-21,29,-1018
-7,9,-1011
-25,40,-1015
-17,31,-1011
-17,-3,-1005
-27,25,-1015
-21,9,-1011
-17,19,-1016
-29,35,-1005
-7,3,-1009
-11,19,-1009
-23,13,-1016
-7,3,-1015
-23,31,-1016
-7,21,-1009
-11,15,-1024
-15,37,-1020
0,19,-1018
-19,21,-1020
-9,13,-1009
-15,3,-1013
-21,29,-1016
-17,29,-1011
-15,25,-1015
-15,25,-1009
-1,3,-1007
-15,31,-1016
-19,25,-1015
-15,21,-1013
-7,31,-1015
-17,19,-1005
-15,11,-1015
-21,23,-1009
-3,15,-1011
-11,23,-1016
-7,27,-1011
-7,19,-1020
-11,33,-1018
-15,23,-1015
-15,19,-1020
-17,25,-1022
-11,19,-1007
-5,29,-1022
-21,21,-1016
-13,5,-1013
-13,23,-1020
-17,13,-1015
-7,15,-1007
-15,33,-1009
-19,17,-1005
-15,25,-1007
-15,25,-1013
-11,7,-1009
-21,31,-1020
-13,21,-1001
-21,15,-1018
-13,35,-1015
-15,23,-1015
-29,25,-1009
-25,25,-1005
-9,15,-1011
-23,25,-1016
-7,15,-1009
-17,27,-1018
-23,37,-1007
-3,5,-1009
-9,27,-1011
-25,29,-1011
-3,15,-1018
-15,35,-1020
-25,15,-1011
-17,11,-1020
-29,21,-1016
-21,19,-1013
-15,37,-1015
-23,15,-1009
-13,9,-1007
-23,31,-1016
-3,17,-1016
-17,13,-1022
-11,35,-1007
-11,11,-1011
-13,31,-1015
-13,25,-1015
0,13,-1007
-13,25,-1016
-3,5,-1005
-9,19,-1016
-9,35,-1009
-13,21,-1020
-25,23,-1020
-11,9,-1013
-5,7,-1013
-17,35,-1016
-1,23,-1016
-9,17,-1011
-9,29,-1009
-15,5,-1007
-17,29,-1020
-1,29,-1009
-9,9,-1003
-13,39,-1016
-7,15,-1013
-23,13,-1013
-21,39,-1015
-9,9,-1013
-25,19,-1009
-15,23,-1018
-17,21,-1005
-25,46,-1015
-23,23,-1015
-15,13,-1020
-19,27,-1005
-21,19,-1018
-29,31,-1018
-17,35,-1011
-17,11,-1020
-17,39,-1013
-19,19,-1005
1,23,-1013
13,62,-1007
17,35,-999
42,21,-1001
11,-13,-1020
15,3,-1013
0,7,-1030
-39,15,-1042
-52,-5,-1018
-50,42,-993
-50,93,-981
48,85,-1003
265,85,-970
470,232,-950
694,253,-888
646,-152,-1032
866,-275,-1139
942,7,-1075
958,163,-1050
1054,5,-954
862,-109,-1052
1233,-234,-974
927,327,-970
1095,220,-1022
1009,-70,-1118
1141,-7,-1098
1075,204,-913
1024,277,-854
1097,-103,-958
1011,-325,-989
864,35,-851
800,130,-987
899,44,-985
819,-101,-1022
730,35,-915
778,105,-938
829,148,-1063
948,25,-1145
935,318,-1036
915,154,-1036
1089,-171,-1118
1138,-244,-1163
1108,50,-1013
1015,117,-993
1118,-122,-1112
1223,-177,-1134
1163,242,-938
1114,263,-977
1132,126,-1098
1243,-130,-1134
1104,105,-976
1040,288,-977
1126,78,-1050
1202,-60,-1077
1042,187,-917
1097,81,-950
1163,-19,-991
1300,-288,-1028
1134,1,-923
1106,169,-933
1102,76,-1013
1208,-95,-960
940,216,-919
1042,99,-882
1059,175,-954
1300,-99,-983
1098,115,-962
1110,171,-985
1225,-191,-1073
1460,-265,-1026
1075,91,-1034
1065,240,-968
1134,142,-958
1282,-19,-1016
1087,230,-956
1220,204,-894
1157,-5,-1130
1446,-199,-1104
1259,374,-1059
1229,343,-991
1421,-146,-1063
1542,-197,-1028
1145,-150,-1005
1378,138,-1030
1317,124,-1190
1259,-81,-1089
1077,78,-1032
1134,324,-938
1438,105,-886
1218,-109,-1032
925,-206,-960
1290,-195,-853
1087,89,-1206
1542,54,-1097
1042,294,-882
1319,87,-886
1065,-58,-948
1520,-130,-1015
1317,216,-1028
1104,441,-1061
1346,-17,-1138
1046,3,-1138
1508,-230,-741
942,-5,-964
1635,-406,-854
1116,50,-1161
1346,232,-1011
1278,216,-1139
1487,333,-979
1407,-89,-911
970,171,-854
1255,-23,-1015
1216,142,-1141
1342,93,-1040
854,245,-958
1362,-206,-856
1233,-361,-1200
1214,50,-1030
1282,423,-819
1110,230,-1061
1100,-117,-1052
1524,-421,-890
976,286,-1108
1231,493,-977
1054,195,-948
1409,-460,-911
1413,80,-1038
1013,532,-1122
1259,-230,-1087
1561,-273,-962
1001,-363,-1013
1512,331,-1050
866,523,-1013
1272,-298,-1007
1143,267,-1013
771,-259,-1071
696,-11,-1038
817,265,-1038
532,-87,-874
636,355,-977
400,183,-903
296,-640,-938
579,62,-1130
216,322,-1102
400,-56,-917
-68,80,-1155
17,251,-1102
27,109,-786
-259,29,-997
-187,-343,-1208
17,-109,-1038
-396,-3,-1087
-66,478,-1001
-62,-81,-1139
-448,130,-995
-7,-33,-936
13,-68,-1106
-864,263,-1202
-870,-466,-1104
-976,40,-1054
-1147,197,-819
-1747,70,-1032
-1044,329,-979
-1237,15,-607
-1811,-169,-1175
-1145,156,-1065
-1374,-240,-1155
-735,21,-854
-1440,310,-919
-1262,320,-1013
-815,-275,-935
-921,-64,-815
-1081,-54,-1048
-929,40,-1360
-753,11,-1020
-931,-251,-1159
-474,206,-860
-1175,327,-1050
-343,-271,-874
-812,222,-1018
-441,-23,-1036
-841,81,-1198
-819,115,-894
-866,-162,-886
-866,267,-813
-1048,37,-853
-776,-267,-936
-1317,197,-1112
-1001,-167,-972
-1294,25,-1147
-1026,15,-1063
-1116,-39,-1067
-1093,140,-952
-1473,226,-1034
-829,-331,-985
-1120,199,-1040
-1270,-39,-1054
-1255,111,-1169
-847,-171,-936
-1145,-56,-1120
-858,50,-974
-1397,95,-1098
-866,-167,-1042
-1024,52,-1167
-1204,218,-1214
-1196,306,-1116
-927,-251,-991
-831,-130,-1073
-870,124,-1100
-1196,263,-1011
-1192,-35,-1024
-1175,-208,-1013
-1229,95,-964
-1436,357,-929
-1061,-468,-888
-1383,-206,-1098
-1138,189,-917
-1598,427,-977
-907,58,-974
-1282,-165,-1034
-1423,29,-936
-1210,142,-985
-1177,-267,-1067
-1346,-70,-1048
-1565,277,-917
-1341,306,-812
-1370,-160,-1036
-1257,-251,-1063
-1227,85,-831
-1467,195,-1016
-987,-269,-1079
-1264,54,-1141
-1132,271,-989
-1421,316,-995
-931,-255,-1069
-1354,-130,-1182
-1071,68,-1003
-1506,595,-970
-1034,-318,-1106
-1153,-25,-1124
-1286,1,-956
-1430,156,-981
-1100,-306,-1087
-1319,-242,-1141
-1446,201,-913
-1321,300,-856
-1233,-191,-1073
-1124,-193,-1145
-1346,187,-948
-1389,238,-958
-935,-122,-1077
-1280,-185,-1169
-1134,136,-868
-1352,253,-948
-1001,-300,-1106
-1331,-191,-1200
-1028,-70,-895
-1479,382,-948
-817,-201,-1050
-1126,13,-1104
-882,136,-894
-1097,349,-966
-691,-140,-1093
-862,-54,-1141
-802,-9,-954
-862,208,-944
-605,-39,-1089
-681,-31,-1098
-671,5,-942
-665,17,-981
-396,-113,-1059
-540,70,-1087
-409,152,-977
-503,244,-977
-162,-74,-979
-365,5,-1034
-189,29,-909
-284,66,-987
-81,-58,-1013
-181,-19,-1059
-101,42,-972
-101,121,-927
-35,-97,-1001
-107,-40,-1065
-37,52,-1005
-58,167,-1007
-17,54,-1061
-66,-39,-1071
-99,3,-991
-56,40,-974
-68,-9,-1005
-83,-23,-1030
-80,-9,-1007
-70,31,-976
-11,42,-1024
50,31,-1040
64,91,-1013
232,76,-991
216,11,-1061
294,0,-1077
214,1,-1091
210,11,-1100
-83,0,-1108
425,74,-1001
-115,-21,-935
396,93,-1040
-134,111,-1075
91,-62,-946
-189,117,-1128
-87,13,-942
-138,50,-958
-136,-5,-919
-199,81,-974
-160,-83,-962
-212,31,-1050
-121,11,-979
-115,70,-999
-173,40,-1001
-193,-91,-997
-564,-31,-1147
-985,72,-1233
-587,56,-935
-983,-21,-1026
-823,54,-981
-1075,177,-946
-718,-70,-911
-661,-15,-1052
-835,19,-1128
-638,35,-972
-628,109,-1016
-376,-13,-874
-538,-3,-995
-372,60,-977
-620,50,-1155
-242,-70,-1145
-454,95,-1134
-167,126,-979
-187,107,-1059
-81,-15,-985
-136,-54,-1024
-105,35,-1013
-163,0,-1048
-113,-35,-936
-281,-27,-913
-187,46,-845
-304,156,-862
-236,60,-897
-222,7,-946
-140,44,-956
-68,31,-979
54,111,-1018
111,15,-1003
152,-29,-1044
224,-109,-1056
193,-72,-1091
232,-48,-1059
169,9,-1046
169,58,-1026
212,66,-1024
150,152,-1003
158,56,-1044
167,93,-1097
119,50,-1081
122,83,-1038
60,13,-1030
17,-50,-1009
-21,-70,-1046
-68,-54,-1054
-142,1,-1087
-99,-35,-1075
-220,70,-1052
-130,103,-1015
-210,158,-1034
-158,89,-1034
-169,54,-1057
-146,3,-1052
-142,33,-1040
-80,-64,-1015
-134,-39,-1018
-70,-40,-1011
-126,13,-1016
-85,-11,-993
-83,-21,-999
-76,39,-974
-76,130,-968
-68,165,-983
-68,124,-974
-56,68,-958
-66,19,-958
-39,-29,-979
-66,-37,-983
-27,-29,-968
-54,15,-985
-44,5,-983
-27,33,-970
-52,56,-981
-31,64,-985
-19,80,-1005
-68,121,-1007
-23,68,-995
-44,54,-1005
-19,-29,-1015
-29,-35,-1022
-42,-48,-1018
5,-39,-1030
-15,-9,-1050
-11,-5,-1036
37,-1,-1042
-56,44,-1052
37,-3,-1054
-21,83,-1056
1,60,-1036
50,46,-1040
-9,19,-1057
25,-7,-1040
62,1,-1046
-25,-1,-1034
101,-48,-1024
-11,5,-1028
33,-17,-1018
66,7,-1022
-21,35,-1038
27,5,-1011
5,19,-1018
-54,52,-1009
50,1,-1005
-56,70,-1005
-21,11,-989
1,15,-1016
-60,21,-1015
-11,0,-983
-17,35,-997
-78,60,-989
-5,0,-1005
-56,68,-999
-58,19,-997
-21,31,-1011
-60,78,-1020
-33,21,-989
-23,54,-1018
-54,33,-1003
-48,35,-1026
-11,42,-1013
-62,29,-1020
-5,9,-1013
-39,15,-1022
-35,11,-1001
-13,29,-1007
-33,19,-1016
-23,-1,-1007
-29,23,-1005
-44,9,-1005
-19,27,-1003
-35,23,-1001
-39,11,-1011
3,7,-1016
-19,5,-1007
-1,-5,-1001
9,9,-1009
-15,-7,-1022
-1,5,-1007
5,9,-1026
3,9,-1020
5,23,-1018
-7,15,-1030
1,15,-1024
-1,35,-1015
9,35,-1032
17,29,-1034
5,29,-1028
-1,5,-1020
5,13,-1036
-3,11,-1016
5,17,-1016
-13,15,-1016
-3,19,-1020
-13,27,-1016
-1,42,-1018
-9,39,-1020
-5,42,-1015
-15,25,-1020
-1,33,-1009
-13,40,-1005
-11,17,-1018
-5,9,-1022
-33,5,-1011
-29,7,-1007
-19,13,-1005
-33,25,-997
-29,27,-1013
-29,29,-1005
-29,21,-1009
-33,33,-1018
-21,21,-1011
-29,29,-1013
-50,17,-1009
-17,15,-1009
-64,21,-1020
-3,19,-1009
-42,-5,-1020
17,5,-1040
11,25,-1003
-25,29,-1022
183,52,-1003
-85,-3,-1015
-39,60,-1009
101,42,-1009
3,-9,-1020
-50,46,-995
76,-3,-1016
-19,-5,-976
-1,13,-1018
11,46,-1024
-13,21,-1013
-25,19,-1020
-17,15,-993
-25,-13,-1020
-50,-1,-1028
-21,25,-1028
-40,31,-1050
-7,15,-1026
-13,-25,-1034
7,-40,-1018
7,0,-1026
21,9,-1022
-3,42,-1052
15,13,-1015
-42,-5,-1005
19,-3,-1015
0,46,-993
-39,-21,-995
17,39,-1007
-66,-9,-1052
35,37,-989
-42,39,-1018
56,27,-987
-56,9,-1032
15,19,-991
-60,44,-1052
9,74,-1005
-58,66,-1015
-29,21,-993
-68,31,-1015
-39,25,-1007
-52,80,-1016
-9,54,-1005
-27,80,-1009
-17,23,-989
-29,46,-1022
-25,44,-1018
-19,46,-1001
-33,74,-1007
-33,68,-1009
-44,42,-1020
-35,39,-1022
-31,33,-1013
-19,39,-1011
-21,35,-1007
-25,1,-1009
-27,40,-1009
-11,5,-1009
-31,31,-1016
-19,7,-1011
-23,5,-1013
-21,21,-1003
-9,27,-1011
0,29,-1016
74,-1,-991
-210,-58,-1013
212,93,-1020
-117,27,-1083
80,9,-1001
-97,74,-1005
122,-70,-1005
-5,13,-1003
74,15,-1015
-40,54,-1057
66,3,-1005
-97,-7,-1052
111,56,-970
-39,-3,-1057
99,0,-1003
-27,-5,-1003
70,-37,-1001
-21,29,-1042
37,13,-993
-54,27,-1069
19,15,-1001
-50,-44,-991
76,5,-1024
-62,40,-1001
54,11,-991
-31,54,-1038
-68,0,-1005
52,-9,-1007
-35,33,-1036
1,25,-1003
-31,29,-1018
-21,27,-1032
-48,23,-1005
-15,-25,-995
-37,42,-1024
-3,58,-1015
-40,15,-1003
-25,13,-1016
-44,44,-991
-33,-9,-977
-31,76,-1013
-42,39,-999
-21,21,-1013
-33,66,-1026
-33,1,-1003
-3,7,-989
-31,9,-1001
-15,29,-1016
-13,81,-1020
-21,64,-1015
-13,29,-1015
-21,25,-993
-3,0,-1016
-21,56,-1015
-29,66,-1016
-3,21,-1015
-11,21,-1016
-9,0,-1013
-1,21,-1013
-5,44,-1018
11,13,-1022
1,33,-1024
11,29,-1011
21,25,-1018
1,40,-1013
-9,17,-1022
5,17,-1034
-1,13,-1034
17,3,-1022
1,23,-1011
1,29,-1018
-9,3,-1018
-23,25,-1013
-13,5,-1011
-11,15,-1013
-27,44,-1005
-21,1,-1013
-13,15,-1007
-23,7,-1020
-21,17,-1005
-7,40,-1005
-19,21,-1009
-13,-1,-1016
-25,3,-1009
-21,5,-1011
-21,42,-1016
-23,27,-999
-21,11,-1007
-21,19,-1007
-17,13,-1001
-17,19,-1003
-33,19,-1007
-21,-1,-1015
-21,-3,-1007
-25,21,-1005
-27,19,-1022
-21,40,-1003
-13,15,-1016
-13,0,-1028
-25,31,-1016
-21,21,-1015
-21,37,-1018
-7,35,-1007
-11,5,-1015
-5,27,-1016
-9,13,-1016
-11,11,-1022
-5,25,-1018
-7,7,-1020
-9,39,-1020
-3,39,-1005
-3,25,-1018
-15,40,-1022
-11,13,-1007
-11,17,-1022
-21,46,-1020
-13,23,-1013
-5,33,-1013
-7,15,-1009
0,-3,-1020
-9,31,-1013
-3,29,-1022
-5,31,-1013
0,31,-1007
-7,9,-1011
-15,35,-1015
-5,29,-1015
-5,21,-1022
-9,29,-1015
-5,9,-1007
-7,13,-1016
-3,40,-1013
-7,9,-1022
-15,13,-1026
-13,3,-1015
0,9,-1028
-21,44,-1015
-15,29,-1016
-11,13,-1015
-21,19,-1015
-13,3,-1013
-19,27,-1011
-33,31,-1020
-13,9,-1013
-33,21,-1009
-17,15,-1005
-13,15,-1009
-21,35,-999
-11,5,-1009
-25,21,-1011
-25,29,-1001
-27,21,-1015
-25,46,-1016
-27,11,-1005
-21,17,-1015
-21,31,-1007
-17,5,-1013
-19,29,-1022
-15,25,-1009
-11,-3,-1015
-23,21,-1016
-21,13,-1022
-7,29,-1018
-19,35,-1007
-15,5,-1022
-15,23,-1020
-13,29,-1016
-9,21,-1024
-15,25,-1028
5,11,-1005
13,19,-989
-7,25,-1050
-5,19,-1022
-11,23,-1005
-5,37,-997
-3,15,-1020
-11,19,-1013
5,13,-1016
-1,31,-1016
-7,35,-1011
-11,3,-1018
-11,15,-1020
-11,39,-1016
-1,25,-1026
-17,21,-1016
-7,-3,-1022
-13,15,-1022
-11,31,-1005
-15,23,-1018
-19,29,-1018
-13,13,-1007
-5,7,-1013
-15,35,-1015
-21,17,-1016
-21,23,-1009
-13,15,-1009
-15,-3,-1015
-25,9,-1015
-31,25,-1009
-21,11,-1013
-33,25,-1007
-23,13,-1011
-27,19,-1016
-29,29,-997
-31,11,-1015
-27,19,-1009
-15,7,-1007
-13,13,-1024
-5,33,-1013
-21,15,-1013
-17,11,-1016
-21,19,-1005
-11,7,-1003
-15,23,-1013
-19,25,-1005
-17,9,-1024
-25,27,-1005
-17,15,-1009
-21,31,-1015
-21,21,-1005
-17,15,-1009
-25,19,-1009
-11,15,-1009
-1,13,-1015
-15,29,-1009
-13,17,-1013
-15,9,-1015
-11,27,-1020
-5,13,-1013
-7,25,-1013
-11,27,-1009
-3,15,-1016
-5,29,-1013
-15,13,-1015
-7,31,-1015
-15,33,-1005
-9,-3,-1011
-15,29,-1015
-15,35,-1013
-21,17,-1013
-7,35,-1013
-11,9,-1007
-15,15,-1011
-11,37,-1024
-11,13,-1018
-5,31,-1011
-5,15,-1015
-9,3,-1005
-21,33,-1013
-13,19,-1005
-17,29,-1013
-9,19,-1015
-15,5,-1015
-21,35,-1015
-21,27,-999
-13,21,-1020
-17,37,-1020
-9,5,-1009
-21,19,-1022
-15,29,-1005
-13,15,-1003
-17,25,-1013
-19,17,-1016
-11,17,-1020
-17,25,-1001
-5,13,-1009
-19,17,-1015
-15,15,-1009
-15,9,-1022
-11,31,-1020
-19,17,-1016
-9,9,-1016
-17,7,-1020
-19,9,-1005
-13,13,-1013
-33,29,-1009
-7,11,-1015
-27,21,-1011
-11,11,-1009
-19,5,-1020
-13,33,-1016
-17,9,-1011
-13,15,-1020
-19,23,-1007
-7,1,-1028
-19,23,-1009
-19,9,-1003
-13,7,-1011
-17,15,-1015
-21,21,-1009
-21,21,-1015
-13,29,-1013
-9,15,-1013
-15,21,-1015
-21,35,-1011
-19,23,-1011
-15,35,-1009
-15,7,-1009
-13,29,-1015
-13,27,-1011
-3,25,-1007
-13,21,-1015
-15,25,-1007
-5,11,-1009
-15,31,-1018
-1,31,-1009
-17,31,-1020
-21,35,-1013
-7,15,-1011
-13,31,-1015
-11,29,-1022
-13,23,-1011
-11,31,-1011
-15,15,-1013
-17,19,-1011
-19,35,-1028
-15,21,-1015
-21,33,-1011
-11,23,-1013
-21,13,-1013
-19,31,-1015
-21,11,-1022
-11,21,-1015
-1,9,-1013
-11,13,-1018
-27,13,-1009
-5,21,-1016
-19,15,-1022
-15,21,-1009
-21,13,-1015
-13,21,-1015
-17,31,-1016
-21,15,-1022
-19,19,-1007
-21,13,-1016
-15,17,-1013
-19,27,-1013
-11,17,-1007
-5,15,-1005
-35,19,-1022
-13,13,-1018
-11,0,-1007
-17,25,-1013
-21,33,-1015
-1,27,-1009
-7,17,-1013
-9,-1,-1013
-5,19,-1024
-17,29,-1016
-11,21,-1005
-21,31,-1020
-11,21,-1028
-11,27,-1013
-21,7,-1024
-7,5,-1009
-5,33,-1009
-11,31,-1005
-15,31,-1020
-9,17,-1022
-17,-1,-1015
-5,13,-1013
-7,19,-1015
-1,19,-1015
66,37,-1009
95,1,-1028
97,15,-1024
9,25,-999
-76,37,-995
-245,68,-950
-862,-15,-1196
242,23,-866
562,-19,-1173
78,177,-897
-212,-31,-1020
103,66,-960
138,13,-1122
154,-74,-958
-306,7,-1116
91,62,-919
-25,124,-1104
146,40,-962
-103,11,-993
62,-3,-960
-44,54,-1110
107,1,-976
-60,9,-981
-1,60,-1018
0,95,-1046
-27,-40,-966
-56,-21,-958
-60,31,-1040
-15,31,-1016
-31,52,-1028
-39,42,-1001
-39,64,-1052
25,23,-991
1,-21,-1036
1,-15,-1018
-11,46,-1030
50,31,-1034
-25,60,-1034
-3,-25,-976
-40,-7,-1011
25,13,-995
-60,31,-1022
-25,27,-981
-52,50,-1028
27,17,-1005
-44,44,-1015
9,-5,-983
-19,-9,-1022
11,31,-1001
-35,17,-1024
-1,39,-1015
-31,3,-1016
-1,23,-1005
-35,39,-1009
-5,7,-1003
-29,15,-1009
-9,70,-1003
-23,31,-1022
-19,15,-1018
-11,3,-1013
-15,7,-1036
-17,42,-1024
-19,-11,-1013
-15,15,-1020
-9,35,-1022
-11,35,-1016
-11,31,-1011
-19,-1,-1020
-7,13,-1028
-3,54,-1005
-9,19,-1009
-11,11,-1028
-3,29,-1005
-1,11,-1016
-19,21,-1018
-23,-3,-1009
-9,15,-1026
-21,60,-1018
-25,21,-1005
-19,11,-1011
-19,11,-1013
11,11,-1024
-29,21,-1005
-21,-7,-1005
-9,5,-1016
-21,40,-1022
-7,0,-1015
-11,7,-1018
-17,13,-1015
-11,7,-1005
-13,48,-1011
-9,25,-1018
-13,21,-1015
-23,31,-1009
-19,5,-1013
-11,5,-1018
-21,31,-1003
-9,19,-1018
-9,37,-1007
-11,3,-1018
-15,9,-1015
-15,40,-1020
-13,19,-1020
-17,27,-1009
-15,25,-1009
-13,19,-1018
-21,33,-1013
-19,21,-1011
-17,3,-1013
-21,27,-1009
-23,9,-1007
-15,31,-1015
-9,35,-1005
-3,11,-1009
-13,29,-1028
-19,11,-1016
-17,11,-1018
-19,35,-1011
-5,17,-1020
-9,19,-1026
-27,27,-1018
-13,7,-1016
-11,29,-1013
-9,25,-1009
-7,15,-1018
-15,46,-1005
-11,15,-1007
-9,29,-1009
-15,35,-1001
-3,0,-1001
-25,25,-1009
-15,25,-1016
-3,17,-1015
-17,35,-1016
-15,9,-1011
-7,15,-1015
-17,27,-1016
-9,19,-1013
-3,39,-1013
-19,17,-1015
-9,5,-1022
-19,25,-1016
-21,15,-1013
-11,25,-1024
-13,33,-1009
-19,5,-1011
-21,23,-1009
-21,15,-1018
-3,21,-1018
-27,37,-1009
-9,0,-1022
-11,23,-1016
-15,19,-1015
0,9,-1015
-15,35,-1005
-21,21,-1005
-11,9,-1018
-19,37,-1005
-11,15,-1005
-9,35,-1016
-19,21,-1009
0,1,-1013
-23,33,-1007
-9,21,-1007
-17,3,-1015
-21,19,-1013
-21,0,-1013
-19,31,-1015
-23,35,-1016
-7,5,-1020
-19,25,-1015
-15,13,-1007
-13,19,-1022
-21,37,-1007
-21,15,-1013
-13,29,-1015
-27,21,-1009
-11,9,-1015
-17,31,-1003
-11,15,-1003
0,17,-1009
-13,17,-1013
-15,0,-1016
-13,23,-1018
-21,31,-1015
-21,15,-1022
-13,35,-1022
-17,11,-1022
-11,21,-1020
-19,39,-1015
-13,9,-1011
-11,15,-1016
-17,29,-1009
-5,11,-1009
-21,37,-1011
-15,11,-1007
-15,5,-1015
-7,29,-1022
-7,15,-1018
-9,37,-1022
-21,23,-1016
-11,-1,-1011
-11,33,-1020
-17,25,-1018
-15,21,-1016
-29,35,-1011
-21,9,-1007
-19,25,-1024
-17,21,-1005
-13,19,-1020
-13,42,-1026
-9,19,-1007
-15,19,-1018
-11,33,-1013
-11,13,-1020
-11,31,-1009
-9,19,-1005
-11,13,-1016
-19,39,-1013
-9,23,-1018
-3,25,-1016
-27,29,-1011
-11,0,-1013
-7,31,-1015
-15,35,-1009
-3,15,-1003
-17,42,-1005
-19,13,-1009
-7,15,-1015
-21,39,-1011
-17,7,-1016
-11,27,-1020
-11,21,-1005
-13,5,-1015
-21,37,-1013
-11,19,-1018
-17,25,-1009
-29,31,-1007
-13,3,-1016
-21,21,-1013
-13,25,-1013
-17,15,-1015
-21,29,-1009
-9,5,-1007
-9,17,-1009
-25,40,-1011
-7,3,-1020
-17,27,-1022
-15,19,-1009
-11,11,-1020
-17,35,-1007
-33,15,-1015
-21,23,-1020
-15,33,-1011
-21,15,-1015
-15,29,-1016
-21,25,-1011
-19,7,-1018
-19,27,-1018
-1,9,-1005
-21,27,-1013
-19,37,-1003
-7,9,-1016
-17,21,-1016
-15,13,-1022
-11,9,-1016
-11,29,-1024
-19,19,-1011
-11,15,-1022
-11,37,-1007
-9,11,-1016
-19,35,-1024
-19,13,-1013
-17,-1,-1015
-19,35,-1013
-5,23,-1016
-19,29,-1016
-13,37,-1001
-3,5,-1016
-15,11,-1009
-17,17,-1009
-11,13,-1020
-7,40,-1011
-15,9,-1015
-11,15,-1005
-13,35,-1013
-7,13,-1015
-17,35,-1015
-23,29,-1018
-5,9,-1009
-19,37,-1005
-17,17,-1013
-5,25,-1016
-11,35,-1011
-9,0,-1015
-7,25,-1009
-23,35,-1015
-7,5,-1013
-13,29,-1013
-11,5,-1013
-9,21,-1016
-21,40,-1007
-5,11,-1016
-15,25,-1015
-17,9,-1011
-3,5,-1018
-21,35,-1016
-15,15,-1011
-13,21,-1009
-13,29,-1016
-5,7,-1011
-13,35,-1013
-11,23,-1016
-11,13,-1018
-5,23,-1020
-15,5,-1013
-15,21,-1018
-17,31,-1009
-19,7,-1020
-19,21,-1013
-21,11,-1013
-15,11,-1022
-21,37,-1005
-13,15,-1015
-17,15,-1016
-21,31,-1007
-11,7,-1009
-9,31,-1007
-25,15,-1005
-11,3,-1011
-17,21,-1016
-9,9,-999
-13,27,-1016
-25,35,-1007
-3,0,-1015
-21,23,-1013
-23,19,-1018
-11,19,-1015
-15,37,-1016
-11,11,-1015
-13,13,-1016
-13,27,-1016
-11,15,-1020
-9,29,-1018
-21,21,-1013
-9,0,-1013
-11,37,-1015
-13,21,-1011
-15,27,-1013
-15,31,-1013
-17,5,-1030
-13,33,-1011
-13,29,-1015
0,19,-1011
-9,37,-1007
0,9,-1018
-9,19,-1013
-13,31,-1013
-13,19,-1015
-21,35,-1016
-11,19,-1009
-5,5,-1015
-21,40,-1016
-3,15,-1015
-21,19,-1020
-21,31,-1013
-3,5,-1013
-19,35,-1016
-11,29,-1013
-15,15,-1016
-17,37,-1013
-21,15,-1011
-11,25,-1007
-21,40,-1016
-21,17,-1026
-21,39,-1009
-17,15,-1003
-17,19,-1016
-23,35,-1013
-13,15,-1015
-25,15,-1015
-11,27,-1003
-21,3,-1020
-31,44,-1011
-19,19,-1005
-15,15,-1013
-17,27,-1011
-21,11,-1015
-17,25,-1016
-9,33,-1016
-11,7,-1013
-15,27,-1009
-27,17,-1005
-15,11,-1016
-19,35,-1005
-15,11,-1009
-13,17,-1015
-19,21,-1013
-9,19,-1015
-7,29,-1013
-17,17,-1011
-7,0,-1011
-21,19,-1003
-11,19,-1016
-9,29,-1013
-19,29,-1011
-13,3,-1020
-11,23,-1013
-17,17,-1009
-7,5,-1013
-25,31,-1013
-9,9,-1013
-9,7,-1016
-9,23,-1018
-1,9,-1015
-13,25,-1015
-11,15,-1015
-13,9,-1016
-13,23,-1009
0,21,-1016
-21,19,-1015
-25,19,-1013
-9,11,-1022
-17,29,-1009
-13,33,-1020
-11,21,-1007
-21,33,-1005
-11,5,-1013
-11,19,-1005
-9,33,-1016
-21,9,-1020
-3,39,-1022
-17,19,-1015
-13,3,-1016
-15,39,-1015
-15,23,-1009
-15,19,-1015
-11,27,-1013
-15,5,-1020
-25,40,-1013
-29,27,-1007
-11,13,-1013
-27,37,-1009
-19,13,-1015
-25,29,-1022
-25,35,-1016
-21,11,-1013
-23,25,-1016
-11,11,-1011
-17,19,-1015
-9,42,-1011
-23,13,-1011
-15,25,-1022
-15,19,-1009
-17,15,-1020
-9,39,-1016
-17,21,-1011
-11,17,-1015
-23,25,-1013
-17,17,-1005
-1,19,-1013
-21,29,-1011
-9,-1,-1016
-17,27,-1011
-15,17,-1001
-3,21,-1013
-17,35,-1020
-13,9,-1015
-19,11,-1016
-13,21,-1020
-9,11,-1020
-19,40,-1013
-13,21,-1018
-11,1,-1018
-15,33,-1009
-17,15,-1022
-9,21,-1013
-21,25,-1020
-1,7,-1016
-21,27,-1015
-11,21,-1015
-13,15,-1024
-23,31,-1005
-25,5,-1013
-23,19,-1013
-19,29,-1005
-13,9,-1024
-7,27,-1009
-17,27,-1011
-13,3,-1005
-25,29,-1026
-19,27,-1001
-25,27,-1018
-21,35,-1009
-15,3,-1013
-23,35,-1015
-21,7,-1011
-11,21,-1022
-15,25,-1009
-19,17,-1011
-15,27,-1007
-21,31,-1020
-11,5,-1020
-21,40,-1015
-11,19,-1011
-19,21,-1028
-23,40,-1020
-25,5,-1016
-17,29,-1016
-13,13,-1011
-9,13,-1022
-15,39,-1015
-17,25,-1013
-13,9,-1016
-9,25,-1007
-5,-5,-1016
-11,29,-1011
-13,27,-1003
-11,9,-1016
-11,25,-1013
-13,13,-1007
-11,5,-1016
-21,31,-1011
-19,13,-1013
-19,21,-1024
-23,21,-1009
-3,11,-1013
-15,39,-1005
-13,19,-1024
-15,11,-1016
-21,21,-1020
-11,7,-1022
-3,23,-1013
-27,33,-1016
-5,-1,-1020
-21,31,-1015
-13,7,-1015
-19,17,-1016
-15,35,-1005
-9,5,-1009
-27,19,-1024
-31,33,-1001
-11,15,-1022
-21,42,-1016
-13,13,-1009
-11,17,-1005
-19,37,-1016
-15,17,-1011
-15,35,-1009
-7,31,-1013
-7,0,-1005
-9,27,-1007
-21,21,-1022
-21,29,-1016
-23,37,-1020
-21,-1,-1007
-27,15,-1009
-19,27,-1013
-3,13,-1015
-19,44,-1011
-17,9,-1015
-11,15,-1018
-23,44,-1011
-11,5,-1015
-17,29,-1005
-15,23,-1013
-13,15,-1026
-21,33,-1015
-13,19,-1003
-3,19,-1015
-17,29,-1022
-7,7,-1016
-15,29,-1005
-13,29,-1007
-1,15,-1007
-21,35,-1007
-13,5,-1009
-25,11,-1020
-15,35,-1011
-13,7,-1007
-15,25,-1013
-19,19,-1016
-1,3,-1016
-25,37,-1020
-3,19,-1018
-11,15,-1022
-11,25,-1009
-7,5,-1016
-1,23,-1016
-5,25,-1015
-21,-3,-1024
-19,21,-1011
-17,21,-1020
-21,17,-1016
-13,31,-1013
-11,9,-1013
-7,21,-1020
-11,11,-1018
-11,19,-1018
-15,33,-1022
-9,13,-1011
-7,13,-1005
-23,21,-1016
-9,0,-1020
-21,33,-1011
-17,29,-1005
-9,17,-1007
-21,35,-1011
-23,7,-1011
-11,21,-1015
-19,27,-1005
-9,3,-1016
-11,19,-1005
-15,31,-1007
-9,9,-1024
-31,29,-1007
-17,13,-1011
-15,7,-1009
-11,35,-1009
-11,11,-1015
-19,29,-1015
-25,29,-1015
-15,0,-1018
-25,35,-1005
-19,27,-1015
-17,21,-1005
-19,37,-1015
-5,5,-1007
-21,31,-1020
-23,21,-1009
-19,5,-1026
-17,31,-1020
-21,9,-1011
-5,13,-1007
-17,42,-1024
-5,5,-1013
-19,35,-1016
-11,13,-1015
-11,11,-1018
-15,39,-1011
-21,23,-1013
-15,17,-1016
-25,21,-1009
-23,7,-1016
-25,33,-1005
-19,27,-1009
-17,11,-1015
-15,35,-1007
-11,13,-1011
-25,23,-1018
-17,29,-1009
-9,13,-1007
-13,21,-1022
-33,19,-1007
-9,21,-1015
-17,33,-1009
-17,19,-1011
-13,21,-1013
-17,17,-1011
-15,19,-1015
-17,39,-1016
-17,23,-1007
-11,5,-1015
-15,35,-1016
-5,5,-1015
-3,21,-1013
-11,31,-1013
-5,11,-1013
-11,21,-1022
-3,15,-1005
-17,13,-1018
-15,29,-1013
-15,11,-1015
-21,11,-1016
-21,27,-1011
-13,19,-1024
-17,35,-1016
-3,25,-1016
-1,3,-1011
-17,44,-1009
-13,15,-1011
-7,29,-1007
-21,35,-1013
-19,5,-1013
-9,33,-1016
-15,29,-1013
-7,21,-1018
-13,52,-1007
-21,29,-1016
-17,31,-1016
-23,46,-1007
-13,37,-1007
-23,56,-1011
-15,48,-1005
-11,31,-1016
-27,66,-1005
-25,50,-1011
-17,64,-1007
-31,81,-1003
-11,62,-1005
-21,80,-1011
-19,89,-1009
-9,87,-1015
-11,117,-1009
-19,97,-1011
-15,122,-1007
-13,146,-1007
-13,124,-1013
-17,162,-1013
-17,152,-1011
-13,150,-1003
-19,206,-1009
-13,179,-1001
-15,191,-1009
-17,216,-1011
-7,208,-1016
-13,236,-1009
-15,238,-1018
-15,236,-1015
-19,265,-1016
-21,247,-1022
-15,273,-1024
-21,302,-1020
-13,294,-1026
-21,310,-1026
-17,314,-1024
-17,316,-1030
-15,357,-1018
-17,325,-1028
-17,337,-1034
-19,349,-1020
-1,343,-1034
-29,361,-1040
-13,351,-1026
-19,333,-1036
-11,357,-1032
-13,345,-1034
-21,355,-1032
-21,366,-1024
-9,335,-1022
-15,341,-1034
-25,333,-1024
-23,329,-1026
-25,361,-1018
-19,331,-1020
-17,310,-1015
-21,316,-1015
-11,296,-1026
-23,312,-1015
-9,294,-1007
-21,277,-1015
-21,314,-1011
-19,294,-1013
-17,286,-1013
-15,275,-1009
-27,253,-1011
-15,273,-1020
-23,259,-1018
-13,253,-1009
-21,277,-1015
-11,236,-1009
-29,230,-1020
-23,226,-1007
-19,222,-1022
-27,230,-1015
-13,206,-1015
-15,193,-1022
-21,228,-1016
-19,191,-1018
-17,195,-1024
-15,187,-1018
-17,173,-1020
-17,185,-1016
-21,165,-1005
-11,165,-1009
-13,185,-1011
-11,152,-1005
-21,148,-1009
-17,167,-1005
0,171,-1016
-19,193,-1007
-15,165,-1007
-11,163,-1009
-1,201,-1016
-5,185,-1015
-11,175,-1028
-3,185,-1015
-13,191,-1024
-5,212,-1026
-13,206,-1005
-11,206,-1022
-3,230,-1007
-25,203,-1026
-21,216,-1015
-13,247,-1007
-21,255,-1013
-15,271,-1022
-29,249,-1013
-11,275,-1024
-13,312,-1015
-19,304,-1009
-27,296,-1016
-25,314,-1005
-15,337,-1016
-35,357,-1020
-17,345,-1016
-13,341,-1011
-19,376,-1011
-25,365,-1013
-35,368,-1020
-9,372,-1009
-25,384,-1026
-21,392,-1020
-27,357,-1020
-17,384,-1018
-19,443,-1022
-9,425,-1024
-37,429,-1034
-17,417,-1028
-21,431,-1034
-27,435,-1028
-31,425,-1026
-23,398,-1034
-35,448,-1030
-23,409,-1030
-27,388,-1026
-21,394,-1030
-7,376,-1026
-33,425,-1040
-23,402,-1034
-7,402,-1018
-13,447,-1020
-3,423,-1018
-25,415,-1024
-25,402,-1001
-13,376,-1015
-25,380,-1009
-25,347,-1007
-21,318,-1016
-9,359,-1022
-9,306,-1015
-19,329,-1007
-3,343,-1007
-1,370,-1013
-9,365,-1024
-15,325,-1011
-3,275,-1024
-15,314,-1007
-1,247,-1015
-23,247,-1030
0,206,-1020
-13,253,-1024
-3,279,-1009
-13,245,-1016
-3,216,-1007
-17,234,-1020
0,244,-1022
-21,249,-1020
-15,206,-1005
-9,179,-1016
-11,251,-1015
-19,273,-1015
-11,267,-1005
-13,236,-1013
-11,152,-1016
-21,148,-1015
-27,195,-1020
-13,236,-1001
-17,230,-1015
-27,165,-1009
-15,160,-1011
-33,247,-1009
-21,269,-1022
-31,271,-1015
-35,218,-1011
-21,222,-1003
-25,245,-1001
-37,245,-1003
-15,210,-1011
-23,232,-1020
-25,201,-1020
-25,220,-1013
-21,222,-1015
-3,226,-1005
-13,294,-1015
-23,284,-1011
-15,298,-1013
-21,312,-1016
-21,312,-1018
-21,325,-1016
-27,339,-1001
-11,316,-1016
-11,325,-1020
-29,283,-1016
-11,306,-1024
-11,365,-1013
-7,359,-1034
-13,378,-1034
-25,365,-1016
-11,376,-1026
-23,433,-1028
-21,423,-1034
-29,448,-1032
-31,433,-1024
-27,400,-1026
-29,372,-1018
-29,382,-1026
-17,407,-1032
-29,460,-1036
-19,423,-1020
-13,429,-1022
-11,435,-1022
-5,417,-1022
-17,445,-1015
-29,462,-1016
-5,480,-1026
-17,454,-1024
-5,409,-1015
-11,384,-1013
-7,421,-1028
3,400,-1026
-11,386,-1030
-5,337,-1034
-13,380,-1030
-17,378,-1034
-15,386,-1030
-11,335,-1038
-17,384,-1024
-13,351,-1020
-23,363,-1028
-35,353,-1013
-25,361,-1024
-9,368,-1009
-29,329,-1009
-21,294,-1009
-15,312,-1015
-7,294,-1022
-23,310,-1016
-15,325,-987
-3,302,-1007
-11,322,-1005
5,238,-1007
-25,286,-1005
3,306,-999
-7,308,-1015
-17,277,-1018
-19,265,-997
-1,220,-1015
-17,269,-1024
-17,210,-1016
-25,251,-1013
-27,267,-1024
-21,259,-1028
-33,253,-1022
-27,232,-1011
-35,234,-1015
-39,251,-1016
-33,269,-1015
-33,269,-1015
-40,300,-1015
-29,222,-999
-33,220,-991
-33,226,-1005
-23,273,-1018
-19,318,-1013
-13,269,-1007
-17,206,-1022
-5,245,-1024
-5,257,-1020
-9,306,-1020
-7,273,-1011
-7,232,-1024
-17,277,-1013
-25,314,-1016
-27,316,-1016
-33,347,-1003
-33,275,-1016
-35,286,-1001
-27,300,-1007
-33,337,-1009
-21,374,-1001
-23,308,-1022
0,267,-1026
-19,271,-1020
-7,304,-1038
-5,380,-1020
-5,376,-1013
0,349,-1038
-9,337,-1030
-11,318,-1032
-21,374,-1015
-21,402,-1020
-15,382,-1020
-37,394,-1011
-27,376,-1001
-37,343,-1024
-44,370,-1030
-31,343,-1022
-35,443,-1015
-21,423,-1009
0,400,-1011
-7,351,-1015
-21,435,-1024
7,370,-1016
-31,435,-1026
19,302,-1038
-5,386,-1024
5,423,-1018
-9,458,-1022
11,415,-1011
-27,372,-1038
1,324,-1036
-33,365,-1022
-39,368,-1026
-37,396,-1020
-33,398,-1015
-33,372,-1015
-29,349,-991
-39,357,-1013
-29,351,-1034
-19,363,-1015
-39,353,-1022
-13,376,-1020
-3,372,-1020
-3,341,-1016
-13,322,-1005
-11,304,-1020
-11,312,-1013
-15,322,-1015
-21,281,-1011
-17,292,-1011
-23,320,-989
-19,325,-1007
-39,327,-1016
-25,300,-1015
-21,265,-1016
-15,318,-1015
0,271,-1015
-15,316,-1016
-1,304,-1015
-1,265,-1030
-13,271,-1013
-19,271,-1003
1,269,-1003
-25,292,-1007
-21,242,-1009
-35,286,-1003
-21,316,-997
-33,290,-1015
-13,333,-1003
-29,320,-991
-1,306,-1018
1,271,-1032
-5,290,-1032
13,284,-1022
0,366,-1028
11,283,-1038
-25,296,-1020
5,236,-1034
-29,247,-1040
-15,322,-1018
-27,302,-1005
-11,347,-985
-44,353,-991
-39,324,-1016
-40,353,-1005
-37,316,-1015
-39,351,-1020
-13,345,-1018
-29,310,-1013
-15,271,-1030
-27,316,-1032
-3,259,-1042
-19,273,-1032
-17,286,-1018
-35,460,-999
-17,534,-987
-25,398,-1011
-13,261,-1005
-37,220,-1018
7,245,-1028
-35,366,-1040
11,355,-1022
9,310,-1032
-1,341,-1028
0,284,-1026
-15,316,-1024
-25,331,-1028
-17,320,-1030
-42,394,-1015
-11,396,-989
-13,378,-1001
-44,361,-1016
-3,238,-1020
-17,222,-1038
-3,240,-1046
15,283,-1042
13,327,-1048
19,271,-1040
13,224,-1046
-23,251,-1028
7,249,-1034
-25,296,-1028
-17,316,-991
-33,292,-997
-37,249,-999
-21,195,-1013
-23,156,-1015
-25,185,-1015
-15,134,-1016
-21,175,-1036
-3,171,-1018
-13,113,-1042
-42,105,-1022
-31,128,-1015
-5,154,-1020
-31,257,-997
-19,156,-999
-50,177,-1022
-3,99,-997
-21,39,-1007
-33,80,-1001
1,15,-1003
-9,35,-1016
-17,-11,-1024
-11,-15,-1030
-13,-7,-1028
-5,83,-997
-15,87,-991
-35,169,-993
-17,50,-983
-39,-1,-1022
-33,-44,-999
-13,-25,-981
13,42,-993
-11,64,-1026
3,-27,-1020
0,-56,-1016
13,-66,-1022
1,5,-1009
-3,78,-1003
-29,163,-1005
-35,177,-997
-31,105,-1003
-13,-27,-1007
-40,-48,-1015
-19,-13,-1011
-37,103,-999
-3,81,-999
-21,48,-1022
-17,-17,-1001
-13,-48,-1020
-27,15,-1036
-19,74,-1020
-13,136,-1030
-13,197,-1028
-17,175,-1005
-17,201,-1024
-9,177,-1005
3,58,-1009
-21,52,-1013
-3,44,-1016
-21,126,-1013
-25,136,-1005
-11,95,-1001
-21,68,-1018
-27,126,-1011
-7,121,-1022
-19,183,-1030
-11,222,-1038
33,247,-1007
11,244,-1007
7,212,-1028
5,195,-1028
27,130,-1042
-3,54,-1048
-9,40,-1034
-5,70,-1003
-33,199,-1024
-44,216,-1024
-33,208,-1026
-35,134,-1034
-42,226,-1026
-9,214,-1005
-31,230,-1007
-11,146,-1024
-25,156,-1028
-15,163,-1011
-35,177,-1007
-13,99,-1015
-19,-33,-1020
-25,-5,-1022
-17,91,-1026
-35,150,-1022
-25,130,-999
-1,177,-995
0,132,-1003
-25,222,-1003
-11,130,-993
-9,35,-1030
-29,-25,-1015
-25,40,-976
-3,19,-981
-33,136,-1001
15,-17,-1009
-15,-76,-1028
-11,-68,-1044
15,-37,-1040
21,50,-1026
-5,101,-1018
46,74,-1018
-9,72,-1022
-3,70,-1016
-11,-15,-1009
-40,-66,-1026
-42,-80,-1013
-21,-78,-1003
-39,-50,-1024
-27,-5,-1007
-5,-40,-997
-37,-66,-1022
-31,-29,-1018
-9,-15,-1018
-33,44,-1024
-27,107,-987
-11,-25,-991
-44,-23,-1003
-7,-29,-997
-23,-56,-1020
-35,-85,-1030
-17,-128,-1011
9,-156,-1005
-37,-37,-991
11,9,-979
-25,35,-1003
-11,42,-1028
-27,54,-997
-37,64,-1011
-21,62,-977
-19,-37,-993
-37,7,-1011
-1,-17,-1013
-5,13,-1030
1,35,-1036
3,-21,-1024
7,-40,-1022
1,13,-1022
13,39,-1013
-15,124,-1038
-3,177,-1005
-21,208,-1005
-35,199,-1011
-33,150,-1030
-25,-5,-1044
-60,3,-1030
-17,64,-1005
-37,156,-1005
-23,165,-1009
-11,78,-1042
-31,37,-1036
-27,35,-1042
-25,107,-1020
-27,124,-1005
-23,216,-1030
-9,226,-1026
-21,230,-1032
-5,167,-1028
-5,42,-1005
0,-37,-1024
-17,21,-1024
-15,52,-1011
-42,126,-1020
-13,140,-991
-23,66,-999
-25,95,-1001
-29,101,-1013
-15,181,-1030
9,97,-1030
-11,173,-1007
35,83,-1013
21,175,-993
15,52,-1030
11,-48,-1052
7,-107,-1048
3,-39,-1018
3,31,-1013
-13,152,-989
-19,111,-1007
-29,87,-1016
-25,17,-1026
-33,5,-1032
-23,27,-1001
-17,0,-1001
-29,76,-999
-19,27,-993
-11,11,-1020
-9,-68,-1016
-21,-111,-1009
-7,-97,-1022
-5,-42,-1015
-11,44,-1022
-19,70,-995
3,33,-991
-15,17,-977
-11,-44,-997
-23,-56,-1015
-40,-50,-1020
-35,-44,-1001
-48,25,-970
-9,-3,-956
-27,-44,-993
-7,-173,-1030
-31,-111,-1050
-3,-70,-1034
11,27,-1018
19,80,-1003
42,85,-1016
5,56,-1028
-7,31,-1026
17,-60,-1015
-31,-68,-1015
-17,-48,-1020
-44,17,-1007
-48,5,-1022
-44,-21,-1024
-21,-70,-1011
-27,-39,-1015
0,15,-1005
-39,113,-1016
-13,144,-1009
-5,95,-1011
-21,60,-997
-1,37,-997
-13,-1,-1005
-17,-23,-1030
-5,-89,-1036
-33,-27,-1028
-7,-3,-999
-21,87,-979
-11,46,-983
-29,64,-1015
-15,35,-1026
-60,115,-1028
0,78,-1009
-50,105,-977
0,80,-972
-23,58,-1020
-19,64,-1038
-25,37,-1042
11,3,-1028
-5,3,-1030
19,35,-1018
-1,101,-1032
1,111,-1054
-3,103,-1036
-3,158,-1003
-15,204,-995
-19,173,-1018
-44,103,-1018
-27,-27,-1044
-44,35,-1026
-25,72,-995
-19,136,-991
-11,72,-1011
-27,13,-1040
-29,15,-1050
-21,35,-1028
-1,76,-999
-7,138,-993
-9,169,-997
-23,165,-1040
-15,144,-1028
-7,29,-1036
-13,-39,-1005
7,-46,-997
-11,-44,-1003
-21,31,-1022
-3,33,-1022
-21,44,-1018
-25,40,-977
-17,46,-987
-19,56,-1007
-15,81,-1026
1,-3,-1022
-3,99,-1018
31,60,-1007
9,39,-1001
21,-93,-1038
9,-152,-1054
3,-136,-1034
-21,5,-1003
7,60,-987
-40,148,-983
-7,1,-1005
-48,-9,-1034
-37,-66,-1034
-39,-50,-1016
-15,17,-991
-23,76,-981
-11,35,-1009
-33,-17,-1016
-11,-80,-1018
-39,-130,-1011
-35,-70,-1005
-35,-50,-989
-15,64,-1024
-29,46,-1030
-15,85,-999
-29,13,-991
-11,-1,-1001
-11,-83,-1015
-40,-31,-1003
-11,-11,-1018
-37,91,-993
-11,19,-976
-35,-46,-977
-29,-78,-1020
-33,-46,-1028
-7,-7,-1038
0,29,-1030
9,76,-1016
19,122,-1001
21,148,-1009
29,29,-1038
-15,-15,-1061
0,-48,-1024
-17,11,-1032
-21,40,-995
-29,52,-1005
-27,-39,-1015
-37,-9,-1056
-11,-48,-1032
-40,124,-1020
19,97,-1005
-15,175,-1016
15,60,-1005
-7,91,-1044
15,76,-1015
-35,58,-1030
-5,-83,-1013
-52,-62,-1042
13,-83,-1011
-40,40,-1030
19,68,-985
-39,101,-1009
9,-3,-985
-37,15,-1013
-5,-25,-1007
-35,60,-1028
1,1,-981
-31,44,-981
-7,-9,-989
-27,-9,-1022
-11,-76,-1022
-15,-150,-1048
-3,-128,-1038
-7,-48,-1013
1,17,-1009
15,-17,-1028
-31,0,-1030
0,-81,-1028
-39,-39,-1028
-13,-138,-1018
-50,-97,-1032
-29,-183,-1015
-50,-81,-1036
-7,-191,-1003
-48,-191,-1034
-13,-294,-1009
-37,-222,-1034
-11,-204,-1015
-29,-152,-1028
1,-169,-1003
-23,-179,-999
-9,-181,-987
-21,-197,-979
-3,-284,-1005
-25,-318,-1020
-7,-349,-1013
-17,-273,-981
11,-286,-970
-7,-316,-983
23,-402,-1005
-35,-296,-1003
1,-325,-1001
-35,-265,-997
-3,-294,-977
-21,-224,-977
-7,-240,-997
-13,-201,-1013
7,-312,-1024
3,-331,-1011
25,-374,-1007
15,-302,-1015
17,-277,-1015
-7,-284,-1042
-1,-271,-1028
-1,-333,-1034
-19,-298,-1005
-33,-273,-997
-23,-242,-1022
-52,-195,-1022
-40,-146,-993
-17,-242,-1011
-44,-185,-1007
0,-269,-1009
-37,-212,-1024
-11,-204,-1013
-21,-242,-1022
-17,-218,-1007
-11,-165,-1005
-7,-97,-1005
-25,-44,-976
-3,-115,-991
-33,-119,-1013
0,-138,-983
-27,-101,-1009
0,-60,-999
-31,-64,-1030
3,-105,-1013
5,-103,-995
-27,-146,-1022
-5,-132,-1016
-29,-103,-1009
-11,-124,-1026
-33,-40,-1001
-15,-35,-1007
-13,9,-1011
-9,-23,-1009
-7,-66,-1028
7,-105,-1024
3,-99,-1038
9,-89,-1028
-7,-39,-1028
3,-89,-1015
-9,-115,-1036
-7,-193,-1048
-31,-171,-1030
-23,-140,-1016
-44,-128,-1001
-13,-152,-995
-37,-117,-993
-25,-105,-991
-5,-119,-1011
-21,-185,-1015
-7,-232,-1018
7,-242,-1022
-5,-201,-1003
3,-251,-1007
3,-224,-1011
-11,-265,-1005
0,-249,-997
-21,-283,-1009
-17,-281,-1015
-15,-271,-989
-15,-273,-1005
5,-310,-1003
-21,-300,-1011
17,-325,-1007
-15,-337,-1026
7,-331,-1020
-9,-372,-1026
7,-325,-1018
-21,-359,-999
9,-308,-995
-27,-327,-991
-31,-286,-991
-13,-327,-987
-33,-325,-985
-11,-361,-985
-29,-333,-995
9,-324,-985
0,-349,-1001
13,-316,-1018
5,-283,-1003
7,-325,-1030
-5,-320,-1028
-7,-370,-1020
-19,-320,-1011
-23,-320,-1013
-7,-372,-1009
-31,-277,-997
-27,-232,-993
-33,-199,-991
-25,-300,-985
-44,-314,-1001
-15,-300,-1007
-48,-298,-1011
-25,-324,-1009
-19,-267,-1030
-15,-203,-1036
15,-163,-1013
-17,-105,-1003
3,-316,-1036
-23,-212,-1013
5,-236,-993
-23,-230,-1009
-19,-140,-997
-17,-169,-1009
-7,-169,-1007
-25,-261,-1015
-23,-251,-1028
0,-206,-1022
-11,-138,-1015
-19,-163,-1048
5,-124,-1020
13,-152,-1028
-7,-150,-1026
-13,-199,-1013
-7,-169,-1005
-7,-119,-1016
-11,-122,-1009
-7,-154,-993
-5,-165,-999
-7,-191,-993
-11,-173,-999
-23,-154,-993
1,-220,-1034
-15,-119,-1020
-17,-181,-1011
-3,-210,-1016
-21,-179,-1022
9,-163,-1016
0,-154,-1032
-1,-189,-1036
-3,-261,-1034
-1,-238,-1028
0,-247,-1020
-7,-273,-1009
-9,-242,-1015
-9,-216,-1015
-21,-210,-1020
-25,-236,-1020
-31,-269,-1009
-37,-267,-1020
-40,-230,-1001
-23,-286,-999
-39,-279,-991
-25,-306,-997
-17,-288,-1005
-15,-279,-1003
0,-341,-1015
-7,-312,-1001
13,-290,-1003
11,-290,-1003
-3,-281,-999
-1,-316,-1001
-19,-271,-1015
-1,-288,-989
-23,-292,-987
-23,-286,-1003
-19,-261,-1015
-25,-292,-1015
-15,-292,-999
-11,-333,-1003
-3,-290,-1015
0,-304,-1003
-13,-347,-1024
-13,-302,-1032
-3,-320,-1026
7,-267,-1013
-3,-267,-1013
-1,-300,-1024
0,-324,-1036
-15,-284,-1018
-1,-290,-1028
-3,-277,-1015
-5,-290,-1005
-27,-308,-1005
-29,-230,-1001
-33,-251,-997
-23,-277,-997
-33,-343,-989
-31,-308,-987
-9,-201,-983
-11,-175,-999
0,-249,-1009
1,-325,-1005
13,-300,-1009
-5,-212,-1009
3,-169,-987
-15,-220,-1016
-9,-267,-1018
-21,-312,-1024
-25,-277,-1018
-15,-181,-1011
-13,-204,-1024
-17,-220,-1022
-25,-247,-1011
-35,-226,-1030
-31,-185,-1032
-23,-265,-1024
-27,-322,-1016
-40,-238,-1015
-27,-152,-1011
-21,-113,-1028
-27,-214,-1015
-13,-292,-1003
-11,-251,-1003
3,-234,-995
-5,-220,-1009
-9,-222,-1013
0,-240,-1005
-1,-210,-999
-3,-234,-1009
3,-244,-1022
-7,-212,-1028
5,-230,-1009
7,-222,-1001
-9,-181,-1011
1,-204,-1016
-13,-242,-1018
-23,-292,-1013
1,-277,-1005
-19,-214,-1015
7,-222,-1001
-13,-279,-1009
-21,-251,-1007
-3,-234,-1005
-11,-212,-1020
-5,-245,-1018
-19,-284,-1026
-21,-251,-1016
-5,-251,-1009
-3,-271,-1016
-17,-261,-1005
-3,-304,-997
-5,-286,-997
-13,-298,-1005
-7,-279,-1011
-3,-259,-1013
-9,-281,-1007
-3,-327,-1009
-7,-277,-1003
-13,-255,-1009
-11,-249,-1024
-13,-296,-1011
-13,-341,-1005
-9,-302,-1005
-17,-308,-1009
-23,-331,-1011
-33,-286,-1005
-21,-277,-1013
-11,-267,-1007
-19,-300,-1005
-11,-329,-1005
-17,-253,-1020
-11,-271,-1001
0,-267,-1005
-9,-261,-1009
-1,-234,-1003
0,-257,-1001
-15,-271,-1013
1,-345,-1015
-9,-281,-1007
-9,-292,-1015
-7,-281,-1005
-9,-244,-1015
0,-226,-1015
-3,-236,-1013
-11,-290,-1013
5,-290,-1013
-9,-230,-1026
-11,-183,-1005
-21,-253,-1015
-19,-247,-1015
-11,-273,-1009
-21,-242,-1028
-27,-242,-1020
-15,-251,-1011
-27,-191,-1016
-21,-230,-1009
-15,-277,-1020
-33,-259,-1016
-21,-230,-1009
-25,-171,-1011
-19,-201,-1005
-11,-263,-1009
-19,-251,-1015
-9,-251,-1007
-11,-247,-1007
-7,-210,-1007
-3,-218,-1009
-17,-247,-1018
-13,-244,-1013
-15,-253,-1005
-21,-195,-1007
-9,-251,-1005
-3,-269,-1018
-9,-251,-1011
-15,-230,-1013
-5,-203,-1011
-1,-269,-1005
-5,-292,-1013
3,-247,-1020
-11,-234,-1024
-13,-261,-1005
-15,-245,-1001
-11,-242,-1001
-7,-206,-997
-15,-247,-1016
-13,-288,-1020
-5,-269,-1007
-5,-273,-999
0,-286,-1009
-3,-286,-1016
1,-277,-1026
-5,-259,-1015
-5,-294,-1015
-9,-302,-1018
-7,-281,-1011
-15,-281,-1007
-15,-279,-1011
-15,-242,-1005
-7,-257,-1003
-11,-265,-1001
-3,-337,-1013
-27,-331,-1022
-9,-286,-1013
-11,-261,-1016
-9,-269,-1009
-29,-283,-1013
-13,-320,-1007
-21,-302,-1007
-9,-261,-1001
-23,-269,-1007
-23,-236,-999
-13,-283,-1001
-15,-263,-1007
-17,-251,-1005
-11,-236,-1015
-1,-261,-1007
-11,-281,-1005
-11,-283,-1015
-17,-236,-1011
-15,-245,-1005
-19,-247,-1016
-27,-240,-1005
0,-247,-1009
-23,-236,-1011
-11,-216,-1013
-3,-201,-1015
-7,-169,-1007
0,-228,-1016
-17,-245,-1011
-11,-204,-1005
-13,-210,-1024
-11,-187,-1011
-9,-197,-1005
-15,-177,-1015
-15,-132,-1015
-17,-148,-1005
-17,-136,-1013
-15,-113,-995
-9,-124,-1013
-17,-111,-1013
-21,-122,-995
-5,-99,-993
-19,-48,-1007
-7,-93,-1001
-19,-103,-1005
-19,-78,-1007
-7,-70,-1005
-17,-60,-1013
-13,-50,-1015
-1,-50,-1005
-17,-5,-1007
-5,-39,-1022
-13,-54,-1020
-19,-31,-1009
-13,-19,-1022
-13,-9,-1016
-27,-25,-1015
-13,-19,-1018
-21,7,-1022
-19,-21,-1018
-21,-21,-1018
-7,0,-1015
-19,5,-1024
-13,40,-1015
-17,5,-1013
-21,15,-1016
-3,29,-1020
-21,1,-1028
-15,-7,-1028
-21,19,-1026
-1,19,-1018
-13,42,-1013
-11,9,-1024
-3,-9,-1016
-7,19,-1016
-9,-13,-1022
-3,-5,-1016
-13,11,-1007
-1,9,-1022
-11,25,-1009
-15,-15,-1007
-15,-23,-1009
-3,-13,-1020
-9,-29,-1016
-21,-35,-1003
-19,-13,-1009
0,-39,-1013
-15,-39,-1024
-21,-60,-1011
-3,-64,-1013
-15,-33,-1015
3,-50,-1007
-7,-60,-1009
-15,-48,-1009
-5,-76,-1024
-21,-66,-1016
-27,-89,-1011
-17,-95,-1015
-15,-54,-1007
-5,-80,-1011
-15,-87,-1018
-13,-99,-1011
-7,-122,-1009
-13,-91,-1009
-15,-93,-1007
-13,-89,-1013
-15,-56,-1007
-15,-105,-1009
-21,-105,-1009
-17,-81,-1003
-9,-91,-1018
-21,-66,-1005
-9,-80,-1009
-13,-91,-1018
-25,-76,-1009
-15,-97,-1018
-11,-74,-1013
-19,-44,-1015
-25,-56,-1013
-13,-40,-1013
-25,-54,-1015
-17,-76,-1018
-33,-35,-1007
-21,-58,-1018
-11,-33,-1003
-13,-17,-1005
-13,-35,-1011
-21,-27,-1009
-17,-29,-999
-5,-25,-1011
-19,11,-1009
-15,-15,-1013
-17,23,-1011
-21,39,-1013
1,9,-1011
-13,31,-1009
-19,5,-1013
-15,23,-1020
-21,74,-1013
-19,46,-1013
-15,50,-1022
-21,60,-1007
-1,29,-1026
-25,58,-1022
-21,54,-1024
-5,70,-1022
-19,107,-1018
0,68,-1015
-11,62,-1022
-27,70,-1007
0,37,-1026
-19,91,-1020
-7,66,-1011
-17,70,-1020
-5,87,-1011
-19,39,-1015
-13,44,-1009
-13,76,-1011
-9,40,-1013
-21,66,-1016
-21,40,-1009
-5,37,-1013
-15,66,-1011
-5,17,-1011
-11,31,-1018
-19,46,-1009
-1,13,-1018
-15,35,-1022
-11,7,-1005
-3,3,-1022
-23,21,-1005
-27,0,-1011
-11,3,-1015
-11,15,-1007
-11,-23,-1018
-27,3,-1011
-5,-9,-1007
-13,-19,-1005
-11,9,-1011
-11,-35,-1005
-15,-23,-1011
-9,-11,-1001
-11,-39,-1009
-19,-25,-1015
-11,-40,-1007
-5,-44,-1013
-15,-15,-1009
-15,-35,-1011
-15,-39,-1015
-25,-25,-1018
-9,-50,-1011
-23,-27,-1018
-13,-29,-1009
-13,-42,-1018
-17,-17,-1005
-11,-44,-1015
-17,-33,-1015
-17,-21,-1005
-7,-31,-1005
-17,-19,-1016
-17,-27,-1009
-5,-31,-1013
-11,-3,-1007
-13,-29,-1007
-17,-19,-1016
-21,-13,-1011
-5,-27,-1003
-21,9,-1011
-15,-11,-1005
-21,-17,-1016
-19,1,-1020
-21,-13,-1005
-11,9,-1020
-21,21,-1011
0,-9,-1018
-19,13,-1016
-15,0,-1013
-13,3,-1016
-25,39,-1007
-19,3,-1028
-17,7,-1022
-25,23,-1015
-5,3,-1020
-21,37,-1016
-17,19,-1018
-9,15,-1020
-25,50,-1022
-19,13,-1009
-21,33,-1018
-21,46,-1018
-3,9,-1024
-29,44,-1015
-11,37,-1009
-13,23,-1022
-21,56,-1009
-11,23,-1020
-5,29,-1028
-17,50,-1009
-13,25,-1020
-19,68,-1022
-21,35,-1013
-9,29,-1013
-31,66,-1015
-27,39,-1009
-29,48,-1015
5,39,-1022
11,54,-1022
13,107,-1015
17,52,-1016
-3,-29,-1028
-40,-39,-999
-17,-25,-972
-9,158,-1009
-11,220,-1022
-11,128,-1024
-56,-35,-1015
-52,-124,-976
-46,-68,-940
-19,105,-950
-1,251,-1016
13,261,-1042
-13,48,-1005
0,-220,-976
7,-240,-942
7,15,-907
17,288,-940
-13,349,-1005
-11,89,-1015
-21,-134,-958
-27,-212,-927
-13,-89,-919
-58,138,-909
-46,226,-925
-7,230,-948
-44,146,-979
-23,-70,-952
-11,-171,-913
-21,-78,-903
-7,136,-882
11,306,-884
19,212,-919
7,17,-929
0,-111,-888
-5,-103,-847
5,9,-819
17,171,-784
0,220,-790
-21,165,-790
-17,13,-765
-27,-64,-702
-21,-48,-593
-25,7,-593
-35,177,-610
-48,245,-624
-56,83,-653
-44,-85,-632
-52,-107,-575
-13,9,-571
7,232,-609
-7,245,-677
-7,162,-718
21,29,-763
25,-66,-792
3,-39,-763
19,97,-745
9,269,-813
-31,347,-851
-44,107,-870
-54,-89,-866
-66,-44,-856
-68,91,-862
-74,249,-854
-74,220,-849
-66,99,-866
-66,46,-874
-44,-21,-884
-40,21,-903
1,81,-909
-3,99,-886
17,93,-858
3,107,-856
31,76,-872
-9,85,-886
0,-9,-901
-15,-11,-895
-7,81,-853
1,158,-815
11,185,-815
-7,85,-847
9,15,-880
-1,62,-864
27,91,-839
23,171,-806
3,187,-796
13,122,-796
-17,117,-780
-21,76,-765
-5,64,-765
-13,130,-745
-35,113,-735
-33,150,-694
-33,162,-681
-15,119,-685
-27,109,-673
-9,44,-673
-11,105,-706
-37,160,-716
-15,144,-675
-7,122,-661
-13,54,-673
-17,37,-704
-33,62,-724
-29,97,-747
-35,152,-765
-15,152,-733
-9,70,-735
-23,31,-771
-23,44,-790
-44,64,-796
-48,99,-786
-27,132,-767
-40,111,-788
-58,81,-774
-66,-3,-782
-50,11,-786
-54,56,-782
-40,99,-757
-50,121,-759
-29,138,-761
-7,78,-786
-23,19,-782
3,-19,-745
11,46,-757
9,154,-751
3,142,-759
-7,130,-732
-9,60,-751
0,50,-739
-25,52,-708
-27,39,-716
-13,119,-704
-9,189,-710
-29,156,-700
0,91,-675
-1,23,-698
7,19,-712
-7,87,-712
-3,152,-722
17,160,-718
-1,187,-718
-9,37,-692
-11,25,-681
-5,50,-718
-31,126,-730
-50,201,-706
-31,122,-716
-19,78,-728
-27,42,-728
-23,33,-726
-9,97,-757
-15,140,-772
-9,146,-761
-1,152,-769
9,91,-774
-3,83,-763
-11,97,-767
-42,80,-765
-19,122,-757
-39,167,-780
-27,152,-769
-54,163,-755
-25,35,-749
-35,66,-728
-39,107,-737
-27,181,-753
-29,204,-716
0,132,-737
-13,91,-730
-33,95,-700
-21,97,-718
-7,76,-737
-39,156,-728
-17,150,-708
-25,152,-708
9,109,-726
-3,66,-698
-5,105,-696
-19,142,-735
-11,89,-733
-27,126,-749
-13,126,-737
-15,152,-722
5,85,-733
-21,23,-722
-29,142,-714
-7,142,-737
-27,124,-726
-25,58,-733
-15,-5,-753
-39,117,-747
-15,160,-714
3,87,-749
11,109,-745
-17,35,-745
-9,81,-737
-11,130,-772
13,97,-761
-7,136,-761
3,107,-751
11,87,-726
0,134,-694
-15,15,-735
-37,25,-714
-39,130,-677
0,113,-732
-29,163,-730
-27,60,-689
-17,91,-677
-7,107,-679
-1,74,-700
-35,134,-679
-13,156,-687
5,134,-757
-17,122,-730
-17,37,-692
-5,91,-700
11,142,-706
-9,101,-692
-27,99,-724
-46,122,-741
-33,146,-771
-21,154,-722
-21,78,-679
-17,44,-728
-44,132,-718
-58,93,-722
-56,156,-751
-19,115,-780
-21,136,-774
-23,42,-749
7,56,-706
-13,37,-732
-1,74,-757
-17,136,-763
-31,187,-759
0,173,-759
5,25,-776
-42,40,-689
-5,44,-671
-21,93,-749
-58,171,-759
-31,175,-716
-5,103,-735
5,101,-732
-7,1,-702
-23,70,-659
-3,72,-714
13,204,-753
-35,232,-710
13,124,-685
11,66,-694
-5,25,-702
-25,93,-663
-29,87,-679
31,160,-763
-29,187,-739
-23,158,-702
11,50,-702
9,68,-733
-23,91,-718
-56,80,-726
-7,224,-753
-5,189,-767
-27,132,-735
-35,78,-737
-23,134,-696
5,85,-763
-54,140,-747
-19,80,-765
-15,203,-794
-13,201,-772
-11,35,-732
-54,25,-755
13,85,-743
-46,210,-733
-27,154,-763
-40,152,-767
0,121,-724
-23,62,-732
-39,80,-706
-46,140,-687
0,183,-722
-3,185,-745
-27,33,-718
-19,74,-667
52,130,-757
-44,204,-710
3,126,-669
-21,134,-679
-13,121,-714
-7,136,-718
-58,160,-722
-11,58,-683
-5,167,-726
-15,81,-772
-48,163,-669
-1,136,-722
0,160,-778
-25,62,-776
-56,54,-710
15,64,-749
3,183,-810
-44,154,-759
-25,46,-739
-11,62,-788
3,171,-796
9,105,-769
-50,23,-704
27,-48,-794
-19,212,-757
-9,124,-698
-9,9,-714
-48,-37,-780
-23,35,-749
-29,109,-716
21,126,-708
-5,15,-765
-39,74,-712
-13,99,-683
11,111,-702
-19,46,-732
3,35,-732
-56,35,-692
-1,64,-724
-33,163,-728
1,66,-749
-60,-17,-728
-21,56,-716
23,91,-776
-42,245,-726
-17,-64,-757
-66,80,-749
-3,29,-751
-31,212,-786
-44,-21,-732
-35,-5,-735
21,105,-776
-64,142,-741
5,15,-730
-33,25,-714
27,-5,-778
-58,197,-706
7,-29,-735
-39,-23,-757
-3,-39,-767
-11,146,-696
-7,31,-733
-17,29,-749
-21,-124,-823
-13,70,-769
23,-15,-868
-37,150,-894
17,-162,-954
-23,-3,-999
-3,95,-991
48,109,-1022
-27,-25,-1093
17,-48,-1098
-9,29,-1153
-7,122,-1171
-1,144,-1077
-9,-99,-1188
-42,-50,-1177
-40,-56,-1175
-91,105,-1221
-33,-52,-1268
-66,-29,-1309
-105,-167,-1448
-35,37,-1524
-13,83,-1573
76,-56,-1610
68,-115,-1719
74,-97,-1674
105,81,-1737
39,80,-1766
52,91,-1770
70,78,-1793
21,-156,-1723
-21,-95,-1590
-33,-103,-1575
-44,-3,-1499
-48,-130,-1538
-87,-115,-1426
-62,-72,-1415
-54,158,-1372
7,-42,-1266
-3,-177,-1264
5,-232,-1165
60,-1,-1112
21,284,-1124
23,-46,-1157
19,-109,-1147
27,-95,-1138
85,35,-1085
113,42,-1091
44,48,-1085
81,-44,-1095
64,91,-1141
89,115,-1159
54,80,-1130
-23,9,-1147
52,31,-1106
-78,70,-1098
-35,-48,-1036
-72,-1,-1077
-121,83,-1098
-80,62,-1026
-111,23,-1044
-72,-62,-981
-72,-72,-974
-62,23,-977
3,-81,-954
-83,5,-995
9,-15,-1026
-1,29,-995
-35,-40,-964
29,-150,-927
-31,-132,-989
-33,-48,-981
-1,-52,-1024
-56,5,-1075
21,-23,-1048
-5,-15,-1069
5,-46,-1038
13,-93,-1087
17,-40,-1153
-21,-40,-1143
-17,54,-1169
13,33,-1153
31,-5,-1155
-11,-74,-1151
-58,-29,-1173
-29,29,-1186
-52,5,-1163
-42,-25,-1200
-46,-154,-1262
-72,-58,-1292
-9,-23,-1354
-13,21,-1413
27,-37,-1452
19,-52,-1440
103,-64,-1524
11,1,-1547
62,99,-1547
33,-23,-1622
11,3,-1559
37,-58,-1567
-29,-89,-1569
7,-64,-1481
-37,-27,-1493
-27,-121,-1452
-27,-80,-1423
-27,-183,-1430
-39,-89,-1417
-54,-19,-1374
-11,-50,-1325
-3,-93,-1284
-15,-89,-1259
11,-85,-1206
21,-21,-1239
-19,-15,-1194
39,-66,-1202
-17,-80,-1218
46,-80,-1143
42,-9,-1190
52,-25,-1169
11,-15,-1182
52,-31,-1235
13,39,-1208
48,0,-1255
-44,25,-1220
25,-44,-1212
-29,58,-1259
-19,-1,-1245
-60,27,-1253
-62,58,-1270
-54,-54,-1231
-85,-15,-1284
-64,-60,-1249
-52,-19,-1259
-50,70,-1284
-42,-42,-1309
-21,-56,-1313
-33,-99,-1325
-1,-42,-1301
-17,-15,-1327
7,-46,-1294
9,-83,-1292
-11,-74,-1305
-3,-93,-1262
-3,-42,-1270
-31,-68,-1272
-21,-66,-1290
-27,-62,-1262
-15,-72,-1260
-23,-93,-1268
1,-37,-1270
23,-39,-1282
-33,-15,-1286
25,-46,-1253
9,-31,-1280
11,-27,-1259
-11,1,-1249
9,-27,-1282
-25,21,-1272
5,-23,-1276
-17,-31,-1303
-7,-33,-1255
1,0,-1286
29,-1,-1270
0,-1,-1319
17,-40,-1327
7,15,-1286
21,3,-1311
-11,-37,-1309
-7,-54,-1305
-15,-64,-1305
-48,-19,-1321
-17,-44,-1317
-44,-56,-1290
19,-101,-1276
-33,-76,-1305
1,-87,-1317
-35,-25,-1321
7,-117,-1354
-19,-39,-1342
-17,-42,-1309
-3,-50,-1313
-17,-54,-1344
-39,-64,-1342
-48,-101,-1323
-44,-44,-1339
-27,-76,-1301
-35,-27,-1288
-19,-50,-1313
-39,-95,-1339
-25,-72,-1339
-9,-70,-1331
0,-25,-1307
-33,-11,-1294
7,-15,-1303
-15,-37,-1319
-25,3,-1321
-5,-60,-1356
-25,-37,-1309
3,-74,-1272
-19,-29,-1274
1,-21,-1241
0,-42,-1278
-29,-3,-1300
-3,-58,-1290
-19,-66,-1286
0,-54,-1286
3,-46,-1276
-7,-27,-1268
7,-5,-1264
13,-37,-1290
9,-19,-1290
-1,-99,-1327
0,-76,-1327
0,-50,-1315
11,-48,-1309
-3,-19,-1303
5,-21,-1307
5,-60,-1303
-3,-80,-1327
-15,-76,-1307
-9,-66,-1335
-29,-21,-1339
-21,-54,-1315
-33,-40,-1341
-11,-40,-1307
0,-23,-1305
-13,-44,-1331
-21,-80,-1321
0,-68,-1321
-31,11,-1321
-21,-35,-1311
-33,-37,-1311
-40,-62,-1294
-21,-39,-1319
-46,-13,-1323
-29,-31,-1311
-1,-52,-1309
-17,-44,-1311
-7,-33,-1286
-7,-31,-1301
-13,-1,-1327
-19,-35,-1325
-35,-44,-1288
-23,-48,-1301
-27,-62,-1309
-37,-39,-1288
-31,-35,-1303
-11,-37,-1309
-7,-35,-1294
11,-44,-1296
-1,-31,-1294
3,-60,-1282
-9,-56,-1305
-1,-46,-1311
-17,-50,-1321
-11,-46,-1303
-15,-46,-1305
-7,-76,-1319
-11,-48,-1335
-9,-76,-1337
-7,-60,-1342
0,-35,-1333
3,-60,-1342
1,-52,-1341
-7,-48,-1354
7,-35,-1358
-17,-27,-1342
-3,-44,-1327
-23,-119,-1331
-23,-7,-1342
-23,-91,-1331
-31,5,-1339
-21,-66,-1323
-1,-66,-1329
-1,-40,-1315
-11,-70,-1321
11,-50,-1325
-23,-13,-1309
5,-40,-1317
-13,-13,-1309
-15,-62,-1290
-15,-54,-1276
-7,-35,-1284
-19,-42,-1249
-15,-44,-1251
-35,-44,-1221
-25,-50,-1221
-35,-50,-1227
-33,-62,-1216
-19,-64,-1206
-21,-19,-1204
-17,-27,-1188
3,-42,-1192
-13,-27,-1200
-11,-35,-1218
-1,-13,-1198
-3,-23,-1196
-7,-25,-1204
-1,-13,-1206
-17,-5,-1190
-3,-39,-1221
-23,-21,-1194
-21,-31,-1198
-23,3,-1194
-15,-1,-1188
-27,1,-1204
-29,15,-1198
-21,0,-1186
-7,-21,-1184
-31,-5,-1167
-5,-17,-1159
-11,21,-1157
-15,13,-1149
-13,-17,-1149
-19,-15,-1124
-11,-21,-1130
-3,-9,-1116
-19,37,-1100
-3,15,-1114
-11,27,-1100
0,3,-1097
3,-25,-1091
3,11,-1095
-11,17,-1079
-15,13,-1093
-13,37,-1085
-19,-7,-1081
-11,9,-1087
-13,17,-1091
-27,15,-1091
-31,54,-1083
-13,27,-1075
-25,13,-1087
-23,44,-1083
-23,-9,-1102
-29,21,-1108
-21,9,-1106
-5,0,-1102
-21,25,-1087
-13,7,-1093
-19,-15,-1106
-19,1,-1106
-23,-17,-1108
-25,3,-1104
-23,0,-1087
-19,-9,-1102
-21,7,-1102
-5,-19,-1100
-15,-15,-1100
-13,3,-1106
0,-23,-1098
-11,-9,-1102
-19,-17,-1097
-5,-23,-1104
-19,-3,-1093
-13,-31,-1089
-5,-33,-1095
-21,-9,-1089
-11,-15,-1087
-21,-5,-1081
-17,-15,-1087
-15,-25,-1087
-11,1,-1081
-7,-11,-1075
-7,-11,-1087
-11,17,-1067
3,-5,-1081
-11,-9,-1077
-19,-5,-1079
-3,-13,-1093
-17,17,-1079
-7,3,-1073
-7,0,-1079
-17,9,-1073
-13,-1,-1075
-5,0,-1075
-31,7,-1083
-13,-11,-1075
-25,17,-1065
-11,-9,-1065
-17,-13,-1077
-25,9,-1063
-11,-19,-1065
-27,-9,-1077
-23,11,-1061
-5,-1,-1067
-31,35,-1071
-19,9,-1063
-21,-5,-1067
-27,29,-1056
-19,-1,-1057
-19,23,-1067
-29,29,-1056
-15,5,-1050
-15,37,-1046
-15,15,-1046
-11,15,-1056
-23,44,-1048
-19,17,-1056
-21,40,-1046
-17,37,-1036
-5,25,-1046
-17,46,-1040
-15,31,-1030
-7,27,-1038
-25,-3,-1040
11,-27,-1044
-35,214,-1001
7,-15,-1063
-21,146,-1003
-25,-58,-1065
1,87,-995
-19,-7,-1030
-3,21,-1024
-33,91,-1022
9,1,-1030
-37,89,-1009
9,-40,-1009
-33,31,-1030
0,-7,-1009
-23,27,-1018
-5,5,-1011
-13,58,-1020
-5,3,-1022
-25,25,-1016
-7,-31,-1024
-7,9,-1011
-21,25,-1018
-1,23,-1018
-31,35,-1028
-11,5,-1003
-19,-5,-1022
-15,7,-1018
-23,-9,-1032
-15,29,-1015
-23,23,-1015
0,17,-1026
-19,21,-1032
-11,-17,-1024
-15,-5,-1034
-25,15,-1022
-13,0,-1020
-21,37,-1026
-3,9,-1028
-21,-1,-1036
-15,-3,-1030
-25,-9,-1042
-9,9,-1044
-21,29,-1036
-13,-7,-1024
-21,15,-1036
-15,-5,-1032
-13,-11,-1048
-13,15,-1036
-15,-9,-1048
-11,19,-1040
-21,17,-1042
-7,-7,-1038
-11,0,-1044
-11,-5,-1044
-15,-7,-1042
-13,23,-1044
-13,-5,-1032
-15,15,-1046
-11,5,-1044
-17,-17,-1044
-17,15,-1038
-15,9,-1038
-13,31,-1048
-19,33,-1040
-21,3,-1036
-11,13,-1036
-15,21,-1038
-7,-1,-1044
-21,39,-1040
-23,23,-1042
-19,19,-1044
-23,37,-1040
-23,11,-1046
-21,21,-1046
-23,25,-1040
-17,19,-1036
-9,54,-1030
-13,23,-1034
-13,19,-1048
-9,39,-1038
-11,17,-1040
-13,35,-1034
-21,39,-1034
-9,29,-1038
-11,56,-1036
-17,25,-1028
-5,19,-1038
-21,44,-1032
-9,17,-1034
-15,37,-1032
-21,39,-1022
-11,19,-1030
-21,40,-1030
-9,33,-1018
-15,21,-1026
-17,39,-1026
-7,23,-1024
-15,35,-1022
-19,40,-1013
-11,19,-1018
-9,31,-1015
-15,25,-1007
-5,17,-1018
-11,39,-1003
-19,17,-1005
0,37,-999
-17,25,-989
-1,7,-995
-17,39,-993
-7,31,-991
-11,15,-995
-17,39,-991
-7,5,-979
-15,19,-995
-21,27,-989
-19,1,-987
-13,23,-979
-17,11,-977
-21,11,-983
-25,33,-977
-15,3,-991
-17,9,-991
-21,17,-985
-17,3,-987
-25,29,-987
-15,5,-983
-21,-1,-993
-21,21,-989
-19,-7,-997
-19,19,-1001
-15,17,-999
-11,-5,-993
-27,13,-999
-17,0,-1003
-13,5,-1013
-17,29,-1007
-9,-5,-1005
-15,9,-1028
-13,13,-1009
-19,-3,-1022
-17,27,-1026
-21,1,-1020
-17,5,-1032
-17,23,-1026
-7,0,-1028
-9,25,-1034
-17,29,-1032
-11,13,-1038
-11,17,-1038
-11,19,-1036
-5,23,-1052
-17,37,-1046
-5,9,-1054
-13,21,-1052
-17,19,-1050
-1,19,-1052
-15,39,-1048
-1,23,-1056
0,23,-1054
-21,42,-1065
-11,21,-1059
-17,21,-1052
-11,17,-1050
-3,7,-1052
-13,52,-1052
-9,29,-1054
0,21,-1059
-11,29,-1044
-3,3,-1052
-11,37,-1050
-13,44,-1036
-7,19,-1038
-19,33,-1034
-17,19,-1024
-15,19,-1034
-31,39,-1032
-5,19,-1026
-21,42,-1026
-15,35,-1030
-9,5,-1020
-13,39,-1013
-7,19,-1020
-19,27,-1020
-21,44,-1015
-9,11,-1013
-25,29,-1013
-25,25,-1007
-21,11,-1016
-21,29,-1005
-25,21,-1003
-19,23,-1003
-25,39,-1001
-17,5,-997
-19,19,-993
-7,23,-993
-9,9,-1003
-19,33,-995
-11,21,-989
-17,13,-983
-11,29,-983
-13,-3,-985
-5,21,-997
-9,21,-976
-15,-7,-991
-21,27,-985
-11,-3,-979
-7,23,-987
-17,35,-983
-9,-1,-993
-19,23,-1005
-13,15,-991
-9,7,-1001
-1,29,-985
-11,9,-989
0,13,-1001
-11,35,-993
-13,3,-1005
-21,25,-999
-19,17,-1003
-19,9,-995
-25,23,-995
-27,21,-1001
-15,15,-1011
-17,21,-1003
-19,-3,-1005
-11,23,-1015
-13,27,-1013
-9,5,-1018
-11,21,-1015
-11,13,-1015
-7,9,-1024
-17,27,-1022
-17,5,-1024
-15,15,-1018
-11,19,-1022
-11,17,-1034
-15,29,-1030
-9,15,-1022
-11,11,-1028
-25,25,-1032
-15,5,-1034
-15,23,-1042
-21,46,-1034
-11,15,-1030
-13,31,-1044
-13,21,-1032
-21,17,-1042
-15,39,-1036
-17,15,-1038
-13,23,-1040
-15,31,-1036
-5,17,-1034
-5,42,-1044
-11,25,-1034
-11,13,-1036
-21,35,-1028
-13,21,-1022
-15,31,-1028
-7,35,-1018
-23,7,-1024
-25,37,-1020
-21,15,-1015
-15,23,-1028
-13,37,-1013
-11,9,-1015
-7,25,-1020
-11,35,-1009
-15,11,-1026
-15,35,-1020
-5,17,-1011
-7,9,-1016
-15,37,-1011
-11,9,-1015
-19,39,-1003
-23,29,-1003
-19,7,-1007
-13,25,-1013
-11,11,-1003
-25,25,-1009
-23,35,-1001
-17,5,-1009
-9,31,-999
-17,25,-999
-13,19,-1005
-19,31,-997
-17,15,-1005
-27,9,-1007
-21,31,-1001
-13,23,-1003
-13,52,-1001
-25,11,-1005
-15,9,-1007
-21,0,-1015
-19,35,-1009
-11,9,-1015
-7,31,-1007
-15,17,-1013
-11,3,-1024
-17,31,-1007
-9,5,-1024
-27,29,-1018
-21,19,-1007
-19,17,-1024
-19,39,-1013
-21,23,-1016
-5,19,-1009
-19,25,-1011
-15,5,-1015
-17,35,-1022
-5,37,-1018
-11,7,-1015
-13,19,-1013
-5,9,-1024
-13,19,-1015
-19,35,-1009
-9,0,-1007
-5,27,-1015
-29,-42,-1011
-5,56,-1028
-35,42,-991
-17,95,-1034
-5,35,-993
-25,1,-1042
-7,40,-1001
-25,9,-1026
7,23,-1015
-44,80,-1022
15,-5,-1022
-46,66,-1020
-1,-21,-999
-31,-1,-1001
111,-9,-1052
-128,15,-1015
48,-3,-1007
-66,46,-1038
81,21,-989
-66,27,-1034
50,0,-1009
-35,78,-1016
0,-7,-1003
-29,99,-1038
-29,-25,-995
19,15,-1034
-31,21,-1015
27,5,-1026
-95,1,-999
70,70,-1005
-54,13,-1052
39,46,-1001
-109,5,-979
144,25,-1028
-89,3,-1005
103,-31,-999
-154,35,-1036
121,128,-995
-89,50,-1009
62,54,-1007
-52,-17,-1024
111,-35,-989
-68,-9,-1044
-5,29,-1003
40,72,-1024
-87,93,-1011
9,70,-1026
-17,15,-1015
9,-58,-1001
-54,-48,-1024
78,44,-1005
-68,101,-1015
66,140,-1007
-81,85,-1042
5,-56,-997
5,-81,-1040
-66,-5,-991
50,97,-1011
-39,154,-1003
33,89,-1040
-66,-56,-1018
40,-70,-1001
-50,-3,-999
25,58,-1003
-3,160,-1057
0,25,-1013
-19,-5,-985
-9,5,-1007
-5,0,-1007
-3,9,-1054
-11,3,-1011
5,-3,-995
-25,158,-974
-21,-7,-1050
-31,27,-1028
9,-105,-1028
-56,39,-976
56,121,-997
-93,33,-1040
144,31,-997
-97,27,-1026
99,11,-989
-80,-17,-1026
81,-44,-1020
-50,62,-1005
0,160,-999
-33,3,-1042
-21,-39,-995
25,50,-999
-3,-40,-977
17,42,-1059
-11,-17,-1020
-9,162,-985
-56,81,-1030
1,-87,-1050
-62,44,-1011
19,15,-958
-11,5,-1057
19,25,-1022
-9,138,-976
19,11,-1022
-7,-11,-1032
-25,19,-999
-44,-37,-1005
-5,35,-1013
23,148,-1016
17,13,-1005
-9,-44,-1026
-19,72,-1013
5,15,-1015
-9,-33,-1042
-52,140,-1005
-40,-40,-1028
74,-23,-1009
-42,156,-1020
-13,-74,-1005
-1,111,-1016
0,81,-1026
-15,-113,-1052
-35,121,-977
-15,7,-1003
3,-48,-1040
-13,232,-974
-52,-160,-1054
-11,109,-1007
-3,236,-954
89,-288,-1061
-46,316,-995
-48,-121,-1015
-13,-111,-1052
-60,452,-960
33,-425,-1067
23,316,-958
-7,-17,-1013
29,-224,-1073
-80,579,-940
11,-542,-1093
27,423,-956
-21,-35,-1003
58,-204,-1081
-83,499,-913
72,-517,-1138
-64,515,-913
27,-345,-1063
-15,230,-1040
-48,23,-952
60,-50,-1087
-44,255,-927
52,-316,-1093
-13,423,-933
3,-443,-1095
0,575,-976
-58,-458,-1050
3,456,-995
-25,-290,-1036
31,206,-1016
23,-78,-946
-44,35,-1091
15,130,-981
-74,-50,-1061
23,142,-936
-31,-83,-1075
60,85,-966
-101,25,-1083
74,21,-933
-42,103,-1095
99,-42,-927
-140,122,-1108
80,-101,-956
-103,245,-1069
122,-253,-948
-177,384,-1069
183,-333,-944
-140,406,-1069
179,-382,-970
-160,468,-1032
121,-386,-999
-222,488,-1056
160,-398,-976
-140,378,-1020
140,-271,-1044
-83,259,-968
78,-39,-1050
13,0,-987
-74,177,-1028
113,-226,-985
-169,374,-1065
212,-277,-970
-152,244,-1032
156,-48,-983
-109,0,-1030
9,195,-1005
37,-136,-1009
-68,195,-1003
56,-105,-1036
-78,64,-1001
97,99,-1018
-25,-9,-1001
27,40,-993
-25,23,-1057
46,-56,-991
-107,183,-1042
40,-42,-987
-91,54,-1044
76,50,-991
-21,-33,-1022
-35,121,-1001
91,-29,-997
-42,-3,-1063
-33,136,-989
-3,5,-1018
-52,-66,-1046
-27,183,-997
-9,-44,-1009
-48,37,-1009
27,83,-1013
3,-40,-1003
-17,15,-1022
-3,124,-1032
-44,-13,-1003
-33,15,-1018
-19,56,-1040
-17,23,-977
0,-35,-1036
-54,111,-1015
1,19,-1001
-9,-42,-1036
-44,117,-1026
35,54,-981
39,-64,-1018
-50,121,-1046
-3,29,-1007
-19,-54,-1009
-25,74,-1048
42,68,-989
-13,42,-1007
-21,-70,-1036
-23,111,-1007
11,56,-1005
35,5,-1028
-68,-21,-1018
11,81,-999
-23,126,-1018
62,-144,-1034
-89,93,-1011
64,78,-976
31,91,-1022
66,-107,-1054
-60,66,-1003
11,115,-1024
-21,115,-993
44,-128,-1044
-76,37,-1044
-1,111,-981
44,101,-991
7,-50,-1059
-60,-44,-1028
-31,117,-958
46,76,-1013
-42,21,-1046
-17,-9,-1016
-56,27,-983
58,46,-1016
-33,25,-1018
-33,140,-1022
-9,-121,-1026
-7,64,-1001
-25,23,-1005
0,76,-1018
-29,50,-1015
5,64,-1003
-29,-107,-1024
-25,50,-1011
-17,89,-976
31,76,-1034
-50,62,-1018
-58,5,-1009
-13,-70,-1026
-3,81,-970
40,70,-1018
39,-31,-1003
-46,142,-1003
-15,-25,-1054
-33,-1,-1009
-42,37,-1028
21,15,-1001
3,52,-1013
52,-21,-979
-48,162,-1022
19,-60,-1063
-97,91,-1024
-15,-40,-1022
-11,89,-993
134,0,-983
27,-39,-1020
31,83,-989
48,-66,-1046
-60,105,-1034
-68,-27,-1026
-128,119,-1016
64,81,-1026
-21,171,-958
169,-40,-997
31,50,-968
93,-64,-1001
7,35,-1028
-50,-35,-1042
-52,23,-1020
-48,-60,-1063
-83,89,-1016
-54,13,-1030
21,54,-1003
21,87,-993
-66,62,-1028
-3,132,-985
-56,103,-1015
-25,154,-989
76,9,-993
66,33,-993
83,21,-964
29,19,-1046
39,42,-1005
31,-7,-991
29,17,-1007
95,-40,-1001
11,-29,-1036
9,-7,-1005
9,25,-999
52,-9,-1003
62,27,-981
11,5,-1028
72,31,-991
85,44,-981
76,-21,-1028
50,17,-1020
46,35,-1030
54,-9,-997
76,68,-991
64,25,-1007
50,11,-1011
52,70,-1016
1,23,-1005
31,39,-993
44,46,-1044
48,21,-976
50,-7,-1018
5,42,-1048
1,5,-985
35,11,-1036
-7,56,-1036
17,-5,-1001
21,44,-1022
-7,70,-1016
89,-31,-999
46,140,-974
40,66,-979
46,99,-1013
-76,70,-1038
-64,-56,-1028
-72,-15,-1044
-56,-60,-1030
0,-25,-1040
7,13,-1005
60,85,-968
99,195,-952
44,197,-981
-39,132,-1007
-60,5,-1022
-81,-107,-1077
-83,-130,-1061
-7,-162,-1046
15,23,-1028
107,244,-936
126,257,-940
-11,277,-974
-56,-9,-1044
-152,-232,-1116
-97,-259,-1097
23,-150,-1054
80,242,-950
146,454,-858
83,339,-954
-119,-42,-1059
-136,-445,-1182
-78,-361,-1145
70,105,-948
163,525,-837
89,587,-841
-42,-1,-1077
-189,-575,-1249
-103,-460,-1173
122,226,-888
279,726,-745
35,468,-833
-117,-363,-1214
-181,-671,-1321
-99,-31,-1063
119,732,-712
163,599,-769
39,-337,-1132
-99,-718,-1342
-148,60,-1046
64,856,-755
134,316,-835
31,-605,-1167
0,-538,-1278
-93,624,-878
-50,708,-808
0,-314,-1114
52,-757,-1235
91,392,-956
-93,823,-730
-58,-234,-1102
40,-825,-1300
62,355,-919
-13,935,-659
-29,-290,-1141
-7,-860,-1356
19,527,-882
-74,870,-646
76,-605,-1204
-3,-722,-1348
-83,1018,-772
-7,464,-702
181,-987,-1337
-50,5,-1182
-187,1116,-675
101,-439,-956
158,-790,-1354
-236,997,-911
-56,308,-755
242,-1036,-1264
-74,525,-1067
-177,829,-733
214,-1102,-1192
19,169,-1163
-257,1143,-698
240,-983,-1112
111,-128,-1225
-322,1319,-708
179,-921,-1061
122,-402,-1296
-341,1538,-716
214,-909,-1038
183,-396,-1259
-423,1528,-761
255,-1110,-1085
115,-146,-1184
-390,1434,-757
333,-1241,-1136
46,345,-1085
-365,899,-817
425,-1331,-1235
-189,1016,-888
-93,56,-960
343,-813,-1214
-353,1323,-782
179,-933,-1169
76,238,-1050
-333,765,-845
445,-1296,-1274
-325,1411,-763
122,-650,-1081
212,-107,-1157
-476,1083,-755
493,-1551,-1296
-331,1456,-798
56,-669,-1048
265,44,-1087
-450,895,-847
511,-1337,-1284
-507,1610,-724
298,-1344,-1260
-117,938,-895
-113,-144,-956
386,-445,-1196
-476,1182,-710
616,-1499,-1342
-560,1774,-712
376,-1499,-1313
-292,1278,-823
-1,-769,-1124
130,394,-987
-298,284,-933
491,-579,-1171
-489,1040,-755
566,-1165,-1300
-581,1456,-704
540,-1493,-1323
-571,1633,-755
456,-1477,-1259
-382,1522,-757
343,-1288,-1231
-232,1288,-788
247,-1143,-1202
-197,1169,-802
167,-1005,-1233
-206,1132,-819
173,-993,-1194
-199,1057,-812
175,-1026,-1212
-187,1057,-786
185,-929,-1251
-208,1122,-737
286,-1061,-1247
-286,1161,-753
359,-1112,-1241
-322,1130,-761
316,-948,-1301
-331,1001,-753
318,-784,-1225
-283,685,-825
214,-409,-1141
-128,245,-1005
-1,121,-1001
126,-333,-1046
-208,620,-888
304,-692,-1169
-341,730,-819
292,-536,-1221
-247,404,-856
148,-29,-1077
21,-269,-1015
-162,675,-905
290,-769,-1221
-365,925,-769
374,-696,-1218
-253,433,-856
81,95,-1059
109,-376,-1081
-271,726,-858
355,-653,-1177
-324,519,-858
214,-70,-1091
-33,-306,-1063
-126,610,-876
244,-497,-1151
-197,324,-907
97,124,-1026
52,-355,-1063
-136,476,-909
121,-216,-1097
-42,-60,-970
-54,341,-983
87,-206,-1030
-23,33,-1065
-64,283,-936
101,-257,-1095
-15,126,-958
-109,197,-995
167,-175,-1073
-74,68,-1003
-37,353,-977
150,-349,-1083
-91,121,-927
-27,382,-1022
130,-421,-1104
-89,134,-972
-56,384,-968
201,-419,-1120
-142,46,-968
-35,571,-962
148,-443,-1139
-58,-37,-964
-115,534,-921
193,-247,-1128
-42,-343,-1044
-169,675,-911
167,-62,-1073
17,-470,-1038
-128,361,-907
7,466,-1018
201,-542,-1122
-224,-35,-927
-9,718,-960
183,-298,-1073
-33,-421,-1015
-206,472,-974
171,388,-1001
103,-517,-1040
-175,-19,-974
-76,476,-1026
193,33,-1016
39,-425,-1034
-269,142,-985
134,411,-985
101,-56,-1020
15,-247,-1069
-277,60,-1036
83,398,-968
150,-134,-1015
39,-187,-979
-267,124,-1054
1,267,-970
187,39,-1061
58,-216,-999
-138,44,-979
-146,156,-1005
187,134,-1020
95,-70,-1030
5,-81,-989
-220,103,-987
-42,58,-1036
97,124,-1059
158,7,-946
-76,-9,-1020
-103,17,-1003
27,-13,-1059
-89,89,-1022
97,117,-966
56,19,-962
-54,-5,-1046
21,-78,-1071
-50,9,-1013
-54,173,-991
9,60,-966
23,25,-1048
121,60,-999
7,-56,-1028
-115,29,-1046
-80,-17,-1024
-13,76,-989
-3,193,-944
78,99,-1036
148,-54,-1067
-50,-89,-1052
19,-29,-1022
-121,-3,-976
-140,130,-962
50,89,-1009
-7,148,-1015
187,9,-1003
80,-58,-1077
76,-121,-1069
-13,44,-1028
-66,140,-958
-9,-27,-985
-199,5,-1038
72,70,-981
3,99,-1009
72,19,-1026
72,132,-1044
-5,9,-1028
42,11,-995
-25,78,-1065
72,25,-995
25,42,-1026
-66,89,-1015
21,-23,-1046
-64,-42,-1032
-80,23,-983
-78,115,-1009
91,-7,-942
95,136,-981
3,122,-985
-199,-15,-1013
-263,126,-1026
58,140,-944
31,-31,-1016
113,19,-1061
-138,44,-991
89,117,-1061
58,0,-1038
101,37,-1013
85,-37,-997
-50,-81,-1026
171,-37,-1118
132,5,-936
111,-39,-1005
-35,50,-1048
-13,136,-1046
107,-83,-1054
11,-40,-974
-5,185,-979
-48,89,-946
70,5,-1149
-17,113,-1059
-68,27,-979
-9,183,-1003
15,242,-983
156,-119,-1048
-80,-140,-1038
-183,81,-956
-113,218,-1013
101,21,-1104
68,42,-1044
-60,-171,-1038
-89,-42,-901
-99,165,-940
83,93,-1052
105,-68,-1132
-33,-5,-1032
-78,-150,-970
-85,134,-936
-44,144,-952
95,-70,-1011
56,56,-1059
7,-66,-1054
-29,-64,-987
-122,165,-974
-7,44,-960
109,46,-993
87,60,-976
128,-113,-1063
13,167,-1102
-31,0,-1036
-74,70,-946
-99,154,-974
-15,42,-991
60,117,-1032
19,107,-1028
142,-111,-1087
-35,87,-1093
-54,-83,-1054
-76,101,-985
-68,46,-972
-23,27,-976
17,203,-1020
124,113,-1056
83,165,-1026
105,-72,-1054
60,-81,-1069
-25,-85,-1001
-1,-109,-1071
-78,204,-1013
-46,21,-987
-58,199,-968
-81,-56,-950
9,-29,-968
-29,201,-1007
122,-13,-1016
33,162,-976
93,-124,-1059
0,64,-1079
74,-74,-1020
29,-25,-1079
-83,-27,-1003
-19,-144,-1065
-103,150,-993
-76,-99,-1005
-122,134,-989
-78,-64,-1040
-76,142,-938
-74,29,-968
19,87,-974
-74,126,-1022
29,95,-999
-27,121,-958
3,-48,-948
-3,101,-1015
27,85,-1015
-48,167,-997
76,-58,-995
-3,167,-993
91,-66,-1018
5,169,-989
11,7,-1026
27,81,-1046
40,15,-968
81,95,-997
21,-25,-1063
-11,154,-1009
50,40,-1022
46,101,-999
-21,-31,-993
39,37,-1042
-17,99,-1052
-17,187,-958
-35,-25,-1016
44,56,-1026
-31,-21,-995
-11,122,-938
-58,21,-1093
-1,74,-1036
-76,13,-993
-5,15,-944
-39,-31,-1095
-56,183,-993
25,-23,-1040
13,37,-1001
-9,3,-1038
54,11,-977
76,72,-1052
-66,97,-989
23,80,-1032
11,-25,-1032
-25,-3,-977
-29,29,-1028
29,115,-1032
-31,-23,-1036
-62,39,-909
7,-60,-1075
11,156,-1005
3,15,-1026
19,-66,-970
-39,66,-1042
62,-44,-999
-37,117,-1003
-27,-37,-1032
11,83,-1056
0,-27,-995
48,-7,-948
-89,87,-1050
37,37,-1038
-62,89,-977
81,-48,-935
-21,91,-1056
46,-5,-1050
-21,85,-999
21,35,-1016
-9,1,-1034
-37,80,-1009
39,40,-985
-46,46,-1036
39,35,-1061
-52,-72,-991
-3,19,-968
-37,109,-1054
15,60,-1057
-5,13,-964
-31,-80,-964
33,13,-1077
-50,74,-1038
85,5,-981
-33,21,-1015
13,-17,-1069
-83,-11,-964
29,111,-981
27,35,-1020
40,101,-1057
0,-48,-933
-70,25,-983
17,111,-1079
-21,39,-1044
-15,-1,-925
5,-35,-1013
-3,76,-1042
-1,-21,-981
-31,105,-981
66,-3,-1024
-29,109,-1054
-37,40,-958
-103,19,-1020
37,150,-1046
50,31,-981
-23,-40,-952
-9,76,-1036
23,48,-1087
-33,33,-960
-15,-5,-983
-23,3,-1028
76,0,-1054
-93,87,-968
19,33,-1050
-93,29,-1036
68,58,-976
-5,-80,-995
-15,121,-1059
-31,35,-1011
-115,64,-956
154,-37,-1059
-44,74,-1028
25,23,-993
-78,-103,-933
39,171,-1138
-13,29,-985
-85,39,-995
83,-50,-1016
44,80,-1038
50,-3,-999
-132,-9,-923
33,199,-1163
-3,-48,-936
-62,31,-985
54,-9,-1057
-23,70,-995
17,15,-1015
-76,-44,-931
46,187,-1097
39,-33,-966
-46,-15,-977
46,101,-1075
33,-64,-981
-58,76,-1034
-33,40,-979
-21,83,-1005
35,54,-1028
25,-48,-958
-81,85,-1046
56,70,-1077
-81,-50,-962
-89,72,-1007
107,9,-1073
-56,60,-985
-39,5,-958
95,-17,-1132
-52,15,-968
-21,48,-929
56,15,-1161
-87,21,-931
9,37,-991
85,21,-1098
-23,11,-931
-11,-15,-1042
-33,44,-1015
-54,17,-977
21,60,-1057
-52,68,-954
5,5,-1056
72,42,-1026
-3,-29,-905
62,52,-1134
-60,76,-974
-66,87,-983
-7,56,-1110
-46,46,-958
46,-19,-1020
13,-40,-936
76,3,-1050
42,58,-1036
-42,29,-931
1,103,-1179
-134,42,-956
91,-31,-993
-52,89,-1052
76,-1,-989
42,44,-1011
-52,56,-956
113,19,-1128
-101,-48,-964
-33,56,-977
-27,-5,-1087
-23,-15,-1005
-11,66,-987
72,95,-1030
39,21,-1050
76,-85,-874
48,56,-1093
-23,21,-964
3,60,-1042
-130,62,-1011
48,83,-1075
-70,-15,-948
58,-1,-995
-1,-25,-1005
31,15,-1036
-81,72,-954
156,99,-1065
-62,68,-985
99,-54,-1028
-95,-17,-1018
-5,78,-1075
-128,39,-935
78,130,-1097
-117,72,-948
134,0,-1016
-89,-50,-979
140,5,-1044
-117,-35,-927
109,173,-1120
-128,9,-925
191,46,-1056
-122,-44,-917
185,70,-1141
-160,-39,-870
74,177,-1153
-128,9,-909
76,80,-1102
-76,-31,-880
89,25,-1118
21,-31,-897
-76,85,-1054
101,95,-1059
-107,-13,-964
128,54,-1030
-103,-85,-913
121,136,-1130
-124,-56,-856
111,187,-1214
-113,-5,-878
-33,91,-1075
13,-29,-1024
-91,-21,-960
83,64,-1061
-39,-19,-940
78,195,-1147
-17,-70,-872
19,66,-1108
-50,5,-964
-40,-48,-981
9,99,-1091
-35,13,-942
37,66,-1020
13,-29,-987
-21,-42,-1026
-56,29,-1013
-15,19,-999
-25,150,-1091
-11,-27,-958
105,58,-997
3,11,-1015
21,31,-989
35,44,-1087
-99,39,-1038
23,62,-1001
-58,-56,-1048
-31,11,-1003
9,-42,-972
-35,52,-1018
56,138,-1048
35,-9,-948
-21,-17,-1044
39,111,-981
-42,-11,-989
-72,50,-1085
3,91,-1042
-56,39,-958
25,40,-1038
87,-3,-962
-48,-58,-977
9,80,-1036
37,134,-1036
-66,46,-981
52,19,-1065
31,13,-964
-21,-5,-987
-25,85,-1075
21,44,-1018
-25,70,-977
64,29,-1032
5,-50,-968
9,-89,-993
-33,93,-1013
1,107,-1057
-1,70,-1001
13,-23,-1005
-29,-29,-1007
5,-35,-1024
-66,119,-1009
9,7,-1056
9,91,-1022
25,-31,-976
29,-7,-987
35,-54,-1028
46,70,-1024
56,142,-1011
95,83,-1011
126,-29,-989
126,-54,-981
179,121,-1009
183,31,-1046
189,58,-1032
372,40,-997
359,56,-987
423,-23,-960
378,-29,-1048
474,17,-1016
493,150,-1073
591,105,-1015
560,-48,-929
651,-76,-991
704,115,-1013
710,121,-1050
714,128,-1052
897,-40,-960
919,-13,-950
966,-19,-981
886,1,-1042
985,-5,-1032
1114,191,-1020
1050,191,-950
976,-89,-954
1056,-117,-1001
1167,-3,-1036
956,257,-1042
1118,162,-1052
1032,-122,-1013
1192,-56,-911
1046,87,-1016
1071,-1,-1018
1091,-23,-1073
1206,150,-977
1073,189,-983
1165,-31,-1020
1106,-130,-1013
1118,3,-1007
1075,267,-1077
1095,93,-1065
1110,-294,-991
1204,-58,-944
1075,302,-1001
1114,284,-1038
1389,44,-1030
1294,-105,-1018
1313,89,-942
1270,85,-1056
1434,-91,-1054
1296,103,-1077
1391,251,-958
1173,-13,-952
1300,-341,-1020
1210,-21,-1003
1007,236,-1059
1182,476,-1093
1286,39,-935
1282,-193,-929
1249,169,-933
1327,-29,-995
1305,-142,-1102
1296,111,-1075
1108,58,-997
1395,-5,-892
1196,-224,-1032
1266,19,-899
1179,515,-1022
1376,244,-1110
1231,-152,-1091
1358,-83,-1046
1454,113,-987
1247,148,-995
1368,-29,-983
1565,189,-915
1424,13,-987
972,-181,-1089
1469,-409,-993
1397,64,-1046
1253,657,-952
1307,255,-806
1348,-74,-979
1506,-54,-1075
1245,-122,-1079
1348,3,-1173
1485,-23,-1104
1284,171,-929
1284,310,-802
1179,-21,-964
1456,-343,-1048
1298,0,-1114
1221,310,-1091
1255,398,-929
1508,9,-936
1259,-345,-999
1629,105,-878
1428,201,-1108
1368,-244,-1030
1274,-158,-1143
1676,42,-1005
1200,384,-952
1622,156,-808
1327,31,-1116
1616,-11,-1022
1138,191,-1024
1727,-255,-894
1100,121,-1239
1499,-70,-903
1192,300,-864
1608,-21,-1030
1184,-21,-1069
1221,-115,-854
1397,25,-1024
1376,113,-1139
1462,271,-950
646,163,-1102
1598,-126,-800
1167,167,-1028
1549,-13,-1073
1120,-15,-1087
1233,-15,-913
1651,-54,-909
1399,148,-1079
1196,195,-1057
1255,163,-1001
1663,-224,-983
1155,-37,-1130
1469,52,-808
1319,308,-999
1116,23,-1190
1493,-13,-913
1344,275,-1046
1196,-150,-1005
1438,3,-831
1555,124,-946
1218,-11,-1093
1565,160,-985
1383,-156,-927
1690,-191,-1022
1300,386,-1161
1667,148,-954
1434,-80,-1054
1301,19,-1030
1424,281,-839
1124,109,-1036
1444,-294,-954
1028,142,-1284
1333,134,-872
1186,-37,-915
1221,286,-991
1065,-208,-1128
979,23,-907
946,244,-903
1198,-472,-1122
726,212,-1095
825,290,-833
632,132,-1190
931,15,-1075
638,-119,-940
458,-48,-999
493,91,-1071
927,-335,-1020
253,374,-1024
683,236,-837
191,-181,-1114
224,-97,-878
503,-27,-1106
156,294,-1075
78,203,-1138
610,1,-853
-42,5,-927
499,80,-1036
425,-80,-1067
-66,-74,-1056
156,-107,-1011
363,212,-1069
91,370,-927
40,-273,-1026
-19,-83,-987
427,195,-1122
279,31,-952
-3,-9,-913
523,76,-1163
327,433,-979
58,-5,-936
601,-228,-946
406,-376,-1063
-242,265,-1153
158,134,-915
156,292,-1114
277,-1,-1079
-46,-222,-899
165,238,-936
640,-191,-1081
-259,117,-1057
191,9,-923
714,64,-958
119,128,-1206
35,-257,-837
296,93,-1038
134,5,-1229
29,-5,-936
324,113,-946
228,-54,-1018
-134,345,-1052
249,17,-958
142,220,-1104
-19,-306,-958
-39,-150,-897
136,105,-1022
-160,382,-1093
269,-247,-1087
81,158,-968
-85,-212,-905
66,124,-1026
35,216,-1077
-50,31,-1013
236,5,-976
-214,40,-970
81,13,-944
240,23,-1038
-144,193,-1202
-181,-91,-901
300,-177,-960
-177,83,-972
35,-80,-1194
294,359,-936
-259,290,-1102
163,-329,-938
411,29,-913
-134,-156,-1190
-33,-3,-1085
-124,99,-1079
-39,109,-1024
83,-222,-874
-224,476,-915
247,-216,-940
54,316,-1180
83,-136,-989
179,-50,-849
-224,81,-909
-158,113,-1145
351,415,-1007
-273,-3,-1024
245,-286,-1016
54,244,-942
320,-298,-970
-212,324,-1175
25,-148,-1069
60,158,-849
245,-35,-878
-382,74,-1091
335,-124,-1122
-158,351,-1050
-68,-119,-997
74,-126,-925
181,249,-1009
-337,68,-1020
117,175,-1054
105,-189,-1018
-283,148,-890
222,-212,-870
-138,331,-1089
226,1,-1255
-101,-52,-936
-83,-27,-972
201,-197,-938
42,327,-1011
-25,105,-1155
-109,50,-997
128,-66,-1026
-68,-91,-903
-109,279,-1024
185,-245,-1057
-99,368,-1085
273,-154,-964
-134,-66,-853
244,56,-976
81,-119,-1138
-253,546,-1145
376,-325,-890
-322,242,-970
183,66,-882
-91,148,-1054
-103,50,-1239
269,-17,-960
-242,-107,-981
232,195,-1007
74,103,-913
-60,64,-1198
-5,-46,-987
80,-58,-1013
-78,-199,-968
52,550,-997
242,95,-882
-212,-48,-1202
169,19,-1026
-179,-140,-813
132,74,-1013
-216,44,-1200
-216,421,-1089
329,-265,-853
-335,72,-1075
284,-240,-944
-115,230,-1114
251,175,-1054
-214,9,-1143
33,-66,-890
-56,-81,-987
134,144,-977
-21,-5,-1067
-48,156,-1003
105,50,-948
-177,60,-1011
257,-56,-970
-443,-40,-1192
357,201,-1030
-212,60,-897
249,62,-804
35,-91,-1159
142,226,-1067
31,-294,-1089
-126,-175,-1028
329,81,-874
-497,160,-919
458,-54,-1104
-460,386,-1190
255,-316,-886
-216,101,-1052
273,-68,-917
-23,411,-1110
152,-138,-966
9,54,-1069
-31,-374,-954
-17,267,-991
-87,99,-960
181,25,-1114
-236,91,-1095
156,-144,-856
-220,259,-1007
302,-111,-1020
-269,482,-1071
-33,-357,-962
-48,281,-956
216,-380,-940
-81,312,-1114
64,-296,-1110
-85,406,-1007
80,-499,-1050
-370,136,-1147
175,-91,-860
-5,234,-972
31,81,-1167
-124,-140,-946
97,29,-993
-29,44,-960
19,197,-1190
76,56,-917
-244,-68,-1013
171,146,-1024
-247,-177,-1091
253,91,-872
-146,-121,-1192
130,339,-872
-126,-261,-925
152,39,-1059
-302,189,-1102
279,89,-966
-247,-15,-936
76,119,-964
277,5,-1024
-87,173,-1005
244,-220,-1067
66,232,-1065
83,-23,-876
-193,-191,-997
195,331,-1073
70,-204,-1134
-204,263,-905
169,-21,-966
150,199,-1085
-165,-275,-1110
-113,76,-960
138,-25,-1067
-222,39,-915
-23,-101,-991
-208,597,-958
109,-242,-1116
-89,126,-1003
21,-68,-936
31,171,-997
122,126,-1122
185,-163,-1093
-240,-68,-1057
68,-158,-892
60,247,-999
-119,7,-1194
-144,-121,-977
-111,60,-952
68,101,-1114
-83,-25,-993
117,48,-706
-228,140,-1202
181,-117,-1081
-195,197,-808
29,-160,-829
-150,466,-1257
261,-409,-1005
83,156,-962
-95,-226,-1071
44,204,-1071
191,-115,-866
-206,183,-1157
-130,-13,-1061
210,-138,-899
-230,167,-890
17,331,-1030
89,91,-1136
-13,-39,-944
74,-253,-1073
9,117,-968
-81,11,-999
54,119,-999
-54,-27,-1104
17,23,-845
-183,29,-964
158,247,-1042
-154,89,-1188
124,-271,-833
-314,255,-1098
398,-146,-1015
-193,290,-970
-27,-277,-1026
-101,216,-1136
370,-244,-919
-203,203,-921
-23,31,-1132
25,115,-1073
-29,-220,-1118
-183,269,-817
60,-78,-1013
-160,148,-1038
128,89,-1009
-160,-101,-1034
89,-327,-1075
19,97,-876
-261,21,-1032
56,-1,-1024
-148,142,-1042
179,-42,-856
-265,302,-1022
226,-72,-802
-78,236,-1184
15,70,-1106
142,-240,-888
42,23,-894
-142,-7,-1141
60,240,-1007
142,-181,-999
-111,52,-1015
-31,351,-976
132,-417,-970
-21,179,-1054
-23,-74,-1153
-122,-50,-952
-56,-5,-839
-232,128,-1151
25,91,-1061
-201,72,-1007
72,-37,-874
-167,341,-1018
298,-204,-1003
-54,66,-1022
64,11,-1085
-11,13,-1034
31,122,-856
48,-81,-1011
136,89,-1220
-150,-146,-907
132,197,-1032
146,56,-884
-58,-115,-1175
74,-66,-899
-37,35,-1061
-83,314,-983
171,-152,-892
-111,124,-1022
128,9,-1171
-46,93,-981
-56,130,-946
13,46,-1122
37,-111,-1071
-162,-152,-958
-44,314,-1028
-111,-111,-995
-64,-35,-976
64,195,-970
80,208,-1069
-68,52,-1024
-48,-261,-985
119,296,-1034
138,-421,-1054
-66,419,-901
169,-105,-933
-154,304,-1108
265,-546,-981
-83,700,-1038
179,-407,-1079
-130,277,-995
0,-249,-1020
-226,162,-964
50,134,-1026
93,31,-895
-111,187,-1046
212,-204,-997
-228,17,-1073
136,-1,-894
5,230,-1249
-7,-279,-942
-113,-37,-1018
189,245,-1048
-81,81,-1044
-85,201,-784
89,-195,-1124
91,-58,-1057
-76,158,-954
101,-9,-962
177,158,-1118
33,-80,-1073
-191,-89,-944
181,187,-933
-134,-234,-1165
-218,56,-997
37,-15,-991
-13,148,-946
-62,11,-899
15,365,-1071
-54,-136,-1075
33,19,-1057
113,267,-917
-80,-74,-1009
179,39,-1100
97,-72,-966
15,163,-1009
111,-150,-1052
-119,99,-1001
115,-40,-1089
-76,119,-987
-97,50,-968
83,40,-989
46,-23,-1163
-81,-66,-974
-201,222,-1042
-162,-101,-1013
-105,-103,-929
35,148,-907
-87,306,-1044
140,-35,-1136
-95,115,-1110
-64,-1,-954
105,-206,-1075
146,267,-1038
-37,-247,-958
-191,85,-1036
121,-33,-1044
-60,339,-972
126,50,-952
-115,3,-1085
148,-214,-1075
5,50,-901
40,9,-995
-119,136,-1095
33,-175,-981
-245,199,-1007
-109,40,-958
185,-89,-927
-68,115,-1077
-107,97,-1083
103,-81,-894
204,267,-1112
-80,-242,-1116
121,89,-981
138,31,-929
-228,-179,-1028
-29,31,-997
210,156,-1018
-138,337,-1046
83,-9,-997
7,-187,-1075
-42,21,-1015
115,29,-970
119,-136,-919
-249,189,-1050
89,-226,-999
-247,148,-1143
101,284,-882
25,-142,-1001
154,140,-1020
-48,-144,-1089
117,210,-876
68,95,-1079
-19,-81,-1110
-33,-234,-854
21,107,-929
-240,179,-1116
113,216,-1108
144,50,-946
-66,-25,-1015
177,220,-1044
-76,-343,-1157
-37,-44,-1018
15,23,-958
13,-95,-979
-292,144,-997
56,103,-970
-105,226,-1028
72,251,-894
175,-144,-1112
11,7,-1042
183,140,-1034
177,-201,-985
-29,-3,-1126
-78,-242,-903
-15,130,-905
156,122,-1073
-46,119,-1040
-37,208,-974
109,-81,-911
33,99,-1007
167,177,-919
228,-263,-1143
-35,89,-1048
-140,-52,-956
-158,15,-1108
162,80,-1054
-267,93,-1024
7,-103,-985
-404,201,-983
212,62,-1052
-11,-89,-981
-35,58,-1018
39,152,-954
87,-300,-1120
-119,238,-993
50,64,-974
78,62,-1040
42,142,-1020
9,-124,-1003
162,169,-1130
-13,-9,-962
-187,-171,-989
0,-138,-1009
54,238,-999
-27,-25,-1038
39,54,-987
33,185,-940
31,-3,-895
15,261,-1038
97,-136,-1104
23,-242,-976
-294,140,-1030
148,-81,-1009
-31,70,-1143
-46,58,-991
-68,23,-929
21,160,-1077
101,-130,-876
-80,81,-1179
212,242,-886
-31,-283,-993
134,-46,-936
91,253,-1065
-31,64,-1089
46,-80,-1116
-70,-171,-1075
-83,181,-890
121,74,-874
-83,-122,-1028
11,-25,-1169
97,259,-899
-81,-7,-929
56,-236,-1087
-206,181,-1075
27,-35,-977
138,292,-894
39,-156,-1087
-64,384,-1069
-9,-185,-974
-56,68,-979
27,91,-972
-7,-17,-1104
105,3,-991
-212,-99,-1276
7,210,-929
-74,-130,-1091
-119,245,-940
-37,-298,-989
60,329,-936
-199,-146,-1136
-105,101,-831
33,76,-1030
-76,66,-1124
167,283,-888
130,-281,-977
40,163,-1003
-115,-40,-1225
66,76,-813
81,-210,-987
-27,357,-929
-46,-64,-1024
-93,327,-979
222,-263,-1005
60,163,-1112
74,-13,-983
33,-58,-1005
66,44,-1102
167,-234,-858
-316,31,-1118
167,177,-819
-126,-87,-1122
-329,324,-1083
193,-128,-1001
-230,415,-903
-27,-283,-1151
50,163,-905
199,-218,-1018
-52,76,-1124
40,115,-921
62,-197,-985
142,269,-843
-31,-95,-1257
42,163,-1020
-169,-72,-985
99,204,-917
195,-124,-1048
-208,134,-1116
80,-175,-792
-273,206,-977
50,117,-1052
-27,-167,-1149
165,361,-901
-7,-52,-1044
-97,56,-1270
208,-165,-858
-165,201,-1079
-11,-103,-1042
-68,-126,-1118
48,122,-792
48,-146,-1097
29,503,-1122
-177,-363,-977
-128,355,-935
134,-177,-1136
158,261,-874
-42,-3,-1011
58,117,-1007
21,-54,-1040
-85,78,-985
23,35,-1054
15,152,-1159
-21,-341,-972
-113,267,-894
232,-62,-936
-107,189,-1083
-42,-89,-1022
-177,-52,-938
1,197,-929
62,-3,-1122
80,154,-997
50,70,-1005
-44,-1,-1001
-189,0,-1169
259,-281,-1151
25,165,-823
76,-245,-866
-3,349,-1097
89,-150,-974
-167,-29,-1106
52,19,-870
-333,398,-1056
245,-54,-1030
-44,-187,-1087
68,113,-919
40,-105,-907
-107,464,-976
203,-478,-1091
-224,-37,-1169
175,40,-884
-117,-44,-1235
39,247,-872
197,-66,-962
91,39,-935
-101,-11,-1122
171,42,-823
-121,113,-997
165,-322,-989
-23,407,-1182
7,-191,-1093
-78,206,-856
244,-320,-1063
64,489,-921
-91,-80,-1093
160,128,-829
-56,-105,-1087
-136,150,-1007
-40,-101,-1059
-37,142,-1057
39,126,-985
-64,142,-876
292,-13,-946
-193,39,-1091
-66,74,-974
124,-89,-987
-195,93,-1210
-267,50,-1038
35,-66,-929
-1,388,-1042
-58,-218,-1104
-267,423,-936
-122,-368,-1063
-267,177,-1056
-275,-308,-1126
-87,158,-935
-275,-195,-983
-183,212,-952
-177,-29,-1100
-195,66,-956
-411,99,-1028
-601,204,-999
-708,-193,-894
-737,-46,-925
-1169,-15,-1180
-1056,183,-972
-1485,-54,-1036
-1192,56,-1069
-1608,368,-1038
-1346,-363,-854
-1651,353,-837
-1003,-493,-1128
-1259,470,-964
-1393,-370,-1149
-1350,523,-788
-1305,-566,-1132
-1081,355,-1184
-1342,310,-1108
-1284,-175,-938
-1241,-70,-1028
-745,-361,-1138
-956,528,-1194
-1307,185,-786
-616,-673,-882
-1194,134,-1186
-841,238,-950
-997,216,-972
-450,-536,-1056
-987,-5,-1245
-979,966,-825
-503,-179,-911
-1296,-327,-979
-468,-540,-1260
-1629,997,-835
-1018,-292,-1065
-1165,-388,-1327
-1346,320,-1128
-1341,316,-880
-1565,-70,-704
-1026,-480,-1175
-1249,-101,-1005
-1871,810,-909
-1382,-50,-1028
-1339,-823,-1139
-1573,177,-1262
-1385,722,-919
-1434,9,-747
-958,-525,-1130
-1403,21,-1138
-1141,644,-952
-1165,-394,-927
-1212,-208,-1028
-1204,177,-1126
-1020,162,-923
-1331,148,-925
-1143,-353,-1069
-1128,54,-915
-1520,372,-1161
-1251,-1,-1009
-1407,-290,-1083
-1327,341,-956
-1479,87,-1054
-1280,46,-946
-1300,-620,-1134
-1395,558,-1026
-1434,491,-1081
-1374,-398,-917
-1419,-281,-1112
-1383,83,-899
-1606,421,-1085
-1423,-322,-806
-1298,-124,-1257
-1432,244,-1153
-1645,337,-1139
-1606,-62,-827
-1190,-228,-1048
-1114,33,-1147
-1596,286,-958
-1510,109,-858
-1259,-349,-1024
-1157,-134,-1171
-1629,398,-1141
-1368,222,-895
-1206,-499,-1079
-1059,290,-1003
-1460,300,-1011
-1091,7,-839
-1442,-726,-1138
-1022,267,-956
-1360,388,-1077
-1370,191,-977
-1327,-634,-1259
-1241,72,-913
-1573,445,-983
-1544,33,-890
-1032,-472,-958
-1426,122,-1157
-1803,532,-960
-1368,-366,-940
-1292,-247,-1057
-1241,21,-1239
-1817,696,-1095
-1286,-124,-753
-1491,-671,-1073
-1276,327,-1221
-1442,191,-989
-1380,218,-763
-1524,-776,-1124
-1184,423,-1206
-1464,704,-1196
-1409,-306,-749
-1512,-456,-1083
-864,-11,-952
-1690,831,-1145
-1339,-160,-839
-1288,-706,-1013
-1342,236,-1124
-1526,552,-1112
-1383,-101,-987
-1391,-417,-1071
-1284,195,-1005
-1620,556,-1108
-1360,-60,-862
-1337,-726,-1102
-1323,195,-979
-1471,411,-1116
-1288,234,-917
-1245,-847,-1149
-1249,427,-958
-1364,486,-1061
-1300,-66,-882
-1395,-724,-1149
-1132,290,-1085
-1407,482,-974
-1225,140,-833
-1145,-675,-1118
-1116,83,-1114
-1206,503,-1036
-1106,74,-870
-853,-558,-1097
-784,212,-1098
-907,501,-964
-895,-140,-901
-802,-474,-1024
-687,175,-1110
-806,374,-1132
-706,-9,-974
-714,-185,-1065
-501,54,-1071
-675,214,-1024
-595,13,-841
-560,-365,-979
-413,93,-1036
-571,322,-1003
-337,21,-989
-333,-232,-1128
-249,160,-1022
-394,91,-1024
-232,64,-911
-156,-89,-1020
-138,-93,-993
-265,171,-968
-177,109,-989
-191,-156,-1196
-167,-31,-1132
-284,306,-940
-158,89,-905
-91,-224,-1030
-167,-29,-1009
-201,119,-897
-206,74,-972
-97,-25,-1089
-101,54,-1136
-222,109,-1022
-275,171,-954
-72,-40,-1046
-130,-111,-1093
-245,150,-901
-201,7,-931
-138,-13,-1091
-216,66,-1040
-199,40,-997
-224,-19,-1079
-197,107,-1057
-146,29,-991
-212,25,-981
-134,52,-968
-136,-50,-1022
-132,-50,-1001
-253,138,-983
-103,91,-1081
-78,9,-1175
-195,64,-1016
-156,87,-890
-25,-40,-1018
-68,-9,-1050
-150,-29,-940
-81,9,-927
-113,85,-1056
-21,23,-1118
-78,-50,-1085
-214,208,-956
-58,44,-993
-31,-58,-1079
-109,13,-966
-128,-29,-931
-66,0,-997
-66,35,-1061
-46,23,-1052
-93,42,-1042
-72,175,-1003
-52,-25,-1003
-52,-39,-977
-66,46,-942
-80,-52,-1015
-52,50,-1016
-95,72,-993
-25,23,-1104
-46,64,-1112
-23,81,-985
42,1,-976
154,58,-1003
167,-15,-1018
46,-29,-1007
158,11,-933
138,58,-999
269,11,-1108
154,62,-1075
76,50,-1001
148,70,-1016
185,9,-1091
119,15,-954
-25,-56,-940
-1,78,-987
9,46,-1052
11,1,-1093
-66,103,-1022
-68,50,-985
-42,1,-997
-76,54,-1024
-80,-1,-923
-148,-19,-974
-121,107,-1024
-111,-50,-1069
-54,29,-1130
-78,81,-1054
-80,19,-1011
-58,119,-960
-33,-21,-987
-50,-21,-997
-119,19,-954
-95,56,-1001
-144,3,-1054
-64,99,-1098
-91,13,-1052
-113,62,-981
-25,78,-958
62,-21,-993
-35,0,-1013
-68,48,-954
-33,11,-1013
-46,64,-1104
23,31,-1067
-35,17,-1016
-15,42,-933
50,58,-976
80,-29,-1005
-3,-11,-966
-89,46,-976
-33,17,-1016
-42,42,-1100
-21,58,-1083
-15,17,-1016
-7,109,-974
70,9,-964
78,-74,-1013
17,60,-972
-42,-17,-968
-46,80,-1022
-19,103,-1040
39,-23,-1095
-27,80,-1038
15,74,-968
105,-31,-1003
103,-21,-1013
-17,7,-981
-17,-58,-966
-62,121,-1007
-39,48,-1077
15,27,-1065
-60,111,-1001
-33,39,-970
85,-15,-1015
31,21,-1018
-33,-76,-989
-46,33,-985
-44,56,-1016
7,-15,-1097
-25,136,-1061
-11,19,-993
-15,68,-983
50,37,-1015
31,-35,-997
-70,-5,-1018
-107,81,-993
-40,-74,-1022
-17,83,-1102
-33,70,-1044
-5,21,-950
11,162,-970
62,-48,-1026
-9,-3,-1028
-62,81,-991
-74,-3,-1026
-78,56,-1063
21,37,-1083
-17,-48,-1073
-40,132,-979
72,31,-933
81,-60,-1030
11,54,-989
-40,-9,-974
-50,64,-1028
-54,101,-1056
31,-19,-1122
-39,64,-1057
-35,40,-952
62,-21,-991
89,11,-1007
31,-5,-966
-40,-19,-1003
-31,111,-997
0,29,-1061
7,62,-1106
-31,105,-1020
-21,46,-979
46,13,-1020
68,-50,-999
9,-48,-1005
-52,80,-985
-40,5,-995
42,21,-1061
3,105,-1087
1,13,-1011
-19,136,-946
64,21,-981
37,-42,-1024
-66,37,-976
-60,19,-989
-54,11,-1057
-9,95,-1083
19,-23,-1046
11,115,-981
9,121,-950
130,-60,-1007
78,70,-956
39,0,-974
46,37,-1028
89,81,-1030
167,19,-1122
158,-19,-1087
197,122,-979
257,-17,-958
249,-1,-1015
380,-42,-919
331,0,-962
255,234,-997
396,-37,-1050
396,60,-1104
409,56,-1087
355,138,-985
448,27,-936
484,-160,-989
464,-5,-989
396,142,-972
402,7,-999
464,-1,-1065
497,35,-1132
433,130,-1005
337,109,-929
448,-72,-972
468,-46,-1013
316,165,-956
281,-66,-952
304,11,-1036
402,19,-1147
275,109,-1102
201,119,-935
294,-85,-927
349,-11,-1034
183,191,-944
160,-52,-890
99,54,-999
138,-42,-1141
136,181,-1116
-11,39,-1020
29,-5,-997
124,-13,-1024
33,35,-989
48,-121,-907
-27,142,-948
52,-48,-1056
37,154,-1067
-7,97,-1040
11,-19,-1046
19,111,-1056
-21,54,-1005
-9,-85,-942
-58,56,-974
-21,-40,-1038
-85,111,-1048
0,40,-1069
72,-29,-1106
60,140,-1048
68,-9,-972
119,19,-935
142,21,-942
78,-48,-1022
-72,152,-993
37,-50,-1001
42,48,-1153
-17,111,-1147
-56,1,-991
-60,58,-936
56,-56,-997
78,-39,-993
-80,111,-911
-48,-52,-987
66,148,-1083
115,42,-1120
50,5,-1046
-21,177,-944
169,-80,-999
134,9,-1001
-19,64,-946
113,-29,-972
78,115,-1079
169,-56,-1159
132,68,-1071
136,58,-938
167,-39,-987
160,111,-999
156,-68,-895
89,56,-942
64,99,-1026
93,-29,-1077
60,136,-1050
19,44,-1059
11,42,-1011
-1,39,-974
-13,-99,-991
-64,58,-976
-21,9,-958
-39,29,-1032
-85,66,-1048
-11,-70,-1091
-33,156,-1018
-42,-5,-972
-46,85,-964
-44,7,-954
-37,-87,-1003
-140,212,-970
-56,-19,-1042
-62,46,-1124
-78,64,-1087
-48,-70,-1024
-74,189,-954
64,-60,-995
-11,-23,-995
-11,76,-946
23,-31,-1005
-1,140,-1046
58,27,-1110
76,-15,-1056
-17,111,-960
74,-70,-1007
21,91,-974
9,-31,-938
-17,29,-970
-19,101,-1036
58,-56,-1112
13,148,-1079
25,15,-1030
21,78,-964
85,3,-964
37,-132,-962
-31,121,-936
11,33,-993
31,83,-1056
-46,56,-1097
66,-95,-1067
-66,206,-983
25,-29,-981
-29,15,-985
-39,5,-933
-37,-68,-1001
-76,230,-1001
-11,-68,-1081
11,72,-1147
-31,46,-1046
3,-48,-974
-27,160,-956
74,-101,-954
-29,91,-976
-50,25,-972
21,23,-1059
-23,163,-1151
64,-50,-1106
-25,101,-1005
7,3,-952
35,-64,-999
-21,109,-958
1,-74,-981
-39,148,-1022
-3,-11,-1098
54,39,-1110
27,103,-1038
7,-52,-989
21,146,-933
33,-138,-974
-15,115,-956
-85,89,-983
27,-11,-1071
-54,177,-1097
-5,-52,-1100
-72,111,-1009
-35,-3,-952
0,-40,-1003
-54,93,-933
-21,-66,-983
-80,148,-1028
-11,-25,-1061
3,50,-1120
-17,68,-1032
-35,-35,-974
1,140,-968
25,-115,-938
-9,78,-936
-31,54,-985
33,42,-1054
-37,173,-1089
48,-60,-1112
-52,105,-1028
44,-39,-944
56,-25,-968
-40,81,-927
29,-99,-985
-42,181,-1024
13,-78,-1081
17,105,-1128
-15,44,-1032
5,-50,-981
-9,165,-927
42,-148,-958
-39,156,-962
-54,-15,-958
-13,35,-1054
-56,152,-1083
-9,-56,-1108
-78,165,-1044
-7,-80,-958
-21,54,-968
-13,-3,-948
-46,-35,-981
-87,148,-1044
3,-56,-1083
7,111,-1132
23,-46,-1054
-3,-3,-976
21,105,-950
54,-80,-946
-17,115,-958
15,-85,-993
7,138,-1030
-19,31,-1122
39,52,-1102
-64,87,-997
9,-56,-977
-62,111,-938
3,-119,-970
-89,109,-968
-95,33,-1003
-58,-11,-1089
-87,128,-1122
-66,-54,-1057
-152,66,-974
-85,-35,-958
-101,5,-948
-156,42,-938
-163,-50,-974
-181,140,-1067
-162,-7,-1128
-185,156,-1097
-242,-50,-1013
-189,54,-950
-212,54,-987
-232,9,-952
-339,-7,-964
-253,-37,-1028
-365,204,-1095
-224,37,-1112
-320,-35,-1065
-322,64,-976
-263,-40,-983
-318,130,-911
-288,-238,-991
-378,169,-1001
-284,46,-1054
-318,126,-1124
-286,17,-1091
-302,-132,-1040
-304,277,-933
-224,-60,-944
-281,13,-974
-302,-99,-997
-302,146,-1011
-327,195,-1087
-183,-126,-1143
-349,44,-1061
-253,9,-960
-281,185,-968
-160,-130,-964
-298,-27,-964
-273,117,-964
-244,93,-1069
-165,58,-1110
-181,-130,-1106
-331,177,-972
-212,17,-933
-226,-25,-960
-236,-54,-989
-298,91,-952
-314,183,-1042
-212,-50,-1122
-121,31,-1136
-222,31,-1009
-142,138,-927
-58,-62,-962
-72,-89,-954
-187,74,-944
-111,66,-1016
-165,181,-1063
-23,-121,-1149
-214,124,-1091
-146,-21,-964
-85,54,-942
-35,3,-944
-50,-46,-954
-95,124,-944
107,-1,-1044
58,136,-1208
185,-85,-1097
99,62,-987
91,80,-958
222,-37,-929
195,15,-911
195,-33,-952
162,230,-1056
160,-74,-1192
165,122,-1177
126,-62,-1057
80,89,-970
87,21,-915
138,-85,-899
-87,99,-903
-23,-72,-968
-97,294,-1083
21,-80,-1153
-105,101,-1054
-74,-44,-1016
-64,83,-940
-58,-44,-921
-126,-15,-962
-165,126,-981
-66,-25,-1112
-124,204,-1145
-85,-101,-1128
-181,56,-995
-95,35,-936
-74,46,-933
-111,-52,-895
-109,-13,-964
-101,163,-1050
-56,-27,-1124
-60,148,-1138
-23,-27,-1098
27,99,-952
35,-39,-972
19,60,-917
-64,-56,-987
-42,31,-1036
-80,189,-1091
50,-74,-1149
-76,126,-1050
35,-80,-960
-42,68,-935
46,-91,-946
-19,105,-940
-37,-60,-1028
-27,167,-1050
50,81,-1122
21,-80,-1159
-83,126,-974
70,-27,-977
-17,91,-966
33,-124,-940
-17,126,-929
23,-11,-1040
-27,163,-1100
78,13,-1136
27,-62,-1059
-15,150,-979
103,-40,-962
109,39,-864
-33,-89,-979
-64,193,-958
33,-85,-1095
33,204,-1171
-62,-56,-1120
31,11,-952
-13,162,-923
44,-160,-923
-85,64,-894
-7,-25,-968
-111,199,-1067
91,-99,-1175
-23,204,-1110
7,-136,-1042
-25,160,-935
39,-37,-917
-37,-35,-915
-130,9,-944
13,85,-1050
-42,165,-1145
11,-44,-1186
-91,130,-979
37,-83,-977
-74,126,-913
5,-163,-903
-85,122,-933
-48,5,-1050
-23,175,-1145
54,40,-1149
-27,-7,-1075
-56,142,-940
103,-64,-944
21,25,-890
-54,-91,-968
-29,165,-964
-1,23,-1118
-17,210,-1143
0,-144,-1079
11,160,-931
-5,-29,-942
76,-25,-921
-50,66,-927
-9,-35,-997
-95,193,-1083
89,13,-1151
-42,95,-1079
0,-85,-993
0,181,-895
85,-204,-956
-89,158,-917
15,-156,-1005
-56,263,-1054
-21,17,-1136
64,40,-1112
-11,5,-991
15,44,-960
-3,13,-909
76,-122,-944
-128,101,-954
-5,-11,-1083
-50,283,-1091
117,-134,-1177
-78,183,-1030
66,-126,-970
23,199,-915
37,-162,-935
-72,72,-972
-46,-3,-1030
-66,154,-1130
48,25,-1139
21,3,-1093
-44,117,-956
107,-35,-952
70,54,-886
-19,-113,-960
-115,138,-962
-13,3,-1104
-37,177,-1145
-44,-136,-1147
-19,179,-964
89,-76,-946
83,105,-919
-19,-91,-960
-37,111,-966
-66,78,-1061
15,83,-1184
-52,-11,-1112
-25,-56,-1007
-25,101,-915
144,-62,-948
-54,27,-917
-29,-58,-977
-68,251,-1026
23,-31,-1161
-31,187,-1116
-5,-179,-1028
-15,214,-923
68,-142,-940
-33,89,-905
-80,-121,-958
-64,185,-1032
-19,60,-1157
44,62,-1165
-58,29,-1024
68,0,-944
68,66,-915
72,-56,-903
-89,68,-927
-35,17,-1038
-66,144,-1102
31,-64,-1194
-91,80,-1038
48,-74,-976
40,191,-895
132,-208,-958
-91,195,-921
-13,-72,-1015
-46,279,-1100
46,-33,-1194
-46,95,-1075
7,-81,-960
66,115,-925
64,-117,-919
-56,31,-946
-62,-23,-987
-52,150,-1130
-7,50,-1190
-5,23,-1116
-23,31,-958
128,35,-944
66,11,-913
0,-46,-958
-17,72,-1112
-23,162,-1159
-7,-93,-1147
-25,97,-987
83,-62,-948
33,64,-925
-11,-156,-929
-89,111,-960
-54,35,-1114
-13,206,-1169
21,-62,-1147
-35,76,-981
66,-9,-925
78,68,-933
-5,-66,-895
-56,72,-944
-76,87,-1071
-5,130,-1173
-33,-1,-1141
-29,21,-1036
-1,17,-913
83,-1,-929
-21,-74,-905
-78,-9,-952
-85,121,-1052
-19,80,-1177
-25,97,-1151
-7,-80,-1048
-11,128,-913
138,-66,-921
11,56,-864
-56,-52,-950
-62,171,-1003
-21,44,-1159
-9,121,-1159
-21,-81,-1044
-21,146,-915
103,-87,-923
5,-5,-888
-74,-64,-944
-80,115,-1015
-40,93,-1147
-15,80,-1173
-37,-89,-1085
-9,105,-942
93,-54,-913
66,13,-892
-56,-39,-899
-62,87,-1005
-46,126,-1139
29,95,-1190
-31,-9,-1077
-11,54,-950
87,19,-895
87,-56,-921
-64,29,-895
-44,31,-999
-62,167,-1130
1,-11,-1196
-42,29,-1087
-25,-25,-964
80,60,-894
78,-109,-917
-66,17,-894
-64,-23,-989
-78,191,-1097
13,40,-1225
-37,29,-1089
-33,9,-991
66,-23,-923
64,3,-913
-33,-40,-911
-95,42,-1013
-74,136,-1128
-3,124,-1212
23,-21,-1138
-40,109,-997
132,7,-942
105,42,-901
31,-48,-903
-66,113,-981
-11,146,-1122
0,216,-1177
68,-13,-1163
-21,93,-985
115,35,-917
103,7,-903
17,-15,-892
-58,46,-962
-58,171,-1124
-5,95,-1216
25,11,-1149
-44,21,-1001
89,21,-933
78,-21,-895
5,-35,-853
-56,-7,-968
-42,150,-1124
-11,95,-1204
31,0,-1124
-27,-15,-1005
85,66,-919
122,-48,-892
56,-29,-874
5,-27,-952
134,191,-1093
212,128,-1212
263,27,-1188
228,-60,-1011
320,52,-970
298,7,-907
349,-74,-872
331,-19,-913
394,113,-1085
423,251,-1208
480,-64,-1198
423,-48,-1007
519,5,-979
470,115,-911
462,-81,-813
398,-40,-899
429,107,-1063
439,259,-1194
409,-21,-1190
343,-44,-1038
421,-17,-977
351,83,-911
312,-17,-808
253,-58,-892
245,83,-1067
277,218,-1188
257,-9,-1180
171,-31,-1056
232,-31,-977
171,54,-888
130,-33,-786
37,15,-882
56,76,-1079
101,167,-1167
48,83,-1190
21,-13,-1093
99,-11,-991
76,15,-864
54,-17,-829
7,7,-892
66,40,-1083
42,140,-1186
115,74,-1198
37,-13,-1108
113,-17,-991
27,17,-895
64,-56,-810
-52,0,-892
3,64,-1073
-15,126,-1186
56,76,-1182
-39,-48,-1130
-7,60,-985
3,-35,-901
9,-29,-808
-87,-5,-901
1,74,-1061
9,111,-1179
50,50,-1210
-42,-17,-1106
56,15,-983
23,-3,-903
42,-83,-784
-39,19,-890
31,60,-1032
3,117,-1169
113,54,-1206
21,-9,-1104
89,42,-968
78,0,-895
91,-60,-800
-1,3,-903
40,83,-1030
11,115,-1184
60,64,-1204
-56,7,-1136
-23,-7,-958
-44,-19,-892
-66,-39,-819
-167,11,-892
-152,17,-991
-163,117,-1124
-122,64,-1200
-238,33,-1143
-232,-56,-946
-265,9,-886
-222,-40,-833
-335,50,-886
-366,0,-1001
-382,91,-1141
-294,101,-1241
-351,74,-1145
-337,-60,-1011
-304,-40,-909
-269,-21,-849
-294,46,-890
-284,33,-976
-302,23,-1153
-220,78,-1225
-263,140,-1141
-296,-35,-1022
-273,-85,-913
-281,19,-870
-359,64,-880
-404,78,-952
-404,15,-1179
-339,124,-1247
-460,89,-1128
-460,0,-1015
-388,-103,-950
-355,5,-878
-423,44,-874
-372,70,-886
-335,-19,-1139
-228,101,-1202
-216,81,-1159
-257,1,-972
-119,-60,-956
-68,-40,-899
-101,19,-854
-162,134,-897
-80,-5,-1110
-68,105,-1235
-91,21,-1180
-130,40,-1009
-42,-9,-950
-17,-39,-921
-44,-27,-866
46,109,-884
-19,33,-1128
316,117,-1216
251,-29,-1179
46,64,-968
284,-64,-874
298,27,-862
290,-44,-849
179,27,-915
167,115,-1145
212,109,-1270
228,78,-1196
80,-9,-1032
97,-3,-931
89,-56,-925
39,25,-808
-64,-19,-913
-68,187,-1073
3,46,-1210
-40,56,-1169
-89,-64,-1001
-40,-3,-933
-58,3,-892
-78,15,-831
-201,-25,-936
-119,80,-1102
-89,105,-1216
-109,76,-1220
-216,-9,-1034
-117,13,-925
-93,-19,-894
-107,-48,-837
-247,25,-915
-122,76,-1056
-107,144,-1198
-58,54,-1218
-109,-3,-1079
-7,-25,-964
0,11,-903
29,-44,-888
-111,50,-942
-44,35,-1044
-29,148,-1179
27,7,-1173
-122,-7,-1042
0,-9,-911
17,21,-899
15,-48,-882
-148,46,-921
-21,81,-1018
-23,138,-1196
35,-13,-1204
-60,27,-1077
5,35,-958
50,13,-911
115,-48,-858
-76,-25,-905
7,29,-1001
25,148,-1130
146,37,-1180
-58,27,-1048
85,-3,-936
78,17,-917
115,-68,-874
-66,23,-903
52,48,-987
-27,150,-1136
89,44,-1221
-19,0,-1120
33,21,-981
0,3,-931
64,-60,-854
-56,-11,-876
-29,64,-966
-39,126,-1130
85,74,-1200
-54,-21,-1143
-3,-13,-1007
29,29,-923
21,-35,-878
-70,-19,-880
-37,42,-956
-66,126,-1159
-23,52,-1229
-60,3,-1175
-56,35,-1020
-64,52,-929
13,-66,-874
-78,-21,-862
-78,29,-968
-78,140,-1145
0,83,-1210
-23,-1,-1167
-54,23,-1034
60,13,-933
62,-50,-866
-52,-31,-839
-46,19,-956
-68,148,-1122
-13,117,-1216
3,-17,-1134
-33,37,-989
7,17,-919
50,-54,-866
21,-27,-853
-54,25,-1003
-74,119,-1122
29,68,-1192
9,-29,-1141
-40,13,-995
46,37,-917
64,-19,-856
31,-62,-870
-56,21,-972
-66,109,-1102
0,119,-1165
37,1,-1136
-58,15,-991
64,-7,-915
17,-1,-895
33,-68,-897
-68,66,-981
-44,80,-1110
-17,111,-1179
58,-3,-1138
-44,11,-1018
46,39,-913
33,-5,-901
42,-76,-886
-78,31,-964
-46,93,-1073
-33,160,-1149
46,-3,-1149
-66,19,-1034
60,-13,-929
25,13,-917
31,-29,-901
-95,29,-956
-39,95,-1075
-58,117,-1190
40,-17,-1169
-74,13,-1018
48,13,-938
27,1,-927
78,-58,-878
-85,13,-956
-37,68,-1057
-54,136,-1147
42,-3,-1173
-89,31,-1032
25,9,-927
0,15,-933
42,-50,-894
-109,-5,-936
-37,81,-1026
-58,126,-1169
27,23,-1169
-76,5,-1057
23,29,-946
7,9,-958
35,-87,-886
-68,1,-905
-353,21,-1028
-23,134,-987
-261,160,-1114
-593,-111,-1143
-772,105,-1042
-1003,87,-1056
-1159,-60,-925
-1112,-185,-923
-895,201,-849
-1288,283,-1052
-1089,-138,-1089
-1253,-191,-1161
-1196,169,-966
-1473,222,-1036
-1233,-173,-853
-1218,-382,-853
-1264,242,-964
-1325,355,-1110
-1077,-56,-1186
-938,-329,-1169
-1147,300,-1155
-1015,279,-997
-991,-130,-856
-771,-564,-868
-915,310,-960
-829,402,-1036
-819,3,-1167
-612,-427,-1280
-640,220,-1112
-769,361,-970
-739,-78,-827
-638,-427,-940
-710,105,-970
-1085,558,-1077
-860,-50,-1169
-884,-513,-1329
-1057,64,-1093
-1325,558,-894
-1218,-50,-737
-1108,-624,-888
-1358,138,-970
-1612,523,-991
-1378,107,-1114
-1034,-653,-1315
-1407,247,-1122
-1503,630,-895
-1339,-25,-784
-1108,-845,-858
-1303,146,-1059
-1485,583,-1028
-1337,169,-1087
-1022,-692,-1311
-1118,271,-1175
-1151,542,-866
-1097,-42,-655
-849,-751,-823
-847,58,-1048
-1251,714,-956
-1124,58,-1093
-819,-552,-1288
-999,31,-1298
-1266,603,-915
-1294,-148,-730
-1030,-476,-895
-1186,19,-1057
-1487,601,-954
-1352,-89,-1020
-1104,-300,-1378
-1104,-81,-1276
-1444,349,-886
-1376,228,-749
-968,-599,-892
-1052,117,-1001
-1221,208,-931
-1126,210,-1097
-597,-300,-1360
-708,76,-1313
-853,423,-940
-706,136,-759
-548,-546,-853
-552,-64,-1011
-437,290,-938
-564,407,-1145
-66,-456,-1231
-93,21,-1311
-7,411,-911
35,70,-771
300,-210,-827
306,-384,-962
189,523,-981
113,140,-1097
335,85,-1247
343,-306,-1233
74,240,-993
347,226,-759
310,-427,-1073
597,80,-880
874,-220,-895
1259,661,-872
919,-50,-1378
1331,-31,-1032
1323,-257,-952
1270,474,-913
1596,-355,-933
1227,197,-907
1514,-222,-946
839,325,-1149
935,329,-1239
1138,37,-1175
1108,-255,-960
921,232,-972
1184,275,-739
936,-372,-823
790,-23,-839
927,27,-940
771,605,-1278
726,-162,-1079
696,-138,-1003
772,146,-1073
769,85,-905
577,-76,-874
710,-115,-907
589,288,-1155
646,167,-1200
737,-109,-1112
878,-117,-1034
853,247,-895
868,-29,-858
958,-85,-712
1139,-187,-854
1169,363,-1040
1087,183,-1319
1114,210,-1241
1462,-259,-1050
1245,238,-1110
1331,-1,-853
1218,-109,-792
1356,-197,-907
1210,327,-1202
1149,267,-1225
1212,-105,-1079
1344,-224,-1024
1206,175,-1005
1081,296,-810
1018,-236,-720
1097,-206,-854
995,152,-1206
897,554,-1268
886,-68,-1241
1116,-111,-1061
991,29,-1067
981,269,-817
1034,-201,-685
1061,-210,-892
944,271,-1116
1026,257,-1216
1016,-35,-1124
1106,-283,-1034
993,296,-979
999,132,-856
878,-111,-751
1040,-204,-880
829,290,-1157
849,177,-1188
761,54,-1173
835,-54,-1071
650,193,-991
716,-39,-843
599,-201,-784
470,-89,-858
404,212,-1024
413,150,-1165
392,15,-1145
376,-29,-1124
265,121,-1061
296,-89,-919
204,-19,-802
140,-25,-892
105,142,-1046
5,0,-1173
64,152,-1177
29,31,-1157
80,76,-1091
64,-3,-882
93,-80,-819
19,78,-849
78,3,-1042
15,165,-1126
136,23,-1225
165,124,-1243
189,23,-1120
169,1,-952
232,-158,-862
195,-13,-913
197,50,-1061
128,163,-1202
236,19,-1333
234,0,-1401
267,50,-1270
185,103,-1059
296,-97,-977
222,-56,-1054
179,39,-1247
128,136,-1374
228,-7,-1567
230,52,-1553
150,138,-1337
154,39,-1139
206,-101,-1075
150,-103,-1122
11,35,-1171
-31,76,-1315
109,56,-1514
89,33,-1475
-19,115,-1225
27,15,-1013
91,-56,-1009
99,-44,-1034
-44,50,-1077
-37,130,-1268
122,81,-1436
111,60,-1383
-23,74,-1126
37,17,-989
95,-15,-991
89,-46,-993
-66,39,-1054
-42,85,-1216
58,119,-1393
136,48,-1413
-35,138,-1167
21,58,-1034
62,-27,-1048
107,-121,-1046
-58,15,-1118
-56,142,-1266
50,154,-1458
80,52,-1467
-42,44,-1249
7,23,-1134
64,-50,-1130
72,-117,-1081
-56,15,-1124
-44,134,-1278
33,91,-1464
80,27,-1456
-33,3,-1266
-3,3,-1143
76,-29,-1108
62,-134,-1071
-68,-17,-1071
-39,121,-1241
0,117,-1452
64,19,-1456
-31,50,-1298
9,56,-1180
89,-7,-1159
78,-101,-1098
-39,-39,-1112
-15,52,-1272
7,163,-1477
83,62,-1483
-29,39,-1321
1,33,-1202
58,-48,-1179
62,-93,-1067
-68,-35,-1081
-27,109,-1218
-48,124,-1436
21,70,-1444
-68,27,-1319
-39,44,-1208
-33,-5,-1145
-15,-103,-1063
-99,-33,-1044
-83,87,-1202
-62,152,-1401
-9,52,-1467
-74,27,-1366
-35,-3,-1253
-3,0,-1184
42,-50,-1073
-35,-19,-1083
-37,101,-1227
-37,68,-1452
33,72,-1551
-7,91,-1460
33,85,-1307
31,3,-1223
93,-60,-1132
9,-64,-1100
-33,103,-1229
-11,130,-1434
33,119,-1547
13,25,-1438
-1,35,-1286
54,-21,-1190
40,-68,-1106
7,-52,-1073
-33,50,-1214
-44,138,-1405
56,119,-1518
11,52,-1413
-7,33,-1257
13,11,-1173
21,-56,-1081
0,-42,-1050
-64,74,-1165
-44,136,-1368
-9,101,-1497
-17,33,-1428
-27,-7,-1294
5,3,-1180
33,-7,-1108
13,-87,-1085
-58,-11,-1169
-56,115,-1356
7,124,-1524
33,95,-1493
-35,-25,-1325
21,3,-1208
11,-17,-1139
46,-66,-1081
-72,15,-1192
-21,42,-1389
-19,136,-1563
31,70,-1536
-31,-19,-1362
-13,46,-1260
27,3,-1159
33,-66,-1095
-68,-11,-1151
-31,35,-1337
-11,134,-1538
33,81,-1501
-3,-29,-1366
9,-3,-1180
39,-17,-1141
21,-48,-1057
-80,1,-1157
-56,46,-1292
-1,126,-1518
-1,160,-1520
-25,25,-1346
-19,19,-1200
42,-52,-1130
33,-70,-1106
-78,17,-1147
-37,25,-1290
-29,138,-1512
39,83,-1530
-40,74,-1372
-33,58,-1233
50,3,-1165
27,-99,-1089
-52,-48,-1139
-72,40,-1292
-23,173,-1497
7,109,-1585
-58,-3,-1413
-29,42,-1253
19,62,-1163
52,-64,-1108
-62,-19,-1149
-40,-50,-1309
-56,162,-1495
85,70,-1561
-21,80,-1424
0,-3,-1243
39,11,-1159
42,-33,-1132
-35,-17,-1122
-27,-35,-1249
-60,54,-1508
56,134,-1544
-44,140,-1436
-23,27,-1282
17,31,-1132
54,-76,-1124
-27,-29,-1104
-54,21,-1259
-52,78,-1477
37,46,-1551
0,66,-1452
-33,103,-1245
50,11,-1145
46,-46,-1108
-25,-44,-1100
-1,-21,-1247
-44,87,-1452
29,109,-1534
0,-5,-1426
-68,107,-1241
50,60,-1157
-5,13,-1116
-5,-80,-1134
-52,-39,-1251
-78,76,-1444
44,85,-1542
-27,101,-1462
-15,78,-1292
-7,52,-1163
15,-87,-1175
31,-119,-1145
-64,-56,-1278
-66,107,-1391
19,134,-1508
-15,103,-1487
-78,72,-1274
17,-15,-1235
-3,-17,-1184
39,-130,-1163
-87,-31,-1210
-72,80,-1399
11,177,-1501
7,89,-1469
-25,78,-1348
19,-54,-1284
33,-31,-1184
37,-171,-1112
-21,95,-1177
-44,107,-1350
25,124,-1491
50,-3,-1516
-46,39,-1344
11,21,-1251
39,39,-1151
56,-146,-1104
-76,13,-1149
-15,62,-1344
-15,247,-1512
50,40,-1495
-19,7,-1407
7,13,-1245
52,-31,-1179
58,-31,-1128
-46,-40,-1139
-33,60,-1305
-37,179,-1510
87,25,-1516
-39,19,-1426
-3,130,-1237
25,-19,-1157
46,-97,-1106
-56,-52,-1151
-62,136,-1298
-33,111,-1520
21,134,-1577
-56,13,-1382
-19,101,-1286
-11,-33,-1221
68,-130,-1104
-76,-33,-1143
-54,126,-1303
-25,206,-1497
7,60,-1545
-46,-40,-1430
-3,13,-1262
5,-13,-1163
95,1,-1073
-70,-50,-1122
-40,60,-1262
-42,146,-1436
19,103,-1585
-70,9,-1393
13,29,-1237
56,17,-1210
21,-3,-1110
-29,-80,-1118
-37,60,-1229
-44,72,-1473
56,52,-1536
13,89,-1423
-31,76,-1245
64,0,-1196
23,-105,-1134
29,-115,-1083
-50,39,-1239
-68,216,-1444
68,99,-1516
-39,-3,-1475
-33,11,-1280
62,39,-1225
17,15,-1179
0,-101,-1093
-31,-23,-1237
-44,136,-1426
-1,163,-1559
5,89,-1473
-54,-1,-1294
29,-105,-1241
40,27,-1136
29,-23,-1098
-58,17,-1184
-37,48,-1364
0,1,-1530
31,124,-1417
-21,126,-1317
-7,85,-1188
72,-160,-1155
1,-48,-1093
-46,74,-1145
-9,134,-1378
5,68,-1549
-3,-3,-1475
-37,138,-1335
-35,138,-1227
97,-136,-1128
33,-197,-1120
-134,-1,-1175
11,271,-1319
-39,121,-1518
58,-74,-1497
-54,-31,-1329
11,101,-1231
0,187,-1147
48,-261,-1157
-93,-101,-1163
-58,175,-1311
-39,322,-1555
64,-33,-1549
-66,-124,-1374
-37,29,-1286
37,181,-1147
54,-29,-1134
0,-173,-1134
-5,-52,-1274
-52,212,-1555
78,238,-1473
-66,-5,-1397
29,-70,-1214
11,33,-1122
11,-48,-1124
-19,-46,-1122
-81,56,-1305
-1,146,-1432
27,126,-1545
-48,60,-1421
33,-17,-1221
-17,19,-1192
101,-44,-1085
-56,-119,-1155
-11,175,-1262
1,130,-1465
11,101,-1557
33,5,-1382
-25,66,-1249
23,68,-1124
138,-156,-1145
-76,1,-1153
-31,115,-1171
-23,39,-1532
-48,195,-1526
66,-39,-1385
-66,195,-1296
58,3,-1147
81,-142,-1169
-66,-42,-1097
-44,27,-1210
-33,154,-1469
11,70,-1544
46,72,-1413
-33,117,-1227
37,-66,-1161
91,-80,-1145
-85,-70,-1052
-11,70,-1239
-68,158,-1372
50,37,-1565
-11,97,-1401
-48,27,-1284
11,89,-1186
64,-101,-1112
-31,-87,-1077
-46,62,-1198
-25,163,-1450
56,101,-1485
-23,-64,-1483
-31,66,-1327
25,124,-1186
89,-171,-1112
-48,-109,-1081
-33,35,-1167
-60,187,-1405
29,134,-1491
1,-52,-1485
-35,37,-1309
0,60,-1208
23,-25,-1159
39,-93,-1089
-56,-9,-1188
-76,162,-1360
39,76,-1497
134,-9,-1479
-107,93,-1348
-15,27,-1182
-5,-37,-1149
130,-124,-1034
-46,58,-1214
-78,124,-1317
21,52,-1503
9,46,-1479
-74,121,-1335
42,-1,-1223
-39,66,-1067
134,-322,-1079
-115,122,-1128
-39,134,-1278
-44,224,-1471
83,-40,-1485
-42,-3,-1161
-56,142,-1235
121,-39,-1245
15,-150,-1165
-148,21,-1075
31,29,-1364
-56,234,-1549
76,9,-1403
-60,58,-1503
130,-85,-1395
5,169,-1200
134,-136,-1112
-27,1,-1157
-64,109,-1356
-17,126,-1424
-15,-13,-1530
-17,52,-1309
-50,128,-1212
-3,35,-1122
11,-201,-1022
-80,29,-1079
-56,29,-1159
-74,185,-1399
29,60,-1423
-21,95,-1360
13,-48,-1157
0,101,-1106
93,-121,-1056
35,-62,-974
-62,128,-1243
11,95,-1342
44,167,-1450
-25,3,-1315
99,23,-1081
5,80,-1093
72,-83,-905
21,-111,-878
-83,177,-976
-5,99,-1116
1,80,-1284
-52,-15,-1052
-21,97,-839
-72,109,-735
89,-136,-708
-115,-15,-636
-105,-21,-700
-1,191,-940
-5,140,-1052
-17,78,-970
-54,64,-694
80,-66,-739
46,27,-566
132,-62,-519
-163,60,-749
52,-5,-874
64,204,-1022
21,60,-919
21,31,-796
-29,80,-726
119,-158,-685
-7,-85,-659
-72,-3,-798
-64,232,-931
3,44,-1184
-39,-56,-1098
-19,81,-997
-40,81,-933
115,-83,-876
-42,-60,-851
-46,-85,-933
-52,85,-1200
1,89,-1383
-19,64,-1321
64,15,-1173
-33,5,-1112
70,-17,-1009
-7,-54,-876
-31,-54,-1036
-44,81,-1225
-29,9,-1436
-87,76,-1385
17,13,-1145
-33,238,-1048
29,-91,-1015
-11,-171,-911
-62,-66,-966
-31,117,-1206
-5,208,-1341
-42,60,-1335
35,76,-1116
-25,60,-1022
83,1,-968
85,-83,-911
-154,3,-886
85,-60,-1138
-85,447,-1266
78,-50,-1276
-19,138,-1204
-46,115,-1005
130,-132,-933
-21,25,-903
-78,-9,-927
76,142,-1016
-83,251,-1255
103,17,-1268
27,-40,-1196
-99,245,-931
138,-105,-872
89,-19,-800
-64,-15,-788
-33,19,-909
-54,136,-1089
50,105,-1171
-42,136,-1013
23,-5,-880
-25,27,-769
105,-101,-661
-39,-17,-718
-27,54,-792
-46,140,-1044
-11,-13,-1106
117,40,-989
-54,273,-813
115,-48,-751
29,-87,-679
-44,-150,-575
-46,-27,-743
-66,148,-1018
7,177,-1038
48,-40,-956
-54,48,-796
85,33,-595
21,-138,-685
-107,-35,-521
7,-40,-657
-93,138,-983
-62,245,-1028
83,-93,-860
-107,136,-774
109,-124,-614
-42,-117,-675
39,35,-474
11,-62,-706
-121,281,-925
85,-99,-1018
-27,99,-931
50,19,-751
40,-64,-763
23,148,-575
130,-249,-583
-193,54,-763
44,109,-806
3,25,-1114
-91,109,-997
85,-13,-806
5,15,-837
-33,171,-653
13,-167,-646
-21,13,-763
-52,44,-968
-56,175,-1067
56,-64,-995
-23,105,-907
-66,158,-735
128,-39,-653
50,-163,-673
-101,117,-661
-19,3,-911
-89,169,-958
103,-29,-1018
-97,203,-927
60,171,-667
81,-70,-679
56,-70,-638
-107,-31,-683
56,70,-819
-68,111,-1054
42,171,-950
0,56,-907
1,107,-728
81,-13,-644
-25,-97,-694
-29,-35,-610
-29,21,-796
-52,265,-1009
-33,40,-1013
76,126,-880
-33,25,-794
0,40,-655
42,-15,-622
-5,-203,-661
-124,111,-778
-70,183,-897
62,111,-1065
-31,-15,-888
-5,40,-741
13,76,-669
68,-228,-528
-19,-169,-609
-78,316,-692
-9,44,-856
35,40,-1079
-78,117,-835
19,83,-696
103,-46,-732
-9,-195,-571
1,-17,-550
-109,134,-714
1,54,-905
46,115,-1020
-72,126,-907
13,35,-704
68,-132,-708
17,-60,-587
74,-72,-509
-177,154,-743
27,-31,-862
50,163,-1034
-103,218,-851
17,-195,-694
35,105,-745
11,1,-503
-19,-214,-472
-68,56,-700
-9,173,-819
-25,224,-993
-89,66,-843
128,-56,-700
-23,58,-720
27,-152,-484
76,-44,-505
-111,39,-724
68,171,-739
-29,124,-1050
-27,103,-839
76,-54,-804
-62,64,-667
42,-48,-562
5,-42,-548
-46,-3,-689
-89,91,-804
-7,236,-1054
-23,37,-964
-40,-5,-784
-19,62,-733
68,-74,-599
-19,-9,-587
-78,-60,-648
-58,66,-819
-9,150,-960
-44,167,-995
48,-54,-772
-29,64,-634
40,62,-566
58,-128,-511
-81,13,-583
-64,-50,-788
-23,290,-933
44,126,-933
-23,-60,-808
-33,134,-599
111,-46,-599
-21,0,-523
33,-197,-491
-132,206,-808
0,142,-954
173,-66,-884
-115,171,-843
95,15,-609
33,-76,-638
-27,-99,-515
54,31,-577
-93,31,-722
-74,212,-976
107,99,-987
-48,31,-938
-44,-15,-607
21,27,-681
60,-101,-575
-33,-37,-569
-156,142,-749
7,150,-907
68,46,-1005
-70,3,-874
23,62,-646
54,-50,-694
-17,-35,-515
21,-148,-566
-107,187,-739
-11,66,-845
-29,107,-1016
-7,91,-837
13,29,-700
-3,66,-638
78,-165,-538
-52,-124,-569
-52,171,-628
-21,89,-911
50,124,-1007
-21,29,-796
-33,150,-681
99,-15,-640
33,-169,-521
-46,-66,-513
-46,70,-628
-17,206,-854
33,11,-897
-11,-37,-880
-37,78,-720
62,107,-624
40,-117,-566
-29,-64,-575
-56,21,-597
-44,146,-866
35,222,-999
33,-66,-895
-33,17,-765
66,-35,-679
74,46,-585
-1,-121,-507
-27,-101,-679
-91,251,-819
29,185,-936
25,-60,-905
-50,148,-776
1,46,-622
37,-91,-571
-58,-121,-495
-50,-3,-661
-70,208,-769
-21,23,-915
27,62,-987
-52,169,-730
48,-11,-642
-39,-40,-585
113,-138,-456
-107,-13,-609
-60,230,-761
42,62,-929
-7,3,-913
15,27,-772
-17,76,-653
21,-66,-536
21,-105,-536
-91,44,-579
-60,91,-749
-17,189,-993
-13,76,-921
25,-39,-786
-35,167,-700
115,-54,-595
-11,-181,-505
-76,-19,-566
-39,113,-810
-68,173,-929
66,9,-905
-48,25,-876
7,126,-628
50,-83,-603
-7,-80,-568
-81,-70,-550
-35,156,-702
-52,193,-942
40,-21,-966
-23,19,-778
-60,206,-685
111,-85,-609
-21,-142,-579
-72,-60,-493
-31,183,-671
-44,181,-946
35,-25,-919
-35,15,-825
-17,136,-677
60,-87,-601
23,-103,-505
-56,-48,-523
-40,140,-650
-62,146,-892
48,39,-940
-31,83,-841
-27,68,-655
11,-23,-675
48,-128,-530
-64,-122,-548
-85,228,-681
11,85,-892
-15,29,-976
-1,54,-876
5,44,-739
56,13,-661
83,-134,-569
-60,-60,-562
-72,80,-612
-21,199,-897
17,48,-1011
-17,-25,-854
-44,150,-716
40,-27,-663
33,-130,-575
-87,-25,-491
-54,140,-624
-74,132,-878
17,35,-915
-19,9,-886
39,74,-710
33,21,-648
50,-76,-536
25,-111,-484
-56,124,-595
-44,130,-772
17,39,-935
-15,54,-827
-40,87,-716
58,-3,-646
15,-44,-544
-39,-91,-468
-58,68,-610
-62,162,-806
7,31,-940
-35,19,-897
11,148,-743
21,21,-702
91,-146,-581
-27,-136,-546
-42,119,-626
-39,158,-804
-27,76,-966
21,11,-917
-44,74,-819
1,97,-708
52,-99,-599
-44,-138,-532
-76,-9,-614
-78,191,-784
1,146,-950
11,19,-940
-56,56,-815
33,-21,-698
7,13,-593
19,-111,-503
-37,-23,-579
-99,130,-759
-7,27,-878
37,81,-927
-39,81,-778
1,91,-657
21,-60,-573
31,-140,-460
-64,40,-556
-72,124,-704
-37,52,-888
13,85,-940
-33,99,-800
1,54,-685
33,-64,-585
27,-167,-482
-66,0,-554
-56,185,-691
-3,89,-907
9,31,-944
-3,58,-808
-7,78,-677
27,-25,-601
23,-183,-484
-62,-23,-552
-99,175,-659
-29,115,-919
-15,40,-970
-42,3,-839
-19,68,-728
48,19,-616
11,-95,-530
-48,-39,-556
-39,39,-685
-42,91,-905
17,130,-962
-5,40,-866
-19,11,-733
19,-17,-612
50,-85,-538
-62,-17,-554
-72,93,-632
-50,44,-880
-19,144,-966
-31,56,-851
-27,87,-737
27,-35,-657
11,-64,-530
-46,-54,-528
-44,95,-644
-40,91,-849
1,119,-935
21,35,-897
3,58,-751
48,-1,-636
70,-99,-542
9,-40,-519
-35,89,-612
-19,97,-862
58,89,-970
23,5,-944
-3,152,-759
48,-19,-718
0,-66,-642
-40,-124,-583
-72,97,-714
-81,162,-936
290,64,-1009
228,-15,-1134
415,105,-872
632,15,-772
784,-39,-626
950,-187,-609
927,101,-722
950,124,-946
905,115,-1231
1085,-46,-1079
936,259,-1007
1165,15,-831
1052,-70,-704
1139,-281,-614
950,195,-780
956,288,-974
1075,109,-1046
1026,-150,-1075
1034,89,-890
966,148,-786
985,21,-648
1015,-277,-648
874,-15,-782
718,304,-977
776,130,-1083
882,-56,-1087
798,162,-1022
767,117,-882
749,42,-714
897,-310,-720
735,60,-810
786,115,-913
860,212,-1036
985,-52,-1108
1028,122,-1028
1030,185,-935
1085,-1,-771
1237,-253,-784
1214,27,-827
1075,206,-1003
1077,300,-1030
1180,-197,-1138
1165,58,-1157
1079,134,-970
874,148,-751
944,-294,-677
882,-103,-827
698,226,-862
642,368,-907
728,-128,-1151
739,-1,-1130
661,140,-870
569,214,-771
517,-335,-706
419,-119,-784
245,173,-886
148,363,-966
179,-189,-1186
165,25,-1134
-5,117,-954
-72,265,-732
72,-353,-776
-87,-105,-786
-171,226,-788
-124,158,-987
-121,113,-1200
-33,-107,-1186
-195,273,-933
-87,-97,-886
-60,-68,-823
-97,-140,-837
-124,66,-833
-171,292,-1009
9,83,-1247
-288,-25,-1177
-50,-60,-915
-447,146,-806
-655,-199,-901
-962,31,-774
-1110,-277,-952
-1290,271,-1026
-1298,201,-1288
-1149,78,-1110
-1323,-179,-983
-1245,140,-825
-1395,83,-866
-1165,-173,-640
-1268,-203,-862
-1136,224,-1052
-1225,267,-1253
-1118,-54,-1171
-1054,-177,-1020
-972,122,-946
-974,119,-944
-977,-124,-868
-929,-204,-833
-907,281,-1067
-745,247,-1282
-772,35,-1157
-704,-132,-968
-575,121,-931
-626,-17,-880
-554,-105,-771
-630,-27,-837
-636,109,-1005
-653,236,-1200
-482,-29,-1179
-661,33,-1052
-603,27,-907
-683,17,-854
-691,-167,-732
-739,-25,-812
-784,66,-948
-862,183,-1120
-720,-83,-1116
-790,3,-977
-769,95,-899
-751,72,-911
-696,-91,-788
-737,-58,-866
-667,171,-1050
-591,117,-1192
-507,15,-1188
-394,-42,-1116
-363,146,-1001
-238,56,-923
-204,-181,-833
-169,-195,-884
-187,173,-993
-87,197,-1141
-56,99,-1190
11,-21,-1145
-29,15,-1077
-13,46,-888
-27,-85,-804
-85,-44,-864
-68,37,-1001
-162,286,-1085
-64,27,-1186
-81,-27,-1167
-89,11,-1022
-89,56,-864
-50,-60,-767
-93,-40,-823
-64,5,-933
-107,158,-1046
-66,13,-1175
-15,-31,-1175
-105,44,-1057
-109,83,-892
-179,-50,-794
-181,-136,-853
-314,81,-976
-333,154,-1102
-244,175,-1216
-206,-5,-1216
-247,105,-1030
-171,-15,-897
-167,-91,-798
-156,-117,-854
-167,33,-927
-195,162,-1106
-62,150,-1218
-29,-35,-1216
-81,81,-1032
-23,-27,-897
-15,-44,-849
-11,-70,-845
-105,46,-854
-119,124,-1052
-70,177,-1218
-23,-68,-1202
-152,80,-1018
-39,5,-905
-60,-31,-876
-62,-83,-841
-124,11,-858
-99,115,-1042
-31,152,-1218
50,-39,-1227
-64,107,-1022
31,-27,-917
7,-62,-868
9,-130,-815
-95,15,-841
-74,169,-1026
-15,175,-1196
1,-11,-1249
-80,66,-1063
48,58,-938
46,-35,-911
103,-66,-823
0,-44,-862
25,191,-1042
189,99,-1223
210,19,-1225
136,5,-1057
175,25,-950
234,-44,-917
158,-62,-819
7,-3,-831
40,117,-999
76,115,-1194
46,50,-1237
-15,54,-1085
1,91,-968
9,-72,-923
-56,-89,-794
-134,-35,-810
-158,124,-995
-76,146,-1202
-35,21,-1237
-128,58,-1122
-58,21,-991
-7,-44,-927
-23,-95,-829
-107,-13,-825
-74,107,-972
-54,140,-1192
-31,15,-1255
-68,25,-1132
-68,99,-997
-37,-25,-936
-62,-95,-831
-162,-9,-831
-128,152,-966
-78,177,-1169
-54,25,-1249
-70,19,-1143
-52,85,-1013
7,-5,-927
-21,-122,-804
-99,-46,-813
-68,66,-952
-66,191,-1149
-7,17,-1239
-31,56,-1124
-40,78,-1001
56,-17,-925
7,-89,-790
-48,-50,-815
-68,91,-950
-62,171,-1126
11,13,-1239
-5,29,-1157
-21,56,-1028
50,-5,-958
33,-68,-847
-33,-80,-837
-56,72,-933
-29,160,-1128
58,68,-1235
37,25,-1173
0,56,-1038
70,-13,-927
56,-89,-837
-15,-68,-813
-54,74,-925
-58,173,-1110
17,60,-1229
25,33,-1190
-29,80,-1052
66,19,-954
42,-56,-866
-9,-105,-825
-40,23,-895
-50,173,-1081
21,66,-1216
44,15,-1208
-35,56,-1052
76,-5,-962
15,-31,-843
9,-70,-796
-40,19,-901
-68,181,-1069
11,91,-1221
0,23,-1208
-44,50,-1071
29,-11,-974
13,-27,-884
-5,-111,-806
-68,13,-909
-74,179,-1052
-3,74,-1216
-3,46,-1206
-21,29,-1102
5,23,-974
27,-29,-878
17,-126,-804
-60,0,-870
-64,154,-1024
-5,93,-1196
5,68,-1225
-37,33,-1100
7,21,-995
21,-25,-895
17,-99,-812
-52,23,-866
-66,142,-1022
-15,109,-1186
21,19,-1239
-29,27,-1095
21,27,-1005
42,-15,-897
33,-119,-798
-60,-21,-862
-60,142,-976
-29,126,-1161
5,56,-1241
-23,15,-1106
-1,29,-1005
21,-5,-899
29,-113,-817
-74,-17,-853
-64,124,-985
-35,119,-1179
17,50,-1249
-33,52,-1106
15,27,-1013
46,23,-927
39,-138,-825
-56,-29,-821
-60,122,-958
-39,128,-1153
19,76,-1214
-29,19,-1134
-21,40,-1005
54,5,-927
13,-85,-845
-46,-40,-825
-68,109,-936
-44,126,-1153
5,95,-1243
-19,15,-1153
-25,35,-1030
60,-9,-948
40,-101,-849
-44,-52,-843
-68,103,-919
-50,117,-1126
-1,109,-1233
-11,-7,-1155
-33,66,-1018
29,42,-962
31,-81,-864
-39,-58,-853
-81,89,-888
-48,126,-1130
-15,130,-1229
3,5,-1200
-46,40,-1040
46,31,-974
13,-103,-866
5,-64,-829
-83,78,-895
-42,107,-1091
7,122,-1223
-3,0,-1182
-39,21,-1036
40,66,-958
42,-85,-884
-5,-76,-813
-70,46,-882
-42,128,-1065
-1,136,-1225
27,29,-1208
-42,50,-1059
33,50,-970
40,-76,-903
11,-72,-833
-62,29,-882
-39,115,-1040
15,119,-1223
33,17,-1204
-3,35,-1085
15,70,-950
62,-76,-874
-1,-81,-812
-60,21,-874
-66,148,-1028
-11,138,-1204
21,27,-1231
-56,19,-1098
9,87,-974
44,-54,-911
25,-93,-843
-68,15,-856
-58,105,-1011
-15,138,-1206
25,40,-1225
-11,25,-1116
-7,60,-981
50,-56,-888
21,-111,-813
-70,5,-858
-62,93,-999
-31,173,-1194
-3,39,-1227
-31,21,-1122
-29,76,-993
66,-31,-917
7,-134,-843
-78,5,-849
-56,74,-1001
-44,171,-1182
33,27,-1233
-31,21,-1134
-21,54,-1005
62,-50,-903
33,-113,-839
-52,-9,-825
-56,76,-958
-60,173,-1163
33,33,-1233
-33,19,-1139
-13,95,-1011
33,-27,-913
46,-119,-845
-62,-21,-839
-66,74,-974
-35,179,-1153
9,50,-1247
-5,3,-1155
-19,68,-1013
60,0,-931
37,-122,-847
-35,-37,-845
-66,62,-919
-52,158,-1136
-19,76,-1216
19,5,-1175
-40,81,-1020
33,5,-931
21,-105,-845
-27,-35,-829
-56,64,-935
-64,181,-1138
15,91,-1235
-11,-7,-1182
-40,56,-1040
48,9,-942
33,-93,-872
-19,-54,-813
-60,25,-931
-64,142,-1112
-3,121,-1192
27,0,-1190
-35,89,-1040
29,-7,-944
25,-83,-884
-9,-64,-812
-74,52,-913
-56,163,-1085
-11,117,-1223
29,-19,-1206
-48,81,-1061
31,21,-958
42,-76,-892
0,-85,-819
-44,17,-890
-42,152,-1079
-1,138,-1204
39,-29,-1208
-37,70,-1071
9,15,-968
46,-66,-886
-19,-62,-819
-52,5,-890
-66,162,-1044
-31,138,-1202
23,-11,-1223
-40,103,-1095
23,35,-989
31,-66,-892
33,-97,-827
-60,-9,-892
-42,144,-1032
-17,171,-1202
29,-15,-1214
-23,56,-1085
15,35,-981
50,-39,-901
5,-95,-808
-62,3,-864
-54,122,-1026
-35,142,-1175
21,25,-1218
-35,35,-1108
-13,74,-985
46,-50,-919
29,-111,-835
-66,-13,-870
-60,128,-1007
-52,144,-1165
50,15,-1239
-46,19,-1116
7,66,-987
46,-37,-919
15,-89,-825
-50,-48,-839
-56,115,-974
-42,158,-1171
54,19,-1237
13,54,-1128
48,52,-1001
160,-7,-933
140,-93,-851
52,-46,-870
132,103,-936
199,162,-1165
201,93,-1247
290,-13,-1141
279,40,-997
407,-21,-964
384,-25,-837
331,-58,-819
314,31,-933
445,134,-1139
447,167,-1241
425,31,-1136
390,-9,-983
585,-23,-972
450,-17,-905
390,-15,-796
365,7,-913
460,101,-1138
464,167,-1241
376,83,-1122
400,-19,-995
525,-29,-987
427,-42,-894
322,-44,-772
290,1,-845
347,85,-1116
355,191,-1233
273,60,-1122
210,0,-1016
343,-37,-1009
271,-48,-917
103,7,-800
89,-3,-839
152,91,-1130
109,156,-1255
119,52,-1147
25,52,-1034
189,-37,-1034
101,-58,-921
27,-76,-763
-58,44,-862
39,78,-1095
62,156,-1218
0,44,-1167
-29,7,-1079
107,35,-1026
19,-66,-915
-70,-48,-776
-70,27,-878
-15,113,-1085
-50,156,-1245
19,5,-1163
-31,97,-1112
74,9,-1038
56,-74,-901
11,-85,-776
-48,9,-864
-21,150,-1059
11,78,-1184
1,39,-1179
-23,66,-1102
25,60,-1018
15,-44,-901
-19,-136,-794
-85,29,-849
-62,130,-1048
-33,130,-1180
-21,31,-1196
-35,83,-1114
64,15,-1028
68,-54,-919
64,-111,-794
-3,9,-847
48,109,-1015
95,138,-1159
148,70,-1218
134,27,-1145
187,60,-1030
197,-52,-913
167,-111,-802
89,-13,-827
113,80,-999
81,173,-1149
107,72,-1212
119,29,-1159
107,42,-1052
130,-7,-907
60,-76,-794
-13,-19,-843
0,52,-981
-13,160,-1155
-1,56,-1208
33,0,-1139
3,29,-1030
39,-46,-921
-44,-80,-804
-72,-3,-833
-68,99,-979
-81,146,-1112
-56,74,-1208
-58,15,-1165
-40,29,-1057
-48,-5,-935
-42,-89,-843
-87,-25,-868
-80,60,-970
-66,142,-1138
-50,101,-1210
7,23,-1155
-21,56,-1042
0,-25,-946
0,-78,-823
-50,-33,-847
-66,62,-927
-40,103,-1097
-5,101,-1186
40,-3,-1159
-40,80,-1032
56,-11,-948
42,-72,-858
-13,-29,-843
-42,66,-913
-27,154,-1077
62,70,-1202
37,15,-1194
-13,35,-1046
97,-27,-948
44,-70,-890
11,-39,-833
-33,46,-911
-19,156,-1059
56,97,-1186
5,33,-1192
-39,56,-1048
40,-15,-962
23,-42,-901
-31,-64,-837
-68,64,-895
-21,93,-1061
3,119,-1190
17,-3,-1202
-29,48,-1075
44,-35,-976
19,-25,-929
-7,-56,-843
-44,0,-878
-33,111,-1042
25,101,-1188
27,35,-1188
-23,21,-1063
31,-35,-985
31,-15,-909
-31,-54,-849
-62,33,-886
-44,117,-1038
7,126,-1182
-7,29,-1214
-33,33,-1083
-3,3,-997
25,-39,-936
3,-85,-853
-68,-1,-862
-50,76,-1022
-13,152,-1147
-21,33,-1202
-37,15,-1118
-17,29,-976
7,-42,-936
-23,-58,-837
-101,13,-847
-44,97,-1009
-35,150,-1171
-29,39,-1218
-31,15,-1098
-33,64,-997
46,-35,-954
-7,-62,-847
-62,-13,-864
-19,103,-989
0,109,-1138
33,81,-1216
0,9,-1106
21,25,-1016
68,-40,-931
58,-66,-841
-50,-13,-872
-29,80,-948
-11,113,-1122
-15,105,-1225
31,37,-1124
-35,46,-1030
31,-9,-968
33,-89,-870
-56,-5,-866
-66,103,-946
-37,95,-1120
-37,111,-1208
33,-21,-1147
-62,58,-1013
31,-25,-956
17,-44,-868
-68,-40,-841
-50,44,-919
-54,113,-1093
-17,122,-1204
1,19,-1167
-44,37,-1036
78,-19,-962
-23,-54,-895
-29,-15,-854
-74,48,-923
-33,99,-1114
33,122,-1200
66,-7,-1177
-42,60,-1042
111,-40,-976
68,-44,-884
13,-40,-831
-54,31,-917
-9,105,-1063
5,113,-1175
64,17,-1182
-72,40,-1032
68,-37,-962
-7,-50,-915
-35,-35,-851
-103,21,-907
-52,132,-1063
-40,107,-1175
11,3,-1200
-76,66,-1050
56,-44,-981
-35,-3,-909
-40,-68,-860
-64,7,-874
-39,119,-1042
-15,126,-1167
11,44,-1192
-54,7,-1071
64,9,-981
21,-3,-942
-1,-54,-864
-72,-5,-876
-35,109,-1013
1,113,-1169
-7,44,-1204
3,11,-1102
62,27,-1001
52,-29,-956
44,-56,-851
-50,-21,-872
-19,87,-1007
19,140,-1139
25,52,-1198
-35,-9,-1087
33,46,-989
29,-21,-952
-5,-48,-854
-78,-5,-880
-78,117,-989
-29,138,-1145
-7,101,-1221
-68,3,-1116
21,19,-1007
17,-21,-958
-7,-80,-866
-89,3,-874
-83,76,-960
-15,113,-1136
-15,81,-1192
-33,-11,-1120
-25,40,-1003
21,0,-950
15,-48,-853
-78,-31,-882
-72,89,-933
-5,117,-1118
5,146,-1204
11,-9,-1134
-50,44,-1015
97,-27,-974
35,-60,-878
-33,-17,-895
-46,60,-929
-5,81,-1079
3,105,-1212
9,5,-1149
-27,25,-1013
66,-37,-966
1,-52,-895
-44,-42,-858
-62,70,-921
-17,103,-1083
0,128,-1163
-39,0,-1169
-83,40,-1030
58,-13,-964
-35,-50,-919
-76,-25,-876
-124,15,-921
-83,150,-1073
-91,60,-1177
-101,35,-1151
-187,21,-1038
-97,9,-970
-130,-72,-911
-204,-48,-847
-296,19,-897
-320,167,-1044
-261,44,-1141
-244,5,-1177
-337,42,-1073
-257,37,-989
-304,-76,-935
-279,-74,-868
-411,70,-897
-339,204,-1040
-288,60,-1171
-265,-44,-1186
-363,87,-1089
-255,64,-985
-267,-50,-940
-265,-160,-880
-415,60,-874
-302,183,-1015
-308,80,-1151
-302,-50,-1190
-491,101,-1116
-419,109,-946
-515,-50,-927
-523,-173,-925
-683,60,-901
-679,126,-1042
-460,103,-1091
-335,-66,-1186
-503,122,-1052
-343,62,-952
-325,-158,-909
-325,40,-897
-232,167,-964
-136,97,-1110
-70,-76,-1237
-85,124,-1151
-68,58,-1032
-48,37,-952
-33,-173,-921
-138,17,-907
-154,144,-950
-80,181,-1114
-83,-42,-1223
-150,7,-1141
52,60,-956
31,15,-1007
380,-81,-815
214,-97,-911
54,132,-911
316,93,-1015
366,162,-1182
329,-50,-1108
212,23,-1028
251,17,-1030
228,-48,-907
134,-5,-901
-3,99,-915
31,124,-1083
111,33,-1221
81,64,-1136
-23,17,-1028
27,13,-962
-33,-40,-825
-64,-76,-804
-152,76,-888
-89,58,-1087
-81,115,-1200
-74,13,-1175
-162,56,-1042
-66,-15,-960
-87,-44,-895
-138,-42,-864
-251,68,-894
-101,107,-1098
-99,105,-1214
-78,-3,-1204
-201,103,-1067
-58,-39,-977
-109,-54,-907
-144,-35,-874
-226,70,-942
-144,146,-1097
-109,103,-1216
-64,-3,-1194
-128,29,-1054
29,-17,-954
-13,-37,-878
-15,-56,-833
-148,19,-886
-80,97,-1032
-44,50,-1200
-25,46,-1155
-91,101,-1018
40,15,-972
40,-48,-927
58,-72,-888
-122,60,-950
-11,119,-1056
-15,85,-1173
64,17,-1145
-44,35,-1030
122,11,-958
87,-23,-903
148,-95,-841
-62,39,-919
15,101,-1030
21,122,-1145
111,17,-1167
-56,23,-1050
122,11,-960
93,-15,-927
97,-91,-909
-62,46,-948
13,85,-1036
-11,126,-1145
97,-33,-1167
-19,81,-1059
54,-1,-981
35,25,-936
99,-113,-880
-58,3,-931
-7,44,-976
17,124,-1132
72,42,-1175
-68,46,-1091
27,-44,-989
-29,56,-954
0,-85,-897
-105,15,-903
-60,78,-972
-72,130,-1116
7,44,-1206
-105,33,-1108
-35,13,-1011
-1,-13,-964
-27,-80,-894
-93,-1,-866
-58,42,-954
-60,152,-1110
3,72,-1192
-62,27,-1134
-25,21,-997
37,9,-944
0,-46,-880
-58,-19,-870
-89,60,-944
-66,136,-1132
-17,78,-1206
-46,23,-1134
-11,33,-987
76,3,-966
46,-64,-905
-23,-48,-892
-76,81,-948
-48,89,-1130
-35,101,-1184
13,-13,-1102
-21,62,-981
109,-25,-952
81,-40,-890
11,-56,-905
-80,81,-952
-31,109,-1116
-29,140,-1188
17,-7,-1134
-42,44,-995
122,0,-958
42,-60,-919
21,-56,-897
-62,78,-960
-31,91,-1097
-46,117,-1173
33,-17,-1104
-50,40,-989
111,29,-942
58,-58,-927
29,-56,-894
-99,50,-954
-17,109,-1073
-48,105,-1159
21,9,-1138
-66,25,-1020
99,25,-954
23,-44,-927
23,-70,-907
-95,39,-952
-48,91,-1079
-56,117,-1147
40,0,-1143
-68,44,-1007
78,5,-956
35,-27,-911
40,-95,-909
-107,35,-954
-48,91,-1054
-70,140,-1134
25,-5,-1147
-85,54,-1040
74,-1,-944
25,7,-942
72,-85,-901
-121,25,-950
-56,60,-1032
-58,138,-1153
27,19,-1143
-68,35,-1065
42,29,-936
42,-27,-940
95,-85,-890
-101,35,-923
-50,87,-1015
-64,146,-1130
31,13,-1147
-76,31,-1071
37,29,-952
70,13,-950
107,-91,-923
-101,3,-929
-33,70,-1007
-56,142,-1139
21,31,-1167
-62,15,-1075
35,40,-970
85,-15,-929
91,-83,-907
-66,-1,-913
-37,46,-989
-66,152,-1139
0,21,-1182
-70,37,-1069
-1,35,-964
40,31,-944
58,-101,-917
-54,-13,-925
-54,54,-987
-13,169,-1122
9,87,-1171
9,-23,-1087
-48,-3,-995
-361,78,-1028
-390,-60,-835
-376,-78,-843
-353,-46,-878
-782,322,-1229
-732,74,-1159
-1073,-97,-1173
-1138,7,-1057
-1075,138,-892
-1223,5,-856
-1165,-277,-763
-1249,-44,-942
-1073,320,-1050
-1372,310,-1253
-1139,-245,-1114
-1284,-253,-1102
-1079,306,-1026
-1264,117,-940
-1085,-257,-864
-1081,-210,-1005
-1016,382,-1153
-1116,296,-1223
-905,-56,-1200
-853,-327,-1108
-878,236,-999
-868,138,-845
-798,-138,-806
-802,-275,-966
-798,277,-1122
-835,366,-1192
-821,-105,-1143
-757,-267,-1091
-786,210,-1001
-1085,245,-841
-977,-201,-761
-1071,-304,-915
-1077,117,-1102
-1417,569,-1122
-1134,-224,-1040
-1298,-265,-1057
-1108,89,-1003
-1508,386,-854
-1134,-232,-726
-1159,-343,-946
-1192,314,-1149
-1501,472,-1145
-1218,-113,-1059
-1020,-433,-1192
-1145,273,-1194
-1424,370,-894
-1179,-347,-819
-1098,-341,-960
-999,294,-1200
-1247,558,-1112
-972,-136,-1009
-854,-396,-1177
-835,119,-1186
-1266,372,-802
-1079,-245,-759
-1013,-208,-972
-1009,-122,-1216
-1434,636,-1061
-1282,-1,-1116
-1073,-341,-1151
-1251,29,-1171
-1499,343,-782
-1296,-85,-651
-1153,-259,-970
-1231,-212,-1118
-1676,724,-1093
-1116,-107,-974
-1206,-372,-1245
-907,140,-1065
-1229,230,-923
-958,33,-732
-841,-435,-1048
-646,240,-1085
-829,329,-1067
-849,158,-1106
-468,-368,-1231
-527,242,-1186
-368,66,-899
-489,-175,-798
-136,-56,-847
19,64,-1057
-78,357,-993
52,-76,-1122
238,158,-1184
222,-117,-1270
259,-1,-780
271,138,-765
413,-169,-845
39,74,-1075
-27,-42,-1024
450,331,-1028
357,44,-1419
882,-245,-1046
888,81,-899
866,251,-671
1001,-56,-792
1294,-212,-843
1313,87,-997
1370,374,-1198
1836,-70,-1239
1155,66,-1321
1407,-130,-970
1130,74,-843
1038,142,-827
1091,-171,-1001
1188,128,-1044
1063,474,-1257
1075,23,-1136
1112,-275,-964
909,171,-856
1028,-87,-724
755,122,-761
732,-232,-810
661,44,-1122
657,318,-1352
653,148,-1147
571,87,-1134
853,-107,-985
712,15,-938
661,-70,-769
692,89,-813
841,105,-1036
931,144,-1194
870,-48,-1202
1048,13,-991
1165,50,-1063
1286,-13,-882
1155,105,-843
1126,-7,-901
1307,-3,-1106
1266,136,-1315
1153,322,-1268
1149,-74,-1036
1378,-74,-1100
1243,-39,-950
1073,74,-747
976,-56,-661
1255,-165,-946
1184,283,-1200
989,382,-1147
856,-17,-995
1233,-302,-1026
1015,9,-972
940,331,-772
741,-81,-774
1104,-146,-1056
944,165,-1272
1005,347,-1182
925,15,-962
1229,-171,-1036
1095,35,-981
1065,80,-767
917,-95,-726
1202,-107,-1038
1007,240,-1257
1028,281,-1194
853,1,-1054
1196,-91,-1085
940,19,-1098
948,42,-817
634,-50,-780
858,52,-952
671,68,-1182
722,212,-1118
470,-37,-1046
556,-27,-1079
550,-93,-989
503,13,-771
290,60,-724
382,-91,-993
257,136,-1200
245,50,-1239
146,244,-1157
277,-17,-1169
154,-48,-1057
126,-232,-798
-29,101,-802
56,50,-979
0,167,-1200
19,56,-1190
-5,99,-1206
142,44,-1200
128,-44,-1081
85,-44,-812
35,-29,-878
140,9,-1056
66,119,-1272
119,150,-1296
136,54,-1305
191,70,-1264
244,-5,-1091
152,-60,-866
122,-87,-853
134,-13,-1042
169,163,-1268
122,187,-1294
208,9,-1335
197,66,-1280
245,-25,-1141
156,-66,-931
162,-115,-946
89,13,-1087
58,171,-1272
78,185,-1354
171,0,-1403
85,60,-1270
185,-29,-1098
91,-66,-956
144,-85,-976
11,54,-1085
40,122,-1266
54,97,-1403
158,-5,-1432
35,132,-1303
134,46,-1126
56,-64,-1030
134,-89,-1005
-25,19,-1097
7,130,-1237
39,160,-1405
148,23,-1417
35,72,-1323
105,25,-1138
76,-64,-1050
165,-85,-1038
-11,27,-1122
31,167,-1249
52,181,-1419
162,50,-1479
13,31,-1311
72,1,-1169
40,-89,-1098
105,-64,-1036
-81,72,-1061
-39,146,-1192
-56,89,-1393
101,33,-1464
-35,25,-1342
33,126,-1155
29,-68,-1100
122,-101,-1048
-58,5,-1059
-29,97,-1188
-13,150,-1424
111,15,-1487
-40,29,-1333
7,95,-1182
40,-56,-1120
80,-140,-1063
-97,3,-1079
-60,119,-1220
-58,160,-1456
76,15,-1520
-62,62,-1362
27,80,-1237
44,-50,-1231
83,-158,-1124
-93,-1,-1097
-42,126,-1221
-56,185,-1444
19,-27,-1512
-68,7,-1372
-56,117,-1233
-46,-7,-1161
-11,-162,-1069
-136,-39,-1038
-126,52,-1167
-105,189,-1358
-7,54,-1458
-89,44,-1303
-40,40,-1194
19,11,-1141
46,-175,-1069
-95,-31,-1036
-44,80,-1153
-17,204,-1395
56,48,-1493
33,40,-1428
19,105,-1317
142,-15,-1249
101,-121,-1169
11,-35,-1122
-9,99,-1194
-5,175,-1436
46,31,-1561
23,29,-1467
-5,93,-1325
74,31,-1249
70,-85,-1134
-23,-64,-1071
-42,13,-1169
-5,173,-1389
44,91,-1493
78,9,-1440
-3,124,-1305
121,5,-1227
72,-126,-1145
3,-76,-1063
-48,60,-1120
-27,167,-1341
0,132,-1477
46,-1,-1432
-35,113,-1280
83,13,-1204
31,-66,-1106
9,-117,-1044
-64,60,-1118
-37,140,-1335
-35,91,-1503
48,13,-1479
-46,95,-1356
66,50,-1255
23,-50,-1216
19,-111,-1098
-72,0,-1147
-23,121,-1352
-19,130,-1493
39,83,-1504
-60,25,-1374
76,-25,-1276
-15,-64,-1210
50,-54,-1079
-95,-25,-1139
-62,162,-1313
-35,99,-1473
25,93,-1520
-58,89,-1368
35,25,-1259
-17,-81,-1169
52,-107,-1026
-74,-13,-1106
-31,146,-1290
-29,113,-1497
1,11,-1475
-25,50,-1358
21,64,-1235
0,1,-1192
37,-122,-1030
-97,-1,-1102
-44,107,-1262
-60,136,-1491
25,27,-1522
-58,111,-1399
3,70,-1286
31,-66,-1167
72,-144,-1102
-97,50,-1098
-19,134,-1251
-50,183,-1489
54,25,-1545
-74,9,-1389
62,21,-1272
21,48,-1212
33,-113,-1091
-72,-105,-1104
-25,89,-1253
-68,214,-1436
21,124,-1518
-33,66,-1417
1,-5,-1270
46,-44,-1221
64,-76,-1122
-85,-9,-1112
-39,21,-1188
-48,115,-1479
35,91,-1506
21,109,-1413
-13,119,-1313
101,-60,-1192
74,-240,-1136
-58,5,-1075
-33,140,-1200
-44,146,-1395
25,33,-1520
-11,60,-1395
21,105,-1307
21,-21,-1253
95,-156,-1098
-31,-99,-1112
-46,142,-1179
-21,163,-1415
-13,150,-1493
21,13,-1465
-7,50,-1356
39,-11,-1268
80,-156,-1138
11,-115,-1083
-113,115,-1141
-15,167,-1337
-23,140,-1514
-3,93,-1426
17,-37,-1344
-17,87,-1301
50,-134,-1091
-48,-130,-1108
-101,140,-1128
-25,162,-1303
-60,197,-1504
70,-35,-1499
-80,66,-1407
87,-7,-1253
33,-126,-1163
-35,21,-1036
-62,-11,-1075
-27,140,-1350
-39,189,-1499
89,-48,-1506
-70,50,-1438
89,0,-1175
-11,0,-1122
19,-78,-1026
-101,3,-1159
-97,169,-1296
21,33,-1563
35,81,-1553
-85,70,-1366
72,56,-1227
0,54,-1159
60,-245,-1057
-93,-19,-1147
11,95,-1346
-17,189,-1483
66,62,-1481
-13,66,-1380
27,35,-1212
33,-130,-1149
72,-89,-1106
-107,54,-1126
-37,58,-1272
-31,218,-1473
83,66,-1485
-66,21,-1393
15,-5,-1247
27,19,-1216
128,-197,-1097
-83,76,-1081
-40,152,-1296
29,7,-1419
-13,150,-1538
-58,54,-1368
33,-23,-1286
7,25,-1157
74,-152,-1097
-119,-21,-1143
-66,148,-1206
-78,130,-1438
80,42,-1563
-80,64,-1393
-19,80,-1290
76,-44,-1249
44,-113,-1106
-89,29,-1077
-44,42,-1247
-85,117,-1473
19,70,-1479
-19,15,-1450
-13,132,-1282
-33,-40,-1206
124,-160,-1134
-44,-83,-1061
-66,212,-1169
-27,103,-1413
-17,52,-1524
-50,56,-1387
60,-25,-1356
-15,183,-1175
85,-234,-1091
-66,-27,-1079
-37,-13,-1169
-42,249,-1366
7,140,-1565
58,25,-1385
35,72,-1319
83,-91,-1216
70,-74,-1122
-48,7,-1061
-15,83,-1112
-60,95,-1405
60,64,-1499
-1,-17,-1495
-17,197,-1296
37,68,-1255
11,-173,-1075
1,-99,-1128
-42,31,-1110
-89,265,-1436
15,177,-1481
78,-169,-1485
-105,122,-1380
138,31,-1192
1,48,-1177
19,-140,-1001
-66,-80,-1163
-80,124,-1366
13,306,-1454
15,25,-1524
-40,-15,-1333
19,-37,-1192
11,19,-1138
31,-21,-1081
-122,-1,-1081
-56,52,-1323
-42,60,-1495
17,197,-1491
-74,115,-1393
103,-54,-1190
-29,-148,-1182
109,-42,-1044
-72,195,-1081
-44,17,-1319
-21,11,-1495
58,23,-1483
-56,292,-1354
85,40,-1245
46,-181,-1165
-44,-181,-1091
-44,23,-1024
-97,343,-1337
-15,134,-1464
29,-165,-1526
-46,87,-1311
5,234,-1323
58,-40,-1132
72,-292,-1093
-122,-3,-1044
76,91,-1251
-95,365,-1471
162,-76,-1544
-113,-179,-1380
70,316,-1237
11,109,-1190
107,-322,-1042
-142,-83,-1106
-101,175,-1221
-25,242,-1448
70,101,-1503
-23,-66,-1397
-44,64,-1284
74,7,-1112
126,9,-1114
-119,-107,-1122
58,-154,-1124
-89,359,-1516
52,165,-1454
-11,-85,-1438
-40,39,-1255
146,74,-1192
13,-138,-1036
-81,-27,-1091
-31,83,-1204
-81,121,-1389
23,76,-1555
13,68,-1370
-68,136,-1278
142,-91,-1188
-3,-107,-1120
-40,-3,-993
31,27,-1221
-113,171,-1417
146,31,-1487
-37,74,-1436
5,42,-1288
60,44,-1208
-9,-148,-1145
5,-54,-993
-13,29,-1165
-80,130,-1448
68,206,-1432
-29,-9,-1542
-66,11,-1221
87,134,-1259
1,-152,-1149
-66,-54,-977
-62,-23,-1180
-11,187,-1403
17,121,-1456
17,3,-1450
-19,46,-1380
44,91,-1149
60,-35,-1136
-1,-247,-985
-66,46,-1134
-74,167,-1393
52,99,-1415
-19,21,-1485
11,130,-1346
-66,11,-1225
103,-66,-1056
27,-66,-1054
-144,-60,-1136
-58,288,-1344
40,76,-1483
50,-89,-1430
-95,257,-1448
146,-17,-1151
-5,-85,-1192
21,-130,-1040
-11,-37,-1063
-165,222,-1368
-7,105,-1454
-3,-39,-1465
-19,140,-1354
25,0,-1233
-29,7,-1122
21,-111,-1034
-66,-44,-1050
-111,138,-1325
-46,224,-1440
68,-50,-1487
-62,171,-1378
62,46,-1223
-1,-76,-1145
54,-68,-1038
-54,-150,-1028
-103,324,-1249
0,23,-1454
111,31,-1407
-105,124,-1413
142,11,-1225
-72,83,-1122
140,-277,-1065
-89,70,-1087
-19,83,-1165
13,138,-1405
7,197,-1594
7,-25,-1325
-7,35,-1333
29,23,-1138
97,-128,-1118
-80,-154,-987
23,183,-1210
-68,226,-1450
97,-46,-1547
-99,128,-1391
107,-7,-1270
17,109,-1180
132,-269,-954
-95,-3,-1120
-33,33,-1091
-56,156,-1528
40,76,-1424
101,111,-1434
-37,132,-1239
101,-169,-1202
0,-40,-1056
-35,-25,-989
-103,3,-1233
-89,189,-1426
109,-33,-1538
-78,220,-1380
162,-27,-1208
-21,19,-1233
33,-48,-989
-3,-152,-1057
-117,113,-1151
-25,99,-1383
-76,245,-1508
76,-40,-1356
19,-35,-1260
-56,222,-1257
97,-126,-1026
-78,-175,-1079
-58,167,-1063
113,87,-1309
-142,218,-1598
70,-132,-1288
1,140,-1364
42,195,-1134
181,-374,-1028
-167,156,-1134
0,-68,-936
40,52,-1387
-48,288,-1450
169,-52,-1426
-249,220,-1327
148,-177,-1229
-23,54,-1093
37,-80,-1050
-46,-126,-1032
-80,265,-1362
11,128,-1452
0,29,-1444
42,152,-1327
167,-85,-1171
-89,-15,-1192
7,-173,-1001
-80,111,-1079
-93,150,-1223
101,13,-1524
42,140,-1452
-42,83,-1313
-35,5,-1298
-87,-27,-1095
134,-101,-976
-46,25,-1050
7,-44,-1296
-101,284,-1485
62,29,-1485
-31,40,-1315
99,140,-1083
39,7,-1163
81,-212,-831
-193,-81,-977
-33,300,-1075
-91,152,-1216
83,31,-1233
-66,93,-1005
19,111,-813
58,-31,-667
-72,-177,-669
-111,144,-421
37,3,-636
-144,304,-919
13,7,-749
-25,23,-728
-35,150,-527
128,13,-327
115,-87,-275
-109,-50,-140
29,99,-357
39,265,-472
144,-76,-755
-15,134,-482
103,-107,-560
-33,203,-433
154,-220,-242
-11,-85,-396
-25,91,-513
99,109,-778
-58,144,-993
5,3,-897
156,46,-741
-95,56,-759
216,-292,-445
-160,-1,-677
-1,27,-704
101,-40,-979
-91,281,-1202
5,-9,-880
-35,-115,-1005
-31,185,-628
175,-351,-585
-370,91,-591
13,-130,-589
-78,52,-913
-78,119,-915
162,-58,-905
-240,324,-794
136,-99,-411
64,-85,-433
-162,-124,-409
0,-33,-314
-134,167,-804
87,210,-681
85,-148,-769
-72,261,-542
126,-107,-308
7,-87,-433
19,19,-160
-146,-119,-507
39,353,-583
-7,-50,-903
72,25,-849
42,142,-651
-19,142,-776
201,-80,-366
-21,-265,-667
-42,271,-607
-64,-11,-954
19,163,-1108
107,-5,-1165
-124,310,-1003
169,-179,-880
31,-56,-837
50,-109,-747
-122,54,-909
35,-56,-1143
-132,283,-1344
175,103,-1278
-78,144,-1163
-1,29,-1067
89,-130,-872
3,-136,-829
-91,83,-835
-33,97,-1091
-122,259,-1229
105,-27,-1143
-78,105,-1034
56,58,-886
0,-17,-757
-105,-160,-634
15,50,-603
-64,267,-847
-66,-9,-1024
-17,132,-983
-101,91,-909
105,89,-702
5,-48,-681
39,-101,-528
-29,70,-558
-87,158,-706
17,27,-874
7,187,-1005
101,76,-841
72,163,-718
29,-103,-612
89,-273,-472
-163,46,-610
101,187,-603
-37,201,-913
-17,101,-964
-33,-17,-892
42,81,-679
29,-21,-630
29,-42,-546
-44,-244,-509
-130,165,-724
44,23,-843
-40,162,-1038
-27,-31,-862
29,171,-739
-3,-85,-685
48,-72,-402
1,-175,-489
-162,226,-657
-5,-191,-732
39,122,-911
-60,15,-823
-50,206,-669
40,-179,-521
-17,54,-435
-15,-165,-388
-162,216,-534
-150,-17,-821
134,119,-800
-167,25,-894
95,93,-579
11,-128,-708
72,0,-450
74,-204,-466
-105,292,-585
66,-175,-806
5,109,-1005
99,66,-929
91,197,-763
37,-117,-696
83,-50,-581
-9,-48,-530
-56,-3,-685
-7,189,-823
-19,46,-1050
-64,44,-991
37,25,-870
-25,101,-745
134,-177,-569
-78,107,-591
-93,-60,-651
-74,201,-864
78,27,-936
19,89,-1061
-35,-5,-813
87,-35,-743
-19,19,-585
60,-72,-497
-140,3,-640
-7,189,-720
-52,89,-1026
33,201,-972
-46,-29,-870
42,91,-706
46,-212,-583
-78,212,-546
-27,-218,-489
-117,191,-899
72,-17,-884
-5,312,-1071
9,115,-821
99,-80,-800
-83,-50,-677
163,-81,-329
-177,85,-651
-9,122,-657
-78,44,-933
89,89,-958
-50,101,-868
89,78,-665
-7,-40,-575
42,-173,-407
-111,35,-478
-78,37,-689
-15,142,-876
-23,13,-1036
76,132,-817
-1,15,-786
60,-156,-525
134,-93,-452
-146,62,-511
19,107,-636
-72,117,-952
101,-1,-999
-11,25,-895
-29,189,-730
46,-33,-579
56,-189,-507
-81,-210,-468
-85,238,-651
-66,263,-884
17,-21,-1016
-66,-37,-851
117,46,-716
-89,70,-691
138,-80,-329
-124,-226,-548
-9,33,-554
-60,167,-968
40,208,-913
35,-27,-919
39,27,-749
-31,-35,-677
113,19,-402
-23,-134,-564
-83,29,-599
-42,27,-829
7,238,-1032
46,-19,-913
-35,64,-815
39,-5,-607
74,-50,-470
-99,-95,-517
-58,68,-562
-48,44,-835
-19,214,-991
122,7,-919
-23,70,-819
99,-29,-607
-33,11,-568
-29,-187,-458
-62,109,-616
-68,95,-808
31,175,-1028
7,80,-968
-21,62,-812
124,27,-636
27,-5,-581
-29,-150,-466
-3,3,-540
-117,185,-853
29,117,-936
-13,13,-1003
-42,119,-769
11,19,-710
21,-31,-513
-37,-66,-462
-85,25,-525
-60,101,-759
-11,128,-989
56,0,-974
-50,97,-810
83,23,-720
0,21,-554
33,-255,-488
-85,83,-546
-66,66,-802
-15,204,-989
40,19,-1016
-37,44,-847
54,31,-691
-5,-5,-591
87,-160,-452
-74,-89,-482
-68,171,-749
-15,206,-933
83,68,-948
-33,-21,-849
-7,154,-673
31,-74,-528
-50,-105,-499
-66,-33,-388
-66,101,-745
-11,185,-851
101,-39,-974
-83,35,-847
128,93,-610
-7,68,-605
93,-185,-392
-66,-130,-491
-72,119,-694
-13,179,-862
17,76,-1028
-66,37,-866
74,19,-772
-50,54,-632
105,-197,-466
-126,-31,-554
-58,85,-687
-78,163,-979
105,60,-1018
-46,21,-942
33,181,-765
66,-42,-630
5,-162,-521
-80,-113,-439
-78,115,-669
-66,189,-886
11,29,-976
-80,-19,-913
-13,126,-718
37,29,-599
17,-113,-460
-95,-89,-466
-66,89,-605
-40,121,-899
25,136,-1003
17,15,-890
15,152,-735
81,40,-610
83,-195,-466
-68,-113,-445
-64,134,-546
-64,187,-866
66,58,-925
-23,-29,-923
-13,185,-728
64,25,-651
33,-136,-491
-21,-146,-501
-91,111,-595
-50,183,-827
40,62,-997
-19,-25,-1005
-13,162,-804
72,119,-702
54,-160,-523
-21,-199,-505
-81,95,-538
-48,261,-829
21,40,-940
7,-78,-983
-33,72,-774
54,121,-687
21,-48,-519
-29,-179,-482
-101,-23,-530
-37,187,-771
-37,210,-976
80,-13,-942
-81,33,-868
54,35,-653
27,-74,-564
-11,-101,-450
-76,1,-548
-56,173,-755
-3,99,-958
50,-37,-981
-35,185,-847
64,35,-675
5,-109,-589
-9,-165,-445
-80,25,-515
-70,224,-716
-11,78,-935
21,-33,-991
-50,111,-831
33,140,-665
23,-27,-591
31,-206,-421
-91,-29,-495
-62,177,-685
-31,124,-905
48,7,-976
-64,60,-866
40,101,-687
25,-56,-585
46,-201,-462
-83,-44,-489
-44,181,-687
-42,183,-936
66,29,-1011
-66,46,-886
52,81,-726
52,-40,-628
35,-109,-509
-81,-74,-491
-56,115,-685
-48,136,-919
21,83,-1024
-39,105,-882
13,72,-724
23,-78,-612
27,-99,-462
-89,-52,-484
-60,95,-665
-68,111,-897
42,66,-993
-46,158,-886
31,101,-726
35,-62,-622
40,-150,-468
-87,-46,-456
-54,169,-650
-72,107,-874
50,21,-1005
-19,89,-909
48,124,-739
66,-42,-661
93,-162,-528
3,-80,-515
3,152,-671
25,117,-909
64,60,-1044
48,54,-993
21,109,-858
95,62,-757
185,-199,-636
320,-91,-577
251,87,-794
251,181,-1040
706,95,-981
669,156,-1022
880,-74,-872
870,39,-895
1116,-122,-632
815,-3,-706
823,-56,-745
913,113,-1046
1052,148,-1095
950,121,-1102
950,48,-936
1095,52,-876
991,66,-694
968,-152,-521
878,-85,-640
1013,119,-927
892,242,-1149
890,146,-1030
977,-113,-905
1054,70,-890
911,-42,-794
829,117,-562
905,-210,-691
841,191,-1005
845,109,-1194
882,277,-1046
1020,-107,-979
1024,58,-927
929,-25,-813
935,3,-548
983,-204,-692
1120,169,-1011
1024,208,-1196
1065,259,-1098
1130,-39,-1098
1344,-5,-1016
1141,13,-862
1063,29,-601
1022,-259,-741
1104,103,-997
860,238,-1138
960,218,-1057
782,-132,-1079
909,-15,-989
739,52,-772
689,119,-546
640,-240,-653
692,17,-981
556,206,-1050
527,382,-1024
495,-62,-1149
554,-126,-995
290,13,-862
277,81,-571
5,-273,-769
156,109,-915
-5,167,-1134
-13,339,-1141
-25,-150,-1141
-5,99,-1065
-33,-1,-812
-56,-39,-609
-124,-101,-735
-101,-25,-927
-251,257,-1048
-111,46,-1159
-140,173,-1204
-62,-48,-1079
-124,144,-825
-56,-240,-708
-146,19,-763
-558,31,-958
-435,95,-890
-396,199,-1097
-425,-37,-1104
-876,25,-1167
-940,-132,-890
-1296,76,-763
-1317,-210,-755
-1331,80,-806
-1262,21,-948
-1212,210,-1075
-1503,142,-1319
-1118,-66,-954
-1169,9,-901
-919,-136,-737
-1227,-5,-796
-1122,-62,-835
-1151,-76,-1069
-909,245,-1292
-921,171,-1409
-1038,21,-1165
-804,-121,-956
-774,11,-913
-772,-33,-815
-790,-23,-749
-722,-9,-966
-597,105,-1286
-610,181,-1286
-638,64,-1091
-528,-136,-886
-573,-156,-796
-661,40,-757
-671,93,-759
-767,64,-931
-667,62,-1284
-808,148,-1311
-786,-48,-1018
-831,54,-813
-735,-167,-812
-866,-29,-735
-909,-46,-677
-853,140,-940
-733,66,-1272
-720,19,-1274
-696,15,-1046
-546,171,-942
-503,39,-925
-493,-160,-790
-564,-80,-804
-355,97,-1044
-279,181,-1296
-181,-19,-1300
-222,-11,-1093
-72,54,-1003
-19,37,-894
-42,-111,-780
-83,-48,-767
-48,122,-1001
0,187,-1235
29,27,-1190
-66,46,-1075
-11,56,-1028
-80,-40,-895
-130,-83,-667
-206,-81,-710
-132,117,-938
-95,212,-1139
-60,72,-1171
-101,3,-1075
21,29,-1022
-7,66,-884
-68,-160,-702
-204,-50,-706
-128,29,-983
-206,175,-1206
-177,74,-1233
-302,33,-1204
-132,1,-1128
-253,109,-946
-173,-66,-675
-370,-68,-702
-236,37,-927
-265,201,-1151
-152,95,-1255
-204,9,-1210
-44,-5,-1112
-128,23,-936
-52,-95,-732
-158,-58,-763
-89,37,-989
-119,160,-1167
-58,119,-1247
-64,117,-1208
21,-17,-1095
-66,-15,-895
-50,-115,-710
-124,-64,-732
-105,66,-890
-148,105,-1095
-105,70,-1239
-60,81,-1245
-66,60,-1141
-50,19,-933
-39,-80,-755
-74,-44,-772
-50,27,-892
-89,111,-1081
1,89,-1251
-1,54,-1239
15,9,-1108
-7,25,-936
-1,-85,-778
-78,-89,-763
-74,78,-884
-105,130,-1083
-27,156,-1262
83,64,-1251
54,68,-1132
136,66,-940
150,-111,-796
156,-99,-763
52,9,-821
91,134,-1042
181,134,-1245
210,19,-1276
80,70,-1134
191,42,-966
150,-48,-823
72,-87,-765
-52,31,-804
-7,76,-1028
-23,121,-1262
40,56,-1237
-58,58,-1100
-19,29,-974
-56,-70,-827
-60,-103,-755
-189,39,-817
-115,126,-1015
-80,144,-1251
-21,66,-1303
-78,27,-1177
-17,85,-1011
-17,-70,-874
-29,-134,-763
-138,-27,-790
-83,148,-968
-42,140,-1231
-37,66,-1278
-97,50,-1151
-39,72,-1005
-66,-7,-884
-66,-115,-761
-187,-13,-772
-93,121,-958
-76,122,-1231
-3,68,-1276
-85,25,-1161
-23,111,-1003
-13,-48,-886
-9,-126,-753
-122,-52,-755
-66,109,-933
-58,154,-1200
23,60,-1286
-56,5,-1177
9,48,-1034
21,-31,-895
39,-130,-765
-99,-3,-763
-42,58,-944
-37,165,-1206
39,62,-1286
-42,42,-1173
39,85,-1050
27,-15,-935
91,-162,-774
-85,-19,-769
-17,50,-903
-25,154,-1175
56,76,-1272
19,3,-1188
33,91,-1054
52,-9,-925
97,-124,-780
-85,-25,-747
-39,15,-890
-50,177,-1149
33,113,-1264
1,17,-1204
15,89,-1089
44,-17,-933
74,-113,-800
-81,-25,-741
-13,35,-894
-54,189,-1143
66,87,-1274
11,11,-1208
31,62,-1089
56,7,-940
85,-105,-823
-76,-42,-759
-56,15,-856
-76,169,-1106
13,122,-1262
-1,17,-1231
-11,85,-1114
13,15,-958
19,-113,-841
-66,-25,-747
-68,13,-866
-66,167,-1126
0,119,-1235
29,3,-1241
-33,80,-1110
64,13,-968
29,-109,-849
-37,-58,-743
-66,-1,-813
-66,179,-1085
0,142,-1220
46,19,-1259
-35,95,-1130
72,3,-970
23,-87,-866
-25,-40,-745
-68,-11,-829
-76,160,-1067
-5,126,-1241
35,13,-1262
-27,80,-1149
68,15,-991
25,-76,-874
3,-76,-726
-60,-27,-813
-44,163,-1040
-13,144,-1218
58,9,-1251
-37,64,-1130
50,21,-1007
27,-50,-894
11,-89,-749
-101,-15,-796
-35,119,-1016
-39,156,-1200
62,33,-1278
-48,60,-1157
50,44,-1020
21,-66,-901
33,-95,-753
-89,-31,-802
-37,99,-995
-56,175,-1192
80,9,-1255
-56,54,-1155
44,52,-1009
31,-44,-931
39,-85,-759
-87,-46,-780
-52,109,-960
-60,173,-1184
58,31,-1284
-66,83,-1192
31,46,-1042
11,-48,-925
42,-107,-778
-101,-44,-778
-44,87,-944
-76,163,-1167
80,21,-1268
-54,64,-1177
21,70,-1040
21,-33,-948
46,-91,-772
-89,-56,-763
-46,81,-933
-83,173,-1169
42,72,-1272
-48,44,-1200
-5,70,-1059
27,-33,-960
37,-81,-810
-80,-72,-769
-46,74,-909
-72,165,-1116
50,62,-1268
-15,74,-1206
42,44,-1065
60,7,-950
35,-95,-812
-40,-81,-757
-42,46,-892
-68,197,-1128
29,83,-1249
-5,50,-1225
-5,33,-1077
48,9,-981
62,-80,-835
-39,-80,-767
-48,27,-866
-58,165,-1100
19,81,-1251
33,50,-1249
-11,52,-1093
64,0,-979
42,-99,-845
-17,-76,-755
-60,19,-853
-68,175,-1065
9,101,-1262
21,39,-1253
-27,44,-1100
54,29,-995
31,-66,-862
-17,-105,-745
-89,5,-864
-72,148,-1052
0,111,-1235
5,60,-1255
-23,35,-1120
29,7,-991
13,-52,-864
-9,-101,-759
-91,0,-819
-56,156,-1020
-19,81,-1235
39,62,-1262
-23,42,-1145
15,33,-1005
1,-42,-866
3,-146,-759
-99,-5,-817
-56,146,-1001
-23,132,-1227
46,64,-1280
-39,21,-1147
35,35,-1005
35,-37,-901
35,-130,-763
-72,-9,-800
-40,121,-981
-37,121,-1200
54,62,-1274
-46,46,-1169
23,70,-1015
11,-35,-897
31,-144,-761
-87,-11,-786
-40,111,-974
-40,169,-1208
68,42,-1296
-44,58,-1165
25,62,-1042
40,-3,-905
66,-146,-767
-80,-23,-790
-33,85,-946
-62,163,-1169
68,64,-1286
-42,50,-1180
9,70,-1040
23,-13,-899
80,-150,-798
-76,-29,-778
-19,81,-933
-35,163,-1175
124,52,-1274
80,35,-1210
111,99,-1073
169,-15,-917
247,-138,-788
128,-39,-794
191,87,-909
193,158,-1143
343,70,-1268
325,33,-1218
378,119,-1059
372,-11,-954
456,-185,-790
398,-21,-769
353,121,-909
366,124,-1091
476,54,-1249
509,40,-1243
415,146,-1100
486,9,-913
507,-206,-817
450,-33,-771
370,124,-886
294,158,-1048
460,44,-1237
470,39,-1253
378,132,-1098
378,-13,-919
409,-124,-792
363,-80,-798
259,122,-882
165,115,-1011
310,85,-1235
339,44,-1305
214,150,-1139
201,31,-940
230,-126,-835
193,-76,-823
66,40,-872
21,197,-999
119,97,-1237
179,56,-1317
74,11,-1151
62,70,-938
78,-85,-831
68,-66,-813
-44,-19,-853
-66,146,-987
-1,165,-1216
136,35,-1321
-68,60,-1165
9,5,-960
1,-58,-870
23,-78,-825
-111,-1,-827
-66,122,-970
-39,154,-1216
109,35,-1305
-50,46,-1169
13,50,-974
13,-48,-880
44,-136,-800
-109,-25,-802
-76,109,-935
-17,165,-1221
40,74,-1305
-50,23,-1169
-35,46,-981
7,-50,-880
15,-89,-804
-121,-17,-796
-70,105,-940
-25,152,-1204
101,46,-1313
-33,21,-1155
39,70,-999
103,-50,-923
154,-124,-810
-15,-27,-774
62,109,-935
107,146,-1171
226,66,-1298
121,19,-1173
156,52,-1007
201,-5,-919
203,-126,-806
17,-29,-782
91,80,-915
109,128,-1179
175,97,-1292
56,29,-1171
103,81,-1001
117,-52,-938
121,-109,-806
-66,-35,-767
-23,87,-907
7,101,-1165
23,80,-1280
-13,1,-1163
-17,39,-1032
17,-9,-942
15,-89,-833
-130,-19,-772
-62,60,-911
-66,150,-1161
-23,101,-1278
-52,23,-1206
-62,50,-1046
11,-35,-970
-11,-89,-829
-105,-25,-774
-54,39,-915
-74,169,-1136
0,93,-1257
-60,23,-1194
-42,64,-1052
13,15,-954
-13,-80,-853
-101,-54,-769
-60,19,-890
-70,191,-1106
-1,91,-1233
-5,52,-1214
-9,35,-1102
80,58,-966
29,-64,-843
-50,-33,-772
-40,9,-854
-23,148,-1083
40,81,-1231
27,44,-1231
-11,39,-1102
89,42,-968
58,-105,-862
-42,-29,-774
-17,9,-860
-23,177,-1044
35,85,-1227
35,46,-1255
29,5,-1112
56,21,-991
44,-74,-878
-29,-48,-767
-44,-31,-866
-29,138,-1028
50,101,-1239
54,74,-1253
9,11,-1134
44,37,-1001
37,-54,-870
-7,-76,-763
-44,-13,-847
-35,140,-1018
23,109,-1204
17,54,-1249
0,-25,-1130
42,81,-983
15,-39,-897
3,-64,-784
-58,-37,-853
-46,95,-1015
-3,167,-1190
0,50,-1268
-19,1,-1165
11,-3,-1030
-19,-21,-911
-46,-60,-776
-80,-21,-829
-78,76,-985
-31,144,-1167
-35,95,-1255
-52,37,-1147
-35,7,-1011
-23,-33,-925
-31,-60,-786
-99,-27,-821
-72,97,-968
-56,122,-1149
-15,91,-1249
-48,40,-1175
-7,11,-1052
-7,-9,-931
11,-81,-810
-87,-21,-800
-42,64,-923
-15,105,-1143
39,105,-1249
15,5,-1190
7,54,-1061
105,-35,-944
62,-74,-819
-76,-23,-792
0,80,-925
-39,169,-1112
54,99,-1262
-13,1,-1208
0,46,-1081
76,5,-938
52,-74,-839
-60,-39,-794
-15,13,-882
-31,152,-1114
54,111,-1233
7,-11,-1229
5,54,-1081
78,-42,-952
48,-64,-833
-72,-50,-800
-48,54,-882
-48,128,-1108
-9,109,-1237
23,9,-1233
-19,70,-1095
58,-13,-952
23,-70,-854
-48,-54,-782
-23,17,-880
-44,156,-1057
19,132,-1231
62,29,-1231
0,13,-1124
46,-15,-968
9,-54,-847
-50,-29,-786
-58,-7,-868
-83,119,-1042
-19,117,-1208
-15,60,-1249
-44,25,-1108
5,-11,-991
5,-40,-858
-66,-48,-796
-80,1,-854
-70,95,-1030
-25,130,-1192
-15,81,-1245
-29,-15,-1116
-5,13,-989
-5,-25,-895
-64,-48,-808
-68,-5,-831
-54,80,-1005
3,142,-1175
9,87,-1239
-17,0,-1157
29,17,-1026
25,-44,-909
-21,-44,-794
-64,-42,-845
3,130,-989
11,124,-1192
62,85,-1241
-21,-5,-1143
111,19,-1016
72,-27,-921
31,-39,-796
-44,-39,-817
-5,72,-958
11,140,-1143
31,97,-1255
-25,13,-1173
31,33,-1038
27,-21,-925
-1,-40,-819
-78,-40,-802
-39,76,-950
-44,117,-1134
13,95,-1249
-31,-13,-1192
1,39,-1061
31,-54,-935
-3,-44,-813
-83,-42,-812
-35,44,-933
-68,136,-1122
39,103,-1239
-29,39,-1200
-19,21,-1061
7,-9,-931
19,-52,-823
-74,-29,-829
-66,44,-907
-66,140,-1097
7,128,-1225
21,7,-1216
0,35,-1081
0,-5,-940
11,-56,-837
-83,-54,-800
-35,15,-911
-62,148,-1093
-3,128,-1218
19,-5,-1208
-21,-5,-1071
25,9,-946
7,-40,-866
-76,-31,-810
-58,3,-895
-70,146,-1059
-25,146,-1200
-21,-3,-1206
-52,19,-1095
-31,-7,-987
-58,-37,-895
-162,-54,-808
-97,-11,-856
-122,134,-1044
-109,126,-1204
-119,91,-1196
-148,-39,-1102
-124,-7,-972
-167,-35,-872
-269,-9,-802
-294,-62,-862
-298,121,-1030
-265,115,-1208
-277,165,-1231
-320,-81,-1122
-292,-3,-1011
-249,9,-917
-335,-3,-810
-351,-56,-870
-314,52,-1003
-271,150,-1177
-249,175,-1220
-247,-99,-1153
-255,-25,-1005
-257,29,-901
-300,-15,-782
-380,-64,-866
-425,81,-1024
-509,93,-1167
-454,156,-1198
-525,-60,-1128
-568,-35,-1056
-556,39,-931
-733,-52,-874
-610,-83,-800
-452,56,-933
-355,142,-1063
-370,191,-1196
-345,-56,-1163
-335,-27,-1048
-230,13,-948
-206,-39,-823
-257,-74,-853
-152,64,-974
-107,117,-1171
-21,203,-1292
-95,-39,-1216
-81,-13,-1079
-54,-37,-927
-78,-3,-825
-158,-9,-812
-111,-31,-929
-162,111,-1122
-15,144,-1229
70,9,-1190
257,27,-999
173,-19,-972
197,-89,-839
236,-19,-724
337,87,-839
222,130,-1098
310,99,-1280
144,0,-1251
269,3,-1065
193,78,-987
191,-74,-897
52,-56,-782
124,39,-888
74,201,-1130
37,134,-1239
25,-13,-1167
17,0,-1018
17,-3,-938
15,-46,-819
-95,-95,-796
-122,40,-853
-93,126,-1065
-64,160,-1239
-109,27,-1233
-103,-1,-1093
-89,19,-989
-66,-48,-862
-148,-64,-804
-134,39,-888
-146,136,-1073
-89,154,-1220
-93,9,-1245
-111,-33,-1132
-105,54,-995
-81,-13,-876
-179,-31,-829
-167,-17,-888
-183,109,-1059
-80,162,-1212
-78,74,-1202
-56,-50,-1091
-60,50,-958
-7,-60,-854
-89,-54,-798
-121,-50,-858
-134,163,-1026
-40,150,-1198
-23,87,-1210
1,-29,-1112
1,64,-1007
89,-21,-917
-9,-50,-808
-80,-29,-874
-68,95,-1026
-9,142,-1165
46,54,-1182
23,-13,-1083
81,39,-979
146,-40,-913
60,-60,-833
-56,-29,-872
-3,121,-1005
50,134,-1147
48,52,-1208
68,-35,-1118
72,105,-1001
119,-48,-927
89,-76,-868
-33,-44,-872
-35,130,-972
23,144,-1136
103,64,-1200
0,-11,-1134
31,25,-1018
119,-29,-933
54,-50,-854
-70,-39,-856
5,54,-944
33,138,-1136
21,72,-1239
-29,0,-1155
5,66,-1024
-9,-23,-962
-11,-81,-862
-68,-35,-823
-78,87,-929
-52,148,-1114
23,95,-1237
-52,-13,-1204
-66,15,-1061
-3,-11,-931
7,-56,-849
-140,-27,-812
-70,21,-917
-42,175,-1098
13,105,-1247
-62,5,-1202
-19,54,-1048
23,3,-948
11,-60,-856
-122,-40,-819
-66,52,-907
-81,165,-1091
-11,89,-1235
-44,11,-1198
-19,48,-1048
31,-1,-962
44,-48,-860
-66,-56,-815
-66,31,-899
-62,148,-1079
9,85,-1233
-3,17,-1182
21,5,-1038
78,-1,-966
93,-60,-880
-74,-27,-827
-58,17,-923
-72,165,-1097
21,64,-1194
9,21,-1177
23,13,-1038
62,29,-989
103,-72,-899
-56,-66,-815
-52,-3,-913
-64,152,-1067
27,99,-1169
19,35,-1177
35,0,-1063
78,23,-983
105,-46,-905
-39,-46,-825
-46,-1,-913
-89,130,-1052
17,115,-1184
13,29,-1177
-3,29,-1052
39,23,-1001
85,-44,-907
-56,-68,-851
-62,-15,-903
-105,165,-1044
-7,107,-1141
-1,44,-1175
5,-23,-1075
11,60,-1011
60,-31,-915
-15,-64,-845
-85,-15,-890
-128,136,-1003
-54,124,-1149
-25,76,-1190
-35,19,-1091
-21,37,-1015
27,-40,-931
-7,-78,-841
-70,11,-890
-89,126,-1001
-23,64,-1145
-35,66,-1177
-283,56,-1120
-585,70,-1038
-597,-121,-940
-464,-101,-776
-872,64,-972
-845,117,-935
-960,70,-1100
-905,99,-1169
-1192,87,-1143
-1274,142,-1001
-1145,-242,-845
-1184,-204,-823
-1161,173,-833
-1245,197,-942
-1200,-107,-1089
-1163,-119,-1307
-1110,263,-1223
-1303,206,-1182
-1102,-226,-925
-1003,-298,-919
-997,203,-931
-1149,298,-1009
-1036,-56,-1083
-815,-177,-1243
-872,245,-1307
-847,146,-1032
-979,-48,-890
-622,-366,-839
-886,115,-903
-942,242,-823
-1110,66,-1038
-739,-208,-1292
-954,162,-1294
-1253,372,-1024
-1227,-89,-790
-1022,-517,-890
-1286,99,-866
-1532,318,-722
-1393,117,-958
-1097,-290,-1284
-1307,68,-1327
-1542,417,-948
-1270,-60,-843
-1020,-409,-968
-1321,81,-985
-1545,349,-772
-1342,29,-1015
-1003,-294,-1362
-1192,169,-1475
-1407,320,-1089
-1169,-31,-796
-874,-431,-927
-977,5,-1040
-1319,472,-763
-1190,-46,-876
-895,-162,-1376
-841,-17,-1442
-1380,423,-1026
-1184,-39,-802
-853,-445,-944
-1102,121,-1071
-1458,226,-771
-1467,138,-794
-1175,-175,-1341
-1257,5,-1448
-1561,365,-935
-1536,11,-784
-1110,-486,-872
-1247,11,-1122
-1655,318,-663
-1641,-3,-771
-997,-259,-1284
-1549,91,-1079
-1706,265,-813
-993,-392,-1003
-1360,-3,-1122
-1704,52,-616
-1590,271,-938
-925,-60,-1202
-1434,-91,-1637
-1776,302,-1022
-1225,-165,-823
-874,91,-876
-977,-197,-946
-1565,52,-864
-1231,19,-702
-1098,27,-1300
-1065,148,-1399
-1368,-124,-1188
-1376,353,-856
-1243,-273,-954
-1124,-5,-913
-1360,-228,-671
-1600,273,-956
-1294,117,-1022
-1393,-81,-1508
-1202,97,-1020
-1341,66,-936
-1042,5,-823
-1481,-263,-1065
-1382,91,-763
-1270,-122,-862
-1483,513,-1268
-1323,-322,-1465
-1465,83,-1253
-1120,277,-616
-1253,-244,-1204
-1413,126,-960
-1303,-251,-659
-1401,56,-661
-1339,169,-1370
-901,-50,-1454
-1608,308,-1057
-1413,-107,-882
-966,-138,-940
-1311,66,-1100
-1553,70,-673
-1464,113,-769
-1095,-474,-1264
-1547,644,-1534
-1188,78,-1093
-1385,74,-761
-1056,-577,-968
-1346,271,-917
-1173,-58,-802
-1337,132,-671
-1399,-242,-1221
-1139,271,-1432
-1130,181,-1372
-1668,240,-716
-1225,-359,-985
-1208,-25,-1120
-1485,144,-800
-1626,35,-638
-1376,0,-1301
-1260,-113,-1413
-1479,238,-1214
-1061,-40,-724
-1284,351,-1071
-640,-509,-895
-1368,78,-919
-1225,-58,-710
-784,320,-1100
-964,27,-1544
-985,-218,-1202
-1013,-134,-1038
-609,626,-866
-749,-286,-1079
-817,-271,-702
-737,-99,-786
-491,618,-958
-589,107,-1501
-431,-423,-1169
-489,33,-907
-325,499,-923
-130,-101,-1030
-355,-191,-745
-409,-343,-815
-304,819,-1139
-101,-421,-1218
-396,199,-1360
-175,-199,-935
-214,755,-886
-121,-382,-1042
-109,-259,-655
-460,70,-890
-206,302,-970
-56,0,-1245
-148,-242,-1329
-214,245,-999
-31,197,-845
-9,-109,-935
-376,-283,-794
1,128,-755
-552,230,-1177
-56,-267,-1393
-341,306,-1159
-158,156,-1083
-119,244,-847
105,-632,-1098
-39,534,-571
-150,-400,-954
-13,439,-991
-111,-515,-1342
52,466,-1184
-193,163,-1110
15,13,-972
-281,-283,-1042
-11,300,-692
-415,-23,-784
-210,-46,-1095
-249,171,-1327
-244,210,-1089
-107,197,-1013
-122,-197,-1136
-124,-214,-940
-281,212,-735
-390,-312,-776
-224,-175,-1165
-199,392,-1180
197,154,-1229
-337,284,-1177
5,-579,-954
5,519,-843
-87,-236,-722
-33,-37,-921
-341,142,-1020
-54,42,-1239
173,-80,-1280
-162,201,-1192
58,62,-989
-19,140,-890
66,-261,-696
-119,-337,-948
-40,275,-864
-78,388,-1255
-189,216,-1292
230,-318,-1104
-89,279,-919
0,-150,-780
179,-154,-806
-111,128,-755
-21,9,-1147
19,124,-1110
42,-201,-1383
109,331,-1098
-81,-124,-1046
-29,269,-806
150,-296,-831
-87,-31,-1026
-107,136,-913
206,-80,-1249
126,548,-1374
150,-450,-1171
140,427,-966
222,-368,-806
136,351,-819
122,-310,-892
97,179,-923
-154,-177,-1259
197,165,-1266
185,540,-1024
546,-220,-935
605,218,-1046
837,-156,-890
638,117,-538
1428,101,-638
1098,37,-1368
1424,-132,-1311
940,7,-1151
1098,253,-1005
1405,-386,-1044
1296,138,-987
1272,89,-601
895,296,-964
1255,-39,-981
1009,-189,-1469
1231,521,-1182
981,415,-880
1192,-466,-876
1186,-76,-659
1065,-474,-671
583,737,-847
761,-212,-1005
1272,-109,-1319
1057,497,-1368
991,300,-792
835,-445,-1011
1095,122,-817
1186,-191,-856
741,599,-833
1063,-466,-1221
952,-95,-1467
1356,589,-1081
1120,331,-903
1143,-530,-1159
1512,89,-798
1253,-292,-841
927,484,-786
1372,-156,-1042
1196,117,-1559
1268,390,-1149
1001,101,-970
1323,-83,-864
1485,-372,-1157
1223,177,-640
1106,206,-548
1257,-372,-1122
1335,242,-1301
1138,737,-1212
1204,-306,-1087
1120,-300,-812
1452,25,-890
954,156,-1069
763,283,-540
1233,-329,-977
1182,33,-1667
911,523,-1329
1001,400,-683
1341,-679,-856
1510,60,-1059
1112,337,-845
936,68,-554
1532,-560,-1063
1458,325,-1452
1221,610,-1245
1360,212,-913
1401,-427,-1163
1875,-44,-864
1446,128,-767
927,271,-870
1514,-409,-1081
1532,154,-1294
1206,640,-1155
1257,9,-983
1360,-425,-1061
1522,119,-833
1358,169,-634
1155,-31,-778
1284,-302,-1081
1165,378,-1221
1163,466,-1169
1202,-13,-1126
1243,-251,-1016
1245,-50,-950
1249,162,-845
1204,-48,-714
1532,-150,-929
1118,302,-1372
1188,503,-1419
1372,-33,-981
1553,-370,-931
1378,85,-1075
1335,288,-866
1085,-333,-714
1577,-368,-917
1163,638,-1370
1624,532,-1276
1212,-31,-1040
1512,-488,-827
1397,54,-1038
1512,216,-726
1120,-122,-685
1374,-372,-958
1171,523,-1305
1278,464,-1223
1200,95,-962
1497,-593,-895
1372,146,-1106
1255,329,-796
1190,-265,-689
1383,-115,-935
1368,452,-1327
1253,325,-1255
1177,-210,-1009
1383,-50,-968
1341,171,-1083
1403,-80,-835
1077,-163,-702
1510,-169,-913
1221,448,-1303
1393,484,-1104
1235,-3,-1138
1374,-331,-1106
1407,130,-1011
1266,66,-831
1143,-216,-689
1387,-177,-913
1348,378,-1163
1188,523,-1257
1458,-62,-1097
1446,-218,-1030
1547,11,-1022
1198,169,-837
1344,-306,-616
1231,-121,-909
1198,486,-1210
1026,398,-1298
1028,-138,-1169
1018,-257,-1022
1020,298,-979
897,21,-831
823,-292,-638
886,-226,-874
817,523,-1138
794,353,-1249
737,-91,-1179
702,-165,-1059
923,132,-927
597,-21,-933
583,-261,-765
534,-74,-913
679,378,-1184
365,322,-1325
523,3,-1147
511,-29,-1091
525,85,-1007
392,-138,-894
421,-251,-694
304,9,-894
372,284,-1124
269,236,-1186
296,111,-1145
283,-31,-1139
316,21,-1005
216,-89,-874
173,-56,-702
134,-91,-907
142,201,-1067
56,175,-1188
122,199,-1157
119,-3,-1186
130,-74,-1028
128,-83,-815
138,-72,-714
52,-9,-909
35,103,-1028
9,203,-1188
152,283,-1229
117,48,-1214
119,-130,-987
99,-122,-812
162,-54,-808
128,-7,-888
39,62,-1001
35,187,-1108
167,234,-1268
208,93,-1247
185,-80,-964
148,-115,-774
236,-105,-813
193,-1,-919
103,95,-985
29,222,-1098
240,160,-1284
208,17,-1249
163,-74,-938
119,-48,-771
199,-142,-856
162,-31,-935
48,70,-936
-17,259,-1079
177,181,-1301
175,37,-1286
66,-64,-925
89,-72,-800
154,-89,-894
89,-39,-944
-9,66,-907
-62,245,-1075
101,189,-1329
113,40,-1268
-3,-25,-952
62,-70,-806
115,-76,-925
80,-101,-890
-70,80,-878
-15,220,-1059
66,216,-1372
113,29,-1231
-40,-9,-921
37,-60,-821
119,-101,-956
89,-85,-884
-83,154,-817
-40,193,-1024
64,173,-1360
99,21,-1260
-50,35,-925
-5,-25,-829
119,-181,-960
17,-111,-882
-97,124,-804
-74,245,-1034
7,162,-1364
27,-3,-1276
-91,3,-954
-54,-13,-831
-25,-154,-991
-68,-158,-866
-191,80,-843
-201,216,-1038
-87,210,-1350
-60,17,-1274
-134,56,-954
-78,1,-866
-3,-175,-972
-31,-165,-872
-99,74,-819
-117,242,-1042
-21,154,-1333
58,13,-1288
-25,19,-1016
15,40,-882
126,-111,-960
121,-179,-899
-25,62,-833
7,201,-989
66,185,-1323
128,15,-1282
33,19,-989
5,15,-853
111,-124,-942
107,-175,-907
-13,40,-829
-56,269,-942
48,142,-1264
122,58,-1292
31,35,-1034
62,39,-853
121,-99,-905
144,-220,-909
1,-17,-843
-35,238,-958
-5,201,-1270
171,66,-1305
-3,19,-1052
40,56,-878
87,-70,-962
119,-171,-952
-44,-23,-856
-64,220,-923
-54,218,-1192
76,80,-1288
-27,3,-1081
-39,40,-874
11,-80,-946
56,-189,-960
-68,-37,-843
-80,220,-872
-50,236,-1145
5,107,-1307
-7,-15,-1130
-66,11,-919
21,-70,-936
15,-134,-931
-76,-81,-841
-97,185,-866
-85,214,-1132
0,132,-1321
-23,5,-1163
-68,27,-915
5,-97,-929
54,-144,-931
-62,-103,-841
-97,197,-853
-95,216,-1112
23,91,-1319
0,-25,-1194
-68,39,-927
21,-70,-897
25,-144,-921
3,-111,-841
-97,165,-874
-78,232,-1106
21,126,-1315
40,13,-1202
-21,3,-946
29,-66,-905
91,-136,-940
23,-89,-849
-76,167,-854
-66,199,-1085
19,148,-1298
81,31,-1204
-13,27,-960
58,-58,-897
95,-148,-958
42,-138,-858
-68,150,-866
-64,210,-1052
5,175,-1292
60,40,-1239
-9,5,-993
31,-44,-903
70,-109,-923
25,-132,-874
-76,121,-866
-72,201,-1018
-13,169,-1284
40,46,-1262
-29,19,-1001
3,-42,-894
60,-126,-950
33,-154,-876
-78,107,-843
-85,253,-991
-33,193,-1262
17,31,-1284
-39,15,-1028
-13,-13,-894
31,-101,-933
33,-154,-890
-91,64,-831
-78,216,-976
-48,191,-1262
29,62,-1301
-21,0,-1032
-11,-13,-890
25,-121,-931
66,-165,-872
-93,58,-851
-83,245,-958
-46,154,-1257
17,64,-1294
-9,-17,-1042
-21,35,-895
52,-95,-935
56,-169,-907
-72,11,-864
-85,255,-935
-44,177,-1233
39,74,-1292
-1,-31,-1081
-1,-5,-890
64,-81,-913
72,-162,-911
-44,19,-862
-70,187,-925
-56,187,-1202
50,111,-1286
15,-11,-1108
-21,21,-915
78,-81,-942
78,-181,-935
-72,-7,-849
-81,230,-911
-58,204,-1169
35,113,-1307
35,-37,-1124
-27,19,-929
62,-70,-929
66,-136,-913
-33,-31,-854
-83,185,-901
-70,214,-1143
19,126,-1311
9,-21,-1145
-35,9,-940
29,-60,-913
74,-158,-931
-42,-46,-849
-74,197,-884
-78,216,-1138
21,109,-1298
7,-25,-1149
-42,29,-935
21,-50,-921
89,-142,-936
-23,-85,-862
-83,173,-858
-72,214,-1097
-1,132,-1296
33,-13,-1179
-42,11,-966
33,-56,-915
76,-142,-927
7,-87,-862
-83,177,-872
-80,204,-1081
9,142,-1292
25,-9,-1194
-21,39,-974
1,-29,-915
99,-132,-944
5,-158,-866
-78,150,-845
-85,203,-1032
-5,156,-1286
11,0,-1214
-21,1,-976
7,-25,-897
85,-136,-948
19,-126,-868
-72,111,-837
-95,214,-1044
-23,171,-1268
31,11,-1239
-27,25,-1003
11,-21,-897
93,-115,-938
35,-140,-892
-72,89,-847
-72,216,-1028
-37,173,-1268
33,-13,-1237
-13,7,-1013
0,11,-894
97,-109,-956
48,-150,-905
-78,54,-843
-80,222,-979
-40,177,-1257
19,25,-1243
-1,-15,-1038
-5,15,-897
95,-91,-954
62,-165,-919
-70,46,-843
-66,214,-974
-39,183,-1249
33,33,-1245
-9,-17,-1052
-17,19,-895
80,-78,-960
56,-158,-921
-74,21,-843
-87,214,-936
-56,195,-1206
17,64,-1268
-9,-13,-1083
-31,29,-907
64,-101,-950
62,-136,-913
-58,5,-843
-103,214,-936
-56,195,-1184
7,29,-1272
1,-15,-1091
-27,52,-913
39,-78,-942
85,-165,-935
-70,-19,-843
-87,197,-911
-66,222,-1161
9,81,-1288
-3,-29,-1114
-29,58,-913
46,-81,-935
80,-128,-954
-44,-29,-849
-97,195,-901
-64,206,-1130
-3,91,-1286
37,-33,-1132
-31,50,-942
62,-70,-913
68,-144,-950
-11,-64,-847
-78,173,-905
-81,234,-1112
23,89,-1284
19,-13,-1167
-42,44,-929
66,-56,-921
83,-117,-962
-5,-101,-862
-78,175,-872
-83,216,-1098
11,119,-1290
19,-13,-1180
-27,56,-960
56,-64,-907
76,-117,-946
5,-109,-858
-89,167,-866
-78,244,-1075
-13,113,-1288
27,-15,-1190
-37,35,-954
40,-39,-907
74,-128,-960
19,-111,-862
-78,136,-853
-72,230,-1061
-23,160,-1266
29,-21,-1221
-48,42,-962
25,-44,-919
68,-117,-968
29,-134,-901
-80,115,-870
-78,230,-1018
-37,146,-1251
37,-1,-1239
-33,29,-1001
31,-29,-917
66,-99,-936
52,-150,-890
-78,58,-864
-85,247,-987
-9,171,-1247
11,31,-1245
-9,25,-1003
17,-39,-911
83,-80,-964
72,-175,-909
-56,74,-856
-95,224,-956
-21,152,-1235
1,60,-1286
-3,-3,-1038
15,-7,-905
66,-99,-944
72,-171,-905
-74,39,-851
-97,253,-958
-42,175,-1216
21,66,-1280
1,-15,-1048
0,15,-899
68,-70,-970
78,-167,-917
-68,3,-854
-89,232,-935
-50,179,-1208
21,85,-1290
-7,-9,-1067
-7,9,-892
62,-89,-954
70,-171,-933
-68,-3,-854
-95,236,-919
-64,189,-1182
11,74,-1272
3,-29,-1093
-29,17,-923
48,-60,-944
89,-154,-936
-74,-29,-856
-81,195,-929
-66,210,-1165
-3,105,-1286
17,-17,-1122
-27,13,-913
52,-74,-948
107,-142,-938
-58,-48,-870
-85,197,-888
-64,187,-1124
1,128,-1280
23,-15,-1136
-17,48,-936
27,-74,-936
103,-132,-933
-13,-99,-870
-97,197,-882
-70,204,-1108
-13,119,-1286
23,-9,-1163
-27,3,-946
33,-37,-917
89,-128,-938
1,-101,-866
-95,171,-874
-85,193,-1075
-3,152,-1286
15,-11,-1179
-11,37,-944
19,-46,-890
107,-154,-948
-3,-107,-886
-78,148,-858
-93,206,-1052
-27,162,-1276
21,-13,-1216
-50,19,-972
52,-19,-915
76,-126,-948
48,-121,-880
-87,99,-874
-87,185,-1040
-27,183,-1282
17,39,-1200
-17,15,-974
25,-35,-913
103,-121,-950
33,-152,-892
-76,115,-849
-89,212,-997
-21,171,-1264
7,17,-1235
-17,23,-1015
19,-3,-911
85,-95,-958
50,-181,-886
-64,68,-839
-91,230,-995
-39,197,-1247
21,35,-1245
-21,3,-1018
21,0,-892
78,-95,-950
62,-162,-907
-68,56,-847
-89,203,-970
-48,210,-1225
29,40,-1262
-11,29,-1032
11,37,-897
81,-95,-956
74,-177,-933
-66,7,-868
-89,220,-933
-31,197,-1208
-5,64,-1268
19,-27,-1056
-11,33,-909
80,-83,-950
97,-165,-929
-68,7,-862
-97,201,-913
-46,169,-1194
7,105,-1290
17,-7,-1075
-23,40,-907
70,-87,-958
89,-185,-944
-62,-17,-868
-97,226,-907
-56,195,-1169
7,87,-1294
13,-27,-1116
-25,62,-929
62,-83,-940
93,-130,-935
-35,-60,-847
-97,181,-899
-66,214,-1136
7,111,-1290
13,-19,-1130
-35,33,-929
54,-76,-919
66,-126,-936
-25,-50,-878
-89,197,-890
-76,199,-1139
-1,99,-1294
23,-29,-1149
-37,40,-938
33,-52,-913
99,-136,-958
-15,-99,-876
-89,162,-874
-78,226,-1097
-13,150,-1270
21,-29,-1169
-31,9,-946
56,-56,-925
83,-105,-948
13,-89,-872
-89,148,-872
-80,210,-1075
-17,124,-1266
33,5,-1192
-46,31,-962
33,-48,-917
113,-126,-960
17,-148,-892
-85,160,-827
-85,214,-1046
-21,156,-1260
13,-29,-1198
-27,19,-983
13,-13,-901
89,-117,-946
29,-130,-878
-89,99,-862
-78,212,-1024
-33,183,-1260
25,9,-1237
-11,21,-1001
9,-9,-897
109,-122,-960
42,-156,-888
-80,111,-853
-78,203,-1005
-44,197,-1237
21,-9,-1245
-11,23,-995
15,-15,-888
66,-93,-964
78,-154,-913
-66,39,-858
-121,230,-979
-35,199,-1233
7,39,-1278
-19,1,-1020
15,-9,-907
62,-93,-950
72,-132,-915
-56,21,-870
-93,230,-964
-42,189,-1229
21,35,-1257
-17,-5,-1042
9,37,-897
66,-87,-968
78,-165,-919
-76,1,-837
-93,226,-936
-52,222,-1198
7,66,-1272
3,-27,-1073
-21,37,-909
97,-81,-970
64,-165,-917
-68,-9,-845
-83,203,-936
-66,210,-1182
25,70,-1280
1,-15,-1089
-7,29,-901
66,-80,-950
68,-163,-923
-52,-37,-854
-85,216,-911
-68,232,-1155
17,76,-1290
-3,-9,-1104
-29,39,-897
64,-64,-940
80,-136,-950
-29,-70,-880
-101,189,-894
-64,230,-1122
-9,109,-1282
31,-19,-1141
-42,19,-942
58,-66,-919
81,-162,-940
-29,-48,-858
-85,169,-878
-76,240,-1104
-15,99,-1284
15,-11,-1141
-27,29,-925
27,-54,-942
99,-130,-944
9,-130,-878
-97,187,-882
-72,222,-1069
-7,150,-1278
15,-13,-1186
-29,27,-968
52,-60,-909
78,-117,-948
23,-146,-870
-85,191,-876
-87,201,-1065
-17,148,-1278
0,17,-1190
-21,21,-985
44,-50,-907
103,-121,-960
27,-171,-882
-80,162,-870
-83,216,-1057
-23,163,-1286
7,-9,-1214
-25,21,-970
15,-31,-915
85,-113,-970
19,-156,-888
-80,109,-866
-87,201,-1013
-33,169,-1241
19,25,-1227
-15,13,-993
25,-13,-913
83,-121,-954
29,-136,-890
-66,68,-860
-103,228,-1005
-39,163,-1245
21,50,-1231
-5,-7,-1018
21,7,-919
89,-103,-974
54,-187,-915
-66,56,-853
-103,226,-964
-29,175,-1247
-11,74,-1251
9,-3,-1032
-11,-1,-903
87,-103,-940
70,-179,-899
-64,23,-864
-103,249,-954
-37,173,-1216
3,72,-1262
11,-11,-1057
-5,35,-919
76,-89,-952
89,-177,-927
-60,0,-872
-101,228,-940
-50,191,-1192
-9,91,-1278
11,-25,-1065
-11,31,-899
78,-81,-938
81,-169,-938
-66,-9,-870
-101,210,-907
-52,195,-1169
-29,103,-1276
25,-19,-1106
-23,42,-938
70,-62,-929
85,-189,-940
-62,-23,-872
-91,195,-909
-72,222,-1155
-5,130,-1276
5,-31,-1110
-33,35,-925
54,-70,-942
78,-156,-948
-31,-64,-854
-89,187,-878
-95,218,-1120
0,126,-1262
5,-21,-1149
-44,72,-944
78,-81,-927
74,-144,-948
-7,-99,-876
-97,193,-892
-83,238,-1110
-3,128,-1280
19,-33,-1165
-27,21,-952
52,-39,-909
103,-156,-940
-7,-103,-872
-81,154,-853
-87,220,-1098
-7,163,-1276
17,-29,-1177
-35,42,-940
46,-56,-903
119,-142,-966
17,-122,-895
-81,162,-864
-78,206,-1059
-23,171,-1266
40,-31,-1192
-33,39,-981
54,-19,-909
89,-154,-942
40,-121,-874
-85,95,-864
-85,224,-1026
-31,185,-1245
27,5,-1212
-33,35,-979
40,-37,-913
99,-111,-956
39,-146,-905
-68,109,-851
-99,216,-997
-25,187,-1247
-11,-15,-1235
-1,35,-1028
19,-5,-905
85,-117,-948
56,-177,-894
-74,64,-856
-89,242,-989
-33,218,-1249
-5,13,-1245
-11,-7,-1024
1,9,-892
85,-89,-946
66,-156,-892
-64,39,-853
-105,232,-976
-46,206,-1223
33,56,-1255
-19,9,-1048
15,7,-909
58,-93,-950
62,-171,-911
-50,7,-858
-107,261,-952
-48,189,-1196
-9,68,-1251
0,-21,-1067
-3,15,-915
76,-80,-940
70,-152,-915
-58,-7,-856
-91,204,-938
-60,228,-1186
1,83,-1268
19,0,-1097
-21,3,-913
74,-95,-956
72,-154,-950
-58,-7,-862
-87,203,-919
-70,210,-1163
-7,80,-1268
37,-27,-1122
-33,58,-936
89,-83,-938
78,-134,-925
-44,-60,-858
-93,216,-907
-62,232,-1134
0,121,-1284
25,-31,-1132
-31,17,-935
72,-76,-933
78,-109,-940
-9,-87,-860
-97,195,-907
-74,199,-1128
-21,111,-1286
11,-9,-1136
-13,29,-931
17,-68,-913
115,-134,-966
-1,-101,-878
-101,179,-870
-81,236,-1102
-31,142,-1266
33,-35,-1173
-48,3,-956
50,-48,-913
85,-99,-954
0,-83,-870
-83,130,-892
-80,206,-1081
-33,171,-1257
39,-19,-1200
-35,31,-962
35,-50,-921
101,-121,-952
15,-124,-862
-78,142,-870
-89,224,-1046
-17,163,-1257
0,-33,-1214
-19,19,-987
56,-25,-929
85,-105,-942
33,-144,-878
-74,105,-864
-99,255,-1046
-31,167,-1259
23,13,-1229
-25,-7,-1007
25,-23,-903
97,-107,-944
40,-121,-880
-52,78,-864
-97,224,-1030
-33,158,-1229
11,23,-1227
-11,23,-1005
23,-1,-903
99,-99,-956
40,-144,-895
-60,60,-874
-111,244,-987
-44,185,-1214
0,37,-1262
5,-3,-1026
19,-13,-923
89,-99,-950
68,-124,-901
-64,40,-874
-83,210,-968
-44,167,-1192
9,62,-1264
5,9,-1038
9,-9,-913
81,-78,-942
83,-175,-923
-68,37,-870
-111,249,-931
-40,189,-1204
-17,68,-1266
25,-13,-1071
-1,1,-940
68,-66,-956
85,-162,-909
-66,-5,-862
-97,204,-907
-62,197,-1190
-7,95,-1276
13,-21,-1089
-31,-3,-905
89,-95,-927
81,-122,-909
-58,-13,-866
-89,222,-933
-64,181,-1153
1,107,-1288
-9,-9,-1114
-19,37,-925
64,-80,-940
87,-142,-936
-40,-44,-866
-105,197,-901
-72,201,-1120
-3,130,-1290
29,-25,-1130
-37,-3,-933
48,-70,-911
85,-121,-927
-11,-48,-882
-91,185,-888
-80,191,-1120
-5,136,-1282
27,9,-1163
-37,21,-944
42,-52,-925
101,-136,-958
-15,-89,-892
-91,191,-876
-93,216,-1083
0,150,-1288
17,-3,-1171
-29,13,-970
40,-54,-905
101,-111,-944
27,-85,-876
-85,142,-856
-81,216,-1071
-25,150,-1292
33,27,-1190
-17,-7,-974
21,-31,-903
105,-150,-954
33,-107,-886
-93,169,-870
-74,187,-1048
-33,197,-1274
40,-29,-1208
-23,5,-983
33,-19,-905
105,-107,-966
25,-146,-888
-78,107,-849
-103,197,-1016
-40,216,-1253
7,11,-1223
-33,3,-997
35,-35,-911
83,-99,-944
56,-121,-894
-78,99,-866
-87,210,-1003
-33,187,-1253
7,5,-1237
-21,9,-1013
23,-19,-913
80,-87,-946
54,-158,-919
-76,56,-837
-101,204,-974
-37,216,-1231
-25,48,-1237
11,-19,-1044
0,-29,-915
91,-105,-946
56,-122,-911
-58,52,-847
-105,206,-976
-58,185,-1216
3,81,-1259
13,-25,-1071
1,27,-915
93,-115,-952
74,-146,-917
-56,35,-864
-101,214,-948
-52,185,-1192
-3,91,-1251
7,-40,-1073
-13,39,-905
93,-105,-948
62,-117,-927
-54,-11,-864
-95,208,-915
-54,171,-1171
0,117,-1278
54,-44,-1106
-33,31,-938
99,-119,-950
64,-111,-942
-39,0,-847
-78,189,-911
-68,222,-1159
7,80,-1268
23,-44,-1120
-23,23,-923
58,-85,-933
78,-111,-938
-33,-40,-858
-91,167,-890
-74,232,-1122
-17,117,-1266
27,-40,-1151
-52,25,-948
78,-89,-917
66,-119,-948
-17,-58,-862
-109,171,-892
-81,230,-1116
-19,128,-1294
15,-31,-1169
-54,25,-950
44,-66,-907
80,-103,-940
3,-89,-866
-87,160,-878
-97,238,-1098
1,142,-1282
-3,-37,-1175
-7,25,-956
35,-62,-919
95,-83,-974
9,-109,-894
-85,156,-874
-78,212,-1065
-39,160,-1253
31,-29,-1218
-44,15,-966
58,-50,-903
76,-119,-954
13,-109,-886
-80,105,-858
-91,249,-1050
-21,173,-1239
33,-27,-1227
-25,13,-977
44,-54,-907
117,-72,-958
52,-130,-903
-66,89,-860
-89,226,-1011
-27,193,-1229
19,15,-1225
-1,11,-1022
39,-46,-903
89,-91,-938
54,-152,-882
-68,80,-843
-99,245,-993
-44,162,-1235
1,35,-1239
-15,-13,-1022
5,-23,-895
109,-80,-954
70,-152,-901
-64,56,-854
-89,249,-993
-44,195,-1212
7,40,-1259
9,-11,-1036
0,-25,-911
74,-83,-948
74,-152,-895
-68,25,-864
-107,232,-948
-39,183,-1190
-21,81,-1259
7,-29,-1075
-7,11,-923
81,-83,-944
66,-142,-913
-62,1,-862
-105,245,-952
-54,185,-1200
3,93,-1284
11,-29,-1081
0,-11,-929
56,-56,-952
99,-144,-927
-56,0,-864
-103,214,-917
-54,210,-1141
-15,91,-1262
21,-11,-1122
-27,15,-917
70,-78,-931
72,-134,-901
-29,-31,-858
-93,236,-927
-60,206,-1145
0,111,-1286
37,-35,-1139
-27,25,-927
81,-68,-936
87,-124,-935
-23,-54,-870
-87,201,-907
-87,204,-1128
-3,122,-1290
13,-23,-1153
-29,11,-938
42,-68,-913
81,-132,-946
-15,-87,-880
-93,204,-888
-70,195,-1081
-15,146,-1272
33,-29,-1184
-37,21,-966
52,-39,-929
91,-117,-938
5,-89,-876
-83,179,-882
-83,220,-1098
-29,146,-1278
23,-21,-1194
-50,-3,-952
46,-54,-921
91,-121,-933
19,-117,-890
-95,165,-858
-83,210,-1034
-35,160,-1274
29,-31,-1208
-52,27,-991
50,-40,-933
80,-115,-940
19,-146,-876
-83,146,-874
-85,222,-1036
-23,179,-1278
3,-13,-1218
-21,-15,-991
15,-25,-913
87,-101,-923
35,-136,-876
-81,119,-856
-83,203,-1001
-31,165,-1241
0,29,-1229
9,-5,-1001
15,-7,-913
97,-113,-936
58,-167,-895
-72,107,-880
-103,245,-989
-25,175,-1227
5,29,-1253
7,-27,-1038
29,11,-921
80,-101,-940
78,-136,-895
-60,40,-882
-101,222,-968
-31,177,-1208
13,68,-1255
11,-19,-1056
7,-5,-913
99,-85,-936
62,-146,-925
-56,50,-886
-117,226,-938
-37,177,-1202
-25,60,-1264
33,-33,-1089
-19,39,-931
95,-95,-946
58,-134,-905
-44,3,-866
-93,212,-936
-62,191,-1182
5,101,-1274
23,-52,-1081
-15,19,-925
93,-95,-931
72,-111,-907
-48,9,-874
-95,218,-925
-58,179,-1155
-11,109,-1274
21,-35,-1120
-27,37,-936
74,-70,-923
76,-144,-929
-44,-23,-884
-89,193,-897
-68,212,-1118
-37,121,-1264
27,-50,-1132
-44,0,-958
60,-66,-909
70,-85,-923
-27,-31,-866
-109,160,-886
-78,197,-1118
-33,150,-1268
29,-19,-1165
-35,19,-940
37,-62,-911
95,-130,-946
-1,-52,-886
-85,175,-878
-93,216,-1091
-13,142,-1259
33,-42,-1190
-33,15,-956
62,-60,-909
85,-111,-936
19,-95,-882
-99,150,-866
-93,206,-1073
-17,160,-1270
33,-9,-1200
-27,13,-979
40,-58,-905
97,-119,-958
35,-89,-884
-81,165,-862
-91,187,-1056
-27,152,-1262
15,-29,-1208
1,17,-989
21,-29,-884
101,-111,-956
27,-109,-888
-62,115,-853
-97,236,-1018
-46,191,-1237
19,13,-1223
-31,-13,-1007
25,-39,-905
99,-93,-954
35,-89,-901
-68,83,-866
-87,195,-1009
-52,187,-1229
35,0,-1243
-27,3,-1022
29,-31,-899
87,-91,-960
70,-136,-894
-66,72,-851
-103,222,-962
-40,201,-1233
-21,15,-1241
0,-15,-1050
0,-25,-905
87,-74,-935
56,-121,-907
-64,40,-854
-99,228,-972
-37,183,-1216
-13,72,-1262
15,-23,-1065
-1,-3,-915
99,-103,-950
66,-126,-899
-68,29,-851
-89,226,-950
-54,193,-1180
5,39,-1262
17,-25,-1071
-19,15,-894
78,-80,-952
66,-126,-935
-46,5,-866
-111,220,-936
-60,204,-1159
-13,89,-1274
19,-35,-1118
-19,1,-931
81,-101,-935
60,-113,-923
-27,-11,-874
-105,208,-913
-64,193,-1138
-5,95,-1266
19,-9,-1118
-27,13,-921
78,-85,-931
81,-107,-944
-13,-52,-866
-99,226,-890
-66,208,-1128
-39,107,-1286
21,-33,-1159
-44,11,-936
87,-89,-936
66,-80,-940
11,-66,-864
-89,191,-895
-74,204,-1097
-13,103,-1276
25,-9,-1182
-40,1,-946
78,-78,-917
85,-105,-935
3,-83,-874
-101,206,-882
-74,218,-1087
5,124,-1290
11,-19,-1182
-27,13,-964
56,-50,-913
122,-111,-960
9,-109,-888
-95,165,-870
-68,203,-1052
-33,146,-1264
13,7,-1208
-31,-11,-974
39,-56,-905
89,-97,-940
23,-97,-870
-91,152,-882
-91,218,-1036
-31,144,-1247
19,21,-1212
-27,13,-983
27,-33,-925
99,-91,-958
35,-126,-895
-81,124,-870
-93,226,-1011
-31,171,-1241
-3,0,-1239
-9,-5,-1015
5,-37,-911
80,-91,-925
56,-115,-880
-68,105,-856
-130,232,-989
-35,158,-1233
-7,37,-1249
-1,-5,-1030
7,-25,-903
68,-81,-944
60,-150,-909
-70,97,-876
-115,230,-977
-37,183,-1220
7,35,-1257
3,-33,-1042
3,-19,-917
87,-80,-956
70,-152,-911
-58,46,-858
-109,230,-942
-46,167,-1188
-7,95,-1278
21,-39,-1063
-9,5,-925
95,-89,-935
74,-132,-913
-40,31,-870
-83,228,-942
-52,177,-1180
9,72,-1280
27,-40,-1085
-7,0,-921
93,-72,-948
78,-140,-919
-64,3,-870
-85,193,-899
-58,195,-1175
-15,109,-1268
39,-40,-1106
-29,5,-933
87,-91,-931
83,-132,-913
-33,0,-866
-93,204,-919
-66,191,-1147
-15,117,-1290
35,-48,-1136
-35,29,-944
83,-72,-923
78,-126,-925
-21,-35,-880
-89,191,-909
-95,216,-1118
-13,107,-1296
9,-35,-1141
-25,1,-936
35,-72,-917
78,-126,-935
-29,-37,-895
-115,197,-880
-83,181,-1091
-21,148,-1280
25,-17,-1167
-25,7,-985
48,-58,-915
70,-111,-933
17,-50,-882
-103,169,-892
-78,203,-1075
-37,162,-1272
13,-29,-1179
-33,-25,-952
21,-48,-905
103,-105,-952
-1,-78,-878
-91,152,-864
-101,181,-1052
-27,181,-1255
21,-13,-1210
-25,25,-1007
52,-46,-919
97,-126,-948
29,-93,-882
-76,150,-864
-76,222,-1040
-46,179,-1259
33,-25,-1221
-40,-15,-1005
37,-35,-892
109,-99,-936
35,-109,-892
-72,103,-853
-97,195,-1003
-35,195,-1249
9,5,-1220
5,15,-1016
19,-50,-897
103,-101,-968
56,-122,-913
-66,93,-866
-85,214,-997
-39,179,-1235
11,5,-1245
1,-19,-1038
19,-7,-917
95,-107,-923
62,-111,-899
-62,42,-866
-107,238,-960
-33,171,-1200
-1,62,-1241
5,-27,-1059
3,-21,-909
80,-91,-946
78,-117,-927
-54,54,-856
-124,220,-933
-35,177,-1202
-21,56,-1259
27,-19,-1098
-11,15,-917
85,-122,-938
66,-134,-909
-60,11,-854
-111,242,-917
-52,175,-1188
-27,89,-1260
48,-48,-1102
-39,15,-915
83,-83,-929
54,-109,-933
-48,23,-870
-101,197,-929
-68,204,-1167
3,95,-1288
13,-35,-1138
-27,35,-913
74,-111,-933
50,-109,-933
-29,-27,-854
-115,210,-890
-58,206,-1124
-17,101,-1276
29,-42,-1141
-44,11,-931
80,-66,-917
68,-95,-940
9,-42,-866
-95,191,-890
-78,220,-1128
-9,124,-1278
29,-9,-1159
-40,-15,-944
56,-66,-919
111,-115,-966
-1,-54,-870
-78,167,-880
-80,216,-1087
-17,126,-1241
19,-37,-1194
-42,13,-964
58,-76,-923
89,-103,-936
9,-87,-872
-89,171,-866
-83,228,-1069
-29,185,-1270
35,-48,-1218
-33,3,-979
42,-60,-901
103,-107,-950
23,-64,-882
-87,130,-876
-87,206,-1050
-37,146,-1247
-9,-11,-1223
-25,13,-983
19,-48,-899
101,-111,-942
40,-105,-894
-85,132,-862
-103,230,-1015
-37,160,-1227
-11,1,-1251
-13,9,-1022
17,-25,-905
97,-81,-940
42,-115,-888
-70,80,-878
-91,218,-983
-33,158,-1223
1,19,-1255
-21,-13,-1026
13,-48,-899
97,-105,-946
64,-113,-911
-64,64,-874
-119,226,-950
-39,173,-1212
-19,33,-1262
13,-7,-1061
-5,-5,-913
107,-76,-956
66,-140,-903
-39,31,-862
-119,236,-958
-39,193,-1208
-5,37,-1274
35,-19,-1071
-3,-37,-890
103,-85,-936
78,-111,-897
-52,23,-866
-95,234,-933
-52,162,-1179
-15,81,-1260
25,-17,-1079
-21,0,-913
99,-81,-958
68,-130,-927
-46,-9,-880
-105,245,-936
-62,201,-1155
-21,95,-1286
31,-39,-1100
-19,-9,-936
78,-81,-935
62,-99,-936
-33,-25,-874
-95,201,-913
-70,179,-1130
-23,99,-1270
25,0,-1122
-29,-7,-925
40,-74,-944
78,-124,-944
-21,-37,-872
-105,222,-886
-68,193,-1122
-40,109,-1264
31,-35,-1167
-42,0,-966
56,-72,-925
74,-91,-935
-1,-81,-866
-99,203,-882
-74,197,-1087
-39,146,-1298
21,-15,-1165
-29,-7,-944
40,-66,-907
80,-109,-942
13,-64,-872
-87,208,-886
-76,195,-1069
-17,148,-1282
25,-31,-1190
-11,5,-970
35,-39,-911
111,-117,-950
27,-111,-886
-83,150,-862
-70,199,-1054
-42,177,-1249
7,-13,-1202
-27,-25,-981
33,-46,-913
81,-85,-940
42,-89,-876
-95,167,-866
-83,181,-1032
-44,173,-1259
23,-3,-1241
-23,-5,-1003
42,-23,-921
93,-101,-944
58,-140,-892
-80,115,-872
-93,203,-997
-35,185,-1227
-21,9,-1233
-11,-25,-1032
11,-46,-921
99,-76,-923
35,-117,-884
-68,93,-854
-103,203,-985
-40,177,-1237
-5,60,-1262
9,-25,-1052
3,7,-911
99,-111,-931
66,-132,-911
-64,78,-892
-97,232,-966
-37,167,-1212
-11,35,-1251
21,-42,-1054
-13,19,-911
111,-78,-931
60,-130,-907
-54,31,-860
-117,210,-923
-44,177,-1180
-21,99,-1274
39,-39,-1077
-17,13,-931
97,-101,-944
74,-130,-921
-39,33,-876
-107,214,-933
-42,183,-1173
-3,80,-1280
37,-39,-1097
-9,9,-913
74,-78,-933
68,-117,-936
-31,-3,-868
-99,191,-905
-66,206,-1139
-21,117,-1268
27,-37,-1132
-42,0,-942
85,-95,-931
70,-95,-929
-11,-17,-866
-105,177,-899
-68,197,-1138
-11,121,-1280
37,-42,-1149
-33,7,-954
66,-80,-927
70,-121,-936
-19,-40,-874
-97,187,-868
-87,212,-1098
-21,134,-1276
0,-46,-1155
-37,3,-952
37,-48,-913
78,-99,-950
0,-56,-886
-101,181,-880
-78,193,-1083
-27,165,-1259
15,-23,-1196
-39,5,-983
40,-60,-905
87,-122,-948
11,-60,-878
-91,156,-856
-87,220,-1063
-40,144,-1255
23,-25,-1204
-40,-1,-976
31,-50,-905
105,-101,-950
5,-83,-909
-78,130,-854
-97,210,-1034
-44,204,-1247
17,-31,-1229
-19,23,-1020
48,-64,-913
107,-99,-938
54,-74,-886
-72,119,-864
-89,220,-1005
-46,158,-1255
-5,9,-1223
-11,-21,-1018
1,-21,-890
103,-121,-935
72,-99,-892
-72,91,-856
-103,245,-997
-35,169,-1231
-13,19,-1251
25,-23,-1032
11,-37,-909
107,-74,-952
70,-130,-921
-56,70,-847
-105,197,-972
-44,187,-1202
-13,19,-1257
11,-17,-1065
0,-29,-905
93,-87,-940
58,-124,-903
-52,48,-849
-109,226,-946
-56,179,-1214
-5,66,-1262
17,-39,-1073
1,21,-907
97,-85,-962
70,-117,-929
-39,11,-860
-107,204,-933
-54,204,-1157
-29,87,-1266
33,-40,-1120
-23,-1,-919
101,-93,-927
66,-119,-913
-44,9,-847
-109,218,-929
-56,197,-1151
-5,81,-1276
54,-29,-1126
-37,13,-927
83,-91,-940
68,-101,-935
-13,-19,-864
-99,214,-915
-68,220,-1138
-9,91,-1286
37,-40,-1141
-44,23,-931
81,-101,-921
64,-85,-948
-9,-64,-876
-111,206,-880
-68,179,-1098
-50,136,-1272
46,-50,-1163
-52,33,-956
68,-87,-927
68,-91,-944
25,-62,-876
-101,181,-888
-62,232,-1093
-25,113,-1278
27,-23,-1190
-44,-9,-936
52,-62,-923
91,-89,-960
7,-85,-884
-95,163,-866
-85,216,-1040
-29,136,-1253
0,0,-1214
-21,5,-985
54,-68,-923
80,-101,-944
33,-101,-872
-78,165,-880
-83,232,-1054
-27,156,-1266
5,-33,-1218
-23,11,-991
50,-48,-911
91,-81,-948
54,-109,-876
-89,115,-864
-107,224,-1013
-23,160,-1239
-7,5,-1227
-5,-9,-1005
5,-54,-901
111,-81,-935
42,-128,-901
-72,119,-868
-119,226,-997
-44,160,-1221
-3,19,-1249
3,-5,-1044
21,-29,-909
99,-72,-936
72,-140,-890
-52,68,-876
-111,232,-983
-39,165,-1216
-5,54,-1266
21,-25,-1044
-7,-44,-895
95,-78,-940
80,-130,-925
-52,76,-866
-111,222,-952
-44,175,-1196
-21,54,-1272
40,0,-1083
-13,-23,-923
91,-83,-935
78,-144,-911
-56,21,-868
-107,230,-936
-66,173,-1182
-23,74,-1282
31,-46,-1089
-23,-13,-905
89,-85,-936
80,-105,-923
-44,7,-853
-121,224,-899
-52,152,-1161
-21,121,-1296
58,-37,-1106
-19,11,-936
89,-81,-935
81,-150,-948
-37,-1,-882
-101,220,-913
-58,195,-1132
-37,105,-1276
39,-42,-1126
-31,-19,-942
64,-64,-919
76,-121,-925
1,-37,-870
-101,189,-894
-66,181,-1106
-25,146,-1270
21,-35,-1153
-50,19,-938
58,-72,-933
85,-107,-954
11,-42,-890
-97,214,-882
-80,206,-1069
-17,121,-1264
27,-35,-1186
-42,0,-970
66,-54,-913
78,-113,-936
9,-64,-878
-105,169,-860
-105,210,-1067
-33,160,-1272
31,-9,-1200
-39,-15,-981
35,-50,-907
95,-113,-956
21,-64,-892
-89,177,-868
-93,185,-1061
-39,144,-1278
17,-25,-1214
-17,9,-993
15,-39,-897
111,-117,-956
21,-117,-901
-78,142,-862
-97,206,-1011
-37,171,-1259
13,9,-1216
-11,-21,-1005
23,-46,-913
109,-87,-942
42,-80,-886
-78,109,-864
-87,191,-1011
-48,167,-1249
29,19,-1243
-5,-7,-1015
29,-39,-915
107,-119,-940
50,-136,-913
-56,99,-856
-109,212,-958
-23,193,-1216
-17,15,-1225
33,-29,-1048
9,-21,-905
95,-80,-936
62,-119,-886
-56,62,-862
-111,201,-964
-40,216,-1223
-9,56,-1255
21,-27,-1067
-7,-25,-923
93,-95,-936
64,-111,-919
-54,42,-866
-107,222,-956
-60,165,-1190
-15,46,-1266
54,-40,-1065
0,13,-921
132,-81,-925
99,-117,-938
35,1,-864
-52,222,-927
9,206,-1141
21,124,-1280
33,-56,-1151
101,11,-942
288,-85,-948
398,-56,-981
195,-21,-907
351,150,-866
935,210,-894
646,101,-1426
985,-64,-1106
862,13,-972
1083,105,-936
776,-95,-1007
931,-245,-866
1083,121,-730
864,392,-1225
981,212,-1362
985,-85,-1241
1163,-93,-849
1052,54,-950
1155,40,-806
976,-244,-706
1032,19,-763
1032,283,-1153
1007,378,-1337
1069,-152,-1124
942,-85,-923
1179,-44,-901
901,199,-901
1081,-284,-712
981,-37,-936
1225,331,-1229
933,435,-1421
1188,-121,-1091
1268,-66,-909
1323,-5,-1069
1173,76,-958
1317,-306,-730
1341,64,-872
1294,345,-1303
1249,374,-1301
1255,-109,-1097
1362,-91,-987
1210,199,-1112
1264,-35,-864
1104,-316,-675
1255,-54,-839
1200,439,-1163
1065,343,-1208
1264,-191,-989
1282,-27,-997
1341,148,-1048
1138,76,-854
1210,-431,-659
1061,9,-913
1301,245,-1065
1001,564,-1327
1323,-91,-1153
1225,-52,-1134
1331,29,-1036
1325,9,-892
1313,-124,-640
1309,-80,-853
1374,158,-1081
1126,402,-1255
1442,-124,-1048
1419,39,-1210
1173,238,-1141
1663,-3,-732
1134,-302,-749
1397,-171,-864
1530,325,-1102
1163,653,-1157
1011,-103,-1225
1631,-366,-1159
1608,351,-888
1352,109,-774
1085,-466,-829
1442,-206,-862
1497,536,-954
1331,402,-1147
1284,-228,-1260
1426,-19,-1212
1204,462,-1030
1305,-80,-874
1360,-470,-751
1534,-302,-862
1713,417,-882
1440,417,-1151
1497,156,-1278
1491,-105,-1186
1450,167,-991
1409,-150,-872
1315,-240,-976
1487,-46,-874
1159,593,-1022
1428,154,-1038
1647,-288,-1175
1655,101,-1206
1112,353,-1124
1374,115,-782
1329,-610,-843
1356,-179,-698
1245,437,-1118
1141,593,-1007
1020,-220,-1290
1614,-261,-1018
1194,386,-1108
1138,384,-970
1721,-564,-630
1382,-423,-829
1225,363,-940
1196,724,-1147
1397,-58,-1126
1612,-564,-1319
1182,366,-1098
1194,480,-1030
1875,-351,-571
1471,-396,-876
1214,234,-1184
1419,372,-886
1592,-97,-1567
1253,-64,-1200
1393,95,-593
1561,-21,-911
1397,230,-907
1532,-800,-853
995,1059,-977
1128,-76,-1313
1458,-119,-1282
1483,99,-854
1251,203,-927
1110,-195,-972
1313,-562,-663
1540,472,-765
1542,48,-1130
1028,316,-1149
1594,-407,-1282
1151,458,-1106
1393,160,-1083
1514,156,-655
1514,-605,-1034
1276,152,-817
929,398,-1056
1087,138,-1169
1469,-214,-1241
1034,58,-1204
964,521,-979
1335,-700,-732
741,286,-831
917,-175,-790
862,195,-954
784,236,-1054
866,7,-1356
745,273,-1153
763,0,-917
769,-245,-726
571,-271,-948
402,242,-823
224,489,-979
382,-111,-1354
470,-191,-1438
204,-128,-1071
146,519,-864
525,-105,-825
101,-185,-913
392,-407,-733
33,644,-749
187,187,-1368
296,177,-1387
-97,-107,-1173
167,95,-858
255,132,-872
201,-259,-1005
224,-13,-854
-113,29,-831
50,195,-1186
177,230,-1305
355,-97,-1196
-11,392,-954
370,-458,-948
306,35,-780
89,-119,-767
7,441,-829
478,-99,-1024
64,162,-1464
201,-191,-1376
341,-54,-888
138,29,-938
232,-238,-806
150,-121,-755
210,337,-796
-89,394,-1057
52,318,-1268
197,-197,-1356
-66,117,-1112
206,-74,-903
224,117,-851
89,-431,-886
-48,179,-815
308,-40,-1030
80,181,-1319
158,119,-1333
62,-31,-991
-11,195,-903
25,-327,-907
122,-76,-681
-146,142,-745
-165,181,-1161
-29,146,-1212
-3,-126,-1264
33,286,-1098
-78,-187,-936
74,-263,-771
-132,74,-847
-169,-44,-757
-232,284,-1063
-569,-1,-1448
128,234,-1011
-940,-109,-1309
-938,343,-995
-1397,-189,-1052
-1454,-290,-960
-1460,269,-698
-1700,-160,-1169
-1426,384,-1112
-1428,-472,-1333
-1179,700,-837
-1795,-150,-964
-1102,-103,-823
-1510,-150,-927
-1260,-382,-808
-1688,907,-913
-1030,-499,-1149
-1335,388,-1569
-1167,-290,-1208
-1303,632,-1011
-1257,-450,-1122
-1098,-9,-767
-1077,-210,-890
-823,525,-907
-1356,-448,-1186
-938,644,-1247
-673,-462,-1270
-897,398,-983
-784,-83,-837
-665,-21,-765
-1104,-242,-841
-1288,162,-905
-997,185,-1136
-1093,-117,-1352
-1138,162,-1257
-1622,93,-1011
-1179,257,-745
-1003,-765,-812
-1594,302,-665
-1169,0,-823
-1614,331,-1114
-1024,-275,-1202
-1208,-85,-1218
-1436,242,-1110
-1210,-40,-968
-1013,105,-767
-1403,-199,-1052
-1282,122,-905
-1196,9,-1171
-1147,0,-1352
-1079,130,-1284
-936,136,-1059
-1177,-39,-888
-1054,-128,-753
-938,-437,-897
-1206,226,-931
-1399,310,-960
-1145,-171,-1481
-1231,105,-1272
-1259,136,-1009
-1333,341,-866
-1362,-462,-1009
-1282,-99,-609
-1452,245,-1059
-1382,294,-765
-1403,-103,-1235
-1372,-197,-1300
-1670,140,-1194
-1602,167,-733
-1462,-158,-776
-1456,-13,-1046
-1434,-185,-1009
-1830,546,-872
-1276,-310,-1141
-1342,286,-1467
-1395,-193,-1397
-1875,327,-718
-1432,-271,-968
-1184,-132,-741
-1483,44,-1083
-1585,296,-800
-1350,-99,-1229
-1108,-7,-1210
-1159,257,-1268
-1325,44,-981
-1282,-85,-880
-1163,-234,-782
-1424,-152,-1024
-1450,511,-841
-1100,-97,-1104
-1177,-165,-1405
-1577,121,-1362
-1524,177,-776
-1303,50,-776
-1120,-501,-800
-1661,308,-952
-1555,39,-839
-1419,70,-1022
-987,-283,-1286
-1380,308,-1358
-1532,257,-936
-1311,-368,-800
-1151,-251,-907
-1434,169,-999
-1577,185,-976
-1395,146,-960
-1141,-579,-1417
-1454,700,-1397
-1296,35,-960
-1321,-171,-757
-1165,-478,-835
-1210,197,-981
-1506,402,-796
-1385,-66,-1083
-1177,-392,-1350
-1303,454,-1348
-1465,85,-974
-1331,138,-819
-1163,-609,-858
-1483,366,-851
-1491,134,-913
-1477,-95,-995
-1249,-140,-1266
-1259,290,-1319
-1432,29,-1034
-1323,68,-747
-1138,-564,-864
-1450,368,-895
-1368,-44,-870
-1428,244,-1015
-1212,-251,-1407
-1401,349,-1352
-1391,76,-1009
-1153,-76,-851
-1110,-331,-897
-1220,181,-901
-1327,181,-782
-1030,-52,-1022
-946,-160,-1329
-915,238,-1374
-888,197,-1003
-815,-70,-866
-720,-292,-938
-790,37,-874
-993,97,-833
-862,140,-985
-653,-121,-1383
-575,165,-1305
-749,56,-989
-511,122,-802
-468,-244,-913
-454,27,-804
-612,95,-761
-384,87,-1020
-306,33,-1323
-146,-3,-1284
-273,99,-1016
-206,105,-993
-136,-160,-962
-230,-87,-831
-304,60,-769
-163,122,-1063
-74,146,-1286
-78,-40,-1272
-177,142,-1001
-27,-25,-1005
-58,13,-913
-85,-203,-772
-242,70,-749
-54,19,-1028
-44,214,-1313
-58,9,-1268
-144,121,-1081
-37,-44,-1052
-40,15,-976
-128,-117,-733
-325,23,-733
-130,19,-1034
-119,150,-1245
-189,97,-1225
-232,17,-1079
-103,17,-1061
-81,3,-946
-214,-85,-745
-308,9,-726
-154,5,-1067
-210,214,-1264
-165,72,-1274
-228,56,-1147
-109,13,-1100
-80,-35,-948
-167,-105,-749
-253,-7,-730
-171,62,-1016
-124,140,-1227
-142,56,-1243
-158,85,-1151
-39,37,-1102
-54,-29,-954
-134,-113,-718
-156,-23,-733
-113,105,-981
-107,146,-1171
-113,60,-1214
-76,50,-1208
-33,27,-1112
-44,-29,-933
-72,-70,-718
-142,-9,-745
-68,5,-972
-97,136,-1157
-33,76,-1257
-44,68,-1243
-29,17,-1116
11,-70,-940
-72,-58,-730
-60,-60,-757
-76,64,-950
-85,134,-1122
-50,105,-1247
-9,76,-1262
-1,35,-1114
54,-27,-935
-29,-52,-771
-11,-122,-794
-68,50,-952
-50,138,-1104
-7,93,-1257
126,78,-1245
130,0,-1130
197,-19,-935
162,-58,-790
124,-62,-778
72,46,-878
113,140,-1061
121,93,-1212
165,60,-1257
91,56,-1095
140,-19,-987
54,-39,-837
101,-113,-796
-56,64,-884
-70,134,-1048
-7,142,-1208
17,81,-1253
-72,19,-1104
3,-9,-954
-54,-44,-819
-70,-101,-743
-160,21,-835
-111,109,-995
-66,130,-1239
-40,89,-1288
-87,27,-1139
-21,29,-1007
-68,-33,-866
-21,-119,-796
-134,27,-847
-91,152,-1003
-68,134,-1223
-11,50,-1294
-95,11,-1167
-39,0,-1013
-46,23,-858
-56,-142,-794
-167,-9,-812
-83,89,-981
-66,171,-1214
42,80,-1272
-39,46,-1128
58,-23,-1003
15,3,-841
29,-162,-772
-105,0,-812
-74,70,-979
-58,152,-1208
11,85,-1276
-33,11,-1149
48,29,-1032
44,0,-915
80,-146,-819
-74,-29,-833
-54,81,-974
-40,136,-1184
17,109,-1241
13,3,-1147
39,23,-1009
87,-5,-897
58,-101,-796
-78,-5,-808
-52,74,-946
-37,152,-1188
23,128,-1241
39,33,-1163
46,50,-1044
113,-21,-921
62,-140,-810
-56,-37,-821
-52,81,-956
-56,146,-1145
-5,140,-1229
17,5,-1159
15,44,-1036
99,-3,-911
62,-99,-823
-76,-40,-841
-74,58,-936
-60,150,-1122
-17,148,-1237
13,15,-1192
11,62,-1061
74,11,-935
46,-107,-849
-72,-50,-833
-101,58,-917
-66,150,-1116
-50,152,-1239
3,-11,-1200
-50,40,-1040
62,25,-938
25,-91,-851
-58,-66,-819
-115,21,-886
-72,156,-1077
-48,185,-1206
31,13,-1216
-39,48,-1075
81,0,-958
40,-83,-856
-33,-60,-823
-105,23,-890
-80,130,-1077
-35,169,-1241
33,0,-1210
-19,54,-1085
105,11,-976
62,-70,-858
11,-97,-813
-99,21,-878
-44,99,-1048
-21,183,-1212
48,29,-1212
-11,31,-1083
78,25,-976
54,-62,-890
11,-91,-819
-93,19,-886
-44,89,-1040
-40,158,-1208
56,40,-1229
-19,21,-1116
85,44,-976
83,-70,-880
13,-103,-810
-80,-21,-858
-62,99,-1028
-31,203,-1169
39,42,-1229
-56,5,-1106
68,50,-985
56,-39,-895
19,-83,-843
-87,-7,-847
-66,78,-1015
-50,185,-1188
15,68,-1243
-35,44,-1165
35,31,-1003
62,-48,-915
19,-107,-823
-85,-19,-837
-70,87,-970
-52,193,-1171
7,66,-1223
-39,19,-1143
11,56,-997
83,-37,-927
21,-85,-829
-89,-44,-819
-68,70,-983
-68,191,-1175
21,97,-1237
-15,25,-1169
23,58,-1016
97,-39,-923
48,-115,-841
-83,-19,-815
-50,48,-962
-62,191,-1139
0,68,-1216
-1,29,-1167
23,70,-1018
107,-15,-919
42,-99,-829
-72,-50,-819
-70,31,-940
-72,201,-1147
-23,130,-1212
13,5,-1182
17,72,-1034
121,-31,-958
64,-78,-851
-46,-58,-831
-74,29,-925
-64,173,-1122
-29,126,-1210
7,9,-1182
3,56,-1038
95,-15,-954
56,-85,-839
-46,-74,-796
-83,39,-911
-72,185,-1098
-39,144,-1229
37,15,-1216
5,66,-1059
134,-19,-958
85,-68,-884
17,-85,-819
-15,31,-915
40,156,-1085
83,152,-1214
214,-9,-1204
165,70,-1077
247,23,-977
271,-105,-876
236,-74,-788
247,-19,-866
277,251,-1056
366,144,-1194
415,-19,-1241
425,46,-1098
482,50,-1036
448,-35,-874
443,-117,-753
413,-48,-851
443,212,-1046
429,181,-1208
486,35,-1216
448,-21,-1122
528,52,-1026
429,-46,-841
398,-80,-716
337,-54,-796
382,179,-1020
335,165,-1175
365,60,-1204
333,3,-1167
431,40,-1061
247,11,-849
283,-107,-722
195,-60,-829
228,144,-1040
162,259,-1227
234,17,-1225
181,33,-1210
253,-27,-1073
134,-5,-868
138,-95,-702
33,-39,-823
89,72,-1020
-7,175,-1167
66,95,-1243
64,60,-1192
93,21,-1079
-9,-25,-862
23,-113,-735
-56,-19,-853
-44,101,-1007
-66,156,-1151
3,130,-1253
1,-1,-1237
15,35,-1091
-1,-33,-872
3,-89,-745
-52,-23,-810
-33,46,-966
-50,162,-1122
13,119,-1262
78,31,-1247
15,44,-1073
21,-50,-866
50,-72,-767
-44,-31,-817
-29,60,-931
-56,181,-1124
19,66,-1251
91,44,-1272
1,60,-1073
83,-23,-892
68,-101,-792
3,-50,-800
-9,27,-905
-35,179,-1100
87,101,-1266
122,33,-1272
15,15,-1063
107,-31,-888
83,-66,-804
42,-48,-786
-33,70,-884
-29,156,-1083
76,91,-1276
111,50,-1286
21,44,-1085
93,7,-917
103,-80,-845
54,-115,-812
-56,39,-868
9,142,-1046
52,142,-1274
134,25,-1292
3,-15,-1095
76,31,-925
58,-74,-825
29,-87,-790
-89,17,-833
-46,140,-1046
-5,177,-1260
48,25,-1292
-39,15,-1093
13,42,-970
15,-74,-864
-13,-72,-786
-124,13,-827
-52,134,-1028
-15,152,-1260
48,15,-1268
-64,19,-1126
40,25,-981
-25,-58,-849
-17,-72,-759
-138,-7,-796
-70,115,-999
-35,193,-1253
13,39,-1284
-66,74,-1134
23,-23,-1009
0,-48,-854
15,-74,-761
-95,3,-802
-31,109,-1016
-9,162,-1231
56,27,-1288
-29,25,-1149
46,40,-1005
60,-46,-892
13,-95,-737
-78,-37,-782
-33,132,-977
-11,169,-1196
60,54,-1276
-15,11,-1171
31,40,-1016
46,-44,-892
13,-70,-778
-80,-29,-792
-42,109,-987
-33,156,-1200
70,50,-1288
-42,39,-1188
39,17,-1048
37,-37,-917
44,-122,-772
-80,-27,-772
-35,80,-940
-33,191,-1169
31,58,-1253
3,40,-1200
9,27,-1042
70,-3,-911
29,-95,-778
-74,-25,-790
-44,46,-940
-33,185,-1173
25,95,-1286
31,17,-1237
15,64,-1061
70,-54,-950
48,-95,-776
-72,-42,-772
-35,64,-919
-52,152,-1141
13,115,-1268
7,-5,-1229
-29,72,-1057
39,-35,-935
-5,-50,-794
-70,-66,-780
-105,50,-894
-76,158,-1108
-42,154,-1268
-1,21,-1253
-52,37,-1098
33,-13,-954
-21,-80,-810
-44,-70,-786
-78,37,-876
-46,160,-1100
-21,130,-1251
42,0,-1253
-37,44,-1087
83,-7,-958
9,-62,-817
-5,-99,-772
-66,35,-845
-33,187,-1081
3,148,-1251
60,29,-1264
-48,29,-1110
76,5,-976
13,-56,-851
1,-60,-771
-93,3,-833
-27,105,-1052
-21,162,-1249
58,35,-1257
-44,50,-1104
60,-29,-981
1,-44,-847
11,-91,-751
-119,35,-819
-56,130,-1026
-46,167,-1239
52,25,-1274
-60,39,-1139
25,-3,-1011
7,-31,-872
5,-113,-786
-105,0,-819
-37,107,-1001
-48,165,-1229
68,39,-1274
-33,13,-1169
62,15,-1020
29,-40,-858
25,-83,-751
-76,-23,-794
-23,107,-989
-17,193,-1202
74,29,-1278
-46,31,-1159
46,31,-1030
29,-21,-886
33,-97,-780
-97,-11,-796
-44,64,-976
-56,187,-1184
39,66,-1290
-35,37,-1194
-1,7,-1020
33,-44,-907
1,-95,-753
-99,-9,-776
-56,68,-944
-56,163,-1161
3,72,-1286
-35,56,-1206
-13,40,-1036
23,-17,-913
-11,-97,-786
-78,-33,-788
-39,101,-944
-54,163,-1173
33,56,-1284
0,21,-1202
7,23,-1042
81,-35,-938
29,-81,-798
-17,-42,-786
-29,74,-907
-1,148,-1126
46,130,-1266
35,15,-1227
11,54,-1059
70,-39,-946
21,-74,-804
-23,-62,-774
-62,81,-901
-40,162,-1134
3,140,-1272
17,1,-1251
-11,29,-1085
60,-7,-958
13,-81,-821
-42,-66,-765
-91,33,-864
-46,144,-1098
-15,144,-1223
15,5,-1262
-64,56,-1077
56,-11,-966
-31,-64,-815
-52,-68,-772
-101,66,-845
-60,165,-1073
-23,136,-1264
37,-3,-1272
-37,72,-1126
70,-15,-993
7,-56,-841
-11,-111,-763
-68,27,-843
-35,140,-1048
-9,150,-1247
37,15,-1239
-35,40,-1110
50,-5,-981
3,-62,-825
-7,-70,-763
-105,19,-819
-35,134,-1015
-40,152,-1233
25,50,-1266
-48,44,-1151
39,-9,-1024
-7,-39,-843
0,-107,-771
-111,13,-831
-58,89,-1015
-66,177,-1220
37,13,-1294
-95,31,-1145
-17,-33,-1005
-78,-7,-853
-64,-111,-767
-193,40,-798
-140,68,-999
-117,191,-1210
-52,25,-1264
-105,115,-1161
-54,9,-1036
-72,-52,-872
-66,-132,-780
-162,48,-813
-292,40,-987
-81,208,-1087
-325,70,-1352
-577,76,-1237
-669,-1,-1069
-700,-72,-948
-747,-142,-786
-813,21,-788
-691,70,-862
-831,93,-1120
-610,99,-1223
-897,132,-1194
-612,0,-972
-624,-111,-933
-448,-136,-815
-610,83,-825
-503,115,-946
-450,37,-1194
-327,44,-1391
-273,171,-1272
-224,58,-1102
-122,-68,-966
-60,-187,-829
-122,64,-776
-99,60,-892
-85,87,-1130
-40,29,-1270
-66,105,-1212
-68,103,-1061
-46,-48,-940
-66,-103,-794
-171,-9,-765
-101,111,-856
-68,146,-1134
144,74,-1239
158,13,-1214
81,74,-1028
269,-40,-874
296,-124,-774
183,-60,-743
81,50,-884
152,163,-1139
189,101,-1309
169,44,-1288
52,50,-1102
191,5,-962
119,-64,-856
0,-52,-788
-62,83,-854
52,70,-1069
15,148,-1260
72,5,-1200
-13,52,-1061
78,-35,-964
15,-68,-835
-80,-44,-753
-134,9,-862
-89,124,-1081
-66,158,-1255
-52,5,-1272
-126,25,-1118
-19,-19,-1005
-68,-33,-841
-105,-85,-757
-203,1,-819
-99,117,-1057
-130,171,-1243
-58,52,-1294
-171,85,-1159
-58,-35,-1052
-115,-44,-899
-113,-74,-778
-220,9,-845
-105,107,-1026
-103,150,-1208
-46,25,-1259
-109,66,-1122
-19,-33,-1005
-80,-42,-841
-93,-60,-720
-204,-1,-794
-144,158,-993
-128,169,-1214
-54,46,-1301
-140,66,-1184
0,-27,-1022
-52,-17,-880
-15,-76,-780
-124,-11,-810
-68,70,-1003
-62,134,-1190
87,31,-1247
-15,58,-1136
81,3,-1001
70,-27,-870
44,-117,-786
-35,-23,-815
-19,124,-991
-5,148,-1188
85,52,-1274
21,39,-1194
76,27,-1056
66,-3,-903
80,-109,-806
-48,-39,-812
-7,72,-956
-23,171,-1167
89,58,-1257
29,39,-1169
95,-11,-1044
80,-3,-921
74,-105,-780
-35,-40,-808
-13,85,-938
-39,150,-1134
31,95,-1245
64,31,-1208
62,19,-1067
58,35,-936
37,-95,-808
-78,-54,-808
-89,66,-931
-76,162,-1124
-7,117,-1247
-9,39,-1210
35,-7,-1067
72,11,-944
46,-87,-831
-74,-60,-825
-107,76,-915
-89,142,-1081
-23,101,-1237
-37,56,-1179
-3,25,-1044
48,33,-935
13,-76,-847
-76,-83,-837
-134,80,-915
-93,156,-1081
-46,140,-1241
-1,13,-1208
-21,17,-1065
66,13,-966
25,-68,-860
-21,-101,-819
-126,46,-897
-85,101,-1061
-42,136,-1192
29,33,-1179
-11,37,-1044
109,19,-970
64,-60,-870
11,-93,-849
-91,44,-899
-68,140,-1073
-46,150,-1202
50,21,-1218
9,27,-1091
113,21,-985
78,-64,-894
19,-111,-831
-80,3,-870
-39,99,-1032
-27,163,-1198
76,31,-1182
29,27,-1085
144,-5,-977
101,-50,-868
39,-101,-849
-95,35,-882
-44,89,-1032
-54,162,-1182
50,35,-1216
-21,35,-1093
97,31,-1005
74,-39,-913
78,-140,-860
-119,0,-882
-37,83,-989
-62,187,-1157
68,31,-1223
-58,21,-1110
60,19,-995
42,-9,-909
31,-115,-843
-111,11,-841
-64,89,-956
-62,181,-1163
21,68,-1237
-64,25,-1138
17,54,-1030
21,-25,-915
13,-126,-851
-121,-21,-817
-78,89,-936
-72,183,-1143
-13,66,-1239
-58,31,-1173
-1,31,-1030
58,-7,-927
46,-121,-823
-109,-25,-796
-78,56,-913
-66,175,-1141
-1,87,-1245
-25,31,-1177
23,40,-1040
81,-1,-931
52,-124,-851
-89,-27,-821
-66,48,-946
-68,193,-1139
1,68,-1235
1,5,-1177
54,44,-1013
124,-19,-940
66,-95,-843
-44,-66,-827
-70,46,-933
-72,177,-1104
-23,111,-1208
27,29,-1184
40,54,-1042
138,-15,-962
72,-89,-870
-35,-48,-853
-78,50,-931
-70,160,-1114
-11,103,-1216
25,15,-1184
35,56,-1042
119,1,-970
74,-85,-884
-27,-85,-847
-89,29,-901
-66,146,-1065
-37,152,-1182
27,5,-1182
-7,54,-1056
101,-3,-976
39,-76,-884
-31,-66,-853
-122,42,-909
-78,140,-1077
-44,134,-1200
13,11,-1206
-21,64,-1083
89,5,-976
54,-70,-882
-11,-107,-837
-101,17,-897
-76,140,-1030
-46,163,-1169
25,17,-1196
-17,39,-1061
74,15,-968
48,-46,-905
13,-93,-849
-122,5,-886
-72,122,-1032
-62,169,-1165
39,42,-1216
-21,40,-1108
89,9,-1005
68,-64,-892
27,-109,-845
-101,-15,-880
-74,115,-1016
-64,167,-1163
35,29,-1210
-27,35,-1081
56,25,-1001
58,-35,-903
37,-103,-854
-115,5,-872
-70,103,-1005
-81,171,-1159
25,52,-1214
-25,70,-1110
62,52,-1013
42,-68,-935
56,-134,-841
-448,-7,-884
-163,46,-864
-337,220,-1075
-409,-31,-1208
-710,134,-1245
-933,95,-1134
-1179,-31,-952
-1052,-257,-866
-976,121,-714
-1235,171,-913
-1116,56,-983
-1095,-52,-1241
-1052,226,-1159
-1356,175,-1161
-1161,-165,-905
-1102,-407,-860
-1112,62,-884
-1245,329,-985
-1143,64,-1095
-944,-160,-1303
-1026,162,-1397
-1042,372,-1134
-997,-105,-913
-774,-448,-780
-927,-39,-868
-958,347,-851
-1013,162,-1056
-728,-146,-1290
-730,-7,-1329
-901,339,-1089
-917,31,-894
-755,-337,-817
-868,-87,-853
-1136,368,-864
-1157,130,-1005
-976,-230,-1251
-1015,-5,-1360
-1426,316,-1046
-1284,132,-749
-1175,-468,-784
-1253,-177,-810
-1518,429,-847
-1329,156,-923
-1097,-201,-1253
-1061,-115,-1434
-1432,525,-1128
-1227,54,-810
-1044,-560,-868
-1104,-124,-1075
-1399,402,-919
-1368,144,-935
-1077,-162,-1325
-851,-103,-1454
-1098,427,-1063
-995,7,-778
-835,-251,-823
-774,-376,-974
-1255,357,-829
-1151,175,-843
-942,-83,-1241
-931,-212,-1579
-1383,304,-1112
-1253,353,-757
-1091,-488,-851
-1091,-91,-960
-1479,269,-782
-1491,177,-751
-1243,-42,-1309
-1056,-195,-1467
-1545,119,-1112
-1405,267,-761
-1052,-290,-927
-960,-206,-966
-1192,177,-771
-1128,121,-903
-782,136,-1192
-597,-48,-1542
-903,146,-1221
-821,142,-868
-556,-191,-874
-491,-122,-989
-536,56,-806
-530,140,-892
-251,171,-1212
42,-115,-1440
-275,218,-1124
21,-76,-886
288,197,-911
244,-134,-909
99,-230,-751
-21,236,-901
413,9,-1104
374,398,-1333
-44,-404,-1175
-66,314,-856
380,-191,-962
874,247,-810
365,-283,-882
476,363,-862
1438,25,-868
1709,126,-1286
1372,-173,-1122
983,15,-1112
1223,443,-1020
1532,-507,-925
1108,121,-925
1366,-111,-966
1300,503,-1102
1075,-230,-1592
1018,359,-1093
1428,-140,-1003
903,528,-854
1175,-745,-691
993,35,-614
1022,105,-794
876,495,-1067
782,-169,-1257
938,-78,-1171
706,306,-1122
812,-44,-905
751,35,-767
638,-201,-892
636,234,-1052
751,-19,-1093
784,236,-1208
972,-19,-1204
851,244,-1138
913,-232,-901
1108,-189,-691
1134,-31,-817
1044,177,-999
995,283,-1225
1169,44,-1225
1350,99,-1282
1177,163,-1270
1106,193,-1011
1159,-290,-753
1179,-163,-819
1052,105,-964
993,452,-1038
1030,-50,-1063
1264,-163,-1124
1198,21,-1108
985,470,-872
913,-81,-646
1143,-368,-747
829,-62,-936
878,448,-1075
897,279,-1114
1132,-206,-1333
882,56,-1177
1016,126,-950
985,105,-673
1145,-390,-831
962,171,-907
952,259,-1050
936,302,-1143
1257,-267,-1262
1059,124,-1231
1040,160,-981
853,13,-819
1249,-267,-812
849,56,-1015
897,212,-1005
837,142,-1124
944,0,-1264
751,85,-1093
753,165,-938
626,-146,-769
681,-210,-823
464,11,-837
419,208,-944
450,152,-1087
515,-44,-1288
333,85,-1216
384,0,-1001
208,0,-851
370,-132,-843
126,-37,-878
80,158,-901
64,142,-1139
191,68,-1300
66,-3,-1208
62,142,-972
40,-50,-862
165,-60,-819
-23,-111,-833
-23,179,-858
-27,162,-1143
199,130,-1305
56,54,-1212
78,85,-923
78,-91,-808
201,-107,-720
-1,-48,-685
-3,189,-714
17,165,-977
206,50,-1155
97,33,-1057
93,136,-796
140,-48,-667
224,-142,-556
13,-3,-560
19,93,-644
35,201,-962
212,23,-1124
83,78,-989
87,105,-761
148,-60,-663
220,-162,-585
25,-44,-517
-1,74,-634
70,126,-954
216,66,-1169
132,29,-1040
107,68,-810
191,-48,-749
222,-117,-679
42,-95,-607
-7,68,-716
101,144,-1022
169,95,-1206
121,31,-1083
62,40,-872
169,-19,-788
181,-121,-687
33,-97,-589
-9,13,-706
89,138,-983
148,122,-1163
146,54,-1054
44,56,-833
179,-15,-722
140,-95,-618
7,-80,-509
-56,25,-585
-15,146,-866
25,154,-1028
35,39,-1018
-46,56,-813
89,5,-714
35,-44,-595
7,-87,-509
-81,35,-601
-11,121,-886
33,150,-1085
68,33,-1044
-33,85,-868
83,3,-763
31,-60,-634
-44,-111,-521
-121,60,-616
-66,169,-868
-44,138,-1054
3,25,-1046
-56,101,-884
39,40,-767
-3,-31,-659
-39,-144,-548
-146,-15,-609
-68,177,-853
-48,171,-1063
11,13,-1063
-97,52,-911
-25,25,-778
-76,0,-616
-83,-132,-509
-181,-35,-569
-121,111,-808
-124,150,-995
-25,29,-1018
-130,99,-878
0,15,-726
-42,-1,-607
-7,-169,-489
-121,-19,-538
-44,130,-755
-39,167,-976
58,39,-1034
7,35,-903
101,-13,-761
93,-21,-614
119,-152,-491
-37,-52,-552
9,99,-737
40,140,-985
99,107,-1056
-11,64,-929
83,19,-751
39,-44,-646
66,-107,-507
-72,-21,-521
-31,109,-708
7,115,-950
101,56,-1042
9,95,-901
91,80,-737
93,-39,-646
81,-150,-517
-37,-78,-495
-11,115,-679
-17,124,-936
93,87,-1038
-11,85,-913
60,62,-751
87,-37,-640
72,-142,-493
-70,-40,-489
-31,134,-610
-19,150,-915
68,80,-1018
-7,64,-935
42,85,-792
68,-13,-685
50,-160,-534
-64,-122,-513
-58,169,-616
-70,167,-905
9,95,-1036
-42,29,-968
5,81,-798
11,39,-679
-5,-93,-523
-74,-136,-493
-111,81,-583
-54,140,-845
-23,158,-1054
0,-5,-993
-39,119,-856
74,25,-714
-19,-81,-550
-54,-101,-458
-105,52,-577
-39,103,-853
-11,132,-1034
-11,91,-979
-15,46,-794
44,-64,-692
19,-91,-509
-11,-109,-450
-111,126,-550
-17,126,-810
-1,148,-1007
33,23,-999
-11,64,-808
66,42,-702
50,-80,-521
-21,-121,-480
-103,11,-560
-11,80,-819
-13,167,-1007
56,124,-946
-56,56,-819
83,3,-685
21,-66,-550
5,-117,-433
-68,-5,-509
-60,122,-769
-27,109,-950
11,124,-974
-56,70,-823
29,29,-704
-27,-42,-523
29,-124,-415
-146,29,-515
-50,91,-745
-44,91,-970
21,39,-983
-31,91,-841
25,91,-704
37,-95,-548
33,-179,-435
-128,56,-488
-7,115,-702
-60,117,-985
31,7,-979
-68,48,-882
-11,169,-704
15,-31,-552
23,-197,-447
-122,-31,-513
-46,95,-730
-68,150,-983
50,60,-1061
-35,9,-903
37,124,-730
85,3,-564
72,-124,-488
-93,-78,-515
-44,60,-698
-48,115,-991
89,124,-1015
-48,72,-903
40,66,-698
9,-27,-628
54,-121,-441
-103,-48,-517
-60,66,-679
-5,126,-946
-3,206,-1032
1,56,-901
13,-9,-771
87,-60,-618
50,-60,-423
-60,-37,-513
-46,81,-657
-48,142,-921
37,113,-1030
1,40,-927
-5,31,-749
39,-15,-571
56,-107,-491
-83,40,-515
-91,72,-612
-64,62,-897
-21,181,-995
21,-54,-921
-37,156,-800
50,-83,-618
-11,-56,-505
-78,29,-439
-44,29,-607
-78,113,-880
37,-19,-938
15,85,-964
-7,160,-772
95,-46,-589
-9,-78,-538
-13,-76,-452
-62,-37,-558
-66,173,-847
19,152,-970
-31,91,-1003
-29,37,-774
95,-50,-706
-5,-70,-568
13,-78,-462
-74,146,-568
-50,21,-841
1,146,-974
50,3,-999
-37,117,-839
109,-27,-673
-5,-48,-534
-3,-119,-427
-81,-48,-532
-54,140,-831
-11,255,-915
60,-23,-970
-50,140,-817
64,-56,-636
54,-119,-550
15,-68,-464
-121,115,-478
-74,54,-784
-29,148,-915
64,21,-958
-23,31,-851
13,19,-665
56,-44,-550
25,-56,-431
-93,-29,-468
0,-7,-730
-68,314,-950
74,33,-979
-40,19,-913
-33,-1,-696
27,3,-550
21,-39,-523
-119,-25,-482
-39,-21,-757
-91,210,-936
35,76,-1052
-132,130,-860
111,-7,-747
66,-37,-587
121,-169,-488
-103,-37,-443
-115,292,-722
17,62,-915
42,52,-999
-68,29,-882
-60,105,-739
111,87,-577
91,-124,-411
-113,-206,-523
-66,83,-603
-89,226,-905
81,230,-966
-11,5,-897
3,-132,-780
54,42,-528
105,-81,-466
-91,52,-464
-29,-7,-632
-50,-29,-913
-15,292,-974
81,99,-890
-50,95,-749
68,-283,-638
37,-48,-476
-60,58,-433
-33,142,-628
-37,-13,-938
-9,39,-974
-21,134,-962
23,163,-821
83,-113,-624
25,-251,-507
-74,-72,-484
-68,249,-628
23,146,-880
50,-25,-1026
-15,-19,-1024
-74,177,-726
99,80,-692
76,-169,-505
-21,-283,-517
-142,238,-591
-33,378,-823
35,-46,-1052
-42,-156,-1030
-39,130,-769
19,177,-698
121,-85,-548
0,-329,-445
-60,97,-610
-87,247,-849
-19,208,-1007
132,-111,-1007
-42,11,-839
78,117,-566
5,-15,-579
11,-177,-452
-140,-42,-546
-136,273,-771
76,111,-940
-103,115,-1095
17,31,-737
113,-101,-671
-138,93,-536
183,-263,-433
-183,99,-534
-70,23,-780
56,181,-964
-52,191,-1001
60,-54,-780
66,-74,-737
-33,-9,-468
162,-156,-439
-292,214,-507
58,-87,-689
11,208,-1032
-56,122,-979
5,-56,-726
9,85,-817
-5,-70,-468
109,-216,-425
-240,156,-501
60,7,-679
-11,286,-1007
11,-37,-976
3,44,-821
21,7,-778
-56,-17,-546
144,-187,-325
-97,-46,-583
-119,277,-730
56,101,-942
23,-56,-1112
-74,122,-888
72,122,-679
-7,-111,-687
33,-138,-435
-54,-11,-523
-35,244,-767
-66,126,-1048
115,-81,-1022
-111,119,-977
27,142,-735
134,-52,-589
-15,-103,-558
-146,9,-517
-50,-21,-694
-37,121,-1077
-66,316,-954
52,-146,-917
-89,146,-813
64,-5,-542
0,-105,-530
11,19,-562
-154,52,-692
-85,163,-895
81,140,-1052
13,5,-936
-11,134,-718
-78,-70,-601
101,-109,-552
87,-80,-394
-210,165,-696
40,140,-806
25,93,-1036
-89,150,-812
99,-95,-716
126,97,-679
-66,-46,-445
-3,-197,-407
-37,136,-640
-48,265,-843
76,99,-905
-17,-60,-989
-25,148,-761
150,-19,-550
144,-163,-513
-64,-35,-505
-107,83,-556
3,13,-911
5,203,-1050
-7,-40,-991
-25,50,-933
111,64,-751
74,-175,-642
-27,-91,-612
-130,35,-841
-76,156,-1057
138,80,-1225
-68,68,-1401
13,-15,-1237
31,-93,-1167
74,15,-1034
117,-199,-995
-286,95,-1161
95,-62,-1331
23,263,-1614
66,173,-1538
-39,0,-1370
0,23,-1348
62,-158,-1007
1,-216,-1009
-288,78,-1083
35,162,-1157
-128,261,-1516
68,-21,-1307
-40,-87,-1294
-148,290,-1065
134,-167,-757
-146,1,-730
-40,11,-741
-54,165,-1044
-80,111,-1171
234,-25,-1214
-195,150,-1052
259,40,-716
-5,105,-817
105,-158,-638
-113,21,-687
-66,204,-966
134,113,-1024
-39,234,-1223
17,-7,-917
195,101,-835
-64,46,-837
181,-165,-548
-165,17,-823
-48,210,-757
126,101,-1065
-140,183,-1212
46,81,-851
-5,-89,-1011
37,56,-761
183,-210,-532
-269,11,-765
113,130,-636
-148,165,-1085
136,35,-1124
-3,83,-999
-46,-11,-944
148,-171,-671
31,66,-618
-220,-29,-609
140,-85,-763
-203,232,-1147
99,-40,-1173
-66,101,-1085
-9,-27,-964
72,-5,-745
-23,-93,-665
-48,-236,-689
-95,236,-847
-81,109,-1216
158,-156,-1225
-122,343,-1163
56,-148,-946
130,37,-952
-83,-121,-722
-23,-195,-810
-80,136,-935
-70,78,-1171
9,197,-1360
0,87,-1212
-54,-76,-1097
146,33,-954
35,-31,-772
7,-238,-931
-72,181,-892
-83,64,-1290
122,109,-1393
-19,66,-1259
-70,50,-1145
107,42,-944
-70,-70,-892
68,-124,-853
-117,-9,-956
-81,85,-1235
140,294,-1270
-21,130,-1243
-37,-60,-1157
93,76,-886
-9,-169,-985
99,81,-812
-97,-5,-913
-146,31,-1221
27,292,-1231
117,17,-1259
-91,117,-1257
66,173,-952
-99,-216,-1040
201,50,-802
-175,78,-905
-85,78,-1294
17,191,-1313
25,15,-1395
56,156,-1288
-1,152,-1124
-78,-169,-1040
119,-83,-964
-111,115,-989
-21,-68,-1333
-107,281,-1456
17,48,-1508
85,46,-1341
21,-11,-1100
-83,-15,-1153
95,-105,-931
-107,72,-1075
0,171,-1210
-72,60,-1499
15,87,-1559
95,109,-1180
37,-91,-1200
1,33,-1067
-44,-109,-946
-89,-56,-1075
31,121,-1069
-91,185,-1524
9,93,-1501
-3,-64,-1216
121,130,-1040
-15,-83,-1180
46,-76,-1005
29,17,-808
-78,48,-1192
-83,132,-1438
64,66,-1403
121,142,-1130
5,-91,-1317
-42,97,-1098
175,-91,-821
-56,-103,-1063
-54,201,-1138
-39,25,-1415
183,189,-1411
21,-76,-1419
1,132,-1270
97,13,-1001
25,-271,-1091
-76,42,-987
-31,0,-1126
-19,232,-1335
27,31,-1590
-103,183,-1405
148,-117,-1056
-11,70,-1276
29,-60,-974
58,-189,-917
-148,203,-1192
-37,70,-1354
99,111,-1586
33,107,-1233
66,-87,-1342
-37,163,-1204
68,-95,-933
89,-218,-970
-187,175,-1272
21,103,-1350
23,121,-1565
-31,107,-1464
130,5,-1298
-66,87,-1212
148,-204,-1056
-7,-37,-1071
-152,187,-1190
37,107,-1317
-7,105,-1571
-39,115,-1514
101,-5,-1239
89,13,-1247
33,-105,-1067
-44,-85,-1036
-107,60,-1157
50,144,-1305
-27,134,-1585
-37,76,-1467
-44,29,-1323
105,-39,-1210
64,-85,-1089
33,-54,-1044
-117,140,-1120
-3,21,-1352
35,150,-1540
7,156,-1503
-146,19,-1350
212,-64,-1216
-95,-13,-1147
113,-117,-972
-85,44,-1112
-83,146,-1403
56,113,-1465
81,25,-1510
-183,130,-1405
197,-80,-1118
-81,-35,-1208
54,-23,-987
-17,-87,-1073
-203,124,-1403
177,154,-1407
7,156,-1567
-185,99,-1333
290,-228,-1192
-228,171,-1223
183,-185,-894
-44,7,-1151
-156,154,-1331
181,-19,-1382
-91,244,-1596
-31,64,-1331
148,-74,-1220
-103,21,-1147
197,-76,-921
-183,-70,-1190
-76,95,-1223
17,109,-1456
-31,134,-1583
-23,56,-1333
0,-23,-1284
23,21,-1163
124,-300,-1020
-138,148,-1177
0,101,-1198
-27,25,-1532
33,167,-1616
23,-44,-1366
-74,132,-1368
66,-17,-1145
183,-201,-1075
-142,76,-1157
-15,33,-1221
-115,152,-1530
134,74,-1567
-64,66,-1469
64,52,-1288
21,-44,-1200
21,-40,-1122
11,-154,-1052
-72,128,-1307
-27,271,-1421
23,-21,-1583
15,35,-1465
15,64,-1286
1,111,-1202
91,-175,-1110
-40,-29,-1085
-33,17,-1235
-48,183,-1376
11,130,-1575
-9,121,-1475
7,-113,-1268
119,46,-1180
50,76,-1075
-39,-76,-1075
-58,-80,-1241
-76,210,-1407
66,173,-1534
-46,117,-1501
19,-48,-1294
78,-74,-1208
27,-29,-1132
25,42,-1075
-91,-9,-1167
-3,-21,-1423
-11,253,-1555
-25,171,-1485
39,-19,-1333
1,-74,-1241
76,-99,-1108
-37,39,-1069
-40,99,-1161
-21,-17,-1407
-5,93,-1586
56,89,-1473
-70,162,-1399
54,0,-1182
144,-195,-1139
-89,33,-1108
-19,-1,-1110
-23,201,-1411
-29,81,-1528
80,-117,-1477
-50,101,-1380
19,89,-1173
64,-48,-1114
-27,-111,-1128
-109,-54,-1139
11,142,-1331
-66,216,-1506
101,60,-1506
-35,-21,-1360
21,-78,-1286
89,-23,-1097
11,60,-1161
-81,-44,-1124
-44,19,-1329
-27,154,-1592
140,78,-1493
-93,113,-1440
66,15,-1223
48,-113,-1169
3,25,-1104
-56,-72,-1141
-17,44,-1344
-103,210,-1522
97,1,-1501
-68,93,-1452
7,76,-1262
40,-78,-1212
37,-29,-1098
-85,-35,-1128
-11,148,-1309
-101,128,-1512
103,105,-1571
-56,5,-1446
15,-5,-1253
3,7,-1212
109,-44,-1087
-107,-52,-1122
-21,97,-1282
-15,121,-1540
-42,126,-1569
11,76,-1376
5,17,-1280
70,15,-1202
66,-56,-1079
-95,-85,-1130
-15,40,-1253
-80,146,-1473
39,163,-1542
0,68,-1428
-37,23,-1321
105,-76,-1136
50,-48,-1132
-113,46,-1087
25,-50,-1216
-89,171,-1497
29,134,-1530
11,0,-1432
0,-19,-1294
76,46,-1175
97,-54,-1124
-95,-72,-1132
-31,50,-1266
-33,150,-1469
-42,124,-1596
40,54,-1460
-44,3,-1331
81,31,-1186
124,-93,-1153
-68,-70,-1143
-15,-37,-1192
-37,185,-1465
5,138,-1530
29,81,-1471
-40,3,-1323
64,25,-1177
52,-78,-1130
-33,-68,-1157
-76,-48,-1177
-68,212,-1372
9,152,-1559
0,60,-1467
-56,1,-1348
111,-15,-1216
29,-21,-1210
-13,-93,-1102
-42,-40,-1180
-70,195,-1378
50,146,-1495
31,83,-1542
-62,5,-1339
70,-25,-1243
-11,-68,-1182
27,-44,-1100
-89,-9,-1165
-42,154,-1385
-25,189,-1538
64,70,-1512
-62,-48,-1393
70,44,-1276
0,-13,-1210
78,-134,-1063
-87,-33,-1177
-46,169,-1333
5,105,-1501
19,126,-1540
-33,-21,-1372
25,11,-1257
25,13,-1136
89,-93,-1077
-140,-46,-1159
-15,117,-1286
9,185,-1557
1,105,-1544
-37,-13,-1380
19,50,-1274
23,-15,-1163
70,-134,-1110
-130,-11,-1169
7,87,-1300
-21,173,-1553
39,130,-1540
-44,0,-1385
7,31,-1278
48,-48,-1188
70,-68,-1114
-107,-29,-1147
-35,44,-1298
-68,160,-1520
72,126,-1557
-60,0,-1421
-5,60,-1266
39,3,-1188
56,-89,-1126
-109,-48,-1120
-13,103,-1296
-54,142,-1536
66,37,-1538
-58,15,-1450
11,85,-1260
64,-17,-1198
58,-81,-1145
-78,-78,-1118
-44,74,-1268
-58,189,-1491
39,144,-1526
-52,9,-1424
-9,-21,-1288
21,-15,-1202
68,-85,-1141
-93,-35,-1132
-58,52,-1249
-66,152,-1467
33,89,-1569
-50,31,-1438
5,56,-1296
56,42,-1202
78,-81,-1089
-54,-68,-1114
-52,-15,-1218
-48,132,-1442
33,163,-1549
17,-1,-1454
-19,81,-1305
62,25,-1216
70,-115,-1169
-70,-54,-1132
-62,31,-1214
-33,187,-1462
39,144,-1557
11,-3,-1516
-13,40,-1350
52,52,-1231
68,-144,-1177
-21,-101,-1118
-66,46,-1196
-39,158,-1432
9,122,-1553
9,23,-1483
-52,66,-1358
60,35,-1231
54,-89,-1179
-35,-42,-1120
-64,-27,-1186
-44,175,-1417
7,163,-1528
37,15,-1475
-50,76,-1337
83,31,-1210
68,-95,-1147
17,-42,-1059
-66,15,-1106
19,158,-1301
56,126,-1440
111,-3,-1446
81,62,-1253
171,56,-1157
206,-89,-1097
257,-115,-1003
208,87,-1059
265,113,-1262
365,177,-1424
583,-48,-1387
452,183,-1311
548,15,-1169
583,-50,-1118
751,-201,-995
593,99,-1061
616,191,-1227
726,39,-1401
874,-50,-1393
780,183,-1290
856,181,-1153
884,-138,-1054
1003,-245,-936
786,62,-989
835,300,-1120
901,68,-1350
1054,-91,-1350
858,162,-1262
974,193,-1087
950,-70,-1015
1143,-302,-894
854,64,-948
901,275,-1042
917,115,-1243
1163,-121,-1268
1018,169,-1241
964,191,-1042
997,-48,-927
1233,-322,-870
940,91,-935
858,203,-1022
897,152,-1188
1221,-105,-1329
1028,220,-1292
987,167,-1097
1075,-56,-925
1288,-302,-950
1011,83,-977
1005,169,-1024
886,206,-1188
1151,-191,-1391
946,206,-1376
872,115,-1124
792,68,-948
960,-306,-977
722,-37,-1001
634,265,-1018
628,171,-1132
817,-52,-1368
700,11,-1329
560,216,-1089
673,126,-872
642,-402,-964
450,-11,-936
335,156,-960
224,292,-1149
318,-115,-1380
308,80,-1309
44,292,-1091
111,-64,-913
115,-195,-989
-17,-212,-882
-181,388,-901
-115,3,-1044
-52,150,-1346
-111,-80,-1278
-269,185,-1032
-62,29,-976
-66,-126,-1005
-85,-64,-872
-236,-9,-907
-117,382,-1100
-585,-33,-1504
-341,-64,-1216
-335,76,-1065
-308,160,-804
-915,-54,-1202
-854,-279,-880
-1510,117,-954
-1380,173,-1124
-1247,255,-1286
-1251,-257,-1241
-1247,99,-1048
-1300,109,-1093
-1061,99,-882
-1233,-242,-929
-1093,-232,-886
-1239,302,-1110
-1018,204,-1255
-974,-54,-1368
-901,-177,-1192
-808,251,-1091
-931,85,-1007
-743,-257,-858
-968,-109,-919
-648,191,-1040
-868,263,-1300
-593,-107,-1229
-712,-7,-1167
-495,33,-1022
-728,140,-960
-544,-193,-798
-724,-91,-907
-720,126,-1108
-743,255,-1231
-679,-13,-1284
-671,-78,-1184
-739,72,-1056
-772,111,-897
-835,-160,-817
-853,-175,-866
-860,162,-1011
-956,169,-1200
-800,-19,-1216
-763,-97,-1192
-689,224,-983
-815,23,-911
-614,-87,-784
-669,-175,-944
-550,187,-1009
-642,140,-1169
-382,91,-1227
-347,-56,-1227
-263,81,-1057
-220,87,-890
-60,-160,-817
-58,76,-1024
-115,232,-1169
0,144,-1255
-13,-31,-1278
33,-42,-1102
-103,76,-884
23,-52,-798
-99,-66,-888
-87,15,-983
-238,216,-1116
-44,140,-1249
-83,-37,-1276
-74,-7,-1057
-87,44,-868
-21,-56,-817
-81,-62,-913
-134,3,-985
-214,179,-1069
-173,150,-1247
-111,-42,-1272
-232,5,-1104
-240,62,-895
-212,-40,-839
-310,-68,-851
-329,0,-886
-394,189,-1022
-230,152,-1239
-152,35,-1247
-167,0,-1075
-144,7,-913
-66,-40,-843
-95,-78,-862
-134,-29,-886
-103,128,-1065
-23,234,-1274
72,-33,-1307
-62,42,-1091
-9,-13,-931
-1,-48,-880
-44,-109,-833
-144,-48,-851
-136,156,-1028
-64,181,-1278
-42,23,-1327
-148,0,-1112
-37,-13,-948
-21,-25,-915
-21,-39,-854
-122,-39,-876
-62,162,-1059
-5,122,-1303
83,7,-1342
-76,9,-1106
23,0,-950
33,-44,-909
11,-60,-843
-105,-37,-868
-58,162,-1024
21,160,-1272
136,21,-1298
-21,60,-1110
121,44,-917
148,-3,-911
156,-74,-823
-23,-83,-841
11,115,-1016
58,185,-1268
160,68,-1298
-9,76,-1112
87,-15,-960
95,-44,-935
109,-76,-831
-97,-27,-843
-42,126,-993
-37,171,-1206
11,-5,-1276
-105,19,-1098
-39,27,-960
-39,-15,-931
-33,-76,-813
-142,-52,-821
-115,136,-977
-80,150,-1190
-13,95,-1278
-81,25,-1151
-21,9,-1013
-25,-19,-913
11,-89,-817
-115,-62,-813
-72,95,-964
-89,132,-1161
-23,74,-1259
-109,54,-1139
-46,39,-997
-52,-5,-936
-29,-81,-798
-134,-64,-806
-80,111,-936
-101,204,-1128
-21,80,-1237
-64,15,-1175
-29,7,-1032
-5,27,-946
19,-85,-813
-85,-70,-796
-62,80,-923
-80,156,-1114
9,72,-1268
-29,39,-1186
-7,19,-1044
33,15,-927
48,-76,-813
-48,-95,-796
-54,58,-903
-66,163,-1112
19,105,-1253
9,40,-1212
-7,21,-1067
58,37,-968
44,-54,-845
-13,-99,-831
-42,25,-911
-23,154,-1112
33,115,-1266
56,35,-1260
0,5,-1089
74,21,-972
42,-60,-847
11,-80,-808
-66,31,-901
-42,169,-1108
21,111,-1268
19,58,-1259
-19,19,-1079
70,33,-972
40,-46,-858
23,-111,-835
-60,25,-901
-44,148,-1069
5,134,-1253
40,44,-1243
-39,17,-1093
42,31,-960
15,-39,-880
35,-95,-823
-78,3,-868
-56,136,-1046
-19,117,-1214
19,78,-1239
-50,11,-1087
25,21,-970
-17,11,-868
25,-119,-812
-89,13,-864
-62,150,-1024
-31,144,-1214
23,58,-1251
-54,-9,-1106
19,39,-993
25,-17,-886
46,-113,-817
-74,-15,-851
-52,111,-999
-56,144,-1177
15,81,-1245
-50,1,-1114
0,56,-989
13,-19,-894
46,-111,-800
-83,-25,-841
-37,132,-976
-42,132,-1196
46,85,-1259
-42,-17,-1138
42,48,-1009
33,7,-923
81,-115,-819
-76,-37,-825
-13,83,-960
-44,146,-1186
35,105,-1239
-39,-17,-1151
19,31,-1001
33,-5,-913
62,-99,-819
-74,-48,-829
-62,78,-936
-66,154,-1175
15,119,-1262
-5,-5,-1171
0,54,-1028
70,-5,-921
70,-113,-827
-68,-56,-835
-33,56,-946
-56,158,-1157
37,134,-1262
-3,-19,-1155
5,39,-1028
39,3,-923
52,-74,-839
-52,-56,-825
-62,62,-911
-68,165,-1126
-9,142,-1245
-5,-5,-1192
-25,31,-1057
21,29,-935
40,-93,-853
-52,-66,-831
-66,42,-911
-58,162,-1132
0,148,-1243
-5,-3,-1190
-27,9,-1050
29,31,-936
35,-81,-853
-48,-54,-819
-80,23,-890
-66,144,-1102
-27,136,-1223
5,21,-1202
-50,25,-1069
25,52,-944
11,-74,-874
-23,-54,-835
-66,9,-895
-50,148,-1073
-15,156,-1231
50,-13,-1218
-37,25,-1073
52,25,-946
33,-50,-876
-7,-76,-796
-64,-7,-888
-37,119,-1048
-15,181,-1218
37,27,-1214
-44,23,-1081
29,40,-960
23,-50,-897
21,-70,-825
-62,-7,-882
-27,126,-1036
-31,142,-1202
62,44,-1229
-31,3,-1122
54,66,-970
40,-62,-895
56,-80,-817
-76,-31,-853
-21,117,-1022
-29,191,-1198
58,40,-1221
-54,7,-1112
9,35,-987
15,-31,-903
19,-76,-821
-89,0,-864
-44,78,-1016
-68,187,-1190
42,42,-1243
-62,3,-1147
11,81,-1001
23,-42,-913
68,-93,-823
-83,-33,-845
-39,78,-987
-64,197,-1159
39,46,-1251
-52,0,-1143
5,68,-995
13,-23,-913
39,-74,-819
-91,-35,-829
-62,64,-985
-68,197,-1165
29,70,-1251
-46,5,-1153
-3,64,-1013
40,-23,-921
58,-93,-833
-62,-44,-833
-50,58,-948
-72,179,-1136
27,62,-1231
-15,3,-1171
9,40,-1020
37,1,-915
56,-70,-831
-54,-62,-819
-46,35,-938
-74,210,-1141
31,99,-1239
-5,29,-1190
0,13,-1020
44,-19,-938
54,-80,-851
-39,-39,-800
-40,19,-925
-64,181,-1124
31,72,-1223
15,13,-1184
-7,37,-1030
42,5,-925
35,-70,-851
-39,-66,-810
-60,-3,-909
-78,204,-1098
-7,113,-1225
15,23,-1216
-27,29,-1067
58,17,-946
37,-48,-862
-19,-56,-827
-54,1,-913
-56,169,-1098
11,122,-1239
39,23,-1204
-25,35,-1073
40,0,-958
23,-54,-866
-11,-66,-812
-62,-5,-884
-56,173,-1056
-33,130,-1202
29,29,-1225
-42,13,-1095
31,27,-970
13,-39,-882
19,-68,-815
-74,-19,-894
-33,142,-1054
-21,148,-1220
50,46,-1239
-48,19,-1077
42,0,-960
13,-42,-884
29,-70,-796
-64,-15,-876
-33,130,-1026
-33,140,-1206
56,46,-1221
9,23,-1114
105,21,-968
111,9,-903
171,-99,-815
9,-46,-888
138,122,-979
201,156,-1200
232,142,-1260
240,-40,-1114
349,5,-987
365,-21,-931
448,-19,-812
284,-70,-843
372,74,-983
419,128,-1202
464,185,-1239
427,-25,-1081
486,-15,-989
527,-9,-954
493,-25,-835
300,-54,-815
423,31,-952
437,163,-1202
437,203,-1241
322,-3,-1120
435,-44,-977
470,-25,-966
425,-9,-843
263,-37,-771
310,-1,-925
302,101,-1184
372,222,-1235
218,35,-1106
236,-35,-977
343,-52,-987
242,-9,-868
89,-35,-780
99,58,-913
154,76,-1190
154,183,-1255
68,21,-1095
95,15,-1028
173,13,-1001
132,-74,-864
-68,-44,-782
-1,-3,-897
17,162,-1163
7,109,-1251
13,42,-1118
0,5,-1056
83,19,-997
46,-99,-864
-83,-23,-784
-60,-5,-903
-29,177,-1139
-29,136,-1229
1,-15,-1167
-3,80,-1059
113,9,-1005
-11,-85,-886
-50,-76,-788
-46,19,-907
-37,160,-1130
-25,150,-1202
9,-35,-1179
-33,64,-1077
85,-19,-979
1,-56,-862
-44,-81,-763
-58,11,-884
-40,162,-1073
-9,167,-1184
54,39,-1218
15,52,-1126
158,27,-1015
89,-76,-878
72,-101,-765
60,-17,-886
107,146,-1059
119,160,-1186
183,39,-1221
130,21,-1130
212,19,-983
148,-31,-862
117,-44,-765
66,-37,-884
78,115,-1048
89,140,-1192
105,74,-1225
70,-17,-1143
128,3,-983
37,-37,-858
29,-29,-788
-27,3,-892
-11,95,-1059
-23,158,-1179
3,39,-1214
-27,-19,-1116
-23,-1,-977
-23,-39,-886
-19,-56,-823
-89,-21,-901
-74,87,-1020
-52,130,-1159
-23,117,-1221
-46,1,-1134
-52,44,-981
-44,-48,-897
-5,-48,-849
-111,-1,-907
-66,72,-1005
-64,134,-1173
19,64,-1214
-33,0,-1118
-23,35,-1007
-3,-19,-927
29,-54,-835
-80,-29,-884
-31,70,-974
-54,140,-1112
25,115,-1204
1,0,-1114
-1,19,-1007
31,-13,-933
99,-58,-851
-78,-31,-851
-54,56,-938
-33,142,-1116
39,117,-1229
-3,7,-1157
-13,46,-1028
81,0,-933
80,-80,-858
-74,-46,-835
-35,46,-913
-27,146,-1102
58,105,-1225
27,-21,-1163
-25,56,-1022
54,-35,-940
7,-44,-856
-64,-60,-851
-68,54,-907
-40,138,-1108
0,130,-1239
19,-5,-1190
-68,33,-1042
42,-31,-931
54,-66,-870
-56,-40,-837
-33,29,-919
-15,138,-1110
56,122,-1218
9,25,-1190
-5,9,-1030
76,-17,-933
33,-35,-890
-31,-42,-841
-44,15,-913
-31,138,-1093
17,142,-1194
60,15,-1208
-48,7,-1050
68,-25,-936
39,-56,-919
-44,-23,-843
-33,0,-905
-48,150,-1063
-3,103,-1208
1,19,-1188
-54,9,-1061
37,-3,-960
-13,-25,-892
-48,-40,-841
-58,3,-892
-56,132,-1036
-25,134,-1175
-5,56,-1206
-60,-11,-1077
33,39,-981
0,-50,-931
-33,-40,-854
-56,-13,-894
-27,119,-1044
-3,105,-1161
-1,50,-1210
-21,-3,-1093
54,3,-981
23,-13,-915
17,-70,-825
-64,-13,-880
-11,89,-997
-31,142,-1169
17,44,-1212
-50,-5,-1112
-3,17,-1003
23,5,-940
7,-60,-839
-74,-25,-886
-31,80,-993
-39,117,-1165
-1,103,-1208
-13,-31,-1122
3,21,-1005
39,-39,-917
50,-60,-823
-66,-39,-866
-52,83,-977
-21,134,-1126
-19,99,-1233
-3,-23,-1141
-46,29,-1022
31,-11,-921
0,-50,-843
-76,-37,-866
-29,70,-970
-46,132,-1124
19,128,-1221
40,-37,-1157
-3,27,-1005
74,-11,-919
54,-35,-851
-50,-58,-866
-37,46,-942
-25,160,-1116
13,113,-1202
-1,5,-1155
-48,21,-1026
40,-19,-938
-7,-44,-853
-74,-54,-858
-62,87,-931
-60,121,-1106
-5,136,-1208
-5,-19,-1167
-33,33,-1030
54,-33,-938
7,-19,-895
-62,-50,-847
-35,25,-940
-52,126,-1085
11,97,-1175
29,29,-1169
-23,19,-1048
62,5,-936
9,-46,-901
-46,-44,-841
-33,5,-909
-50,146,-1069
27,142,-1179
37,15,-1208
-9,-7,-1075
80,-3,-974
68,-19,-907
7,-39,-854
-40,-1,-911
0,83,-1046
39,138,-1186
33,64,-1194
-5,-31,-1063
-7,35,-970
54,-21,-907
-46,-27,-854
-72,3,-895
-60,91,-1016
-42,126,-1159
-33,80,-1196
-50,-5,-1106
-40,44,-989
-11,-44,-927
-40,-44,-831
-76,-35,-882
-68,142,-1022
-29,134,-1171
-7,83,-1206
-66,-44,-1120
-21,33,-979
19,-25,-921
0,-31,-841
-56,-37,-905
-46,121,-993
-17,113,-1139
-11,109,-1206
1,-15,-1132
9,31,-989
37,-1,-929
33,-58,-849
-54,-33,-876
-56,89,-987
-11,128,-1151
17,105,-1218
-11,-42,-1120
-17,50,-997
37,-44,-925
21,-33,-825
-68,-42,-874
-56,89,-972
-29,122,-1102
-5,130,-1198
-7,-23,-1138
-68,23,-995
3,-19,-936
-33,-39,-868
-66,-40,-895
-101,89,-985
-115,107,-1102
-89,109,-1184
-87,-23,-1149
-134,70,-1030
-99,-37,-931
-138,-62,-874
-238,-46,-864
-281,56,-944
-310,156,-1071
-232,52,-1177
-267,0,-1139
-335,40,-1032
-249,13,-946
-304,-85,-899
-376,-44,-882
-353,105,-935
-357,165,-1067
-298,44,-1184
-267,-31,-1182
-359,117,-1056
-234,-7,-954
-257,-40,-921
-333,-146,-864
-335,93,-929
-347,197,-1056
-304,58,-1186
-390,-42,-1186
-542,33,-1095
-493,103,-917
-564,-89,-938
-554,-99,-870
-634,54,-938
-579,212,-1015
-517,72,-1175
-470,-42,-1179
-433,58,-1028
-431,76,-942
-140,-103,-892
-290,-68,-917
-214,48,-890
-261,181,-991
-97,50,-1180
-148,-21,-1239
-56,17,-1126
-68,136,-1005
0,-39,-933
-64,-64,-874
-103,-29,-915
-160,214,-977
-74,80,-1177
-99,13,-1218
-130,-52,-1106
130,142,-923
56,3,-1009
95,-54,-845
312,-105,-853
199,191,-921
337,66,-1110
308,177,-1192
279,-140,-1089
245,124,-999
267,-80,-989
193,-5,-933
115,-52,-835
35,148,-925
52,81,-1165
-33,99,-1243
42,15,-1139
-9,50,-979
60,-46,-946
-56,-25,-819
-54,-48,-831
-144,109,-921
-56,15,-1136
-107,156,-1225
-70,-33,-1151
-140,89,-1011
-52,-54,-962
-76,-33,-849
-136,-72,-854
-175,140,-936
-122,99,-1118
-91,146,-1239
-95,-46,-1161
-132,78,-1059
-54,-52,-944
-117,0,-862
-158,-70,-882
-201,117,-989
-124,107,-1147
-95,126,-1253
-72,-23,-1184
-107,40,-1024
11,-17,-917
-11,-31,-872
-74,-85,-841
-117,54,-923
-85,85,-1095
-33,91,-1188
-46,19,-1149
-83,70,-1032
11,39,-940
27,-25,-919
-48,-60,-886
-68,33,-944
-29,160,-1095
52,81,-1196
15,48,-1122
21,-5,-1022
107,3,-921
126,-56,-882
7,-46,-872
-17,35,-929
-21,158,-1038
99,80,-1177
9,27,-1145
74,-3,-1030
44,81,-940
105,-40,-927
-7,-70,-890
-44,7,-948
-52,158,-1040
76,89,-1177
17,64,-1169
9,-31,-1077
19,72,-952
138,-31,-919
-17,-48,-884
-15,-44,-936
-7,136,-1022
76,78,-1177
-15,105,-1184
25,-64,-1061
7,89,-962
11,-37,-923
-44,-46,-864
-42,-29,-915
-138,169,-1015
-15,89,-1157
-46,121,-1198
-50,-44,-1102
-56,81,-993
46,-42,-931
-66,-39,-866
-62,-62,-901
-87,115,-989
17,93,-1143
-44,148,-1196
-13,-66,-1124
-37,121,-972
70,-50,-911
-60,-13,-845
-60,-66,-890
-91,169,-985
-11,76,-1153
-70,136,-1200
-21,-54,-1124
-42,117,-974
89,-35,-956
-13,-39,-895
-33,-81,-899
-85,124,-985
1,99,-1136
-29,134,-1182
11,-81,-1112
-15,80,-981
113,-48,-919
29,-23,-890
-31,-74,-892
-72,101,-985
-9,107,-1139
-15,138,-1200
7,-54,-1122
-46,80,-989
89,-15,-933
39,-29,-909
-42,-70,-911
-62,91,-991
-21,105,-1120
-3,132,-1180
25,-54,-1102
-23,46,-999
95,3,-917
60,-42,-903
-33,-62,-897
-66,62,-972
-48,134,-1087
-3,119,-1186
-3,-17,-1132
-37,42,-1009
56,39,-925
56,-62,-903
-46,-40,-901
-74,35,-966
-44,162,-1098
7,105,-1182
-19,-19,-1132
-3,13,-1018
40,46,-913
89,-46,-923
-56,-50,-897
-72,11,-954
-60,154,-1057
-5,126,-1167
-27,13,-1136
-33,7,-1050
-7,60,-923
72,-54,-927
-68,-48,-888
-60,7,-956
-78,156,-1065
5,99,-1184
-33,15,-1161
-37,9,-1030
13,52,-936
101,-44,-911
-46,-40,-868
-54,-29,-950
-68,171,-1038
7,81,-1157
-50,72,-1149
-11,-19,-1034
3,85,-931
105,-48,-921
-31,-44,-886
-31,-44,-933
-89,177,-1030
29,81,-1173
-42,68,-1188
0,-42,-1071
-1,101,-946
124,-64,-919
-23,-48,-872
-35,-68,-921
-72,163,-1032
0,95,-1155
-42,81,-1165
-17,-60,-1054
-42,111,-940
87,-39,-952
-52,-48,-903
-19,-80,-935
-83,152,-1013
37,144,-1157
-11,113,-1184
23,-105,-1091
-78,105,-997
-163,-19,-970
-601,7,-858
-566,-195,-901
-521,126,-935
-823,206,-1255
-724,89,-1132
-966,-121,-1120
-970,97,-960
-1136,85,-931
-1237,52,-778
-1243,-388,-815
-1259,70,-979
-1153,357,-1106
-1220,179,-1188
-1118,-273,-1122
-1200,-117,-1087
-1098,327,-946
-1221,-44,-909
-1126,-281,-882
-1079,-31,-1059
-1013,415,-1202
-1061,177,-1208
-909,-210,-1180
-835,-156,-1085
-909,329,-960
-858,-3,-780
-851,-228,-843
-675,-162,-1056
-870,413,-1153
-745,226,-1132
-827,-154,-1188
-733,-230,-1089
-880,302,-966
-1069,173,-802
-1042,-322,-827
-1067,-242,-1052
-1206,306,-1075
-1354,351,-1104
-1110,-152,-1034
-1116,-361,-1108
-1292,269,-925
-1438,249,-751
-1216,-255,-732
-1112,-400,-1046
-1290,443,-1132
-1399,515,-1112
-1233,-283,-1098
-919,-458,-1173
-1210,419,-1073
-1339,203,-780
-1251,-203,-849
-884,-546,-1052
-1233,663,-1208
-1112,273,-1028
-1085,-33,-1134
-772,-585,-1192
-1030,392,-1073
-1124,222,-772
-1022,-300,-751
-972,-361,-1141
-1188,361,-1198
-1395,447,-1040
-1069,-124,-1134
-938,-417,-1200
-1499,238,-1192
-1522,359,-585
-1221,-269,-802
-1307,-259,-1108
-1241,56,-1089
-1436,577,-997
-1249,-165,-1138
-960,-372,-1182
-923,177,-1005
-1337,353,-843
-1044,-253,-858
-659,-286,-1003
-749,325,-1108
-1015,365,-1104
-683,-74,-1079
-228,-314,-1180
-583,357,-1143
-528,40,-837
-425,-175,-788
-95,-372,-970
-64,464,-1048
80,343,-895
23,-107,-1235
242,-76,-1266
290,-44,-1124
240,347,-812
304,-193,-704
189,-70,-985
7,-85,-1034
386,308,-1013
105,78,-1220
899,-76,-1259
427,167,-1087
624,-119,-886
1382,308,-433
1339,-406,-903
1520,89,-755
1216,-81,-1188
1040,657,-1426
1307,-115,-1321
1300,54,-1077
1405,-337,-929
1124,83,-765
1177,48,-882
993,154,-1030
1071,-62,-1124
755,489,-1346
1149,-62,-1052
997,-232,-886
977,220,-798
974,-152,-753
724,218,-759
817,-306,-870
681,271,-1223
745,244,-1356
550,191,-1134
616,-115,-1104
837,-185,-927
757,165,-917
650,-62,-712
692,-23,-933
854,162,-1169
993,267,-1130
839,35,-1190
1034,-197,-985
1122,124,-1054
1260,-1,-856
1075,206,-837
1317,-165,-858
1194,117,-1268
1255,212,-1276
1100,193,-1194
1249,-105,-1052
1331,-7,-1093
1268,35,-895
1001,-74,-691
1061,-83,-755
1255,-31,-1102
1087,447,-1212
1009,331,-1073
1024,-267,-1024
1200,-269,-1079
1038,109,-894
880,368,-706
804,-286,-897
1073,0,-1138
970,214,-1233
905,402,-1077
942,-228,-1030
1294,3,-991
1042,64,-911
936,132,-692
1005,-322,-780
1139,95,-1098
1024,302,-1266
944,294,-1118
970,-185,-1073
1128,-64,-1052
950,60,-1007
851,66,-749
702,-83,-858
874,169,-1050
655,142,-1218
601,162,-1024
527,-224,-1108
675,74,-1024
450,5,-977
443,7,-708
284,-124,-845
400,58,-1044
242,132,-1216
206,152,-1165
158,150,-1128
288,-25,-1110
103,-56,-948
89,-230,-698
-27,156,-774
58,-3,-989
-3,199,-1145
-21,122,-1112
25,60,-1120
134,0,-1065
99,-72,-899
95,-9,-681
46,39,-790
124,111,-987
95,5,-1126
91,165,-1130
171,0,-1124
212,76,-1034
204,-9,-841
191,-54,-648
111,-44,-685
193,-46,-882
140,201,-1048
187,197,-1093
197,99,-1069
232,-74,-997
238,-25,-798
183,-80,-589
107,-35,-655
130,21,-839
78,201,-995
111,171,-1013
146,35,-1001
154,-40,-895
146,-48,-689
128,-66,-515
52,-9,-554
85,17,-718
-11,130,-858
89,89,-983
68,23,-962
111,9,-812
85,17,-626
128,-70,-511
9,-31,-509
11,-37,-659
-39,111,-847
85,162,-958
85,101,-977
85,-11,-845
115,-48,-671
109,-99,-544
74,-44,-573
39,50,-704
-3,216,-909
99,124,-1030
103,37,-1061
68,-29,-913
60,-46,-710
87,-64,-609
0,-21,-616
-50,-9,-712
-81,124,-907
1,146,-1057
-3,40,-1089
-5,-21,-923
23,-19,-761
60,-44,-663
1,-23,-636
-50,-15,-718
-35,66,-909
13,163,-1052
35,60,-1061
-21,35,-892
31,-48,-737
31,-46,-634
-33,-39,-587
-74,23,-683
-74,142,-853
-27,183,-993
-11,76,-997
-27,0,-872
9,-52,-714
19,-25,-626
-3,-23,-544
-66,29,-636
-78,136,-802
-44,105,-968
-37,48,-974
-68,44,-829
-29,5,-696
-44,-21,-626
-70,-76,-546
-124,-19,-601
-93,122,-755
-64,150,-940
-21,89,-972
-62,-23,-847
-7,25,-726
23,11,-632
40,-87,-538
-66,-62,-571
-17,128,-722
-19,201,-946
70,99,-993
31,-31,-913
64,-40,-743
68,-31,-638
89,-54,-528
-42,-62,-601
-21,117,-732
-11,154,-946
35,122,-1028
19,-44,-915
15,0,-761
35,11,-650
66,-42,-562
-44,-99,-577
-15,56,-722
-17,162,-936
35,152,-1009
21,-7,-909
68,-31,-763
72,-27,-644
56,-52,-538
-23,-89,-562
-35,66,-698
-44,154,-890
7,177,-997
-1,5,-901
25,-23,-737
19,-21,-624
58,-33,-509
-74,-81,-525
-48,54,-638
-60,175,-858
15,185,-952
-29,-7,-927
-7,-46,-745
0,-19,-620
46,-19,-505
-46,-72,-554
-66,46,-628
-39,124,-835
-15,156,-1005
1,44,-946
0,5,-771
3,7,-653
35,-58,-536
-48,-91,-540
-52,23,-661
-64,150,-911
0,156,-1052
11,74,-979
-42,54,-821
50,0,-667
64,-50,-569
-39,-130,-589
-62,15,-640
-29,152,-866
0,154,-1028
33,68,-968
-42,-3,-831
29,-11,-642
64,-37,-530
-35,-60,-511
-68,9,-564
-66,136,-792
-33,193,-1005
25,33,-948
-35,27,-802
7,-25,-640
42,-56,-532
-13,-122,-491
-66,-9,-546
-66,154,-774
-7,201,-997
37,85,-977
-37,-5,-810
19,-13,-640
29,0,-579
5,-152,-472
-60,-39,-538
-76,163,-774
-19,167,-977
0,66,-977
-48,27,-845
-17,15,-632
54,-7,-525
-27,-113,-499
-76,-93,-558
-64,89,-739
-44,193,-993
27,113,-989
-56,-50,-810
29,1,-634
40,-9,-583
23,-97,-486
-25,-109,-534
-81,89,-749
13,181,-938
19,173,-997
-44,48,-829
23,-60,-669
0,-31,-591
101,-117,-419
-93,-109,-556
-76,124,-720
35,74,-974
-31,245,-985
17,27,-823
15,42,-733
35,-68,-583
128,-142,-486
-99,-42,-583
21,42,-675
-23,191,-935
-17,226,-1020
48,21,-888
-40,44,-769
1,-42,-566
122,-167,-511
-89,-62,-577
-54,165,-587
-44,279,-954
-23,150,-1050
15,-17,-933
-37,-42,-788
62,-66,-616
0,-40,-454
-46,-39,-505
-62,148,-628
-99,234,-948
3,113,-1052
29,-111,-911
-58,25,-726
31,13,-515
46,-37,-480
-113,-5,-509
-29,105,-587
-87,99,-929
-39,91,-1015
33,-83,-890
-60,122,-700
39,62,-528
78,-33,-501
-44,-103,-556
-76,-31,-655
-35,89,-866
-13,179,-962
72,39,-888
-35,27,-767
23,-13,-585
111,-115,-603
-76,-33,-597
-58,0,-614
-68,165,-886
17,187,-974
9,-9,-903
-19,-1,-776
23,-37,-714
107,-3,-603
17,-111,-564
-39,29,-646
-23,130,-813
5,146,-950
-11,-3,-903
-42,-1,-784
31,66,-655
68,-56,-579
-25,-111,-528
-121,19,-544
-78,150,-784
23,111,-890
-7,58,-892
-72,40,-835
0,-42,-651
91,-1,-556
9,-56,-519
-81,17,-552
-44,35,-765
-33,130,-956
15,68,-913
-33,54,-839
-40,148,-685
97,-148,-573
-17,-111,-566
-40,5,-511
-33,101,-784
-87,210,-956
46,81,-950
-39,-23,-936
-31,78,-712
72,-15,-585
-5,-74,-542
-56,-187,-566
-23,89,-761
-37,292,-989
19,109,-962
50,-25,-884
-48,80,-673
109,-83,-585
0,-64,-519
-64,-23,-521
-37,107,-667
-40,52,-938
-1,111,-979
-13,62,-874
-3,115,-675
66,-97,-587
-23,-87,-468
-44,-11,-505
-19,66,-718
-78,216,-966
117,21,-954
-44,40,-942
3,107,-687
48,-35,-634
27,-50,-519
-13,-247,-544
-93,138,-726
-9,318,-866
35,136,-1038
-29,-37,-966
-5,-99,-718
9,177,-610
33,-15,-511
-13,-216,-538
-105,5,-691
-33,195,-933
-3,302,-944
-35,15,-981
48,-113,-737
17,-113,-569
37,72,-505
-13,124,-536
-54,-119,-661
-109,19,-915
70,181,-913
-68,156,-956
-95,95,-696
128,-181,-644
-15,-44,-562
-33,-21,-505
-83,212,-712
-19,-15,-870
33,-27,-1005
-11,183,-958
-39,175,-782
-9,-21,-655
111,-136,-603
-60,-181,-577
-111,210,-648
-40,152,-890
19,-87,-976
11,142,-936
-23,148,-733
39,-29,-644
5,5,-607
33,-245,-534
-89,7,-585
-64,238,-730
60,42,-1020
-46,150,-921
17,-44,-718
0,91,-710
-15,52,-513
152,-251,-544
-124,52,-642
-33,25,-708
33,167,-1020
5,171,-952
78,-54,-790
-15,33,-718
101,39,-568
66,-132,-523
-93,-48,-659
1,122,-724
-21,119,-993
-35,81,-1016
78,40,-833
-35,83,-679
56,-31,-628
13,56,-486
-40,-284,-595
-52,187,-751
-91,255,-942
39,-72,-1032
17,173,-884
3,-15,-657
17,-54,-607
35,3,-482
-25,-177,-591
-117,269,-708
11,-31,-983
-7,158,-1050
-21,171,-878
7,-111,-679
-15,124,-624
70,-175,-525
-35,7,-585
-83,122,-720
-21,9,-966
0,171,-1052
-42,29,-899
-31,17,-655
111,-29,-620
-11,13,-571
-35,-101,-515
-46,62,-728
-122,197,-946
83,80,-993
-13,9,-954
-101,152,-679
99,-78,-628
105,-50,-610
-89,-85,-527
-48,103,-675
-62,206,-936
72,58,-1007
66,5,-936
-27,216,-632
70,-103,-726
99,-56,-554
23,-173,-538
-130,99,-702
-52,242,-833
60,-126,-1077
-42,382,-870
19,-206,-714
-44,58,-708
126,89,-458
-29,-185,-618
-68,87,-603
-54,-58,-870
13,308,-1056
29,70,-894
-46,-54,-728
3,40,-728
31,72,-544
60,-269,-558
-85,13,-648
-29,154,-841
-5,195,-1030
-58,66,-868
74,-40,-798
-85,214,-728
83,-169,-568
44,-212,-569
-101,181,-581
-42,-52,-831
21,226,-1007
33,158,-942
-50,29,-854
-9,-3,-726
111,-48,-583
-25,-105,-519
-76,-74,-583
-62,175,-831
35,177,-1026
76,93,-923
0,-80,-977
-85,140,-650
78,-97,-499
50,-99,-568
-85,56,-542
-58,35,-872
-62,283,-1061
134,-21,-1003
-54,-83,-929
-95,257,-626
150,-193,-581
-64,-46,-587
-42,156,-523
19,3,-925
-158,134,-1056
101,-7,-962
-42,191,-960
56,-31,-700
31,-50,-685
-124,-62,-730
87,-158,-732
-66,105,-1020
-44,181,-1239
109,146,-1216
-21,-160,-1239
-99,253,-950
193,-99,-997
37,-1,-1016
-81,-208,-886
9,39,-1223
-25,437,-1350
195,-138,-1501
-115,117,-1417
58,111,-1013
66,-173,-1190
-68,-87,-1071
124,-300,-1075
-117,435,-1091
-150,64,-1319
177,80,-1745
-54,220,-1460
7,-300,-1237
-78,245,-1138
179,-249,-1073
58,-99,-1180
-160,197,-1167
7,130,-1506
27,386,-1696
76,-201,-1430
-40,-146,-1376
-48,310,-1050
284,-199,-993
-89,95,-1186
21,15,-1139
-122,224,-1464
-60,144,-1586
136,-64,-1303
-148,19,-1352
5,5,-950
83,37,-987
-122,50,-989
78,-128,-1040
-93,327,-1231
-81,216,-1110
58,-25,-979
-48,126,-872
148,-3,-609
66,-56,-568
-144,-70,-452
-25,31,-439
-111,122,-794
7,173,-825
-50,44,-702
-74,-85,-726
35,33,-591
142,-37,-497
-54,-46,-521
-48,-56,-571
23,109,-907
11,228,-1177
134,56,-1081
-40,17,-1132
138,58,-938
224,-199,-907
-68,-169,-954
1,208,-819
-31,66,-1233
-1,19,-1542
109,9,-1356
-222,124,-1292
101,-117,-1036
17,-245,-1106
-111,-107,-1011
-105,-68,-827
-167,130,-1366
81,54,-1528
-17,7,-1446
-171,25,-1300
31,109,-997
97,-81,-1138
-11,-115,-936
-25,-249,-1003
-89,165,-1296
83,269,-1393
17,-29,-1600
-33,136,-1262
-15,52,-1071
9,-39,-1071
152,-175,-919
-148,101,-1052
-3,60,-1260
-44,284,-1489
17,122,-1520
-40,-97,-1329
-17,50,-1151
56,25,-1028
76,19,-1057
-85,99,-1032
-23,-144,-1360
-99,363,-1497
89,199,-1417
-42,-54,-1499
33,-37,-1198
87,150,-1052
0,-93,-1122
144,-99,-1095
-187,162,-1233
-25,142,-1512
52,99,-1540
15,162,-1450
-25,83,-1259
27,35,-1128
89,-83,-1077
-42,-134,-1114
-68,-54,-1257
-48,279,-1424
23,363,-1577
37,-83,-1504
80,56,-1227
42,-13,-1139
95,-68,-1077
-68,-163,-1122
-54,138,-1175
-11,146,-1380
7,105,-1577
-3,83,-1446
-7,85,-1196
-19,66,-1165
78,-146,-1091
-48,-27,-1011
-93,-64,-1190
-144,165,-1278
35,52,-1526
5,169,-1405
-44,9,-1184
70,5,-1136
15,-3,-999
52,-179,-940
-68,17,-1042
-107,162,-1280
54,146,-1501
-31,117,-1385
39,-210,-1192
-42,126,-1079
87,-126,-936
-25,5,-890
-62,44,-1018
-66,89,-1237
21,163,-1567
-1,-31,-1423
0,-76,-1180
-11,29,-1036
130,35,-935
-7,-60,-968
-27,-15,-1128
-136,126,-1321
99,101,-1544
-5,83,-1504
13,-44,-1280
-46,3,-1063
81,50,-1069
39,54,-1005
-44,-130,-1171
-80,152,-1479
3,107,-1483
74,60,-1532
-80,-21,-1305
31,-7,-1182
37,89,-1081
74,-152,-1061
-60,42,-1194
-54,132,-1428
1,70,-1524
64,-37,-1637
-119,128,-1307
134,-9,-1136
-1,156,-1173
101,-204,-1139
-3,31,-1182
-74,107,-1372
21,11,-1528
-44,99,-1614
13,124,-1325
31,35,-1225
3,74,-1247
109,-232,-1120
-58,25,-1179
-97,126,-1321
48,203,-1561
-33,113,-1592
80,-29,-1446
7,44,-1286
21,5,-1231
146,-68,-1108
-91,-31,-1184
-48,101,-1282
62,216,-1563
3,119,-1600
52,-42,-1434
-78,103,-1284
80,-40,-1210
0,-27,-1122
-40,-154,-1159
-40,99,-1280
-76,173,-1520
44,204,-1506
23,-74,-1491
33,17,-1284
44,-39,-1216
42,97,-1044
-23,-83,-1087
-40,-21,-1292
-5,126,-1440
80,171,-1545
-29,19,-1458
7,39,-1241
66,33,-1165
-23,-39,-1093
3,-126,-1059
-95,35,-1186
72,121,-1421
-27,175,-1608
-15,89,-1385
-31,21,-1239
25,-19,-1149
21,-173,-1081
0,-39,-1061
-107,66,-1163
-37,136,-1354
54,103,-1514
50,31,-1434
-68,121,-1274
117,23,-1093
31,-60,-1007
9,-175,-1046
-78,-5,-1169
-1,222,-1313
-15,50,-1561
46,9,-1397
-37,-46,-1264
48,148,-1114
-29,-74,-1132
87,-99,-985
-76,70,-1114
-56,85,-1344
25,85,-1559
56,-33,-1481
-21,-21,-1272
-40,195,-1139
109,39,-1087
17,-154,-1126
-58,-72,-1173
-31,105,-1286
-44,327,-1545
44,23,-1462
-44,-152,-1389
21,95,-1165
7,-23,-1159
-11,111,-1028
-27,-119,-1180
-70,9,-1374
70,31,-1544
-39,206,-1608
-23,128,-1323
27,66,-1298
-11,-70,-1264
78,-177,-1153
-146,66,-1227
-21,105,-1428
13,81,-1637
-19,165,-1633
0,29,-1497
9,113,-1346
62,31,-1239
44,-204,-1206
-121,-33,-1278
-29,113,-1413
-35,286,-1616
-11,19,-1651
-23,-52,-1481
-33,74,-1266
68,56,-1186
42,-81,-1110
-91,52,-1147
-42,-48,-1348
-68,148,-1567
50,109,-1567
-56,89,-1407
-3,15,-1208
46,76,-1112
52,-130,-1138
-33,-9,-1136
-48,-31,-1286
-35,167,-1510
17,142,-1495
23,115,-1368
-23,62,-1223
105,-70,-1161
17,-74,-1110
19,-13,-1063
-80,68,-1227
-33,197,-1438
42,72,-1493
-1,-15,-1442
-64,42,-1227
64,27,-1171
27,-66,-1102
5,-121,-1075
-97,-3,-1196
-7,175,-1409
23,62,-1542
1,68,-1444
0,74,-1272
27,-23,-1149
50,-121,-1052
-27,-50,-1054
-46,-35,-1186
-29,152,-1450
-21,189,-1536
33,42,-1438
-78,91,-1266
76,-109,-1175
9,-103,-1118
-37,-44,-1050
-66,29,-1153
-78,150,-1426
27,163,-1567
33,3,-1528
-54,39,-1305
7,-15,-1167
37,-72,-1128
0,-50,-1097
-42,-5,-1212
-74,150,-1462
33,119,-1627
-29,64,-1583
-13,56,-1409
29,3,-1241
13,-62,-1186
9,-42,-1116
-46,-5,-1280
-64,130,-1506
29,91,-1651
23,78,-1647
-66,119,-1372
70,42,-1243
17,-68,-1190
58,-50,-1097
-52,13,-1223
-48,136,-1430
0,124,-1577
1,21,-1571
-13,62,-1342
27,17,-1177
23,-9,-1128
40,-39,-1054
-105,-7,-1182
-21,44,-1372
-1,160,-1569
40,140,-1530
-44,44,-1319
3,-13,-1167
95,-35,-1143
40,-19,-1085
-74,19,-1163
-21,35,-1339
-23,93,-1510
39,101,-1520
-56,122,-1358
5,-1,-1202
15,-54,-1139
42,-80,-1097
-68,0,-1159
-72,50,-1333
-35,119,-1534
1,54,-1567
-9,54,-1411
-50,17,-1255
40,-19,-1180
40,-85,-1108
-70,-42,-1167
-46,29,-1305
-40,162,-1545
13,124,-1547
-23,-40,-1434
-46,15,-1235
56,-23,-1163
33,-31,-1126
-52,-48,-1138
-44,-19,-1303
-50,124,-1485
27,128,-1547
-11,50,-1426
-29,17,-1235
54,-54,-1157
58,-21,-1102
-54,-48,-1130
-46,-3,-1264
-33,99,-1489
19,111,-1569
9,99,-1434
-25,40,-1266
54,-27,-1155
50,-42,-1134
-23,-31,-1132
-46,-7,-1268
-62,142,-1464
54,136,-1559
-7,72,-1479
-21,-13,-1284
27,-29,-1165
33,-39,-1167
0,-19,-1130
-58,0,-1276
-58,152,-1432
46,95,-1575
-13,109,-1483
-39,33,-1301
21,15,-1184
68,-54,-1139
-13,-42,-1102
-58,-31,-1223
-54,119,-1426
17,124,-1590
11,109,-1522
-66,44,-1305
13,-1,-1190
37,-31,-1169
11,-50,-1130
-68,-40,-1247
-85,130,-1432
25,140,-1579
-3,126,-1536
-42,17,-1339
-9,-29,-1214
33,-11,-1151
29,-76,-1114
-85,-37,-1237
-68,85,-1382
-1,169,-1588
0,134,-1522
-46,-35,-1335
9,-35,-1212
29,-27,-1163
23,-35,-1097
-76,-21,-1202
-52,101,-1356
-23,95,-1530
42,107,-1504
0,5,-1319
21,39,-1165
85,1,-1083
107,-44,-1061
-7,-54,-1110
-1,29,-1274
29,187,-1442
97,68,-1465
-39,37,-1259
156,5,-1102
158,54,-1114
486,-107,-979
269,-60,-1130
162,93,-1262
667,154,-1300
609,341,-1430
741,-181,-1241
712,35,-1190
1069,-9,-1011
886,44,-1044
753,-99,-1081
1009,-37,-1145
919,298,-1387
899,132,-1436
868,31,-1348
1130,-122,-1093
919,195,-1110
999,-23,-923
851,-171,-1003
1044,-169,-1067
862,368,-1352
890,292,-1380
860,-27,-1290
1046,-216,-1110
919,109,-1065
915,152,-944
788,-195,-962
911,-62,-1040
851,277,-1311
829,337,-1374
776,-99,-1298
999,-165,-1063
882,124,-1009
929,238,-847
851,-267,-907
1069,-136,-1001
976,279,-1294
1042,349,-1329
1024,74,-1245
1284,-210,-1059
1093,158,-1036
1128,132,-878
1005,-187,-782
1134,-197,-991
1013,292,-1282
976,302,-1301
817,97,-1145
933,-263,-1067
876,60,-936
771,160,-862
638,-78,-753
786,-267,-927
540,331,-1180
636,220,-1257
640,134,-1196
581,-296,-1097
421,187,-999
394,111,-831
242,-134,-798
134,-351,-1011
89,242,-1167
126,503,-1296
50,23,-1257
-35,-234,-1175
-46,9,-983
5,99,-853
-101,-117,-839
-171,-119,-1022
-152,244,-1161
-187,105,-1292
-121,222,-1323
-179,-214,-1278
-80,160,-1015
-99,-130,-888
-48,50,-856
-675,-48,-1122
-372,-169,-1005
-331,310,-1264
-277,81,-1173
-999,136,-1423
-849,-275,-1149
-1409,165,-917
-1327,-91,-884
-1290,58,-897
-1255,-226,-1151
-1266,144,-1221
-1485,322,-1464
-1093,99,-1141
-1262,-126,-1171
-1018,-156,-929
-1241,136,-845
-1077,3,-892
-1085,-121,-1128
-895,1,-1284
-870,409,-1370
-897,119,-1354
-802,-162,-1054
-819,-128,-968
-646,113,-751
-862,33,-911
-706,-74,-946
-614,9,-1245
-519,277,-1317
-612,167,-1294
-517,-105,-993
-517,-150,-901
-542,25,-790
-622,138,-817
-694,-17,-981
-626,-54,-1194
-687,185,-1370
-679,42,-1221
-923,5,-942
-720,-138,-767
-776,17,-765
-853,-50,-796
-942,-44,-878
-808,-13,-1192
-769,263,-1325
-835,64,-1262
-784,7,-909
-638,7,-907
-538,-23,-829
-603,-99,-872
-542,44,-935
-460,40,-1262
-347,195,-1362
-244,-5,-1262
-269,31,-981
-101,-46,-921
-5,-70,-858
-101,-64,-851
-68,19,-931
-44,181,-1227
11,140,-1376
-35,50,-1255
-66,-15,-1026
-37,-44,-950
-19,-58,-837
-138,-50,-786
-144,89,-886
-87,39,-1188
-54,177,-1311
-48,15,-1206
-85,-33,-972
21,-17,-882
52,-13,-821
-64,-44,-733
-103,0,-860
-44,117,-1171
-83,103,-1342
-152,136,-1204
-195,-44,-1046
-134,21,-944
-193,21,-829
-238,-40,-757
-357,-31,-890
-267,128,-1163
-232,199,-1307
-204,78,-1227
-245,-48,-1057
-140,40,-968
-103,-54,-880
-173,-56,-821
-165,-21,-946
-119,140,-1204
-97,181,-1317
-78,95,-1264
-76,-25,-1122
-42,-9,-1009
-39,-11,-890
-62,-52,-802
-78,-13,-936
-72,40,-1136
-66,138,-1257
-52,97,-1278
-66,-1,-1177
-64,0,-1036
-66,-21,-882
-58,-58,-827
-89,25,-929
-68,56,-1106
-52,128,-1268
-25,119,-1278
9,-23,-1151
0,21,-956
11,-15,-823
0,-70,-780
-66,-11,-853
-56,56,-1030
-62,179,-1206
-21,115,-1257
-9,1,-1149
-17,64,-954
62,-27,-806
103,-68,-763
58,-40,-827
58,35,-966
111,181,-1159
210,89,-1247
169,-9,-1147
146,21,-927
185,-19,-831
171,-56,-808
103,-46,-841
25,76,-964
-5,138,-1204
83,128,-1296
7,-9,-1212
-68,-3,-983
-21,17,-835
-15,-81,-815
-111,-42,-837
-113,7,-940
-119,175,-1200
-60,138,-1321
-40,-15,-1249
-80,15,-1030
-23,-5,-888
-7,-54,-835
-44,-56,-841
-85,27,-979
-62,138,-1198
-11,162,-1331
-29,-13,-1239
-87,21,-1018
-39,19,-872
-27,-40,-823
-95,-56,-819
-140,37,-944
-93,162,-1163
-37,171,-1309
-31,15,-1253
-62,33,-1024
-15,-7,-870
0,-48,-813
-37,-68,-815
-101,25,-913
-56,130,-1128
-29,165,-1282
-15,-21,-1249
-80,27,-1022
-9,21,-866
-9,-70,-817
-35,-72,-800
-76,3,-892
-68,152,-1114
-17,167,-1276
1,-17,-1260
-56,15,-1079
9,37,-880
46,-27,-849
17,-62,-796
-42,-31,-899
-39,163,-1095
0,162,-1274
66,-3,-1268
-19,-13,-1108
11,23,-907
44,-35,-839
11,-54,-790
-66,-46,-884
-66,132,-1079
-9,171,-1259
40,0,-1280
-37,0,-1089
0,29,-905
50,-31,-839
48,-60,-794
-50,-48,-868
-33,101,-1067
-11,179,-1239
52,46,-1284
1,-7,-1120
1,39,-923
78,-29,-839
35,-56,-774
-48,-44,-851
-50,95,-1038
1,177,-1235
35,40,-1286
-23,-13,-1110
-23,25,-929
50,-17,-841
21,-44,-774
-37,-44,-864
-54,107,-1038
-40,191,-1233
27,48,-1282
-29,-5,-1145
-27,21,-936
29,1,-847
25,-64,-798
-58,-46,-858
-74,76,-1013
-37,177,-1202
-19,66,-1274
0,-7,-1167
-40,31,-958
42,-9,-858
17,-33,-792
-29,-64,-854
-60,91,-999
-21,169,-1214
9,111,-1282
11,-15,-1179
-54,25,-966
42,-19,-866
25,-27,-798
-25,-64,-843
-62,66,-987
-50,156,-1167
19,111,-1276
23,-15,-1188
-33,44,-993
66,-7,-868
21,-39,-813
-13,-70,-827
-62,39,-940
-33,191,-1153
0,122,-1276
25,-15,-1210
-54,23,-1011
40,-17,-892
52,-5,-810
-19,-68,-815
-48,5,-946
-58,169,-1145
25,115,-1276
31,21,-1239
-35,3,-1024
21,0,-878
33,-27,-829
-11,-48,-806
-58,-21,-931
-66,169,-1126
-21,111,-1270
13,40,-1257
-52,-15,-1054
11,9,-901
23,-5,-833
-13,-58,-786
-56,-23,-917
-56,146,-1112
1,142,-1290
7,37,-1262
-44,-5,-1057
29,5,-843
-21,-60,-794
-52,-21,-923
-58,142,-1079
-19,115,-1251
-5,70,-1262
-42,-9,-1071
-11,15,-923
19,1,-837
17,-80,-792
-64,-42,-890
-66,136,-1054
-25,142,-1255
9,72,-1286
-33,-17,-1093
-13,5,-944
33,-5,-837
19,-68,-772
-72,-29,-870
-58,99,-1042
-39,150,-1243
3,81,-1284
-7,-13,-1104
-29,29,-933
40,5,-845
33,-78,-782
-56,-33,-872
-58,95,-1016
-13,142,-1231
11,99,-1284
1,-23,-1143
-33,21,-956
50,1,-847
42,-62,-782
-46,-44,-866
-48,70,-1003
-29,140,-1235
17,121,-1286
15,-15,-1136
-35,15,-964
54,-5,-860
48,-56,-800
-56,-54,-847
-66,81,-987
-35,146,-1200
-1,128,-1284
9,-25,-1169
-48,15,-979
42,25,-858
37,-60,-794
-40,-58,-847
-54,39,-972
-40,148,-1196
9,152,-1274
7,-15,-1182
-46,3,-991
31,-5,-870
17,-37,-796
-33,-58,-819
-72,60,-960
-46,126,-1179
-1,124,-1278
11,0,-1196
-48,13,-1009
25,42,-864
35,-54,-817
-29,-60,-827
-56,19,-952
-40,146,-1159
-1,152,-1260
33,1,-1216
-46,9,-1032
46,7,-886
3,-19,-813
0,-66,-810
-68,27,-931
-54,93,-1141
-9,163,-1268
23,9,-1221
-60,11,-1034
27,25,-886
31,-39,-835
-13,-58,-796
-56,-5,-940
-60,130,-1122
-7,138,-1260
7,29,-1239
-31,-17,-1057
0,60,-890
31,-35,-823
13,-72,-802
-66,-13,-903
-54,113,-1098
-7,167,-1260
13,46,-1262
-39,-17,-1059
-21,27,-913
39,-9,-835
13,-78,-796
-64,-9,-894
-62,91,-1077
-15,158,-1266
7,37,-1257
-19,-27,-1081
-11,56,-903
39,-11,-843
23,-80,-804
-66,-29,-895
-62,89,-1054
-13,167,-1245
5,74,-1262
-13,-31,-1095
-27,37,-940
33,-13,-829
5,-64,-798
-72,-19,-878
-42,70,-1042
-35,169,-1245
7,74,-1260
-7,-21,-1104
-40,70,-936
52,-25,-870
21,-74,-798
-56,-25,-866
-50,76,-1030
-42,169,-1216
-3,93,-1251
11,-40,-1136
-52,50,-962
54,-11,-839
13,-62,-808
-54,-31,-868
-58,39,-997
-50,181,-1218
13,107,-1266
27,-21,-1157
-44,56,-976
80,-31,-858
56,-42,-806
-3,-35,-856
-19,48,-972
3,179,-1196
113,74,-1257
140,13,-1169
70,25,-974
185,-5,-866
257,-68,-821
208,-23,-862
163,54,-958
267,103,-1173
341,111,-1268
374,19,-1223
335,101,-977
445,-87,-874
484,-50,-825
437,-23,-853
368,111,-944
384,85,-1151
534,40,-1264
505,89,-1233
386,95,-979
458,-39,-839
536,-115,-868
427,9,-841
302,97,-913
314,93,-1083
439,13,-1260
417,109,-1251
261,103,-995
312,-50,-851
392,-111,-831
324,-23,-880
179,152,-886
189,35,-1057
232,85,-1259
279,9,-1290
126,183,-1013
156,-76,-849
203,-46,-872
189,-68,-858
-5,91,-890
-13,101,-1056
113,83,-1274
146,81,-1292
-27,40,-1032
1,21,-862
132,-46,-874
89,-56,-862
-66,21,-903
-19,81,-1020
9,144,-1272
89,13,-1325
-29,58,-1073
-3,-5,-870
68,-29,-878
93,-81,-854
-48,-15,-882
-66,128,-1024
56,113,-1260
103,66,-1303
-44,15,-1075
-5,15,-888
76,15,-862
99,-89,-849
-72,-5,-880
-64,72,-997
17,140,-1237
58,97,-1303
-56,-1,-1106
-54,15,-913
56,-21,-878
60,-72,-827
-93,-31,-821
-48,44,-946
17,181,-1227
111,109,-1303
7,21,-1132
19,44,-940
210,-25,-874
152,-74,-815
33,-19,-817
95,31,-987
162,134,-1262
171,85,-1290
130,0,-1134
80,39,-936
222,-17,-874
138,-39,-825
0,-25,-810
46,39,-962
70,132,-1229
93,91,-1282
42,3,-1122
-9,-1,-950
146,-33,-847
40,-70,-843
-72,21,-841
-44,39,-976
-21,156,-1227
1,117,-1270
-42,3,-1120
-81,13,-944
21,-37,-870
-21,-39,-833
-93,-40,-862
-85,1,-983
-62,128,-1182
-39,117,-1257
-44,21,-1165
-78,21,-981
9,-5,-884
-9,-23,-843
-87,-31,-862
-56,9,-983
-60,152,-1177
1,134,-1241
-33,-27,-1165
-39,13,-997
35,-7,-892
17,-35,-843
-62,-29,-833
-17,9,-964
-7,154,-1163
44,109,-1237
27,25,-1180
7,17,-1013
64,-17,-905
78,-31,-862
0,-48,-841
-9,11,-938
-21,122,-1114
52,122,-1202
31,0,-1210
-31,64,-1042
50,-5,-905
52,-13,-853
-15,-50,-819
-37,0,-958
-31,119,-1087
62,93,-1220
-21,42,-1223
-5,-9,-1036
11,-3,-913
52,-11,-880
-39,-29,-823
-56,0,-940
-52,117,-1085
15,111,-1188
-17,58,-1221
-31,-13,-1065
-21,5,-936
11,-35,-876
7,-54,-843
-64,5,-923
-68,89,-1071
11,115,-1198
13,66,-1241
-17,7,-1085
-33,11,-936
29,3,-886
3,-48,-833
-56,-7,-915
-54,85,-1044
19,103,-1200
1,103,-1216
9,-15,-1108
-60,56,-927
19,-40,-903
3,-42,-839
-68,-27,-901
-72,93,-1011
-21,121,-1175
-15,101,-1237
-13,-31,-1106
-74,39,-968
54,-33,-886
5,-35,-812
-64,-31,-870
-48,60,-1003
-3,107,-1173
17,119,-1231
17,-17,-1124
-66,44,-981
109,-15,-872
27,-40,-841
-44,-15,-884
-19,40,-979
-1,117,-1167
29,83,-1241
66,5,-1136
-40,40,-987
89,-13,-878
42,-66,-853
-50,-33,-895
-44,37,-966
-17,146,-1165
5,121,-1223
-7,-35,-1161
-72,35,-977
56,-37,-897
5,-21,-841
-64,-42,-858
-42,35,-960
-25,136,-1157
3,126,-1227
0,9,-1171
-46,9,-1003
46,-1,-903
21,-37,-876
-52,-35,-864
-31,3,-976
-48,115,-1112
-27,95,-1206
3,17,-1175
-52,9,-1020
44,-31,-901
5,-1,-864
-19,-40,-853
-50,1,-952
-33,117,-1118
27,119,-1204
31,31,-1206
-21,25,-1013
42,-27,-925
21,0,-864
-11,-40,-854
-39,37,-944
-35,83,-1093
-21,122,-1188
9,19,-1214
-52,15,-1044
-13,-15,-913
17,9,-886
-33,-50,-841
-60,-21,-909
-64,83,-1061
-5,124,-1202
-21,89,-1214
-64,-35,-1059
-13,0,-935
15,-15,-888
-13,-19,-837
-66,-19,-927
-60,54,-1054
23,93,-1192
3,109,-1235
-13,-21,-1075
-29,3,-933
93,-3,-884
7,-31,-841
-31,-29,-907
-17,74,-1048
27,126,-1188
19,95,-1225
21,-25,-1085
52,9,-944
105,-13,-874
23,-25,-845
-37,-46,-927
-11,54,-1040
11,138,-1182
3,119,-1239
-7,-25,-1102
-33,-1,-954
62,13,-897
-46,-31,-845
-68,-42,-890
-54,54,-1009
-21,132,-1165
-62,162,-1198
-15,-44,-1104
-78,35,-972
44,-23,-886
-56,-5,-862
-70,-46,-899
-72,80,-995
-35,109,-1151
-52,134,-1200
-1,1,-1124
-72,-11,-997
56,-29,-874
-17,-19,-858
-11,-9,-888
-64,31,-995
1,113,-1116
19,115,-1202
58,11,-1165
-68,29,-997
87,-35,-888
15,9,-890
-40,-40,-874
-68,33,-979
13,99,-1098
7,134,-1198
33,3,-1167
-66,-5,-1007
60,-40,-907
-9,0,-870
-48,-15,-866
-72,5,-942
-25,93,-1077
-17,117,-1196
-17,-9,-1186
-111,3,-1011
-19,-21,-925
-68,27,-897
-93,-56,-892
-165,23,-933
-80,66,-1054
-140,177,-1192
-124,13,-1186
-226,-23,-1042
-154,17,-915
-173,33,-925
-265,-13,-845
-327,-103,-923
-292,121,-1038
-302,154,-1216
-322,128,-1212
-380,-105,-1081
-314,-5,-938
-312,31,-907
-325,33,-819
-333,-121,-915
-341,70,-1046
-286,222,-1192
-271,111,-1235
-288,-130,-1093
-298,-15,-977
-253,117,-895
-333,62,-854
-351,-165,-929
-489,35,-1052
-488,210,-1184
-515,191,-1182
-527,-171,-1110
-589,13,-979
-569,81,-909
-484,52,-774
-558,-115,-911
-568,15,-997
-411,222,-1108
-441,99,-1229
-222,-165,-1095
-308,46,-1013
-93,78,-886
-158,37,-843
-105,-152,-925
-271,46,-1028
-44,162,-1145
-68,173,-1227
-23,-97,-1167
-111,19,-1013
7,25,-901
-81,11,-833
-83,-70,-878
-220,-5,-977
-56,167,-1141
111,154,-1227
208,-37,-1179
-17,11,-1034
269,-13,-872
386,15,-755
345,-60,-831
203,58,-970
325,76,-1141
255,173,-1286
261,-109,-1206
23,101,-1034
255,-35,-866
107,-1,-802
42,-58,-854
-54,40,-981
-9,152,-1141
-33,101,-1210
11,3,-1139
-134,44,-1001
-11,-3,-866
-62,-27,-812
-99,-37,-806
-165,-23,-946
-119,173,-1141
-78,124,-1284
-74,42,-1210
-160,-27,-1003
-44,-21,-901
-74,-11,-843
-99,-40,-837
-167,15,-938
-99,140,-1102
-89,99,-1239
-89,9,-1225
-162,-3,-1044
-119,35,-919
-122,23,-880
-119,-44,-856
-156,-29,-972
-134,171,-1108
-62,89,-1247
-37,31,-1206
-68,-40,-1044
-29,29,-901
13,-7,-866
-48,-52,-858
-66,-40,-929
-85,179,-1061
-19,99,-1227
-29,78,-1208
-64,-31,-1022
-31,31,-935
56,1,-888
7,-35,-851
-25,-52,-935
-33,140,-1067
62,95,-1175
9,76,-1180
44,-48,-1050
-25,46,-927
95,-15,-886
9,-27,-835
-1,-52,-917
-33,132,-1052
87,109,-1179
40,99,-1212
99,-48,-1056
15,56,-935
156,-31,-886
58,-37,-868
27,-58,-911
-44,117,-1040
50,85,-1175
-7,130,-1220
40,-52,-1102
-58,31,-962
101,-27,-907
3,3,-864
1,-66,-911
-89,89,-1009
52,101,-1167
-7,109,-1229
7,-37,-1108
-66,31,-964
66,-19,-890
-60,5,-862
-58,-60,-876
-124,105,-1013
-21,95,-1163
-42,144,-1245
-7,-33,-1118
-101,39,-987
64,-13,-882
-19,-3,-858
-44,-62,-868
-97,54,-987
25,95,-1134
-19,134,-1225
33,-3,-1145
-81,9,-983
85,-7,-866
-5,-29,-858
-56,-48,-872
-101,37,-977
-21,124,-1138
-7,101,-1239
0,-13,-1145
-95,23,-977
74,-9,-874
7,-3,-882
-9,-54,-872
-68,29,-976
5,107,-1118
29,93,-1237
17,37,-1149
-62,-19,-1005
72,7,-895
27,-31,-884
-21,-37,-882
-70,-3,-968
-19,152,-1102
21,66,-1239
-11,42,-1175
-52,-35,-995
54,21,-897
21,-21,-888
-5,-33,-872
-72,3,-964
-27,111,-1104
19,109,-1218
-9,35,-1182
-19,-27,-991
33,33,-901
48,-1,-884
7,-23,-870
-50,-17,-940
-39,138,-1079
11,76,-1188
-31,87,-1186
-23,-35,-1020
11,44,-917
27,-7,-888
-5,-40,-866
-62,-19,-936
-44,124,-1085
1,99,-1198
-19,72,-1192
-42,-37,-1022
-11,40,-936
48,-9,-874
-5,-23,-862
-52,-21,-942
-62,111,-1057
11,66,-1175
-42,111,-1194
-3,-46,-1044
-40,76,-954
72,-33,-897
-15,-23,-868
-44,-29,-938
-78,105,-1034
17,109,-1184
-25,107,-1192
-11,-46,-1063
-46,56,-952
99,-11,-892
11,-27,-858
-31,-39,-915
-68,97,-1036
15,70,-1169
-27,130,-1208
21,-64,-1079
-52,74,-950
89,-25,-884
23,-25,-882
-17,-44,-915
-78,95,-1022
7,83,-1145
-31,121,-1210
33,-56,-1102
-64,46,-966
121,-25,-884
11,-5,-858
-11,-50,-925
-103,76,-1005
-9,78,-1149
-48,138,-1218
17,-35,-1114
-95,25,-964
80,-35,-899
-7,-5,-866
-23,-15,-905
-78,31,-993
13,58,-1122
-355,117,-1262
-138,-80,-1056
-429,130,-942
-359,-154,-866
-730,85,-999
-892,-3,-950
-1253,15,-1003
-1143,-1,-1139
-968,232,-1138
-1239,165,-1104
-1255,-152,-911
-1200,-187,-901
-1065,83,-823
-1421,224,-956
-1341,-70,-915
-1280,-316,-1054
-1145,251,-1286
-1206,351,-1216
-1220,-89,-999
-1083,-245,-921
-995,-19,-1003
-1132,415,-958
-1048,-158,-901
-940,-218,-1083
-892,113,-1294
-870,417,-1190
-938,-11,-1011
-730,-357,-894
-683,-50,-983
-786,312,-903
-962,50,-890
-835,-210,-1052
-673,11,-1350
-948,427,-1266
-1151,-21,-962
-1054,-283,-872
-897,-286,-1005
-1292,523,-876
-1335,50,-696
-1278,-288,-997
-1075,-247,-1325
-1444,636,-1237
-1383,64,-854
-1301,-310,-946
-1218,-175,-964
-1452,425,-833
-1518,115,-774
-1298,-450,-1007
-1225,-37,-1374
-1421,644,-1335
-1391,-64,-956
-1169,-281,-892
-997,-124,-944
-1153,310,-915
-1319,210,-687
-952,-503,-952
-919,81,-1382
-1038,335,-1344
-1245,368,-976
-1155,-554,-921
-903,-204,-1050
-1214,548,-989
-1481,-17,-706
-1364,-226,-999
-964,-210,-1276
-1407,540,-1430
-1495,220,-931
-1208,-517,-929
-1212,-240,-1018
-1284,530,-878
-1583,60,-673
-1383,-343,-948
-1245,-173,-1421
-1229,587,-1339
-1499,187,-1009
-1503,-482,-960
-1266,-64,-1059
-1438,413,-936
-1614,-9,-601
-1342,-327,-925
-1128,-54,-1362
-1551,638,-1325
-1514,-183,-954
-1423,-101,-972
-923,-31,-1059
-1385,306,-792
-1380,-156,-796
-1147,-460,-874
-907,347,-1296
-1069,368,-1239
-1424,23,-1270
-1356,-279,-892
-1216,-136,-1034
-1331,226,-800
-1313,-283,-788
-1253,124,-858
-1366,-27,-1262
-1303,361,-1294
-1184,-212,-1069
-1383,156,-1073
-1288,-128,-843
-1551,-251,-1009
-1194,179,-687
-1368,-130,-1034
-1342,452,-1229
-1491,-251,-1356
-1290,255,-1069
-1259,-195,-977
-1116,111,-995
-1471,80,-905
-1465,-39,-583
-1155,-536,-1020
-1395,593,-1249
-1108,126,-1325
-1608,220,-999
-1260,-528,-1083
-1155,60,-1011
-1358,456,-819
-1694,-44,-794
-1235,-503,-966
-1042,-64,-1247
-1395,970,-1169
-1491,-144,-1382
-1120,-423,-657
-921,-91,-874
-1510,378,-1044
-1288,-89,-837
-1305,-468,-730
-1413,3,-1309
-1247,704,-1522
-1342,46,-968
-1504,-283,-895
-1128,-286,-1020
-1616,544,-897
-1579,70,-812
-1227,-564,-921
-1401,42,-1298
-1376,597,-1065
-1182,255,-1110
-1124,-532,-999
-1032,-31,-977
-1108,378,-772
-1155,-87,-944
-1026,-197,-929
-546,-257,-1210
-1220,692,-1315
-950,-33,-1184
-841,-425,-966
-550,212,-1050
-642,85,-817
-911,214,-735
-579,-277,-831
-450,-249,-1300
-696,417,-1214
-331,111,-1136
-296,-46,-1042
-179,-314,-923
-74,523,-763
-193,-46,-853
-423,-251,-1075
-325,46,-1085
-347,111,-1292
-25,366,-1120
-130,-294,-1145
-31,185,-845
-156,-230,-895
-218,312,-630
-206,-187,-909
-50,101,-995
-374,-40,-1268
-60,394,-1208
-335,-42,-1145
-425,-193,-1007
-429,109,-761
-126,21,-847
-269,-85,-886
-333,-343,-1069
-333,804,-1136
-175,-296,-1337
-171,185,-995
-124,-240,-970
-68,277,-772
-212,-316,-964
-37,-251,-923
-411,281,-972
-130,443,-1153
-292,212,-1331
48,-450,-1145
-392,35,-981
-165,366,-917
-134,66,-806
-212,-212,-806
-105,140,-1034
-78,259,-1067
-193,-81,-1424
-179,-162,-1147
-265,54,-878
-64,150,-919
212,-353,-796
56,-31,-821
-85,122,-1022
-136,443,-1204
-33,-105,-1286
-148,-105,-1138
-122,193,-1048
-115,-368,-843
-74,421,-843
-228,-111,-907
-136,-101,-1018
-111,121,-1145
83,5,-1204
-121,300,-1081
33,-177,-1016
140,318,-728
85,-421,-931
11,263,-817
64,-509,-936
-413,767,-995
165,31,-1352
162,201,-1114
-204,-240,-989
146,-21,-749
23,-162,-970
-124,122,-925
-39,-9,-940
-208,394,-1057
115,-337,-1378
54,-66,-1087
-234,222,-1061
-15,386,-732
-54,-283,-974
185,-201,-858
-40,-117,-1011
-191,478,-1184
314,-48,-1151
97,-3,-1255
212,-3,-843
222,89,-909
521,17,-794
3,-255,-1044
-201,175,-843
286,-121,-1145
-117,429,-1268
548,107,-1040
185,-21,-1192
997,-58,-810
819,105,-831
909,-158,-890
962,486,-753
1182,-548,-1241
1649,376,-1268
1046,-80,-1255
1075,115,-1020
1403,-222,-956
1948,-121,-788
1100,162,-886
1235,-158,-774
1202,76,-1018
1426,571,-1403
772,470,-1231
886,-730,-1198
1368,-33,-552
737,103,-851
1073,366,-685
790,-396,-958
1098,-165,-1038
825,390,-1255
1054,544,-1128
808,-160,-1126
911,-347,-812
948,216,-923
815,304,-753
825,-193,-1067
1036,-281,-1108
983,163,-1264
1098,698,-946
1268,-314,-989
1118,-175,-1015
1139,9,-929
1456,226,-833
1052,-27,-950
1052,-244,-1098
1454,378,-1221
1118,532,-1132
1180,-85,-1204
1784,-447,-1009
1524,216,-812
1155,40,-981
1182,-48,-747
1704,-339,-831
1141,603,-1450
899,577,-1288
1479,-808,-1026
976,271,-1022
1221,169,-960
1247,140,-614
938,-339,-872
940,-19,-1118
1333,230,-1194
1040,829,-1165
1134,-677,-1184
905,-130,-1065
1333,300,-696
1469,279,-527
1155,-396,-847
1385,-212,-1136
1385,378,-1335
1298,792,-1075
1534,-398,-1100
1522,-445,-1022
1389,353,-894
1542,312,-599
1296,-273,-929
1557,-175,-1034
1249,347,-1300
1387,663,-1212
1401,-281,-1087
1290,-509,-878
1323,255,-858
1313,357,-798
1149,-609,-858
1175,-109,-989
1163,774,-1208
1141,210,-1231
1153,-407,-1106
1300,-185,-880
1282,327,-966
1352,128,-831
1237,-351,-843
1460,-255,-880
1124,694,-1309
1022,470,-1274
1372,-710,-1073
1419,5,-913
1512,392,-1040
1136,306,-862
1132,-636,-866
1805,23,-884
1479,673,-1270
1120,488,-1124
1368,-716,-1214
1516,-44,-997
1177,286,-999
1329,201,-687
1493,-454,-819
1266,-121,-1030
1104,687,-1184
1368,581,-1116
1233,-525,-1192
1284,-226,-985
1469,284,-917
1057,201,-909
1323,-462,-747
1366,109,-931
1401,464,-1112
1100,273,-1204
1393,-415,-1075
1491,-122,-1036
1350,327,-981
1141,95,-806
1393,-359,-876
1411,177,-1005
1225,511,-1132
1153,302,-1056
1329,-634,-1157
1471,-46,-1126
1305,386,-987
1165,216,-778
1473,-591,-788
1469,140,-962
1278,560,-1097
1272,325,-1118
1428,-474,-1218
1497,-15,-1081
1346,327,-956
1208,130,-911
1313,-579,-827
1241,76,-958
1098,609,-1057
940,244,-1161
1069,-499,-1167
1059,11,-1114
966,472,-938
849,111,-808
925,-593,-839
927,31,-917
702,687,-1095
624,150,-1104
761,-450,-1173
833,-46,-1159
521,372,-995
669,-3,-792
624,-351,-856
577,91,-987
423,421,-1042
380,160,-1077
407,-232,-1220
474,19,-1169
327,212,-962
382,-78,-806
279,-251,-866
433,97,-921
214,349,-1052
167,160,-1044
245,-117,-1241
400,3,-1220
134,48,-1030
290,81,-749
222,-150,-866
208,11,-954
173,128,-976
93,238,-1056
148,-27,-1247
286,-101,-1243
107,23,-983
165,111,-788
150,-54,-858
290,-29,-897
78,60,-993
64,249,-1057
146,85,-1270
263,-148,-1259
44,-42,-962
214,46,-769
160,50,-866
290,-91,-915
37,37,-940
111,236,-1022
152,128,-1300
257,-68,-1272
64,-81,-962
165,56,-771
167,-7,-913
257,-3,-938
11,31,-913
52,193,-1034
158,68,-1337
220,-19,-1286
15,-60,-909
119,46,-767
185,-31,-958
201,-44,-979
-42,76,-862
37,162,-1016
50,101,-1337
163,-50,-1266
-37,-54,-942
29,37,-800
132,0,-964
165,-39,-952
-93,91,-876
-3,146,-1015
17,124,-1327
132,-37,-1268
-58,-48,-933
17,29,-827
122,-33,-979
138,-35,-931
-52,89,-841
-31,169,-1009
27,130,-1309
105,-64,-1272
-44,-42,-935
1,80,-853
111,-19,-938
91,-31,-917
-46,35,-847
-40,169,-1005
27,117,-1294
42,-19,-1245
-11,-44,-970
-5,52,-853
124,-13,-940
93,-83,-913
-44,60,-868
-44,132,-1005
1,140,-1264
33,-54,-1247
-64,-25,-972
-60,21,-864
5,21,-964
-17,-95,-936
-144,-9,-894
-191,183,-976
-85,144,-1218
-81,37,-1257
-95,-64,-1024
-126,17,-884
-13,-19,-929
0,-78,-925
-64,9,-874
-132,150,-995
-19,128,-1220
39,1,-1294
9,-44,-1063
-37,39,-884
136,-1,-921
93,-74,-962
80,25,-878
-7,142,-946
9,152,-1208
76,-11,-1294
72,-48,-1067
-44,29,-892
66,35,-909
85,-50,-952
62,13,-894
-66,128,-933
17,130,-1159
72,35,-1298
74,-37,-1075
-3,-9,-888
105,19,-872
89,-70,-950
83,1,-897
-66,122,-944
-29,156,-1151
21,39,-1264
54,-31,-1095
-72,21,-886
72,15,-923
52,-52,-991
42,-33,-907
-78,113,-909
-31,160,-1097
-11,64,-1243
33,-52,-1128
-78,0,-935
13,15,-901
23,-52,-958
62,-11,-895
-87,107,-892
-42,150,-1075
-50,78,-1268
48,-58,-1184
-101,0,-958
25,5,-894
1,-39,-960
62,-50,-895
-99,111,-882
-60,150,-1056
-42,83,-1264
35,-54,-1216
-70,-19,-970
0,21,-888
56,-25,-936
64,-37,-915
-93,68,-888
-58,122,-1048
-54,101,-1255
40,-9,-1223
-64,-11,-993
-11,21,-874
52,-40,-929
70,-21,-905
-83,87,-901
-50,126,-1040
-54,111,-1257
62,-29,-1216
-40,-17,-987
-7,-3,-853
66,-39,-933
78,-33,-933
-44,31,-886
-66,162,-1001
-15,119,-1214
39,1,-1245
-21,-15,-1013
-21,-23,-874
46,-29,-917
85,-31,-935
-70,68,-886
-68,169,-995
-35,107,-1227
15,0,-1262
-3,-37,-1020
-42,17,-868
85,-27,-915
52,-56,-936
-54,44,-880
-78,152,-964
-39,117,-1214
1,5,-1278
-1,-33,-1044
-60,11,-862
83,-23,-915
40,-35,-938
-35,39,-899
-85,152,-968
-37,111,-1196
-13,11,-1284
21,-29,-1075
-64,11,-897
97,-29,-903
15,-48,-919
5,7,-870
-85,150,-956
-27,119,-1188
15,11,-1270
17,-35,-1069
-52,13,-878
81,-35,-901
39,-35,-944
17,13,-890
-91,171,-940
-37,105,-1149
-17,39,-1284
29,-33,-1110
-60,11,-903
66,-33,-890
33,-52,-933
31,7,-894
-85,140,-946
-39,130,-1134
-1,25,-1268
52,-17,-1124
-66,0,-905
56,-3,-897
13,-40,-948
64,13,-905
-93,138,-925
-44,124,-1116
-31,11,-1294
46,-3,-1157
-78,9,-911
48,-15,-890
23,-44,-968
58,-25,-925
-87,136,-925
-48,122,-1079
-33,46,-1266
31,-15,-1167
-68,-21,-954
21,0,-892
29,-33,-936
46,-44,-899
-103,121,-913
-46,97,-1085
-50,89,-1262
27,-3,-1184
-66,-11,-940
31,-7,-895
48,-44,-950
76,-54,-911
-68,115,-895
-46,130,-1046
-39,91,-1251
11,-17,-1210
-25,-23,-987
25,9,-886
54,-31,-931
68,-56,-886
-66,97,-899
-64,144,-1044
-42,117,-1239
33,-19,-1225
-46,-25,-989
11,-17,-886
46,0,-940
89,-56,-913
-74,85,-905
-64,128,-1028
-42,95,-1241
15,-15,-1235
-17,-27,-1009
-9,19,-874
62,-15,-919
56,-70,-936
-66,60,-892
-78,156,-995
-50,126,-1206
-3,33,-1239
-1,-54,-1034
-44,35,-874
68,-9,-917
46,-54,-931
-44,40,-897
-74,130,-987
-33,107,-1202
0,21,-1249
0,-44,-1036
-52,13,-870
70,-31,-938
56,-48,-954
-35,19,-878
-101,165,-942
-40,113,-1165
-7,21,-1284
7,-54,-1059
-60,29,-890
66,-7,-909
54,-60,-948
-13,13,-884
-85,136,-952
-39,132,-1173
5,40,-1280
62,-50,-1075
-56,0,-911
99,-5,-907
56,-54,-952
3,31,-884
-80,105,-933
-35,121,-1163
-7,33,-1280
37,-54,-1089
-74,29,-884
66,-5,-888
31,-39,-966
40,-11,-909
-103,124,-940
-56,142,-1126
-29,42,-1282
62,-44,-1128
-70,-29,-936
62,13,-892
29,-15,-946
40,-17,-899
-81,115,-927
-56,113,-1098
-21,62,-1270
37,-33,-1143
-66,-5,-915
31,1,-901
58,-31,-964
35,-31,-919
-101,130,-888
-58,132,-1081
-35,87,-1260
25,-54,-1180
-76,-21,-962
33,15,-890
52,-31,-964
50,-29,-905
-72,81,-899
-50,117,-1073
-40,117,-1259
37,-48,-1196
-76,-21,-952
40,-15,-872
40,-19,-946
72,-23,-915
-87,99,-903
-64,136,-1044
-29,74,-1253
25,-40,-1208
-44,-21,-976
5,21,-878
68,-21,-946
68,-35,-935
-66,44,-903
-74,124,-1024
-42,119,-1237
13,3,-1218
-37,-56,-995
-7,3,-878
52,-11,-931
54,-29,-921
-68,66,-905
-62,128,-1009
-50,119,-1233
17,-17,-1225
-21,-9,-1005
-17,7,-895
60,-35,-952
56,-44,-944
-60,40,-886
-81,162,-987
-33,128,-1214
0,3,-1239
23,-64,-1032
-31,13,-890
78,7,-911
62,-40,-938
-33,25,-876
-87,132,-966
-52,134,-1171
-9,39,-1262
27,-39,-1050
-50,-25,-892
99,-5,-913
56,-56,-948
-25,56,-886
-74,130,-960
-50,150,-1186
-3,-3,-1274
29,-39,-1079
-52,23,-897
85,-21,-913
44,-44,-952
-9,11,-894
-91,119,-944
-54,142,-1145
-19,50,-1276
33,-46,-1102
-68,-11,-888
76,-17,-907
0,-15,-956
31,17,-909
-91,121,-944
-58,122,-1143
-9,37,-1264
39,-33,-1126
-74,-11,-899
68,9,-897
56,-46,-968
19,-13,-899
-87,134,-897
-54,140,-1116
-21,66,-1284
37,-40,-1134
-78,-19,-935
42,21,-890
40,-25,-970
58,-23,-890
-89,109,-911
-50,121,-1104
-23,81,-1284
68,-39,-1167
-80,-21,-925
74,-5,-886
46,-19,-952
89,-39,-888
-74,107,-905
-50,130,-1081
-35,101,-1249
52,-58,-1169
-72,0,-938
44,5,-894
50,-13,-954
72,-37,-905
-85,99,-911
-64,150,-1059
-46,97,-1257
40,-31,-1202
-74,-39,-976
39,27,-882
40,-25,-944
83,-31,-909
-68,85,-923
-58,134,-1032
-40,99,-1243
25,-25,-1192
-39,-33,-972
7,19,-880
50,-7,-950
56,-60,-927
-80,76,-894
-74,154,-1011
-33,134,-1225
3,-35,-1225
-42,-19,-997
-13,21,-892
66,-3,-954
72,-46,-931
-50,27,-897
-85,181,-1001
-27,109,-1221
-5,-13,-1241
-15,-42,-1001
-23,17,-874
66,-5,-915
62,-48,-931
-52,31,-895
-83,185,-993
-33,113,-1221
0,17,-1241
5,-46,-1030
-39,19,-886
74,-1,-938
83,-52,-935
-33,21,-899
-87,156,-966
-21,109,-1206
-17,21,-1259
39,-64,-1048
-58,37,-892
91,5,-919
39,-60,-936
-7,15,-892
-85,152,-976
-29,142,-1171
-21,9,-1255
27,-42,-1073
-58,19,-907
70,9,-936
35,-46,-948
9,-23,-911
-80,156,-946
-54,134,-1134
-15,50,-1268
31,-42,-1089
-62,-3,-927
70,-5,-907
31,-44,-936
19,-1,-886
-103,146,-927
-54,132,-1118
-50,40,-1268
52,-35,-1114
-81,-9,-936
50,29,-894
39,-48,-940
37,-5,-907
-81,148,-938
-58,121,-1124
-27,39,-1268
42,-39,-1151
-66,-3,-931
46,15,-878
60,-44,-948
40,-29,-903
-89,115,-907
-60,130,-1085
-44,58,-1253
56,-35,-1163
-76,-15,-938
33,46,-876
13,-37,-958
78,-40,-913
-97,126,-919
-56,119,-1075
-40,85,-1245
48,-29,-1182
-68,-29,-958
33,9,-890
46,-37,-946
83,-44,-927
-72,107,-899
-44,95,-1042
-44,109,-1241
25,-29,-1194
-44,-25,-979
17,15,-878
60,-48,-935
62,-27,-909
-72,87,-897
-58,154,-1040
-48,105,-1241
42,-48,-1223
-50,-25,-989
19,29,-895
52,-27,-933
89,-42,-917
-70,76,-901
-54,121,-1024
-56,124,-1216
11,-31,-1229
-13,-31,-1005
0,5,-888
44,-17,-923
89,-60,-940
-70,70,-919
-66,152,-999
-44,128,-1212
7,-5,-1245
11,-35,-1036
-11,25,-892
58,0,-919
66,-44,-935
-56,48,-903
-80,132,-979
-64,132,-1194
-3,-3,-1249
9,-44,-1038
-44,-11,-888
60,-15,-917
42,-50,-966
-50,44,-907
-78,152,-962
-62,132,-1169
-11,17,-1260
25,-40,-1075
-52,21,-909
83,-27,-915
35,-58,-948
-13,31,-892
-78,136,-958
-62,150,-1165
-5,21,-1262
37,-60,-1089
-74,-9,-901
99,-19,-897
15,-31,-948
19,13,-886
-91,103,-925
-68,121,-1145
-11,62,-1282
39,-37,-1108
-64,1,-911
66,-23,-892
54,-39,-958
29,0,-897
-76,126,-933
-42,154,-1141
-31,25,-1262
48,-42,-1134
-68,-19,-938
89,-9,-890
33,-31,-950
29,-9,-897
-89,105,-923
-60,142,-1112
-42,76,-1264
60,-29,-1147
-74,-19,-935
58,-3,-880
58,-31,-962
40,-27,-913
-87,128,-919
-58,122,-1073
-40,89,-1266
35,-46,-1179
-80,-17,-968
37,0,-890
35,-44,-936
56,-31,-890
-78,76,-901
-66,169,-1075
-42,99,-1260
40,-42,-1194
-89,-39,-954
33,15,-884
42,-25,-940
78,-15,-915
-87,74,-901
-68,183,-1054
-33,78,-1241
29,-29,-1218
-52,-13,-979
11,5,-886
44,-11,-935
78,-39,-907
-66,44,-901
-72,150,-1036
-46,128,-1231
-1,-27,-1214
-39,-37,-1005
-3,0,-878
60,7,-940
68,-44,-915
-68,56,-894
-68,136,-1020
-35,109,-1229
9,0,-1231
-15,-35,-1001
-9,0,-884
68,-5,-950
89,-50,-936
-46,40,-903
-85,163,-985
-35,99,-1192
-15,0,-1245
0,-44,-1032
-37,3,-899
68,-11,-936
44,-44,-929
-39,19,-886
-101,179,-987
-44,121,-1196
-19,15,-1262
25,-40,-1052
-44,5,-899
78,0,-919
60,-56,-944
-46,35,-880
-76,154,-968
-46,107,-1182
-21,11,-1255
31,-44,-1065
-46,19,-894
58,5,-901
62,-48,-938
-23,15,-901
-83,142,-950
-50,121,-1155
-39,54,-1255
50,-48,-1100
-70,0,-929
91,-13,-907
27,-35,-946
21,7,-905
-78,122,-942
-58,109,-1130
-17,25,-1264
39,-19,-1124
-68,-9,-909
64,-7,-890
48,-44,-964
27,-11,-907
-89,152,-925
-60,126,-1091
-27,40,-1262
33,-27,-1157
-68,-13,-950
60,11,-901
37,-48,-956
56,-9,-907
-107,111,-907
-50,138,-1098
-29,54,-1276
54,-35,-1165
-70,-31,-942
52,9,-895
52,-40,-954
66,-13,-890
-85,115,-895
-50,113,-1075
-44,97,-1268
48,-50,-1186
-85,0,-940
58,0,-890
42,-15,-958
89,-37,-907
-74,99,-921
-62,136,-1061
-44,115,-1249
42,-31,-1190
-60,-44,-966
31,5,-890
39,-15,-921
68,-40,-913
-83,95,-892
-44,128,-1044
-54,115,-1235
37,-35,-1208
-68,-3,-979
33,-3,-884
35,13,-948
95,-76,-936
-68,85,-909
-72,167,-1005
-50,119,-1216
3,-25,-1206
-27,-37,-1022
-9,1,-894
70,-7,-929
78,-56,-913
-76,72,-915
-66,156,-991
-54,99,-1214
5,-1,-1247
-21,-39,-1015
-21,17,-888
52,-9,-915
76,-64,-942
-66,66,-895
-89,160,-981
-52,111,-1196
3,-7,-1255
13,-44,-1046
-37,40,-884
76,-1,-917
64,-64,-933
-42,33,-907
-80,130,-964
-33,109,-1184
-29,39,-1247
35,-46,-1050
-52,1,-895
78,-29,-903
64,-52,-931
-23,44,-890
-87,158,-970
-46,117,-1169
-21,21,-1268
48,-27,-1081
-54,11,-903
78,-7,-909
64,-64,-958
-9,17,-899
-72,148,-942
-56,128,-1141
-19,46,-1262
46,-60,-1098
-66,3,-933
76,0,-895
35,-50,-938
17,5,-894
-101,130,-938
-46,130,-1138
-33,37,-1262
64,-44,-1124
-76,1,-940
81,15,-895
42,-64,-958
66,-3,-901
-72,152,-927
-60,142,-1132
-3,68,-1259
37,-56,-1159
-72,5,-933
54,15,-880
60,-39,-950
37,-25,-915
-91,99,-911
-50,126,-1073
-50,101,-1243
60,-33,-1180
-81,-13,-958
64,3,-874
19,-50,-935
87,-19,-913
-89,113,-923
-54,136,-1075
-31,76,-1251
52,-42,-1184
-80,-19,-948
23,19,-882
52,-44,-954
56,-35,-913
-76,89,-882
-62,134,-1028
-54,121,-1241
17,-39,-1204
-72,-23,-983
13,-5,-882
31,-33,-940
85,-19,-909
-72,83,-907
-62,148,-1032
-46,99,-1237
31,-31,-1237
-50,-13,-989
11,-5,-886
46,-39,-940
74,-35,-923
-72,64,-894
-68,140,-1018
-50,126,-1239
-1,-39,-1235
-29,-19,-995
-17,1,-882
64,-3,-938
68,-42,-946
-58,50,-905
-76,134,-997
-39,140,-1208
5,-3,-1233
0,-44,-1036
-7,11,-895
68,-7,-919
89,-42,-940
-35,37,-895
-68,136,-987
-52,128,-1188
3,-7,-1245
3,-31,-1042
-44,-15,-888
52,-3,-927
58,-56,-964
-37,33,-895
-83,144,-950
-48,126,-1161
-1,25,-1259
25,-35,-1079
-33,-5,-913
76,-39,-925
56,-42,-935
-7,31,-895
-76,152,-956
-56,105,-1151
-21,17,-1257
31,-42,-1089
-62,19,-919
85,-27,-901
17,-33,-944
11,7,-880
-87,138,-936
-66,146,-1145
-13,33,-1272
39,-40,-1116
-60,-9,-895
60,-9,-890
54,-39,-958
27,-5,-915
-83,111,-921
-56,140,-1108
-33,39,-1255
44,-25,-1132
-72,-23,-919
60,3,-892
13,-31,-942
60,-33,-897
-91,124,-917
-52,138,-1106
-35,48,-1272
42,-11,-1136
-66,-15,-935
72,-1,-890
52,-25,-972
60,-42,-905
-81,130,-919
-64,113,-1069
-23,76,-1253
33,-39,-1188
-68,-15,-960
33,-5,-892
33,-46,-927
78,-42,-894
-87,124,-894
-44,152,-1069
-60,85,-1247
37,-31,-1206
-78,-39,-972
37,27,-888
58,-19,-944
101,-35,-901
-78,99,-909
-62,136,-1061
-39,109,-1239
42,-39,-1220
-50,-21,-968
15,-9,-876
37,-15,-948
83,-44,-919
-68,66,-911
-72,140,-1003
-48,97,-1216
1,-9,-1235
-40,-37,-997
1,0,-888
25,-3,-927
101,-44,-929
-74,70,-923
-58,140,-1015
-46,101,-1218
21,21,-1239
-17,-27,-1005
-11,-5,-886
60,-21,-944
83,-54,-946
-68,70,-888
-85,154,-968
-44,111,-1196
-23,13,-1253
7,-44,-1046
-48,27,-886
81,-13,-935
48,-52,-940
-35,35,-899
-89,150,-977
-42,111,-1190
-7,40,-1272
11,-54,-1056
-39,5,-913
91,-13,-931
66,-52,-942
-31,58,-874
-80,134,-958
-48,101,-1175
-17,21,-1257
11,-40,-1057
-50,25,-894
58,-5,-907
48,-56,-948
-13,5,-901
-97,142,-942
-37,142,-1147
-29,39,-1260
68,-44,-1102
-60,-11,-935
89,0,-895
31,-54,-935
11,13,-894
-80,111,-948
-66,124,-1132
-33,37,-1247
35,-33,-1106
-76,-5,-915
70,-23,-897
33,-62,-948
25,-9,-903
-87,156,-919
-72,142,-1093
-21,44,-1266
54,-33,-1143
-56,5,-958
50,23,-903
37,-54,-942
52,-27,-911
-87,130,-927
-60,144,-1089
-37,58,-1272
31,-40,-1159
-74,-33,-942
35,1,-888
44,-31,-936
66,-37,-905
-85,140,-907
-60,121,-1079
-44,78,-1266
37,-21,-1192
-74,-5,-958
42,33,-876
56,-50,-958
66,-33,-913
-80,101,-907
-52,130,-1050
-50,91,-1251
42,-40,-1196
-50,-39,-983
33,11,-890
46,-35,-923
68,-23,-913
-76,91,-895
-46,93,-1028
-58,126,-1231
46,-25,-1216
-54,-9,-987
25,-5,-886
46,-42,-946
103,-46,-927
-60,103,-905
-66,150,-1009
-31,111,-1221
3,-29,-1218
-7,-31,-1015
-1,3,-894
56,-23,-929
76,-56,-929
-70,56,-888
-74,163,-1007
-58,126,-1204
11,9,-1251
-9,-35,-1030
-15,-5,-886
74,-31,-917
78,-39,-935
-56,99,-892
-64,124,-981
-56,111,-1194
17,-19,-1247
-1,-31,-1056
-27,25,-899
74,-23,-923
76,-60,-929
-44,39,-899
-89,126,-950
-50,136,-1171
-29,27,-1249
29,-56,-1057
-64,3,-911
78,-21,-894
56,-31,-958
-33,42,-899
-78,126,-960
-56,111,-1165
-17,35,-1247
40,-40,-1091
-54,5,-909
85,-33,-911
64,-60,-950
-3,9,-892
-78,134,-929
-62,148,-1138
-25,31,-1255
25,-48,-1106
-70,-3,-929
81,-19,-901
27,-37,-942
5,1,-882
-99,121,-935
-58,142,-1132
-31,40,-1290
40,-44,-1138
-72,-11,-938
81,-13,-890
35,-40,-956
50,5,-897
-81,130,-933
-52,134,-1112
-19,35,-1259
21,-40,-1147
-68,1,-938
60,-9,-890
42,-35,-940
58,-13,-913
-83,95,-923
-56,148,-1087
-56,78,-1241
44,-13,-1188
-87,-13,-958
60,-7,-884
19,-40,-944
89,-11,-913
-93,99,-923
-54,128,-1063
-44,60,-1235
56,-9,-1192
-78,-1,-958
39,-21,-870
46,-39,-950
95,-27,-913
-68,103,-905
-64,150,-1028
-27,89,-1223
13,-13,-1214
-42,-7,-999
27,-17,-899
39,-42,-940
93,-13,-899
-68,93,-901
-70,142,-1034
-48,64,-1231
31,-7,-1245
-40,-13,-989
5,-19,-880
56,-33,-927
80,-33,-925
-66,74,-907
-68,148,-1005
-56,103,-1208
25,-9,-1235
-23,-7,-1011
-13,0,-880
54,-13,-933
80,-35,-938
-64,46,-895
-80,144,-985
-42,97,-1218
-9,21,-1251
-7,-37,-1030
-33,-13,-884
60,-37,-923
52,-31,-935
-58,39,-872
-81,140,-995
-44,99,-1167
-15,9,-1253
11,-5,-1042
-39,-27,-903
50,5,-936
56,-60,-954
-40,37,-897
-80,142,-956
-56,117,-1169
-27,31,-1259
33,-46,-1083
-46,-13,-923
81,-25,-919
68,-42,-946
-3,31,-882
-83,134,-950
-56,97,-1139
-19,35,-1280
37,-37,-1087
-52,-13,-913
66,-1,-894
39,-46,-942
17,19,-905
-81,130,-954
-66,122,-1139
-15,44,-1274
27,-19,-1128
-48,-29,-919
54,-1,-907
56,-27,-944
29,-7,-909
-76,117,-921
-58,95,-1112
-35,72,-1255
48,-5,-1145
-78,-29,-929
60,-15,-886
25,-31,-948
56,-11,-905
-89,132,-923
-64,105,-1095
-46,78,-1264
50,-29,-1163
-68,-23,-942
66,7,-886
56,-39,-954
62,-25,-909
-83,109,-903
-64,101,-1073
-39,107,-1251
23,-25,-1179
-74,-35,-933
33,-19,-892
25,-15,-936
74,-19,-892
-91,121,-895
-44,124,-1067
-48,89,-1264
46,-9,-1214
-50,-37,-974
33,40,-880
62,-29,-950
107,-44,-903
-85,109,-913
-52,115,-1036
-52,117,-1229
33,-31,-1202
-56,-25,-981
11,9,-874
60,-21,-931
76,-27,-919
-78,62,-895
-64,109,-1020
-66,111,-1216
27,-1,-1235
-31,-35,-1015
9,21,-897
56,-37,-935
99,-39,-935
-70,76,-915
-58,134,-1009
-50,115,-1212
25,0,-1227
-13,-40,-1011
-11,0,-884
56,-15,-933
95,-48,-940
-68,66,-895
-72,134,-954
-54,122,-1194
-33,29,-1233
23,-40,-1044
-46,-3,-895
72,-29,-919
78,-48,-935
-48,66,-895
-72,148,-974
-54,101,-1192
0,23,-1262
7,-48,-1059
-40,1,-899
103,-15,-925
64,-48,-938
-40,31,-874
-81,113,-938
-56,117,-1171
-17,42,-1266
17,-42,-1059
-64,15,-899
72,-35,-917
40,-35,-950
-9,25,-899
-85,126,-940
-42,119,-1157
-19,40,-1260
40,-44,-1093
-62,3,-929
99,-35,-901
29,-29,-946
29,5,-884
-89,105,-944
-62,128,-1128
-37,56,-1262
37,-17,-1102
-85,-21,-935
56,0,-895
48,-48,-974
33,5,-913
-87,134,-915
-54,128,-1104
-35,70,-1262
50,-29,-1167
-66,-9,-960
76,-13,-903
33,-48,-938
39,-7,-890
-83,113,-909
-68,128,-1098
-42,70,-1253
52,-7,-886
40,-39,-956
68,-1,-909
-81,99,-903
-72,134,-1083
-39,80,-1264
37,-17,-1200
-74,-23,-958
33,3,-882
60,-56,-960
78,-3,-919
-74,95,-909
-60,128,-1056
-48,81,-1227
37,-39,-1198
-74,-21,-974
23,-9,-890
39,-39,-944
80,-23,-917
-76,66,-905
-60,107,-1030
-40,117,-1243
39,-7,-1216
-62,-3,-977
17,-23,-882
56,-23,-946
111,-31,-935
-72,72,-905
-68,132,-1001
-46,117,-1218
21,-21,-1229
-29,-9,-1026
0,-25,-886
56,-19,-927
78,-39,-907
-64,50,-882
-74,167,-1009
-52,113,-1218
1,17,-1243
-27,-35,-1026
-11,-11,-880
80,-9,-938
83,-39,-929
-70,74,-894
-66,130,-989
-58,97,-1208
11,-13,-1245
-9,-25,-1046
-25,11,-886
68,-29,-911
50,-50,-931
-56,25,-909
-78,138,-977
-62,115,-1157
-9,21,-1255
11,-39,-1067
-33,-3,-913
70,-37,-911
70,-25,-958
-23,25,-894
-64,136,-976
-56,109,-1167
5,21,-1262
33,-21,-1087
-50,-9,-899
68,-35,-917
52,-44,-952
-1,9,-903
-72,150,-935
-64,113,-1130
-27,40,-1260
42,-42,-1130
-70,-5,-921
80,-29,-907
31,-31,-944
23,0,-897
-85,138,-933
-64,126,-1122
-19,44,-1286
33,-27,-1132
-68,-23,-929
83,-27,-894
33,-19,-942
42,-1,-880
-95,128,-909
-68,103,-1110
-27,44,-1270
21,-13,-1138
-80,-5,-923
27,-9,-888
29,-23,-958
54,-25,-913
-103,128,-917
-60,126,-1075
-54,74,-1247
35,-13,-1173
-80,-27,-960
58,-5,-894
42,-33,-952
76,-13,-895
-81,103,-917
-46,113,-1069
-54,60,-1249
46,3,-1177
-78,-9,-948
37,-1,-872
42,-42,-944
70,-23,-923
-87,117,-911
-64,130,-1028
-42,89,-1229
27,-17,-1206
-42,-11,-1001
33,9,-903
35,-23,-935
122,-37,-901
-76,89,-909
-58,124,-1026
-48,78,-1239
17,5,-1218
-54,-37,-1005
3,-13,-876
50,-29,-935
95,-42,-913
-76,103,-901
-68,134,-1018
-48,74,-1221
17,5,-1243
-23,-29,-1022
0,9,-874
68,-15,-935
93,-44,-925
-46,42,-915
-76,136,-989
-52,89,-1192
1,35,-1247
0,-44,-1030
-21,-29,-899
44,-19,-907
70,-39,-933
-46,64,-892
-83,109,-976
-46,89,-1192
0,31,-1247
1,-7,-1056
-29,-11,-899
60,-9,-931
89,-62,-950
-46,48,-901
-72,150,-952
-39,103,-1184
-13,58,-1251
37,-60,-1089
-39,-11,-905
89,-13,-913
56,-44,-936
-33,31,-886
-83,119,-958
-66,87,-1155
-21,74,-1266
44,-40,-1093
-66,-13,-921
78,-19,-894
44,-56,-950
0,54,-909
-72,134,-942
-58,126,-1147
-7,23,-1270
44,-46,-1116
-37,3,-915
48,-3,-894
68,-48,-944
15,-7,-913
-85,109,-935
-66,105,-1114
-42,91,-1251
39,-29,-1126
-74,-25,-950
39,-17,-866
42,-29,-970
39,11,-907
-89,134,-925
-62,99,-1106
-35,70,-1255
50,-31,-1163
-60,-3,-938
52,0,-894
66,-56,-960
33,-21,-915
-78,99,-901
-64,130,-1069
-40,95,-1245
35,-44,-1186
-78,-25,-940
52,-7,-897
33,-31,-942
76,-3,-909
-85,119,-909
-60,109,-1056
-52,93,-1266
40,-17,-1200
-68,-1,-979
42,-3,-892
60,-48,-942
107,-25,-901
-83,105,-890
-44,117,-1057
-44,87,-1253
25,-44,-1196
-56,-15,-966
27,-5,-880
52,-17,-935
83,-25,-927
-80,80,-901
-52,95,-1036
-68,113,-1212
31,-7,-1233
-42,-21,-1005
17,-5,-901
44,-50,-936
93,-19,-921
-76,70,-913
-54,128,-1015
-68,97,-1214
39,-19,-1218
-37,-11,-1022
9,-5,-895
48,-29,-942
95,-35,-936
-66,46,-894
-76,158,-976
-52,115,-1192
-3,21,-1231
-7,-25,-1048
-15,-13,-909
44,-33,-929
91,-33,-935
-64,50,-888
-68,142,-979
-58,83,-1184
-3,21,-1247
7,-37,-1075
-39,0,-895
72,-31,-907
66,-48,-931
-42,37,-870
-76,130,-968
-66,105,-1177
-11,23,-1260
7,-35,-1075
-44,5,-895
74,-29,-917
66,-31,-950
-17,27,-897
-74,109,-954
-42,99,-1151
-15,40,-1257
33,-39,-1097
-52,-11,-907
74,-40,-880
31,-33,-944
7,7,-882
-97,105,-933
-50,121,-1128
-39,58,-1255
35,3,-1114
-72,-25,-915
52,-9,-907
54,-35,-968
17,29,-905
-78,117,-913
-64,124,-1124
-29,50,-1259
37,-39,-1153
-68,-17,-948
72,-25,-897
29,-39,-940
48,-1,-899
-91,115,-923
-60,128,-1077
-44,64,-1257
33,-13,-1163
-80,-17,-958
44,7,-894
15,-39,-950
78,-7,-901
-93,128,-921
-70,130,-1093
-42,62,-1264
29,-39,-1184
-68,-9,-956
44,-23,-895
50,-27,-952
70,-29,-925
-78,119,-897
-62,107,-1057
-48,83,-1231
29,-27,-1208
-68,-13,-976
17,5,-878
44,-25,-944
78,-25,-895
-76,80,-915
-62,132,-1040
-48,80,-1227
35,0,-1204
-48,-23,-985
27,-5,-884
70,-42,-944
97,-29,-915
-72,70,-890
-70,140,-1005
-29,78,-1214
7,-7,-1229
-35,-25,-989
-7,-11,-878
50,-9,-919
105,-37,-925
-68,66,-894
-68,156,-997
-39,93,-1216
9,17,-1241
-3,-35,-1032
-3,-9,-895
66,-3,-940
105,-44,-923
-70,66,-890
-66,111,-983
-56,89,-1200
13,15,-1243
-9,-21,-1036
-27,-17,-897
58,-17,-929
60,-48,-942
-56,60,-888
-76,142,-972
-64,103,-1173
-7,9,-1268
15,-21,-1054
-21,-3,-921
60,-9,-919
80,-52,-948
-44,40,-913
-62,111,-974
-60,121,-1155
-1,27,-1251
15,-7,-1083
-29,-33,-909
52,-13,-919
70,-56,-948
-27,35,-901
-76,144,-929
-60,103,-1138
-21,44,-1257
23,-23,-1118
-56,-3,-933
72,-21,-897
64,-62,-942
7,-3,-907
-76,134,-944
-66,111,-1126
-21,60,-1270
33,-42,-1128
-60,-25,-936
68,-19,-903
35,-39,-938
35,-1,-886
-97,128,-915
-72,91,-1108
-19,76,-1262
19,-21,-1151
-74,-3,-927
52,-27,-890
33,-37,-960
62,-21,-925
-93,152,-909
-58,109,-1089
-35,64,-1260
39,-27,-1167
-66,-37,-954
46,15,-894
39,-33,-950
72,-23,-894
-99,107,-911
-64,101,-1065
-64,95,-1257
42,19,-1169
-74,-37,-958
37,25,-886
52,-58,-948
83,0,-923
-89,121,-913
-54,124,-1048
-44,99,-1239
39,-25,-1208
-50,-15,-997
31,7,-913
48,-35,-925
101,-27,-890
-74,78,-895
-66,140,-1030
-58,113,-1231
33,0,-1208
-66,-35,-1007
17,-1,-874
39,-33,-927
103,-29,-913
-78,95,-913
-58,121,-1020
-60,80,-1220
21,13,-1218
-3,-27,-1030
-3,31,-888
64,-40,-935
103,-52,-919
-70,56,-905
-66,132,-991
-62,115,-1190
3,5,-1227
-5,-52,-1038
-23,7,-884
64,-21,-913
76,-42,-936
-58,62,-907
-68,101,-970
-60,122,-1182
11,25,-1247
-7,-17,-1054
-25,5,-895
64,-46,-923
87,-44,-960
-42,42,-901
-72,142,-952
-56,119,-1171
-11,11,-1247
15,-44,-1081
-52,3,-911
60,-29,-911
54,-54,-944
-31,44,-880
-91,132,-954
-60,121,-1169
-19,66,-1264
44,-42,-1091
-78,15,-911
103,-31,-913
33,-46,-956
1,68,-901
-58,113,-950
-66,132,-1143
-13,19,-1266
27,-39,-1116
-54,5,-917
60,-23,-899
39,-29,-944
13,-5,-897
-87,119,-935
-74,154,-1110
-31,46,-1262
27,-23,-1130
-62,-17,-944
64,-19,-884
27,-23,-966
62,9,-909
-78,109,-929
-54,136,-1098
-33,35,-1259
56,-3,-1155
-68,-5,-938
52,-17,-890
56,-58,-954
42,-19,-905
-81,122,-899
-62,134,-1073
-46,85,-1235
23,-42,-1180
-72,-5,-977
37,-15,-892
46,-40,-954
58,-15,-894
-78,109,-913
-66,115,-1065
-54,83,-1260
46,-31,-1200
-68,-13,-981
29,-11,-878
39,-44,-946
91,-15,-903
-80,91,-899
-66,146,-1048
-48,74,-1245
17,-29,-1216
-60,-13,-960
11,3,-888
39,-11,-942
89,-42,-929
-76,66,-907
-66,140,-1040
-48,111,-1218
11,1,-1218
-54,-31,-1007
31,-21,-894
39,-23,-942
99,-15,-915
-74,56,-909
-48,138,-1009
-60,76,-1204
27,19,-1229
-29,-33,-1011
1,0,-901
27,-25,-923
93,-44,-946
-70,60,-890
-68,152,-1001
-64,122,-1184
13,11,-1235
-7,-25,-1059
-1,-17,-919
44,-27,-927
93,-39,-911
-64,44,-897
-66,146,-974
-64,76,-1179
7,29,-1247
0,-40,-1061
-37,3,-880
56,-29,-915
66,-48,-936
-48,42,-907
-66,146,-968
-60,93,-1171
7,27,-1259
9,-27,-1077
-29,19,-909
70,-17,-911
74,-46,-948
-25,19,-892
-62,105,-950
-62,113,-1145
-3,54,-1264
25,-29,-1089
-56,-23,-917
66,-40,-894
44,-44,-948
7,27,-897
-80,144,-933
-66,107,-1138
-27,35,-1262
29,-25,-1124
-62,-3,-917
50,-19,-917
52,-27,-972
23,-3,-901
-91,150,-919
-54,101,-1112
-29,70,-1259
23,-35,-1143
-72,-29,-933
74,-31,-909
25,-31,-948
42,-7,-878
-101,138,-911
-70,89,-1085
-44,60,-1284
25,-1,-1149
-74,-13,-936
50,13,-894
35,-48,-952
74,-5,-895
-95,115,-929
-58,128,-1081
-23,60,-1262
21,-17,-1177
-66,-29,-948
42,-1,-880
48,-31,-946
78,-21,-911
-97,103,-899
-62,111,-1054
-66,111,-1229
27,0,-1188
-72,-25,-981
25,-7,-882
58,-39,-936
97,-15,-913
-85,109,-925
-46,136,-1036
-58,76,-1231
44,-9,-1208
-60,-25,-985
31,0,-894
58,-29,-944
89,-35,-931
-74,70,-903
-89,121,-999
-50,107,-1204
19,3,-1216
-46,-21,-1005
3,-17,-890
40,-19,-933
93,-40,-915
-72,87,-899
-70,134,-991
-42,87,-1223
11,-1,-1233
-9,-39,-1034
-5,0,-894
56,-23,-917
101,-48,-923
-70,56,-890
-70,126,-987
-48,97,-1200
-7,39,-1241
0,-42,-1028
-35,-21,-901
60,-5,-919
81,-50,-946
-66,81,-907
-62,111,-977
-56,107,-1184
-1,44,-1262
33,-23,-1059
-37,-1,-915
87,-33,-925
68,-48,-931
-31,50,-901
-56,119,-964
-66,117,-1169
19,31,-1253
0,-39,-1061
-29,-11,-913
52,-17,-909
68,-39,-964
-11,29,-905
-68,128,-936
-62,119,-1130
-11,40,-1262
23,-15,-1102
-46,-13,-938
56,-15,-894
56,-66,-948
-13,15,-897
-66,121,-942
-68,121,-1124
-15,39,-1266
35,-42,-1122
-50,-35,-931
54,5,-897
52,-46,-950
23,21,-897
-81,124,-923
-74,115,-1116
0,76,-1268
54,-15,-1143
-44,-5,-915
87,0,-892
122,-56,-954
81,-7,-927
-17,128,-897
-11,113,-1065
0,44,-1253
27,-37,-1204
197,21,-929
60,27,-970
655,-105,-913
378,3,-964
327,167,-827
646,245,-933
841,-81,-1262
1128,-56,-1159
821,21,-1126
1169,187,-886
1155,-162,-907
1341,-124,-905
897,185,-948
1151,335,-913
1075,-48,-1282
1198,-68,-1370
1048,66,-1030
1034,244,-819
1180,-195,-866
1118,-240,-841
1106,121,-763
919,417,-962
1018,-9,-1266
1057,-193,-1282
987,115,-995
827,302,-870
919,-76,-854
1161,-402,-876
892,136,-999
837,488,-1022
931,56,-1179
1257,-224,-1206
1116,80,-1063
1077,238,-806
1202,-121,-808
1323,-411,-958
1255,220,-925
1188,540,-991
1139,64,-1169
1387,-191,-1204
1358,66,-1079
1059,357,-933
1321,-218,-853
1409,-341,-890
1301,183,-979
1122,599,-962
1245,-93,-1077
1536,-376,-1173
1346,197,-1143
1212,376,-921
1286,-226,-835
1268,-372,-936
1321,206,-950
1221,476,-1026
1063,134,-1104
1362,-392,-1231
1317,160,-1210
1120,329,-956
1264,-130,-728
1417,-443,-866
1315,126,-999
1069,589,-903
1196,39,-1102
1659,-372,-1239
1110,361,-1311
1311,331,-771
1290,-279,-870
1510,-288,-923
1460,232,-948
1317,447,-976
1372,-66,-1048
1563,-275,-1294
1432,224,-1118
1128,454,-839
1610,-392,-790
1356,-448,-1059
1278,310,-925
1120,614,-901
1272,9,-1026
1719,-532,-1194
1436,361,-1190
1141,273,-997
1526,-160,-833
1362,-425,-1036
1458,234,-812
1237,398,-851
1218,74,-1169
1239,-230,-1307
1378,275,-1182
1284,25,-921
1512,-42,-950
1506,-240,-884
1419,148,-983
1098,628,-757
1471,-337,-1032
1520,-25,-1298
1549,195,-1241
966,445,-1108
1342,-452,-794
1415,-308,-884
1555,85,-862
1243,677,-901
1009,29,-1134
1370,-368,-1298
1454,218,-1227
1165,571,-1059
1415,-175,-669
1501,-815,-888
1253,169,-1087
1341,923,-813
1487,64,-780
1692,-796,-1309
1290,458,-1481
1456,402,-888
1553,31,-696
1565,-476,-1018
1454,-122,-1022
1532,409,-769
1602,521,-1069
1446,-407,-1305
1668,-189,-1065
1481,890,-1048
1262,-511,-936
1522,-240,-749
1936,-337,-829
874,761,-1216
876,267,-915
1411,-331,-1030
1421,105,-1397
1077,577,-1036
897,-204,-735
1434,-603,-911
1557,-93,-958
1159,671,-958
1272,210,-712
1395,-162,-1319
1259,66,-1374
1233,60,-976
1335,214,-677
1575,-372,-1093
1534,-197,-931
933,386,-808
1251,450,-931
1040,-171,-1186
1360,78,-1274
1270,-48,-956
853,-17,-927
1073,-54,-780
974,-162,-1056
755,314,-921
974,-191,-726
638,216,-1159
884,251,-1383
817,11,-1052
320,-66,-831
653,208,-948
528,-404,-1130
218,267,-985
365,-210,-944
132,327,-1223
509,-195,-983
281,179,-1057
152,290,-1102
515,-552,-835
-87,132,-936
224,302,-493
35,83,-1223
240,247,-1188
111,-232,-1200
-19,341,-1110
218,-267,-1024
167,167,-1089
392,-171,-892
224,58,-737
269,224,-958
349,-9,-1081
201,107,-1260
351,-72,-1122
33,138,-1059
265,13,-995
458,-197,-761
208,206,-929
244,5,-753
19,23,-1264
325,80,-1264
308,-283,-1255
-74,415,-1122
300,-134,-790
175,-27,-878
407,-136,-761
115,300,-849
121,263,-1136
167,-347,-1194
89,349,-1321
204,-210,-905
-150,117,-1151
56,-40,-772
64,-60,-864
-68,308,-892
-78,-3,-1036
-89,197,-1251
255,-23,-1180
-35,199,-1192
-122,9,-864
-9,-361,-1016
150,101,-704
-347,-52,-936
-68,345,-925
-15,-345,-1216
-105,312,-1389
-193,74,-976
-111,-66,-774
-17,35,-1052
-117,-427,-936
-175,269,-767
-737,72,-1030
11,337,-1071
-677,-37,-1368
-940,160,-1024
-1061,-220,-1085
-1419,132,-909
-1155,-9,-888
-1754,-132,-1069
-1417,21,-903
-1674,25,-1020
-1102,575,-1145
-1524,-595,-1223
-1177,441,-929
-1532,-450,-839
-1118,70,-866
-1395,-130,-1077
-1415,460,-821
-1421,-452,-1147
-1188,183,-1423
-1044,400,-1067
-1264,181,-1083
-679,-267,-813
-979,-663,-1169
-1221,958,-745
-991,-431,-761
-851,341,-968
-630,-573,-1573
-999,544,-1147
-927,206,-905
-534,-185,-977
-968,-226,-894
-630,263,-897
-1325,351,-827
-997,-390,-1083
-772,-509,-1545
-1536,837,-1249
-1305,42,-944
-1241,-113,-640
-1030,-718,-1151
-1487,759,-581
-1577,-21,-958
-1173,-392,-1056
-1403,-44,-1342
-1516,474,-1221
-1614,212,-1081
-1163,-507,-765
-1278,119,-938
-1319,126,-931
-1465,121,-915
-1208,-322,-1079
-1214,64,-1210
-1071,255,-1333
-938,138,-927
-1255,7,-853
-1050,-499,-847
-1106,85,-747
-1175,72,-964
-1508,175,-1122
-1294,72,-1239
-1286,214,-1407
-1382,7,-935
-1450,83,-921
-1372,-318,-884
-1487,46,-1020
-1497,105,-767
-1499,234,-942
-1356,-409,-1319
-1467,392,-1360
-1526,-58,-923
-1503,-64,-821
-1208,-310,-981
-1362,130,-1032
-1747,694,-821
-1380,-735,-1016
-1300,488,-1333
-1286,-119,-1315
-1503,595,-999
-1188,-735,-894
-1126,263,-919
-1282,7,-952
-1616,183,-890
-1262,-366,-927
-1235,142,-1309
-1149,372,-1237
-1380,226,-1149
-1128,-271,-841
-1159,-216,-1015
-1089,105,-839
-1458,201,-892
-1179,-109,-981
-1366,-150,-1305
-1364,253,-1255
-1522,150,-1038
-1376,89,-858
-987,-733,-915
-1706,624,-929
-1462,-134,-808
-1739,286,-954
-1034,-665,-1171
-1458,650,-1294
-1460,158,-1169
-1616,-259,-929
-1138,-527,-899
-1518,421,-966
-1637,244,-895
-1421,-95,-878
-1268,-712,-1091
-1456,786,-1483
-1366,404,-1169
-1477,-119,-839
-1342,-788,-940
-1233,489,-890
-1503,318,-933
-1399,-267,-813
-1309,-448,-1259
-1333,638,-1264
-1438,501,-1241
-1348,-439,-933
-1243,-568,-858
-1450,573,-958
-1424,122,-858
-1508,-144,-899
-1245,-365,-1046
-1356,528,-1325
-1260,304,-1282
-1323,-343,-880
-1245,-513,-936
-1278,595,-849
-1333,171,-907
-1421,-80,-878
-1249,-708,-1214
-1426,835,-1305
-1173,238,-1223
-1292,-234,-972
-1046,-439,-890
-1143,462,-845
-1100,126,-849
-1093,-417,-849
-901,-232,-1167
-974,585,-1257
-833,366,-1204
-831,-296,-999
-665,-349,-907
-769,283,-919
-694,144,-849
-880,-201,-886
-655,-80,-1151
-626,423,-1319
-589,224,-1186
-610,-263,-974
-390,-290,-979
-359,290,-858
-437,85,-798
-462,-105,-856
-269,-128,-1132
-273,343,-1264
-314,226,-1243
-281,-162,-1003
-212,-212,-1016
-158,83,-876
-236,187,-813
-177,-80,-812
-171,-50,-1124
-167,138,-1245
-165,271,-1163
-199,-52,-1079
-113,-130,-1015
-152,60,-874
-134,68,-753
-265,-99,-862
-105,-60,-1089
-212,193,-1247
-206,279,-1194
-224,-62,-1120
-91,-52,-1030
-201,3,-874
-175,39,-739
-275,-111,-851
-167,31,-1057
-279,230,-1192
-247,185,-1177
-204,-21,-1145
-130,-91,-1046
-185,-7,-892
-169,-15,-767
-214,-52,-866
-140,72,-1067
-234,160,-1169
-160,142,-1192
-97,-44,-1192
-68,-74,-1067
-109,37,-872
-64,13,-737
-101,-72,-851
-76,31,-1013
-128,107,-1145
-68,146,-1235
-40,0,-1221
-52,-5,-1052
-85,33,-870
-17,-23,-780
-81,-80,-847
-78,17,-997
-101,107,-1126
-48,167,-1225
-31,29,-1208
-52,-39,-1052
-68,-29,-847
3,-50,-786
-72,-70,-829
-78,37,-956
-111,195,-1108
-39,165,-1245
3,15,-1251
-68,-56,-1042
-21,-15,-864
5,5,-804
-44,-39,-853
-72,15,-942
-124,146,-1081
-1,101,-1245
-7,31,-1255
-72,-11,-1022
-31,9,-868
0,-21,-819
1,-74,-825
-60,-3,-919
-25,154,-1071
105,138,-1264
136,44,-1249
109,7,-1018
126,7,-872
177,-29,-853
154,-91,-847
-11,21,-936
-15,156,-1083
93,152,-1286
113,62,-1257
-66,-11,-1052
33,-39,-894
50,-25,-880
-15,-50,-815
-87,0,-874
-78,162,-1059
-46,95,-1253
-11,85,-1245
-101,-33,-1052
-48,39,-921
-56,9,-854
-23,-74,-796
-140,1,-884
-91,126,-1065
-27,148,-1262
-17,64,-1253
-85,-29,-1063
-42,-1,-936
-31,-13,-870
-1,-95,-806
-163,-11,-858
-76,101,-1026
-81,160,-1255
-46,58,-1253
-85,-29,-1067
-33,-11,-952
-7,11,-878
40,-105,-806
-101,0,-854
-44,105,-1034
-52,163,-1235
15,81,-1245
-37,-50,-1116
-13,31,-972
15,-9,-876
50,-56,-813
-87,-25,-862
-33,83,-1009
-56,142,-1225
48,70,-1262
-33,-15,-1116
0,19,-966
21,13,-880
78,-85,-821
-72,-23,-866
-33,78,-1007
-50,169,-1196
15,101,-1243
-3,-9,-1147
5,17,-999
35,7,-899
105,-64,-827
-62,-39,-847
-35,81,-979
-52,156,-1194
27,126,-1245
-15,-31,-1163
-15,5,-989
17,11,-892
80,-68,-827
-76,-7,-837
-39,44,-970
-64,150,-1169
11,91,-1243
-13,-17,-1165
-56,11,-993
35,50,-892
56,-81,-853
-39,-35,-854
-58,33,-962
-60,156,-1157
7,158,-1231
0,-19,-1184
-40,-5,-1015
27,-1,-897
62,-50,-847
-25,-37,-835
-64,27,-948
-68,128,-1126
17,162,-1247
-7,-1,-1192
-44,-13,-1034
29,15,-911
78,-52,-874
-40,-27,-837
-62,19,-923
-44,144,-1112
-1,148,-1235
25,-15,-1198
-35,-23,-1050
35,13,-915
62,-48,-853
-1,-35,-802
-52,-15,-919
-54,126,-1083
-5,171,-1237
25,19,-1225
-44,-11,-1046
29,21,-929
19,-44,-845
33,-39,-817
-64,0,-913
-48,128,-1077
-5,148,-1235
29,31,-1239
-39,-17,-1069
21,37,-936
48,-44,-876
50,-60,-819
-68,-17,-901
-46,105,-1052
-25,169,-1235
9,60,-1237
-39,-23,-1097
-9,44,-929
39,-35,-868
35,-39,-819
-74,-21,-878
-58,113,-1044
-42,156,-1237
37,50,-1262
-68,-19,-1102
3,62,-938
50,-48,-886
58,-64,-817
-74,-40,-868
-33,97,-1028
-44,189,-1212
37,64,-1245
-44,-35,-1108
-3,35,-966
37,-35,-876
58,-42,-808
-74,-21,-856
-56,68,-1016
-54,181,-1212
25,58,-1274
-42,-9,-1145
-11,21,-968
25,-19,-876
93,-66,-810
-81,-33,-847
-11,52,-1005
-68,195,-1202
48,64,-1257
-23,-13,-1141
-15,25,-962
39,9,-892
74,-54,-817
-72,-50,-847
-42,42,-983
-72,187,-1175
21,109,-1241
-27,-1,-1182
-27,31,-993
40,-17,-894
44,-52,-817
-56,-52,-829
-52,52,-972
-76,162,-1171
33,99,-1241
-21,-17,-1169
-21,11,-987
29,3,-892
56,-52,-835
-56,-54,-827
-62,23,-958
-85,195,-1118
11,115,-1233
-5,15,-1212
-48,15,-1007
29,-13,-907
48,-31,-835
-29,-64,-833
-62,39,-950
-58,163,-1139
42,105,-1253
31,19,-1210
0,13,-1016
72,-9,-925
115,-35,-821
78,-81,-813
15,48,-927
39,160,-1100
191,95,-1223
218,31,-1235
175,35,-1052
286,-1,-901
267,-39,-872
366,-122,-819
267,107,-931
324,146,-1067
409,93,-1237
507,5,-1241
406,56,-1098
456,80,-915
540,-113,-849
527,-99,-798
435,74,-913
392,206,-1038
448,74,-1218
538,3,-1249
398,74,-1118
378,111,-915
445,-83,-849
462,-136,-821
283,109,-903
271,171,-1015
265,70,-1196
407,5,-1262
259,62,-1145
238,105,-919
253,-109,-821
316,-119,-810
132,66,-919
81,183,-995
93,93,-1192
199,3,-1282
81,40,-1159
56,81,-925
85,-60,-829
144,-89,-825
-27,15,-886
-31,150,-972
-31,117,-1182
115,89,-1301
50,-11,-1169
-46,72,-942
76,-56,-843
146,-68,-841
-52,-23,-899
-23,81,-970
-31,156,-1171
78,80,-1286
74,-23,-1206
-39,66,-936
60,-62,-849
132,-62,-835
-23,-31,-878
-48,81,-964
-60,206,-1171
87,56,-1305
15,13,-1192
-31,21,-981
-3,-23,-870
109,-74,-843
-68,-7,-878
-62,5,-962
-54,156,-1139
83,78,-1292
-1,40,-1177
-33,-15,-958
37,-37,-845
132,-44,-856
-11,3,-856
-21,29,-923
40,165,-1153
177,115,-1296
162,19,-1177
37,13,-976
177,-46,-888
236,-44,-853
95,-13,-841
19,54,-919
111,99,-1141
189,128,-1272
111,44,-1180
13,13,-989
160,-48,-878
140,-78,-878
-33,15,-823
-1,60,-905
-39,124,-1118
78,58,-1251
-23,31,-1200
-54,21,-993
3,-35,-878
-5,-37,-874
-74,-21,-853
-87,60,-938
-76,140,-1097
-11,81,-1257
-52,21,-1200
-64,-29,-1022
-13,-15,-903
15,-66,-899
-74,-5,-837
-74,27,-929
-66,160,-1083
7,115,-1225
-9,58,-1214
-39,-1,-1034
5,-15,-938
27,-35,-901
-27,-42,-827
-56,9,-913
-39,130,-1081
35,124,-1227
33,31,-1218
-17,-15,-1056
72,13,-952
56,-11,-884
21,-39,-813
-50,-27,-886
-1,107,-1059
42,76,-1208
13,76,-1210
-33,-15,-1075
13,25,-936
27,-42,-895
27,-52,-825
-89,15,-888
-5,140,-1042
-9,122,-1198
3,81,-1214
-40,-25,-1097
13,-3,-964
39,-42,-884
11,-44,-804
-66,5,-876
11,81,-1020
-11,128,-1184
0,91,-1239
-48,-7,-1114
-21,3,-966
13,-31,-895
0,-40,-812
-58,-1,-890
-33,68,-1011
-50,105,-1184
7,95,-1251
33,-17,-1145
5,25,-993
3,-23,-878
66,-56,-815
-60,-21,-884
-19,70,-993
-31,138,-1171
39,124,-1255
19,-27,-1145
-37,3,-987
50,-31,-884
54,-60,-849
-78,21,-854
-23,44,-977
-62,165,-1163
9,76,-1241
-15,23,-1159
-83,31,-1005
13,-42,-909
-3,-48,-845
-80,-27,-858
-50,46,-970
-68,142,-1155
3,121,-1225
-13,-5,-1169
-52,3,-1005
50,-39,-901
1,-35,-837
-64,-13,-831
-11,19,-964
-42,158,-1130
44,111,-1223
1,46,-1179
21,-29,-1026
44,-29,-909
66,-39,-856
-35,-25,-837
-1,44,-936
-11,85,-1122
44,134,-1218
13,9,-1192
-15,-5,-1026
23,-46,-911
27,-27,-847
-44,-46,-813
-40,-15,-923
-62,132,-1098
-7,138,-1216
-19,103,-1216
-56,-33,-1048
0,-23,-933
-1,-33,-874
-37,-11,-827
-62,5,-917
-46,107,-1098
11,117,-1218
-9,56,-1218
-15,-13,-1048
19,-35,-942
31,-29,-872
-54,-44,-823
-48,-1,-897
-31,91,-1067
23,132,-1194
-25,95,-1233
15,-40,-1093
3,-9,-954
60,-27,-895
5,-7,-829
-39,-13,-909
-17,81,-1050
3,126,-1218
23,105,-1233
-35,0,-1083
11,-15,-954
19,-42,-894
11,-29,-817
-54,13,-882
-33,101,-1018
-46,115,-1161
21,99,-1231
-48,-29,-1106
-25,7,-970
-27,-31,-901
19,-25,-827
-72,-21,-890
-60,74,-997
-46,115,-1188
-1,115,-1229
15,-21,-1145
-50,17,-991
37,-48,-905
9,-33,-827
-44,-21,-872
-33,70,-983
-39,134,-1159
29,119,-1223
39,-25,-1151
-35,15,-976
60,-7,-886
78,-25,-839
-31,-29,-874
-17,11,-976
-35,154,-1153
44,128,-1239
11,-27,-1159
-40,-3,-1009
56,-17,-913
56,-56,-853
-76,-9,-862
-48,13,-968
-42,122,-1143
33,124,-1200
-37,-3,-1177
-35,9,-989
13,-17,-903
39,-23,-862
-95,-37,-862
-42,52,-958
-68,156,-1122
-5,138,-1204
-58,13,-1190
-56,-15,-1030
9,-15,-927
-3,-39,-878
-91,-11,-837
-33,-11,-948
-48,146,-1093
17,93,-1202
-5,37,-1186
-1,-21,-1009
37,-27,-933
33,-11,-862
-48,-29,-853
-48,35,-940
-35,134,-1081
9,130,-1198
-19,15,-1196
-3,9,-1040
21,-21,-931
17,-5,-899
-31,-29,-843
-44,17,-915
-66,115,-1056
25,107,-1171
13,66,-1210
0,-27,-1054
5,-27,-942
-31,-15,-907
-64,-29,-849
-72,9,-903
-78,95,-1052
-64,119,-1182
-60,76,-1221
-111,-25,-1071
-91,-1,-968
-83,-3,-913
-160,-25,-837
-179,-29,-894
-230,62,-1048
-169,156,-1163
-218,97,-1214
-232,-40,-1081
-292,-56,-999
-265,31,-894
-290,-13,-833
-365,5,-876
-368,-11,-1015
-355,169,-1139
-333,150,-1216
-314,-37,-1130
-388,-70,-1003
-257,19,-907
-257,50,-825
-325,-46,-915
-288,-39,-1016
-322,171,-1124
-212,158,-1239
-380,-25,-1163
-370,-111,-979
-452,76,-905
-521,39,-862
-638,-7,-882
-587,-111,-981
-607,185,-1161
-603,193,-1218
-499,-7,-1108
-536,-101,-1003
-353,27,-878
-400,78,-853
-355,-87,-853
-353,-35,-989
-220,150,-1116
-152,222,-1247
-122,-46,-1180
-128,-44,-1038
-15,-11,-925
-35,58,-899
-105,-35,-866
-83,-37,-944
-76,162,-1098
-60,121,-1220
-95,46,-1184
-160,-58,-995
-7,-3,-923
111,64,-880
197,-9,-829
48,39,-974
122,74,-1130
384,206,-1108
378,9,-1138
298,-64,-1020
304,-15,-991
214,37,-935
247,-87,-849
101,107,-950
91,95,-1102
128,138,-1141
117,-19,-1134
52,-27,-1061
-56,97,-981
17,-25,-884
-78,-1,-782
-89,-40,-868
-105,152,-1061
-76,167,-1163
-72,46,-1155
-105,-48,-1063
-107,-17,-1020
-76,76,-897
-97,-74,-862
-156,1,-897
-124,68,-1054
-95,187,-1145
-70,-9,-1192
-148,-35,-1067
-89,-27,-968
-111,35,-888
-107,-64,-837
-167,9,-923
-203,121,-1061
-128,169,-1184
-89,50,-1237
-117,-39,-1136
-93,1,-991
-5,48,-884
9,-72,-847
-78,-21,-919
-62,40,-1040
-39,128,-1171
15,35,-1221
-60,-39,-1098
-60,35,-960
39,54,-874
9,-62,-854
-76,-31,-905
-58,85,-1040
-13,154,-1184
66,89,-1184
-25,-39,-1106
-17,31,-966
78,3,-886
78,-66,-849
-13,-37,-907
-11,81,-999
35,146,-1138
122,105,-1190
44,-39,-1112
54,11,-976
113,-11,-880
109,-56,-853
-62,-29,-911
-48,91,-983
21,146,-1128
27,115,-1214
-27,-31,-1138
-39,5,-968
66,5,-903
27,-29,-886
-72,-25,-895
9,46,-950
5,119,-1145
39,95,-1227
66,-37,-1153
-33,33,-999
35,-23,-933
54,-33,-880
-66,-37,-886
-93,56,-942
-35,121,-1124
5,152,-1216
-66,-17,-1190
-93,21,-997
33,-5,-931
-25,-19,-894
-89,-37,-870
-70,64,-925
-23,121,-1136
1,130,-1231
-9,-15,-1192
-37,-3,-1015
48,-19,-936
25,-25,-882
-37,-29,-853
-54,23,-917
-31,126,-1106
-23,117,-1196
3,-25,-1182
-54,5,-1011
11,-1,-923
21,-1,-872
-52,-40,-854
-50,33,-927
-33,93,-1104
-17,169,-1212
31,-29,-1186
-48,-7,-1018
25,-1,-944
66,-23,-882
21,-44,-851
-39,3,-925
-33,117,-1077
0,128,-1194
23,17,-1180
-62,-17,-1030
-11,25,-933
40,-5,-876
11,-46,-862
-54,11,-915
-60,134,-1081
1,142,-1190
11,27,-1204
-50,-31,-1056
11,17,-940
56,3,-895
48,-46,-854
-50,19,-933
-37,81,-1069
-11,134,-1173
17,31,-1186
-50,-15,-1075
-17,27,-927
60,0,-892
17,-50,-866
-58,-5,-917
-62,117,-1044
-33,167,-1151
21,21,-1206
-56,-13,-1087
-17,17,-960
54,5,-894
33,-40,-866
-64,-19,-921
-64,76,-1036
-35,158,-1167
42,33,-1206
-68,-17,-1083
-17,-5,-950
42,9,-899
48,-56,-862
-78,-5,-917
-68,87,-1001
-31,136,-1143
0,70,-1200
-44,-29,-1132
-54,29,-956
58,-15,-903
68,-37,-876
-78,-39,-901
-56,89,-1001
-23,148,-1159
25,81,-1198
-35,-44,-1120
-37,11,-956
80,-9,-909
39,-39,-853
-54,-35,-895
-50,81,-987
-21,89,-1136
11,105,-1188
-15,-44,-1151
-56,54,-958
64,-19,-911
40,-23,-894
-33,-40,-907
-54,85,-970
-23,140,-1132
5,89,-1196
-19,-39,-1163
-52,27,-983
40,-27,-925
19,3,-878
-40,-42,-884
-60,68,-960
-23,81,-1130
-3,132,-1202
3,-5,-1149
-54,52,-1001
29,-60,-940
17,-23,-878
-411,-62,-935
-124,33,-796
-327,195,-1054
-491,62,-1202
-683,31,-1309
-1073,130,-1128
-1188,-89,-1003
-1095,-93,-942
-899,56,-751
-1284,160,-851
-1097,-80,-979
-1196,-39,-1233
-1104,148,-1153
-1524,220,-1151
-1220,-132,-925
-1175,-318,-878
-1180,124,-858
-1292,288,-921
-1169,15,-1030
-1026,-242,-1235
-1091,230,-1352
-1108,320,-1147
-977,-87,-948
-796,-491,-858
-804,136,-856
-849,304,-862
-935,42,-987
-673,-302,-1237
-605,203,-1325
-825,322,-1134
-769,-111,-890
-612,-318,-935
-593,83,-882
-1028,439,-890
-968,-81,-925
-901,-363,-1278
-905,126,-1382
-1397,411,-1040
-1323,25,-823
-1032,-552,-958
-1255,91,-944
-1524,349,-743
-1430,95,-866
-1143,-441,-1280
-1188,136,-1333
-1536,587,-1056
-1364,-66,-839
-1147,-503,-950
-1143,-78,-936
-1475,431,-849
-1383,83,-858
-1138,-376,-1245
-1052,154,-1385
-1243,591,-1110
-1110,-58,-757
-927,-591,-948
-909,17,-962
-1098,357,-827
-1313,271,-798
-921,-534,-1204
-968,154,-1508
-1233,447,-1151
-1360,-29,-831
-1071,-400,-956
-976,-66,-999
-1342,415,-802
-1575,78,-726
-1102,-458,-1303
-1100,232,-1430
-1327,185,-1147
-1581,150,-895
-948,-501,-921
-847,140,-935
-1159,130,-780
-1177,103,-835
-747,-228,-1218
-646,173,-1479
-931,283,-1270
-866,142,-817
-527,-331,-901
-312,-44,-981
-525,124,-827
-515,46,-732
-244,5,-1249
62,31,-1370
-146,308,-1136
-15,44,-892
269,-91,-974
409,-236,-960
220,134,-804
165,119,-810
173,19,-1179
240,80,-1423
144,21,-1208
468,152,-819
443,-177,-1138
536,-195,-1067
735,-74,-704
1581,378,-538
897,128,-1208
1368,-378,-1237
1245,152,-1050
1561,146,-1069
1141,128,-1063
1327,-384,-1044
1399,183,-735
1079,-17,-851
661,400,-1112
1374,39,-1198
1075,-122,-1278
841,177,-1085
1001,232,-942
1091,-333,-790
767,-181,-753
909,119,-667
636,351,-1079
716,121,-1196
841,-206,-1212
673,185,-1155
628,236,-1022
620,-95,-915
753,-251,-796
628,152,-874
456,255,-1079
780,-50,-1079
870,-58,-1259
802,396,-1038
847,-117,-952
1093,-99,-751
1325,-327,-753
1110,406,-897
1132,146,-1069
1130,283,-1227
1586,-240,-1218
1233,224,-1210
1305,261,-1034
1223,-162,-843
1516,-437,-827
1077,203,-942
1120,404,-1020
1057,17,-1071
1389,-308,-1171
1097,273,-1175
1042,325,-954
1011,-117,-813
1358,-415,-780
909,121,-1020
854,503,-1007
913,5,-1184
1157,-175,-1288
976,54,-1202
911,462,-954
940,-191,-829
1188,-413,-765
935,181,-886
938,372,-927
933,31,-1108
1288,-267,-1196
1018,234,-1194
938,345,-919
956,-126,-872
1210,-320,-849
833,91,-972
796,365,-923
753,19,-1149
950,-42,-1249
726,99,-1188
657,281,-931
581,-204,-825
601,-259,-835
404,-5,-837
335,232,-903
281,83,-1130
304,-42,-1257
314,169,-1216
154,80,-1042
162,5,-917
226,-169,-866
91,3,-892
-7,89,-909
1,124,-1114
64,158,-1251
121,0,-1262
-42,117,-1018
80,-95,-913
173,-19,-853
119,-46,-895
1,109,-894
78,117,-1114
251,175,-1303
234,25,-1317
144,52,-1104
236,-70,-936
302,-33,-884
261,-3,-862
126,40,-917
156,101,-1114
310,58,-1313
290,70,-1331
122,60,-1153
226,-39,-1028
251,-99,-1044
236,-46,-997
60,-9,-1042
17,29,-1323
236,35,-1600
146,136,-1668
21,146,-1362
115,-54,-1247
160,-19,-1202
144,-35,-1116
-48,11,-1171
-9,48,-1423
91,72,-1731
68,62,-1635
-66,101,-1339
64,25,-1173
122,-62,-1165
91,-27,-1030
-46,-23,-1075
1,121,-1301
97,99,-1508
95,101,-1397
-31,21,-1145
54,23,-1001
109,-44,-997
72,-40,-899
-74,15,-968
-17,152,-1179
56,103,-1413
58,158,-1352
-9,70,-1134
64,29,-1028
113,-19,-1011
78,-56,-923
-44,-3,-1005
9,58,-1221
37,152,-1442
56,91,-1421
-5,70,-1249
33,33,-1108
109,-11,-1100
78,-97,-1057
-29,-7,-1091
-31,87,-1286
21,138,-1497
46,78,-1489
-11,-17,-1325
-5,31,-1192
83,-35,-1143
42,-74,-1075
-56,-78,-1126
-42,83,-1309
31,126,-1503
31,105,-1506
31,11,-1341
13,-17,-1192
85,-31,-1157
66,-52,-1075
-21,-60,-1124
-40,25,-1262
-31,142,-1440
11,144,-1446
5,27,-1331
-33,-3,-1180
48,-17,-1128
40,-46,-1050
-23,-60,-1077
-46,40,-1182
-40,126,-1364
7,134,-1419
11,31,-1341
-3,9,-1180
27,-3,-1097
52,-48,-1007
-11,-64,-1059
-68,56,-1179
-52,105,-1356
5,169,-1471
21,46,-1417
-68,-5,-1262
3,-21,-1161
0,-48,-1132
-56,-35,-1138
-107,21,-1239
-78,132,-1465
-46,158,-1571
-15,74,-1504
-72,3,-1323
5,-27,-1200
-15,-44,-1126
-33,-50,-1114
-80,3,-1216
-62,126,-1424
-19,146,-1571
11,39,-1493
-62,13,-1292
33,-15,-1151
46,-31,-1147
-3,-42,-1098
-44,-5,-1192
-42,154,-1391
40,107,-1544
46,83,-1458
-27,33,-1274
54,31,-1114
74,-54,-1085
66,-56,-1028
-37,-7,-1114
-39,179,-1311
37,132,-1483
68,64,-1479
-33,-64,-1284
29,25,-1149
44,13,-1091
58,-44,-1069
-62,3,-1169
-46,93,-1331
15,156,-1553
33,40,-1518
-17,-19,-1348
5,40,-1175
68,-3,-1153
62,-80,-1122
-70,-42,-1204
-31,40,-1370
-15,175,-1573
64,40,-1555
-17,3,-1383
-1,46,-1221
62,35,-1147
66,-115,-1126
-72,-80,-1155
-66,70,-1327
-15,183,-1544
25,101,-1547
-39,-46,-1356
-31,9,-1192
27,33,-1141
64,-80,-1077
-78,-46,-1122
-76,50,-1260
-19,187,-1483
7,189,-1534
-11,-13,-1344
-52,-35,-1179
60,-39,-1134
70,-46,-1081
-72,-44,-1143
-91,76,-1268
-17,163,-1497
-27,185,-1547
-29,-1,-1403
-31,17,-1233
-21,0,-1194
56,-56,-1095
-80,-60,-1175
-78,56,-1264
-35,89,-1495
13,70,-1588
-37,19,-1419
-29,99,-1239
3,95,-1184
93,-140,-1112
-40,-156,-1149
-68,60,-1264
-15,185,-1491
-11,150,-1577
29,-23,-1444
-58,-9,-1282
89,140,-1165
70,-48,-1155
-48,-121,-1136
-64,-68,-1257
-31,179,-1464
42,201,-1604
23,80,-1446
-35,-29,-1274
19,31,-1134
87,-56,-1104
-27,-81,-1118
-37,-31,-1200
-13,99,-1446
-5,185,-1590
33,50,-1424
-25,40,-1268
3,60,-1149
121,-80,-1093
-13,-56,-1165
-78,-31,-1190
-19,58,-1438
-11,206,-1544
80,-3,-1450
-50,146,-1290
25,15,-1145
78,-46,-1122
1,-64,-1128
-80,-3,-1208
-44,39,-1407
-5,187,-1542
0,81,-1489
-9,46,-1280
-7,40,-1216
33,-50,-1200
21,-156,-1122
-85,-35,-1198
-64,126,-1397
-9,228,-1549
5,81,-1506
-19,15,-1356
-21,-3,-1253
50,-56,-1192
37,-64,-1087
-105,-50,-1184
-33,119,-1327
-15,228,-1565
-17,54,-1530
-23,-44,-1362
-29,13,-1216
66,-66,-1169
11,-9,-1081
-70,5,-1134
-33,115,-1327
-33,109,-1590
40,39,-1520
-29,-40,-1397
-21,121,-1218
83,-31,-1147
11,-72,-1089
-39,-66,-1138
-42,78,-1348
-27,165,-1520
40,95,-1545
-39,-3,-1409
11,40,-1216
25,-17,-1177
42,-80,-1098
-70,-60,-1110
-35,39,-1346
-40,216,-1532
39,111,-1544
-31,52,-1446
-39,-7,-1241
58,-25,-1138
62,-117,-1141
-72,-15,-1097
-21,3,-1356
-35,318,-1510
42,44,-1544
-54,39,-1438
1,-54,-1241
76,-33,-1163
58,-19,-1104
-48,1,-1138
-72,31,-1286
-27,163,-1473
25,70,-1588
-13,5,-1424
-58,40,-1262
60,64,-1143
62,-111,-1128
-46,-7,-1128
-54,-19,-1243
-44,259,-1452
7,44,-1575
-3,39,-1411
-40,-27,-1260
76,60,-1151
66,-68,-1085
-27,-46,-1161
-78,5,-1223
-31,117,-1458
42,201,-1518
7,46,-1452
0,42,-1305
15,-15,-1192
76,-64,-1145
-44,-48,-1147
-64,68,-1194
-33,126,-1469
29,97,-1583
39,25,-1469
-25,81,-1323
21,-9,-1182
72,-74,-1157
-17,-80,-1089
-35,-29,-1257
-78,290,-1405
5,74,-1545
-1,-23,-1506
-64,19,-1294
91,68,-1192
-21,89,-1180
3,-76,-1036
-31,-154,-1239
-66,214,-1360
46,117,-1579
-13,185,-1489
-29,-83,-1309
66,-64,-1210
-3,23,-1124
44,58,-1032
-81,-15,-1196
-54,-5,-1356
29,37,-1545
-13,265,-1499
-35,136,-1358
1,-54,-1200
33,-142,-1122
29,-91,-1114
-72,144,-1147
-31,124,-1387
-19,13,-1565
-21,158,-1368
44,9,-1206
23,-3,-1173
23,-216,-1081
-68,40,-1182
-54,193,-1342
-29,11,-1575
37,5,-1528
-19,89,-1344
-37,169,-1204
27,-31,-1145
64,-230,-1097
-78,-85,-1182
-56,244,-1288
-5,115,-1530
-9,81,-1561
-33,-1,-1348
-19,62,-1239
74,91,-1097
117,-269,-1087
-97,35,-1161
-35,40,-1270
-42,226,-1544
21,56,-1497
66,-21,-1391
-52,134,-1204
66,-83,-1169
5,-40,-1061
-44,-60,-1130
-48,78,-1305
-74,138,-1503
109,117,-1536
-33,76,-1362
35,3,-1284
46,81,-1122
31,-138,-1155
-7,-50,-1079
-21,3,-1333
-46,218,-1456
48,40,-1551
-29,66,-1383
35,5,-1221
29,64,-1182
7,-48,-1095
5,-101,-1083
-39,15,-1296
-54,175,-1448
54,111,-1549
-54,93,-1378
19,-95,-1268
62,146,-1165
50,-99,-1118
-40,-25,-1122
-17,15,-1243
-64,113,-1467
23,130,-1454
-7,9,-1491
-58,78,-1270
56,-74,-1159
70,-5,-1081
-54,-31,-1134
-37,15,-1227
-48,109,-1364
42,173,-1534
15,80,-1491
-56,3,-1260
29,-42,-1221
48,-23,-1075
0,-5,-1161
-85,-15,-1171
-21,-5,-1426
11,267,-1504
17,56,-1483
-56,9,-1315
25,-31,-1180
66,-58,-1130
9,-19,-1089
-39,15,-1210
-60,101,-1417
3,171,-1434
15,-76,-1544
-48,126,-1329
81,-15,-1177
-31,35,-1173
15,-109,-1087
-60,-31,-1190
-13,115,-1311
21,154,-1553
1,195,-1475
-7,-87,-1313
17,-5,-1204
60,-62,-1048
23,-27,-1016
-76,13,-1122
-19,50,-1350
60,312,-1286
-85,126,-1415
66,-181,-1497
-37,109,-1319
40,-5,-946
11,-117,-1192
-3,31,-1235
-134,21,-1282
37,210,-1594
80,3,-1713
9,99,-1436
3,-11,-1262
119,40,-1237
117,-89,-1095
-74,-40,-1098
-89,27,-1294
5,66,-1526
23,292,-1467
-39,-39,-1370
-66,50,-1077
27,-130,-1102
-27,173,-942
-46,-107,-909
-160,81,-1192
-5,154,-1278
-3,124,-1360
-7,74,-1114
35,48,-911
-5,44,-880
85,-117,-655
-11,-46,-819
-37,-15,-892
-60,204,-1124
64,33,-1083
37,66,-1015
9,130,-772
60,-48,-792
-33,-54,-685
31,-74,-675
-91,-1,-837
29,189,-1026
-109,292,-1054
37,-40,-985
5,162,-829
0,-33,-726
17,-148,-704
-91,-121,-667
-42,-37,-862
-85,226,-1040
-15,226,-1124
21,-33,-1087
-33,-5,-890
109,-97,-825
-48,-54,-802
60,-15,-698
-93,-11,-950
-39,140,-1102
27,140,-1184
-42,5,-1227
29,-7,-972
-21,-81,-894
27,0,-854
-11,-87,-849
-152,78,-995
48,15,-1200
-54,195,-1372
40,-54,-1346
11,-1,-1104
72,193,-958
97,-101,-919
-58,-39,-946
-50,-50,-1089
13,-5,-1274
-54,226,-1467
62,142,-1364
-89,42,-1225
1,50,-983
68,-85,-997
39,-44,-1030
-39,-29,-1079
-111,152,-1278
162,76,-1454
-17,160,-1356
-74,66,-1120
117,7,-1044
-31,3,-970
117,-195,-933
-128,-29,-1097
-48,206,-1143
21,122,-1292
-13,216,-1266
-35,-21,-1044
-58,17,-1056
64,-35,-866
33,-99,-851
-80,146,-915
-62,107,-1067
-50,173,-1208
33,64,-1159
-35,-1,-1050
-62,70,-966
64,-5,-841
54,-105,-798
-109,-42,-892
-21,46,-970
-97,327,-1151
148,-1,-1161
-56,33,-1075
-1,-80,-925
21,109,-847
56,54,-714
40,-148,-798
-138,136,-931
-35,60,-1046
-3,48,-1202
-21,150,-950
-29,-23,-878
-25,165,-792
138,-171,-581
-3,-204,-751
-87,152,-825
19,160,-974
-7,31,-1116
9,64,-950
-35,-50,-815
156,85,-630
31,-54,-624
17,-199,-609
-37,-3,-794
-117,316,-927
154,-17,-1136
-99,142,-952
5,-25,-671
64,-58,-751
56,-23,-542
76,-214,-519
-224,146,-819
78,238,-794
39,-105,-1114
-64,238,-888
29,-144,-730
-58,121,-724
179,-134,-495
-62,-111,-718
-142,279,-653
85,-121,-987
-109,222,-1196
97,64,-944
-42,-85,-858
48,68,-737
134,-146,-679
-101,122,-655
-50,-62,-747
-42,132,-1081
50,160,-1130
21,-78,-1040
-78,76,-872
42,68,-724
85,-7,-667
-48,-150,-675
-99,17,-730
40,189,-993
-83,117,-1100
76,-76,-954
-95,230,-872
124,15,-651
7,-3,-636
-11,-68,-612
3,-83,-708
-46,42,-894
-5,130,-1091
1,294,-884
31,48,-813
58,-85,-702
-5,68,-700
-3,-181,-511
97,-72,-753
-259,322,-929
181,35,-915
-109,181,-1061
-33,9,-849
158,-83,-767
-37,230,-644
56,-265,-612
-111,-175,-817
-64,283,-810
111,136,-895
-27,185,-1139
-33,-21,-854
101,-3,-692
-44,29,-687
103,-249,-540
-7,-35,-655
-160,228,-749
15,173,-935
-39,35,-1044
-11,-5,-802
13,5,-679
0,0,-607
62,-111,-548
-122,-7,-556
-74,85,-732
50,169,-917
13,85,-981
-25,21,-886
-37,-17,-732
144,-80,-603
-42,13,-564
-9,33,-569
-62,-39,-726
-27,101,-981
25,216,-1018
-85,160,-821
-23,-103,-757
76,-25,-689
1,-113,-511
-81,-52,-575
-40,35,-772
-115,296,-1011
70,165,-919
-70,-187,-919
13,107,-735
62,140,-585
-9,-253,-564
35,-132,-530
-72,173,-679
13,193,-874
-40,230,-958
62,-228,-851
17,17,-702
-9,60,-583
81,-99,-538
-66,21,-497
-37,-29,-761
-66,269,-895
33,40,-972
11,7,-956
17,105,-732
-27,-25,-706
132,-97,-478
39,-134,-669
-169,197,-692
107,85,-860
-37,97,-1052
48,39,-915
-52,87,-751
109,-13,-612
5,-31,-599
-27,-152,-577
-27,68,-568
-66,156,-950
7,95,-1011
0,56,-882
-56,78,-720
97,124,-632
64,-165,-534
21,-230,-566
-83,121,-585
0,193,-825
9,236,-987
89,-224,-938
-40,189,-671
46,113,-653
97,-74,-534
64,-236,-497
-107,15,-685
-23,284,-749
54,128,-970
-33,-64,-989
-17,19,-784
9,126,-653
-33,80,-593
66,-261,-550
-101,-111,-663
-101,294,-774
33,148,-972
-31,134,-993
9,-218,-759
-5,156,-728
11,62,-530
76,-173,-486
-136,-3,-685
-35,19,-671
19,263,-1007
-44,122,-958
39,-134,-810
-21,13,-728
27,117,-577
111,-150,-546
-134,-17,-573
13,29,-726
-29,201,-1077
-3,165,-897
46,-42,-827
-58,62,-730
144,-126,-562
-3,-40,-536
-72,27,-540
0,31,-735
-87,99,-977
64,113,-897
-56,189,-884
-25,21,-618
150,-187,-593
-17,-35,-542
-48,-5,-511
-44,140,-665
-31,107,-946
25,-70,-972
-11,130,-817
15,130,-708
54,-48,-632
66,-154,-486
-70,-83,-554
-81,245,-679
27,74,-919
-64,91,-966
17,13,-833
-35,85,-733
11,29,-632
89,-181,-488
-105,-58,-583
-60,121,-685
-50,160,-882
-13,136,-948
0,-15,-882
-17,97,-702
5,-25,-587
56,-103,-538
-66,-95,-509
-46,66,-593
-44,169,-905
15,130,-935
21,9,-870
-42,171,-726
107,-99,-626
11,-66,-540
-19,-27,-493
-42,37,-655
-48,165,-843
0,40,-931
-11,46,-933
5,154,-733
62,-64,-628
0,-62,-560
-3,-97,-513
-76,109,-669
-48,117,-827
15,80,-938
-27,58,-944
11,60,-722
31,-3,-653
23,-31,-546
31,-208,-501
-121,124,-636
15,109,-808
3,66,-1022
-35,85,-936
1,121,-745
-1,9,-726
83,-103,-536
-17,-126,-546
-68,83,-605
-33,163,-784
-48,39,-917
66,-3,-968
-89,146,-771
91,-9,-632
-15,-27,-548
40,-136,-495
-42,-3,-607
-74,152,-724
-21,175,-935
33,62,-936
-52,-5,-786
-9,25,-640
60,-23,-558
17,-126,-462
-54,15,-542
-62,142,-767
9,128,-911
5,7,-935
-48,121,-815
54,-17,-659
0,-46,-581
60,-109,-493
-68,-19,-593
-66,107,-745
-29,68,-938
-60,128,-991
9,37,-813
-5,-17,-733
29,37,-616
56,-142,-509
-85,35,-597
-52,74,-716
-11,60,-958
-13,148,-991
0,23,-808
-52,9,-739
128,-25,-585
-17,-93,-511
-50,23,-542
-42,78,-702
-62,74,-876
5,81,-921
0,56,-862
-54,70,-698
89,13,-556
-7,-87,-517
-23,-46,-505
-56,62,-659
-33,111,-858
-15,169,-933
11,48,-866
-23,3,-696
93,-31,-568
-11,-44,-525
0,-27,-505
-52,21,-622
-68,128,-886
15,105,-911
0,58,-913
-42,78,-722
83,-72,-624
-19,-74,-536
19,-50,-530
-83,175,-648
-42,33,-888
-23,130,-956
-5,74,-911
0,19,-786
44,9,-638
3,-126,-536
-21,-74,-554
-70,81,-618
-46,107,-847
-17,144,-958
48,1,-925
-72,83,-772
62,-13,-601
13,-37,-575
-11,-130,-536
-72,-3,-575
-68,132,-823
5,212,-938
15,15,-929
-56,44,-755
85,-15,-628
3,-5,-528
21,-66,-476
-62,-25,-571
-64,78,-800
0,177,-921
25,83,-917
-56,31,-757
46,-50,-624
29,-74,-534
-3,-42,-478
-68,93,-564
-52,66,-782
-23,128,-915
23,60,-919
-29,60,-806
11,-19,-648
58,-48,-558
27,-99,-505
-68,9,-569
-35,105,-774
-31,171,-942
25,3,-942
-37,29,-849
21,74,-677
31,-9,-562
11,-101,-513
-70,-64,-571
-60,105,-757
-52,179,-952
15,68,-970
-50,-21,-845
-33,60,-683
40,19,-583
15,-113,-530
-72,-48,-538
-58,72,-747
-48,232,-909
1,91,-966
-23,-40,-856
-1,-9,-694
25,35,-564
31,-44,-511
-72,-56,-538
-72,37,-685
-50,195,-890
-7,146,-962
-11,3,-872
-33,9,-691
83,-39,-609
21,-31,-515
-23,-44,-534
-23,46,-704
-27,121,-936
54,117,-1007
11,9,-929
-19,19,-757
15,-44,-683
9,-44,-579
-78,-54,-628
9,35,-763
165,117,-1005
501,31,-1093
458,154,-1071
474,44,-853
938,-35,-597
942,-115,-634
987,-44,-724
927,103,-862
1034,115,-1075
1225,17,-1157
1054,201,-1159
1032,109,-936
1011,-76,-747
1237,-265,-634
1028,91,-759
927,240,-812
903,93,-929
1161,-150,-1030
991,163,-1071
870,214,-823
913,-29,-665
1015,-288,-671
895,-50,-735
733,343,-819
704,46,-966
856,-1,-1114
862,126,-1163
681,273,-921
776,-70,-788
974,-228,-739
796,-13,-757
753,195,-767
829,97,-903
1177,-74,-1087
1032,216,-1139
1040,204,-946
1153,25,-837
1372,-224,-788
1173,27,-853
989,183,-819
1112,81,-927
1309,-74,-1239
1057,232,-1259
839,259,-1026
925,-35,-819
1075,-386,-810
897,-11,-786
653,357,-720
607,121,-866
831,-105,-1124
698,-17,-1179
511,398,-1005
491,46,-810
540,-380,-841
347,-11,-776
222,138,-720
-42,325,-833
175,-325,-1175
33,273,-1237
-46,81,-991
-9,210,-806
5,-292,-872
58,13,-712
-144,1,-685
-126,87,-870
-60,134,-1188
-101,-39,-1251
-222,269,-999
-54,-89,-958
-70,0,-897
-19,-210,-804
-167,91,-706
-195,130,-888
-9,109,-1214
-534,74,-1278
-111,-89,-913
-402,146,-890
-470,-140,-921
-901,-132,-810
-1091,-232,-837
-1413,302,-977
-1274,87,-1210
-1270,27,-1147
-1284,-130,-1118
-1380,302,-946
-1393,132,-847
-1235,-421,-687
-1329,-148,-874
-1097,163,-841
-1251,355,-1138
-1089,-197,-1171
-1015,-195,-1128
-1020,447,-1050
-938,-37,-964
-946,-140,-870
-821,-325,-812
-853,370,-968
-753,199,-1089
-792,87,-1124
-610,-171,-1184
-651,255,-1009
-575,-68,-919
-491,-42,-739
-552,-214,-780
-571,195,-858
-642,175,-1110
-575,54,-1155
-566,-48,-1216
-673,107,-1048
-782,62,-919
-733,-91,-759
-755,-80,-769
-851,68,-815
-950,72,-1013
-831,15,-1163
-722,-40,-1202
-837,156,-981
-784,19,-890
-698,-40,-794
-612,-126,-843
-630,103,-882
-630,66,-1077
-497,140,-1214
-335,-83,-1288
-347,226,-1095
-218,-5,-933
-175,-11,-796
-132,-318,-856
-121,64,-890
-105,210,-1024
-7,253,-1200
52,-23,-1300
-15,-91,-1114
-66,105,-905
35,11,-837
-48,-136,-864
-111,-13,-864
-195,177,-987
-85,204,-1155
-37,-15,-1278
-89,-33,-1073
-68,40,-835
-25,19,-763
-1,-85,-798
-80,-46,-841
-121,109,-925
-40,142,-1153
-7,52,-1301
-122,-39,-1120
-171,99,-874
-152,-19,-864
-130,-58,-843
-333,-39,-862
-407,105,-923
-247,165,-1188
-203,146,-1294
-255,-17,-1067
-261,-5,-886
-144,-42,-872
-122,-81,-853
-199,-31,-854
-232,72,-970
-109,195,-1218
-17,40,-1325
-122,0,-1143
-89,44,-962
-19,27,-952
-11,-80,-882
-130,-48,-829
-136,37,-933
-52,204,-1175
-15,40,-1276
-122,-9,-1114
-68,40,-962
-25,23,-958
-42,-70,-874
-113,-76,-812
-156,115,-933
-48,158,-1159
-3,81,-1274
-54,17,-1126
-33,31,-983
68,-23,-913
48,-89,-810
-89,-103,-767
-85,117,-872
-46,173,-1143
-9,81,-1266
-60,19,-1161
-50,46,-1005
122,35,-942
58,-29,-815
46,-101,-778
13,66,-897
117,150,-1143
204,103,-1233
191,23,-1159
152,23,-989
236,13,-946
185,-66,-843
121,-83,-806
11,50,-905
42,158,-1124
119,122,-1241
13,25,-1196
-42,33,-1032
91,9,-936
-33,-52,-827
-89,-115,-774
-152,19,-866
-105,152,-1081
-85,138,-1233
-56,39,-1180
-111,-9,-1054
13,-3,-964
-40,-35,-860
-35,-85,-790
-126,35,-882
-56,91,-1095
-64,142,-1239
7,9,-1241
-81,21,-1077
-17,15,-974
-72,-3,-831
-72,-109,-790
-169,40,-864
-107,142,-1052
-74,171,-1233
-31,40,-1223
-91,17,-1073
9,9,-974
-27,-27,-843
-29,-111,-784
-115,0,-870
-78,99,-1046
-56,146,-1231
-13,58,-1221
-64,21,-1104
3,15,-977
-17,-9,-872
3,-126,-792
-83,15,-860
-58,107,-1032
-44,154,-1200
13,54,-1229
-48,-3,-1138
15,44,-985
7,9,-895
35,-95,-802
-68,-9,-862
-35,91,-1015
-7,156,-1202
48,89,-1235
1,-3,-1122
33,42,-989
78,-29,-907
37,-107,-804
-70,-3,-833
-39,89,-989
-33,163,-1186
35,76,-1245
-29,5,-1124
27,64,-1005
56,21,-895
64,-89,-796
-74,-29,-821
-42,66,-968
-25,162,-1175
27,109,-1253
21,-13,-1126
7,35,-1032
48,5,-907
78,-103,-823
-66,-5,-821
-39,31,-954
-46,150,-1180
19,105,-1237
3,-3,-1143
-17,46,-1013
54,-1,-925
39,-113,-827
-74,-31,-831
-72,58,-942
-54,165,-1151
-19,142,-1245
1,-35,-1186
-44,15,-1038
64,25,-933
15,-70,-851
-31,-35,-831
-68,27,-925
-48,136,-1147
-11,156,-1231
3,-15,-1167
-33,52,-1036
50,7,-933
31,-74,-851
-48,-44,-813
-72,35,-907
-56,144,-1130
-9,162,-1225
19,-27,-1196
-48,46,-1054
56,9,-948
33,-74,-862
-21,-56,-812
-80,13,-866
-31,152,-1116
0,175,-1225
40,-1,-1198
-46,27,-1048
70,5,-950
29,-64,-858
-11,-44,-804
-70,13,-880
-31,130,-1091
-13,162,-1214
33,-15,-1220
-44,37,-1073
60,25,-952
35,-48,-890
5,-78,-812
-68,-3,-870
-33,128,-1063
-9,181,-1214
33,-9,-1208
-29,9,-1083
44,15,-956
35,-50,-890
19,-48,-802
-68,-21,-870
-37,130,-1028
-7,177,-1208
68,15,-1223
-39,9,-1091
35,17,-960
56,-37,-895
11,-70,-813
-72,-19,-856
-39,103,-1020
-25,175,-1204
33,39,-1233
-40,0,-1120
3,48,-989
54,-46,-895
29,-56,-806
-68,-29,-837
-48,95,-1018
-40,177,-1198
27,44,-1223
-52,19,-1128
-7,29,-977
44,-39,-919
13,-81,-817
-78,-13,-851
-58,76,-1005
-60,206,-1182
9,35,-1251
-31,9,-1139
-7,44,-983
54,-7,-919
31,-80,-817
-70,-44,-825
-44,70,-977
-54,191,-1171
19,64,-1237
-11,15,-1145
-9,50,-991
66,-31,-935
19,-62,-823
-48,-48,-835
-56,64,-966
-58,189,-1151
27,72,-1245
-3,9,-1163
-17,29,-1007
70,-9,-936
52,-78,-845
-44,-54,-823
-60,50,-942
-50,195,-1128
23,97,-1237
17,13,-1177
-15,15,-1038
74,-3,-925
39,-60,-853
-40,-44,-815
-68,31,-915
-62,169,-1128
11,95,-1241
25,17,-1190
-46,25,-1026
60,-13,-950
29,-60,-870
-27,-62,-812
-68,21,-913
-62,181,-1116
7,89,-1233
13,7,-1198
-58,27,-1038
56,-13,-952
9,-44,-866
-17,-87,-813
-81,11,-895
-68,165,-1077
-15,111,-1229
15,42,-1204
-58,17,-1054
50,3,-958
9,-52,-868
7,-74,-813
-78,17,-895
-48,154,-1069
-19,130,-1235
31,11,-1216
-48,9,-1067
42,0,-954
52,-23,-886
5,-109,-810
-74,-9,-888
-54,150,-1034
-17,140,-1214
48,35,-1227
-46,13,-1087
25,9,-968
15,-27,-884
19,-81,-806
-70,-3,-868
-46,148,-1050
-31,150,-1214
52,39,-1235
-70,21,-1089
54,1,-989
29,-3,-878
35,-107,-808
-64,-19,-876
-52,144,-1013
-21,154,-1210
27,60,-1243
-33,13,-1110
17,21,-979
33,11,-905
27,-87,-821
-72,-35,-872
-66,122,-999
-33,132,-1192
5,87,-1233
-31,-3,-1126
-1,46,-999
39,-21,-901
27,-89,-829
-68,-37,-862
-50,126,-976
-44,158,-1175
13,105,-1239
-27,-5,-1128
-19,31,-999
52,-1,-919
17,-80,-839
-66,-33,-849
-64,85,-976
-44,156,-1167
0,109,-1237
-23,-7,-1145
-31,35,-1020
50,-17,-913
29,-89,-827
-44,-54,-833
-48,85,-954
-17,154,-1153
48,99,-1245
37,-9,-1161
91,21,-1016
158,13,-933
169,-70,-839
99,-60,-835
107,50,-923
206,179,-1138
245,140,-1243
271,-11,-1184
310,-9,-1003
398,33,-972
407,-39,-837
396,-107,-829
314,44,-913
437,142,-1134
458,203,-1220
511,-15,-1159
458,-31,-1024
583,56,-972
491,-54,-853
407,-78,-778
380,-3,-901
433,167,-1126
382,195,-1216
396,15,-1151
386,-44,-1026
474,50,-993
396,-19,-845
316,-80,-786
269,21,-878
325,85,-1112
277,222,-1202
292,5,-1134
228,-5,-1083
296,15,-1022
206,-31,-872
136,-52,-772
35,3,-876
156,109,-1126
54,185,-1196
93,39,-1165
40,19,-1085
167,-19,-1048
35,-37,-886
64,-60,-757
-58,3,-888
29,40,-1098
-33,203,-1200
37,29,-1180
-31,27,-1130
83,-1,-1038
-9,-39,-880
-11,-70,-784
-64,0,-884
-19,117,-1050
-48,148,-1184
23,13,-1184
-19,54,-1128
54,19,-1032
-23,-42,-874
0,-85,-769
-60,13,-880
-35,70,-1048
-60,167,-1175
33,11,-1206
-46,62,-1149
27,9,-1015
13,-42,-911
15,-103,-802
-31,9,-856
-17,81,-1011
-27,163,-1134
81,46,-1218
76,40,-1151
119,23,-1034
126,-33,-899
148,-101,-810
105,-5,-862
99,80,-1015
83,199,-1143
185,27,-1223
165,35,-1147
152,9,-1026
167,-25,-894
115,-76,-798
74,-5,-854
50,60,-993
50,152,-1120
66,42,-1198
138,-7,-1155
29,60,-1020
87,-9,-872
11,-74,-841
-17,-21,-888
-35,58,-981
-48,181,-1116
-40,87,-1214
21,-7,-1163
-76,3,-1036
-23,-27,-905
-60,-50,-849
-93,-31,-876
-93,25,-964
-81,175,-1110
-72,134,-1216
-11,15,-1159
-81,-1,-1046
-25,0,-925
-33,-60,-880
-68,-39,-866
-105,64,-944
-72,146,-1098
-44,111,-1192
9,-29,-1194
-66,62,-1034
7,-17,-915
1,-46,-874
-35,-60,-851
-70,44,-919
1,136,-1079
35,117,-1210
80,-5,-1186
-13,46,-1032
111,-19,-946
74,-66,-874
23,-35,-851
-46,56,-894
-31,130,-1063
29,107,-1196
64,0,-1192
-21,39,-1036
74,15,-946
35,-58,-894
23,-72,-856
-60,19,-905
-15,156,-1052
21,113,-1188
5,15,-1202
-27,5,-1061
66,-17,-962
17,-9,-913
-7,-44,-849
-76,-7,-888
-21,81,-1034
-9,154,-1177
29,35,-1198
-48,15,-1075
37,-15,-974
56,-37,-935
-17,-35,-866
-58,-1,-866
-27,109,-1032
23,128,-1147
27,33,-1223
-35,27,-1087
31,-13,-1005
1,-25,-927
0,-46,-847
-72,-3,-847
-44,80,-1001
-48,150,-1151
1,60,-1227
-66,29,-1110
7,-5,-1005
0,-31,-935
-29,-48,-837
-89,9,-862
-60,87,-987
-33,144,-1159
-31,40,-1231
-40,9,-1116
-17,35,-1013
40,-7,-929
-9,-58,-831
-76,-29,-847
-35,87,-976
-25,175,-1149
-11,80,-1229
0,-21,-1145
-11,13,-1020
78,-11,-913
44,-52,-839
-44,-29,-862
-52,44,-966
27,140,-1149
21,101,-1239
27,-9,-1139
-19,46,-1013
105,-44,-933
21,-56,-864
-44,-44,-866
-40,85,-956
-19,113,-1116
13,126,-1208
13,-25,-1155
-31,29,-1022
42,-9,-929
29,-58,-874
-80,-33,-847
-66,21,-936
-33,165,-1097
-19,130,-1204
-13,-11,-1180
-48,9,-1024
70,-35,-962
-15,-37,-868
-60,-48,-853
-56,48,-925
-35,111,-1093
-11,134,-1175
5,0,-1177
-56,27,-1044
87,-7,-972
-15,-25,-901
-33,-50,-841
-68,23,-915
-23,156,-1042
-3,119,-1188
50,72,-1184
-27,-13,-1067
66,-27,-968
7,-15,-884
-31,-40,-866
-80,42,-895
-15,81,-1038
-17,136,-1179
1,19,-1200
-58,9,-1075
40,-15,-968
0,-9,-899
-35,-50,-849
-80,-1,-880
-54,117,-1032
-31,142,-1151
-5,50,-1204
-48,3,-1095
21,3,-974
-3,3,-899
-3,-62,-843
-76,-5,-880
-13,83,-1022
0,156,-1167
33,62,-1218
-44,-13,-1112
40,-13,-987
21,-27,-913
17,-40,-843
-70,-1,-868
13,76,-1022
19,134,-1173
64,66,-1216
11,-29,-1100
39,19,-981
72,-19,-921
29,-50,-854
-48,-27,-903
9,37,-997
-13,171,-1128
13,66,-1223
-3,9,-1118
3,-19,-1005
21,5,-917
3,-44,-851
-89,-29,-866
-42,60,-985
-23,162,-1132
-15,103,-1192
-42,-35,-1138
-21,-1,-1032
13,-15,-925
-13,-19,-849
-103,-39,-874
-40,58,-966
-42,138,-1122
-33,128,-1206
-44,-21,-1169
-42,-9,-1020
39,15,-942
19,-52,-866
-74,-9,-888
-21,35,-938
-19,130,-1114
-3,144,-1192
27,-3,-1175
-48,46,-1020
72,-25,-954
-1,-40,-880
-52,-39,-868
-70,66,-936
-11,109,-1093
-15,119,-1202
-23,1,-1175
-66,5,-1028
91,-11,-960
-9,-44,-899
-44,-29,-882
-66,37,-923
-9,97,-1056
-29,126,-1179
9,-19,-1196
-50,29,-1056
33,-29,-966
-42,-13,-897
-78,-37,-872
-122,37,-915
-78,107,-1046
-83,111,-1190
-68,40,-1186
-214,7,-1075
-87,-35,-956
-167,-40,-901
-199,-48,-866
-339,27,-907
-259,99,-1013
-284,64,-1171
-253,101,-1184
-378,3,-1081
-265,-7,-950
-265,-87,-925
-335,-5,-858
-335,35,-880
-324,156,-1030
-269,-3,-1182
-261,60,-1214
-314,46,-1104
-226,25,-974
-257,-76,-927
-304,-37,-862
-343,68,-897
-411,119,-1061
-333,62,-1124
-525,35,-1243
-610,21,-1087
-583,93,-950
-515,-144,-964
-568,-44,-856
-708,46,-917
-575,140,-917
-476,15,-1102
-394,80,-1190
-439,35,-1052
-366,37,-985
-255,-91,-960
-203,-56,-880
-253,85,-888
-228,111,-974
-103,44,-1151
-76,54,-1255
-81,19,-1169
-52,91,-1046
-37,-35,-956
-37,-66,-874
-111,-21,-890
-167,134,-931
-85,52,-1116
-97,81,-1208
97,25,-1104
-91,44,-1071
335,1,-849
419,-138,-897
95,7,-817
269,31,-854
277,247,-1079
407,15,-1223
286,-54,-1206
121,13,-1081
269,25,-942
201,-25,-872
64,-23,-843
-87,64,-956
74,85,-1110
117,142,-1200
21,-9,-1149
-72,42,-1011
46,0,-895
-13,-44,-835
-107,-31,-812
-163,-21,-899
-89,105,-1104
-68,146,-1239
-101,39,-1184
-122,29,-1057
-48,-29,-940
-76,-50,-913
-140,-42,-853
-181,35,-931
-78,140,-1098
-78,121,-1237
-83,-1,-1175
-163,-21,-1057
-62,-15,-948
-101,-15,-925
-163,13,-890
-185,27,-935
-97,97,-1110
-105,142,-1212
-52,-1,-1180
-99,3,-1038
3,-19,-958
-25,-21,-890
-68,-48,-849
-124,-19,-884
-68,81,-1052
-46,142,-1182
-64,46,-1175
-80,17,-1038
13,11,-966
46,-39,-936
-44,-23,-874
-72,1,-917
7,99,-1044
37,142,-1165
42,66,-1155
0,-33,-1028
111,13,-960
124,-29,-919
58,-27,-847
-52,-13,-892
9,115,-1036
29,124,-1173
62,35,-1179
-11,-39,-1083
58,54,-977
134,-31,-913
37,-40,-882
-68,-35,-911
3,109,-1020
11,128,-1139
31,64,-1200
-11,-29,-1075
62,50,-977
60,-21,-933
54,-44,-884
-31,-50,-892
-27,85,-1020
-9,128,-1155
62,68,-1194
-23,-37,-1106
-33,19,-1011
50,-9,-923
5,-35,-872
-101,-29,-876
-83,85,-985
-27,165,-1122
-35,83,-1212
-70,-23,-1122
-33,15,-1007
7,-7,-940
-37,-39,-872
-87,-39,-862
-68,54,-972
-52,146,-1110
5,76,-1204
-25,-13,-1136
-42,29,-1003
58,-1,-927
1,-40,-864
-74,-50,-878
-93,68,-974
-54,169,-1093
-11,85,-1200
-39,-25,-1145
-27,27,-1024
56,0,-927
35,-35,-897
-33,-46,-872
-52,46,-968
-19,150,-1110
25,80,-1198
-9,-9,-1139
-13,3,-999
83,-1,-935
66,-50,-880
-33,-33,-888
-58,25,-956
-35,148,-1091
0,89,-1179
-1,-9,-1169
-29,29,-1015
80,3,-942
40,-23,-884
-11,-52,-870
-56,40,-948
-3,142,-1087
31,115,-1196
23,5,-1151
-25,7,-1024
93,1,-942
50,-23,-901
-1,-39,-872
-56,13,-962
-44,148,-1069
-9,83,-1182
-7,23,-1163
-40,-1,-1022
27,25,-944
25,-15,-897
-19,-46,-882
-78,-13,-952
-52,158,-1057
-23,109,-1177
-1,37,-1151
-39,-29,-1056
21,37,-956
44,-13,-917
1,-40,-876
-72,-25,-956
-60,142,-1044
-19,101,-1167
-11,74,-1171
-60,-40,-1042
9,48,-956
37,-13,-909
-17,-42,-886
-76,-9,-913
-62,117,-1038
-21,138,-1143
-21,35,-1182
-64,-25,-1054
25,19,-985
29,17,-919
19,-50,-872
-72,-29,-903
-48,103,-1016
-39,128,-1165
0,56,-1186
-60,-27,-1056
21,17,-983
56,-11,-913
35,-44,-862
-78,-27,-903
-58,95,-1009
-33,132,-1153
-3,37,-1184
-27,-31,-1087
11,58,-985
68,9,-927
54,-56,-874
-48,-44,-909
-56,89,-1007
-60,136,-1128
-5,58,-1182
-46,-42,-1087
-15,35,-993
29,23,-927
23,-72,-895
-78,-31,-890
-40,99,-989
-27,162,-1132
31,44,-1180
3,-54,-1106
-167,9,-989
-11,163,-812
-417,-74,-944
-733,-187,-962
-722,136,-993
-1044,236,-1214
-968,35,-1188
-876,-181,-1143
-847,152,-929
-1200,171,-901
-1075,-124,-767
-1231,-286,-862
-1253,117,-936
-1428,386,-1112
-1151,5,-1169
-1122,-259,-1145
-1175,54,-1104
-1180,292,-983
-1177,-80,-917
-1054,-318,-901
-1159,97,-1075
-1093,437,-1132
-995,42,-1200
-788,-345,-1196
-821,62,-1126
-856,335,-925
-890,-42,-819
-743,-398,-890
-735,7,-1005
-940,472,-1057
-796,130,-1100
-751,-257,-1266
-683,-148,-1108
-1024,501,-890
-907,-11,-755
-997,-431,-872
-1083,-173,-1032
-1426,532,-1013
-1292,152,-1057
-1114,-388,-1163
-1227,-134,-1128
-1350,534,-843
-1335,-64,-737
-1173,-407,-901
-1177,-163,-1016
-1473,628,-1048
-1423,277,-1046
-1079,-468,-1278
-1075,-199,-1239
-1284,519,-958
-1284,117,-794
-1069,-511,-958
-995,-259,-1106
-1237,708,-970
-1061,203,-1054
-894,-341,-1282
-903,-316,-1278
-1009,511,-960
-1196,111,-657
-821,-448,-942
-1054,-165,-1245
-1257,527,-911
-1421,171,-1028
-1009,-144,-1311
-1028,-331,-1294
-1309,392,-817
-1565,318,-774
-1089,-599,-884
-1259,-117,-1048
-1514,374,-974
-1542,249,-976
-1143,-298,-1262
-860,-163,-1208
-1124,341,-888
-1298,152,-815
-657,-407,-870
-819,0,-1149
-966,284,-987
-999,310,-1073
-513,-181,-1235
-288,-121,-1212
-491,331,-1056
-489,9,-854
-316,-197,-931
-122,-318,-956
-138,437,-895
156,281,-956
232,0,-1190
87,-222,-1376
191,91,-976
327,121,-796
445,128,-841
130,-327,-960
-148,-29,-913
493,242,-979
204,300,-1434
1073,-181,-1145
749,-327,-1069
1013,687,-609
1301,-214,-735
1188,-74,-960
1145,-365,-776
1604,456,-1013
1633,286,-1376
888,27,-1520
1303,-148,-894
1323,183,-929
962,58,-954
1114,-286,-823
1177,185,-909
1108,290,-1054
778,210,-1350
1075,-124,-1059
808,-105,-948
1104,238,-659
812,-93,-913
772,-13,-749
878,-345,-870
560,484,-1192
757,206,-1333
540,60,-1122
638,-105,-1106
761,117,-979
784,-70,-962
661,19,-720
864,-152,-853
710,407,-1149
1067,-154,-1102
938,195,-1136
1220,-115,-1044
1169,97,-1106
1163,99,-917
1124,0,-833
1309,42,-853
1413,-62,-1237
1075,460,-1313
1233,-21,-1097
1165,-70,-1141
1401,-74,-1028
985,83,-974
1106,21,-575
1042,-331,-772
1141,226,-1079
968,327,-1169
917,347,-1044
1141,-343,-1077
1104,-56,-1139
956,206,-952
854,124,-646
1030,-318,-833
921,19,-1147
985,396,-1231
962,212,-1071
1106,-191,-1089
1151,-13,-1059
1075,146,-849
1054,50,-622
1175,-283,-849
1104,136,-1147
1009,331,-1190
931,156,-1126
1143,-210,-1139
1059,56,-1145
899,152,-968
815,-76,-733
825,-140,-853
759,113,-1069
665,267,-1122
528,128,-1057
523,-156,-1147
568,0,-1050
394,-9,-894
333,-50,-726
230,-152,-878
306,105,-1095
126,201,-1157
162,95,-1165
128,99,-1186
195,-13,-1149
66,-50,-954
87,-119,-800
11,72,-872
42,-17,-1067
-46,203,-1118
68,5,-1210
113,191,-1235
177,-31,-1212
138,-19,-995
177,-70,-853
167,-29,-956
175,87,-1100
78,138,-1208
218,40,-1309
212,97,-1329
267,21,-1241
173,19,-1001
245,-115,-854
154,-58,-936
169,17,-1061
44,261,-1218
193,74,-1366
169,74,-1360
160,5,-1257
175,15,-1050
179,-142,-966
146,-89,-1003
39,89,-1079
9,197,-1262
117,68,-1403
134,50,-1415
70,44,-1247
76,13,-1018
150,-97,-991
68,-91,-1009
-7,44,-1102
-9,212,-1270
138,46,-1469
130,46,-1430
74,-5,-1249
93,62,-1108
173,-99,-1038
97,-31,-1050
-15,44,-1100
37,158,-1268
109,119,-1424
165,44,-1448
56,29,-1251
128,-13,-1124
152,-87,-1063
130,-76,-1077
-25,107,-1071
19,163,-1257
66,142,-1462
144,7,-1489
-19,74,-1280
70,-3,-1128
48,-81,-1077
70,-80,-1038
-97,54,-1044
-35,117,-1231
17,136,-1475
76,21,-1446
-27,27,-1253
23,27,-1141
85,-48,-1116
68,-103,-1040
-101,25,-1050
-17,103,-1253
-3,134,-1477
39,39,-1456
-54,19,-1278
37,35,-1188
50,-54,-1153
46,-117,-1061
-134,3,-1091
-29,115,-1278
-21,160,-1520
37,81,-1499
-66,35,-1309
33,-3,-1245
21,-54,-1192
15,-136,-1097
-146,46,-1077
-68,74,-1272
-117,115,-1475
-76,70,-1458
-144,50,-1327
-60,40,-1245
-66,-42,-1169
-21,-146,-1056
-173,-5,-1015
-64,60,-1167
-68,148,-1423
27,78,-1426
-72,25,-1323
42,54,-1229
46,-42,-1173
132,-99,-1046
-83,-33,-1032
46,87,-1202
-1,148,-1460
85,117,-1503
21,44,-1417
33,72,-1290
99,-58,-1231
121,-115,-1122
-80,-5,-1089
-7,81,-1229
-21,165,-1471
66,87,-1544
1,31,-1424
76,68,-1309
89,0,-1206
105,-113,-1089
-31,-40,-1057
3,29,-1206
-21,169,-1430
70,95,-1520
15,54,-1421
58,17,-1300
78,11,-1196
105,-117,-1098
-39,-35,-1075
-39,74,-1157
-23,148,-1407
19,130,-1481
40,13,-1399
-11,109,-1266
64,33,-1171
89,-169,-1118
-72,-31,-1063
-33,23,-1147
-46,173,-1389
17,126,-1485
3,31,-1456
-17,40,-1309
60,3,-1221
37,-68,-1171
-37,-68,-1110
-76,-9,-1157
-62,150,-1393
-9,195,-1504
21,-7,-1471
-62,7,-1356
87,-1,-1255
33,-101,-1173
-40,-27,-1104
-46,-46,-1163
-48,165,-1376
0,148,-1477
39,64,-1499
-39,44,-1380
85,-15,-1190
42,-95,-1145
19,-42,-1059
-58,-56,-1114
-68,140,-1341
23,144,-1534
27,87,-1487
-81,23,-1342
78,19,-1204
11,-66,-1159
46,-21,-1028
-80,-31,-1145
-27,115,-1315
0,107,-1508
54,31,-1532
-60,109,-1378
46,23,-1210
23,-113,-1163
78,-37,-1112
-107,46,-1102
-33,150,-1309
-13,140,-1547
31,-7,-1522
-70,56,-1380
54,60,-1251
-13,-15,-1194
62,-160,-1054
-97,-54,-1159
-56,156,-1301
-39,236,-1489
23,138,-1536
-46,-40,-1411
3,-23,-1259
21,-13,-1202
76,-40,-1095
-122,-33,-1108
-29,-9,-1251
-56,171,-1473
39,158,-1524
-40,89,-1411
25,-17,-1276
21,-85,-1167
72,-64,-1124
-74,9,-1069
-39,97,-1266
-60,144,-1432
66,21,-1542
-68,132,-1417
72,19,-1268
33,-111,-1225
64,-122,-1114
-56,-37,-1069
-56,171,-1241
-37,150,-1428
50,97,-1518
-50,76,-1411
52,-31,-1305
33,-52,-1237
78,-115,-1114
-44,-39,-1046
-60,87,-1225
-46,214,-1380
21,105,-1551
-19,64,-1460
42,-44,-1319
-7,44,-1233
113,-89,-1106
-54,-54,-1038
-76,83,-1202
-46,222,-1370
5,35,-1524
7,46,-1512
-13,-21,-1337
21,23,-1190
60,-60,-1106
-46,-35,-1089
-64,46,-1151
-58,162,-1403
-19,99,-1573
13,19,-1495
-25,15,-1358
39,-15,-1184
21,3,-1079
-9,-91,-1091
-93,23,-1173
-56,101,-1424
19,152,-1575
5,25,-1473
-44,146,-1303
81,-19,-1192
68,-95,-1118
-37,-74,-1139
-44,-50,-1167
-31,218,-1382
56,162,-1508
78,48,-1462
-58,56,-1294
126,-3,-1227
25,-85,-1190
-9,-103,-1077
-66,66,-1132
-19,148,-1346
7,130,-1489
54,21,-1530
-66,62,-1342
101,-48,-1214
29,-39,-1186
39,-46,-1083
-99,-1,-1122
-13,111,-1325
-17,126,-1503
50,111,-1471
-70,37,-1348
72,-56,-1243
40,-5,-1186
25,-85,-1104
-95,-40,-1141
-80,203,-1257
-15,80,-1475
33,70,-1549
-87,39,-1342
91,64,-1321
-23,-35,-1208
66,-142,-1042
-132,27,-1139
-46,78,-1237
-35,85,-1503
9,169,-1542
-29,15,-1344
-13,46,-1262
66,-58,-1188
89,-81,-1079
-132,23,-1036
-68,44,-1303
-33,126,-1417
13,105,-1551
-81,40,-1395
87,19,-1284
5,113,-1157
101,-281,-1073
-105,-9,-1032
3,142,-1255
-70,197,-1456
70,107,-1497
-72,-27,-1438
101,-37,-1278
-15,60,-1177
85,-33,-1075
-46,-62,-1093
-52,11,-1182
-21,105,-1524
33,154,-1501
-31,107,-1426
35,-5,-1301
72,5,-1202
78,-193,-1085
-66,-23,-1098
-62,117,-1169
19,167,-1446
-29,-13,-1561
-17,58,-1424
31,156,-1329
72,29,-1159
124,-203,-1081
-83,-91,-1102
-56,119,-1165
-91,167,-1374
64,191,-1557
23,-39,-1448
-42,-111,-1290
52,203,-1194
101,-13,-1059
-64,-70,-1073
-66,-236,-1157
-58,181,-1389
-1,368,-1510
21,-33,-1487
-44,-56,-1309
62,15,-1190
23,-74,-1124
-31,21,-1057
-52,-29,-1157
-60,70,-1372
0,39,-1504
-39,242,-1545
33,165,-1268
78,-206,-1218
-60,-177,-1218
78,132,-972
-78,52,-1155
-37,-5,-1376
46,40,-1551
31,269,-1471
-85,78,-1339
134,-121,-1202
-5,-76,-1214
15,-80,-983
-130,101,-1159
-74,208,-1301
60,-97,-1514
-42,66,-1534
85,150,-1278
-42,238,-1300
111,-271,-1065
31,-251,-1097
-212,183,-1081
70,189,-1274
-66,156,-1563
171,-93,-1462
-101,152,-1413
33,60,-1171
40,-21,-1208
54,-154,-1046
-23,-58,-1026
-78,204,-1380
21,140,-1407
56,5,-1577
-72,165,-1354
101,-50,-1169
-7,37,-1190
160,-175,-1040
-146,50,-1110
-56,121,-1239
0,74,-1506
-17,103,-1497
-39,91,-1354
113,21,-1266
-64,19,-1143
111,-89,-1075
-62,-50,-1054
-78,46,-1255
-19,255,-1465
-52,35,-1542
-33,33,-1356
107,5,-1286
0,54,-1171
56,-42,-1042
-66,-74,-1050
-121,13,-1298
-25,220,-1391
-33,130,-1567
19,9,-1397
23,13,-1243
13,81,-1225
52,-204,-1005
-29,121,-1034
-25,-25,-1239
-74,140,-1358
50,154,-1549
-7,95,-1411
-25,29,-1292
117,-76,-1136
-1,-64,-1077
25,11,-1001
-83,-35,-1206
-136,177,-1409
148,29,-1508
-7,199,-1495
15,-1,-1233
58,-134,-1184
11,15,-1108
35,-42,-1022
-70,-9,-1182
-23,144,-1339
25,136,-1557
11,111,-1462
-39,3,-1286
97,-7,-1179
62,-99,-1097
-66,-9,-1063
-46,21,-1171
-117,206,-1346
-1,5,-1555
37,128,-1471
-68,160,-1292
140,-66,-1171
46,-206,-1165
-89,-15,-1071
-54,107,-1073
-93,99,-1321
140,115,-1501
-80,122,-1475
9,-31,-1253
50,72,-1266
29,-97,-1079
-56,54,-1030
-21,-124,-1032
-113,210,-1372
-5,189,-1477
54,-66,-1462
-105,245,-1333
156,-134,-1214
-11,46,-1153
50,-162,-968
-142,40,-1108
-64,204,-1257
11,76,-1553
-52,27,-1446
-21,27,-1401
78,240,-1239
68,-224,-1073
-15,-95,-1065
-105,64,-1020
-54,109,-1333
-81,91,-1413
44,66,-1569
-50,138,-1389
204,-128,-1110
-44,91,-1182
201,-40,-987
-197,-66,-1093
-52,15,-1237
29,148,-1491
-17,212,-1575
7,-33,-1294
33,81,-1303
-52,-111,-1098
146,-52,-1097
-126,48,-1020
42,-15,-1231
-144,232,-1555
89,50,-1448
-99,-9,-1456
158,72,-1159
-21,62,-1214
78,-191,-966
-76,-132,-1067
-56,206,-1237
-37,81,-1456
-3,113,-1522
-17,124,-1313
-3,-72,-1301
48,46,-1050
64,-107,-1097
-138,-13,-1016
-27,-19,-1167
-64,284,-1454
132,-31,-1426
-72,154,-1430
-33,91,-1237
121,-80,-1118
-5,-130,-1122
29,76,-1005
-25,-25,-1153
-105,148,-1356
76,240,-1544
7,-9,-1389
7,-5,-1280
72,52,-1214
46,-40,-1100
-56,-111,-972
-17,-42,-1169
-85,292,-1374
29,35,-1506
37,95,-1436
-37,-48,-1387
9,78,-1190
66,-204,-999
-66,-3,-1059
-66,-9,-1032
-27,101,-1335
0,263,-1419
85,115,-1354
-46,23,-1171
-3,-31,-899
119,-109,-864
-87,-31,-732
-140,35,-772
-29,206,-983
78,177,-1056
-80,46,-919
87,81,-772
-111,70,-605
72,-156,-480
5,-146,-396
-230,140,-466
78,128,-530
-44,175,-737
144,66,-745
-42,130,-482
23,-115,-571
80,85,-212
-11,-162,-353
-52,21,-265
-29,173,-564
-50,83,-800
150,39,-732
-169,-7,-737
132,138,-597
13,-87,-548
1,-214,-331
7,-103,-523
-126,232,-854
-60,142,-933
191,-50,-1030
-138,257,-974
162,-245,-788
-62,158,-632
126,-368,-591
-29,17,-843
-130,95,-1044
-42,150,-1087
-64,-23,-966
50,-117,-730
25,42,-691
-85,-130,-536
-48,-95,-605
-39,175,-776
-15,-19,-1147
-15,101,-1040
-109,70,-1024
126,128,-806
0,-74,-687
58,-193,-655
-130,105,-665
9,9,-913
74,101,-1059
-11,76,-1319
5,62,-979
111,128,-944
23,101,-821
58,-165,-741
-132,-13,-815
-66,115,-886
99,19,-1134
-64,296,-1196
58,-56,-1124
-25,167,-905
21,-19,-829
162,0,-653
-201,-48,-757
101,80,-730
-109,162,-1056
72,19,-1143
-83,175,-997
1,148,-874
163,-3,-679
37,-138,-716
13,27,-472
-81,-13,-745
-50,212,-888
37,95,-1065
-99,136,-950
81,9,-778
3,91,-810
119,37,-376
33,-267,-536
-175,302,-706
21,-9,-765
0,158,-1098
-66,91,-888
-11,74,-876
11,0,-698
154,-40,-417
-5,-40,-568
-210,185,-581
0,-93,-821
33,224,-952
-37,-37,-1054
-64,160,-692
126,-40,-708
23,-5,-499
25,-179,-448
-105,1,-605
25,111,-790
-83,189,-1067
111,91,-903
-1,-60,-936
-44,74,-651
128,-183,-491
-3,42,-587
-76,-64,-495
-7,-39,-804
3,208,-958
40,31,-981
7,50,-778
35,-152,-696
-25,-44,-566
122,-70,-478
-91,80,-571
-62,62,-782
-23,130,-925
37,-39,-995
-56,158,-868
97,-21,-720
21,-115,-691
-21,-68,-562
42,-91,-558
-66,162,-880
9,103,-962
52,72,-1098
-83,117,-886
134,9,-743
9,37,-659
21,-206,-525
-130,0,-558
21,33,-722
-101,46,-942
56,191,-1011
-103,148,-860
134,-70,-614
-25,15,-710
-44,9,-448
-33,-68,-466
-117,128,-706
-33,-48,-919
31,290,-938
-78,-5,-880
163,117,-655
-15,-60,-700
103,35,-394
-50,-187,-554
-89,173,-661
99,-3,-892
-64,314,-1042
121,-56,-903
17,97,-743
-44,-70,-679
203,9,-427
-234,-95,-700
56,76,-556
-66,89,-974
-62,232,-1040
11,-11,-929
-83,89,-849
138,-111,-579
-29,101,-597
-25,-85,-472
-60,-76,-726
-167,298,-892
179,5,-966
-58,136,-1046
33,-78,-720
21,-72,-679
44,105,-495
-31,-109,-527
-95,23,-573
-11,35,-843
-44,288,-1048
121,-19,-862
-44,23,-870
15,-11,-579
115,-119,-577
-101,-17,-441
-1,-76,-601
-39,206,-829
9,142,-1007
111,171,-952
33,-119,-817
-80,109,-650
138,-119,-456
-122,56,-542
15,-204,-466
-117,169,-894
19,154,-907
117,81,-933
-107,3,-837
156,-29,-484
-42,-66,-683
62,56,-384
-56,-70,-566
-80,66,-759
11,-3,-989
-21,185,-1016
27,83,-796
0,-15,-694
15,-154,-585
52,-40,-413
-150,31,-595
-33,105,-767
7,115,-999
9,23,-993
-33,136,-864
37,9,-624
3,-64,-612
-13,-103,-429
-124,-48,-534
-11,261,-702
-21,105,-1009
19,-1,-968
-60,25,-845
50,171,-646
46,-103,-638
17,-46,-384
-140,-259,-560
-27,308,-700
-15,105,-954
101,119,-997
-68,-54,-892
46,126,-675
0,78,-544
97,-74,-439
-76,-187,-552
-74,95,-712
-3,257,-864
11,40,-1030
-58,117,-878
66,-64,-692
21,152,-593
109,-121,-472
-134,-40,-534
1,60,-610
21,195,-905
-31,113,-1024
5,-48,-888
3,70,-759
83,44,-605
52,-85,-478
-122,-121,-530
-44,68,-663
-76,136,-907
60,175,-1038
-50,95,-936
13,9,-726
56,-46,-605
17,-52,-515
-60,-193,-472
-97,122,-724
-80,208,-860
50,0,-1005
-83,70,-903
0,39,-769
0,64,-632
64,-103,-489
-66,-89,-499
-121,66,-607
-44,97,-854
39,126,-1016
-21,21,-917
29,27,-735
-1,85,-667
46,-107,-505
-31,-187,-476
-152,124,-616
-66,109,-872
39,140,-1036
-33,56,-931
11,13,-755
44,44,-677
15,-70,-552
15,-173,-450
-68,46,-548
-66,158,-798
27,197,-981
46,-19,-907
0,-31,-782
0,107,-661
72,-56,-480
-21,-130,-464
-66,46,-447
-66,99,-786
25,171,-958
33,-40,-952
-13,117,-782
74,37,-646
37,-48,-558
72,-181,-445
-89,17,-536
-27,146,-739
-1,138,-1005
23,39,-1022
-23,50,-819
23,25,-745
19,-48,-591
3,-150,-499
-105,29,-538
-19,99,-792
7,156,-1038
35,115,-1011
-48,5,-903
48,117,-745
37,-81,-550
1,-95,-468
-83,0,-466
-91,128,-747
19,105,-901
17,60,-1018
-54,128,-815
13,58,-689
-19,5,-523
68,-251,-427
-140,60,-489
-27,111,-667
-52,105,-964
72,95,-917
-48,72,-870
21,130,-671
66,-76,-548
25,-122,-445
-95,-19,-452
-52,121,-669
-58,117,-913
54,66,-979
-68,87,-878
56,150,-702
-11,-72,-612
91,-185,-441
-70,-11,-521
-62,146,-679
-52,68,-919
33,0,-1024
-50,56,-917
27,197,-749
33,-9,-642
50,-230,-489
-44,-74,-480
-64,163,-669
-56,136,-890
39,7,-1011
-25,-5,-929
54,103,-745
-17,72,-607
101,-134,-482
-91,-101,-458
-62,25,-573
-66,183,-874
-3,185,-987
27,-25,-911
11,31,-772
3,21,-624
60,-117,-491
-89,-70,-482
-58,93,-583
-72,101,-874
3,117,-1011
19,27,-952
0,132,-796
66,-3,-636
40,-111,-527
-31,-40,-454
-66,44,-591
-87,109,-845
9,85,-991
5,31,-946
-17,150,-796
54,29,-622
29,-150,-519
-70,-54,-437
-70,46,-528
-64,156,-796
-1,109,-954
11,19,-954
-9,115,-765
40,42,-653
35,-87,-534
-7,-126,-462
-80,1,-540
-54,152,-812
0,181,-979
27,46,-972
-1,44,-823
35,7,-706
66,-81,-552
-1,-40,-464
-66,-19,-548
-60,81,-792
-33,134,-981
40,91,-983
-58,119,-856
50,-11,-679
19,-72,-573
-1,-35,-478
-66,-25,-528
-46,44,-771
-33,148,-948
42,93,-983
-33,146,-882
60,-35,-696
11,-95,-575
33,-72,-437
-95,29,-515
-35,99,-706
-44,72,-948
80,68,-983
-25,165,-868
56,0,-708
80,-91,-595
111,-130,-489
-46,-11,-546
21,150,-730
9,78,-976
66,60,-1063
236,85,-913
163,115,-894
251,-72,-677
441,-175,-560
365,-15,-568
493,93,-761
560,210,-1016
724,5,-1136
528,60,-1130
739,39,-897
708,171,-796
878,-204,-648
751,-124,-612
813,66,-792
771,263,-1091
851,167,-1196
1015,-91,-1042
833,158,-946
970,-7,-747
872,-21,-636
995,-255,-577
806,132,-786
895,197,-995
966,210,-1155
981,-99,-1075
970,109,-919
985,33,-804
962,46,-599
956,-302,-614
964,117,-821
878,204,-1061
970,251,-1102
1052,-113,-1097
1089,154,-985
1040,29,-829
1056,66,-687
1097,-284,-669
1108,148,-856
1091,167,-1028
1132,314,-1120
1266,-99,-1138
1233,-3,-1056
1112,109,-931
1052,111,-642
1034,-327,-720
995,35,-827
845,242,-1034
737,353,-1009
819,-156,-1163
878,-29,-1075
757,171,-911
698,97,-603
636,-333,-669
689,-9,-757
544,214,-964
505,460,-991
548,-242,-1171
525,13,-1077
419,7,-977
238,187,-702
261,-283,-706
111,-50,-831
105,119,-950
11,339,-1061
107,3,-1229
-35,-33,-1143
64,42,-948
-1,-21,-702
-58,-132,-757
-224,-3,-782
-134,9,-888
-201,271,-1128
-87,9,-1282
-89,171,-1132
-199,-64,-1007
-101,3,-794
29,-160,-761
-704,185,-806
-763,-208,-894
-730,236,-1081
-302,-5,-1026
-1122,83,-1292
-675,-103,-907
-1313,21,-862
-1266,-85,-733
-1491,-89,-687
-1220,19,-737
-1294,142,-1038
-1374,193,-1309
-1136,-70,-1095
-1179,111,-1063
-958,-60,-815
-1130,-70,-765
-962,-175,-687
-1087,-60,-979
-952,320,-1159
-948,156,-1380
-976,56,-1274
-794,-146,-1056
-796,146,-981
-638,-50,-776
-841,-46,-706
-671,-132,-831
-714,195,-1145
-538,195,-1307
-765,121,-1300
-581,-99,-1022
-562,-101,-892
-638,64,-739
-745,-68,-685
-774,111,-821
-833,33,-1159
-903,236,-1333
-841,-70,-1177
-862,33,-927
-769,-48,-829
-935,99,-776
-892,-222,-657
-827,97,-833
-788,44,-1118
-702,160,-1278
-622,-42,-1221
-540,99,-1020
-488,126,-979
-390,-13,-851
-486,-263,-796
-325,93,-849
-310,95,-1167
-99,185,-1282
-154,-74,-1227
-66,15,-1042
-54,142,-960
33,-40,-806
-85,-136,-718
-33,-48,-854
-80,165,-1087
-64,195,-1225
-17,35,-1200
-97,-11,-1091
-31,60,-936
-78,-39,-782
-109,-109,-691
-160,11,-808
-95,128,-985
-121,140,-1157
-74,-7,-1149
-97,7,-1143
-66,-17,-989
-183,64,-776
-226,-181,-706
-294,-44,-843
-269,117,-1044
-351,255,-1210
-187,21,-1188
-214,-56,-1202
-171,64,-991
-187,31,-796
-244,-76,-694
-281,-81,-827
-214,115,-1020
-162,140,-1171
-101,105,-1290
-76,-5,-1202
-54,58,-1040
-50,-50,-835
-42,-101,-761
-83,-13,-817
-66,97,-1001
-81,181,-1145
35,40,-1259
-101,87,-1186
-40,-33,-991
-117,9,-835
-60,-81,-732
-183,-39,-812
-130,60,-946
-154,162,-1151
0,105,-1317
-46,46,-1223
0,42,-999
-17,-31,-864
46,-103,-761
-72,-56,-806
-74,107,-931
-74,142,-1139
19,56,-1301
-60,60,-1259
-17,42,-1052
-19,66,-878
37,-91,-765
-85,-72,-790
-37,95,-907
-27,191,-1155
167,109,-1321
87,46,-1231
124,11,-1030
140,13,-847
242,-117,-761
50,-54,-784
39,56,-899
56,142,-1134
150,107,-1333
87,40,-1243
99,64,-1020
70,-21,-903
87,-91,-796
-19,-97,-753
-70,80,-866
-89,130,-1089
17,99,-1296
-66,35,-1237
-68,35,-1052
-50,25,-921
-5,-99,-817
-117,-87,-786
-119,37,-866
-111,167,-1110
-1,99,-1303
-44,39,-1264
-29,27,-1079
-13,19,-948
13,-60,-813
-85,-113,-759
-144,50,-833
-128,156,-1071
-48,121,-1284
-74,70,-1262
-76,19,-1108
-52,76,-962
-17,-62,-827
-97,-105,-733
-144,3,-806
-95,136,-1052
0,148,-1272
-27,56,-1245
-39,15,-1104
-19,25,-962
-3,-64,-827
-78,-103,-737
-113,31,-812
-85,119,-1046
-17,126,-1257
-5,48,-1255
-21,11,-1128
17,89,-989
37,-58,-853
-21,-115,-757
-72,-11,-815
-66,134,-1028
21,156,-1253
39,56,-1284
-11,-9,-1141
56,70,-1007
48,-48,-853
23,-91,-749
-56,-23,-806
-29,122,-997
31,138,-1235
70,85,-1259
0,-5,-1141
62,109,-1009
56,-39,-878
40,-85,-753
-68,-21,-804
-44,119,-968
0,156,-1227
48,91,-1278
-7,-31,-1179
44,58,-1003
44,-23,-880
66,-89,-765
-66,-29,-790
-35,66,-960
-11,162,-1214
58,124,-1288
-3,0,-1182
23,58,-1026
42,-33,-888
40,-111,-780
-85,0,-790
-46,70,-944
-56,175,-1192
29,87,-1284
-50,-9,-1192
7,78,-1034
11,-9,-909
48,-121,-790
-99,-23,-786
-62,29,-903
-60,191,-1173
33,117,-1284
-29,-11,-1208
-7,66,-1046
17,-19,-903
37,-109,-778
-101,-13,-772
-60,40,-894
-78,171,-1173
1,121,-1270
-21,-5,-1214
-23,72,-1061
21,0,-927
50,-115,-808
-101,-39,-776
-46,11,-886
-66,201,-1153
31,136,-1266
-3,0,-1239
-9,58,-1069
56,-1,-927
54,-74,-800
-66,-35,-749
-46,-5,-874
-80,199,-1120
37,126,-1262
-7,19,-1245
-3,54,-1075
48,-17,-950
72,-85,-829
-68,-50,-751
-58,21,-864
-74,160,-1091
39,130,-1262
31,5,-1241
9,50,-1108
50,11,-950
72,-89,-854
-33,-42,-753
-66,-21,-829
-64,162,-1067
13,158,-1253
60,27,-1264
-17,29,-1114
37,31,-966
64,-95,-854
-44,-56,-751
-62,-21,-831
-66,146,-1052
-3,165,-1241
33,21,-1264
-29,27,-1116
40,29,-981
48,-64,-868
-19,-70,-753
-66,-44,-813
-56,150,-1022
-1,175,-1223
54,37,-1276
-37,31,-1157
21,13,-989
25,-56,-874
0,-44,-763
-85,-27,-815
-68,130,-1011
-21,156,-1220
39,29,-1274
-35,44,-1155
5,27,-1005
33,-52,-892
0,-76,-759
-72,-52,-798
-44,138,-989
-33,163,-1212
35,64,-1278
-39,21,-1161
25,35,-1016
33,-40,-899
11,-72,-772
-78,-48,-792
-54,101,-970
-29,171,-1196
48,64,-1284
-35,42,-1190
29,60,-1030
44,-50,-905
35,-91,-778
-66,-50,-798
-46,115,-960
-29,185,-1179
48,70,-1284
-37,17,-1186
27,56,-1026
29,-9,-919
56,-74,-794
-78,-66,-774
-52,76,-931
-52,183,-1165
40,95,-1286
-21,40,-1221
21,25,-1054
37,-3,-927
52,-87,-806
-66,-54,-772
-44,31,-919
-64,193,-1136
39,81,-1286
-25,39,-1216
5,33,-1050
25,0,-935
54,-83,-802
-78,-74,-769
-54,39,-915
-83,179,-1122
31,95,-1286
-21,52,-1239
9,11,-1065
25,13,-940
58,-81,-819
-66,-76,-772
-68,23,-874
-78,171,-1098
23,87,-1268
-9,52,-1247
0,7,-1071
31,31,-944
40,-81,-817
-50,-93,-769
-72,21,-858
-80,175,-1079
17,134,-1257
7,60,-1260
-17,-3,-1083
19,40,-960
58,-76,-849
-37,-66,-761
-76,-21,-853
-70,158,-1052
3,109,-1249
39,74,-1259
3,29,-1100
56,29,-977
44,-58,-841
-17,-91,-749
-66,-5,-847
-76,162,-1020
7,146,-1272
25,39,-1278
-11,5,-1124
19,46,-983
62,-46,-862
7,-93,-774
-64,-27,-837
-9,140,-1007
70,126,-1243
150,117,-1276
105,19,-1145
142,31,-1005
224,-64,-860
279,-66,-772
81,0,-821
185,130,-977
302,97,-1220
361,107,-1305
314,64,-1171
361,54,-1005
413,-70,-884
493,-81,-790
318,9,-843
382,144,-931
427,39,-1186
554,121,-1309
427,76,-1194
425,68,-981
493,-91,-884
562,-117,-806
300,54,-800
327,124,-897
400,42,-1147
489,89,-1319
359,128,-1204
345,64,-972
392,-80,-884
450,-138,-821
228,35,-804
179,115,-878
238,83,-1136
341,60,-1358
204,124,-1220
187,44,-997
210,-64,-899
273,-115,-868
56,-5,-792
0,83,-866
50,93,-1122
203,81,-1331
40,78,-1235
64,35,-1003
70,-44,-913
146,-124,-854
-48,-29,-780
-74,66,-839
-50,156,-1130
121,117,-1335
-17,39,-1251
-31,66,-1018
40,-23,-917
99,-87,-872
-78,-52,-772
-83,13,-823
-56,185,-1098
56,113,-1333
5,42,-1251
-62,21,-1030
-7,17,-944
56,-81,-868
-103,-68,-767
-119,21,-817
-81,189,-1091
7,146,-1296
-40,11,-1260
-68,25,-1054
15,35,-958
54,-44,-862
-54,-60,-767
-62,-11,-843
-5,185,-1093
126,124,-1309
78,42,-1225
50,-5,-1050
162,3,-958
191,-66,-882
81,-21,-757
21,15,-831
134,128,-1061
216,101,-1266
148,119,-1227
121,15,-1079
197,9,-976
210,-111,-897
85,-37,-763
11,-3,-812
99,126,-1057
158,97,-1245
119,101,-1249
40,-15,-1067
111,40,-966
80,-70,-901
-11,-27,-757
-52,-7,-839
-31,89,-1050
17,93,-1241
19,42,-1249
-44,1,-1116
21,42,-993
-1,-76,-936
-58,-25,-788
-95,-23,-841
-72,165,-1028
-37,95,-1223
-42,70,-1249
-56,-3,-1130
-31,39,-1013
-35,-54,-931
-70,-62,-792
-122,-39,-823
-78,130,-1005
-46,122,-1227
-25,101,-1239
-60,5,-1128
-37,44,-1018
-21,-42,-923
-21,-44,-782
-80,-29,-829
-25,115,-970
-29,105,-1165
29,101,-1235
-9,-3,-1165
19,93,-1026
48,-40,-940
35,-66,-810
-66,-31,-810
-1,87,-944
-9,134,-1151
50,111,-1249
11,3,-1198
17,50,-1036
56,-40,-938
33,-60,-796
-68,-35,-786
9,62,-917
-21,134,-1151
25,130,-1262
35,3,-1212
-11,40,-1065
42,-29,-952
56,-60,-788
-35,-54,-806
-31,40,-909
-52,162,-1128
42,119,-1241
85,-31,-1233
-11,39,-1069
46,-9,-923
70,-44,-788
-44,-62,-808
-33,23,-909
-54,165,-1116
35,140,-1282
37,-5,-1231
-25,15,-1083
50,-23,-944
25,-54,-829
-54,-66,-806
-37,23,-892
-68,158,-1093
1,113,-1249
13,7,-1227
-58,27,-1081
1,0,-935
-1,-37,-839
-80,-60,-804
-78,15,-856
-78,138,-1085
0,158,-1227
-9,23,-1227
-78,40,-1093
21,-29,-952
-15,-48,-858
-74,-44,-786
-58,9,-864
-76,130,-1054
3,105,-1202
5,66,-1239
-5,17,-1102
37,13,-979
21,-50,-886
-17,-70,-786
-13,-5,-870
-60,158,-1024
31,126,-1194
31,66,-1251
27,-3,-1126
31,13,-1001
25,-27,-895
-21,-42,-782
-48,-27,-847
-66,111,-1015
15,111,-1206
11,99,-1245
-11,-5,-1134
11,23,-993
17,-56,-901
-5,-46,-778
-54,-29,-825
-44,105,-985
-7,119,-1184
-7,105,-1255
-3,-9,-1155
17,23,-1015
21,-52,-911
5,-46,-802
-35,-19,-835
-60,76,-960
-5,117,-1182
39,109,-1247
23,0,-1200
0,46,-1018
52,-48,-929
70,-44,-788
-50,-31,-815
-42,99,-940
0,97,-1155
81,126,-1253
-3,1,-1194
-39,19,-1030
39,-23,-929
7,-56,-810
-97,-50,-839
-52,62,-944
-62,146,-1138
-9,150,-1259
-46,-27,-1212
-52,3,-1046
3,-29,-919
-7,-37,-804
-91,-44,-796
-54,40,-903
-46,128,-1138
-1,124,-1264
-23,9,-1192
-56,40,-1061
27,-5,-940
21,-64,-829
-74,-29,-817
-58,40,-913
-48,150,-1100
0,111,-1223
21,0,-1206
-33,50,-1083
42,-29,-946
60,-60,-847
-27,-39,-817
-29,52,-886
19,132,-1065
42,142,-1218
62,23,-1225
-25,44,-1095
72,-13,-952
54,-64,-878
-52,-21,-784
-54,25,-872
-52,165,-1057
29,101,-1216
15,23,-1239
-35,19,-1081
33,0,-962
35,-29,-899
-54,-58,-804
-68,-1,-888
-52,115,-1032
13,140,-1200
19,54,-1245
-3,19,-1132
0,-29,-997
13,-29,-866
-35,-72,-796
-74,23,-864
-68,109,-1009
13,136,-1198
40,39,-1241
-1,9,-1122
-21,-9,-991
56,-19,-890
-17,-74,-815
-42,15,-849
-29,64,-1001
1,144,-1173
7,42,-1218
7,-3,-1141
-44,5,-989
19,-37,-888
-39,-60,-800
-101,-15,-849
-74,74,-974
-19,130,-1169
0,97,-1239
-66,9,-1165
-21,35,-1020
19,-48,-921
-44,-54,-813
-50,-23,-841
-64,93,-966
-48,115,-1159
-21,124,-1225
-19,-31,-1179
-78,19,-991
-15,-15,-931
-81,-35,-819
-113,-60,-839
-144,81,-935
-124,140,-1132
-152,160,-1233
-122,-46,-1190
-206,42,-1028
-128,-21,-940
-259,11,-810
-281,-138,-825
-329,124,-913
-294,121,-1134
-308,218,-1247
-267,-101,-1200
-361,64,-1042
-224,-3,-956
-312,25,-837
-302,-122,-841
-337,40,-927
-318,152,-1102
-255,220,-1218
-204,-72,-1227
-333,19,-1075
-226,-33,-964
-302,78,-856
-345,-130,-864
-476,25,-925
-542,142,-1091
-468,193,-1200
-454,-48,-1216
-628,-9,-1116
-530,13,-966
-657,13,-890
-581,-101,-790
-548,-19,-866
-388,171,-979
-337,193,-1171
-236,-29,-1173
-388,-25,-1114
-191,19,-956
-201,27,-882
-208,-103,-858
-220,-19,-925
-113,136,-1059
-62,204,-1241
-7,-9,-1276
-101,17,-1147
-39,-13,-964
-56,3,-864
-117,-81,-810
-183,-29,-860
-150,87,-997
-66,163,-1188
107,87,-1214
70,5,-1104
91,0,-964
284,-29,-827
312,-37,-751
247,-1,-819
206,156,-995
265,91,-1212
199,62,-1307
245,-74,-1161
136,146,-1020
236,-48,-931
126,-93,-790
48,35,-862
-29,150,-1016
11,121,-1188
33,54,-1202
5,-39,-1114
-39,109,-964
89,-42,-870
-72,-64,-788
-103,-101,-829
-152,158,-944
-60,160,-1214
-89,128,-1257
-109,-35,-1171
-103,76,-1009
1,-48,-938
-119,-27,-841
-101,-66,-843
-201,156,-964
-60,76,-1151
-117,140,-1251
-62,-64,-1204
-144,105,-1036
-31,-39,-929
-156,7,-831
-115,-95,-870
-232,109,-954
-62,103,-1151
-83,195,-1237
-35,-72,-1179
-113,80,-1005
50,-60,-915
-85,-19,-831
-74,-105,-831
-152,119,-911
-11,76,-1130
-50,177,-1227
35,-58,-1204
-78,150,-1028
107,-54,-946
-27,-9,-853
-19,-99,-843
-99,99,-921
15,81,-1098
-1,150,-1192
76,-66,-1190
-39,93,-1032
148,-21,-927
39,-19,-866
7,-83,-841
-56,64,-901
37,105,-1114
54,144,-1218
89,-42,-1188
0,62,-1059
103,-37,-954
103,-40,-882
25,-72,-837
-70,58,-913
15,113,-1042
68,126,-1194
37,15,-1194
-11,19,-1075
105,13,-960
54,-13,-895
-19,-80,-821
-46,5,-890
13,126,-1061
21,138,-1218
44,40,-1220
-21,17,-1097
-13,-5,-981
48,-33,-876
-21,-40,-819
-121,31,-868
-78,87,-1044
5,140,-1180
-29,72,-1221
-83,3,-1114
0,23,-985
15,-33,-890
-66,-56,-819
-105,15,-856
-76,150,-1013
-13,134,-1208
-42,58,-1225
-29,7,-1116
-17,39,-966
48,-29,-892
-68,-44,-802
-85,-33,-878
-111,138,-1005
15,101,-1196
-56,95,-1237
-3,5,-1116
-42,68,-987
111,-40,-913
-58,-46,-821
-62,-37,-866
-81,150,-991
42,93,-1177
-42,93,-1216
58,-35,-1138
-19,74,-993
142,-39,-915
-15,-40,-817
-33,-58,-866
-68,111,-987
58,115,-1171
-21,113,-1227
25,-37,-1130
-23,70,-985
146,-58,-919
-33,-33,-827
-31,-64,-851
-72,136,-979
58,74,-1159
-27,140,-1208
85,-39,-1141
-13,105,-997
146,-54,-938
1,-31,-851
-29,-91,-858
-72,117,-964
21,121,-1138
-29,122,-1218
52,-52,-1153
-42,85,-989
122,-60,-936
-52,-3,-843
-23,-81,-860
-95,97,-956
7,113,-1124
-40,150,-1204
50,-46,-1180
-66,95,-1016
109,-62,-954
-27,-3,-868
-29,-101,-866
-101,111,-936
3,101,-1102
-33,154,-1208
27,-50,-1169
-64,76,-1034
81,-60,-931
-33,13,-866
-37,-109,-853
-121,74,-929
-29,95,-1075
-25,169,-1214
19,-3,-1186
-70,60,-1042
74,-46,-962
5,-17,-868
-46,-76,-847
-126,87,-927
-21,80,-1085
-44,156,-1192
17,5,-1192
-66,39,-1065
58,-37,-952
17,-13,-892
-13,-56,-841
-72,35,-913
-21,50,-1048
-117,97,-1186
-72,165,-1104
-493,-3,-1141
-601,-126,-1005
-616,-27,-909
-923,19,-923
-1042,9,-927
-936,-44,-999
-829,146,-1097
-1102,160,-1184
-1145,40,-1069
-1198,-134,-903
-1057,-136,-860
-1221,150,-835
-1192,-21,-868
-1255,-76,-964
-1081,-17,-1290
-1141,339,-1296
-1253,95,-1253
-1173,-117,-995
-1001,-267,-989
-1048,298,-911
-1138,9,-923
-1130,5,-976
-837,-216,-1231
-938,417,-1317
-907,87,-1143
-940,-81,-925
-667,-294,-929
-950,210,-843
-940,50,-784
-1093,0,-901
-767,-148,-1255
-1020,386,-1309
-1141,140,-1032
-1231,-158,-837
-938,-300,-999
-1325,234,-829
-1487,33,-677
-1483,7,-833
-1077,-251,-1251
-1424,423,-1370
-1501,191,-1001
-1350,-189,-894
-917,-245,-1063
-1290,212,-923
-1503,115,-786
-1329,-48,-856
-890,-327,-1317
-1288,386,-1389
-1337,169,-1104
-1221,-64,-964
-862,-370,-1046
-1106,220,-999
-1264,50,-718
-1202,183,-823
-854,-423,-1235
-1020,429,-1378
-1171,70,-1104
-1266,56,-862
-810,-376,-1098
-1159,44,-972
-1424,187,-747
-1342,-72,-737
-1095,-62,-1194
-1475,234,-1465
-1383,68,-974
-1493,64,-931
-1005,-238,-958
-1387,-25,-1059
-1557,158,-702
-1497,-44,-673
-1036,-247,-1198
-1270,404,-1436
-1460,-17,-1163
-1428,148,-972
-1177,-314,-1097
-1286,251,-1067
-1704,-25,-747
-1421,-97,-661
-1171,-37,-1262
-1444,331,-1512
-1651,37,-1114
-1356,-13,-901
-853,-247,-993
-1036,325,-933
-1464,-247,-694
-1624,146,-743
-894,-384,-1141
-1352,595,-1407
-1245,-42,-1239
-1583,302,-950
-1030,-523,-1052
-1288,122,-1011
-1266,37,-646
-1551,11,-681
-1182,-103,-1155
-1522,327,-1362
-1247,21,-1065
-1110,-126,-987
-1220,78,-1083
-1440,-97,-1036
-1497,181,-632
-981,-447,-710
-1465,556,-1264
-1280,-142,-1403
-1569,113,-1243
-1009,-85,-837
-1253,81,-1227
-1329,308,-942
-1311,-468,-759
-1534,-105,-612
-1141,25,-1077
-1290,427,-1479
-1401,68,-1151
-1573,-115,-890
-839,-181,-1032
-1255,29,-1206
-1590,472,-591
-1536,-396,-767
-1300,-357,-1139
-1360,610,-1372
-1317,81,-1134
-1413,156,-1016
-1071,-739,-1028
-1235,501,-962
-1510,115,-841
-1317,-402,-648
-1260,60,-1116
-997,179,-1239
-1315,421,-1411
-1464,-366,-958
-1204,-23,-950
-1015,271,-1210
-1350,-3,-708
-1604,-267,-812
-1264,-144,-1085
-1405,566,-1288
-1231,-134,-1063
-1024,-44,-1063
-1280,17,-1134
-1056,281,-870
-1120,-70,-782
-1022,-345,-679
-776,5,-1020
-1114,464,-1296
-1024,-33,-1169
-1102,-232,-1249
-595,-11,-1056
-841,353,-1065
-802,119,-601
-636,-776,-802
-501,456,-1005
-519,286,-1270
-749,15,-1167
-437,-365,-1198
-175,244,-1026
-193,-39,-956
-376,265,-741
-255,-640,-769
-528,347,-1056
-203,48,-1216
-191,419,-1227
-261,-156,-1220
-142,-33,-927
17,148,-1061
-191,-177,-714
-197,-115,-702
9,29,-882
-148,312,-1210
85,105,-1149
-134,-435,-1309
-357,365,-903
-138,-5,-911
-204,230,-769
-101,-540,-817
-150,273,-1026
-302,56,-1202
-46,121,-1212
-154,80,-1188
-23,-117,-1052
-163,392,-929
1,-380,-843
-437,-19,-925
-261,-95,-925
-183,327,-1134
-80,54,-1380
-201,146,-1235
-52,162,-927
-187,-150,-1052
-370,-33,-929
-68,162,-595
-208,78,-917
-245,54,-1216
-140,-376,-1196
122,755,-888
-117,-382,-1122
-5,566,-985
11,-790,-866
-327,396,-691
-484,-337,-1118
-212,247,-1100
-335,236,-1298
9,109,-1190
-126,35,-1145
66,-105,-878
-382,93,-884
7,-39,-796
-204,-87,-913
-216,-222,-1130
66,489,-1085
111,-60,-1294
-103,140,-1020
-105,-52,-1040
-35,21,-648
-111,-292,-921
193,-21,-679
-150,544,-1182
-89,130,-1266
3,-56,-1292
-58,3,-1009
-68,140,-897
46,-101,-778
-126,-206,-1003
-23,189,-825
-165,-62,-981
66,117,-1341
134,-33,-1239
52,261,-1028
249,115,-780
204,-60,-1032
142,-404,-829
-15,83,-907
-115,443,-1059
130,-115,-1464
35,-121,-1169
101,105,-1095
257,121,-796
140,46,-1016
286,-261,-657
85,-15,-849
124,39,-1102
419,236,-1221
255,312,-1180
769,-27,-1028
242,417,-1188
718,-220,-708
1218,115,-564
979,-421,-983
1153,191,-1085
1143,417,-1180
1331,15,-1342
1460,-284,-1116
835,113,-1020
1430,-206,-894
1024,423,-817
907,-76,-757
1360,-337,-899
1173,484,-1288
1057,312,-1276
976,154,-1048
976,-501,-772
907,-87,-780
1081,195,-698
763,-183,-940
767,-27,-1009
925,150,-1091
931,333,-1444
911,374,-1028
1091,-357,-995
853,-162,-817
1272,249,-935
796,0,-866
1315,-124,-1009
1118,-44,-1288
1093,222,-1327
1054,468,-1087
1479,-189,-886
1221,-169,-1114
1346,15,-876
1122,-9,-732
1253,83,-909
1257,105,-1309
1218,507,-1239
1300,-216,-1063
1245,115,-958
1378,-249,-1151
1276,183,-677
1151,-5,-495
1401,-390,-1016
1301,312,-1282
976,640,-1229
1216,-162,-1073
1262,-105,-952
1286,-121,-1098
815,167,-942
966,56,-538
1251,-491,-841
1112,105,-1555
981,1073,-1237
1175,-5,-936
1249,-620,-1011
1491,40,-1052
1015,538,-749
1180,-349,-603
1380,-136,-1059
1290,175,-1303
1303,648,-1202
1378,-107,-1077
1569,-308,-1136
1772,105,-886
1397,277,-890
1327,-245,-657
1446,-267,-960
1317,275,-1171
1231,696,-1266
1247,-195,-1095
1344,-454,-1069
1301,458,-958
1456,136,-687
1188,-447,-724
1317,-312,-899
1063,618,-1233
1249,368,-1093
1186,-245,-1136
1624,-101,-1030
1165,216,-1102
1247,124,-755
1282,-474,-774
1561,-87,-841
979,515,-1341
1087,517,-1251
1218,-419,-1188
1858,-177,-956
1430,423,-1104
1165,68,-940
1044,-493,-812
1739,-122,-708
1290,657,-1276
1237,542,-1212
1065,-359,-1171
1860,-327,-940
1262,433,-1069
1237,148,-735
1423,-517,-642
1387,-105,-854
1016,273,-1260
1278,583,-1071
1233,-29,-1057
1280,-312,-1206
1467,206,-1005
1157,261,-767
1329,-532,-698
1518,17,-907
1298,435,-1163
1210,275,-1132
1378,-204,-1151
1382,78,-1233
1423,134,-1050
1091,95,-819
1440,-560,-745
1467,19,-907
1147,564,-1157
1229,388,-1153
1424,-242,-1098
1456,-138,-1143
1278,277,-1114
1237,126,-786
1282,-571,-657
1440,-122,-864
1278,568,-1122
1108,388,-1179
1473,-175,-1093
1526,-81,-1182
1341,333,-1059
1149,122,-827
1458,-648,-712
1255,-101,-917
1098,474,-1075
909,448,-1124
1128,-253,-1188
1083,17,-1208
1009,283,-1032
817,-52,-786
921,-464,-716
933,-23,-874
812,466,-1011
661,304,-1122
854,-185,-1204
759,7,-1206
698,212,-1028
657,-56,-890
665,-386,-831
497,-5,-944
564,318,-1009
374,341,-1134
511,-40,-1225
528,21,-1264
497,119,-1036
312,-37,-862
419,-329,-753
413,-81,-870
257,226,-1011
167,277,-1034
281,101,-1200
302,35,-1260
222,97,-1093
226,-35,-798
89,-195,-788
199,-128,-876
154,165,-974
-5,269,-1030
105,165,-1229
232,-27,-1296
126,-37,-1063
70,3,-808
175,-103,-817
175,-85,-919
56,-15,-931
5,290,-1022
107,281,-1239
171,29,-1346
146,-89,-1040
81,-37,-780
206,-66,-817
199,-144,-897
46,23,-917
48,257,-1003
150,273,-1284
249,50,-1333
117,-50,-1032
101,-27,-784
242,-81,-901
259,-162,-936
7,21,-894
56,232,-923
179,226,-1307
220,37,-1358
101,-31,-1011
78,-3,-780
201,-124,-895
218,-162,-952
27,7,-839
-31,308,-938
142,175,-1313
185,44,-1391
68,-33,-1028
9,33,-823
181,-80,-923
175,-197,-923
-31,19,-815
-40,277,-944
40,232,-1344
158,39,-1333
-7,-25,-1016
9,1,-815
119,-95,-954
144,-177,-895
-56,39,-815
-37,214,-936
0,210,-1294
134,70,-1337
7,0,-1061
9,56,-837
107,-144,-923
95,-154,-870
-42,-3,-802
-64,267,-966
7,204,-1298
85,68,-1321
-7,-5,-1011
-19,37,-829
95,-95,-942
52,-160,-911
-66,-23,-800
-89,232,-931
-37,173,-1245
19,91,-1315
-29,3,-1081
-89,27,-874
23,-95,-940
-50,-191,-921
-134,-39,-823
-189,230,-925
-113,212,-1210
-62,95,-1329
-105,13,-1116
-111,13,-876
-7,-85,-905
-35,-177,-917
-81,-66,-802
-126,181,-929
-78,232,-1200
64,117,-1331
0,13,-1138
-56,42,-936
97,-91,-938
111,-128,-940
52,-64,-847
-25,195,-907
23,218,-1167
101,89,-1325
103,7,-1171
21,5,-923
44,-19,-878
101,-163,-882
60,-89,-819
-66,152,-911
-29,212,-1136
83,146,-1303
78,21,-1163
15,11,-888
91,-25,-876
126,-138,-952
89,-115,-874
-52,146,-915
-37,208,-1081
54,154,-1309
91,31,-1214
-7,44,-942
31,11,-919
117,-144,-970
21,-165,-901
-70,117,-876
-70,255,-1042
19,175,-1280
13,5,-1210
-37,0,-966
-23,-5,-892
66,-109,-952
25,-140,-895
-85,72,-854
-70,228,-1007
-21,185,-1272
15,50,-1249
-33,0,-1020
-40,-9,-901
50,-148,-952
19,-177,-880
-87,68,-845
-76,228,-976
-48,177,-1251
15,44,-1284
-35,-7,-1044
-39,-5,-892
42,-89,-915
21,-150,-862
-80,19,-874
-91,206,-976
-37,203,-1274
33,64,-1294
-15,-13,-1036
-33,-23,-888
76,-99,-915
56,-132,-886
-62,33,-870
-89,222,-966
-31,173,-1239
40,74,-1282
5,-13,-1071
-19,9,-894
83,-101,-903
72,-156,-892
-40,0,-845
-76,244,-940
-21,201,-1237
42,122,-1296
33,-17,-1075
-23,-21,-880
91,-60,-909
78,-171,-911
-50,15,-849
-76,175,-944
-39,197,-1200
54,101,-1309
19,3,-1104
-23,11,-892
64,-107,-915
48,-162,-915
-56,-25,-851
-81,224,-913
-56,212,-1177
33,119,-1313
1,-33,-1134
-46,15,-923
40,-85,-897
42,-126,-911
-29,-52,-856
-93,197,-913
-56,226,-1153
7,144,-1311
1,7,-1145
-54,-5,-929
19,-95,-890
42,-144,-923
-52,-50,-870
-97,203,-880
-66,204,-1126
-11,124,-1301
21,19,-1177
-52,11,-950
31,-74,-890
64,-146,-919
-3,-85,-860
-97,183,-862
-80,206,-1110
17,167,-1325
27,3,-1194
-40,-5,-950
27,-58,-895
76,-126,-913
33,-89,-854
-95,160,-886
-64,203,-1087
13,165,-1305
15,23,-1221
-42,33,-948
33,-56,-882
81,-121,-923
35,-136,-876
-89,146,-864
-66,232,-1075
7,187,-1301
37,31,-1227
-25,-13,-983
1,-31,-884
81,-126,-907
21,-115,-862
-93,103,-868
-68,191,-1054
-27,187,-1274
31,64,-1218
-25,9,-991
-3,-11,-882
72,-138,-917
31,-138,-884
-74,109,-878
-68,216,-1018
-33,191,-1264
27,25,-1247
-29,11,-1032
-5,-9,-901
54,-111,-925
35,-138,-870
-74,46,-851
-83,232,-999
-33,189,-1266
17,62,-1260
-17,-17,-1048
-31,-9,-878
83,-111,-915
52,-136,-882
-68,44,-856
-76,230,-979
-31,189,-1237
42,54,-1294
-1,3,-1085
-21,17,-888
64,-101,-925
64,-173,-899
-60,0,-843
-80,222,-948
-33,199,-1221
17,105,-1300
23,-35,-1087
-29,1,-890
81,-109,-899
46,-124,-897
-54,9,-853
-101,199,-952
-33,195,-1210
11,111,-1300
11,9,-1098
-37,11,-905
48,-103,-915
60,-169,-931
-39,-15,-845
-87,212,-933
-48,206,-1180
7,115,-1292
5,-19,-1134
-54,19,-915
72,-85,-919
56,-130,-929
-31,-44,-821
-99,195,-923
-54,203,-1151
13,134,-1317
19,1,-1157
-64,17,-915
58,-81,-897
46,-134,-923
-17,-35,-856
-103,173,-913
-74,212,-1134
21,115,-1309
0,-21,-1173
-33,21,-931
23,-78,-899
78,-109,-929
9,-81,-866
-91,148,-894
-66,220,-1097
5,150,-1301
27,25,-1184
-35,0,-970
21,-70,-888
89,-107,-927
7,-72,-864
-89,171,-895
-68,201,-1097
11,124,-1303
21,9,-1204
-11,21,-964
3,-33,-892
115,-144,-940
11,-115,-882
-87,117,-876
-72,206,-1048
-7,169,-1264
37,7,-1239
-50,25,-977
13,-56,-882
72,-105,-936
21,-101,-882
-78,111,-854
-83,201,-1034
0,169,-1294
25,23,-1249
-37,29,-995
7,-25,-874
99,-124,-929
37,-132,-866
-74,83,-858
-87,216,-1005
-13,165,-1247
7,42,-1262
-17,3,-1005
-15,-23,-888
87,-74,-925
56,-150,-901
-68,52,-853
-83,201,-989
-33,173,-1241
13,81,-1278
-17,0,-1042
-5,-35,-897
72,-101,-913
40,-136,-880
-66,48,-856
-85,216,-985
-40,181,-1255
37,46,-1286
-11,-7,-1048
-25,-1,-870
74,-85,-923
54,-134,-927
-56,5,-864
-93,222,-938
-39,191,-1204
15,105,-1278
3,3,-1098
-29,-15,-897
54,-80,-929
85,-144,-915
-54,13,-851
-89,210,-936
-40,152,-1200
11,122,-1294
17,-15,-1100
-46,11,-897
70,-81,-913
60,-152,-911
-42,-15,-853
-72,201,-919
-62,175,-1169
9,146,-1309
29,-15,-1136
-31,7,-899
42,-81,-915
58,-121,-929
-17,-42,-872
-91,177,-894
-48,177,-1139
5,148,-1311
29,13,-1151
-48,1,-927
52,-89,-895
50,-117,-901
3,-46,-854
-101,160,-895
-66,212,-1136
13,128,-1319
7,13,-1169
-54,0,-923
31,-46,-903
89,-128,-952
-11,-72,-872
-103,152,-874
-68,185,-1098
-7,171,-1292
21,33,-1208
-46,-1,-956
21,-40,-895
81,-160,-935
7,-76,-851
-101,144,-874
-60,212,-1073
-27,160,-1307
40,13,-1206
-54,-1,-976
21,-19,-882
70,-136,-929
23,-99,-862
-80,95,-878
-72,212,-1050
-11,173,-1305
25,33,-1229
-39,-7,-983
-1,-35,-884
103,-128,-925
21,-111,-888
-74,93,-858
-85,185,-1026
-29,177,-1260
21,40,-1251
-27,25,-1013
0,-37,-890
101,-122,-915
37,-144,-866
-76,91,-858
-76,181,-1020
-17,201,-1280
37,23,-1257
-21,17,-1011
-5,-17,-872
83,-105,-935
42,-140,-911
-72,50,-868
-85,175,-962
-27,191,-1239
33,60,-1268
-7,19,-1052
-25,-11,-890
80,-109,-927
52,-140,-888
-50,15,-858
-111,228,-958
-19,175,-1257
0,89,-1268
0,-9,-1057
-33,-3,-899
85,-74,-933
56,-169,-886
-62,17,-845
-89,187,-936
-40,187,-1225
13,95,-1280
3,0,-1075
-44,7,-890
85,-91,-917
54,-134,-919
-42,-5,-845
-97,204,-950
-46,169,-1173
7,121,-1292
35,-17,-1122
-35,35,-921
70,-101,-923
56,-128,-905
-31,-23,-845
-95,179,-929
-33,201,-1194
11,111,-1303
19,0,-1118
-33,5,-899
56,-85,-909
80,-103,-915
-17,-35,-874
-83,187,-913
-58,160,-1124
1,121,-1300
33,21,-1159
-42,23,-944
33,-80,-903
83,-134,-927
-13,-64,-851
-89,183,-899
-62,204,-1122
3,130,-1307
56,5,-1175
-50,15,-944
54,-68,-895
89,-115,-915
-11,-64,-860
-87,158,-868
-70,187,-1112
-1,152,-1303
40,3,-1188
-62,46,-956
33,-54,-882
81,-119,-948
5,-111,-890
-91,152,-854
-81,179,-1079
-17,167,-1280
33,0,-1216
-54,-5,-989
15,-35,-886
78,-117,-925
5,-99,-845
-80,101,-864
-83,187,-1075
-33,173,-1286
25,33,-1227
-68,15,-974
11,-54,-892
72,-111,-938
13,-126,-897
-78,122,-854
-81,210,-1020
-33,165,-1251
44,9,-1262
-44,37,-1015
3,-11,-905
54,-111,-923
39,-126,-868
-78,37,-851
-91,245,-995
-21,175,-1260
1,46,-1251
-19,-11,-1028
0,-35,-882
74,-83,-929
72,-115,-888
-76,40,-858
-85,204,-983
-46,165,-1251
17,68,-1266
-3,9,-1063
-15,3,-878
66,-91,-925
72,-167,-903
-52,35,-868
-95,228,-966
-33,175,-1210
15,87,-1286
13,-15,-1071
-25,-3,-888
89,-76,-913
58,-148,-899
-37,13,-868
-87,206,-956
-42,181,-1214
37,99,-1290
7,15,-1081
-27,5,-886
72,-91,-935
78,-146,-915
-37,3,-860
-89,218,-907
-35,195,-1184
7,85,-1300
19,-13,-1110
-31,23,-899
70,-72,-936
80,-142,-925
-46,-31,-856
-103,204,-909
-56,210,-1175
-5,146,-1313
27,3,-1145
-44,-13,-919
68,-72,-925
54,-160,-929
-31,-23,-845
-93,191,-903
-60,195,-1143
5,122,-1303
21,5,-1153
-54,29,-919
46,-78,-911
56,-124,-925
-15,-93,-876
-105,179,-888
-66,214,-1098
-7,154,-1296
31,1,-1184
-60,13,-966
44,-68,-901
58,-109,-933
23,-64,-851
-105,146,-886
-70,203,-1110
0,132,-1307
29,40,-1198
-44,15,-960
9,-66,-890
13,-121,-876
-93,165,-876
-64,197,-1061
-15,160,-1288
33,13,-1237
-52,17,-983
25,-42,-890
87,-130,-927
33,-121,-878
-76,111,-870
-76,187,-1038
-19,187,-1290
42,42,-1255
-60,21,-997
21,-58,-882
80,-132,-915
29,-130,-864
-76,122,-845
-93,191,-1018
-9,162,-1276
17,23,-1247
-33,56,-999
-13,-42,-886
99,-91,-931
37,-175,-909
-76,72,-847
-93,201,-997
-19,195,-1247
11,50,-1266
-9,9,-1036
-13,-35,-888
93,-101,-929
56,-122,-874
-64,60,-849
-89,169,-981
-33,160,-1243
7,80,-1266
-13,19,-1034
-23,-1,-886
80,-85,-931
66,-160,-917
-68,40,-864
-93,208,-948
-42,187,-1225
15,87,-1282
11,0,-1079
-23,1,-909
72,-83,-915
70,-146,-897
-54,9,-851
-107,195,-933
-35,160,-1194
7,136,-1286
29,-3,-1108
-35,-5,-897
74,-85,-905
64,-140,-911
-42,5,-853
-95,212,-940
-46,158,-1186
9,122,-1298
33,-3,-1132
-33,31,-903
72,-85,-915
70,-124,-929
-25,-35,-858
-81,171,-903
-46,185,-1151
0,152,-1307
58,-15,-1143
-54,9,-929
72,-80,-894
37,-109,-927
-31,-7,-868
-97,152,-905
-62,187,-1143
-5,134,-1305
23,11,-1149
-48,13,-923
33,-52,-905
91,-144,-954
-21,-68,-882
-83,156,-878
-60,203,-1112
-3,160,-1298
33,-11,-1188
-66,17,-946
39,-70,-894
56,-109,-936
-1,-81,-872
-103,130,-868
-66,204,-1085
-17,150,-1296
54,21,-1214
-66,27,-972
31,-44,-897
91,-138,-931
9,-85,-868
-89,124,-874
-66,210,-1071
-11,167,-1290
23,3,-1225
-60,17,-966
11,-48,-884
87,-124,-925
11,-107,-876
-91,103,-856
-76,187,-1032
-15,169,-1288
19,54,-1237
-29,23,-1011
-5,-39,-878
95,-134,-923
46,-99,-876
-80,101,-874
-66,206,-1042
-21,160,-1272
19,29,-1251
-21,35,-1015
11,-31,-876
97,-115,-942
37,-126,-888
-68,50,-849
-103,212,-1007
-33,175,-1247
21,50,-1268
-15,46,-1042
-7,-35,-894
78,-107,-936
56,-122,-882
-42,40,-870
-99,220,-977
-25,173,-1239
21,54,-1280
1,35,-1061
-15,-9,-890
101,-80,-935
58,-154,-890
-52,23,-843
-95,203,-956
-39,179,-1223
5,89,-1282
21,17,-1054
-37,-17,-878
76,-78,-931
72,-146,-917
-56,11,-843
-99,210,-944
-50,156,-1188
-7,97,-1298
33,15,-1102
-35,3,-901
81,-97,-931
42,-134,-890
-33,-23,-853
-103,197,-935
-44,195,-1175
-9,87,-1298
11,19,-1112
-35,0,-915
54,-78,-911
64,-130,-919
-35,-29,-862
-101,195,-907
-42,185,-1138
-3,117,-1298
29,25,-1151
-44,27,-936
33,-93,-913
72,-162,-923
-23,-40,-856
-95,187,-901
-60,197,-1122
-11,115,-1296
33,9,-1163
-58,13,-931
54,-78,-907
72,-117,-919
-11,-80,-862
-83,171,-905
-68,187,-1108
7,138,-1296
23,23,-1208
-44,23,-935
40,-74,-901
91,-111,-936
19,-99,-884
-87,160,-886
-70,199,-1059
0,124,-1300
33,39,-1216
-50,7,-960
23,-58,-882
66,-111,-917
25,-105,-882
-101,148,-878
-74,193,-1069
-17,169,-1296
29,39,-1225
-39,11,-966
7,-56,-890
101,-95,-950
31,-119,-886
-83,140,-872
-70,177,-1044
-27,191,-1264
29,25,-1251
-25,25,-999
0,-40,-897
81,-121,-938
29,-126,-858
-89,105,-854
-83,220,-1034
-31,179,-1264
11,39,-1264
-27,5,-1009
7,-23,-890
60,-78,-925
48,-124,-888
-72,62,-878
-87,203,-1003
-33,177,-1239
11,72,-1282
-3,13,-1034
-11,-27,-901
76,-107,-915
78,-154,-899
-76,52,-870
-89,216,-976
-35,165,-1231
-1,89,-1266
31,-9,-1065
-23,9,-901
101,-105,-925
66,-146,-882
-52,35,-872
-66,183,-974
-40,169,-1229
15,105,-1280
29,1,-1075
-19,15,-890
85,-122,-915
76,-144,-903
-44,19,-868
-89,204,-923
-42,152,-1173
1,113,-1286
40,3,-1102
-44,44,-903
66,-103,-925
76,-158,-913
-25,-19,-862
-117,210,-917
-44,201,-1167
-1,115,-1309
23,-3,-1130
-46,-1,-915
64,-76,-915
48,-146,-917
-33,-15,-858
-95,150,-907
-58,197,-1141
-7,111,-1307
15,25,-1145
-58,3,-917
33,-87,-907
56,-136,-935
-25,-39,-884
-107,171,-895
-58,189,-1112
-27,130,-1307
39,-1,-1165
-64,19,-968
52,-64,-899
39,-130,-921
9,-62,-868
-89,146,-895
-68,206,-1112
1,136,-1307
29,33,-1180
-46,17,-956
31,-66,-894
93,-124,-938
11,-93,-888
-87,175,-882
-56,181,-1075
-17,156,-1276
42,11,-1216
-33,40,-989
35,-52,-895
95,-132,-931
35,-109,-876
-80,124,-870
-68,206,-1063
-21,165,-1286
42,25,-1233
-37,-3,-985
19,-48,-880
103,-130,-911
25,-95,-880
-76,119,-876
-80,187,-1022
-27,185,-1272
27,17,-1247
-39,46,-1015
9,-40,-886
72,-97,-919
46,-156,-892
-76,78,-862
-97,204,-1007
-35,193,-1253
0,39,-1264
-21,-7,-1028
-15,-40,-882
83,-95,-913
31,-117,-897
-78,64,-845
-109,183,-997
-33,187,-1241
17,64,-1262
-21,39,-1038
-21,-27,-870
78,-85,-925
48,-163,-917
-60,64,-851
-97,201,-970
-35,212,-1216
3,54,-1274
0,-9,-1075
-29,3,-907
103,-91,-921
50,-138,-892
-48,17,-841
-103,199,-936
-21,210,-1210
17,87,-1280
40,0,-1079
-48,-23,-899
95,-83,-905
60,-148,-915
-33,21,-856
-85,199,-944
-35,185,-1184
5,78,-1282
50,3,-1122
-33,13,-899
76,-83,-899
62,-126,-917
-25,-31,-854
-83,185,-927
-56,187,-1159
-11,144,-1286
60,-21,-1138
-56,11,-913
87,-97,-913
42,-111,-925
-3,-31,-864
-89,171,-913
-62,185,-1155
15,111,-1301
35,7,-1161
-50,35,-917
42,-87,-907
78,-130,-952
-17,-76,-868
-91,171,-886
-68,195,-1104
-5,142,-1286
21,-9,-1182
-58,5,-938
23,-68,-907
70,-99,-936
13,-81,-860
-107,156,-870
-62,201,-1102
-23,150,-1303
29,29,-1214
-64,15,-948
29,-58,-899
80,-121,-936
11,-89,-854
-89,142,-884
-76,214,-1075
-11,140,-1290
27,5,-1204
-62,19,-958
15,-48,-888
76,-81,-938
11,-111,-866
-83,105,-858
-85,214,-1046
-19,169,-1284
23,37,-1243
-56,5,-1005
17,-52,-901
83,-115,-944
39,-85,-872
-81,99,-880
-72,216,-1040
-25,160,-1266
46,33,-1243
-29,5,-991
5,-17,-872
97,-91,-944
42,-148,-884
-78,72,-868
-91,222,-999
-39,181,-1233
21,35,-1278
-27,3,-1038
0,-39,-905
78,-78,-927
62,-130,-888
-60,48,-880
-93,234,-970
-19,162,-1245
21,64,-1278
1,-3,-1044
-3,-39,-890
87,-81,-921
58,-169,-882
-70,42,-864
-107,226,-962
-31,175,-1225
1,52,-1282
13,7,-1063
-40,-23,-882
66,-78,-919
74,-163,-911
-54,17,-870
-97,208,-933
-39,177,-1194
-3,101,-1288
35,-13,-1095
-42,-5,-897
93,-107,-919
60,-130,-895
-21,-11,-862
-103,226,-929
-42,162,-1184
-15,117,-1292
33,-9,-1098
-39,7,-890
74,-64,-925
56,-136,-923
-25,-31,-876
-103,208,-905
-44,189,-1145
7,126,-1311
35,5,-1132
-44,-3,-936
76,-95,-919
56,-117,-913
1,-42,-853
-97,212,-895
-56,185,-1132
-11,117,-1307
37,17,-1155
-52,5,-950
50,-62,-907
70,-152,-923
-3,-74,-858
-91,206,-890
-64,208,-1124
-27,136,-1313
39,-1,-1190
-56,7,-936
42,-52,-886
62,-109,-931
11,-105,-899
-95,163,-886
-64,181,-1075
-27,165,-1280
52,17,-1204
-58,-7,-964
31,-42,-880
52,-136,-917
39,-101,-874
-103,169,-890
-68,197,-1071
-17,158,-1300
19,13,-1216
-46,3,-972
3,-31,-882
103,-134,-948
21,-115,-897
-89,144,-853
-78,179,-1032
-19,179,-1253
17,3,-1257
-21,29,-987
0,-50,-895
103,-126,-917
40,-119,-882
-93,136,-837
-81,189,-1020
-35,193,-1253
39,19,-1253
-25,15,-1009
7,-15,-905
89,-124,-925
60,-140,-886
-78,81,-856
-85,189,-1005
-33,195,-1257
17,40,-1257
7,0,-1018
-11,-40,-880
81,-89,-917
54,-140,-895
-68,70,-858
-101,197,-979
-37,167,-1229
-1,76,-1278
23,5,-1077
-13,-9,-895
85,-83,-923
62,-140,-888
-56,50,-872
-95,216,-979
-50,191,-1220
15,52,-1268
3,-17,-1061
-31,1,-894
87,-115,-911
68,-138,-911
-62,33,-856
-91,204,-921
-48,185,-1188
3,91,-1288
27,-3,-1112
-44,48,-915
99,-132,-915
39,-136,-913
-27,5,-870
-111,208,-929
-54,191,-1180
-7,115,-1294
48,-17,-1126
-42,19,-925
80,-99,-905
68,-117,-913
-31,-11,-856
-89,185,-903
-56,187,-1159
1,121,-1296
31,1,-1147
-37,17,-913
46,-109,-905
68,-109,-936
-7,-40,-882
-91,197,-895
-58,191,-1112
-9,111,-1298
37,-3,-1182
-54,21,-944
66,-93,-905
35,-101,-925
15,-62,-854
-107,152,-892
-68,224,-1114
-11,134,-1300
23,29,-1184
-54,-15,-948
31,-66,-886
99,-121,-946
9,-58,-884
-93,156,-878
-56,195,-1083
-17,158,-1288
42,0,-1225
-56,35,-989
25,-60,-894
52,-130,-927
25,-93,-868
-97,126,-862
-64,214,-1065
-37,144,-1260
40,15,-1227
-62,-11,-987
25,-54,-888
78,-105,-929
21,-87,-872
-78,119,-872
-74,204,-1057
-25,154,-1274
33,33,-1257
-48,42,-997
15,-50,-880
76,-113,-940
39,-117,-878
-78,93,-876
-93,228,-1001
-15,158,-1249
11,29,-1243
-9,-5,-1032
-7,-44,-880
103,-76,-913
52,-103,-886
-68,62,-866
-89,197,-1001
-39,189,-1243
19,56,-1259
0,31,-1032
-15,-50,-888
91,-81,-938
66,-154,-913
-66,76,-851
-95,216,-954
-35,175,-1208
9,31,-1290
11,21,-1065
-27,-5,-890
93,-80,-927
40,-146,-886
-35,15,-851
-117,228,-958
-21,181,-1202
-11,95,-1290
23,0,-1081
-33,-31,-907
99,-80,-925
66,-124,-903
-48,13,-854
-103,206,-936
-39,177,-1196
-11,78,-1286
21,7,-1097
-35,0,-894
70,-89,-915
68,-156,-911
-37,-15,-860
-93,226,-931
-33,181,-1153
-17,107,-1286
44,-15,-1143
-52,0,-927
89,-68,-919
44,-121,-903
-3,-19,-866
-89,177,-923
-60,173,-1153
-5,115,-1307
33,21,-1138
-42,-7,-936
56,-83,-909
66,-136,-931
-11,-58,-858
-97,201,-890
-60,179,-1108
-7,132,-1301
33,-5,-1175
-42,15,-954
48,-74,-901
64,-109,-927
19,-101,-878
-91,160,-895
-66,199,-1098
-11,156,-1300
52,11,-1200
-64,-11,-972
37,-70,-897
85,-126,-927
9,-74,-870
-89,163,-882
-85,183,-1065
-19,130,-1294
48,13,-1220
-62,27,-938
19,-40,-894
76,-121,-931
25,-121,-894
-103,142,-872
-72,204,-1048
-33,191,-1280
29,21,-1235
-46,0,-987
21,-42,-903
60,-85,-913
46,-103,-878
-107,121,-866
-89,171,-1026
-25,162,-1264
7,66,-1241
-33,35,-997
-3,-50,-888
89,-101,-925
46,-130,-903
-85,124,-862
-76,210,-1018
-46,191,-1247
17,27,-1259
-27,9,-1030
-7,5,-911
81,-109,-927
42,-113,-899
-78,40,-858
-89,224,-976
-39,173,-1245
3,76,-1260
-3,-15,-1046
-25,-13,-894
89,-111,-917
58,-117,-880
-60,58,-874
-97,206,-958
-44,169,-1223
0,64,-1255
13,-5,-1071
-21,-1,-911
74,-80,-915
81,-163,-911
-46,11,-870
-97,206,-925
-42,187,-1202
0,101,-1278
39,-19,-1085
-37,-29,-899
89,-97,-894
62,-121,-905
-37,13,-864
-97,197,-936
-42,162,-1186
11,115,-1288
48,0,-1122
-33,15,-911
101,-81,-917
89,-152,-936
-37,-1,-872
-89,195,-890
-40,197,-1167
-3,111,-1300
58,-19,-1132
-52,9,-925
101,-78,-913
54,-122,-921
-9,-19,-847
-107,171,-895
-48,187,-1143
-31,156,-1309
33,-11,-1159
-54,-7,-938
48,-64,-903
40,-134,-936
-3,-31,-882
-113,177,-894
-66,210,-1126
-31,140,-1286
42,-21,-1167
-58,15,-938
39,-60,-907
60,-107,-940
15,-95,-880
-103,163,-870
-64,212,-1091
-37,156,-1290
42,3,-1198
-60,-5,-960
50,-50,-886
48,-130,-933
21,-60,-882
-95,142,-886
-62,187,-1075
-25,160,-1282
35,-15,-1216
-58,21,-993
9,-40,-886
103,-134,-960
17,-115,-868
-81,124,-856
-74,201,-1042
-21,195,-1260
23,-3,-1237
-42,11,-1003
13,-54,-886
91,-119,-913
50,-85,-872
-81,119,-858
-66,203,-1026
-21,169,-1264
35,1,-1268
-27,25,-1020
0,-31,-880
97,-121,-931
54,-101,-876
-74,80,-858
-83,214,-1011
-39,177,-1245
11,27,-1264
-11,19,-1013
-9,-40,-884
89,-78,-913
64,-126,-907
-72,66,-862
-101,179,-995
-29,201,-1237
1,25,-1272
-1,19,-1054
-13,-31,-901
81,-89,-925
56,-128,-903
-62,62,-862
-97,189,-985
-54,206,-1210
5,29,-1268
11,25,-1063
-29,-13,-901
80,-74,-929
52,-156,-913
-64,37,-835
-113,216,-940
-46,185,-1182
-11,81,-1290
19,9,-1110
-37,-1,-919
81,-103,-917
52,-132,-905
-29,0,-851
-111,226,-938
-54,195,-1173
0,66,-1292
31,-9,-1122
-46,5,-911
78,-68,-905
58,-121,-905
-33,-21,-856
-89,197,-919
-50,210,-1167
0,105,-1292
35,-7,-1149
-48,1,-919
72,-87,-905
76,-105,-925
-1,-40,-880
-97,183,-911
-44,189,-1128
-13,113,-1294
58,-5,-1161
-54,-3,-936
78,-87,-895
50,-121,-913
11,-76,-864
-87,189,-890
-56,197,-1112
-3,134,-1298
33,0,-1175
-54,-1,-931
42,-62,-911
74,-107,-948
21,-81,-874
-105,163,-872
-62,203,-1077
-25,134,-1292
27,25,-1204
-46,9,-954
29,-68,-911
56,-115,-938
15,-95,-856
-105,169,-853
-58,220,-1075
-35,142,-1286
25,3,-1218
-56,-5,-985
21,-42,-894
72,-97,-933
39,-105,-876
-101,117,-886
-70,208,-1056
-48,189,-1270
35,23,-1260
-40,13,-991
13,-42,-895
66,-97,-917
56,-130,-886
-78,126,-868
-74,214,-1016
-21,152,-1260
11,50,-1262
-21,0,-1032
-5,-29,-892
78,-83,-917
52,-136,-874
-66,81,-884
-81,232,-1011
-25,162,-1249
21,64,-1270
3,-3,-1044
-1,-40,-884
89,-76,-942
74,-130,-899
-56,56,-868
-91,210,-962
-33,163,-1214
3,66,-1274
5,-3,-1067
-29,-5,-892
97,-87,-913
62,-150,-892
-46,40,-862
-97,222,-958
-33,187,-1225
3,74,-1292
25,-37,-1081
-44,-11,-909
107,-72,-915
50,-150,-909
-42,15,-868
-105,191,-919
-42,175,-1182
-9,91,-1290
27,-11,-1104
-46,-17,-895
70,-83,-915
58,-156,-915
-39,9,-858
-103,210,-923
-44,187,-1163
-17,103,-1284
54,-25,-1132
-60,13,-925
91,-64,-917
35,-126,-905
-17,-19,-853
-97,171,-933
-48,212,-1143
-21,99,-1301
46,1,-1143
-50,-17,-915
58,-70,-899
46,-136,-921
0,-17,-872
-93,171,-888
-56,193,-1097
-5,121,-1286
37,-11,-1177
-52,25,-960
56,-60,-897
64,-126,-923
39,-80,-868
-99,191,-882
-56,212,-1104
-17,150,-1307
54,-9,-1194
-54,-1,-956
50,-52,-882
66,-107,-933
29,-74,-868
-78,165,-874
-64,187,-1089
-15,156,-1296
44,0,-1223
-64,29,-970
44,-54,-886
74,-117,-940
33,-99,-905
-81,152,-878
-66,210,-1040
-11,169,-1276
42,3,-1233
-37,-3,-995
3,-31,-886
87,-101,-921
31,-85,-882
-78,105,-864
-78,185,-1024
-21,181,-1266
37,13,-1235
-40,27,-995
5,-42,-888
87,-119,-931
56,-115,-917
-70,109,-858
-89,201,-1009
-33,187,-1245
13,-7,-1255
-25,21,-1048
-5,-33,-927
68,-93,-919
42,-146,-890
-81,50,-843
-93,208,-989
-56,167,-1241
-11,66,-1262
-9,-15,-1052
-25,-33,-895
81,-99,-913
56,-113,-895
-70,62,-862
-95,210,-970
-46,165,-1225
7,54,-1276
9,11,-1085
-29,-13,-905
66,-83,-903
60,-163,-923
-58,23,-866
-103,204,-944
-50,187,-1186
-1,78,-1266
27,-23,-1106
-44,-9,-901
103,-70,-905
68,-109,-909
-33,7,-866
-97,195,-942
-40,165,-1186
1,109,-1303
35,-5,-1122
-48,15,-911
93,-81,-913
85,-136,-935
-15,-13,-878
-81,216,-903
-50,189,-1145
13,103,-1288
54,-25,-1149
-50,21,-917
83,-89,-915
48,-111,-929
11,-33,-849
-109,185,-892
-42,201,-1149
-17,140,-1300
58,-17,-1165
-58,9,-925
68,-91,-897
60,-115,-938
13,-29,-862
-93,185,-894
-60,214,-1116
-17,101,-1286
46,-19,-1188
-66,31,-929
50,-66,-890
56,-99,-936
0,-99,-866
-89,163,-876
-66,201,-1083
-39,152,-1282
40,-3,-1200
-66,-3,-964
62,-50,-911
35,-101,-931
40,-66,-856
-103,140,-894
-58,212,-1077
-27,111,-1286
33,21,-1218
-44,0,-970
17,-40,-890
81,-142,-944
27,-111,-872
-81,121,-858
-80,238,-1044
-39,171,-1257
17,-9,-1241
-33,19,-997
5,-50,-894
74,-91,-935
50,-101,-872
-83,91,-862
-68,208,-1038
-44,179,-1257
23,21,-1262
-37,15,-1011
11,-46,-888
95,-111,-929
42,-101,-880
-70,83,-870
-85,228,-995
-39,158,-1241
17,25,-1268
-15,1,-1026
-11,-31,-894
76,-72,-931
60,-126,-907
-64,52,-876
-113,220,-976
-25,201,-1216
1,50,-1276
13,9,-1061
-27,-50,-897
81,-81,-919
44,-126,-886
-46,46,-862
-105,204,-952
-46,181,-1206
1,40,-1276
21,15,-1063
-37,-15,-899
76,-74,-923
58,-165,-913
-66,17,-853
-103,230,-942
-46,206,-1184
-21,80,-1300
29,-13,-1102
-54,-5,-925
101,-74,-917
42,-128,-892
-19,-9,-860
-121,195,-936
-46,171,-1171
1,97,-1298
35,1,-1114
-44,-13,-913
89,-80,-907
52,-130,-897
-7,-3,-854
-87,201,-925
-60,216,-1149
1,70,-1307
33,9,-1143
-37,-7,-917
50,-50,-899
72,-124,-927
5,-56,-880
-107,169,-913
-56,197,-1108
-17,126,-1292
44,15,-1171
-50,-21,-944
64,-68,-892
54,-105,-919
35,-68,-878
-101,197,-899
-60,177,-1104
-15,134,-1300
46,-7,-1186
-58,7,-950
46,-52,-907
78,-111,-952
21,-99,-892
-91,173,-880
-62,187,-1065
-15,163,-1296
25,-1,-1216
-40,-19,-968
33,-50,-888
62,-117,-923
44,-87,-876
-97,160,-864
-60,185,-1063
-40,163,-1282
39,23,-1229
-50,5,-985
23,-42,-895
80,-105,-944
40,-117,-884
-99,132,-870
-72,203,-1054
-56,177,-1274
19,0,-1245
-39,-9,-987
15,-44,-899
60,-83,-919
48,-122,-892
-76,101,-866
-68,185,-1020
-44,175,-1239
11,54,-1260
-25,-13,-1036
-1,-7,-909
66,-109,-913
58,-113,-884
-81,76,-882
-78,208,-1007
-48,181,-1247
1,46,-1259
-1,-19,-1046
-15,-19,-899
81,-81,-923
74,-163,-903
-76,56,-856
-95,191,-956
-42,185,-1208
-7,80,-1278
11,-5,-1075
-25,-7,-905
99,-101,-929
60,-142,-903
-39,37,-866
-105,226,-962
-33,179,-1204
0,74,-1280
33,-19,-1089
-40,19,-897
95,-85,-917
58,-140,-899
-42,5,-851
-101,185,-923
-48,199,-1196
3,87,-1286
27,-21,-1097
-42,15,-895
83,-99,-917
60,-124,-917
-17,7,-886
-111,195,-913
-29,197,-1167
-17,95,-1294
72,-5,-1130
-60,21,-933
107,-80,-903
23,-124,-919
-3,-29,-866
-107,185,-921
-44,206,-1155
-13,107,-1282
42,-7,-1143
-50,1,-919
80,-78,-921
50,-115,-948
-11,-39,-858
-103,187,-886
-64,195,-1110
-21,121,-1298
46,-19,-1171
-66,35,-964
74,-74,-901
42,-128,-927
23,-68,-866
-95,152,-880
-52,245,-1097
-35,111,-1288
70,-9,-1196
-60,0,-964
52,-39,-882
56,-109,-923
39,-66,-876
-95,122,-880
-68,220,-1073
-31,142,-1284
40,5,-1221
-60,15,-979
33,-64,-886
81,-119,-936
31,-103,-890
-89,148,-868
-66,201,-1044
-39,152,-1257
40,9,-1235
-11,-9,-999
52,-29,-890
97,-109,-915
117,-81,-866
-29,74,-888
-13,206,-1022
7,208,-1243
62,33,-1262
-21,-35,-1016
-13,-44,-901
240,-54,-897
181,-109,-1005
484,-19,-755
488,255,-1005
749,372,-1149
694,-17,-1284
1083,-228,-1007
839,60,-956
1013,103,-977
981,-146,-917
1022,-220,-876
1126,197,-905
933,402,-1311
1151,204,-1315
1054,-247,-1118
1188,40,-847
1089,95,-923
1100,-97,-778
1054,-208,-665
1057,177,-872
995,368,-1227
1003,187,-1268
1071,-220,-1009
940,33,-915
1085,-11,-899
874,-3,-849
1024,-218,-755
909,242,-1052
1063,294,-1366
1030,286,-1300
1198,-189,-987
1245,-25,-968
1325,37,-1048
1165,-44,-790
1272,-357,-765
1401,244,-1083
1296,507,-1319
1206,224,-1231
1342,-242,-1112
1376,78,-995
1311,134,-1048
1179,-124,-856
1303,-386,-698
1208,325,-977
1292,429,-1163
1126,140,-1179
1413,-275,-938
1333,134,-993
1348,60,-972
1056,-80,-821
1221,-324,-691
1116,300,-946
1104,351,-1257
1016,183,-1305
1206,-236,-1102
1278,163,-1024
1360,29,-997
1202,-101,-810
1259,-267,-712
1255,226,-894
1208,351,-1239
1286,105,-1243
1288,-160,-1136
1342,230,-1059
1569,37,-1077
1188,0,-771
1419,-454,-681
1602,122,-958
1368,523,-1274
1007,298,-1186
1333,-448,-1143
1651,154,-995
1405,286,-1003
1079,-68,-771
1403,-552,-685
1567,148,-933
1403,618,-1093
1266,222,-1202
1346,-413,-1157
1413,191,-1085
1335,304,-1020
1249,-216,-835
1438,-667,-802
1495,150,-845
1583,527,-1009
1374,363,-1239
1380,-124,-1259
1337,74,-1184
1346,101,-925
1116,-81,-888
1626,-284,-890
1335,327,-933
1260,283,-1057
1464,99,-1100
1672,-242,-1290
1499,204,-1063
1260,396,-1114
1356,-193,-870
1331,-655,-743
1360,175,-812
1300,692,-1155
1016,347,-1245
1276,-454,-1083
1536,44,-974
1231,517,-1013
1475,-99,-853
1661,-710,-630
1239,-128,-913
1270,724,-1013
1434,765,-1073
1503,-480,-1419
1442,-423,-1171
915,593,-1030
1706,468,-726
1748,-810,-810
1339,-228,-936
1376,599,-995
1629,91,-1097
1645,136,-1186
1752,189,-1311
1095,-382,-1005
1616,388,-634
1694,-91,-911
1036,-628,-1132
1063,886,-745
1667,-44,-1036
925,406,-1503
1257,-413,-1022
1348,199,-899
1180,150,-915
1421,-573,-747
1177,-132,-802
1448,507,-936
1323,353,-1151
1430,-183,-1190
1516,-72,-1311
1124,429,-1015
1608,15,-901
1255,-505,-905
1444,-15,-911
1177,23,-909
1036,720,-1079
1136,-21,-1218
1280,-175,-1300
1438,343,-987
1075,-146,-767
804,-204,-952
1194,-99,-569
739,37,-925
589,538,-1165
872,-388,-1157
772,267,-1323
562,757,-954
954,-724,-907
527,44,-757
620,-72,-827
240,378,-1065
528,-19,-1126
245,-107,-1358
191,52,-1309
388,152,-825
265,64,-958
263,-152,-1050
325,-486,-737
353,447,-650
-117,333,-1015
499,318,-1372
392,-136,-1350
-101,171,-1065
132,-232,-841
224,136,-886
388,-339,-858
5,204,-780
62,-265,-970
240,751,-1167
314,-175,-1383
81,251,-1122
130,-68,-876
121,-56,-927
101,-29,-876
15,-35,-718
189,298,-882
165,15,-1216
376,228,-1497
60,-187,-1288
-134,210,-815
386,-421,-845
197,-11,-888
40,-294,-796
-83,612,-786
33,275,-1282
212,52,-1300
290,-238,-1206
189,300,-858
126,-103,-909
407,-265,-823
-21,91,-683
-21,48,-911
119,152,-1366
150,204,-1294
-66,134,-1247
-142,15,-987
263,64,-833
83,-316,-895
-128,5,-872
-167,31,-839
-72,234,-1184
-138,-3,-1280
-40,197,-1282
50,-121,-895
-81,-101,-1001
-105,-160,-644
-11,-160,-833
-236,677,-833
-107,-150,-1346
-659,89,-1399
-525,-15,-989
-769,222,-1132
-642,27,-788
-1069,-425,-1067
-1083,58,-706
-1963,372,-1007
-1489,37,-1155
-1706,279,-1309
-1155,-357,-1020
-1454,507,-899
-1313,-117,-950
-1553,-366,-901
-1503,111,-948
-1282,-175,-622
-1717,445,-1221
-1034,-152,-1257
-1044,302,-1352
-1288,-138,-1255
-1321,417,-1013
-1054,-365,-999
-1157,-269,-786
-1145,-142,-948
-876,597,-927
-1200,56,-1309
-909,-117,-1235
-952,54,-1227
-646,91,-827
-1100,204,-890
-813,-433,-616
-1013,-251,-1063
-1300,605,-987
-1192,-52,-1122
-1196,134,-1264
-1077,-407,-1380
-1608,712,-730
-977,-109,-661
-1139,-595,-677
-1485,109,-1003
-1503,517,-915
-1237,-290,-1067
-1243,-50,-1208
-1151,-253,-1323
-1368,714,-997
-1294,-263,-917
-1214,-64,-698
-1296,-251,-1095
-1196,417,-1030
-1278,-54,-1313
-966,87,-1136
-1046,-52,-1319
-940,333,-964
-1186,-359,-769
-1007,-21,-728
-1069,-284,-991
-1344,542,-1032
-1237,-296,-1052
-964,283,-1362
-1227,56,-1309
-1698,361,-1069
-1426,-427,-718
-1188,-29,-806
-1475,35,-964
-1727,409,-1046
-1700,-329,-972
-1362,83,-1138
-1352,-144,-1329
-1659,462,-985
-1770,-226,-782
-1247,-150,-812
-1559,89,-1036
-1442,142,-976
-1836,-99,-1067
-1015,142,-1184
-1231,40,-1489
-1475,259,-1089
-1713,-185,-757
-1112,70,-753
-1292,-386,-1057
-1635,425,-901
-1471,-42,-976
-1233,230,-1206
-1108,-306,-1407
-1477,386,-1087
-1227,-40,-759
-1194,-156,-757
-1098,-154,-1016
-1407,238,-890
-1413,148,-950
-1348,-42,-1278
-1180,-279,-1411
-1614,445,-1015
-1362,-54,-683
-1124,-50,-833
-1409,-312,-1040
-1690,407,-796
-1469,5,-979
-1270,-56,-1175
-1208,-80,-1421
-1542,257,-1182
-1555,15,-843
-1313,-251,-784
-1192,-378,-1120
-1727,718,-952
-1362,-361,-886
-1448,224,-1198
-997,-277,-1411
-1458,601,-1079
-1303,-189,-919
-1245,-267,-679
-997,-292,-929
-1686,548,-1015
-1309,-74,-917
-1370,-126,-1157
-1048,-95,-1423
-1647,603,-1218
-1317,-167,-823
-1460,-99,-837
-1311,-308,-938
-1782,351,-919
-1458,7,-847
-1540,-23,-1196
-1098,-150,-1344
-1684,404,-1200
-1270,13,-790
-1442,-294,-886
-1106,-134,-892
-1606,316,-876
-1329,54,-936
-1446,-81,-1179
-1073,58,-1491
-1497,300,-1192
-1251,-74,-876
-1208,-208,-829
-1075,-132,-985
-1397,308,-819
-1138,-21,-886
-1052,-97,-1218
-771,25,-1395
-1044,310,-1155
-843,3,-905
-827,-101,-935
-714,-255,-944
-979,195,-810
-812,27,-913
-751,119,-1200
-503,-78,-1401
-751,181,-1108
-616,99,-853
-482,-103,-884
-353,-189,-888
-636,105,-772
-462,142,-872
-349,72,-1200
-175,-27,-1354
-329,85,-1149
-238,113,-970
-115,-17,-1016
-103,-212,-895
-310,40,-749
-169,105,-888
-140,109,-1255
-44,19,-1278
-171,115,-1122
-107,42,-979
-5,29,-995
-21,-181,-847
-232,7,-726
-107,11,-858
-44,122,-1237
-62,146,-1294
-140,33,-1159
-140,52,-1032
13,0,-1028
-109,-93,-858
-271,-50,-673
-220,23,-868
-140,150,-1180
-162,130,-1276
-201,-1,-1149
-201,62,-1067
-27,31,-1046
-201,-66,-812
-245,-107,-689
-271,56,-878
-154,128,-1227
-163,179,-1294
-216,25,-1192
-208,37,-1085
-62,21,-1054
-154,-101,-819
-244,-62,-698
-267,40,-853
-152,128,-1145
-158,109,-1251
-128,37,-1194
-128,74,-1114
-15,13,-1050
-115,-85,-810
-121,-70,-689
-197,35,-851
-76,95,-1136
-117,167,-1221
-64,7,-1200
-105,54,-1122
5,-3,-1009
-62,-81,-800
-105,-54,-704
-134,19,-866
-83,103,-1087
-74,115,-1221
-29,81,-1241
-52,29,-1163
21,13,-1028
-60,-68,-819
-54,-101,-737
-115,27,-864
-64,68,-1044
-87,165,-1182
-5,39,-1239
-35,40,-1175
52,19,-1020
-5,-35,-819
33,-111,-772
-93,11,-868
-21,72,-1044
-37,175,-1212
167,111,-1229
142,0,-1180
189,40,-1011
179,-58,-854
181,-58,-782
68,-7,-829
103,95,-981
97,134,-1171
163,109,-1251
89,27,-1212
122,27,-1034
122,-11,-884
42,-126,-802
-91,-3,-810
-13,66,-946
-89,212,-1175
13,81,-1235
-50,15,-1171
-52,21,-1028
-54,1,-872
-50,-124,-778
-162,-5,-796
-107,56,-948
-111,193,-1161
-44,85,-1282
-62,15,-1208
-52,85,-1071
-15,-13,-919
-33,-111,-815
-119,-40,-796
-111,66,-936
-103,193,-1139
-52,91,-1290
-80,-9,-1235
-68,50,-1063
-35,5,-917
-37,-74,-806
-119,-68,-780
-126,40,-913
-70,169,-1145
-7,160,-1255
9,3,-1198
-11,39,-1030
62,-29,-917
31,-101,-825
-76,-35,-796
-89,35,-894
-68,189,-1122
-17,122,-1243
39,-3,-1218
-5,68,-1085
85,27,-948
62,-105,-854
-23,-60,-812
-52,27,-899
-40,156,-1122
-1,158,-1229
72,-19,-1214
0,91,-1063
113,-23,-970
54,-76,-853
-13,-50,-776
-64,21,-884
-42,169,-1095
1,142,-1220
81,-5,-1212
-13,76,-1071
130,21,-972
60,-76,-884
-1,-97,-796
-83,-3,-876
-66,177,-1069
-31,181,-1200
40,0,-1229
-27,39,-1095
95,-9,-979
33,-44,-870
-9,-80,-802
-101,-13,-866
-66,126,-1061
-48,167,-1196
39,21,-1229
-56,64,-1091
78,1,-1001
35,-64,-911
9,-76,-815
-122,-23,-856
-74,148,-1038
-68,181,-1192
33,21,-1216
-46,25,-1118
52,17,-979
48,-50,-895
0,-81,-808
-113,-40,-849
-72,117,-1009
-58,197,-1169
54,44,-1237
-48,60,-1106
78,-13,-993
56,-42,-927
50,-83,-806
-95,-46,-839
-76,128,-1005
-64,171,-1188
33,35,-1227
-17,40,-1126
72,31,-993
95,-25,-936
68,-117,-825
-91,-54,-835
-52,78,-993
-64,199,-1151
37,54,-1235
-13,44,-1141
76,17,-1015
99,-25,-935
81,-81,-837
-93,-52,-837
-52,80,-976
-66,185,-1159
15,80,-1243
-19,40,-1141
52,39,-999
97,-19,-956
54,-99,-839
-85,-78,-833
-74,74,-952
-70,199,-1124
-11,76,-1229
-17,56,-1157
21,17,-1016
89,19,-952
56,-97,-849
-83,-58,-819
-87,44,-950
-70,187,-1116
-17,95,-1235
-33,76,-1175
5,19,-1028
89,-7,-960
40,-91,-854
-64,-91,-812
-107,60,-938
-80,179,-1102
-21,111,-1243
-9,40,-1175
-11,17,-1022
97,15,-968
56,-58,-876
-46,-117,-833
-97,25,-921
-87,171,-1077
-21,142,-1227
11,39,-1190
-7,19,-1048
122,1,-976
52,-74,-876
-7,-97,-825
-101,23,-909
-72,160,-1069
-21,132,-1208
13,50,-1190
-17,27,-1056
117,21,-979
70,-60,-897
11,-115,-817
-101,7,-905
-68,156,-1052
-29,140,-1210
39,76,-1206
5,17,-1075
138,7,-974
99,-52,-905
85,-121,-827
-44,3,-886
31,122,-1028
105,175,-1171
171,40,-1223
115,-3,-1081
294,33,-995
244,-31,-913
240,-130,-813
234,-44,-827
281,150,-1026
345,222,-1196
452,56,-1241
353,3,-1104
470,54,-1024
472,7,-919
468,-72,-761
366,-83,-817
448,117,-993
425,208,-1192
454,107,-1237
406,-29,-1136
505,35,-1063
427,19,-894
423,-113,-765
277,-39,-755
404,91,-999
322,191,-1182
392,144,-1206
316,-13,-1138
419,25,-1075
339,0,-915
300,-95,-751
171,-29,-784
234,23,-1001
144,222,-1184
208,117,-1243
171,89,-1177
228,-5,-1114
206,-35,-936
91,-134,-739
21,42,-753
113,-35,-974
-7,206,-1173
81,74,-1231
42,103,-1184
89,-15,-1128
103,-15,-954
40,-83,-733
-70,-35,-782
11,23,-972
-70,191,-1165
11,138,-1221
23,56,-1241
3,3,-1126
64,-48,-919
11,-64,-753
-56,-64,-796
-27,52,-935
-52,171,-1108
-37,91,-1235
23,95,-1253
5,29,-1124
-23,5,-923
-9,-93,-780
-78,-68,-796
-74,39,-923
-87,163,-1089
-42,136,-1229
-17,64,-1253
-13,13,-1112
3,3,-976
39,-130,-792
-21,-64,-765
-56,7,-856
0,169,-1052
46,130,-1245
152,87,-1286
107,40,-1132
163,33,-960
183,-134,-817
167,-50,-772
60,31,-862
140,152,-1056
140,105,-1257
222,31,-1268
163,3,-1130
201,56,-948
169,-80,-847
103,-50,-771
3,-3,-866
70,177,-1028
72,146,-1225
101,21,-1253
33,-23,-1104
40,44,-940
21,-97,-866
-44,-25,-798
-80,-3,-876
-54,158,-1026
-40,126,-1223
1,29,-1257
-42,7,-1122
-13,11,-960
-52,-58,-878
-60,-54,-827
-111,-13,-868
-78,130,-1030
-66,148,-1210
11,64,-1259
-74,19,-1112
-21,9,-976
-21,-60,-911
-29,-17,-823
-109,-9,-854
-72,119,-1001
-50,113,-1171
15,80,-1239
-33,42,-1130
0,13,-991
11,-42,-905
15,-74,-790
-78,-31,-825
-54,117,-972
1,128,-1179
27,74,-1259
-27,25,-1138
7,19,-1001
31,-31,-931
9,-62,-794
-91,-33,-823
-11,72,-952
-25,128,-1171
13,121,-1235
-25,29,-1147
-7,31,-1028
83,-42,-950
19,-89,-831
-89,0,-792
5,58,-940
15,146,-1155
-7,76,-1266
-1,15,-1171
56,15,-1054
87,-23,-946
42,-76,-817
-74,-35,-808
27,15,-925
3,177,-1130
33,101,-1260
33,35,-1184
-15,1,-1050
89,-27,-952
21,-81,-839
-33,-17,-792
-13,19,-913
-9,163,-1108
35,81,-1253
25,54,-1202
27,25,-1067
76,19,-950
9,-95,-821
-42,-44,-792
-39,37,-894
-46,162,-1095
-35,122,-1251
-23,13,-1218
-62,11,-1091
56,-7,-946
-35,-64,-849
-93,-42,-796
-78,37,-892
-68,169,-1073
-33,105,-1233
-50,54,-1223
-48,1,-1093
1,-3,-954
-25,-70,-868
-78,-46,-778
-81,0,-878
-58,162,-1061
-5,130,-1221
-13,48,-1239
-39,13,-1095
64,0,-964
0,-54,-854
-27,-37,-798
-62,-5,-878
-15,80,-1063
0,154,-1220
15,74,-1259
0,23,-1114
52,-15,-989
19,-68,-880
-33,-39,-800
-54,25,-849
-37,101,-1028
25,142,-1184
11,27,-1233
-9,29,-1120
39,3,-989
44,-48,-901
-27,-64,-790
-68,-15,-835
-17,148,-1003
5,128,-1196
-3,87,-1253
-35,9,-1134
44,-3,-1013
40,-48,-907
0,-68,-790
-70,-17,-829
-7,87,-985
7,111,-1169
35,78,-1264
-15,40,-1149
50,29,-1028
78,-40,-915
23,-83,-808
-64,-1,-823
-5,80,-974
-21,150,-1141
13,109,-1262
-33,-3,-1169
7,29,-1026
-11,-29,-911
-27,-54,-810
-97,-15,-815
-40,40,-946
-62,150,-1136
0,95,-1255
-58,19,-1184
-39,5,-1028
3,-37,-931
-17,-89,-808
-99,-27,-815
-54,54,-936
-52,146,-1118
-23,113,-1239
-39,39,-1186
-1,39,-1052
46,-29,-950
-13,-54,-831
-56,-37,-806
-40,37,-919
-23,122,-1102
40,101,-1257
-7,54,-1196
9,21,-1069
99,-25,-946
56,-89,-837
-39,-9,-800
3,39,-890
-37,162,-1081
37,80,-1239
21,19,-1218
11,29,-1067
56,-1,-958
17,-62,-862
-64,-48,-829
-66,31,-888
-44,160,-1069
29,138,-1229
19,21,-1216
-39,3,-1073
64,-7,-977
9,-46,-864
-48,-39,-821
-81,15,-876
11,107,-1052
-3,119,-1220
39,52,-1218
-35,27,-1087
48,5,-979
1,-66,-897
-25,-46,-833
-85,15,-849
-19,142,-1036
-44,126,-1202
83,31,-1223
-54,7,-1120
56,19,-987
-15,-50,-909
-1,-33,-813
-66,-9,-841
-9,134,-1022
-29,119,-1175
11,64,-1233
-44,33,-1104
21,-9,-1022
-56,-25,-878
-37,-101,-812
-91,17,-823
-21,81,-1005
-54,142,-1169
-3,54,-1241
-72,13,-1118
-3,29,-1022
-19,-39,-923
0,-87,-812
-150,-23,-837
-52,81,-979
-64,128,-1151
-21,99,-1237
-121,15,-1167
-56,-15,-1001
-89,-25,-911
-56,-52,-806
-269,9,-853
-191,68,-958
-195,113,-1138
-103,64,-1253
-263,74,-1163
-234,-13,-1005
-224,-42,-938
-201,-111,-829
-406,33,-841
-339,85,-944
-349,81,-1141
-275,54,-1253
-365,87,-1175
-279,-5,-1040
-290,-40,-958
-214,-132,-831
-409,37,-837
-283,115,-913
-296,95,-1124
-267,17,-1268
-302,115,-1180
-296,60,-1048
-257,-39,-960
-265,-130,-870
-466,15,-825
-456,150,-872
-610,91,-1134
-488,-3,-1255
-562,93,-1200
-575,0,-1036
-333,50,-874
-448,-146,-917
-609,29,-806
-456,15,-804
-404,124,-1069
-335,-3,-1233
-138,111,-1210
-212,85,-1061
-121,7,-993
-160,-163,-917
-150,42,-843
-136,29,-901
-119,173,-1114
-23,21,-1257
-23,62,-1243
-117,56,-1085
-64,13,-997
-95,-85,-897
-142,-76,-792
-242,25,-831
1,167,-1016
-23,115,-1243
314,-9,-1141
163,-9,-1052
201,60,-958
347,-97,-812
220,11,-802
195,-25,-821
257,103,-1073
212,119,-1272
228,33,-1303
85,85,-1120
206,-1,-1016
37,5,-923
128,-115,-819
-44,62,-808
33,54,-1005
7,165,-1171
64,56,-1184
-105,-5,-1079
21,15,-983
-56,-44,-868
-37,-40,-819
-228,-19,-833
-93,91,-1022
-132,181,-1184
-11,46,-1255
-212,31,-1177
-46,-27,-1016
-111,5,-925
-62,-95,-835
-267,11,-841
-97,25,-983
-154,163,-1177
-37,85,-1241
-212,60,-1175
-31,-19,-1013
-78,27,-940
-27,-78,-856
-226,44,-862
-62,-9,-940
-103,197,-1134
19,70,-1223
-126,58,-1157
-19,-46,-1001
-27,5,-921
39,-119,-853
-203,44,-829
-62,11,-909
-91,191,-1132
29,52,-1239
-95,68,-1159
3,-27,-1018
5,40,-938
80,-99,-864
-142,-5,-837
-13,-1,-901
-68,173,-1122
54,99,-1227
-5,23,-1147
76,-1,-993
91,35,-952
134,-85,-880
-78,-25,-866
29,9,-901
-33,169,-1118
54,89,-1220
56,25,-1171
83,-15,-1015
62,46,-964
122,-103,-872
-37,-33,-851
-23,0,-903
-35,171,-1085
93,126,-1214
19,3,-1153
5,-42,-1040
95,39,-974
66,-54,-917
-56,-42,-854
-1,-19,-897
-29,156,-1069
1,136,-1200
66,11,-1175
-5,27,-1065
-15,31,-995
9,-81,-899
-39,-35,-813
-101,7,-876
-78,148,-1063
-1,148,-1186
21,5,-1210
-74,9,-1104
35,25,-1003
-7,-21,-892
-42,-56,-819
-103,-21,-872
-48,121,-1026
-48,165,-1186
40,11,-1214
-78,39,-1093
29,-3,-1003
-31,-21,-878
-1,-80,-823
-165,17,-874
-80,115,-1020
-52,175,-1167
68,-11,-1231
-56,64,-1102
66,1,-987
9,11,-882
50,-101,-841
-152,3,-895
-46,89,-1036
-60,189,-1159
117,-3,-1221
-60,27,-1106
111,-11,-976
50,0,-917
70,-101,-862
-146,11,-890
-54,62,-1018
-72,177,-1128
103,-5,-1204
-66,72,-1116
111,-3,-976
54,3,-923
91,-115,-876
-134,-1,-892
-15,76,-999
-58,208,-1124
103,5,-1206
-62,46,-1112
35,39,-936
122,-101,-882
-146,13,-890
-7,27,-979
-81,195,-1126
89,27,-1198
-68,54,-1112
107,-5,-977
23,0,-946
97,-111,-894
-136,-17,-888
-27,50,-964
-103,210,-1116
35,21,-1192
-60,48,-1149
91,-7,-977
27,46,-956
54,-101,-878
-130,-42,-890
-64,17,-948
-128,244,-1106
15,62,-1194
-64,21,-1130
31,-25,-985
31,72,-972
46,-85,-890
-85,-58,-868
-126,17,-935
-224,355,-1005
-443,35,-1241
-683,-105,-1204
-593,9,-1042
-958,169,-1085
-927,-140,-888
-890,-204,-819
-833,62,-802
-1210,353,-1034
-1110,99,-1120
-1163,-193,-1122
-1147,-29,-1034
-1141,265,-999
-1159,-95,-849
-1100,-333,-808
-1188,-50,-983
-1089,462,-1098
-1255,158,-1284
-1011,-187,-1227
-1069,-95,-1260
-925,370,-1079
-1065,-35,-868
-884,-318,-823
-942,-165,-950
-894,441,-1098
-985,171,-1145
-714,-105,-1231
-728,-220,-1216
-841,232,-1026
-919,119,-728
-753,-222,-788
-841,-228,-919
-1018,388,-1056
-1143,298,-1104
-952,-251,-1161
-1005,-228,-1184
-1204,314,-968
-1383,83,-710
-1206,-284,-739
-1180,-273,-948
-1409,456,-1100
-1545,386,-1015
-1091,-320,-1179
-1100,-249,-1276
-1145,415,-1042
-1399,201,-812
-1071,-388,-753
-1097,-431,-1013
-1182,488,-1143
-1499,363,-1120
-1087,-152,-1245
-1034,-417,-1329
-1028,374,-1065
-1231,322,-827
-987,-316,-724
-886,-365,-995
-987,306,-1065
-1237,398,-1013
-907,-175,-1210
-933,-156,-1305
-1167,35,-1100
-1329,265,-737
-1130,-122,-778
-950,-341,-913
-1475,222,-1112
-1544,448,-919
-1278,-99,-1210
-1102,-177,-1253
-1245,-68,-1075
-1464,327,-749
-1098,-150,-749
-952,-392,-933
-1040,236,-1106
-1374,283,-985
-890,35,-1257
-700,-169,-1376
-696,105,-1143
-897,331,-858
-519,-187,-798
-527,-316,-950
-501,163,-1003
-624,351,-1061
-396,126,-1216
-179,-411,-1288
-97,160,-1085
62,302,-733
111,-91,-786
107,-130,-890
201,-160,-923
224,486,-936
281,15,-1268
169,66,-1339
158,-195,-1061
109,150,-786
474,-89,-763
195,-44,-1108
751,-19,-819
972,117,-923
1005,601,-1102
1239,-489,-1286
1118,232,-1009
1674,-113,-751
1479,312,-872
1446,-402,-1013
1054,165,-940
1573,-109,-1061
876,517,-1442
1155,3,-1288
1352,-46,-1061
1040,214,-993
1059,-64,-735
1169,-40,-665
1067,-253,-702
841,296,-974
999,33,-1179
931,468,-1108
997,-456,-999
915,95,-987
757,-60,-985
540,339,-720
509,-286,-901
788,216,-1075
761,-7,-1387
622,314,-1169
860,-97,-1061
1054,119,-999
966,-113,-882
772,-119,-663
1089,-60,-778
1198,134,-1147
1130,337,-1339
1118,199,-1253
1329,23,-1095
1430,-173,-1143
1143,107,-1065
1089,66,-724
1040,-160,-780
1167,70,-1056
1085,150,-1288
1009,322,-1065
1028,-271,-997
1134,52,-1020
1016,19,-923
940,339,-554
911,-421,-732
1030,-1,-1048
915,240,-1298
886,538,-1163
874,-181,-1151
1085,-152,-1095
952,-46,-966
936,216,-628
894,-191,-776
1114,138,-1036
1028,99,-1241
979,349,-1118
1124,-220,-1085
1249,50,-1136
1067,-3,-995
1030,124,-692
997,-242,-837
1108,3,-1110
919,199,-1268
931,306,-1132
856,-46,-1167
1018,68,-1067
739,-163,-956
702,87,-612
482,-203,-757
661,95,-960
361,60,-1186
439,273,-1081
335,-54,-1177
452,-9,-1118
314,-91,-981
249,13,-706
93,27,-804
238,1,-1020
27,76,-1163
78,99,-1163
89,152,-1214
179,-52,-1149
42,5,-917
105,-117,-739
-3,37,-788
83,-64,-972
-9,175,-1091
103,175,-1188
152,136,-1231
189,5,-1153
111,-3,-884
146,-121,-675
46,-42,-691
122,44,-843
-19,230,-942
111,171,-1048
117,29,-1104
171,-1,-977
105,56,-710
152,-72,-528
60,-25,-554
56,-15,-694
-15,152,-854
122,152,-989
144,29,-1065
95,58,-921
105,-13,-665
105,-42,-515
78,-119,-519
15,13,-648
-13,146,-810
132,134,-1022
171,99,-1089
128,19,-977
136,13,-726
173,-126,-614
173,-56,-665
64,3,-722
31,140,-890
179,121,-1110
206,80,-1188
134,23,-995
142,-25,-774
199,-66,-681
160,-46,-636
29,-29,-685
25,64,-853
140,105,-1095
163,121,-1145
97,58,-956
99,-13,-747
113,-54,-646
99,-66,-575
-50,-29,-610
-66,99,-772
21,109,-997
81,150,-1073
-29,7,-884
21,-29,-692
39,-56,-618
62,-68,-538
-72,-19,-575
-27,99,-733
13,124,-1009
122,124,-1087
-11,85,-931
27,1,-772
33,-39,-650
42,-99,-581
-89,-29,-587
-74,132,-751
-37,162,-1042
29,109,-1091
-62,39,-931
-3,33,-763
-13,19,-685
31,-121,-577
-140,-60,-581
-83,99,-753
-39,154,-1034
-39,144,-1106
-93,40,-938
-78,-13,-784
-76,-19,-675
-62,-66,-548
-228,-35,-554
-163,58,-728
-130,113,-983
-60,121,-1063
-97,37,-936
-39,21,-774
-21,-3,-651
42,-101,-521
-119,-62,-517
-37,70,-677
-29,152,-952
68,138,-1044
15,31,-917
72,21,-772
83,-15,-657
158,-91,-515
-40,-68,-517
-13,46,-667
-15,109,-925
95,134,-1054
0,80,-979
74,58,-790
33,-23,-683
119,-95,-528
-44,-109,-499
-19,60,-616
-25,156,-901
117,136,-1032
46,-13,-927
68,48,-778
83,15,-669
117,-80,-525
-17,-142,-491
-39,39,-597
-33,160,-870
101,173,-1040
78,9,-983
83,37,-802
115,13,-671
148,-70,-542
40,-167,-495
-17,46,-560
1,154,-815
95,189,-1024
29,-21,-970
5,64,-823
33,15,-692
25,-50,-558
-58,-126,-476
-93,-21,-575
-117,177,-817
13,191,-1016
-68,95,-1016
-42,3,-827
-31,-1,-687
-3,-35,-573
-35,-91,-493
-140,1,-550
-72,115,-765
-23,142,-1030
5,80,-1013
-31,1,-899
-3,33,-726
15,-35,-599
-29,-105,-486
-136,-3,-542
-62,101,-780
-9,175,-1005
-5,91,-995
-35,35,-858
-13,5,-702
21,-74,-587
3,-119,-489
-111,0,-528
-46,121,-767
-27,216,-1009
54,70,-981
-1,7,-864
5,66,-700
66,-60,-566
5,-115,-493
-93,-60,-499
-40,103,-726
-27,136,-993
70,80,-981
0,54,-874
0,144,-704
78,-39,-581
48,-124,-515
-81,-35,-489
-39,111,-702
-35,177,-958
66,70,-999
-39,9,-874
0,68,-679
74,-33,-610
35,-93,-468
-113,-46,-445
-50,101,-634
-64,142,-936
37,81,-964
-66,-25,-899
1,136,-716
17,13,-614
91,-144,-458
-115,-152,-464
-60,136,-622
-78,189,-917
7,156,-1028
-29,-60,-890
-40,80,-735
70,-19,-612
25,-25,-499
-107,-117,-448
-29,9,-603
-109,167,-977
101,140,-970
-1,-56,-972
-21,107,-788
58,-48,-630
19,-23,-538
-56,-78,-443
-21,54,-622
-85,124,-927
44,85,-1020
1,29,-1003
25,121,-765
44,-66,-626
27,-7,-511
-46,-158,-437
-56,66,-575
-68,78,-880
78,158,-1022
-31,101,-942
25,95,-782
42,-62,-644
44,-99,-548
-25,-105,-429
-80,87,-548
-52,163,-837
54,136,-1028
-33,72,-958
39,83,-798
40,-3,-677
31,-128,-532
-42,-121,-437
-105,134,-566
-76,197,-839
37,121,-1007
-27,-23,-987
-9,99,-786
44,-78,-687
42,-60,-538
-76,-58,-441
-99,95,-521
-66,162,-790
-5,81,-1015
-13,-11,-954
-25,50,-813
13,60,-685
76,-29,-513
-23,-85,-456
-117,-64,-552
-60,142,-739
-1,148,-970
33,0,-1005
-42,144,-819
35,-66,-704
56,-39,-546
35,-154,-509
-85,39,-525
9,89,-761
-46,261,-964
76,-62,-1009
-21,56,-874
21,39,-716
27,-39,-583
40,-119,-468
-103,-17,-509
-40,99,-708
-33,74,-976
74,163,-979
-35,91,-895
62,-25,-655
0,-97,-591
40,-107,-452
-7,-74,-460
-11,206,-700
-64,165,-903
62,52,-942
-70,7,-884
99,-40,-702
9,21,-599
25,-76,-445
-76,1,-497
-46,144,-618
-29,7,-929
50,163,-976
-42,66,-938
33,78,-673
76,-163,-634
-52,-27,-488
-21,-58,-474
-48,206,-673
-80,78,-913
87,35,-989
-78,66,-956
-11,175,-739
64,-62,-610
-23,-66,-575
-37,-179,-447
-29,27,-655
-122,261,-905
-5,146,-1016
-9,1,-962
54,11,-732
0,-17,-607
13,-25,-515
-35,-72,-478
-11,48,-603
-80,39,-837
-7,117,-1013
-21,167,-909
-7,66,-755
138,-99,-616
-19,-113,-507
-33,-42,-413
-74,173,-540
-58,78,-886
95,44,-960
-44,19,-958
-40,224,-780
130,-40,-569
48,-201,-552
-62,-179,-468
-78,230,-542
-78,206,-825
87,81,-1003
42,-74,-958
-52,105,-767
72,126,-646
46,-83,-568
40,-368,-491
-140,121,-552
-91,284,-759
25,204,-1034
103,-97,-1015
-31,-66,-831
95,126,-677
-1,154,-532
89,-257,-519
-78,-136,-607
-105,185,-786
0,361,-942
23,97,-1036
-1,-232,-886
33,11,-653
9,99,-620
-35,-3,-445
-5,-238,-577
-169,130,-786
-3,222,-942
11,251,-1001
13,-35,-929
54,-261,-681
-42,113,-546
48,-66,-462
-68,62,-587
-85,37,-651
87,101,-938
-105,265,-1083
37,-29,-782
85,-21,-696
-56,-13,-601
78,-138,-415
-146,1,-523
7,165,-673
-7,115,-968
0,224,-956
23,-83,-858
52,76,-755
17,-56,-544
148,-216,-454
-240,95,-505
7,208,-560
58,0,-1034
11,269,-956
60,-91,-813
-66,95,-802
42,-39,-527
226,-240,-388
-269,91,-497
-23,109,-560
0,150,-985
-13,101,-1003
11,35,-821
-48,-25,-792
56,-50,-577
228,-33,-384
-119,-70,-548
-197,46,-665
23,263,-874
33,115,-1141
-78,-56,-933
62,-23,-757
-27,27,-671
80,-78,-521
-1,-109,-450
-44,35,-730
-171,361,-1001
109,-23,-1026
80,-1,-1022
-78,99,-860
142,-54,-530
3,-21,-653
-95,-95,-511
-17,-9,-577
-62,160,-1087
-44,269,-1067
37,-128,-892
-56,122,-868
31,-66,-716
37,-39,-468
-121,-81,-480
-23,134,-655
-58,165,-987
52,140,-890
7,-83,-962
-78,165,-884
177,-17,-505
80,-35,-540
-124,-140,-495
-62,39,-569
-74,206,-784
37,128,-1032
40,87,-854
-56,23,-784
48,-54,-601
167,19,-560
-66,-66,-423
-60,-66,-536
-58,39,-835
23,269,-946
81,89,-812
48,5,-839
-113,160,-659
220,-261,-452
46,3,-441
-175,17,-560
-160,15,-819
39,283,-895
97,-5,-1009
-64,-25,-831
-5,83,-786
11,-136,-628
9,-93,-501
-33,-15,-648
-97,296,-1016
19,-35,-1114
-54,70,-1147
136,-62,-1202
-7,128,-936
0,-175,-909
9,-126,-1016
-87,-66,-1097
66,19,-1186
-64,251,-1581
-29,-29,-1545
64,134,-1428
27,150,-1282
126,-201,-1231
-66,-19,-1069
-201,-76,-1128
156,-78,-1257
-115,359,-1464
-9,58,-1454
-78,70,-1421
17,191,-1083
146,-306,-997
-93,39,-977
-85,9,-771
-101,111,-1052
91,136,-1085
-50,183,-1278
-17,19,-1128
56,64,-927
5,48,-833
126,-341,-691
-142,222,-698
-1,85,-812
54,167,-1132
-33,163,-1167
-1,113,-1050
113,177,-964
95,-183,-667
37,-21,-718
-72,-9,-743
113,81,-737
-58,130,-1054
-7,214,-1169
37,156,-1018
21,-39,-853
-15,-70,-802
-39,-33,-696
-39,-210,-644
-31,238,-763
-115,347,-913
97,-111,-1206
-95,206,-1007
165,-17,-798
-48,-40,-858
25,-126,-573
-74,-121,-624
-83,146,-694
95,56,-909
-117,220,-1286
-56,-17,-1065
130,-50,-856
-66,1,-878
122,-81,-618
-95,-50,-694
-154,23,-784
-80,89,-1018
-39,80,-1366
97,5,-1067
-27,115,-989
-46,-83,-936
310,-17,-692
-218,-119,-737
15,-54,-856
-134,156,-1214
19,140,-1280
177,-54,-1126
-150,244,-1212
89,-255,-892
21,29,-925
-39,-107,-733
158,-103,-901
-333,409,-1153
199,-62,-1298
89,132,-1383
-105,138,-1056
189,-162,-946
-74,-31,-1022
42,-62,-776
31,-76,-911
-68,238,-1179
122,27,-1385
-163,216,-1370
197,-33,-962
1,15,-1136
-46,56,-952
113,-216,-788
-177,80,-1032
29,52,-1102
-9,181,-1292
50,87,-1387
70,150,-1097
13,0,-1114
89,40,-962
-25,-35,-923
-144,-44,-1003
35,216,-1075
-66,64,-1360
1,39,-1419
-29,130,-1262
95,142,-1149
78,-76,-1056
-48,-9,-940
-27,-146,-999
5,261,-1083
-136,109,-1413
80,81,-1528
-132,95,-1348
156,-64,-1188
19,136,-1145
-115,-95,-958
50,-191,-1015
-31,283,-1255
-52,140,-1339
42,-54,-1626
-187,294,-1405
255,-117,-1102
5,-87,-1110
1,-37,-962
-66,-58,-999
15,167,-1171
76,29,-1262
-93,175,-1567
19,5,-1346
121,-31,-1091
-9,115,-1015
52,-236,-1036
-201,97,-1028
121,11,-966
-58,74,-1430
-31,156,-1467
23,113,-1216
48,-103,-1177
183,-19,-1065
-107,-62,-1059
89,-50,-979
37,9,-1069
-117,179,-1417
66,158,-1348
-35,-78,-1409
156,17,-1179
-5,122,-1128
128,-5,-1079
48,-245,-950
-46,17,-1180
-64,177,-1309
42,54,-1438
-1,95,-1407
-39,99,-1286
95,-19,-1118
70,-171,-1042
-66,-60,-1073
-39,13,-999
-81,126,-1368
46,167,-1428
1,5,-1456
-56,111,-1262
83,13,-1085
64,-171,-1153
-109,-9,-1024
-21,-29,-999
-35,156,-1385
-91,199,-1551
91,-25,-1374
-33,95,-1424
0,113,-1221
50,-175,-1093
-7,-76,-1149
-25,66,-1077
-113,138,-1356
91,193,-1473
101,66,-1526
-163,40,-1344
189,-29,-1173
11,23,-1198
-35,-152,-1024
-58,-91,-1079
-103,316,-1333
15,115,-1485
97,-21,-1471
-138,177,-1432
132,-3,-1177
31,-54,-1153
9,-89,-1071
-35,-13,-1093
-60,101,-1298
3,294,-1501
132,0,-1512
-33,9,-1393
33,83,-1221
87,-68,-1132
103,-130,-1028
-134,21,-1132
-66,136,-1239
39,173,-1503
17,46,-1557
-50,21,-1356
58,78,-1196
42,-56,-1212
40,-152,-1026
-66,54,-1093
-68,101,-1266
-52,105,-1504
64,37,-1524
-52,163,-1356
122,-83,-1216
-81,-19,-1253
156,-171,-952
-80,19,-1077
-93,154,-1239
39,60,-1446
-13,115,-1553
-7,23,-1315
40,99,-1245
-81,50,-1229
232,-230,-950
-245,74,-1128
-44,9,-1180
-19,148,-1510
-64,154,-1526
-9,-68,-1358
21,160,-1352
21,-5,-1126
68,-214,-1120
-122,-5,-1038
-21,25,-1192
-97,288,-1540
101,3,-1493
-52,3,-1487
-11,117,-1315
39,-31,-1198
39,-113,-1155
-33,-70,-1073
-66,76,-1194
-81,212,-1508
44,83,-1553
7,-39,-1493
-9,122,-1300
29,-11,-1239
23,9,-1124
11,-160,-1067
-70,7,-1270
-115,173,-1391
87,173,-1534
-56,31,-1508
1,19,-1282
60,-3,-1225
39,11,-1100
-31,-148,-1100
-3,29,-1186
-107,163,-1415
107,148,-1520
-70,97,-1514
83,40,-1290
62,-76,-1270
9,11,-1147
48,-70,-1054
-93,89,-1223
-17,85,-1325
46,-11,-1571
-66,220,-1512
60,130,-1268
37,-111,-1259
17,-103,-1169
5,-33,-1052
-119,64,-1145
-42,167,-1350
76,0,-1559
-81,89,-1557
56,95,-1278
-11,99,-1311
44,-115,-1145
87,-245,-1046
-128,169,-1177
-25,201,-1354
9,-48,-1544
23,1,-1544
1,111,-1329
-7,165,-1270
115,-119,-1134
0,-146,-1102
-111,-25,-1151
-33,177,-1284
-44,279,-1540
64,-95,-1483
-60,-21,-1413
31,91,-1251
33,42,-1122
54,-64,-1071
-60,-130,-1141
-83,160,-1313
44,76,-1421
-3,167,-1557
-17,105,-1319
87,-119,-1229
-44,-39,-1235
115,-66,-1065
-91,-50,-1132
-83,208,-1259
25,-9,-1485
-7,126,-1579
-19,117,-1423
93,60,-1251
0,-50,-1262
40,-95,-1075
-66,-62,-1097
-37,148,-1354
5,146,-1467
19,-19,-1608
-76,99,-1419
81,-7,-1272
13,62,-1309
113,-136,-1065
-142,-62,-1124
-35,126,-1266
0,109,-1483
-11,138,-1586
-35,66,-1415
-5,-1,-1360
64,0,-1200
80,-121,-1098
-128,-56,-1161
-25,109,-1243
-44,162,-1493
46,44,-1557
-78,93,-1473
17,54,-1290
89,-1,-1182
60,-48,-1141
-89,-93,-1083
-76,50,-1212
-27,121,-1426
19,126,-1545
-37,72,-1419
-19,58,-1325
37,9,-1221
105,-124,-1114
-58,-21,-1118
-29,50,-1218
-64,189,-1409
44,76,-1522
-52,50,-1491
0,17,-1352
58,-27,-1216
95,-66,-1108
-23,-72,-1073
-58,52,-1239
-83,111,-1397
81,60,-1561
-58,142,-1516
7,-23,-1321
23,35,-1251
85,-42,-1147
-25,-64,-1087
-68,44,-1214
-27,68,-1403
-37,130,-1538
31,101,-1479
-7,19,-1370
0,21,-1210
76,-111,-1157
-17,-54,-1122
-93,-15,-1175
-44,52,-1325
-21,185,-1544
35,130,-1440
-33,-21,-1383
48,-1,-1247
-3,-62,-1169
15,-27,-1120
-46,-13,-1155
-66,101,-1370
-15,185,-1489
21,101,-1510
-50,78,-1380
40,-21,-1282
25,-97,-1196
17,-40,-1100
-76,-19,-1169
-52,117,-1294
-9,124,-1518
25,150,-1524
-48,1,-1419
66,-35,-1278
7,13,-1208
40,-85,-1087
-62,-29,-1159
-60,80,-1274
-29,163,-1495
50,165,-1557
-80,-17,-1423
48,-5,-1274
62,-23,-1194
33,-48,-1116
-68,-29,-1110
-23,31,-1284
-56,158,-1506
109,97,-1508
-46,58,-1450
50,25,-1255
44,-42,-1169
42,-60,-1134
-23,-78,-1112
-76,56,-1272
-37,171,-1462
37,173,-1579
-54,44,-1444
15,11,-1290
33,29,-1200
62,-130,-1126
-50,-39,-1139
-68,37,-1290
-44,146,-1454
44,119,-1579
-52,70,-1460
-3,-1,-1298
31,-40,-1169
80,-48,-1139
-68,-27,-1128
-58,-3,-1243
-62,158,-1450
25,126,-1573
-35,17,-1442
-11,13,-1335
21,23,-1218
93,-64,-1159
-81,-60,-1143
-52,-23,-1223
-66,189,-1450
35,208,-1545
17,-9,-1467
-21,-27,-1327
40,-9,-1202
72,-91,-1149
-66,-27,-1126
-66,19,-1196
-66,101,-1432
9,138,-1528
-21,81,-1489
-33,15,-1309
50,25,-1200
35,-35,-1165
-37,-44,-1091
-54,-35,-1173
-66,121,-1409
29,134,-1526
9,40,-1503
-7,29,-1368
64,33,-1214
56,-85,-1173
-7,-50,-1128
-66,-48,-1186
-62,162,-1385
29,204,-1532
9,42,-1516
-31,5,-1364
27,29,-1241
48,-81,-1188
-3,-70,-1122
-87,-19,-1200
-72,163,-1362
3,156,-1557
9,70,-1544
-33,-7,-1399
25,35,-1243
54,-48,-1188
39,-89,-1114
-76,-74,-1175
-62,142,-1344
0,199,-1520
19,64,-1510
-50,19,-1348
15,11,-1212
50,-3,-1159
39,-31,-1057
-68,-48,-1093
-42,134,-1276
13,167,-1462
80,87,-1471
29,-15,-1290
122,33,-1167
74,-5,-1120
128,-99,-1026
-74,-68,-1059
181,156,-1173
-44,169,-1489
519,99,-1380
419,-60,-1374
327,113,-1249
646,81,-1015
714,-25,-1026
708,-236,-952
628,130,-1276
1030,165,-1391
878,263,-1475
878,-117,-1313
919,60,-1221
1061,132,-1063
927,-72,-985
765,-154,-1001
1087,27,-1120
919,427,-1350
989,46,-1352
841,-130,-1221
1157,0,-1024
927,220,-1028
983,-91,-868
856,-214,-880
954,74,-1065
817,273,-1270
839,251,-1274
911,-154,-1167
931,111,-1116
888,-39,-1034
917,56,-839
897,-281,-888
874,111,-1042
907,169,-1243
901,357,-1233
1024,-199,-1173
1163,37,-1177
1073,148,-1089
1132,44,-911
1030,-226,-919
1264,25,-1054
1110,244,-1288
1056,312,-1282
1018,-177,-1305
1200,-27,-1188
1003,136,-1216
823,111,-880
739,-298,-897
966,-56,-1020
679,265,-1245
704,398,-1190
679,-242,-1288
759,5,-1159
704,85,-1050
624,171,-858
484,-308,-854
433,-33,-976
236,263,-1182
265,302,-1202
210,-160,-1253
165,-21,-1225
80,169,-1016
113,130,-808
37,-224,-901
-68,-115,-938
-115,242,-1085
-39,220,-1167
-62,-23,-1309
-93,103,-1198
-56,13,-1042
-132,-37,-884
-56,-150,-890
-99,42,-993
-218,48,-1126
-160,318,-1186
-21,70,-1382
-448,-117,-1284
54,64,-884
-335,-78,-913
-706,-60,-892
-1042,-25,-1034
-1151,-23,-1190
-1280,224,-1319
-1305,119,-1462
-1227,97,-1110
-1231,-171,-1028
-1245,19,-841
-1356,60,-870
-1255,-85,-827
-1264,-99,-1110
-1122,58,-1218
-1182,329,-1348
-1235,9,-1237
-921,-238,-974
-1036,99,-964
-899,39,-911
-1077,-11,-999
-827,-185,-1020
-810,296,-1319
-663,220,-1382
-839,-3,-1179
-675,-83,-952
-466,-74,-917
-583,42,-890
-573,-54,-880
-673,121,-1067
-509,-19,-1249
-632,347,-1370
-530,-132,-1155
-700,138,-1007
-605,-150,-954
-757,81,-909
-831,-146,-856
-808,80,-995
-856,93,-1196
-823,113,-1266
-925,-70,-1087
-780,21,-956
-706,39,-952
-728,-60,-884
-847,-54,-843
-702,5,-968
-671,216,-1182
-569,62,-1249
-550,3,-1138
-380,-29,-1034
-290,105,-989
-242,-91,-835
-288,-95,-784
-140,-15,-921
-113,156,-1155
-31,220,-1229
-42,-40,-1167
0,66,-1069
68,-70,-1052
1,40,-851
-74,-83,-800
-70,29,-944
-119,81,-1186
-111,191,-1243
-109,9,-1216
-101,3,-1145
-50,17,-985
-66,-60,-837
-107,-72,-757
-78,-5,-923
-66,158,-1155
-48,160,-1268
-66,-11,-1227
-35,3,-1167
-19,9,-1052
-121,-17,-854
-247,-48,-784
-220,-39,-946
-302,165,-1177
-253,197,-1249
-310,23,-1229
-226,35,-1120
-169,-21,-983
-197,-15,-804
-257,-78,-755
-199,-25,-909
-245,163,-1120
-124,134,-1259
-119,91,-1237
-58,-25,-1163
-68,31,-1011
-58,-37,-856
-89,-58,-819
-121,-54,-917
-115,169,-1081
-83,136,-1214
-50,81,-1247
-60,-5,-1134
-64,-21,-964
-44,-54,-853
-64,-35,-812
-122,-37,-921
-103,124,-1061
-78,134,-1237
-25,91,-1286
-48,19,-1171
-21,0,-989
-17,-39,-890
27,-72,-815
-68,-48,-884
-85,122,-1001
-46,124,-1173
25,62,-1272
-62,21,-1130
13,-5,-976
52,46,-884
111,-76,-829
3,-44,-872
21,91,-991
78,179,-1139
224,89,-1245
134,29,-1130
185,-25,-983
163,11,-886
234,-78,-819
46,-39,-837
76,107,-940
44,148,-1138
101,99,-1262
56,9,-1147
0,54,-1016
29,-37,-899
19,-66,-798
-107,-66,-810
-103,80,-905
-128,136,-1114
-46,121,-1249
-89,17,-1163
-87,40,-993
-42,-17,-917
-9,-62,-810
-91,-62,-819
-68,72,-903
-70,154,-1134
-19,126,-1257
-56,-11,-1229
-58,31,-1052
-40,-1,-944
-29,-50,-837
-124,-99,-798
-148,95,-899
-142,154,-1134
-50,132,-1282
-74,15,-1220
-58,15,-1067
-35,52,-952
23,-54,-853
-101,-107,-837
-89,39,-925
-103,136,-1165
-25,146,-1313
-31,25,-1262
-46,33,-1110
13,52,-970
44,-85,-864
-44,-119,-849
-66,39,-897
-68,142,-1118
11,160,-1280
1,5,-1249
-42,15,-1071
9,15,-960
56,-62,-868
-29,-80,-843
-66,50,-884
-42,138,-1106
33,179,-1253
44,7,-1227
-3,15,-1069
66,39,-962
70,-56,-866
25,-91,-813
-64,9,-878
-46,124,-1052
17,152,-1220
21,44,-1220
5,-9,-1095
29,83,-958
66,-39,-870
23,-87,-804
-68,0,-851
-52,142,-1016
17,152,-1231
15,76,-1218
-9,-31,-1091
15,54,-970
74,-44,-894
27,-76,-804
-68,9,-851
-44,113,-1015
0,169,-1210
27,42,-1227
-19,-29,-1097
0,89,-966
42,-31,-892
25,-109,-798
-81,-15,-825
-74,115,-979
-25,165,-1200
1,70,-1231
-50,-40,-1132
-17,101,-985
33,-19,-911
33,-95,-815
-81,-29,-841
-50,91,-977
-33,171,-1202
17,91,-1241
-21,-35,-1143
-17,89,-979
42,-15,-913
29,-97,-817
-72,-35,-827
-60,89,-960
-42,203,-1182
7,91,-1227
-23,-25,-1167
-21,66,-1011
54,0,-915
52,-95,-821
-72,-35,-831
-39,42,-946
-39,191,-1180
27,111,-1260
-27,-35,-1182
-11,76,-1018
50,-35,-919
80,-95,-841
-78,-40,-821
-37,54,-933
-60,179,-1167
23,111,-1241
-9,-27,-1206
-25,85,-1044
35,-7,-931
78,-91,-854
-68,-58,-837
-39,40,-925
-56,195,-1147
13,142,-1239
7,-19,-1220
-13,64,-1044
50,-25,-938
74,-74,-858
-48,-50,-819
-39,11,-915
-62,181,-1124
15,124,-1216
-5,-9,-1208
-39,50,-1032
21,-1,-938
66,-68,-862
-60,-64,-815
-64,23,-907
-74,175,-1100
0,148,-1212
15,-13,-1208
-21,42,-1067
31,-5,-938
52,-54,-884
-42,-48,-796
-64,-5,-888
-68,165,-1065
-5,150,-1221
25,-7,-1216
-25,52,-1071
21,-11,-964
42,-50,-876
-42,-68,-782
-66,-3,-882
-70,162,-1059
-35,150,-1218
9,15,-1237
-39,25,-1091
7,21,-962
76,-39,-899
3,-74,-802
-66,-39,-866
-66,148,-1048
-11,154,-1202
31,27,-1231
-33,15,-1102
25,15,-972
56,-37,-888
23,-78,-802
-66,-40,-862
-50,150,-1032
-17,169,-1208
52,25,-1233
-29,7,-1108
25,39,-972
62,-44,-909
35,-74,-806
-66,-54,-856
-35,136,-1005
-5,158,-1192
37,56,-1235
-27,0,-1124
17,39,-977
64,-46,-907
39,-44,-800
-78,-60,-839
-54,140,-983
-42,156,-1196
29,56,-1251
-52,21,-1126
-5,46,-983
35,-29,-935
37,-70,-821
-83,-44,-835
-40,99,-981
-48,171,-1182
23,80,-1239
-33,-1,-1139
-7,35,-1007
33,-9,-929
42,-62,-823
-80,-66,-835
-60,91,-962
-58,152,-1149
-1,105,-1239
-29,9,-1155
-25,46,-1005
39,-23,-929
42,-54,-835
-68,-76,-833
-52,85,-938
-62,175,-1147
25,85,-1249
-25,9,-1169
-3,35,-1003
60,3,-956
64,-56,-837
-50,-80,-817
-54,58,-917
-56,165,-1114
23,89,-1225
-13,40,-1179
-15,15,-1030
23,21,-954
80,-64,-853
-44,-80,-813
-54,56,-909
-68,165,-1122
25,97,-1241
-3,50,-1188
-3,9,-1044
21,19,-958
68,-48,-858
-21,-97,-800
-58,46,-905
-58,158,-1098
3,128,-1233
0,42,-1200
-23,3,-1044
17,33,-944
72,-48,-874
-48,-95,-819
-74,21,-897
-78,156,-1065
-1,113,-1233
0,40,-1214
-31,9,-1067
11,48,-962
56,-48,-870
-19,-99,-810
-70,0,-884
-64,126,-1065
-17,162,-1225
5,33,-1218
-50,-9,-1077
3,31,-972
56,-17,-886
3,-99,-819
-72,5,-876
-72,130,-1028
-31,162,-1212
11,52,-1216
-17,3,-1110
-7,52,-972
66,-37,-897
17,-93,-808
-72,-11,-866
-52,126,-1009
-11,150,-1214
21,52,-1212
-42,-15,-1097
9,44,-987
72,-15,-903
27,-107,-823
-68,-21,-862
-58,115,-995
-31,160,-1202
31,87,-1227
-31,-19,-1108
-1,56,-997
50,-23,-917
58,-97,-833
-68,-29,-858
-44,95,-985
-19,144,-1177
44,91,-1241
11,-31,-1130
58,70,-1003
113,-31,-894
181,-85,-829
-3,-42,-843
76,66,-972
136,156,-1153
261,80,-1255
185,64,-1157
279,-11,-995
306,-13,-913
427,-93,-878
269,40,-854
288,68,-948
351,46,-1128
515,95,-1239
411,152,-1169
443,3,-1009
484,-56,-923
558,-140,-851
376,68,-856
388,101,-892
390,37,-1104
507,103,-1241
421,146,-1180
335,68,-995
458,-93,-919
511,-109,-905
327,85,-829
228,105,-872
281,21,-1075
413,56,-1259
310,154,-1202
206,109,-1007
267,-78,-909
400,-115,-936
173,29,-851
52,54,-841
115,89,-1050
244,60,-1274
142,113,-1235
31,91,-1001
142,-46,-935
212,-33,-931
15,-80,-845
-80,66,-831
11,103,-1052
91,154,-1270
27,52,-1237
-35,15,-1005
25,3,-958
126,-70,-938
33,-39,-843
-105,0,-847
-35,134,-1042
74,124,-1268
50,46,-1227
-66,13,-1054
74,15,-942
93,-56,-940
3,-60,-833
-74,-21,-829
-56,163,-1038
19,130,-1264
21,81,-1218
-52,-33,-1059
-25,37,-983
58,-37,-923
-76,-46,-800
-107,-48,-856
-78,156,-1013
-11,148,-1220
-23,56,-1216
-54,-19,-1052
0,31,-968
103,-39,-929
25,-60,-810
-54,-40,-829
39,152,-1015
148,103,-1218
101,121,-1227
105,-15,-1054
173,39,-999
201,-37,-936
173,-56,-808
35,-25,-823
152,64,-1007
193,146,-1218
134,89,-1210
113,-3,-1077
156,31,-976
204,-64,-958
101,-50,-821
-13,9,-847
46,93,-972
62,109,-1186
31,87,-1198
1,-11,-1100
0,66,-995
62,-56,-956
-25,-31,-831
-78,-31,-837
-52,74,-1005
-46,122,-1182
-58,81,-1214
-70,9,-1128
-64,25,-1009
-11,-48,-958
-66,-35,-847
-115,-21,-853
-76,89,-977
-66,97,-1153
-54,101,-1208
-46,7,-1122
-54,54,-1018
-15,-21,-958
-35,-68,-839
-87,-40,-884
-46,74,-962
-37,140,-1134
-13,121,-1225
13,-9,-1157
-21,39,-1030
52,-11,-927
93,-50,-856
-33,-39,-851
0,9,-931
-33,148,-1116
66,124,-1194
0,5,-1163
-15,50,-1040
60,-9,-948
66,-60,-874
-39,-42,-854
-44,60,-921
-42,140,-1087
7,107,-1188
5,-11,-1182
-39,27,-1050
54,-5,-940
56,-60,-888
-56,-44,-847
-44,21,-897
-48,160,-1069
25,136,-1194
23,15,-1190
-17,9,-1075
56,-15,-944
39,-54,-894
-62,-17,-839
-33,3,-921
-50,136,-1073
23,126,-1198
25,15,-1202
-17,7,-1065
89,-5,-956
58,-3,-903
11,-68,-858
-29,-25,-917
-72,136,-1050
78,140,-1175
-7,54,-1218
-17,-5,-1073
29,-17,-970
27,5,-911
-25,-48,-849
-87,-5,-894
-74,115,-1015
-33,134,-1161
-17,80,-1204
-78,-3,-1085
-21,15,-970
0,-40,-938
-50,-60,-845
-89,1,-870
-78,119,-1005
-15,113,-1153
-7,62,-1200
-66,-19,-1114
-9,31,-979
33,-35,-927
-11,-44,-825
-72,-31,-858
-44,91,-968
19,126,-1163
33,66,-1235
-15,35,-1122
33,23,-985
85,-29,-938
42,-76,-825
-42,-13,-858
-27,105,-993
23,124,-1149
11,85,-1218
11,-5,-1124
-9,19,-997
74,-31,-913
21,-50,-845
-81,-42,-866
-29,74,-966
-33,119,-1132
-17,144,-1220
-9,-15,-1149
-40,21,-1009
25,-37,-915
-11,-46,-868
-54,-39,-886
-42,50,-956
-48,136,-1128
11,115,-1190
-7,-9,-1159
-31,35,-999
68,-29,-940
-7,-35,-868
-56,-52,-890
-40,60,-935
-17,124,-1104
-25,142,-1192
39,5,-1145
-31,0,-1054
33,3,-958
37,-54,-901
-68,-17,-880
-50,17,-927
-39,105,-1098
27,142,-1186
-5,13,-1184
-50,27,-1052
9,-29,-952
66,-31,-894
-56,-37,-849
-78,31,-917
-39,101,-1048
-11,158,-1169
-29,-3,-1190
-72,29,-1048
21,-31,-956
13,-5,-913
-60,-56,-843
-58,-7,-903
-66,115,-1044
11,140,-1175
-15,29,-1198
-44,5,-1089
39,-19,-966
31,-25,-895
-5,-54,-831
-58,-17,-909
-17,132,-1034
29,140,-1179
29,52,-1200
-1,-15,-1089
62,31,-964
89,-9,-903
0,-60,-827
-25,-19,-894
-15,83,-1030
27,160,-1169
13,46,-1227
9,-5,-1098
-1,-27,-977
60,-9,-903
-37,-58,-835
-74,13,-888
-66,48,-1007
11,136,-1157
-11,62,-1223
-25,21,-1077
-27,3,-979
48,-21,-897
-44,-50,-841
-85,-15,-884
-40,99,-1013
-15,132,-1147
-25,101,-1212
-13,-23,-1104
-19,15,-995
15,-3,-917
-23,-56,-849
-60,-21,-895
-48,29,-981
11,160,-1136
-7,117,-1204
3,-35,-1134
-5,19,-999
70,-19,-925
-5,-46,-860
-76,-39,-901
-42,66,-977
-17,134,-1128
-11,140,-1202
-9,-40,-1134
-58,15,-1005
50,-11,-950
0,-23,-870
-56,-39,-878
-42,54,-940
-25,111,-1089
-23,132,-1169
-9,-39,-1151
-33,19,-1022
33,-35,-968
-44,-15,-870
-66,-72,-862
-81,81,-919
-48,85,-1098
-138,191,-1180
-48,-87,-1163
-132,99,-1052
-74,-48,-958
-156,29,-872
-156,-124,-868
-245,74,-940
-222,87,-1071
-259,218,-1175
-238,-80,-1167
-281,39,-1050
-236,0,-954
-292,64,-884
-324,-121,-866
-349,5,-919
-370,140,-1050
-286,203,-1173
-308,-37,-1206
-341,-64,-1085
-261,74,-972
-236,31,-905
-312,-99,-872
-314,-50,-935
-345,160,-1050
-312,206,-1184
-423,-40,-1225
-482,-66,-1083
-437,40,-942
-456,103,-890
-648,-66,-913
-546,-121,-913
-704,156,-1056
-595,201,-1149
-525,95,-1130
-417,-144,-1075
-425,80,-948
-372,21,-921
-244,-72,-806
-316,-115,-927
-322,195,-1024
-128,158,-1159
-134,29,-1237
-122,-89,-1149
-74,40,-1007
-7,66,-927
-66,-48,-876
-89,-89,-925
-156,128,-1001
-68,130,-1124
-132,148,-1212
-89,-148,-1116
-115,89,-972
150,-3,-935
284,25,-819
68,-74,-933
40,81,-981
374,128,-1013
359,195,-1167
335,-126,-1145
236,68,-1032
220,-39,-979
214,-15,-858
142,-37,-935
-9,74,-966
134,121,-1085
124,80,-1186
154,-5,-1155
-76,85,-1022
111,-9,-935
-46,-27,-806
-42,-89,-825
-130,126,-907
-31,54,-1083
-101,162,-1182
-29,-64,-1175
-124,111,-1061
-21,-25,-933
-113,-31,-876
-124,-101,-858
-175,117,-911
-76,99,-1102
-107,165,-1231
-76,-74,-1182
-169,66,-1030
-31,-40,-933
-119,-29,-866
-144,-39,-880
-218,56,-935
-134,140,-1124
-111,169,-1221
-46,-42,-1235
-148,50,-1034
31,-37,-946
-52,21,-894
-42,-81,-866
-128,31,-909
-44,52,-1073
-58,169,-1186
-13,-58,-1180
-115,89,-1015
46,-15,-923
9,25,-895
1,-70,-884
-89,42,-935
-21,105,-1077
23,162,-1184
42,-1,-1149
-52,29,-1030
78,-39,-931
122,-19,-905
39,-64,-870
-52,13,-935
-11,144,-1028
109,107,-1141
39,19,-1179
5,-3,-1046
80,9,-944
132,-29,-935
7,-54,-890
-19,-9,-921
-31,154,-1032
74,97,-1175
39,66,-1184
-9,-25,-1071
1,58,-952
132,-39,-938
23,-31,-870
-40,-44,-927
-40,101,-1038
99,83,-1167
0,89,-1216
-5,-35,-1093
17,40,-972
80,-21,-935
-58,-48,-878
-37,-50,-894
-91,132,-993
-33,105,-1145
-56,117,-1194
-50,-21,-1118
-89,44,-987
35,-27,-936
-64,-17,-849
-74,-27,-897
-128,107,-985
3,122,-1155
-52,130,-1186
-19,-27,-1124
-50,52,-972
107,-31,-944
-58,-13,-851
-60,-50,-886
-117,138,-972
-25,87,-1130
-68,124,-1194
-11,-33,-1126
-64,93,-993
89,-25,-956
-33,-35,-874
-31,-72,-892
-113,121,-981
11,99,-1141
-46,146,-1216
29,-60,-1114
-54,64,-995
130,-40,-931
17,-13,-880
-9,-64,-890
-80,85,-972
1,101,-1120
-13,101,-1180
27,-42,-1122
-52,56,-979
107,-31,-933
11,-40,-878
-3,-76,-907
-91,80,-964
-1,115,-1102
-25,134,-1175
58,-44,-1122
-44,39,-1005
132,-37,-938
48,-25,-882
17,-74,-897
-87,64,-958
1,85,-1089
-7,156,-1175
17,-19,-1130
-56,40,-1011
78,-29,-944
29,-5,-895
-11,-64,-901
-83,76,-962
-23,101,-1075
-37,142,-1173
9,-15,-1151
-52,35,-1022
64,-13,-950
44,3,-901
-5,-66,-894
-83,25,-948
-50,97,-1057
0,163,-1169
9,7,-1147
-60,33,-1032
29,-27,-936
44,17,-899
-31,-66,-886
-83,21,-944
-68,128,-1059
-3,105,-1165
-15,64,-1175
-52,9,-1024
19,44,-956
78,-9,-917
-3,-56,-907
-68,-9,-938
-56,134,-1052
9,126,-1157
0,56,-1182
-39,-15,-1057
17,17,-956
101,-5,-903
17,-56,-888
-68,-17,-935
-66,121,-1024
11,97,-1177
-23,101,-1177
-25,-39,-1065
-1,70,-948
111,-27,-936
1,-46,-886
-46,-29,-933
-72,134,-1013
17,99,-1145
-29,105,-1177
-11,-50,-1081
-19,44,-966
107,-15,-936
-17,-33,-880
-54,-42,-915
-74,87,-1005
11,91,-1163
-19,171,-1186
15,-44,-1091
-42,3,-970
68,-48,-929
-363,3,-921
-573,9,-884
-562,33,-956
-327,9,-1077
-817,294,-1303
-675,-91,-1052
-1026,42,-1022
-952,-42,-958
-1206,117,-813
-1307,-29,-870
-1300,-175,-847
-1188,0,-1136
-1087,402,-1171
-1212,83,-1179
-1233,-150,-964
-1136,-261,-995
-1165,300,-843
-1255,-42,-899
-1200,-50,-962
-985,-138,-1220
-1020,443,-1300
-1020,113,-1227
-1020,-72,-1013
-774,-308,-962
-962,284,-882
-868,-21,-845
-917,-68,-927
-691,-117,-1194
-786,380,-1290
-767,119,-1110
-841,-134,-987
-609,-277,-1009
-874,292,-897
-1042,144,-806
-1143,-218,-825
-921,-220,-1220
-1057,370,-1270
-1301,204,-1032
-1253,-242,-880
-1046,-255,-1032
-1278,281,-915
-1497,130,-718
-1370,-187,-821
-999,-277,-1200
-1212,458,-1264
-1339,281,-1077
-1266,-152,-936
-931,-372,-1042
-1167,259,-1063
-1417,150,-784
-1300,-146,-864
-1028,-306,-1190
-1112,482,-1360
-1149,372,-1087
-1143,-134,-956
-794,-447,-1057
-1001,203,-1044
-1130,183,-712
-1204,-165,-837
-897,-115,-1198
-1214,232,-1407
-1278,322,-1057
-1221,-197,-964
-921,-253,-1044
-1423,103,-1221
-1487,429,-583
-1448,-281,-800
-1126,-165,-1202
-1202,162,-1313
-1309,363,-958
-1319,-99,-1026
-999,-419,-1106
-1052,347,-981
-1167,101,-687
-1130,-113,-913
-765,-218,-1159
-700,394,-1278
-784,236,-1177
-784,-76,-954
-466,-220,-1085
-343,267,-1059
-478,-146,-728
-571,37,-829
-156,-329,-1108
-169,589,-1253
74,15,-1003
15,126,-1013
374,-171,-1143
175,37,-997
245,-50,-759
244,31,-714
208,150,-1130
19,-31,-1167
259,144,-1095
396,-72,-1057
628,144,-1239
448,-87,-1073
708,46,-737
1368,97,-468
1368,5,-1036
1579,-314,-1011
903,203,-1257
1247,353,-1216
1520,-91,-1173
1034,-21,-1128
1350,-281,-761
1202,216,-710
901,-15,-1038
938,156,-1165
1346,134,-1268
759,331,-1161
942,-27,-989
1344,-318,-755
976,0,-732
827,33,-605
819,271,-854
694,-165,-1194
835,126,-1270
714,165,-1321
577,283,-1024
640,-275,-940
839,-95,-876
677,163,-839
495,152,-843
714,-144,-1112
976,253,-1184
952,121,-1157
739,210,-991
1202,-491,-868
1071,203,-936
1257,-76,-843
1020,374,-925
1305,-111,-1126
1300,242,-1319
1350,-13,-1268
954,298,-1139
1319,-324,-907
1272,-48,-989
1171,25,-864
935,232,-839
1048,-187,-927
1290,-3,-1147
1141,357,-1227
948,406,-948
1013,-320,-964
1278,-284,-935
952,50,-929
823,491,-761
851,-206,-1057
1139,25,-1243
958,93,-1276
899,404,-977
1005,-249,-944
1237,-171,-864
1056,56,-870
909,281,-698
987,-105,-964
1278,-25,-1249
1046,148,-1288
897,374,-989
1061,-210,-993
1208,-173,-1030
964,9,-946
739,216,-772
771,-15,-1001
991,87,-1233
679,107,-1278
532,253,-946
630,-214,-964
700,-126,-981
462,-111,-854
281,199,-694
277,3,-981
404,-5,-1239
117,187,-1048
189,40,-1024
275,-105,-1001
119,-99,-853
-78,23,-718
-44,173,-936
76,40,-1179
-3,64,-1227
-72,148,-1007
25,33,-991
150,-46,-960
148,-165,-810
-62,54,-692
56,124,-890
158,132,-1208
160,52,-1208
91,99,-1048
185,29,-1001
271,-35,-936
222,-56,-708
23,-44,-648
162,134,-815
197,56,-1126
201,177,-1134
136,83,-1020
206,50,-936
306,-128,-895
218,-39,-669
66,-25,-593
111,9,-786
122,99,-1061
132,177,-1083
87,91,-948
119,-3,-872
191,-48,-771
113,-81,-546
21,-44,-489
5,99,-673
97,76,-938
76,152,-1015
78,-1,-933
95,50,-808
187,-60,-702
101,-31,-517
29,-56,-464
5,44,-634
48,146,-909
111,72,-989
89,-7,-905
97,60,-782
191,-25,-700
150,-89,-550
85,-50,-517
37,89,-657
103,103,-938
81,163,-1032
99,13,-991
72,52,-870
152,-46,-774
35,-70,-599
21,-113,-554
-66,58,-700
-33,126,-933
-31,124,-1042
-9,40,-1007
-19,5,-890
56,-39,-778
40,-54,-632
21,-83,-599
-60,91,-708
-17,66,-911
5,160,-1052
35,11,-1048
-35,81,-903
15,-11,-769
11,-70,-657
-19,-62,-585
-95,89,-665
-66,99,-866
-35,140,-1032
0,31,-1020
-56,46,-884
17,13,-776
3,-40,-632
-11,-107,-579
-136,66,-648
-85,85,-835
-66,165,-1005
-56,68,-1007
-136,46,-868
-58,11,-765
-46,-48,-667
-66,-68,-546
-124,5,-593
-91,148,-769
-44,87,-954
-13,72,-989
-46,39,-882
27,35,-739
70,-56,-636
46,-62,-519
-29,-1,-552
-13,99,-716
31,122,-960
66,119,-991
37,25,-890
23,15,-745
117,-78,-630
33,-85,-530
-33,13,-538
-21,113,-733
-1,124,-950
54,54,-993
29,15,-895
46,39,-763
115,-46,-632
74,-66,-517
-39,-60,-542
-21,87,-689
-13,152,-931
44,132,-1005
27,-19,-895
11,5,-765
97,-1,-636
70,-95,-542
-15,-33,-552
-46,44,-687
-11,140,-913
27,122,-1005
13,46,-915
7,-23,-749
70,-31,-644
29,-68,-542
-39,-46,-517
-66,46,-642
-74,160,-872
5,156,-960
11,13,-915
-33,-44,-757
39,-27,-655
17,-42,-544
-52,-19,-527
-76,5,-634
-68,140,-886
-15,156,-981
5,68,-950
-58,17,-802
52,-46,-646
-5,-62,-542
-66,-39,-534
-68,-1,-648
-72,74,-913
1,177,-991
17,81,-997
-40,93,-810
99,-54,-679
19,-62,-579
11,-76,-519
-58,39,-630
-66,132,-901
50,158,-997
35,44,-991
-60,37,-833
97,-78,-624
11,-13,-569
-17,-60,-507
-56,-5,-558
-66,144,-815
31,181,-974
29,66,-997
-29,21,-806
39,-31,-636
44,-64,-536
7,-95,-474
-72,-19,-564
-48,156,-782
-13,191,-958
25,83,-991
-33,66,-833
0,-27,-663
15,-72,-544
-1,-74,-448
-54,-68,-579
-76,162,-763
-33,140,-977
-5,93,-1048
-44,52,-845
19,-23,-618
-3,-27,-534
13,-81,-491
-83,-72,-538
-74,107,-749
-44,185,-968
25,85,-1016
-64,11,-827
-50,25,-659
68,-50,-550
-21,-81,-472
-70,-85,-548
-66,56,-767
-44,179,-936
37,165,-999
-60,76,-845
19,-50,-648
39,-64,-556
37,-103,-452
-66,-60,-542
-39,87,-739
-13,91,-936
21,179,-1038
-5,99,-853
7,40,-692
11,-74,-589
80,-107,-525
-66,-62,-564
-70,66,-683
-11,152,-956
39,185,-1038
-11,99,-860
-29,25,-694
78,-60,-665
54,-203,-480
-85,-52,-501
-48,177,-646
-29,203,-966
-13,150,-993
13,40,-948
-31,-33,-761
29,-78,-630
11,-117,-493
-9,-70,-470
-95,232,-644
-56,201,-936
35,121,-1015
-33,-39,-960
-13,-58,-716
44,-23,-564
1,17,-429
-27,-52,-482
-115,171,-626
-66,124,-880
-21,15,-1050
-15,-25,-901
27,25,-673
35,74,-610
21,-17,-462
-29,-85,-482
-93,76,-671
0,81,-909
-33,58,-995
-3,62,-899
21,97,-671
68,-21,-648
0,-76,-536
-1,-109,-599
-72,13,-661
-17,177,-835
-33,150,-997
78,70,-909
-52,-27,-759
76,-60,-675
50,-25,-614
0,-56,-530
-89,9,-624
-7,201,-841
-1,44,-995
-11,44,-899
-9,31,-763
50,15,-683
3,-31,-556
33,-163,-513
-74,76,-622
-46,144,-722
17,121,-933
-5,93,-901
-25,-19,-757
23,42,-661
76,-37,-550
42,-101,-530
-119,111,-591
-39,48,-696
-7,42,-1024
-21,245,-919
-1,-39,-784
-37,70,-753
103,5,-532
11,-216,-517
-99,3,-607
-11,142,-751
-64,169,-958
35,35,-1001
-72,-5,-866
-15,25,-708
64,39,-573
70,-91,-538
-93,-128,-609
-37,89,-720
3,117,-976
-46,218,-1030
3,58,-825
27,-80,-733
-7,-25,-560
29,-109,-511
-72,62,-507
-44,87,-743
-29,156,-962
17,39,-977
-21,56,-874
-25,124,-661
99,-31,-530
19,-152,-495
-68,-72,-521
-50,156,-720
-33,203,-899
76,21,-1024
-44,52,-874
-3,9,-694
37,64,-601
-40,-89,-573
-23,-175,-523
-37,56,-714
-58,187,-974
-25,271,-1011
27,-21,-946
-33,-95,-749
31,-9,-569
35,44,-538
25,-17,-525
-52,-62,-718
-78,175,-936
85,163,-1020
-72,150,-892
0,-31,-681
124,-187,-657
-21,-19,-497
-60,91,-495
-76,154,-730
-42,-62,-907
-35,40,-933
11,80,-927
-85,238,-712
128,-68,-546
97,-230,-612
-64,-54,-538
-74,183,-622
-31,201,-913
89,-72,-987
-60,11,-935
-21,228,-726
0,-17,-673
58,-48,-583
35,-230,-603
-158,85,-646
-44,249,-823
46,46,-1038
21,3,-929
-9,25,-757
3,236,-640
48,-204,-583
7,-66,-546
-44,13,-591
-33,46,-831
-37,318,-935
113,-144,-977
-148,80,-761
48,87,-597
-5,-66,-616
-37,-105,-472
9,-21,-583
-81,117,-864
-17,42,-919
93,204,-972
-78,-5,-843
140,-19,-634
-19,23,-591
89,-44,-517
-17,-99,-607
-89,181,-843
35,1,-946
-21,142,-1011
-54,103,-813
201,-99,-661
-113,177,-599
91,-150,-437
-40,-111,-585
-103,160,-806
21,119,-946
-29,115,-1059
-37,54,-806
150,-81,-677
-101,121,-653
95,-152,-450
-27,-60,-614
-74,199,-815
5,46,-899
19,111,-1073
-56,80,-899
76,31,-634
29,-35,-614
-9,-66,-542
-31,-167,-579
-107,230,-815
-19,85,-917
72,81,-999
-76,25,-983
52,31,-638
35,40,-560
25,-138,-601
-72,50,-562
-25,-25,-757
-83,121,-1022
58,212,-935
15,-60,-894
21,119,-696
17,-74,-620
80,-66,-554
-3,-80,-595
-111,162,-747
0,148,-919
17,62,-952
-54,-25,-977
11,101,-708
25,130,-577
42,-230,-638
5,-31,-515
-85,1,-718
-58,183,-931
39,150,-972
17,-115,-950
11,197,-677
-39,-76,-659
191,-21,-527
-74,-19,-536
-144,-25,-696
-9,146,-895
1,19,-974
93,130,-925
-93,11,-763
56,3,-573
78,-39,-599
-56,-80,-550
-48,-39,-644
-54,158,-847
0,177,-1018
64,21,-983
-64,-25,-691
80,52,-685
11,103,-595
109,-253,-511
-62,-1,-675
-146,230,-909
81,136,-958
42,-107,-1003
-76,251,-769
25,-87,-679
13,-29,-679
80,-113,-472
-160,9,-646
0,87,-827
11,167,-991
5,81,-1036
21,78,-755
-21,-103,-720
0,-95,-626
54,163,-464
0,-220,-648
-50,242,-782
-154,17,-1057
197,150,-1157
-60,124,-667
11,-206,-722
-7,255,-603
68,-357,-556
-89,101,-632
-7,294,-769
-50,-124,-1159
-66,150,-1026
72,64,-743
121,52,-761
-19,23,-534
-5,-181,-634
-78,39,-827
95,-93,-872
-142,203,-1180
3,80,-1177
-33,83,-977
-21,-56,-938
56,171,-872
48,-259,-983
-60,-89,-915
-142,93,-1108
105,162,-1501
37,214,-1380
-68,-80,-1229
31,273,-1104
-33,-87,-1132
197,-382,-1112
-189,74,-1054
-44,177,-1196
3,83,-1282
31,-5,-1655
54,148,-1413
-152,160,-1259
52,-162,-1061
109,-128,-1138
-21,-109,-1190
-95,17,-1098
-134,493,-1489
124,42,-1692
95,-103,-1497
-48,-173,-1358
27,197,-1167
121,142,-1026
21,-269,-1165
-15,158,-1280
-76,146,-1491
44,281,-1510
29,29,-1450
101,-148,-1286
33,44,-1050
7,23,-1015
-54,-17,-1098
-3,132,-1030
-39,-56,-1504
1,347,-1333
-5,25,-1177
97,91,-925
29,173,-712
7,-111,-739
-76,-62,-558
-122,-50,-743
23,203,-866
52,128,-819
-95,99,-757
-15,25,-488
13,-107,-536
-33,21,-466
5,9,-480
-181,-89,-605
122,80,-798
-35,286,-1005
81,-42,-989
74,203,-772
-7,-122,-878
177,-91,-829
83,-62,-794
-83,76,-1003
58,122,-1134
25,23,-1438
-80,140,-1411
132,99,-1083
-76,-66,-1091
93,-269,-1067
-54,-158,-938
-261,121,-1079
37,-25,-1264
-42,-5,-1614
-83,101,-1385
-95,0,-1124
5,-42,-1175
21,-33,-1009
7,-160,-958
-236,-122,-1114
13,50,-1270
-19,136,-1534
62,91,-1446
15,-13,-1249
-33,281,-1054
105,-232,-974
42,-212,-1095
-80,134,-1015
-17,89,-1294
-7,249,-1563
27,17,-1383
11,11,-1245
-29,105,-1190
72,85,-1011
13,-312,-1059
-7,62,-1108
-3,140,-1348
-58,318,-1456
44,160,-1417
-27,95,-1421
103,-160,-1220
-21,83,-1083
68,-39,-1075
13,-54,-1186
-17,126,-1278
64,175,-1426
-23,152,-1631
93,27,-1292
-39,126,-1292
134,-54,-1124
-27,-130,-1132
17,62,-1048
35,46,-1255
-44,193,-1522
25,179,-1479
-17,66,-1506
9,134,-1270
1,-134,-1143
56,-60,-1085
-62,9,-1067
-56,-136,-1282
-5,261,-1415
-58,99,-1585
40,136,-1419
-56,25,-1231
29,-81,-1143
111,5,-999
-117,-85,-1093
-115,35,-1266
-15,156,-1323
-97,85,-1540
44,37,-1421
-103,52,-1163
23,58,-1075
0,-152,-1102
-13,-11,-940
-210,103,-1145
52,44,-1309
-9,208,-1495
11,44,-1430
9,-48,-1163
25,19,-1040
23,-234,-991
50,9,-868
-78,111,-1022
-50,175,-1323
85,95,-1436
11,-19,-1448
5,-25,-1155
121,-66,-1003
0,33,-944
60,-109,-903
-42,48,-1167
-93,150,-1350
72,91,-1499
48,7,-1438
-48,35,-1268
89,-150,-1104
42,15,-968
9,83,-987
-81,-13,-1179
21,-5,-1383
-46,208,-1596
78,93,-1497
-74,-1,-1266
37,-60,-1163
21,-76,-1077
-48,-15,-1050
-33,25,-1237
-31,284,-1385
-40,33,-1614
39,-19,-1538
-37,-7,-1301
-5,50,-1202
60,44,-1097
1,-9,-1077
-40,-103,-1210
52,105,-1464
-60,191,-1544
3,89,-1471
-62,64,-1409
-1,-13,-1212
21,-50,-1126
11,13,-1110
-72,-31,-1173
-64,66,-1436
-15,204,-1544
78,-7,-1567
-93,169,-1391
93,-54,-1259
74,7,-1204
17,-42,-1112
-19,-76,-1194
-52,150,-1376
17,130,-1594
93,203,-1598
-23,66,-1399
35,5,-1298
25,-85,-1155
89,-122,-1157
-109,13,-1155
-21,136,-1329
-33,228,-1579
81,3,-1563
-35,13,-1450
-66,-39,-1243
165,35,-1155
-15,-25,-1138
19,-66,-1098
-66,50,-1358
-13,97,-1469
62,7,-1618
-56,199,-1421
72,-48,-1221
-31,70,-1126
117,-158,-1069
-54,-39,-1177
-72,39,-1243
-89,212,-1454
85,68,-1518
-11,-5,-1430
-42,0,-1239
76,87,-1102
-33,-89,-1052
-48,-111,-1065
-54,-25,-1294
-27,185,-1387
-66,148,-1516
17,115,-1360
-40,-46,-1235
50,52,-1114
31,-35,-1024
-33,-154,-1018
-107,-19,-1173
-11,265,-1399
1,101,-1454
39,7,-1378
-74,11,-1196
109,62,-1073
21,-21,-1091
-1,-121,-1016
-107,-9,-1163
-17,160,-1372
-21,103,-1508
46,72,-1465
-74,-126,-1286
99,70,-1102
-7,158,-1075
56,-66,-1056
-83,-126,-1229
0,78,-1405
-35,208,-1497
39,177,-1465
-68,-83,-1294
80,-76,-1204
27,117,-1095
-7,17,-1056
-111,-29,-1223
3,-25,-1393
-39,56,-1604
78,203,-1506
-64,91,-1319
44,3,-1223
44,-37,-1124
50,-175,-1149
-109,124,-1251
-44,81,-1444
29,181,-1641
40,-7,-1637
-3,25,-1434
56,119,-1251
-3,-13,-1264
85,-117,-1173
-89,-58,-1311
-80,171,-1534
3,204,-1637
23,80,-1667
-9,-46,-1419
-17,29,-1290
46,76,-1204
21,-37,-1143
-89,-42,-1260
-109,40,-1403
11,150,-1577
9,68,-1608
-42,11,-1364
-37,101,-1208
81,42,-1122
33,-115,-1134
-62,-25,-1179
-39,44,-1370
-13,195,-1497
21,99,-1538
-46,17,-1344
17,115,-1177
37,-9,-1167
42,-130,-1089
-60,-58,-1145
-44,130,-1292
-35,218,-1471
42,93,-1514
-39,-50,-1329
-29,25,-1243
87,54,-1141
46,-122,-1069
-85,-31,-1132
-64,21,-1206
-3,165,-1520
9,136,-1508
-13,-52,-1380
-58,121,-1239
87,-5,-1095
35,-130,-1108
-74,-97,-1089
-33,15,-1229
-60,208,-1473
58,89,-1477
-23,17,-1423
-23,33,-1259
46,11,-1149
33,-91,-1061
-13,-121,-1069
-64,35,-1188
-66,152,-1473
19,236,-1573
11,-19,-1403
-54,9,-1292
85,-5,-1100
19,-95,-1083
-50,-44,-1073
-39,-9,-1221
-64,201,-1469
11,140,-1510
17,25,-1479
-56,17,-1298
68,31,-1157
-7,-107,-1139
-5,-70,-1093
-78,3,-1255
-19,179,-1503
5,103,-1653
42,13,-1600
-62,50,-1415
117,80,-1247
31,-80,-1210
-9,-50,-1157
-64,-1,-1301
-40,113,-1581
-11,187,-1672
44,1,-1590
-70,78,-1380
44,0,-1216
7,-70,-1167
-11,-40,-1118
-89,19,-1237
-46,148,-1510
-11,183,-1569
70,-23,-1538
-81,95,-1313
78,-9,-1143
27,-31,-1098
0,-37,-1050
-58,-19,-1190
-74,158,-1413
52,99,-1516
5,-1,-1491
-50,134,-1251
60,-9,-1136
5,-19,-1130
83,-109,-1030
-85,23,-1202
-31,130,-1374
17,107,-1532
15,19,-1501
-5,52,-1319
-3,97,-1180
62,-48,-1132
31,-146,-1114
-117,-15,-1200
-17,109,-1382
-39,193,-1538
33,11,-1522
-60,13,-1354
-7,23,-1237
50,-50,-1153
37,-97,-1110
-107,-21,-1184
-27,52,-1362
-44,154,-1569
37,39,-1544
-56,29,-1344
-9,91,-1239
31,-44,-1145
50,-105,-1116
-78,-37,-1186
-40,87,-1366
-54,187,-1542
27,33,-1540
-29,-7,-1413
-11,80,-1259
72,-25,-1153
25,-31,-1110
-44,-39,-1147
-17,-3,-1325
-48,181,-1512
44,87,-1547
-40,87,-1403
-15,60,-1221
39,-50,-1165
33,-85,-1106
-56,-13,-1126
-52,103,-1321
-33,162,-1495
15,35,-1544
-25,87,-1419
-35,89,-1243
64,42,-1147
21,-109,-1118
-11,-95,-1145
-54,25,-1296
-29,197,-1464
9,109,-1555
1,68,-1469
-17,3,-1286
44,-5,-1194
15,-27,-1122
-23,-54,-1159
-78,21,-1309
-39,128,-1510
0,162,-1600
-9,44,-1473
-54,37,-1317
80,-50,-1221
13,-48,-1139
-39,-50,-1155
-68,-7,-1286
-44,142,-1493
-13,99,-1555
13,80,-1499
-50,35,-1296
66,-19,-1180
-7,-70,-1130
33,-39,-1106
-68,0,-1243
-37,140,-1426
19,74,-1518
23,68,-1464
-42,56,-1257
109,-3,-1149
21,-48,-1067
74,-60,-1028
-37,-31,-1179
39,101,-1350
150,158,-1465
146,62,-1436
121,3,-1214
296,-48,-1089
320,-9,-1063
357,-11,-1015
265,-37,-1122
398,46,-1272
527,99,-1454
530,224,-1415
513,44,-1249
659,-95,-1106
694,-40,-1026
718,42,-991
618,39,-1073
757,-39,-1272
860,99,-1438
821,238,-1426
759,165,-1231
946,-210,-1089
999,-60,-1016
944,70,-925
778,85,-1054
888,-60,-1204
1044,0,-1376
917,351,-1407
892,175,-1231
936,-244,-1095
1100,-134,-954
993,136,-950
866,193,-972
915,-167,-1165
1059,-9,-1374
942,316,-1409
923,296,-1179
972,-234,-1069
1067,-105,-970
1022,23,-888
899,224,-915
952,-152,-1087
1112,17,-1344
1052,279,-1354
1048,298,-1163
1083,-144,-1015
1286,-162,-907
1118,5,-903
905,220,-821
942,-142,-1013
1130,-1,-1262
894,261,-1389
788,378,-1102
761,-204,-989
962,-226,-851
780,37,-851
628,251,-767
548,-150,-964
802,19,-1165
638,212,-1342
659,368,-1077
491,-214,-997
679,-240,-897
398,74,-925
423,165,-769
117,-124,-1026
232,-40,-1268
160,279,-1378
126,245,-1221
-42,23,-1083
121,-275,-962
5,52,-894
-80,-121,-806
-177,177,-999
-93,-60,-1276
-173,249,-1372
-224,-1,-1290
-103,162,-1126
-66,-183,-1057
-119,-150,-897
-85,68,-815
-117,58,-1077
-454,271,-1290
-708,-124,-1487
-899,130,-1307
-388,-31,-1052
-1001,154,-1136
-681,-413,-854
-1182,171,-968
-1333,101,-911
-1503,162,-1239
-1284,-220,-1348
-1198,31,-1286
-1503,327,-1200
-1126,21,-1022
-1081,-283,-991
-983,-111,-806
-1317,187,-960
-919,50,-1149
-1120,-21,-1411
-757,81,-1301
-1013,327,-1237
-782,-99,-1016
-778,-185,-917
-648,-87,-849
-755,197,-856
-806,204,-1069
-696,-130,-1251
-585,87,-1342
-556,169,-1153
-630,109,-1015
-495,-230,-790
-517,-160,-759
-722,238,-897
-648,167,-1003
-710,-40,-1290
-579,-85,-1317
-810,142,-1204
-745,115,-843
-751,-105,-751
-700,-163,-728
-979,46,-890
-894,152,-999
-913,-85,-1251
-739,27,-1368
-753,163,-1159
-845,160,-923
-692,-54,-804
-609,-171,-866
-589,-3,-911
-634,140,-1081
-437,64,-1225
-322,13,-1399
-245,72,-1214
-281,101,-936
-132,-58,-804
-54,-210,-858
-95,-46,-888
-107,144,-1022
-39,226,-1245
33,50,-1424
-23,-35,-1200
-119,13,-952
-33,29,-827
-25,-140,-849
-138,-21,-837
-156,89,-979
-132,191,-1223
-25,46,-1341
-54,-39,-1206
-119,-7,-874
-33,29,-804
58,-83,-833
-66,-15,-847
-140,66,-938
-52,167,-1212
-9,76,-1397
-89,19,-1223
-236,42,-931
-97,-31,-892
-142,29,-827
-263,-74,-856
-392,91,-940
-247,54,-1237
-247,265,-1356
-171,-27,-1200
-306,15,-952
-93,-19,-882
-121,-52,-868
-154,-80,-870
-265,31,-989
-122,113,-1274
-76,201,-1372
-76,-13,-1249
-167,0,-1001
11,-27,-933
-40,-27,-862
-87,-72,-827
-107,35,-954
-52,109,-1216
-48,138,-1337
-46,9,-1202
-136,21,-1026
-5,19,-935
-54,-54,-856
-87,-56,-817
-163,78,-938
-35,89,-1198
-54,117,-1307
13,44,-1192
-68,5,-1018
56,35,-874
23,-68,-815
-1,-81,-755
-113,29,-862
-33,113,-1141
-40,179,-1272
68,23,-1218
-50,11,-1040
140,5,-901
122,-3,-806
132,-68,-735
39,-7,-851
175,85,-1106
169,150,-1282
199,19,-1249
64,7,-1079
232,23,-917
160,-11,-837
130,-111,-769
19,0,-858
11,50,-1116
3,162,-1292
31,70,-1276
-74,3,-1122
-33,-35,-927
-56,-5,-815
-60,-78,-767
-152,-40,-872
-89,70,-1085
-113,187,-1296
-42,105,-1298
-85,3,-1153
-31,-3,-948
-27,-15,-843
-3,-76,-786
-93,5,-866
-60,99,-1100
-70,171,-1274
-27,76,-1298
-80,-5,-1163
-50,35,-962
-68,39,-823
-42,-58,-778
-138,-33,-862
-91,58,-1038
-83,175,-1253
-39,101,-1305
-54,1,-1155
-68,39,-946
-1,-21,-821
-31,-97,-784
-78,-31,-866
-89,54,-1034
-89,193,-1245
-23,85,-1296
-46,0,-1167
-52,42,-958
-7,-15,-839
13,-97,-804
-72,-39,-835
-81,60,-987
-40,187,-1188
-17,121,-1303
-3,-37,-1194
-56,9,-999
58,23,-839
19,-60,-819
0,-15,-835
-62,15,-993
-25,140,-1188
35,126,-1313
56,-13,-1204
-35,46,-983
68,3,-860
40,-66,-825
-15,-48,-800
-64,5,-960
-33,154,-1184
3,146,-1286
37,-23,-1210
-48,44,-1005
78,-3,-876
31,-56,-815
19,-31,-808
-62,-7,-935
1,162,-1171
25,134,-1294
76,-9,-1227
-50,21,-1018
80,5,-870
27,-44,-813
21,-29,-815
-64,-7,-936
-33,132,-1145
-23,124,-1272
68,-3,-1235
-68,29,-1022
50,19,-882
3,-23,-833
31,-46,-815
-76,-25,-936
-37,146,-1120
-33,160,-1255
54,15,-1243
-64,33,-1065
23,-7,-884
1,-40,-837
11,-40,-812
-78,-5,-927
-42,158,-1089
-25,136,-1260
33,5,-1251
-68,21,-1067
3,9,-909
11,-9,-864
13,-58,-819
-80,-19,-897
-44,150,-1085
-21,138,-1243
33,25,-1253
-56,0,-1079
3,17,-919
29,-3,-858
52,-48,-804
-68,-42,-884
-42,111,-1054
-13,150,-1239
39,58,-1266
-29,-1,-1095
-3,15,-913
33,-19,-853
39,-58,-800
-60,-46,-897
-42,105,-1044
-35,162,-1206
39,52,-1259
-13,-21,-1116
-13,15,-925
42,0,-876
48,-44,-802
-60,-54,-872
-39,68,-1020
-11,160,-1208
21,80,-1270
-1,0,-1138
-11,0,-970
74,-11,-866
35,-50,-798
-44,-40,-854
-48,44,-1001
-56,162,-1200
19,78,-1286
-9,13,-1157
-37,9,-979
56,11,-864
27,-46,-815
-60,-42,-847
-52,39,-983
-52,165,-1186
-5,101,-1272
0,27,-1173
-50,9,-987
46,0,-870
21,-46,-804
-35,-52,-833
-74,40,-952
-64,160,-1171
-7,95,-1284
19,11,-1192
-62,-3,-995
39,15,-878
23,-50,-817
-21,-66,-827
-74,40,-952
-56,146,-1161
-9,128,-1270
37,19,-1220
-64,11,-1007
56,11,-870
17,-31,-835
0,-66,-813
-66,-9,-938
-44,142,-1134
-3,124,-1266
33,37,-1216
-68,5,-1024
66,-3,-878
9,-29,-815
27,-62,-782
-72,-3,-927
-50,144,-1114
-1,130,-1278
40,33,-1233
-62,-9,-1024
50,5,-892
23,-1,-839
29,-76,-800
-72,-17,-927
-37,122,-1102
-23,124,-1259
42,83,-1237
-64,-5,-1050
25,9,-911
13,-1,-827
40,-70,-804
-81,-13,-903
-54,103,-1093
-29,132,-1260
31,66,-1270
-64,0,-1071
13,19,-919
11,9,-843
44,-97,-800
-70,-23,-909
-44,105,-1071
-35,146,-1253
25,80,-1264
-50,-17,-1069
1,19,-925
21,19,-843
62,-85,-804
-80,-15,-882
-52,76,-1059
-25,152,-1231
3,87,-1262
-25,-15,-1104
-9,23,-954
37,5,-835
39,-87,-796
-76,-25,-878
-44,76,-1030
-25,146,-1247
15,99,-1262
-15,-37,-1108
-13,31,-942
58,1,-858
54,-70,-796
-76,-35,-882
-46,52,-1028
-44,130,-1212
11,124,-1264
7,-29,-1143
-27,52,-958
33,5,-845
52,-62,-815
-56,-37,-854
-52,44,-983
-40,160,-1216
-1,117,-1257
13,-13,-1157
-42,29,-983
78,-3,-854
27,-60,-806
-52,-48,-849
-48,54,-977
-48,136,-1196
-7,142,-1251
29,-11,-1175
-46,27,-976
39,7,-854
19,-62,-823
-37,-42,-856
-68,37,-972
-46,130,-1184
-25,136,-1243
40,-3,-1190
-66,11,-1009
64,29,-862
19,-64,-817
-17,-42,-823
-66,5,-962
-42,156,-1169
-13,158,-1262
37,-1,-1194
-62,0,-1007
48,19,-864
25,-48,-841
-5,-29,-819
-64,3,-956
-62,140,-1143
-17,142,-1253
46,15,-1210
-58,9,-1038
39,40,-886
31,-52,-837
37,-48,-798
-58,-13,-938
-19,154,-1136
23,138,-1247
122,11,-1221
23,1,-1042
154,35,-897
150,-23,-841
226,-85,-806
148,13,-940
179,150,-1108
236,167,-1237
357,0,-1235
281,0,-1061
366,107,-927
409,-66,-853
425,-74,-808
402,-31,-915
384,197,-1089
458,158,-1218
495,-29,-1235
491,3,-1073
474,74,-952
448,31,-829
515,-193,-782
398,13,-888
384,160,-1081
343,195,-1231
445,-39,-1208
365,9,-1106
378,80,-944
353,13,-819
359,-121,-776
290,-40,-872
269,201,-1075
203,163,-1173
283,15,-1239
288,-42,-1110
228,111,-1003
193,40,-819
208,-148,-784
83,-31,-890
103,56,-1056
0,245,-1171
115,9,-1247
93,11,-1145
50,5,-1007
66,31,-810
72,-74,-786
-3,-31,-884
21,27,-1040
-62,208,-1200
40,39,-1245
44,56,-1184
5,1,-1030
35,25,-817
46,-66,-782
-7,-29,-884
-48,-3,-1024
-31,206,-1149
-13,140,-1239
87,-50,-1214
3,29,-1028
50,17,-817
7,-52,-798
7,-44,-845
-33,-3,-995
-70,185,-1175
54,87,-1272
1,29,-1208
-39,-5,-989
5,19,-835
37,-74,-810
-23,-29,-831
-44,-5,-974
-76,173,-1122
56,99,-1245
93,39,-1223
0,9,-1015
81,37,-823
124,-87,-821
111,-13,-851
48,-5,-974
56,206,-1145
187,56,-1272
218,15,-1243
62,21,-997
169,-1,-835
158,-68,-823
130,-35,-841
27,52,-972
40,162,-1124
105,56,-1237
126,-1,-1214
-11,19,-997
68,31,-825
33,-50,-843
17,-44,-870
-54,-3,-964
-66,163,-1093
-7,70,-1229
-3,70,-1218
-74,-35,-1003
-31,21,-856
-44,-37,-862
-50,-39,-862
-134,9,-962
-78,140,-1093
-52,117,-1243
-37,31,-1196
-68,-19,-1022
-33,9,-903
-11,-25,-880
-42,-46,-872
-87,11,-952
-50,138,-1087
-17,111,-1210
17,29,-1212
-56,-15,-1036
11,15,-907
44,-17,-890
46,-42,-864
-64,0,-923
11,83,-1056
42,99,-1192
83,74,-1216
25,5,-1048
48,48,-933
103,-48,-894
56,-42,-831
-50,19,-892
1,91,-1028
21,85,-1173
21,81,-1214
5,-23,-1079
-7,42,-944
54,3,-905
5,-40,-837
-62,-31,-899
-11,50,-985
-11,150,-1182
-42,99,-1216
-19,-40,-1120
-54,-1,-979
66,-19,-903
-11,-39,-821
-78,-17,-895
-42,60,-1005
-19,121,-1192
1,99,-1247
-17,-25,-1136
-40,44,-989
101,-27,-899
25,-48,-831
-64,-23,-874
-11,35,-995
-5,132,-1151
5,87,-1220
60,19,-1145
-40,-5,-995
85,13,-897
27,-70,-841
-21,-1,-882
-44,19,-970
-29,132,-1134
-17,113,-1231
31,-3,-1182
-83,46,-1003
64,-35,-890
-29,-50,-843
-44,-23,-837
-54,46,-966
-66,150,-1141
-3,80,-1221
-21,23,-1167
-74,15,-1013
40,7,-884
-37,-48,-843
-21,-17,-837
-66,-3,-958
-35,156,-1126
-15,99,-1202
11,15,-1175
-85,35,-1026
83,-25,-878
11,-40,-851
5,-31,-825
-56,21,-954
11,130,-1114
27,74,-1243
52,62,-1188
-21,-19,-1044
70,-5,-905
62,-46,-872
-23,-13,-837
-27,0,-960
-23,124,-1104
15,80,-1196
5,66,-1198
-60,-15,-1038
19,7,-894
9,-33,-868
-29,-33,-843
-64,-23,-938
-56,107,-1083
-25,119,-1188
-5,35,-1231
-68,15,-1059
27,-5,-938
-15,-15,-876
-52,-44,-839
-83,3,-935
-29,89,-1050
-23,91,-1198
-46,85,-1202
-19,-15,-1067
-5,-5,-958
9,-3,-892
-9,-3,-837
-42,0,-925
-37,39,-1030
7,119,-1180
17,136,-1221
17,-5,-1102
-5,-27,-972
52,-19,-886
39,-42,-825
-74,9,-897
-27,27,-1015
-19,121,-1171
3,105,-1225
-1,-9,-1110
-23,-9,-976
60,13,-903
13,-52,-835
-87,1,-886
-40,13,-1011
-21,152,-1143
-13,91,-1223
-25,-3,-1130
-15,19,-970
11,21,-888
13,-35,-856
-68,-39,-874
-46,39,-981
-31,126,-1141
-11,111,-1220
-17,-15,-1149
-37,31,-991
78,-25,-897
-5,-42,-845
-37,-42,-880
-19,48,-989
0,134,-1122
27,91,-1220
66,17,-1151
-5,-9,-999
115,5,-899
29,-50,-880
-23,-11,-894
-11,9,-991
-7,109,-1110
-7,85,-1208
19,33,-1171
-39,13,-1022
74,-37,-899
-23,-19,-868
-60,-23,-866
-56,1,-958
-29,111,-1118
-35,132,-1210
-3,31,-1177
-44,-25,-1022
7,-31,-927
-17,9,-897
-66,-1,-847
-85,-7,-958
-19,76,-1102
-46,148,-1184
9,33,-1188
-85,15,-1042
33,-27,-925
7,15,-892
3,-29,-839
-54,-5,-936
-25,101,-1073
-11,146,-1182
56,35,-1214
-40,3,-1050
42,-27,-935
-23,7,-882
25,-23,-835
-76,-11,-944
-33,60,-1054
-44,117,-1188
25,39,-1196
-50,-19,-1059
-29,-7,-935
21,9,-892
9,-37,-843
-101,-1,-925
-11,39,-1048
-44,121,-1169
-11,95,-1204
-42,-7,-1085
-21,-7,-954
-17,-5,-892
-66,-27,-845
-148,-21,-927
-87,13,-1022
-130,140,-1165
-81,119,-1212
-158,-17,-1077
-160,-64,-964
-169,19,-911
-162,-40,-833
-339,50,-913
-259,-42,-1001
-281,115,-1173
-283,128,-1200
-339,11,-1128
-376,-40,-983
-261,-48,-899
-288,21,-843
-355,40,-882
-269,-25,-977
-300,74,-1149
-249,122,-1229
-240,78,-1145
-306,-62,-1003
-238,-27,-923
-302,-3,-876
-376,87,-907
-480,-48,-1018
-605,44,-1159
-474,134,-1179
-495,64,-1159
-749,48,-1020
-374,-197,-890
-575,126,-876
-624,13,-874
-589,66,-890
-456,-37,-1136
-427,154,-1169
-349,40,-1180
-284,46,-1005
-193,-97,-956
-191,56,-880
-132,44,-853
-232,13,-952
-121,5,-1134
-44,117,-1239
-25,81,-1212
-126,44,-1046
1,-83,-938
-60,15,-856
-81,-21,-833
-236,93,-944
-78,-5,-1104
95,146,-1177
58,89,-1262
0,40,-1038
394,-83,-886
366,-3,-817
337,-46,-802
224,81,-894
296,9,-1048
314,167,-1276
249,-58,-1294
64,78,-1097
247,-19,-874
128,15,-841
-11,-33,-813
-111,-1,-944
-3,99,-1093
1,117,-1210
-11,35,-1182
-179,37,-1057
-25,3,-888
-62,7,-821
-66,-56,-794
-245,-35,-899
-97,113,-1095
-87,126,-1259
-85,124,-1274
-160,-48,-1075
-72,-25,-956
-68,-5,-858
-76,-35,-827
-228,-3,-894
-78,46,-1046
-115,144,-1233
-87,64,-1249
-203,-9,-1091
-103,1,-948
-126,13,-907
-76,-29,-835
-234,1,-940
-60,40,-1069
-89,158,-1196
-25,39,-1204
-87,-35,-1093
0,-17,-927
-27,5,-890
11,-19,-819
-91,-56,-909
-44,56,-1018
-74,150,-1179
-7,117,-1223
-54,3,-1106
-17,-29,-958
7,25,-923
40,0,-829
-40,-23,-897
9,35,-1015
0,121,-1151
48,101,-1171
23,-17,-1085
-1,-3,-981
99,3,-880
72,-9,-839
42,-54,-913
23,42,-1005
33,146,-1134
105,109,-1171
91,-9,-1116
21,-19,-1007
66,3,-917
37,-29,-884
17,-25,-907
-52,31,-981
-7,138,-1126
39,83,-1206
54,-7,-1139
-42,-29,-1022
74,9,-935
42,-17,-858
-9,-33,-870
-50,9,-993
-1,105,-1114
-31,111,-1192
54,13,-1165
-68,0,-1038
5,21,-927
-44,9,-872
-27,-48,-870
-122,1,-968
-76,126,-1089
-37,134,-1204
23,27,-1179
-124,0,-1042
25,-9,-931
-29,3,-866
9,-42,-843
-105,11,-972
-19,113,-1077
-5,107,-1208
48,15,-1184
-85,-7,-1052
37,11,-903
9,33,-868
11,-66,-853
-107,15,-958
-40,101,-1063
-25,122,-1175
13,15,-1188
-91,0,-1059
37,-17,-917
19,39,-884
37,-74,-872
-93,17,-936
13,62,-1073
-17,152,-1210
58,9,-1192
-101,-5,-1048
87,-21,-913
3,23,-892
31,-72,-845
-95,13,-954
-21,76,-1050
-19,140,-1190
37,31,-1192
-74,-5,-1067
31,9,-923
40,25,-903
46,-50,-864
-101,-13,-938
11,66,-1016
-31,130,-1192
25,62,-1192
-48,-19,-1067
42,15,-929
25,15,-880
54,-48,-847
-93,-3,-933
15,64,-1018
-46,122,-1177
15,76,-1198
-35,-21,-1083
0,13,-946
21,27,-905
37,-56,-876
-78,-21,-929
-25,56,-1015
-58,121,-1155
13,111,-1194
-27,-27,-1097
-5,-9,-972
29,5,-907
27,-37,-866
-76,-15,-911
-13,25,-1005
-66,146,-1161
13,83,-1206
-13,-21,-1095
-33,0,-964
27,29,-905
31,-50,-874
-68,-19,-909
-48,31,-995
-54,105,-1143
0,130,-1186
11,-21,-1118
-44,-3,-977
39,9,-923
42,-15,-874
-35,-35,-888
-40,39,-977
-33,97,-1134
9,124,-1190
33,-27,-1138
-54,0,-999
66,0,-899
33,-17,-866
3,-37,-894
-64,42,-995
-33,107,-1124
13,132,-1202
39,-31,-1149
-64,7,-1003
68,9,-909
29,1,-888
13,-48,-892
-68,19,-983
-17,95,-1093
0,146,-1188
42,-13,-1161
-68,7,-1034
66,-3,-905
33,-3,-870
21,-44,-880
-85,35,-970
-13,99,-1095
-17,134,-1196
56,-17,-1177
-87,0,-1028
56,9,-913
17,5,-884
25,-33,-878
-87,9,-974
-15,91,-1075
-27,136,-1165
39,15,-1171
-97,-3,-1040
58,15,-911
3,3,-890
44,-54,-878
-119,11,-966
-27,76,-1052
-33,138,-1177
42,19,-1186
-91,-1,-1061
35,19,-919
1,3,-897
56,-62,-870
-103,9,-956
-17,87,-1034
-35,130,-1190
21,33,-1180
-66,-21,-1059
25,27,-915
48,21,-907
46,-54,-866
-93,-11,-958
-13,64,-1042
-52,132,-1169
27,44,-1182
-56,-7,-1085
7,19,-927
35,3,-913
50,-46,-854
-97,-13,-927
-23,54,-1032
-68,138,-1171
23,39,-1194
-74,-7,-1067
1,1,-956
7,1,-917
37,-48,-854
-72,1,-931
-9,58,-1015
-39,64,-1153
-269,54,-1220
-107,-17,-1013
-374,140,-907
-439,-72,-901
-685,-44,-956
-952,37,-993
-1182,101,-1028
-1124,-3,-1126
-981,62,-1138
-1163,204,-1081
-1239,-54,-940
-1303,-169,-849
-1159,-74,-843
-1335,181,-927
-1397,80,-972
-1284,-163,-1073
-1184,27,-1266
-1089,247,-1190
-1397,175,-1077
-1098,-236,-870
-1087,-244,-977
-1057,337,-952
-1229,134,-1050
-1042,-160,-1048
-944,-156,-1251
-763,349,-1196
-1032,263,-1036
-815,-261,-837
-728,-316,-931
-724,253,-909
-899,251,-946
-979,-74,-1065
-730,-224,-1321
-802,281,-1290
-1206,298,-954
-1130,-257,-821
-985,-372,-954
-1165,162,-929
-1534,382,-835
-1344,-119,-970
-1231,-322,-1303
-1319,249,-1239
-1745,400,-909
-1282,-245,-771
-1200,-331,-970
-1290,107,-897
-1745,542,-825
-1352,-318,-1005
-1169,-185,-1333
-1210,216,-1344
-1657,448,-997
-1216,-263,-796
-917,-431,-927
-1020,220,-974
-1458,437,-821
-1145,-134,-905
-958,-345,-1356
-1075,220,-1389
-1438,452,-1013
-1268,-185,-804
-995,-560,-1059
-1249,343,-1081
-1462,271,-761
-1462,66,-894
-1300,-400,-1331
-1268,115,-1495
-1686,542,-948
-1411,-203,-757
-1220,-560,-1108
-1278,220,-915
-1588,310,-704
-1620,25,-851
-1245,-472,-1387
-1262,245,-1444
-1647,548,-1069
-1481,-273,-808
-1212,-302,-976
-1473,310,-1102
-1690,91,-679
-1590,-48,-890
-1212,-308,-1243
-1374,386,-1508
-1460,269,-952
-1280,-156,-765
-991,-179,-962
-1149,85,-958
-1456,40,-784
-1223,-64,-782
-880,-42,-1344
-1093,491,-1383
-1532,78,-1247
-1467,-214,-784
-1169,-441,-1026
-1157,329,-878
-1586,183,-839
-1497,-150,-802
-1235,-245,-1198
-1030,331,-1419
-1401,349,-1007
-1540,-234,-915
-1450,-378,-819
-1233,175,-1020
-1596,78,-687
-1676,242,-1118
-1276,-421,-1059
-1423,263,-1555
-1708,437,-1179
-1460,-294,-858
-1352,294,-858
-1335,-862,-903
-1520,839,-825
-1212,-372,-808
-1221,46,-1262
-1307,177,-1389
-1395,353,-1177
-1132,-210,-890
-1079,-144,-903
-1264,-39,-905
-1382,160,-936
-1175,39,-915
-1598,156,-1200
-1190,-113,-1374
-1378,17,-1200
-1456,353,-876
-1503,-521,-753
-1333,290,-931
-1547,-378,-772
-1725,667,-981
-1389,-769,-1122
-1344,392,-1432
-1290,191,-1063
-1342,220,-1007
-1212,-380,-886
-1348,-121,-749
-1106,433,-995
-1522,-357,-899
-1266,0,-1190
-1204,-85,-1229
-1547,1059,-1274
-1266,-761,-854
-1087,-54,-976
-1188,-66,-888
-1214,236,-753
-1282,15,-1003
-1020,-111,-1018
-573,160,-1436
-1106,312,-1171
-964,-121,-995
-620,-292,-987
-683,85,-774
-550,329,-870
-1161,-130,-895
-589,-368,-1204
-599,474,-1473
-499,318,-954
-474,-474,-989
-140,236,-882
-306,-136,-919
-310,507,-712
-552,-730,-970
-140,212,-1016
-158,169,-1286
-396,624,-1292
-103,-499,-1130
-257,80,-895
-134,212,-927
-134,-220,-683
-189,-204,-935
-72,11,-1016
-236,696,-1241
62,-203,-1128
-300,-386,-1071
-163,201,-835
-160,109,-874
-419,230,-915
-189,-589,-825
-201,341,-1011
-302,476,-1339
-111,-204,-1317
-109,-11,-1034
-179,74,-847
-413,-66,-905
-169,66,-847
-318,-283,-866
-331,456,-987
-240,-29,-1350
-158,-156,-1167
-417,361,-1085
1,191,-788
-85,-234,-968
-298,-290,-856
113,50,-696
-173,425,-1077
-105,-247,-1417
-15,486,-1024
-132,-448,-1097
-210,189,-1016
185,-318,-911
140,439,-759
-150,-66,-845
25,-273,-1048
25,214,-1212
105,146,-1231
-128,150,-1216
-113,-154,-960
-128,-322,-929
29,158,-714
-212,169,-829
-54,355,-1032
-195,-195,-1198
121,355,-1126
-210,15,-1237
-50,89,-1001
-197,66,-823
146,-324,-765
-156,406,-853
122,-234,-979
-226,595,-1175
156,-501,-1290
-93,238,-1229
40,-183,-981
-195,87,-827
113,-179,-878
-121,-19,-872
-58,279,-968
-199,70,-1085
-7,290,-1362
128,-152,-1157
-257,197,-1054
146,-208,-874
-165,162,-952
19,-452,-925
-230,482,-880
-128,-87,-1124
-97,322,-1262
56,-251,-1233
11,70,-890
99,281,-733
181,269,-831
103,-597,-956
21,372,-962
-33,-46,-1026
167,85,-1210
-93,175,-1458
-5,-103,-966
-31,-124,-942
-138,-15,-802
201,64,-854
-294,-87,-915
-109,58,-1122
-128,283,-1091
-62,-212,-1206
-148,-40,-944
-11,39,-897
-89,-1,-708
78,-400,-942
-111,206,-952
70,-31,-1073
-72,351,-1259
138,-261,-1157
-126,201,-1028
60,-136,-958
185,253,-769
-27,-204,-819
-111,421,-1016
156,-181,-1026
-162,333,-1212
7,-220,-1243
54,142,-1079
7,-122,-897
-15,-111,-843
148,31,-944
91,19,-843
-119,251,-1087
48,-17,-1182
56,261,-1290
1,-140,-1018
165,160,-819
62,9,-806
27,-42,-907
1,-158,-944
-39,78,-991
-11,177,-1186
33,-21,-1339
-103,81,-1069
-60,37,-862
48,78,-890
58,-56,-892
-11,-156,-798
-105,429,-1071
-107,224,-1147
99,-89,-1260
-27,144,-1098
-58,-181,-968
-17,-80,-862
183,-240,-757
-220,245,-991
-44,171,-1052
-64,191,-1081
13,19,-1286
7,-64,-1145
-201,-13,-946
23,150,-788
179,-294,-897
-204,15,-995
48,148,-995
-140,105,-1030
165,25,-1278
87,-85,-1216
-46,162,-866
181,-3,-726
-191,-66,-1239
-13,29,-712
-152,-19,-942
-25,448,-1171
60,-66,-1309
62,-189,-1108
50,-31,-933
-37,-19,-872
156,-40,-993
-56,60,-819
-74,-111,-901
-89,429,-1147
111,-39,-1259
-97,152,-1097
136,-234,-903
-21,199,-927
70,-152,-851
203,-31,-958
-136,232,-854
-54,-29,-1145
76,162,-1247
152,-15,-1204
-171,5,-933
154,-150,-792
97,261,-1048
33,-204,-843
-160,109,-925
146,142,-977
72,35,-1315
-68,-35,-1208
-25,-91,-854
195,48,-884
-146,-165,-968
-7,175,-952
-111,146,-833
25,271,-1235
-15,-23,-1229
56,-173,-954
81,72,-884
124,-189,-876
9,203,-993
9,99,-868
-27,103,-1061
-109,185,-1255
146,-162,-1264
-11,136,-995
0,-80,-927
-33,-19,-880
140,-140,-956
-201,493,-837
-224,15,-917
150,3,-1106
46,-9,-1333
179,158,-989
31,-128,-958
68,83,-888
146,-146,-878
1,122,-938
-226,13,-999
-238,144,-1266
226,-99,-1268
-208,-9,-1097
-76,5,-765
187,-89,-913
35,62,-901
-23,-109,-843
-33,177,-1032
-191,21,-1216
85,-29,-1229
-11,119,-1067
-122,162,-765
103,-136,-827
40,119,-989
0,142,-925
-70,-3,-925
136,167,-1165
-42,-60,-1399
-78,29,-993
-105,-72,-798
150,109,-864
3,-39,-1065
35,64,-835
-23,251,-981
126,37,-1130
25,70,-1341
-39,25,-1102
-7,-242,-890
-19,162,-913
21,-62,-1001
-39,-95,-944
-173,312,-911
-19,154,-1016
142,-402,-1331
52,288,-1212
-58,-29,-732
97,-329,-1042
150,177,-1009
-93,80,-827
167,-115,-784
-230,345,-1251
27,-87,-1231
72,-134,-1169
-72,228,-976
-46,-138,-772
-31,322,-874
154,-138,-851
-193,31,-1016
93,275,-897
-148,-169,-1417
204,46,-1194
107,134,-948
-7,80,-730
29,-154,-1054
126,-33,-927
-222,15,-860
5,85,-1071
-97,-31,-1317
-44,177,-1247
95,-54,-894
-142,156,-825
245,-169,-800
115,-35,-1013
-148,95,-1015
9,-31,-1048
-54,226,-1179
80,-148,-1378
-78,-11,-876
-160,80,-802
199,-107,-851
-44,46,-1052
-113,204,-868
39,-304,-1038
-85,771,-1245
214,-552,-1180
-134,292,-950
156,-253,-915
-46,29,-825
111,-95,-942
191,128,-985
-124,146,-999
-177,15,-1079
85,160,-1352
-19,-109,-880
-146,134,-886
119,-3,-798
150,-27,-1034
126,296,-796
-189,39,-1005
185,204,-1145
52,-64,-1415
-5,13,-946
95,-179,-905
-66,136,-927
25,9,-970
-64,-33,-876
-101,331,-956
-95,-113,-1186
-179,165,-1446
144,-191,-999
99,58,-897
101,-113,-812
33,119,-890
269,60,-1040
-95,121,-925
-105,-255,-1173
122,11,-1366
-230,72,-1188
3,39,-722
-113,126,-784
7,60,-1065
-54,310,-892
76,-111,-909
-197,197,-1151
68,-9,-1450
269,31,-1009
-238,-115,-923
208,-68,-794
-163,56,-1046
122,-109,-815
-376,93,-1210
48,99,-1015
-99,-117,-1268
124,394,-1081
-177,-115,-966
54,-76,-767
-60,204,-1013
167,-130,-899
-277,359,-962
152,-83,-985
-169,60,-1325
247,183,-1139
-25,-337,-831
150,286,-819
42,-70,-1052
40,115,-892
-109,-25,-921
-163,121,-1134
89,109,-1188
85,-66,-1175
-179,-17,-958
66,-81,-849
228,-103,-962
-171,337,-812
48,-134,-976
9,230,-1093
-111,-27,-1202
-39,46,-1278
-64,15,-1013
21,-138,-776
-87,-80,-890
-7,142,-1087
150,-72,-892
-228,189,-976
66,203,-1239
-33,-245,-1241
-21,269,-919
15,-265,-794
-138,271,-915
42,-142,-905
39,406,-862
42,136,-948
-232,15,-1335
197,-25,-1225
101,-29,-981
62,-89,-823
191,-140,-1009
189,195,-907
-39,5,-931
-1,35,-1022
-81,404,-1102
66,-441,-1196
97,411,-1036
124,-462,-874
-83,302,-962
117,-247,-1009
76,-31,-981
-60,9,-884
-345,406,-1188
83,-355,-1225
-171,478,-1091
-11,-267,-812
-44,273,-882
179,-267,-1083
29,165,-845
-17,134,-915
122,29,-1177
-21,259,-1231
-52,-224,-1073
85,111,-747
87,31,-964
122,-70,-917
-33,117,-907
11,-74,-1097
156,322,-1116
-288,-171,-1214
-54,0,-1122
-154,-111,-1081
-89,361,-757
87,-366,-915
58,265,-976
-193,95,-911
406,150,-1005
-222,39,-1311
60,-245,-1175
-60,230,-812
54,-185,-946
111,132,-880
23,31,-964
-181,298,-981
121,-29,-983
-33,142,-1380
134,74,-1075
-113,-222,-968
195,72,-759
-1,93,-1038
259,105,-895
-122,5,-878
66,-31,-1097
-97,64,-1241
214,5,-1132
-74,21,-956
-70,-236,-882
-9,160,-1009
78,70,-915
15,27,-1059
-273,238,-925
-197,-33,-1231
329,283,-1106
35,-167,-1028
-54,101,-884
146,-173,-899
236,-50,-1057
158,122,-849
-279,128,-1038
78,5,-1167
-236,103,-1239
201,5,-1009
-437,11,-880
68,5,-1013
148,80,-808
-296,173,-1036
247,175,-862
-93,-56,-1177
74,185,-1098
17,-318,-1138
42,165,-874
-44,-105,-868
103,218,-927
251,-95,-987
-283,357,-1038
101,-242,-1085
-72,224,-1245
146,-37,-1210
-117,-15,-780
154,-31,-936
81,23,-909
-107,83,-1079
232,-107,-821
-255,201,-1124
89,-66,-1220
103,138,-1188
-44,-318,-909
-167,226,-981
93,-175,-894
-105,-11,-1034
27,148,-870
-179,126,-1110
58,501,-1022
66,-683,-1223
-154,470,-1028
175,-283,-772
-15,353,-977
162,-392,-1056
-199,392,-1081
111,-52,-815
-267,230,-1167
128,-117,-1260
-134,-66,-1180
42,-74,-720
-103,-99,-929
234,296,-864
-40,13,-911
-54,107,-991
74,162,-1155
-134,81,-1118
193,-80,-1122
-218,-251,-905
-29,216,-843
85,-3,-901
372,-48,-1042
-366,310,-977
318,-132,-1112
-179,349,-1255
68,-468,-1208
-9,251,-819
80,-269,-812
-191,232,-1024
212,-60,-1032
31,181,-880
-183,-68,-972
121,-19,-1188
91,185,-1292
-156,-31,-796
-191,-212,-958
152,335,-1034
-115,78,-890
201,13,-849
-1,15,-1210
-7,462,-1157
-165,-347,-1124
130,117,-1097
-138,-281,-858
-85,406,-759
218,-493,-981
-109,450,-999
363,-97,-802
-349,445,-1190
199,76,-1337
154,-306,-1136
-208,111,-786
160,-80,-974
27,39,-1042
74,11,-886
-269,117,-1022
13,300,-1210
68,-290,-1190
58,-95,-1075
203,-99,-981
-105,35,-847
148,-81,-974
-97,392,-968
0,-89,-935
-224,228,-1067
156,122,-1198
-216,-83,-1218
347,-99,-872
-220,121,-851
199,58,-935
91,-105,-979
-156,64,-938
148,265,-983
39,-99,-1218
132,322,-1169
335,-562,-977
-347,517,-976
372,-593,-802
-240,204,-1075
-44,169,-925
-204,78,-1007
-111,216,-1147
-89,-80,-1145
224,81,-1102
-244,-204,-790
72,150,-983
83,-66,-940
-134,216,-1077
158,374,-808
-488,-52,-1095
152,281,-1165
-50,-54,-1198
-162,-222,-847
226,-222,-921
76,271,-913
146,152,-823
-78,89,-929
-320,351,-1114
242,-150,-1194
-372,204,-1130
277,-347,-970
21,58,-913
302,80,-940
-9,80,-878
181,0,-989
-74,64,-1054
-236,115,-1300
160,-255,-1132
-189,33,-1102
146,-27,-858
128,290,-868
244,-115,-851
-105,-33,-1028
-3,199,-970
-277,76,-1202
91,169,-1139
-179,-236,-1028
314,83,-948
37,-154,-753
-78,-72,-1048
263,204,-929
-275,46,-977
148,255,-1073
-175,-37,-1134
-128,91,-1159
214,-74,-987
35,-183,-915
-83,-33,-1009
351,298,-882
83,-208,-1018
-187,255,-979
-64,40,-1245
156,29,-1138
-318,-142,-1091
97,-218,-987
-70,388,-813
447,136,-983
-208,68,-870
11,89,-1122
134,0,-1089
-314,117,-1257
21,-244,-993
253,-21,-919
146,128,-880
-122,-105,-1013
304,187,-952
-21,-66,-913
-66,-89,-1036
9,160,-1262
56,146,-1184
-175,156,-993
-187,-48,-886
175,11,-948
50,126,-876
-35,-212,-942
163,230,-1024
-107,218,-1167
-226,167,-1102
89,-234,-1108
9,40,-952
-165,-234,-817
359,304,-899
312,187,-1061
-489,-56,-995
72,361,-1016
21,-70,-1243
-253,-50,-1106
111,-472,-993
-232,5,-960
87,474,-882
571,142,-813
-253,-15,-1122
78,-64,-849
-5,296,-1212
-121,-9,-1249
-107,87,-1016
374,-64,-964
-320,-17,-936
-1,-29,-895
411,-134,-968
-374,325,-1085
-173,-265,-972
105,156,-1204
50,206,-1009
203,-115,-915
216,-56,-894
-288,81,-1079
458,-99,-921
-165,140,-1007
-245,15,-1061
-21,185,-1052
-70,89,-1198
-183,85,-878
585,-345,-966
-175,-11,-1007
31,-29,-921
327,154,-880
-257,353,-1061
-58,37,-989
380,195,-1204
-138,-95,-1075
-46,-382,-1003
277,39,-1009
-140,-132,-979
-83,56,-886
-224,290,-1098
-93,89,-999
132,-50,-1116
60,-152,-1214
-158,-74,-936
388,-31,-977
-325,517,-991
-130,-163,-1034
3,-160,-895
-15,68,-917
15,1,-911
5,111,-1255
0,158,-1063
-363,173,-944
48,275,-1003
167,-117,-972
105,-33,-940
-11,-85,-964
-74,1,-1112
-85,390,-1102
130,-37,-1059
68,-60,-1122
158,54,-739
7,-347,-1091
97,-154,-1020
-56,150,-954
72,101,-1018
-134,409,-1013
-19,154,-1255
128,-136,-833
-113,13,-1034
284,-327,-1091
-204,212,-1079
335,142,-737
0,27,-1075
93,216,-915
-68,-11,-1079
33,-156,-1114
-203,-296,-1061
-19,-138,-1013
-222,374,-923
206,349,-864
216,197,-936
-115,-181,-1063
-111,56,-958
70,-19,-1342
-97,87,-997
-220,-165,-1038
21,423,-968
78,39,-784
179,-351,-1052
-247,-13,-991
304,-87,-870
-136,292,-1202
-162,333,-1173
312,-27,-905
-181,15,-1104
-230,-70,-901
-29,-197,-1038
265,-44,-870
-56,80,-1003
35,150,-1022
-177,150,-1024
183,-109,-1028
-242,126,-1046
142,-240,-981
171,89,-948
48,-122,-1024
324,269,-919
-183,275,-925
-23,376,-1134
-271,-107,-1171
-236,-351,-1052
236,42,-925
0,-109,-1073
93,452,-936
290,-193,-812
70,238,-913
-124,-103,-1048
89,-74,-1138
-255,206,-1151
60,-244,-1057
-146,318,-1044
-265,322,-862
281,-286,-839
-158,115,-1128
224,-136,-940
-78,-126,-989
-64,7,-1239
281,163,-1128
296,509,-853
-60,-140,-964
163,-124,-1116
218,-347,-876
78,-60,-923
-35,316,-1122
-1,247,-1089
269,197,-1034
527,253,-1122
152,-329,-960
437,-89,-802
52,-228,-1128
681,119,-1009
644,415,-874
784,368,-827
728,13,-1098
1520,-154,-983
1428,-19,-1104
1095,101,-1179
1374,-148,-966
1504,-60,-993
1397,-226,-1100
1097,441,-759
1278,-238,-886
1401,240,-1284
1081,40,-1182
1186,228,-813
1571,329,-976
919,-413,-1003
1212,-265,-866
956,-37,-868
751,327,-1155
1102,302,-925
1177,-109,-872
607,-46,-1001
1138,-173,-1141
661,-220,-1151
788,124,-1026
1186,191,-1005
675,661,-1132
847,575,-1001
1356,-407,-849
1153,-226,-1167
1132,-312,-1143
1063,-95,-771
1434,216,-1179
1151,-37,-1098
1282,201,-745
1491,146,-833
1110,9,-1130
1192,439,-913
1327,-261,-1235
1145,357,-1161
1413,-42,-1104
1239,-195,-1059
1395,-19,-974
1065,-40,-894
1460,-374,-839
669,406,-958
1136,214,-1093
1214,21,-976
1114,253,-1245
1323,-201,-933
956,187,-919
1930,-251,-868
1346,134,-985
1389,-37,-821
1303,204,-1155
1233,245,-1225
1434,-283,-1151
1138,54,-1097
1167,140,-837
1633,91,-1007
1421,-242,-864
1059,310,-851
1462,169,-794
899,150,-1231
1682,-308,-976
1044,111,-1034
1464,343,-958
1005,251,-1057
1905,-66,-899
1348,177,-892
1173,19,-1165
1590,-240,-948
1311,-42,-1128
1469,25,-1122
985,409,-1026
1426,-83,-905
1350,-306,-946
1440,173,-1007
1581,333,-979
1067,89,-979
1626,-206,-858
1257,314,-1192
1446,154,-977
1282,-232,-936
1339,-396,-1024
1262,325,-1085
1504,497,-1005
1221,5,-895
1733,-532,-897
1284,-13,-1177
1257,269,-1122
1405,308,-892
1237,-15,-1206
1335,0,-983
1235,130,-895
1438,74,-1046
1335,-283,-895
1413,-64,-897
1290,236,-1013
1387,394,-1149
1503,23,-989
1290,224,-1038
1522,-189,-1048
1180,-206,-1098
1713,-124,-921
1073,388,-1067
1467,173,-899
1173,189,-917
1497,-31,-1042
1210,130,-1067
1147,177,-991
1428,-197,-962
1477,-134,-1036
1469,27,-1028
1268,271,-964
1696,87,-903
1423,-60,-972
1395,66,-985
1356,29,-1079
1350,11,-1208
1454,-5,-1087
1165,187,-985
1627,-238,-849
1184,15,-966
1680,-138,-872
1157,415,-913
1264,220,-1034
1382,-31,-1147
1333,-83,-1141
1307,99,-925
1180,-44,-899
1479,-185,-1028
1315,-183,-974
1048,286,-868
1059,404,-981
895,163,-1344
1165,-39,-1118
788,72,-997
1061,37,-936
956,37,-979
1149,-204,-977
862,54,-915
798,76,-964
845,185,-1057
812,-29,-1124
751,78,-1048
614,-68,-1026
821,-42,-968
669,101,-1054
583,128,-1005
491,42,-936
470,7,-1065
501,39,-1057
226,169,-1013
458,15,-981
245,-46,-1112
429,-124,-983
167,81,-903
201,15,-1015
228,56,-1003
222,-80,-981
228,99,-915
101,191,-1028
222,121,-1134
160,68,-1095
93,-74,-1018
111,95,-954
206,-5,-1071
269,-54,-1044
136,29,-866
314,-54,-892
117,206,-1071
203,111,-1075
74,136,-1032
138,-72,-999
236,40,-964
236,-35,-966
327,5,-946
220,-52,-954
187,50,-1011
165,177,-1013
93,140,-1120
185,44,-1098
162,-56,-1005
238,-48,-938
152,33,-933
177,-7,-1007
109,56,-977
72,-70,-1005
103,109,-989
80,87,-1061
195,3,-1091
91,-56,-1020
109,-9,-948
93,152,-981
154,-29,-1106
185,-17,-1069
115,7,-964
179,35,-952
54,201,-1075
70,-39,-1141
25,60,-1032
95,-13,-970
117,44,-948
124,-48,-1032
146,-25,-1057
87,25,-976
60,68,-948
25,206,-1024
35,64,-1138
134,9,-1075
74,21,-999
115,19,-913
3,15,-1052
-74,-85,-1085
-81,-27,-997
-119,-46,-979
-163,126,-927
-183,189,-1015
-197,101,-1071
-245,76,-1011
-150,-33,-929
-136,46,-979
-50,-46,-1075
-33,-39,-1057
-9,70,-913
-9,39,-960
-76,160,-1036
-33,-44,-1134
40,-17,-1075
7,29,-989
87,60,-933
97,62,-1015
50,-39,-1093
156,11,-944
46,23,-905
175,70,-995
62,107,-1095
117,19,-1075
56,9,-938
70,15,-905
101,58,-1011
111,-27,-1024
148,-58,-1032
93,39,-913
58,91,-977
-19,222,-1083
33,-33,-1139
15,-50,-1063
46,9,-954
11,27,-940
15,91,-1036
-42,-72,-1108
15,33,-960
-23,31,-950
13,25,-1015
-3,78,-1108
-42,35,-1126
-15,117,-958
-35,107,-909
21,-40,-1048
7,-66,-1079
7,-74,-1087
-50,76,-936
-44,15,-948
-66,148,-1089
-42,103,-1126
11,29,-1011
-11,35,-933
-40,-23,-977
-1,-9,-1054
-52,56,-1061
33,-66,-977
-3,17,-890
-54,91,-976
-46,91,-1106
-70,13,-1077
0,-15,-979
-3,37,-919
3,58,-1003
-3,29,-1083
-52,-19,-1071
68,-42,-911
-17,29,-944
-23,31,-1034
-7,121,-1085
-29,40,-1069
-17,5,-958
21,-13,-917
52,-40,-1054
0,44,-1110
19,1,-993
21,27,-915
-35,107,-987
3,-11,-1110
23,91,-1069
7,29,-1032
0,60,-929
-9,-13,-995
23,7,-1075
19,40,-1054
66,-29,-974
-5,33,-931
-78,35,-1030
-9,35,-1114
33,117,-1042
19,46,-966
-17,52,-958
-48,-15,-1048
7,-3,-1069
25,44,-1009
35,-37,-958
-3,3,-938
-64,19,-1057
-27,115,-1112
-11,105,-1026
70,-62,-933
0,15,-966
-58,-35,-1067
-15,72,-1061
33,60,-1011
19,-31,-933
-5,35,-964
-85,48,-1083
19,130,-1112
7,165,-977
35,-68,-933
-29,-3,-991
-23,7,-1067
-25,105,-1069
11,15,-993
11,-76,-933
-23,3,-960
-60,121,-1116
-40,195,-1104
3,23,-974
62,-50,-905
-37,29,-1005
-23,3,-1069
-40,183,-1059
27,-54,-1007
25,-64,-909
-11,39,-940
-81,21,-1130
-11,232,-1073
9,-39,-981
13,-44,-897
-5,74,-993
-13,-58,-1067
-3,177,-1052
37,-76,-1007
-19,-74,-927
-27,85,-950
-64,31,-1122
50,220,-1093
0,-46,-970
23,-78,-917
-29,111,-997
-23,-29,-1079
39,162,-1048
23,-138,-1003
-1,-56,-946
-60,109,-952
-29,83,-1120
35,212,-1087
-9,-105,-995
21,-31,-905
-39,80,-1016
15,80,-1075
-23,68,-1054
76,-109,-1022
-58,-54,-948
-7,9,-972
-40,228,-1085
3,85,-1104
15,40,-993
-66,-160,-948
62,81,-995
3,156,-1050
-11,60,-1093
-3,52,-1005
-39,-253,-958
48,68,-911
-21,122,-1095
-5,232,-1087
-33,-19,-1018
-9,-117,-936
19,-52,-981
50,179,-1003
-68,74,-1081
29,58,-1061
-46,-204,-954
40,-52,-899
-42,271,-1032
-39,142,-1141
33,93,-1007
-25,-214,-958
95,1,-938
-81,175,-1069
-3,115,-1059
-1,-39,-1081
29,-187,-936
-3,-56,-936
-62,290,-1005
-19,124,-1108
29,52,-1075
-7,-142,-944
7,-62,-942
-29,245,-1015
15,83,-1054
-15,-1,-1110
29,-132,-952
-56,-80,-925
-3,128,-985
-23,265,-1122
9,-15,-1079
-7,3,-944
21,-208,-966
-3,204,-991
13,136,-1069
-58,97,-1087
48,-158,-1020
-21,-119,-892
-1,66,-946
3,314,-1081
-62,99,-1128
48,-113,-966
-46,-48,-936
40,-35,-958
-56,331,-1059
-1,15,-1073
-15,-64,-1061
17,-130,-931
-17,7,-927
-66,181,-1100
23,119,-1089
-27,15,-1042
76,-124,-878
-5,40,-981
-9,70,-1015
-68,236,-1050
0,-95,-1091
33,-130,-936
-23,-9,-899
-56,46,-964
-40,347,-1124
17,21,-1067
23,-122,-962
9,-13,-970
0,81,-1003
-7,201,-1034
-48,64,-1124
-5,-162,-1063
21,-25,-921
0,-3,-927
-62,187,-1087
-11,165,-1126
-17,-109,-1040
17,-46,-897
46,-29,-993
-74,74,-1020
-19,201,-1081
-46,-62,-1093
35,-169,-954
-44,5,-897
-48,-7,-950
-19,245,-1134
11,66,-1085
0,-111,-925
11,-21,-919
50,0,-1001
-74,136,-1048
-23,210,-1042
0,-91,-1044
31,-136,-903
-50,54,-936
-81,103,-1050
-17,261,-1118
37,35,-1034
0,-87,-890
13,-11,-997
17,156,-1028
-48,117,-1052
-48,175,-1075
68,-160,-1061
-3,-83,-909
-13,50,-927
-74,249,-1102
76,144,-1130
31,-70,-989
39,-119,-915
56,64,-1020
-27,76,-1038
-66,130,-1067
15,11,-1067
48,-185,-1009
-27,-50,-899
-54,31,-946
-50,206,-1167
7,171,-1061
25,-105,-938
-13,-56,-925
15,27,-1034
-52,216,-1032
-46,87,-1005
21,25,-1085
33,-193,-997
9,-21,-901
-46,80,-1005
-33,158,-1165
42,81,-1081
40,-111,-895
0,-44,-987
-11,42,-1028
-85,204,-1009
-89,103,-1011
-31,1,-1061
33,-169,-931
-23,-40,-856
-35,117,-995
-35,136,-1139
7,54,-1054
33,-95,-917
56,-39,-1024
-7,117,-1032
-39,185,-1052
-80,81,-1056
54,-3,-1085
60,-156,-958
-23,-87,-870
-23,91,-1007
-33,273,-1136
-3,70,-1057
15,-42,-968
58,-56,-999
21,44,-993
-1,140,-1018
-46,66,-1071
0,21,-1065
11,-89,-977
-39,-33,-915
-27,124,-987
1,167,-1132
3,39,-1018
66,-52,-972
-11,-97,-977
-37,83,-970
-58,179,-1026
-44,80,-1083
-11,-29,-1056
13,-60,-1009
-17,-115,-911
-39,76,-995
-62,275,-1116
13,35,-1054
21,-72,-991
21,-68,-958
37,-31,-968
-54,189,-1018
-76,115,-1077
-25,3,-1038
13,-48,-1036
25,-117,-938
-17,0,-946
-35,199,-1059
-3,154,-1091
-19,-25,-995
56,-89,-977
27,-39,-997
-60,165,-987
-39,101,-1044
-21,81,-1067
9,-27,-1009
48,-91,-987
-21,0,-976
-54,31,-1016
1,199,-1122
-3,72,-1028
25,-105,-972
-13,-5,-968
-13,-31,-974
-33,140,-1030
-66,203,-1050
29,-5,-1057
-25,-44,-1011
7,-128,-940
11,5,-970
-25,267,-1065
27,74,-1073
-5,-33,-974
33,-109,-1003
17,35,-987
-54,74,-1022
-72,103,-1057
-42,160,-1056
52,-50,-1009
9,-89,-964
-27,-78,-972
11,93,-1030
-13,257,-1063
1,1,-1061
-9,-15,-944
56,-119,-1015
-46,124,-989
-74,23,-1020
-60,220,-1073
1,97,-1032
-5,-87,-993
-19,-101,-942
11,-9,-1007
-21,208,-1036
-46,122,-1056
11,80,-1001
62,-74,-958
11,-68,-966
-76,39,-1032
-35,177,-1038
-37,140,-1042
-31,9,-1018
-13,-37,-1001
42,-128,-981
-64,5,-981
-35,121,-1057
3,224,-1071
5,-97,-987
-37,-70,-948
68,-35,-1044
-66,134,-1016
-78,29,-1024
-11,195,-1067
62,-31,-1018
-33,-89,-989
70,-81,-1007
21,81,-970
-7,52,-1042
1,238,-1071
68,-85,-976
-68,-105,-942
9,-13,-1036
-25,160,-1020
-42,68,-1015
9,185,-1063
68,-39,-1018
-46,-158,-989
54,-66,-993
-25,60,-972
-25,169,-1052
33,222,-1110
13,-40,-1005
-3,-124,-995
56,9,-1032
-52,58,-1015
-17,183,-1028
-27,140,-1015
-80,-25,-1016
31,-87,-1056
3,-107,-960
-39,58,-995
54,232,-1067
-70,99,-1018
-3,-7,-1015
19,-76,-966
-78,-60,-952
40,169,-1085
-15,124,-1018
-52,60,-979
39,19,-1050
-42,-81,-1013
13,-107,-960
-48,-11,-977
-25,204,-1040
13,111,-1026
-44,74,-1032
99,-64,-966
-33,-85,-952
-50,62,-1083
37,130,-999
-89,134,-1001
35,37,-1009
-11,-78,-1054
31,-109,-1048
-25,-40,-923
9,206,-1069
15,156,-1018
-46,7,-1005
72,-60,-1044
-70,-70,-936
5,25,-1056
-25,87,-1028
-5,175,-1009
11,11,-952
-29,54,-1065
85,-105,-1028
-39,-115,-999
27,111,-995
-50,126,-999
56,181,-1083
-48,-56,-929
81,21,-1054
-44,-3,-958
-17,23,-1065
11,99,-1016
-52,134,-999
56,37,-976
-48,-35,-1075
101,-91,-1030
-66,-83,-931
40,206,-1059
-78,138,-958
126,128,-1089
-130,-40,-923
74,3,-1081
-156,-81,-940
78,103,-1089
-9,70,-972
-1,214,-1052
-52,11,-923
46,-54,-1153
-35,-169,-946
48,19,-983
-50,191,-972
48,187,-1067
-83,-56,-1005
21,-5,-1056
19,-66,-936
5,40,-1052
-81,39,-970
25,105,-1065
-87,91,-960
56,54,-1018
-21,-76,-1065
31,-95,-1026
-52,-29,-935
-9,222,-1032
-42,134,-999
9,-17,-1081
-64,-54,-997
111,-78,-1030
-58,70,-970
44,76,-991
-25,111,-1075
-56,124,-1015
9,7,-993
-21,-95,-1044
66,-93,-999
-54,37,-968
0,300,-1015
-1,148,-1034
9,-76,-1038
-9,-80,-985
33,-13,-1003
-7,54,-1030
-31,44,-976
-9,140,-1091
-29,130,-956
9,-64,-1009
-29,-91,-1057
66,-25,-1009
-21,80,-1005
-56,142,-938
17,173,-1112
-64,0,-991
52,-150,-1011
-37,-35,-1054
27,66,-950
39,11,-1005
-81,130,-1020
66,95,-1071
-37,13,-1011
-11,-136,-1007
33,-81,-1093
-72,72,-931
-5,134,-977
-42,244,-1085
29,-3,-1016
-21,-162,-1009
-27,-50,-972
23,50,-1034
-35,60,-1001
-60,130,-976
29,126,-1081
0,-31,-958
-23,-85,-989
62,-3,-1063
-1,-11,-985
-58,99,-972
9,232,-1007
-52,21,-1038
-3,-60,-1015
-7,-33,-1005
-44,-40,-995
21,130,-1009
-39,140,-983
-44,52,-1042
-19,91,-1059
-33,-31,-979
-9,-124,-1005
5,60,-1063
0,44,-991
-91,138,-993
15,201,-1061
-13,-80,-1032
11,-40,-1001
35,-60,-1067
-46,56,-993
52,173,-1022
-5,31,-1054
-19,64,-1052
-15,0,-1095
-29,-105,-991
5,-13,-1065
48,-29,-1083
-21,124,-1018
9,169,-1097
-21,1,-1075
-21,-50,-1155
74,-163,-1044
-50,5,-1077
89,117,-1126
0,95,-1038
-19,54,-1145
-1,-80,-1159
-87,-31,-1206
101,-169,-1225
-144,-80,-1274
99,144,-1380
3,15,-1333
-17,58,-1428
44,-42,-1432
11,-40,-1452
156,-115,-1481
-140,-50,-1415
95,124,-1491
-35,107,-1383
-5,-33,-1481
-78,-81,-1417
-66,-76,-1395
128,-150,-1311
-208,-101,-1313
78,-25,-1274
-78,37,-1233
50,-93,-1280
-93,-89,-1139
23,-132,-1235
-17,-148,-1116
15,-115,-1171
0,136,-1069
-35,-1,-1159
72,-111,-1044
-23,-146,-1104
-15,-19,-1091
5,-144,-1075
48,-68,-1044
62,-5,-1093
-39,78,-1102
25,-80,-1054
-48,-35,-1161
25,-80,-1167
-11,-11,-1145
-3,0,-1120
-39,33,-1190
-5,44,-1208
-17,95,-1169
-29,-128,-1204
-11,-52,-1257
-48,-35,-1276
35,-37,-1190
-9,-81,-1305
-72,56,-1266
-9,-68,-1309
39,-115,-1276
-68,-56,-1382
-27,-31,-1303
25,-64,-1339
-17,-27,-1329
-25,15,-1339
-5,-11,-1286
13,-50,-1305
-54,-128,-1362
-23,-33,-1282
23,-11,-1331
39,-72,-1229
-21,-27,-1300
5,9,-1249
-35,-58,-1259
99,-109,-1276
-33,31,-1280
37,-13,-1249
0,15,-1192
76,0,-1227
-39,68,-1229
-39,70,-1190
117,-115,-1231
-66,-23,-1231
11,99,-1268
-21,50,-1188
52,-9,-1227
-66,-35,-1260
31,11,-1239
7,29,-1319
-11,-33,-1278
-56,21,-1346
3,44,-1274
21,5,-1323
7,-25,-1309
-44,-37,-1352
-21,17,-1364
13,-48,-1319
-66,-70,-1294
-42,29,-1346
-21,-64,-1270
17,-107,-1296
-76,-81,-1329
-27,-103,-1325
-29,-44,-1335
-3,-144,-1311
-72,-68,-1300
35,-37,-1323
5,-66,-1294
62,-58,-1268
-56,-103,-1329
21,-56,-1260
76,-66,-1296
-35,-115,-1255
-5,-52,-1259
76,-91,-1290
15,-48,-1227
-25,-173,-1200
-48,-54,-1255
-19,-11,-1286
39,-29,-1298
-37,0,-1300
-23,-134,-1288
1,21,-1216
85,-5,-1280
-25,-21,-1298
-42,-39,-1311
119,-39,-1290
7,13,-1313
-56,-193,-1298
-46,-50,-1319
91,-27,-1331
-54,21,-1286
-15,-76,-1303
-50,-66,-1337
5,-11,-1356
-23,7,-1309
-27,7,-1307
-54,-146,-1303
13,-25,-1241
3,-27,-1305
-103,-5,-1309
-46,-122,-1339
40,3,-1257
3,-121,-1298
-78,-128,-1247
33,-117,-1323
27,40,-1280
-39,-13,-1264
29,-167,-1270
-3,-85,-1342
29,-66,-1311
-5,-11,-1329
46,-91,-1323
-62,-68,-1323
113,-40,-1284
23,56,-1292
9,-111,-1354
-81,27,-1315
165,-54,-1311
-39,-5,-1313
15,-191,-1319
-35,-9,-1354
101,3,-1372
-58,19,-1296
72,-220,-1317
-40,33,-1329
107,-83,-1346
-33,93,-1309
40,-232,-1380
-48,-7,-1309
130,-74,-1344
-80,70,-1329
76,-253,-1346
-66,-27,-1323
83,-58,-1337
-58,91,-1208
29,-273,-1364
-121,-11,-1325
11,-150,-1352
-46,144,-1235
-54,-179,-1364
-52,-54,-1270
-31,11,-1303
-17,189,-1223
-81,-54,-1298
78,-171,-1262
-113,-29,-1350
91,78,-1317
-66,111,-1300
111,-165,-1350
15,13,-1276
183,-150,-1309
-74,31,-1303
138,-331,-1383
-35,35,-1401
48,-179,-1382
-42,-58,-1210
13,-193,-1372
-39,-19,-1264
-103,33,-1268
-23,150,-1247
-91,-48,-1313
101,-232,-1301
-56,105,-1327
165,-124,-1307
-9,9,-1305
136,-245,-1300
-62,-29,-1331
23,-107,-1286
-81,-56,-1309
-66,-165,-1323
-54,-150,-1307
-1,136,-1235
27,-160,-1274
21,31,-1296
81,-85,-1344
5,13,-1364
3,-130,-1301
-21,-245,-1337
-44,-78,-1262
-64,3,-1294
-13,199,-1241
58,-81,-1333
23,-165,-1374
0,-76,-1331
21,-124,-1366
-93,-44,-1280
-11,-130,-1311
-25,130,-1276
-66,80,-1298
181,-87,-1298
-54,-25,-1374
74,-292,-1329
-93,95,-1335
-42,44,-1241
-64,-54,-1286
54,54,-1286
17,-44,-1344
46,35,-1335
-9,-165,-1352
-31,-171,-1301
-50,101,-1257
7,124,-1292
54,99,-1298
52,-101,-1354
33,-263,-1360
-62,0,-1303
-87,-31,-1257
40,95,-1257
5,81,-1346
130,-81,-1366
3,-35,-1311
-58,-78,-1284
-21,-163,-1262
80,81,-1307
-23,68,-1419
5,-50,-1364
-13,11,-1220
-113,-89,-1321
27,-39,-1249
-42,25,-1352
56,-197,-1358
-144,-50,-1321
-46,89,-1237
-29,9,-1280
46,-3,-1301
-11,-247,-1309
-29,-210,-1315
-80,64,-1260
-15,119,-1280
66,-70,-1354
-44,-85,-1257
-33,-210,-1313
-78,-19,-1266
-35,66,-1284
91,-136,-1350
-93,-64,-1266
-50,-144,-1188
-58,-5,-1305
76,-70,-1354
-80,-25,-1284
-1,-91,-1284
-60,-72,-1225
-1,-42,-1331
44,-97,-1339
-33,-37,-1329
13,64,-1231
5,-105,-1352
66,-76,-1331
-19,-31,-1286
21,-81,-1323
62,-136,-1362
-9,-7,-1319
78,-17,-1264
29,-138,-1333
13,-56,-1362
-50,-70,-1280
31,-83,-1298
0,13,-1307
-37,-144,-1286
-50,-33,-1303
-48,-1,-1282
11,33,-1280
-15,40,-1292
0,-160,-1311
-46,29,-1284
109,85,-1280
-42,-5,-1331
105,-150,-1288
-58,-74,-1278
23,42,-1266
-81,115,-1331
78,39,-1266
-89,85,-1231
46,-13,-1253
56,122,-1255
39,154,-1309
-9,44,-1188
11,13,-1196
-13,91,-1165
25,156,-1057
-66,21,-1180
-5,-85,-1028
-40,296,-966
78,195,-944
40,-13,-1005
-11,-68,-907
-72,76,-870
-19,171,-845
-54,271,-831
-37,29,-829
21,-70,-841
122,150,-784
15,216,-790
78,-13,-849
-87,101,-733
29,111,-761
-64,277,-819
204,121,-679
58,103,-751
171,-76,-696
-54,249,-583
-50,97,-599
-128,117,-503
62,35,-462
21,58,-597
-121,87,-552
-42,40,-462
-191,119,-501
-46,124,-458
-40,124,-507
160,-95,-595
-87,-39,-630
-35,-37,-636
-40,220,-689
15,212,-677
162,-50,-833
54,-29,-769
0,-31,-786
-111,214,-880
101,74,-817
140,-15,-876
-62,-64,-853
-103,83,-862
-146,163,-903
21,-74,-815
60,-183,-936
-126,72,-843
-130,48,-886
-23,183,-952
3,-72,-979
85,-257,-935
-167,124,-1108
-78,134,-1050
101,132,-1180
173,-193,-1169
1,-152,-1112
-13,257,-1038
169,165,-1071
257,-117,-1138
60,-158,-1202
-132,107,-1018
-13,415,-1167
89,113,-1093
58,-281,-1032
-232,-39,-1048
21,363,-866
103,199,-997
48,-17,-989
-181,195,-907
68,281,-927
148,-91,-899
3,-181,-819
-128,347,-798
191,454,-815
11,-21,-936
-42,-89,-792
-81,396,-876
169,218,-778
48,-288,-812
-93,327,-720
54,577,-753
146,-56,-829
-83,-91,-808
-97,634,-732
173,99,-778
-111,-353,-755
-78,337,-540
-37,665,-669
109,-253,-706
-210,271,-579
-7,413,-601
81,-189,-642
-132,-109,-525
-89,511,-493
39,-35,-648
-15,-121,-528
-148,542,-527
152,31,-671
-56,-203,-698
-62,429,-517
81,7,-722
72,-107,-650
-78,534,-597
126,-31,-735
-40,-134,-765
-66,480,-704
238,-204,-827
-136,113,-724
97,185,-691
37,-183,-782
-80,220,-751
40,218,-771
-33,-158,-874
-103,363,-778
103,-3,-843
-48,-66,-737
-50,212,-720
132,-244,-772
-121,226,-714
62,17,-804
25,-302,-874
-158,427,-862
177,-130,-901
-78,308,-802
78,25,-792
97,-402,-810
-39,263,-806
128,-195,-890
-40,245,-837
17,197,-905
113,-201,-851
-179,402,-751
232,-482,-866
-206,337,-716
136,46,-788
-66,9,-866
-136,544,-769
163,-386,-874
-152,605,-720
111,-382,-907
-87,206,-646
87,99,-798
27,-76,-796
-80,581,-733
183,-349,-895
-273,794,-610
337,-503,-831
-232,558,-591
189,-204,-790
-191,189,-650
144,325,-706
-27,-13,-757
-72,571,-536
95,-415,-771
-144,659,-491
150,-445,-737
-222,685,-511
212,-374,-786
-273,786,-486
273,-368,-817
-261,616,-536
167,-302,-808
-179,503,-605
224,-156,-735
-152,521,-607
171,-31,-823
-105,392,-648
119,-15,-817
-146,234,-716
197,-17,-737
-218,318,-694
163,195,-808
-197,339,-691
169,13,-825
-292,181,-677
249,-206,-858
-261,484,-687
253,-111,-899
-283,589,-601
366,-329,-905
-357,651,-650
427,-659,-931
-372,919,-595
460,-854,-1069
-491,1331,-519
523,-1036,-997
-499,1376,-534
472,-1294,-979
-374,1301,-528
302,-1009,-956
-255,1067,-566
158,-568,-819
15,488,-712
-167,83,-671
308,-331,-804
-353,886,-536
495,-1054,-954
-493,1424,-433
480,-1260,-935
-370,1346,-566
191,-815,-796
29,493,-655
-167,197,-589
349,-569,-866
-411,1200,-406
474,-1298,-913
-400,1434,-484
253,-972,-798
-27,618,-687
-247,263,-569
404,-669,-864
-472,1233,-486
376,-1087,-899
-269,1015,-610
42,-126,-683
154,-255,-901
-337,940,-513
325,-923,-903
-134,792,-687
-56,-13,-696
244,-427,-913
-320,1112,-579
244,-784,-882
-111,554,-819
-93,236,-609
197,-587,-915
-185,905,-616
78,-283,-749
25,-70,-911
-212,714,-599
204,-474,-765
-80,355,-868
-138,482,-538
210,-618,-878
-85,620,-718
-15,372,-491
222,-499,-1013
-181,808,-595
35,-171,-593
148,-226,-995
-134,872,-476
56,-175,-698
78,-138,-927
-113,849,-448
103,-181,-696
44,-117,-845
-89,700,-472
11,-134,-739
35,-44,-802
-52,749,-454
60,-42,-679
11,-253,-874
-85,673,-528
0,76,-622
72,-335,-839
-27,560,-597
0,404,-579
58,-417,-897
-58,324,-755
-44,482,-523
89,-263,-800
-5,50,-841
-15,568,-579
-11,56,-724
-21,-288,-954
-35,413,-692
-23,271,-566
27,-277,-927
-21,132,-841
-3,517,-581
-19,91,-733
-33,-327,-1001
-40,296,-720
-5,351,-528
40,-128,-856
-44,-107,-931
-31,308,-612
35,337,-573
0,-167,-882
-89,-199,-880
1,318,-538
56,310,-566
-23,-85,-866
-58,-130,-841
56,263,-564
62,351,-573
-72,-132,-888
-44,-152,-866
78,245,-571
68,333,-560
-21,-35,-833
-85,-181,-927
39,119,-648
136,386,-505
35,154,-747
-142,-195,-987
-46,-85,-827
119,257,-517
68,353,-636
-138,60,-958
-68,-263,-952
17,-31,-739
80,361,-636
70,392,-792
-122,-35,-976
-66,-361,-946
39,-70,-739
156,452,-700
-37,486,-835
-165,-7,-1005
-58,-361,-976
17,-128,-798
154,288,-745
39,482,-796
-99,91,-954
-113,-222,-1009
9,-259,-911
122,187,-827
60,488,-749
0,316,-870
-111,-31,-1038
-173,-365,-1040
29,-163,-884
197,283,-774
74,530,-794
-44,283,-952
-124,-81,-1046
-72,-310,-991
37,-169,-901
165,206,-823
54,388,-858
3,316,-944
-130,105,-987
-115,-167,-1001
13,-134,-942
81,-15,-925
15,154,-909
99,230,-845
15,185,-944
-31,89,-977
-48,-9,-976
-42,-54,-974
-29,-29,-960
64,13,-942
1,95,-960
19,74,-979
33,122,-962
46,99,-974
-23,99,-1013
-15,17,-1001
5,0,-987
-17,-17,-1005
-15,35,-970
11,15,-964
0,39,-952
-11,25,-938
54,76,-936
15,126,-950
-21,37,-958
-9,44,-948
1,23,-958
-33,-19,-936
25,-3,-942
-21,42,-993
-35,72,-940
29,40,-921
21,64,-909
15,13,-944
7,29,-933
-13,68,-927
27,21,-940
-3,93,-931
33,31,-915
-19,76,-935
-42,80,-925
-1,50,-936
-15,46,-944
1,-5,-923
-19,76,-942
-3,95,-917
3,37,-946
-5,66,-940
9,29,-905
13,44,-917
27,66,-915
9,52,-899
-27,54,-950
-7,101,-913
-25,5,-933
-44,58,-952
-11,44,-940
-48,74,-940
5,39,-942
-15,78,-938
15,19,-948
-46,56,-958
5,7,-946
-37,60,-956
-9,15,-962
-15,35,-966
-40,13,-972
-42,70,-981
-13,21,-981
-37,60,-1013
-37,70,-1013
-1,64,-1022
-21,40,-1011
-29,70,-1030
7,33,-989
-42,64,-1056
-23,81,-1026
-33,54,-1040
-17,70,-1026
-44,80,-1022
-17,13,-1026
-66,83,-1038
-5,62,-1015
0,3,-1013
-13,40,-1048
64,42,-1005
-44,62,-1036
40,60,-989
-31,35,-1013
13,-13,-976
-33,27,-1009
0,27,-999
-15,29,-987
-5,68,-993
-21,31,-979
-39,15,-1001
-33,27,-960
-25,33,-1003
17,64,-962
-56,81,-995
25,19,-968
-27,50,-987
27,15,-929
29,29,-958
13,33,-989
42,46,-964
0,44,-970
-25,66,-972
23,-1,-974
-44,9,-977
-13,64,-985
-44,29,-985
-23,97,-991
1,-21,-974
-11,31,-1001
64,19,-976
1,31,-997
15,72,-987
3,17,-997
3,7,-999
-29,74,-1015
-39,-9,-1015
-44,54,-1003
-40,-15,-1005
23,-5,-974
-9,15,-999
17,62,-964
0,7,-1018
-11,50,-995
21,-50,-1003
-23,46,-1028
-5,-29,-997
-54,48,-1005
-13,11,-997
-21,33,-999
15,39,-989
-31,21,-1015
1,29,-979
0,-9,-1020
-23,35,-964
-1,13,-1018
-44,66,-1001
-3,37,-999
-7,3,-1007
7,33,-1001
3,-9,-1016
-13,42,-991
-9,52,-1015
-19,60,-1003
-19,42,-1007
17,-35,-1013
-15,78,-993
-7,-7,-1013
-25,81,-985
-37,76,-1005
21,-9,-1001
-29,29,-1001
33,-35,-1001
-25,68,-1003
5,29,-1009
-33,29,-1005
-23,35,-989
0,7,-1020
-13,50,-1016
-1,21,-999
-44,54,-1003
17,-13,-1005
-46,50,-1015
13,-9,-999
-48,68,-1022
1,64,-999
9,-33,-1026
-21,46,-1028
-44,17,-1016
-17,91,-1003
7,31,-1020
-29,25,-1018
15,-39,-1044
-39,111,-1018
7,52,-1001
-27,54,-1038
11,-15,-1022
-11,35,-1011
0,66,-1044
-17,46,-1007
-17,25,-1028
-5,-19,-1028
-7,72,-1015
-5,35,-1020
-46,72,-1026
3,-62,-1024
-29,91,-995
11,50,-1005
-29,37,-1036
-9,-27,-1009
15,60,-997
3,52,-1013
-7,42,-989
-23,-54,-1034
-31,105,-985
29,58,-1001
0,31,-1015
-37,-35,-1015
-31,70,-991
3,89,-1003
-15,46,-993
-7,-103,-1020
-13,132,-991
1,66,-995
-11,25,-1001
-23,-37,-1040
-27,93,-974
23,72,-997
0,-17,-1020
-54,15,-1018
-19,52,-1013
0,89,-993
-21,-50,-1024
-46,81,-1003
-19,40,-1011
5,-40,-1007
-25,93,-1001
-23,35,-1020
-5,58,-987
-27,-70,-1038
-48,113,-983
3,29,-979
-11,-29,-1015
-37,50,-991
11,27,-999
0,0,-991
-1,-3,-1003
-15,66,-999
-17,31,-981
-21,-74,-1020
-27,119,-991
1,5,-977
-19,-48,-1032
-17,138,-1001
29,-15,-958
-5,-40,-1016
-35,95,-1003
13,37,-970
1,-40,-1011
-54,126,-1011
21,11,-995
33,-66,-1003
-29,128,-1030
5,50,-1011
5,-52,-1007
-33,142,-1050
1,23,-1011
40,-64,-1009
-25,165,-1034
17,0,-1042
-3,-46,-1011
-48,142,-1026
27,-3,-1030
-25,-64,-1032
1,167,-1005
-42,-13,-1034
21,-48,-1016
-39,165,-1024
19,-64,-977
-15,58,-1018
-31,107,-1044
19,-56,-983
-58,105,-1030
27,54,-989
-29,-78,-1003
-17,171,-1046
-5,9,-974
-35,-64,-1020
-17,165,-1028
11,-56,-956
-42,80,-1026
-11,93,-1034
-37,-124,-985
-33,187,-1034
0,-3,-991
-40,-17,-1026
-15,171,-1059
-31,-78,-968
-42,162,-1024
5,27,-1050
-54,-58,-1003
-11,152,-1054
-9,-50,-983
-48,140,-1018
9,13,-1069
-50,-50,-997
9,146,-1042
-27,140,-1034
5,-19,-1071
-25,-54,-983
-9,152,-1054
31,-56,-999
-58,160,-1028
60,-78,-1065
-58,9,-989
33,74,-1042
17,-68,-1005
-58,204,-1018
78,-126,-1038
-81,130,-999
107,-56,-1046
-37,15,-1007
25,132,-1038
29,-107,-1007
-74,224,-997
89,-175,-1032
-80,163,-991
83,-52,-1030
-50,25,-979
50,154,-999
15,-128,-1015
-60,245,-997
68,-208,-1018
-81,232,-995
80,-134,-1005
-64,115,-999
21,42,-1024
-7,-27,-993
-42,167,-991
62,-169,-997
-78,277,-1018
89,-234,-1007
-91,327,-999
89,-245,-1018
-89,283,-1005
78,-128,-1032
-60,97,-983
5,56,-1040
7,-91,-985
-60,224,-1026
62,-220,-976
-113,337,-1044
105,-273,-995
-103,333,-1026
99,-263,-993
-95,296,-1024
78,-191,-995
-58,226,-1009
50,-146,-1028
-37,154,-987
21,-54,-1038
3,95,-954
-9,21,-1054
13,37,-954
-23,70,-1061
25,-1,-962
-44,89,-1065
37,-31,-960
-52,105,-1054
35,-15,-950
-42,68,-1077
13,15,-942
-23,31,-1061
11,52,-974
-29,19,-1048
7,54,-976
-23,42,-1038
15,44,-976
-7,27,-1040
1,66,-987
-11,-9,-1054
-9,111,-977
-5,-29,-1040
0,124,-972
-7,-66,-1056
-1,156,-970
-23,-103,-1048
0,197,-972
-31,-140,-1044
15,206,-981
-39,-134,-1042
1,189,-977
-31,-107,-1030
-31,169,-997
-9,-111,-1026
-58,160,-1015
31,-91,-985
-62,138,-1028
40,-50,-993
-68,72,-1032
29,11,-968
-76,5,-1054
62,111,-964
-72,-66,-1048
62,152,-960
-74,-124,-1065
68,203,-968
-76,-124,-1052
44,177,-1001
-46,-87,-1007
21,91,-1024
-37,31,-999
-3,-7,-1048
0,146,-968
-13,-111,-1057
27,177,-983
-44,-119,-1059
68,169,-977
-54,-62,-1054
50,93,-995
-70,31,-1040
76,-21,-1026
-85,162,-1009
50,-121,-1050
-60,230,-997
19,-150,-1046
-17,163,-1009
-7,-29,-1022
33,9,-1028
-33,148,-1009
37,-121,-1040
-33,226,-1005
9,-122,-1028
-44,134,-1016
1,0,-1011
-25,-23,-1044
9,169,-989
-5,-128,-1050
1,210,-977
-21,-113,-1022
9,78,-1007
-39,101,-1003
5,-85,-1046
-48,232,-983
-3,-136,-1034
-9,130,-1009
-33,39,-997
19,-80,-1028
-39,220,-995
0,-152,-1024
-9,146,-1003
-23,0,-1003
-13,-44,-1052
-21,199,-977
-27,-134,-1056
-1,140,-985
-50,11,-1003
3,-54,-1038
-44,197,-987
-21,-119,-1042
-3,117,-991
-33,31,-1009
-5,-68,-1032
-33,169,-979
-13,-76,-1038
-11,80,-1005
-25,58,-1003
-21,-52,-1034
-15,126,-979
-35,-35,-1028
11,44,-1009
-21,80,-993
-15,-44,-1038
-15,81,-1007
-27,23,-1020
-1,-9,-1028
-7,54,-991
-21,1,-1028
-7,29,-1007
-42,46,-1015
-9,21,-1020
-7,3,-1016
-25,40,-1016
13,-3,-1018
-37,9,-1009
5,74,-1001
-11,-21,-1022
-5,15,-999
-21,54,-1016
0,-21,-1026
-15,62,-1009
-23,19,-1024
-9,-13,-1022
-21,76,-1005
-13,-3,-1018
-25,25,-1016
-17,40,-1001
3,3,-1020
-19,46,-1016
-5,17,-1007
-39,21,-1022
-3,37,-1009
-13,5,-1007
-19,39,-1026
-7,5,-1007
-13,39,-1013
-11,39,-1005
-17,-15,-1016
-9,29,-1007
-21,33,-1013
-19,25,-1026
1,31,-1005
-23,13,-1011
-23,21,-1013
-3,21,-999
-33,42,-1016
0,11,-1022
-21,15,-1007
-1,33,-1005
-19,9,-1020
-21,29,-1013
-21,35,-1009
-15,13,-1016
-11,7,-1009
-9,33,-1016
-25,35,-1016
-15,11,-1009
-15,40,-1013
-7,21,-1016
-19,0,-1018
-33,39,-1013
-19,52,-999
0,-3,-1009
-29,21,-1018
-15,35,-1011
-5,9,-1015
-27,29,-1013
-15,29,-1015
-23,23,-1015
-23,13,-1005
-11,15,-1003
-11,76,-1015
-9,-11,-1015
-21,-3,-1009
-35,46,-1009
-1,15,-995
-29,25,-1026
-13,13,-1009
-11,13,-1007
-31,25,-1026
-1,5,-1005
-23,50,-1007
-9,25,-999
-15,15,-1013
-7,29,-1016
-29,37,-1013
-5,9,-1018
-19,46,-1007
23,17,-1007
-37,23,-1026
-15,23,-1016
17,11,-1009
-23,46,-1007
-19,5,-1016
-17,-9,-1026
-13,66,-1011
-1,25,-1001
-40,21,-1020
7,-1,-1016
-33,21,-1024
-13,29,-1005
-21,21,-1020
0,1,-1016
0,52,-1013
-33,-15,-1020
-3,15,-1015
-33,25,-1015
-11,39,-1005
-33,35,-1022
-11,-5,-1003
-5,9,-1024
-33,50,-1007
-9,3,-1013
-9,11,-1022
-13,33,-1005
-19,23,-1013
-35,35,-1038
-7,9,-1011
-11,1,-1007
-29,56,-1011
-11,5,-1020
-1,5,-1020
-29,25,-1011
-17,39,-1007
-21,25,-1028
-5,3,-1007
-7,3,-1015
-23,74,-1024
-9,19,-1015
7,-1,-1015
-21,-5,-1020
0,29,-1009
-19,46,-1018
-9,13,-1022
-1,-13,-1009
-19,35,-1005
13,19,-1011
-11,19,-1032
-25,25,-1007
0,3,-1016
-11,62,-1024
-13,3,-1007
-23,3,-1018
-17,39,-1013
7,17,-1005
-19,23,-1013
-11,33,-1011
-17,-1,-1013
3,44,-1020
-21,29,-1007
-7,7,-1005
-13,25,-1018
-13,1,-1007
-19,40,-1013
-27,39,-1024
-9,-5,-1005
-3,13,-1013
-23,27,-1013
-13,29,-1016
-25,46,-1016
-7,1,-1013
-11,17,-1018
-15,35,-1013
-21,25,-1024
-25,39,-1009
-21,15,-1011
-27,7,-1020
-19,35,-1015
-29,29,-1013
-19,33,-1011
-19,31,-1005
-35,3,-1020
-19,31,-1015
-19,35,-1018
-5,11,-1015
-21,39,-1016
-25,0,-1015
-21,25,-1013
-21,29,-1007
-17,11,-1011
-11,25,-1011
-23,-15,-1009
-7,15,-1011
-33,35,-1016
-9,17,-1005
-21,27,-1018
-21,15,-1015
0,0,-1013
-23,25,-1018
-19,35,-1009
1,15,-1013
-21,15,-1016
-7,-13,-1003
-21,37,-1018
-13,39,-1013
-13,5,-1013
-15,19,-1011
-13,3,-1009
-9,0,-1024
-29,46,-1015
-11,11,-1018
-7,17,-1018
-23,11,-1018
-9,3,-1009
-23,40,-1013
5,31,-1007
-31,19,-1028
-23,31,-1011
-13,-11,-1009
-13,21,-1013
-11,25,-1016
-9,29,-1028
-23,46,-1026
-17,9,-1003
-15,17,-1013
-21,21,-1009
-11,3,-1018
-33,46,-1028
-7,29,-1009
-9,7,-1015
-25,19,-1011
-23,-5,-1005
-23,21,-1015
-25,52,-1015
-13,37,-1009
-19,29,-1026
-9,7,-1007
-15,-13,-1018
-11,35,-1020
-17,44,-1016
-21,33,-1013
-19,46,-1007
-13,-5,-1003
-9,13,-1018
-11,9,-1015
-17,29,-1018
-23,44,-1018
-11,29,-999
-9,7,-1015
-27,15,-1009
0,3,-1018
-25,31,-1024
-17,54,-1007
-13,19,-1009
-11,42,-1015
-17,7,-1016
-7,1,-1018
-23,9,-1011
11,17,-1015
-15,64,-1011
7,35,-1005
-39,21,-1026
17,-1,-1015
-35,0,-1009
9,5,-1011
-39,58,-1022
-3,39,-1016
-52,40,-1018
-13,15,-1020
-15,-7,-1026
-13,15,-1005
-7,7,-1011
-21,25,-1009
-19,70,-1013
-27,17,-1018
1,17,-1013
-31,-5,-1020
-17,-13,-1009
-13,40,-1018
-3,39,-1009
-29,39,-1007
-15,40,-1020
-21,-3,-1005
0,3,-1018
-29,19,-1005
5,5,-999
-35,60,-1022
-11,31,-1003
-17,19,-1018
-13,21,-1018
-13,-5,-1018
-13,25,-1020
-13,35,-1009
-3,15,-1018
-19,39,-1018
1,19,-1005
-23,11,-1013
-17,39,-1009
-13,11,-1016
-21,19,-1018
-11,31,-1015
-9,9,-1024
-21,37,-1016
3,13,-1018
-17,15,-1016
-9,46,-1013
-37,19,-1022
-1,40,-1015
-27,29,-1024
15,-9,-1011
-17,29,-1034
1,17,-1015
-23,25,-1022
-15,42,-1011
-11,15,-1022
-21,19,-1020
-27,19,-1011
-13,15,-1009
-7,29,-1018
-5,7,-1009
-15,19,-1013
-21,37,-1018
-5,19,-1009
-21,29,-1007
-13,23,-1018
-11,5,-1011
-23,35,-1013
-15,15,-1003
-5,-1,-1020
-19,33,-1013
-3,17,-1018
-19,33,-1016
-1,31,-1001
-15,17,-1015
-11,15,-1016
-17,9,-1009
0,19,-1011
-33,29,-1015
-11,5,-1009
-13,23,-1024
-27,15,-1007
1,15,-1005
-15,39,-1022
-13,21,-1009
-11,1,-1007
-33,44,-1005
0,0,-1005
-17,31,-1024
-19,31,-1016
-25,0,-1020
-13,23,-1016
-7,13,-1007
-11,21,-1013
-37,46,-1007
3,5,-1011
-23,17,-1028
-3,21,-1005
-7,19,-1015
-11,35,-1015
-15,11,-1011
-15,21,-1011
-25,23,-1011
-7,0,-1011
-29,39,-1016
-11,31,-1013
-5,13,-1015
-19,31,-1016
-11,25,-1005
-21,29,-1022
-11,31,-1013
-15,3,-1015
-9,21,-1013
-21,40,-1018
-21,11,-1016
-15,29,-1015
-7,1,-991
-7,19,-1015
-27,37,-1009
-5,11,-1009
-33,31,-1028
-13,15,-1011
-33,0,-1018
-11,33,-1013
-13,9,-1007
-13,29,-1015
-23,35,-1005
-1,3,-1007
-27,39,-1011
3,15,-1009
-23,11,-1018
-17,33,-1016
-13,5,-1016
-17,31,-1018
-5,39,-1011
-21,11,-1015
-17,19,-1011
-19,17,-1015
-11,9,-1009
-13,44,-1007
-33,19,-1007
-7,11,-1018
-25,33,-1009
-13,13,-1007
-15,29,-1018
-19,21,-1015
-9,11,-1015
-21,31,-1015
-21,3,-1015
-9,15,-1015
-21,37,-1015
-23,11,-1015
-11,25,-1016
-21,21,-1015
-5,5,-1011
-23,27,-1020
-23,15,-1018
-9,17,-1018
-5,40,-1007
-13,7,-1018
-29,29,-1015
-19,29,-1016
-11,5,-1009
-25,35,-1016
-11,9,-1022
-5,13,-1013
-33,37,-1018
-5,0,-1007
-17,21,-1018
-13,15,-1015
-7,9,-1015
-17,37,-1020
-9,15,-1007
-21,15,-1009
-21,31,-1011
0,13,-1013
-9,31,-1015
-11,19,-1015
-7,15,-1016
-21,33,-1015
-13,19,-1011
-19,23,-1028
-17,37,-1016
-13,-1,-1013
-7,29,-1009
-15,25,-1009
-15,9,-1016
-21,35,-1015
-15,13,-1009
-11,25,-1022
-19,23,-1009
-15,7,-1005
-13,39,-1016
-23,15,-1009
-11,3,-1026
-23,31,-1018
-11,7,-1009
-23,27,-1013
-5,33,-1003
-11,7,-1016
-9,29,-1009
-13,27,-1007
-21,3,-1016
-15,35,-1016
-13,0,-1028
-11,19,-1015
-21,29,-1011
-21,7,-1015
-25,33,-1016
-19,15,-1015
-19,27,-1015
-27,33,-1013
-11,17,-1005
-15,19,-1020
-11,21,-1015
-23,9,-1022
-5,35,-1007
-27,19,-1013
-1,5,-1016
-13,21,-1011
-9,-3,-1011
-11,25,-1016
-21,29,-1015
-13,13,-1011
-23,19,-1020
-19,19,-1009
-9,9,-1011
-35,29,-1009
-19,15,-1016
-5,19,-1028
-21,29,-1011
-11,0,-1015
-33,42,-1028
-11,25,-1009
-19,3,-1015
-17,40,-1001
0,3,-1018
-25,29,-1024
1,39,-1022
-21,-3,-1016
-21,21,-1018
-21,19,-1018
-13,15,-1016
-11,35,-1013
-1,11,-1018
-15,17,-1022
-15,27,-1020
-15,5,-1024
-21,37,-1015
-11,25,-1024
-1,9,-1009
-19,33,-1018
-3,19,-1015
-15,31,-1020
-13,29,-1015
-1,3,-1003
-23,31,-1024
-5,25,-1007
-15,29,-1020
-25,40,-1018
-1,9,-1013
-17,25,-1015
-5,31,-1022
-15,13,-1013
-9,40,-1016
-15,7,-1016
-9,3,-1016
-19,39,-1009
-11,0,-1011
-17,31,-1026
-19,35,-1007
-9,7,-1015
-7,42,-1024
-19,17,-1003
-13,21,-1016
-13,27,-1007
-17,5,-1020
-11,33,-1024
-13,35,-1009
-7,7,-1003
-11,19,-1015
-21,5,-1001
-13,19,-1015
-23,39,-1011
-13,21,-1016
-13,25,-1013
-19,31,-1007
-13,0,-1005
-17,40,-1013
-17,31,-1005
-21,9,-1007
-37,19,-1009
-9,1,-1015
-25,33,-1016
-31,39,-1013
-21,9,-1003
-19,35,-1018
-21,9,-1011
-3,11,-1016
-31,40,-1015
-5,3,-1009
-15,19,-1013
-19,23,-1005
-5,13,-1011
-31,35,-1011
-27,29,-1007
-15,7,-1016
-15,27,-1009
-11,7,-1009
-23,35,-1020
-13,33,-1013
-17,15,-1007
-15,17,-1011
-7,13,-1003
-9,17,-1018
-21,40,-1016
-1,9,-1007
-11,21,-1011
-1,29,-1018
-11,5,-1011
-17,40,-1016
-15,9,-1015
0,5,-1007
-13,40,-1016
-13,15,-1015
-23,29,-1016
-15,21,-1011
-5,0,-1015
-9,29,-1026
-11,21,-1013
-1,19,-1022
-13,33,-1011
-1,1,-1015
-1,15,-1030
-11,27,-1018
-1,15,-1018
-15,29,-1020
-11,13,-1026
-7,9,-1020
-15,35,-1018
-1,9,-1024
-11,27,-1015
-11,11,-1015
0,7,-1020
-3,39,-1022
-21,19,-1011
-13,15,-1024
-17,31,-1013
-15,7,-1011
-11,29,-1016
-19,33,-1016
-17,7,-1009
-25,33,-1011
-21,3,-1015
-21,15,-1016
-21,35,-1011
-21,13,-1009
-17,25,-1016
-31,29,-1005
-21,11,-1001
-17,42,-1013
-19,15,-1018
-15,17,-1009
-29,29,-1016
-7,3,-1011
-21,25,-1020
-29,29,-1007
-11,3,-1016
-21,40,-1011
-21,9,-1007
-13,17,-1015
-27,35,-1020
-13,3,-999
-11,19,-1015
-19,19,-1018
-15,11,-1013
-29,39,-1016
-1,13,-1007
-23,3,-1013
-13,21,-1009
-9,5,-1005
0,31,-1013
-27,27,-1011
-7,3,-1013
-21,31,-1026
-17,17,-1007
1,23,-1015
-19,19,-1005
-17,15,-1018
-11,25,-1013
-21,25,-1009
-11,9,-1009
-11,40,-1007
-11,15,-1007
-13,3,-1013
-19,25,-1011
-7,5,-1016
-23,35,-1016
-19,5,-1005
-9,19,-1018
-15,39,-1015
-21,27,-1009
-7,9,-1016
-11,35,-1003
-7,1,-1005
-15,29,-1001
-21,33,-1011
-13,19,-1016
-19,31,-1007
-17,7,-1005
-19,21,-1007
-19,25,-1005
-15,19,-1013
-13,35,-1011
-21,15,-1016
-11,3,-1016
-13,33,-1020
-11,19,-1009
-15,19,-1018
-21,33,-1013
-15,5,-1018
-7,21,-1015
-15,35,-1009
-15,15,-1009
-21,31,-1007
-17,21,-1016
-13,13,-1011
-25,35,-1009
-17,9,-1007
-13,29,-1013
-9,11,-1005
-11,7,-1016
-11,37,-1020
-13,25,-1013
-11,15,-1016
-17,21,-1018
-1,1,-1005
-23,29,-1018
-11,25,-1016
-3,5,-1015
-21,35,-1020
-5,9,-1005
-17,19,-1026
-15,35,-1015
-11,9,-1015
-19,15,-1015
-11,25,-1007
-1,17,-1007
-11,40,-1022
-21,3,-1015
-9,9,-1018
-15,29,-1026
-15,5,-1009
-17,35,-1016
-21,19,-1013
-9,9,-1016
-37,31,-1009
-3,13,-1013
-21,31,-1026
-11,35,-1015
-21,3,-1013
-19,21,-1015
-13,25,-1007
-15,13,-1015
-27,37,-1013
-27,0,-1016
-13,15,-1018
-21,39,-1013
-17,3,-1007
-11,31,-1022
-3,17,-1011
-17,9,-1024
-25,29,-1011
-13,21,-1007
-17,21,-1015
-11,29,-1013
-19,0,-1009
-5,31,-1015
-21,27,-1020
-11,21,-1007
-21,31,-1015
-15,3,-1007
-25,25,-1015
-17,27,-1020
-5,17,-1013
-15,19,-1026
-17,13,-1013
-5,7,-1022
-21,44,-1016
-13,11,-1022
-1,19,-1011
-27,33,-1013
-5,5,-1005
-21,31,-1020
-13,21,-1007
-9,11,-1015
-15,39,-1015
-9,19,-1007
-19,15,-1015
-15,31,-1020
-13,7,-1009
-23,27,-1018
-21,21,-1016
-17,5,-1005
-17,42,-1015
-11,11,-1011
-27,17,-1024
-21,33,-1009
-13,3,-1016
-17,35,-1009
-11,35,-1009
-7,5,-1015
-11,29,-1013
-15,17,-1011
-7,21,-1013
-15,40,-1016
-5,7,-1013
-15,21,-1024
-11,19,-1015
-7,17,-1022
-11,35,-1022
-13,5,-999
-1,21,-1020
-21,31,-1018
-5,5,-1011
-17,35,-1016
-3,21,-1003
-15,9,-1009
-17,44,-1009
-5,13,-1009
-11,19,-1018
-15,23,-1009
-3,-5,-1011
-15,35,-1020
-7,19,-1003
-17,17,-1015
-15,29,-1015
-5,-5,-1015
-23,23,-1018
-23,35,-1009
-27,7,-1022
-23,29,-1013
-21,21,-1005
-15,19,-1016
-19,29,-1011
-23,15,-1009
-9,23,-1007
-21,31,-1018
-23,3,-1009
-9,27,-1011
-27,25,-1011
-11,19,-1005
-17,29,-1016
-5,5,-1009
-21,19,-1015
-25,33,-1016
-11,13,-1011
-27,15,-1016
-9,15,-1007
-21,13,-1011
-19,40,-1026
-17,17,-1018
-15,17,-1009
-15,19,-1011
-15,13,-1020
-15,31,-1026
-19,19,-1016
-5,21,-1018
-17,31,-1016
-3,13,-1013
-1,19,-1013
-11,39,-1022
-13,3,-1011
-17,25,-1022
-9,15,-1013
-15,13,-1015
-15,42,-1018
-3,11,-1013
-15,21,-1022
-13,25,-1016
-7,3,-1005
-19,37,-1015
-25,31,-1022
0,11,-1015
-21,33,-1009
-19,5,-1018
-15,25,-1015
-21,35,-1013
-11,-3,-1009
-25,37,-1018
-13,13,-1013
-21,23,-1013
-15,42,-1022
-25,5,-1003
-29,17,-1018
-33,31,-1009
-17,7,-1007
-27,37,-1030
-21,17,-1016
-15,3,-1018
-25,35,-1013
-5,0,-1007
-29,35,-1024
-21,25,-1011
-21,5,-1011
-19,29,-1022
-15,19,-1003
-15,13,-1007
-27,46,-1015
-9,-5,-1013
-11,25,-1022
-5,25,-1018
-13,9,-1018
-21,31,-1015
-13,15,-1018
-7,23,-1011
-19,40,-1020
-19,9,-1009
-5,21,-1015
-11,21,-1011
-9,17,-1016
-11,29,-1015
-11,23,-1007
-11,25,-1016
-13,31,-1016
-21,9,-1007
-17,23,-1013
-17,21,-1015
-11,19,-1009
-21,21,-1013
-17,17,-1009
-13,0,-1020
-13,40,-1007
-13,5,-1016
-19,19,-1016
-29,25,-1005
-17,7,-1020
-21,39,-1020
-17,29,-1013
-11,21,-1013
-19,37,-1015
-11,5,-1013
-13,25,-1016
-23,29,-1020
-11,-5,-1007
-21,19,-1007
-21,23,-1009
0,15,-1013
-25,48,-1013
0,5,-1007
-21,15,-1016
-13,19,-1016
0,5,-1005
-17,37,-1011
-7,29,-1009
-5,9,-1011
-21,21,-1005
-19,5,-1009
-5,23,-1016
-21,35,-1013
-13,5,-1009
-25,37,-1015
-3,13,-1015
-5,21,-1016
-15,29,-1005
-7,0,-1007
-23,21,-1024
-19,33,-1020
-17,15,-1013
-19,37,-1016
-15,3,-1015
-13,9,-1016
-21,39,-1018
-11,21,-1016
-17,31,-1016
-23,13,-1011
-3,0,-1007
-19,31,-1007
-13,19,-1009
-19,29,-1015
-17,48,-995
-1,7,-1007
-21,29,-1015
-13,25,-1005
-13,19,-1013
-19,37,-1007
-17,21,-1007
-3,13,-1024
-25,35,-1007
-21,7,-1007
-21,31,-1016
-13,17,-1018
-25,13,-1018
-11,39,-1013
-13,21,-1028
-17,13,-1007
-15,37,-1018
-7,7,-1028
-11,25,-1016
-11,25,-1011
-13,13,-1020
-7,23,-1013
-15,3,-1005
-11,9,-1009
-15,35,-1016
-11,0,-1007
-11,21,-1018
-17,25,-1018
-1,5,-1016
-17,29,-1016
-11,21,-1013
-13,19,-1018
-5,29,-1018
-5,9,-1015
-19,25,-1018
-23,27,-1013
-9,3,-1009
-11,31,-1016
-17,19,-1011
-15,9,-1015
-17,40,-1018
-7,0,-1013
-9,23,-1011
-11,19,-1018
-5,9,-1016
-23,44,-1024
-19,13,-999
-15,9,-1018
-5,35,-1011
-13,11,-1013
-27,33,-1015
-17,35,-1011
-7,3,-1011
-25,31,-1013
-11,21,-1011
-21,23,-1022
-27,40,-1013
-21,9,-1016
-11,25,-1016
-25,19,-1013
-19,17,-1015
-25,33,-1015
-5,13,-1013
-25,21,-1016
-25,35,-1016
-21,7,-1013
-17,39,-1005
-23,19,-1005
-19,7,-1011
-21,44,-1015
-11,9,-1007
-13,19,-1016
-17,37,-1020
-11,1,-1016
-15,29,-1011
-15,25,-1013
-15,13,-1013
-17,31,-1009
-13,13,-1005
-15,13,-1015
-9,31,-1005
-11,-1,-1007
-15,27,-1005
-17,29,-1005
-7,5,-1007
-13,25,-1022
-13,15,-1022
-21,9,-1009
-11,29,-1016
-3,3,-1016
-5,27,-1022
-15,31,-1007
-3,9,-1013
-19,21,-1011
-9,13,-1011
-9,23,-1015
-19,40,-1011
-3,7,-1015
-11,29,-1020
-9,19,-1005
-9,13,-1015
-5,39,-1022
1,15,-1016
-1,15,-1015
-17,35,-1013
-11,7,-1016
-5,29,-1018
-1,25,-1024
-11,11,-1015
-21,25,-1018
-21,21,-1011
-15,21,-1015
-29,37,-1011
-27,5,-1013
-21,25,-1016
-21,19,-1016
-27,19,-1007
-19,37,-1022
-15,25,-1007
-19,13,-1015
-17,31,-1007
-13,9,-1013
-25,37,-1020
-13,35,-1013
-7,5,-1016
-33,37,-1007
-11,15,-1005
-33,17,-1024
-27,35,-1018
-19,9,-1007
-15,35,-1015
-23,25,-1013
-15,13,-1013
-23,40,-1016
-19,17,-1005
-23,25,-1015
-19,31,-1022
-19,15,-1013
-19,31,-1015
-17,17,-1015
-7,3,-1018
-19,29,-1020
-13,5,-1015
-15,13,-1022
-11,21,-1013
-7,9,-1009
-13,15,-1016
-7,23,-1026
-11,3,-1022
-15,29,-1013
1,5,-1016
-5,17,-1016
-15,25,-1020
-3,13,-1015
-5,19,-1020
-9,19,-1007
-7,0,-1022
-17,23,-1009
-5,7,-1015
-5,17,-1005
-9,15,-1005
-15,9,-1015
-5,23,-1007
-17,29,-1011
0,15,-1016
-21,17,-1007
-5,11,-1007
-15,21,-1011
-25,35,-1020
-11,19,-1009
-17,27,-1016
-15,15,-1005
-9,9,-1009
-25,39,-1007
-13,13,-1007
-15,27,-1013
-15,31,-1015
-13,3,-1015
-13,35,-1015
-15,29,-1005
-21,9,-1009
-21,35,-1011
-21,9,-1007
-21,25,-1015
-11,40,-1016
-11,3,-1015
-13,31,-1013
-19,27,-1024
-11,15,-1005
-23,39,-1016
-21,13,-1009
-21,23,-1015
-21,40,-1013
-9,13,-1009
-15,33,-1020
-21,21,-1016
-21,5,-1015
-15,37,-1018
-5,11,-1013
-13,25,-1013
-15,35,-1009
0,1,-1011
-17,25,-1018
-9,21,-1016
-11,9,-1024
-13,39,-1018
-5,13,-1007
-3,23,-1018
-19,27,-1015
-5,5,-1013
-23,33,-1020
-9,15,-1007
-15,11,-1020
-21,35,-1011
-13,7,-1005
-19,13,-1018
-13,19,-1018
-13,-1,-1011
-15,25,-1024
-15,23,-1009
-9,15,-1005
-25,35,-1016
-15,9,-1016
-9,21,-1013
-27,42,-1007
-19,7,-1026
-21,27,-1013
-25,13,-1015
-17,17,-1024
-19,35,-1016
-21,13,-1020
-11,21,-1007
-23,29,-1015
-11,1,-1009
-21,35,-1016
-21,31,-1018
-13,7,-1020
-19,31,-1016
-19,7,-1009
-19,25,-1015
-11,31,-1003
-19,13,-1007
-21,21,-1015
-9,19,-1018
-9,7,-1009
-33,35,-1005
-5,19,-1001
-15,25,-999
-23,29,-1007
-17,11,-1018
-17,33,-1022
-19,21,-1007
-1,9,-1011
-13,39,-1026
-15,9,-1013
-11,29,-1016
-9,39,-1022
0,3,-1011
-11,25,-1016
-7,23,-1020
-19,13,-1009
-19,37,-1013
-19,5,-1015
-5,21,-1018
-21,27,-1009
-15,13,-1016
-13,40,-1020
-13,23,-1007
-1,1,-1018
-11,23,-1018
-3,5,-1013
-9,29,-1015
-11,35,-1020
-1,5,-1016
-9,25,-1016
-11,15,-1018
-15,15,-1015
-9,27,-1015
-21,3,-1016
-7,25,-1026
-19,39,-1007
-1,13,-1009
-15,27,-1009
-7,7,-1003
-21,13,-1011
-23,39,-1016
-21,21,-1020
-21,13,-1011
-33,27,-1007
-15,0,-1013
-25,37,-1015
-21,21,-1009
-21,21,-1013
-19,31,-1007
-21,9,-1009
-17,21,-1009
-23,31,-1003
-21,13,-1013
-19,27,-1015
-19,15,-1011
-21,9,-1011
-21,37,-1018
-13,5,-1013
-17,11,-1024
-19,21,-1011
-11,11,-1016
-9,29,-1015
-19,19,-1005
-13,3,-1015
-21,19,-1013
-13,5,-1015
-15,31,-1016
-13,27,-1005
-11,3,-1013
-19,23,-1020
-11,15,-1022
-7,15,-1015
-21,39,-1020
-17,9,-1007
-13,19,-1018
-9,21,-1005
0,5,-1015
-13,31,-1013
-7,15,-1015
-5,7,-1015
-19,31,-1016
-11,19,-1013
-13,23,-1011
-15,37,-1007
0,1,-1020
-23,31,-1022
-9,17,-1016
-13,17,-1022
-19,35,-1018
-5,0,-1009
-17,17,-1022
-15,29,-1011
-17,13,-1016
-15,39,-1011
-27,7,-1011
-15,-1,-1026
-11,31,-1015
-25,17,-1003
-15,31,-1016
-7,27,-1015
-11,3,-1011
-25,25,-1015
-17,13,-1016
-21,19,-1016
-19,39,-1007
-15,3,-1007
-13,29,-1018
-17,31,-1011
-17,15,-1018
-27,27,-1016
-19,13,-1007
-21,13,-1016
-17,35,-1011
-27,17,-1013
-21,31,-1024
-33,27,-1001
-17,13,-1020
-17,39,-1020
-17,21,-1005
-13,23,-1015
-27,40,-1009
-9,9,-1013
-17,23,-1016
-15,25,-1015
-17,13,-1011
-15,35,-1013
-11,11,-1016
-11,25,-1016
-19,40,-1015
-11,1,-1015
-11,19,-1005
-3,19,-1011
-3,7,-1022
-11,35,-1013
-11,13,-1009
-1,9,-1011
-19,27,-1018
0,7,-1015
-15,23,-1018
-9,37,-1009
-7,7,-1015
0,31,-1018
-5,13,-1016
-1,17,-1015
-11,39,-1009
-1,13,-1016
-11,21,-1018
-19,21,-1009
-11,9,-1018
-11,39,-1018
-3,15,-1015
-7,13,-1020
-19,35,-1005
-11,5,-1016
-17,37,-1020
-19,27,-1020
-17,5,-1016
-17,29,-1013
-17,15,-1011
-9,17,-1018
-11,39,-1009
-21,5,-1011
-23,31,-1016
-19,23,-1011
-21,15,-1009
-19,39,-1013
-17,15,-1013
-21,9,-1016
-31,29,-1011
-11,9,-1007
-31,35,-1011
-19,31,-1003
-15,5,-1011
-15,37,-1011
-25,15,-1007
-9,23,-1016
-15,37,-1009
21,3,-1013
0,35,-1009
0,31,-1013
-5,29,-1003
-23,-19,-1042
-17,-39,-1032
-25,21,-1009
-19,117,-1005
298,132,-981
355,210,-1015
577,382,-827
1171,103,-851
808,-171,-1237
1446,-368,-1071
1442,58,-1073
1405,185,-1057
1649,-27,-993
1305,-52,-1056
1739,-392,-892
1383,411,-970
1526,181,-1085
1335,-101,-1184
1464,101,-1063
1376,238,-886
1450,275,-847
1323,-117,-1013
1227,-392,-882
1124,23,-876
878,99,-1081
1071,-31,-1032
919,85,-948
972,115,-933
858,160,-950
1052,-109,-1020
1013,-95,-1149
964,357,-1208
1067,232,-1097
1061,7,-1124
1257,-107,-1095
1122,132,-991
1177,169,-960
1200,-181,-1114
1337,-185,-1106
1198,130,-1028
1188,300,-1036
1413,271,-1018
1456,91,-948
1329,126,-935
1247,-146,-997
1540,-115,-1116
1462,111,-1147
1290,242,-1056
1220,60,-983
1286,-218,-1036
1325,-85,-880
1141,25,-895
1149,183,-862
1311,-91,-1036
1208,87,-1018
1155,216,-899
1175,197,-903
1200,-91,-1020
1245,-407,-901
1106,-5,-876
1155,325,-942
1323,156,-966
1335,158,-991
1448,-44,-991
1034,-50,-1108
1504,-70,-1052
1491,-31,-1032
1419,144,-847
1325,169,-901
1417,181,-1106
1385,39,-993
1311,5,-1155
1212,-29,-1126
1477,134,-972
1387,300,-919
1446,156,-999
1257,142,-1098
1266,-199,-1118
1335,-46,-1069
905,-101,-1122
1352,-181,-935
788,76,-1095
962,-33,-960
694,78,-981
495,136,-1139
407,-54,-974
212,-58,-1054
314,58,-944
203,448,-1024
318,185,-923
-78,126,-1018
380,-380,-972
-134,-263,-993
111,-173,-942
-52,142,-1145
-206,-17,-1077
-265,62,-858
-107,138,-1089
-240,230,-1007
-177,89,-1011
-54,-29,-1188
-216,-169,-1179
83,476,-868
-146,224,-977
48,128,-956
-56,-17,-950
-33,-497,-983
-261,167,-1175
31,-48,-1032
-208,183,-890
-136,234,-909
-197,27,-997
-101,31,-882
-216,107,-952
-93,-105,-1061
-87,230,-1036
-87,-204,-933
-11,21,-839
-111,-156,-997
-136,-13,-1077
-103,158,-831
-35,-136,-1032
-363,185,-1073
-80,66,-997
-167,224,-958
-50,-42,-1061
-46,-54,-1024
-345,-134,-974
29,167,-1018
-353,-191,-1157
40,-156,-993
-89,19,-1057
-64,109,-1065
-101,263,-1097
-76,-111,-1018
-298,-111,-1151
-187,140,-1065
-497,156,-1079
-624,54,-1110
-515,191,-956
-482,-44,-958
-800,173,-1007
-489,-244,-1052
-564,70,-1093
-201,60,-1022
-568,281,-1048
-162,-130,-966
-398,111,-1054
-267,31,-952
-347,78,-993
-439,-42,-1194
-279,-13,-1016
-228,33,-899
-306,-25,-1038
-331,-195,-1013
-19,-54,-962
-201,179,-1011
-117,261,-977
-232,-23,-1011
-169,-1,-1007
-44,31,-886
-322,152,-933
-324,-19,-1016
-300,-81,-977
-351,74,-958
-388,89,-915
-380,-66,-1020
-433,-109,-1132
-540,111,-972
-452,72,-935
-251,29,-1038
-433,33,-1122
-365,64,-917
-324,85,-1089
-519,42,-1097
-325,101,-944
-456,5,-1028
-411,222,-1016
-281,-101,-1081
-491,124,-997
-208,-48,-1085
-271,105,-1159
-316,83,-1063
-142,-85,-999
-257,52,-999
-296,117,-1067
-175,-103,-977
-325,66,-999
-298,-81,-1013
-363,115,-1065
-384,25,-985
-361,-74,-858
-122,19,-936
-499,64,-1120
-283,-15,-917
-368,62,-1042
-267,-99,-1075
-349,193,-1020
-249,-185,-944
-402,-50,-1075
-279,-35,-972
-470,89,-995
-460,177,-1102
-370,-70,-997
-288,62,-960
-562,140,-1030
-464,-13,-1057
-238,91,-987
-275,126,-1016
-400,64,-1097
-187,-29,-1059
-304,-48,-1028
-300,-56,-972
-279,150,-1063
-579,5,-1100
-349,33,-987
-333,78,-960
-636,-27,-1122
-240,-146,-962
-374,169,-995
-452,144,-913
-253,132,-948
-404,132,-1022
-480,-162,-981
-64,-187,-1038
-706,273,-1056
-144,-288,-915
-359,296,-1052
-466,48,-968
-206,68,-925
-447,19,-1124
-452,-162,-964
-318,3,-1106
-610,206,-1046
-284,-105,-895
-355,-17,-1007
-468,-13,-985
-245,212,-981
-470,-121,-1095
-269,3,-958
-216,50,-1063
-491,132,-1024
-124,46,-1001
-267,-19,-1087
-366,66,-1026
-312,189,-1022
-380,-13,-1085
-288,-60,-1087
-279,-13,-1032
-431,89,-1007
-306,122,-1052
-390,-37,-977
-294,17,-948
-386,128,-1007
-441,-37,-1034
-380,-54,-1001
-281,-95,-970
-404,156,-987
-345,181,-1048
-450,-37,-1044
-279,-25,-966
-325,97,-1032
-363,-81,-1120
-306,-35,-1022
-253,-21,-1015
-445,152,-1005
-308,95,-1040
-335,-5,-1007
-324,-109,-958
-372,54,-979
-489,-37,-1108
-370,39,-1024
-441,87,-991
-507,134,-985
-382,46,-1005
-370,-54,-1018
-372,-15,-1018
-409,76,-999
-335,-19,-1007
-382,29,-1095
-284,13,-942
-527,81,-950
-308,-50,-1057
-232,40,-1036
-417,-80,-1024
-201,91,-935
-337,130,-1138
-320,56,-1018
-242,42,-913
-406,21,-1007
-310,-121,-1065
-365,46,-1087
-441,0,-970
-325,208,-946
-378,-13,-1018
-421,-60,-1018
-361,0,-991
-443,-3,-989
-324,17,-1067
-361,39,-1042
-415,21,-997
-359,103,-1050
-396,-17,-1079
-298,-40,-1005
-312,-48,-1022
-439,140,-1069
-269,29,-1024
-277,-5,-1022
-392,40,-1036
-347,85,-1005
-292,25,-1024
-333,-54,-1005
-333,19,-1007
-398,95,-1042
-351,93,-1015
-281,-29,-1011
-427,-66,-1028
-468,42,-1013
-314,31,-999
-365,5,-950
-429,-13,-995
-388,80,-1011
-407,81,-1046
-400,23,-1001
-468,11,-958
-433,-1,-1005
-347,25,-1005
-415,27,-1015
-347,-9,-976
-439,126,-1044
-333,-60,-1054
-378,-19,-1020
-275,-11,-979
-417,56,-1059
-249,56,-1026
-322,-7,-991
-320,-21,-1026
-298,80,-1030
-302,21,-1052
-292,19,-1009
-302,13,-991
-339,64,-1001
-304,9,-997
-343,-19,-1030
-357,1,-1048
-378,81,-1003
-314,-7,-1005
-355,-5,-1015
-361,29,-983
-380,33,-979
-392,7,-1052
-359,-5,-1034
-427,19,-1003
-372,68,-1028
-402,40,-1048
-320,-15,-989
-320,25,-997
-407,81,-1052
-333,-7,-1040
-349,-29,-1079
-343,68,-997
-341,50,-1015
-355,27,-1048
-329,-27,-1046
-339,46,-1016
-374,52,-1013
-314,-29,-1030
-353,-25,-1028
-392,50,-989
-386,66,-1005
-372,-13,-1020
-353,-17,-991
-376,31,-960
-423,66,-1032
-392,-3,-1020
-374,-5,-976
-386,44,-964
-454,72,-1042
-382,-15,-1026
-359,-35,-1003
-335,60,-987
-392,68,-1026
-331,0,-1036
-306,-19,-1013
-284,46,-987
-304,64,-1038
-238,3,-1050
-222,-21,-1015
-206,39,-991
-162,64,-1044
-162,42,-1052
-136,-21,-1003
-124,19,-1013
-115,66,-1032
-72,25,-1026
-91,3,-1016
-68,17,-1001
-64,42,-997
-44,-5,-1026
-68,-7,-1022
-56,-13,-1013
-68,64,-1005
-56,-1,-997
-70,40,-999
-72,7,-999
-68,54,-989
-58,11,-1030
-74,3,-1024
-68,7,-1005
-56,31,-1018
-58,23,-1018
-62,-5,-1026
-76,-9,-1024
-68,5,-1036
-56,29,-1050
-70,31,-1036
-78,19,-1022
-68,27,-1034
-76,29,-1048
-66,29,-1028
-68,27,-1015
-64,19,-1034
-66,21,-1028
-78,1,-1011
-74,19,-1005
-66,21,-1015
-68,9,-1018
-74,17,-1013
-62,5,-1009
-62,11,-999
-68,11,-1009
-68,-5,-999
-68,-25,-1009
-60,-25,-1011
-68,-42,-1013
-68,-37,-1005
-68,-48,-995
-66,-44,-1007
-64,-44,-1011
-68,-54,-1009
-66,-54,-1011
-68,-50,-1007
-64,-83,-1018
-64,-72,-1007
-62,-80,-1007
-48,-111,-1028
-48,-119,-1026
-56,-148,-1022
-46,-169,-1024
-52,-140,-1018
-31,-165,-1026
-42,-160,-1024
-23,-171,-1013
-13,-197,-1013
-7,-189,-1009
0,-218,-1015
11,-226,-1011
11,-214,-1013
9,-249,-1016
29,-267,-1005
37,-251,-1003
70,-251,-995
83,-232,-1005
119,-255,-985
101,-308,-1003
138,-288,-1013
80,-283,-1032
101,-288,-1011
87,-290,-1003
37,-312,-987
46,-306,-981
33,-300,-991
-1,-314,-1011
-11,-284,-1013
-9,-296,-1003
-19,-283,-995
-44,-302,-979
-27,-306,-989
-56,-300,-999
-62,-281,-1001
-68,-277,-1020
-72,-261,-1030
-68,-277,-1009
-56,-294,-1015
-70,-253,-1005
-44,-267,-1022
-54,-220,-1011
-64,-242,-1032
-58,-230,-1026
-54,-230,-1015
-68,-206,-1009
-66,-224,-1005
-56,-173,-1003
-60,-204,-1013
-66,-171,-1007
-48,-204,-1007
-39,-181,-1011
-44,-121,-1005
-15,-134,-999
-29,-130,-1015
-31,-136,-1018
-17,-83,-1007
-3,-70,-1007
-15,-95,-1007
-17,-140,-1003
-5,-122,-1018
-7,-101,-1003
-9,-95,-1001
-7,-87,-1007
5,-101,-1030
7,-95,-1028
3,-95,-1016
0,-101,-1020
9,-91,-1024
9,-97,-1022
-3,-126,-1028
9,-117,-1030
1,-93,-1038
0,-81,-1022
3,-115,-1015
-11,-165,-1032
-1,-124,-1028
5,-121,-1020
-1,-124,-1028
11,-154,-1032
-5,-134,-1024
11,-111,-1016
5,-160,-1024
-11,-210,-1024
11,-240,-1009
0,-230,-1015
-9,-240,-1032
-7,-244,-1015
-3,-247,-1022
-21,-210,-1007
-11,-261,-1003
-15,-294,-1007
-19,-294,-1016
-15,-279,-1020
-35,-263,-1009
-27,-279,-989
-21,-271,-983
-31,-277,-997
-35,-290,-999
-19,-339,-1009
-54,-292,-1001
-15,-322,-991
-9,-347,-997
-40,-374,-997
3,-392,-993
-31,-351,-999
-17,-353,-993
0,-359,-1005
-33,-286,-1005
-19,-263,-989
-23,-298,-995
-17,-325,-1013
-13,-361,-1011
0,-361,-999
-13,-286,-997
-11,-396,-1003
-19,-320,-1001
19,-363,-1009
-35,-380,-1020
5,-343,-1005
-27,-325,-1030
7,-238,-999
0,-269,-999
-15,-343,-1030
5,-298,-1005
13,-265,-1016
-40,-265,-1030
9,-281,-991
-5,-333,-1022
-17,-298,-1013
-27,-275,-1003
-17,-220,-1007
-5,-216,-997
-29,-220,-1001
-13,-265,-1016
-19,-226,-1013
-1,-244,-1016
-13,-177,-1007
7,-195,-1003
-19,-269,-1013
11,-222,-1016
-39,-236,-1020
-9,-216,-1011
-21,-199,-1024
-9,-212,-1015
-1,-206,-1024
-31,-204,-1020
-19,-236,-1020
9,-232,-1022
-29,-199,-1026
3,-191,-1007
-17,-169,-1015
-23,-154,-1020
3,-162,-1011
-17,-201,-1015
-11,-204,-997
-21,-191,-1005
-15,-185,-1001
-40,-216,-1028
15,-236,-1007
-52,-244,-1009
9,-179,-1001
-15,-163,-1007
-15,-189,-1001
-9,-240,-1015
-15,-226,-1015
-29,-216,-1001
-9,-203,-999
-3,-222,-1005
-21,-226,-1020
19,-265,-1009
-31,-279,-1042
1,-255,-1013
-23,-199,-1020
-3,-201,-1005
-25,-236,-1022
-7,-273,-1013
-27,-257,-1018
-5,-249,-1026
-25,-257,-1018
-37,-216,-1005
0,-245,-1007
-17,-286,-1007
-9,-337,-1009
-11,-300,-1016
15,-275,-1013
-11,-269,-1020
1,-345,-1018
-19,-324,-1018
7,-318,-1001
-21,-314,-1007
23,-333,-1005
-19,-308,-1015
17,-292,-1018
-33,-283,-1007
5,-343,-987
-11,-355,-1007
-11,-335,-1005
0,-322,-1005
-17,-302,-1007
11,-316,-1018
-29,-306,-1028
11,-327,-989
-19,-320,-1013
3,-298,-997
-11,-283,-1005
-5,-308,-1013
-37,-284,-1011
-7,-283,-1001
-27,-238,-1005
-7,-318,-995
-7,-361,-1007
-31,-335,-1015
-13,-286,-999
-33,-245,-1018
-17,-273,-999
-31,-310,-1016
-3,-337,-1015
-44,-281,-1009
-7,-247,-997
-21,-156,-1003
0,-210,-1001
-7,-296,-1005
-19,-329,-1016
-11,-310,-1034
0,-220,-1015
-9,-203,-1001
-7,-240,-1003
9,-249,-1007
-39,-265,-1032
-11,-263,-1026
-31,-240,-1013
-15,-193,-1005
-21,-210,-1007
-11,-232,-1005
-19,-263,-1013
-25,-206,-1013
-7,-165,-1003
-11,-218,-1005
0,-292,-991
-1,-324,-1013
-9,-271,-1030
3,-193,-1009
3,-201,-1007
-5,-218,-1018
13,-300,-1013
-11,-302,-1030
-25,-277,-1013
-5,-240,-1015
-9,-236,-1011
0,-261,-1011
-1,-302,-1013
-7,-255,-1011
-3,-249,-1009
-7,-247,-1009
-15,-296,-1016
-15,-283,-999
-15,-263,-1016
-23,-224,-1028
-3,-263,-1016
0,-284,-1016
-1,-318,-1009
-15,-284,-1009
-7,-277,-1020
-11,-257,-1015
-5,-273,-1016
-9,-302,-1007
-11,-339,-1013
-31,-314,-1013
-9,-324,-1005
-13,-361,-1011
-3,-322,-1016
-13,-316,-1011
-13,-257,-1005
-39,-265,-1015
-9,-259,-995
-37,-296,-1001
-19,-283,-999
-27,-284,-1009
-25,-251,-997
-5,-273,-979
-23,-275,-995
-1,-318,-1015
-9,-331,-1020
1,-281,-1016
3,-306,-1022
5,-269,-1007
-5,-286,-1007
-5,-290,-1018
0,-277,-1022
-33,-277,-1005
-11,-306,-1018
-21,-247,-1011
-21,-240,-1001
-21,-212,-991
-17,-265,-1001
-29,-244,-1015
1,-277,-1005
-7,-267,-1015
0,-318,-1016
0,-292,-1018
5,-281,-1009
5,-247,-1011
15,-249,-1009
-9,-261,-1026
13,-201,-1016
-15,-187,-1005
-11,-169,-999
-9,-245,-1007
-11,-255,-1001
-23,-302,-993
-19,-245,-1001
-5,-255,-1016
-17,-222,-1024
-1,-236,-1013
0,-255,-1020
13,-273,-1030
-7,-267,-1020
5,-298,-1028
-19,-240,-1020
-13,-267,-1016
-13,-224,-1020
-17,-257,-1015
-19,-257,-1001
-29,-271,-1015
-21,-281,-1009
-29,-292,-997
-23,-273,-987
0,-279,-1007
-19,-210,-1016
-3,-234,-1024
-25,-283,-1034
7,-292,-1011
-17,-249,-1018
0,-230,-1005
-13,-255,-989
-9,-290,-1003
-19,-269,-1013
-21,-242,-1001
-17,-267,-1001
-39,-283,-991
-21,-284,-1011
-9,-290,-1005
-9,-325,-1015
-31,-341,-1011
-7,-288,-1015
-1,-240,-1003
5,-300,-1016
-11,-226,-1015
0,-224,-1013
-11,-204,-1005
-3,-283,-1009
-25,-316,-1009
19,-261,-1005
-3,-318,-1026
7,-310,-1007
5,-386,-1011
19,-288,-1011
11,-283,-1028
0,-273,-1028
-1,-251,-1018
-13,-187,-1011
-19,-156,-1015
-21,-214,-987
-33,-267,-1007
-42,-327,-1038
-21,-314,-1015
-13,-347,-995
-17,-347,-995
-1,-265,-991
-3,-238,-991
1,-251,-1016
-7,-265,-1034
-31,-273,-1034
-13,-244,-1003
-33,-249,-1009
-21,-290,-1015
-21,-271,-1001
-21,-261,-1024
-44,-251,-1005
-15,-253,-997
-27,-267,-1013
-9,-294,-999
-27,-312,-997
-21,-296,-1007
-7,-212,-995
-9,-163,-993
-7,-222,-997
-3,-267,-1018
-13,-286,-1026
-13,-257,-1032
-5,-193,-995
9,-238,-1003
3,-238,-993
-23,-242,-1005
-1,-206,-1020
-9,-234,-1001
-11,-261,-1003
-3,-185,-993
-13,-105,-999
-15,-44,-1009
-23,-39,-1011
-29,-40,-1003
-17,-40,-993
-39,-31,-989
-29,-5,-985
-40,3,-991
-23,11,-981
-25,39,-993
-33,78,-1001
-21,150,-1005
-17,197,-1005
-23,173,-985
-13,105,-1013
-9,109,-1013
-21,154,-1018
-19,253,-1026
-31,314,-1024
-13,283,-1030
-23,257,-1028
-23,224,-1040
-33,210,-1036
-21,267,-1020
-11,275,-1038
-19,376,-1040
-15,337,-1050
-15,308,-1071
-5,210,-1059
-7,175,-1063
7,167,-1052
0,265,-1050
17,197,-1071
-9,263,-1063
0,199,-1057
0,199,-1034
-5,201,-1013
-7,80,-1011
-19,105,-1040
-29,103,-1028
-17,175,-1013
-15,140,-997
0,48,-1005
-11,-44,-1005
-13,-60,-1005
-17,-89,-1015
0,-81,-1032
-15,-60,-1005
-3,-76,-1007
-17,-105,-999
-17,-173,-1007
-13,-203,-1007
-29,-179,-1003
-3,-158,-983
-19,-191,-999
-21,-185,-991
-7,-298,-1005
-37,-296,-1018
-21,-333,-983
-17,-361,-977
-21,-310,-983
-25,-339,-981
-29,-253,-999
-9,-226,-1007
-17,-257,-981
-1,-290,-997
5,-304,-977
29,-257,-985
-11,-230,-977
7,-312,-1005
-1,-372,-1013
-5,-396,-1013
-25,-368,-1003
-19,-286,-999
-29,-189,-1009
-17,-187,-1009
-27,-195,-1030
-15,-269,-1024
-29,-226,-1016
-21,-154,-997
-11,-52,-991
-11,-37,-1003
-40,-70,-1011
-31,-126,-999
-37,-148,-993
-21,-171,-999
-25,-128,-997
-31,-42,-1018
-11,-17,-1038
-21,111,-1028
-7,78,-1003
-1,81,-1007
1,17,-999
-17,60,-1013
-13,144,-1007
-23,238,-1003
-33,257,-1001
-15,216,-991
-27,130,-1003
-25,72,-1036
-9,70,-1036
-11,142,-1044
0,242,-1032
-5,341,-1036
15,333,-1046
-19,372,-1036
-7,324,-1038
-21,294,-1042
-17,236,-1034
-35,195,-1054
-27,232,-1067
-31,341,-1034
-19,337,-1024
-17,267,-1032
-11,150,-1030
-15,115,-1046
-27,226,-1056
-27,312,-1040
-17,396,-1028
-21,357,-1001
-5,201,-1015
-21,132,-1046
-19,23,-1046
-25,117,-1042
-7,152,-1005
5,156,-997
-3,62,-999
-21,95,-999
7,39,-985
-29,115,-1001
-3,-17,-993
-13,-29,-1001
-13,-23,-1005
-1,27,-1009
5,40,-1024
9,3,-1005
15,-89,-1005
7,-109,-1026
-1,-181,-1022
0,-89,-1015
-5,-60,-1015
-19,-27,-989
-7,-85,-995
-44,-130,-999
-27,-197,-1018
-50,-119,-1020
-31,-138,-1011
-33,-74,-985
-15,-85,-991
-23,-113,-985
-7,-197,-989
-35,-269,-1009
-13,-257,-1020
-35,-212,-1016
-35,-146,-989
-9,-193,-1003
-33,-152,-1005
-17,-228,-1007
-25,-162,-1030
-1,-156,-993
-19,-117,-995
-5,-144,-1001
-29,-130,-989
-3,-232,-1007
-35,-197,-993
-13,-224,-997
-35,-111,-997
-3,-56,-981
-11,-42,-1003
-5,-13,-1003
-11,-64,-1020
19,-68,-1015
-13,-50,-1015
27,-9,-1013
-1,9,-1026
5,-15,-1013
-11,-39,-1020
0,-40,-1013
-11,-3,-1016
-13,9,-1016
-27,89,-1026
-17,76,-1020
-23,107,-1020
-29,117,-1013
-21,169,-1024
-25,136,-1024
-33,134,-1024
-13,35,-1046
-44,156,-1032
-11,124,-1022
-37,183,-1030
-11,150,-1032
-23,117,-1042
-33,230,-1018
-21,171,-1028
-17,175,-1028
-11,154,-1038
-7,187,-1024
-33,281,-1007
-29,257,-993
-21,203,-995
-31,142,-1022
-35,62,-1038
-9,128,-1028
5,181,-1032
21,216,-1026
23,228,-1009
5,224,-1005
33,150,-1034
-13,212,-1026
7,160,-1011
-7,152,-1015
-9,126,-1018
0,89,-1016
-33,154,-1030
1,109,-1036
-23,101,-1013
0,23,-1005
-15,9,-1032
1,85,-1034
-23,154,-1018
-35,158,-1011
-11,89,-1015
-37,21,-1009
-31,-15,-1009
-25,-40,-1028
-42,-31,-1030
-17,-17,-1007
-31,29,-999
-11,5,-1007
-11,-48,-1001
-25,-122,-1020
-19,-56,-1007
-23,-58,-991
-35,-15,-985
-23,-54,-989
-23,-23,-985
-29,-78,-997
-21,-50,-1015
-1,-150,-1013
-25,-134,-1003
19,-163,-1001
-13,-101,-1022
-3,-48,-1011
-1,-37,-1001
-19,-50,-997
-17,-144,-1005
-35,-130,-1001
-5,-136,-1011
-29,-50,-1028
-21,-40,-1011
-13,-13,-991
0,-48,-977
-17,-91,-999
15,-220,-1034
-33,-191,-1032
5,-173,-1024
-40,-74,-1020
-21,-29,-995
-11,-70,-1007
-17,-48,-1024
-21,-58,-1028
-25,-27,-1018
-23,-3,-1015
-1,-3,-993
-15,-62,-1009
-19,-66,-1003
-9,-74,-997
-19,-25,-993
-21,-35,-997
-13,5,-1005
-15,29,-997
-7,97,-1026
-3,163,-1020
5,66,-1001
13,56,-1013
0,80,-1020
5,115,-1018
-1,154,-1040
-7,163,-1022
0,97,-1013
-33,122,-1020
-23,56,-1015
-29,74,-1050
-50,165,-1050
-5,195,-1024
-25,216,-1034
-29,212,-1028
-11,140,-1026
-19,146,-1038
-42,142,-1044
-9,162,-1022
-13,177,-1032
-17,163,-1032
-21,191,-1034
-21,146,-1020
-9,146,-1036
-9,130,-1016
-17,89,-1009
-21,142,-1005
-19,154,-999
-15,148,-1013
-13,156,-997
-23,124,-991
-15,46,-1005
-27,78,-1009
-3,1,-1005
-5,89,-1024
1,115,-1007
-1,134,-1013
19,148,-1001
0,29,-1022
-13,83,-1028
0,99,-1003
-3,91,-1005
-29,64,-1001
-29,23,-1009
-29,-25,-1020
-35,11,-1044
-21,37,-1016
-13,35,-1024
-15,85,-1011
-19,66,-999
-11,122,-1015
-19,113,-1009
-7,40,-1007
-39,42,-1013
-37,56,-1005
-19,40,-1020
-42,87,-1011
-27,44,-1005
-21,81,-1005
-23,56,-1015
-7,46,-979
1,23,-1009
-39,113,-1005
-7,111,-991
-27,130,-999
-21,101,-997
-11,124,-991
-15,136,-995
-11,152,-1007
-5,171,-1020
-11,156,-1022
11,152,-1009
11,187,-1028
5,218,-1011
9,230,-1011
-7,234,-1015
-5,193,-1022
-21,230,-1026
-33,269,-1022
-11,265,-1018
-39,316,-1022
-9,310,-1024
-15,288,-1016
-42,322,-1024
-5,238,-1038
-19,302,-1040
-25,279,-1044
-29,325,-1032
-37,347,-1018
-39,376,-1016
-50,396,-1016
-40,435,-1009
-27,343,-1026
-35,339,-1030
-37,357,-1020
-11,366,-999
0,382,-1011
-23,349,-1024
-15,283,-1034
-21,298,-1020
-9,333,-1024
-23,435,-997
-17,407,-999
-7,357,-1028
-15,312,-1028
-13,347,-1030
-5,423,-1016
0,452,-1011
11,396,-1015
7,345,-1028
-9,273,-1048
13,267,-1038
23,355,-1018
-3,372,-1005
-3,343,-1020
-31,312,-1024
-21,247,-1050
-19,284,-1048
-19,357,-1026
17,353,-1005
-1,366,-1007
7,275,-1034
-35,222,-1044
-15,181,-1028
-5,177,-1032
-13,269,-1013
-33,284,-1001
-33,257,-1018
-33,279,-1007
-27,162,-1013
-39,158,-1011
-11,154,-1007
-11,173,-1020
-27,341,-1026
-19,296,-991
-7,185,-1005
-31,85,-1022
-15,37,-1013
-35,113,-1011
-44,206,-999
-33,253,-983
-42,232,-983
-17,169,-976
-17,81,-1016
-27,150,-1022
-13,177,-1028
0,267,-1015
-1,277,-1011
15,218,-1020
5,232,-1018
5,158,-1011
-15,177,-1038
-21,253,-1015
-23,226,-1001
-44,251,-1007
-37,251,-1001
-31,203,-1016
-39,279,-1013
-21,232,-1013
-40,294,-1030
-7,333,-1013
0,357,-1009
-19,302,-1018
-21,275,-1028
1,220,-1030
-39,333,-1022
-17,378,-1001
-42,392,-1009
-21,380,-997
-33,306,-1015
-29,308,-1013
-33,296,-1015
5,322,-1034
-5,415,-1044
-17,433,-1032
0,450,-1036
-3,415,-1030
-3,372,-1032
-27,329,-1038
-23,372,-1018
-11,370,-1028
-27,452,-1005
-37,448,-999
-31,406,-1005
-31,406,-997
-23,337,-1020
-11,363,-1036
-9,396,-1032
-1,448,-1042
7,503,-1028
11,491,-1030
39,372,-1028
0,396,-1034
23,300,-1052
-33,374,-1038
-3,365,-1011
-23,406,-1028
-15,429,-1007
-40,386,-985
-11,306,-993
-39,361,-1005
-27,304,-1015
-27,329,-1020
-21,343,-1020
-27,365,-1028
-21,390,-1030
-29,314,-1022
-23,261,-1007
-21,324,-1022
-21,284,-1028
-33,290,-1005
-33,286,-987
-9,294,-1005
-37,322,-995
-40,230,-991
-33,234,-1001
-29,300,-1005
-15,281,-1016
-33,284,-1013
-3,240,-1005
11,247,-1036
-17,292,-1038
-15,224,-1011
-15,187,-1018
-15,244,-1050
-19,244,-1024
-33,255,-1003
-11,242,-1009
-5,261,-1020
-31,300,-1005
-27,240,-1009
-21,216,-1005
-19,216,-1020
-15,240,-1026
-21,257,-1007
-19,279,-997
19,257,-1015
-1,298,-1013
-3,234,-1003
13,236,-1022
13,298,-1028
11,290,-1028
0,306,-1013
25,265,-1009
21,236,-1032
0,290,-1032
-5,244,-1044
-3,320,-1048
-13,355,-1038
-13,390,-1024
-35,341,-1015
-40,372,-993
-29,310,-1022
-66,343,-1022
-52,271,-1011
-50,312,-1028
-42,417,-1005
-35,402,-1024
-19,372,-1011
-21,310,-1020
-1,347,-1042
-19,411,-1032
-25,394,-1028
-13,357,-1024
-7,380,-1016
-7,351,-1036
-39,376,-1022
-25,394,-999
-19,390,-1022
-35,419,-1024
-42,396,-1007
-40,382,-1015
-17,437,-1007
-33,365,-1028
-40,382,-1013
-19,361,-1007
-21,404,-1024
-17,431,-1022
-29,353,-1020
-13,320,-1044
-13,353,-1034
-1,400,-1018
-3,415,-1022
5,445,-1015
1,374,-1036
-7,417,-1028
-15,337,-1018
-17,343,-1032
-19,388,-1024
-11,357,-1015
-29,363,-1030
-19,359,-1020
-13,378,-1016
-21,376,-1020
-15,310,-1007
-7,251,-1013
-7,357,-1011
7,329,-1015
-9,366,-1009
13,281,-1005
5,273,-1016
23,290,-1022
0,288,-1028
9,265,-1034
5,310,-1009
7,259,-1028
-11,304,-1016
-5,269,-1013
-29,312,-1028
-13,331,-1015
-35,267,-1013
-39,259,-1015
-39,300,-1003
-15,273,-1011
-52,286,-1013
-37,257,-1001
-23,247,-1013
-35,314,-1015
-46,275,-1024
-25,261,-999
-21,271,-1015
-11,226,-1007
-21,267,-1024
-29,292,-1007
-17,318,-1009
-23,341,-1007
-21,245,-1015
-27,257,-997
-33,318,-1003
-11,316,-1009
-27,325,-1007
-31,281,-1005
-7,271,-1024
-17,325,-1009
-21,308,-1015
-13,300,-1024
-19,341,-1018
-1,325,-1015
-21,353,-1013
-31,357,-1011
-11,329,-1026
-25,349,-1015
-13,300,-1007
-7,347,-1018
-11,402,-1018
-5,376,-1015
-31,382,-1018
-5,341,-1020
-3,337,-1030
-19,382,-1032
-13,363,-1024
-1,365,-1036
-11,423,-1026
-15,392,-1016
-25,404,-1024
-5,341,-1028
-21,343,-1032
-1,378,-1034
-21,390,-1024
-15,404,-1026
-17,443,-1016
-15,390,-1022
-29,390,-1011
-37,359,-1016
-21,376,-1042
-29,427,-1022
-19,366,-1007
-35,366,-1034
-17,394,-1013
-19,376,-1013
-35,396,-1011
-35,363,-1013
-15,366,-1018
-31,398,-1024
-17,345,-1016
-25,331,-1015
-15,357,-1013
-13,353,-1024
-25,357,-1011
-19,343,-1016
-9,343,-1015
-15,382,-1016
-15,333,-1007
-13,329,-1007
-17,335,-1003
-23,308,-1024
-25,318,-1015
-13,314,-1007
-7,290,-1018
-15,312,-1015
-1,269,-1015
-15,300,-1022
-3,349,-1009
-7,310,-1026
-17,312,-1013
-5,253,-1011
-21,245,-1016
-5,296,-1016
-17,245,-1026
-7,281,-1018
-19,318,-1016
-1,267,-1016
-17,257,-1015
-1,238,-1009
7,230,-1022
-29,324,-1022
-17,288,-1007
-7,304,-1005
-7,298,-1011
-17,228,-1020
-33,255,-1026
-15,244,-1015
-11,290,-1015
-21,333,-1005
-19,284,-997
-13,302,-1005
-40,337,-1015
-11,284,-1028
-33,298,-1018
-15,277,-1020
-33,331,-1016
-25,386,-1001
-27,341,-1011
-21,320,-1024
-13,320,-1026
-27,286,-1026
-42,345,-1028
-27,341,-1005
-9,361,-1022
-37,400,-1015
-21,325,-1015
-31,353,-1018
-21,384,-1022
-13,349,-1028
-35,382,-1018
-15,388,-1024
-9,400,-1028
-19,402,-1007
-29,343,-1028
-13,357,-1032
-17,388,-1026
-13,376,-1026
-21,372,-1020
-15,341,-1016
-11,353,-1026
-19,382,-1018
-9,325,-1024
-11,333,-1044
-21,343,-1034
-17,314,-1034
-29,331,-1020
-13,286,-1016
-3,296,-1032
-1,292,-1040
-17,245,-1028
-9,238,-1042
-9,275,-1028
-5,214,-1028
-13,218,-1018
-3,197,-1011
-7,204,-1028
-11,222,-1022
-19,140,-1026
-13,156,-1020
-13,158,-1020
-9,122,-1018
-9,91,-1022
-17,89,-1015
1,66,-1026
-15,111,-1020
-15,50,-1013
-15,39,-1022
-7,37,-1005
-11,0,-1007
-19,19,-1001
-13,-1,-999
-11,5,-1013
-19,5,-1001
-19,-48,-991
-11,-48,-1001
-17,-33,-999
0,-48,-1001
-31,-37,-1009
-17,-44,-989
-15,-50,-1009
-17,-33,-995
-19,-60,-997
-11,-48,-1005
-23,-29,-999
-21,-44,-1005
-23,-39,-1001
-19,-40,-1003
-13,-29,-997
-27,-9,-1005
-23,-35,-1003
-17,-13,-1013
-17,15,-1007
-1,-7,-1013
-19,15,-1009
-15,11,-997
-5,42,-1005
-5,64,-1011
-11,21,-1005
-21,54,-1018
-19,70,-1015
-19,66,-1018
-15,105,-1007
-17,111,-1007
-7,119,-1013
-29,142,-1016
-11,109,-1013
-19,154,-1016
-11,173,-1013
-13,171,-1026
-15,171,-1011
-9,177,-1013
-17,195,-1015
-23,226,-1016
-13,181,-1024
-15,214,-1022
-15,230,-1013
-19,214,-1024
-21,230,-1011
-17,228,-1011
-9,230,-1026
-19,247,-1028
-15,224,-1028
-13,226,-1018
-13,240,-1020
-11,216,-1034
-9,230,-1018
-15,210,-1016
-5,226,-1015
-21,222,-1020
-13,193,-1020
-11,203,-1022
-21,214,-1009
-17,175,-1018
-15,175,-1024
-17,173,-1009
-7,160,-1015
-17,169,-1016
-5,126,-1016
-15,124,-1020
-5,122,-1013
-15,95,-1013
-15,109,-1018
-19,85,-1011
-15,76,-1013
-17,56,-1018
-17,40,-1020
-11,29,-1007
-9,42,-1009
-13,-19,-1018
-25,13,-1022
-15,-5,-1016
-17,-17,-1013
-21,-23,-1007
-11,-37,-1005
-19,-33,-1009
-13,-25,-1011
-15,-44,-1009
-27,-48,-1015
-13,-48,-1005
-19,-56,-1007
-19,-42,-1001
-17,-54,-1001
-11,-62,-1013
-11,-48,-1011
-15,-60,-997
-7,-56,-995
-15,-56,-1009
-11,-64,-1007
-37,-44,-1015
-13,-50,-1005
-19,-44,-1007
-21,-50,-1005
-9,-54,-1013
5,-54,-1015
-35,-40,-1024
9,-56,-1016
-21,-37,-1015
-19,-48,-1015
-15,-42,-1011
-9,-19,-1011
-23,-23,-1018
-13,-31,-1022
-23,-19,-1009
-3,-13,-1015
-19,33,-1011
-23,9,-1005
-1,3,-1016
-17,19,-1020
-13,15,-1015
-3,27,-1028
-9,68,-1007
-31,54,-1020
3,62,-1007
-31,68,-1018
-7,80,-1015
-15,111,-1026
-25,91,-1036
-9,101,-1015
-27,115,-1022
-29,111,-1016
-13,130,-1020
-23,119,-1024
-21,121,-1016
-11,136,-1016
-39,138,-1032
-5,144,-1024
-21,140,-1024
-7,142,-1022
-3,130,-1016
1,138,-1024
-29,154,-1036
-3,150,-1026
-1,140,-1015
-33,163,-1020
-13,130,-1011
-19,146,-1022
-23,150,-1011
-19,124,-1022
-1,136,-1015
-31,142,-1030
5,117,-1007
-25,126,-1022
-3,103,-1011
-7,81,-1015
-29,113,-1011
-15,89,-1020
-3,95,-1020
-33,99,-1003
-7,60,-1009
-1,60,-1016
-44,68,-1018
1,37,-1011
-35,66,-1028
-15,35,-1005
-11,39,-1013
-15,42,-1009
-21,11,-1015
-9,5,-1020
-39,15,-1007
-3,-21,-1022
-11,11,-1015
-35,-3,-1007
7,-21,-1003
-13,-13,-1015
-15,-29,-999
-1,-35,-1016
-9,-15,-1005
-25,-31,-1005
-3,-37,-999
-27,-33,-1003
-17,-40,-1005
-29,-37,-1011
-19,-50,-1003
-27,-31,-1009
-21,-42,-1009
-29,-48,-1005
-7,-27,-1005
-21,-42,-1001
-21,-40,-1005
-11,-35,-1001
-15,-40,-1011
-3,-31,-1001
-17,-40,-1016
9,-44,-1011
-42,-23,-1009
0,-44,-1001
-42,-21,-1026
-13,-17,-1007
-19,-40,-1020
-27,-3,-1013
-13,-19,-1001
-37,-11,-1018
-13,-5,-1005
-13,-11,-1011
-17,11,-1009
-13,11,-1011
-9,3,-1015
-25,25,-1015
-19,9,-1003
-11,3,-1024
-13,39,-1018
-7,5,-1005
-17,60,-1015
-19,31,-999
-13,27,-1020
3,66,-1005
-33,50,-1016
11,64,-1009
-31,78,-1020
-13,44,-1015
-9,87,-1013
-19,64,-1024
-3,85,-1015
-21,89,-1013
-13,66,-1024
-11,91,-1020
-25,85,-1013
-19,89,-1020
0,105,-1030
-46,101,-1032
5,80,-1016
-37,99,-1026
-11,97,-1020
-11,95,-1026
-27,111,-1032
-19,93,-1024
-21,81,-1028
1,93,-1022
-31,93,-1030
7,76,-1018
-33,103,-1024
-15,60,-1016
-23,80,-1003
-3,70,-1005
-33,70,-1020
-1,64,-1011
-23,52,-1018
-13,66,-1015
-17,44,-1020
-3,31,-1018
-9,52,-1001
-21,9,-1020
-9,23,-1005
-40,33,-1022
-1,-7,-1003
-42,31,-1016
-1,7,-1005
-35,-3,-1011
-11,9,-1003
-13,-5,-1015
-23,-15,-1005
-23,-13,-1001
-7,-44,-1015
-35,-9,-1011
0,-25,-1005
-15,-40,-1016
-25,-5,-1015
5,-35,-1007
-44,-13,-1015
3,-23,-997
-48,-39,-1028
3,-27,-995
-29,-27,-1007
-9,-29,-1018
-15,-13,-1003
-13,-39,-1024
-21,-25,-999
-13,-21,-1005
-15,-31,-1022
-19,13,-1009
-29,-25,-1020
-17,-11,-1009
-21,-3,-1018
-1,-21,-1016
-9,19,-1011
-7,-3,-1011
3,-5,-1015
-35,7,-1018
7,-3,-1001
-35,17,-1024
3,15,-1011
-15,-5,-1020
-17,25,-1018
-13,19,-1009
-25,29,-1022
-1,21,-1015
-37,21,-1022
7,19,-1015
-40,60,-1020
3,19,-1013
-42,74,-1028
11,31,-1007
-27,40,-1030
-7,52,-1015
5,46,-1015
-13,64,-1032
15,54,-1018
-35,56,-1026
21,46,-1003
-52,78,-1030
21,35,-1007
-60,95,-1028
15,39,-999
-44,74,-1022
-7,66,-1013
-31,66,-1024
-15,76,-1016
-11,58,-1003
-25,46,-1028
-5,64,-999
-33,68,-1022
-27,40,-1024
23,68,-1007
-37,42,-1028
11,46,-1001
-37,66,-1022
3,5,-1015
-29,68,-1005
3,3,-1011
-35,60,-1011
-3,25,-993
-17,5,-1030
-48,25,-1026
0,7,-1005
-44,40,-1046
19,29,-1015
-33,7,-1018
23,-3,-1032
-27,13,-1042
25,5,-1022
-31,60,-1034
17,3,-1003
-19,-13,-1018
-3,-11,-1009
-1,-15,-999
-33,0,-1024
21,-11,-1005
-44,-9,-1032
23,-35,-987
-48,-7,-1022
23,-37,-997
-44,27,-1020
25,-31,-987
-48,3,-1015
-13,21,-1034
-76,37,-1015
-556,-58,-829
1225,23,-1108
-1206,-193,-1378
1793,226,-224
-882,-439,-1134
1276,318,-1182
-1401,39,-1106
1042,-251,-899
-1138,302,-1294
579,-212,-667
-447,183,-1296
300,-42,-819
-197,160,-1116
245,-122,-899
-148,156,-1085
-9,-85,-944
-15,121,-1056
-204,160,-983
132,-85,-1013
-187,107,-1007
78,-126,-999
-150,97,-1056
15,-40,-913
-64,222,-1128
17,91,-1018
-27,115,-1052
11,-85,-983
-113,-33,-1050
62,-9,-929
-68,150,-993
35,253,-1024
-17,152,-1083
101,-40,-1003
-31,-177,-1050
50,-87,-940
-21,119,-989
89,337,-968
-52,244,-1110
15,-7,-1077
-21,-204,-1022
17,-183,-962
-60,44,-972
11,236,-933
-64,240,-1007
13,134,-1063
-68,1,-1095
39,-171,-999
-40,-134,-1005
5,27,-997
17,257,-966
11,232,-1030
13,66,-1065
42,-126,-1077
21,-179,-1009
-13,-39,-997
50,160,-987
-3,201,-981
15,193,-1013
-3,-62,-1059
-56,-128,-1069
-44,-99,-1024
-15,-15,-1009
-40,165,-995
15,167,-1001
-39,89,-1009
-21,-81,-1046
-42,-165,-1046
-33,-66,-1022
-13,78,-999
9,173,-976
-29,105,-1009
-3,-48,-997
-64,-97,-1028
-13,-89,-1018
-21,-7,-1020
-13,121,-983
-33,109,-1003
-19,85,-1026
-46,-33,-993
-17,-117,-1018
-40,-56,-1032
-3,85,-997
-17,146,-1011
-21,124,-1011
-3,-40,-997
-7,-72,-1001
-15,-13,-1001
-3,48,-1028
-11,103,-1022
-19,27,-1011
-9,33,-1016
-9,19,-995
-7,17,-997
-15,17,-1024
-29,21,-1040
-7,-15,-1030
-40,62,-1015
7,62,-995
-11,72,-1009
-17,40,-1003
-7,-25,-1038
-27,-5,-1038
-17,19,-1015
1,81,-1013
-1,76,-1005
-11,44,-1016
-5,7,-1018
-11,5,-1016
-3,7,-1024
-7,11,-1009
-7,35,-1016
-3,42,-1001
-29,68,-1018
-25,35,-1015
1,7,-1020
-19,0,-1011
-13,5,-1020
-21,52,-1015
-11,74,-1024
-5,60,-1020
-15,31,-1013
-3,-25,-1007
-15,-23,-1013
-25,27,-1015
-13,44,-1028
-5,50,-1005
-17,17,-1015
-13,-1,-999
-3,-1,-1013
-44,17,-1018
-1,23,-1015
-29,39,-1007
-1,33,-1020
-33,42,-1005
-15,-3,-1018
-27,-21,-1015
-23,5,-1013
0,21,-1015
-5,52,-1003
-288,3,-958
-23,35,-1075
-95,58,-948
140,17,-944
-419,-99,-1126
745,9,-1071
1063,42,-931
-388,-265,-1188
-482,560,-831
-343,-191,-851
696,19,-1175
-406,-40,-1202
-169,-39,-876
-171,224,-856
357,154,-1032
-91,-29,-1034
-64,-50,-1013
-64,68,-991
122,-109,-1005
-78,3,-1085
74,39,-976
-46,124,-1022
-66,39,-1028
17,-19,-1020
-23,5,-993
-62,50,-1069
70,109,-1050
-25,35,-981
68,21,-1059
76,70,-1028
3,-31,-958
5,-35,-997
-1,37,-1063
-46,56,-1011
-29,83,-968
-23,23,-1016
-13,9,-1009
-56,50,-987
-33,40,-1011
-11,-9,-1048
-19,37,-1022
-1,35,-1018
-21,42,-1016
-13,-29,-1001
-1,-33,-1024
1,33,-1016
-29,31,-997
5,60,-995
-35,31,-1042
-19,19,-1003
-25,50,-995
-25,40,-1032
0,-3,-1022
-21,0,-1015
-9,9,-1018
0,29,-1030
0,9,-1024
-23,5,-1022
-19,7,-1003
-9,13,-995
-21,23,-1013
-11,46,-1016
-29,44,-997
-23,40,-1007
-33,31,-1009
-1,-35,-1013
-27,15,-1030
0,15,-1005
-17,21,-1032
-7,31,-989
-33,3,-1022
7,15,-1032
-21,29,-1013
-15,9,-1015
-21,19,-1026
-15,17,-1018
-3,19,-1005
-9,29,-1013
-21,-5,-1026
5,0,-1036
-33,9,-1022
-15,23,-1016
-11,27,-1022
-29,29,-1030
11,23,-1022
-35,31,-1016
-3,17,-1011
-19,7,-1022
3,35,-1003
-31,21,-1005
-5,13,-1007
-27,21,-1011
-9,3,-1016
-17,33,-1018
-11,13,-1016
-19,50,-1013
-3,31,-1018
-33,35,-1028
-3,7,-1016
-39,33,-1026
11,3,-1013
-39,66,-1013
3,5,-1013
-31,31,-1016
0,13,-1015
-19,17,-1001
-21,29,-1034
9,23,-999
-37,21,-1020
5,33,-1001
-44,17,-1034
9,7,-991
-58,37,-1038
27,3,-1011
-62,44,-1026
11,-5,-1011
-40,17,-1009
-11,13,-989
-21,19,-1013
-21,25,-1040
-7,13,-993
-40,15,-1032
19,13,-997
-54,25,-1030
19,3,-1001
-62,27,-1030
11,-1,-1011
-56,33,-1020
21,11,-1005
-44,19,-1009
-3,21,-1009
-17,25,-1026
-21,21,-1022
0,21,-989
-42,23,-1042
17,5,-991
-56,31,-1013
31,7,-991
-58,44,-1057
25,1,-989
-52,27,-1040
31,7,-1003
-39,33,-1024
35,31,-1003
-56,46,-1013
9,-3,-1011
-17,13,-1026
-15,23,-999
11,29,-1013
-39,44,-1028
25,7,-985
-54,25,-1040
35,9,-1015
-54,17,-1036
27,19,-983
-66,35,-1036
54,1,-1001
-68,54,-1009
21,-3,-1009
-37,29,-1022
13,13,-1007
-19,21,-1018
-9,27,-1046
11,35,-976
-40,25,-1028
29,15,-999
-40,19,-1044
23,9,-974
-70,54,-1046
56,-7,-991
-66,52,-1028
48,-15,-993
-70,25,-1036
42,11,-999
-44,23,-1028
1,29,-995
-7,15,-1048
-1,29,-1009
15,17,-995
-25,40,-1038
19,11,-1011
-48,11,-1038
35,29,-993
-52,50,-1009
39,5,-993
-52,19,-1052
39,7,-1001
-66,19,-1036
37,13,-993
-62,29,-1022
13,5,-999
-37,37,-1022
1,9,-1013
-19,15,-999
-25,19,-1028
7,15,-995
-48,19,-1026
11,25,-989
-52,15,-1038
27,9,-997
-58,29,-1022
15,5,-1001
-21,27,-1022
0,23,-1015
-21,19,-1011
-3,39,-1013
-23,7,-1016
-9,21,-1015
-21,25,-1011
-21,31,-1028
7,17,-1009
-37,17,-1022
25,0,-1013
-44,39,-1030
23,19,-999
-46,33,-1030
33,23,-1003
-52,9,-1026
27,25,-1001
-52,35,-1026
25,21,-1015
-39,31,-1022
-3,0,-1022
-25,39,-1022
-11,21,-1020
-9,31,-1009
-9,15,-1026
11,19,-1003
-40,19,-1024
13,21,-1001
-33,13,-1036
-5,27,-999
-35,31,-1026
9,7,-1003
-44,29,-1020
11,9,-1003
-46,40,-1024
13,11,-997
-37,19,-1016
-17,21,-1011
-23,27,-1005
-13,11,-1016
-37,29,-1011
-9,13,-1013
-17,23,-1018
-27,37,-1011
-13,9,-1005
-31,25,-1024
-3,17,-1001
-33,9,-1030
0,27,-1009
-46,27,-1018
11,7,-1003
-44,35,-1020
3,0,-1009
-17,40,-1018
-7,9,-1020
-17,25,-1009
-7,15,-1026
-19,17,-1011
-1,21,-1015
-15,25,-1013
-9,19,-1024
1,19,-1020
-31,17,-1016
-1,5,-1015
-23,42,-1028
-21,9,-1005
-1,13,-1015
-9,9,-1022
-33,15,-1016
23,19,-1009
-29,35,-1015
5,11,-1011
-1,21,-1020
-17,23,-1016
5,15,-1015
-13,33,-1020
-7,9,-1016
-25,29,-1020
1,25,-1005
-33,19,-1024
1,33,-1007
-37,21,-1038
-11,9,-1013
-21,40,-1018
-15,13,-1007
-13,42,-1011
-11,15,-1003
-35,23,-1009
7,19,-1007
-31,31,-1020
-13,11,-1007
-23,27,-1015
-35,19,-1018
-5,21,-1007
-17,35,-1009
-23,27,-1018
3,15,-1015
-29,21,-1005
-21,15,-1013
-15,29,-1001
-39,19,-1013
-17,29,-995
-27,13,-1018
-9,25,-1003
-19,33,-1005
-19,11,-1016
1,31,-1009
-13,9,-995
-23,23,-1009
-3,7,-1015
-13,37,-1001
-17,15,-1009
-1,21,-1009
-19,15,-1016
-13,17,-1009
-19,17,-1022
0,19,-1011
-19,31,-1009
-1,13,-1020
-1,21,-1022
-21,25,-1018
-7,11,-1013
-5,7,-1016
-23,25,-1018
-11,19,-1020
-9,19,-1011
-21,35,-1013
-3,9,-1003
-23,25,-1034
5,25,-1007
-35,33,-1030
5,21,-1015
-13,9,-1020
-19,23,-1003
-1,23,-1013
-35,25,-1013
-11,23,-1003
-15,11,-1013
-33,13,-1011
-21,21,-1009
0,19,-1005
-58,40,-1018
11,9,-1005
-17,19,-1007
-23,23,-1011
-15,7,-1005
-11,31,-1020
-37,27,-1013
-1,0,-1022
-27,23,-1022
-27,13,-1005
3,19,-1015
-31,31,-1024
-21,9,-1013
7,9,-1030
-54,42,-1022
-3,11,-1009
-23,31,-1015
-25,11,-1024
13,9,-1011
-21,33,-1015
-3,3,-1013
3,19,-1020
-11,25,-999
-23,9,-1026
21,23,-1005
-54,33,-1022
31,13,-1005
-29,37,-1022
-21,13,-1007
5,11,-1016
-19,35,-1015
-15,23,-1015
11,15,-1015
-42,25,-1009
0,13,-1011
-9,44,-1018
-19,27,-1022
7,31,-1016
-13,9,-1016
-23,11,-1013
0,31,-1024
-35,35,-1020
3,3,-1015
-29,40,-1016
-33,5,-1009
-11,23,-1018
-7,31,-1013
-35,9,-1026
0,33,-1013
-33,11,-1013
-15,11,-1013
-9,27,-1022
-21,11,-1007
-21,25,-1015
-11,15,-1020
-19,19,-1016
-19,40,-1011
-21,17,-1022
-17,17,-1013
-11,17,-1013
-19,13,-1005
-9,33,-1009
-21,21,-1005
-27,19,-1007
-7,11,-1024
-19,21,-1005
-23,21,-1018
-19,27,-1020
-17,25,-1009
-35,33,-1018
-11,23,-1020
-13,13,-1015
-19,35,-1013
-19,13,-1018
-7,17,-1016
-17,33,-1016
-21,23,-1015
-11,15,-1016
-17,25,-1016
-23,-5,-1018
1,11,-1007
-7,33,-1001
-5,27,-1015
9,9,-1020
-167,9,-1048
99,40,-991
0,15,-981
-11,40,-1048
89,0,-1003
-25,-1,-1005
-54,42,-1040
35,46,-981
-56,19,-1020
0,15,-1016
3,25,-1007
-25,3,-1034
-17,40,-1018
-15,23,-995
-33,25,-1024
-19,25,-1001
-9,15,-1007
-40,29,-1016
-1,15,-1005
-33,11,-1015
-11,29,-999
-42,17,-1018
9,31,-1009
-48,44,-1024
-23,15,-1009
-15,19,-1026
-27,21,-1003
-40,23,-1015
1,21,-1013
-29,46,-1016
-13,25,-1028
-15,7,-1013
-17,1,-1013
-31,19,-1016
-9,19,-1024
-29,23,-1009
-13,29,-1011
-9,25,-1020
-9,21,-1015
-17,21,-1003
1,15,-1015
-23,35,-1016
-3,21,-1005
-29,31,-1020
0,17,-1024
-27,29,-1007
-11,9,-1015
13,21,-1022
83,35,-1013
-78,31,-999
113,19,-1016
-78,37,-1034
78,29,-987
-56,31,-1030
60,-5,-991
-56,27,-1015
27,11,-1018
-33,52,-1030
0,31,-1001
-19,3,-1016
1,-1,-1005
-13,19,-1015
-7,17,-1007
-15,27,-1038
-5,21,-1011
-19,9,-1009
-15,9,-1020
-1,-15,-1018
-17,9,-1005
-5,17,-1013
-7,-3,-1013
-25,25,-1003
-5,7,-1015
-17,9,-1015
-21,5,-1003
-11,-3,-1018
-9,21,-1015
-17,17,-1005
-19,11,-1022
-17,17,-1016
-33,21,-1013
-37,27,-1015
-25,3,-1013
-19,11,-1016
-27,31,-1005
-21,27,-1032
-21,29,-1009
-21,19,-1013
-19,0,-1026
-3,19,-1013
-33,35,-1005
-13,33,-1016
-17,27,-1022
-35,31,-1013
-23,27,-997
-17,15,-1016
-21,29,-1005
-15,31,-1011
-17,40,-1022
-5,31,-1005
-13,33,-1013
-11,23,-1018
-1,21,-1005
-11,35,-1003
-13,23,-1015
-5,42,-1022
-9,35,-1013
-11,27,-1015
3,21,-1018
-13,11,-1011
0,25,-1016
-13,29,-1024
-3,23,-1007
-21,13,-1013
-7,13,-1020
-3,25,-1013
-9,29,-1016
-15,15,-1016
-3,3,-1015
-35,29,-1015
-1,15,-1009
-11,29,-1016
-19,31,-1005
-17,11,-1022
-21,15,-1024
-21,23,-1007
-33,27,-1016
-15,25,-1024
-25,17,-1015
-15,19,-1001
-11,27,-1016
-19,19,-1015
-23,25,-1007
-19,5,-1016
-19,5,-1015
-21,13,-1011
-13,13,-1016
-5,15,-1013
-21,19,-1005
-19,11,-1009
0,19,-1013
-29,27,-1015
-19,19,-1013
-7,17,-1016
-17,11,-1003
-23,19,-1005
-13,23,-1013
-11,9,-1011
-23,23,-1007
-9,13,-1013
-9,19,-1018
-17,40,-1016
-23,25,-1024
0,15,-1013
-23,21,-1009
-11,17,-1016
0,23,-1026
-7,25,-1009
-13,23,-1016
-9,11,-1018
-11,15,-1013
-19,21,-1009
-1,15,-1015
-7,25,-1013
-15,29,-1016
-7,17,-1013
-7,17,-1011
-21,39,-1009
-13,17,-1016
0,21,-1016
-21,25,-1009
-11,29,-1016
-13,29,-1016
-19,15,-1011
-13,19,-1009
-17,25,-1020
-13,25,-1005
-25,31,-1013
-7,23,-1016
-17,19,-1007
-31,21,-1016
-21,25,-1024
-15,21,-1009
-27,39,-999
-17,15,-1024
-7,23,-1015
-21,25,-1003
-21,25,-1015
-19,21,-1015
-27,37,-1009
-23,21,-1013
-5,25,-1020
-17,13,-1015
-31,23,-1007
-21,15,-1022
-13,13,-1016
-19,21,-1013
-17,11,-1015
1,19,-1020
-25,25,-1009
-5,5,-1016
-21,11,-1028
-15,19,-1009
-29,21,-1022
1,15,-1020
-21,15,-1016
5,9,-1018
-3,21,-1030
-9,13,-1013
-15,13,-1015
-5,9,-1024
-15,11,-1007
-9,23,-1009
-3,21,-1016
-5,15,-1016
-11,27,-1009
-17,9,-1018
0,11,-1018
-7,23,-1009
-11,17,-1013
0,19,-1024
-11,13,-1011
-19,19,-1016
-7,29,-1026
-21,27,-1018
-21,19,-1005
-15,15,-1024
-11,3,-1016
-15,35,-1015
-19,19,-1018
-1,13,-1011
-31,19,-1015
-25,13,-1018
-13,23,-1022
-21,29,-1009
-21,27,-1015
-9,27,-1007
-21,25,-1007
-27,29,-1013
-19,25,-1022
-29,15,-1003
-17,23,-1013
-19,25,-1028
-13,21,-1007
-23,31,-1003
-17,23,-1018
-11,17,-1007
-33,23,-1015
-13,29,-1015
-3,25,-1013
-31,37,-999
-21,19,-1007
-17,23,-1016
-9,15,-1007
-21,31,-1018
-5,21,-1024
-31,23,-1016
-23,21,-1020
-19,23,-1015
-11,25,-1011
-21,29,-1011
-21,15,-1028
-15,5,-1020
-33,11,-1032
-31,19,-1018
-42,25,-1024
-39,15,-1011
-48,5,-1015
-52,19,-1020
-54,13,-1009
-68,13,-1013
-68,11,-1016
-76,35,-999
-72,11,-1015
-70,23,-1022
-87,5,-1018
-83,21,-1011
-107,29,-1016
-111,9,-1020
-121,-23,-1020
-136,52,-1005
-132,64,-1024
-136,37,-1015
-126,-40,-1015
-144,-27,-1011
-554,72,-1075
-706,-163,-1013
-1253,-146,-1294
-956,80,-1022
-1555,212,-894
-1352,76,-858
-1383,33,-907
-1555,-80,-1050
-1317,115,-985
-1752,152,-1177
-1141,-138,-1001
-1448,13,-1050
-1335,89,-837
-1575,-35,-974
-1165,-300,-1007
-1483,-17,-1184
-1231,97,-1175
-1456,292,-1149
-1054,-54,-1093
-897,-33,-993
-1194,122,-989
-958,109,-952
-940,-9,-1167
-854,-60,-1081
-995,-23,-1011
-997,35,-858
-968,-83,-907
-983,-64,-925
-1235,111,-901
-1395,81,-970
-1208,-64,-1036
-1393,15,-1069
-1296,165,-892
-1670,363,-946
-1059,-212,-952
-1382,-101,-1071
-1280,44,-901
-1465,109,-1011
-995,-101,-1007
-1196,25,-983
-1272,-11,-981
-1440,144,-989
-1182,-203,-1067
-1259,-19,-1059
-1473,304,-1005
-1473,353,-1044
-1087,-111,-1184
-997,-19,-1048
-1333,126,-1046
-1122,255,-1046
-1159,-144,-1198
-940,-296,-1155
-1405,195,-987
-1296,251,-913
-1061,21,-1087
-1341,-144,-1136
-1255,68,-976
-1380,222,-1056
-1339,-210,-1208
-1434,-130,-1194
-1253,48,-886
-1571,368,-895
-1399,-136,-1130
-1563,-201,-1073
-1672,-121,-993
-1221,101,-917
-1663,46,-1155
-1300,-197,-940
-1702,363,-749
-1588,117,-909
-931,-355,-1003
-1194,-294,-1165
-1276,31,-968
-1659,261,-1052
-1233,-58,-974
-1657,-206,-1182
-1489,191,-880
-1633,113,-907
-1360,195,-1122
-1432,-13,-1169
-1495,11,-901
-1223,279,-843
-1483,-181,-1003
-1300,204,-958
-1321,134,-1011
-1237,-203,-1057
-1136,-222,-1036
-1622,-220,-1093
-1450,185,-942
-1538,390,-1118
-1100,-201,-1108
-1620,402,-1106
-1202,206,-952
-1458,-33,-1132
-1153,-480,-985
-1280,29,-1124
-1583,507,-999
-1071,-68,-813
-1358,-353,-1044
-1323,-286,-1054
-1456,42,-1005
-1292,355,-726
-1508,13,-1218
-1247,-165,-1300
-1588,380,-962
-1208,-23,-931
-1446,70,-1116
-1026,27,-956
-952,-35,-862
-952,48,-1136
-624,-101,-1034
-864,0,-1044
-40,121,-956
-683,257,-1067
122,-228,-745
-415,-76,-1145
111,491,-1028
185,-11,-1145
269,-68,-1104
261,64,-1093
179,-33,-1069
290,68,-825
259,70,-931
279,-33,-1081
132,244,-761
156,464,-1034
240,3,-1292
700,230,-536
1038,-478,-655
817,378,-1085
1227,-29,-915
1210,-400,-1165
907,3,-1278
1065,-187,-1061
1233,126,-944
1013,140,-966
970,-95,-1061
933,50,-1007
1143,363,-1018
745,130,-1350
1057,-327,-1165
735,201,-831
864,19,-839
536,-142,-895
977,19,-831
454,-54,-1028
743,-105,-997
271,40,-1393
681,212,-1149
745,-27,-864
566,165,-1003
519,277,-1138
650,27,-1005
819,-48,-1169
812,-46,-1241
739,21,-1182
817,62,-1149
901,95,-870
882,-1,-706
1110,9,-888
788,-232,-1075
915,91,-1034
966,351,-942
919,74,-962
921,42,-1095
1016,-224,-997
771,357,-815
1098,35,-936
958,-183,-1095
772,312,-935
1046,222,-849
847,-48,-1013
985,-212,-952
1122,-269,-874
966,197,-935
739,195,-1042
1054,-154,-813
880,72,-886
940,64,-1136
905,66,-1013
950,162,-995
1179,103,-1095
1009,337,-1077
897,7,-1128
1411,-132,-946
1073,173,-987
1134,-29,-1149
1061,-136,-974
1143,-513,-993
1216,337,-1046
958,523,-1083
1155,64,-995
1300,-368,-1116
1290,33,-1028
1194,298,-1122
966,306,-1093
1042,-201,-1093
1301,91,-989
897,423,-1138
1149,105,-948
976,-382,-895
1192,-273,-1020
1112,17,-989
952,318,-936
1307,-171,-979
1050,226,-954
1147,-9,-899
1022,-253,-1044
1073,-89,-1083
833,9,-1059
892,279,-991
888,322,-1054
977,-230,-1013
954,257,-817
1087,191,-997
1128,124,-1102
1083,-124,-1091
1155,-15,-872
1159,296,-946
1186,-56,-997
1161,-277,-993
1301,-33,-917
1028,199,-1110
1122,152,-1106
1190,-95,-1134
1097,50,-1042
1042,162,-1005
1095,163,-1011
1097,101,-1067
1223,93,-942
931,152,-983
1071,-74,-979
1165,-245,-1015
991,25,-956
981,134,-843
1063,0,-935
1102,-154,-1083
1013,107,-993
1056,283,-923
1054,230,-1165
1290,-54,-1136
1100,107,-991
1143,117,-960
1186,-105,-1083
1331,-300,-1077
1106,-56,-1032
1048,245,-915
1118,119,-950
1169,-189,-1016
1069,50,-950
917,271,-921
946,142,-1038
989,-25,-1085
862,105,-1032
796,236,-931
833,81,-1052
802,-195,-1118
646,-95,-1020
661,-15,-960
579,87,-1007
630,-44,-1071
519,99,-974
443,210,-923
421,83,-1018
476,-93,-1036
415,99,-1013
359,179,-960
378,1,-1036
417,-93,-1130
343,50,-1081
320,117,-987
372,-33,-1046
368,-162,-1122
302,21,-1011
261,214,-954
302,154,-1007
244,-74,-1052
195,-50,-977
177,72,-892
212,95,-989
195,-64,-1030
154,-42,-979
167,101,-970
167,74,-1018
201,-40,-1030
148,25,-997
144,91,-989
144,70,-991
142,50,-991
105,15,-989
109,50,-958
93,-21,-966
103,-35,-985
95,15,-981
128,78,-985
99,50,-1001
122,-9,-1026
130,80,-1028
142,121,-1030
138,46,-1036
144,-5,-1032
148,42,-1030
148,72,-1042
121,31,-1034
130,-42,-1026
107,-15,-1005
124,-11,-1015
117,5,-1026
111,23,-1022
117,50,-1020
140,56,-1036
103,17,-1028
138,-11,-1038
126,56,-1026
122,40,-1050
111,-3,-1036
128,-35,-1028
97,15,-1020
128,25,-1030
109,13,-1018
89,-23,-1016
93,25,-987
74,33,-1015
72,60,-1001
87,0,-1007
62,46,-1020
72,25,-1005
19,-9,-1026
-101,7,-1028
-144,-76,-1048
-111,107,-999
-156,89,-983
-173,29,-1022
-224,140,-962
-169,37,-950
-148,42,-1007
-115,44,-1024
-85,9,-1005
-56,3,-1026
-60,39,-1005
-42,0,-970
-3,-13,-1001
-37,-46,-1038
-7,13,-1069
23,89,-1057
25,107,-1042
97,56,-1015
66,-7,-1011
93,-5,-989
99,27,-995
107,13,-1015
89,-5,-1011
89,-21,-981
93,-35,-968
80,19,-966
56,-27,-993
46,21,-983
31,39,-1001
48,46,-1016
21,60,-1026
35,40,-1022
39,5,-1026
40,3,-1036
27,9,-1028
29,-21,-1013
15,7,-1032
17,0,-1036
11,15,-1032
5,31,-1040
-3,21,-1018
1,31,-1024
-1,70,-1040
-17,64,-1044
-7,78,-1059
-7,35,-1061
-13,23,-1048
-5,21,-1040
-1,-17,-1018
-13,13,-1032
-19,19,-1030
-15,29,-1013
-35,52,-1005
-25,29,-995
-11,9,-991
-39,25,-983
-44,25,-991
-42,35,-997
-39,21,-1003
-48,15,-999
-31,5,-983
-19,15,-995
-52,15,-1003
-37,9,-989
-37,0,-991
-54,17,-997
-39,19,-993
-29,31,-999
-40,31,-1005
-44,17,-995
-25,27,-1009
-29,25,-1022
0,27,-1011
-11,21,-1036
-3,21,-1024
5,31,-1028
5,40,-1022
0,23,-1032
-3,13,-1032
7,15,-1030
1,25,-1030
-1,9,-1018
19,3,-1013
0,11,-1026
1,13,-1024
11,21,-1020
13,42,-1015
1,15,-1026
19,7,-1026
11,25,-1028
17,-1,-1016
0,29,-1026
0,3,-1013
-5,-1,-1022
-17,15,-1013
-3,-3,-1001
-13,15,-1018
-25,5,-1011
0,21,-1007
-21,46,-1009
-9,25,-1011
-5,19,-1013
-17,46,-1015
-27,7,-1024
-37,35,-1009
-7,19,-1020
-37,19,-1018
-29,39,-1015
0,19,-1005
-39,25,-1013
-21,21,-1009
-15,23,-1001
-33,56,-1009
-29,39,-1003
-11,21,-1005
-25,48,-1013
-39,21,-1011
-25,31,-1015
-29,42,-1005
-23,13,-1013
-1,21,-1013
-1,19,-1015
-25,15,-1018
-15,29,-1013
0,15,-1011
-35,33,-1015
-21,21,-1016
-7,15,-1015
-21,39,-1016
-23,9,-1013
1,-1,-1011
-5,23,-1015
-29,3,-1020
13,9,-1018
0,23,-1018
-13,5,-1028
3,11,-1024
9,15,-1016
-15,19,-1026
-9,7,-1022
15,21,-1016
-7,25,-1024
-19,23,-1015
9,15,-1018
-21,25,-1009
5,-3,-1015
1,17,-1022
-33,31,-1018
7,11,-1015
-9,31,-1026
-48,5,-1016
21,-3,-1011
-19,15,-1020
-29,23,-1020
13,9,-1015
-5,29,-1018
-42,15,-1015
-7,17,-1009
-7,39,-1018
-44,23,-1015
-15,5,-1020
-5,19,-1005
-44,33,-1011
-37,15,-1013
0,21,-1011
-17,15,-1016
-33,5,-1009
5,5,-1001
-25,46,-1013
-40,25,-1007
-7,15,-1001
-11,37,-1011
-35,15,-1013
-21,33,-1015
-25,42,-1005
-33,3,-1007
1,27,-1013
-33,35,-1016
-21,7,-1011
-21,40,-1020
-27,15,-1007
-17,23,-1016
-1,13,-1009
-21,35,-1015
-17,31,-1013
1,29,-1015
0,23,-1022
-21,31,-1016
5,17,-1013
-17,21,-1009
-17,29,-1028
1,-11,-1013
-31,37,-1016
5,0,-1020
-13,13,-1020
-11,27,-1016
-3,-3,-1003
17,35,-1020
-37,19,-1018
7,11,-1015
-23,19,-1022
0,1,-1003
5,9,-1016
-35,40,-1022
-9,9,-1026
3,25,-1015
-40,9,-1026
11,-3,-1015
5,29,-1011
-48,15,-1022
0,21,-1013
-9,25,-1011
-54,19,-1007
3,1,-1007
-1,40,-1015
-29,39,-1007
-13,13,-1013
-7,15,-1018
-31,13,-1009
-29,7,-1007
-7,27,-1001
-39,39,-1022
-21,-3,-1007
-1,25,-1015
-52,35,-1003
9,9,-997
-17,44,-1022
-44,23,-1009
13,9,-999
-39,39,-1015
-9,31,-1007
-1,19,-1015
-25,29,-1028
-5,5,-1016
-3,23,-1007
-27,29,-1013
5,13,-1015
5,25,-1016
-27,25,-1018
17,27,-1013
-21,33,-1028
-11,19,-1013
1,19,-1024
-21,23,-1024
-13,27,-1016
11,27,-1011
-42,35,-1026
17,13,-1022
-29,13,-1020
-11,13,-1011
-5,27,-1013
-3,13,-1024
-13,29,-1015
-19,15,-1024
-21,29,-1003
-1,29,-1028
-31,27,-1015
-1,31,-1016
-21,15,-1018
-21,31,-1015
-5,15,-1001
-35,48,-1007
-5,5,-995
-19,5,-1013
-3,29,-1024
-42,9,-1015
-13,25,-1003
-25,25,-1001
-19,13,-1007
-25,13,-1009
-13,40,-1011
-29,-1,-1005
-11,46,-1013
-21,9,-1013
-19,11,-1007
-5,27,-1005
-21,13,-999
-5,21,-1013
-19,17,-1013
-21,3,-1013
-17,29,-1022
-11,15,-1007
-13,27,-1016
-21,25,-1005
-17,0,-1030
-23,33,-1007
-11,15,-1005
-13,35,-1024
-13,29,-1013
-11,3,-1018
-9,29,-1016
-19,11,-1007
-11,15,-1011
-7,29,-1007
-48,21,-1020
11,13,-1007
-29,35,-1026
-15,25,-1015
0,11,-1007
-25,19,-1036
-17,23,-1007
-11,27,-1013
-42,42,-1011
1,5,-1005
-37,29,-1007
-15,5,-1013
-5,27,-1013
-23,48,-1013
-15,7,-1009
-17,25,-1020
-21,21,-1003
-25,35,-1009
-19,23,-1009
-17,29,-1011
-31,13,-1011
-7,25,-1011
-29,17,-1022
-23,29,-1007
0,25,-997
-15,11,-1009
-15,25,-1007
-11,15,-1015
-33,27,-1022
-17,19,-1020
-9,0,-1009
-33,19,-1016
-1,19,-1007
-19,33,-1015
-15,29,-1009
-9,23,-1011
5,9,-1018
-31,33,-1026
21,5,-1011
-33,31,-1020
5,11,-1009
-21,5,-1015
-3,27,-1028
-17,15,-1016
3,25,-1009
-15,15,-1016
-1,15,-1024
-17,15,-1013
-17,39,-1015
0,7,-1013
-5,39,-1026
-13,7,-1018
-23,23,-1022
-5,9,-1013
-31,25,-1018
-9,25,-1007
-9,11,-1007
-17,17,-1020
-13,25,-1011
-15,35,-1013
-1,13,-1018
-21,29,-1022
-21,9,-1007
-25,35,-1022
0,9,-1015
-33,31,-1016
-17,25,-1011
-29,21,-1013
-15,23,-1024
-23,31,-1001
0,15,-1016
-25,7,-1009
-13,33,-1016
0,0,-1016
-39,50,-1022
9,11,-1018
-29,29,-1015
-3,19,-1022
-11,9,-1011
-3,29,-1016
-23,23,-1015
3,19,-1028
-33,31,-1007
-3,9,-1005
-33,29,-1028
1,35,-1024
-37,-1,-1022
15,27,-1015
-31,15,-1018
11,39,-1009
-31,25,-1007
-5,9,-1026
-19,27,-1016
-3,7,-1011
-13,29,-1020
3,9,-1016
-33,40,-1009
0,-7,-1015
-19,29,-1009
-9,13,-1020
-7,29,-1005
-19,17,-1024
9,13,-1001
-31,11,-1022
-19,39,-1007
-21,13,-1024
-25,35,-1005
-15,9,-1011
-21,19,-1009
-27,27,-1018
-11,9,-1001
-42,25,-1018
5,13,-999
-56,7,-1026
3,39,-999
-39,11,-1015
-1,35,-1015
-44,9,-1005
-7,19,-1011
-27,23,-1009
-13,29,-1011
-3,15,-1009
-27,31,-1020
3,11,-1001
-44,11,-1028
17,33,-997
-33,9,-1018
5,27,-1009
-15,19,-1015
-13,19,-1007
-25,29,-1020
7,19,-1003
-39,19,-1020
17,19,-1005
-33,11,-1026
5,29,-1009
-37,25,-1022
7,15,-1020
-5,35,-1015
-7,1,-1024
-15,29,-1009
-5,19,-1020
-23,29,-1007
5,3,-1024
-29,29,-1018
1,15,-1024
-29,29,-1015
-3,25,-1026
0,19,-1009
-15,19,-1030
1,19,-1005
-31,29,-1022
15,33,-1007
-39,11,-1011
19,33,-1007
-46,11,-1013
15,23,-999
-31,29,-1015
5,9,-1016
-23,13,-1016
-7,27,-1028
-15,23,-1011
-39,40,-1024
0,3,-997
-44,15,-1030
11,29,-1005
-48,9,-1028
11,25,-1003
-54,3,-1024
7,21,-999
-33,13,-1022
-5,23,-1001
-33,19,-1018
-15,25,-1007
-23,15,-1013
-5,11,-1022
-23,42,-1005
-9,15,-1016
-21,35,-1018
-11,5,-1022
-31,17,-1009
-13,17,-1020
0,25,-1005
-39,33,-1020
21,17,-1005
-52,11,-1034
15,23,-1005
-52,7,-1028
25,21,-1009
-48,19,-1026
13,17,-1013
-37,25,-1015
0,9,-1015
-11,15,-1011
-17,15,-1016
0,15,-1018
-37,27,-1030
13,25,-1005
-46,19,-1030
27,21,-1015
-39,5,-1030
19,29,-1015
-37,31,-1032
21,19,-1005
-25,25,-1028
-3,11,-1009
-19,13,-1007
-7,17,-1018
-33,31,-1016
15,17,-1016
-35,25,-1013
-9,13,-1013
-21,9,-1005
-27,27,-1026
1,23,-1007
-37,29,-1026
13,25,-997
-52,23,-1036
15,31,-1001
-56,9,-1015
27,17,-1005
-58,25,-1028
15,9,-1011
-37,33,-1018
1,21,-1020
-7,0,-1013
-13,25,-1020
5,9,-1013
-35,44,-1024
17,37,-1009
-48,13,-1032
25,35,-1005
-56,5,-1032
25,19,-1007
-50,35,-1026
17,9,-1005
-37,17,-1022
-11,29,-1013
-15,5,-1009
-11,31,-1009
-15,25,-1011
-31,5,-1011
11,42,-1003
-29,17,-1018
1,37,-1009
-25,25,-1020
-3,5,-1011
-33,29,-1024
7,21,-1007
-52,29,-1028
13,29,-1007
-44,-1,-1020
-13,37,-1009
-11,21,-1007
-33,21,-1022
-5,27,-1011
-9,-3,-1005
-11,29,-1020
-33,23,-1024
3,9,-1009
-37,42,-1018
-11,11,-1015
-15,23,-1028
3,25,-1005
-44,33,-1020
25,19,-1005
-50,39,-1034
0,0,-1007
-25,29,-1016
-11,21,-1016
-13,19,-1011
-11,29,-1015
-23,7,-1005
-9,21,-1026
0,29,-1013
-29,13,-1020
19,21,-1003
-40,13,-1024
-1,3,-1005
-11,23,-1013
-33,25,-1011
-17,13,-1011
15,15,-1013
-25,9,-1013
-3,31,-1005
-9,21,-1007
-13,19,-1011
-11,11,-1013
-9,5,-1022
-7,31,-1016
-19,23,-1022
-9,13,-1007
-17,25,-1013
-17,13,-1009
-15,23,-1024
1,39,-1005
-27,11,-1009
-15,13,-1003
1,25,-1013
-23,13,-1007
-25,27,-1016
1,37,-1009
-29,7,-1005
-25,25,-1013
-3,19,-1013
-23,23,-1016
-11,27,-1015
-7,-3,-1011
-11,23,-1018
-35,15,-1022
-13,13,-1011
-31,35,-1024
-21,13,-1016
-21,13,-1013
-15,33,-1015
-31,21,-1020
-23,25,-1018
-15,33,-1011
-17,11,-1013
-17,27,-1013
-5,19,-1016
-13,25,-1013
-21,21,-1007
11,0,-1016
-39,27,-1028
-1,19,-1007
-21,27,-1020
-19,25,-1011
-11,15,-1009
0,17,-1018
-17,31,-1020
-7,23,-1020
-21,29,-1009
-11,17,-1009
-13,23,-1011
-39,21,-1022
9,13,-1013
-40,29,-1013
