x,y,z
1.0,21.0,-1015.0
-3.0,19.0,-1018.0
-15.0,19.0,-1016.0
-15.0,27.0,-1018.0
-9.0,27.0,-1018.0
-21.0,27.0,-1011.0
-15.0,13.0,-1016.0
-21.0,37.0,-1030.0
-7.0,33.0,-1009.0
-21.0,25.0,-1015.0
-17.0,21.0,-1020.0
-21.0,15.0,-1026.0
0.0,27.0,-1011.0
-13.0,33.0,-1013.0
-7.0,23.0,-1018.0
-5.0,5.0,-1016.0
-9.0,19.0,-1018.0
-3.0,23.0,-1015.0
-9.0,11.0,-1016.0
-5.0,27.0,-1011.0
-7.0,21.0,-1015.0
-17.0,19.0,-1024.0
-27.0,31.0,-1018.0
-19.0,29.0,-1015.0
-5.0,23.0,-1022.0
-21.0,25.0,-1016.0
-19.0,15.0,-1011.0
-21.0,25.0,-1020.0
-15.0,25.0,-1011.0
-9.0,29.0,-1011.0
-15.0,25.0,-1011.0
-15.0,17.0,-1024.0
-9.0,29.0,-1016.0
-11.0,33.0,-1016.0
-3.0,33.0,-1015.0
-25.0,21.0,-1013.0
-13.0,21.0,-1016.0
-21.0,39.0,-1022.0
-7.0,27.0,-1020.0
-7.0,25.0,-1013.0
-7.0,23.0,-1013.0
-9.0,21.0,-1016.0
-21.0,27.0,-1026.0
-13.0,35.0,-1020.0
-5.0,23.0,-1018.0
-15.0,19.0,-1015.0
-11.0,15.0,-1015.0
-19.0,31.0,-1013.0
-9.0,29.0,-1015.0
-13.0,21.0,-1015.0
-21.0,29.0,-1018.0
-15.0,15.0,-1013.0
-9.0,23.0,-1028.0
-23.0,29.0,-1018.0
-23.0,25.0,-1013.0
-11.0,31.0,-1009.0
-13.0,23.0,-1015.0
-13.0,23.0,-1015.0
-11.0,25.0,-1022.0
-21.0,35.0,-1013.0
-15.0,27.0,-1011.0
0.0,25.0,-1007.0
-15.0,25.0,-1009.0
-15.0,25.0,-1020.0
-13.0,29.0,-1013.0
-11.0,15.0,-1009.0
-7.0,19.0,-1015.0
-9.0,33.0,-1016.0
-15.0,21.0,-1011.0
-13.0,29.0,-1022.0
-23.0,25.0,-1020.0
-7.0,13.0,-1009.0
-17.0,15.0,-1020.0
-21.0,27.0,-1013.0
-13.0,27.0,-1005.0
-17.0,29.0,-1015.0
-23.0,29.0,-1016.0
-3.0,3.0,-1020.0
-13.0,15.0,-1016.0
-15.0,29.0,-1015.0
-17.0,21.0,-1013.0
-7.0,19.0,-1020.0
-15.0,21.0,-1020.0
-17.0,21.0,-1011.0
-3.0,29.0,-1013.0
-21.0,13.0,-1018.0
-7.0,9.0,-1015.0
-17.0,11.0,-1016.0
-21.0,31.0,-1018.0
-17.0,21.0,-1011.0
-17.0,27.0,-1013.0
-19.0,31.0,-1026.0
-17.0,21.0,-1005.0
-11.0,21.0,-1026.0
-15.0,29.0,-1030.0
-13.0,21.0,-1013.0
-7.0,23.0,-1015.0
-17.0,29.0,-1013.0
-3.0,15.0,-1015.0
-15.0,23.0,-1020.0
-17.0,42.0,-1015.0
-11.0,23.0,-1015.0
-9.0,19.0,-1018.0
-13.0,25.0,-1005.0
-9.0,19.0,-1011.0
-21.0,27.0,-1015.0
-19.0,21.0,-1020.0
-11.0,21.0,-1018.0
-15.0,23.0,-1016.0
-29.0,31.0,-1018.0
-17.0,33.0,-1005.0
-19.0,19.0,-1016.0
-29.0,17.0,-1015.0
-13.0,25.0,-1011.0
-9.0,23.0,-1030.0
0.0,39.0,-1007.0
-9.0,27.0,-1009.0
-21.0,25.0,-1016.0
-11.0,27.0,-1005.0
-17.0,15.0,-1026.0
-5.0,37.0,-1016.0
-15.0,39.0,-1024.0
-21.0,23.0,-1013.0
-5.0,27.0,-1016.0
-13.0,29.0,-1015.0
-9.0,13.0,-1020.0
-17.0,31.0,-1020.0
-13.0,29.0,-1013.0
-9.0,13.0,-1013.0
-19.0,21.0,-1024.0
-7.0,27.0,-1016.0
-15.0,25.0,-1020.0
-11.0,27.0,-1024.0
-15.0,19.0,-1013.0
-15.0,27.0,-1026.0
-9.0,29.0,-1013.0
-7.0,35.0,-1016.0
-7.0,21.0,-1022.0
-13.0,13.0,-1007.0
-11.0,33.0,-1015.0
-19.0,23.0,-1018.0
-19.0,31.0,-1020.0
-17.0,23.0,-1028.0
-11.0,17.0,-1009.0
-1.0,29.0,-1016.0
-7.0,21.0,-1013.0
-21.0,29.0,-1011.0
-5.0,19.0,-1022.0
-21.0,25.0,-1015.0
-7.0,23.0,-1013.0
-19.0,19.0,-1016.0
-19.0,27.0,-1013.0
-13.0,13.0,-1007.0
-13.0,31.0,-1016.0
-21.0,25.0,-1016.0
-21.0,19.0,-1020.0
-17.0,29.0,-1013.0
-11.0,29.0,-1028.0
-11.0,25.0,-1018.0
-21.0,21.0,-1026.0
-13.0,23.0,-1011.0
-5.0,35.0,-1028.0
-5.0,37.0,-1011.0
0.0,11.0,-1013.0
-7.0,17.0,-1018.0
-9.0,35.0,-1018.0
-11.0,25.0,-1032.0
-13.0,21.0,-1015.0
-21.0,25.0,-1020.0
-7.0,21.0,-1018.0
-7.0,40.0,-1018.0
-7.0,27.0,-1015.0
-5.0,15.0,-1015.0
-11.0,19.0,-1003.0
-17.0,27.0,-1011.0
-13.0,25.0,-1005.0
-15.0,35.0,-1007.0
-13.0,13.0,-1016.0
-25.0,17.0,-1013.0
-11.0,15.0,-1018.0
-15.0,31.0,-1015.0
-1.0,15.0,-1009.0
-11.0,27.0,-1015.0
-11.0,17.0,-1011.0
-9.0,29.0,-1015.0
-19.0,29.0,-1028.0
-15.0,25.0,-1013.0
-13.0,21.0,-1013.0
-9.0,25.0,-1016.0
-15.0,25.0,-1005.0
-19.0,23.0,-1022.0
-3.0,31.0,-1024.0
-21.0,25.0,-1013.0
-17.0,23.0,-1009.0
-13.0,15.0,-1015.0
-11.0,23.0,-1026.0
-7.0,21.0,-1015.0
-13.0,19.0,-1018.0
-5.0,25.0,-1015.0
-11.0,15.0,-1016.0
-13.0,23.0,-1015.0
-17.0,25.0,-1020.0
-21.0,29.0,-1018.0
-11.0,23.0,-1016.0
-21.0,27.0,-1018.0
-13.0,17.0,-1015.0
-15.0,29.0,-1016.0
-5.0,29.0,-1007.0
-19.0,19.0,-1016.0
-17.0,17.0,-1018.0
-11.0,25.0,-1011.0
-19.0,25.0,-1015.0
-25.0,25.0,-1020.0
-11.0,17.0,-1015.0
-13.0,15.0,-1009.0
-9.0,33.0,-1011.0
-21.0,35.0,-1015.0
-1.0,27.0,-1013.0
-13.0,23.0,-1020.0
-13.0,21.0,-1020.0
-11.0,17.0,-1020.0
-19.0,31.0,-1020.0
-17.0,35.0,-1015.0
-21.0,17.0,-1009.0
-15.0,17.0,-1015.0
-3.0,21.0,-1013.0
-19.0,27.0,-1015.0
-11.0,33.0,-1020.0
-15.0,39.0,-1020.0
1.0,9.0,-1011.0
-13.0,19.0,-1013.0
-9.0,27.0,-1018.0
-7.0,19.0,-1018.0
-29.0,31.0,-1013.0
-21.0,21.0,-1018.0
-1.0,23.0,-1016.0
-5.0,25.0,-1020.0
-7.0,31.0,-1015.0
-13.0,31.0,-1015.0
-9.0,25.0,-1018.0
-25.0,19.0,-1009.0
-9.0,15.0,-1015.0
-11.0,31.0,-1011.0
-21.0,31.0,-1013.0
-21.0,19.0,-1007.0
-21.0,25.0,-1015.0
-1.0,23.0,-1020.0
-11.0,21.0,-1022.0
-13.0,25.0,-1026.0
-21.0,25.0,-1024.0
-7.0,17.0,-1009.0
-15.0,21.0,-1018.0
-19.0,19.0,-1011.0
-15.0,17.0,-1020.0
-7.0,27.0,-1018.0
21.0,29.0,-1001.0
17.0,31.0,-1020.0
31.0,29.0,-1016.0
11.0,23.0,-1020.0
21.0,-13.0,-1022.0
-21.0,39.0,-1038.0
-9.0,23.0,-1034.0
-56.0,33.0,-1040.0
-31.0,5.0,-995.0
-33.0,27.0,-985.0
19.0,105.0,-995.0
218.0,-1.0,-962.0
392.0,107.0,-938.0
595.0,60.0,-931.0
380.0,11.0,-1141.0
976.0,44.0,-1050.0
851.0,-9.0,-1020.0
862.0,0.0,-1153.0
1298.0,0.0,-999.0
800.0,99.0,-1112.0
1235.0,3.0,-1005.0
995.0,74.0,-1009.0
1196.0,-27.0,-1013.0
1054.0,109.0,-1087.0
1089.0,29.0,-1024.0
1071.0,-56.0,-972.0
1081.0,80.0,-936.0
1063.0,80.0,-901.0
935.0,29.0,-915.0
981.0,-40.0,-821.0
880.0,-31.0,-923.0
907.0,136.0,-1013.0
813.0,19.0,-983.0
860.0,-35.0,-950.0
843.0,21.0,-977.0
839.0,68.0,-1056.0
876.0,5.0,-1015.0
874.0,3.0,-1018.0
1044.0,97.0,-1050.0
892.0,189.0,-1171.0
1097.0,35.0,-1079.0
1026.0,-52.0,-1075.0
1169.0,33.0,-1042.0
1069.0,105.0,-1108.0
1126.0,1.0,-1067.0
1085.0,-66.0,-1032.0
1145.0,70.0,-1038.0
1141.0,226.0,-1112.0
1138.0,124.0,-1089.0
1165.0,-48.0,-1028.0
1180.0,-50.0,-1026.0
1126.0,169.0,-1089.0
1071.0,42.0,-1059.0
1106.0,-54.0,-921.0
1169.0,-27.0,-899.0
1159.0,187.0,-976.0
1155.0,152.0,-925.0
1233.0,-40.0,-894.0
1260.0,-50.0,-995.0
1202.0,122.0,-1042.0
1163.0,15.0,-1028.0
1057.0,-21.0,-966.0
1169.0,-58.0,-901.0
1001.0,224.0,-944.0
1073.0,126.0,-929.0
1085.0,60.0,-944.0
1161.0,5.0,-987.0
1104.0,105.0,-1075.0
1282.0,72.0,-1054.0
1149.0,-3.0,-1034.0
1286.0,-39.0,-938.0
1122.0,199.0,-1007.0
1153.0,81.0,-1005.0
1102.0,-48.0,-997.0
1247.0,152.0,-977.0
1171.0,308.0,-1042.0
1300.0,37.0,-1106.0
1177.0,-46.0,-1071.0
1337.0,-119.0,-1028.0
1177.0,134.0,-1143.0
1301.0,91.0,-1016.0
1245.0,37.0,-915.0
1462.0,64.0,-936.0
1378.0,341.0,-1018.0
1309.0,-13.0,-1036.0
1190.0,-136.0,-1120.0
1319.0,-460.0,-1075.0
1180.0,132.0,-1069.0
1356.0,128.0,-938.0
1048.0,210.0,-944.0
1403.0,60.0,-817.0
1097.0,140.0,-1022.0
1231.0,-56.0,-1091.0
1075.0,-244.0,-1165.0
1342.0,-160.0,-991.0
1307.0,302.0,-952.0
1421.0,353.0,-915.0
1339.0,-25.0,-907.0
1382.0,-83.0,-913.0
1243.0,54.0,-1081.0
1255.0,101.0,-1163.0
1276.0,-64.0,-1081.0
1249.0,-126.0,-1128.0
1030.0,257.0,-989.0
1432.0,62.0,-839.0
1179.0,83.0,-1016.0
1356.0,-324.0,-946.0
1136.0,-3.0,-1120.0
1309.0,378.0,-1079.0
1307.0,171.0,-1155.0
1311.0,210.0,-936.0
1214.0,-101.0,-923.0
1245.0,-245.0,-868.0
1151.0,35.0,-968.0
1165.0,324.0,-981.0
1259.0,175.0,-1106.0
1259.0,121.0,-1069.0
1344.0,-179.0,-983.0
1132.0,-165.0,-958.0
1397.0,140.0,-985.0
1218.0,204.0,-1057.0
1319.0,-35.0,-981.0
1157.0,60.0,-1081.0
1112.0,322.0,-1022.0
1239.0,138.0,-960.0
1194.0,-101.0,-917.0
1180.0,-234.0,-958.0
1233.0,-11.0,-970.0
1089.0,294.0,-1007.0
1186.0,261.0,-1015.0
1239.0,11.0,-1016.0
1126.0,-40.0,-905.0
1134.0,-185.0,-1044.0
841.0,-44.0,-1100.0
1120.0,23.0,-997.0
835.0,167.0,-964.0
716.0,277.0,-1083.0
718.0,40.0,-1065.0
677.0,0.0,-942.0
470.0,117.0,-979.0
415.0,29.0,-1079.0
384.0,-122.0,-1018.0
341.0,87.0,-856.0
341.0,40.0,-1016.0
165.0,-91.0,-917.0
78.0,-156.0,-1128.0
23.0,19.0,-1173.0
-310.0,124.0,-1118.0
-78.0,204.0,-845.0
-175.0,140.0,-974.0
-122.0,-66.0,-940.0
-183.0,7.0,-944.0
-124.0,148.0,-1179.0
-130.0,35.0,-1249.0
-111.0,128.0,-1106.0
-111.0,-3.0,-972.0
-480.0,162.0,-1085.0
-359.0,-232.0,-985.0
-552.0,-21.0,-1018.0
-1469.0,111.0,-1114.0
-876.0,-97.0,-979.0
-1465.0,144.0,-1036.0
-1208.0,7.0,-958.0
-1508.0,-105.0,-835.0
-1288.0,376.0,-749.0
-1300.0,-58.0,-1013.0
-1577.0,-144.0,-1200.0
-1151.0,-197.0,-897.0
-1583.0,185.0,-1032.0
-1110.0,370.0,-983.0
-1626.0,-66.0,-1120.0
-735.0,31.0,-741.0
-1247.0,-11.0,-1153.0
-774.0,-54.0,-1177.0
-1091.0,156.0,-1145.0
-872.0,81.0,-1141.0
-839.0,64.0,-1122.0
-819.0,-39.0,-1036.0
-747.0,-136.0,-878.0
-743.0,-70.0,-956.0
-726.0,181.0,-1003.0
-694.0,-62.0,-935.0
-798.0,171.0,-1046.0
-790.0,-48.0,-1067.0
-853.0,232.0,-935.0
-669.0,-87.0,-771.0
-1020.0,-50.0,-964.0
-741.0,-130.0,-802.0
-1087.0,206.0,-970.0
-755.0,83.0,-905.0
-1202.0,7.0,-1147.0
-813.0,-197.0,-995.0
-1259.0,33.0,-1013.0
-1030.0,-50.0,-983.0
-1262.0,-244.0,-968.0
-1048.0,-85.0,-800.0
-1212.0,298.0,-1042.0
-1147.0,210.0,-1139.0
-1165.0,60.0,-1155.0
-1126.0,-70.0,-1171.0
-1143.0,-97.0,-1243.0
-995.0,27.0,-1065.0
-1300.0,-13.0,-1073.0
-1079.0,-163.0,-1030.0
-1266.0,296.0,-1149.0
-1167.0,283.0,-1102.0
-1223.0,-1.0,-1155.0
-1022.0,-411.0,-1155.0
-1301.0,13.0,-1173.0
-882.0,183.0,-972.0
-1223.0,35.0,-1005.0
-938.0,-134.0,-976.0
-1208.0,64.0,-1046.0
-1044.0,191.0,-958.0
-1327.0,15.0,-1057.0
-1235.0,-220.0,-1050.0
-1227.0,101.0,-942.0
-1259.0,23.0,-905.0
-1110.0,80.0,-851.0
-1202.0,-124.0,-1028.0
-1358.0,238.0,-958.0
-1106.0,60.0,-892.0
-1290.0,103.0,-1005.0
-1274.0,-306.0,-954.0
-1223.0,197.0,-1011.0
-1264.0,298.0,-919.0
-1491.0,-1.0,-1003.0
-1274.0,-253.0,-942.0
-1577.0,87.0,-1098.0
-1169.0,277.0,-956.0
-1469.0,-19.0,-1056.0
-1102.0,-212.0,-1044.0
-1376.0,66.0,-1169.0
-1231.0,331.0,-972.0
-1245.0,15.0,-905.0
-1020.0,-68.0,-1089.0
-1301.0,-19.0,-1134.0
-1126.0,126.0,-1040.0
-1255.0,-15.0,-1136.0
-1149.0,7.0,-1061.0
-1294.0,74.0,-1085.0
-1262.0,193.0,-919.0
-1284.0,-44.0,-1069.0
-1167.0,-224.0,-1108.0
-1383.0,181.0,-1130.0
-1169.0,160.0,-995.0
-1448.0,76.0,-972.0
-985.0,-318.0,-858.0
-1405.0,85.0,-1036.0
-1077.0,173.0,-913.0
-1315.0,-42.0,-1089.0
-976.0,-128.0,-1001.0
-1473.0,39.0,-1126.0
-985.0,0.0,-958.0
-1393.0,15.0,-976.0
-1009.0,-314.0,-1011.0
-1352.0,185.0,-1083.0
-1085.0,121.0,-972.0
-1218.0,50.0,-1056.0
-927.0,-35.0,-1034.0
-1126.0,66.0,-1085.0
-841.0,33.0,-913.0
-958.0,-27.0,-979.0
-669.0,-269.0,-1020.0
-858.0,191.0,-1085.0
-642.0,111.0,-983.0
-790.0,95.0,-1052.0
-472.0,-99.0,-1036.0
-689.0,134.0,-1106.0
-447.0,48.0,-962.0
-624.0,-44.0,-1050.0
-322.0,-107.0,-1005.0
-523.0,152.0,-1061.0
-312.0,156.0,-970.0
-452.0,50.0,-1018.0
-236.0,-44.0,-993.0
-322.0,64.0,-1009.0
-179.0,-11.0,-956.0
-271.0,-23.0,-946.0
-85.0,-76.0,-970.0
-156.0,154.0,-1042.0
-76.0,171.0,-1009.0
-154.0,25.0,-1052.0
-56.0,-25.0,-1038.0
-81.0,-9.0,-1032.0
-91.0,23.0,-985.0
-150.0,3.0,-1030.0
-89.0,-35.0,-1038.0
95.0,128.0,-995.0
-13.0,128.0,-995.0
1.0,-40.0,-1013.0
433.0,-21.0,-936.0
224.0,-48.0,-1091.0
404.0,31.0,-979.0
347.0,70.0,-1118.0
450.0,-7.0,-1130.0
341.0,-11.0,-1024.0
292.0,60.0,-1061.0
361.0,25.0,-1009.0
214.0,21.0,-1018.0
193.0,-25.0,-1118.0
136.0,15.0,-1030.0
0.0,42.0,-1057.0
17.0,19.0,-950.0
-78.0,-3.0,-917.0
-95.0,-25.0,-921.0
-162.0,46.0,-903.0
-212.0,121.0,-923.0
-216.0,74.0,-1005.0
-169.0,31.0,-1003.0
-206.0,95.0,-1003.0
-128.0,3.0,-1022.0
-76.0,52.0,-1044.0
-101.0,-23.0,-1087.0
-421.0,-27.0,-1196.0
-402.0,-23.0,-1046.0
-583.0,46.0,-1186.0
-234.0,212.0,-1026.0
-1206.0,-11.0,-1081.0
-1018.0,-37.0,-1024.0
-335.0,245.0,-745.0
-1276.0,50.0,-1212.0
-757.0,-33.0,-942.0
-862.0,78.0,-909.0
-687.0,56.0,-1034.0
-726.0,56.0,-1050.0
-819.0,-13.0,-1011.0
-495.0,-105.0,-917.0
-706.0,179.0,-1091.0
-431.0,54.0,-1075.0
-530.0,0.0,-1136.0
-284.0,93.0,-1022.0
-366.0,60.0,-1114.0
-290.0,29.0,-1106.0
-193.0,-35.0,-929.0
-195.0,-70.0,-979.0
-286.0,103.0,-1034.0
-191.0,56.0,-964.0
-236.0,33.0,-952.0
-222.0,-5.0,-954.0
-249.0,11.0,-938.0
-187.0,9.0,-890.0
-185.0,19.0,-931.0
-189.0,-11.0,-954.0
-163.0,80.0,-968.0
-78.0,83.0,-952.0
33.0,58.0,-983.0
-9.0,19.0,-995.0
-7.0,-48.0,-987.0
288.0,-31.0,-1001.0
177.0,-27.0,-1063.0
224.0,-13.0,-989.0
162.0,17.0,-1116.0
359.0,50.0,-1075.0
206.0,-1.0,-1042.0
140.0,-13.0,-1100.0
275.0,44.0,-1038.0
122.0,35.0,-1075.0
146.0,21.0,-1079.0
58.0,101.0,-1032.0
56.0,-5.0,-1085.0
19.0,74.0,-1048.0
-39.0,-5.0,-1028.0
-46.0,-50.0,-997.0
-78.0,-39.0,-993.0
-95.0,-15.0,-1001.0
-115.0,11.0,-1028.0
-119.0,39.0,-1011.0
-124.0,42.0,-1052.0
-138.0,25.0,-1050.0
-134.0,-31.0,-1040.0
-105.0,-19.0,-1005.0
-154.0,-1.0,-1050.0
-130.0,50.0,-1052.0
-140.0,54.0,-1054.0
-148.0,46.0,-1038.0
-154.0,5.0,-1038.0
-132.0,9.0,-1034.0
-121.0,0.0,-1005.0
-119.0,0.0,-995.0
-101.0,42.0,-1011.0
-99.0,83.0,-1016.0
-80.0,68.0,-995.0
-81.0,74.0,-983.0
-66.0,31.0,-1007.0
-70.0,35.0,-1013.0
-60.0,25.0,-983.0
-60.0,56.0,-1001.0
-52.0,66.0,-989.0
-60.0,81.0,-976.0
-31.0,48.0,-970.0
-44.0,37.0,-977.0
-44.0,15.0,-972.0
-56.0,42.0,-976.0
-42.0,46.0,-981.0
-56.0,52.0,-983.0
-23.0,78.0,-976.0
-39.0,44.0,-1005.0
-27.0,23.0,-1007.0
-33.0,11.0,-999.0
-17.0,7.0,-1018.0
15.0,-15.0,-1028.0
-7.0,62.0,-1040.0
9.0,17.0,-1034.0
0.0,44.0,-1044.0
19.0,0.0,-1040.0
-9.0,0.0,-1036.0
33.0,-1.0,-1026.0
-3.0,23.0,-1034.0
13.0,40.0,-1044.0
27.0,11.0,-1030.0
25.0,15.0,-1032.0
13.0,-3.0,-1052.0
27.0,-23.0,-1046.0
19.0,19.0,-1038.0
27.0,-15.0,-1042.0
9.0,21.0,-1034.0
37.0,-3.0,-1028.0
9.0,0.0,-1032.0
23.0,25.0,-1015.0
-17.0,-17.0,-1026.0
33.0,-7.0,-1011.0
-17.0,3.0,-1015.0
-5.0,7.0,-1009.0
-17.0,40.0,-1011.0
-11.0,-5.0,-1005.0
-40.0,17.0,-1011.0
-11.0,5.0,-1001.0
-58.0,27.0,-1018.0
-19.0,21.0,-1005.0
-62.0,42.0,-1007.0
-33.0,21.0,-1007.0
-68.0,48.0,-1028.0
-21.0,23.0,-1003.0
-66.0,60.0,-1015.0
-21.0,15.0,-1005.0
-58.0,66.0,-1024.0
-35.0,27.0,-1005.0
-50.0,35.0,-1011.0
-48.0,56.0,-1011.0
-48.0,15.0,-1015.0
-54.0,58.0,-1003.0
-39.0,9.0,-1011.0
-68.0,46.0,-1018.0
-48.0,37.0,-1016.0
-52.0,19.0,-1016.0
-33.0,44.0,-1013.0
-44.0,9.0,-1005.0
-19.0,31.0,-1013.0
-17.0,31.0,-1007.0
-27.0,31.0,-1015.0
-3.0,23.0,-1005.0
-33.0,-7.0,-1015.0
-21.0,29.0,-1009.0
-5.0,29.0,-1001.0
-25.0,27.0,-995.0
1.0,9.0,-1007.0
3.0,9.0,-1001.0
-25.0,13.0,-1011.0
-3.0,0.0,-1013.0
-3.0,37.0,-1018.0
-5.0,29.0,-1009.0
1.0,3.0,-1015.0
15.0,29.0,-1026.0
-3.0,21.0,-1015.0
19.0,21.0,-1030.0
35.0,25.0,-1026.0
-3.0,21.0,-1030.0
29.0,15.0,-1034.0
11.0,31.0,-1026.0
21.0,25.0,-1028.0
-1.0,31.0,-1028.0
15.0,21.0,-1028.0
-29.0,21.0,-1026.0
-1.0,40.0,-1022.0
3.0,35.0,-1022.0
-5.0,39.0,-1020.0
3.0,15.0,-1026.0
15.0,23.0,-1007.0
-19.0,44.0,-1013.0
3.0,15.0,-1018.0
-25.0,72.0,-1020.0
1.0,3.0,-1005.0
-37.0,42.0,-1024.0
11.0,17.0,-1007.0
-56.0,31.0,-1022.0
-9.0,46.0,-1007.0
-40.0,19.0,-1016.0
-9.0,44.0,-997.0
-52.0,40.0,-1011.0
0.0,15.0,-1009.0
-15.0,29.0,-981.0
-19.0,-11.0,-1040.0
40.0,23.0,-1001.0
-56.0,39.0,-1020.0
81.0,19.0,-1032.0
152.0,33.0,-985.0
-214.0,21.0,-1057.0
177.0,48.0,-985.0
-66.0,3.0,-940.0
56.0,-44.0,-1005.0
-78.0,54.0,-1048.0
72.0,15.0,-981.0
-93.0,19.0,-1034.0
27.0,39.0,-1005.0
-56.0,-15.0,-1011.0
-13.0,40.0,-995.0
-50.0,21.0,-1005.0
-29.0,-17.0,-1001.0
-50.0,29.0,-1044.0
-37.0,0.0,-999.0
-33.0,-1.0,-1059.0
-21.0,117.0,-1024.0
29.0,35.0,-999.0
-13.0,-19.0,-1018.0
19.0,-60.0,-1024.0
-9.0,-40.0,-1056.0
33.0,89.0,-1011.0
-23.0,95.0,-1005.0
29.0,80.0,-1030.0
-52.0,-11.0,-997.0
17.0,-42.0,-985.0
-37.0,11.0,-1032.0
31.0,29.0,-1015.0
-35.0,40.0,-1026.0
83.0,54.0,-1015.0
11.0,66.0,-1016.0
48.0,-3.0,-999.0
-33.0,17.0,-1024.0
89.0,19.0,-997.0
-39.0,80.0,-1050.0
31.0,25.0,-1034.0
-25.0,21.0,-1054.0
-1.0,15.0,-999.0
-44.0,13.0,-1015.0
-19.0,85.0,-1011.0
-48.0,56.0,-1024.0
-48.0,58.0,-1003.0
-54.0,21.0,-1020.0
-42.0,5.0,-1009.0
-50.0,19.0,-1020.0
-46.0,56.0,-1030.0
-37.0,27.0,-1030.0
-31.0,39.0,-1009.0
-35.0,23.0,-1020.0
-13.0,39.0,-1016.0
-31.0,52.0,-1018.0
-5.0,13.0,-1020.0
-13.0,37.0,-1028.0
-19.0,25.0,-1022.0
-5.0,13.0,-1016.0
-11.0,17.0,-1005.0
-9.0,29.0,-1005.0
0.0,-29.0,-1009.0
-60.0,15.0,-1013.0
-21.0,40.0,-1013.0
-13.0,50.0,-981.0
-3.0,197.0,-935.0
-44.0,39.0,-1007.0
23.0,-56.0,-1056.0
-44.0,-68.0,-1106.0
7.0,-58.0,-1054.0
-29.0,19.0,-956.0
-7.0,162.0,-979.0
13.0,181.0,-1036.0
-17.0,83.0,-983.0
1.0,-23.0,-976.0
-35.0,-33.0,-1028.0
3.0,-48.0,-1075.0
-27.0,-7.0,-1040.0
-21.0,70.0,-993.0
-11.0,130.0,-1001.0
21.0,142.0,-989.0
-9.0,3.0,-1003.0
0.0,-54.0,-1016.0
-1.0,-52.0,-1040.0
1.0,0.0,-1050.0
-11.0,66.0,-1028.0
-13.0,87.0,-1022.0
-11.0,60.0,-1016.0
5.0,13.0,-1009.0
-5.0,-13.0,-1011.0
-15.0,-37.0,-1022.0
-9.0,-25.0,-1015.0
-9.0,35.0,-1011.0
-21.0,89.0,-1018.0
-13.0,46.0,-1028.0
-13.0,-21.0,-1020.0
-15.0,-39.0,-1011.0
-5.0,-27.0,-1016.0
-13.0,5.0,-1024.0
-17.0,33.0,-1015.0
-17.0,50.0,-1024.0
-15.0,50.0,-1026.0
-19.0,21.0,-1015.0
-21.0,-15.0,-1009.0
-21.0,-11.0,-1009.0
-23.0,0.0,-1007.0
-15.0,27.0,-1003.0
-33.0,62.0,-1009.0
-33.0,56.0,-1016.0
-27.0,15.0,-1024.0
-23.0,-17.0,-1015.0
-21.0,-3.0,-1007.0
-15.0,44.0,-1018.0
-7.0,66.0,-1016.0
-9.0,52.0,-1007.0
-21.0,50.0,-1015.0
-17.0,27.0,-1003.0
-15.0,9.0,-1009.0
-13.0,5.0,-1016.0
-17.0,37.0,-1016.0
-17.0,58.0,-1007.0
-19.0,60.0,-1013.0
-13.0,54.0,-1013.0
-11.0,15.0,-1013.0
-21.0,-5.0,-1024.0
-17.0,7.0,-1032.0
-19.0,35.0,-1020.0
-31.0,54.0,-1013.0
-31.0,58.0,-1016.0
-27.0,40.0,-1013.0
-27.0,5.0,-1022.0
-15.0,23.0,-1016.0
-11.0,17.0,-1011.0
-21.0,23.0,-1015.0
-9.0,44.0,-1022.0
-11.0,44.0,-1018.0
-7.0,39.0,-1022.0
0.0,17.0,-1026.0
-3.0,3.0,-1022.0
0.0,7.0,-1013.0
0.0,19.0,-1020.0
-7.0,31.0,-1015.0
3.0,42.0,-1015.0
-3.0,39.0,-1015.0
-3.0,11.0,-1009.0
-7.0,3.0,-1005.0
-5.0,11.0,-1020.0
-23.0,19.0,-1005.0
-15.0,27.0,-1009.0
-11.0,35.0,-1015.0
-11.0,17.0,-1022.0
-15.0,21.0,-1013.0
-15.0,13.0,-1016.0
-17.0,15.0,-1015.0
-11.0,3.0,-1013.0
-21.0,33.0,-1020.0
-9.0,31.0,-1020.0
-9.0,42.0,-1016.0
-15.0,37.0,-1024.0
-7.0,9.0,-1024.0
-9.0,3.0,-1015.0
-7.0,11.0,-1016.0
0.0,25.0,-1003.0
3.0,21.0,-1022.0
-1.0,35.0,-1015.0
-13.0,27.0,-1022.0
-11.0,11.0,-1013.0
-11.0,15.0,-1016.0
-5.0,23.0,-1009.0
0.0,19.0,-1016.0
-5.0,15.0,-1015.0
-5.0,35.0,-1015.0
-9.0,44.0,-1013.0
-7.0,35.0,-1015.0
-13.0,11.0,-1011.0
-3.0,-7.0,-1016.0
-11.0,19.0,-1013.0
-7.0,33.0,-1016.0
-17.0,37.0,-1016.0
-15.0,40.0,-1018.0
-11.0,17.0,-1020.0
-13.0,9.0,-1015.0
-9.0,15.0,-1015.0
-21.0,21.0,-1016.0
-15.0,23.0,-1022.0
-11.0,31.0,-1009.0
-15.0,29.0,-1015.0
-11.0,23.0,-1018.0
-11.0,21.0,-1024.0
-21.0,17.0,-1015.0
-19.0,15.0,-1016.0
-11.0,17.0,-1016.0
-11.0,35.0,-1007.0
-19.0,35.0,-1016.0
-15.0,35.0,-1011.0
-23.0,25.0,-1018.0
-11.0,13.0,-1018.0
-21.0,25.0,-1016.0
-5.0,35.0,-1011.0
-13.0,40.0,-1015.0
-9.0,40.0,-1011.0
-19.0,15.0,-1007.0
-17.0,13.0,-1011.0
-15.0,15.0,-1013.0
-15.0,35.0,-1005.0
-13.0,31.0,-1024.0
-25.0,39.0,-1013.0
-11.0,31.0,-1009.0
-19.0,19.0,-1026.0
-9.0,25.0,-1016.0
-5.0,13.0,-1011.0
-19.0,21.0,-1016.0
-9.0,27.0,-1011.0
-11.0,35.0,-1022.0
-11.0,31.0,-1009.0
-9.0,21.0,-1016.0
-13.0,13.0,-1015.0
-3.0,0.0,-1016.0
-11.0,23.0,-1013.0
-3.0,35.0,-1026.0
-15.0,31.0,-1026.0
-11.0,29.0,-1013.0
-13.0,21.0,-1013.0
-15.0,27.0,-1020.0
-17.0,21.0,-1015.0
-17.0,23.0,-1016.0
-35.0,23.0,-1005.0
-21.0,27.0,-1015.0
-21.0,21.0,-1020.0
-13.0,25.0,-1013.0
-21.0,19.0,-1016.0
-9.0,19.0,-1016.0
-13.0,29.0,-1016.0
-3.0,31.0,-1020.0
-13.0,31.0,-1015.0
-11.0,29.0,-1016.0
-13.0,25.0,-1016.0
-17.0,21.0,-1020.0
-3.0,19.0,-1015.0
-17.0,31.0,-1018.0
-9.0,25.0,-1020.0
-17.0,21.0,-1011.0
-15.0,33.0,-1007.0
-25.0,21.0,-1015.0
-5.0,13.0,-1016.0
-15.0,35.0,-1013.0
-13.0,25.0,-1007.0
-13.0,25.0,-1024.0
0.0,21.0,-1016.0
-13.0,23.0,-1007.0
-5.0,21.0,-1003.0
-7.0,21.0,-1018.0
-9.0,25.0,-1020.0
-9.0,15.0,-1024.0
-13.0,33.0,-1028.0
-1.0,33.0,-1020.0
-15.0,21.0,-1015.0
-11.0,17.0,-1020.0
-17.0,5.0,-1018.0
-17.0,15.0,-1015.0
-19.0,35.0,-1013.0
-19.0,33.0,-1020.0
-11.0,21.0,-1018.0
-19.0,19.0,-1022.0
-17.0,13.0,-1016.0
-7.0,19.0,-1020.0
-7.0,25.0,-1018.0
-11.0,23.0,-1013.0
-13.0,21.0,-1016.0
-7.0,27.0,-1018.0
-11.0,27.0,-1015.0
-11.0,27.0,-1016.0
-9.0,19.0,-1015.0
-25.0,27.0,-1015.0
-21.0,29.0,-1020.0
-7.0,40.0,-1013.0
-25.0,23.0,-1013.0
-19.0,27.0,-1016.0
-33.0,25.0,-1015.0
-17.0,27.0,-1015.0
-11.0,35.0,-1009.0
-15.0,40.0,-1009.0
-17.0,25.0,-1003.0
-11.0,19.0,-1024.0
-17.0,29.0,-1015.0
-11.0,33.0,-1016.0
-5.0,23.0,-1020.0
-15.0,31.0,-1009.0
-25.0,23.0,-1013.0
-11.0,29.0,-1016.0
-13.0,35.0,-1009.0
-23.0,31.0,-1009.0
-15.0,25.0,-1011.0
-17.0,35.0,-1013.0
-17.0,25.0,-1015.0
-9.0,29.0,-1005.0
-13.0,39.0,-1013.0
-7.0,23.0,-1007.0
-13.0,21.0,-1018.0
-11.0,17.0,-1018.0
-21.0,15.0,-1018.0
-11.0,31.0,-1018.0
-3.0,29.0,-1015.0
-9.0,25.0,-1015.0
-9.0,13.0,-1016.0
-13.0,25.0,-1016.0
-13.0,19.0,-1016.0
-11.0,25.0,-1011.0
-21.0,21.0,-1018.0
-23.0,21.0,-1015.0
-11.0,21.0,-1011.0
-21.0,33.0,-1005.0
-1.0,23.0,-1018.0
-9.0,19.0,-1011.0
3.0,25.0,-1022.0
-17.0,15.0,-1020.0
-5.0,25.0,-1011.0
-7.0,25.0,-1024.0
-11.0,15.0,-1016.0
-3.0,13.0,-1022.0
-7.0,19.0,-1020.0
-9.0,15.0,-1015.0
-5.0,31.0,-1018.0
-13.0,29.0,-1016.0
-9.0,25.0,-1016.0
-13.0,13.0,-1020.0
-21.0,27.0,-1016.0
-15.0,23.0,-1015.0
-17.0,23.0,-1018.0
-11.0,19.0,-1013.0
-7.0,17.0,-1020.0
-7.0,29.0,-1020.0
-13.0,27.0,-1015.0
-13.0,17.0,-1022.0
-5.0,23.0,-1013.0
-11.0,15.0,-1020.0
-17.0,21.0,-1009.0
-19.0,25.0,-1016.0
-19.0,25.0,-1024.0
-21.0,15.0,-1016.0
-23.0,19.0,-1026.0
-17.0,35.0,-1016.0
-21.0,25.0,-1016.0
-27.0,31.0,-1015.0
-17.0,27.0,-1015.0
-13.0,25.0,-1020.0
-21.0,27.0,-1030.0
-17.0,31.0,-1024.0
-27.0,19.0,-1015.0
-21.0,25.0,-1015.0
-7.0,29.0,-1018.0
-11.0,25.0,-1011.0
-17.0,35.0,-1018.0
-21.0,33.0,-1020.0
-27.0,17.0,-1020.0
-9.0,7.0,-1015.0
-13.0,31.0,-1013.0
-23.0,29.0,-1013.0
-7.0,33.0,-1016.0
-13.0,27.0,-1020.0
-17.0,9.0,-1024.0
-13.0,15.0,-1016.0
-25.0,27.0,-1018.0
-15.0,25.0,-1013.0
-11.0,23.0,-1020.0
-15.0,11.0,-1022.0
-5.0,9.0,-1016.0
-11.0,27.0,-1022.0
-9.0,39.0,-1018.0
-3.0,7.0,-1026.0
13.0,17.0,-1022.0
-42.0,29.0,-1005.0
19.0,25.0,-1015.0
-44.0,27.0,-1007.0
5.0,33.0,-1022.0
-11.0,19.0,-1026.0
-3.0,25.0,-1003.0
-11.0,29.0,-1015.0
-7.0,11.0,-1005.0
-23.0,35.0,-1028.0
-3.0,19.0,-1011.0
-23.0,31.0,-1028.0
-5.0,27.0,-1016.0
-29.0,17.0,-1015.0
-11.0,31.0,-1016.0
-19.0,25.0,-1024.0
-5.0,15.0,-1015.0
-11.0,23.0,-1016.0
-9.0,29.0,-1016.0
-19.0,33.0,-1018.0
-5.0,21.0,-1005.0
-25.0,13.0,-1018.0
-23.0,19.0,-1007.0
-25.0,21.0,-1011.0
-25.0,21.0,-1015.0
-19.0,31.0,-1024.0
-19.0,15.0,-1011.0
-35.0,27.0,-1013.0
-11.0,27.0,-1007.0
-15.0,15.0,-1015.0
-17.0,19.0,-1015.0
-17.0,13.0,-1003.0
-11.0,19.0,-1020.0
-5.0,29.0,-1022.0
-9.0,33.0,-1018.0
-1.0,23.0,-1018.0
-11.0,25.0,-1013.0
-11.0,15.0,-1015.0
-19.0,23.0,-1013.0
-7.0,39.0,-1018.0
-21.0,27.0,-1009.0
-15.0,13.0,-1018.0
-17.0,29.0,-1007.0
-13.0,19.0,-1011.0
-15.0,17.0,-1009.0
-15.0,25.0,-1016.0
-9.0,31.0,-1015.0
-11.0,15.0,-1018.0
-17.0,25.0,-1026.0
-5.0,25.0,-1005.0
-3.0,13.0,-1013.0
-21.0,19.0,-1028.0
-17.0,27.0,-1020.0
-1.0,25.0,-1018.0
-13.0,35.0,-1009.0
-11.0,27.0,-1018.0
-7.0,19.0,-1016.0
-17.0,25.0,-1015.0
-15.0,15.0,-1005.0
-11.0,25.0,-1020.0
-21.0,25.0,-1016.0
-19.0,25.0,-1009.0
-19.0,17.0,-1011.0
-21.0,17.0,-1013.0
-15.0,19.0,-1011.0
-15.0,23.0,-1018.0
-5.0,25.0,-1022.0
-11.0,21.0,-1015.0
-9.0,21.0,-1018.0
-11.0,29.0,-1018.0
-15.0,25.0,-1011.0
-7.0,21.0,-1013.0
-9.0,25.0,-1018.0
7.0,37.0,-1013.0
7.0,25.0,-1020.0
25.0,25.0,-1015.0
1.0,35.0,-1020.0
-1.0,9.0,-1026.0
-39.0,25.0,-1009.0
-52.0,21.0,-1018.0
-66.0,23.0,-1007.0
-95.0,29.0,-987.0
-347.0,-9.0,-1075.0
193.0,72.0,-944.0
175.0,-5.0,-1141.0
136.0,115.0,-907.0
-146.0,-66.0,-1050.0
74.0,113.0,-976.0
40.0,3.0,-1100.0
152.0,-56.0,-979.0
-68.0,72.0,-1056.0
-23.0,91.0,-1009.0
-50.0,19.0,-1032.0
70.0,3.0,-993.0
-56.0,-9.0,-1028.0
27.0,31.0,-974.0
-62.0,56.0,-1032.0
42.0,-13.0,-981.0
-54.0,29.0,-1026.0
15.0,15.0,-987.0
-52.0,42.0,-1020.0
-1.0,35.0,-1013.0
-39.0,0.0,-1048.0
7.0,9.0,-1016.0
-27.0,17.0,-1013.0
-5.0,37.0,-1032.0
11.0,44.0,-1034.0
-5.0,31.0,-1034.0
5.0,5.0,-1024.0
-9.0,19.0,-1038.0
-3.0,0.0,-1005.0
-23.0,25.0,-1016.0
-9.0,27.0,-1005.0
-39.0,37.0,-1026.0
-19.0,37.0,-1015.0
-40.0,44.0,-1016.0
-9.0,1.0,-1007.0
-42.0,19.0,-1022.0
-5.0,13.0,-1015.0
-23.0,33.0,-1026.0
-7.0,44.0,-1011.0
-17.0,23.0,-1015.0
15.0,1.0,-1007.0
-11.0,21.0,-1015.0
-15.0,13.0,-1013.0
-15.0,31.0,-1016.0
-11.0,40.0,-1005.0
-21.0,27.0,-1009.0
-25.0,37.0,-1007.0
-25.0,31.0,-1011.0
-19.0,21.0,-1015.0
-19.0,25.0,-1020.0
-15.0,35.0,-1018.0
-15.0,27.0,-1020.0
-17.0,23.0,-1015.0
-17.0,23.0,-1024.0
-9.0,31.0,-1018.0
-11.0,15.0,-1020.0
-1.0,23.0,-1024.0
-9.0,25.0,-1026.0
80.0,46.0,-1005.0
39.0,3.0,-1044.0
162.0,251.0,-747.0
-318.0,-191.0,-1569.0
-122.0,206.0,-388.0
575.0,-136.0,-1284.0
-536.0,199.0,-1456.0
-253.0,-23.0,-525.0
-128.0,76.0,-1389.0
745.0,-48.0,-1040.0
-380.0,277.0,-909.0
17.0,-267.0,-909.0
-425.0,218.0,-1214.0
517.0,101.0,-1098.0
-458.0,-89.0,-890.0
255.0,-23.0,-897.0
-187.0,236.0,-1204.0
355.0,-101.0,-858.0
-294.0,76.0,-954.0
236.0,-60.0,-1091.0
-257.0,142.0,-1079.0
240.0,17.0,-897.0
-212.0,-5.0,-1085.0
97.0,29.0,-1015.0
-25.0,54.0,-1026.0
27.0,15.0,-931.0
-19.0,40.0,-1093.0
-33.0,70.0,-1036.0
50.0,15.0,-979.0
-83.0,58.0,-1032.0
74.0,-60.0,-1052.0
-80.0,89.0,-999.0
68.0,25.0,-991.0
-56.0,40.0,-1052.0
11.0,7.0,-1026.0
-42.0,21.0,-993.0
-9.0,11.0,-1015.0
-9.0,66.0,-1020.0
-48.0,-7.0,-1028.0
5.0,13.0,-991.0
-31.0,60.0,-1046.0
25.0,19.0,-997.0
-54.0,19.0,-1028.0
17.0,5.0,-997.0
-44.0,44.0,-1024.0
13.0,5.0,-993.0
-37.0,21.0,-1052.0
5.0,27.0,-970.0
-31.0,40.0,-1020.0
0.0,9.0,-1007.0
-35.0,19.0,-1022.0
5.0,27.0,-1005.0
-42.0,44.0,-1022.0
7.0,21.0,-1015.0
-35.0,7.0,-1013.0
-5.0,35.0,-1007.0
-29.0,21.0,-1022.0
3.0,9.0,-1007.0
-31.0,33.0,-1024.0
7.0,33.0,-1011.0
-37.0,29.0,-1020.0
3.0,9.0,-1005.0
-25.0,25.0,-1026.0
-1.0,35.0,-1020.0
-29.0,42.0,-1005.0
9.0,3.0,-1016.0
-19.0,19.0,-1026.0
-15.0,37.0,-999.0
-9.0,21.0,-1018.0
-7.0,15.0,-1022.0
-11.0,25.0,-1020.0
-29.0,27.0,-1011.0
7.0,23.0,-1009.0
-29.0,42.0,-1022.0
1.0,15.0,-1003.0
-35.0,31.0,-1016.0
17.0,15.0,-1018.0
-40.0,19.0,-1020.0
5.0,25.0,-1013.0
-44.0,29.0,-1032.0
7.0,13.0,-1009.0
-35.0,17.0,-1020.0
-11.0,27.0,-1016.0
-23.0,23.0,-1018.0
-17.0,21.0,-1020.0
-7.0,21.0,-1005.0
-21.0,29.0,-1016.0
-3.0,17.0,-1018.0
-31.0,33.0,-1009.0
5.0,15.0,-1013.0
-17.0,15.0,-1024.0
9.0,13.0,-1013.0
-37.0,17.0,-1015.0
17.0,31.0,-1018.0
-31.0,23.0,-1015.0
7.0,13.0,-1013.0
-27.0,11.0,-1030.0
3.0,33.0,-1016.0
-25.0,23.0,-1022.0
-3.0,27.0,-1013.0
-13.0,25.0,-1026.0
-19.0,35.0,-1013.0
-19.0,13.0,-1016.0
-23.0,40.0,-1022.0
9.0,23.0,-1018.0
-33.0,23.0,-1016.0
19.0,23.0,-1013.0
-29.0,21.0,-1016.0
3.0,25.0,-1011.0
-25.0,21.0,-1024.0
5.0,19.0,-1016.0
-33.0,19.0,-1026.0
5.0,25.0,-1013.0
-23.0,25.0,-1022.0
-13.0,23.0,-1016.0
-25.0,25.0,-1020.0
-13.0,23.0,-1015.0
-15.0,15.0,-1015.0
-29.0,29.0,-1013.0
-17.0,25.0,-997.0
-25.0,29.0,-1028.0
0.0,21.0,-1011.0
-33.0,17.0,-1022.0
-3.0,31.0,-1026.0
-29.0,39.0,-1016.0
3.0,17.0,-1018.0
-27.0,29.0,-1020.0
-5.0,25.0,-1016.0
-31.0,25.0,-1022.0
1.0,33.0,-1022.0
-29.0,33.0,-1016.0
-9.0,21.0,-1020.0
-17.0,29.0,-1024.0
-29.0,27.0,-1018.0
-11.0,25.0,-1015.0
-33.0,29.0,-1013.0
-15.0,27.0,-1016.0
-21.0,21.0,-1015.0
-3.0,35.0,-1024.0
-37.0,31.0,-1018.0
-11.0,19.0,-1009.0
-29.0,1.0,-1018.0
11.0,15.0,-1009.0
-25.0,31.0,-1007.0
-3.0,31.0,-1020.0
-23.0,35.0,-1022.0
3.0,19.0,-1009.0
-21.0,9.0,-1015.0
-11.0,27.0,-1013.0
-21.0,23.0,-1026.0
-9.0,33.0,-1005.0
-15.0,21.0,-1013.0
-21.0,23.0,-1011.0
-7.0,17.0,-1018.0
-35.0,25.0,-1020.0
3.0,21.0,-1016.0
-27.0,35.0,-1018.0
11.0,25.0,-1022.0
-25.0,9.0,-1016.0
1.0,17.0,-1024.0
-25.0,31.0,-1015.0
1.0,19.0,-1003.0
-21.0,21.0,-1024.0
-1.0,19.0,-1026.0
-23.0,17.0,-1018.0
1.0,25.0,-1011.0
-9.0,29.0,-1011.0
-15.0,23.0,-1013.0
-3.0,23.0,-1016.0
-25.0,25.0,-1020.0
-1.0,21.0,-1016.0
-27.0,25.0,-1020.0
1.0,23.0,-1007.0
-31.0,21.0,-1018.0
1.0,17.0,-1015.0
-31.0,35.0,-1030.0
3.0,21.0,-1016.0
-27.0,29.0,-1015.0
9.0,17.0,-1013.0
-17.0,19.0,-1018.0
-5.0,31.0,-1011.0
-19.0,39.0,-1018.0
-15.0,21.0,-1020.0
-7.0,21.0,-1022.0
-19.0,25.0,-1018.0
-5.0,21.0,-1007.0
-21.0,27.0,-1011.0
-3.0,35.0,-1013.0
-29.0,13.0,-1015.0
5.0,25.0,-1020.0
-33.0,25.0,-1022.0
-5.0,15.0,-1013.0
-33.0,33.0,-1024.0
-7.0,19.0,-1013.0
-15.0,21.0,-1026.0
-3.0,29.0,-1016.0
-21.0,35.0,-1015.0
-7.0,17.0,-1015.0
-21.0,23.0,-1018.0
-13.0,17.0,-1020.0
-5.0,23.0,-1011.0
-23.0,35.0,-1015.0
-11.0,40.0,-1022.0
-27.0,27.0,-1011.0
-9.0,25.0,-1015.0
-35.0,25.0,-1015.0
11.0,17.0,-1015.0
-42.0,29.0,-1024.0
0.0,23.0,-1013.0
-23.0,19.0,-1015.0
0.0,21.0,-1011.0
-19.0,42.0,-1015.0
-7.0,25.0,-1016.0
-11.0,27.0,-1018.0
-9.0,17.0,-1016.0
-5.0,19.0,-1011.0
-23.0,23.0,-1016.0
-3.0,29.0,-1018.0
-21.0,25.0,-1016.0
0.0,19.0,-1022.0
-27.0,25.0,-1022.0
-1.0,15.0,-1018.0
-25.0,37.0,-1024.0
-1.0,27.0,-1011.0
-27.0,19.0,-1024.0
11.0,17.0,-1007.0
-29.0,25.0,-1013.0
0.0,19.0,-1013.0
-21.0,31.0,-1018.0
-3.0,21.0,-1009.0
-7.0,5.0,-1013.0
-17.0,25.0,-1018.0
-5.0,27.0,-1011.0
-25.0,15.0,-1007.0
-7.0,29.0,-1020.0
-21.0,21.0,-1009.0
-1.0,13.0,-1013.0
-33.0,31.0,-1022.0
-3.0,21.0,-1011.0
-33.0,19.0,-1018.0
-5.0,9.0,-1015.0
-25.0,31.0,-1018.0
-3.0,25.0,-1005.0
-23.0,25.0,-1016.0
-9.0,21.0,-1016.0
-13.0,5.0,-1015.0
-9.0,31.0,-1018.0
-3.0,31.0,-1015.0
-17.0,19.0,-1015.0
-1.0,29.0,-1016.0
-21.0,23.0,-1016.0
0.0,13.0,-1011.0
-29.0,33.0,-1011.0
3.0,29.0,-1018.0
-25.0,21.0,-1020.0
11.0,15.0,-1013.0
-35.0,25.0,-1013.0
7.0,13.0,-1018.0
-29.0,25.0,-1018.0
3.0,25.0,-1015.0
-21.0,13.0,-1015.0
-13.0,23.0,-1016.0
-17.0,31.0,-1018.0
-23.0,21.0,-1018.0
-9.0,23.0,-1013.0
-19.0,21.0,-1016.0
-11.0,9.0,-1018.0
-29.0,31.0,-1011.0
1.0,31.0,-1015.0
-31.0,27.0,-1015.0
-1.0,21.0,-1015.0
-37.0,21.0,-1028.0
-7.0,15.0,-1015.0
-31.0,27.0,-1015.0
-11.0,25.0,-1018.0
-21.0,11.0,-1022.0
-7.0,21.0,-1022.0
-15.0,29.0,-1026.0
-13.0,29.0,-1011.0
-7.0,35.0,-1022.0
-21.0,25.0,-1009.0
-5.0,13.0,-1015.0
-21.0,21.0,-1018.0
-3.0,33.0,-1009.0
-23.0,21.0,-1022.0
0.0,31.0,-1016.0
-35.0,23.0,-1015.0
-3.0,13.0,-1007.0
-23.0,35.0,-1024.0
1.0,31.0,-1018.0
-17.0,15.0,-1028.0
-5.0,25.0,-1020.0
-23.0,19.0,-1022.0
-5.0,25.0,-1018.0
-7.0,27.0,-1028.0
-11.0,35.0,-1022.0
-1.0,19.0,-1015.0
-21.0,29.0,-1022.0
0.0,27.0,-1015.0
-23.0,21.0,-1018.0
-1.0,35.0,-1011.0
-29.0,21.0,-1020.0
-1.0,1.0,-1015.0
-29.0,31.0,-1020.0
5.0,31.0,-1011.0
-27.0,17.0,-1024.0
-3.0,29.0,-1007.0
-19.0,19.0,-1028.0
-11.0,15.0,-1007.0
-21.0,27.0,-1018.0
-13.0,19.0,-1011.0
-5.0,15.0,-1020.0
-27.0,31.0,-1015.0
-13.0,27.0,-1016.0
-31.0,25.0,-1026.0
-5.0,27.0,-1015.0
-25.0,21.0,-1015.0
-3.0,15.0,-1011.0
-25.0,27.0,-1011.0
-3.0,25.0,-1013.0
-21.0,9.0,-1022.0
-11.0,21.0,-1011.0
-29.0,19.0,-1015.0
-9.0,15.0,-1020.0
-17.0,37.0,-1015.0
-13.0,25.0,-1015.0
-7.0,23.0,-1024.0
-15.0,19.0,-1016.0
-1.0,15.0,-1013.0
-25.0,25.0,-1007.0
-21.0,27.0,-1020.0
-31.0,29.0,-1018.0
7.0,13.0,-1007.0
-29.0,31.0,-1018.0
3.0,31.0,-1007.0
-25.0,31.0,-1018.0
-9.0,25.0,-1020.0
-25.0,17.0,-1022.0
3.0,17.0,-1016.0
-11.0,29.0,-1026.0
-13.0,37.0,-1009.0
-19.0,17.0,-1015.0
-21.0,21.0,-1028.0
-5.0,21.0,-1016.0
-19.0,21.0,-1022.0
-1.0,37.0,-1016.0
-23.0,31.0,-1016.0
0.0,15.0,-1022.0
-37.0,23.0,-1026.0
-5.0,21.0,-1011.0
-21.0,31.0,-1022.0
-5.0,35.0,-1005.0
-21.0,21.0,-1005.0
0.0,13.0,-1016.0
-25.0,31.0,-1020.0
-1.0,29.0,-1011.0
-23.0,17.0,-1020.0
-13.0,19.0,-1011.0
-5.0,19.0,-1015.0
-19.0,21.0,-1015.0
-9.0,31.0,-1020.0
-21.0,31.0,-1016.0
3.0,15.0,-1022.0
-17.0,31.0,-1015.0
-1.0,19.0,-1009.0
-17.0,23.0,-1026.0
0.0,33.0,-1015.0
-31.0,29.0,-1016.0
-1.0,13.0,-1013.0
-27.0,29.0,-1016.0
-9.0,29.0,-1007.0
-21.0,25.0,-1018.0
-3.0,17.0,-1015.0
-21.0,23.0,-1015.0
-13.0,17.0,-1022.0
-15.0,29.0,-1020.0
-15.0,31.0,-1011.0
-7.0,19.0,-1011.0
-21.0,29.0,-1020.0
13.0,13.0,-1020.0
-25.0,29.0,-1020.0
3.0,33.0,-1007.0
-25.0,23.0,-1015.0
-3.0,15.0,-1018.0
-27.0,15.0,-1018.0
-15.0,21.0,-1009.0
-23.0,29.0,-1016.0
-7.0,25.0,-1007.0
-21.0,15.0,-1001.0
-21.0,15.0,-1016.0
-17.0,35.0,-1018.0
-3.0,39.0,-1013.0
-5.0,29.0,-1024.0
-19.0,31.0,-1005.0
0.0,13.0,-1011.0
-23.0,17.0,-1020.0
-7.0,29.0,-1018.0
-23.0,23.0,-1028.0
-9.0,17.0,-1020.0
-27.0,29.0,-1024.0
-5.0,21.0,-1009.0
-33.0,21.0,-1015.0
-5.0,31.0,-1009.0
-15.0,23.0,-1020.0
-7.0,9.0,-1022.0
-5.0,29.0,-1022.0
-13.0,21.0,-1015.0
-9.0,23.0,-1018.0
-7.0,29.0,-1018.0
0.0,5.0,-1016.0
-21.0,23.0,-1015.0
5.0,25.0,-1016.0
-21.0,33.0,-1020.0
-1.0,15.0,-1020.0
-25.0,19.0,-1015.0
1.0,13.0,-1015.0
-25.0,31.0,-1020.0
-9.0,37.0,-1007.0
-25.0,19.0,-1018.0
-3.0,13.0,-1015.0
-7.0,21.0,-1013.0
-21.0,25.0,-1018.0
-3.0,21.0,-1024.0
-7.0,31.0,-1020.0
-3.0,17.0,-1011.0
-21.0,19.0,-1011.0
1.0,27.0,-1015.0
-27.0,29.0,-1024.0
-3.0,13.0,-1011.0
-25.0,27.0,-1018.0
3.0,5.0,-1015.0
-25.0,21.0,-1011.0
-7.0,39.0,-1007.0
-21.0,29.0,-1016.0
0.0,21.0,-1009.0
-29.0,15.0,-1018.0
-9.0,13.0,-1020.0
-31.0,21.0,-1020.0
-15.0,37.0,-1015.0
-15.0,27.0,-1016.0
-25.0,15.0,-1026.0
-15.0,19.0,-1013.0
-19.0,15.0,-1024.0
-1.0,23.0,-1022.0
-27.0,31.0,-1020.0
-7.0,23.0,-1015.0
-31.0,25.0,-1026.0
1.0,25.0,-1016.0
-31.0,21.0,-1011.0
-1.0,15.0,-1007.0
-11.0,27.0,-1015.0
-11.0,15.0,-1020.0
-17.0,19.0,-1016.0
-13.0,27.0,-1016.0
-9.0,15.0,-1015.0
-17.0,21.0,-1020.0
-5.0,29.0,-1005.0
-7.0,21.0,-1015.0
7.0,21.0,-1028.0
-17.0,27.0,-1020.0
-1.0,17.0,-1011.0
-13.0,13.0,-1013.0
-9.0,31.0,-1015.0
-31.0,25.0,-1013.0
0.0,27.0,-1022.0
-21.0,27.0,-1018.0
-7.0,13.0,-1028.0
-5.0,23.0,-1016.0
-3.0,39.0,-1026.0
-21.0,15.0,-1013.0
-15.0,19.0,-1022.0
-7.0,19.0,-1016.0
-13.0,19.0,-1020.0
-1.0,25.0,-1009.0
-15.0,31.0,-1020.0
-1.0,19.0,-1018.0
-29.0,25.0,-1013.0
-9.0,19.0,-1016.0
-29.0,21.0,-1018.0
-7.0,19.0,-1018.0
-17.0,27.0,-1016.0
0.0,15.0,-1013.0
-29.0,15.0,-1018.0
-7.0,29.0,-1015.0
-15.0,27.0,-1028.0
-15.0,19.0,-1015.0
-13.0,23.0,-1020.0
-15.0,19.0,-1020.0
-9.0,31.0,-1018.0
-15.0,31.0,-1018.0
-1.0,21.0,-1016.0
-31.0,23.0,-1020.0
3.0,25.0,-1015.0
-21.0,21.0,-1013.0
7.0,31.0,-1018.0
-31.0,35.0,-1016.0
0.0,15.0,-1015.0
-31.0,25.0,-1020.0
-3.0,29.0,-1005.0
-13.0,19.0,-1018.0
-15.0,19.0,-1011.0
-11.0,31.0,-1015.0
-21.0,11.0,-1011.0
-21.0,33.0,-1016.0
-31.0,31.0,-1013.0
1.0,9.0,-1009.0
-27.0,25.0,-1015.0
-1.0,25.0,-1009.0
-33.0,23.0,-1024.0
0.0,27.0,-1016.0
-23.0,35.0,-1016.0
0.0,15.0,-1007.0
-17.0,29.0,-1015.0
-3.0,19.0,-1020.0
-11.0,27.0,-1011.0
-7.0,19.0,-1009.0
-31.0,19.0,-1009.0
-7.0,15.0,-1013.0
-11.0,33.0,-1015.0
-25.0,42.0,-1011.0
-3.0,21.0,-1015.0
-23.0,23.0,-1009.0
-7.0,19.0,-1003.0
-17.0,17.0,-1013.0
0.0,27.0,-1020.0
-25.0,31.0,-1007.0
1.0,21.0,-1003.0
-27.0,25.0,-1022.0
0.0,27.0,-1015.0
-31.0,15.0,-1022.0
-11.0,35.0,-1020.0
-27.0,25.0,-1009.0
-19.0,21.0,-1015.0
-19.0,21.0,-1022.0
-21.0,33.0,-1016.0
-3.0,33.0,-1020.0
-21.0,25.0,-1020.0
-9.0,23.0,-1020.0
-25.0,9.0,-1026.0
-1.0,25.0,-1016.0
-21.0,31.0,-1007.0
3.0,19.0,-1018.0
-19.0,19.0,-1013.0
1.0,23.0,-1018.0
-17.0,25.0,-1024.0
-3.0,27.0,-1013.0
-21.0,21.0,-1020.0
-3.0,7.0,-1007.0
-15.0,17.0,-1013.0
-21.0,29.0,-1013.0
-13.0,25.0,-1015.0
-17.0,29.0,-1011.0
-13.0,27.0,-1018.0
-15.0,17.0,-1015.0
-3.0,19.0,-1011.0
-40.0,29.0,-1022.0
11.0,13.0,-1018.0
-33.0,23.0,-1026.0
-1.0,19.0,-1016.0
-23.0,13.0,-1016.0
-5.0,31.0,-1018.0
-19.0,23.0,-1020.0
-5.0,17.0,-1018.0
-15.0,23.0,-1020.0
-19.0,25.0,-1015.0
-15.0,23.0,-1016.0
-29.0,31.0,-1015.0
-19.0,29.0,-1015.0
-15.0,17.0,-1022.0
-5.0,27.0,-1018.0
-25.0,25.0,-1015.0
-7.0,19.0,-1016.0
-33.0,29.0,-1016.0
-7.0,23.0,-1011.0
-13.0,19.0,-1024.0
-5.0,23.0,-1016.0
-29.0,29.0,-1022.0
-5.0,19.0,-1022.0
-25.0,29.0,-1022.0
-5.0,19.0,-1007.0
-13.0,23.0,-1024.0
-21.0,33.0,-1011.0
-15.0,19.0,-1005.0
-23.0,11.0,-1013.0
-11.0,25.0,-1015.0
-21.0,29.0,-1015.0
-11.0,25.0,-1020.0
-31.0,35.0,-1026.0
1.0,25.0,-1011.0
-29.0,17.0,-1020.0
-9.0,23.0,-1026.0
-31.0,35.0,-1020.0
0.0,27.0,-1005.0
-25.0,25.0,-1011.0
-5.0,15.0,-1013.0
-17.0,15.0,-1022.0
-9.0,35.0,-1020.0
-11.0,25.0,-1016.0
-15.0,9.0,-1007.0
-11.0,21.0,-1018.0
-25.0,31.0,-1015.0
0.0,25.0,-1022.0
-29.0,35.0,-1015.0
0.0,27.0,-1011.0
-15.0,13.0,-1022.0
-7.0,19.0,-1007.0
-19.0,33.0,-1015.0
-1.0,29.0,-1013.0
-19.0,31.0,-1018.0
-5.0,21.0,-1005.0
-21.0,17.0,-1018.0
-13.0,25.0,-1020.0
-5.0,29.0,-1018.0
-11.0,21.0,-1015.0
-15.0,29.0,-1016.0
-13.0,23.0,-1016.0
-5.0,13.0,-1022.0
-21.0,29.0,-1015.0
-5.0,23.0,-1016.0
-21.0,21.0,-1016.0
-5.0,25.0,-1013.0
-25.0,27.0,-1013.0
5.0,29.0,-1013.0
-23.0,29.0,-1018.0
0.0,19.0,-1015.0
-17.0,19.0,-1022.0
-9.0,25.0,-1018.0
-5.0,27.0,-1020.0
-7.0,19.0,-1016.0
-15.0,21.0,-1016.0
-9.0,19.0,-1013.0
1.0,15.0,-1016.0
-21.0,33.0,-1018.0
-1.0,15.0,-1024.0
-13.0,23.0,-1020.0
-7.0,21.0,-1011.0
-31.0,21.0,-1020.0
-13.0,15.0,-1015.0
-27.0,31.0,-1011.0
-3.0,17.0,-1013.0
-27.0,19.0,-1013.0
-5.0,23.0,-1013.0
-19.0,35.0,-1020.0
-1.0,21.0,-1016.0
-17.0,27.0,-1028.0
-17.0,15.0,-1011.0
-23.0,15.0,-1016.0
-25.0,37.0,-1026.0
-11.0,27.0,-1022.0
-29.0,19.0,-1007.0
-11.0,29.0,-1015.0
-23.0,25.0,-1018.0
-11.0,29.0,-1013.0
-31.0,39.0,-1020.0
-7.0,19.0,-1005.0
-23.0,21.0,-1015.0
-3.0,19.0,-1011.0
-17.0,29.0,-1013.0
-3.0,25.0,-1011.0
-17.0,25.0,-1015.0
-9.0,23.0,-1007.0
-19.0,19.0,-1022.0
-23.0,21.0,-1022.0
-15.0,25.0,-1013.0
-19.0,19.0,-1015.0
-5.0,33.0,-1018.0
-17.0,15.0,-1007.0
-9.0,19.0,-1016.0
-29.0,40.0,-1020.0
-3.0,21.0,-1009.0
-25.0,15.0,-1026.0
-5.0,35.0,-1016.0
-29.0,31.0,-1016.0
0.0,25.0,-1018.0
-21.0,29.0,-1013.0
-3.0,25.0,-1016.0
-13.0,15.0,-1016.0
-19.0,35.0,-1022.0
-15.0,19.0,-1015.0
-15.0,19.0,-1018.0
-7.0,27.0,-1022.0
-11.0,19.0,-1015.0
1.0,21.0,-1015.0
-25.0,27.0,-1022.0
-5.0,23.0,-1011.0
-25.0,21.0,-1018.0
-1.0,21.0,-1011.0
-21.0,19.0,-1026.0
1.0,27.0,-1013.0
-25.0,35.0,-1026.0
-11.0,15.0,-1009.0
-13.0,13.0,-1022.0
-15.0,31.0,-1011.0
-17.0,29.0,-1016.0
-19.0,33.0,-1016.0
-7.0,31.0,-1024.0
-11.0,17.0,-1011.0
-9.0,23.0,-1018.0
-23.0,35.0,-1015.0
-1.0,27.0,-1016.0
-25.0,23.0,-1018.0
-9.0,25.0,-1013.0
-29.0,21.0,-1009.0
-3.0,13.0,-1016.0
-17.0,35.0,-1018.0
-1.0,25.0,-1015.0
-11.0,21.0,-1028.0
-7.0,19.0,-1015.0
-15.0,19.0,-1026.0
-11.0,25.0,-1024.0
-15.0,31.0,-1022.0
-25.0,9.0,-1013.0
-1.0,15.0,-1020.0
-25.0,33.0,-1015.0
7.0,21.0,-1016.0
-25.0,23.0,-1024.0
-7.0,21.0,-1015.0
-21.0,17.0,-1020.0
-1.0,17.0,-1013.0
-29.0,33.0,-1009.0
-3.0,27.0,-1015.0
-23.0,21.0,-1022.0
-11.0,17.0,-1009.0
-15.0,15.0,-1018.0
-11.0,27.0,-1016.0
-13.0,29.0,-1009.0
-13.0,29.0,-1022.0
-3.0,23.0,-1020.0
-25.0,25.0,-1022.0
-7.0,21.0,-1015.0
-27.0,31.0,-1013.0
-1.0,19.0,-1011.0
-23.0,23.0,-1016.0
1.0,19.0,-1015.0
-21.0,27.0,-1015.0
-15.0,19.0,-1015.0
-29.0,13.0,-1020.0
-7.0,27.0,-1011.0
-19.0,11.0,-1018.0
-7.0,25.0,-1007.0
-17.0,37.0,-1015.0
-13.0,25.0,-1003.0
-17.0,21.0,-1016.0
-17.0,25.0,-1015.0
-9.0,15.0,-1016.0
-29.0,31.0,-1026.0
-1.0,23.0,-1015.0
-21.0,21.0,-1009.0
-3.0,17.0,-1013.0
-23.0,23.0,-1018.0
-3.0,25.0,-1015.0
-31.0,15.0,-1018.0
0.0,23.0,-1013.0
-27.0,23.0,-1020.0
-1.0,21.0,-1016.0
-13.0,37.0,-1015.0
-5.0,27.0,-1009.0
-15.0,25.0,-1016.0
-15.0,31.0,-1011.0
-17.0,31.0,-1011.0
-11.0,35.0,-1020.0
-7.0,35.0,-1016.0
-31.0,40.0,-1020.0
-1.0,40.0,-1018.0
-33.0,60.0,-1020.0
3.0,52.0,-1018.0
-21.0,56.0,-1011.0
-17.0,56.0,-1009.0
-21.0,42.0,-1003.0
-11.0,64.0,-1007.0
-31.0,85.0,-1016.0
-17.0,74.0,-1007.0
-23.0,85.0,-1016.0
-19.0,85.0,-1007.0
-17.0,81.0,-1007.0
-25.0,105.0,-1018.0
-15.0,130.0,-1007.0
-29.0,124.0,-1009.0
-11.0,134.0,-1009.0
-29.0,138.0,-1011.0
1.0,150.0,-1016.0
-31.0,169.0,-1005.0
-17.0,171.0,-1026.0
-17.0,163.0,-1024.0
-21.0,177.0,-1024.0
-27.0,197.0,-1026.0
-15.0,208.0,-1011.0
-21.0,224.0,-1030.0
-21.0,222.0,-1022.0
-25.0,214.0,-1020.0
-31.0,226.0,-1024.0
-27.0,244.0,-1018.0
-33.0,238.0,-1016.0
-15.0,226.0,-1018.0
-29.0,220.0,-1024.0
-5.0,204.0,-1024.0
-13.0,212.0,-1022.0
0.0,191.0,-1022.0
-17.0,187.0,-1028.0
7.0,175.0,-1028.0
-19.0,181.0,-1028.0
7.0,142.0,-1024.0
-1.0,107.0,-1034.0
13.0,52.0,-1042.0
3.0,44.0,-1050.0
15.0,165.0,-1038.0
7.0,308.0,-1038.0
3.0,402.0,-1011.0
7.0,437.0,-974.0
-17.0,419.0,-979.0
-13.0,421.0,-981.0
-52.0,400.0,-995.0
-21.0,366.0,-1018.0
-56.0,378.0,-1018.0
-44.0,407.0,-1015.0
-44.0,396.0,-1011.0
-35.0,376.0,-997.0
-21.0,277.0,-1032.0
-21.0,275.0,-1044.0
-29.0,322.0,-1056.0
-40.0,464.0,-1050.0
-19.0,571.0,-1032.0
-50.0,571.0,-1028.0
-27.0,488.0,-1007.0
-42.0,343.0,-1022.0
-40.0,290.0,-1030.0
-42.0,308.0,-1046.0
-29.0,400.0,-1030.0
-29.0,472.0,-1024.0
-35.0,482.0,-1005.0
-15.0,468.0,-1001.0
-5.0,384.0,-997.0
-19.0,343.0,-1013.0
7.0,310.0,-1016.0
-11.0,347.0,-1022.0
21.0,406.0,-1005.0
9.0,448.0,-1018.0
37.0,486.0,-1011.0
21.0,447.0,-1009.0
40.0,357.0,-1024.0
44.0,259.0,-1030.0
50.0,236.0,-1030.0
58.0,271.0,-1036.0
39.0,337.0,-1052.0
58.0,335.0,-1036.0
17.0,347.0,-1050.0
52.0,257.0,-1034.0
-13.0,208.0,-1052.0
19.0,197.0,-1036.0
-40.0,224.0,-1028.0
-3.0,286.0,-1038.0
-46.0,300.0,-1028.0
-17.0,222.0,-1020.0
-40.0,144.0,-1018.0
-35.0,121.0,-1013.0
-27.0,109.0,-1015.0
-48.0,117.0,-1011.0
-31.0,138.0,-1015.0
-31.0,130.0,-1011.0
-27.0,132.0,-1001.0
-39.0,89.0,-1009.0
-29.0,62.0,-1003.0
-52.0,109.0,-1011.0
-44.0,171.0,-1003.0
-52.0,206.0,-989.0
-42.0,206.0,-991.0
-64.0,193.0,-991.0
-40.0,136.0,-995.0
-54.0,113.0,-1005.0
-50.0,97.0,-997.0
-42.0,111.0,-1009.0
-40.0,117.0,-1001.0
-21.0,122.0,-1005.0
-27.0,115.0,-1003.0
-19.0,128.0,-1040.0
-27.0,138.0,-1032.0
-13.0,140.0,-1036.0
-27.0,199.0,-1034.0
-9.0,245.0,-1009.0
-13.0,259.0,-1015.0
-17.0,238.0,-1020.0
-37.0,216.0,-1024.0
-25.0,208.0,-1024.0
-39.0,242.0,-1032.0
-29.0,253.0,-1015.0
-35.0,271.0,-1011.0
-21.0,304.0,-1005.0
-25.0,333.0,-1009.0
-35.0,341.0,-1016.0
-25.0,353.0,-1020.0
-19.0,357.0,-1022.0
-1.0,349.0,-1018.0
-5.0,333.0,-1018.0
13.0,325.0,-1016.0
-3.0,355.0,-1030.0
9.0,351.0,-1030.0
-1.0,339.0,-1030.0
17.0,304.0,-1034.0
-9.0,359.0,-1036.0
3.0,400.0,-1018.0
-31.0,423.0,-1028.0
-11.0,433.0,-1032.0
-25.0,411.0,-1034.0
-19.0,402.0,-1028.0
-31.0,437.0,-1038.0
-29.0,476.0,-1032.0
-21.0,497.0,-1020.0
-25.0,474.0,-1034.0
-7.0,411.0,-1028.0
-33.0,368.0,-1036.0
-11.0,407.0,-1032.0
-33.0,464.0,-1022.0
7.0,458.0,-1028.0
-5.0,458.0,-1011.0
13.0,439.0,-1007.0
-13.0,421.0,-1028.0
-3.0,411.0,-1036.0
-11.0,417.0,-1028.0
11.0,443.0,-1013.0
3.0,476.0,-1005.0
3.0,445.0,-997.0
19.0,406.0,-993.0
9.0,450.0,-1016.0
15.0,448.0,-1026.0
-7.0,448.0,-1018.0
21.0,413.0,-995.0
5.0,388.0,-1001.0
27.0,396.0,-1001.0
0.0,404.0,-1015.0
29.0,380.0,-1015.0
21.0,372.0,-1024.0
31.0,331.0,-1016.0
13.0,302.0,-1009.0
27.0,359.0,-1005.0
25.0,402.0,-1007.0
11.0,406.0,-1009.0
7.0,306.0,-1028.0
-3.0,247.0,-1040.0
-5.0,302.0,-1028.0
-17.0,361.0,-1048.0
-17.0,349.0,-1042.0
-29.0,312.0,-1034.0
-15.0,242.0,-1046.0
-35.0,222.0,-1063.0
-35.0,230.0,-1057.0
-46.0,245.0,-1061.0
-39.0,253.0,-1044.0
-56.0,259.0,-1036.0
-44.0,195.0,-1013.0
-54.0,212.0,-1020.0
-56.0,249.0,-1020.0
-62.0,230.0,-1024.0
-70.0,191.0,-1003.0
-62.0,138.0,-1005.0
-64.0,162.0,-1024.0
-62.0,203.0,-1013.0
-66.0,224.0,-1011.0
-42.0,197.0,-1016.0
-56.0,187.0,-1001.0
-23.0,167.0,-985.0
-52.0,179.0,-991.0
-35.0,216.0,-993.0
-54.0,232.0,-1013.0
-42.0,212.0,-1018.0
-44.0,197.0,-1011.0
-25.0,175.0,-995.0
-11.0,177.0,-981.0
0.0,189.0,-979.0
9.0,189.0,-1009.0
9.0,249.0,-1024.0
3.0,279.0,-1040.0
-1.0,294.0,-1038.0
33.0,273.0,-1003.0
21.0,230.0,-999.0
21.0,181.0,-1009.0
11.0,183.0,-1034.0
1.0,277.0,-1052.0
-21.0,331.0,-1067.0
-19.0,366.0,-1028.0
-5.0,296.0,-1009.0
3.0,218.0,-997.0
7.0,212.0,-1007.0
-29.0,306.0,-1032.0
-7.0,378.0,-1056.0
-29.0,394.0,-1054.0
-33.0,359.0,-1032.0
-17.0,286.0,-1005.0
17.0,331.0,-983.0
-19.0,347.0,-1022.0
1.0,396.0,-1030.0
-19.0,378.0,-1050.0
-31.0,380.0,-1063.0
-17.0,394.0,-1020.0
-9.0,376.0,-1001.0
-5.0,357.0,-1015.0
11.0,366.0,-1015.0
-13.0,361.0,-1057.0
-31.0,421.0,-1056.0
-31.0,484.0,-1052.0
-27.0,464.0,-1032.0
-27.0,460.0,-1007.0
-33.0,423.0,-999.0
-21.0,423.0,-1022.0
-35.0,489.0,-1024.0
-44.0,421.0,-1042.0
-42.0,429.0,-1042.0
-29.0,460.0,-1013.0
-31.0,447.0,-997.0
13.0,402.0,-997.0
-5.0,382.0,-1026.0
-1.0,396.0,-1036.0
-29.0,445.0,-1048.0
1.0,460.0,-1007.0
-13.0,462.0,-1003.0
3.0,425.0,-995.0
-3.0,392.0,-1005.0
11.0,384.0,-997.0
11.0,419.0,-1038.0
-37.0,472.0,-1028.0
1.0,423.0,-997.0
-23.0,415.0,-985.0
17.0,355.0,-985.0
-5.0,361.0,-999.0
21.0,327.0,-1015.0
-1.0,341.0,-1042.0
31.0,400.0,-1011.0
-5.0,363.0,-1015.0
29.0,376.0,-991.0
27.0,308.0,-1005.0
0.0,335.0,-1028.0
3.0,345.0,-1034.0
-33.0,392.0,-1056.0
0.0,380.0,-1057.0
-46.0,343.0,-1020.0
3.0,273.0,-1009.0
-29.0,247.0,-1022.0
-7.0,320.0,-1052.0
-42.0,320.0,-1059.0
-23.0,353.0,-1038.0
-23.0,298.0,-1032.0
-35.0,226.0,-1038.0
-25.0,212.0,-1034.0
-25.0,251.0,-1024.0
-11.0,318.0,-1036.0
-42.0,294.0,-1056.0
-58.0,284.0,-1024.0
-35.0,273.0,-1013.0
-39.0,302.0,-997.0
-37.0,255.0,-989.0
-48.0,181.0,-985.0
-50.0,167.0,-1011.0
-46.0,255.0,-1018.0
-68.0,361.0,-1005.0
-60.0,304.0,-985.0
-42.0,203.0,-1007.0
-15.0,150.0,-989.0
-35.0,150.0,-989.0
-1.0,257.0,-1005.0
-11.0,306.0,-1020.0
5.0,308.0,-1016.0
-19.0,306.0,-1003.0
7.0,222.0,-1013.0
1.0,189.0,-997.0
-1.0,185.0,-1007.0
-25.0,187.0,-1042.0
-11.0,292.0,-1016.0
-29.0,343.0,-1026.0
-31.0,306.0,-1013.0
-13.0,195.0,-1024.0
-3.0,175.0,-1016.0
7.0,191.0,-1028.0
-33.0,306.0,-1050.0
5.0,290.0,-1050.0
-25.0,388.0,-1032.0
3.0,339.0,-1020.0
-44.0,245.0,-1032.0
40.0,187.0,-997.0
-37.0,255.0,-1040.0
0.0,363.0,-1048.0
-42.0,333.0,-1038.0
-13.0,343.0,-1005.0
-13.0,281.0,-1007.0
-13.0,302.0,-1005.0
-5.0,195.0,-1009.0
-66.0,331.0,-1015.0
21.0,329.0,-1016.0
-66.0,443.0,-1026.0
3.0,398.0,-997.0
-58.0,378.0,-1009.0
23.0,359.0,-1007.0
-37.0,365.0,-1030.0
3.0,365.0,-1022.0
0.0,355.0,-1046.0
-11.0,460.0,-1009.0
-3.0,378.0,-1020.0
-27.0,413.0,-1020.0
19.0,366.0,-1015.0
-44.0,363.0,-1038.0
3.0,372.0,-1046.0
-39.0,402.0,-1040.0
-3.0,450.0,-1032.0
-33.0,527.0,-1003.0
-44.0,499.0,-1009.0
-35.0,378.0,-1011.0
-50.0,353.0,-1034.0
-15.0,390.0,-1038.0
-52.0,435.0,-1044.0
11.0,497.0,-1018.0
-31.0,439.0,-993.0
3.0,419.0,-1001.0
9.0,341.0,-1046.0
-19.0,374.0,-1022.0
29.0,384.0,-1016.0
-5.0,503.0,-1020.0
15.0,503.0,-999.0
-7.0,439.0,-966.0
11.0,343.0,-1005.0
-3.0,292.0,-1050.0
-5.0,351.0,-1034.0
-15.0,407.0,-1013.0
5.0,472.0,-1007.0
-5.0,445.0,-1009.0
-5.0,351.0,-972.0
9.0,263.0,-1011.0
7.0,296.0,-1056.0
-31.0,390.0,-1059.0
9.0,417.0,-1009.0
-7.0,357.0,-1016.0
15.0,306.0,-1009.0
-25.0,300.0,-995.0
23.0,302.0,-1009.0
1.0,288.0,-1079.0
-21.0,304.0,-1042.0
-37.0,314.0,-1015.0
-29.0,398.0,-1032.0
-15.0,318.0,-1020.0
-37.0,203.0,-1013.0
-37.0,206.0,-1038.0
-9.0,245.0,-1046.0
-27.0,406.0,-1024.0
-42.0,337.0,-1015.0
-40.0,310.0,-1009.0
-1.0,214.0,-1028.0
-62.0,206.0,-1028.0
-31.0,277.0,-1030.0
-15.0,273.0,-1038.0
-31.0,372.0,-1005.0
-17.0,263.0,-985.0
-52.0,244.0,-1024.0
17.0,218.0,-1018.0
-68.0,314.0,-1028.0
-29.0,343.0,-1028.0
-52.0,245.0,-1024.0
-23.0,230.0,-993.0
-54.0,300.0,-997.0
-23.0,355.0,-1001.0
-23.0,335.0,-1020.0
-31.0,238.0,-1016.0
-11.0,195.0,-1024.0
-17.0,185.0,-1009.0
-5.0,314.0,-1011.0
-3.0,417.0,-1003.0
15.0,290.0,-1005.0
-17.0,201.0,-1042.0
13.0,232.0,-1024.0
-11.0,296.0,-1011.0
0.0,339.0,-1013.0
-31.0,269.0,-1032.0
7.0,218.0,-1009.0
-11.0,212.0,-1026.0
-13.0,292.0,-1034.0
-19.0,320.0,-1020.0
9.0,267.0,-993.0
-33.0,230.0,-1016.0
25.0,294.0,-1018.0
-13.0,261.0,-1015.0
0.0,271.0,-1052.0
3.0,228.0,-1050.0
-5.0,216.0,-1026.0
21.0,242.0,-1007.0
-5.0,257.0,-1030.0
27.0,160.0,-1050.0
-21.0,255.0,-1024.0
5.0,150.0,-1046.0
-21.0,187.0,-1042.0
15.0,162.0,-1016.0
-58.0,138.0,-1009.0
29.0,214.0,-999.0
-46.0,165.0,-1036.0
11.0,140.0,-997.0
-48.0,66.0,-1030.0
19.0,109.0,-1003.0
-40.0,167.0,-1018.0
-11.0,247.0,-1011.0
11.0,115.0,-1013.0
-17.0,64.0,-1030.0
29.0,15.0,-1011.0
-62.0,107.0,-1016.0
31.0,33.0,-1022.0
-68.0,58.0,-1020.0
31.0,21.0,-1016.0
-78.0,93.0,-1034.0
13.0,124.0,-1005.0
-46.0,58.0,-997.0
-7.0,21.0,-997.0
-37.0,-40.0,-1013.0
-46.0,39.0,-999.0
1.0,64.0,-1015.0
-48.0,146.0,-1016.0
7.0,-5.0,-1018.0
-80.0,-56.0,-1003.0
37.0,-19.0,-997.0
-64.0,-13.0,-1028.0
23.0,17.0,-1003.0
-60.0,-54.0,-1046.0
-11.0,5.0,-1018.0
-1.0,-11.0,-1001.0
-42.0,107.0,-1013.0
3.0,-19.0,-1015.0
-72.0,25.0,-1022.0
29.0,44.0,-1009.0
-87.0,142.0,-1018.0
74.0,80.0,-976.0
-54.0,-15.0,-1030.0
27.0,40.0,-1016.0
-29.0,-13.0,-1003.0
7.0,111.0,-1038.0
27.0,85.0,-1028.0
-39.0,156.0,-1001.0
19.0,37.0,-1020.0
-68.0,101.0,-1016.0
39.0,87.0,-1007.0
-52.0,87.0,-1050.0
0.0,238.0,-1013.0
-7.0,76.0,-1011.0
-39.0,136.0,-1024.0
29.0,70.0,-1009.0
-50.0,138.0,-1024.0
27.0,175.0,-1046.0
-50.0,183.0,-1026.0
39.0,85.0,-1015.0
-7.0,68.0,-1018.0
13.0,226.0,-1007.0
3.0,160.0,-1028.0
-19.0,216.0,-1038.0
31.0,150.0,-1009.0
-58.0,171.0,-1028.0
27.0,267.0,-989.0
-54.0,195.0,-1007.0
15.0,160.0,-1015.0
-27.0,109.0,-1020.0
-23.0,169.0,-1013.0
7.0,148.0,-1026.0
-19.0,214.0,-1007.0
39.0,144.0,-1022.0
-46.0,70.0,-1024.0
35.0,185.0,-1020.0
-23.0,138.0,-1048.0
5.0,193.0,-1028.0
-7.0,29.0,-1036.0
-21.0,105.0,-1032.0
-21.0,204.0,-1032.0
-11.0,162.0,-1050.0
-23.0,81.0,-1009.0
-54.0,85.0,-1030.0
-5.0,48.0,-999.0
-54.0,142.0,-1032.0
0.0,54.0,-1018.0
-64.0,72.0,-1048.0
7.0,105.0,-1024.0
-44.0,64.0,-1024.0
17.0,105.0,-1028.0
-15.0,50.0,-1009.0
-52.0,81.0,-1018.0
25.0,132.0,-1005.0
-62.0,105.0,-1026.0
21.0,72.0,-1001.0
-27.0,-42.0,-1001.0
-9.0,-25.0,-1030.0
-35.0,15.0,-1003.0
-25.0,64.0,-993.0
-1.0,42.0,-1026.0
-54.0,50.0,-1016.0
-21.0,-17.0,-983.0
-39.0,-64.0,-1020.0
-5.0,173.0,-1015.0
-25.0,72.0,-979.0
-23.0,44.0,-1011.0
9.0,3.0,-1009.0
-33.0,15.0,-1013.0
33.0,-15.0,-1011.0
-13.0,-72.0,-1042.0
1.0,-25.0,-1024.0
-21.0,-54.0,-1020.0
-25.0,7.0,-1013.0
5.0,-35.0,-1034.0
-11.0,-21.0,-1020.0
11.0,0.0,-1042.0
-21.0,31.0,-1018.0
3.0,66.0,-1001.0
-11.0,-37.0,-1052.0
-17.0,15.0,-997.0
7.0,-17.0,-1011.0
-19.0,-29.0,-1018.0
11.0,1.0,-1028.0
5.0,-68.0,-989.0
1.0,-66.0,-1032.0
-1.0,25.0,-1020.0
-9.0,-1.0,-983.0
-1.0,3.0,-1013.0
-31.0,-62.0,-1015.0
-33.0,-33.0,-1016.0
-44.0,19.0,-1009.0
-27.0,99.0,-1007.0
-25.0,101.0,-1007.0
-27.0,21.0,-981.0
-42.0,-5.0,-989.0
-1.0,-31.0,-1009.0
-44.0,50.0,-1032.0
-23.0,-19.0,-1030.0
-33.0,-39.0,-1018.0
-1.0,27.0,-1013.0
-23.0,70.0,-1013.0
-17.0,27.0,-999.0
-13.0,19.0,-1028.0
-35.0,13.0,-1044.0
-13.0,85.0,-1005.0
-19.0,68.0,-1015.0
-19.0,195.0,-1028.0
-17.0,158.0,-993.0
-31.0,101.0,-1013.0
11.0,119.0,-1020.0
-46.0,89.0,-1026.0
13.0,95.0,-1005.0
-33.0,56.0,-1044.0
-9.0,169.0,-1032.0
3.0,-9.0,-1026.0
-31.0,242.0,-1038.0
11.0,126.0,-1026.0
-56.0,99.0,-1015.0
15.0,144.0,-1022.0
-50.0,109.0,-1038.0
5.0,193.0,-1005.0
-25.0,117.0,-1042.0
-3.0,160.0,-1005.0
-15.0,105.0,-1001.0
5.0,31.0,-997.0
7.0,15.0,-1044.0
5.0,46.0,-1001.0
-9.0,68.0,-1028.0
1.0,113.0,-1032.0
-9.0,99.0,-1009.0
21.0,54.0,-1007.0
-7.0,91.0,-1016.0
1.0,177.0,-1024.0
3.0,66.0,-1015.0
-3.0,64.0,-1030.0
11.0,83.0,-1020.0
-13.0,64.0,-1013.0
-21.0,154.0,-1007.0
-5.0,27.0,-1030.0
-19.0,80.0,-1022.0
9.0,-31.0,-1018.0
-27.0,-21.0,-1036.0
15.0,37.0,-1015.0
1.0,13.0,-1050.0
-11.0,46.0,-1046.0
-1.0,64.0,-1016.0
-37.0,81.0,-1015.0
-15.0,39.0,-1034.0
-52.0,-29.0,-1011.0
-42.0,-44.0,-1020.0
-23.0,-39.0,-1030.0
-52.0,39.0,-1009.0
-37.0,-11.0,-1001.0
-42.0,-50.0,-1024.0
-9.0,-52.0,-997.0
-25.0,-60.0,-1001.0
-31.0,60.0,-1011.0
7.0,-17.0,-999.0
-42.0,35.0,-999.0
9.0,1.0,-981.0
-50.0,7.0,-989.0
15.0,23.0,-989.0
-56.0,0.0,-993.0
-17.0,-29.0,-983.0
-19.0,-56.0,-995.0
-31.0,-54.0,-1015.0
-21.0,29.0,-1007.0
-5.0,3.0,-981.0
-11.0,-31.0,-1038.0
13.0,-5.0,-1011.0
-19.0,-13.0,-979.0
31.0,-31.0,-1052.0
-29.0,19.0,-1048.0
5.0,1.0,-1005.0
-1.0,-54.0,-1059.0
-17.0,105.0,-1038.0
3.0,-39.0,-1032.0
-39.0,-35.0,-1020.0
15.0,-39.0,-1046.0
-31.0,-39.0,-1028.0
-11.0,39.0,-1026.0
-31.0,0.0,-1057.0
-17.0,21.0,-1015.0
1.0,23.0,-1016.0
-50.0,19.0,-1024.0
11.0,35.0,-1020.0
-7.0,0.0,-1015.0
-33.0,39.0,-1026.0
7.0,40.0,-1022.0
-9.0,42.0,-985.0
21.0,15.0,-1015.0
-23.0,-5.0,-1016.0
-5.0,39.0,-1001.0
13.0,-7.0,-999.0
1.0,68.0,-1024.0
0.0,35.0,-999.0
-7.0,39.0,-993.0
-27.0,101.0,-1009.0
0.0,44.0,-1003.0
-37.0,74.0,-991.0
3.0,29.0,-1020.0
-40.0,7.0,-1016.0
-23.0,99.0,-989.0
-25.0,15.0,-1015.0
-17.0,42.0,-1020.0
15.0,-25.0,-1016.0
-48.0,-21.0,-1034.0
21.0,115.0,-1020.0
-37.0,5.0,-1026.0
7.0,142.0,-1020.0
-19.0,128.0,-1018.0
-27.0,173.0,-1009.0
15.0,89.0,-1016.0
-54.0,152.0,-1009.0
40.0,17.0,-1016.0
-46.0,39.0,-1030.0
-3.0,109.0,-1038.0
-46.0,56.0,-1018.0
-3.0,101.0,-1005.0
-9.0,13.0,-1036.0
5.0,35.0,-991.0
-33.0,87.0,-1028.0
-25.0,103.0,-1036.0
-29.0,154.0,-1018.0
0.0,68.0,-1003.0
-23.0,-23.0,-1028.0
-23.0,199.0,-1022.0
-23.0,5.0,-1020.0
-19.0,39.0,-1032.0
27.0,15.0,-1018.0
-44.0,76.0,-1005.0
27.0,80.0,-1009.0
-68.0,52.0,-1036.0
27.0,-9.0,-1013.0
-48.0,0.0,-1018.0
-17.0,78.0,-999.0
-17.0,93.0,-1026.0
-21.0,117.0,-991.0
-11.0,11.0,-1044.0
7.0,39.0,-997.0
15.0,25.0,-1011.0
-21.0,35.0,-1030.0
0.0,7.0,-997.0
21.0,15.0,-999.0
17.0,-27.0,-1003.0
3.0,40.0,-1011.0
15.0,11.0,-1030.0
-35.0,-39.0,-1024.0
-5.0,-3.0,-1005.0
-5.0,-60.0,-1011.0
-3.0,56.0,-1013.0
1.0,-25.0,-1018.0
-46.0,44.0,-1020.0
23.0,-23.0,-1011.0
-27.0,-42.0,-1022.0
17.0,-46.0,-1011.0
-39.0,-25.0,-1015.0
0.0,-46.0,-1024.0
-33.0,-27.0,-1015.0
-21.0,-80.0,-1013.0
3.0,-70.0,-1024.0
-37.0,-52.0,-1018.0
-17.0,5.0,-1011.0
-13.0,13.0,-1013.0
-11.0,95.0,-991.0
0.0,-3.0,-1005.0
-44.0,9.0,-1005.0
-13.0,40.0,-1003.0
-23.0,-19.0,-1009.0
-11.0,56.0,-1009.0
-21.0,-27.0,-1022.0
-25.0,-9.0,-985.0
-1.0,3.0,-1015.0
-19.0,40.0,-1020.0
3.0,5.0,-999.0
-3.0,-46.0,-1028.0
-19.0,-44.0,-1028.0
-17.0,95.0,-999.0
11.0,42.0,-997.0
-9.0,81.0,-1050.0
13.0,25.0,-1003.0
-44.0,54.0,-1011.0
37.0,-5.0,-1034.0
-46.0,33.0,-1040.0
29.0,13.0,-1007.0
-35.0,-5.0,-1052.0
-1.0,177.0,-1011.0
-15.0,40.0,-1020.0
-23.0,35.0,-999.0
-21.0,-21.0,-1032.0
-25.0,-1.0,-1011.0
-23.0,56.0,-1024.0
-37.0,5.0,-1034.0
-11.0,50.0,-1016.0
1.0,11.0,-1016.0
-1.0,3.0,-1003.0
11.0,17.0,-1024.0
-9.0,0.0,-1016.0
-7.0,-27.0,-1013.0
7.0,27.0,-1009.0
11.0,-40.0,-1003.0
3.0,81.0,-995.0
-35.0,-83.0,-1020.0
-31.0,-40.0,-1030.0
-7.0,-66.0,-1009.0
-50.0,-3.0,-1011.0
21.0,-44.0,-1030.0
-56.0,-56.0,-1015.0
-13.0,-66.0,-1028.0
-21.0,-99.0,-1013.0
-25.0,-80.0,-1030.0
13.0,-163.0,-1030.0
-39.0,-76.0,-1018.0
25.0,-52.0,-1018.0
-29.0,-44.0,-1015.0
39.0,-40.0,-997.0
-33.0,-81.0,-1030.0
-21.0,-115.0,-991.0
-11.0,-95.0,-1013.0
-17.0,-119.0,-1015.0
-15.0,39.0,-1015.0
-7.0,9.0,-993.0
-70.0,3.0,-1015.0
19.0,-80.0,-972.0
-40.0,-48.0,-991.0
39.0,-113.0,-1013.0
-31.0,-103.0,-1024.0
-42.0,-46.0,-1018.0
-40.0,-152.0,-1020.0
1.0,-87.0,-1007.0
21.0,-288.0,-1050.0
-37.0,-370.0,-1048.0
50.0,-464.0,-1065.0
-52.0,-396.0,-1104.0
83.0,-310.0,-1050.0
1.0,-355.0,-1073.0
21.0,-324.0,-1067.0
5.0,-284.0,-1052.0
-1.0,-314.0,-1034.0
-9.0,-269.0,-1016.0
-52.0,-351.0,-1001.0
-31.0,-335.0,-987.0
-56.0,-388.0,-979.0
-48.0,-236.0,-962.0
-42.0,-404.0,-993.0
-66.0,-419.0,-970.0
0.0,-530.0,-966.0
-44.0,-495.0,-972.0
74.0,-413.0,-935.0
-29.0,-359.0,-970.0
105.0,-394.0,-966.0
-13.0,-400.0,-991.0
105.0,-304.0,-962.0
0.0,-335.0,-979.0
23.0,-279.0,-960.0
29.0,-470.0,-977.0
-40.0,-247.0,-966.0
99.0,-355.0,-987.0
-72.0,-204.0,-1026.0
89.0,-388.0,-1001.0
-62.0,-400.0,-1036.0
134.0,-368.0,-1011.0
-21.0,-290.0,-1056.0
95.0,-253.0,-1034.0
-27.0,-247.0,-1097.0
56.0,-191.0,-1044.0
7.0,-222.0,-1069.0
-11.0,-99.0,-1020.0
-3.0,-255.0,-1044.0
-17.0,-146.0,-1034.0
0.0,-162.0,-1013.0
-68.0,-35.0,-1015.0
-11.0,-60.0,-974.0
-76.0,-132.0,-1001.0
-7.0,-261.0,-1005.0
-62.0,-201.0,-1013.0
3.0,-78.0,-970.0
-35.0,-54.0,-1011.0
-40.0,-68.0,-1015.0
-40.0,-68.0,-981.0
-9.0,0.0,-989.0
-44.0,66.0,-1005.0
-21.0,13.0,-993.0
-60.0,-124.0,-1026.0
-27.0,-91.0,-1007.0
-33.0,-9.0,-1001.0
-17.0,35.0,-987.0
1.0,-60.0,-1024.0
-35.0,-80.0,-1032.0
-11.0,-95.0,-1024.0
-9.0,-85.0,-1038.0
-31.0,29.0,-1042.0
-25.0,-66.0,-1030.0
-27.0,-31.0,-1067.0
0.0,27.0,-1056.0
-42.0,25.0,-1040.0
21.0,-29.0,-1028.0
-64.0,52.0,-1034.0
66.0,-115.0,-1016.0
-33.0,-42.0,-1036.0
-15.0,-46.0,-1028.0
3.0,-62.0,-1024.0
5.0,-95.0,-997.0
11.0,-216.0,-1026.0
5.0,-169.0,-1007.0
74.0,-126.0,-1003.0
-23.0,-95.0,-1050.0
48.0,-48.0,-1015.0
21.0,-177.0,-1016.0
0.0,-191.0,-1028.0
21.0,-203.0,-999.0
25.0,-210.0,-997.0
3.0,-183.0,-1038.0
-31.0,-294.0,-1020.0
-7.0,-298.0,-1007.0
1.0,-396.0,-1022.0
-52.0,-255.0,-1022.0
33.0,-349.0,-1034.0
-74.0,-255.0,-1038.0
39.0,-380.0,-1011.0
-48.0,-398.0,-1077.0
31.0,-255.0,-1003.0
-25.0,-290.0,-1022.0
-15.0,-261.0,-1028.0
-46.0,-443.0,-1015.0
-46.0,-488.0,-991.0
-7.0,-472.0,-1046.0
-52.0,-333.0,-989.0
9.0,-404.0,-983.0
-48.0,-341.0,-997.0
0.0,-419.0,-977.0
-44.0,-505.0,-991.0
-29.0,-314.0,-977.0
19.0,-419.0,-977.0
-52.0,-325.0,-983.0
21.0,-407.0,-968.0
-29.0,-316.0,-991.0
25.0,-415.0,-1022.0
-50.0,-343.0,-987.0
89.0,-462.0,-966.0
-19.0,-439.0,-1020.0
33.0,-316.0,-991.0
-17.0,-372.0,-1028.0
19.0,-242.0,-1026.0
3.0,-308.0,-1026.0
0.0,-368.0,-1016.0
3.0,-390.0,-1015.0
0.0,-306.0,-1020.0
-15.0,-245.0,-1030.0
9.0,-296.0,-1028.0
-5.0,-290.0,-1015.0
1.0,-365.0,-1028.0
-5.0,-302.0,-1013.0
13.0,-230.0,-1015.0
-42.0,-230.0,-1030.0
17.0,-318.0,-1009.0
-25.0,-263.0,-1005.0
25.0,-275.0,-1005.0
13.0,-169.0,-1011.0
-7.0,-187.0,-1001.0
-50.0,-152.0,-1022.0
15.0,-271.0,-987.0
-5.0,-195.0,-987.0
21.0,-208.0,-989.0
-17.0,-206.0,-1001.0
-3.0,-226.0,-1020.0
-66.0,-119.0,-1013.0
21.0,-255.0,-997.0
-29.0,-160.0,-1028.0
-3.0,-218.0,-1015.0
-39.0,-197.0,-1015.0
-21.0,-121.0,-1018.0
-40.0,-97.0,-1032.0
-19.0,-29.0,-995.0
-5.0,-175.0,-1011.0
-64.0,-105.0,-1046.0
-7.0,-242.0,-1003.0
-72.0,-58.0,-1050.0
13.0,-50.0,-1011.0
-56.0,-95.0,-1042.0
27.0,-117.0,-1013.0
-58.0,-187.0,-1030.0
7.0,-76.0,-1022.0
-25.0,-91.0,-1056.0
0.0,-37.0,-1011.0
-9.0,-152.0,-1036.0
-9.0,-99.0,-1007.0
35.0,-136.0,-995.0
-33.0,-66.0,-1005.0
37.0,-175.0,-1018.0
-35.0,-197.0,-1013.0
29.0,-247.0,-1020.0
-35.0,-144.0,-1026.0
31.0,-56.0,-999.0
-19.0,-126.0,-1011.0
0.0,-152.0,-1013.0
-3.0,-257.0,-1016.0
-27.0,-179.0,-1009.0
-11.0,-206.0,-1032.0
-27.0,-167.0,-1001.0
5.0,-181.0,-1005.0
-42.0,-220.0,-1005.0
1.0,-316.0,-1009.0
-35.0,-324.0,-1026.0
-3.0,-318.0,-1038.0
-9.0,-292.0,-1022.0
-1.0,-292.0,-1016.0
7.0,-271.0,-1016.0
-21.0,-245.0,-1040.0
1.0,-253.0,-1030.0
-13.0,-318.0,-1003.0
-13.0,-376.0,-999.0
-23.0,-388.0,-1018.0
-17.0,-222.0,-991.0
-21.0,-244.0,-995.0
-7.0,-281.0,-1009.0
-19.0,-435.0,-995.0
0.0,-501.0,-997.0
-19.0,-392.0,-1020.0
-5.0,-302.0,-1005.0
11.0,-325.0,-1007.0
19.0,-320.0,-1007.0
11.0,-359.0,-1011.0
-39.0,-279.0,-1022.0
-1.0,-343.0,-985.0
-15.0,-386.0,-997.0
-5.0,-447.0,-987.0
-39.0,-370.0,-1001.0
3.0,-292.0,-1028.0
-39.0,-208.0,-1015.0
15.0,-351.0,-991.0
-23.0,-443.0,-1003.0
23.0,-439.0,-1024.0
-44.0,-341.0,-1036.0
11.0,-232.0,-1001.0
-42.0,-296.0,-1007.0
17.0,-351.0,-997.0
-25.0,-288.0,-987.0
-21.0,-212.0,-1011.0
9.0,-314.0,-1028.0
-29.0,-302.0,-1003.0
23.0,-404.0,-995.0
-25.0,-335.0,-1015.0
60.0,-255.0,-1022.0
-33.0,-257.0,-1044.0
42.0,-302.0,-1005.0
-31.0,-322.0,-1020.0
3.0,-294.0,-999.0
-33.0,-257.0,-1005.0
-11.0,-173.0,-1013.0
-29.0,-263.0,-1005.0
-19.0,-279.0,-999.0
-9.0,-265.0,-1009.0
-35.0,-210.0,-1016.0
0.0,-226.0,-1005.0
-23.0,-234.0,-1011.0
-3.0,-206.0,-1013.0
-17.0,-230.0,-1011.0
-25.0,-138.0,-1003.0
-7.0,-245.0,-1013.0
-33.0,-163.0,-1018.0
-17.0,-226.0,-1005.0
-37.0,-136.0,-1020.0
-11.0,-105.0,-1007.0
-31.0,-107.0,-1007.0
-9.0,-177.0,-1022.0
-9.0,-204.0,-997.0
-21.0,-203.0,-1028.0
-3.0,-154.0,-1026.0
-13.0,-109.0,-1030.0
-1.0,-177.0,-1026.0
-23.0,-218.0,-1016.0
3.0,-160.0,-1009.0
-23.0,-142.0,-1036.0
-23.0,-140.0,-1024.0
-15.0,-199.0,-1005.0
-23.0,-177.0,-1005.0
-7.0,-89.0,-993.0
-1.0,-109.0,-1011.0
-1.0,-148.0,-1042.0
0.0,-214.0,-1038.0
1.0,-203.0,-1030.0
-19.0,-171.0,-1024.0
-11.0,-117.0,-1015.0
-13.0,-210.0,-1011.0
17.0,-244.0,-1005.0
-35.0,-267.0,-1015.0
-3.0,-232.0,-1024.0
-9.0,-162.0,-1030.0
-9.0,-171.0,-1011.0
-3.0,-259.0,-1005.0
-3.0,-251.0,-997.0
-3.0,-257.0,-1016.0
-25.0,-255.0,-1024.0
-5.0,-290.0,-1016.0
-27.0,-335.0,-1018.0
5.0,-261.0,-1003.0
-29.0,-216.0,-1011.0
-17.0,-245.0,-1015.0
-42.0,-308.0,-995.0
-21.0,-325.0,-997.0
-17.0,-302.0,-1001.0
-3.0,-294.0,-1003.0
-5.0,-325.0,-1028.0
-9.0,-337.0,-1020.0
-7.0,-283.0,-1016.0
-1.0,-265.0,-1024.0
-5.0,-292.0,-1011.0
-9.0,-386.0,-1020.0
0.0,-411.0,-1011.0
-31.0,-363.0,-1009.0
-13.0,-290.0,-1001.0
-33.0,-251.0,-1001.0
-13.0,-312.0,-1005.0
-33.0,-392.0,-1003.0
-17.0,-349.0,-997.0
5.0,-324.0,-999.0
3.0,-308.0,-1018.0
9.0,-380.0,-1026.0
-3.0,-407.0,-1028.0
21.0,-337.0,-1013.0
-15.0,-244.0,-997.0
11.0,-318.0,-999.0
-17.0,-384.0,-1001.0
-5.0,-327.0,-993.0
-19.0,-312.0,-995.0
0.0,-275.0,-993.0
-3.0,-312.0,-1011.0
3.0,-312.0,-1015.0
11.0,-290.0,-1016.0
3.0,-253.0,-1022.0
11.0,-273.0,-1022.0
11.0,-292.0,-1026.0
-13.0,-292.0,-1032.0
-9.0,-298.0,-1015.0
-23.0,-267.0,-1015.0
-11.0,-206.0,-1005.0
-17.0,-224.0,-1005.0
-15.0,-279.0,-1013.0
-23.0,-284.0,-1016.0
13.0,-292.0,-1015.0
0.0,-271.0,-1032.0
5.0,-236.0,-1024.0
5.0,-224.0,-1026.0
-5.0,-195.0,-1028.0
0.0,-165.0,-997.0
-19.0,-175.0,-1005.0
-19.0,-204.0,-1001.0
-50.0,-204.0,-1003.0
-19.0,-234.0,-1005.0
-44.0,-244.0,-1011.0
-33.0,-220.0,-1013.0
-27.0,-185.0,-1016.0
-9.0,-179.0,-1024.0
-13.0,-181.0,-1016.0
11.0,-222.0,-1011.0
-3.0,-191.0,-1022.0
-7.0,-146.0,-1013.0
-33.0,-136.0,-1013.0
-19.0,-152.0,-1003.0
-39.0,-173.0,-995.0
-42.0,-238.0,-999.0
-35.0,-216.0,-1020.0
-29.0,-191.0,-1022.0
-3.0,-183.0,-1034.0
-3.0,-171.0,-1024.0
7.0,-244.0,-1024.0
0.0,-240.0,-1024.0
11.0,-162.0,-1007.0
-5.0,-126.0,-1001.0
-1.0,-146.0,-1003.0
-21.0,-218.0,-1007.0
-40.0,-242.0,-1005.0
-29.0,-261.0,-1009.0
-35.0,-257.0,-1009.0
-1.0,-244.0,-1013.0
-11.0,-257.0,-1016.0
21.0,-238.0,-1020.0
9.0,-230.0,-1022.0
21.0,-247.0,-1030.0
17.0,-230.0,-1028.0
0.0,-226.0,-1003.0
-29.0,-259.0,-999.0
-25.0,-249.0,-1001.0
-44.0,-226.0,-993.0
-29.0,-259.0,-1009.0
-33.0,-275.0,-1018.0
-31.0,-292.0,-1020.0
0.0,-300.0,-1015.0
9.0,-294.0,-1026.0
23.0,-296.0,-1018.0
23.0,-281.0,-1015.0
17.0,-242.0,-1030.0
-3.0,-218.0,-1007.0
-13.0,-261.0,-1009.0
-31.0,-277.0,-1011.0
-31.0,-249.0,-1007.0
-33.0,-230.0,-1005.0
-27.0,-204.0,-1007.0
-13.0,-191.0,-1005.0
-9.0,-224.0,-1011.0
0.0,-236.0,-1018.0
5.0,-249.0,-1013.0
13.0,-240.0,-1016.0
11.0,-197.0,-1016.0
3.0,-220.0,-1015.0
-19.0,-226.0,-1005.0
-25.0,-197.0,-999.0
-33.0,-158.0,-1007.0
-11.0,-167.0,-1005.0
-27.0,-171.0,-1005.0
-11.0,-150.0,-1009.0
-15.0,-93.0,-1003.0
11.0,-76.0,-1013.0
0.0,-107.0,-1009.0
3.0,-150.0,-1018.0
-9.0,-115.0,-1015.0
-11.0,-70.0,-1003.0
-21.0,-58.0,-1015.0
-27.0,-64.0,-1013.0
-37.0,-70.0,-1015.0
-40.0,-64.0,-1009.0
-27.0,-39.0,-1007.0
-29.0,-5.0,-1015.0
-11.0,-3.0,-1020.0
-19.0,-17.0,-1026.0
5.0,-9.0,-1011.0
-7.0,15.0,-1009.0
-5.0,35.0,-1020.0
-21.0,19.0,-1007.0
-19.0,-31.0,-1015.0
-35.0,-17.0,-1028.0
-29.0,29.0,-1015.0
-33.0,64.0,-1013.0
-23.0,39.0,-1018.0
-17.0,13.0,-1015.0
-17.0,33.0,-1028.0
0.0,80.0,-1030.0
-7.0,115.0,-1018.0
5.0,81.0,-1022.0
-9.0,60.0,-1024.0
0.0,44.0,-1026.0
-13.0,37.0,-1022.0
-5.0,27.0,-1016.0
-29.0,29.0,-1007.0
-7.0,-9.0,-1018.0
-19.0,0.0,-1024.0
3.0,27.0,-1022.0
-5.0,39.0,-1020.0
-3.0,54.0,-1018.0
-9.0,33.0,-1018.0
0.0,31.0,-1009.0
-19.0,72.0,-1016.0
-17.0,76.0,-1003.0
-21.0,25.0,-1013.0
-29.0,5.0,-1015.0
-17.0,-3.0,-1020.0
-19.0,-13.0,-1013.0
-7.0,-21.0,-1013.0
-17.0,-35.0,-1007.0
7.0,-37.0,-1015.0
-9.0,-19.0,-1024.0
-1.0,-1.0,-1022.0
-13.0,-25.0,-1030.0
-17.0,-29.0,-1020.0
-23.0,-31.0,-1015.0
-33.0,-48.0,-1020.0
-33.0,-46.0,-1015.0
-31.0,-46.0,-1024.0
-21.0,-58.0,-1018.0
-25.0,-60.0,-1013.0
-13.0,-60.0,-1022.0
-9.0,-48.0,-1026.0
-9.0,-40.0,-1022.0
-15.0,-39.0,-1020.0
-7.0,-44.0,-1016.0
-17.0,-44.0,-1013.0
-31.0,-44.0,-1013.0
-44.0,-52.0,-1016.0
-33.0,-70.0,-1009.0
-33.0,-80.0,-1007.0
-5.0,-95.0,-1003.0
-23.0,-105.0,-1015.0
-11.0,-113.0,-999.0
9.0,-109.0,-1016.0
11.0,-99.0,-1016.0
5.0,-89.0,-1015.0
11.0,-93.0,-1018.0
0.0,-70.0,-1013.0
-15.0,-60.0,-1005.0
-9.0,-72.0,-1011.0
-25.0,-72.0,-1009.0
-17.0,-81.0,-1005.0
-19.0,-87.0,-1011.0
-15.0,-87.0,-1013.0
-5.0,-78.0,-1013.0
-5.0,-62.0,-1016.0
11.0,-62.0,-1016.0
-3.0,-56.0,-1018.0
-9.0,-74.0,-1015.0
-17.0,-56.0,-1024.0
3.0,-46.0,-1001.0
-15.0,-48.0,-1020.0
-13.0,-48.0,-1013.0
-27.0,-37.0,-1009.0
-19.0,-42.0,-1009.0
-3.0,-29.0,-1016.0
5.0,-31.0,-1015.0
1.0,-40.0,-1015.0
9.0,-13.0,-1013.0
3.0,0.0,-1009.0
-5.0,-7.0,-1009.0
-15.0,7.0,-1022.0
-15.0,11.0,-1005.0
-25.0,5.0,-1013.0
-31.0,25.0,-1020.0
-27.0,21.0,-1009.0
-19.0,19.0,-1028.0
-3.0,27.0,-1026.0
-3.0,33.0,-1020.0
3.0,35.0,-1024.0
-1.0,50.0,-1026.0
-5.0,50.0,-1026.0
-17.0,50.0,-1028.0
-3.0,64.0,-1024.0
-23.0,81.0,-1020.0
-19.0,78.0,-1016.0
-40.0,85.0,-1015.0
-35.0,76.0,-1013.0
-29.0,85.0,-1022.0
-31.0,95.0,-1020.0
-15.0,99.0,-1024.0
-9.0,85.0,-1020.0
-13.0,78.0,-1020.0
-13.0,64.0,-1020.0
7.0,54.0,-1028.0
-3.0,62.0,-1018.0
0.0,64.0,-1015.0
-9.0,33.0,-1016.0
-7.0,35.0,-1015.0
-13.0,31.0,-1028.0
-9.0,40.0,-1015.0
-13.0,46.0,-1018.0
-17.0,37.0,-1015.0
-13.0,35.0,-1016.0
-17.0,42.0,-1016.0
-3.0,39.0,-1016.0
-11.0,31.0,-1024.0
-1.0,39.0,-1020.0
-19.0,19.0,-1015.0
-11.0,13.0,-1024.0
-25.0,15.0,-1022.0
-23.0,17.0,-1009.0
-19.0,0.0,-1013.0
-11.0,11.0,-1015.0
-19.0,9.0,-1015.0
-5.0,13.0,-1005.0
-3.0,35.0,-1013.0
5.0,11.0,-1016.0
-3.0,11.0,-1018.0
-9.0,29.0,-1016.0
-11.0,23.0,-1011.0
-27.0,13.0,-1011.0
-27.0,15.0,-1015.0
-33.0,11.0,-1005.0
-27.0,11.0,-1009.0
-25.0,15.0,-1015.0
-11.0,9.0,-1009.0
-11.0,13.0,-1013.0
-7.0,35.0,-1022.0
-15.0,25.0,-1018.0
-15.0,17.0,-1020.0
-21.0,35.0,-1018.0
-13.0,19.0,-1022.0
-25.0,-5.0,-1026.0
-15.0,9.0,-1020.0
-31.0,9.0,-1020.0
-23.0,3.0,-1020.0
-23.0,9.0,-1024.0
-19.0,-13.0,-1009.0
0.0,-1.0,-1013.0
-7.0,3.0,-1018.0
-1.0,11.0,-1020.0
-11.0,11.0,-1016.0
-11.0,13.0,-1013.0
-17.0,7.0,-1016.0
-17.0,-7.0,-1013.0
-37.0,-5.0,-1018.0
-21.0,-19.0,-1009.0
-25.0,-29.0,-1018.0
-11.0,-21.0,-1007.0
-13.0,-13.0,-1011.0
-3.0,-7.0,-1011.0
5.0,-15.0,-1018.0
1.0,-31.0,-1016.0
-1.0,-35.0,-1015.0
-5.0,-13.0,-1018.0
-11.0,-9.0,-1030.0
-17.0,-9.0,-1018.0
-27.0,-13.0,-1011.0
-33.0,-23.0,-1007.0
-17.0,-25.0,-1016.0
-17.0,-17.0,-1022.0
-1.0,-27.0,-1026.0
-7.0,-15.0,-1030.0
-1.0,-11.0,-1020.0
-3.0,-13.0,-1011.0
5.0,-3.0,-1022.0
-5.0,-1.0,-1016.0
-9.0,0.0,-1009.0
-13.0,-19.0,-1016.0
-19.0,5.0,-1020.0
-19.0,7.0,-1011.0
-21.0,-3.0,-1011.0
-15.0,5.0,-1001.0
-15.0,-5.0,-1013.0
3.0,7.0,-1011.0
-9.0,21.0,-1018.0
7.0,15.0,-1013.0
-13.0,11.0,-1013.0
-3.0,13.0,-1015.0
-21.0,11.0,-1001.0
-15.0,23.0,-1011.0
-23.0,29.0,-1007.0
-23.0,27.0,-991.0
-21.0,27.0,-997.0
-11.0,35.0,-985.0
-23.0,42.0,-983.0
-23.0,52.0,-976.0
-13.0,54.0,-970.0
13.0,39.0,-956.0
11.0,58.0,-950.0
7.0,78.0,-917.0
25.0,39.0,-923.0
-23.0,42.0,-940.0
-35.0,31.0,-909.0
-25.0,15.0,-880.0
-1.0,50.0,-866.0
-31.0,81.0,-856.0
-19.0,74.0,-833.0
-50.0,44.0,-876.0
-70.0,60.0,-892.0
-62.0,85.0,-854.0
-37.0,80.0,-839.0
11.0,83.0,-798.0
0.0,93.0,-812.0
21.0,27.0,-829.0
-5.0,46.0,-858.0
-7.0,81.0,-890.0
-19.0,81.0,-858.0
3.0,107.0,-798.0
9.0,68.0,-808.0
33.0,44.0,-819.0
0.0,68.0,-819.0
-44.0,33.0,-849.0
-17.0,64.0,-851.0
-33.0,126.0,-817.0
-46.0,81.0,-798.0
-37.0,15.0,-780.0
-40.0,39.0,-774.0
-64.0,95.0,-792.0
-21.0,142.0,-802.0
-33.0,31.0,-821.0
-42.0,-50.0,-829.0
-35.0,21.0,-808.0
25.0,89.0,-806.0
21.0,146.0,-798.0
35.0,134.0,-763.0
0.0,37.0,-772.0
15.0,93.0,-798.0
-15.0,222.0,-833.0
-17.0,187.0,-837.0
-13.0,85.0,-817.0
-46.0,15.0,-812.0
-15.0,66.0,-804.0
-9.0,201.0,-794.0
-13.0,160.0,-812.0
-33.0,13.0,-856.0
-7.0,48.0,-841.0
-29.0,152.0,-864.0
1.0,228.0,-843.0
11.0,154.0,-827.0
-9.0,27.0,-806.0
-1.0,105.0,-810.0
11.0,187.0,-810.0
-9.0,109.0,-819.0
-21.0,39.0,-833.0
-35.0,17.0,-829.0
-35.0,154.0,-812.0
-50.0,261.0,-767.0
-29.0,101.0,-757.0
-31.0,-11.0,-765.0
-33.0,66.0,-774.0
-29.0,162.0,-808.0
-33.0,154.0,-821.0
-21.0,60.0,-802.0
1.0,17.0,-782.0
3.0,132.0,-757.0
7.0,158.0,-769.0
5.0,81.0,-813.0
-3.0,13.0,-825.0
0.0,54.0,-829.0
0.0,121.0,-813.0
11.0,122.0,-776.0
5.0,27.0,-767.0
-5.0,-13.0,-784.0
-17.0,56.0,-786.0
-33.0,93.0,-786.0
-29.0,95.0,-782.0
-25.0,44.0,-759.0
-15.0,11.0,-757.0
-35.0,64.0,-755.0
-17.0,85.0,-753.0
-33.0,54.0,-749.0
-5.0,-3.0,-730.0
-21.0,11.0,-728.0
9.0,50.0,-718.0
-17.0,52.0,-726.0
1.0,11.0,-733.0
-15.0,15.0,-739.0
-11.0,62.0,-728.0
-19.0,50.0,-730.0
-11.0,17.0,-741.0
-1.0,44.0,-749.0
-1.0,115.0,-757.0
-1.0,126.0,-753.0
-7.0,66.0,-755.0
-5.0,19.0,-743.0
-13.0,42.0,-747.0
-17.0,83.0,-761.0
-54.0,81.0,-759.0
-35.0,52.0,-755.0
-44.0,42.0,-751.0
-44.0,68.0,-749.0
-46.0,70.0,-739.0
-39.0,58.0,-732.0
-39.0,81.0,-743.0
-37.0,56.0,-743.0
-23.0,39.0,-737.0
-15.0,66.0,-771.0
-17.0,93.0,-767.0
-19.0,111.0,-761.0
1.0,72.0,-753.0
-1.0,40.0,-757.0
-5.0,60.0,-743.0
-7.0,113.0,-730.0
-1.0,121.0,-743.0
0.0,130.0,-743.0
-13.0,148.0,-735.0
-39.0,107.0,-724.0
-9.0,60.0,-708.0
-23.0,66.0,-722.0
-25.0,99.0,-726.0
-19.0,121.0,-737.0
-7.0,87.0,-745.0
-9.0,99.0,-747.0
1.0,150.0,-722.0
21.0,150.0,-728.0
9.0,138.0,-722.0
7.0,91.0,-722.0
-1.0,140.0,-724.0
-13.0,220.0,-718.0
-33.0,156.0,-710.0
-17.0,146.0,-691.0
-39.0,130.0,-702.0
-39.0,115.0,-704.0
-33.0,140.0,-726.0
-29.0,121.0,-732.0
-3.0,152.0,-728.0
0.0,169.0,-722.0
25.0,130.0,-720.0
11.0,140.0,-745.0
3.0,152.0,-759.0
-25.0,160.0,-753.0
-11.0,138.0,-741.0
-33.0,124.0,-739.0
-44.0,138.0,-743.0
-40.0,101.0,-733.0
-50.0,99.0,-735.0
-31.0,99.0,-749.0
-13.0,95.0,-751.0
-27.0,130.0,-730.0
-1.0,70.0,-735.0
-5.0,66.0,-743.0
-15.0,103.0,-733.0
-23.0,124.0,-747.0
-25.0,76.0,-745.0
-27.0,74.0,-749.0
-21.0,76.0,-733.0
-13.0,103.0,-726.0
-21.0,46.0,-735.0
-5.0,42.0,-726.0
3.0,40.0,-716.0
1.0,60.0,-720.0
-13.0,39.0,-730.0
-21.0,39.0,-730.0
-23.0,80.0,-759.0
-33.0,99.0,-769.0
-23.0,64.0,-745.0
-7.0,87.0,-733.0
-3.0,126.0,-728.0
-9.0,115.0,-685.0
0.0,70.0,-704.0
-21.0,31.0,-741.0
-17.0,7.0,-739.0
-39.0,85.0,-735.0
-13.0,25.0,-732.0
-11.0,40.0,-730.0
3.0,70.0,-710.0
-3.0,124.0,-710.0
11.0,101.0,-702.0
-11.0,70.0,-728.0
-19.0,97.0,-732.0
-52.0,115.0,-743.0
-23.0,70.0,-739.0
-27.0,105.0,-726.0
-17.0,117.0,-712.0
-33.0,126.0,-708.0
-31.0,76.0,-700.0
-31.0,5.0,-706.0
-29.0,-3.0,-741.0
-21.0,40.0,-739.0
-7.0,60.0,-749.0
1.0,148.0,-716.0
3.0,181.0,-692.0
7.0,181.0,-685.0
-17.0,136.0,-683.0
-23.0,50.0,-689.0
-44.0,54.0,-732.0
-52.0,87.0,-733.0
-46.0,85.0,-712.0
-5.0,40.0,-698.0
-7.0,105.0,-694.0
-5.0,99.0,-683.0
-1.0,111.0,-710.0
-25.0,85.0,-751.0
-9.0,66.0,-763.0
-11.0,152.0,-743.0
1.0,136.0,-732.0
9.0,177.0,-694.0
7.0,134.0,-708.0
-29.0,105.0,-747.0
-37.0,33.0,-772.0
-25.0,21.0,-800.0
-27.0,78.0,-790.0
-11.0,150.0,-749.0
17.0,162.0,-724.0
-5.0,173.0,-718.0
-9.0,152.0,-732.0
-42.0,144.0,-771.0
-64.0,156.0,-792.0
-52.0,134.0,-765.0
-50.0,154.0,-722.0
-35.0,142.0,-720.0
-33.0,160.0,-691.0
-7.0,56.0,-733.0
-21.0,97.0,-765.0
-13.0,124.0,-763.0
11.0,187.0,-708.0
33.0,138.0,-661.0
17.0,50.0,-673.0
0.0,80.0,-679.0
0.0,39.0,-720.0
-31.0,111.0,-761.0
-29.0,140.0,-730.0
-7.0,185.0,-659.0
0.0,103.0,-642.0
-3.0,40.0,-677.0
-25.0,31.0,-702.0
-37.0,103.0,-759.0
-39.0,175.0,-745.0
-15.0,156.0,-692.0
1.0,87.0,-661.0
-39.0,56.0,-706.0
-29.0,33.0,-714.0
-39.0,80.0,-761.0
-25.0,115.0,-786.0
7.0,167.0,-735.0
17.0,66.0,-716.0
17.0,52.0,-745.0
9.0,39.0,-772.0
-3.0,134.0,-769.0
5.0,97.0,-790.0
-25.0,134.0,-757.0
-19.0,54.0,-706.0
-25.0,60.0,-716.0
-46.0,40.0,-767.0
-50.0,56.0,-771.0
-56.0,29.0,-772.0
-19.0,58.0,-741.0
-40.0,138.0,-704.0
13.0,152.0,-661.0
-1.0,169.0,-689.0
0.0,62.0,-726.0
9.0,-5.0,-759.0
-17.0,44.0,-749.0
-17.0,111.0,-726.0
7.0,101.0,-700.0
9.0,105.0,-679.0
-3.0,-25.0,-694.0
-1.0,-5.0,-724.0
-37.0,101.0,-737.0
-29.0,203.0,-737.0
-33.0,187.0,-692.0
-33.0,85.0,-691.0
-23.0,42.0,-702.0
-33.0,80.0,-724.0
-42.0,171.0,-737.0
-17.0,122.0,-737.0
-35.0,193.0,-708.0
15.0,56.0,-714.0
-33.0,124.0,-737.0
-23.0,93.0,-767.0
3.0,142.0,-794.0
-3.0,81.0,-780.0
0.0,25.0,-778.0
17.0,117.0,-741.0
-17.0,210.0,-720.0
31.0,175.0,-722.0
-17.0,171.0,-737.0
-29.0,81.0,-761.0
-40.0,146.0,-739.0
-44.0,183.0,-733.0
-42.0,70.0,-763.0
-46.0,23.0,-724.0
-37.0,-25.0,-696.0
-7.0,74.0,-747.0
-27.0,201.0,-733.0
0.0,163.0,-720.0
9.0,105.0,-739.0
-7.0,148.0,-747.0
-13.0,103.0,-726.0
-5.0,105.0,-726.0
-17.0,-33.0,-747.0
-19.0,-19.0,-737.0
-19.0,13.0,-739.0
-9.0,197.0,-733.0
13.0,206.0,-739.0
-19.0,111.0,-733.0
-19.0,113.0,-747.0
-44.0,115.0,-759.0
-15.0,203.0,-720.0
-44.0,78.0,-739.0
-31.0,70.0,-747.0
-31.0,87.0,-728.0
-31.0,66.0,-745.0
-19.0,119.0,-780.0
-21.0,138.0,-784.0
23.0,87.0,-755.0
27.0,177.0,-730.0
19.0,204.0,-694.0
13.0,80.0,-691.0
5.0,35.0,-737.0
-39.0,46.0,-761.0
-56.0,121.0,-732.0
-39.0,122.0,-745.0
-21.0,76.0,-696.0
-9.0,130.0,-687.0
-42.0,138.0,-694.0
-3.0,40.0,-726.0
-44.0,25.0,-726.0
-13.0,99.0,-763.0
-13.0,210.0,-739.0
-19.0,210.0,-724.0
7.0,35.0,-726.0
-1.0,74.0,-706.0
15.0,-13.0,-733.0
-25.0,11.0,-763.0
-11.0,31.0,-782.0
-17.0,68.0,-747.0
56.0,177.0,-747.0
11.0,226.0,-720.0
5.0,40.0,-720.0
3.0,-11.0,-702.0
-15.0,-15.0,-755.0
-37.0,13.0,-763.0
-44.0,109.0,-772.0
-29.0,113.0,-751.0
-42.0,169.0,-726.0
-15.0,60.0,-708.0
-29.0,27.0,-747.0
-1.0,58.0,-761.0
-42.0,185.0,-745.0
-5.0,165.0,-735.0
-7.0,54.0,-784.0
0.0,62.0,-774.0
-21.0,85.0,-722.0
13.0,95.0,-712.0
-1.0,107.0,-726.0
-13.0,46.0,-698.0
-9.0,105.0,-720.0
-42.0,117.0,-790.0
-27.0,95.0,-767.0
-5.0,76.0,-749.0
-7.0,29.0,-757.0
-11.0,74.0,-730.0
17.0,146.0,-708.0
-44.0,267.0,-730.0
-11.0,290.0,-743.0
-56.0,242.0,-771.0
-27.0,25.0,-780.0
-46.0,17.0,-780.0
-19.0,0.0,-745.0
-13.0,52.0,-759.0
33.0,138.0,-724.0
0.0,234.0,-757.0
25.0,228.0,-757.0
-19.0,259.0,-782.0
3.0,76.0,-788.0
-21.0,15.0,-788.0
11.0,27.0,-771.0
-33.0,66.0,-757.0
-21.0,134.0,-726.0
-25.0,156.0,-733.0
1.0,195.0,-745.0
-56.0,286.0,-692.0
-25.0,39.0,-712.0
-17.0,-13.0,-745.0
-9.0,-9.0,-751.0
-56.0,21.0,-743.0
21.0,171.0,-747.0
15.0,236.0,-706.0
19.0,101.0,-716.0
-33.0,140.0,-694.0
15.0,-13.0,-759.0
-15.0,122.0,-772.0
-48.0,158.0,-745.0
-27.0,-58.0,-728.0
1.0,-134.0,-751.0
-46.0,-13.0,-749.0
-25.0,99.0,-720.0
13.0,199.0,-747.0
7.0,130.0,-825.0
-15.0,-29.0,-798.0
-3.0,17.0,-771.0
7.0,72.0,-817.0
-31.0,206.0,-776.0
-25.0,31.0,-714.0
-35.0,21.0,-774.0
-37.0,60.0,-798.0
-48.0,218.0,-737.0
33.0,50.0,-751.0
-23.0,-64.0,-788.0
31.0,-156.0,-733.0
3.0,-87.0,-722.0
42.0,-39.0,-774.0
-33.0,46.0,-804.0
5.0,142.0,-743.0
11.0,44.0,-737.0
-37.0,99.0,-712.0
-9.0,-62.0,-685.0
-29.0,-44.0,-675.0
-27.0,-119.0,-753.0
-64.0,-39.0,-757.0
0.0,-40.0,-675.0
-15.0,-48.0,-732.0
-3.0,-21.0,-716.0
31.0,-93.0,-696.0
-9.0,-119.0,-755.0
-15.0,-17.0,-778.0
44.0,134.0,-794.0
17.0,93.0,-755.0
0.0,27.0,-757.0
-19.0,-130.0,-737.0
-19.0,-150.0,-763.0
-64.0,-109.0,-792.0
-60.0,7.0,-815.0
-39.0,-64.0,-827.0
-25.0,-31.0,-858.0
-19.0,-50.0,-854.0
-11.0,42.0,-925.0
-1.0,25.0,-950.0
0.0,-5.0,-1024.0
-29.0,-40.0,-1145.0
-31.0,62.0,-1188.0
-15.0,134.0,-1192.0
-7.0,-13.0,-1272.0
21.0,-31.0,-1346.0
-15.0,-101.0,-1323.0
17.0,-66.0,-1399.0
64.0,-54.0,-1512.0
-37.0,169.0,-1569.0
-1.0,195.0,-1538.0
5.0,216.0,-1567.0
21.0,89.0,-1600.0
-44.0,-19.0,-1583.0
-7.0,-152.0,-1598.0
-17.0,-189.0,-1692.0
-64.0,3.0,-1614.0
-31.0,162.0,-1530.0
-29.0,109.0,-1514.0
-37.0,-130.0,-1510.0
-58.0,-181.0,-1481.0
-33.0,-181.0,-1485.0
-11.0,-42.0,-1467.0
-11.0,39.0,-1391.0
1.0,5.0,-1313.0
27.0,-9.0,-1249.0
29.0,-95.0,-1239.0
-27.0,-134.0,-1241.0
19.0,-195.0,-1282.0
-11.0,-46.0,-1259.0
29.0,25.0,-1194.0
-1.0,101.0,-1147.0
64.0,31.0,-1145.0
11.0,-46.0,-1200.0
87.0,-148.0,-1233.0
13.0,-15.0,-1259.0
81.0,117.0,-1276.0
48.0,191.0,-1257.0
39.0,56.0,-1270.0
17.0,21.0,-1313.0
48.0,19.0,-1380.0
-13.0,101.0,-1368.0
-21.0,-3.0,-1383.0
11.0,40.0,-1417.0
-13.0,-39.0,-1458.0
-3.0,185.0,-1426.0
-68.0,368.0,-1426.0
-11.0,158.0,-1419.0
-52.0,-105.0,-1438.0
-64.0,-206.0,-1419.0
-66.0,-144.0,-1440.0
-70.0,185.0,-1430.0
-66.0,288.0,-1411.0
-60.0,44.0,-1397.0
-39.0,-121.0,-1335.0
-21.0,-277.0,-1342.0
-21.0,-76.0,-1382.0
11.0,-70.0,-1399.0
0.0,-21.0,-1374.0
9.0,-44.0,-1370.0
23.0,50.0,-1284.0
31.0,-128.0,-1272.0
9.0,-224.0,-1309.0
-31.0,-226.0,-1362.0
-13.0,-150.0,-1356.0
-21.0,39.0,-1342.0
-21.0,191.0,-1311.0
21.0,60.0,-1286.0
7.0,-9.0,-1286.0
-3.0,-144.0,-1372.0
-11.0,-142.0,-1403.0
11.0,1.0,-1417.0
-19.0,33.0,-1409.0
-23.0,111.0,-1380.0
-33.0,152.0,-1346.0
-9.0,-21.0,-1378.0
-33.0,-35.0,-1391.0
-3.0,-99.0,-1436.0
9.0,119.0,-1403.0
58.0,177.0,-1376.0
33.0,167.0,-1395.0
35.0,-19.0,-1426.0
9.0,-42.0,-1409.0
23.0,-136.0,-1403.0
-13.0,-27.0,-1382.0
-33.0,33.0,-1327.0
-42.0,152.0,-1321.0
-39.0,210.0,-1321.0
-62.0,111.0,-1342.0
-23.0,-11.0,-1294.0
25.0,-257.0,-1323.0
-5.0,-210.0,-1276.0
11.0,-189.0,-1231.0
31.0,-13.0,-1223.0
37.0,-19.0,-1247.0
13.0,-31.0,-1262.0
17.0,-148.0,-1212.0
21.0,-183.0,-1214.0
0.0,-54.0,-1120.0
9.0,-101.0,-1075.0
15.0,-136.0,-1063.0
7.0,-226.0,-1118.0
-39.0,-121.0,-1104.0
29.0,-134.0,-1112.0
-5.0,-111.0,-1139.0
33.0,-224.0,-1124.0
-29.0,-160.0,-1098.0
-1.0,-113.0,-1104.0
-44.0,-80.0,-1100.0
-9.0,-115.0,-1116.0
-68.0,-78.0,-1179.0
-54.0,13.0,-1151.0
-33.0,39.0,-1122.0
-54.0,72.0,-1151.0
-37.0,-62.0,-1145.0
-39.0,-121.0,-1153.0
-19.0,-134.0,-1179.0
-33.0,-19.0,-1200.0
13.0,-3.0,-1239.0
-31.0,33.0,-1255.0
13.0,35.0,-1198.0
-25.0,-21.0,-1227.0
-11.0,81.0,-1202.0
-7.0,-58.0,-1223.0
-3.0,-87.0,-1294.0
-27.0,-3.0,-1319.0
0.0,74.0,-1294.0
-25.0,181.0,-1298.0
-7.0,33.0,-1262.0
-42.0,-35.0,-1247.0
-35.0,-152.0,-1307.0
-62.0,-5.0,-1354.0
-50.0,-21.0,-1358.0
-23.0,13.0,-1382.0
9.0,-40.0,-1374.0
13.0,-9.0,-1333.0
81.0,-50.0,-1319.0
68.0,-17.0,-1366.0
17.0,13.0,-1380.0
33.0,1.0,-1354.0
-9.0,25.0,-1362.0
3.0,-11.0,-1393.0
-37.0,-31.0,-1387.0
-9.0,-11.0,-1380.0
-33.0,-9.0,-1387.0
-9.0,103.0,-1341.0
-7.0,80.0,-1323.0
3.0,52.0,-1360.0
-5.0,-48.0,-1395.0
-11.0,25.0,-1419.0
31.0,-40.0,-1424.0
-11.0,-27.0,-1397.0
78.0,-89.0,-1372.0
5.0,42.0,-1337.0
42.0,74.0,-1356.0
-15.0,83.0,-1382.0
15.0,-17.0,-1364.0
-46.0,-5.0,-1356.0
-33.0,44.0,-1323.0
-40.0,31.0,-1286.0
-39.0,-23.0,-1288.0
-15.0,-103.0,-1341.0
-54.0,-70.0,-1342.0
17.0,-52.0,-1341.0
-17.0,-9.0,-1356.0
42.0,23.0,-1339.0
7.0,13.0,-1329.0
25.0,-35.0,-1319.0
-17.0,-29.0,-1348.0
-15.0,74.0,-1292.0
-40.0,42.0,-1294.0
-46.0,-50.0,-1288.0
-56.0,-58.0,-1270.0
-52.0,-50.0,-1268.0
-23.0,-21.0,-1286.0
-46.0,-76.0,-1292.0
-1.0,-220.0,-1286.0
-9.0,-165.0,-1290.0
7.0,-9.0,-1311.0
1.0,-111.0,-1311.0
62.0,95.0,-1305.0
19.0,0.0,-1296.0
15.0,-15.0,-1225.0
54.0,-171.0,-1270.0
-19.0,-130.0,-1274.0
-11.0,-58.0,-1298.0
-39.0,-50.0,-1292.0
-56.0,-130.0,-1301.0
-11.0,-132.0,-1266.0
-66.0,-81.0,-1276.0
-11.0,-101.0,-1262.0
-46.0,-95.0,-1311.0
-17.0,-103.0,-1321.0
-23.0,-87.0,-1305.0
0.0,-23.0,-1298.0
9.0,-58.0,-1311.0
17.0,-81.0,-1292.0
7.0,-146.0,-1307.0
-33.0,-80.0,-1329.0
-11.0,-68.0,-1307.0
-27.0,-70.0,-1344.0
19.0,-87.0,-1335.0
-9.0,-81.0,-1329.0
27.0,-99.0,-1307.0
21.0,-60.0,-1309.0
15.0,3.0,-1311.0
-15.0,0.0,-1329.0
-25.0,5.0,-1313.0
-1.0,-19.0,-1337.0
-46.0,33.0,-1323.0
0.0,-25.0,-1294.0
-60.0,-89.0,-1290.0
-15.0,-93.0,-1305.0
-40.0,-17.0,-1327.0
1.0,142.0,-1329.0
-17.0,136.0,-1335.0
31.0,23.0,-1294.0
13.0,-37.0,-1286.0
13.0,-39.0,-1303.0
-5.0,-17.0,-1321.0
21.0,-19.0,-1352.0
-9.0,13.0,-1368.0
-11.0,29.0,-1339.0
-7.0,42.0,-1300.0
9.0,13.0,-1296.0
0.0,-1.0,-1321.0
-27.0,17.0,-1337.0
-19.0,15.0,-1337.0
-17.0,13.0,-1333.0
-9.0,35.0,-1327.0
-21.0,21.0,-1301.0
-13.0,-48.0,-1329.0
-25.0,-66.0,-1346.0
-19.0,-39.0,-1376.0
-40.0,7.0,-1380.0
0.0,21.0,-1356.0
-5.0,21.0,-1346.0
13.0,95.0,-1329.0
-15.0,25.0,-1333.0
-11.0,0.0,-1333.0
-27.0,-70.0,-1339.0
-42.0,-23.0,-1337.0
-17.0,-54.0,-1325.0
-17.0,-39.0,-1303.0
9.0,-95.0,-1300.0
-21.0,-46.0,-1321.0
-9.0,-46.0,-1323.0
-31.0,-35.0,-1315.0
1.0,-48.0,-1335.0
-3.0,-3.0,-1344.0
9.0,56.0,-1321.0
7.0,19.0,-1307.0
33.0,-23.0,-1309.0
0.0,-9.0,-1311.0
-7.0,-39.0,-1313.0
-21.0,-58.0,-1317.0
-19.0,-97.0,-1341.0
-42.0,-39.0,-1348.0
-9.0,-39.0,-1348.0
-29.0,-15.0,-1319.0
11.0,-40.0,-1323.0
0.0,5.0,-1309.0
13.0,-13.0,-1309.0
0.0,-60.0,-1313.0
0.0,-126.0,-1342.0
-7.0,-78.0,-1331.0
-3.0,-62.0,-1331.0
-23.0,-74.0,-1323.0
-5.0,-124.0,-1319.0
-15.0,-87.0,-1309.0
-15.0,-80.0,-1315.0
-23.0,-89.0,-1301.0
0.0,-95.0,-1301.0
-29.0,-70.0,-1337.0
-21.0,-27.0,-1315.0
-13.0,-33.0,-1313.0
9.0,-52.0,-1311.0
-3.0,-80.0,-1327.0
-9.0,-81.0,-1315.0
-3.0,-130.0,-1317.0
3.0,-74.0,-1325.0
-9.0,-50.0,-1325.0
-9.0,-58.0,-1333.0
-17.0,-81.0,-1331.0
-19.0,-107.0,-1325.0
-21.0,-58.0,-1323.0
-27.0,-50.0,-1329.0
-23.0,-44.0,-1317.0
-3.0,-56.0,-1329.0
-11.0,0.0,-1331.0
-5.0,-33.0,-1325.0
-19.0,-48.0,-1325.0
0.0,-76.0,-1325.0
-19.0,-42.0,-1333.0
-23.0,-25.0,-1317.0
-23.0,-29.0,-1325.0
-17.0,-3.0,-1333.0
3.0,27.0,-1331.0
-19.0,0.0,-1329.0
9.0,-48.0,-1311.0
1.0,-46.0,-1321.0
-3.0,-7.0,-1319.0
-5.0,37.0,-1313.0
-9.0,3.0,-1317.0
-5.0,-40.0,-1313.0
-19.0,-11.0,-1315.0
-15.0,-13.0,-1315.0
-35.0,-21.0,-1309.0
-3.0,-39.0,-1319.0
-23.0,9.0,-1317.0
-3.0,40.0,-1305.0
-19.0,1.0,-1300.0
13.0,-44.0,-1311.0
-19.0,-40.0,-1333.0
3.0,-21.0,-1327.0
-7.0,-29.0,-1327.0
0.0,-101.0,-1333.0
-5.0,99.0,-1327.0
1.0,37.0,-1294.0
-13.0,93.0,-1339.0
21.0,9.0,-1290.0
-33.0,-29.0,-1339.0
11.0,5.0,-1286.0
-48.0,-13.0,-1323.0
21.0,-56.0,-1325.0
-80.0,42.0,-1333.0
25.0,-44.0,-1317.0
-42.0,-29.0,-1346.0
46.0,-80.0,-1315.0
-39.0,-37.0,-1378.0
27.0,-33.0,-1335.0
-33.0,-11.0,-1354.0
33.0,19.0,-1335.0
-9.0,74.0,-1329.0
15.0,15.0,-1296.0
-5.0,-54.0,-1300.0
-21.0,-85.0,-1292.0
-29.0,-37.0,-1286.0
-37.0,-31.0,-1284.0
-19.0,-46.0,-1268.0
-23.0,-46.0,-1249.0
-9.0,-40.0,-1247.0
-19.0,-44.0,-1229.0
-7.0,-52.0,-1227.0
-15.0,-58.0,-1220.0
0.0,-39.0,-1220.0
-7.0,-11.0,-1202.0
-3.0,-33.0,-1188.0
-3.0,-44.0,-1184.0
-17.0,-42.0,-1192.0
-11.0,-60.0,-1184.0
-21.0,-91.0,-1196.0
0.0,-54.0,-1180.0
-5.0,-17.0,-1188.0
-1.0,7.0,-1180.0
-13.0,-37.0,-1171.0
0.0,-56.0,-1173.0
-9.0,-42.0,-1169.0
-9.0,-27.0,-1161.0
-19.0,-42.0,-1165.0
-21.0,-42.0,-1163.0
-35.0,-27.0,-1163.0
-31.0,-37.0,-1143.0
-31.0,-54.0,-1138.0
-23.0,-46.0,-1139.0
-33.0,-46.0,-1143.0
-11.0,-23.0,-1120.0
-15.0,-9.0,-1120.0
0.0,-29.0,-1114.0
-13.0,-1.0,-1116.0
-11.0,-19.0,-1112.0
-9.0,-46.0,-1104.0
-3.0,-44.0,-1116.0
-21.0,-3.0,-1122.0
-9.0,35.0,-1106.0
-13.0,21.0,-1112.0
-1.0,21.0,-1112.0
-13.0,5.0,-1126.0
-9.0,21.0,-1124.0
-11.0,23.0,-1134.0
0.0,15.0,-1122.0
-1.0,44.0,-1130.0
-7.0,76.0,-1120.0
-7.0,25.0,-1126.0
-17.0,11.0,-1132.0
-25.0,29.0,-1136.0
-31.0,33.0,-1134.0
-17.0,35.0,-1130.0
-21.0,46.0,-1134.0
-9.0,60.0,-1118.0
-13.0,64.0,-1120.0
-13.0,27.0,-1120.0
-3.0,-5.0,-1122.0
-9.0,7.0,-1128.0
-11.0,23.0,-1120.0
-17.0,9.0,-1106.0
-15.0,3.0,-1108.0
-11.0,25.0,-1098.0
-21.0,13.0,-1106.0
-1.0,-1.0,-1095.0
-11.0,0.0,-1095.0
0.0,17.0,-1081.0
-5.0,27.0,-1077.0
-9.0,3.0,-1083.0
-13.0,-13.0,-1075.0
-23.0,-5.0,-1083.0
-21.0,-11.0,-1079.0
-15.0,-39.0,-1065.0
-15.0,-35.0,-1089.0
-11.0,-7.0,-1079.0
-21.0,19.0,-1083.0
-11.0,0.0,-1075.0
-11.0,7.0,-1069.0
-17.0,1.0,-1083.0
-17.0,13.0,-1073.0
-9.0,-3.0,-1085.0
-11.0,-11.0,-1077.0
-1.0,9.0,-1077.0
-1.0,-1.0,-1075.0
-13.0,-27.0,-1085.0
-9.0,-23.0,-1081.0
-13.0,5.0,-1087.0
-17.0,17.0,-1075.0
-9.0,9.0,-1083.0
-15.0,19.0,-1083.0
-13.0,29.0,-1071.0
-19.0,31.0,-1069.0
-15.0,17.0,-1071.0
-23.0,11.0,-1067.0
-21.0,15.0,-1071.0
-17.0,7.0,-1071.0
-17.0,-1.0,-1073.0
-9.0,11.0,-1067.0
-7.0,9.0,-1065.0
-17.0,9.0,-1059.0
-13.0,0.0,-1059.0
-3.0,31.0,-1063.0
-11.0,66.0,-1059.0
-7.0,76.0,-1054.0
-17.0,66.0,-1050.0
-9.0,74.0,-1048.0
-19.0,113.0,-1052.0
-11.0,105.0,-1042.0
-11.0,64.0,-1052.0
-15.0,52.0,-1057.0
-21.0,72.0,-1061.0
-17.0,89.0,-1054.0
-13.0,81.0,-1069.0
-5.0,54.0,-1065.0
-5.0,39.0,-1065.0
11.0,56.0,-1056.0
-3.0,76.0,-1059.0
-1.0,95.0,-1071.0
1.0,95.0,-1065.0
-11.0,80.0,-1065.0
-3.0,56.0,-1059.0
-3.0,60.0,-1065.0
-11.0,78.0,-1061.0
-29.0,54.0,-1048.0
-1.0,31.0,-1038.0
-7.0,15.0,-1046.0
-11.0,39.0,-1044.0
-11.0,37.0,-1044.0
-15.0,35.0,-1040.0
-21.0,13.0,-1042.0
-21.0,11.0,-1030.0
-15.0,17.0,-1028.0
-19.0,11.0,-1036.0
-1.0,21.0,-1034.0
-1.0,25.0,-1032.0
0.0,5.0,-1018.0
-11.0,-3.0,-1020.0
5.0,-7.0,-1011.0
-11.0,-11.0,-1028.0
-11.0,-25.0,-1018.0
-13.0,-40.0,-1020.0
-19.0,-35.0,-1036.0
-25.0,-17.0,-1032.0
-23.0,-1.0,-1028.0
-29.0,-21.0,-1040.0
-11.0,-13.0,-1042.0
-21.0,-1.0,-1038.0
-15.0,-17.0,-1036.0
-11.0,-25.0,-1042.0
-9.0,-40.0,-1040.0
-5.0,-40.0,-1052.0
-17.0,-39.0,-1050.0
-9.0,-39.0,-1050.0
-19.0,-39.0,-1057.0
-13.0,-31.0,-1052.0
-17.0,-35.0,-1054.0
-9.0,-31.0,-1056.0
-19.0,-17.0,-1059.0
-5.0,-5.0,-1056.0
-25.0,-3.0,-1046.0
-13.0,-15.0,-1048.0
-23.0,-1.0,-1028.0
-13.0,5.0,-1044.0
-11.0,-5.0,-1038.0
-15.0,-13.0,-1042.0
-3.0,-29.0,-1040.0
-11.0,-13.0,-1042.0
-7.0,-17.0,-1038.0
-9.0,-17.0,-1044.0
-5.0,-1.0,-1046.0
-13.0,3.0,-1034.0
-5.0,9.0,-1046.0
-3.0,13.0,-1036.0
-1.0,13.0,-1028.0
-3.0,19.0,-1032.0
-19.0,25.0,-1034.0
-11.0,21.0,-1030.0
-19.0,39.0,-1036.0
-23.0,35.0,-1028.0
-19.0,44.0,-1026.0
-13.0,31.0,-1036.0
-15.0,33.0,-1036.0
-11.0,40.0,-1032.0
-17.0,40.0,-1034.0
3.0,29.0,-1032.0
-1.0,40.0,-1018.0
-9.0,33.0,-1036.0
-11.0,46.0,-1028.0
-13.0,46.0,-1020.0
-13.0,44.0,-1018.0
-13.0,46.0,-1013.0
-23.0,50.0,-1016.0
-13.0,54.0,-1005.0
-19.0,60.0,-1005.0
-5.0,58.0,-1005.0
-11.0,40.0,-995.0
-23.0,35.0,-1001.0
-19.0,44.0,-997.0
-21.0,54.0,-997.0
-15.0,44.0,-999.0
-21.0,40.0,-995.0
-13.0,27.0,-1001.0
-33.0,35.0,-1003.0
-9.0,54.0,-1001.0
-11.0,70.0,-1005.0
-9.0,64.0,-1016.0
-11.0,52.0,-1015.0
-13.0,40.0,-1018.0
-11.0,35.0,-1030.0
-15.0,42.0,-1024.0
-17.0,39.0,-1020.0
-15.0,37.0,-1028.0
-15.0,37.0,-1028.0
-17.0,50.0,-1040.0
-17.0,42.0,-1038.0
-19.0,40.0,-1032.0
-15.0,19.0,-1040.0
-19.0,25.0,-1038.0
-9.0,48.0,-1036.0
-15.0,54.0,-1034.0
-9.0,37.0,-1042.0
-7.0,23.0,-1038.0
-19.0,25.0,-1030.0
-21.0,25.0,-1034.0
-17.0,15.0,-1048.0
-11.0,19.0,-1034.0
-17.0,7.0,-1034.0
0.0,9.0,-1034.0
-11.0,19.0,-1030.0
3.0,23.0,-1024.0
-7.0,19.0,-1024.0
-3.0,1.0,-1024.0
-17.0,-3.0,-1030.0
-3.0,7.0,-1024.0
-13.0,13.0,-1030.0
-11.0,7.0,-1022.0
-9.0,5.0,-1024.0
-11.0,-5.0,-1034.0
-7.0,5.0,-1018.0
-17.0,19.0,-1022.0
-7.0,5.0,-1028.0
-13.0,5.0,-1028.0
-1.0,-3.0,-1024.0
-15.0,-9.0,-1028.0
-9.0,7.0,-1028.0
-21.0,11.0,-1026.0
-15.0,-3.0,-1034.0
-19.0,3.0,-1028.0
-17.0,0.0,-1028.0
-11.0,5.0,-1026.0
-19.0,9.0,-1024.0
-5.0,0.0,-1024.0
-3.0,-15.0,-1020.0
-29.0,0.0,-1024.0
-11.0,3.0,-1024.0
-17.0,3.0,-1020.0
-17.0,3.0,-1016.0
-21.0,-3.0,-1026.0
-27.0,-1.0,-1015.0
-17.0,11.0,-1018.0
-19.0,15.0,-1013.0
-19.0,13.0,-1018.0
-19.0,9.0,-1015.0
-7.0,5.0,-1009.0
-21.0,5.0,-1015.0
-7.0,11.0,-1009.0
-25.0,13.0,-1009.0
-7.0,-5.0,-1016.0
-21.0,7.0,-1022.0
-17.0,13.0,-1009.0
-21.0,21.0,-1028.0
-11.0,19.0,-1013.0
-19.0,15.0,-1011.0
-11.0,19.0,-1015.0
-11.0,27.0,-1013.0
-13.0,35.0,-1011.0
-9.0,39.0,-1016.0
-11.0,15.0,-1016.0
-17.0,13.0,-1016.0
-13.0,19.0,-1016.0
-13.0,66.0,-1018.0
-13.0,31.0,-1020.0
-7.0,40.0,-1024.0
-7.0,15.0,-1030.0
-11.0,25.0,-1026.0
0.0,44.0,-1020.0
-9.0,46.0,-1026.0
-3.0,39.0,-1016.0
-17.0,50.0,-1024.0
0.0,37.0,-1022.0
-19.0,42.0,-1020.0
-5.0,39.0,-1026.0
-15.0,35.0,-1022.0
-11.0,35.0,-1016.0
-31.0,39.0,-1018.0
-11.0,70.0,-1016.0
-13.0,60.0,-1022.0
-7.0,44.0,-1013.0
0.0,40.0,-1009.0
-23.0,37.0,-1013.0
-21.0,56.0,-1013.0
-1.0,46.0,-1020.0
-17.0,46.0,-1016.0
-21.0,9.0,-1024.0
-13.0,44.0,-1013.0
-7.0,29.0,-1018.0
-25.0,37.0,-1022.0
-1.0,42.0,-1016.0
-9.0,25.0,-1016.0
-17.0,25.0,-1018.0
-7.0,27.0,-1026.0
-11.0,13.0,-1032.0
-11.0,15.0,-1022.0
-21.0,21.0,-1013.0
-19.0,39.0,-1024.0
-21.0,44.0,-1026.0
-23.0,52.0,-1007.0
-11.0,31.0,-1020.0
-54.0,21.0,-1018.0
56.0,-144.0,-1020.0
-40.0,212.0,-1020.0
-3.0,-66.0,-1013.0
-56.0,175.0,-1030.0
87.0,-60.0,-1013.0
-156.0,46.0,-1050.0
142.0,-35.0,-989.0
-97.0,42.0,-1046.0
83.0,-42.0,-989.0
-85.0,81.0,-1050.0
95.0,11.0,-991.0
-78.0,33.0,-1032.0
54.0,5.0,-995.0
-29.0,0.0,-1030.0
-3.0,-27.0,-1013.0
-1.0,-5.0,-1003.0
5.0,-15.0,-1003.0
25.0,44.0,-1028.0
-48.0,15.0,-1020.0
54.0,9.0,-987.0
-46.0,-5.0,-1034.0
33.0,50.0,-1013.0
-87.0,-19.0,-1024.0
66.0,21.0,-1009.0
-64.0,-21.0,-1022.0
27.0,0.0,-1020.0
-44.0,0.0,-1026.0
7.0,60.0,-1011.0
-35.0,74.0,-1015.0
66.0,39.0,-997.0
-37.0,-15.0,-1028.0
-27.0,-9.0,-1013.0
35.0,-40.0,-1030.0
-17.0,-13.0,-1003.0
-23.0,35.0,-1038.0
23.0,97.0,-1009.0
5.0,78.0,-993.0
-50.0,48.0,-1020.0
29.0,-11.0,-1022.0
13.0,-56.0,-993.0
-31.0,-40.0,-1005.0
-13.0,54.0,-1056.0
13.0,152.0,-1016.0
-62.0,64.0,-1015.0
25.0,39.0,-966.0
25.0,-29.0,-1030.0
-29.0,-29.0,-1020.0
-31.0,37.0,-1044.0
23.0,115.0,-1007.0
-13.0,109.0,-1003.0
-33.0,29.0,-1003.0
50.0,-42.0,-1003.0
-64.0,5.0,-1022.0
31.0,33.0,-1056.0
-27.0,109.0,-1015.0
0.0,37.0,-1001.0
-21.0,5.0,-993.0
21.0,40.0,-997.0
11.0,89.0,-1036.0
-25.0,40.0,-1032.0
60.0,-33.0,-1030.0
-27.0,-21.0,-1015.0
31.0,83.0,-1005.0
-48.0,179.0,-1018.0
5.0,70.0,-1067.0
-27.0,-35.0,-1015.0
0.0,-48.0,-1009.0
-13.0,99.0,-1003.0
0.0,93.0,-1028.0
-5.0,42.0,-1022.0
-25.0,-29.0,-1007.0
5.0,109.0,-1001.0
-17.0,58.0,-1048.0
-25.0,-15.0,-1028.0
-7.0,-44.0,-1009.0
13.0,95.0,-995.0
7.0,64.0,-1042.0
-48.0,19.0,-1015.0
19.0,-9.0,-1001.0
-48.0,83.0,-1005.0
21.0,-7.0,-1022.0
-44.0,-31.0,-1030.0
66.0,40.0,-1013.0
-56.0,128.0,-1028.0
33.0,-13.0,-1020.0
-66.0,-29.0,-1001.0
33.0,56.0,-1030.0
-66.0,40.0,-1018.0
42.0,-54.0,-1005.0
-35.0,91.0,-1020.0
-9.0,117.0,-1005.0
-21.0,-40.0,-1065.0
1.0,15.0,-985.0
-40.0,54.0,-995.0
17.0,-37.0,-1048.0
-3.0,-1.0,-1030.0
0.0,89.0,-981.0
-29.0,-31.0,-1054.0
11.0,58.0,-1030.0
-35.0,132.0,-995.0
-31.0,-99.0,-1013.0
-19.0,3.0,-1056.0
1.0,93.0,-1022.0
-35.0,-58.0,-966.0
23.0,117.0,-1003.0
35.0,101.0,-1052.0
-66.0,-103.0,-1024.0
9.0,103.0,-983.0
5.0,56.0,-1048.0
-46.0,-101.0,-1046.0
1.0,146.0,-989.0
5.0,-29.0,-1016.0
-37.0,11.0,-981.0
37.0,204.0,-991.0
-50.0,-144.0,-1081.0
-44.0,115.0,-995.0
56.0,66.0,-1007.0
-44.0,-197.0,-1071.0
-1.0,257.0,-950.0
23.0,-29.0,-1007.0
-62.0,66.0,-1020.0
23.0,206.0,-1005.0
-50.0,-300.0,-1120.0
-23.0,255.0,-950.0
50.0,-122.0,-987.0
-68.0,-3.0,-1046.0
33.0,316.0,-931.0
-11.0,-236.0,-1102.0
13.0,322.0,-987.0
-11.0,-160.0,-1020.0
-66.0,5.0,-1048.0
76.0,156.0,-940.0
-60.0,-154.0,-1077.0
7.0,351.0,-981.0
13.0,-234.0,-1046.0
-11.0,292.0,-1018.0
9.0,-240.0,-972.0
-60.0,204.0,-1038.0
105.0,40.0,-1007.0
-119.0,-15.0,-1106.0
130.0,212.0,-931.0
-97.0,-206.0,-1052.0
119.0,324.0,-948.0
-89.0,-242.0,-1085.0
21.0,329.0,-977.0
37.0,-259.0,-1044.0
-46.0,341.0,-1003.0
105.0,-228.0,-1015.0
-117.0,294.0,-1054.0
165.0,-220.0,-995.0
-167.0,277.0,-1065.0
197.0,-230.0,-913.0
-222.0,230.0,-1143.0
265.0,-156.0,-874.0
-253.0,269.0,-1149.0
212.0,-134.0,-905.0
-257.0,253.0,-1161.0
281.0,-222.0,-841.0
-281.0,214.0,-1143.0
292.0,-220.0,-892.0
-294.0,359.0,-1161.0
312.0,-220.0,-854.0
-335.0,345.0,-1171.0
339.0,-288.0,-895.0
-306.0,286.0,-1182.0
300.0,-236.0,-823.0
-314.0,314.0,-1139.0
277.0,-199.0,-907.0
-253.0,306.0,-1157.0
283.0,-247.0,-962.0
-247.0,187.0,-995.0
136.0,-89.0,-948.0
-105.0,132.0,-1091.0
74.0,146.0,-1097.0
7.0,-171.0,-964.0
-60.0,175.0,-952.0
124.0,-162.0,-952.0
-142.0,245.0,-1108.0
150.0,-31.0,-993.0
-156.0,17.0,-1069.0
140.0,58.0,-977.0
-72.0,-99.0,-1007.0
78.0,273.0,-1034.0
58.0,-126.0,-958.0
-107.0,117.0,-1020.0
107.0,-68.0,-1015.0
-144.0,89.0,-1063.0
183.0,128.0,-1040.0
-119.0,-29.0,-976.0
74.0,40.0,-940.0
-33.0,-3.0,-1089.0
54.0,-1.0,-1026.0
-42.0,152.0,-1038.0
27.0,-25.0,-884.0
-9.0,50.0,-1040.0
0.0,113.0,-1077.0
13.0,-111.0,-1042.0
-58.0,142.0,-1013.0
93.0,-33.0,-946.0
-76.0,5.0,-1056.0
15.0,171.0,-1016.0
-56.0,31.0,-981.0
31.0,-58.0,-1067.0
-58.0,107.0,-1036.0
27.0,-70.0,-960.0
-27.0,-9.0,-1050.0
-39.0,191.0,-1013.0
66.0,-64.0,-960.0
-40.0,101.0,-1073.0
-31.0,74.0,-1020.0
42.0,-136.0,-1048.0
3.0,93.0,-1011.0
-35.0,103.0,-940.0
5.0,68.0,-1044.0
9.0,29.0,-1093.0
-78.0,101.0,-1003.0
46.0,-130.0,-938.0
-11.0,-5.0,-1114.0
-21.0,191.0,-1015.0
3.0,-37.0,-917.0
39.0,-31.0,-1056.0
-35.0,214.0,-1042.0
-5.0,-13.0,-966.0
0.0,-25.0,-1054.0
-23.0,35.0,-1061.0
-13.0,5.0,-952.0
-33.0,78.0,-997.0
52.0,3.0,-1038.0
-44.0,156.0,-1015.0
-48.0,39.0,-936.0
48.0,-48.0,-1114.0
-11.0,-27.0,-1063.0
-37.0,-17.0,-919.0
-39.0,206.0,-1003.0
72.0,52.0,-1083.0
-76.0,21.0,-1005.0
-9.0,-64.0,-960.0
42.0,40.0,-1087.0
7.0,-3.0,-1001.0
-122.0,107.0,-948.0
33.0,50.0,-1052.0
66.0,121.0,-1067.0
-7.0,-40.0,-968.0
-72.0,66.0,-983.0
91.0,-48.0,-1050.0
35.0,68.0,-1050.0
-56.0,70.0,-1005.0
-31.0,-50.0,-995.0
15.0,142.0,-1005.0
64.0,115.0,-1073.0
-64.0,15.0,-968.0
-25.0,-224.0,-1044.0
-21.0,107.0,-1009.0
62.0,160.0,-987.0
-58.0,111.0,-1044.0
-50.0,-39.0,-1032.0
25.0,9.0,-958.0
11.0,0.0,-966.0
-11.0,-17.0,-1091.0
-50.0,121.0,-1097.0
19.0,99.0,-952.0
74.0,-58.0,-931.0
-48.0,83.0,-1028.0
-46.0,76.0,-1050.0
37.0,-74.0,-1065.0
-1.0,165.0,-1061.0
-21.0,-52.0,-991.0
60.0,-25.0,-940.0
-46.0,187.0,-977.0
25.0,99.0,-1118.0
-68.0,-66.0,-1112.0
33.0,31.0,-942.0
-21.0,-91.0,-991.0
74.0,119.0,-972.0
-78.0,121.0,-1016.0
83.0,54.0,-1067.0
-56.0,13.0,-1081.0
80.0,-105.0,-960.0
-111.0,158.0,-974.0
29.0,-74.0,-1011.0
33.0,99.0,-1046.0
-3.0,128.0,-1030.0
91.0,44.0,-1022.0
-85.0,-29.0,-960.0
42.0,-95.0,-991.0
-42.0,68.0,-1073.0
27.0,-27.0,-1089.0
-101.0,185.0,-993.0
85.0,23.0,-921.0
-78.0,115.0,-974.0
121.0,-15.0,-1077.0
0.0,124.0,-1036.0
78.0,-107.0,-1022.0
-87.0,-21.0,-958.0
-9.0,9.0,-995.0
31.0,19.0,-1077.0
-83.0,19.0,-1122.0
-7.0,70.0,-1022.0
-62.0,-39.0,-935.0
-21.0,136.0,-942.0
-17.0,76.0,-1116.0
-15.0,138.0,-1061.0
48.0,46.0,-991.0
-29.0,42.0,-911.0
91.0,54.0,-981.0
19.0,74.0,-1083.0
46.0,-3.0,-1050.0
85.0,-89.0,-1003.0
11.0,9.0,-950.0
35.0,-60.0,-962.0
-27.0,146.0,-1048.0
117.0,-23.0,-1065.0
-5.0,-95.0,-968.0
-74.0,-50.0,-972.0
93.0,3.0,-1089.0
-11.0,134.0,-1079.0
-3.0,-62.0,-979.0
-78.0,-15.0,-966.0
46.0,15.0,-1079.0
11.0,-56.0,-1083.0
-64.0,19.0,-1028.0
121.0,35.0,-966.0
-58.0,-11.0,-985.0
-39.0,29.0,-1052.0
-21.0,25.0,-1157.0
-42.0,0.0,-993.0
-33.0,13.0,-927.0
54.0,0.0,-1048.0
9.0,19.0,-1106.0
-9.0,60.0,-1048.0
-21.0,58.0,-976.0
17.0,-11.0,-1040.0
-27.0,54.0,-1028.0
-9.0,0.0,-1075.0
-29.0,35.0,-1009.0
23.0,130.0,-989.0
-5.0,80.0,-995.0
-7.0,-19.0,-1020.0
-11.0,44.0,-1057.0
-25.0,117.0,-1028.0
5.0,111.0,-977.0
-7.0,19.0,-995.0
-48.0,9.0,-1005.0
-3.0,-9.0,-1046.0
13.0,-15.0,-1083.0
-13.0,80.0,-993.0
48.0,3.0,-956.0
74.0,23.0,-989.0
11.0,46.0,-1018.0
72.0,105.0,-1032.0
5.0,165.0,-964.0
5.0,113.0,-929.0
0.0,99.0,-1011.0
21.0,52.0,-1114.0
-56.0,-66.0,-1056.0
-56.0,-39.0,-1005.0
-21.0,-91.0,-1013.0
25.0,-144.0,-1100.0
39.0,68.0,-1022.0
21.0,126.0,-895.0
33.0,234.0,-892.0
89.0,167.0,-1048.0
-74.0,124.0,-1075.0
-50.0,-31.0,-1022.0
-33.0,-171.0,-1061.0
9.0,-203.0,-1108.0
15.0,-52.0,-1011.0
70.0,165.0,-911.0
25.0,366.0,-929.0
40.0,267.0,-993.0
-99.0,-5.0,-999.0
1.0,-277.0,-1157.0
78.0,-81.0,-1044.0
44.0,228.0,-897.0
27.0,489.0,-802.0
-54.0,236.0,-972.0
-158.0,-111.0,-1180.0
21.0,-402.0,-1249.0
113.0,-261.0,-987.0
97.0,222.0,-796.0
7.0,558.0,-919.0
-35.0,433.0,-1056.0
-169.0,-253.0,-1071.0
7.0,-614.0,-1130.0
126.0,-187.0,-1126.0
173.0,568.0,-890.0
-58.0,638.0,-755.0
-163.0,80.0,-948.0
-13.0,-638.0,-1333.0
103.0,-386.0,-1212.0
13.0,489.0,-827.0
-23.0,683.0,-763.0
-124.0,-42.0,-1077.0
3.0,-640.0,-1239.0
136.0,-99.0,-1056.0
19.0,614.0,-856.0
-62.0,503.0,-880.0
-134.0,-488.0,-1134.0
113.0,-515.0,-1233.0
212.0,429.0,-917.0
-87.0,733.0,-663.0
-119.0,-201.0,-1130.0
-52.0,-749.0,-1413.0
197.0,240.0,-987.0
-17.0,866.0,-503.0
-46.0,-126.0,-1065.0
-89.0,-841.0,-1557.0
134.0,281.0,-977.0
-37.0,985.0,-429.0
11.0,-265.0,-1042.0
-50.0,-915.0,-1571.0
72.0,517.0,-985.0
-76.0,923.0,-419.0
31.0,-546.0,-1151.0
7.0,-718.0,-1542.0
-105.0,1005.0,-833.0
-35.0,402.0,-491.0
169.0,-1009.0,-1370.0
-78.0,122.0,-1395.0
-89.0,1091.0,-517.0
111.0,-568.0,-845.0
85.0,-610.0,-1563.0
-206.0,1138.0,-901.0
17.0,-15.0,-566.0
218.0,-940.0,-1380.0
-208.0,769.0,-1253.0
-42.0,562.0,-515.0
257.0,-1057.0,-1100.0
-130.0,458.0,-1426.0
-257.0,876.0,-669.0
357.0,-1196.0,-940.0
-21.0,322.0,-1380.0
-366.0,1167.0,-804.0
380.0,-1208.0,-843.0
31.0,195.0,-1301.0
-372.0,1182.0,-927.0
335.0,-1292.0,-892.0
117.0,298.0,-1179.0
-441.0,1116.0,-933.0
415.0,-1329.0,-974.0
-101.0,700.0,-1067.0
-306.0,683.0,-999.0
372.0,-1385.0,-1081.0
-109.0,1259.0,-899.0
-242.0,-80.0,-1095.0
491.0,-997.0,-1114.0
-443.0,1610.0,-761.0
162.0,-1007.0,-1167.0
160.0,42.0,-1173.0
-386.0,1218.0,-714.0
429.0,-1631.0,-1239.0
-191.0,1358.0,-983.0
-117.0,-167.0,-876.0
363.0,-821.0,-1180.0
-521.0,1750.0,-880.0
468.0,-1686.0,-1167.0
-162.0,1067.0,-856.0
-146.0,185.0,-997.0
435.0,-1091.0,-1202.0
-569.0,1918.0,-782.0
441.0,-1715.0,-1190.0
-263.0,1288.0,-948.0
-17.0,-296.0,-1071.0
308.0,-571.0,-1011.0
-482.0,1479.0,-821.0
616.0,-1715.0,-1321.0
-540.0,1905.0,-691.0
394.0,-1436.0,-1278.0
-160.0,933.0,-853.0
-29.0,11.0,-1034.0
269.0,-657.0,-1161.0
-482.0,1341.0,-706.0
530.0,-1534.0,-1372.0
-548.0,1799.0,-714.0
443.0,-1555.0,-1333.0
-316.0,1442.0,-646.0
238.0,-989.0,-1321.0
-58.0,710.0,-819.0
-85.0,-247.0,-1040.0
124.0,89.0,-1077.0
-212.0,347.0,-989.0
281.0,-482.0,-1073.0
-320.0,720.0,-854.0
400.0,-761.0,-1225.0
-411.0,1061.0,-804.0
341.0,-1016.0,-1180.0
-370.0,1083.0,-886.0
374.0,-958.0,-1237.0
-306.0,1003.0,-741.0
283.0,-812.0,-1186.0
-212.0,835.0,-878.0
146.0,-648.0,-1196.0
-167.0,644.0,-823.0
179.0,-530.0,-1241.0
-171.0,558.0,-812.0
199.0,-355.0,-1100.0
-138.0,296.0,-931.0
70.0,-85.0,-1095.0
-37.0,39.0,-995.0
15.0,197.0,-1015.0
89.0,-298.0,-1013.0
-146.0,558.0,-919.0
277.0,-669.0,-1177.0
-400.0,915.0,-796.0
452.0,-917.0,-1290.0
-484.0,1048.0,-761.0
513.0,-923.0,-1229.0
-433.0,880.0,-745.0
417.0,-575.0,-1239.0
-347.0,406.0,-884.0
122.0,25.0,-1106.0
42.0,-339.0,-1054.0
-167.0,726.0,-864.0
325.0,-935.0,-1223.0
-429.0,1087.0,-749.0
474.0,-856.0,-1362.0
-353.0,716.0,-698.0
167.0,-152.0,-1180.0
113.0,-251.0,-1001.0
-456.0,774.0,-888.0
616.0,-897.0,-1255.0
-650.0,981.0,-735.0
589.0,-552.0,-1218.0
-392.0,173.0,-964.0
89.0,402.0,-919.0
257.0,-683.0,-1233.0
-456.0,792.0,-708.0
468.0,-427.0,-1286.0
-253.0,0.0,-882.0
25.0,554.0,-950.0
204.0,-638.0,-1161.0
-228.0,577.0,-821.0
117.0,-27.0,-1159.0
64.0,-347.0,-1036.0
-224.0,593.0,-854.0
314.0,-324.0,-1098.0
-304.0,-89.0,-1073.0
95.0,614.0,-808.0
11.0,-468.0,-1223.0
89.0,80.0,-968.0
-304.0,630.0,-929.0
454.0,-776.0,-1145.0
-372.0,388.0,-940.0
179.0,472.0,-970.0
89.0,-780.0,-1221.0
-128.0,616.0,-732.0
-58.0,359.0,-1122.0
273.0,-899.0,-1204.0
-286.0,761.0,-774.0
68.0,220.0,-1063.0
187.0,-936.0,-1220.0
-288.0,839.0,-767.0
119.0,331.0,-1018.0
201.0,-972.0,-1245.0
-283.0,778.0,-765.0
33.0,417.0,-1038.0
230.0,-942.0,-1200.0
-281.0,411.0,-899.0
-27.0,823.0,-901.0
288.0,-968.0,-1214.0
-179.0,103.0,-925.0
-72.0,976.0,-847.0
167.0,-528.0,-1196.0
48.0,-505.0,-1050.0
-251.0,895.0,-831.0
167.0,103.0,-1061.0
58.0,-774.0,-1157.0
-89.0,427.0,-894.0
3.0,636.0,-1013.0
103.0,-546.0,-1122.0
-122.0,-296.0,-1024.0
-85.0,737.0,-894.0
5.0,48.0,-1075.0
111.0,-495.0,-1048.0
-132.0,140.0,-993.0
117.0,523.0,-979.0
78.0,-216.0,-1085.0
-126.0,-142.0,-1030.0
-144.0,52.0,-1063.0
91.0,257.0,-919.0
89.0,58.0,-1005.0
-21.0,-150.0,-1050.0
89.0,-97.0,-1057.0
-91.0,265.0,-1007.0
81.0,284.0,-954.0
214.0,-298.0,-1138.0
-87.0,-162.0,-979.0
-40.0,214.0,-917.0
54.0,327.0,-1034.0
93.0,-66.0,-1075.0
19.0,-267.0,-977.0
-265.0,78.0,-956.0
60.0,134.0,-1036.0
101.0,115.0,-1071.0
42.0,-80.0,-1011.0
-89.0,-60.0,-987.0
-101.0,224.0,-940.0
25.0,-7.0,-1042.0
111.0,42.0,-1067.0
89.0,-31.0,-1081.0
3.0,-21.0,-987.0
-150.0,173.0,-999.0
-62.0,85.0,-1048.0
91.0,40.0,-956.0
21.0,29.0,-1089.0
78.0,-99.0,-1038.0
-7.0,25.0,-1056.0
-89.0,3.0,-1052.0
-23.0,0.0,-903.0
-103.0,271.0,-1018.0
142.0,95.0,-1003.0
72.0,-58.0,-1093.0
52.0,-121.0,-1077.0
-44.0,-1.0,-999.0
-39.0,156.0,-1015.0
-121.0,187.0,-985.0
-9.0,1.0,-948.0
66.0,0.0,-1069.0
46.0,-7.0,-1036.0
126.0,21.0,-1011.0
-42.0,35.0,-1059.0
11.0,-29.0,-1007.0
-117.0,78.0,-940.0
-95.0,173.0,-907.0
-15.0,72.0,-1028.0
87.0,-3.0,-1032.0
89.0,64.0,-995.0
103.0,29.0,-1063.0
68.0,3.0,-1018.0
-19.0,-91.0,-1054.0
-97.0,-21.0,-1013.0
35.0,62.0,-929.0
-56.0,37.0,-981.0
-56.0,11.0,-954.0
-21.0,122.0,-1048.0
-111.0,142.0,-1056.0
17.0,0.0,-981.0
27.0,19.0,-1030.0
68.0,-3.0,-1054.0
-44.0,113.0,-999.0
144.0,64.0,-1054.0
-44.0,91.0,-1038.0
37.0,-62.0,-1032.0
33.0,-27.0,-1077.0
-37.0,-9.0,-1067.0
25.0,-101.0,-1009.0
-44.0,40.0,-991.0
-9.0,81.0,-1001.0
-19.0,-19.0,-1034.0
-42.0,74.0,-962.0
-21.0,44.0,-940.0
-23.0,101.0,-997.0
-60.0,21.0,-940.0
9.0,130.0,-976.0
-56.0,126.0,-995.0
-13.0,-11.0,-1024.0
-1.0,-13.0,-995.0
-78.0,40.0,-985.0
74.0,91.0,-987.0
-27.0,117.0,-1036.0
39.0,-54.0,-1052.0
-44.0,-54.0,-1003.0
-21.0,126.0,-952.0
-11.0,128.0,-991.0
-19.0,-27.0,-1054.0
27.0,-78.0,-1044.0
-173.0,206.0,-991.0
76.0,62.0,-915.0
97.0,27.0,-1108.0
-17.0,-40.0,-1007.0
-93.0,-121.0,-983.0
-54.0,230.0,-1018.0
-35.0,234.0,-1046.0
91.0,-208.0,-1046.0
25.0,-126.0,-1075.0
-113.0,37.0,-977.0
-33.0,179.0,-942.0
13.0,183.0,-1024.0
119.0,-54.0,-1100.0
33.0,-197.0,-1161.0
-76.0,29.0,-960.0
-85.0,134.0,-886.0
56.0,117.0,-991.0
76.0,146.0,-1083.0
101.0,-83.0,-1046.0
-25.0,-111.0,-1054.0
-81.0,156.0,-976.0
-117.0,50.0,-917.0
64.0,117.0,-954.0
83.0,195.0,-1075.0
111.0,-126.0,-1069.0
3.0,-33.0,-1005.0
-132.0,31.0,-1011.0
-62.0,117.0,-894.0
-72.0,288.0,-909.0
93.0,-17.0,-1044.0
68.0,9.0,-1087.0
91.0,-1.0,-1042.0
31.0,-173.0,-1048.0
-66.0,109.0,-979.0
-173.0,76.0,-979.0
-31.0,50.0,-970.0
-62.0,247.0,-1052.0
132.0,-60.0,-1018.0
39.0,70.0,-1030.0
191.0,-101.0,-1085.0
17.0,-105.0,-1139.0
-39.0,7.0,-977.0
-136.0,-76.0,-989.0
-122.0,226.0,-931.0
-105.0,197.0,-950.0
72.0,87.0,-995.0
1.0,193.0,-1016.0
189.0,-177.0,-1098.0
134.0,-1.0,-1085.0
72.0,-167.0,-1069.0
-17.0,60.0,-979.0
-74.0,40.0,-1042.0
-21.0,54.0,-989.0
-199.0,175.0,-1009.0
-119.0,-11.0,-944.0
-62.0,150.0,-938.0
5.0,163.0,-1003.0
19.0,70.0,-1007.0
107.0,76.0,-987.0
136.0,-35.0,-1122.0
95.0,46.0,-983.0
111.0,-121.0,-1102.0
107.0,101.0,-1050.0
23.0,-136.0,-1120.0
9.0,-31.0,-1024.0
-64.0,-74.0,-1036.0
37.0,3.0,-1026.0
-111.0,-3.0,-1028.0
-72.0,91.0,-944.0
-83.0,66.0,-985.0
-21.0,-27.0,-1044.0
-154.0,97.0,-933.0
-13.0,31.0,-933.0
-50.0,302.0,-985.0
-58.0,42.0,-1005.0
-109.0,130.0,-940.0
-46.0,15.0,-999.0
48.0,156.0,-1018.0
-144.0,117.0,-958.0
33.0,99.0,-935.0
-56.0,91.0,-1046.0
76.0,105.0,-1005.0
-142.0,40.0,-977.0
76.0,48.0,-1005.0
-76.0,138.0,-1022.0
111.0,42.0,-1015.0
-122.0,89.0,-1022.0
56.0,27.0,-993.0
-52.0,185.0,-1026.0
74.0,95.0,-968.0
-111.0,44.0,-1061.0
89.0,-76.0,-1003.0
-50.0,162.0,-1040.0
-54.0,31.0,-938.0
-50.0,29.0,-1042.0
62.0,138.0,-997.0
0.0,44.0,-1009.0
-50.0,-9.0,-966.0
-5.0,15.0,-1046.0
48.0,87.0,-977.0
-21.0,50.0,-995.0
-40.0,78.0,-1011.0
3.0,11.0,-1059.0
9.0,101.0,-966.0
13.0,-9.0,-1028.0
7.0,105.0,-1011.0
-50.0,-64.0,-1022.0
9.0,76.0,-964.0
27.0,-23.0,-1079.0
-23.0,126.0,-989.0
-7.0,-54.0,-1009.0
81.0,72.0,-1013.0
-11.0,15.0,-1038.0
-33.0,5.0,-1046.0
11.0,15.0,-1022.0
27.0,72.0,-1005.0
-3.0,148.0,-1022.0
81.0,-85.0,-1087.0
-122.0,29.0,-948.0
132.0,7.0,-1030.0
-35.0,181.0,-1003.0
31.0,19.0,-1046.0
-93.0,19.0,-1018.0
60.0,-81.0,-987.0
-31.0,58.0,-983.0
39.0,136.0,-1036.0
-19.0,-15.0,-1020.0
-21.0,126.0,-1007.0
146.0,-66.0,-1013.0
-138.0,76.0,-938.0
78.0,-56.0,-1065.0
-156.0,93.0,-1044.0
115.0,105.0,-1030.0
33.0,-21.0,-1032.0
23.0,52.0,-913.0
27.0,-7.0,-1110.0
-95.0,93.0,-989.0
-23.0,56.0,-1036.0
-13.0,-11.0,-977.0
25.0,-60.0,-1007.0
17.0,42.0,-1013.0
-33.0,136.0,-983.0
29.0,121.0,-1024.0
7.0,-56.0,-1052.0
-52.0,3.0,-966.0
31.0,-25.0,-1022.0
-21.0,154.0,-999.0
27.0,54.0,-1073.0
-5.0,-83.0,-1007.0
-15.0,128.0,-985.0
-3.0,19.0,-997.0
-70.0,93.0,-1005.0
17.0,-11.0,-1015.0
-33.0,-3.0,-1028.0
66.0,91.0,-985.0
-70.0,7.0,-993.0
37.0,35.0,-997.0
-40.0,62.0,-1040.0
74.0,56.0,-1052.0
-64.0,-64.0,-993.0
-1.0,62.0,-987.0
31.0,-31.0,-1009.0
29.0,99.0,-1056.0
7.0,-33.0,-997.0
-44.0,93.0,-1044.0
-54.0,142.0,-976.0
81.0,3.0,-1063.0
-48.0,-122.0,-1024.0
27.0,40.0,-974.0
27.0,44.0,-1015.0
-35.0,130.0,-1013.0
-15.0,105.0,-995.0
9.0,-19.0,-1087.0
60.0,-70.0,-964.0
-68.0,5.0,-1024.0
-13.0,-33.0,-983.0
-44.0,119.0,-1091.0
46.0,80.0,-977.0
-11.0,81.0,-1054.0
-9.0,5.0,-946.0
35.0,46.0,-1050.0
-33.0,-52.0,-1030.0
-27.0,25.0,-983.0
60.0,183.0,-1052.0
25.0,-31.0,-1009.0
21.0,117.0,-1038.0
-99.0,25.0,-964.0
113.0,-25.0,-1128.0
-58.0,-107.0,-1015.0
-15.0,175.0,-985.0
11.0,-91.0,-1030.0
146.0,107.0,-1007.0
37.0,187.0,-1028.0
-136.0,42.0,-1005.0
31.0,33.0,-1071.0
-27.0,-35.0,-1048.0
40.0,1.0,-1005.0
-42.0,-117.0,-948.0
-1.0,284.0,-981.0
105.0,105.0,-1065.0
-122.0,-35.0,-1046.0
-25.0,-54.0,-974.0
60.0,-39.0,-1009.0
-33.0,15.0,-1042.0
62.0,-3.0,-1001.0
-23.0,189.0,-1022.0
105.0,115.0,-1003.0
-124.0,-113.0,-1011.0
37.0,105.0,-1050.0
48.0,-9.0,-1040.0
-76.0,-44.0,-985.0
5.0,33.0,-981.0
70.0,134.0,-1077.0
-111.0,113.0,-997.0
44.0,-27.0,-1024.0
37.0,-39.0,-1005.0
-31.0,-46.0,-1003.0
17.0,29.0,-1034.0
7.0,39.0,-1009.0
7.0,134.0,-1026.0
11.0,58.0,-1018.0
3.0,66.0,-958.0
-39.0,-7.0,-1040.0
-13.0,-64.0,-1063.0
5.0,23.0,-1015.0
-101.0,54.0,-976.0
87.0,117.0,-1001.0
-23.0,111.0,-1050.0
-44.0,33.0,-964.0
39.0,-31.0,-1005.0
-21.0,-1.0,-1056.0
17.0,-44.0,-1009.0
-9.0,56.0,-1022.0
-66.0,113.0,-976.0
85.0,126.0,-1048.0
-5.0,74.0,-1003.0
-15.0,-44.0,-972.0
21.0,-50.0,-1085.0
-35.0,-81.0,-985.0
-21.0,37.0,-1034.0
-44.0,236.0,-1022.0
-39.0,109.0,-993.0
115.0,9.0,-1015.0
-42.0,-85.0,-1015.0
-23.0,-83.0,-987.0
5.0,62.0,-1046.0
-27.0,115.0,-995.0
66.0,156.0,-1038.0
-19.0,85.0,-976.0
-40.0,-29.0,-1015.0
17.0,-52.0,-1085.0
0.0,-52.0,-987.0
-1.0,-5.0,-960.0
95.0,224.0,-1056.0
-56.0,126.0,-1003.0
3.0,3.0,-1007.0
-97.0,-21.0,-1071.0
70.0,-70.0,-1005.0
23.0,21.0,-1005.0
-62.0,37.0,-983.0
62.0,150.0,-1007.0
-62.0,177.0,-1059.0
27.0,-17.0,-991.0
-40.0,-80.0,-1040.0
39.0,-89.0,-991.0
-37.0,1.0,-966.0
83.0,154.0,-1097.0
-89.0,210.0,-1016.0
5.0,-3.0,-977.0
-46.0,-58.0,-1028.0
33.0,-66.0,-1001.0
29.0,39.0,-1056.0
15.0,-19.0,-1016.0
-19.0,119.0,-948.0
3.0,191.0,-1013.0
-40.0,66.0,-1054.0
13.0,-97.0,-1028.0
-5.0,31.0,-1034.0
-7.0,-76.0,-979.0
-15.0,81.0,-1050.0
-25.0,201.0,-1030.0
-11.0,50.0,-1001.0
13.0,-25.0,-1003.0
-11.0,9.0,-1013.0
52.0,-144.0,-1016.0
80.0,-13.0,-1057.0
-23.0,165.0,-962.0
-50.0,179.0,-983.0
15.0,122.0,-1054.0
-101.0,-25.0,-1018.0
83.0,-156.0,-1028.0
-21.0,-27.0,-1016.0
68.0,107.0,-991.0
-66.0,163.0,-1013.0
21.0,165.0,-1032.0
-46.0,7.0,-958.0
60.0,-85.0,-1081.0
-9.0,-99.0,-1059.0
46.0,31.0,-1013.0
44.0,163.0,-929.0
-58.0,234.0,-1040.0
42.0,15.0,-1020.0
27.0,-37.0,-1028.0
9.0,-83.0,-989.0
-81.0,-19.0,-1054.0
33.0,175.0,-1056.0
-66.0,103.0,-989.0
50.0,119.0,-1005.0
-58.0,-13.0,-981.0
-37.0,-48.0,-1054.0
52.0,-37.0,-1020.0
-23.0,124.0,-1038.0
-1.0,156.0,-964.0
37.0,13.0,-1024.0
-13.0,33.0,-1069.0
29.0,-99.0,-968.0
70.0,-44.0,-1042.0
-76.0,91.0,-968.0
25.0,50.0,-1001.0
-29.0,126.0,-1018.0
-23.0,31.0,-1024.0
-62.0,11.0,-1024.0
19.0,-48.0,-1005.0
3.0,35.0,-1052.0
-37.0,117.0,-966.0
54.0,109.0,-1032.0
3.0,105.0,-1042.0
-33.0,-130.0,-1011.0
64.0,-13.0,-1001.0
-54.0,70.0,-1015.0
-1.0,60.0,-1044.0
-7.0,85.0,-1038.0
-60.0,25.0,-944.0
54.0,13.0,-1032.0
33.0,-95.0,-1059.0
-23.0,81.0,-987.0
46.0,99.0,-950.0
0.0,111.0,-1009.0
-1.0,35.0,-1048.0
64.0,37.0,-1024.0
-13.0,-119.0,-985.0
23.0,117.0,-1018.0
23.0,50.0,-1018.0
-87.0,25.0,-1005.0
72.0,66.0,-993.0
21.0,46.0,-993.0
46.0,-121.0,-1028.0
-17.0,23.0,-1075.0
64.0,85.0,-970.0
-44.0,162.0,-977.0
44.0,85.0,-993.0
-52.0,-37.0,-1052.0
33.0,-68.0,-1046.0
-7.0,56.0,-1016.0
-9.0,54.0,-974.0
-5.0,81.0,-1024.0
46.0,113.0,-987.0
31.0,56.0,-1003.0
42.0,-76.0,-1056.0
17.0,-7.0,-1075.0
9.0,81.0,-983.0
-60.0,177.0,-1007.0
-39.0,130.0,-1057.0
-68.0,-99.0,-1038.0
-13.0,-117.0,-974.0
167.0,201.0,-952.0
99.0,204.0,-981.0
275.0,70.0,-985.0
872.0,72.0,-878.0
288.0,-31.0,-1182.0
970.0,-95.0,-958.0
817.0,89.0,-1122.0
981.0,46.0,-1171.0
954.0,103.0,-960.0
940.0,89.0,-1085.0
1413.0,-152.0,-976.0
948.0,-35.0,-1065.0
1321.0,-11.0,-1001.0
997.0,234.0,-1138.0
1300.0,183.0,-985.0
1075.0,-1.0,-970.0
1278.0,-13.0,-909.0
1182.0,-33.0,-897.0
1220.0,11.0,-946.0
1157.0,140.0,-940.0
1052.0,3.0,-1048.0
1120.0,68.0,-864.0
999.0,78.0,-1032.0
1124.0,9.0,-979.0
921.0,134.0,-1011.0
1122.0,48.0,-997.0
880.0,187.0,-1030.0
1073.0,-91.0,-1009.0
923.0,-115.0,-1132.0
972.0,72.0,-1110.0
1054.0,273.0,-1071.0
1018.0,197.0,-987.0
1042.0,25.0,-1005.0
942.0,-19.0,-1112.0
1097.0,99.0,-1038.0
915.0,15.0,-1122.0
1044.0,-72.0,-1085.0
1077.0,154.0,-1054.0
1208.0,275.0,-1028.0
1259.0,64.0,-1007.0
1315.0,-33.0,-999.0
1344.0,-152.0,-1028.0
1405.0,228.0,-1124.0
1462.0,78.0,-1028.0
1264.0,-25.0,-1028.0
1333.0,-39.0,-987.0
1272.0,42.0,-1020.0
1264.0,21.0,-862.0
1134.0,-27.0,-897.0
1243.0,-52.0,-890.0
1124.0,224.0,-993.0
1303.0,-15.0,-956.0
1235.0,5.0,-1022.0
1450.0,-136.0,-913.0
1220.0,195.0,-905.0
1407.0,35.0,-921.0
1171.0,-44.0,-1061.0
1175.0,-91.0,-1003.0
1054.0,74.0,-1067.0
1237.0,273.0,-958.0
1321.0,255.0,-958.0
1389.0,105.0,-958.0
1419.0,117.0,-997.0
1292.0,-109.0,-1095.0
1436.0,-181.0,-1106.0
1401.0,169.0,-1198.0
1368.0,380.0,-1081.0
1391.0,29.0,-997.0
1348.0,-175.0,-917.0
1323.0,-158.0,-909.0
1200.0,273.0,-1085.0
1368.0,275.0,-1065.0
1290.0,13.0,-1122.0
1356.0,42.0,-1071.0
1399.0,-64.0,-1003.0
1532.0,37.0,-835.0
1561.0,-25.0,-903.0
1391.0,29.0,-1018.0
1407.0,224.0,-1048.0
1364.0,-7.0,-1071.0
1362.0,-132.0,-1069.0
1335.0,-15.0,-1038.0
1116.0,294.0,-962.0
1327.0,-93.0,-849.0
1179.0,-148.0,-843.0
1321.0,-122.0,-974.0
1134.0,271.0,-1167.0
1409.0,261.0,-956.0
1329.0,-1.0,-931.0
1592.0,167.0,-954.0
1411.0,29.0,-1061.0
1354.0,72.0,-1036.0
1423.0,-433.0,-1061.0
1143.0,-62.0,-1204.0
1403.0,355.0,-944.0
1276.0,472.0,-952.0
1380.0,115.0,-915.0
1294.0,-206.0,-1104.0
1465.0,-160.0,-1071.0
1374.0,87.0,-1018.0
1460.0,128.0,-1104.0
1450.0,195.0,-927.0
1405.0,228.0,-940.0
1348.0,-130.0,-925.0
1401.0,117.0,-923.0
1327.0,-13.0,-1016.0
1206.0,201.0,-1071.0
1483.0,-253.0,-1050.0
1245.0,267.0,-1067.0
1481.0,-124.0,-936.0
1321.0,304.0,-1003.0
1321.0,271.0,-970.0
1407.0,142.0,-915.0
1421.0,140.0,-1007.0
1305.0,-296.0,-1054.0
1575.0,-181.0,-1009.0
1440.0,136.0,-874.0
1407.0,152.0,-1071.0
1262.0,259.0,-1034.0
1567.0,-486.0,-958.0
1276.0,-142.0,-1073.0
1296.0,177.0,-950.0
1344.0,177.0,-1077.0
1376.0,296.0,-936.0
1327.0,11.0,-1034.0
1300.0,-101.0,-1061.0
1303.0,85.0,-1177.0
1266.0,187.0,-882.0
1450.0,99.0,-905.0
1383.0,-91.0,-979.0
1585.0,203.0,-894.0
1446.0,101.0,-940.0
1487.0,-224.0,-1145.0
1272.0,197.0,-1128.0
1387.0,175.0,-1011.0
1311.0,148.0,-993.0
1307.0,-15.0,-935.0
1198.0,-58.0,-960.0
1223.0,105.0,-1057.0
1296.0,-42.0,-985.0
1227.0,-5.0,-942.0
1200.0,-144.0,-966.0
1311.0,46.0,-1067.0
952.0,333.0,-909.0
1276.0,357.0,-897.0
1104.0,54.0,-1020.0
817.0,-89.0,-1020.0
940.0,-556.0,-911.0
895.0,39.0,-853.0
716.0,236.0,-1134.0
642.0,234.0,-1145.0
882.0,273.0,-923.0
698.0,-31.0,-1104.0
651.0,-407.0,-1079.0
468.0,81.0,-956.0
671.0,-44.0,-888.0
343.0,392.0,-979.0
568.0,146.0,-892.0
191.0,-62.0,-1143.0
407.0,271.0,-942.0
368.0,-130.0,-1122.0
339.0,111.0,-1011.0
222.0,-66.0,-979.0
357.0,-121.0,-1013.0
150.0,-11.0,-1003.0
271.0,-48.0,-1067.0
140.0,343.0,-999.0
245.0,21.0,-940.0
134.0,-44.0,-1126.0
222.0,-109.0,-1009.0
115.0,322.0,-970.0
382.0,206.0,-1005.0
152.0,27.0,-835.0
271.0,-204.0,-911.0
206.0,-169.0,-1034.0
189.0,21.0,-1100.0
169.0,197.0,-866.0
353.0,152.0,-1016.0
162.0,167.0,-944.0
204.0,-56.0,-876.0
230.0,-210.0,-1005.0
163.0,-126.0,-1024.0
111.0,46.0,-960.0
56.0,228.0,-950.0
251.0,284.0,-892.0
224.0,-37.0,-890.0
195.0,279.0,-931.0
113.0,111.0,-1077.0
236.0,-234.0,-1028.0
251.0,-31.0,-1175.0
152.0,68.0,-1022.0
240.0,-39.0,-954.0
257.0,-269.0,-958.0
158.0,99.0,-954.0
201.0,177.0,-985.0
-44.0,466.0,-1057.0
81.0,160.0,-1159.0
138.0,-261.0,-1161.0
27.0,-173.0,-888.0
230.0,-103.0,-1020.0
83.0,183.0,-923.0
29.0,220.0,-946.0
158.0,121.0,-1048.0
109.0,72.0,-1046.0
-50.0,-48.0,-1048.0
81.0,-56.0,-966.0
54.0,15.0,-1098.0
122.0,-76.0,-976.0
-11.0,40.0,-917.0
81.0,230.0,-993.0
60.0,210.0,-776.0
70.0,318.0,-1040.0
-29.0,37.0,-1202.0
60.0,-421.0,-1040.0
99.0,-40.0,-866.0
199.0,107.0,-804.0
-21.0,224.0,-1106.0
7.0,40.0,-1015.0
134.0,-121.0,-1061.0
93.0,-203.0,-1180.0
-46.0,308.0,-954.0
-35.0,121.0,-819.0
70.0,62.0,-1036.0
11.0,-13.0,-1036.0
95.0,-181.0,-858.0
9.0,85.0,-1073.0
-50.0,-40.0,-1106.0
-52.0,210.0,-919.0
89.0,-48.0,-856.0
-95.0,115.0,-946.0
11.0,-283.0,-972.0
-72.0,195.0,-899.0
95.0,44.0,-1079.0
62.0,-74.0,-1143.0
-81.0,-50.0,-810.0
113.0,97.0,-876.0
179.0,339.0,-1075.0
-109.0,204.0,-1057.0
-60.0,46.0,-1011.0
175.0,-232.0,-974.0
132.0,-97.0,-954.0
-9.0,-35.0,-1116.0
-122.0,103.0,-966.0
204.0,-99.0,-977.0
-103.0,249.0,-872.0
72.0,121.0,-888.0
-74.0,-152.0,-1057.0
80.0,109.0,-899.0
109.0,89.0,-1079.0
-103.0,-54.0,-1015.0
81.0,70.0,-772.0
-15.0,-146.0,-909.0
95.0,210.0,-880.0
-66.0,74.0,-1063.0
107.0,-29.0,-1005.0
-101.0,-56.0,-1056.0
212.0,15.0,-931.0
-37.0,134.0,-851.0
214.0,-40.0,-894.0
-58.0,40.0,-1013.0
21.0,183.0,-1071.0
-177.0,76.0,-1009.0
35.0,-171.0,-1157.0
-74.0,23.0,-907.0
80.0,259.0,-890.0
-29.0,-40.0,-1138.0
-144.0,-286.0,-1081.0
66.0,-162.0,-972.0
-27.0,-210.0,-911.0
19.0,653.0,-1081.0
-15.0,191.0,-968.0
-91.0,115.0,-892.0
42.0,-21.0,-968.0
29.0,-175.0,-1032.0
80.0,-50.0,-1024.0
-13.0,64.0,-894.0
85.0,158.0,-1098.0
-25.0,169.0,-1011.0
-21.0,-74.0,-999.0
-11.0,105.0,-940.0
21.0,101.0,-983.0
-19.0,39.0,-1036.0
-7.0,-230.0,-907.0
-9.0,-187.0,-938.0
-13.0,142.0,-985.0
-91.0,609.0,-1022.0
39.0,132.0,-948.0
113.0,-68.0,-938.0
-74.0,-370.0,-923.0
17.0,-195.0,-1054.0
162.0,226.0,-1009.0
-13.0,-21.0,-1138.0
130.0,70.0,-882.0
-128.0,66.0,-888.0
78.0,-87.0,-1001.0
-52.0,368.0,-913.0
25.0,39.0,-991.0
-31.0,-89.0,-1054.0
130.0,-60.0,-938.0
35.0,-40.0,-903.0
-13.0,439.0,-925.0
66.0,226.0,-948.0
-37.0,-163.0,-1081.0
-78.0,-271.0,-1050.0
85.0,-226.0,-1067.0
-40.0,394.0,-798.0
-25.0,462.0,-1026.0
-44.0,13.0,-1108.0
64.0,-304.0,-938.0
-29.0,40.0,-948.0
54.0,165.0,-1095.0
-128.0,228.0,-1136.0
64.0,-50.0,-862.0
-70.0,144.0,-839.0
132.0,-325.0,-1067.0
-124.0,-456.0,-1118.0
228.0,-134.0,-933.0
-66.0,294.0,-960.0
101.0,117.0,-1097.0
-40.0,185.0,-997.0
33.0,156.0,-938.0
-167.0,310.0,-909.0
146.0,126.0,-1040.0
29.0,-97.0,-1089.0
11.0,-298.0,-936.0
-62.0,249.0,-1024.0
0.0,152.0,-895.0
-119.0,-60.0,-1050.0
76.0,-165.0,-929.0
17.0,-204.0,-977.0
-48.0,60.0,-997.0
-64.0,-50.0,-1153.0
134.0,238.0,-829.0
-140.0,386.0,-839.0
-13.0,327.0,-1067.0
1.0,-169.0,-1149.0
167.0,-331.0,-970.0
-89.0,117.0,-895.0
-68.0,189.0,-1124.0
40.0,7.0,-1065.0
68.0,-388.0,-833.0
-5.0,-140.0,-851.0
169.0,257.0,-1167.0
-23.0,251.0,-1052.0
-7.0,242.0,-927.0
7.0,11.0,-815.0
-48.0,52.0,-1034.0
-11.0,-27.0,-935.0
3.0,-74.0,-1120.0
119.0,238.0,-1075.0
-160.0,177.0,-968.0
138.0,-195.0,-999.0
-257.0,-165.0,-810.0
-17.0,212.0,-825.0
27.0,203.0,-976.0
95.0,9.0,-1180.0
54.0,-175.0,-1114.0
0.0,-68.0,-716.0
42.0,704.0,-837.0
-11.0,35.0,-1091.0
31.0,-564.0,-1220.0
66.0,-245.0,-897.0
-142.0,1.0,-1106.0
-3.0,452.0,-909.0
-17.0,117.0,-884.0
42.0,-13.0,-849.0
-60.0,-378.0,-1009.0
-23.0,179.0,-1048.0
-37.0,101.0,-964.0
1.0,392.0,-856.0
-56.0,115.0,-1005.0
48.0,-37.0,-1028.0
-81.0,-117.0,-923.0
148.0,-314.0,-823.0
1.0,337.0,-1020.0
31.0,-113.0,-1075.0
-46.0,152.0,-1052.0
78.0,-66.0,-890.0
-17.0,277.0,-1001.0
27.0,-7.0,-1024.0
-95.0,-189.0,-1034.0
74.0,-7.0,-913.0
-128.0,234.0,-819.0
101.0,491.0,-1073.0
1.0,-134.0,-1118.0
31.0,-212.0,-1075.0
101.0,-97.0,-884.0
39.0,142.0,-892.0
-146.0,163.0,-1077.0
-210.0,-185.0,-1057.0
89.0,40.0,-1048.0
81.0,113.0,-1079.0
13.0,89.0,-917.0
-76.0,-103.0,-864.0
-105.0,470.0,-872.0
-7.0,-62.0,-1128.0
-74.0,-249.0,-1136.0
156.0,-357.0,-815.0
-25.0,136.0,-817.0
7.0,402.0,-1028.0
-89.0,-76.0,-970.0
214.0,-64.0,-1071.0
0.0,-95.0,-1067.0
132.0,160.0,-1048.0
-208.0,322.0,-876.0
85.0,-17.0,-1016.0
-138.0,-58.0,-1038.0
56.0,-50.0,-915.0
-33.0,189.0,-1034.0
54.0,-138.0,-847.0
-206.0,177.0,-1085.0
101.0,39.0,-864.0
-3.0,-21.0,-1126.0
72.0,-187.0,-909.0
25.0,68.0,-1028.0
-105.0,222.0,-999.0
17.0,44.0,-1128.0
-33.0,-27.0,-987.0
29.0,-23.0,-956.0
-181.0,396.0,-1013.0
281.0,-212.0,-1077.0
-89.0,-9.0,-1050.0
152.0,-64.0,-858.0
-142.0,21.0,-991.0
101.0,150.0,-876.0
76.0,121.0,-954.0
117.0,-21.0,-849.0
-56.0,165.0,-1200.0
-5.0,70.0,-1005.0
60.0,1.0,-1016.0
-33.0,-242.0,-771.0
-66.0,46.0,-1141.0
-56.0,230.0,-1038.0
-105.0,3.0,-983.0
64.0,-85.0,-958.0
-134.0,21.0,-1077.0
1.0,206.0,-956.0
-85.0,167.0,-890.0
146.0,17.0,-1007.0
-162.0,-17.0,-948.0
83.0,-64.0,-1180.0
64.0,70.0,-995.0
70.0,-165.0,-983.0
138.0,226.0,-901.0
-50.0,117.0,-917.0
-60.0,-35.0,-999.0
130.0,-189.0,-1118.0
-72.0,-29.0,-1106.0
160.0,212.0,-921.0
-204.0,-95.0,-966.0
-3.0,195.0,-849.0
-29.0,247.0,-1108.0
152.0,160.0,-1005.0
-35.0,-242.0,-1036.0
13.0,-189.0,-938.0
-95.0,101.0,-948.0
-121.0,148.0,-970.0
146.0,109.0,-995.0
-74.0,-380.0,-1065.0
-19.0,33.0,-841.0
48.0,255.0,-862.0
-9.0,236.0,-1112.0
-62.0,-15.0,-1303.0
-27.0,-439.0,-1022.0
185.0,1.0,-847.0
3.0,259.0,-722.0
46.0,382.0,-1009.0
95.0,-142.0,-929.0
-48.0,-7.0,-1065.0
95.0,-76.0,-1052.0
-48.0,273.0,-890.0
-197.0,124.0,-911.0
78.0,-242.0,-1089.0
21.0,-183.0,-1034.0
-9.0,-160.0,-1063.0
-107.0,195.0,-897.0
3.0,527.0,-983.0
-33.0,175.0,-944.0
-95.0,-279.0,-1100.0
83.0,-220.0,-1057.0
11.0,109.0,-765.0
-40.0,443.0,-956.0
-212.0,-35.0,-1075.0
158.0,-103.0,-901.0
156.0,-286.0,-935.0
-25.0,443.0,-1003.0
-150.0,105.0,-977.0
181.0,56.0,-1032.0
-62.0,-365.0,-1009.0
1.0,-199.0,-1104.0
37.0,445.0,-874.0
-27.0,593.0,-917.0
-40.0,156.0,-1134.0
85.0,-376.0,-1059.0
132.0,-499.0,-966.0
-42.0,89.0,-825.0
11.0,265.0,-927.0
-156.0,23.0,-1122.0
23.0,-109.0,-1097.0
25.0,83.0,-942.0
-56.0,296.0,-931.0
-33.0,220.0,-956.0
-23.0,249.0,-1065.0
126.0,-138.0,-1046.0
0.0,-427.0,-1005.0
83.0,109.0,-987.0
-52.0,183.0,-929.0
247.0,-11.0,-1098.0
-128.0,-197.0,-979.0
206.0,27.0,-884.0
-146.0,150.0,-942.0
42.0,234.0,-1079.0
13.0,142.0,-1022.0
83.0,-417.0,-983.0
-33.0,76.0,-1022.0
-130.0,204.0,-813.0
58.0,253.0,-1075.0
-146.0,101.0,-1009.0
-48.0,-474.0,-1145.0
9.0,-78.0,-901.0
-195.0,35.0,-810.0
-66.0,378.0,-1093.0
23.0,238.0,-1046.0
83.0,-281.0,-1157.0
-80.0,-35.0,-899.0
66.0,95.0,-923.0
-44.0,411.0,-864.0
107.0,-150.0,-1196.0
-199.0,-263.0,-1139.0
158.0,-136.0,-1020.0
56.0,415.0,-841.0
-17.0,-31.0,-956.0
52.0,89.0,-1042.0
-56.0,-415.0,-1050.0
56.0,126.0,-1028.0
-103.0,407.0,-866.0
156.0,347.0,-1022.0
-111.0,-292.0,-1038.0
-15.0,-378.0,-948.0
-78.0,46.0,-880.0
189.0,470.0,-878.0
-181.0,230.0,-1067.0
-27.0,-144.0,-1032.0
56.0,-294.0,-1061.0
117.0,-107.0,-923.0
97.0,302.0,-958.0
-60.0,142.0,-1044.0
70.0,56.0,-1048.0
5.0,-17.0,-1087.0
-136.0,236.0,-993.0
195.0,130.0,-1011.0
-193.0,64.0,-1009.0
62.0,-35.0,-1075.0
154.0,-314.0,-796.0
17.0,76.0,-921.0
-370.0,210.0,-911.0
11.0,-111.0,-1083.0
-64.0,-171.0,-1120.0
60.0,255.0,-903.0
-150.0,23.0,-878.0
138.0,376.0,-966.0
-78.0,76.0,-1147.0
46.0,-253.0,-1100.0
-136.0,46.0,-944.0
42.0,165.0,-825.0
25.0,130.0,-944.0
39.0,-42.0,-956.0
-40.0,-316.0,-1075.0
33.0,160.0,-901.0
0.0,80.0,-970.0
-165.0,279.0,-1116.0
42.0,-146.0,-1038.0
21.0,13.0,-946.0
337.0,187.0,-1024.0
-195.0,-27.0,-977.0
-105.0,156.0,-921.0
66.0,-76.0,-1054.0
-21.0,-236.0,-1110.0
33.0,144.0,-956.0
-35.0,-136.0,-1007.0
70.0,80.0,-843.0
-171.0,54.0,-954.0
146.0,-44.0,-987.0
-31.0,216.0,-995.0
-148.0,265.0,-1003.0
56.0,130.0,-1077.0
89.0,-300.0,-1013.0
62.0,-70.0,-866.0
-60.0,148.0,-1022.0
0.0,23.0,-1015.0
42.0,-33.0,-1147.0
3.0,197.0,-851.0
144.0,29.0,-1136.0
-204.0,60.0,-1044.0
54.0,-349.0,-968.0
17.0,210.0,-905.0
76.0,306.0,-884.0
-78.0,261.0,-1081.0
78.0,-191.0,-942.0
-64.0,25.0,-968.0
46.0,-62.0,-970.0
-50.0,189.0,-899.0
-29.0,177.0,-1108.0
-228.0,-300.0,-895.0
111.0,-173.0,-931.0
-140.0,275.0,-989.0
0.0,210.0,-1032.0
-50.0,19.0,-970.0
-33.0,-253.0,-772.0
234.0,95.0,-1126.0
-255.0,325.0,-907.0
249.0,-23.0,-1073.0
-146.0,-9.0,-1122.0
132.0,-146.0,-983.0
-148.0,284.0,-874.0
189.0,68.0,-917.0
-240.0,70.0,-1229.0
247.0,-152.0,-923.0
-208.0,99.0,-1015.0
146.0,115.0,-815.0
-214.0,7.0,-1108.0
89.0,-21.0,-1016.0
-5.0,-80.0,-925.0
44.0,-113.0,-964.0
-156.0,302.0,-823.0
163.0,218.0,-1116.0
-124.0,66.0,-1052.0
144.0,-19.0,-1001.0
-284.0,-121.0,-1079.0
150.0,37.0,-1005.0
-50.0,85.0,-749.0
279.0,66.0,-1104.0
-97.0,119.0,-1007.0
-7.0,-122.0,-1108.0
44.0,-144.0,-974.0
87.0,255.0,-1044.0
179.0,-185.0,-837.0
-173.0,255.0,-972.0
91.0,242.0,-952.0
103.0,-121.0,-1089.0
-11.0,-31.0,-917.0
-31.0,349.0,-1167.0
50.0,-214.0,-940.0
-76.0,-415.0,-1106.0
-42.0,46.0,-888.0
-74.0,238.0,-886.0
-13.0,273.0,-933.0
31.0,-19.0,-1114.0
220.0,-89.0,-1040.0
-162.0,19.0,-989.0
21.0,236.0,-833.0
5.0,64.0,-1015.0
21.0,-105.0,-1057.0
165.0,-203.0,-790.0
66.0,294.0,-983.0
-167.0,-78.0,-1231.0
42.0,-181.0,-1136.0
68.0,35.0,-726.0
-158.0,310.0,-972.0
97.0,193.0,-1120.0
-130.0,-325.0,-1192.0
27.0,19.0,-976.0
-31.0,105.0,-853.0
-167.0,130.0,-1079.0
197.0,-144.0,-946.0
-195.0,109.0,-815.0
212.0,-48.0,-802.0
-312.0,-52.0,-1259.0
206.0,19.0,-1030.0
-117.0,298.0,-728.0
206.0,15.0,-972.0
-216.0,136.0,-1145.0
74.0,-19.0,-907.0
-122.0,23.0,-892.0
312.0,105.0,-913.0
-50.0,50.0,-1095.0
-13.0,-78.0,-1075.0
-107.0,-204.0,-966.0
150.0,142.0,-837.0
7.0,242.0,-964.0
-44.0,218.0,-1108.0
103.0,-244.0,-1071.0
78.0,240.0,-919.0
78.0,119.0,-999.0
-109.0,-11.0,-1163.0
-52.0,-419.0,-1011.0
-66.0,195.0,-733.0
19.0,425.0,-735.0
7.0,-322.0,-1323.0
7.0,-27.0,-1018.0
-54.0,130.0,-970.0
111.0,212.0,-1075.0
-60.0,-15.0,-946.0
156.0,-70.0,-851.0
58.0,-54.0,-981.0
-204.0,327.0,-1153.0
89.0,115.0,-1122.0
81.0,-261.0,-938.0
-187.0,70.0,-1079.0
-89.0,1.0,-1007.0
290.0,169.0,-954.0
-290.0,62.0,-940.0
-3.0,-341.0,-954.0
-13.0,204.0,-868.0
-111.0,64.0,-997.0
74.0,-132.0,-1227.0
-19.0,115.0,-897.0
56.0,331.0,-739.0
-64.0,117.0,-1040.0
60.0,-464.0,-1358.0
-25.0,31.0,-878.0
-7.0,140.0,-897.0
-81.0,413.0,-1163.0
-83.0,-378.0,-948.0
-197.0,144.0,-897.0
-17.0,-29.0,-987.0
-327.0,245.0,-1052.0
-1.0,-228.0,-1018.0
-179.0,187.0,-895.0
-273.0,66.0,-1052.0
-109.0,331.0,-1036.0
-167.0,-154.0,-870.0
-245.0,-119.0,-942.0
-181.0,74.0,-983.0
-208.0,136.0,-1085.0
-279.0,-62.0,-1098.0
-597.0,-74.0,-974.0
-525.0,-97.0,-940.0
-806.0,19.0,-993.0
-564.0,493.0,-808.0
-1479.0,-357.0,-1458.0
-1268.0,201.0,-890.0
-917.0,-9.0,-573.0
-1559.0,257.0,-1274.0
-1545.0,-220.0,-1026.0
-1620.0,9.0,-669.0
-1290.0,60.0,-823.0
-1836.0,390.0,-1294.0
-1120.0,-261.0,-1003.0
-1776.0,-44.0,-888.0
-997.0,119.0,-1112.0
-1491.0,361.0,-936.0
-1319.0,66.0,-940.0
-1161.0,-263.0,-1075.0
-1251.0,-99.0,-1249.0
-1046.0,413.0,-1013.0
-1239.0,-101.0,-1122.0
-940.0,195.0,-954.0
-1341.0,-484.0,-1089.0
-886.0,-117.0,-1016.0
-1151.0,378.0,-1028.0
-714.0,-109.0,-936.0
-1241.0,-201.0,-1130.0
-620.0,296.0,-1040.0
-1065.0,89.0,-905.0
-927.0,165.0,-858.0
-1001.0,9.0,-1077.0
-813.0,-263.0,-1180.0
-911.0,101.0,-989.0
-1097.0,-119.0,-870.0
-927.0,27.0,-759.0
-1145.0,203.0,-884.0
-897.0,-40.0,-1120.0
-1171.0,35.0,-839.0
-1268.0,-595.0,-886.0
-1358.0,569.0,-1061.0
-1165.0,242.0,-1116.0
-1198.0,-44.0,-1141.0
-1417.0,-273.0,-991.0
-1387.0,87.0,-876.0
-1167.0,753.0,-972.0
-1259.0,-448.0,-786.0
-1342.0,-456.0,-1165.0
-1434.0,226.0,-1180.0
-1303.0,29.0,-1038.0
-1569.0,265.0,-1022.0
-1346.0,-452.0,-1169.0
-1508.0,277.0,-1151.0
-1186.0,197.0,-833.0
-1676.0,39.0,-935.0
-1305.0,-365.0,-962.0
-1401.0,320.0,-1106.0
-1239.0,95.0,-1034.0
-1423.0,-99.0,-1136.0
-1143.0,-357.0,-974.0
-1225.0,281.0,-1149.0
-1122.0,195.0,-1005.0
-1214.0,-152.0,-909.0
-1075.0,-361.0,-1093.0
-1346.0,353.0,-976.0
-1223.0,439.0,-907.0
-1188.0,-286.0,-1081.0
-1262.0,-324.0,-1397.0
-1290.0,361.0,-997.0
-1444.0,271.0,-864.0
-1405.0,-343.0,-952.0
-1446.0,-152.0,-1046.0
-1278.0,439.0,-796.0
-1545.0,-80.0,-1024.0
-1405.0,-593.0,-1134.0
-1598.0,230.0,-1052.0
-1319.0,644.0,-958.0
-1428.0,81.0,-958.0
-1368.0,-437.0,-874.0
-1446.0,-74.0,-976.0
-1395.0,472.0,-1098.0
-1380.0,-35.0,-1235.0
-1622.0,-296.0,-1030.0
-1405.0,-339.0,-966.0
-1411.0,718.0,-1046.0
-1294.0,60.0,-1015.0
-1401.0,-148.0,-890.0
-1346.0,87.0,-991.0
-1292.0,277.0,-1063.0
-1290.0,-50.0,-1028.0
-1163.0,-265.0,-1059.0
-1331.0,-29.0,-1120.0
-1276.0,126.0,-1061.0
-1333.0,-40.0,-917.0
-1305.0,240.0,-882.0
-1309.0,-452.0,-1069.0
-1233.0,365.0,-1093.0
-1149.0,-91.0,-1048.0
-1401.0,284.0,-890.0
-1233.0,-185.0,-1097.0
-1163.0,54.0,-1182.0
-1354.0,138.0,-1048.0
-1417.0,-52.0,-753.0
-1368.0,-175.0,-983.0
-1196.0,-9.0,-1052.0
-1569.0,242.0,-1061.0
-1380.0,-80.0,-886.0
-1458.0,-234.0,-1149.0
-1372.0,283.0,-1218.0
-1549.0,191.0,-1122.0
-1524.0,-35.0,-849.0
-1323.0,-316.0,-894.0
-1424.0,327.0,-1009.0
-1397.0,238.0,-1048.0
-1489.0,-271.0,-989.0
-1315.0,-281.0,-1124.0
-1434.0,331.0,-1132.0
-1401.0,283.0,-1040.0
-1452.0,-224.0,-901.0
-1327.0,-335.0,-1106.0
-1403.0,456.0,-1132.0
-1380.0,74.0,-968.0
-1440.0,37.0,-966.0
-1237.0,-345.0,-1100.0
-1327.0,425.0,-1032.0
-1368.0,93.0,-890.0
-1467.0,3.0,-888.0
-1253.0,-253.0,-1124.0
-1335.0,124.0,-1214.0
-1368.0,-89.0,-989.0
-1440.0,-27.0,-866.0
-1214.0,-58.0,-997.0
-1204.0,361.0,-1044.0
-1259.0,9.0,-1028.0
-1231.0,-19.0,-858.0
-1016.0,-29.0,-1130.0
-976.0,124.0,-1177.0
-1100.0,70.0,-1056.0
-907.0,-152.0,-913.0
-962.0,-210.0,-1054.0
-878.0,245.0,-1018.0
-1036.0,136.0,-1015.0
-901.0,-72.0,-981.0
-771.0,-249.0,-1153.0
-812.0,355.0,-1098.0
-784.0,265.0,-972.0
-763.0,-101.0,-1013.0
-558.0,-304.0,-1139.0
-694.0,222.0,-1024.0
-630.0,201.0,-849.0
-591.0,-109.0,-921.0
-398.0,-283.0,-1143.0
-452.0,261.0,-1020.0
-558.0,331.0,-917.0
-314.0,-124.0,-964.0
-361.0,-121.0,-1169.0
-249.0,216.0,-1036.0
-343.0,105.0,-977.0
-171.0,-181.0,-933.0
-232.0,3.0,-1046.0
-187.0,265.0,-1016.0
-201.0,-25.0,-1001.0
-253.0,-124.0,-1020.0
-152.0,-68.0,-1022.0
-230.0,316.0,-1015.0
-78.0,95.0,-1018.0
-121.0,-150.0,-1091.0
-138.0,-58.0,-985.0
-158.0,128.0,-958.0
-183.0,232.0,-993.0
-121.0,-74.0,-1042.0
-140.0,-214.0,-1038.0
-119.0,160.0,-936.0
-236.0,279.0,-1032.0
-101.0,-23.0,-1106.0
-148.0,-257.0,-1106.0
-212.0,56.0,-938.0
-226.0,226.0,-894.0
-148.0,-5.0,-972.0
-195.0,-80.0,-1073.0
-224.0,126.0,-1034.0
-232.0,99.0,-1013.0
-191.0,25.0,-1044.0
-195.0,-5.0,-1085.0
-212.0,85.0,-1003.0
-171.0,-1.0,-983.0
-115.0,-62.0,-1001.0
-185.0,76.0,-974.0
-169.0,99.0,-979.0
-117.0,-72.0,-1075.0
-150.0,9.0,-1052.0
-179.0,91.0,-974.0
-138.0,162.0,-966.0
-68.0,3.0,-1087.0
-46.0,-21.0,-1081.0
-101.0,-21.0,-970.0
-142.0,13.0,-915.0
-89.0,95.0,-1003.0
-89.0,19.0,-1075.0
-56.0,-109.0,-1036.0
-89.0,191.0,-915.0
-50.0,115.0,-1044.0
-29.0,3.0,-1118.0
-21.0,-74.0,-1028.0
-101.0,64.0,-948.0
-87.0,72.0,-950.0
-52.0,21.0,-1018.0
-78.0,-5.0,-1030.0
-54.0,-13.0,-1028.0
-44.0,-15.0,-1042.0
-19.0,83.0,-995.0
-93.0,177.0,-997.0
-21.0,-3.0,-1056.0
-62.0,-42.0,-1036.0
-39.0,60.0,-958.0
-37.0,85.0,-970.0
-21.0,-5.0,-1038.0
-17.0,-58.0,-1036.0
-72.0,83.0,-1032.0
-72.0,50.0,-979.0
-58.0,87.0,-1063.0
-11.0,40.0,-1098.0
11.0,-31.0,-1067.0
-35.0,-46.0,-933.0
-23.0,85.0,-944.0
-31.0,113.0,-983.0
48.0,-64.0,-1085.0
-40.0,54.0,-1046.0
70.0,111.0,-966.0
80.0,-1.0,-1038.0
148.0,-3.0,-1057.0
171.0,97.0,-1015.0
115.0,19.0,-1001.0
130.0,-56.0,-993.0
13.0,150.0,-1020.0
95.0,15.0,-1056.0
105.0,-72.0,-1048.0
44.0,115.0,-995.0
9.0,138.0,-1005.0
35.0,56.0,-1069.0
60.0,3.0,-1059.0
-56.0,40.0,-997.0
-54.0,-89.0,-938.0
-76.0,25.0,-952.0
-23.0,93.0,-997.0
-78.0,7.0,-1050.0
-40.0,-37.0,-1013.0
-89.0,183.0,-999.0
-52.0,130.0,-1067.0
-25.0,-68.0,-1095.0
-83.0,-13.0,-1024.0
-81.0,23.0,-907.0
-76.0,58.0,-981.0
7.0,-1.0,-1013.0
-29.0,44.0,-1052.0
-58.0,-25.0,-1028.0
-64.0,29.0,-1042.0
-80.0,191.0,-1015.0
-85.0,37.0,-1042.0
-68.0,-54.0,-1071.0
-52.0,3.0,-1011.0
-107.0,113.0,-962.0
-19.0,9.0,-1013.0
-66.0,-58.0,-1028.0
-74.0,56.0,-997.0
-80.0,21.0,-962.0
-58.0,105.0,-1028.0
-21.0,64.0,-1073.0
33.0,-52.0,-1063.0
17.0,-60.0,-950.0
-29.0,78.0,-938.0
-31.0,140.0,-989.0
15.0,-44.0,-1059.0
-52.0,64.0,-1046.0
5.0,15.0,-1034.0
-31.0,44.0,-1018.0
19.0,66.0,-1040.0
11.0,46.0,-1044.0
27.0,-60.0,-1022.0
-5.0,-7.0,-958.0
-44.0,208.0,-966.0
-7.0,-31.0,-1059.0
-11.0,-66.0,-1095.0
-15.0,83.0,-952.0
-23.0,119.0,-991.0
21.0,46.0,-1087.0
56.0,66.0,-1087.0
7.0,-39.0,-966.0
13.0,-80.0,-948.0
-56.0,130.0,-960.0
35.0,50.0,-1005.0
-31.0,-72.0,-1059.0
19.0,76.0,-1011.0
-27.0,169.0,-997.0
15.0,70.0,-1036.0
46.0,-48.0,-1067.0
-33.0,52.0,-991.0
5.0,-46.0,-933.0
-31.0,105.0,-1013.0
-23.0,122.0,-1059.0
-35.0,-39.0,-1063.0
40.0,-97.0,-1001.0
-46.0,148.0,-987.0
-37.0,152.0,-1024.0
31.0,-25.0,-1042.0
-3.0,35.0,-1044.0
5.0,-19.0,-977.0
-11.0,-13.0,-1013.0
33.0,144.0,-977.0
-15.0,-37.0,-1054.0
9.0,-70.0,-1007.0
-39.0,113.0,-974.0
-56.0,189.0,-1028.0
11.0,-52.0,-1134.0
-1.0,-9.0,-1054.0
-46.0,9.0,-911.0
11.0,11.0,-958.0
19.0,105.0,-1018.0
0.0,97.0,-1018.0
-42.0,-66.0,-1024.0
-13.0,1.0,-1048.0
-68.0,212.0,-1018.0
23.0,-9.0,-1042.0
33.0,-35.0,-1056.0
7.0,46.0,-977.0
-3.0,-1.0,-925.0
19.0,74.0,-1018.0
-17.0,78.0,-1056.0
-27.0,-40.0,-1028.0
-25.0,-54.0,-993.0
-68.0,242.0,-1007.0
-9.0,80.0,-1083.0
107.0,-74.0,-1052.0
-23.0,3.0,-976.0
0.0,23.0,-925.0
-1.0,54.0,-974.0
17.0,74.0,-1056.0
-66.0,31.0,-1056.0
7.0,-15.0,-1028.0
-33.0,167.0,-1015.0
-33.0,81.0,-1073.0
78.0,-81.0,-1044.0
31.0,-3.0,-931.0
-23.0,68.0,-944.0
1.0,74.0,-1036.0
-17.0,48.0,-1071.0
-44.0,17.0,-1044.0
-25.0,-113.0,-1018.0
-27.0,169.0,-968.0
-39.0,156.0,-1026.0
46.0,-56.0,-1077.0
48.0,-23.0,-1013.0
-11.0,56.0,-940.0
9.0,29.0,-989.0
7.0,44.0,-1071.0
-48.0,54.0,-993.0
-33.0,-85.0,-1015.0
-39.0,119.0,-1020.0
-31.0,212.0,-1081.0
85.0,-60.0,-1054.0
54.0,-31.0,-1013.0
-62.0,64.0,-907.0
15.0,37.0,-956.0
0.0,42.0,-1063.0
-66.0,111.0,-1079.0
-50.0,-91.0,-1009.0
0.0,80.0,-1044.0
-58.0,156.0,-1050.0
78.0,-46.0,-1052.0
13.0,-15.0,-960.0
-9.0,64.0,-956.0
-35.0,54.0,-977.0
40.0,23.0,-1044.0
-66.0,76.0,-1069.0
-21.0,-81.0,-1024.0
-54.0,101.0,-979.0
-33.0,204.0,-1050.0
78.0,-68.0,-1118.0
27.0,-19.0,-968.0
-11.0,35.0,-864.0
-11.0,25.0,-1028.0
39.0,37.0,-1052.0
-66.0,101.0,-1040.0
-27.0,-52.0,-1032.0
-25.0,99.0,-1065.0
-27.0,165.0,-1001.0
66.0,-93.0,-1036.0
11.0,-13.0,-1005.0
11.0,70.0,-936.0
-37.0,37.0,-1007.0
31.0,54.0,-1065.0
-54.0,80.0,-1056.0
11.0,-121.0,-1005.0
-48.0,91.0,-991.0
-60.0,234.0,-1022.0
76.0,-46.0,-1075.0
31.0,-15.0,-1046.0
-17.0,54.0,-972.0
5.0,5.0,-942.0
62.0,68.0,-1042.0
-50.0,44.0,-1056.0
-23.0,-64.0,-987.0
-31.0,148.0,-999.0
-56.0,152.0,-1091.0
68.0,-91.0,-1126.0
0.0,58.0,-935.0
3.0,7.0,-909.0
40.0,-7.0,-966.0
117.0,80.0,-1022.0
19.0,76.0,-1097.0
199.0,-15.0,-1032.0
154.0,122.0,-1030.0
335.0,56.0,-1007.0
392.0,-42.0,-1052.0
433.0,150.0,-976.0
439.0,-68.0,-929.0
452.0,0.0,-1048.0
566.0,107.0,-1059.0
462.0,105.0,-1073.0
599.0,-58.0,-1050.0
478.0,93.0,-1015.0
601.0,115.0,-1067.0
614.0,21.0,-1061.0
540.0,95.0,-958.0
560.0,-259.0,-868.0
568.0,60.0,-970.0
521.0,306.0,-985.0
425.0,-50.0,-1016.0
458.0,-76.0,-1005.0
351.0,160.0,-1026.0
343.0,140.0,-1028.0
351.0,29.0,-997.0
275.0,-83.0,-964.0
294.0,-136.0,-1005.0
212.0,232.0,-946.0
150.0,169.0,-1036.0
201.0,-220.0,-1083.0
121.0,66.0,-1011.0
13.0,230.0,-958.0
39.0,31.0,-1057.0
27.0,9.0,-1083.0
66.0,-60.0,-1071.0
-80.0,39.0,-995.0
25.0,115.0,-938.0
-50.0,-7.0,-1085.0
68.0,-95.0,-1046.0
-83.0,255.0,-950.0
25.0,54.0,-1036.0
44.0,-9.0,-1157.0
-1.0,81.0,-1071.0
39.0,-91.0,-964.0
-64.0,1.0,-927.0
21.0,115.0,-944.0
76.0,-35.0,-1071.0
66.0,117.0,-1028.0
7.0,60.0,-983.0
111.0,-15.0,-1065.0
83.0,132.0,-1075.0
56.0,95.0,-997.0
136.0,-171.0,-985.0
19.0,25.0,-946.0
62.0,121.0,-976.0
46.0,7.0,-1050.0
7.0,119.0,-1042.0
33.0,-99.0,-983.0
-11.0,146.0,-1005.0
66.0,204.0,-1067.0
29.0,-87.0,-1054.0
87.0,-56.0,-964.0
-33.0,-9.0,-901.0
58.0,81.0,-991.0
-27.0,80.0,-1091.0
31.0,19.0,-1050.0
5.0,-42.0,-1001.0
-25.0,222.0,-1011.0
21.0,87.0,-1054.0
62.0,-56.0,-1073.0
13.0,40.0,-956.0
56.0,-48.0,-981.0
74.0,64.0,-1005.0
33.0,54.0,-1050.0
80.0,-99.0,-1050.0
1.0,56.0,-970.0
33.0,140.0,-1016.0
56.0,74.0,-1110.0
91.0,7.0,-1079.0
19.0,13.0,-985.0
87.0,-31.0,-946.0
83.0,165.0,-993.0
42.0,-13.0,-1022.0
25.0,-66.0,-958.0
19.0,39.0,-962.0
-17.0,35.0,-1130.0
-19.0,85.0,-1128.0
31.0,113.0,-1015.0
-23.0,-128.0,-956.0
-23.0,121.0,-966.0
52.0,167.0,-1009.0
21.0,-66.0,-1034.0
-74.0,42.0,-979.0
0.0,-54.0,-993.0
-3.0,35.0,-1077.0
-48.0,210.0,-1065.0
29.0,-52.0,-1028.0
-29.0,-40.0,-1038.0
-62.0,124.0,-958.0
11.0,103.0,-991.0
81.0,62.0,-1034.0
-107.0,-25.0,-962.0
29.0,-62.0,-985.0
-3.0,247.0,-1079.0
-46.0,7.0,-1108.0
62.0,-126.0,-1030.0
-83.0,91.0,-874.0
27.0,-19.0,-985.0
13.0,142.0,-1059.0
83.0,62.0,-1028.0
-78.0,-74.0,-997.0
-17.0,134.0,-1018.0
111.0,93.0,-1044.0
-17.0,21.0,-1061.0
-5.0,40.0,-946.0
44.0,-72.0,-972.0
68.0,93.0,-1050.0
17.0,95.0,-1028.0
31.0,-122.0,-1009.0
-21.0,3.0,-1016.0
-105.0,128.0,-960.0
117.0,62.0,-1108.0
-52.0,156.0,-1071.0
-42.0,-58.0,-1001.0
119.0,-37.0,-991.0
-31.0,181.0,-958.0
-9.0,-15.0,-1040.0
78.0,-50.0,-956.0
-13.0,35.0,-960.0
-60.0,46.0,-1126.0
52.0,99.0,-1083.0
23.0,25.0,-1054.0
-109.0,-39.0,-1056.0
44.0,46.0,-936.0
81.0,64.0,-946.0
44.0,35.0,-1061.0
-11.0,5.0,-946.0
9.0,-66.0,-993.0
7.0,121.0,-1034.0
-19.0,152.0,-1065.0
52.0,-109.0,-1089.0
-74.0,107.0,-1003.0
-15.0,37.0,-942.0
31.0,-66.0,-1069.0
9.0,142.0,-981.0
-76.0,-95.0,-968.0
39.0,78.0,-1009.0
-31.0,224.0,-1052.0
78.0,-25.0,-1120.0
-37.0,103.0,-999.0
-3.0,-23.0,-962.0
15.0,-52.0,-1007.0
97.0,105.0,-1018.0
-95.0,-89.0,-1063.0
-23.0,21.0,-946.0
9.0,136.0,-911.0
15.0,37.0,-1169.0
-109.0,160.0,-1120.0
27.0,-44.0,-962.0
66.0,-66.0,-1003.0
-144.0,220.0,-1020.0
62.0,13.0,-895.0
113.0,-138.0,-1028.0
-220.0,183.0,-925.0
-13.0,-99.0,-1036.0
160.0,185.0,-1153.0
-130.0,25.0,-1124.0
-134.0,-83.0,-1005.0
21.0,175.0,-935.0
11.0,33.0,-968.0
29.0,1.0,-1016.0
56.0,0.0,-936.0
19.0,-78.0,-936.0
-44.0,140.0,-1159.0
-58.0,185.0,-1141.0
11.0,-68.0,-1030.0
-80.0,80.0,-923.0
48.0,-78.0,-985.0
64.0,15.0,-993.0
83.0,140.0,-1097.0
-154.0,-54.0,-1028.0
13.0,15.0,-819.0
163.0,238.0,-1102.0
64.0,-5.0,-1104.0
60.0,-17.0,-1020.0
-78.0,21.0,-909.0
107.0,15.0,-1063.0
-35.0,52.0,-995.0
-56.0,-64.0,-995.0
-66.0,54.0,-952.0
9.0,103.0,-1026.0
91.0,72.0,-1177.0
-56.0,177.0,-1091.0
17.0,-83.0,-919.0
72.0,-46.0,-954.0
-107.0,238.0,-929.0
134.0,-130.0,-1018.0
66.0,-15.0,-972.0
-148.0,7.0,-991.0
-15.0,-3.0,-1044.0
-21.0,238.0,-1093.0
-193.0,-3.0,-1093.0
-29.0,-17.0,-968.0
132.0,128.0,-1036.0
23.0,-54.0,-1057.0
-91.0,46.0,-913.0
175.0,-89.0,-972.0
-60.0,119.0,-1028.0
-83.0,203.0,-1057.0
97.0,-42.0,-1040.0
97.0,-99.0,-1061.0
-124.0,111.0,-983.0
-21.0,-113.0,-958.0
146.0,253.0,-962.0
-56.0,-91.0,-1056.0
-66.0,-58.0,-956.0
37.0,162.0,-966.0
87.0,50.0,-1163.0
-9.0,119.0,-1134.0
111.0,-50.0,-968.0
7.0,-37.0,-938.0
-60.0,271.0,-954.0
136.0,-191.0,-1032.0
-117.0,-35.0,-1054.0
-95.0,109.0,-1026.0
-44.0,-52.0,-1022.0
-11.0,359.0,-997.0
113.0,-42.0,-1097.0
-37.0,-50.0,-979.0
13.0,42.0,-995.0
5.0,50.0,-1018.0
21.0,-31.0,-1028.0
-3.0,-42.0,-933.0
-11.0,80.0,-972.0
19.0,177.0,-976.0
15.0,-91.0,-1179.0
-101.0,140.0,-1145.0
23.0,60.0,-919.0
9.0,-39.0,-960.0
-109.0,197.0,-1028.0
15.0,-70.0,-1018.0
35.0,-105.0,-983.0
-89.0,222.0,-970.0
-62.0,31.0,-1100.0
74.0,76.0,-1052.0
68.0,-35.0,-1083.0
-124.0,23.0,-999.0
40.0,95.0,-927.0
187.0,-19.0,-995.0
-9.0,31.0,-1065.0
-78.0,5.0,-935.0
56.0,54.0,-995.0
42.0,175.0,-1095.0
-68.0,23.0,-1163.0
7.0,-44.0,-1026.0
21.0,68.0,-927.0
-33.0,-48.0,-1001.0
122.0,35.0,-987.0
85.0,89.0,-894.0
39.0,-40.0,-1042.0
-121.0,275.0,-1054.0
113.0,-152.0,-1106.0
-113.0,179.0,-1054.0
-72.0,13.0,-997.0
-78.0,0.0,-913.0
-62.0,181.0,-1015.0
11.0,-99.0,-1011.0
-9.0,-173.0,-958.0
-101.0,146.0,-985.0
-89.0,-107.0,-1126.0
42.0,284.0,-1085.0
-7.0,-3.0,-1036.0
1.0,74.0,-1015.0
85.0,89.0,-911.0
136.0,-130.0,-974.0
-113.0,128.0,-1016.0
-25.0,-70.0,-1036.0
-35.0,64.0,-1005.0
146.0,154.0,-1097.0
-89.0,27.0,-1145.0
146.0,1.0,-987.0
-42.0,-19.0,-774.0
87.0,-76.0,-1077.0
163.0,152.0,-1001.0
-19.0,-119.0,-1009.0
-52.0,175.0,-1005.0
-95.0,206.0,-1034.0
-9.0,-130.0,-1071.0
-132.0,134.0,-1044.0
-52.0,-72.0,-976.0
74.0,3.0,-995.0
-310.0,165.0,-948.0
-144.0,-216.0,-985.0
-136.0,91.0,-999.0
-189.0,68.0,-1016.0
-245.0,72.0,-1046.0
-78.0,167.0,-1059.0
-240.0,-72.0,-1073.0
-312.0,160.0,-987.0
-111.0,-52.0,-976.0
-85.0,-56.0,-1075.0
-370.0,136.0,-962.0
-218.0,-136.0,-1032.0
-259.0,99.0,-1022.0
-355.0,183.0,-1083.0
-271.0,-27.0,-1079.0
-292.0,54.0,-983.0
-361.0,-91.0,-960.0
-333.0,95.0,-987.0
-310.0,206.0,-979.0
-324.0,-271.0,-1124.0
-431.0,122.0,-940.0
-130.0,101.0,-931.0
-240.0,119.0,-1116.0
-406.0,93.0,-1110.0
-277.0,-353.0,-1057.0
-366.0,208.0,-909.0
-333.0,245.0,-966.0
-101.0,-158.0,-1063.0
-331.0,19.0,-948.0
-290.0,-25.0,-1015.0
-325.0,242.0,-1112.0
-308.0,19.0,-1091.0
-199.0,-183.0,-1095.0
-411.0,206.0,-897.0
-206.0,-50.0,-985.0
-275.0,193.0,-1065.0
-181.0,-113.0,-1022.0
-226.0,-122.0,-958.0
-325.0,292.0,-913.0
-214.0,91.0,-1067.0
-87.0,25.0,-1151.0
-288.0,62.0,-917.0
-162.0,-48.0,-1005.0
-197.0,150.0,-981.0
-210.0,-226.0,-1075.0
-220.0,111.0,-936.0
-232.0,60.0,-927.0
-113.0,-9.0,-1122.0
-167.0,177.0,-1108.0
-191.0,5.0,-1052.0
-87.0,113.0,-997.0
-101.0,17.0,-935.0
-17.0,-46.0,-1079.0
25.0,132.0,-962.0
-15.0,-150.0,-938.0
25.0,60.0,-981.0
119.0,113.0,-1020.0
134.0,-44.0,-1136.0
17.0,220.0,-993.0
171.0,-109.0,-1077.0
83.0,128.0,-1112.0
87.0,76.0,-970.0
142.0,-150.0,-999.0
64.0,91.0,-950.0
-31.0,0.0,-964.0
-3.0,175.0,-1071.0
89.0,95.0,-1106.0
23.0,-148.0,-1040.0
-78.0,193.0,-907.0
78.0,-31.0,-929.0
-13.0,-5.0,-976.0
-101.0,23.0,-884.0
-56.0,-60.0,-962.0
-68.0,236.0,-1083.0
-74.0,-62.0,-1188.0
-78.0,91.0,-1139.0
-156.0,58.0,-923.0
-46.0,-33.0,-981.0
-148.0,130.0,-1001.0
-27.0,-146.0,-1005.0
-95.0,13.0,-944.0
-158.0,58.0,-981.0
-42.0,87.0,-1149.0
-39.0,244.0,-1087.0
-74.0,-56.0,-1015.0
-50.0,117.0,-1015.0
-25.0,35.0,-942.0
80.0,-144.0,-1079.0
-146.0,74.0,-948.0
13.0,-197.0,-948.0
-109.0,222.0,-1052.0
-58.0,87.0,-1192.0
-37.0,44.0,-1128.0
-50.0,142.0,-911.0
-50.0,-56.0,-942.0
9.0,191.0,-1005.0
78.0,-204.0,-962.0
-21.0,-72.0,-927.0
-78.0,171.0,-948.0
66.0,19.0,-1073.0
19.0,185.0,-1161.0
-40.0,9.0,-1057.0
-21.0,42.0,-976.0
85.0,130.0,-964.0
58.0,-107.0,-1061.0
-80.0,29.0,-911.0
-33.0,-154.0,-905.0
-25.0,136.0,-1050.0
-93.0,226.0,-1143.0
37.0,-40.0,-1132.0
-48.0,140.0,-1026.0
-23.0,-66.0,-977.0
78.0,121.0,-938.0
40.0,-74.0,-958.0
11.0,-109.0,-931.0
-78.0,130.0,-954.0
119.0,1.0,-1147.0
-15.0,244.0,-1188.0
-19.0,33.0,-1030.0
19.0,19.0,-960.0
54.0,109.0,-923.0
29.0,-152.0,-1016.0
-21.0,50.0,-964.0
-27.0,-128.0,-962.0
1.0,103.0,-1085.0
-52.0,162.0,-1139.0
40.0,21.0,-1155.0
-42.0,193.0,-991.0
-35.0,-68.0,-1018.0
72.0,148.0,-962.0
39.0,-121.0,-966.0
-23.0,-101.0,-944.0
-99.0,109.0,-950.0
54.0,35.0,-1069.0
-27.0,222.0,-1167.0
-27.0,5.0,-1083.0
-39.0,54.0,-921.0
-1.0,81.0,-925.0
-3.0,-60.0,-1083.0
-56.0,72.0,-958.0
1.0,-206.0,-993.0
-85.0,187.0,-1024.0
-66.0,115.0,-1126.0
62.0,60.0,-1145.0
-78.0,140.0,-989.0
-56.0,-87.0,-960.0
109.0,167.0,-954.0
37.0,-179.0,-1003.0
-33.0,5.0,-938.0
-91.0,13.0,-876.0
95.0,80.0,-1087.0
-62.0,255.0,-1145.0
27.0,-62.0,-1102.0
-11.0,173.0,-944.0
52.0,-9.0,-931.0
19.0,-31.0,-1059.0
-68.0,13.0,-938.0
-7.0,-169.0,-895.0
-46.0,203.0,-1057.0
-44.0,0.0,-1206.0
29.0,189.0,-1108.0
-48.0,3.0,-962.0
-29.0,66.0,-960.0
31.0,124.0,-938.0
124.0,-210.0,-1028.0
-52.0,66.0,-979.0
-27.0,-91.0,-1007.0
97.0,119.0,-1081.0
-48.0,140.0,-1104.0
31.0,68.0,-1077.0
-72.0,81.0,-888.0
113.0,-74.0,-1011.0
-56.0,148.0,-970.0
-15.0,-117.0,-950.0
-11.0,-9.0,-989.0
-23.0,76.0,-1026.0
7.0,25.0,-1223.0
-3.0,199.0,-1028.0
-9.0,-95.0,-993.0
-64.0,181.0,-940.0
21.0,-64.0,-956.0
56.0,-13.0,-1052.0
-39.0,19.0,-999.0
-46.0,-62.0,-1034.0
21.0,222.0,-1036.0
25.0,-56.0,-1098.0
-21.0,185.0,-1042.0
-52.0,-5.0,-872.0
134.0,-7.0,-1028.0
-74.0,134.0,-987.0
29.0,-173.0,-993.0
-64.0,144.0,-946.0
23.0,-76.0,-1069.0
-35.0,236.0,-1151.0
-33.0,52.0,-1052.0
0.0,15.0,-977.0
-40.0,99.0,-911.0
72.0,-83.0,-1077.0
-35.0,173.0,-960.0
-19.0,-189.0,-979.0
-60.0,138.0,-1057.0
-17.0,54.0,-1079.0
85.0,72.0,-1130.0
-72.0,87.0,-952.0
-3.0,-29.0,-933.0
42.0,181.0,-968.0
29.0,-158.0,-1065.0
-23.0,101.0,-1040.0
-60.0,-64.0,-968.0
37.0,101.0,-1050.0
-58.0,138.0,-1063.0
25.0,-40.0,-1079.0
-42.0,146.0,-935.0
80.0,-111.0,-997.0
-33.0,195.0,-1042.0
-5.0,-91.0,-925.0
3.0,1.0,-964.0
-68.0,66.0,-1036.0
11.0,58.0,-1151.0
58.0,148.0,-1052.0
-1.0,-109.0,-1005.0
-54.0,208.0,-907.0
68.0,-124.0,-970.0
21.0,74.0,-1059.0
-60.0,-35.0,-991.0
-21.0,17.0,-1009.0
-39.0,152.0,-1028.0
46.0,-37.0,-1118.0
-81.0,210.0,-1052.0
7.0,-150.0,-968.0
44.0,191.0,-952.0
5.0,-31.0,-1028.0
-33.0,-19.0,-1005.0
-62.0,17.0,-917.0
44.0,1.0,-1093.0
-78.0,224.0,-1126.0
105.0,-144.0,-1065.0
-62.0,206.0,-936.0
5.0,-124.0,-917.0
35.0,134.0,-1013.0
7.0,-60.0,-970.0
1.0,9.0,-999.0
-85.0,89.0,-1011.0
52.0,-64.0,-1163.0
-9.0,251.0,-1063.0
0.0,-162.0,-987.0
-60.0,206.0,-960.0
21.0,-50.0,-946.0
25.0,52.0,-1075.0
-66.0,-44.0,-1032.0
-25.0,9.0,-991.0
-21.0,171.0,-1009.0
-11.0,-60.0,-1095.0
-66.0,261.0,-1052.0
13.0,-208.0,-966.0
11.0,181.0,-974.0
40.0,-29.0,-1024.0
1.0,27.0,-995.0
-68.0,-46.0,-890.0
25.0,44.0,-1054.0
-56.0,218.0,-1163.0
40.0,-162.0,-1089.0
-46.0,255.0,-921.0
-13.0,-81.0,-935.0
40.0,140.0,-979.0
21.0,-126.0,-1024.0
-7.0,91.0,-1020.0
-99.0,3.0,-944.0
101.0,37.0,-1130.0
-39.0,242.0,-1069.0
70.0,-208.0,-1034.0
-80.0,214.0,-946.0
66.0,-60.0,-991.0
29.0,78.0,-1011.0
-37.0,-107.0,-960.0
-13.0,105.0,-983.0
17.0,-15.0,-1179.0
-44.0,212.0,-1030.0
-17.0,-173.0,-954.0
-9.0,230.0,-890.0
60.0,-111.0,-1042.0
-54.0,101.0,-1056.0
-89.0,-66.0,-962.0
37.0,167.0,-1075.0
-40.0,54.0,-1161.0
56.0,1.0,-1036.0
-21.0,91.0,-880.0
35.0,-39.0,-1011.0
-13.0,212.0,-979.0
31.0,-206.0,-1052.0
-9.0,152.0,-1005.0
-64.0,-132.0,-981.0
37.0,218.0,-1059.0
11.0,-3.0,-1028.0
60.0,111.0,-1077.0
-44.0,-66.0,-942.0
81.0,62.0,-995.0
-33.0,66.0,-974.0
37.0,-171.0,-1022.0
-89.0,222.0,-923.0
42.0,-60.0,-1114.0
-39.0,191.0,-1180.0
5.0,-107.0,-1040.0
-80.0,154.0,-907.0
56.0,-83.0,-940.0
21.0,160.0,-1052.0
-33.0,-97.0,-1016.0
-56.0,-29.0,-987.0
-27.0,193.0,-1028.0
0.0,-31.0,-1194.0
-54.0,162.0,-987.0
0.0,-122.0,-991.0
-1.0,183.0,-958.0
15.0,-117.0,-1024.0
-56.0,115.0,-960.0
19.0,-113.0,-958.0
-52.0,171.0,-1054.0
-9.0,85.0,-1169.0
62.0,3.0,-1091.0
-25.0,54.0,-936.0
-11.0,-35.0,-931.0
40.0,234.0,-940.0
81.0,-224.0,-1050.0
-56.0,148.0,-985.0
-11.0,-103.0,-1028.0
9.0,283.0,-1085.0
54.0,-76.0,-1042.0
9.0,134.0,-989.0
-40.0,-80.0,-901.0
66.0,99.0,-991.0
-17.0,19.0,-1018.0
50.0,-81.0,-1071.0
-103.0,140.0,-913.0
54.0,-64.0,-1083.0
-44.0,279.0,-1069.0
60.0,-163.0,-1118.0
-80.0,165.0,-962.0
64.0,-87.0,-917.0
21.0,152.0,-1048.0
-50.0,-160.0,-993.0
-29.0,134.0,-970.0
-48.0,13.0,-1050.0
21.0,146.0,-1208.0
-37.0,15.0,-1020.0
-17.0,-64.0,-962.0
-52.0,162.0,-882.0
78.0,-74.0,-1059.0
-15.0,113.0,-1016.0
-52.0,-150.0,-987.0
-23.0,187.0,-1046.0
-39.0,37.0,-1118.0
50.0,183.0,-1110.0
-15.0,-171.0,-958.0
-5.0,193.0,-929.0
23.0,-91.0,-999.0
48.0,76.0,-999.0
-58.0,-83.0,-946.0
-21.0,109.0,-1054.0
9.0,128.0,-1108.0
48.0,-13.0,-1134.0
-46.0,87.0,-950.0
11.0,-89.0,-872.0
23.0,212.0,-929.0
91.0,-163.0,-1030.0
-64.0,91.0,-1009.0
-19.0,-144.0,-1005.0
-3.0,322.0,-1075.0
58.0,-95.0,-1089.0
31.0,160.0,-1028.0
-76.0,-150.0,-878.0
91.0,156.0,-1009.0
-46.0,39.0,-997.0
48.0,-42.0,-1052.0
-76.0,25.0,-940.0
21.0,25.0,-1063.0
5.0,191.0,-1147.0
-25.0,-74.0,-1085.0
0.0,103.0,-942.0
-11.0,-60.0,-942.0
54.0,171.0,-1020.0
-44.0,-140.0,-956.0
-35.0,150.0,-970.0
-13.0,-56.0,-1011.0
11.0,245.0,-1198.0
-11.0,-144.0,-1083.0
-58.0,126.0,-903.0
-21.0,-74.0,-925.0
42.0,230.0,-1034.0
-19.0,-122.0,-1050.0
-17.0,60.0,-1003.0
-83.0,21.0,-1026.0
64.0,203.0,-1161.0
-33.0,64.0,-1050.0
33.0,-72.0,-985.0
-83.0,80.0,-903.0
107.0,-11.0,-1020.0
-35.0,87.0,-981.0
-31.0,-105.0,-1016.0
-68.0,134.0,-1005.0
-1.0,35.0,-1173.0
11.0,181.0,-1087.0
39.0,-154.0,-1001.0
-46.0,230.0,-884.0
66.0,-121.0,-950.0
0.0,185.0,-1028.0
-44.0,-206.0,-1036.0
-48.0,187.0,-983.0
-29.0,5.0,-1075.0
80.0,169.0,-1110.0
-37.0,-64.0,-1022.0
-17.0,-17.0,-905.0
-1.0,99.0,-970.0
66.0,5.0,-1059.0
-76.0,3.0,-1011.0
-42.0,-27.0,-970.0
-9.0,169.0,-1061.0
39.0,60.0,-1104.0
5.0,66.0,-1048.0
-29.0,-128.0,-892.0
5.0,124.0,-933.0
39.0,-56.0,-995.0
-37.0,93.0,-964.0
-58.0,-140.0,-979.0
-62.0,281.0,-1081.0
81.0,-89.0,-1210.0
-23.0,191.0,-1073.0
-39.0,-191.0,-864.0
-25.0,242.0,-894.0
60.0,-21.0,-1046.0
-13.0,66.0,-1052.0
-21.0,-101.0,-968.0
1.0,144.0,-1020.0
39.0,95.0,-1114.0
-1.0,37.0,-1046.0
-64.0,-9.0,-923.0
13.0,23.0,-954.0
46.0,50.0,-985.0
-5.0,-35.0,-1007.0
-62.0,39.0,-950.0
-3.0,3.0,-1065.0
7.0,212.0,-1192.0
37.0,-29.0,-1106.0
-25.0,60.0,-927.0
-21.0,-46.0,-894.0
39.0,210.0,-977.0
19.0,-138.0,-1063.0
-3.0,95.0,-993.0
-56.0,-56.0,-1032.0
13.0,310.0,-1071.0
33.0,-117.0,-1106.0
-23.0,160.0,-940.0
-7.0,-169.0,-919.0
60.0,232.0,-991.0
-11.0,-177.0,-1034.0
-17.0,124.0,-981.0
-66.0,-81.0,-1050.0
11.0,261.0,-1143.0
9.0,-48.0,-1126.0
15.0,101.0,-1016.0
-46.0,-103.0,-899.0
64.0,146.0,-976.0
9.0,-35.0,-1001.0
-27.0,31.0,-1020.0
-101.0,40.0,-1007.0
56.0,119.0,-1147.0
-13.0,83.0,-1126.0
52.0,-27.0,-960.0
-83.0,5.0,-825.0
52.0,93.0,-952.0
-13.0,11.0,-1061.0
-29.0,-48.0,-1069.0
-52.0,11.0,-993.0
-31.0,80.0,-1075.0
-1.0,173.0,-1112.0
-5.0,-85.0,-1024.0
-56.0,48.0,-938.0
39.0,-44.0,-968.0
-15.0,169.0,-1024.0
-40.0,-117.0,-1007.0
-64.0,119.0,-976.0
-37.0,-19.0,-1122.0
27.0,251.0,-1182.0
-1.0,-124.0,-1042.0
-78.0,109.0,-858.0
64.0,-91.0,-919.0
-7.0,206.0,-1013.0
7.0,-173.0,-1069.0
-111.0,119.0,-962.0
3.0,-21.0,-1057.0
17.0,195.0,-1118.0
-13.0,-91.0,-1052.0
-33.0,40.0,-901.0
-15.0,-64.0,-938.0
29.0,156.0,-1007.0
-33.0,-126.0,-1018.0
-91.0,130.0,-976.0
5.0,-48.0,-1085.0
-13.0,226.0,-1173.0
5.0,-101.0,-1098.0
-54.0,74.0,-892.0
-21.0,-56.0,-925.0
74.0,175.0,-1009.0
-42.0,-101.0,-1028.0
-66.0,91.0,-979.0
-7.0,7.0,-1130.0
56.0,195.0,-1159.0
33.0,-117.0,-1077.0
-91.0,91.0,-813.0
17.0,27.0,-933.0
46.0,150.0,-1028.0
-13.0,-60.0,-1083.0
-42.0,60.0,-970.0
-7.0,29.0,-1075.0
-23.0,255.0,-1075.0
42.0,40.0,-1061.0
-35.0,15.0,-929.0
56.0,-5.0,-942.0
-21.0,173.0,-936.0
50.0,-21.0,-958.0
-64.0,42.0,-935.0
-7.0,83.0,-1077.0
46.0,136.0,-1167.0
-7.0,85.0,-1032.0
-17.0,-31.0,-890.0
-29.0,44.0,-839.0
64.0,66.0,-1005.0
-5.0,-11.0,-995.0
-50.0,5.0,-1016.0
-46.0,74.0,-1024.0
-13.0,142.0,-1163.0
9.0,54.0,-1073.0
1.0,-9.0,-946.0
-5.0,9.0,-901.0
39.0,93.0,-979.0
39.0,-25.0,-981.0
-50.0,9.0,-968.0
15.0,13.0,-1110.0
66.0,169.0,-1151.0
156.0,17.0,-1100.0
111.0,-21.0,-913.0
128.0,-5.0,-864.0
249.0,76.0,-956.0
232.0,-7.0,-991.0
228.0,-25.0,-989.0
283.0,19.0,-1057.0
281.0,154.0,-1190.0
343.0,60.0,-1145.0
228.0,17.0,-884.0
365.0,-29.0,-942.0
423.0,115.0,-993.0
448.0,-7.0,-1036.0
368.0,-25.0,-925.0
398.0,-80.0,-1015.0
409.0,185.0,-1102.0
482.0,197.0,-1122.0
468.0,23.0,-1016.0
439.0,-80.0,-985.0
493.0,19.0,-915.0
458.0,56.0,-907.0
345.0,29.0,-853.0
365.0,-91.0,-1034.0
365.0,111.0,-1198.0
409.0,204.0,-1159.0
366.0,52.0,-1013.0
277.0,-91.0,-919.0
361.0,46.0,-911.0
329.0,27.0,-923.0
271.0,52.0,-892.0
134.0,-27.0,-1065.0
286.0,105.0,-1202.0
206.0,169.0,-1173.0
191.0,-31.0,-1048.0
78.0,-46.0,-962.0
259.0,-3.0,-940.0
158.0,60.0,-858.0
185.0,17.0,-929.0
-81.0,7.0,-1091.0
121.0,66.0,-1112.0
105.0,126.0,-1245.0
122.0,119.0,-1054.0
-74.0,-95.0,-880.0
80.0,87.0,-763.0
52.0,-66.0,-972.0
-44.0,119.0,-968.0
5.0,-80.0,-1116.0
-39.0,78.0,-1262.0
46.0,70.0,-1186.0
66.0,50.0,-954.0
-17.0,19.0,-804.0
142.0,87.0,-870.0
66.0,39.0,-948.0
11.0,-54.0,-1083.0
-76.0,-7.0,-1050.0
17.0,107.0,-1093.0
78.0,144.0,-1157.0
27.0,31.0,-1032.0
-44.0,-124.0,-868.0
128.0,-48.0,-794.0
-21.0,165.0,-1001.0
158.0,9.0,-1034.0
-66.0,9.0,-1052.0
87.0,97.0,-1161.0
121.0,154.0,-1169.0
111.0,48.0,-1001.0
-25.0,-15.0,-806.0
128.0,-13.0,-831.0
64.0,40.0,-1015.0
52.0,-7.0,-1097.0
-21.0,37.0,-1011.0
152.0,-80.0,-1114.0
-7.0,212.0,-1132.0
68.0,138.0,-1005.0
78.0,-113.0,-901.0
-68.0,48.0,-899.0
244.0,3.0,-1015.0
-62.0,130.0,-1003.0
-44.0,-5.0,-1038.0
-7.0,21.0,-1098.0
97.0,95.0,-1138.0
175.0,0.0,-1040.0
-85.0,-23.0,-927.0
13.0,-3.0,-843.0
154.0,29.0,-1056.0
-101.0,156.0,-1073.0
121.0,-124.0,-999.0
-66.0,66.0,-1054.0
251.0,162.0,-1251.0
3.0,78.0,-1046.0
-121.0,-197.0,-819.0
-78.0,60.0,-854.0
189.0,150.0,-1159.0
-39.0,31.0,-1083.0
-105.0,-212.0,-806.0
-89.0,171.0,-927.0
324.0,128.0,-1426.0
-134.0,158.0,-1118.0
-5.0,-314.0,-788.0
-183.0,193.0,-751.0
99.0,111.0,-1317.0
-78.0,-31.0,-1046.0
103.0,-214.0,-782.0
-212.0,286.0,-979.0
72.0,232.0,-1561.0
13.0,-72.0,-1079.0
124.0,-351.0,-648.0
-458.0,325.0,-806.0
31.0,261.0,-1290.0
218.0,-3.0,-1020.0
181.0,-515.0,-794.0
-489.0,392.0,-995.0
128.0,437.0,-1368.0
247.0,23.0,-1188.0
81.0,-589.0,-657.0
-343.0,218.0,-1026.0
68.0,431.0,-1050.0
423.0,-132.0,-1091.0
-175.0,-398.0,-765.0
-329.0,175.0,-983.0
406.0,538.0,-1200.0
134.0,89.0,-1327.0
-27.0,-472.0,-698.0
-185.0,87.0,-888.0
179.0,382.0,-987.0
392.0,-3.0,-1210.0
-66.0,-484.0,-772.0
-220.0,130.0,-933.0
154.0,411.0,-1159.0
81.0,253.0,-1456.0
105.0,-511.0,-757.0
-154.0,271.0,-862.0
-39.0,130.0,-989.0
382.0,-19.0,-1204.0
-9.0,-458.0,-808.0
-308.0,230.0,-741.0
-183.0,244.0,-1274.0
103.0,216.0,-1477.0
146.0,-320.0,-960.0
-275.0,13.0,-685.0
-19.0,72.0,-1016.0
316.0,134.0,-1075.0
115.0,-115.0,-960.0
-357.0,-185.0,-710.0
-226.0,255.0,-1173.0
277.0,376.0,-1403.0
421.0,-259.0,-1132.0
-499.0,-81.0,-585.0
27.0,11.0,-849.0
173.0,521.0,-1204.0
314.0,-400.0,-997.0
-448.0,-240.0,-724.0
-74.0,247.0,-962.0
425.0,474.0,-1487.0
366.0,-244.0,-1307.0
-566.0,-187.0,-628.0
35.0,160.0,-640.0
437.0,488.0,-1200.0
93.0,-363.0,-1301.0
-552.0,-122.0,-564.0
89.0,-25.0,-905.0
411.0,628.0,-1493.0
134.0,-263.0,-1534.0
-493.0,-132.0,-450.0
33.0,175.0,-544.0
228.0,488.0,-1292.0
-44.0,-286.0,-1321.0
-142.0,-372.0,-657.0
-62.0,226.0,-802.0
300.0,528.0,-1526.0
-101.0,-117.0,-1499.0
-245.0,-306.0,-583.0
-93.0,156.0,-530.0
50.0,419.0,-1274.0
40.0,-236.0,-1315.0
19.0,-402.0,-755.0
-218.0,218.0,-831.0
150.0,474.0,-1504.0
-167.0,173.0,-1335.0
119.0,-497.0,-784.0
-292.0,138.0,-538.0
204.0,320.0,-1108.0
54.0,140.0,-1235.0
121.0,-458.0,-886.0
-329.0,167.0,-872.0
-78.0,292.0,-1344.0
195.0,117.0,-1270.0
197.0,-415.0,-765.0
-253.0,146.0,-696.0
-33.0,271.0,-976.0
314.0,105.0,-1253.0
81.0,-271.0,-1098.0
-312.0,15.0,-944.0
-111.0,257.0,-977.0
404.0,232.0,-1262.0
244.0,-312.0,-981.0
-261.0,-13.0,-839.0
-85.0,148.0,-730.0
353.0,195.0,-1159.0
-134.0,-201.0,-1192.0
-423.0,-72.0,-989.0
142.0,60.0,-745.0
314.0,392.0,-1227.0
187.0,-218.0,-1223.0
-361.0,-48.0,-819.0
89.0,-80.0,-669.0
19.0,439.0,-1098.0
-3.0,-136.0,-1257.0
13.0,-83.0,-966.0
50.0,-64.0,-927.0
-83.0,286.0,-1093.0
115.0,160.0,-1264.0
-251.0,-236.0,-993.0
-54.0,-220.0,-702.0
33.0,493.0,-819.0
245.0,-27.0,-1313.0
-324.0,60.0,-1042.0
-5.0,-216.0,-915.0
189.0,257.0,-1081.0
-121.0,224.0,-1270.0
39.0,-302.0,-952.0
19.0,-64.0,-728.0
74.0,-60.0,-940.0
-85.0,341.0,-1214.0
-37.0,-101.0,-1138.0
37.0,70.0,-929.0
220.0,109.0,-1038.0
-122.0,142.0,-1243.0
-83.0,-119.0,-985.0
140.0,206.0,-679.0
113.0,-247.0,-972.0
-294.0,351.0,-1190.0
236.0,-230.0,-1083.0
-1.0,187.0,-993.0
-136.0,-95.0,-1067.0
-81.0,208.0,-1124.0
46.0,-156.0,-1034.0
23.0,9.0,-851.0
-128.0,195.0,-864.0
-85.0,13.0,-1048.0
107.0,21.0,-1097.0
-87.0,-83.0,-1139.0
-398.0,298.0,-1075.0
132.0,148.0,-991.0
154.0,-29.0,-1075.0
-66.0,-216.0,-890.0
-83.0,134.0,-823.0
27.0,76.0,-929.0
89.0,101.0,-1274.0
-15.0,-5.0,-1020.0
81.0,115.0,-1003.0
-173.0,230.0,-864.0
288.0,-109.0,-1214.0
-220.0,-72.0,-1015.0
-111.0,64.0,-730.0
259.0,5.0,-880.0
-1.0,138.0,-1262.0
58.0,-150.0,-1052.0
-257.0,89.0,-921.0
263.0,78.0,-1120.0
1.0,294.0,-1184.0
208.0,-165.0,-1013.0
-183.0,52.0,-593.0
11.0,-103.0,-931.0
78.0,407.0,-1128.0
261.0,-115.0,-1335.0
-347.0,-146.0,-888.0
132.0,27.0,-956.0
218.0,203.0,-1028.0
121.0,25.0,-1241.0
-380.0,-234.0,-640.0
95.0,89.0,-880.0
214.0,158.0,-1149.0
91.0,105.0,-1356.0
-365.0,-76.0,-792.0
134.0,160.0,-886.0
320.0,138.0,-1149.0
-56.0,105.0,-1225.0
-189.0,-431.0,-819.0
11.0,158.0,-597.0
353.0,-105.0,-1307.0
-372.0,380.0,-1241.0
-138.0,-210.0,-964.0
208.0,113.0,-692.0
144.0,312.0,-1419.0
-203.0,-208.0,-1223.0
-162.0,-31.0,-640.0
191.0,234.0,-644.0
27.0,171.0,-1423.0
-288.0,-181.0,-1221.0
62.0,-165.0,-651.0
267.0,267.0,-977.0
-146.0,119.0,-1446.0
-212.0,-197.0,-1120.0
-21.0,-113.0,-595.0
255.0,382.0,-929.0
-286.0,230.0,-1235.0
-46.0,-138.0,-1138.0
66.0,-60.0,-769.0
201.0,35.0,-1161.0
-349.0,372.0,-1272.0
261.0,-361.0,-1091.0
15.0,-21.0,-575.0
158.0,60.0,-895.0
-365.0,404.0,-1134.0
261.0,-421.0,-1112.0
-64.0,11.0,-890.0
199.0,162.0,-1171.0
-345.0,341.0,-1077.0
134.0,-197.0,-958.0
5.0,-87.0,-886.0
101.0,226.0,-962.0
-142.0,87.0,-966.0
261.0,-162.0,-1018.0
37.0,-228.0,-1052.0
-122.0,314.0,-1108.0
-244.0,261.0,-974.0
470.0,-152.0,-1083.0
-257.0,-195.0,-845.0
-5.0,343.0,-993.0
-60.0,124.0,-802.0
267.0,-11.0,-1003.0
-66.0,-226.0,-1108.0
-31.0,283.0,-1229.0
-117.0,95.0,-899.0
376.0,-9.0,-1085.0
-158.0,-189.0,-940.0
97.0,185.0,-919.0
-7.0,199.0,-698.0
335.0,-142.0,-1319.0
-404.0,-39.0,-1202.0
105.0,117.0,-964.0
-23.0,314.0,-874.0
320.0,-132.0,-1272.0
-273.0,-294.0,-1028.0
89.0,103.0,-802.0
119.0,286.0,-835.0
58.0,-39.0,-1208.0
-132.0,-220.0,-1216.0
-138.0,56.0,-833.0
193.0,386.0,-981.0
3.0,109.0,-1317.0
-154.0,-212.0,-1079.0
-78.0,-105.0,-624.0
17.0,548.0,-794.0
-33.0,-210.0,-1350.0
-214.0,-15.0,-1165.0
-119.0,-304.0,-827.0
240.0,589.0,-974.0
-201.0,-66.0,-1229.0
68.0,-39.0,-1122.0
-33.0,-204.0,-761.0
105.0,505.0,-853.0
-101.0,99.0,-1239.0
-25.0,39.0,-1221.0
80.0,-306.0,-771.0
327.0,523.0,-825.0
-152.0,-39.0,-1360.0
-156.0,-64.0,-1155.0
31.0,-394.0,-642.0
226.0,341.0,-872.0
-327.0,152.0,-1194.0
169.0,-261.0,-1124.0
40.0,-99.0,-808.0
318.0,448.0,-1239.0
-286.0,44.0,-1145.0
97.0,-66.0,-1159.0
-64.0,5.0,-712.0
204.0,281.0,-1020.0
-306.0,3.0,-1022.0
222.0,-80.0,-1155.0
48.0,29.0,-804.0
-134.0,52.0,-1085.0
-119.0,21.0,-991.0
349.0,46.0,-1118.0
-138.0,-74.0,-958.0
-347.0,126.0,-876.0
64.0,101.0,-929.0
214.0,85.0,-1188.0
-85.0,-62.0,-1106.0
-279.0,-39.0,-1009.0
105.0,210.0,-1005.0
216.0,-19.0,-1274.0
-263.0,-13.0,-989.0
-230.0,-70.0,-640.0
142.0,95.0,-895.0
76.0,109.0,-1341.0
29.0,19.0,-1149.0
-269.0,-15.0,-812.0
255.0,173.0,-899.0
-35.0,117.0,-1278.0
111.0,-5.0,-1100.0
-80.0,-81.0,-618.0
212.0,46.0,-864.0
-42.0,50.0,-1317.0
195.0,31.0,-1106.0
-226.0,-117.0,-833.0
171.0,48.0,-993.0
-64.0,142.0,-1223.0
97.0,62.0,-1046.0
-175.0,-107.0,-642.0
-3.0,111.0,-878.0
21.0,-37.0,-1321.0
60.0,201.0,-1173.0
-199.0,-121.0,-974.0
19.0,68.0,-958.0
91.0,-105.0,-1192.0
72.0,181.0,-993.0
-163.0,-70.0,-772.0
-52.0,136.0,-913.0
136.0,0.0,-1280.0
35.0,175.0,-1116.0
-279.0,-40.0,-806.0
78.0,162.0,-882.0
-5.0,7.0,-1300.0
60.0,-5.0,-1059.0
-81.0,-113.0,-796.0
19.0,193.0,-813.0
33.0,-9.0,-1206.0
105.0,60.0,-1173.0
-173.0,-171.0,-895.0
60.0,222.0,-972.0
-33.0,91.0,-1305.0
173.0,-9.0,-1063.0
-146.0,-54.0,-696.0
-101.0,173.0,-765.0
177.0,-13.0,-1260.0
177.0,42.0,-1231.0
-111.0,-121.0,-845.0
-11.0,89.0,-880.0
-68.0,162.0,-1210.0
257.0,-13.0,-1165.0
-101.0,-81.0,-886.0
-56.0,52.0,-788.0
-9.0,244.0,-1077.0
162.0,72.0,-1241.0
-113.0,5.0,-966.0
-76.0,-68.0,-915.0
-40.0,103.0,-1112.0
158.0,-31.0,-1151.0
-167.0,81.0,-843.0
-111.0,-171.0,-726.0
46.0,132.0,-964.0
201.0,25.0,-1331.0
-119.0,158.0,-1091.0
-103.0,-85.0,-915.0
42.0,29.0,-1079.0
101.0,40.0,-1116.0
-105.0,121.0,-843.0
-103.0,-80.0,-808.0
-56.0,78.0,-1091.0
281.0,-154.0,-1331.0
-203.0,222.0,-972.0
-173.0,-9.0,-878.0
95.0,183.0,-966.0
240.0,-191.0,-1190.0
-89.0,179.0,-1005.0
-121.0,-29.0,-745.0
158.0,156.0,-929.0
257.0,-66.0,-1368.0
-93.0,181.0,-1042.0
-187.0,-111.0,-772.0
228.0,279.0,-946.0
156.0,-83.0,-1356.0
-80.0,-29.0,-952.0
-257.0,-74.0,-562.0
103.0,222.0,-1011.0
115.0,33.0,-1282.0
56.0,121.0,-1085.0
-224.0,-240.0,-806.0
48.0,253.0,-985.0
11.0,0.0,-1216.0
78.0,140.0,-1120.0
-117.0,-251.0,-741.0
83.0,44.0,-876.0
78.0,107.0,-1192.0
21.0,191.0,-1169.0
-351.0,-148.0,-878.0
181.0,136.0,-938.0
95.0,-19.0,-1216.0
-44.0,187.0,-1011.0
-218.0,-199.0,-675.0
111.0,169.0,-903.0
171.0,76.0,-1356.0
-19.0,50.0,-1157.0
-175.0,40.0,-732.0
359.0,64.0,-1011.0
-23.0,187.0,-1210.0
119.0,-158.0,-1081.0
-191.0,56.0,-665.0
169.0,27.0,-1005.0
64.0,206.0,-1227.0
113.0,-175.0,-1138.0
-292.0,-11.0,-733.0
249.0,175.0,-968.0
144.0,124.0,-1245.0
7.0,-146.0,-1075.0
-148.0,-56.0,-687.0
105.0,273.0,-827.0
212.0,62.0,-1333.0
-74.0,-99.0,-1231.0
-210.0,-5.0,-780.0
130.0,101.0,-1015.0
-37.0,257.0,-1298.0
-17.0,-318.0,-1032.0
-56.0,111.0,-564.0
74.0,224.0,-890.0
132.0,197.0,-1276.0
-99.0,-183.0,-1190.0
-230.0,54.0,-833.0
240.0,44.0,-888.0
-21.0,304.0,-1257.0
56.0,-302.0,-1124.0
-171.0,113.0,-683.0
245.0,-17.0,-735.0
60.0,341.0,-1192.0
64.0,-327.0,-1364.0
-76.0,103.0,-704.0
169.0,-19.0,-890.0
54.0,538.0,-1333.0
7.0,-322.0,-1180.0
-87.0,3.0,-503.0
21.0,-66.0,-737.0
222.0,439.0,-1223.0
76.0,-292.0,-1467.0
-136.0,-74.0,-696.0
292.0,-154.0,-878.0
-54.0,720.0,-1288.0
80.0,-281.0,-1194.0
-163.0,-140.0,-595.0
128.0,-76.0,-753.0
242.0,577.0,-1329.0
3.0,-74.0,-1286.0
-109.0,-366.0,-739.0
105.0,-21.0,-813.0
-66.0,741.0,-1366.0
132.0,-390.0,-1249.0
-257.0,-230.0,-566.0
314.0,0.0,-691.0
-72.0,673.0,-1387.0
-93.0,-191.0,-1216.0
-189.0,-400.0,-708.0
204.0,160.0,-995.0
-144.0,700.0,-1366.0
62.0,-411.0,-1214.0
-292.0,-181.0,-431.0
304.0,-15.0,-856.0
-115.0,720.0,-1305.0
13.0,-394.0,-1292.0
-259.0,-353.0,-630.0
290.0,109.0,-1128.0
-419.0,802.0,-1251.0
298.0,-466.0,-1288.0
-470.0,-160.0,-452.0
363.0,107.0,-999.0
-300.0,730.0,-1192.0
193.0,-384.0,-1356.0
-296.0,-245.0,-665.0
275.0,42.0,-1163.0
-370.0,634.0,-1194.0
269.0,-199.0,-1329.0
-482.0,-331.0,-488.0
491.0,25.0,-927.0
-349.0,691.0,-1214.0
162.0,-136.0,-1415.0
-220.0,-279.0,-636.0
345.0,-13.0,-1167.0
-398.0,694.0,-1128.0
165.0,-226.0,-1257.0
-296.0,-325.0,-573.0
593.0,-85.0,-1018.0
-685.0,634.0,-1225.0
390.0,-271.0,-1350.0
-212.0,-216.0,-640.0
40.0,70.0,-1188.0
-400.0,663.0,-1145.0
146.0,-228.0,-1210.0
-117.0,-388.0,-763.0
17.0,-17.0,-1059.0
-441.0,560.0,-1083.0
339.0,-204.0,-1108.0
-136.0,-337.0,-974.0
-251.0,121.0,-1126.0
-169.0,353.0,-1104.0
1.0,35.0,-1011.0
134.0,-388.0,-979.0
-368.0,271.0,-938.0
107.0,247.0,-1018.0
136.0,48.0,-958.0
-66.0,-152.0,-1122.0
-318.0,171.0,-1046.0
117.0,44.0,-940.0
80.0,60.0,-1018.0
17.0,-183.0,-1202.0
-253.0,204.0,-868.0
206.0,64.0,-853.0
111.0,95.0,-1050.0
42.0,-68.0,-1157.0
-154.0,124.0,-1024.0
81.0,0.0,-938.0
181.0,35.0,-1059.0
111.0,-156.0,-1147.0
-238.0,214.0,-813.0
85.0,17.0,-792.0
156.0,-68.0,-1143.0
113.0,35.0,-1212.0
-150.0,13.0,-995.0
-1.0,146.0,-849.0
179.0,-206.0,-1087.0
-93.0,261.0,-1056.0
-21.0,40.0,-938.0
-99.0,89.0,-755.0
327.0,-119.0,-1167.0
62.0,224.0,-1249.0
-197.0,-27.0,-979.0
-21.0,130.0,-749.0
220.0,-214.0,-1112.0
44.0,105.0,-1175.0
-201.0,-144.0,-819.0
15.0,306.0,-657.0
218.0,-64.0,-1251.0
-5.0,117.0,-1210.0
-13.0,-175.0,-894.0
29.0,267.0,-796.0
99.0,-60.0,-1153.0
21.0,31.0,-1200.0
-335.0,-19.0,-782.0
247.0,236.0,-792.0
199.0,-150.0,-1210.0
-46.0,107.0,-1204.0
121.0,-316.0,-839.0
-97.0,363.0,-819.0
203.0,-19.0,-1208.0
-58.0,109.0,-1221.0
54.0,-185.0,-812.0
179.0,394.0,-554.0
121.0,23.0,-1231.0
-25.0,150.0,-1259.0
39.0,-382.0,-851.0
105.0,316.0,-769.0
13.0,-62.0,-1151.0
117.0,78.0,-1200.0
-68.0,-199.0,-767.0
95.0,244.0,-747.0
-52.0,144.0,-1239.0
9.0,81.0,-1204.0
44.0,-146.0,-813.0
154.0,195.0,-876.0
-122.0,29.0,-1077.0
136.0,-70.0,-1327.0
-380.0,66.0,-640.0
394.0,-95.0,-890.0
-183.0,318.0,-1153.0
132.0,-240.0,-1255.0
-46.0,179.0,-661.0
81.0,-128.0,-1139.0
-142.0,148.0,-1052.0
122.0,-179.0,-1307.0
-365.0,337.0,-624.0
343.0,-277.0,-1116.0
-294.0,757.0,-958.0
368.0,-527.0,-1290.0
-347.0,171.0,-927.0
-150.0,-388.0,-1059.0
261.0,712.0,-1091.0
-13.0,-128.0,-1106.0
-117.0,3.0,-786.0
-158.0,-160.0,-966.0
189.0,343.0,-1192.0
-58.0,-134.0,-1143.0
-247.0,130.0,-866.0
76.0,-124.0,-976.0
185.0,478.0,-979.0
1.0,-343.0,-1329.0
-365.0,117.0,-921.0
-109.0,-154.0,-790.0
284.0,464.0,-1026.0
-160.0,-244.0,-1372.0
-146.0,146.0,-847.0
-58.0,-167.0,-977.0
85.0,683.0,-1009.0
124.0,-497.0,-1423.0
-437.0,111.0,-683.0
56.0,-175.0,-862.0
87.0,589.0,-1136.0
-267.0,-269.0,-1296.0
216.0,150.0,-667.0
-19.0,-212.0,-1007.0
443.0,392.0,-1034.0
-333.0,3.0,-1284.0
-44.0,-95.0,-950.0
-288.0,5.0,-817.0
335.0,302.0,-1061.0
-195.0,80.0,-1149.0
308.0,-232.0,-882.0
-195.0,60.0,-833.0
489.0,126.0,-1253.0
-484.0,236.0,-1141.0
222.0,-505.0,-948.0
-314.0,417.0,-651.0
583.0,-17.0,-1163.0
-366.0,370.0,-1061.0
460.0,-585.0,-1028.0
-425.0,376.0,-796.0
624.0,-95.0,-1354.0
-638.0,486.0,-966.0
456.0,-698.0,-1036.0
-355.0,525.0,-605.0
585.0,-136.0,-1237.0
-454.0,532.0,-1028.0
515.0,-728.0,-1112.0
-452.0,355.0,-610.0
368.0,56.0,-1399.0
-470.0,476.0,-954.0
425.0,-692.0,-1079.0
-448.0,357.0,-712.0
425.0,-54.0,-1138.0
-109.0,474.0,-944.0
525.0,-575.0,-1290.0
-525.0,138.0,-704.0
347.0,29.0,-1280.0
-220.0,447.0,-1034.0
343.0,-411.0,-1024.0
-310.0,25.0,-698.0
409.0,85.0,-1093.0
-183.0,251.0,-1071.0
124.0,-177.0,-1050.0
-122.0,7.0,-778.0
283.0,-68.0,-1247.0
-261.0,183.0,-1118.0
269.0,-163.0,-974.0
-314.0,122.0,-892.0
0.0,201.0,-1075.0
52.0,103.0,-991.0
54.0,-83.0,-1030.0
-251.0,-54.0,-1005.0
-294.0,23.0,-1044.0
-115.0,242.0,-1210.0
-42.0,-76.0,-944.0
-365.0,-175.0,-839.0
-283.0,80.0,-810.0
-214.0,269.0,-1095.0
-179.0,-66.0,-1134.0
-425.0,-154.0,-1159.0
-532.0,-56.0,-966.0
-142.0,441.0,-1030.0
-343.0,-64.0,-1016.0
-462.0,-206.0,-1020.0
-443.0,-244.0,-936.0
-376.0,525.0,-1116.0
-187.0,-46.0,-1138.0
-527.0,-130.0,-1124.0
-726.0,-156.0,-866.0
33.0,445.0,-962.0
-363.0,124.0,-1114.0
-298.0,-267.0,-1100.0
-745.0,-64.0,-800.0
68.0,109.0,-1171.0
-566.0,335.0,-1065.0
-312.0,-318.0,-1089.0
-530.0,210.0,-886.0
111.0,19.0,-1054.0
-499.0,273.0,-1097.0
-273.0,-366.0,-1079.0
-837.0,222.0,-884.0
206.0,-83.0,-1005.0
-495.0,333.0,-1079.0
-87.0,-267.0,-1122.0
-806.0,158.0,-716.0
193.0,17.0,-1079.0
-544.0,171.0,-1214.0
-121.0,-312.0,-1169.0
-527.0,113.0,-747.0
-64.0,154.0,-1013.0
-419.0,230.0,-1108.0
-42.0,-286.0,-1157.0
-497.0,87.0,-788.0
148.0,-21.0,-1075.0
-368.0,353.0,-1177.0
72.0,-189.0,-1108.0
-489.0,62.0,-732.0
-56.0,-76.0,-936.0
-222.0,265.0,-1171.0
78.0,-50.0,-1110.0
-351.0,0.0,-895.0
89.0,-29.0,-968.0
-179.0,267.0,-1182.0
304.0,-29.0,-1108.0
-251.0,70.0,-895.0
244.0,-109.0,-812.0
296.0,122.0,-1089.0
437.0,-9.0,-1038.0
175.0,-19.0,-854.0
183.0,37.0,-917.0
327.0,175.0,-1239.0
325.0,-60.0,-1206.0
19.0,54.0,-895.0
230.0,-66.0,-798.0
201.0,195.0,-1097.0
216.0,-58.0,-1157.0
-50.0,89.0,-942.0
54.0,-27.0,-925.0
15.0,132.0,-1175.0
31.0,-76.0,-1046.0
-146.0,111.0,-808.0
-122.0,-33.0,-780.0
23.0,150.0,-1069.0
126.0,-7.0,-1079.0
-152.0,19.0,-972.0
-236.0,-29.0,-938.0
-89.0,165.0,-1177.0
-11.0,35.0,-1177.0
-124.0,-44.0,-938.0
-247.0,58.0,-772.0
-37.0,115.0,-1050.0
56.0,7.0,-1141.0
-189.0,-25.0,-972.0
-273.0,13.0,-964.0
-3.0,140.0,-1132.0
-76.0,99.0,-1180.0
-117.0,5.0,-858.0
-203.0,76.0,-796.0
87.0,-3.0,-1061.0
27.0,-19.0,-1180.0
-60.0,-44.0,-1016.0
-193.0,124.0,-983.0
60.0,21.0,-1085.0
44.0,138.0,-1190.0
-17.0,-33.0,-895.0
-48.0,115.0,-812.0
81.0,-50.0,-972.0
117.0,-40.0,-1118.0
-35.0,-23.0,-909.0
-175.0,204.0,-983.0
136.0,19.0,-1167.0
15.0,101.0,-1235.0
29.0,-72.0,-952.0
-160.0,185.0,-755.0
97.0,-40.0,-948.0
99.0,64.0,-1192.0
29.0,-74.0,-1052.0
-234.0,169.0,-993.0
56.0,-35.0,-1087.0
-15.0,101.0,-1182.0
37.0,-37.0,-921.0
-144.0,124.0,-745.0
81.0,101.0,-925.0
140.0,-40.0,-1208.0
50.0,-50.0,-1059.0
-238.0,17.0,-995.0
105.0,201.0,-1089.0
46.0,37.0,-1257.0
119.0,9.0,-1020.0
-199.0,21.0,-769.0
56.0,64.0,-874.0
95.0,-25.0,-1186.0
21.0,-19.0,-1116.0
-269.0,74.0,-1022.0
128.0,111.0,-1050.0
19.0,136.0,-1227.0
121.0,-13.0,-1020.0
-255.0,80.0,-771.0
185.0,-31.0,-890.0
7.0,-9.0,-1202.0
111.0,-48.0,-1141.0
-288.0,74.0,-1016.0
101.0,29.0,-1071.0
-40.0,136.0,-1216.0
138.0,17.0,-1052.0
-259.0,80.0,-753.0
31.0,-23.0,-854.0
-21.0,-33.0,-1126.0
11.0,15.0,-1118.0
-306.0,124.0,-1020.0
83.0,-5.0,-1069.0
-48.0,95.0,-1239.0
167.0,-15.0,-1063.0
-247.0,97.0,-728.0
160.0,-7.0,-804.0
-27.0,9.0,-1159.0
154.0,-35.0,-1192.0
-343.0,103.0,-1028.0
126.0,13.0,-991.0
-21.0,39.0,-1102.0
128.0,85.0,-983.0
-185.0,99.0,-763.0
60.0,-9.0,-870.0
-9.0,5.0,-1184.0
152.0,-35.0,-1169.0
-302.0,103.0,-1011.0
128.0,33.0,-956.0
9.0,101.0,-1177.0
171.0,46.0,-1093.0
-267.0,44.0,-759.0
121.0,66.0,-858.0
-3.0,-35.0,-1179.0
183.0,-58.0,-1202.0
-343.0,74.0,-979.0
171.0,54.0,-942.0
-21.0,103.0,-1104.0
154.0,3.0,-1036.0
-253.0,91.0,-802.0
144.0,0.0,-917.0
-1.0,-1.0,-1206.0
154.0,-35.0,-1212.0
-324.0,70.0,-921.0
167.0,46.0,-952.0
-39.0,113.0,-1098.0
191.0,-1.0,-1126.0
-292.0,54.0,-802.0
122.0,-31.0,-886.0
-35.0,21.0,-1141.0
167.0,-13.0,-1204.0
-341.0,70.0,-903.0
173.0,58.0,-944.0
-23.0,78.0,-1151.0
220.0,-21.0,-1126.0
-275.0,72.0,-739.0
126.0,-17.0,-884.0
-25.0,101.0,-1175.0
206.0,-68.0,-1243.0
-376.0,91.0,-913.0
150.0,-5.0,-907.0
-39.0,126.0,-1122.0
148.0,19.0,-1089.0
-222.0,80.0,-831.0
76.0,-19.0,-931.0
-5.0,35.0,-1194.0
175.0,-11.0,-1173.0
-370.0,58.0,-872.0
181.0,27.0,-921.0
-39.0,70.0,-1179.0
204.0,25.0,-1175.0
-296.0,50.0,-776.0
134.0,-17.0,-849.0
-35.0,15.0,-1128.0
169.0,-48.0,-1208.0
-402.0,66.0,-872.0
206.0,68.0,-968.0
-60.0,91.0,-1124.0
224.0,5.0,-1157.0
-298.0,48.0,-765.0
171.0,-42.0,-917.0
-66.0,87.0,-1165.0
169.0,-44.0,-1237.0
-337.0,46.0,-851.0
193.0,91.0,-944.0
-31.0,62.0,-1159.0
181.0,11.0,-1161.0
-279.0,17.0,-771.0
146.0,-3.0,-864.0
-74.0,33.0,-1130.0
195.0,-31.0,-1214.0
-368.0,66.0,-882.0
220.0,66.0,-958.0
-39.0,95.0,-1194.0
158.0,-11.0,-1124.0
-216.0,37.0,-759.0
83.0,0.0,-886.0
-35.0,105.0,-1169.0
193.0,-44.0,-1235.0
-302.0,66.0,-915.0
169.0,42.0,-897.0
-44.0,81.0,-1161.0
117.0,15.0,-1104.0
-152.0,15.0,-823.0
7.0,29.0,-868.0
58.0,19.0,-1218.0
121.0,3.0,-1155.0
-238.0,31.0,-878.0
101.0,7.0,-890.0
-64.0,148.0,-1227.0
111.0,-35.0,-1165.0
-189.0,19.0,-812.0
-74.0,50.0,-792.0
52.0,13.0,-1192.0
27.0,35.0,-1122.0
-177.0,21.0,-960.0
60.0,35.0,-921.0
-62.0,107.0,-1192.0
70.0,-29.0,-1087.0
-372.0,-39.0,-796.0
13.0,220.0,-720.0
-386.0,-35.0,-1272.0
-665.0,29.0,-1239.0
-429.0,-81.0,-782.0
-772.0,105.0,-1063.0
-870.0,-48.0,-1075.0
-1048.0,-54.0,-1225.0
-995.0,204.0,-706.0
-1508.0,105.0,-722.0
-1247.0,58.0,-1130.0
-1177.0,-160.0,-1184.0
-1331.0,95.0,-839.0
-1588.0,95.0,-933.0
-1491.0,-48.0,-1218.0
-1138.0,-224.0,-1130.0
-1571.0,271.0,-872.0
-1393.0,212.0,-712.0
-1206.0,-50.0,-1210.0
-868.0,-54.0,-1311.0
-1300.0,177.0,-1081.0
-997.0,85.0,-936.0
-1011.0,-226.0,-1165.0
-737.0,-113.0,-1196.0
-1085.0,279.0,-884.0
-825.0,136.0,-894.0
-607.0,-218.0,-1143.0
-724.0,-62.0,-1163.0
-753.0,353.0,-917.0
-655.0,136.0,-1087.0
-609.0,-216.0,-1161.0
-605.0,-314.0,-1130.0
-772.0,398.0,-767.0
-706.0,105.0,-843.0
-687.0,-64.0,-1063.0
-628.0,-222.0,-1159.0
-839.0,263.0,-866.0
-1030.0,152.0,-870.0
-1016.0,-117.0,-991.0
-964.0,-296.0,-1124.0
-1223.0,144.0,-771.0
-1323.0,121.0,-710.0
-1257.0,195.0,-1059.0
-952.0,-281.0,-1366.0
-1397.0,224.0,-913.0
-1491.0,101.0,-798.0
-1294.0,83.0,-1042.0
-1040.0,-312.0,-1303.0
-1428.0,228.0,-917.0
-1452.0,136.0,-776.0
-1323.0,169.0,-1106.0
-1063.0,-355.0,-1442.0
-1458.0,163.0,-1050.0
-1504.0,124.0,-942.0
-1175.0,-95.0,-1138.0
-1110.0,-283.0,-1331.0
-1294.0,392.0,-835.0
-1106.0,62.0,-751.0
-894.0,11.0,-1083.0
-868.0,-286.0,-1300.0
-1128.0,353.0,-970.0
-1155.0,-40.0,-903.0
-1016.0,-29.0,-1167.0
-935.0,-406.0,-1239.0
-1221.0,517.0,-868.0
-1225.0,93.0,-771.0
-1075.0,-130.0,-991.0
-1036.0,-187.0,-1200.0
-1329.0,150.0,-911.0
-1444.0,374.0,-888.0
-1093.0,-210.0,-1075.0
-1124.0,-398.0,-1282.0
-1212.0,312.0,-853.0
-1465.0,142.0,-712.0
-1229.0,175.0,-843.0
-995.0,-392.0,-1323.0
-1276.0,304.0,-991.0
-1512.0,199.0,-894.0
-1093.0,-101.0,-1194.0
-1210.0,-212.0,-1341.0
-1423.0,199.0,-890.0
-1672.0,171.0,-653.0
-1063.0,-15.0,-921.0
-1210.0,-148.0,-1337.0
-1383.0,312.0,-1079.0
-1411.0,21.0,-933.0
-1124.0,-117.0,-1112.0
-1200.0,19.0,-1327.0
-1165.0,160.0,-833.0
-1255.0,-15.0,-519.0
-1034.0,-281.0,-1087.0
-1087.0,-191.0,-1411.0
-1157.0,171.0,-1141.0
-1473.0,261.0,-976.0
-1169.0,70.0,-1046.0
-1124.0,-460.0,-1327.0
-1221.0,427.0,-692.0
-1380.0,-17.0,-544.0
-878.0,15.0,-1015.0
-1048.0,-39.0,-1452.0
-1200.0,195.0,-999.0
-1294.0,-95.0,-974.0
-1110.0,-144.0,-1116.0
-958.0,23.0,-1145.0
-1177.0,109.0,-874.0
-1196.0,-54.0,-687.0
-1155.0,-39.0,-1138.0
-890.0,-29.0,-1391.0
-1056.0,562.0,-1093.0
-1013.0,-3.0,-948.0
-962.0,-119.0,-1024.0
-669.0,-228.0,-1161.0
-948.0,191.0,-687.0
-936.0,-89.0,-763.0
-692.0,-64.0,-1116.0
-845.0,35.0,-1428.0
-685.0,259.0,-1020.0
-771.0,54.0,-1077.0
-390.0,48.0,-1114.0
-421.0,-126.0,-1009.0
-546.0,343.0,-679.0
-382.0,-505.0,-763.0
-183.0,-23.0,-1097.0
-199.0,206.0,-1138.0
-222.0,517.0,-1052.0
-58.0,-39.0,-1231.0
91.0,-70.0,-1083.0
208.0,44.0,-802.0
93.0,-46.0,-663.0
158.0,80.0,-1018.0
359.0,-181.0,-991.0
124.0,357.0,-1149.0
199.0,-126.0,-1241.0
109.0,-80.0,-1352.0
290.0,-76.0,-851.0
-37.0,204.0,-942.0
427.0,191.0,-708.0
31.0,-255.0,-800.0
749.0,-11.0,-1001.0
858.0,113.0,-1179.0
575.0,288.0,-1233.0
1266.0,27.0,-907.0
1282.0,206.0,-1216.0
1440.0,-245.0,-882.0
989.0,-132.0,-886.0
1659.0,167.0,-972.0
1397.0,160.0,-987.0
1221.0,-56.0,-1300.0
1184.0,-122.0,-1305.0
1460.0,95.0,-1095.0
1407.0,478.0,-1063.0
999.0,31.0,-991.0
1112.0,-5.0,-480.0
903.0,-23.0,-753.0
1075.0,162.0,-989.0
817.0,-126.0,-1059.0
839.0,-44.0,-1112.0
568.0,150.0,-1247.0
819.0,447.0,-1087.0
780.0,-244.0,-854.0
597.0,-177.0,-638.0
692.0,-95.0,-821.0
614.0,534.0,-1042.0
730.0,-80.0,-1136.0
568.0,89.0,-1147.0
560.0,-173.0,-1216.0
708.0,316.0,-1005.0
687.0,-5.0,-1009.0
726.0,-64.0,-772.0
858.0,-44.0,-907.0
895.0,423.0,-997.0
1036.0,-144.0,-1163.0
851.0,-122.0,-1260.0
1083.0,89.0,-1272.0
1186.0,525.0,-1218.0
1208.0,-183.0,-1009.0
1067.0,-267.0,-655.0
1301.0,0.0,-870.0
1221.0,378.0,-1075.0
1372.0,-78.0,-1114.0
1280.0,-148.0,-1065.0
1493.0,126.0,-1171.0
1344.0,509.0,-1093.0
1401.0,-269.0,-808.0
1483.0,-421.0,-663.0
1253.0,167.0,-878.0
1214.0,349.0,-1048.0
1132.0,60.0,-1110.0
1015.0,-222.0,-1145.0
1136.0,156.0,-1167.0
1026.0,714.0,-1042.0
1083.0,-374.0,-853.0
915.0,-306.0,-636.0
1200.0,-115.0,-837.0
956.0,704.0,-985.0
999.0,-83.0,-1134.0
1054.0,-306.0,-1179.0
1212.0,281.0,-1200.0
1015.0,445.0,-1024.0
1069.0,-121.0,-899.0
1095.0,-339.0,-802.0
1208.0,-15.0,-1097.0
989.0,550.0,-1077.0
1202.0,-177.0,-1122.0
1249.0,-253.0,-1147.0
1335.0,126.0,-1075.0
1300.0,683.0,-913.0
1423.0,-212.0,-835.0
1393.0,-286.0,-993.0
1411.0,-29.0,-983.0
1300.0,540.0,-938.0
1442.0,-146.0,-1020.0
1380.0,-417.0,-1204.0
1362.0,372.0,-1120.0
1311.0,605.0,-1079.0
1307.0,-193.0,-1026.0
1383.0,-554.0,-946.0
1192.0,113.0,-835.0
1124.0,427.0,-778.0
1155.0,-29.0,-999.0
1149.0,-382.0,-1122.0
1173.0,183.0,-1091.0
1024.0,683.0,-1001.0
1102.0,-122.0,-1075.0
1179.0,-365.0,-936.0
1069.0,-193.0,-890.0
1040.0,605.0,-899.0
1052.0,-46.0,-1057.0
1153.0,-177.0,-1132.0
1110.0,177.0,-1243.0
1075.0,536.0,-1165.0
1071.0,-40.0,-1057.0
1056.0,-445.0,-862.0
923.0,-9.0,-771.0
956.0,540.0,-812.0
933.0,-52.0,-1044.0
1022.0,-224.0,-1194.0
895.0,101.0,-1241.0
933.0,577.0,-1098.0
991.0,-17.0,-968.0
933.0,-437.0,-829.0
839.0,-3.0,-788.0
829.0,443.0,-901.0
849.0,-44.0,-1165.0
765.0,-300.0,-1225.0
671.0,91.0,-1122.0
644.0,532.0,-972.0
706.0,-11.0,-987.0
616.0,-312.0,-864.0
503.0,-52.0,-890.0
437.0,351.0,-890.0
468.0,-132.0,-1132.0
398.0,-158.0,-1147.0
279.0,206.0,-1116.0
257.0,423.0,-1083.0
320.0,-29.0,-1098.0
226.0,-261.0,-899.0
68.0,25.0,-843.0
138.0,156.0,-853.0
181.0,-89.0,-1200.0
99.0,-37.0,-1155.0
3.0,156.0,-1124.0
64.0,359.0,-1065.0
204.0,-99.0,-1149.0
115.0,-146.0,-958.0
39.0,3.0,-880.0
156.0,89.0,-1018.0
191.0,-39.0,-1169.0
134.0,7.0,-1128.0
111.0,115.0,-1204.0
142.0,206.0,-1198.0
314.0,-15.0,-1270.0
240.0,-74.0,-1032.0
124.0,-13.0,-915.0
247.0,105.0,-976.0
199.0,0.0,-1196.0
257.0,-39.0,-1239.0
150.0,113.0,-1309.0
290.0,165.0,-1329.0
325.0,15.0,-1286.0
255.0,-91.0,-1104.0
113.0,-60.0,-972.0
245.0,171.0,-1011.0
201.0,-7.0,-1243.0
203.0,-70.0,-1333.0
78.0,9.0,-1266.0
171.0,210.0,-1294.0
158.0,89.0,-1296.0
162.0,-72.0,-1210.0
-23.0,-56.0,-999.0
40.0,68.0,-974.0
48.0,-44.0,-1208.0
54.0,-5.0,-1282.0
-21.0,60.0,-1274.0
1.0,224.0,-1325.0
105.0,64.0,-1397.0
111.0,-72.0,-1169.0
-56.0,-7.0,-948.0
62.0,74.0,-958.0
56.0,17.0,-1239.0
93.0,-31.0,-1317.0
-23.0,89.0,-1311.0
33.0,236.0,-1284.0
101.0,-5.0,-1329.0
52.0,7.0,-1104.0
-44.0,-81.0,-933.0
46.0,-1.0,-1032.0
-13.0,76.0,-1204.0
54.0,-7.0,-1249.0
-46.0,119.0,-1264.0
80.0,109.0,-1342.0
109.0,60.0,-1368.0
39.0,33.0,-1151.0
0.0,-81.0,-1001.0
21.0,39.0,-1001.0
56.0,21.0,-1216.0
33.0,11.0,-1323.0
-37.0,54.0,-1325.0
37.0,85.0,-1376.0
48.0,89.0,-1339.0
42.0,15.0,-1147.0
-35.0,-50.0,-958.0
7.0,13.0,-1018.0
39.0,25.0,-1268.0
54.0,-5.0,-1350.0
-3.0,-3.0,-1303.0
5.0,89.0,-1352.0
21.0,136.0,-1296.0
85.0,117.0,-1188.0
9.0,-46.0,-1040.0
13.0,-85.0,-1087.0
29.0,3.0,-1196.0
-3.0,5.0,-1282.0
13.0,50.0,-1298.0
-23.0,115.0,-1370.0
101.0,80.0,-1405.0
35.0,21.0,-1257.0
-1.0,-23.0,-1075.0
-15.0,-52.0,-1044.0
46.0,44.0,-1214.0
52.0,-17.0,-1399.0
-3.0,52.0,-1413.0
-52.0,134.0,-1348.0
50.0,119.0,-1419.0
42.0,13.0,-1296.0
58.0,-60.0,-1110.0
-27.0,-37.0,-1132.0
19.0,21.0,-1235.0
5.0,44.0,-1337.0
-44.0,91.0,-1323.0
-46.0,39.0,-1407.0
27.0,99.0,-1385.0
11.0,9.0,-1333.0
35.0,-29.0,-1048.0
-83.0,-21.0,-1016.0
19.0,50.0,-1143.0
-78.0,-9.0,-1286.0
-37.0,19.0,-1337.0
-121.0,21.0,-1393.0
-31.0,124.0,-1354.0
-42.0,21.0,-1245.0
-66.0,-5.0,-1122.0
-115.0,-42.0,-1083.0
-13.0,40.0,-1163.0
-42.0,25.0,-1337.0
-31.0,11.0,-1399.0
-87.0,72.0,-1387.0
15.0,121.0,-1403.0
58.0,111.0,-1378.0
40.0,-1.0,-1243.0
-56.0,-76.0,-1126.0
33.0,15.0,-1095.0
9.0,9.0,-1309.0
27.0,99.0,-1335.0
-46.0,81.0,-1368.0
66.0,56.0,-1413.0
33.0,23.0,-1417.0
89.0,-58.0,-1163.0
-72.0,-21.0,-1013.0
74.0,25.0,-1071.0
-1.0,29.0,-1356.0
-15.0,85.0,-1403.0
-31.0,25.0,-1382.0
39.0,158.0,-1354.0
66.0,3.0,-1407.0
39.0,-5.0,-1179.0
-62.0,-50.0,-1056.0
66.0,-29.0,-1132.0
-27.0,91.0,-1276.0
33.0,35.0,-1313.0
-58.0,35.0,-1385.0
70.0,74.0,-1393.0
89.0,29.0,-1413.0
66.0,-17.0,-1221.0
-64.0,-39.0,-1038.0
48.0,-31.0,-1104.0
-40.0,85.0,-1364.0
66.0,33.0,-1428.0
-58.0,66.0,-1421.0
44.0,103.0,-1413.0
11.0,109.0,-1346.0
29.0,46.0,-1235.0
-52.0,-87.0,-1100.0
15.0,7.0,-1151.0
-19.0,13.0,-1366.0
-33.0,-21.0,-1382.0
-58.0,44.0,-1350.0
19.0,99.0,-1401.0
-13.0,136.0,-1424.0
68.0,0.0,-1237.0
-91.0,-64.0,-1097.0
39.0,-37.0,-1110.0
-74.0,50.0,-1292.0
52.0,7.0,-1327.0
-85.0,80.0,-1341.0
31.0,134.0,-1426.0
0.0,46.0,-1440.0
39.0,21.0,-1255.0
-62.0,-76.0,-1071.0
-27.0,27.0,-1112.0
-25.0,9.0,-1288.0
62.0,31.0,-1413.0
-15.0,46.0,-1413.0
11.0,165.0,-1401.0
-25.0,119.0,-1401.0
39.0,46.0,-1315.0
-17.0,-95.0,-1153.0
-7.0,-44.0,-1198.0
-48.0,91.0,-1253.0
21.0,101.0,-1344.0
-81.0,-1.0,-1348.0
9.0,13.0,-1454.0
-56.0,132.0,-1426.0
50.0,99.0,-1348.0
-52.0,-15.0,-1122.0
-33.0,-1.0,-1081.0
-13.0,-35.0,-1210.0
39.0,-19.0,-1364.0
-7.0,40.0,-1411.0
-37.0,99.0,-1391.0
-21.0,154.0,-1380.0
97.0,40.0,-1257.0
15.0,-76.0,-1169.0
-33.0,-15.0,-1102.0
21.0,58.0,-1169.0
56.0,-25.0,-1344.0
-1.0,-29.0,-1372.0
-72.0,40.0,-1423.0
29.0,132.0,-1417.0
21.0,124.0,-1354.0
40.0,-33.0,-1184.0
-66.0,-29.0,-1077.0
0.0,33.0,-1141.0
-3.0,3.0,-1331.0
-31.0,-3.0,-1430.0
-72.0,130.0,-1450.0
-9.0,89.0,-1452.0
50.0,13.0,-1370.0
5.0,-91.0,-1120.0
-66.0,-3.0,-1057.0
27.0,91.0,-1194.0
15.0,5.0,-1383.0
7.0,-33.0,-1475.0
-56.0,-21.0,-1432.0
5.0,167.0,-1344.0
58.0,175.0,-1344.0
11.0,29.0,-1165.0
-68.0,-83.0,-1153.0
11.0,-11.0,-1192.0
-29.0,76.0,-1354.0
-11.0,15.0,-1387.0
-95.0,11.0,-1444.0
-21.0,126.0,-1348.0
60.0,83.0,-1401.0
0.0,-39.0,-1249.0
-74.0,-33.0,-1065.0
-5.0,39.0,-1108.0
31.0,-35.0,-1424.0
3.0,-13.0,-1485.0
-81.0,37.0,-1346.0
25.0,212.0,-1350.0
68.0,113.0,-1389.0
-13.0,33.0,-1268.0
-27.0,-195.0,-1093.0
-21.0,7.0,-1231.0
21.0,29.0,-1383.0
-42.0,48.0,-1315.0
-93.0,66.0,-1333.0
29.0,160.0,-1430.0
39.0,78.0,-1464.0
60.0,-50.0,-1298.0
-87.0,-130.0,-1138.0
19.0,3.0,-1122.0
-21.0,64.0,-1288.0
-3.0,85.0,-1350.0
-66.0,76.0,-1403.0
29.0,150.0,-1442.0
44.0,7.0,-1534.0
46.0,-46.0,-1241.0
-95.0,-111.0,-1071.0
31.0,105.0,-1073.0
-52.0,160.0,-1296.0
-11.0,101.0,-1407.0
-60.0,-72.0,-1432.0
17.0,78.0,-1442.0
-5.0,115.0,-1436.0
37.0,7.0,-1223.0
-52.0,-46.0,-1151.0
29.0,9.0,-1116.0
-29.0,91.0,-1311.0
-13.0,72.0,-1323.0
-54.0,5.0,-1440.0
-27.0,117.0,-1374.0
21.0,119.0,-1450.0
66.0,-5.0,-1286.0
-35.0,-93.0,-1100.0
-56.0,9.0,-1038.0
17.0,-46.0,-1286.0
50.0,-58.0,-1403.0
-46.0,-11.0,-1426.0
19.0,156.0,-1421.0
1.0,257.0,-1440.0
105.0,40.0,-1356.0
-46.0,-105.0,-1128.0
-7.0,-31.0,-1093.0
-33.0,40.0,-1286.0
33.0,3.0,-1342.0
-66.0,-27.0,-1387.0
-42.0,97.0,-1436.0
-29.0,72.0,-1534.0
46.0,-54.0,-1352.0
-52.0,5.0,-1155.0
-1.0,15.0,-1124.0
-48.0,105.0,-1200.0
-17.0,171.0,-1298.0
-33.0,72.0,-1432.0
23.0,21.0,-1465.0
-27.0,44.0,-1516.0
40.0,-37.0,-1259.0
-70.0,-66.0,-1083.0
19.0,-29.0,-1057.0
-66.0,74.0,-1216.0
97.0,46.0,-1395.0
-44.0,64.0,-1450.0
-5.0,204.0,-1389.0
-11.0,216.0,-1362.0
68.0,126.0,-1329.0
29.0,-74.0,-1204.0
-39.0,-160.0,-1108.0
19.0,-54.0,-1145.0
3.0,74.0,-1260.0
13.0,31.0,-1403.0
-46.0,25.0,-1456.0
-19.0,195.0,-1450.0
56.0,152.0,-1407.0
40.0,1.0,-1139.0
-68.0,-35.0,-1079.0
-1.0,-3.0,-1153.0
19.0,-85.0,-1378.0
-21.0,-66.0,-1473.0
-83.0,117.0,-1450.0
46.0,138.0,-1405.0
74.0,134.0,-1448.0
-56.0,-15.0,-1227.0
-54.0,-50.0,-1054.0
40.0,50.0,-1175.0
-31.0,54.0,-1364.0
-13.0,-23.0,-1378.0
-72.0,109.0,-1397.0
23.0,-23.0,-1503.0
83.0,-3.0,-1411.0
40.0,-44.0,-1235.0
-62.0,35.0,-1026.0
3.0,54.0,-1095.0
-9.0,101.0,-1352.0
-3.0,-19.0,-1382.0
-50.0,21.0,-1426.0
21.0,226.0,-1538.0
33.0,136.0,-1364.0
3.0,-101.0,-1104.0
-93.0,-138.0,-1071.0
-13.0,85.0,-1139.0
-25.0,177.0,-1296.0
-25.0,-80.0,-1426.0
-56.0,-99.0,-1428.0
40.0,44.0,-1383.0
-1.0,288.0,-1376.0
85.0,81.0,-1227.0
-56.0,-117.0,-1138.0
68.0,-191.0,-1134.0
-48.0,105.0,-1225.0
42.0,146.0,-1372.0
-80.0,124.0,-1428.0
33.0,46.0,-1383.0
-15.0,85.0,-1444.0
52.0,11.0,-1227.0
-66.0,-124.0,-1063.0
-5.0,62.0,-1052.0
-54.0,21.0,-1329.0
121.0,-3.0,-1395.0
-66.0,40.0,-1473.0
7.0,181.0,-1438.0
-3.0,97.0,-1411.0
-17.0,142.0,-1233.0
1.0,-134.0,-1098.0
-42.0,-72.0,-1136.0
17.0,0.0,-1257.0
-17.0,11.0,-1333.0
-44.0,126.0,-1403.0
-11.0,91.0,-1573.0
29.0,136.0,-1423.0
31.0,93.0,-1286.0
-74.0,-17.0,-1141.0
-44.0,-48.0,-1063.0
-54.0,5.0,-1186.0
-15.0,21.0,-1356.0
-40.0,17.0,-1430.0
25.0,39.0,-1424.0
-29.0,66.0,-1424.0
83.0,99.0,-1216.0
46.0,-91.0,-1052.0
25.0,-50.0,-1116.0
11.0,78.0,-1296.0
23.0,31.0,-1333.0
11.0,101.0,-1383.0
-35.0,113.0,-1407.0
21.0,50.0,-1380.0
-27.0,134.0,-1290.0
17.0,-15.0,-1169.0
-37.0,-212.0,-1151.0
-29.0,-11.0,-1235.0
44.0,74.0,-1325.0
3.0,142.0,-1378.0
-31.0,87.0,-1452.0
-58.0,247.0,-1403.0
109.0,62.0,-1360.0
48.0,-99.0,-1155.0
-91.0,-35.0,-1110.0
-17.0,25.0,-1167.0
64.0,-40.0,-1354.0
-52.0,31.0,-1413.0
-48.0,85.0,-1405.0
13.0,251.0,-1296.0
64.0,167.0,-1378.0
25.0,-76.0,-1157.0
-15.0,-105.0,-1091.0
66.0,-23.0,-1171.0
7.0,54.0,-1315.0
-25.0,-115.0,-1350.0
-66.0,74.0,-1378.0
40.0,136.0,-1417.0
83.0,156.0,-1374.0
35.0,-35.0,-1180.0
-72.0,-101.0,-989.0
-7.0,-9.0,-1108.0
9.0,62.0,-1360.0
-60.0,132.0,-1440.0
-115.0,27.0,-1364.0
-31.0,66.0,-1423.0
80.0,58.0,-1333.0
29.0,-7.0,-1218.0
-93.0,-40.0,-1089.0
70.0,-87.0,-1155.0
13.0,-48.0,-1395.0
11.0,39.0,-1364.0
-27.0,-9.0,-1411.0
40.0,314.0,-1372.0
44.0,242.0,-1436.0
29.0,-93.0,-1253.0
-91.0,-169.0,-1141.0
46.0,33.0,-1075.0
-42.0,58.0,-1227.0
-37.0,-1.0,-1323.0
-107.0,-15.0,-1409.0
-21.0,95.0,-1460.0
19.0,197.0,-1464.0
-1.0,-42.0,-1208.0
-87.0,-76.0,-958.0
0.0,46.0,-1026.0
7.0,111.0,-1342.0
-15.0,105.0,-1448.0
-66.0,56.0,-1450.0
17.0,136.0,-1344.0
72.0,29.0,-1448.0
56.0,-60.0,-1175.0
-40.0,-76.0,-1007.0
72.0,46.0,-1110.0
19.0,56.0,-1276.0
-15.0,-91.0,-1364.0
-3.0,31.0,-1387.0
-3.0,236.0,-1465.0
91.0,189.0,-1479.0
-48.0,60.0,-1214.0
-58.0,-171.0,-1009.0
-83.0,-81.0,-1001.0
-74.0,189.0,-1290.0
42.0,-62.0,-1393.0
-89.0,-35.0,-1450.0
37.0,115.0,-1407.0
-25.0,130.0,-1417.0
152.0,-3.0,-1272.0
-89.0,103.0,-1032.0
122.0,-46.0,-1057.0
-3.0,44.0,-1247.0
9.0,-68.0,-1364.0
-56.0,122.0,-1329.0
-9.0,44.0,-1462.0
-11.0,81.0,-1448.0
11.0,-48.0,-1266.0
-64.0,-78.0,-1071.0
7.0,3.0,-1116.0
-48.0,261.0,-1196.0
46.0,167.0,-1266.0
-56.0,70.0,-1382.0
17.0,54.0,-1383.0
13.0,17.0,-1448.0
35.0,-15.0,-1184.0
-19.0,23.0,-919.0
-81.0,21.0,-960.0
25.0,-3.0,-1018.0
56.0,27.0,-1122.0
9.0,-35.0,-1138.0
-23.0,247.0,-1098.0
-19.0,162.0,-1022.0
119.0,39.0,-897.0
-54.0,-109.0,-728.0
-5.0,-154.0,-706.0
-40.0,13.0,-751.0
-23.0,85.0,-817.0
-89.0,54.0,-776.0
3.0,7.0,-925.0
-66.0,105.0,-940.0
109.0,167.0,-901.0
-50.0,76.0,-689.0
-23.0,-54.0,-644.0
-7.0,-11.0,-716.0
3.0,39.0,-810.0
62.0,107.0,-927.0
-35.0,142.0,-1054.0
64.0,126.0,-1034.0
117.0,-56.0,-1026.0
117.0,-97.0,-833.0
-27.0,-5.0,-751.0
27.0,169.0,-862.0
33.0,80.0,-956.0
-25.0,11.0,-1042.0
-130.0,81.0,-1085.0
39.0,39.0,-1204.0
0.0,142.0,-1136.0
11.0,-89.0,-919.0
-128.0,-1.0,-833.0
-13.0,-146.0,-866.0
-25.0,-31.0,-1028.0
-103.0,146.0,-1054.0
-56.0,1.0,-1139.0
-33.0,222.0,-1218.0
11.0,89.0,-1143.0
-35.0,-46.0,-864.0
-72.0,-76.0,-786.0
42.0,-80.0,-923.0
-21.0,0.0,-1048.0
-9.0,-121.0,-1128.0
-83.0,105.0,-1200.0
62.0,99.0,-1138.0
33.0,140.0,-1130.0
64.0,-31.0,-1083.0
-68.0,-169.0,-976.0
44.0,-56.0,-1018.0
-29.0,54.0,-1114.0
54.0,89.0,-1190.0
-89.0,181.0,-1235.0
54.0,136.0,-1286.0
54.0,5.0,-1286.0
48.0,-40.0,-1180.0
-72.0,-85.0,-956.0
-11.0,62.0,-970.0
-48.0,78.0,-1206.0
-44.0,-58.0,-1227.0
-111.0,124.0,-1192.0
7.0,189.0,-1225.0
-13.0,158.0,-1278.0
17.0,-52.0,-1091.0
-37.0,-150.0,-921.0
13.0,-3.0,-868.0
-44.0,93.0,-1042.0
-72.0,150.0,-1087.0
33.0,-50.0,-1141.0
-33.0,224.0,-1159.0
13.0,89.0,-1159.0
85.0,-5.0,-979.0
-85.0,0.0,-747.0
40.0,-66.0,-728.0
-11.0,56.0,-948.0
37.0,-58.0,-1061.0
-50.0,13.0,-1104.0
52.0,117.0,-1089.0
56.0,97.0,-1065.0
99.0,107.0,-884.0
-17.0,-35.0,-700.0
39.0,87.0,-732.0
-42.0,0.0,-1009.0
97.0,-31.0,-1073.0
-52.0,40.0,-1091.0
-23.0,185.0,-1030.0
-56.0,138.0,-968.0
-23.0,54.0,-897.0
-64.0,-89.0,-778.0
-29.0,-162.0,-747.0
-46.0,-17.0,-888.0
15.0,105.0,-970.0
-83.0,148.0,-950.0
-13.0,126.0,-999.0
9.0,204.0,-987.0
17.0,62.0,-858.0
-93.0,-70.0,-564.0
9.0,-130.0,-550.0
-46.0,-5.0,-747.0
9.0,23.0,-892.0
-44.0,-3.0,-843.0
1.0,146.0,-933.0
-27.0,267.0,-970.0
60.0,-17.0,-691.0
-15.0,-60.0,-534.0
-9.0,-85.0,-534.0
-13.0,80.0,-671.0
66.0,87.0,-837.0
-19.0,-11.0,-976.0
-19.0,-81.0,-948.0
-3.0,-21.0,-913.0
48.0,201.0,-784.0
31.0,87.0,-519.0
-17.0,9.0,-538.0
19.0,-64.0,-759.0
27.0,-54.0,-935.0
-31.0,44.0,-1038.0
-76.0,101.0,-1061.0
85.0,101.0,-962.0
42.0,89.0,-812.0
-23.0,15.0,-607.0
9.0,-54.0,-622.0
-3.0,15.0,-782.0
17.0,-70.0,-1054.0
-58.0,-101.0,-1016.0
-7.0,-5.0,-952.0
-31.0,284.0,-890.0
54.0,210.0,-815.0
33.0,-31.0,-653.0
-21.0,-197.0,-687.0
-46.0,54.0,-763.0
13.0,13.0,-854.0
-44.0,70.0,-868.0
-101.0,142.0,-968.0
-39.0,27.0,-923.0
60.0,3.0,-802.0
3.0,-39.0,-704.0
-44.0,-97.0,-609.0
39.0,35.0,-679.0
13.0,3.0,-903.0
-13.0,152.0,-931.0
-21.0,236.0,-884.0
37.0,163.0,-917.0
54.0,-21.0,-911.0
0.0,-136.0,-691.0
-40.0,-80.0,-650.0
17.0,-54.0,-626.0
-25.0,40.0,-788.0
-60.0,148.0,-835.0
-44.0,140.0,-946.0
33.0,103.0,-958.0
25.0,64.0,-1056.0
-5.0,95.0,-735.0
-78.0,-35.0,-558.0
-9.0,-27.0,-638.0
-52.0,33.0,-771.0
-39.0,42.0,-829.0
-89.0,93.0,-915.0
40.0,99.0,-1034.0
0.0,60.0,-956.0
-3.0,-83.0,-724.0
-19.0,-152.0,-503.0
60.0,74.0,-589.0
-27.0,204.0,-796.0
1.0,66.0,-917.0
-89.0,144.0,-962.0
5.0,91.0,-940.0
7.0,54.0,-868.0
0.0,-37.0,-700.0
-78.0,-177.0,-511.0
-9.0,-64.0,-509.0
-107.0,60.0,-724.0
39.0,109.0,-804.0
50.0,167.0,-936.0
46.0,158.0,-981.0
17.0,95.0,-929.0
31.0,-29.0,-657.0
-87.0,-101.0,-456.0
-1.0,-64.0,-511.0
-15.0,-48.0,-769.0
35.0,76.0,-897.0
-33.0,80.0,-864.0
-5.0,195.0,-936.0
1.0,70.0,-862.0
-5.0,121.0,-663.0
-42.0,-39.0,-505.0
5.0,-91.0,-560.0
1.0,-25.0,-673.0
17.0,70.0,-782.0
-48.0,19.0,-952.0
95.0,54.0,-1063.0
-56.0,251.0,-849.0
85.0,-25.0,-702.0
-66.0,-23.0,-583.0
-74.0,89.0,-468.0
-35.0,-3.0,-651.0
-3.0,-105.0,-815.0
13.0,-58.0,-921.0
-40.0,13.0,-915.0
-17.0,144.0,-911.0
83.0,29.0,-751.0
-3.0,-15.0,-532.0
40.0,-126.0,-530.0
7.0,56.0,-710.0
7.0,179.0,-774.0
17.0,35.0,-868.0
-42.0,31.0,-940.0
-13.0,-3.0,-890.0
-29.0,183.0,-716.0
-13.0,-15.0,-564.0
-60.0,-152.0,-528.0
-21.0,-80.0,-569.0
1.0,-80.0,-757.0
-17.0,218.0,-925.0
-60.0,193.0,-968.0
25.0,177.0,-927.0
31.0,-15.0,-800.0
13.0,-54.0,-622.0
-74.0,-15.0,-417.0
0.0,27.0,-583.0
-23.0,-19.0,-780.0
7.0,50.0,-888.0
-78.0,122.0,-886.0
1.0,150.0,-886.0
33.0,25.0,-790.0
95.0,-66.0,-626.0
-66.0,-74.0,-515.0
60.0,-48.0,-601.0
-1.0,83.0,-792.0
13.0,124.0,-870.0
-27.0,144.0,-905.0
19.0,66.0,-954.0
-1.0,136.0,-790.0
42.0,-11.0,-583.0
-87.0,-58.0,-448.0
-27.0,-101.0,-511.0
11.0,13.0,-763.0
-60.0,54.0,-876.0
-68.0,81.0,-903.0
5.0,89.0,-827.0
58.0,128.0,-892.0
-15.0,66.0,-628.0
-31.0,-7.0,-527.0
-19.0,-25.0,-548.0
-21.0,-50.0,-767.0
-19.0,-23.0,-825.0
-87.0,5.0,-878.0
27.0,72.0,-897.0
91.0,111.0,-919.0
27.0,105.0,-653.0
-37.0,-72.0,-519.0
-25.0,81.0,-528.0
0.0,1.0,-753.0
-46.0,13.0,-782.0
-66.0,33.0,-874.0
21.0,76.0,-890.0
70.0,83.0,-894.0
9.0,-50.0,-708.0
-48.0,-52.0,-491.0
-25.0,107.0,-505.0
-21.0,195.0,-733.0
-27.0,81.0,-808.0
-95.0,11.0,-827.0
-9.0,-13.0,-796.0
-15.0,25.0,-810.0
21.0,42.0,-681.0
-68.0,-163.0,-566.0
33.0,-54.0,-591.0
-37.0,187.0,-640.0
-3.0,154.0,-765.0
-72.0,29.0,-819.0
-1.0,13.0,-823.0
52.0,15.0,-862.0
62.0,95.0,-663.0
1.0,-107.0,-568.0
25.0,-50.0,-558.0
-21.0,64.0,-730.0
37.0,62.0,-866.0
-40.0,56.0,-813.0
21.0,134.0,-790.0
-31.0,144.0,-835.0
23.0,97.0,-759.0
-74.0,-124.0,-579.0
-50.0,-113.0,-571.0
-48.0,5.0,-733.0
7.0,83.0,-810.0
-60.0,93.0,-784.0
0.0,83.0,-864.0
-13.0,85.0,-858.0
83.0,124.0,-757.0
-27.0,-60.0,-560.0
9.0,-134.0,-538.0
-9.0,11.0,-655.0
17.0,101.0,-726.0
-21.0,91.0,-790.0
-7.0,109.0,-909.0
-9.0,29.0,-888.0
62.0,95.0,-759.0
-52.0,-60.0,-548.0
0.0,-109.0,-505.0
-27.0,19.0,-616.0
54.0,150.0,-786.0
-31.0,42.0,-837.0
-11.0,-15.0,-856.0
-37.0,156.0,-862.0
31.0,175.0,-735.0
11.0,-27.0,-589.0
-56.0,-89.0,-560.0
-78.0,-21.0,-552.0
-11.0,64.0,-681.0
-31.0,19.0,-851.0
-31.0,97.0,-895.0
7.0,99.0,-946.0
44.0,83.0,-866.0
40.0,-25.0,-626.0
-50.0,-31.0,-464.0
27.0,31.0,-575.0
21.0,132.0,-724.0
9.0,29.0,-819.0
-72.0,1.0,-880.0
-13.0,185.0,-853.0
124.0,3.0,-788.0
-17.0,-72.0,-575.0
-72.0,-163.0,-497.0
3.0,-29.0,-540.0
-25.0,162.0,-677.0
-46.0,126.0,-827.0
-111.0,130.0,-876.0
17.0,152.0,-899.0
50.0,117.0,-829.0
5.0,-76.0,-612.0
-58.0,-189.0,-427.0
-66.0,-7.0,-484.0
-11.0,-21.0,-726.0
-37.0,109.0,-849.0
-44.0,91.0,-901.0
21.0,183.0,-938.0
21.0,107.0,-894.0
33.0,-37.0,-636.0
-68.0,-111.0,-495.0
62.0,-40.0,-568.0
-35.0,62.0,-810.0
21.0,17.0,-884.0
-42.0,-11.0,-886.0
-23.0,163.0,-890.0
50.0,107.0,-798.0
31.0,-19.0,-655.0
-113.0,-68.0,-528.0
52.0,-25.0,-534.0
-5.0,91.0,-694.0
-35.0,35.0,-835.0
-101.0,5.0,-884.0
-3.0,154.0,-843.0
21.0,126.0,-823.0
21.0,-50.0,-655.0
-101.0,-119.0,-443.0
-39.0,-50.0,-468.0
-52.0,-7.0,-745.0
35.0,72.0,-774.0
-62.0,46.0,-778.0
5.0,204.0,-792.0
17.0,169.0,-841.0
44.0,-11.0,-681.0
-42.0,-177.0,-530.0
13.0,-58.0,-505.0
19.0,-9.0,-692.0
-13.0,76.0,-757.0
-21.0,95.0,-774.0
7.0,85.0,-890.0
21.0,109.0,-962.0
7.0,13.0,-706.0
-27.0,-113.0,-554.0
-11.0,-13.0,-505.0
7.0,95.0,-696.0
19.0,13.0,-772.0
-50.0,39.0,-858.0
-13.0,117.0,-880.0
-9.0,154.0,-946.0
17.0,0.0,-712.0
-85.0,-109.0,-538.0
-58.0,-9.0,-491.0
-40.0,62.0,-659.0
-42.0,93.0,-755.0
-87.0,95.0,-810.0
-40.0,95.0,-890.0
0.0,95.0,-864.0
52.0,9.0,-769.0
-19.0,-62.0,-525.0
-3.0,-89.0,-488.0
-9.0,25.0,-614.0
33.0,40.0,-724.0
0.0,134.0,-812.0
5.0,175.0,-901.0
5.0,140.0,-938.0
31.0,7.0,-704.0
-3.0,-70.0,-466.0
-1.0,-52.0,-488.0
44.0,-5.0,-761.0
-40.0,56.0,-835.0
-44.0,195.0,-868.0
7.0,126.0,-878.0
85.0,23.0,-735.0
11.0,-89.0,-546.0
-11.0,-54.0,-536.0
-21.0,58.0,-599.0
19.0,3.0,-741.0
-68.0,23.0,-856.0
-33.0,111.0,-903.0
-37.0,154.0,-880.0
64.0,54.0,-772.0
-7.0,-52.0,-534.0
-62.0,-31.0,-468.0
5.0,-7.0,-644.0
29.0,46.0,-804.0
-29.0,89.0,-870.0
-44.0,146.0,-890.0
-15.0,152.0,-839.0
85.0,-1.0,-788.0
0.0,-50.0,-593.0
-15.0,-37.0,-493.0
13.0,11.0,-558.0
25.0,-25.0,-735.0
-35.0,-1.0,-780.0
-44.0,111.0,-810.0
33.0,154.0,-864.0
56.0,62.0,-784.0
7.0,-101.0,-579.0
-58.0,-70.0,-491.0
-5.0,21.0,-542.0
9.0,3.0,-741.0
-66.0,17.0,-802.0
-60.0,78.0,-843.0
-5.0,173.0,-876.0
72.0,35.0,-864.0
29.0,-99.0,-612.0
-89.0,-29.0,-491.0
35.0,0.0,-605.0
9.0,70.0,-819.0
-27.0,-5.0,-856.0
-44.0,58.0,-856.0
13.0,181.0,-870.0
64.0,70.0,-876.0
7.0,-48.0,-689.0
-58.0,-144.0,-550.0
25.0,-29.0,-609.0
-56.0,58.0,-733.0
-5.0,35.0,-739.0
-89.0,111.0,-827.0
29.0,132.0,-862.0
9.0,60.0,-856.0
-11.0,-19.0,-667.0
-78.0,-87.0,-484.0
7.0,11.0,-464.0
-56.0,58.0,-718.0
-11.0,29.0,-776.0
-87.0,42.0,-812.0
17.0,124.0,-837.0
3.0,109.0,-847.0
31.0,-50.0,-669.0
-44.0,-64.0,-528.0
11.0,-23.0,-528.0
-11.0,-27.0,-704.0
-11.0,58.0,-786.0
-17.0,64.0,-817.0
21.0,203.0,-897.0
0.0,80.0,-966.0
60.0,5.0,-722.0
-78.0,-44.0,-566.0
48.0,-15.0,-568.0
17.0,-17.0,-722.0
66.0,31.0,-817.0
1.0,64.0,-895.0
33.0,187.0,-948.0
9.0,87.0,-977.0
15.0,-29.0,-765.0
-68.0,-124.0,-560.0
-25.0,-39.0,-607.0
-81.0,74.0,-796.0
290.0,35.0,-771.0
-29.0,97.0,-1100.0
482.0,13.0,-825.0
427.0,220.0,-958.0
716.0,81.0,-786.0
743.0,-74.0,-607.0
829.0,-150.0,-702.0
977.0,7.0,-745.0
847.0,242.0,-933.0
1136.0,-89.0,-1003.0
948.0,95.0,-1120.0
1186.0,195.0,-1071.0
1050.0,199.0,-921.0
1214.0,-62.0,-648.0
1052.0,-226.0,-630.0
1132.0,56.0,-759.0
1112.0,204.0,-874.0
1087.0,-109.0,-940.0
976.0,35.0,-950.0
946.0,181.0,-1032.0
1071.0,286.0,-759.0
929.0,-105.0,-689.0
935.0,-265.0,-669.0
804.0,191.0,-780.0
915.0,247.0,-827.0
794.0,-99.0,-966.0
845.0,-9.0,-1046.0
772.0,201.0,-1059.0
907.0,306.0,-944.0
905.0,-199.0,-747.0
874.0,-245.0,-646.0
895.0,214.0,-763.0
933.0,292.0,-884.0
989.0,-121.0,-1056.0
935.0,-80.0,-1147.0
985.0,224.0,-1177.0
1067.0,343.0,-1065.0
997.0,-169.0,-827.0
985.0,-294.0,-743.0
1061.0,165.0,-796.0
972.0,341.0,-976.0
997.0,-21.0,-1022.0
938.0,-222.0,-1108.0
1034.0,160.0,-1034.0
985.0,448.0,-985.0
985.0,-134.0,-854.0
962.0,-240.0,-792.0
987.0,-39.0,-732.0
853.0,384.0,-874.0
843.0,-17.0,-911.0
749.0,-244.0,-1052.0
739.0,220.0,-1114.0
687.0,146.0,-1098.0
558.0,83.0,-952.0
441.0,-337.0,-710.0
333.0,162.0,-650.0
349.0,292.0,-767.0
177.0,29.0,-993.0
244.0,-93.0,-1020.0
115.0,56.0,-1075.0
113.0,361.0,-1091.0
21.0,-25.0,-942.0
-74.0,-269.0,-776.0
-122.0,31.0,-700.0
-144.0,101.0,-895.0
-148.0,199.0,-948.0
-238.0,33.0,-1104.0
-126.0,37.0,-1128.0
-93.0,136.0,-1179.0
-31.0,85.0,-935.0
-124.0,-130.0,-716.0
-74.0,-62.0,-642.0
-136.0,-1.0,-866.0
-312.0,121.0,-1083.0
-195.0,0.0,-1028.0
-546.0,89.0,-1210.0
-585.0,132.0,-1317.0
-772.0,-40.0,-1032.0
-950.0,-27.0,-749.0
-993.0,-31.0,-681.0
-1214.0,35.0,-1048.0
-919.0,40.0,-884.0
-1364.0,91.0,-1001.0
-1182.0,-31.0,-1091.0
-1315.0,25.0,-1134.0
-1120.0,89.0,-909.0
-1323.0,-66.0,-792.0
-1257.0,-162.0,-745.0
-1165.0,-66.0,-935.0
-1204.0,245.0,-1030.0
-1134.0,101.0,-1079.0
-1136.0,-50.0,-1212.0
-935.0,-42.0,-1220.0
-1022.0,183.0,-1069.0
-968.0,11.0,-761.0
-872.0,-220.0,-726.0
-796.0,-124.0,-929.0
-737.0,224.0,-1028.0
-757.0,181.0,-1048.0
-679.0,46.0,-1186.0
-628.0,-5.0,-1245.0
-550.0,146.0,-1050.0
-694.0,95.0,-817.0
-614.0,-245.0,-833.0
-673.0,-113.0,-936.0
-616.0,171.0,-989.0
-772.0,226.0,-1036.0
-677.0,-27.0,-1089.0
-624.0,-111.0,-1126.0
-583.0,187.0,-936.0
-712.0,81.0,-677.0
-728.0,-232.0,-628.0
-667.0,-158.0,-856.0
-694.0,259.0,-1005.0
-722.0,152.0,-1085.0
-722.0,3.0,-1143.0
-691.0,-5.0,-1182.0
-663.0,210.0,-1048.0
-712.0,-46.0,-815.0
-733.0,-152.0,-788.0
-593.0,-138.0,-925.0
-646.0,195.0,-1042.0
-562.0,195.0,-1063.0
-536.0,-56.0,-1108.0
-407.0,78.0,-1118.0
-296.0,191.0,-1052.0
-286.0,-13.0,-903.0
-275.0,-193.0,-825.0
-201.0,-201.0,-966.0
-128.0,189.0,-1054.0
-179.0,191.0,-1136.0
-146.0,-1.0,-1216.0
-70.0,95.0,-1169.0
-21.0,111.0,-1034.0
-39.0,95.0,-810.0
-97.0,-197.0,-726.0
-89.0,-33.0,-802.0
-44.0,39.0,-983.0
-83.0,171.0,-1032.0
-103.0,66.0,-1057.0
-44.0,1.0,-1093.0
-31.0,160.0,-1048.0
-23.0,21.0,-938.0
-85.0,-197.0,-796.0
-39.0,-46.0,-843.0
-50.0,144.0,-960.0
-95.0,173.0,-1032.0
-52.0,-11.0,-1104.0
-111.0,101.0,-1130.0
-62.0,74.0,-1067.0
-115.0,15.0,-925.0
-206.0,-87.0,-825.0
-124.0,-99.0,-886.0
-242.0,146.0,-1005.0
-134.0,52.0,-1175.0
-203.0,60.0,-1210.0
-134.0,101.0,-1159.0
-111.0,150.0,-1157.0
-119.0,-23.0,-1028.0
-204.0,-171.0,-890.0
-177.0,-7.0,-866.0
-193.0,80.0,-989.0
-175.0,72.0,-1079.0
-148.0,0.0,-1118.0
-119.0,121.0,-1122.0
-58.0,117.0,-1165.0
-68.0,9.0,-997.0
-113.0,-179.0,-866.0
-115.0,-17.0,-819.0
-68.0,76.0,-979.0
-40.0,40.0,-1057.0
-89.0,128.0,-1098.0
-60.0,66.0,-1182.0
-39.0,122.0,-1139.0
-46.0,-52.0,-979.0
-72.0,-165.0,-796.0
-93.0,-9.0,-735.0
-68.0,29.0,-936.0
-68.0,56.0,-1054.0
-44.0,-1.0,-1104.0
-83.0,152.0,-1098.0
-21.0,156.0,-1149.0
-5.0,31.0,-1011.0
-21.0,-74.0,-862.0
-5.0,-80.0,-804.0
-50.0,60.0,-944.0
7.0,81.0,-1001.0
-62.0,44.0,-1114.0
-13.0,80.0,-1128.0
-19.0,134.0,-1165.0
40.0,1.0,-1009.0
-74.0,-72.0,-819.0
-39.0,-33.0,-753.0
-23.0,15.0,-931.0
89.0,44.0,-1036.0
21.0,91.0,-1126.0
46.0,130.0,-1134.0
101.0,124.0,-1155.0
189.0,27.0,-997.0
156.0,-91.0,-849.0
107.0,-37.0,-806.0
111.0,13.0,-882.0
146.0,33.0,-1015.0
62.0,74.0,-1097.0
60.0,124.0,-1145.0
58.0,144.0,-1184.0
119.0,64.0,-1056.0
74.0,-87.0,-864.0
7.0,-99.0,-765.0
-33.0,7.0,-888.0
35.0,9.0,-1011.0
-62.0,130.0,-1091.0
-42.0,113.0,-1165.0
-60.0,95.0,-1218.0
-5.0,21.0,-1057.0
-101.0,-66.0,-835.0
-93.0,-29.0,-774.0
-54.0,19.0,-899.0
-7.0,52.0,-1063.0
-52.0,27.0,-1145.0
-85.0,109.0,-1147.0
-29.0,122.0,-1130.0
44.0,72.0,-1085.0
-19.0,-76.0,-925.0
-78.0,-91.0,-860.0
-40.0,21.0,-888.0
-60.0,76.0,-1003.0
-78.0,111.0,-1110.0
-103.0,54.0,-1132.0
-60.0,152.0,-1169.0
-7.0,56.0,-1073.0
-19.0,-39.0,-923.0
-101.0,-66.0,-739.0
-70.0,-19.0,-825.0
-21.0,19.0,-1044.0
-60.0,72.0,-1128.0
-119.0,113.0,-1108.0
-35.0,146.0,-1151.0
3.0,85.0,-1112.0
-1.0,-83.0,-976.0
-101.0,-121.0,-823.0
-25.0,3.0,-862.0
-27.0,74.0,-993.0
-58.0,83.0,-1069.0
-87.0,29.0,-1116.0
-15.0,93.0,-1165.0
-5.0,64.0,-1167.0
-3.0,-40.0,-962.0
-103.0,-76.0,-788.0
-11.0,-25.0,-831.0
-25.0,54.0,-1003.0
-15.0,83.0,-1095.0
-83.0,89.0,-1155.0
33.0,101.0,-1180.0
64.0,35.0,-1175.0
21.0,-27.0,-970.0
-56.0,-99.0,-763.0
37.0,-31.0,-815.0
-17.0,105.0,-1034.0
17.0,7.0,-1122.0
-52.0,40.0,-1077.0
37.0,124.0,-1120.0
39.0,107.0,-1141.0
52.0,17.0,-1003.0
-35.0,-97.0,-847.0
0.0,-54.0,-812.0
-27.0,21.0,-977.0
0.0,107.0,-1016.0
-25.0,54.0,-1059.0
31.0,109.0,-1190.0
1.0,134.0,-1169.0
99.0,-54.0,-1038.0
-85.0,-76.0,-808.0
54.0,-17.0,-796.0
-19.0,56.0,-987.0
39.0,68.0,-1077.0
-48.0,29.0,-1112.0
25.0,124.0,-1147.0
37.0,91.0,-1180.0
83.0,21.0,-1018.0
-19.0,-89.0,-849.0
37.0,-62.0,-819.0
-1.0,29.0,-935.0
27.0,78.0,-1005.0
-58.0,95.0,-1100.0
-9.0,109.0,-1145.0
17.0,56.0,-1204.0
29.0,23.0,-1046.0
-27.0,-68.0,-843.0
-46.0,-13.0,-802.0
0.0,5.0,-940.0
3.0,42.0,-1038.0
-29.0,76.0,-1118.0
-5.0,99.0,-1169.0
-42.0,160.0,-1196.0
68.0,-11.0,-1018.0
-56.0,-78.0,-833.0
-19.0,-29.0,-806.0
-15.0,44.0,-936.0
1.0,56.0,-1050.0
-44.0,42.0,-1106.0
-42.0,60.0,-1126.0
-25.0,126.0,-1120.0
40.0,109.0,-1046.0
-5.0,-44.0,-940.0
-31.0,-95.0,-831.0
-19.0,13.0,-913.0
5.0,66.0,-1005.0
-21.0,109.0,-1083.0
-56.0,103.0,-1153.0
17.0,101.0,-1188.0
48.0,21.0,-1056.0
44.0,-39.0,-923.0
-50.0,-70.0,-774.0
0.0,27.0,-860.0
54.0,46.0,-1065.0
-19.0,44.0,-1112.0
-39.0,87.0,-1091.0
-15.0,119.0,-1139.0
85.0,64.0,-1100.0
3.0,-60.0,-907.0
-40.0,-85.0,-858.0
-5.0,0.0,-870.0
31.0,70.0,-981.0
-54.0,136.0,-1098.0
-17.0,35.0,-1124.0
-9.0,122.0,-1167.0
78.0,25.0,-1136.0
25.0,-56.0,-954.0
-48.0,-44.0,-771.0
23.0,13.0,-856.0
33.0,62.0,-1015.0
-9.0,52.0,-1108.0
-50.0,72.0,-1136.0
-11.0,85.0,-1122.0
101.0,68.0,-1093.0
1.0,-19.0,-946.0
-19.0,-105.0,-817.0
-21.0,-13.0,-853.0
7.0,81.0,-1032.0
-35.0,56.0,-1079.0
-50.0,64.0,-1116.0
-13.0,103.0,-1120.0
40.0,103.0,-1132.0
21.0,-19.0,-1028.0
-37.0,-89.0,-872.0
-27.0,-29.0,-821.0
-31.0,56.0,-985.0
-25.0,64.0,-1052.0
-50.0,44.0,-1098.0
-11.0,126.0,-1153.0
42.0,76.0,-1184.0
3.0,-54.0,-976.0
-91.0,-52.0,-829.0
5.0,-31.0,-796.0
-15.0,117.0,-997.0
-17.0,46.0,-1100.0
-56.0,33.0,-1097.0
-27.0,117.0,-1110.0
7.0,91.0,-1182.0
23.0,-23.0,-1018.0
-60.0,-91.0,-843.0
21.0,-40.0,-841.0
-48.0,83.0,-972.0
3.0,25.0,-1026.0
-107.0,85.0,-1102.0
33.0,109.0,-1173.0
31.0,76.0,-1177.0
46.0,0.0,-1030.0
-19.0,-103.0,-831.0
-40.0,0.0,-767.0
0.0,33.0,-1005.0
9.0,42.0,-1024.0
-78.0,66.0,-1116.0
31.0,72.0,-1143.0
-21.0,173.0,-1180.0
78.0,-19.0,-1024.0
-76.0,-72.0,-841.0
5.0,-21.0,-835.0
-5.0,29.0,-979.0
-13.0,52.0,-1048.0
-35.0,40.0,-1091.0
-17.0,105.0,-1141.0
-9.0,111.0,-1184.0
46.0,40.0,-1042.0
-33.0,-66.0,-897.0
21.0,-78.0,-829.0
-39.0,46.0,-886.0
31.0,35.0,-1005.0
-23.0,72.0,-1091.0
-33.0,109.0,-1157.0
-13.0,109.0,-1223.0
46.0,15.0,-1042.0
-7.0,-64.0,-866.0
-48.0,-13.0,-769.0
5.0,27.0,-942.0
11.0,44.0,-1083.0
-46.0,44.0,-1126.0
-29.0,80.0,-1118.0
-33.0,165.0,-1143.0
81.0,52.0,-1073.0
7.0,-70.0,-903.0
-39.0,-44.0,-837.0
1.0,-15.0,-905.0
5.0,70.0,-960.0
-56.0,80.0,-1087.0
-25.0,54.0,-1149.0
-29.0,128.0,-1175.0
58.0,44.0,-1104.0
-13.0,-44.0,-890.0
-27.0,-44.0,-796.0
1.0,-1.0,-888.0
3.0,64.0,-1052.0
-23.0,48.0,-1132.0
-62.0,95.0,-1100.0
3.0,111.0,-1171.0
83.0,72.0,-1067.0
21.0,-50.0,-952.0
-11.0,-78.0,-829.0
0.0,5.0,-847.0
31.0,39.0,-1020.0
-44.0,40.0,-1065.0
-39.0,91.0,-1114.0
15.0,115.0,-1182.0
56.0,68.0,-1124.0
27.0,-66.0,-966.0
-60.0,-64.0,-794.0
5.0,-11.0,-843.0
0.0,58.0,-995.0
-27.0,103.0,-1073.0
-52.0,64.0,-1122.0
-7.0,130.0,-1192.0
78.0,50.0,-1157.0
33.0,-50.0,-940.0
-40.0,-56.0,-784.0
0.0,-1.0,-845.0
-3.0,80.0,-1024.0
-21.0,25.0,-1139.0
-50.0,50.0,-1102.0
-17.0,126.0,-1112.0
19.0,74.0,-1130.0
5.0,-11.0,-995.0
-40.0,-97.0,-835.0
-9.0,-1.0,-847.0
-39.0,64.0,-987.0
-60.0,42.0,-1028.0
-89.0,46.0,-1097.0
35.0,103.0,-1192.0
46.0,130.0,-1161.0
48.0,-27.0,-1015.0
-78.0,-97.0,-817.0
-19.0,-15.0,-804.0
-27.0,29.0,-1016.0
-7.0,40.0,-1095.0
-46.0,31.0,-1079.0
-11.0,128.0,-1126.0
25.0,91.0,-1179.0
15.0,-40.0,-1001.0
-46.0,-80.0,-847.0
-17.0,-19.0,-829.0
-3.0,39.0,-970.0
-40.0,54.0,-1015.0
-44.0,54.0,-1114.0
-37.0,109.0,-1173.0
39.0,99.0,-1218.0
-3.0,5.0,-1024.0
-39.0,-78.0,-849.0
-1.0,-17.0,-798.0
-25.0,37.0,-950.0
-11.0,25.0,-1046.0
-76.0,60.0,-1114.0
11.0,117.0,-1175.0
21.0,111.0,-1208.0
66.0,3.0,-1009.0
-48.0,-76.0,-804.0
-33.0,-40.0,-796.0
-1.0,40.0,-981.0
5.0,31.0,-1081.0
-29.0,44.0,-1089.0
-11.0,80.0,-1136.0
-37.0,121.0,-1177.0
15.0,85.0,-1013.0
19.0,-64.0,-911.0
-15.0,-64.0,-841.0
-27.0,19.0,-940.0
17.0,33.0,-995.0
5.0,74.0,-1071.0
-7.0,76.0,-1190.0
31.0,130.0,-1202.0
130.0,40.0,-1054.0
97.0,-44.0,-890.0
105.0,-80.0,-808.0
140.0,56.0,-903.0
216.0,-3.0,-1032.0
195.0,46.0,-1120.0
150.0,150.0,-1116.0
263.0,117.0,-1171.0
345.0,33.0,-1077.0
310.0,-50.0,-915.0
304.0,-3.0,-851.0
329.0,-35.0,-911.0
382.0,42.0,-970.0
372.0,54.0,-1083.0
365.0,191.0,-1165.0
431.0,124.0,-1153.0
519.0,-54.0,-1108.0
499.0,-48.0,-895.0
413.0,3.0,-802.0
464.0,15.0,-829.0
493.0,-33.0,-1005.0
431.0,54.0,-1100.0
396.0,236.0,-1157.0
419.0,80.0,-1149.0
505.0,-44.0,-1052.0
433.0,-35.0,-894.0
347.0,35.0,-808.0
363.0,44.0,-827.0
400.0,-35.0,-1071.0
292.0,27.0,-1126.0
271.0,165.0,-1085.0
249.0,181.0,-1073.0
318.0,-37.0,-1081.0
212.0,-48.0,-1022.0
122.0,-37.0,-864.0
154.0,29.0,-866.0
109.0,-15.0,-991.0
62.0,68.0,-1085.0
-21.0,146.0,-1069.0
64.0,89.0,-1128.0
142.0,35.0,-1179.0
91.0,-33.0,-964.0
-56.0,-7.0,-810.0
31.0,-44.0,-847.0
-1.0,25.0,-1069.0
3.0,109.0,-1093.0
-66.0,121.0,-1091.0
19.0,101.0,-1110.0
66.0,15.0,-1218.0
-9.0,-37.0,-1056.0
-48.0,-52.0,-819.0
-15.0,-17.0,-899.0
7.0,25.0,-1015.0
-21.0,66.0,-1005.0
-37.0,81.0,-1052.0
35.0,95.0,-1151.0
68.0,70.0,-1184.0
58.0,-19.0,-1024.0
-27.0,-99.0,-833.0
9.0,0.0,-771.0
5.0,60.0,-1009.0
-13.0,48.0,-1054.0
-68.0,35.0,-1069.0
40.0,130.0,-1155.0
42.0,72.0,-1171.0
58.0,29.0,-1005.0
-42.0,-103.0,-812.0
48.0,-19.0,-825.0
29.0,37.0,-1028.0
27.0,15.0,-1050.0
-29.0,50.0,-1030.0
54.0,70.0,-1098.0
33.0,130.0,-1182.0
109.0,76.0,-1038.0
35.0,-54.0,-917.0
99.0,-85.0,-856.0
0.0,15.0,-933.0
80.0,35.0,-983.0
31.0,54.0,-1005.0
78.0,44.0,-1136.0
68.0,81.0,-1227.0
78.0,85.0,-1087.0
40.0,-19.0,-851.0
44.0,-48.0,-868.0
60.0,23.0,-960.0
115.0,-25.0,-1044.0
9.0,72.0,-1022.0
42.0,17.0,-1112.0
-7.0,113.0,-1151.0
130.0,54.0,-1073.0
68.0,-48.0,-946.0
-3.0,-17.0,-905.0
21.0,-5.0,-936.0
37.0,64.0,-923.0
-13.0,44.0,-999.0
-27.0,80.0,-1165.0
-58.0,66.0,-1171.0
85.0,64.0,-1104.0
-13.0,-17.0,-938.0
-23.0,-25.0,-903.0
-50.0,5.0,-894.0
54.0,-3.0,-970.0
-62.0,66.0,-1042.0
-56.0,74.0,-1165.0
-35.0,56.0,-1120.0
29.0,105.0,-1081.0
1.0,-13.0,-974.0
-39.0,-25.0,-901.0
3.0,33.0,-888.0
54.0,-19.0,-940.0
5.0,9.0,-1032.0
-83.0,68.0,-1077.0
19.0,60.0,-1145.0
-9.0,146.0,-1093.0
87.0,-29.0,-1059.0
-72.0,-7.0,-905.0
101.0,-7.0,-856.0
15.0,107.0,-890.0
9.0,21.0,-1065.0
-107.0,91.0,-1067.0
27.0,39.0,-1161.0
119.0,54.0,-1122.0
19.0,-13.0,-1036.0
-64.0,13.0,-819.0
87.0,1.0,-843.0
31.0,72.0,-981.0
15.0,-39.0,-1116.0
-99.0,101.0,-979.0
103.0,39.0,-1126.0
37.0,152.0,-1087.0
78.0,-17.0,-1104.0
-80.0,-72.0,-894.0
15.0,-5.0,-866.0
37.0,136.0,-987.0
3.0,21.0,-1026.0
-56.0,35.0,-1042.0
39.0,0.0,-1118.0
64.0,148.0,-1186.0
11.0,29.0,-1097.0
-54.0,-44.0,-876.0
29.0,-21.0,-821.0
42.0,29.0,-993.0
9.0,54.0,-1077.0
-66.0,27.0,-1040.0
-13.0,66.0,-1003.0
44.0,78.0,-1179.0
50.0,66.0,-1075.0
-64.0,-107.0,-929.0
-17.0,-23.0,-868.0
-29.0,74.0,-977.0
0.0,85.0,-1026.0
-48.0,3.0,-1005.0
15.0,74.0,-1093.0
9.0,117.0,-1221.0
-29.0,83.0,-1110.0
-124.0,-89.0,-913.0
-40.0,-7.0,-899.0
122.0,-9.0,-964.0
-72.0,81.0,-979.0
-117.0,-27.0,-956.0
31.0,74.0,-1116.0
23.0,150.0,-1214.0
-80.0,-5.0,-1147.0
-101.0,-44.0,-862.0
85.0,37.0,-936.0
105.0,173.0,-944.0
-7.0,-103.0,-1048.0
-201.0,-17.0,-886.0
162.0,7.0,-1042.0
-50.0,203.0,-1286.0
-15.0,89.0,-1112.0
-52.0,-31.0,-862.0
117.0,-13.0,-1011.0
40.0,-9.0,-1005.0
-101.0,21.0,-837.0
11.0,-35.0,-876.0
-21.0,175.0,-1136.0
62.0,13.0,-1325.0
25.0,89.0,-1057.0
27.0,-124.0,-903.0
-48.0,99.0,-905.0
1.0,13.0,-931.0
111.0,-27.0,-903.0
52.0,-31.0,-983.0
-122.0,158.0,-1151.0
40.0,199.0,-1192.0
117.0,-19.0,-1124.0
111.0,-40.0,-1007.0
-66.0,40.0,-845.0
83.0,15.0,-997.0
-80.0,-9.0,-876.0
46.0,-105.0,-968.0
-66.0,158.0,-1075.0
142.0,76.0,-1311.0
-70.0,48.0,-1038.0
89.0,-29.0,-1005.0
-142.0,62.0,-794.0
87.0,46.0,-948.0
-146.0,37.0,-845.0
140.0,-173.0,-1050.0
-113.0,242.0,-1046.0
126.0,113.0,-1262.0
-58.0,95.0,-1122.0
-1.0,-154.0,-999.0
-169.0,66.0,-798.0
93.0,126.0,-890.0
136.0,-39.0,-1063.0
-128.0,-37.0,-952.0
-50.0,150.0,-1056.0
-23.0,222.0,-1130.0
31.0,-27.0,-1171.0
-25.0,-99.0,-966.0
3.0,-33.0,-1003.0
113.0,64.0,-835.0
121.0,13.0,-1028.0
-105.0,-7.0,-899.0
-39.0,0.0,-1024.0
3.0,212.0,-1040.0
107.0,122.0,-1321.0
-56.0,-17.0,-1036.0
-70.0,-121.0,-798.0
156.0,165.0,-845.0
99.0,68.0,-1120.0
-122.0,-136.0,-987.0
-66.0,-27.0,-911.0
83.0,212.0,-1138.0
76.0,152.0,-1292.0
-27.0,-42.0,-1052.0
-56.0,-150.0,-806.0
1.0,76.0,-907.0
40.0,175.0,-1026.0
-60.0,37.0,-991.0
-39.0,3.0,-802.0
-40.0,29.0,-1180.0
56.0,124.0,-1333.0
-23.0,-7.0,-1044.0
-103.0,-158.0,-786.0
-31.0,85.0,-884.0
87.0,99.0,-1091.0
-64.0,-48.0,-1032.0
-234.0,9.0,-890.0
134.0,122.0,-1134.0
201.0,226.0,-1301.0
-70.0,23.0,-1106.0
-95.0,-87.0,-794.0
35.0,-1.0,-880.0
17.0,126.0,-1059.0
15.0,-52.0,-989.0
-11.0,-130.0,-808.0
-64.0,60.0,-1100.0
81.0,218.0,-1292.0
-89.0,132.0,-1116.0
-37.0,-197.0,-833.0
101.0,7.0,-862.0
220.0,146.0,-1087.0
-48.0,-9.0,-935.0
-27.0,-78.0,-911.0
74.0,152.0,-1097.0
85.0,222.0,-1352.0
-103.0,11.0,-1149.0
-7.0,-181.0,-815.0
-80.0,7.0,-804.0
189.0,189.0,-993.0
-7.0,11.0,-1013.0
-23.0,-185.0,-962.0
-122.0,203.0,-989.0
204.0,158.0,-1358.0
-126.0,134.0,-1100.0
85.0,-259.0,-843.0
-146.0,40.0,-804.0
60.0,140.0,-1024.0
-105.0,-21.0,-993.0
-130.0,-52.0,-999.0
-124.0,46.0,-1077.0
-52.0,199.0,-1196.0
140.0,76.0,-1186.0
-46.0,-50.0,-876.0
-44.0,-66.0,-825.0
1.0,163.0,-911.0
-11.0,83.0,-1147.0
-44.0,-152.0,-948.0
33.0,27.0,-948.0
160.0,257.0,-1220.0
70.0,21.0,-1202.0
-80.0,7.0,-878.0
195.0,-122.0,-870.0
121.0,31.0,-1085.0
-103.0,99.0,-970.0
183.0,-70.0,-868.0
-42.0,132.0,-977.0
81.0,115.0,-1260.0
-29.0,124.0,-1083.0
169.0,-83.0,-1061.0
-99.0,-70.0,-839.0
95.0,-9.0,-956.0
-25.0,144.0,-956.0
39.0,-83.0,-976.0
-224.0,78.0,-983.0
-17.0,80.0,-1153.0
158.0,165.0,-1247.0
-58.0,-83.0,-1087.0
-76.0,-89.0,-751.0
-37.0,54.0,-919.0
3.0,136.0,-995.0
46.0,-37.0,-1028.0
-83.0,-5.0,-1089.0
-144.0,66.0,-1122.0
-11.0,201.0,-1104.0
208.0,124.0,-1046.0
-29.0,-296.0,-915.0
-232.0,-81.0,-880.0
-7.0,126.0,-983.0
255.0,142.0,-1081.0
-130.0,13.0,-1136.0
-212.0,19.0,-1011.0
66.0,105.0,-1116.0
126.0,93.0,-1259.0
-298.0,-25.0,-839.0
181.0,-27.0,-702.0
384.0,-5.0,-1009.0
-89.0,21.0,-1110.0
-136.0,31.0,-974.0
-97.0,150.0,-974.0
156.0,35.0,-1141.0
-89.0,173.0,-1112.0
-39.0,-146.0,-843.0
-33.0,35.0,-845.0
103.0,169.0,-979.0
48.0,-7.0,-1173.0
-117.0,-91.0,-817.0
-46.0,-44.0,-1065.0
74.0,325.0,-1223.0
39.0,7.0,-1221.0
-68.0,-156.0,-862.0
-23.0,60.0,-819.0
33.0,91.0,-974.0
-95.0,122.0,-1073.0
128.0,-31.0,-938.0
87.0,21.0,-1063.0
17.0,265.0,-1177.0
54.0,81.0,-1159.0
-25.0,-179.0,-964.0
-265.0,-76.0,-716.0
206.0,101.0,-950.0
111.0,152.0,-1132.0
-42.0,-109.0,-981.0
-83.0,-13.0,-985.0
9.0,162.0,-1167.0
144.0,169.0,-1202.0
23.0,-21.0,-1020.0
-78.0,-44.0,-833.0
244.0,-15.0,-954.0
-54.0,173.0,-1050.0
52.0,-40.0,-981.0
-58.0,-15.0,-851.0
58.0,83.0,-1196.0
15.0,119.0,-1243.0
87.0,-31.0,-999.0
-132.0,7.0,-706.0
-52.0,42.0,-927.0
64.0,85.0,-1112.0
66.0,3.0,-1007.0
-214.0,85.0,-921.0
66.0,44.0,-1167.0
58.0,119.0,-1227.0
-115.0,-66.0,-1087.0
-206.0,-68.0,-800.0
91.0,19.0,-884.0
134.0,46.0,-1147.0
-138.0,44.0,-1056.0
-62.0,7.0,-870.0
56.0,121.0,-1126.0
39.0,236.0,-1272.0
56.0,-68.0,-1063.0
-115.0,-177.0,-737.0
-62.0,85.0,-866.0
109.0,130.0,-1163.0
-40.0,-3.0,-1034.0
-253.0,-83.0,-909.0
-35.0,140.0,-1020.0
324.0,177.0,-1313.0
91.0,-19.0,-1122.0
-214.0,-189.0,-710.0
13.0,19.0,-776.0
144.0,292.0,-1221.0
-62.0,64.0,-1237.0
-167.0,-210.0,-749.0
76.0,25.0,-878.0
294.0,212.0,-1446.0
-62.0,39.0,-1245.0
-156.0,-292.0,-603.0
-19.0,156.0,-716.0
216.0,210.0,-1387.0
-72.0,-15.0,-1102.0
0.0,-292.0,-585.0
-187.0,281.0,-991.0
224.0,265.0,-1594.0
-3.0,-58.0,-1134.0
-138.0,-312.0,-562.0
-261.0,124.0,-751.0
78.0,316.0,-1307.0
236.0,-136.0,-1216.0
-13.0,-322.0,-757.0
-437.0,218.0,-936.0
15.0,579.0,-1346.0
216.0,17.0,-1276.0
54.0,-573.0,-585.0
-370.0,50.0,-880.0
247.0,435.0,-1231.0
244.0,-40.0,-1145.0
17.0,-409.0,-657.0
-357.0,244.0,-858.0
488.0,521.0,-1274.0
3.0,23.0,-1342.0
-148.0,-359.0,-786.0
-267.0,5.0,-780.0
333.0,398.0,-1114.0
329.0,93.0,-1126.0
46.0,-536.0,-630.0
-269.0,70.0,-802.0
228.0,238.0,-1305.0
-111.0,306.0,-1608.0
87.0,-411.0,-665.0
-111.0,72.0,-745.0
111.0,199.0,-1141.0
218.0,115.0,-1225.0
-76.0,-366.0,-759.0
-343.0,160.0,-612.0
11.0,138.0,-1424.0
-40.0,370.0,-1415.0
261.0,-302.0,-853.0
-255.0,-11.0,-774.0
-40.0,-91.0,-1116.0
136.0,347.0,-1016.0
374.0,-173.0,-823.0
-499.0,-292.0,-771.0
-302.0,447.0,-1126.0
528.0,503.0,-1514.0
320.0,-384.0,-1128.0
-577.0,-245.0,-591.0
-5.0,117.0,-808.0
437.0,480.0,-1177.0
234.0,-552.0,-1083.0
-687.0,-60.0,-661.0
17.0,121.0,-1016.0
530.0,681.0,-1464.0
208.0,-242.0,-1313.0
-495.0,-333.0,-669.0
21.0,121.0,-644.0
269.0,626.0,-1177.0
46.0,-195.0,-1266.0
-423.0,-343.0,-691.0
101.0,99.0,-833.0
359.0,708.0,-1380.0
163.0,-281.0,-1620.0
-464.0,-247.0,-503.0
68.0,-1.0,-546.0
39.0,642.0,-1235.0
-89.0,-302.0,-1446.0
-257.0,-156.0,-624.0
42.0,25.0,-886.0
343.0,601.0,-1456.0
-113.0,-204.0,-1504.0
-253.0,-183.0,-515.0
-195.0,-62.0,-566.0
87.0,536.0,-1296.0
56.0,-99.0,-1257.0
52.0,-361.0,-833.0
-230.0,136.0,-761.0
121.0,509.0,-1426.0
-138.0,298.0,-1278.0
156.0,-650.0,-878.0
-349.0,27.0,-575.0
165.0,429.0,-1097.0
66.0,226.0,-1260.0
163.0,-482.0,-892.0
-325.0,-37.0,-843.0
1.0,478.0,-1344.0
66.0,281.0,-1227.0
267.0,-675.0,-909.0
-466.0,156.0,-630.0
201.0,263.0,-933.0
175.0,288.0,-1208.0
179.0,-505.0,-1122.0
-450.0,124.0,-886.0
-56.0,281.0,-1147.0
322.0,310.0,-1204.0
193.0,-564.0,-1036.0
-337.0,177.0,-819.0
76.0,136.0,-776.0
281.0,269.0,-1065.0
78.0,-257.0,-1198.0
-454.0,-40.0,-1048.0
0.0,132.0,-847.0
197.0,423.0,-1132.0
220.0,-298.0,-1305.0
-503.0,-117.0,-866.0
78.0,-66.0,-519.0
302.0,468.0,-919.0
44.0,-99.0,-1335.0
-253.0,-195.0,-1190.0
37.0,-72.0,-749.0
-23.0,468.0,-1061.0
134.0,21.0,-1366.0
-214.0,-228.0,-806.0
208.0,-109.0,-626.0
5.0,240.0,-1028.0
-111.0,128.0,-1380.0
-1.0,-162.0,-1079.0
-122.0,-74.0,-800.0
97.0,325.0,-1098.0
33.0,163.0,-1286.0
-64.0,-431.0,-1114.0
-165.0,7.0,-550.0
19.0,302.0,-895.0
169.0,220.0,-1290.0
-156.0,-199.0,-1206.0
42.0,-44.0,-782.0
212.0,179.0,-1007.0
33.0,296.0,-1329.0
-142.0,-325.0,-1032.0
-31.0,-60.0,-530.0
124.0,-11.0,-899.0
-27.0,327.0,-1376.0
-13.0,-70.0,-1161.0
-9.0,-1.0,-798.0
107.0,105.0,-1022.0
-191.0,185.0,-1391.0
66.0,-195.0,-1067.0
7.0,-13.0,-564.0
9.0,-5.0,-864.0
-208.0,318.0,-1194.0
269.0,-177.0,-1208.0
-119.0,-39.0,-843.0
-44.0,162.0,-1057.0
-183.0,197.0,-1303.0
160.0,-72.0,-1013.0
-85.0,-64.0,-638.0
-169.0,13.0,-868.0
-17.0,251.0,-1165.0
325.0,-76.0,-1325.0
-150.0,-1.0,-935.0
-138.0,148.0,-993.0
-78.0,171.0,-1061.0
242.0,-126.0,-1175.0
-167.0,-193.0,-796.0
-160.0,117.0,-745.0
134.0,257.0,-1102.0
167.0,60.0,-1235.0
-140.0,-160.0,-1024.0
-111.0,-111.0,-927.0
56.0,288.0,-1077.0
314.0,78.0,-1247.0
-193.0,-117.0,-874.0
-261.0,-167.0,-644.0
115.0,341.0,-964.0
234.0,81.0,-1438.0
-124.0,17.0,-1122.0
-351.0,-50.0,-761.0
347.0,154.0,-1063.0
3.0,206.0,-1241.0
52.0,-273.0,-888.0
-185.0,50.0,-558.0
199.0,-95.0,-1024.0
25.0,333.0,-1362.0
56.0,-163.0,-1130.0
-191.0,25.0,-778.0
11.0,214.0,-927.0
310.0,95.0,-1280.0
66.0,-74.0,-1009.0
-140.0,-91.0,-687.0
-70.0,121.0,-935.0
191.0,25.0,-1280.0
40.0,-109.0,-1171.0
-236.0,91.0,-841.0
56.0,181.0,-1046.0
171.0,11.0,-1143.0
13.0,-154.0,-1091.0
-240.0,105.0,-733.0
-15.0,87.0,-884.0
335.0,76.0,-1192.0
3.0,7.0,-1239.0
-347.0,138.0,-919.0
25.0,3.0,-899.0
134.0,56.0,-1102.0
81.0,-124.0,-1081.0
-191.0,80.0,-815.0
-64.0,140.0,-745.0
427.0,-56.0,-1239.0
-183.0,23.0,-1173.0
-413.0,97.0,-936.0
60.0,308.0,-890.0
394.0,-81.0,-1327.0
-101.0,-216.0,-1180.0
-210.0,115.0,-724.0
140.0,130.0,-692.0
54.0,-3.0,-1280.0
-199.0,-177.0,-1313.0
-134.0,-5.0,-847.0
191.0,325.0,-849.0
60.0,89.0,-1364.0
-105.0,-165.0,-1190.0
-89.0,-35.0,-566.0
-15.0,284.0,-749.0
78.0,175.0,-1276.0
64.0,-195.0,-1383.0
-228.0,5.0,-765.0
150.0,163.0,-894.0
-62.0,124.0,-1169.0
83.0,-273.0,-1448.0
-396.0,-1.0,-562.0
245.0,171.0,-749.0
-121.0,327.0,-1124.0
-19.0,-230.0,-1448.0
-230.0,0.0,-698.0
275.0,124.0,-1005.0
-105.0,249.0,-1221.0
-5.0,-259.0,-1307.0
-191.0,29.0,-515.0
294.0,68.0,-837.0
-316.0,339.0,-1145.0
255.0,-363.0,-1401.0
-218.0,150.0,-720.0
226.0,128.0,-1024.0
-13.0,136.0,-1262.0
-95.0,-181.0,-1243.0
-60.0,93.0,-495.0
199.0,347.0,-858.0
-132.0,23.0,-1270.0
44.0,-224.0,-1253.0
-29.0,-107.0,-708.0
78.0,402.0,-1011.0
0.0,64.0,-1319.0
-21.0,-333.0,-1097.0
-17.0,-31.0,-659.0
23.0,222.0,-802.0
-189.0,279.0,-1153.0
97.0,-177.0,-1223.0
68.0,-261.0,-1003.0
-124.0,310.0,-876.0
91.0,286.0,-1311.0
-81.0,-185.0,-1028.0
193.0,-398.0,-833.0
-199.0,380.0,-741.0
1.0,171.0,-1251.0
-39.0,-54.0,-1163.0
175.0,-366.0,-976.0
-44.0,357.0,-958.0
-128.0,224.0,-1161.0
-5.0,-185.0,-1194.0
-40.0,-206.0,-827.0
78.0,203.0,-884.0
-183.0,443.0,-966.0
378.0,-376.0,-1175.0
-40.0,-80.0,-942.0
-33.0,124.0,-1126.0
-277.0,406.0,-1018.0
222.0,-388.0,-1179.0
-144.0,-1.0,-802.0
42.0,115.0,-874.0
-101.0,331.0,-952.0
134.0,-238.0,-1303.0
27.0,64.0,-993.0
-275.0,85.0,-1001.0
128.0,142.0,-1036.0
-103.0,-3.0,-1182.0
203.0,-267.0,-1098.0
-489.0,304.0,-659.0
365.0,-130.0,-962.0
-54.0,169.0,-1196.0
19.0,-148.0,-1192.0
-351.0,70.0,-763.0
267.0,306.0,-968.0
122.0,39.0,-1370.0
-62.0,-144.0,-991.0
-171.0,-74.0,-509.0
150.0,226.0,-880.0
-27.0,111.0,-1385.0
21.0,-64.0,-1128.0
-146.0,-132.0,-837.0
206.0,91.0,-974.0
-134.0,122.0,-1235.0
267.0,-95.0,-1075.0
-193.0,-62.0,-730.0
-3.0,72.0,-886.0
-56.0,234.0,-1346.0
197.0,-3.0,-1157.0
-138.0,11.0,-739.0
56.0,115.0,-907.0
80.0,37.0,-1319.0
156.0,-206.0,-1122.0
-212.0,132.0,-689.0
50.0,40.0,-829.0
15.0,68.0,-1192.0
240.0,-60.0,-1194.0
-183.0,130.0,-849.0
39.0,25.0,-985.0
-19.0,154.0,-1276.0
117.0,-134.0,-1075.0
-298.0,142.0,-671.0
58.0,21.0,-771.0
148.0,7.0,-1296.0
83.0,35.0,-1184.0
-224.0,-37.0,-802.0
-87.0,-35.0,-942.0
11.0,234.0,-1264.0
208.0,-308.0,-1139.0
-136.0,140.0,-737.0
-93.0,80.0,-753.0
56.0,259.0,-1165.0
162.0,-50.0,-1303.0
-121.0,-56.0,-917.0
-156.0,52.0,-897.0
218.0,279.0,-1179.0
163.0,-70.0,-1198.0
-113.0,-93.0,-741.0
-101.0,-29.0,-638.0
179.0,238.0,-1157.0
113.0,124.0,-1300.0
-15.0,-15.0,-1005.0
-216.0,-44.0,-812.0
177.0,115.0,-997.0
283.0,25.0,-1179.0
68.0,-21.0,-946.0
-218.0,-66.0,-692.0
107.0,132.0,-1095.0
240.0,27.0,-1309.0
-144.0,19.0,-1056.0
-347.0,-31.0,-751.0
314.0,142.0,-1009.0
93.0,44.0,-1276.0
-91.0,-68.0,-1032.0
-382.0,-42.0,-624.0
238.0,162.0,-1028.0
64.0,146.0,-1311.0
-91.0,-11.0,-1085.0
-283.0,-13.0,-802.0
345.0,109.0,-1024.0
19.0,29.0,-1313.0
-138.0,-19.0,-962.0
-281.0,23.0,-605.0
214.0,181.0,-968.0
83.0,54.0,-1376.0
-37.0,-103.0,-1112.0
-226.0,-21.0,-708.0
294.0,93.0,-1005.0
21.0,81.0,-1354.0
-81.0,-195.0,-940.0
-175.0,113.0,-612.0
103.0,152.0,-1003.0
111.0,183.0,-1337.0
42.0,-163.0,-1114.0
-286.0,76.0,-825.0
247.0,-3.0,-1001.0
37.0,171.0,-1352.0
-56.0,-103.0,-940.0
-117.0,-23.0,-646.0
144.0,115.0,-864.0
37.0,185.0,-1415.0
-78.0,-68.0,-1147.0
-302.0,74.0,-755.0
337.0,11.0,-970.0
-21.0,259.0,-1286.0
11.0,-191.0,-1011.0
-193.0,56.0,-626.0
107.0,7.0,-972.0
11.0,199.0,-1389.0
-25.0,-111.0,-1122.0
-105.0,25.0,-728.0
19.0,19.0,-936.0
-201.0,310.0,-1382.0
206.0,-277.0,-1091.0
-54.0,99.0,-671.0
-52.0,42.0,-843.0
117.0,195.0,-1257.0
144.0,15.0,-1134.0
-130.0,-70.0,-886.0
-138.0,80.0,-968.0
115.0,91.0,-1300.0
89.0,-128.0,-1009.0
-126.0,107.0,-767.0
-130.0,136.0,-825.0
134.0,167.0,-1147.0
253.0,-121.0,-1259.0
-97.0,111.0,-972.0
-25.0,-29.0,-884.0
99.0,130.0,-1253.0
122.0,-52.0,-1059.0
-78.0,-15.0,-792.0
1.0,124.0,-687.0
171.0,64.0,-1200.0
78.0,-83.0,-1309.0
-117.0,21.0,-841.0
74.0,19.0,-960.0
-9.0,222.0,-1198.0
105.0,-212.0,-1188.0
-87.0,-99.0,-618.0
-9.0,162.0,-790.0
68.0,277.0,-1223.0
105.0,-56.0,-1364.0
-193.0,-259.0,-786.0
-17.0,150.0,-956.0
-46.0,376.0,-1157.0
281.0,-115.0,-1163.0
-259.0,-275.0,-667.0
122.0,87.0,-886.0
-111.0,382.0,-1202.0
91.0,-50.0,-1342.0
-316.0,-386.0,-665.0
165.0,206.0,-948.0
99.0,433.0,-1200.0
27.0,-128.0,-1321.0
-339.0,-538.0,-609.0
214.0,351.0,-749.0
3.0,351.0,-1262.0
-224.0,169.0,-1259.0
-33.0,-823.0,-817.0
68.0,447.0,-1034.0
-257.0,509.0,-1370.0
-7.0,-361.0,-1083.0
-130.0,-573.0,-614.0
218.0,568.0,-866.0
-85.0,493.0,-1333.0
-25.0,-56.0,-1190.0
-11.0,-644.0,-915.0
56.0,380.0,-1052.0
-380.0,569.0,-1262.0
208.0,-355.0,-1036.0
-142.0,-470.0,-671.0
191.0,265.0,-1022.0
-482.0,810.0,-1056.0
462.0,-515.0,-1034.0
-201.0,-177.0,-948.0
103.0,39.0,-1163.0
-435.0,556.0,-1114.0
259.0,-9.0,-1036.0
-130.0,-460.0,-841.0
21.0,39.0,-968.0
-345.0,573.0,-1040.0
452.0,-185.0,-1229.0
-216.0,-124.0,-925.0
-7.0,-136.0,-1251.0
-267.0,650.0,-872.0
404.0,-325.0,-1032.0
-201.0,-87.0,-1009.0
-107.0,-222.0,-1052.0
-74.0,675.0,-780.0
550.0,-152.0,-1083.0
-294.0,-13.0,-1155.0
-122.0,-329.0,-1024.0
-121.0,749.0,-948.0
333.0,-85.0,-1085.0
-144.0,-335.0,-1196.0
-175.0,-105.0,-802.0
0.0,519.0,-802.0
265.0,247.0,-940.0
27.0,-433.0,-1442.0
-257.0,-60.0,-856.0
154.0,427.0,-913.0
232.0,46.0,-940.0
140.0,-325.0,-1255.0
-407.0,39.0,-821.0
304.0,214.0,-765.0
218.0,398.0,-966.0
132.0,-325.0,-1526.0
-454.0,-21.0,-815.0
288.0,150.0,-759.0
271.0,271.0,-931.0
91.0,-345.0,-1479.0
-513.0,93.0,-759.0
357.0,122.0,-589.0
109.0,464.0,-985.0
-62.0,-402.0,-1612.0
-273.0,37.0,-767.0
238.0,201.0,-700.0
503.0,167.0,-1061.0
-286.0,-269.0,-1510.0
-105.0,74.0,-630.0
257.0,54.0,-573.0
204.0,464.0,-1223.0
-206.0,-357.0,-1579.0
-74.0,-144.0,-661.0
404.0,-3.0,-663.0
185.0,263.0,-1220.0
-370.0,-9.0,-1360.0
132.0,-111.0,-577.0
484.0,-126.0,-724.0
-134.0,591.0,-1257.0
-111.0,-292.0,-1452.0
-9.0,-138.0,-669.0
234.0,17.0,-843.0
220.0,337.0,-1307.0
-220.0,-124.0,-1344.0
95.0,-85.0,-517.0
78.0,9.0,-772.0
-50.0,628.0,-1257.0
42.0,-429.0,-1356.0
-44.0,85.0,-851.0
195.0,-230.0,-782.0
-7.0,489.0,-1157.0
-136.0,-271.0,-1300.0
-37.0,-19.0,-610.0
177.0,146.0,-726.0
17.0,372.0,-1325.0
-253.0,-181.0,-1301.0
9.0,-150.0,-829.0
-115.0,60.0,-772.0
76.0,363.0,-1401.0
-523.0,-236.0,-1186.0
458.0,-74.0,-616.0
40.0,150.0,-806.0
-249.0,279.0,-1350.0
-240.0,-339.0,-1173.0
191.0,-1.0,-880.0
-181.0,249.0,-944.0
13.0,220.0,-1259.0
-144.0,-169.0,-1063.0
409.0,-35.0,-737.0
-111.0,144.0,-952.0
-218.0,245.0,-1198.0
29.0,-245.0,-1157.0
253.0,15.0,-952.0
-146.0,87.0,-1077.0
-81.0,419.0,-950.0
218.0,-341.0,-1022.0
197.0,-80.0,-940.0
-124.0,48.0,-1077.0
-341.0,370.0,-1026.0
173.0,44.0,-1052.0
222.0,-72.0,-1048.0
-121.0,-13.0,-1167.0
-370.0,138.0,-919.0
322.0,-89.0,-1016.0
121.0,-33.0,-966.0
-318.0,-60.0,-1110.0
-177.0,316.0,-841.0
74.0,-13.0,-1161.0
60.0,105.0,-1073.0
-277.0,-206.0,-1151.0
27.0,359.0,-880.0
19.0,-169.0,-989.0
33.0,-122.0,-1182.0
-558.0,281.0,-1075.0
107.0,228.0,-968.0
-183.0,-7.0,-1005.0
150.0,-402.0,-1208.0
-281.0,214.0,-950.0
298.0,400.0,-964.0
-23.0,-9.0,-1149.0
-68.0,-343.0,-1192.0
-351.0,191.0,-886.0
441.0,302.0,-866.0
-324.0,175.0,-1075.0
247.0,-566.0,-995.0
-136.0,263.0,-1007.0
400.0,187.0,-1061.0
-142.0,56.0,-997.0
189.0,-458.0,-999.0
-245.0,312.0,-923.0
173.0,234.0,-1009.0
-83.0,101.0,-1005.0
222.0,-271.0,-1071.0
-171.0,163.0,-915.0
355.0,103.0,-1097.0
-312.0,124.0,-1065.0
232.0,-413.0,-1083.0
-171.0,318.0,-708.0
390.0,58.0,-1007.0
-331.0,283.0,-1046.0
325.0,-392.0,-1141.0
-208.0,107.0,-833.0
269.0,144.0,-1190.0
-277.0,327.0,-999.0
407.0,-456.0,-1089.0
-491.0,173.0,-718.0
380.0,35.0,-1120.0
-382.0,507.0,-960.0
552.0,-603.0,-1147.0
-308.0,162.0,-864.0
220.0,-81.0,-1204.0
-199.0,411.0,-880.0
320.0,-322.0,-1153.0
-365.0,-13.0,-870.0
228.0,128.0,-1036.0
-83.0,316.0,-958.0
296.0,-224.0,-1169.0
-245.0,-87.0,-874.0
128.0,50.0,-1091.0
111.0,263.0,-1120.0
42.0,-25.0,-991.0
-31.0,-376.0,-876.0
-191.0,257.0,-895.0
177.0,138.0,-1112.0
29.0,210.0,-948.0
-19.0,-404.0,-1194.0
-230.0,333.0,-917.0
253.0,9.0,-1251.0
-142.0,325.0,-772.0
0.0,-630.0,-972.0
-298.0,556.0,-854.0
244.0,-48.0,-1266.0
-97.0,251.0,-936.0
33.0,-655.0,-1214.0
-380.0,308.0,-751.0
329.0,304.0,-1257.0
-60.0,169.0,-905.0
-9.0,-638.0,-1028.0
-386.0,296.0,-823.0
249.0,501.0,-1194.0
128.0,-19.0,-1015.0
-126.0,-431.0,-1204.0
-259.0,99.0,-749.0
357.0,441.0,-1196.0
-1.0,109.0,-1095.0
-193.0,-589.0,-1079.0
-238.0,122.0,-726.0
288.0,665.0,-1139.0
60.0,9.0,-1149.0
-142.0,-366.0,-1063.0
60.0,-189.0,-763.0
253.0,702.0,-1151.0
-187.0,-50.0,-1180.0
-298.0,-341.0,-911.0
-101.0,-89.0,-786.0
97.0,605.0,-1052.0
-50.0,-60.0,-1180.0
-308.0,-214.0,-915.0
-173.0,-242.0,-929.0
-128.0,568.0,-1093.0
-308.0,3.0,-1337.0
-464.0,-177.0,-829.0
-265.0,-121.0,-845.0
-95.0,450.0,-993.0
-343.0,35.0,-1321.0
-534.0,-146.0,-839.0
-214.0,-105.0,-977.0
-150.0,318.0,-1155.0
-470.0,0.0,-1210.0
-421.0,-230.0,-767.0
-491.0,107.0,-899.0
-111.0,290.0,-1126.0
-411.0,179.0,-1208.0
-325.0,-374.0,-933.0
-468.0,134.0,-827.0
-66.0,160.0,-1163.0
-486.0,245.0,-1173.0
-341.0,-335.0,-1046.0
-495.0,91.0,-776.0
-103.0,284.0,-1016.0
-220.0,37.0,-1155.0
-482.0,-179.0,-1054.0
-333.0,-66.0,-798.0
-201.0,152.0,-1161.0
-419.0,218.0,-1173.0
-269.0,-126.0,-935.0
-425.0,15.0,-776.0
-302.0,60.0,-987.0
-253.0,163.0,-1147.0
-411.0,-23.0,-981.0
-402.0,-113.0,-923.0
-450.0,-31.0,-1036.0
-273.0,220.0,-1229.0
-204.0,64.0,-1052.0
-310.0,-23.0,-874.0
-257.0,-19.0,-845.0
-89.0,271.0,-1102.0
-101.0,-50.0,-1112.0
-99.0,-70.0,-938.0
-308.0,-42.0,-1046.0
-11.0,245.0,-1216.0
-111.0,-23.0,-1134.0
-150.0,-42.0,-851.0
-290.0,0.0,-833.0
64.0,154.0,-1038.0
-105.0,44.0,-1179.0
-58.0,-95.0,-993.0
-296.0,-11.0,-923.0
181.0,245.0,-1114.0
122.0,23.0,-1155.0
306.0,-60.0,-843.0
-136.0,-52.0,-876.0
556.0,197.0,-903.0
290.0,-29.0,-1202.0
372.0,-115.0,-1003.0
-109.0,5.0,-936.0
460.0,279.0,-1212.0
165.0,19.0,-1292.0
230.0,-33.0,-995.0
-111.0,-19.0,-778.0
232.0,171.0,-964.0
95.0,-15.0,-1157.0
138.0,-85.0,-991.0
-347.0,29.0,-892.0
203.0,140.0,-1063.0
-66.0,85.0,-1216.0
37.0,-80.0,-868.0
-396.0,-11.0,-712.0
7.0,210.0,-952.0
-7.0,124.0,-1266.0
-48.0,-91.0,-1013.0
-486.0,-39.0,-913.0
103.0,148.0,-1095.0
-78.0,181.0,-1327.0
-27.0,-89.0,-983.0
-448.0,-111.0,-724.0
46.0,136.0,-915.0
-111.0,83.0,-1253.0
-23.0,-39.0,-1052.0
-491.0,-70.0,-925.0
173.0,163.0,-1112.0
-87.0,234.0,-1257.0
132.0,-60.0,-974.0
-384.0,-54.0,-706.0
109.0,15.0,-995.0
-130.0,175.0,-1204.0
142.0,-50.0,-1097.0
-423.0,-39.0,-909.0
224.0,81.0,-1046.0
-150.0,284.0,-1167.0
245.0,-74.0,-1007.0
-339.0,7.0,-755.0
197.0,-29.0,-995.0
-91.0,105.0,-1095.0
226.0,-21.0,-1044.0
-390.0,27.0,-884.0
185.0,140.0,-1069.0
-5.0,119.0,-1262.0
238.0,-66.0,-1116.0
-341.0,-40.0,-720.0
109.0,136.0,-843.0
-33.0,42.0,-1124.0
146.0,-15.0,-1057.0
-388.0,-62.0,-942.0
162.0,228.0,-1009.0
21.0,115.0,-1227.0
173.0,-89.0,-1089.0
-226.0,-124.0,-753.0
40.0,247.0,-806.0
68.0,140.0,-1206.0
169.0,-103.0,-1106.0
-193.0,-193.0,-942.0
134.0,234.0,-938.0
95.0,187.0,-1262.0
195.0,-101.0,-1136.0
-158.0,-158.0,-743.0
107.0,201.0,-712.0
140.0,197.0,-1204.0
163.0,-169.0,-1087.0
-193.0,-150.0,-913.0
91.0,173.0,-1013.0
80.0,300.0,-1251.0
124.0,-103.0,-1151.0
-203.0,-117.0,-755.0
17.0,91.0,-757.0
124.0,165.0,-1188.0
140.0,-70.0,-1153.0
-197.0,-95.0,-946.0
-27.0,97.0,-968.0
50.0,281.0,-1227.0
54.0,-44.0,-1153.0
-181.0,-115.0,-806.0
-64.0,58.0,-739.0
105.0,111.0,-1147.0
46.0,-62.0,-1134.0
-195.0,-89.0,-876.0
-85.0,134.0,-977.0
95.0,191.0,-1260.0
85.0,-72.0,-1260.0
-171.0,-46.0,-792.0
-21.0,80.0,-694.0
56.0,183.0,-1063.0
109.0,-81.0,-1182.0
-138.0,-105.0,-919.0
-58.0,101.0,-991.0
44.0,193.0,-1171.0
70.0,-66.0,-1179.0
-142.0,-74.0,-796.0
5.0,113.0,-747.0
121.0,212.0,-1069.0
109.0,-64.0,-1229.0
-78.0,-163.0,-954.0
-142.0,103.0,-958.0
119.0,173.0,-1157.0
21.0,-3.0,-1167.0
-33.0,-68.0,-823.0
-37.0,81.0,-732.0
89.0,195.0,-1044.0
72.0,-111.0,-1268.0
-33.0,-130.0,-946.0
-163.0,101.0,-995.0
128.0,230.0,-1151.0
5.0,0.0,-1165.0
58.0,-68.0,-825.0
-103.0,-1.0,-800.0
87.0,232.0,-1042.0
58.0,-70.0,-1294.0
56.0,-130.0,-997.0
-261.0,3.0,-901.0
163.0,222.0,-1061.0
-27.0,48.0,-1126.0
162.0,-122.0,-913.0
-242.0,52.0,-776.0
160.0,175.0,-1056.0
-3.0,13.0,-1210.0
119.0,-128.0,-1018.0
-329.0,74.0,-894.0
185.0,218.0,-1126.0
-23.0,31.0,-1188.0
185.0,-169.0,-946.0
-308.0,76.0,-751.0
177.0,181.0,-1011.0
-17.0,76.0,-1179.0
132.0,-156.0,-1100.0
-392.0,31.0,-892.0
171.0,212.0,-1075.0
-27.0,85.0,-1155.0
160.0,-146.0,-915.0
-269.0,58.0,-788.0
156.0,191.0,-1030.0
27.0,40.0,-1212.0
130.0,-167.0,-1089.0
-407.0,40.0,-913.0
173.0,195.0,-1030.0
-13.0,99.0,-1177.0
163.0,-91.0,-999.0
-320.0,37.0,-751.0
165.0,193.0,-1007.0
3.0,21.0,-1206.0
128.0,-167.0,-1098.0
-447.0,35.0,-897.0
201.0,203.0,-1028.0
-21.0,99.0,-1169.0
189.0,-140.0,-974.0
-308.0,17.0,-755.0
165.0,175.0,-981.0
40.0,64.0,-1262.0
101.0,-101.0,-1073.0
-411.0,-3.0,-868.0
204.0,204.0,-995.0
-39.0,109.0,-1192.0
187.0,-115.0,-1015.0
-322.0,5.0,-798.0
138.0,162.0,-993.0
21.0,72.0,-1216.0
85.0,-91.0,-1085.0
-423.0,-9.0,-882.0
191.0,249.0,-985.0
-66.0,119.0,-1259.0
181.0,-204.0,-1046.0
-394.0,-52.0,-722.0
136.0,230.0,-913.0
11.0,177.0,-1200.0
167.0,-132.0,-1136.0
-370.0,-138.0,-895.0
169.0,201.0,-974.0
-464.0,169.0,-1221.0
-70.0,-152.0,-913.0
-749.0,-193.0,-815.0
-25.0,331.0,-849.0
-911.0,302.0,-1434.0
-626.0,-210.0,-1128.0
-1143.0,-249.0,-845.0
-1018.0,314.0,-991.0
-1200.0,232.0,-1087.0
-1065.0,-314.0,-1046.0
-1298.0,-267.0,-593.0
-1462.0,507.0,-868.0
-1182.0,382.0,-1212.0
-1223.0,-372.0,-1268.0
-1350.0,-361.0,-917.0
-1467.0,394.0,-935.0
-1095.0,443.0,-1155.0
-1184.0,-509.0,-1153.0
-1428.0,-281.0,-825.0
-1130.0,452.0,-979.0
-966.0,390.0,-1325.0
-976.0,-349.0,-1239.0
-1253.0,-236.0,-970.0
-835.0,421.0,-1011.0
-899.0,199.0,-1161.0
-812.0,-382.0,-890.0
-995.0,-76.0,-923.0
-653.0,370.0,-1059.0
-808.0,169.0,-1218.0
-636.0,-329.0,-1061.0
-858.0,-136.0,-987.0
-667.0,347.0,-1013.0
-689.0,212.0,-1026.0
-827.0,-308.0,-923.0
-944.0,-228.0,-726.0
-987.0,445.0,-839.0
-821.0,365.0,-1128.0
-907.0,-435.0,-1159.0
-1095.0,-345.0,-856.0
-1241.0,366.0,-878.0
-1063.0,353.0,-1052.0
-1188.0,-419.0,-1149.0
-1319.0,-406.0,-786.0
-1352.0,491.0,-823.0
-1151.0,735.0,-1188.0
-1020.0,-486.0,-1434.0
-1323.0,-452.0,-866.0
-1378.0,312.0,-806.0
-1163.0,650.0,-1175.0
-1069.0,-482.0,-1284.0
-1458.0,-507.0,-810.0
-1319.0,201.0,-751.0
-1114.0,831.0,-1247.0
-1085.0,-308.0,-1415.0
-1309.0,-687.0,-1026.0
-1180.0,234.0,-888.0
-897.0,689.0,-1218.0
-1046.0,-56.0,-1136.0
-1124.0,-646.0,-700.0
-1128.0,333.0,-796.0
-808.0,407.0,-1124.0
-1098.0,-216.0,-1294.0
-1087.0,-368.0,-899.0
-1218.0,15.0,-1059.0
-940.0,698.0,-1079.0
-1290.0,-304.0,-1216.0
-1298.0,-439.0,-607.0
-1362.0,119.0,-712.0
-1032.0,605.0,-1073.0
-1278.0,-89.0,-1239.0
-1255.0,-491.0,-1042.0
-1446.0,175.0,-1056.0
-1216.0,609.0,-1136.0
-1290.0,-201.0,-1075.0
-1342.0,-404.0,-599.0
-1311.0,-85.0,-733.0
-1214.0,804.0,-1040.0
-1077.0,-290.0,-1487.0
-1288.0,-310.0,-1169.0
-1458.0,259.0,-1032.0
-1296.0,589.0,-1095.0
-1270.0,-265.0,-1079.0
-1321.0,-421.0,-546.0
-1368.0,80.0,-788.0
-1216.0,761.0,-1204.0
-1198.0,-281.0,-1448.0
-1231.0,-314.0,-1046.0
-1157.0,179.0,-884.0
-1065.0,587.0,-1110.0
-1225.0,-242.0,-1081.0
-1182.0,-759.0,-622.0
-1212.0,54.0,-808.0
-1200.0,720.0,-1177.0
-1171.0,150.0,-1491.0
-1044.0,-517.0,-976.0
-1356.0,-103.0,-1139.0
-1346.0,747.0,-950.0
-1165.0,-302.0,-1063.0
-882.0,-136.0,-562.0
-1186.0,-150.0,-917.0
-1272.0,591.0,-1083.0
-960.0,-353.0,-1335.0
-1118.0,-101.0,-1087.0
-1317.0,13.0,-1016.0
-1249.0,273.0,-1147.0
-987.0,23.0,-1093.0
-1016.0,-484.0,-792.0
-1136.0,259.0,-788.0
-843.0,698.0,-1233.0
-856.0,-72.0,-1239.0
-890.0,-452.0,-1057.0
-1165.0,39.0,-1040.0
-634.0,357.0,-972.0
-876.0,87.0,-942.0
-628.0,-365.0,-929.0
-944.0,89.0,-1054.0
-593.0,-44.0,-1007.0
-646.0,394.0,-1032.0
-404.0,-148.0,-1112.0
-583.0,132.0,-1151.0
-167.0,-19.0,-972.0
-476.0,-152.0,-876.0
-224.0,171.0,-899.0
-284.0,-1.0,-825.0
40.0,146.0,-1009.0
-124.0,13.0,-1188.0
-122.0,265.0,-1075.0
245.0,-99.0,-960.0
169.0,95.0,-1126.0
204.0,50.0,-1073.0
261.0,-144.0,-856.0
152.0,56.0,-905.0
136.0,-179.0,-1028.0
80.0,245.0,-1188.0
156.0,-109.0,-1040.0
95.0,361.0,-1186.0
197.0,44.0,-1093.0
562.0,-507.0,-817.0
279.0,302.0,-835.0
827.0,-167.0,-726.0
704.0,730.0,-1026.0
1419.0,-286.0,-1011.0
919.0,277.0,-1259.0
1221.0,-175.0,-1136.0
1600.0,-195.0,-1044.0
1245.0,480.0,-1118.0
1227.0,-130.0,-985.0
1218.0,-162.0,-925.0
1741.0,-42.0,-944.0
1095.0,154.0,-1333.0
1378.0,265.0,-1112.0
1112.0,115.0,-1097.0
1229.0,146.0,-868.0
968.0,-60.0,-854.0
1098.0,-42.0,-749.0
878.0,-142.0,-726.0
702.0,-64.0,-958.0
841.0,212.0,-1192.0
732.0,320.0,-1139.0
843.0,50.0,-1065.0
685.0,-76.0,-1001.0
907.0,-99.0,-858.0
560.0,396.0,-646.0
714.0,-29.0,-849.0
724.0,-101.0,-1138.0
714.0,-50.0,-1253.0
577.0,357.0,-1054.0
650.0,107.0,-1081.0
901.0,-50.0,-1071.0
1040.0,-44.0,-1026.0
817.0,66.0,-802.0
946.0,-134.0,-823.0
1097.0,-19.0,-1151.0
1030.0,388.0,-1239.0
1009.0,337.0,-1251.0
1114.0,-195.0,-1188.0
1241.0,-230.0,-1171.0
1155.0,277.0,-890.0
1097.0,103.0,-751.0
1307.0,-214.0,-802.0
1344.0,-9.0,-1102.0
1253.0,286.0,-1180.0
1339.0,132.0,-1044.0
1333.0,-124.0,-1050.0
1395.0,-27.0,-1097.0
1225.0,259.0,-866.0
1171.0,40.0,-747.0
1145.0,-236.0,-868.0
1085.0,-37.0,-1054.0
1034.0,402.0,-1073.0
907.0,333.0,-1069.0
1157.0,-222.0,-1052.0
1165.0,-183.0,-1075.0
1100.0,226.0,-901.0
907.0,335.0,-646.0
1052.0,-253.0,-837.0
1155.0,-220.0,-1093.0
1097.0,431.0,-1200.0
1011.0,322.0,-1118.0
1075.0,-54.0,-1225.0
1212.0,-121.0,-1200.0
1290.0,72.0,-1016.0
995.0,290.0,-722.0
1243.0,-425.0,-882.0
1278.0,-50.0,-1104.0
1458.0,154.0,-1116.0
1136.0,577.0,-892.0
1401.0,-175.0,-1089.0
1436.0,-56.0,-1186.0
1504.0,74.0,-993.0
1163.0,226.0,-755.0
1483.0,-382.0,-851.0
1382.0,-111.0,-1143.0
1378.0,365.0,-1110.0
1132.0,462.0,-1005.0
1397.0,-314.0,-1155.0
1389.0,-117.0,-1249.0
1292.0,111.0,-983.0
940.0,263.0,-585.0
1317.0,-306.0,-772.0
1202.0,-273.0,-1130.0
1057.0,427.0,-1073.0
1026.0,423.0,-927.0
1200.0,-154.0,-1145.0
1153.0,-255.0,-1239.0
1147.0,85.0,-956.0
1018.0,331.0,-714.0
1210.0,-193.0,-976.0
1130.0,-95.0,-1163.0
1075.0,277.0,-1044.0
1020.0,359.0,-1005.0
1018.0,-148.0,-1204.0
1163.0,-105.0,-1223.0
966.0,138.0,-1038.0
808.0,214.0,-663.0
933.0,-277.0,-854.0
985.0,-56.0,-1028.0
888.0,300.0,-1104.0
854.0,357.0,-1003.0
874.0,-177.0,-1122.0
936.0,-70.0,-1151.0
884.0,226.0,-968.0
761.0,138.0,-802.0
749.0,-197.0,-839.0
776.0,-115.0,-1085.0
694.0,230.0,-1040.0
562.0,265.0,-976.0
587.0,-81.0,-1059.0
599.0,-35.0,-1100.0
540.0,148.0,-1022.0
417.0,109.0,-886.0
400.0,-308.0,-948.0
392.0,0.0,-1032.0
359.0,273.0,-1005.0
257.0,245.0,-1032.0
244.0,-13.0,-1161.0
257.0,-27.0,-1255.0
288.0,52.0,-1112.0
111.0,0.0,-870.0
107.0,-152.0,-854.0
156.0,-56.0,-993.0
132.0,195.0,-1065.0
66.0,187.0,-1122.0
89.0,-15.0,-1167.0
101.0,70.0,-1223.0
226.0,124.0,-1114.0
113.0,-48.0,-993.0
185.0,-183.0,-956.0
181.0,11.0,-1065.0
224.0,169.0,-1112.0
122.0,138.0,-1149.0
179.0,-64.0,-1239.0
183.0,101.0,-1300.0
271.0,136.0,-1182.0
187.0,-19.0,-1001.0
193.0,-150.0,-915.0
187.0,-48.0,-954.0
234.0,203.0,-1120.0
187.0,85.0,-1235.0
140.0,19.0,-1300.0
162.0,72.0,-1346.0
298.0,74.0,-1229.0
148.0,13.0,-1020.0
138.0,-160.0,-962.0
113.0,25.0,-1048.0
214.0,117.0,-1208.0
66.0,74.0,-1282.0
83.0,21.0,-1301.0
35.0,134.0,-1329.0
210.0,156.0,-1262.0
80.0,-93.0,-1106.0
39.0,-199.0,-999.0
70.0,-19.0,-1042.0
80.0,148.0,-1169.0
-7.0,134.0,-1309.0
5.0,25.0,-1382.0
42.0,91.0,-1415.0
152.0,109.0,-1348.0
54.0,-46.0,-1089.0
5.0,-107.0,-931.0
50.0,15.0,-1001.0
66.0,126.0,-1292.0
29.0,46.0,-1368.0
-54.0,56.0,-1327.0
44.0,132.0,-1311.0
140.0,95.0,-1266.0
103.0,-80.0,-1122.0
0.0,-128.0,-999.0
42.0,-3.0,-1059.0
52.0,160.0,-1233.0
13.0,70.0,-1274.0
-33.0,44.0,-1249.0
56.0,81.0,-1378.0
126.0,128.0,-1333.0
95.0,-56.0,-1155.0
-1.0,-138.0,-956.0
1.0,9.0,-977.0
64.0,33.0,-1231.0
-19.0,126.0,-1335.0
-19.0,33.0,-1337.0
19.0,163.0,-1333.0
93.0,140.0,-1366.0
54.0,-23.0,-1198.0
-37.0,-132.0,-1038.0
31.0,-19.0,-1026.0
42.0,173.0,-1216.0
48.0,23.0,-1315.0
-76.0,35.0,-1282.0
52.0,72.0,-1321.0
93.0,154.0,-1395.0
48.0,0.0,-1204.0
-33.0,-177.0,-1015.0
21.0,-44.0,-1018.0
-11.0,121.0,-1221.0
21.0,109.0,-1311.0
-52.0,40.0,-1368.0
23.0,130.0,-1399.0
91.0,85.0,-1454.0
31.0,-50.0,-1268.0
-29.0,-144.0,-1065.0
-27.0,-11.0,-1034.0
31.0,105.0,-1321.0
-7.0,39.0,-1405.0
-52.0,13.0,-1403.0
0.0,107.0,-1382.0
11.0,179.0,-1409.0
54.0,-15.0,-1292.0
-33.0,-163.0,-1124.0
-7.0,-40.0,-1097.0
11.0,76.0,-1270.0
-1.0,111.0,-1319.0
-40.0,29.0,-1290.0
-35.0,54.0,-1368.0
-7.0,146.0,-1413.0
21.0,29.0,-1235.0
-66.0,-113.0,-1056.0
-58.0,-52.0,-993.0
-50.0,66.0,-1171.0
-39.0,50.0,-1303.0
-85.0,13.0,-1335.0
-85.0,115.0,-1335.0
-40.0,115.0,-1450.0
-54.0,70.0,-1259.0
-25.0,-152.0,-1098.0
-101.0,-50.0,-1114.0
-27.0,83.0,-1212.0
0.0,50.0,-1305.0
-60.0,64.0,-1362.0
-48.0,93.0,-1424.0
0.0,197.0,-1452.0
68.0,9.0,-1383.0
11.0,-113.0,-1143.0
-37.0,-44.0,-1050.0
11.0,56.0,-1171.0
56.0,76.0,-1262.0
-3.0,46.0,-1380.0
15.0,93.0,-1434.0
11.0,142.0,-1456.0
111.0,-5.0,-1300.0
-5.0,-134.0,-1083.0
-5.0,-29.0,-1009.0
21.0,89.0,-1157.0
60.0,93.0,-1325.0
13.0,-9.0,-1399.0
-40.0,40.0,-1383.0
21.0,208.0,-1372.0
101.0,95.0,-1280.0
27.0,-85.0,-1173.0
-37.0,-122.0,-1097.0
54.0,89.0,-1157.0
64.0,89.0,-1313.0
-15.0,21.0,-1378.0
-39.0,50.0,-1382.0
15.0,154.0,-1465.0
122.0,107.0,-1378.0
68.0,-119.0,-1192.0
-39.0,-66.0,-1073.0
-17.0,52.0,-1134.0
87.0,72.0,-1380.0
-25.0,15.0,-1442.0
-29.0,70.0,-1385.0
11.0,204.0,-1362.0
72.0,144.0,-1399.0
-7.0,-101.0,-1188.0
-68.0,-177.0,-1073.0
21.0,-9.0,-1182.0
29.0,132.0,-1341.0
-48.0,99.0,-1319.0
-50.0,60.0,-1383.0
5.0,148.0,-1401.0
81.0,101.0,-1417.0
19.0,-83.0,-1202.0
-66.0,-101.0,-1032.0
19.0,0.0,-1108.0
-21.0,99.0,-1278.0
-25.0,39.0,-1356.0
-48.0,31.0,-1399.0
-11.0,154.0,-1464.0
87.0,46.0,-1395.0
-19.0,-27.0,-1202.0
-48.0,-124.0,-1069.0
5.0,15.0,-1124.0
15.0,167.0,-1362.0
-31.0,54.0,-1423.0
-54.0,1.0,-1395.0
-1.0,105.0,-1403.0
13.0,99.0,-1419.0
62.0,-31.0,-1309.0
-66.0,-85.0,-1190.0
35.0,-3.0,-1161.0
-44.0,27.0,-1309.0
-3.0,15.0,-1337.0
-78.0,80.0,-1305.0
33.0,169.0,-1430.0
-9.0,173.0,-1458.0
58.0,-111.0,-1301.0
-128.0,-203.0,-1059.0
-3.0,3.0,-1073.0
-44.0,136.0,-1255.0
21.0,66.0,-1327.0
-87.0,3.0,-1346.0
-21.0,150.0,-1403.0
-9.0,121.0,-1450.0
78.0,-3.0,-1276.0
-72.0,-119.0,-1112.0
39.0,-52.0,-1139.0
0.0,60.0,-1255.0
9.0,76.0,-1282.0
-48.0,87.0,-1366.0
-17.0,138.0,-1428.0
21.0,72.0,-1477.0
58.0,-9.0,-1329.0
-25.0,-130.0,-1134.0
-29.0,9.0,-1097.0
-33.0,33.0,-1229.0
66.0,-23.0,-1358.0
-87.0,154.0,-1395.0
39.0,177.0,-1481.0
-33.0,117.0,-1467.0
29.0,37.0,-1276.0
-44.0,-136.0,-1095.0
-15.0,-56.0,-1128.0
-13.0,-1.0,-1301.0
23.0,37.0,-1344.0
-42.0,80.0,-1403.0
-21.0,126.0,-1380.0
-25.0,171.0,-1380.0
56.0,150.0,-1282.0
25.0,-111.0,-1212.0
-17.0,-197.0,-1169.0
-3.0,0.0,-1192.0
15.0,60.0,-1257.0
-13.0,81.0,-1368.0
-68.0,175.0,-1354.0
-21.0,183.0,-1413.0
39.0,19.0,-1348.0
15.0,-74.0,-1247.0
-50.0,-81.0,-1056.0
-15.0,9.0,-1177.0
48.0,15.0,-1331.0
-52.0,109.0,-1393.0
-54.0,197.0,-1380.0
11.0,165.0,-1436.0
101.0,31.0,-1421.0
7.0,-142.0,-1247.0
-35.0,-95.0,-1128.0
-1.0,46.0,-1132.0
7.0,85.0,-1257.0
-68.0,136.0,-1311.0
-74.0,136.0,-1397.0
7.0,7.0,-1512.0
40.0,29.0,-1475.0
19.0,-70.0,-1196.0
-46.0,-101.0,-1026.0
-23.0,140.0,-1071.0
37.0,95.0,-1268.0
-29.0,138.0,-1415.0
-39.0,44.0,-1506.0
3.0,80.0,-1475.0
101.0,-25.0,-1346.0
19.0,-58.0,-1138.0
-58.0,-44.0,-981.0
23.0,66.0,-1100.0
19.0,76.0,-1327.0
13.0,11.0,-1436.0
-39.0,29.0,-1409.0
-5.0,117.0,-1368.0
105.0,48.0,-1335.0
21.0,-33.0,-1220.0
-7.0,-152.0,-1149.0
-7.0,3.0,-1130.0
11.0,50.0,-1342.0
-60.0,146.0,-1370.0
-68.0,81.0,-1407.0
27.0,136.0,-1409.0
66.0,83.0,-1419.0
5.0,-76.0,-1262.0
-60.0,-154.0,-1077.0
-25.0,56.0,-1098.0
25.0,37.0,-1380.0
-50.0,60.0,-1426.0
-15.0,50.0,-1366.0
7.0,146.0,-1380.0
85.0,70.0,-1432.0
37.0,-83.0,-1270.0
-33.0,-78.0,-1089.0
-31.0,25.0,-1118.0
40.0,113.0,-1307.0
-62.0,103.0,-1260.0
-48.0,31.0,-1294.0
-48.0,119.0,-1376.0
29.0,35.0,-1512.0
-13.0,-46.0,-1257.0
-60.0,64.0,-1075.0
-1.0,119.0,-1223.0
-40.0,42.0,-1366.0
-35.0,29.0,-1380.0
-9.0,124.0,-1405.0
11.0,162.0,-1473.0
9.0,-17.0,-1264.0
-23.0,-244.0,-1098.0
-44.0,-76.0,-1118.0
21.0,76.0,-1268.0
-42.0,122.0,-1303.0
-29.0,156.0,-1344.0
-19.0,146.0,-1450.0
7.0,111.0,-1487.0
42.0,-25.0,-1362.0
-29.0,-52.0,-1163.0
-13.0,44.0,-1098.0
-1.0,-39.0,-1229.0
15.0,-50.0,-1286.0
-23.0,-15.0,-1354.0
-11.0,206.0,-1450.0
-17.0,279.0,-1491.0
138.0,3.0,-1317.0
-81.0,-113.0,-1050.0
7.0,-40.0,-1028.0
-39.0,54.0,-1196.0
46.0,27.0,-1344.0
-33.0,-21.0,-1403.0
-50.0,105.0,-1428.0
-29.0,160.0,-1430.0
91.0,68.0,-1262.0
-17.0,-140.0,-1106.0
9.0,-81.0,-1122.0
25.0,74.0,-1196.0
78.0,91.0,-1286.0
-46.0,33.0,-1380.0
-9.0,134.0,-1397.0
66.0,70.0,-1454.0
21.0,54.0,-1370.0
40.0,-70.0,-1124.0
0.0,-40.0,-1038.0
-72.0,3.0,-1141.0
138.0,83.0,-1358.0
-56.0,21.0,-1440.0
-58.0,165.0,-1405.0
-54.0,105.0,-1391.0
122.0,-66.0,-1301.0
5.0,-64.0,-1200.0
-46.0,31.0,-1104.0
0.0,126.0,-1165.0
19.0,17.0,-1290.0
-50.0,-78.0,-1403.0
-78.0,37.0,-1395.0
-9.0,269.0,-1434.0
74.0,42.0,-1350.0
5.0,-130.0,-1196.0
-33.0,-150.0,-1079.0
5.0,142.0,-1118.0
-33.0,173.0,-1278.0
-21.0,-29.0,-1327.0
-80.0,-35.0,-1362.0
39.0,134.0,-1458.0
64.0,171.0,-1327.0
56.0,-150.0,-1198.0
-74.0,-158.0,-1020.0
1.0,17.0,-1145.0
89.0,148.0,-1317.0
13.0,134.0,-1424.0
-81.0,89.0,-1344.0
119.0,-70.0,-1342.0
87.0,134.0,-1370.0
78.0,74.0,-1260.0
-52.0,-44.0,-1130.0
19.0,-29.0,-1126.0
9.0,-25.0,-1282.0
-46.0,163.0,-1292.0
-70.0,-25.0,-1350.0
-56.0,169.0,-1426.0
-9.0,44.0,-1423.0
0.0,-62.0,-1284.0
-29.0,-64.0,-1093.0
9.0,56.0,-1147.0
-76.0,95.0,-1262.0
50.0,103.0,-1391.0
-40.0,-13.0,-1434.0
35.0,78.0,-1337.0
66.0,0.0,-1428.0
74.0,31.0,-1288.0
-23.0,-13.0,-1118.0
-15.0,-9.0,-1022.0
27.0,-48.0,-1259.0
-27.0,81.0,-1270.0
-56.0,203.0,-1247.0
-11.0,95.0,-1391.0
21.0,64.0,-1501.0
-25.0,44.0,-1245.0
-64.0,-70.0,-1040.0
0.0,-150.0,-991.0
-19.0,-68.0,-1108.0
-62.0,115.0,-1177.0
-66.0,226.0,-1551.0
-66.0,21.0,-1522.0
-13.0,113.0,-1462.0
33.0,132.0,-1264.0
-66.0,-31.0,-1075.0
-27.0,-103.0,-1026.0
11.0,101.0,-1282.0
7.0,87.0,-1491.0
-1.0,52.0,-1516.0
0.0,27.0,-1399.0
111.0,-54.0,-1432.0
80.0,-13.0,-1251.0
85.0,-5.0,-1069.0
-48.0,152.0,-1075.0
19.0,208.0,-1260.0
-60.0,0.0,-1309.0
-29.0,-13.0,-1319.0
-87.0,115.0,-1309.0
23.0,15.0,-1333.0
-25.0,-56.0,-1268.0
-1.0,-150.0,-1087.0
-58.0,-19.0,-1059.0
-3.0,99.0,-1243.0
35.0,35.0,-1397.0
-58.0,167.0,-1313.0
-42.0,203.0,-1196.0
7.0,97.0,-1325.0
46.0,-58.0,-1333.0
42.0,-163.0,-1186.0
-42.0,-95.0,-1128.0
29.0,-74.0,-1259.0
74.0,29.0,-1298.0
-15.0,179.0,-1280.0
-3.0,222.0,-1372.0
25.0,191.0,-1477.0
121.0,-39.0,-1503.0
66.0,-25.0,-1198.0
-44.0,-232.0,-1081.0
11.0,25.0,-1177.0
21.0,113.0,-1266.0
-87.0,150.0,-1329.0
-91.0,136.0,-1423.0
-60.0,70.0,-1446.0
54.0,-130.0,-1270.0
-87.0,-66.0,-1130.0
-39.0,-9.0,-1005.0
-42.0,115.0,-1145.0
27.0,228.0,-1335.0
-50.0,-142.0,-1344.0
-35.0,7.0,-1301.0
-1.0,83.0,-1331.0
136.0,171.0,-1309.0
37.0,85.0,-1239.0
-33.0,-124.0,-1102.0
-5.0,40.0,-1081.0
68.0,-97.0,-1225.0
-56.0,224.0,-1249.0
9.0,31.0,-1296.0
-68.0,177.0,-1501.0
124.0,177.0,-1458.0
-5.0,-89.0,-1223.0
-50.0,31.0,-1052.0
0.0,-76.0,-1122.0
13.0,-42.0,-1229.0
-64.0,-76.0,-1303.0
-23.0,160.0,-1434.0
13.0,226.0,-1456.0
74.0,44.0,-1407.0
-15.0,-126.0,-1225.0
-40.0,-111.0,-1059.0
78.0,89.0,-1071.0
31.0,78.0,-1241.0
19.0,191.0,-1266.0
-25.0,89.0,-1303.0
39.0,-13.0,-1518.0
95.0,-117.0,-1565.0
17.0,46.0,-1192.0
-42.0,-101.0,-933.0
-31.0,39.0,-1026.0
-48.0,1.0,-1235.0
-68.0,197.0,-1319.0
-78.0,150.0,-1465.0
19.0,74.0,-1544.0
-1.0,216.0,-1405.0
35.0,-144.0,-1204.0
-107.0,-89.0,-977.0
81.0,78.0,-993.0
-17.0,0.0,-1276.0
9.0,-50.0,-1383.0
-33.0,21.0,-1411.0
78.0,218.0,-1413.0
39.0,89.0,-1387.0
13.0,154.0,-1257.0
-33.0,21.0,-1018.0
-33.0,-74.0,-1020.0
-72.0,-81.0,-1157.0
39.0,-64.0,-1262.0
-85.0,152.0,-1319.0
11.0,210.0,-1393.0
-27.0,76.0,-1465.0
101.0,-238.0,-1210.0
-99.0,-195.0,-1063.0
17.0,124.0,-1020.0
5.0,111.0,-1259.0
11.0,242.0,-1348.0
-37.0,130.0,-1380.0
-39.0,46.0,-1393.0
19.0,-39.0,-1409.0
50.0,-81.0,-1298.0
-19.0,-35.0,-1106.0
0.0,-1.0,-1032.0
-44.0,-3.0,-1253.0
64.0,99.0,-1290.0
-9.0,130.0,-1356.0
-23.0,74.0,-1426.0
50.0,238.0,-1544.0
21.0,64.0,-1329.0
-44.0,-111.0,-1028.0
-29.0,-31.0,-964.0
-37.0,-50.0,-1192.0
-37.0,-23.0,-1198.0
-105.0,-42.0,-1417.0
-39.0,286.0,-1464.0
-23.0,267.0,-1401.0
21.0,-46.0,-1216.0
1.0,-23.0,-1083.0
-62.0,-37.0,-1026.0
66.0,50.0,-1102.0
54.0,-66.0,-1383.0
39.0,70.0,-1317.0
-44.0,87.0,-1223.0
70.0,162.0,-1255.0
13.0,93.0,-1077.0
56.0,-169.0,-856.0
-44.0,-115.0,-866.0
15.0,134.0,-931.0
-31.0,103.0,-817.0
-25.0,31.0,-960.0
-27.0,78.0,-950.0
-37.0,87.0,-985.0
89.0,113.0,-806.0
9.0,-27.0,-659.0
-97.0,-245.0,-435.0
5.0,91.0,-513.0
62.0,140.0,-661.0
-68.0,165.0,-774.0
-111.0,7.0,-704.0
29.0,35.0,-747.0
29.0,93.0,-653.0
-9.0,-7.0,-437.0
-21.0,-89.0,-460.0
-19.0,76.0,-478.0
78.0,-46.0,-640.0
-58.0,62.0,-755.0
17.0,-50.0,-860.0
68.0,244.0,-870.0
134.0,177.0,-792.0
15.0,85.0,-609.0
-99.0,-48.0,-495.0
-39.0,-74.0,-585.0
46.0,-85.0,-784.0
-78.0,66.0,-874.0
1.0,13.0,-903.0
-3.0,121.0,-964.0
119.0,89.0,-956.0
-1.0,37.0,-790.0
-21.0,-126.0,-632.0
-25.0,-93.0,-689.0
11.0,27.0,-839.0
-66.0,70.0,-903.0
-35.0,42.0,-913.0
-29.0,39.0,-993.0
9.0,91.0,-1015.0
9.0,-124.0,-851.0
-74.0,-156.0,-685.0
-5.0,-81.0,-661.0
1.0,249.0,-823.0
-83.0,160.0,-929.0
-74.0,11.0,-1034.0
-23.0,-80.0,-1122.0
33.0,44.0,-1157.0
-1.0,-15.0,-897.0
-85.0,-111.0,-726.0
-25.0,136.0,-667.0
-1.0,-54.0,-843.0
-66.0,122.0,-1018.0
23.0,-46.0,-1081.0
7.0,74.0,-1120.0
74.0,109.0,-1169.0
54.0,13.0,-923.0
17.0,-21.0,-579.0
-44.0,-81.0,-681.0
91.0,140.0,-899.0
3.0,117.0,-1001.0
-21.0,89.0,-1038.0
-3.0,35.0,-1116.0
17.0,140.0,-1022.0
31.0,11.0,-759.0
-37.0,-191.0,-587.0
-17.0,35.0,-571.0
-15.0,-35.0,-868.0
1.0,107.0,-970.0
-54.0,85.0,-1028.0
56.0,187.0,-1007.0
-13.0,138.0,-839.0
35.0,95.0,-735.0
-5.0,-128.0,-642.0
-68.0,-29.0,-683.0
5.0,58.0,-858.0
-27.0,66.0,-956.0
-103.0,128.0,-880.0
-21.0,85.0,-858.0
-40.0,179.0,-917.0
68.0,25.0,-720.0
-39.0,-128.0,-776.0
31.0,-44.0,-691.0
7.0,17.0,-800.0
11.0,126.0,-851.0
-5.0,46.0,-819.0
-46.0,144.0,-890.0
58.0,44.0,-933.0
-40.0,245.0,-847.0
35.0,-121.0,-607.0
-85.0,-13.0,-538.0
-23.0,-52.0,-679.0
7.0,17.0,-839.0
-56.0,121.0,-849.0
-62.0,117.0,-819.0
-85.0,255.0,-901.0
121.0,27.0,-847.0
-33.0,-201.0,-659.0
-11.0,-160.0,-548.0
0.0,-50.0,-648.0
78.0,179.0,-632.0
-56.0,124.0,-808.0
-21.0,113.0,-935.0
-56.0,119.0,-899.0
132.0,35.0,-833.0
-27.0,-232.0,-644.0
-87.0,-11.0,-431.0
-33.0,105.0,-476.0
-1.0,158.0,-724.0
9.0,0.0,-921.0
-62.0,-21.0,-940.0
-21.0,122.0,-935.0
107.0,85.0,-862.0
62.0,-9.0,-646.0
-48.0,-5.0,-489.0
0.0,85.0,-513.0
111.0,-39.0,-772.0
-80.0,-19.0,-936.0
-3.0,-68.0,-917.0
-35.0,99.0,-958.0
115.0,142.0,-886.0
-44.0,40.0,-614.0
5.0,-56.0,-427.0
-31.0,-101.0,-587.0
-5.0,-19.0,-767.0
-54.0,93.0,-872.0
-35.0,44.0,-907.0
-19.0,70.0,-985.0
117.0,5.0,-866.0
50.0,-44.0,-614.0
-81.0,-21.0,-445.0
11.0,40.0,-579.0
33.0,-5.0,-825.0
-17.0,91.0,-942.0
-40.0,-1.0,-915.0
-21.0,288.0,-868.0
56.0,-115.0,-847.0
-13.0,-111.0,-698.0
-35.0,-171.0,-515.0
11.0,76.0,-589.0
-11.0,117.0,-751.0
33.0,60.0,-856.0
-62.0,54.0,-927.0
-21.0,121.0,-923.0
17.0,111.0,-874.0
25.0,56.0,-694.0
-83.0,-169.0,-497.0
-9.0,21.0,-554.0
-31.0,177.0,-767.0
-37.0,35.0,-892.0
-101.0,-60.0,-890.0
5.0,201.0,-841.0
11.0,124.0,-958.0
17.0,83.0,-691.0
-91.0,-40.0,-542.0
17.0,-56.0,-540.0
-50.0,-54.0,-720.0
7.0,-25.0,-788.0
-48.0,81.0,-853.0
-35.0,247.0,-858.0
50.0,122.0,-913.0
27.0,-21.0,-743.0
-68.0,-81.0,-523.0
-42.0,29.0,-488.0
17.0,169.0,-650.0
-48.0,40.0,-782.0
-46.0,-107.0,-833.0
-19.0,56.0,-950.0
58.0,177.0,-972.0
113.0,0.0,-763.0
-85.0,-81.0,-511.0
25.0,-5.0,-480.0
-15.0,169.0,-692.0
17.0,72.0,-790.0
-68.0,91.0,-835.0
5.0,-81.0,-868.0
-9.0,115.0,-864.0
60.0,-29.0,-771.0
-7.0,-85.0,-644.0
-21.0,-80.0,-556.0
-64.0,171.0,-648.0
-1.0,183.0,-683.0
-25.0,-15.0,-802.0
-60.0,29.0,-892.0
5.0,165.0,-921.0
93.0,66.0,-737.0
-25.0,-62.0,-618.0
-60.0,-126.0,-488.0
3.0,66.0,-589.0
29.0,42.0,-739.0
-54.0,121.0,-751.0
-85.0,107.0,-831.0
-3.0,160.0,-858.0
66.0,-33.0,-761.0
11.0,-154.0,-632.0
-60.0,-74.0,-571.0
-1.0,-7.0,-599.0
5.0,46.0,-730.0
-66.0,78.0,-804.0
-33.0,33.0,-901.0
-15.0,167.0,-874.0
89.0,74.0,-880.0
3.0,-44.0,-657.0
-74.0,-101.0,-491.0
13.0,-33.0,-573.0
23.0,124.0,-763.0
-42.0,113.0,-778.0
-25.0,58.0,-903.0
-17.0,11.0,-931.0
140.0,-66.0,-835.0
-27.0,72.0,-624.0
-9.0,-13.0,-491.0
-1.0,-83.0,-583.0
29.0,3.0,-728.0
-56.0,56.0,-792.0
-13.0,136.0,-819.0
-19.0,152.0,-851.0
85.0,-13.0,-778.0
-7.0,0.0,-661.0
1.0,-39.0,-569.0
-25.0,-39.0,-556.0
11.0,-15.0,-745.0
-27.0,-42.0,-810.0
-52.0,179.0,-843.0
33.0,177.0,-884.0
91.0,60.0,-874.0
76.0,-52.0,-669.0
-74.0,37.0,-517.0
35.0,-50.0,-540.0
17.0,3.0,-739.0
-48.0,-1.0,-786.0
-21.0,80.0,-798.0
-17.0,214.0,-851.0
89.0,-35.0,-872.0
-37.0,-9.0,-714.0
-56.0,-33.0,-515.0
-17.0,0.0,-607.0
-7.0,56.0,-692.0
-81.0,11.0,-751.0
-42.0,199.0,-802.0
-9.0,152.0,-946.0
107.0,44.0,-901.0
1.0,-89.0,-691.0
-46.0,15.0,-488.0
-15.0,44.0,-495.0
1.0,-21.0,-728.0
-40.0,0.0,-745.0
-81.0,95.0,-794.0
27.0,162.0,-907.0
5.0,83.0,-911.0
9.0,-44.0,-657.0
-66.0,-23.0,-486.0
-15.0,56.0,-540.0
-11.0,-9.0,-733.0
-54.0,-31.0,-749.0
-60.0,113.0,-776.0
23.0,140.0,-878.0
15.0,93.0,-913.0
33.0,-27.0,-679.0
-48.0,-76.0,-587.0
3.0,-27.0,-583.0
-64.0,89.0,-646.0
-33.0,25.0,-706.0
-52.0,119.0,-810.0
-7.0,66.0,-933.0
7.0,87.0,-972.0
-9.0,58.0,-712.0
-40.0,-74.0,-503.0
-29.0,-99.0,-521.0
-35.0,-13.0,-640.0
9.0,13.0,-739.0
-56.0,128.0,-843.0
-19.0,212.0,-940.0
-56.0,128.0,-856.0
21.0,25.0,-753.0
-25.0,-101.0,-569.0
-19.0,-95.0,-488.0
-46.0,-21.0,-595.0
17.0,9.0,-632.0
-27.0,111.0,-847.0
9.0,142.0,-923.0
-7.0,119.0,-931.0
126.0,23.0,-732.0
-39.0,40.0,-488.0
0.0,-80.0,-445.0
-44.0,-25.0,-558.0
21.0,-35.0,-724.0
-31.0,40.0,-874.0
-31.0,80.0,-946.0
-33.0,60.0,-940.0
85.0,91.0,-761.0
-1.0,15.0,-626.0
-37.0,-37.0,-519.0
23.0,-66.0,-630.0
11.0,-1.0,-745.0
5.0,87.0,-866.0
-46.0,93.0,-901.0
-19.0,109.0,-911.0
29.0,-3.0,-802.0
-17.0,-40.0,-626.0
-50.0,-70.0,-491.0
-9.0,-99.0,-546.0
0.0,109.0,-634.0
-64.0,183.0,-780.0
-35.0,91.0,-899.0
-17.0,58.0,-962.0
109.0,3.0,-843.0
42.0,-35.0,-587.0
-58.0,-44.0,-443.0
-11.0,-3.0,-470.0
19.0,-17.0,-657.0
-17.0,115.0,-827.0
-66.0,154.0,-821.0
29.0,107.0,-905.0
80.0,19.0,-790.0
9.0,-9.0,-653.0
-54.0,-40.0,-447.0
-21.0,-19.0,-486.0
11.0,13.0,-692.0
-66.0,48.0,-790.0
5.0,29.0,-886.0
7.0,80.0,-1024.0
72.0,105.0,-897.0
60.0,13.0,-653.0
-58.0,0.0,-474.0
0.0,-101.0,-501.0
21.0,-7.0,-706.0
-23.0,105.0,-864.0
-56.0,121.0,-909.0
3.0,119.0,-901.0
52.0,29.0,-909.0
0.0,15.0,-618.0
-37.0,-58.0,-486.0
-50.0,5.0,-536.0
-13.0,15.0,-675.0
-52.0,109.0,-774.0
-46.0,89.0,-851.0
-15.0,101.0,-917.0
89.0,66.0,-862.0
-19.0,13.0,-675.0
0.0,-134.0,-484.0
-11.0,-3.0,-452.0
3.0,44.0,-679.0
-35.0,31.0,-790.0
1.0,52.0,-843.0
5.0,85.0,-938.0
56.0,101.0,-888.0
5.0,42.0,-669.0
-46.0,-95.0,-448.0
-60.0,-9.0,-468.0
-3.0,44.0,-663.0
-81.0,21.0,-819.0
-17.0,-27.0,-821.0
-44.0,44.0,-854.0
5.0,187.0,-866.0
-23.0,117.0,-677.0
-37.0,-72.0,-562.0
-64.0,-132.0,-552.0
-17.0,15.0,-648.0
-17.0,115.0,-755.0
-11.0,103.0,-853.0
-48.0,72.0,-872.0
46.0,58.0,-948.0
27.0,72.0,-771.0
23.0,-80.0,-525.0
-5.0,-80.0,-505.0
-37.0,7.0,-626.0
52.0,35.0,-765.0
-39.0,115.0,-835.0
31.0,33.0,-886.0
-39.0,138.0,-843.0
72.0,117.0,-735.0
-3.0,-60.0,-525.0
-74.0,-126.0,-480.0
-35.0,-15.0,-622.0
-37.0,85.0,-700.0
-44.0,111.0,-753.0
-62.0,-17.0,-878.0
-15.0,126.0,-884.0
42.0,115.0,-749.0
-29.0,29.0,-585.0
-15.0,-201.0,-528.0
-39.0,-48.0,-544.0
42.0,124.0,-708.0
0.0,119.0,-829.0
-40.0,60.0,-909.0
-1.0,56.0,-954.0
111.0,99.0,-780.0
5.0,-13.0,-573.0
-29.0,-109.0,-542.0
-33.0,-19.0,-566.0
21.0,44.0,-745.0
-35.0,136.0,-868.0
-52.0,93.0,-894.0
-15.0,81.0,-870.0
50.0,113.0,-821.0
29.0,-46.0,-691.0
-85.0,-113.0,-515.0
-7.0,-35.0,-519.0
-25.0,95.0,-663.0
-44.0,101.0,-806.0
-31.0,5.0,-874.0
-3.0,99.0,-872.0
97.0,95.0,-813.0
-9.0,23.0,-605.0
-56.0,-91.0,-443.0
-48.0,-40.0,-499.0
19.0,46.0,-679.0
-3.0,46.0,-810.0
-62.0,64.0,-849.0
-1.0,158.0,-884.0
85.0,89.0,-817.0
15.0,-52.0,-679.0
-48.0,-128.0,-544.0
-3.0,13.0,-546.0
1.0,109.0,-700.0
-27.0,115.0,-829.0
-31.0,15.0,-894.0
7.0,101.0,-944.0
85.0,122.0,-952.0
44.0,-13.0,-726.0
-54.0,-117.0,-503.0
58.0,-39.0,-540.0
19.0,50.0,-728.0
0.0,130.0,-870.0
-44.0,25.0,-907.0
-11.0,130.0,-960.0
48.0,25.0,-976.0
-11.0,-1.0,-737.0
-136.0,-64.0,-556.0
247.0,-37.0,-571.0
-60.0,70.0,-940.0
523.0,60.0,-812.0
425.0,46.0,-936.0
601.0,267.0,-981.0
862.0,13.0,-894.0
915.0,-35.0,-872.0
958.0,-115.0,-626.0
841.0,78.0,-733.0
1165.0,-109.0,-825.0
1032.0,113.0,-936.0
1091.0,146.0,-1073.0
1040.0,261.0,-1112.0
1257.0,-1.0,-976.0
1136.0,-93.0,-884.0
1050.0,-1.0,-599.0
1044.0,95.0,-523.0
1040.0,-115.0,-792.0
1036.0,-25.0,-897.0
921.0,175.0,-964.0
976.0,316.0,-987.0
888.0,7.0,-1016.0
1034.0,-76.0,-862.0
772.0,17.0,-675.0
878.0,132.0,-665.0
800.0,-181.0,-804.0
917.0,-31.0,-907.0
810.0,150.0,-1013.0
860.0,361.0,-1069.0
907.0,-87.0,-1052.0
1036.0,-52.0,-903.0
938.0,1.0,-735.0
919.0,177.0,-659.0
997.0,-173.0,-831.0
1065.0,-99.0,-1018.0
989.0,279.0,-1190.0
1007.0,292.0,-1147.0
1073.0,37.0,-1120.0
1210.0,-121.0,-1001.0
1059.0,31.0,-841.0
962.0,230.0,-661.0
993.0,-160.0,-823.0
1001.0,-162.0,-942.0
911.0,171.0,-1054.0
931.0,339.0,-1032.0
958.0,70.0,-1032.0
1022.0,11.0,-976.0
903.0,-52.0,-817.0
815.0,119.0,-640.0
841.0,-154.0,-753.0
772.0,-160.0,-884.0
601.0,185.0,-1065.0
530.0,212.0,-1085.0
493.0,179.0,-1167.0
525.0,-60.0,-1073.0
335.0,107.0,-788.0
279.0,15.0,-538.0
203.0,-52.0,-691.0
224.0,-85.0,-995.0
89.0,44.0,-1042.0
-11.0,372.0,-1038.0
58.0,81.0,-1138.0
11.0,-23.0,-1069.0
-58.0,-99.0,-837.0
-234.0,-21.0,-757.0
-109.0,25.0,-784.0
-128.0,15.0,-999.0
-160.0,115.0,-1075.0
-124.0,66.0,-1038.0
-97.0,242.0,-1143.0
74.0,-39.0,-1071.0
-115.0,-76.0,-856.0
-126.0,-156.0,-691.0
-236.0,64.0,-772.0
-308.0,-21.0,-991.0
-544.0,15.0,-1098.0
-751.0,111.0,-1241.0
-406.0,183.0,-991.0
-942.0,117.0,-1296.0
-935.0,-81.0,-849.0
-1097.0,-48.0,-610.0
-1110.0,130.0,-767.0
-1315.0,-68.0,-894.0
-1303.0,-115.0,-942.0
-1165.0,-13.0,-909.0
-1393.0,337.0,-1149.0
-1177.0,111.0,-1079.0
-1286.0,-208.0,-981.0
-1196.0,-185.0,-747.0
-1288.0,66.0,-798.0
-1059.0,146.0,-923.0
-1180.0,-107.0,-1077.0
-1069.0,25.0,-1147.0
-1026.0,255.0,-1220.0
-839.0,81.0,-1171.0
-895.0,-130.0,-1005.0
-798.0,-187.0,-732.0
-817.0,203.0,-714.0
-671.0,-7.0,-897.0
-745.0,-27.0,-1095.0
-595.0,-3.0,-1106.0
-720.0,368.0,-1175.0
-636.0,97.0,-1221.0
-642.0,-142.0,-1040.0
-663.0,-150.0,-843.0
-732.0,87.0,-782.0
-753.0,105.0,-888.0
-679.0,-121.0,-944.0
-728.0,-7.0,-1050.0
-687.0,212.0,-1061.0
-706.0,134.0,-1157.0
-634.0,-214.0,-923.0
-743.0,-58.0,-761.0
-753.0,122.0,-683.0
-782.0,107.0,-966.0
-616.0,-226.0,-1059.0
-745.0,15.0,-1171.0
-694.0,341.0,-1171.0
-749.0,162.0,-1165.0
-585.0,-169.0,-1061.0
-642.0,-191.0,-862.0
-595.0,187.0,-786.0
-544.0,66.0,-853.0
-456.0,-31.0,-1048.0
-374.0,-64.0,-1065.0
-370.0,333.0,-1151.0
-244.0,158.0,-1221.0
-150.0,-187.0,-1139.0
-210.0,-72.0,-862.0
-130.0,64.0,-839.0
-103.0,27.0,-931.0
-48.0,-97.0,-1056.0
-128.0,60.0,-1061.0
-39.0,218.0,-1126.0
-62.0,208.0,-1198.0
50.0,-103.0,-1011.0
-122.0,-54.0,-763.0
-68.0,-15.0,-657.0
-158.0,119.0,-862.0
1.0,-83.0,-979.0
-132.0,-44.0,-1081.0
-42.0,206.0,-1124.0
-91.0,210.0,-1221.0
78.0,80.0,-1110.0
-64.0,-121.0,-890.0
-29.0,-70.0,-747.0
-66.0,19.0,-845.0
-66.0,25.0,-935.0
-103.0,66.0,-1022.0
-144.0,105.0,-1112.0
-126.0,117.0,-1200.0
-101.0,-11.0,-1149.0
-199.0,-31.0,-897.0
-236.0,-44.0,-726.0
-187.0,-13.0,-862.0
-124.0,29.0,-1052.0
-201.0,21.0,-1106.0
-281.0,204.0,-1132.0
-117.0,152.0,-1214.0
-128.0,-11.0,-1141.0
-142.0,-46.0,-911.0
-216.0,-46.0,-757.0
-146.0,-21.0,-802.0
-130.0,-17.0,-956.0
-177.0,48.0,-1056.0
-175.0,105.0,-1114.0
-81.0,150.0,-1198.0
-7.0,17.0,-1171.0
-37.0,-21.0,-958.0
-148.0,-37.0,-716.0
-52.0,-29.0,-839.0
-21.0,-1.0,-927.0
-99.0,70.0,-1100.0
-66.0,68.0,-1108.0
-66.0,183.0,-1202.0
48.0,5.0,-1134.0
-58.0,-52.0,-919.0
-115.0,-62.0,-708.0
-54.0,-5.0,-821.0
-40.0,62.0,-1001.0
-66.0,56.0,-1087.0
-76.0,60.0,-1122.0
17.0,111.0,-1163.0
40.0,130.0,-1167.0
33.0,-64.0,-968.0
-54.0,-109.0,-817.0
0.0,-40.0,-757.0
-11.0,35.0,-948.0
-40.0,70.0,-1009.0
-60.0,76.0,-1130.0
-46.0,119.0,-1196.0
37.0,85.0,-1192.0
-3.0,13.0,-962.0
-37.0,-85.0,-778.0
11.0,1.0,-759.0
39.0,19.0,-999.0
66.0,7.0,-1077.0
52.0,44.0,-1079.0
128.0,148.0,-1177.0
197.0,85.0,-1210.0
169.0,3.0,-979.0
111.0,-83.0,-790.0
109.0,-50.0,-808.0
117.0,9.0,-938.0
54.0,60.0,-1007.0
40.0,81.0,-1124.0
78.0,142.0,-1173.0
117.0,85.0,-1229.0
9.0,5.0,-997.0
-3.0,-105.0,-798.0
-33.0,-29.0,-726.0
-19.0,23.0,-952.0
-54.0,50.0,-1042.0
-93.0,99.0,-1102.0
-64.0,122.0,-1206.0
-9.0,115.0,-1225.0
-50.0,-3.0,-1003.0
-85.0,-76.0,-802.0
-93.0,-31.0,-784.0
-19.0,17.0,-966.0
-72.0,17.0,-1034.0
-50.0,85.0,-1118.0
-40.0,54.0,-1167.0
-42.0,146.0,-1175.0
3.0,80.0,-1030.0
-52.0,-50.0,-915.0
-64.0,-70.0,-813.0
-95.0,19.0,-890.0
-95.0,66.0,-999.0
-80.0,76.0,-1085.0
-95.0,95.0,-1186.0
-40.0,150.0,-1218.0
-39.0,19.0,-1054.0
-66.0,-31.0,-829.0
-105.0,-70.0,-745.0
-58.0,7.0,-866.0
-37.0,15.0,-1057.0
-89.0,87.0,-1110.0
-101.0,93.0,-1145.0
-60.0,144.0,-1184.0
-11.0,60.0,-1106.0
-64.0,-58.0,-895.0
-93.0,-80.0,-800.0
-66.0,-13.0,-870.0
-54.0,39.0,-970.0
-126.0,111.0,-1067.0
-72.0,99.0,-1200.0
-85.0,115.0,-1212.0
107.0,62.0,-1122.0
-13.0,-48.0,-888.0
-33.0,-56.0,-780.0
-44.0,-1.0,-843.0
58.0,31.0,-1032.0
7.0,44.0,-1132.0
-15.0,93.0,-1157.0
21.0,113.0,-1188.0
117.0,78.0,-1091.0
21.0,-60.0,-936.0
-29.0,-74.0,-765.0
0.0,-11.0,-821.0
52.0,15.0,-997.0
-39.0,80.0,-1077.0
-5.0,89.0,-1100.0
21.0,115.0,-1180.0
93.0,101.0,-1132.0
76.0,-54.0,-993.0
-42.0,-74.0,-808.0
19.0,-46.0,-806.0
40.0,85.0,-931.0
0.0,52.0,-1097.0
-21.0,87.0,-1145.0
11.0,113.0,-1200.0
119.0,60.0,-1182.0
33.0,-23.0,-936.0
-27.0,-52.0,-757.0
21.0,-21.0,-821.0
33.0,54.0,-1001.0
-1.0,29.0,-1100.0
-11.0,58.0,-1122.0
13.0,152.0,-1122.0
105.0,80.0,-1184.0
33.0,-35.0,-1020.0
-17.0,-78.0,-815.0
-11.0,-29.0,-817.0
-15.0,60.0,-968.0
-21.0,56.0,-1040.0
-29.0,76.0,-1077.0
17.0,81.0,-1227.0
50.0,105.0,-1155.0
23.0,-40.0,-1038.0
-74.0,-89.0,-786.0
-40.0,9.0,-772.0
-7.0,27.0,-979.0
-15.0,58.0,-1087.0
-56.0,52.0,-1102.0
-23.0,124.0,-1157.0
-1.0,101.0,-1180.0
42.0,-15.0,-1022.0
-89.0,-72.0,-829.0
-19.0,-19.0,-839.0
-33.0,44.0,-952.0
-48.0,23.0,-1032.0
-64.0,50.0,-1104.0
-35.0,148.0,-1177.0
50.0,89.0,-1216.0
9.0,31.0,-1016.0
-35.0,-56.0,-866.0
-42.0,-44.0,-796.0
-15.0,29.0,-921.0
-13.0,39.0,-1011.0
-42.0,103.0,-1120.0
-25.0,115.0,-1173.0
-5.0,140.0,-1218.0
5.0,-27.0,-1069.0
-37.0,-83.0,-829.0
-68.0,5.0,-749.0
13.0,25.0,-950.0
-23.0,11.0,-1063.0
-46.0,64.0,-1126.0
-39.0,109.0,-1165.0
-21.0,142.0,-1179.0
60.0,37.0,-1054.0
-13.0,-60.0,-909.0
-9.0,-68.0,-825.0
-9.0,5.0,-903.0
-27.0,56.0,-976.0
1.0,60.0,-1079.0
-52.0,87.0,-1165.0
35.0,119.0,-1237.0
58.0,39.0,-1036.0
17.0,-9.0,-897.0
-44.0,-95.0,-792.0
-19.0,33.0,-870.0
17.0,0.0,-1018.0
-15.0,81.0,-1145.0
-56.0,122.0,-1118.0
11.0,105.0,-1169.0
80.0,39.0,-1075.0
7.0,-64.0,-923.0
-35.0,-46.0,-835.0
-19.0,-3.0,-860.0
13.0,13.0,-981.0
-62.0,93.0,-1077.0
-35.0,42.0,-1151.0
-33.0,179.0,-1163.0
121.0,35.0,-1141.0
29.0,-50.0,-923.0
-56.0,-74.0,-802.0
-11.0,-13.0,-843.0
-17.0,39.0,-962.0
-35.0,74.0,-1097.0
-66.0,80.0,-1149.0
7.0,146.0,-1225.0
85.0,25.0,-1097.0
13.0,-35.0,-942.0
-39.0,-81.0,-776.0
3.0,3.0,-841.0
31.0,27.0,-1024.0
-33.0,13.0,-1124.0
-56.0,121.0,-1102.0
0.0,107.0,-1143.0
91.0,80.0,-1104.0
13.0,-37.0,-976.0
-11.0,-93.0,-868.0
-37.0,-21.0,-821.0
-11.0,70.0,-954.0
-52.0,97.0,-1059.0
-15.0,31.0,-1118.0
-44.0,121.0,-1177.0
72.0,99.0,-1196.0
19.0,-35.0,-981.0
-44.0,-72.0,-806.0
-21.0,-17.0,-804.0
23.0,42.0,-974.0
-37.0,39.0,-1091.0
-44.0,91.0,-1093.0
19.0,109.0,-1141.0
91.0,81.0,-1171.0
-13.0,-19.0,-1013.0
-15.0,-78.0,-835.0
-3.0,-9.0,-853.0
-1.0,54.0,-960.0
-46.0,17.0,-1011.0
-48.0,99.0,-1081.0
1.0,117.0,-1184.0
74.0,105.0,-1220.0
5.0,13.0,-1024.0
-15.0,-109.0,-825.0
-54.0,-5.0,-771.0
25.0,40.0,-968.0
-33.0,9.0,-1034.0
-42.0,126.0,-1106.0
-15.0,99.0,-1208.0
89.0,117.0,-1216.0
-25.0,-15.0,-983.0
-21.0,-50.0,-790.0
-42.0,-25.0,-821.0
17.0,39.0,-974.0
-74.0,21.0,-1057.0
1.0,46.0,-1102.0
-9.0,115.0,-1151.0
5.0,165.0,-1159.0
17.0,25.0,-1042.0
-33.0,-78.0,-903.0
-15.0,-76.0,-853.0
-60.0,60.0,-897.0
-29.0,52.0,-1005.0
-15.0,44.0,-1075.0
-23.0,107.0,-1179.0
15.0,101.0,-1243.0
29.0,17.0,-1061.0
-35.0,-56.0,-833.0
-64.0,-29.0,-794.0
-7.0,13.0,-925.0
0.0,0.0,-1026.0
-52.0,68.0,-1085.0
-33.0,97.0,-1167.0
-33.0,152.0,-1159.0
80.0,33.0,-1071.0
-3.0,-66.0,-882.0
-48.0,-44.0,-853.0
5.0,-7.0,-897.0
-15.0,37.0,-972.0
-60.0,83.0,-1065.0
-44.0,81.0,-1202.0
-3.0,132.0,-1225.0
107.0,23.0,-1093.0
-48.0,-40.0,-886.0
-21.0,-85.0,-806.0
-29.0,0.0,-858.0
5.0,27.0,-1003.0
-17.0,52.0,-1104.0
-50.0,109.0,-1167.0
-17.0,134.0,-1216.0
83.0,50.0,-1075.0
19.0,-66.0,-892.0
-23.0,-81.0,-810.0
-27.0,25.0,-876.0
17.0,9.0,-1020.0
-17.0,15.0,-1106.0
-78.0,117.0,-1130.0
11.0,138.0,-1173.0
54.0,95.0,-1102.0
39.0,-62.0,-962.0
-50.0,-103.0,-843.0
-19.0,-13.0,-839.0
-1.0,64.0,-925.0
-33.0,81.0,-1079.0
-74.0,72.0,-1136.0
0.0,148.0,-1192.0
101.0,40.0,-1155.0
13.0,-25.0,-938.0
-68.0,-66.0,-763.0
-7.0,-13.0,-843.0
25.0,33.0,-1001.0
-19.0,58.0,-1124.0
-76.0,85.0,-1108.0
-13.0,154.0,-1151.0
78.0,50.0,-1157.0
-3.0,-23.0,-1009.0
-37.0,-103.0,-819.0
19.0,-46.0,-843.0
-33.0,87.0,-966.0
-31.0,62.0,-1050.0
-74.0,83.0,-1079.0
31.0,99.0,-1239.0
56.0,81.0,-1159.0
40.0,1.0,-1015.0
-64.0,-81.0,-774.0
-13.0,-25.0,-796.0
-5.0,46.0,-976.0
-39.0,29.0,-1073.0
-62.0,74.0,-1100.0
7.0,132.0,-1188.0
78.0,89.0,-1175.0
1.0,-9.0,-993.0
-54.0,-81.0,-837.0
-9.0,-27.0,-819.0
19.0,39.0,-974.0
-46.0,40.0,-1044.0
-27.0,37.0,-1112.0
-17.0,105.0,-1128.0
37.0,152.0,-1206.0
15.0,-15.0,-1032.0
-31.0,-105.0,-851.0
-21.0,-17.0,-788.0
-9.0,29.0,-940.0
-33.0,40.0,-1032.0
-42.0,64.0,-1095.0
-9.0,119.0,-1177.0
31.0,105.0,-1243.0
35.0,-5.0,-1040.0
-33.0,-80.0,-819.0
-52.0,3.0,-776.0
11.0,21.0,-989.0
-7.0,-13.0,-1059.0
-70.0,58.0,-1073.0
-23.0,122.0,-1165.0
29.0,150.0,-1198.0
21.0,-1.0,-1011.0
-7.0,-80.0,-890.0
-25.0,-46.0,-808.0
19.0,21.0,-919.0
-17.0,72.0,-993.0
48.0,35.0,-1073.0
27.0,81.0,-1175.0
134.0,156.0,-1245.0
109.0,19.0,-1063.0
142.0,-66.0,-854.0
93.0,-46.0,-798.0
222.0,21.0,-909.0
224.0,64.0,-1046.0
220.0,56.0,-1145.0
224.0,64.0,-1153.0
322.0,150.0,-1182.0
382.0,95.0,-1069.0
368.0,-91.0,-882.0
343.0,-89.0,-833.0
361.0,46.0,-915.0
441.0,146.0,-989.0
355.0,3.0,-1069.0
423.0,35.0,-1132.0
445.0,169.0,-1177.0
542.0,150.0,-1083.0
458.0,-58.0,-919.0
427.0,-224.0,-812.0
407.0,68.0,-854.0
460.0,158.0,-962.0
374.0,44.0,-1095.0
368.0,46.0,-1149.0
443.0,89.0,-1253.0
454.0,175.0,-1085.0
400.0,-81.0,-884.0
304.0,-150.0,-757.0
361.0,35.0,-874.0
322.0,134.0,-1044.0
236.0,40.0,-1102.0
230.0,-31.0,-1132.0
218.0,191.0,-1163.0
316.0,189.0,-1089.0
177.0,-78.0,-954.0
89.0,-177.0,-851.0
138.0,0.0,-884.0
103.0,214.0,-974.0
46.0,29.0,-1065.0
60.0,-11.0,-1091.0
80.0,97.0,-1214.0
111.0,220.0,-1147.0
101.0,-80.0,-966.0
-31.0,-144.0,-794.0
-31.0,11.0,-835.0
35.0,25.0,-1005.0
-44.0,101.0,-1114.0
-33.0,7.0,-1130.0
-19.0,177.0,-1157.0
85.0,122.0,-1132.0
11.0,-68.0,-1024.0
-40.0,-126.0,-831.0
-11.0,-39.0,-825.0
1.0,150.0,-952.0
-44.0,9.0,-1075.0
-93.0,62.0,-1093.0
-5.0,119.0,-1196.0
56.0,138.0,-1179.0
25.0,-13.0,-1050.0
-19.0,-122.0,-831.0
-35.0,-5.0,-790.0
19.0,21.0,-958.0
-64.0,40.0,-1030.0
9.0,87.0,-1081.0
9.0,136.0,-1194.0
105.0,99.0,-1204.0
21.0,-60.0,-1009.0
1.0,-40.0,-759.0
17.0,7.0,-851.0
17.0,44.0,-977.0
46.0,-58.0,-1038.0
35.0,11.0,-1048.0
35.0,160.0,-1169.0
78.0,175.0,-1171.0
78.0,35.0,-1032.0
87.0,-81.0,-907.0
54.0,-35.0,-901.0
13.0,95.0,-913.0
111.0,-21.0,-958.0
81.0,3.0,-1018.0
56.0,39.0,-1155.0
99.0,134.0,-1216.0
105.0,68.0,-1065.0
72.0,-31.0,-892.0
13.0,9.0,-839.0
83.0,9.0,-940.0
25.0,-19.0,-1013.0
60.0,15.0,-1046.0
-39.0,97.0,-1108.0
58.0,126.0,-1186.0
83.0,7.0,-1085.0
21.0,-25.0,-956.0
-46.0,-13.0,-866.0
64.0,-1.0,-977.0
-37.0,31.0,-948.0
-46.0,-5.0,-1028.0
-39.0,95.0,-1098.0
-17.0,134.0,-1231.0
99.0,33.0,-1134.0
-72.0,-1.0,-919.0
-48.0,-29.0,-874.0
-9.0,0.0,-907.0
1.0,15.0,-948.0
-50.0,23.0,-1032.0
-58.0,64.0,-1145.0
-56.0,117.0,-1182.0
93.0,9.0,-1136.0
-85.0,35.0,-909.0
-9.0,-64.0,-890.0
-58.0,121.0,-870.0
58.0,13.0,-1056.0
-66.0,15.0,-1026.0
-62.0,-40.0,-1102.0
-66.0,156.0,-1056.0
126.0,128.0,-1159.0
-62.0,-11.0,-985.0
-17.0,-156.0,-923.0
-64.0,50.0,-868.0
91.0,91.0,-1015.0
-66.0,87.0,-944.0
-58.0,-35.0,-1065.0
-13.0,126.0,-1134.0
119.0,74.0,-1208.0
-23.0,72.0,-993.0
-101.0,-117.0,-837.0
83.0,9.0,-892.0
74.0,83.0,-987.0
15.0,5.0,-1020.0
-134.0,33.0,-995.0
119.0,132.0,-1175.0
93.0,134.0,-1102.0
122.0,-39.0,-1112.0
-140.0,-23.0,-833.0
193.0,-74.0,-958.0
-33.0,175.0,-878.0
111.0,-72.0,-1020.0
-144.0,74.0,-925.0
163.0,9.0,-1245.0
-50.0,245.0,-1134.0
107.0,-56.0,-1143.0
-128.0,17.0,-780.0
181.0,-91.0,-952.0
-81.0,171.0,-853.0
78.0,-66.0,-1015.0
-83.0,44.0,-981.0
97.0,89.0,-1278.0
13.0,171.0,-1114.0
74.0,-56.0,-1081.0
-115.0,23.0,-854.0
169.0,-48.0,-979.0
-33.0,101.0,-911.0
-37.0,-89.0,-995.0
-33.0,0.0,-979.0
-93.0,115.0,-1149.0
72.0,197.0,-1141.0
5.0,136.0,-1069.0
68.0,-97.0,-1007.0
-68.0,5.0,-882.0
76.0,-27.0,-894.0
-78.0,-35.0,-895.0
-19.0,-21.0,-1030.0
-126.0,162.0,-1081.0
80.0,3.0,-1309.0
-17.0,91.0,-1083.0
-13.0,35.0,-1063.0
-201.0,128.0,-796.0
165.0,-76.0,-936.0
-175.0,68.0,-841.0
203.0,-126.0,-1104.0
-35.0,224.0,-1052.0
46.0,9.0,-1212.0
-138.0,124.0,-1091.0
37.0,0.0,-1057.0
-97.0,44.0,-812.0
74.0,-1.0,-895.0
42.0,-50.0,-860.0
13.0,-40.0,-1040.0
-124.0,187.0,-1040.0
46.0,50.0,-1333.0
-134.0,177.0,-1085.0
177.0,-46.0,-1005.0
39.0,5.0,-913.0
-11.0,-40.0,-899.0
25.0,11.0,-868.0
70.0,70.0,-985.0
19.0,31.0,-1155.0
-52.0,140.0,-1210.0
134.0,-7.0,-1157.0
-80.0,95.0,-942.0
-27.0,-54.0,-903.0
58.0,56.0,-917.0
-15.0,-48.0,-915.0
33.0,-29.0,-913.0
-78.0,11.0,-1136.0
-25.0,206.0,-1194.0
72.0,163.0,-1180.0
66.0,-37.0,-1003.0
-23.0,-93.0,-925.0
89.0,80.0,-843.0
15.0,-64.0,-948.0
-158.0,101.0,-950.0
72.0,-109.0,-1095.0
-44.0,187.0,-1192.0
78.0,40.0,-1272.0
-7.0,89.0,-964.0
-19.0,-113.0,-886.0
-109.0,167.0,-892.0
-3.0,-5.0,-981.0
93.0,-29.0,-983.0
-212.0,25.0,-1061.0
74.0,169.0,-1069.0
183.0,163.0,-1225.0
21.0,25.0,-1067.0
-70.0,-101.0,-925.0
54.0,-19.0,-854.0
-44.0,117.0,-968.0
-33.0,-17.0,-923.0
-142.0,13.0,-950.0
85.0,81.0,-1198.0
138.0,81.0,-1276.0
-115.0,193.0,-1138.0
-7.0,-138.0,-853.0
-21.0,-1.0,-825.0
9.0,122.0,-905.0
-35.0,13.0,-1036.0
-93.0,40.0,-979.0
11.0,-33.0,-1218.0
-64.0,191.0,-1198.0
93.0,-74.0,-1073.0
-142.0,3.0,-808.0
-56.0,-3.0,-825.0
158.0,136.0,-985.0
-5.0,-39.0,-1003.0
-89.0,40.0,-1024.0
27.0,134.0,-1182.0
72.0,81.0,-1223.0
-93.0,91.0,-1079.0
-11.0,-130.0,-868.0
-56.0,23.0,-821.0
160.0,-3.0,-944.0
-122.0,-9.0,-1069.0
-93.0,35.0,-960.0
-40.0,93.0,-999.0
167.0,150.0,-1344.0
-35.0,-17.0,-1075.0
-11.0,-101.0,-847.0
-15.0,121.0,-771.0
85.0,66.0,-1081.0
-107.0,0.0,-981.0
117.0,-50.0,-1059.0
-50.0,208.0,-1028.0
142.0,-29.0,-1282.0
-107.0,111.0,-1013.0
236.0,-29.0,-960.0
40.0,37.0,-931.0
68.0,-40.0,-929.0
-15.0,31.0,-888.0
-25.0,60.0,-987.0
-80.0,101.0,-1022.0
85.0,87.0,-1216.0
37.0,23.0,-1114.0
-62.0,76.0,-935.0
15.0,-31.0,-909.0
11.0,-85.0,-1028.0
9.0,-35.0,-917.0
-23.0,74.0,-933.0
-177.0,236.0,-1030.0
-56.0,103.0,-1194.0
199.0,-91.0,-1231.0
-169.0,93.0,-989.0
-40.0,48.0,-952.0
-31.0,5.0,-812.0
-44.0,-35.0,-997.0
-74.0,37.0,-917.0
-132.0,-11.0,-1038.0
197.0,142.0,-1093.0
37.0,99.0,-1303.0
-33.0,95.0,-1073.0
33.0,-195.0,-808.0
97.0,218.0,-839.0
-3.0,-93.0,-1016.0
-48.0,76.0,-915.0
85.0,5.0,-1054.0
-33.0,93.0,-1177.0
132.0,111.0,-1303.0
60.0,42.0,-956.0
44.0,-15.0,-835.0
25.0,-50.0,-894.0
-154.0,87.0,-999.0
201.0,25.0,-956.0
-97.0,70.0,-1077.0
95.0,95.0,-1159.0
-50.0,33.0,-1122.0
46.0,140.0,-1003.0
25.0,-60.0,-897.0
-15.0,-50.0,-1007.0
-111.0,-7.0,-823.0
40.0,54.0,-913.0
-257.0,156.0,-1056.0
117.0,3.0,-1235.0
83.0,-1.0,-1093.0
64.0,-60.0,-1124.0
-208.0,97.0,-851.0
21.0,64.0,-931.0
-111.0,103.0,-966.0
105.0,-109.0,-1030.0
-154.0,60.0,-1046.0
146.0,134.0,-1184.0
89.0,62.0,-1196.0
-48.0,-44.0,-1011.0
-44.0,-31.0,-796.0
39.0,119.0,-923.0
97.0,54.0,-997.0
-44.0,-56.0,-1007.0
-17.0,-19.0,-1030.0
17.0,142.0,-1136.0
-58.0,206.0,-1138.0
156.0,-11.0,-1118.0
-99.0,-124.0,-854.0
-87.0,-80.0,-897.0
60.0,189.0,-895.0
95.0,-35.0,-1118.0
-154.0,56.0,-1026.0
-109.0,60.0,-1050.0
169.0,85.0,-1155.0
-37.0,-44.0,-1145.0
-124.0,113.0,-851.0
54.0,58.0,-819.0
111.0,-3.0,-1044.0
-111.0,29.0,-989.0
21.0,-37.0,-1026.0
-40.0,99.0,-1138.0
5.0,58.0,-1114.0
-109.0,115.0,-1042.0
29.0,-5.0,-923.0
13.0,-93.0,-907.0
66.0,-37.0,-1020.0
-152.0,74.0,-948.0
33.0,0.0,-1013.0
-171.0,148.0,-1007.0
152.0,60.0,-1307.0
31.0,37.0,-1046.0
-25.0,-68.0,-987.0
-48.0,105.0,-874.0
74.0,3.0,-1038.0
-78.0,-1.0,-991.0
111.0,-31.0,-915.0
-44.0,97.0,-1048.0
44.0,160.0,-1200.0
44.0,25.0,-1200.0
138.0,27.0,-839.0
0.0,-154.0,-888.0
-148.0,220.0,-911.0
152.0,-56.0,-1063.0
31.0,11.0,-874.0
-21.0,23.0,-1095.0
-140.0,160.0,-1179.0
134.0,-15.0,-1223.0
-25.0,9.0,-995.0
-132.0,-56.0,-899.0
37.0,95.0,-888.0
121.0,56.0,-977.0
-17.0,19.0,-989.0
-113.0,13.0,-1145.0
-52.0,103.0,-1104.0
122.0,134.0,-1118.0
21.0,78.0,-977.0
0.0,-169.0,-907.0
-21.0,87.0,-798.0
124.0,-15.0,-1052.0
-58.0,29.0,-989.0
-154.0,64.0,-1075.0
11.0,152.0,-1052.0
204.0,70.0,-1171.0
-72.0,-42.0,-1052.0
-46.0,-113.0,-981.0
-33.0,64.0,-882.0
56.0,80.0,-997.0
-39.0,162.0,-970.0
-62.0,-81.0,-972.0
-15.0,103.0,-1075.0
204.0,48.0,-1268.0
56.0,103.0,-1151.0
-269.0,-74.0,-749.0
-1.0,21.0,-696.0
398.0,251.0,-1138.0
13.0,-230.0,-1180.0
-283.0,39.0,-771.0
167.0,101.0,-1003.0
251.0,245.0,-1481.0
-128.0,-74.0,-1198.0
-146.0,-212.0,-550.0
0.0,146.0,-767.0
101.0,175.0,-1282.0
-126.0,29.0,-1122.0
15.0,-284.0,-700.0
-107.0,325.0,-1057.0
179.0,177.0,-1547.0
-62.0,-124.0,-1241.0
-64.0,-269.0,-472.0
-251.0,181.0,-732.0
144.0,345.0,-1321.0
216.0,-206.0,-1192.0
-50.0,-244.0,-718.0
-376.0,411.0,-1005.0
81.0,448.0,-1487.0
335.0,-76.0,-1122.0
-91.0,-612.0,-609.0
-382.0,316.0,-819.0
142.0,376.0,-1282.0
115.0,-111.0,-1134.0
97.0,-577.0,-650.0
-310.0,366.0,-964.0
482.0,542.0,-1403.0
-154.0,-48.0,-1218.0
-74.0,-470.0,-653.0
-152.0,154.0,-936.0
355.0,491.0,-1184.0
199.0,-80.0,-987.0
-101.0,-585.0,-659.0
-148.0,310.0,-919.0
337.0,452.0,-1444.0
-68.0,128.0,-1372.0
-80.0,-575.0,-610.0
-169.0,257.0,-827.0
156.0,277.0,-1165.0
357.0,-23.0,-1157.0
54.0,-564.0,-616.0
-320.0,329.0,-849.0
-204.0,441.0,-1385.0
218.0,204.0,-1454.0
101.0,-663.0,-675.0
-279.0,263.0,-903.0
-105.0,105.0,-1093.0
343.0,-81.0,-1143.0
-111.0,-347.0,-694.0
-327.0,242.0,-749.0
-3.0,210.0,-1393.0
3.0,325.0,-1450.0
199.0,-322.0,-919.0
-208.0,68.0,-749.0
66.0,95.0,-964.0
396.0,105.0,-1052.0
-64.0,-74.0,-901.0
-283.0,-325.0,-894.0
-374.0,456.0,-983.0
669.0,199.0,-1538.0
242.0,-312.0,-1018.0
-353.0,23.0,-706.0
37.0,103.0,-720.0
286.0,372.0,-1257.0
329.0,-427.0,-981.0
-556.0,-162.0,-712.0
-70.0,273.0,-948.0
495.0,413.0,-1504.0
281.0,-132.0,-1368.0
-517.0,-314.0,-628.0
3.0,165.0,-587.0
365.0,423.0,-1223.0
0.0,-306.0,-1333.0
-630.0,-160.0,-630.0
169.0,121.0,-886.0
404.0,712.0,-1444.0
165.0,-312.0,-1606.0
-571.0,-175.0,-374.0
85.0,25.0,-546.0
191.0,540.0,-1270.0
-17.0,-265.0,-1448.0
-347.0,-210.0,-624.0
52.0,29.0,-845.0
187.0,669.0,-1380.0
80.0,-206.0,-1534.0
-347.0,-292.0,-597.0
-19.0,-3.0,-528.0
134.0,515.0,-1243.0
-68.0,13.0,-1409.0
-29.0,-378.0,-710.0
-175.0,62.0,-798.0
335.0,454.0,-1477.0
-122.0,91.0,-1436.0
27.0,-472.0,-743.0
-320.0,56.0,-493.0
195.0,363.0,-1231.0
50.0,177.0,-1307.0
181.0,-472.0,-974.0
-380.0,232.0,-704.0
257.0,253.0,-1311.0
-124.0,316.0,-1294.0
148.0,-513.0,-923.0
-310.0,89.0,-628.0
212.0,189.0,-1063.0
50.0,242.0,-1011.0
257.0,-591.0,-1069.0
-521.0,288.0,-927.0
-27.0,152.0,-1179.0
70.0,400.0,-1095.0
255.0,-419.0,-1063.0
-365.0,3.0,-950.0
85.0,-15.0,-700.0
83.0,345.0,-968.0
142.0,-165.0,-1171.0
-117.0,58.0,-1155.0
162.0,-115.0,-927.0
-128.0,376.0,-1132.0
146.0,-74.0,-1093.0
-50.0,-113.0,-827.0
224.0,-76.0,-788.0
-169.0,257.0,-1015.0
265.0,68.0,-1005.0
58.0,81.0,-1157.0
-105.0,-216.0,-1118.0
-140.0,144.0,-917.0
400.0,160.0,-1046.0
-91.0,40.0,-1114.0
-109.0,-273.0,-806.0
-58.0,111.0,-792.0
283.0,109.0,-1108.0
-37.0,78.0,-1251.0
-247.0,-9.0,-979.0
306.0,19.0,-936.0
156.0,183.0,-1202.0
-103.0,-111.0,-1098.0
-251.0,7.0,-669.0
208.0,-21.0,-784.0
115.0,150.0,-1229.0
-37.0,-117.0,-1251.0
-269.0,197.0,-862.0
302.0,56.0,-915.0
3.0,247.0,-1282.0
19.0,-212.0,-1112.0
-177.0,-39.0,-653.0
167.0,81.0,-716.0
0.0,175.0,-1286.0
-9.0,-31.0,-1200.0
-99.0,-54.0,-929.0
228.0,76.0,-942.0
-195.0,286.0,-1251.0
251.0,-203.0,-1112.0
-167.0,-130.0,-765.0
-74.0,-40.0,-655.0
60.0,370.0,-1221.0
66.0,60.0,-1356.0
-224.0,-130.0,-977.0
115.0,-17.0,-940.0
-48.0,247.0,-1126.0
78.0,-70.0,-1116.0
-222.0,-54.0,-700.0
31.0,-89.0,-796.0
-11.0,216.0,-1239.0
56.0,117.0,-1229.0
-105.0,-60.0,-915.0
-101.0,3.0,-907.0
154.0,206.0,-1296.0
70.0,111.0,-1208.0
-210.0,-122.0,-716.0
3.0,-9.0,-667.0
-1.0,195.0,-1175.0
197.0,-56.0,-1278.0
-294.0,-37.0,-936.0
142.0,-83.0,-948.0
-286.0,281.0,-1184.0
183.0,-1.0,-1216.0
-126.0,-78.0,-657.0
286.0,-23.0,-761.0
-251.0,220.0,-1083.0
191.0,-31.0,-1409.0
-191.0,46.0,-886.0
247.0,93.0,-1042.0
-302.0,261.0,-1122.0
244.0,-107.0,-1243.0
-58.0,-138.0,-646.0
245.0,122.0,-858.0
-519.0,201.0,-1093.0
316.0,-72.0,-1116.0
64.0,27.0,-812.0
347.0,195.0,-1278.0
-644.0,134.0,-1143.0
281.0,-121.0,-968.0
0.0,29.0,-720.0
160.0,-58.0,-1091.0
-564.0,222.0,-976.0
521.0,-244.0,-1005.0
146.0,142.0,-1050.0
-42.0,126.0,-1253.0
-388.0,87.0,-1028.0
269.0,-119.0,-915.0
15.0,-80.0,-884.0
7.0,302.0,-1015.0
-160.0,15.0,-1003.0
417.0,-169.0,-1054.0
-158.0,-126.0,-1098.0
-308.0,378.0,-1114.0
-122.0,335.0,-870.0
571.0,-312.0,-1081.0
-267.0,37.0,-1024.0
128.0,31.0,-1057.0
-306.0,306.0,-692.0
435.0,-318.0,-1116.0
-232.0,17.0,-936.0
35.0,163.0,-1122.0
-150.0,277.0,-864.0
296.0,-89.0,-1253.0
-206.0,-156.0,-1063.0
-21.0,101.0,-864.0
-62.0,214.0,-755.0
245.0,-181.0,-1179.0
-283.0,-74.0,-1159.0
-60.0,89.0,-1022.0
0.0,238.0,-923.0
257.0,-64.0,-1268.0
-187.0,-103.0,-1124.0
17.0,-46.0,-767.0
-117.0,261.0,-722.0
228.0,-122.0,-1169.0
-93.0,-31.0,-1149.0
-68.0,33.0,-1077.0
-15.0,345.0,-970.0
275.0,-21.0,-1169.0
-95.0,-271.0,-1272.0
-103.0,-19.0,-689.0
124.0,277.0,-696.0
177.0,109.0,-1173.0
-146.0,-185.0,-1346.0
-148.0,27.0,-870.0
283.0,105.0,-940.0
0.0,152.0,-1184.0
-97.0,-206.0,-1198.0
-203.0,19.0,-550.0
177.0,220.0,-876.0
-126.0,76.0,-1251.0
-132.0,-279.0,-1214.0
-101.0,39.0,-679.0
329.0,361.0,-1050.0
-7.0,-13.0,-1356.0
-177.0,-134.0,-1192.0
-224.0,-40.0,-556.0
146.0,357.0,-878.0
-134.0,89.0,-1190.0
66.0,-242.0,-1139.0
-122.0,-64.0,-821.0
329.0,376.0,-1007.0
-163.0,216.0,-1344.0
42.0,-294.0,-1126.0
-154.0,-97.0,-646.0
224.0,499.0,-689.0
27.0,31.0,-1288.0
-99.0,-148.0,-1194.0
144.0,-222.0,-757.0
197.0,372.0,-958.0
-220.0,191.0,-1411.0
27.0,-228.0,-1114.0
154.0,-234.0,-632.0
150.0,355.0,-839.0
-201.0,183.0,-1106.0
150.0,-185.0,-1198.0
-54.0,-132.0,-878.0
269.0,226.0,-1102.0
-242.0,277.0,-1241.0
206.0,-199.0,-1151.0
-179.0,-19.0,-640.0
210.0,66.0,-860.0
-279.0,181.0,-1036.0
191.0,-177.0,-1266.0
-89.0,191.0,-913.0
-17.0,-5.0,-1044.0
-15.0,160.0,-1052.0
183.0,-11.0,-1159.0
-101.0,-29.0,-815.0
-171.0,-40.0,-823.0
0.0,222.0,-1003.0
249.0,-72.0,-1262.0
-93.0,13.0,-1020.0
-167.0,27.0,-886.0
218.0,85.0,-1132.0
85.0,122.0,-1239.0
-21.0,-204.0,-935.0
-302.0,56.0,-616.0
183.0,117.0,-976.0
81.0,99.0,-1346.0
-167.0,58.0,-1114.0
-136.0,-44.0,-794.0
290.0,148.0,-1001.0
124.0,21.0,-1399.0
-97.0,-95.0,-921.0
-117.0,3.0,-566.0
204.0,185.0,-977.0
54.0,201.0,-1465.0
-19.0,-156.0,-1054.0
-216.0,81.0,-657.0
372.0,-9.0,-999.0
-189.0,300.0,-1403.0
105.0,-218.0,-1009.0
-187.0,3.0,-571.0
87.0,23.0,-936.0
-44.0,242.0,-1344.0
115.0,-136.0,-1138.0
-290.0,31.0,-726.0
242.0,-21.0,-1063.0
-31.0,212.0,-1391.0
17.0,-115.0,-1036.0
-167.0,-44.0,-587.0
-33.0,99.0,-909.0
66.0,206.0,-1335.0
35.0,-89.0,-1143.0
-216.0,81.0,-765.0
255.0,-146.0,-1018.0
-89.0,238.0,-1356.0
113.0,-76.0,-993.0
-64.0,40.0,-679.0
91.0,-21.0,-938.0
-21.0,191.0,-1319.0
97.0,-27.0,-1091.0
9.0,113.0,-753.0
76.0,-37.0,-1085.0
-101.0,132.0,-1356.0
204.0,-189.0,-944.0
-140.0,15.0,-687.0
-126.0,64.0,-876.0
140.0,130.0,-1223.0
238.0,-146.0,-1091.0
-255.0,72.0,-913.0
15.0,3.0,-1050.0
-37.0,242.0,-1270.0
199.0,-95.0,-1057.0
-302.0,3.0,-763.0
-66.0,89.0,-808.0
66.0,140.0,-1196.0
240.0,-35.0,-1220.0
-103.0,-64.0,-1016.0
-322.0,-25.0,-903.0
72.0,255.0,-1089.0
134.0,-9.0,-1143.0
-185.0,-76.0,-874.0
-9.0,29.0,-702.0
56.0,105.0,-1093.0
46.0,255.0,-1210.0
-50.0,-144.0,-1054.0
-234.0,-19.0,-890.0
134.0,17.0,-1145.0
60.0,251.0,-1097.0
-37.0,-175.0,-911.0
-191.0,-152.0,-780.0
76.0,31.0,-1102.0
181.0,218.0,-1190.0
-160.0,109.0,-1093.0
-245.0,44.0,-940.0
341.0,-128.0,-977.0
109.0,169.0,-1143.0
-122.0,-25.0,-1024.0
-214.0,42.0,-720.0
191.0,-76.0,-1059.0
163.0,238.0,-1210.0
7.0,-64.0,-1077.0
-269.0,62.0,-813.0
197.0,29.0,-1038.0
89.0,95.0,-1315.0
-267.0,-33.0,-954.0
-117.0,40.0,-589.0
234.0,23.0,-989.0
-5.0,175.0,-1317.0
-56.0,-121.0,-1110.0
-240.0,-54.0,-790.0
251.0,111.0,-1032.0
-44.0,99.0,-1282.0
-74.0,-89.0,-935.0
-121.0,-35.0,-669.0
39.0,146.0,-993.0
128.0,101.0,-1387.0
-160.0,-56.0,-1167.0
-177.0,-78.0,-724.0
224.0,146.0,-944.0
25.0,226.0,-1307.0
19.0,-105.0,-1024.0
-15.0,-121.0,-640.0
-23.0,80.0,-931.0
37.0,234.0,-1317.0
50.0,-40.0,-1056.0
-132.0,-29.0,-759.0
212.0,70.0,-1034.0
-11.0,158.0,-1352.0
31.0,-76.0,-913.0
-195.0,15.0,-640.0
203.0,33.0,-1015.0
97.0,85.0,-1278.0
95.0,-50.0,-1087.0
-165.0,-11.0,-827.0
232.0,181.0,-997.0
-81.0,-5.0,-1296.0
33.0,-80.0,-1007.0
-156.0,-144.0,-810.0
146.0,445.0,-798.0
220.0,-3.0,-1192.0
-85.0,-39.0,-1165.0
-140.0,-199.0,-907.0
154.0,316.0,-925.0
-138.0,240.0,-1294.0
222.0,-175.0,-1013.0
-191.0,-140.0,-673.0
265.0,124.0,-716.0
-113.0,193.0,-1315.0
107.0,-9.0,-1278.0
-162.0,-48.0,-743.0
251.0,-91.0,-1011.0
-103.0,359.0,-1071.0
464.0,-269.0,-1180.0
-329.0,95.0,-679.0
-50.0,-156.0,-849.0
15.0,497.0,-1188.0
236.0,-158.0,-1446.0
-212.0,0.0,-603.0
284.0,-126.0,-794.0
81.0,341.0,-1342.0
3.0,-95.0,-1260.0
-320.0,-160.0,-609.0
134.0,142.0,-767.0
142.0,316.0,-1210.0
80.0,-5.0,-1220.0
-39.0,-370.0,-810.0
187.0,11.0,-905.0
-109.0,733.0,-1376.0
158.0,-220.0,-1159.0
-302.0,-331.0,-571.0
236.0,-46.0,-737.0
35.0,698.0,-1339.0
-19.0,-124.0,-1342.0
-331.0,-417.0,-730.0
439.0,-9.0,-991.0
-324.0,743.0,-1300.0
50.0,-421.0,-1327.0
-456.0,-300.0,-466.0
421.0,222.0,-995.0
-499.0,782.0,-1280.0
50.0,-448.0,-1268.0
-50.0,-253.0,-675.0
271.0,199.0,-1192.0
-462.0,503.0,-1323.0
58.0,-267.0,-1038.0
-152.0,-277.0,-636.0
290.0,13.0,-958.0
-413.0,597.0,-1161.0
140.0,-113.0,-1251.0
-146.0,-265.0,-876.0
-35.0,31.0,-1229.0
-445.0,525.0,-1087.0
255.0,-173.0,-890.0
-31.0,-411.0,-894.0
-68.0,163.0,-1145.0
-548.0,532.0,-1118.0
460.0,-308.0,-911.0
-257.0,-33.0,-1081.0
-15.0,-44.0,-1093.0
-197.0,448.0,-987.0
325.0,25.0,-1110.0
17.0,-312.0,-1085.0
-167.0,19.0,-815.0
-62.0,366.0,-935.0
273.0,140.0,-909.0
111.0,-308.0,-1239.0
-370.0,-40.0,-1114.0
95.0,253.0,-1038.0
224.0,105.0,-772.0
335.0,-392.0,-1192.0
-527.0,238.0,-868.0
206.0,68.0,-708.0
162.0,427.0,-942.0
72.0,-343.0,-1458.0
-329.0,160.0,-935.0
156.0,-1.0,-804.0
456.0,316.0,-968.0
-40.0,-419.0,-1305.0
-286.0,142.0,-771.0
204.0,115.0,-571.0
320.0,411.0,-1057.0
-39.0,-337.0,-1497.0
-136.0,5.0,-862.0
232.0,56.0,-679.0
507.0,187.0,-1097.0
-337.0,-136.0,-1331.0
-58.0,-46.0,-575.0
226.0,80.0,-622.0
144.0,339.0,-1259.0
-76.0,-261.0,-1516.0
-197.0,-91.0,-655.0
587.0,-195.0,-866.0
-54.0,488.0,-1149.0
-9.0,-85.0,-1333.0
-66.0,-216.0,-548.0
169.0,226.0,-772.0
193.0,349.0,-1294.0
-42.0,-76.0,-1419.0
-19.0,-160.0,-634.0
191.0,-146.0,-845.0
122.0,521.0,-1210.0
-242.0,-222.0,-1403.0
-171.0,-109.0,-398.0
482.0,56.0,-796.0
29.0,448.0,-1153.0
-23.0,-333.0,-1489.0
-130.0,-35.0,-603.0
136.0,203.0,-1005.0
-83.0,292.0,-1200.0
-199.0,-197.0,-1206.0
52.0,-228.0,-595.0
126.0,216.0,-796.0
-93.0,152.0,-1329.0
-105.0,-89.0,-1380.0
33.0,-222.0,-890.0
-78.0,327.0,-829.0
87.0,9.0,-1241.0
-249.0,130.0,-1095.0
308.0,-251.0,-743.0
27.0,322.0,-878.0
-275.0,160.0,-1255.0
-64.0,-165.0,-1169.0
206.0,-126.0,-909.0
-160.0,308.0,-1038.0
-76.0,-29.0,-1050.0
-27.0,-60.0,-1046.0
265.0,-163.0,-849.0
-105.0,349.0,-950.0
-212.0,152.0,-1120.0
58.0,-162.0,-1153.0
177.0,-19.0,-1030.0
-238.0,148.0,-1089.0
-189.0,185.0,-1003.0
124.0,-89.0,-1009.0
351.0,-132.0,-909.0
-263.0,171.0,-1108.0
-347.0,89.0,-1030.0
15.0,-122.0,-1028.0
210.0,13.0,-1175.0
-505.0,203.0,-1073.0
35.0,224.0,-935.0
19.0,-85.0,-983.0
232.0,-58.0,-1210.0
-511.0,134.0,-991.0
54.0,259.0,-858.0
33.0,-122.0,-1106.0
0.0,-27.0,-1301.0
-450.0,-70.0,-899.0
273.0,415.0,-999.0
-201.0,-83.0,-972.0
242.0,-273.0,-1071.0
-497.0,226.0,-950.0
335.0,160.0,-989.0
-318.0,93.0,-962.0
431.0,-154.0,-1075.0
-214.0,87.0,-991.0
238.0,171.0,-1016.0
-162.0,-191.0,-1143.0
210.0,5.0,-956.0
-52.0,58.0,-1065.0
150.0,339.0,-821.0
-89.0,-76.0,-1085.0
349.0,-117.0,-921.0
-214.0,40.0,-1077.0
310.0,437.0,-989.0
-74.0,-242.0,-1102.0
226.0,-56.0,-888.0
-185.0,124.0,-938.0
68.0,201.0,-985.0
-81.0,85.0,-997.0
548.0,-327.0,-989.0
-329.0,177.0,-950.0
345.0,124.0,-1132.0
-325.0,138.0,-977.0
528.0,-292.0,-1020.0
-493.0,85.0,-931.0
212.0,292.0,-995.0
0.0,148.0,-970.0
236.0,-316.0,-1091.0
-257.0,7.0,-796.0
409.0,111.0,-1225.0
-83.0,58.0,-1059.0
226.0,-327.0,-1073.0
-493.0,74.0,-802.0
370.0,283.0,-1122.0
-204.0,312.0,-892.0
445.0,-302.0,-1081.0
-165.0,-91.0,-997.0
187.0,56.0,-1179.0
-115.0,314.0,-1007.0
298.0,-119.0,-940.0
-374.0,-171.0,-888.0
87.0,327.0,-929.0
167.0,37.0,-1141.0
-15.0,58.0,-987.0
-124.0,-378.0,-1126.0
-91.0,302.0,-913.0
224.0,201.0,-1202.0
-107.0,29.0,-964.0
-249.0,-341.0,-970.0
7.0,245.0,-866.0
48.0,343.0,-1192.0
-31.0,-31.0,-1040.0
-169.0,-458.0,-1128.0
-251.0,199.0,-843.0
201.0,390.0,-1227.0
-117.0,-62.0,-1001.0
-240.0,-355.0,-849.0
-17.0,122.0,-812.0
160.0,447.0,-1354.0
-152.0,-35.0,-1091.0
-193.0,-320.0,-1134.0
-91.0,31.0,-823.0
265.0,513.0,-1200.0
33.0,-179.0,-1163.0
-232.0,-134.0,-835.0
-19.0,-109.0,-839.0
48.0,679.0,-1352.0
40.0,-245.0,-1098.0
-39.0,-76.0,-931.0
-52.0,-124.0,-849.0
226.0,575.0,-1223.0
-11.0,-300.0,-1268.0
-284.0,-54.0,-735.0
-44.0,-204.0,-798.0
167.0,769.0,-1186.0
-62.0,-218.0,-1249.0
-257.0,-39.0,-886.0
-44.0,-415.0,-1003.0
136.0,585.0,-1098.0
-167.0,29.0,-1233.0
-386.0,-183.0,-796.0
-249.0,-234.0,-823.0
5.0,671.0,-1182.0
-359.0,-64.0,-1356.0
-357.0,-140.0,-796.0
-195.0,-273.0,-952.0
-89.0,532.0,-1026.0
-413.0,-19.0,-1274.0
-431.0,-148.0,-851.0
-187.0,-206.0,-868.0
-255.0,394.0,-1095.0
-509.0,277.0,-1227.0
-195.0,-325.0,-853.0
-439.0,-25.0,-974.0
-128.0,247.0,-1155.0
-628.0,349.0,-1132.0
-406.0,-335.0,-888.0
-441.0,-128.0,-806.0
-124.0,306.0,-1134.0
-394.0,281.0,-1184.0
-251.0,-361.0,-841.0
-433.0,15.0,-909.0
-144.0,-3.0,-1225.0
-396.0,363.0,-1067.0
-193.0,-261.0,-880.0
-361.0,-13.0,-968.0
-448.0,218.0,-1057.0
-234.0,199.0,-1141.0
-234.0,-181.0,-733.0
-222.0,-156.0,-1016.0
-261.0,39.0,-1054.0
-257.0,374.0,-1159.0
-224.0,-242.0,-864.0
-484.0,3.0,-907.0
-308.0,50.0,-886.0
-191.0,443.0,-1139.0
-122.0,-236.0,-936.0
-341.0,-115.0,-1044.0
-417.0,0.0,-1046.0
-216.0,450.0,-1110.0
-185.0,-263.0,-1024.0
-238.0,-9.0,-894.0
-253.0,-70.0,-866.0
105.0,396.0,-1020.0
-83.0,-240.0,-1061.0
-187.0,-81.0,-886.0
-402.0,-35.0,-1007.0
23.0,450.0,-1100.0
-101.0,-167.0,-1259.0
-197.0,-5.0,-909.0
-279.0,-60.0,-854.0
126.0,306.0,-970.0
11.0,-185.0,-1155.0
-95.0,-70.0,-954.0
-142.0,-74.0,-938.0
195.0,406.0,-1130.0
224.0,17.0,-1192.0
224.0,-35.0,-907.0
210.0,-136.0,-761.0
425.0,286.0,-948.0
284.0,-58.0,-1208.0
304.0,-146.0,-944.0
-132.0,27.0,-1013.0
415.0,308.0,-1159.0
185.0,66.0,-1342.0
296.0,-35.0,-960.0
-181.0,35.0,-728.0
283.0,81.0,-878.0
81.0,37.0,-1169.0
-21.0,-101.0,-972.0
-355.0,140.0,-835.0
218.0,42.0,-1106.0
7.0,210.0,-1296.0
-76.0,-154.0,-931.0
-353.0,103.0,-648.0
136.0,-19.0,-880.0
-42.0,195.0,-1337.0
-103.0,-228.0,-1106.0
-472.0,138.0,-835.0
124.0,3.0,-1057.0
-66.0,306.0,-1344.0
-54.0,-206.0,-1036.0
-382.0,117.0,-650.0
107.0,-74.0,-952.0
-113.0,167.0,-1276.0
-17.0,-206.0,-1069.0
-462.0,226.0,-786.0
251.0,-19.0,-1179.0
-83.0,286.0,-1362.0
64.0,-89.0,-1036.0
-300.0,107.0,-661.0
183.0,-58.0,-987.0
-109.0,72.0,-1186.0
21.0,-42.0,-1083.0
-392.0,115.0,-835.0
249.0,11.0,-1147.0
-111.0,236.0,-1247.0
158.0,-76.0,-948.0
-327.0,107.0,-646.0
201.0,-89.0,-1083.0
-78.0,66.0,-1128.0
99.0,-29.0,-1075.0
-368.0,185.0,-831.0
273.0,91.0,-1165.0
-68.0,93.0,-1397.0
142.0,-31.0,-1059.0
-324.0,93.0,-692.0
99.0,27.0,-960.0
-81.0,29.0,-1134.0
132.0,-81.0,-1087.0
-409.0,122.0,-864.0
277.0,44.0,-1141.0
-58.0,179.0,-1282.0
179.0,-91.0,-1046.0
-275.0,19.0,-624.0
150.0,64.0,-933.0
19.0,113.0,-1225.0
146.0,-54.0,-1153.0
-261.0,-54.0,-868.0
242.0,183.0,-1001.0
21.0,148.0,-1294.0
201.0,-60.0,-1075.0
-212.0,-37.0,-667.0
187.0,56.0,-890.0
39.0,99.0,-1188.0
171.0,-15.0,-1114.0
-284.0,-5.0,-813.0
230.0,140.0,-1052.0
52.0,189.0,-1356.0
187.0,-40.0,-1095.0
-244.0,-107.0,-661.0
158.0,60.0,-870.0
48.0,27.0,-1216.0
85.0,40.0,-1124.0
-275.0,-126.0,-841.0
175.0,175.0,-989.0
-39.0,177.0,-1307.0
121.0,1.0,-1073.0
-290.0,-54.0,-683.0
85.0,-15.0,-917.0
-50.0,126.0,-1204.0
89.0,1.0,-1097.0
-337.0,-56.0,-829.0
113.0,115.0,-1022.0
-56.0,156.0,-1389.0
152.0,25.0,-1128.0
-259.0,-87.0,-733.0
11.0,37.0,-808.0
9.0,66.0,-1120.0
81.0,39.0,-1059.0
-253.0,-83.0,-845.0
89.0,124.0,-1022.0
7.0,154.0,-1284.0
144.0,25.0,-1081.0
-224.0,-87.0,-694.0
-31.0,93.0,-831.0
113.0,89.0,-1198.0
107.0,25.0,-1112.0
-214.0,-66.0,-894.0
72.0,136.0,-968.0
15.0,95.0,-1294.0
144.0,-15.0,-1122.0
-193.0,-85.0,-718.0
13.0,140.0,-825.0
58.0,76.0,-1186.0
119.0,13.0,-1106.0
48.0,128.0,-1247.0
134.0,-27.0,-1097.0
-175.0,-109.0,-724.0
25.0,148.0,-815.0
60.0,138.0,-1235.0
138.0,-37.0,-1171.0
-136.0,-156.0,-894.0
1.0,195.0,-933.0
89.0,124.0,-1194.0
121.0,-62.0,-1067.0
-167.0,-66.0,-751.0
19.0,163.0,-864.0
78.0,152.0,-1251.0
140.0,-83.0,-1167.0
-122.0,-87.0,-847.0
-31.0,134.0,-929.0
56.0,173.0,-1190.0
152.0,-121.0,-1171.0
-126.0,-52.0,-759.0
-39.0,169.0,-825.0
78.0,175.0,-1206.0
150.0,-111.0,-1141.0
-142.0,-58.0,-854.0
-54.0,148.0,-983.0
52.0,185.0,-1165.0
76.0,-124.0,-1116.0
-148.0,-31.0,-790.0
-27.0,138.0,-884.0
117.0,156.0,-1237.0
119.0,-101.0,-1167.0
-128.0,-58.0,-856.0
-109.0,140.0,-972.0
48.0,175.0,-1161.0
85.0,-134.0,-1122.0
-134.0,-1.0,-810.0
-40.0,126.0,-849.0
76.0,160.0,-1143.0
138.0,-193.0,-1153.0
-101.0,-31.0,-858.0
-124.0,130.0,-1015.0
80.0,165.0,-1155.0
66.0,-103.0,-1128.0
-89.0,-1.0,-794.0
-40.0,117.0,-882.0
54.0,181.0,-1130.0
107.0,-152.0,-1198.0
-93.0,-40.0,-925.0
-130.0,122.0,-991.0
81.0,165.0,-1056.0
66.0,-81.0,-1100.0
-89.0,-37.0,-868.0
-81.0,101.0,-901.0
78.0,169.0,-1100.0
85.0,-115.0,-1198.0
-81.0,-44.0,-862.0
-238.0,101.0,-966.0
97.0,156.0,-1087.0
58.0,-74.0,-1214.0
-56.0,-39.0,-886.0
-150.0,150.0,-823.0
89.0,126.0,-1011.0
138.0,-99.0,-1221.0
-359.0,-29.0,-1028.0
-242.0,-29.0,-800.0
-146.0,193.0,-1110.0
-614.0,80.0,-1196.0
-759.0,-179.0,-1003.0
-1089.0,165.0,-730.0
-685.0,111.0,-974.0
-1143.0,-7.0,-1497.0
-794.0,-162.0,-933.0
-1663.0,138.0,-718.0
-1024.0,163.0,-972.0
-1423.0,-265.0,-1231.0
-1227.0,-33.0,-837.0
-1825.0,181.0,-692.0
-1280.0,251.0,-1020.0
-1210.0,-257.0,-1426.0
-1337.0,0.0,-1264.0
-1727.0,279.0,-868.0
-1134.0,17.0,-1108.0
-1054.0,-238.0,-1194.0
-1409.0,-58.0,-970.0
-1196.0,406.0,-765.0
-962.0,-17.0,-1206.0
-981.0,-355.0,-1218.0
-1280.0,87.0,-1106.0
-1098.0,478.0,-931.0
-687.0,-81.0,-1192.0
-1110.0,-392.0,-1087.0
-1073.0,150.0,-720.0
-884.0,540.0,-827.0
-640.0,-156.0,-1298.0
-1079.0,-468.0,-1139.0
-856.0,70.0,-864.0
-1151.0,630.0,-956.0
-843.0,50.0,-1165.0
-1161.0,-618.0,-999.0
-1079.0,54.0,-696.0
-1421.0,409.0,-694.0
-1272.0,199.0,-1075.0
-1194.0,-384.0,-1233.0
-1216.0,-251.0,-1141.0
-1694.0,587.0,-894.0
-1290.0,150.0,-1065.0
-1327.0,-267.0,-1120.0
-1292.0,-370.0,-925.0
-1497.0,429.0,-683.0
-1284.0,394.0,-1040.0
-1054.0,-249.0,-1432.0
-1391.0,-165.0,-1237.0
-1598.0,308.0,-813.0
-1239.0,81.0,-1009.0
-1290.0,-195.0,-1300.0
-1243.0,-312.0,-1075.0
-1583.0,312.0,-706.0
-892.0,117.0,-1050.0
-1087.0,40.0,-1450.0
-977.0,76.0,-1005.0
-1374.0,3.0,-776.0
-1015.0,15.0,-1052.0
-1184.0,-245.0,-1165.0
-882.0,-46.0,-851.0
-1573.0,378.0,-812.0
-1163.0,0.0,-1214.0
-1235.0,-35.0,-1241.0
-1138.0,-124.0,-1091.0
-1758.0,286.0,-759.0
-1214.0,-177.0,-854.0
-1294.0,-130.0,-1167.0
-1262.0,-234.0,-927.0
-1715.0,542.0,-876.0
-1305.0,138.0,-1071.0
-1387.0,-121.0,-1311.0
-1309.0,-163.0,-1091.0
-1616.0,214.0,-759.0
-1329.0,76.0,-974.0
-1280.0,-331.0,-1247.0
-1465.0,-44.0,-1225.0
-1834.0,286.0,-683.0
-1637.0,224.0,-999.0
-1085.0,-52.0,-1184.0
-1391.0,-150.0,-1081.0
-1629.0,226.0,-802.0
-1551.0,99.0,-1139.0
-1171.0,-78.0,-1190.0
-1202.0,-130.0,-954.0
-1493.0,199.0,-665.0
-1276.0,-3.0,-979.0
-1184.0,-265.0,-1249.0
-1354.0,-126.0,-1231.0
-1709.0,119.0,-872.0
-1493.0,482.0,-1085.0
-1020.0,-292.0,-1169.0
-1577.0,-91.0,-1102.0
-1337.0,-39.0,-605.0
-1610.0,402.0,-806.0
-1057.0,204.0,-1167.0
-1460.0,-265.0,-1255.0
-1192.0,7.0,-726.0
-1458.0,27.0,-1081.0
-940.0,54.0,-1132.0
-1481.0,-288.0,-1208.0
-1354.0,-181.0,-657.0
-1612.0,294.0,-1003.0
-1044.0,396.0,-1298.0
-1423.0,124.0,-1311.0
-1467.0,-197.0,-737.0
-1409.0,156.0,-1024.0
-1020.0,-117.0,-1194.0
-1635.0,-56.0,-938.0
-1491.0,-50.0,-733.0
-1419.0,206.0,-948.0
-1177.0,-439.0,-1169.0
-1417.0,466.0,-1097.0
-1319.0,-99.0,-1067.0
-1153.0,197.0,-1116.0
-1134.0,-476.0,-1095.0
-1335.0,218.0,-792.0
-1311.0,486.0,-817.0
-1423.0,-150.0,-1042.0
-1475.0,46.0,-1163.0
-1294.0,-119.0,-1085.0
-1329.0,433.0,-919.0
-1385.0,-208.0,-1208.0
-1407.0,-245.0,-1122.0
-1419.0,160.0,-747.0
-1385.0,-136.0,-687.0
-1376.0,-115.0,-1110.0
-1467.0,-46.0,-1097.0
-1426.0,314.0,-1149.0
-1417.0,203.0,-1151.0
-1284.0,-216.0,-1216.0
-1356.0,83.0,-782.0
-1282.0,-97.0,-917.0
-1350.0,113.0,-833.0
-1380.0,-119.0,-1034.0
-1380.0,-156.0,-1001.0
-1512.0,398.0,-1268.0
-1423.0,216.0,-1110.0
-1344.0,-251.0,-1198.0
-1061.0,81.0,-950.0
-1313.0,115.0,-892.0
-1102.0,132.0,-815.0
-933.0,-269.0,-979.0
-1108.0,-83.0,-884.0
-778.0,119.0,-974.0
-862.0,-15.0,-1120.0
-895.0,171.0,-1110.0
-1059.0,-11.0,-1015.0
-886.0,40.0,-1122.0
-800.0,142.0,-835.0
-985.0,-44.0,-845.0
-683.0,-290.0,-895.0
-677.0,351.0,-1426.0
-534.0,226.0,-940.0
-763.0,-273.0,-1071.0
-109.0,-5.0,-1052.0
-456.0,-302.0,-1069.0
-435.0,482.0,-558.0
-429.0,-312.0,-812.0
-273.0,-93.0,-1233.0
-279.0,452.0,-1073.0
-392.0,177.0,-1102.0
48.0,288.0,-1321.0
-142.0,-279.0,-1108.0
-318.0,-101.0,-872.0
-105.0,87.0,-749.0
-48.0,-111.0,-964.0
-244.0,222.0,-940.0
-95.0,-242.0,-1028.0
-83.0,269.0,-1208.0
-33.0,0.0,-1130.0
-93.0,-58.0,-1130.0
39.0,306.0,-851.0
-124.0,111.0,-710.0
-91.0,-25.0,-853.0
171.0,-126.0,-1007.0
-201.0,66.0,-1179.0
-134.0,179.0,-1141.0
-27.0,-31.0,-1210.0
-39.0,-163.0,-1157.0
-386.0,1.0,-796.0
-83.0,60.0,-677.0
-226.0,204.0,-987.0
-128.0,-222.0,-1046.0
-236.0,296.0,-1124.0
-244.0,199.0,-1104.0
-208.0,64.0,-1153.0
-201.0,156.0,-1003.0
-7.0,-327.0,-903.0
-499.0,83.0,-892.0
122.0,-160.0,-651.0
-448.0,-105.0,-1257.0
-234.0,244.0,-1126.0
-441.0,152.0,-1141.0
11.0,281.0,-1018.0
-35.0,78.0,-1153.0
-240.0,48.0,-960.0
-324.0,-249.0,-806.0
-115.0,208.0,-607.0
-171.0,48.0,-1065.0
85.0,-283.0,-1218.0
-310.0,148.0,-1050.0
-171.0,48.0,-1077.0
70.0,13.0,-1284.0
-263.0,-89.0,-714.0
-284.0,216.0,-722.0
-109.0,140.0,-796.0
66.0,-203.0,-1346.0
-31.0,363.0,-862.0
-193.0,175.0,-1167.0
-177.0,-9.0,-1138.0
257.0,-204.0,-972.0
-152.0,40.0,-882.0
-64.0,-263.0,-806.0
-177.0,23.0,-923.0
93.0,7.0,-843.0
11.0,185.0,-1151.0
-142.0,136.0,-1317.0
107.0,275.0,-1159.0
189.0,-111.0,-1036.0
111.0,44.0,-735.0
-236.0,-300.0,-931.0
236.0,124.0,-776.0
11.0,-99.0,-1005.0
-3.0,363.0,-1098.0
-99.0,-452.0,-1218.0
158.0,230.0,-909.0
99.0,244.0,-1141.0
-144.0,-95.0,-1100.0
-58.0,-142.0,-788.0
343.0,68.0,-712.0
-119.0,306.0,-1132.0
27.0,-181.0,-1202.0
-27.0,218.0,-989.0
35.0,-74.0,-1085.0
-44.0,304.0,-1270.0
144.0,-68.0,-974.0
-171.0,-286.0,-696.0
-173.0,11.0,-747.0
115.0,-27.0,-1143.0
163.0,255.0,-1075.0
-78.0,154.0,-999.0
-54.0,136.0,-1169.0
46.0,66.0,-1214.0
0.0,7.0,-985.0
-31.0,-222.0,-624.0
-40.0,-247.0,-927.0
5.0,380.0,-1175.0
-314.0,150.0,-1136.0
-3.0,33.0,-831.0
-224.0,-216.0,-1243.0
-25.0,290.0,-1108.0
-89.0,-156.0,-997.0
-39.0,-152.0,-800.0
-89.0,-181.0,-772.0
-52.0,534.0,-968.0
-117.0,226.0,-1126.0
163.0,85.0,-1018.0
-115.0,-216.0,-1192.0
-56.0,216.0,-1087.0
236.0,-206.0,-1026.0
-236.0,234.0,-936.0
101.0,-130.0,-671.0
-257.0,-195.0,-1054.0
119.0,-80.0,-1093.0
-210.0,304.0,-1237.0
54.0,156.0,-1032.0
39.0,152.0,-997.0
124.0,9.0,-1147.0
-23.0,-81.0,-915.0
-19.0,-325.0,-843.0
-78.0,435.0,-866.0
238.0,-35.0,-964.0
-136.0,160.0,-1141.0
35.0,-175.0,-1179.0
-89.0,279.0,-954.0
111.0,-31.0,-1013.0
-156.0,-253.0,-1011.0
-33.0,-216.0,-778.0
-66.0,310.0,-671.0
46.0,74.0,-1059.0
-40.0,124.0,-1380.0
21.0,216.0,-970.0
72.0,80.0,-1018.0
150.0,-42.0,-1085.0
138.0,-99.0,-1067.0
136.0,-312.0,-708.0
-245.0,206.0,-862.0
146.0,208.0,-907.0
15.0,236.0,-1268.0
15.0,-48.0,-1112.0
-214.0,-3.0,-1118.0
171.0,165.0,-810.0
15.0,-162.0,-931.0
-35.0,74.0,-755.0
-87.0,-74.0,-944.0
50.0,35.0,-940.0
-107.0,273.0,-1221.0
40.0,107.0,-1093.0
21.0,50.0,-1024.0
13.0,148.0,-1024.0
40.0,-337.0,-976.0
-162.0,-33.0,-737.0
122.0,-160.0,-866.0
5.0,339.0,-1114.0
-201.0,13.0,-1112.0
29.0,142.0,-1153.0
-25.0,134.0,-960.0
162.0,162.0,-1011.0
-148.0,-72.0,-981.0
-97.0,-228.0,-999.0
158.0,-44.0,-845.0
-44.0,130.0,-927.0
0.0,99.0,-1126.0
-236.0,99.0,-1243.0
72.0,181.0,-1024.0
89.0,126.0,-1028.0
0.0,-366.0,-1015.0
-318.0,68.0,-782.0
-9.0,-197.0,-808.0
-29.0,396.0,-1005.0
62.0,113.0,-1056.0
-132.0,230.0,-1061.0
-31.0,-232.0,-1079.0
21.0,247.0,-1139.0
220.0,46.0,-853.0
-197.0,-331.0,-888.0
76.0,-294.0,-899.0
91.0,277.0,-1112.0
-89.0,187.0,-929.0
83.0,181.0,-1102.0
-89.0,66.0,-1243.0
72.0,-80.0,-1202.0
-103.0,-39.0,-858.0
105.0,37.0,-673.0
66.0,-60.0,-833.0
17.0,19.0,-1038.0
-35.0,80.0,-1116.0
-76.0,284.0,-1022.0
128.0,58.0,-1136.0
97.0,54.0,-1210.0
39.0,-105.0,-849.0
150.0,-302.0,-618.0
-19.0,183.0,-694.0
-21.0,-58.0,-1251.0
93.0,76.0,-1212.0
91.0,33.0,-921.0
-33.0,296.0,-1018.0
-121.0,97.0,-1114.0
64.0,-132.0,-925.0
0.0,-87.0,-769.0
25.0,-173.0,-903.0
7.0,-66.0,-960.0
-21.0,661.0,-1052.0
11.0,113.0,-1116.0
-56.0,21.0,-1128.0
101.0,-255.0,-999.0
140.0,97.0,-985.0
-115.0,-201.0,-765.0
-193.0,142.0,-897.0
-27.0,-95.0,-1030.0
-46.0,138.0,-1100.0
-46.0,212.0,-1071.0
-183.0,146.0,-987.0
124.0,64.0,-1151.0
-54.0,-58.0,-929.0
140.0,-21.0,-987.0
-48.0,64.0,-706.0
146.0,-167.0,-1100.0
-107.0,132.0,-1165.0
-54.0,185.0,-1001.0
-39.0,263.0,-944.0
-44.0,-121.0,-1296.0
72.0,70.0,-929.0
-35.0,-81.0,-759.0
-52.0,-54.0,-862.0
-107.0,35.0,-1024.0
130.0,17.0,-1030.0
-142.0,271.0,-968.0
-93.0,7.0,-1100.0
-17.0,117.0,-1165.0
83.0,-60.0,-925.0
15.0,39.0,-792.0
33.0,-173.0,-827.0
-52.0,156.0,-1083.0
150.0,-78.0,-1095.0
-87.0,197.0,-1067.0
-5.0,189.0,-1048.0
91.0,126.0,-1038.0
122.0,54.0,-1052.0
-31.0,-191.0,-911.0
56.0,-240.0,-839.0
46.0,50.0,-911.0
179.0,152.0,-1020.0
-56.0,404.0,-1067.0
-109.0,56.0,-1130.0
76.0,-54.0,-1001.0
206.0,29.0,-1026.0
-48.0,80.0,-929.0
11.0,-335.0,-862.0
-39.0,-46.0,-936.0
191.0,300.0,-1059.0
-187.0,93.0,-1022.0
-11.0,126.0,-1108.0
-109.0,85.0,-1114.0
234.0,-117.0,-1057.0
-183.0,60.0,-800.0
117.0,-240.0,-866.0
37.0,126.0,-948.0
-134.0,228.0,-1059.0
9.0,-117.0,-1067.0
64.0,-7.0,-1028.0
-44.0,286.0,-1093.0
-11.0,54.0,-1104.0
224.0,72.0,-933.0
-97.0,-296.0,-849.0
-138.0,-29.0,-927.0
0.0,140.0,-1177.0
76.0,382.0,-1046.0
-152.0,97.0,-1016.0
56.0,-169.0,-1032.0
-21.0,76.0,-1097.0
-37.0,124.0,-821.0
-35.0,-404.0,-753.0
54.0,37.0,-772.0
109.0,-201.0,-1218.0
-122.0,507.0,-968.0
29.0,269.0,-917.0
-78.0,39.0,-1083.0
216.0,-60.0,-1126.0
-113.0,-242.0,-929.0
-58.0,199.0,-872.0
54.0,-181.0,-917.0
-83.0,210.0,-997.0
85.0,93.0,-958.0
-56.0,99.0,-1026.0
64.0,-15.0,-1149.0
-244.0,140.0,-1251.0
40.0,-62.0,-862.0
-31.0,-212.0,-694.0
244.0,306.0,-876.0
-113.0,121.0,-1249.0
-91.0,9.0,-1106.0
0.0,160.0,-970.0
195.0,-56.0,-1110.0
-150.0,95.0,-1177.0
117.0,-128.0,-886.0
-74.0,167.0,-730.0
150.0,-417.0,-858.0
44.0,42.0,-1190.0
-33.0,267.0,-983.0
-206.0,290.0,-1042.0
130.0,70.0,-1179.0
-50.0,3.0,-1139.0
105.0,-158.0,-827.0
-103.0,130.0,-792.0
140.0,-72.0,-929.0
193.0,140.0,-1098.0
-80.0,-42.0,-1169.0
-228.0,177.0,-1098.0
80.0,167.0,-999.0
-5.0,-70.0,-1003.0
117.0,-117.0,-964.0
-1.0,62.0,-841.0
-89.0,5.0,-929.0
5.0,109.0,-1069.0
78.0,21.0,-1200.0
66.0,169.0,-849.0
-142.0,-39.0,-931.0
-68.0,169.0,-1200.0
179.0,-60.0,-1034.0
0.0,33.0,-993.0
15.0,-203.0,-897.0
-39.0,-66.0,-940.0
134.0,35.0,-919.0
-64.0,534.0,-1003.0
-152.0,-37.0,-1155.0
89.0,308.0,-1159.0
122.0,-306.0,-977.0
-95.0,-13.0,-788.0
15.0,-160.0,-632.0
-15.0,58.0,-1036.0
-33.0,306.0,-1013.0
42.0,-185.0,-1165.0
-185.0,333.0,-1013.0
64.0,-113.0,-1145.0
-150.0,318.0,-1003.0
232.0,-175.0,-827.0
-167.0,-140.0,-757.0
134.0,11.0,-853.0
-58.0,265.0,-1128.0
81.0,-56.0,-1050.0
-247.0,230.0,-1136.0
173.0,224.0,-968.0
74.0,-355.0,-1083.0
21.0,-107.0,-958.0
-105.0,15.0,-753.0
261.0,-80.0,-999.0
-269.0,249.0,-1184.0
97.0,0.0,-1116.0
-253.0,286.0,-884.0
91.0,165.0,-995.0
-13.0,-1.0,-1098.0
113.0,-314.0,-745.0
-40.0,124.0,-829.0
-11.0,-56.0,-960.0
177.0,31.0,-1260.0
-193.0,-17.0,-995.0
37.0,44.0,-892.0
80.0,275.0,-1032.0
119.0,-11.0,-1093.0
113.0,48.0,-958.0
-33.0,-134.0,-940.0
21.0,-95.0,-952.0
64.0,128.0,-917.0
-64.0,35.0,-909.0
-5.0,138.0,-1153.0
-83.0,-9.0,-1153.0
122.0,222.0,-1149.0
146.0,-275.0,-716.0
0.0,-17.0,-776.0
37.0,37.0,-782.0
-3.0,212.0,-1274.0
-25.0,-144.0,-1048.0
-72.0,388.0,-938.0
-5.0,-23.0,-1075.0
-240.0,3.0,-1177.0
277.0,-206.0,-845.0
-124.0,81.0,-899.0
-89.0,130.0,-970.0
-50.0,154.0,-1020.0
242.0,-1.0,-952.0
-294.0,197.0,-985.0
224.0,40.0,-1095.0
-48.0,9.0,-1286.0
122.0,-175.0,-1011.0
-42.0,-3.0,-749.0
3.0,74.0,-776.0
-105.0,193.0,-1118.0
-19.0,83.0,-1243.0
-48.0,-111.0,-1005.0
-42.0,327.0,-1089.0
0.0,-230.0,-1040.0
3.0,312.0,-964.0
-56.0,-138.0,-708.0
-134.0,-58.0,-1048.0
52.0,81.0,-1075.0
80.0,-31.0,-1046.0
-95.0,220.0,-880.0
-74.0,-101.0,-1040.0
89.0,130.0,-1165.0
-39.0,-48.0,-1075.0
119.0,-210.0,-841.0
-54.0,19.0,-849.0
146.0,163.0,-1134.0
19.0,312.0,-968.0
-152.0,87.0,-958.0
-46.0,-40.0,-1106.0
150.0,156.0,-1179.0
1.0,-236.0,-917.0
81.0,21.0,-704.0
-25.0,-89.0,-856.0
-76.0,476.0,-1153.0
23.0,-140.0,-1003.0
-81.0,17.0,-1138.0
42.0,-283.0,-1057.0
-85.0,329.0,-974.0
109.0,-5.0,-950.0
13.0,-119.0,-1026.0
-89.0,-130.0,-888.0
-1.0,230.0,-929.0
146.0,380.0,-1048.0
-247.0,9.0,-1063.0
-44.0,-121.0,-1016.0
220.0,-64.0,-1132.0
-66.0,-146.0,-1106.0
3.0,89.0,-810.0
91.0,44.0,-901.0
124.0,300.0,-927.0
-76.0,169.0,-1108.0
-81.0,21.0,-1085.0
48.0,-146.0,-1034.0
-70.0,-81.0,-1067.0
50.0,-35.0,-1126.0
27.0,62.0,-804.0
-46.0,72.0,-772.0
-21.0,236.0,-894.0
56.0,134.0,-1067.0
13.0,-152.0,-987.0
15.0,-1.0,-1042.0
-81.0,-17.0,-1116.0
3.0,111.0,-1030.0
279.0,-42.0,-845.0
-124.0,-173.0,-962.0
-11.0,3.0,-966.0
40.0,286.0,-1046.0
-35.0,288.0,-968.0
-66.0,3.0,-1005.0
-113.0,-271.0,-1239.0
70.0,54.0,-1149.0
97.0,-210.0,-810.0
-64.0,29.0,-800.0
1.0,249.0,-1022.0
156.0,132.0,-1046.0
-162.0,357.0,-1100.0
3.0,-105.0,-974.0
1.0,-206.0,-1007.0
122.0,-109.0,-1098.0
-136.0,58.0,-1020.0
9.0,-204.0,-864.0
-109.0,220.0,-909.0
103.0,290.0,-1028.0
-179.0,247.0,-1015.0
-33.0,181.0,-1052.0
-21.0,-105.0,-1198.0
240.0,-208.0,-1097.0
181.0,-13.0,-751.0
105.0,-78.0,-812.0
156.0,97.0,-1020.0
39.0,312.0,-1132.0
327.0,42.0,-1030.0
27.0,152.0,-976.0
329.0,-218.0,-999.0
-68.0,-191.0,-1052.0
304.0,119.0,-919.0
78.0,-7.0,-950.0
308.0,42.0,-917.0
601.0,310.0,-964.0
464.0,318.0,-864.0
488.0,-232.0,-1239.0
835.0,91.0,-940.0
854.0,-126.0,-1194.0
1909.0,-181.0,-661.0
454.0,251.0,-1225.0
1938.0,-365.0,-735.0
1182.0,739.0,-1032.0
1577.0,76.0,-1069.0
1087.0,150.0,-1216.0
1471.0,-76.0,-1106.0
1508.0,-331.0,-1057.0
1442.0,-40.0,-931.0
1110.0,154.0,-732.0
1339.0,109.0,-771.0
1407.0,324.0,-987.0
966.0,388.0,-1083.0
1167.0,-144.0,-890.0
1173.0,-304.0,-868.0
1016.0,156.0,-1024.0
1061.0,-95.0,-854.0
970.0,-99.0,-921.0
1257.0,-81.0,-808.0
685.0,335.0,-1182.0
1276.0,101.0,-954.0
714.0,269.0,-1221.0
1161.0,-81.0,-995.0
833.0,52.0,-1348.0
1374.0,-199.0,-968.0
1110.0,-144.0,-1028.0
1274.0,183.0,-913.0
1038.0,370.0,-1260.0
1413.0,370.0,-1077.0
1087.0,187.0,-1139.0
1303.0,-292.0,-1124.0
1136.0,154.0,-1038.0
1643.0,-148.0,-923.0
1208.0,-245.0,-991.0
1432.0,-60.0,-1011.0
1136.0,87.0,-1048.0
1327.0,427.0,-993.0
1063.0,107.0,-999.0
1155.0,-27.0,-794.0
1022.0,253.0,-1075.0
1323.0,-244.0,-976.0
1134.0,-337.0,-960.0
1378.0,-35.0,-692.0
1169.0,324.0,-894.0
1512.0,509.0,-917.0
1161.0,72.0,-972.0
1268.0,-29.0,-1073.0
1274.0,-66.0,-1165.0
1409.0,-698.0,-958.0
1145.0,-101.0,-821.0
1337.0,320.0,-925.0
1237.0,702.0,-1097.0
1329.0,419.0,-1073.0
1034.0,74.0,-1126.0
1194.0,-335.0,-946.0
1227.0,-324.0,-1132.0
1557.0,-50.0,-1087.0
1106.0,320.0,-1087.0
1633.0,27.0,-778.0
1286.0,204.0,-966.0
1585.0,208.0,-958.0
1139.0,103.0,-1046.0
1700.0,-60.0,-989.0
1073.0,154.0,-1350.0
1629.0,-80.0,-1112.0
1311.0,-40.0,-976.0
1733.0,-277.0,-706.0
1182.0,355.0,-933.0
1733.0,152.0,-1022.0
1370.0,460.0,-1268.0
1536.0,5.0,-1057.0
1153.0,-109.0,-962.0
1641.0,-345.0,-901.0
1253.0,-245.0,-997.0
1362.0,-300.0,-872.0
1141.0,482.0,-882.0
1575.0,359.0,-1005.0
1138.0,495.0,-1016.0
1667.0,-95.0,-942.0
1165.0,-1.0,-1194.0
1534.0,-318.0,-1054.0
1186.0,-302.0,-1067.0
1438.0,74.0,-849.0
1177.0,-42.0,-946.0
1493.0,439.0,-853.0
1196.0,689.0,-1093.0
1399.0,312.0,-1317.0
1292.0,-247.0,-1202.0
1534.0,-964.0,-1001.0
1255.0,-357.0,-843.0
1631.0,50.0,-798.0
1296.0,870.0,-1077.0
1510.0,817.0,-1100.0
1169.0,-11.0,-1231.0
1413.0,-497.0,-977.0
1300.0,-226.0,-942.0
1464.0,-210.0,-884.0
1241.0,269.0,-1034.0
1493.0,130.0,-1007.0
1255.0,427.0,-1015.0
1618.0,130.0,-915.0
1280.0,33.0,-1015.0
1428.0,-148.0,-933.0
1292.0,9.0,-1057.0
1407.0,-68.0,-1059.0
1067.0,25.0,-1098.0
1464.0,-42.0,-806.0
1145.0,212.0,-952.0
1424.0,76.0,-909.0
1196.0,222.0,-1116.0
1401.0,13.0,-1007.0
1339.0,-5.0,-1106.0
1538.0,-9.0,-1001.0
1368.0,-89.0,-1036.0
1450.0,-70.0,-933.0
1454.0,-17.0,-1067.0
1458.0,251.0,-1001.0
1370.0,189.0,-1024.0
1438.0,130.0,-946.0
1395.0,111.0,-1077.0
1471.0,-7.0,-1161.0
1428.0,-60.0,-1200.0
1458.0,-396.0,-962.0
1407.0,-160.0,-909.0
1475.0,290.0,-769.0
1208.0,564.0,-925.0
1278.0,382.0,-1007.0
1112.0,76.0,-1323.0
1274.0,-242.0,-1141.0
1120.0,-388.0,-1042.0
1301.0,-363.0,-622.0
1030.0,187.0,-767.0
1204.0,486.0,-929.0
907.0,648.0,-1282.0
1036.0,35.0,-1102.0
767.0,-240.0,-1196.0
933.0,-263.0,-958.0
890.0,-121.0,-1048.0
993.0,-35.0,-829.0
769.0,87.0,-1042.0
899.0,300.0,-979.0
788.0,482.0,-1116.0
739.0,185.0,-981.0
599.0,-128.0,-1241.0
665.0,-290.0,-1186.0
628.0,-283.0,-1100.0
642.0,-50.0,-813.0
505.0,171.0,-864.0
515.0,460.0,-936.0
460.0,335.0,-1198.0
435.0,25.0,-1079.0
325.0,-156.0,-1057.0
341.0,-183.0,-1036.0
366.0,-124.0,-1024.0
331.0,-66.0,-890.0
177.0,72.0,-868.0
204.0,296.0,-888.0
162.0,325.0,-1054.0
107.0,154.0,-1032.0
111.0,-70.0,-1073.0
140.0,-162.0,-1057.0
171.0,-169.0,-1093.0
160.0,-95.0,-825.0
107.0,44.0,-872.0
156.0,302.0,-921.0
87.0,404.0,-1065.0
85.0,185.0,-985.0
13.0,7.0,-1095.0
146.0,-101.0,-1151.0
132.0,-126.0,-1124.0
224.0,-152.0,-856.0
107.0,46.0,-831.0
212.0,353.0,-884.0
128.0,472.0,-1132.0
203.0,296.0,-1095.0
58.0,42.0,-1106.0
232.0,-95.0,-1030.0
179.0,-60.0,-1059.0
234.0,-15.0,-927.0
144.0,66.0,-880.0
273.0,345.0,-892.0
142.0,509.0,-1087.0
203.0,447.0,-960.0
27.0,169.0,-1102.0
218.0,-33.0,-1163.0
150.0,-74.0,-1139.0
267.0,-21.0,-856.0
76.0,165.0,-808.0
283.0,462.0,-878.0
101.0,591.0,-1132.0
171.0,546.0,-1093.0
31.0,204.0,-1134.0
126.0,35.0,-1061.0
33.0,-9.0,-1118.0
156.0,119.0,-946.0
31.0,281.0,-909.0
177.0,491.0,-950.0
11.0,624.0,-1106.0
113.0,493.0,-1057.0
-21.0,271.0,-1128.0
93.0,191.0,-1124.0
17.0,201.0,-1169.0
128.0,208.0,-981.0
5.0,193.0,-894.0
156.0,318.0,-886.0
-5.0,609.0,-1056.0
76.0,659.0,-1075.0
-58.0,462.0,-1134.0
31.0,230.0,-1157.0
0.0,56.0,-1120.0
105.0,76.0,-927.0
-3.0,226.0,-815.0
119.0,447.0,-862.0
-50.0,745.0,-1100.0
66.0,618.0,-1145.0
-62.0,298.0,-1089.0
81.0,105.0,-1007.0
-31.0,177.0,-1001.0
115.0,263.0,-940.0
-13.0,197.0,-936.0
83.0,296.0,-952.0
-11.0,538.0,-1032.0
115.0,562.0,-1028.0
-74.0,448.0,-987.0
-3.0,158.0,-1087.0
-62.0,138.0,-1139.0
119.0,111.0,-1036.0
-15.0,134.0,-884.0
50.0,292.0,-878.0
-5.0,503.0,-977.0
76.0,530.0,-1136.0
-64.0,312.0,-1106.0
-85.0,42.0,-1134.0
-72.0,101.0,-1093.0
37.0,54.0,-1022.0
-46.0,21.0,-899.0
-76.0,197.0,-976.0
-103.0,443.0,-1001.0
-19.0,573.0,-1065.0
-121.0,439.0,-1030.0
-128.0,115.0,-1081.0
-91.0,25.0,-1050.0
-9.0,-40.0,-1089.0
-62.0,-3.0,-895.0
-23.0,74.0,-923.0
-62.0,357.0,-917.0
-7.0,493.0,-1052.0
-89.0,497.0,-1052.0
-72.0,160.0,-1157.0
7.0,-48.0,-1128.0
95.0,-175.0,-1085.0
91.0,-44.0,-827.0
46.0,189.0,-851.0
68.0,583.0,-948.0
50.0,655.0,-1149.0
-31.0,286.0,-1081.0
-31.0,-56.0,-1091.0
21.0,-78.0,-983.0
97.0,9.0,-1022.0
33.0,162.0,-917.0
19.0,181.0,-968.0
72.0,353.0,-999.0
78.0,579.0,-1061.0
39.0,478.0,-935.0
-33.0,261.0,-1054.0
0.0,46.0,-1151.0
50.0,-27.0,-1128.0
119.0,42.0,-907.0
5.0,197.0,-835.0
89.0,503.0,-890.0
-5.0,624.0,-1120.0
62.0,550.0,-1054.0
-56.0,230.0,-1126.0
56.0,81.0,-1056.0
1.0,154.0,-1085.0
122.0,95.0,-933.0
-48.0,240.0,-933.0
76.0,390.0,-938.0
-48.0,628.0,-1120.0
-35.0,640.0,-1015.0
-91.0,390.0,-1077.0
35.0,171.0,-1122.0
-19.0,117.0,-1163.0
44.0,134.0,-913.0
-54.0,261.0,-890.0
83.0,474.0,-917.0
-66.0,735.0,-1048.0
3.0,622.0,-1048.0
-122.0,396.0,-1071.0
60.0,189.0,-1143.0
-83.0,99.0,-1110.0
111.0,138.0,-909.0
-89.0,284.0,-854.0
95.0,532.0,-935.0
-103.0,765.0,-1089.0
81.0,618.0,-1093.0
-97.0,324.0,-1085.0
64.0,113.0,-1048.0
-68.0,212.0,-1061.0
87.0,329.0,-923.0
-64.0,312.0,-936.0
80.0,402.0,-974.0
-68.0,484.0,-1052.0
74.0,548.0,-1026.0
-74.0,445.0,-1061.0
7.0,273.0,-1106.0
-17.0,230.0,-1145.0
56.0,245.0,-995.0
-33.0,296.0,-880.0
70.0,468.0,-913.0
-66.0,694.0,-1052.0
52.0,587.0,-1063.0
-81.0,368.0,-1083.0
-1.0,99.0,-1110.0
-35.0,162.0,-1054.0
126.0,204.0,-987.0
-9.0,199.0,-938.0
29.0,331.0,-987.0
-29.0,569.0,-1005.0
42.0,632.0,-1042.0
-76.0,530.0,-999.0
-39.0,265.0,-1112.0
-64.0,109.0,-1153.0
70.0,107.0,-1030.0
-19.0,89.0,-868.0
-13.0,281.0,-888.0
-37.0,542.0,-1011.0
62.0,569.0,-1081.0
-64.0,429.0,-1077.0
-1.0,85.0,-1136.0
-91.0,58.0,-1077.0
42.0,136.0,-993.0
0.0,175.0,-911.0
9.0,300.0,-946.0
-66.0,503.0,-1038.0
37.0,513.0,-1075.0
-56.0,378.0,-1046.0
-9.0,99.0,-1048.0
-80.0,169.0,-1016.0
70.0,122.0,-1069.0
-54.0,206.0,-979.0
-27.0,163.0,-952.0
3.0,359.0,-966.0
21.0,474.0,-1024.0
-66.0,468.0,-931.0
-87.0,277.0,-1095.0
-48.0,148.0,-1167.0
81.0,-15.0,-1165.0
33.0,7.0,-874.0
-39.0,179.0,-819.0
0.0,517.0,-915.0
42.0,605.0,-1120.0
-29.0,484.0,-1081.0
-52.0,152.0,-1089.0
13.0,101.0,-1081.0
40.0,44.0,-1054.0
21.0,54.0,-899.0
-33.0,160.0,-938.0
64.0,528.0,-991.0
11.0,669.0,-1079.0
-29.0,583.0,-954.0
-52.0,279.0,-1065.0
-15.0,105.0,-1151.0
40.0,64.0,-1130.0
-5.0,165.0,-878.0
-60.0,257.0,-886.0
76.0,474.0,-933.0
-21.0,581.0,-1065.0
-44.0,564.0,-1063.0
-42.0,230.0,-1198.0
-11.0,171.0,-1071.0
27.0,87.0,-1030.0
33.0,247.0,-892.0
-39.0,378.0,-942.0
15.0,552.0,-979.0
-29.0,630.0,-1139.0
-31.0,417.0,-1091.0
-58.0,206.0,-1059.0
-31.0,232.0,-970.0
0.0,347.0,-1075.0
1.0,361.0,-974.0
-42.0,263.0,-1028.0
0.0,329.0,-964.0
-25.0,548.0,-1007.0
48.0,644.0,-905.0
-72.0,532.0,-1063.0
-50.0,267.0,-1147.0
-15.0,130.0,-1227.0
-21.0,150.0,-964.0
13.0,238.0,-796.0
13.0,628.0,-847.0
-1.0,726.0,-1071.0
-17.0,640.0,-1147.0
-46.0,316.0,-1124.0
-46.0,111.0,-1081.0
0.0,162.0,-1030.0
56.0,185.0,-985.0
-11.0,341.0,-919.0
33.0,447.0,-999.0
-40.0,675.0,-1081.0
0.0,665.0,-981.0
-70.0,433.0,-979.0
-11.0,228.0,-1149.0
-35.0,169.0,-1179.0
56.0,111.0,-981.0
-9.0,320.0,-849.0
13.0,448.0,-905.0
-25.0,638.0,-1032.0
37.0,626.0,-1097.0
-72.0,322.0,-1100.0
-7.0,107.0,-1102.0
-56.0,183.0,-1050.0
89.0,281.0,-956.0
-11.0,320.0,-931.0
17.0,433.0,-983.0
-56.0,523.0,-1020.0
60.0,488.0,-1087.0
-70.0,339.0,-1030.0
-33.0,308.0,-1009.0
-56.0,322.0,-1057.0
85.0,199.0,-1108.0
-66.0,95.0,-972.0
25.0,111.0,-936.0
-23.0,491.0,-944.0
64.0,634.0,-1026.0
-107.0,548.0,-1028.0
-58.0,310.0,-1141.0
-27.0,126.0,-1200.0
111.0,-19.0,-1061.0
9.0,31.0,-829.0
13.0,277.0,-835.0
-5.0,583.0,-1024.0
54.0,716.0,-1155.0
-48.0,363.0,-1118.0
-46.0,78.0,-1069.0
-31.0,40.0,-997.0
93.0,105.0,-1001.0
-17.0,191.0,-936.0
-21.0,279.0,-1005.0
-21.0,478.0,-1015.0
0.0,587.0,-1042.0
-33.0,351.0,-929.0
-62.0,163.0,-1059.0
-46.0,19.0,-1163.0
52.0,99.0,-1134.0
-25.0,144.0,-899.0
-23.0,279.0,-837.0
52.0,488.0,-888.0
-7.0,577.0,-1124.0
-72.0,427.0,-1061.0
-48.0,185.0,-1122.0
11.0,31.0,-1032.0
13.0,136.0,-1026.0
31.0,169.0,-899.0
-95.0,310.0,-954.0
105.0,396.0,-993.0
-25.0,523.0,-1124.0
-9.0,365.0,-964.0
-78.0,283.0,-1024.0
48.0,255.0,-1079.0
-7.0,222.0,-1169.0
37.0,195.0,-974.0
-66.0,109.0,-944.0
78.0,337.0,-931.0
-29.0,616.0,-1013.0
5.0,677.0,-993.0
-97.0,495.0,-1079.0
39.0,230.0,-1190.0
31.0,-33.0,-1149.0
54.0,3.0,-890.0
-44.0,169.0,-825.0
27.0,689.0,-901.0
-44.0,802.0,-1180.0
-19.0,571.0,-1138.0
-70.0,201.0,-1089.0
50.0,134.0,-970.0
-37.0,312.0,-1024.0
52.0,286.0,-942.0
-66.0,327.0,-989.0
39.0,368.0,-999.0
-46.0,618.0,-1059.0
27.0,593.0,-927.0
-95.0,345.0,-1046.0
31.0,175.0,-1132.0
-52.0,195.0,-1179.0
140.0,228.0,-958.0
-60.0,390.0,-837.0
52.0,540.0,-870.0
-54.0,636.0,-1093.0
27.0,589.0,-1132.0
-48.0,284.0,-1102.0
-25.0,316.0,-991.0
7.0,107.0,-1048.0
27.0,306.0,-974.0
-7.0,283.0,-989.0
-15.0,431.0,-983.0
3.0,597.0,-1059.0
13.0,452.0,-1007.0
-66.0,407.0,-983.0
-17.0,419.0,-1056.0
-72.0,400.0,-1177.0
85.0,234.0,-1038.0
-27.0,97.0,-919.0
60.0,251.0,-892.0
-39.0,599.0,-987.0
64.0,700.0,-1024.0
-72.0,509.0,-1089.0
-42.0,265.0,-1139.0
-50.0,78.0,-1177.0
64.0,78.0,-983.0
3.0,167.0,-802.0
5.0,468.0,-868.0
0.0,679.0,-1063.0
40.0,685.0,-1151.0
-21.0,308.0,-1112.0
-39.0,66.0,-1036.0
-48.0,163.0,-1001.0
78.0,294.0,-1028.0
-21.0,283.0,-952.0
-33.0,290.0,-1020.0
-7.0,497.0,-1024.0
15.0,542.0,-1013.0
-44.0,370.0,-921.0
-66.0,214.0,-1108.0
-50.0,187.0,-1188.0
25.0,134.0,-1169.0
-21.0,156.0,-853.0
-19.0,279.0,-829.0
3.0,534.0,-960.0
-3.0,583.0,-1130.0
-64.0,347.0,-1085.0
-76.0,208.0,-1120.0
-33.0,152.0,-993.0
31.0,162.0,-1022.0
62.0,97.0,-936.0
-62.0,214.0,-981.0
7.0,464.0,-985.0
37.0,564.0,-1056.0
-89.0,507.0,-940.0
-48.0,224.0,-1091.0
-56.0,271.0,-1126.0
83.0,40.0,-1139.0
-70.0,105.0,-854.0
3.0,148.0,-864.0
-27.0,429.0,-954.0
83.0,696.0,-1110.0
-66.0,525.0,-997.0
-91.0,253.0,-1139.0
33.0,80.0,-1155.0
70.0,-23.0,-1075.0
17.0,80.0,-841.0
-31.0,316.0,-907.0
-11.0,706.0,-942.0
-11.0,733.0,-1136.0
-25.0,392.0,-1087.0
-107.0,156.0,-1042.0
-7.0,134.0,-985.0
33.0,162.0,-1052.0
27.0,199.0,-958.0
0.0,140.0,-1018.0
-15.0,499.0,-1013.0
11.0,605.0,-1015.0
-25.0,527.0,-935.0
-33.0,322.0,-1075.0
-40.0,212.0,-1097.0
44.0,193.0,-1196.0
-31.0,138.0,-987.0
23.0,132.0,-823.0
-7.0,396.0,-907.0
-1.0,614.0,-1112.0
-39.0,540.0,-1083.0
-31.0,277.0,-1108.0
-58.0,146.0,-1067.0
21.0,165.0,-1052.0
7.0,109.0,-974.0
-5.0,91.0,-938.0
17.0,308.0,-1016.0
1.0,462.0,-1091.0
-31.0,478.0,-917.0
-85.0,396.0,-1020.0
-21.0,80.0,-1179.0
-54.0,74.0,-1186.0
93.0,-70.0,-958.0
-44.0,119.0,-882.0
50.0,251.0,-864.0
-54.0,519.0,-1050.0
-1.0,374.0,-1050.0
-76.0,154.0,-1116.0
50.0,99.0,-1110.0
-7.0,-121.0,-1110.0
33.0,-124.0,-915.0
-5.0,-39.0,-847.0
-11.0,435.0,-929.0
-7.0,484.0,-1081.0
-50.0,265.0,-1163.0
-62.0,-181.0,-1050.0
0.0,-150.0,-987.0
-44.0,91.0,-1016.0
44.0,121.0,-1016.0
-44.0,19.0,-1005.0
81.0,-119.0,-1018.0
-52.0,316.0,-968.0
113.0,204.0,-956.0
-156.0,66.0,-1018.0
0.0,-89.0,-1116.0
-78.0,-187.0,-1255.0
81.0,-13.0,-1018.0
40.0,-204.0,-825.0
21.0,175.0,-792.0
11.0,136.0,-991.0
11.0,425.0,-1126.0
7.0,-39.0,-1089.0
-124.0,-80.0,-1071.0
115.0,-210.0,-1015.0
-72.0,-160.0,-989.0
76.0,-97.0,-890.0
-33.0,-31.0,-1001.0
-5.0,398.0,-1036.0
25.0,347.0,-981.0
-76.0,226.0,-917.0
-33.0,-175.0,-1069.0
-78.0,-144.0,-1188.0
119.0,-111.0,-1085.0
-48.0,-119.0,-878.0
21.0,44.0,-849.0
21.0,363.0,-944.0
13.0,562.0,-1028.0
-9.0,158.0,-1075.0
-152.0,-25.0,-1241.0
50.0,-374.0,-1106.0
11.0,-78.0,-983.0
109.0,-72.0,-817.0
-52.0,115.0,-927.0
7.0,511.0,-1016.0
31.0,433.0,-1192.0
-56.0,273.0,-1079.0
0.0,-95.0,-1038.0
-80.0,-99.0,-979.0
97.0,60.0,-1016.0
-27.0,115.0,-1032.0
11.0,160.0,-972.0
17.0,162.0,-981.0
-25.0,409.0,-1030.0
-9.0,277.0,-899.0
-76.0,107.0,-1040.0
-9.0,70.0,-1198.0
39.0,-72.0,-1163.0
-11.0,-66.0,-938.0
-15.0,-128.0,-825.0
11.0,425.0,-952.0
33.0,577.0,-1067.0
-81.0,505.0,-1120.0
5.0,72.0,-1122.0
-85.0,-54.0,-1063.0
70.0,25.0,-977.0
-46.0,-44.0,-880.0
-54.0,-11.0,-1007.0
27.0,39.0,-1028.0
-42.0,521.0,-1059.0
15.0,421.0,-983.0
-80.0,238.0,-1028.0
7.0,17.0,-1095.0
21.0,-214.0,-1180.0
5.0,15.0,-923.0
3.0,50.0,-874.0
-23.0,320.0,-895.0
11.0,491.0,-1024.0
-35.0,370.0,-1028.0
-31.0,89.0,-1159.0
37.0,-126.0,-1124.0
-23.0,-78.0,-1052.0
95.0,-113.0,-864.0
-50.0,-7.0,-874.0
78.0,337.0,-938.0
-42.0,509.0,-1182.0
15.0,290.0,-1104.0
-48.0,-126.0,-1054.0
-3.0,-146.0,-960.0
-23.0,117.0,-1034.0
87.0,177.0,-1005.0
-25.0,31.0,-1042.0
17.0,-181.0,-1028.0
-42.0,185.0,-999.0
97.0,162.0,-907.0
-64.0,87.0,-1044.0
-56.0,-46.0,-1145.0
5.0,-220.0,-1245.0
35.0,-64.0,-1016.0
21.0,-144.0,-819.0
-29.0,152.0,-829.0
44.0,310.0,-991.0
-9.0,302.0,-1149.0
-58.0,0.0,-1077.0
-80.0,-197.0,-1032.0
1.0,-240.0,-1036.0
21.0,-111.0,-936.0
25.0,-292.0,-923.0
-19.0,23.0,-972.0
44.0,203.0,-1018.0
-21.0,244.0,-1026.0
-25.0,15.0,-966.0
-33.0,-181.0,-1108.0
7.0,-296.0,-1143.0
21.0,-220.0,-1052.0
19.0,-101.0,-862.0
-11.0,115.0,-864.0
37.0,353.0,-936.0
-5.0,308.0,-1071.0
-87.0,-64.0,-1106.0
-64.0,-284.0,-1171.0
-19.0,-306.0,-1050.0
11.0,-93.0,-956.0
56.0,-54.0,-821.0
-25.0,109.0,-950.0
19.0,361.0,-1016.0
7.0,167.0,-1139.0
-37.0,-105.0,-1095.0
-21.0,-255.0,-999.0
-72.0,-54.0,-985.0
132.0,13.0,-1057.0
-60.0,163.0,-1003.0
3.0,-27.0,-970.0
0.0,226.0,-913.0
60.0,300.0,-995.0
-119.0,162.0,-938.0
-44.0,64.0,-1050.0
-37.0,-99.0,-1218.0
66.0,-177.0,-1169.0
-23.0,-121.0,-831.0
-3.0,7.0,-763.0
-50.0,517.0,-964.0
78.0,488.0,-1149.0
-150.0,193.0,-1139.0
-23.0,-46.0,-1087.0
17.0,-144.0,-1048.0
89.0,-109.0,-1005.0
1.0,-60.0,-942.0
-68.0,56.0,-956.0
58.0,327.0,-1075.0
50.0,491.0,-1079.0
-101.0,355.0,-962.0
-15.0,40.0,-1079.0
-33.0,-76.0,-1180.0
52.0,-160.0,-1118.0
-17.0,-66.0,-899.0
-54.0,87.0,-870.0
29.0,368.0,-923.0
7.0,548.0,-1059.0
-74.0,351.0,-1073.0
-52.0,29.0,-1104.0
-3.0,-265.0,-1104.0
48.0,-277.0,-1032.0
19.0,9.0,-866.0
15.0,76.0,-935.0
3.0,394.0,-993.0
33.0,390.0,-1141.0
-37.0,152.0,-1116.0
-64.0,29.0,-979.0
15.0,-121.0,-948.0
-33.0,-9.0,-1054.0
7.0,74.0,-1026.0
-42.0,-85.0,-1028.0
11.0,9.0,-983.0
33.0,162.0,-968.0
-37.0,302.0,-892.0
-50.0,234.0,-999.0
-68.0,-85.0,-1206.0
0.0,-199.0,-1259.0
66.0,-290.0,-917.0
-33.0,-95.0,-757.0
0.0,197.0,-849.0
-17.0,527.0,-1122.0
7.0,345.0,-1089.0
-7.0,15.0,-1075.0
0.0,-251.0,-1050.0
-23.0,-286.0,-1046.0
19.0,-99.0,-931.0
1.0,-72.0,-958.0
23.0,29.0,-1018.0
-7.0,286.0,-1036.0
-11.0,370.0,-933.0
-37.0,183.0,-1007.0
-23.0,-173.0,-1126.0
-21.0,-404.0,-1212.0
33.0,-177.0,-987.0
11.0,-148.0,-870.0
-31.0,148.0,-847.0
9.0,269.0,-1034.0
-3.0,271.0,-1110.0
-37.0,23.0,-1097.0
3.0,-267.0,-1110.0
-56.0,-257.0,-1087.0
109.0,-60.0,-884.0
-17.0,-44.0,-923.0
21.0,150.0,-956.0
-46.0,261.0,-1026.0
19.0,210.0,-1073.0
-60.0,-99.0,-1040.0
-23.0,-216.0,-981.0
-68.0,-33.0,-997.0
91.0,-58.0,-1028.0
-68.0,-107.0,-981.0
21.0,-259.0,-970.0
-25.0,171.0,-948.0
76.0,296.0,-938.0
-76.0,191.0,-966.0
-35.0,-9.0,-1171.0
-25.0,-130.0,-1255.0
80.0,-177.0,-1026.0
46.0,-267.0,-819.0
-27.0,-109.0,-782.0
11.0,341.0,-1018.0
23.0,433.0,-1206.0
-52.0,259.0,-1175.0
-80.0,-124.0,-1018.0
-31.0,-292.0,-1016.0
35.0,-105.0,-972.0
-7.0,-156.0,-944.0
-48.0,40.0,-1032.0
37.0,210.0,-1034.0
-1.0,267.0,-1026.0
-19.0,105.0,-962.0
-56.0,-27.0,-1091.0
-7.0,-54.0,-1110.0
85.0,7.0,-1083.0
-39.0,-19.0,-894.0
-40.0,87.0,-835.0
33.0,284.0,-927.0
-33.0,376.0,-1124.0
-33.0,117.0,-1056.0
-78.0,-5.0,-1081.0
-1.0,-126.0,-1007.0
33.0,-56.0,-1030.0
-13.0,5.0,-931.0
-37.0,3.0,-938.0
-21.0,396.0,-991.0
23.0,325.0,-1118.0
-33.0,68.0,-1020.0
-54.0,5.0,-1048.0
-52.0,-9.0,-1048.0
-3.0,210.0,-1128.0
42.0,-9.0,-1013.0
-54.0,-136.0,-950.0
111.0,23.0,-942.0
7.0,267.0,-1050.0
-5.0,579.0,-882.0
-68.0,269.0,-1098.0
-35.0,-83.0,-1276.0
19.0,-230.0,-1204.0
9.0,-279.0,-872.0
-21.0,42.0,-747.0
11.0,433.0,-915.0
-17.0,366.0,-1186.0
-21.0,277.0,-1112.0
1.0,-54.0,-1073.0
-17.0,-302.0,-1011.0
-15.0,-107.0,-1005.0
-7.0,-150.0,-946.0
27.0,156.0,-974.0
62.0,185.0,-974.0
-58.0,372.0,-1063.0
29.0,175.0,-936.0
-91.0,1.0,-1011.0
23.0,-286.0,-1120.0
-29.0,-154.0,-1229.0
31.0,-103.0,-880.0
-3.0,1.0,-841.0
-39.0,216.0,-870.0
-5.0,158.0,-1098.0
-15.0,158.0,-1057.0
-70.0,-81.0,-1102.0
-31.0,-242.0,-1073.0
-29.0,-70.0,-1046.0
78.0,-5.0,-917.0
-9.0,-44.0,-899.0
37.0,101.0,-964.0
-25.0,144.0,-1077.0
23.0,226.0,-1052.0
-37.0,-50.0,-1007.0
-42.0,-144.0,-1036.0
17.0,-44.0,-1056.0
25.0,13.0,-1013.0
-3.0,-191.0,-968.0
23.0,-74.0,-972.0
17.0,68.0,-940.0
44.0,398.0,-958.0
-42.0,263.0,-1050.0
-91.0,-70.0,-1214.0
-21.0,-337.0,-1198.0
50.0,-386.0,-962.0
78.0,-187.0,-767.0
33.0,226.0,-843.0
-7.0,388.0,-1061.0
31.0,314.0,-1196.0
-52.0,-7.0,-1124.0
-33.0,-271.0,-1042.0
-42.0,-162.0,-927.0
83.0,-156.0,-1007.0
-11.0,13.0,-964.0
-31.0,44.0,-991.0
9.0,324.0,-1007.0
-1.0,331.0,-964.0
-78.0,109.0,-960.0
-37.0,-218.0,-1077.0
-78.0,-171.0,-1145.0
85.0,-162.0,-1061.0
-3.0,-101.0,-868.0
0.0,64.0,-806.0
0.0,234.0,-977.0
17.0,472.0,-1149.0
-48.0,40.0,-1091.0
-66.0,-208.0,-1057.0
40.0,-169.0,-1024.0
31.0,23.0,-1022.0
42.0,-35.0,-946.0
-62.0,97.0,-958.0
3.0,93.0,-1026.0
33.0,296.0,-1061.0
-11.0,48.0,-1009.0
-66.0,-1.0,-1054.0
0.0,-122.0,-1075.0
-21.0,-91.0,-1116.0
3.0,-156.0,-1003.0
-29.0,-1.0,-948.0
66.0,111.0,-923.0
-17.0,419.0,-999.0
-54.0,411.0,-952.0
-76.0,187.0,-1108.0
35.0,-66.0,-1171.0
52.0,-357.0,-1155.0
70.0,-240.0,-815.0
-31.0,89.0,-763.0
9.0,437.0,-938.0
19.0,507.0,-1177.0
-40.0,195.0,-1171.0
-37.0,-279.0,-1065.0
0.0,-72.0,-972.0
54.0,-158.0,-1005.0
-25.0,40.0,-964.0
0.0,13.0,-1016.0
3.0,212.0,-1081.0
-21.0,460.0,-1005.0
-31.0,314.0,-929.0
-107.0,15.0,-1030.0
29.0,-187.0,-1157.0
-40.0,-242.0,-1196.0
74.0,-31.0,-974.0
-60.0,39.0,-796.0
46.0,263.0,-890.0
-31.0,343.0,-1124.0
40.0,304.0,-1120.0
-42.0,-9.0,-1085.0
0.0,-99.0,-1036.0
-33.0,-93.0,-1079.0
31.0,-95.0,-940.0
-23.0,35.0,-942.0
37.0,23.0,-997.0
5.0,281.0,-1061.0
0.0,216.0,-938.0
-46.0,27.0,-1067.0
-23.0,-44.0,-1081.0
-37.0,-197.0,-1149.0
70.0,-111.0,-929.0
-7.0,-126.0,-899.0
5.0,0.0,-946.0
1.0,296.0,-1020.0
-17.0,417.0,-950.0
-31.0,117.0,-1097.0
-44.0,-33.0,-1138.0
-9.0,-400.0,-1182.0
-21.0,-376.0,-915.0
11.0,-181.0,-796.0
0.0,140.0,-882.0
-50.0,478.0,-1098.0
27.0,341.0,-1126.0
-64.0,-115.0,-1077.0
33.0,-267.0,-977.0
-87.0,-290.0,-1040.0
23.0,60.0,-931.0
21.0,-80.0,-1005.0
-46.0,64.0,-993.0
23.0,183.0,-985.0
-13.0,312.0,-952.0
-50.0,130.0,-948.0
-44.0,-117.0,-1114.0
-39.0,-220.0,-1196.0
54.0,-224.0,-1079.0
-17.0,-109.0,-868.0
35.0,66.0,-819.0
7.0,325.0,-964.0
54.0,216.0,-1171.0
-54.0,13.0,-1171.0
-56.0,-144.0,-1034.0
3.0,-126.0,-1015.0
56.0,-64.0,-1034.0
-27.0,-29.0,-929.0
-35.0,-13.0,-997.0
3.0,308.0,-1005.0
56.0,204.0,-1018.0
-23.0,81.0,-993.0
-37.0,-70.0,-1071.0
-15.0,-37.0,-1151.0
40.0,-54.0,-1061.0
-56.0,-89.0,-909.0
-17.0,-154.0,-913.0
-7.0,242.0,-942.0
85.0,296.0,-1011.0
-62.0,269.0,-1022.0
-80.0,76.0,-1157.0
-56.0,-201.0,-1163.0
66.0,-121.0,-1005.0
80.0,-310.0,-813.0
-50.0,25.0,-792.0
72.0,267.0,-964.0
11.0,433.0,-1229.0
-35.0,109.0,-1134.0
-60.0,-101.0,-1056.0
-42.0,-181.0,-944.0
95.0,5.0,-974.0
-3.0,-81.0,-987.0
-7.0,-1.0,-1030.0
35.0,117.0,-1036.0
-11.0,286.0,-1034.0
-17.0,107.0,-921.0
-70.0,0.0,-1083.0
-9.0,-181.0,-1173.0
39.0,-76.0,-1138.0
37.0,-113.0,-890.0
-35.0,19.0,-856.0
37.0,251.0,-884.0
-17.0,353.0,-1132.0
-48.0,253.0,-1104.0
-68.0,56.0,-1063.0
-31.0,-60.0,-1005.0
35.0,3.0,-1016.0
46.0,-169.0,-905.0
-62.0,-23.0,-989.0
0.0,124.0,-1015.0
-9.0,329.0,-1075.0
-11.0,234.0,-964.0
-76.0,3.0,-995.0
11.0,-19.0,-1141.0
-25.0,-19.0,-1169.0
17.0,-64.0,-983.0
-48.0,-111.0,-905.0
17.0,42.0,-931.0
-11.0,349.0,-991.0
-46.0,538.0,-991.0
-23.0,177.0,-1042.0
-70.0,-160.0,-1212.0
85.0,-366.0,-1169.0
-68.0,-242.0,-915.0
33.0,83.0,-772.0
-29.0,374.0,-897.0
29.0,583.0,-1118.0
17.0,111.0,-1143.0
-64.0,-54.0,-1083.0
44.0,-345.0,-1034.0
-52.0,-91.0,-1005.0
78.0,9.0,-952.0
-35.0,54.0,-966.0
54.0,115.0,-1003.0
-21.0,189.0,-1009.0
44.0,140.0,-974.0
-56.0,-25.0,-1001.0
-72.0,-193.0,-1126.0
56.0,-152.0,-1190.0
7.0,-29.0,-987.0
17.0,3.0,-802.0
11.0,206.0,-804.0
0.0,226.0,-1098.0
-25.0,117.0,-1138.0
-64.0,-117.0,-1134.0
-42.0,-105.0,-1089.0
13.0,-93.0,-977.0
68.0,9.0,-882.0
40.0,-249.0,-946.0
-21.0,23.0,-1038.0
1.0,29.0,-1077.0
-62.0,341.0,-1013.0
19.0,17.0,-909.0
-111.0,-50.0,-1077.0
95.0,-97.0,-1118.0
19.0,-1.0,-1020.0
60.0,-124.0,-903.0
-9.0,-13.0,-880.0
-7.0,177.0,-995.0
-15.0,267.0,-1034.0
-62.0,236.0,-1024.0
-40.0,-52.0,-1128.0
-40.0,-294.0,-1138.0
80.0,-222.0,-956.0
21.0,-230.0,-927.0
-39.0,173.0,-860.0
35.0,372.0,-1057.0
0.0,298.0,-1153.0
-9.0,54.0,-1122.0
-23.0,-318.0,-1036.0
-52.0,-134.0,-977.0
72.0,-9.0,-983.0
-29.0,-19.0,-1067.0
-21.0,44.0,-1011.0
-1.0,199.0,-1009.0
29.0,327.0,-923.0
-3.0,187.0,-954.0
-66.0,-52.0,-1046.0
-29.0,-121.0,-1212.0
-17.0,-165.0,-1138.0
1.0,-234.0,-929.0
-9.0,-5.0,-796.0
11.0,265.0,-913.0
-1.0,486.0,-1059.0
-9.0,163.0,-1106.0
-97.0,-46.0,-1098.0
68.0,-234.0,-1057.0
11.0,-148.0,-1030.0
-21.0,-181.0,-897.0
-21.0,-56.0,-925.0
-23.0,251.0,-977.0
62.0,484.0,-1061.0
-40.0,306.0,-985.0
-70.0,7.0,-1089.0
1.0,-320.0,-1143.0
-17.0,-218.0,-1138.0
7.0,-204.0,-903.0
-42.0,85.0,-878.0
52.0,325.0,-929.0
15.0,333.0,-1075.0
-52.0,269.0,-1052.0
-48.0,-111.0,-1163.0
-23.0,-195.0,-1093.0
46.0,-281.0,-1044.0
7.0,-122.0,-874.0
23.0,117.0,-829.0
-33.0,517.0,-954.0
66.0,513.0,-1151.0
-56.0,212.0,-1098.0
-3.0,-269.0,-1054.0
-25.0,-222.0,-933.0
25.0,-7.0,-970.0
-42.0,68.0,-989.0
23.0,-19.0,-1030.0
-23.0,70.0,-1059.0
31.0,300.0,-1067.0
-27.0,347.0,-868.0
-37.0,29.0,-979.0
-56.0,-40.0,-1171.0
27.0,-99.0,-1212.0
-25.0,-115.0,-1003.0
17.0,-78.0,-843.0
-56.0,60.0,-895.0
58.0,339.0,-1032.0
-44.0,386.0,-1098.0
-15.0,165.0,-1067.0
-33.0,-121.0,-1044.0
-48.0,-130.0,-1030.0
15.0,-181.0,-987.0
15.0,-76.0,-940.0
21.0,66.0,-1015.0
-7.0,324.0,-1003.0
0.0,341.0,-929.0
-13.0,148.0,-977.0
-56.0,-144.0,-1110.0
1.0,-316.0,-1216.0
-1.0,-204.0,-1030.0
56.0,-101.0,-843.0
-5.0,87.0,-876.0
66.0,286.0,-997.0
-19.0,359.0,-993.0
-40.0,78.0,-1114.0
-15.0,-103.0,-1159.0
-37.0,-267.0,-1149.0
1.0,-163.0,-956.0
89.0,-150.0,-780.0
-58.0,203.0,-886.0
25.0,284.0,-1075.0
-11.0,331.0,-1145.0
1.0,-195.0,-1114.0
-9.0,-286.0,-1056.0
-39.0,-115.0,-974.0
23.0,19.0,-1034.0
64.0,-44.0,-960.0
-52.0,-70.0,-1007.0
13.0,-25.0,-993.0
60.0,230.0,-991.0
-62.0,279.0,-938.0
-31.0,95.0,-1069.0
-27.0,74.0,-1180.0
46.0,-175.0,-1067.0
9.0,-255.0,-780.0
-1.0,-56.0,-800.0
56.0,134.0,-1011.0
-56.0,343.0,-1177.0
-29.0,148.0,-1138.0
-72.0,-11.0,-1077.0
101.0,-44.0,-997.0
33.0,-191.0,-958.0
21.0,-169.0,-938.0
-66.0,-163.0,-1038.0
9.0,203.0,-1087.0
11.0,343.0,-1056.0
-62.0,320.0,-960.0
-39.0,74.0,-1067.0
-62.0,-132.0,-1180.0
93.0,-212.0,-1054.0
-5.0,-181.0,-862.0
-80.0,72.0,-909.0
76.0,228.0,-997.0
-50.0,472.0,-1046.0
5.0,179.0,-1034.0
-91.0,-29.0,-1114.0
31.0,-171.0,-1061.0
-9.0,-81.0,-1003.0
56.0,-203.0,-868.0
-50.0,-23.0,-958.0
-7.0,259.0,-1018.0
-23.0,447.0,-1122.0
-7.0,70.0,-1081.0
-66.0,-130.0,-979.0
-27.0,-206.0,-944.0
23.0,19.0,-1042.0
-35.0,140.0,-1036.0
-72.0,-17.0,-1059.0
35.0,27.0,-966.0
-17.0,222.0,-952.0
5.0,218.0,-870.0
-83.0,165.0,-1056.0
-56.0,-62.0,-1223.0
15.0,-267.0,-1235.0
31.0,-232.0,-929.0
15.0,-197.0,-806.0
-29.0,271.0,-870.0
56.0,357.0,-1067.0
-93.0,314.0,-1108.0
19.0,-50.0,-1141.0
-39.0,-117.0,-1067.0
9.0,-33.0,-997.0
27.0,-78.0,-907.0
-83.0,109.0,-931.0
50.0,128.0,-1007.0
1.0,325.0,-1015.0
-11.0,284.0,-936.0
-44.0,-66.0,-1038.0
-11.0,-165.0,-1177.0
-29.0,-162.0,-1190.0
60.0,-76.0,-905.0
15.0,70.0,-843.0
66.0,163.0,-888.0
-37.0,400.0,-1069.0
-21.0,286.0,-1110.0
-42.0,-42.0,-1155.0
-64.0,-208.0,-1122.0
33.0,-183.0,-1095.0
-17.0,-70.0,-853.0
11.0,81.0,-880.0
5.0,101.0,-919.0
-23.0,343.0,-1100.0
17.0,138.0,-1136.0
-50.0,-37.0,-1046.0
-35.0,-130.0,-938.0
0.0,-17.0,-1003.0
48.0,136.0,-999.0
11.0,-19.0,-1050.0
0.0,-74.0,-950.0
31.0,37.0,-1009.0
23.0,232.0,-935.0
-13.0,128.0,-944.0
-78.0,17.0,-1130.0
5.0,-277.0,-1245.0
42.0,-214.0,-1036.0
25.0,-232.0,-827.0
21.0,99.0,-804.0
25.0,357.0,-1032.0
-44.0,409.0,-1167.0
29.0,5.0,-1097.0
-113.0,-62.0,-1089.0
52.0,-236.0,-1028.0
11.0,-105.0,-927.0
-13.0,-163.0,-946.0
-31.0,-13.0,-1042.0
31.0,201.0,-1018.0
-39.0,357.0,-1015.0
35.0,72.0,-979.0
-115.0,-111.0,-1145.0
39.0,-372.0,-1124.0
0.0,-130.0,-1056.0
70.0,-42.0,-892.0
-44.0,109.0,-888.0
46.0,421.0,-966.0
-66.0,411.0,-1038.0
1.0,99.0,-1009.0
-122.0,-144.0,-1132.0
19.0,-294.0,-1016.0
0.0,-91.0,-974.0
52.0,1.0,-903.0
-44.0,76.0,-917.0
33.0,308.0,-977.0
-7.0,234.0,-1145.0
52.0,31.0,-1075.0
-40.0,-162.0,-1024.0
-35.0,-158.0,-1005.0
25.0,5.0,-1108.0
-33.0,58.0,-1077.0
-31.0,-13.0,-981.0
3.0,124.0,-979.0
-9.0,267.0,-976.0
-13.0,140.0,-878.0
-89.0,162.0,-1130.0
3.0,-42.0,-1292.0
29.0,-109.0,-1143.0
-21.0,-302.0,-854.0
-11.0,-48.0,-761.0
-9.0,361.0,-907.0
23.0,521.0,-1153.0
-50.0,259.0,-1145.0
-87.0,-42.0,-1110.0
9.0,-341.0,-1022.0
31.0,-62.0,-987.0
-44.0,-130.0,-894.0
29.0,21.0,-985.0
-29.0,156.0,-1028.0
31.0,349.0,-1024.0
-3.0,271.0,-921.0
-80.0,46.0,-1095.0
-19.0,-277.0,-1138.0
11.0,-154.0,-1091.0
-25.0,-101.0,-895.0
37.0,-15.0,-845.0
-37.0,349.0,-942.0
19.0,351.0,-1069.0
-13.0,238.0,-1046.0
-42.0,-109.0,-1134.0
-42.0,-312.0,-1073.0
60.0,-286.0,-1036.0
-31.0,-68.0,-977.0
74.0,-40.0,-917.0
-15.0,286.0,-958.0
42.0,302.0,-1110.0
-27.0,261.0,-1077.0
-50.0,-27.0,-1030.0
-60.0,-97.0,-987.0
27.0,1.0,-1015.0
-31.0,3.0,-1026.0
81.0,-177.0,-964.0
-64.0,95.0,-1026.0
105.0,212.0,-956.0
-33.0,419.0,-903.0
7.0,142.0,-1003.0
-97.0,-128.0,-1249.0
42.0,-212.0,-1184.0
-60.0,-277.0,-991.0
93.0,-40.0,-763.0
-72.0,171.0,-894.0
103.0,400.0,-1130.0
-33.0,411.0,-1147.0
7.0,58.0,-1069.0
-66.0,-300.0,-1007.0
-25.0,-183.0,-1034.0
17.0,-167.0,-987.0
15.0,31.0,-962.0
-60.0,99.0,-1009.0
19.0,318.0,-1013.0
-7.0,365.0,-925.0
-50.0,105.0,-995.0
-72.0,-99.0,-1110.0
0.0,-290.0,-1196.0
-23.0,-64.0,-987.0
154.0,-167.0,-858.0
-103.0,218.0,-884.0
136.0,115.0,-974.0
17.0,347.0,-1075.0
-19.0,-1.0,-1110.0
-58.0,-121.0,-1073.0
25.0,-327.0,-1034.0
-68.0,-21.0,-1022.0
140.0,-218.0,-901.0
-66.0,279.0,-960.0
37.0,179.0,-1005.0
5.0,247.0,-1081.0
11.0,44.0,-1050.0
-27.0,-113.0,-1034.0
35.0,-56.0,-1028.0
5.0,-19.0,-1081.0
7.0,-224.0,-972.0
-76.0,-126.0,-1009.0
46.0,13.0,-954.0
1.0,337.0,-942.0
-9.0,339.0,-979.0
-81.0,19.0,-1157.0
7.0,-148.0,-1239.0
15.0,-327.0,-1085.0
83.0,-195.0,-784.0
-62.0,52.0,-737.0
48.0,331.0,-987.0
-39.0,484.0,-1180.0
-50.0,232.0,-1165.0
-72.0,-113.0,-977.0
21.0,-121.0,-977.0
23.0,-255.0,-976.0
-9.0,-56.0,-944.0
-62.0,42.0,-954.0
25.0,177.0,-1100.0
35.0,353.0,-1020.0
-70.0,245.0,-974.0
11.0,-54.0,-1048.0
-64.0,-95.0,-1180.0
52.0,-142.0,-1077.0
5.0,-124.0,-958.0
-68.0,62.0,-849.0
3.0,183.0,-993.0
7.0,462.0,-1091.0
-48.0,195.0,-1083.0
-31.0,-44.0,-1050.0
-37.0,-54.0,-1061.0
21.0,-48.0,-1030.0
50.0,-91.0,-915.0
-62.0,40.0,-991.0
48.0,25.0,-997.0
-9.0,400.0,-1024.0
-44.0,175.0,-1030.0
-17.0,-31.0,-1052.0
-60.0,-50.0,-1030.0
-19.0,-60.0,-1085.0
37.0,-35.0,-981.0
-33.0,-130.0,-972.0
37.0,-80.0,-942.0
21.0,242.0,-1003.0
-44.0,464.0,-950.0
-21.0,109.0,-1011.0
-29.0,40.0,-1169.0
40.0,-396.0,-1216.0
0.0,-206.0,-907.0
-11.0,-91.0,-774.0
-76.0,236.0,-866.0
78.0,396.0,-1136.0
-72.0,318.0,-1163.0
60.0,-208.0,-1063.0
-33.0,-181.0,-1020.0
48.0,-286.0,-1069.0
-23.0,-5.0,-942.0
5.0,33.0,-989.0
-21.0,134.0,-1020.0
35.0,275.0,-977.0
-40.0,271.0,-964.0
37.0,-39.0,-993.0
-97.0,-42.0,-1098.0
52.0,-126.0,-1179.0
5.0,-80.0,-974.0
13.0,-11.0,-827.0
9.0,0.0,-868.0
31.0,370.0,-1042.0
-15.0,210.0,-1136.0
1.0,7.0,-1110.0
-68.0,-119.0,-1026.0
-19.0,-124.0,-1073.0
46.0,-13.0,-972.0
39.0,35.0,-960.0
1.0,-39.0,-964.0
7.0,249.0,-1083.0
-9.0,113.0,-1042.0
44.0,-5.0,-1030.0
-64.0,-3.0,-1044.0
7.0,-44.0,-1134.0
11.0,68.0,-997.0
-21.0,-60.0,-919.0
-19.0,-179.0,-931.0
17.0,210.0,-1001.0
-54.0,372.0,-972.0
-39.0,247.0,-968.0
-132.0,136.0,-1151.0
35.0,-376.0,-1206.0
39.0,-232.0,-1005.0
58.0,-230.0,-823.0
-13.0,136.0,-767.0
39.0,378.0,-1024.0
-23.0,378.0,-1223.0
3.0,-95.0,-1089.0
-122.0,-81.0,-1069.0
19.0,-335.0,-987.0
-3.0,87.0,-966.0
21.0,-76.0,-940.0
-56.0,56.0,-1048.0
33.0,294.0,-995.0
11.0,226.0,-1046.0
-1.0,111.0,-925.0
-78.0,-124.0,-1071.0
-13.0,-212.0,-1153.0
60.0,-113.0,-1128.0
-9.0,-68.0,-903.0
21.0,-54.0,-853.0
-19.0,308.0,-948.0
42.0,232.0,-1122.0
-37.0,175.0,-1118.0
-66.0,-74.0,-1065.0
-19.0,-142.0,-1028.0
87.0,-31.0,-995.0
-42.0,70.0,-952.0
39.0,-33.0,-915.0
-29.0,300.0,-1001.0
48.0,245.0,-1020.0
-44.0,111.0,-989.0
-50.0,-62.0,-1013.0
-33.0,-177.0,-1128.0
74.0,-13.0,-1089.0
-85.0,-23.0,-995.0
99.0,-37.0,-888.0
-27.0,218.0,-995.0
78.0,261.0,-987.0
-80.0,355.0,-993.0
-89.0,167.0,-1108.0
-7.0,-261.0,-1245.0
64.0,-259.0,-1059.0
9.0,-372.0,-942.0
3.0,-40.0,-765.0
-54.0,564.0,-935.0
29.0,513.0,-1145.0
-64.0,165.0,-1141.0
-70.0,-50.0,-1052.0
48.0,-398.0,-1015.0
-21.0,85.0,-983.0
-3.0,-74.0,-944.0
-44.0,74.0,-999.0
-23.0,134.0,-1036.0
-19.0,296.0,-1050.0
29.0,294.0,-872.0
-78.0,-52.0,-1063.0
-68.0,-251.0,-1138.0
50.0,-154.0,-1159.0
17.0,-97.0,-970.0
60.0,-81.0,-843.0
-40.0,230.0,-854.0
35.0,232.0,-1075.0
-40.0,368.0,-1143.0
-60.0,-31.0,-1077.0
-72.0,-111.0,-1036.0
39.0,-158.0,-1005.0
-58.0,-68.0,-989.0
105.0,-193.0,-929.0
-64.0,169.0,-987.0
58.0,78.0,-1061.0
-25.0,290.0,-1026.0
-25.0,29.0,-987.0
-44.0,-126.0,-1122.0
11.0,-107.0,-1102.0
1.0,-111.0,-1026.0
81.0,-228.0,-882.0
-48.0,183.0,-909.0
76.0,265.0,-1007.0
3.0,480.0,-989.0
-44.0,251.0,-995.0
-39.0,-247.0,-1147.0
-5.0,-222.0,-1165.0
-31.0,-386.0,-974.0
58.0,-148.0,-790.0
-33.0,195.0,-886.0
23.0,484.0,-1102.0
62.0,372.0,-1091.0
-33.0,130.0,-1108.0
68.0,-378.0,-1013.0
-56.0,-56.0,-1024.0
44.0,-97.0,-976.0
-48.0,-9.0,-1040.0
-21.0,124.0,-1005.0
21.0,83.0,-1050.0
103.0,363.0,-915.0
-74.0,121.0,-987.0
-66.0,-113.0,-1042.0
-7.0,-48.0,-1202.0
-33.0,-111.0,-1110.0
54.0,-93.0,-888.0
-50.0,162.0,-767.0
72.0,101.0,-1003.0
-23.0,431.0,-1073.0
-1.0,99.0,-1112.0
-95.0,-58.0,-1063.0
29.0,-128.0,-1030.0
15.0,-173.0,-1005.0
66.0,-187.0,-919.0
-72.0,83.0,-946.0
62.0,78.0,-1052.0
-50.0,392.0,-1016.0
-23.0,46.0,-979.0
-62.0,5.0,-1081.0
31.0,-17.0,-1145.0
29.0,-91.0,-1106.0
17.0,-169.0,-876.0
-85.0,-95.0,-888.0
33.0,107.0,-979.0
37.0,382.0,-1013.0
-60.0,376.0,-1018.0
-9.0,-111.0,-1167.0
-35.0,-109.0,-1173.0
89.0,-454.0,-1036.0
60.0,-228.0,-839.0
-66.0,-19.0,-854.0
-35.0,392.0,-1011.0
56.0,468.0,-1153.0
-58.0,281.0,-1145.0
33.0,-222.0,-1016.0
-58.0,-50.0,-936.0
64.0,-89.0,-987.0
-46.0,101.0,-968.0
-23.0,-25.0,-1007.0
-35.0,-3.0,-1040.0
52.0,236.0,-964.0
-68.0,249.0,-952.0
25.0,25.0,-1001.0
-105.0,-5.0,-1167.0
76.0,-136.0,-1175.0
-21.0,-138.0,-935.0
-15.0,80.0,-823.0
-11.0,76.0,-966.0
58.0,466.0,-1063.0
-70.0,146.0,-1147.0
-21.0,0.0,-1114.0
-80.0,-37.0,-1042.0
46.0,-115.0,-1018.0
-7.0,-111.0,-923.0
39.0,-46.0,-1005.0
-25.0,-11.0,-1038.0
1.0,466.0,-997.0
-46.0,203.0,-976.0
-29.0,113.0,-1024.0
-68.0,-48.0,-1114.0
0.0,-185.0,-1165.0
-7.0,-105.0,-958.0
46.0,-126.0,-858.0
-15.0,23.0,-935.0
50.0,314.0,-1005.0
-91.0,386.0,-1032.0
76.0,-39.0,-1073.0
-44.0,-70.0,-1167.0
85.0,-368.0,-1075.0
-40.0,-115.0,-933.0
11.0,-60.0,-792.0
-44.0,322.0,-948.0
68.0,456.0,-1071.0
-103.0,296.0,-1143.0
126.0,-318.0,-1030.0
-76.0,-177.0,-1026.0
15.0,-193.0,-970.0
-52.0,101.0,-1007.0
23.0,9.0,-977.0
-25.0,-101.0,-1054.0
78.0,183.0,-962.0
-19.0,128.0,-989.0
9.0,85.0,-913.0
-154.0,-3.0,-1153.0
39.0,-66.0,-1208.0
17.0,-54.0,-1034.0
68.0,-31.0,-837.0
0.0,-13.0,-806.0
56.0,437.0,-944.0
17.0,134.0,-1155.0
-15.0,124.0,-1104.0
-74.0,-181.0,-1061.0
-19.0,-117.0,-1048.0
107.0,9.0,-929.0
17.0,-89.0,-931.0
21.0,-33.0,-977.0
27.0,273.0,-1067.0
-13.0,284.0,-1024.0
-25.0,197.0,-987.0
-60.0,-46.0,-1114.0
132.0,-85.0,-1024.0
0.0,-154.0,-895.0
0.0,163.0,-862.0
13.0,228.0,-1001.0
1.0,411.0,-1015.0
-19.0,148.0,-1104.0
-68.0,-27.0,-1124.0
-35.0,-267.0,-1138.0
60.0,-74.0,-935.0
-7.0,-91.0,-890.0
3.0,156.0,-858.0
-17.0,347.0,-1040.0
39.0,308.0,-1147.0
-5.0,-50.0,-1089.0
-50.0,-162.0,-997.0
-29.0,-240.0,-1007.0
37.0,15.0,-985.0
-29.0,21.0,-1007.0
7.0,-62.0,-1020.0
-48.0,197.0,-1040.0
66.0,142.0,-976.0
-54.0,232.0,-919.0
-66.0,37.0,-1030.0
-74.0,-91.0,-1208.0
124.0,-101.0,-1122.0
-52.0,-212.0,-968.0
23.0,-175.0,-765.0
5.0,288.0,-946.0
29.0,273.0,-1112.0
-80.0,232.0,-1163.0
-66.0,-152.0,-1059.0
-25.0,-165.0,-1091.0
60.0,-191.0,-976.0
-17.0,-99.0,-942.0
25.0,11.0,-915.0
19.0,310.0,-1098.0
-5.0,302.0,-993.0
-48.0,382.0,-933.0
-56.0,-7.0,-1036.0
-5.0,-218.0,-1204.0
25.0,-167.0,-1069.0
-19.0,-234.0,-974.0
9.0,81.0,-817.0
19.0,210.0,-979.0
-60.0,413.0,-1028.0
-3.0,208.0,-1050.0
-107.0,23.0,-1139.0
81.0,-261.0,-1130.0
25.0,-101.0,-1022.0
-11.0,-224.0,-909.0
-46.0,83.0,-897.0
-25.0,363.0,-970.0
-1.0,396.0,-1138.0
-7.0,140.0,-1085.0
-44.0,-193.0,-1081.0
-13.0,-247.0,-966.0
-3.0,66.0,-1018.0
-40.0,78.0,-999.0
-9.0,-1.0,-1056.0
-35.0,48.0,-968.0
46.0,152.0,-1001.0
-11.0,333.0,-868.0
-35.0,89.0,-1034.0
-105.0,-33.0,-1149.0
81.0,-193.0,-1243.0
-56.0,-210.0,-968.0
134.0,-249.0,-780.0
-66.0,173.0,-847.0
126.0,292.0,-1052.0
-56.0,374.0,-1124.0
27.0,-25.0,-1112.0
-76.0,-83.0,-1069.0
78.0,-152.0,-1013.0
-39.0,-64.0,-936.0
117.0,-163.0,-907.0
-54.0,80.0,-1056.0
83.0,298.0,-1050.0
-68.0,437.0,-952.0
-17.0,80.0,-972.0
-66.0,-271.0,-1153.0
42.0,-306.0,-1116.0
-1.0,-322.0,-1028.0
85.0,-31.0,-866.0
-50.0,76.0,-919.0
54.0,482.0,-979.0
-27.0,314.0,-1056.0
-29.0,162.0,-1083.0
-29.0,-226.0,-1116.0
17.0,-99.0,-1071.0
-21.0,-206.0,-905.0
50.0,44.0,-849.0
-58.0,85.0,-936.0
9.0,390.0,-1077.0
11.0,263.0,-1128.0
19.0,-25.0,-1015.0
-3.0,-361.0,-968.0
-31.0,-74.0,-1003.0
33.0,29.0,-1054.0
3.0,121.0,-1038.0
-44.0,-33.0,-1026.0
-7.0,54.0,-1009.0
85.0,279.0,-929.0
-68.0,199.0,-944.0
-42.0,113.0,-1091.0
-21.0,-56.0,-1278.0
89.0,-191.0,-1116.0
25.0,-300.0,-866.0
-39.0,-31.0,-774.0
37.0,245.0,-1016.0
-27.0,595.0,-1110.0
-46.0,171.0,-1138.0
-68.0,7.0,-1071.0
-3.0,-199.0,-1018.0
9.0,-117.0,-1016.0
-11.0,-150.0,-884.0
-50.0,9.0,-1024.0
-5.0,148.0,-1034.0
13.0,378.0,-997.0
-39.0,271.0,-899.0
-42.0,3.0,-1120.0
-21.0,-208.0,-1153.0
21.0,-316.0,-1104.0
-13.0,-122.0,-854.0
-23.0,7.0,-886.0
13.0,300.0,-962.0
5.0,474.0,-1065.0
-33.0,216.0,-1063.0
-70.0,-54.0,-1143.0
-3.0,-220.0,-1095.0
17.0,-353.0,-977.0
11.0,33.0,-882.0
-54.0,-62.0,-938.0
-33.0,234.0,-1050.0
19.0,175.0,-1097.0
-31.0,66.0,-1114.0
-3.0,-87.0,-966.0
-29.0,-50.0,-1001.0
9.0,-7.0,-1011.0
21.0,62.0,-1065.0
-52.0,56.0,-964.0
44.0,31.0,-1020.0
7.0,257.0,-888.0
-9.0,185.0,-938.0
-54.0,179.0,-1011.0
-44.0,-64.0,-1253.0
1.0,-107.0,-1153.0
11.0,-413.0,-923.0
-1.0,-35.0,-771.0
-5.0,124.0,-923.0
58.0,562.0,-1102.0
-64.0,191.0,-1167.0
-23.0,113.0,-1083.0
-46.0,-193.0,-1052.0
-5.0,-58.0,-1005.0
15.0,-191.0,-958.0
-39.0,11.0,-981.0
23.0,-21.0,-1036.0
-46.0,392.0,-1022.0
-11.0,372.0,-923.0
-81.0,89.0,-1038.0
-40.0,-97.0,-1138.0
-21.0,-273.0,-1175.0
15.0,-72.0,-915.0
5.0,-11.0,-851.0
0.0,222.0,-890.0
40.0,265.0,-1036.0
-21.0,308.0,-1083.0
-9.0,-33.0,-1098.0
-42.0,-64.0,-1073.0
48.0,-281.0,-1032.0
17.0,-64.0,-870.0
50.0,-148.0,-907.0
-11.0,267.0,-995.0
11.0,312.0,-1073.0
-46.0,181.0,-1116.0
52.0,-181.0,-1026.0
-62.0,-109.0,-993.0
39.0,35.0,-1001.0
13.0,121.0,-1061.0
1.0,-105.0,-1057.0
-35.0,-177.0,-1011.0
56.0,179.0,-933.0
-9.0,208.0,-927.0
-56.0,216.0,-1009.0
-122.0,-64.0,-1177.0
3.0,-105.0,-1276.0
35.0,-292.0,-1009.0
70.0,-226.0,-806.0
-21.0,-37.0,-774.0
80.0,480.0,-1046.0
-13.0,382.0,-1145.0
1.0,199.0,-1122.0
-93.0,-226.0,-1044.0
48.0,-115.0,-999.0
23.0,-48.0,-911.0
44.0,37.0,-974.0
-52.0,-74.0,-981.0
40.0,136.0,-1050.0
-33.0,283.0,-958.0
-35.0,146.0,-1005.0
-68.0,7.0,-1071.0
13.0,-257.0,-1210.0
76.0,-35.0,-1024.0
37.0,-109.0,-890.0
-33.0,206.0,-808.0
72.0,199.0,-1061.0
-66.0,343.0,-1112.0
5.0,-9.0,-1085.0
-117.0,-52.0,-1108.0
62.0,-242.0,-1052.0
11.0,76.0,-958.0
113.0,-68.0,-890.0
-85.0,220.0,-952.0
39.0,148.0,-1007.0
-13.0,269.0,-1159.0
40.0,-39.0,-1042.0
-87.0,-70.0,-1009.0
15.0,-44.0,-958.0
-17.0,58.0,-1071.0
0.0,-39.0,-1028.0
-85.0,-50.0,-999.0
52.0,-3.0,-958.0
-39.0,175.0,-970.0
-21.0,345.0,-854.0
-74.0,40.0,-1106.0
-9.0,-78.0,-1266.0
40.0,-312.0,-1167.0
19.0,-234.0,-827.0
-31.0,-60.0,-772.0
25.0,325.0,-985.0
-19.0,441.0,-1149.0
-31.0,320.0,-1136.0
-81.0,-115.0,-1050.0
21.0,-288.0,-1036.0
-11.0,-296.0,-1015.0
-33.0,-68.0,-950.0
-21.0,93.0,-981.0
31.0,140.0,-1065.0
-17.0,351.0,-997.0
-23.0,105.0,-925.0
-76.0,25.0,-1065.0
-7.0,-298.0,-1165.0
11.0,-95.0,-1118.0
39.0,-107.0,-925.0
33.0,308.0,-792.0
29.0,204.0,-933.0
-25.0,447.0,-1077.0
-39.0,23.0,-1077.0
-9.0,-40.0,-1116.0
9.0,-374.0,-1067.0
27.0,-25.0,-1005.0
15.0,-140.0,-968.0
-5.0,177.0,-925.0
17.0,216.0,-977.0
-19.0,331.0,-1128.0
-39.0,81.0,-1028.0
-40.0,-136.0,-1065.0
-64.0,-64.0,-1046.0
-21.0,52.0,-1085.0
-44.0,76.0,-1009.0
27.0,-146.0,-993.0
-37.0,-66.0,-987.0
78.0,107.0,-952.0
-27.0,499.0,-882.0
-15.0,158.0,-1030.0
-130.0,152.0,-1264.0
80.0,-357.0,-1243.0
-91.0,-203.0,-931.0
85.0,-222.0,-726.0
-80.0,308.0,-884.0
81.0,396.0,-1063.0
-35.0,466.0,-1210.0
33.0,-169.0,-1040.0
-66.0,-244.0,-1042.0
50.0,-255.0,-962.0
-42.0,-48.0,-997.0
111.0,-60.0,-936.0
-70.0,95.0,-1036.0
87.0,316.0,-999.0
-19.0,310.0,-966.0
17.0,126.0,-919.0
-80.0,-140.0,-1161.0
42.0,-224.0,-1196.0
-33.0,-191.0,-1040.0
111.0,-25.0,-835.0
-66.0,121.0,-864.0
87.0,366.0,-985.0
-17.0,158.0,-1122.0
-7.0,-37.0,-1132.0
-68.0,-267.0,-1085.0
27.0,-117.0,-1018.0
-33.0,-37.0,-958.0
60.0,-39.0,-931.0
-25.0,115.0,-979.0
1.0,357.0,-1048.0
-1.0,341.0,-995.0
31.0,19.0,-1018.0
-29.0,-121.0,-981.0
25.0,-76.0,-1069.0
35.0,70.0,-1059.0
-17.0,-152.0,-1038.0
-78.0,-117.0,-946.0
42.0,-19.0,-976.0
72.0,478.0,-925.0
-17.0,265.0,-1028.0
-101.0,224.0,-1112.0
29.0,-210.0,-1276.0
-25.0,-273.0,-1052.0
76.0,-281.0,-825.0
-46.0,76.0,-745.0
31.0,361.0,-1061.0
13.0,472.0,-1173.0
-48.0,60.0,-1153.0
-64.0,-74.0,-976.0
7.0,-273.0,-979.0
60.0,-156.0,-1009.0
11.0,3.0,-1015.0
-58.0,95.0,-966.0
13.0,355.0,-1034.0
-5.0,263.0,-1005.0
-70.0,201.0,-915.0
-64.0,-44.0,-1063.0
-44.0,-128.0,-1216.0
9.0,-288.0,-1085.0
5.0,-105.0,-913.0
-13.0,-103.0,-823.0
-1.0,324.0,-962.0
25.0,290.0,-1077.0
-66.0,171.0,-1116.0
-60.0,-60.0,-1036.0
-31.0,-146.0,-1057.0
29.0,-60.0,-1024.0
23.0,-27.0,-956.0
-54.0,-3.0,-919.0
0.0,160.0,-1003.0
13.0,169.0,-1067.0
-58.0,124.0,-1052.0
-40.0,-21.0,-1001.0
-29.0,-165.0,-1104.0
-27.0,-21.0,-1102.0
-13.0,-144.0,-1016.0
-31.0,-121.0,-919.0
19.0,-50.0,-987.0
0.0,300.0,-970.0
5.0,318.0,-931.0
-56.0,392.0,-1065.0
-11.0,-128.0,-1212.0
33.0,-185.0,-1165.0
25.0,-312.0,-845.0
1.0,44.0,-753.0
13.0,119.0,-868.0
74.0,523.0,-1161.0
11.0,121.0,-1186.0
-25.0,3.0,-1102.0
50.0,-267.0,-972.0
13.0,-97.0,-1024.0
44.0,0.0,-938.0
5.0,-54.0,-1044.0
-19.0,210.0,-1069.0
13.0,253.0,-1044.0
-48.0,259.0,-931.0
-9.0,0.0,-1026.0
-78.0,-136.0,-1124.0
54.0,-189.0,-1182.0
-29.0,122.0,-983.0
31.0,-216.0,-845.0
-58.0,183.0,-890.0
95.0,177.0,-1075.0
-62.0,454.0,-1138.0
35.0,-17.0,-1056.0
-89.0,-74.0,-1044.0
66.0,-117.0,-1005.0
-46.0,46.0,-1032.0
66.0,-64.0,-892.0
-105.0,78.0,-1011.0
81.0,169.0,-1020.0
-80.0,134.0,-1026.0
89.0,37.0,-925.0
-105.0,-162.0,-1079.0
105.0,-15.0,-1079.0
-9.0,-48.0,-1073.0
78.0,-130.0,-917.0
-87.0,-101.0,-966.0
101.0,226.0,-929.0
-40.0,300.0,-1001.0
-35.0,343.0,-985.0
-122.0,-66.0,-1212.0
-5.0,-267.0,-1231.0
-42.0,-394.0,-995.0
128.0,-281.0,-802.0
-64.0,101.0,-786.0
99.0,388.0,-1054.0
-66.0,296.0,-1200.0
-25.0,-42.0,-1141.0
-95.0,-378.0,-1036.0
13.0,-240.0,-1024.0
-33.0,-31.0,-923.0
101.0,-126.0,-1016.0
-91.0,97.0,-976.0
103.0,23.0,-1028.0
-54.0,162.0,-966.0
17.0,-25.0,-960.0
-72.0,-48.0,-1013.0
19.0,-318.0,-1198.0
21.0,-11.0,-1098.0
56.0,-327.0,-858.0
-44.0,78.0,-788.0
33.0,-39.0,-985.0
-68.0,212.0,-1159.0
17.0,-54.0,-1122.0
-80.0,-206.0,-1040.0
56.0,-255.0,-1018.0
-15.0,-146.0,-1018.0
78.0,-130.0,-899.0
-85.0,83.0,-960.0
52.0,111.0,-1007.0
-25.0,31.0,-1081.0
9.0,70.0,-987.0
-85.0,-312.0,-1022.0
11.0,-267.0,-1108.0
-23.0,-406.0,-1149.0
-29.0,-493.0,-1054.0
-52.0,-513.0,-940.0
89.0,-357.0,-1015.0
-40.0,35.0,-991.0
-17.0,-31.0,-1042.0
-74.0,-80.0,-1122.0
-9.0,-491.0,-1253.0
-5.0,-532.0,-1089.0
25.0,-589.0,-880.0
-115.0,-267.0,-763.0
-52.0,-40.0,-925.0
-122.0,130.0,-1138.0
-99.0,-277.0,-1110.0
-163.0,-589.0,-1030.0
-23.0,-663.0,-927.0
-54.0,-515.0,-976.0
3.0,-335.0,-897.0
33.0,-390.0,-927.0
19.0,-119.0,-1018.0
68.0,-58.0,-936.0
-11.0,-85.0,-882.0
87.0,-509.0,-923.0
-91.0,-743.0,-1175.0
122.0,-653.0,-1046.0
7.0,-566.0,-1022.0
146.0,-288.0,-737.0
-54.0,-249.0,-882.0
216.0,-115.0,-1022.0
-44.0,-72.0,-1147.0
160.0,-365.0,-1050.0
7.0,-452.0,-1085.0
122.0,-536.0,-1067.0
33.0,-312.0,-1003.0
169.0,-372.0,-987.0
78.0,-101.0,-1020.0
165.0,-15.0,-1114.0
56.0,-33.0,-1050.0
83.0,-345.0,-985.0
-21.0,-359.0,-1102.0
87.0,-296.0,-1083.0
48.0,-162.0,-1042.0
111.0,-456.0,-909.0
11.0,-279.0,-964.0
136.0,-50.0,-936.0
11.0,281.0,-956.0
13.0,134.0,-938.0
-70.0,-160.0,-1218.0
87.0,-544.0,-1194.0
5.0,-599.0,-942.0
146.0,-324.0,-714.0
-58.0,-25.0,-806.0
105.0,390.0,-1091.0
-58.0,107.0,-1184.0
21.0,-300.0,-1124.0
-101.0,-417.0,-1040.0
-3.0,-324.0,-995.0
-80.0,1.0,-962.0
78.0,-111.0,-1032.0
-146.0,-13.0,-1093.0
-9.0,31.0,-1038.0
-105.0,150.0,-995.0
-54.0,89.0,-981.0
-169.0,-281.0,-1054.0
-46.0,-349.0,-1214.0
-78.0,-150.0,-1108.0
-64.0,-76.0,-843.0
-119.0,56.0,-792.0
-21.0,113.0,-1015.0
-95.0,58.0,-1071.0
-97.0,-163.0,-1100.0
-199.0,-255.0,-1065.0
-48.0,-126.0,-1032.0
-33.0,-269.0,-964.0
-33.0,-201.0,-962.0
-95.0,-216.0,-909.0
-11.0,25.0,-1022.0
-44.0,199.0,-966.0
-11.0,25.0,-1001.0
-113.0,-175.0,-1018.0
31.0,-234.0,-1141.0
21.0,-343.0,-1073.0
31.0,-234.0,-897.0
-56.0,-411.0,-866.0
111.0,-44.0,-1022.0
0.0,226.0,-977.0
-19.0,140.0,-976.0
-103.0,-31.0,-1173.0
46.0,-443.0,-1225.0
99.0,-482.0,-1046.0
158.0,-591.0,-876.0
-44.0,-121.0,-817.0
64.0,146.0,-995.0
-33.0,185.0,-1175.0
7.0,-203.0,-1255.0
-68.0,-503.0,-1091.0
142.0,-562.0,-968.0
21.0,-327.0,-923.0
72.0,-357.0,-1032.0
-25.0,-81.0,-985.0
58.0,-167.0,-1077.0
-56.0,130.0,-1032.0
25.0,-142.0,-888.0
-66.0,-357.0,-991.0
-21.0,-650.0,-1175.0
-9.0,-499.0,-1098.0
29.0,-509.0,-907.0
15.0,-316.0,-892.0
-5.0,-177.0,-878.0
39.0,-203.0,-1042.0
1.0,-242.0,-1112.0
9.0,-488.0,-1059.0
19.0,-511.0,-997.0
35.0,-564.0,-1001.0
-5.0,-478.0,-997.0
66.0,-482.0,-956.0
-15.0,-380.0,-972.0
105.0,-152.0,-1005.0
-50.0,-251.0,-993.0
72.0,-406.0,-950.0
-54.0,-462.0,-1106.0
91.0,-482.0,-1151.0
-81.0,-468.0,-995.0
136.0,-745.0,-854.0
-44.0,-343.0,-897.0
122.0,-152.0,-956.0
-80.0,158.0,-1030.0
54.0,-148.0,-1028.0
-83.0,-605.0,-1218.0
89.0,-780.0,-1132.0
-35.0,-733.0,-979.0
144.0,-345.0,-720.0
-81.0,50.0,-915.0
117.0,78.0,-1081.0
-58.0,-95.0,-1206.0
56.0,-474.0,-1071.0
-37.0,-616.0,-1018.0
-9.0,-462.0,-931.0
-44.0,-288.0,-950.0
72.0,-240.0,-919.0
-56.0,-181.0,-1067.0
39.0,-89.0,-956.0
-87.0,-50.0,-901.0
81.0,-242.0,-940.0
-113.0,-351.0,-1077.0
62.0,-372.0,-1075.0
-19.0,-327.0,-1050.0
144.0,-238.0,-831.0
-58.0,-173.0,-815.0
91.0,-44.0,-991.0
-31.0,-15.0,-1118.0
99.0,-281.0,-1108.0
-83.0,-298.0,-1059.0
117.0,-448.0,-1042.0
-21.0,-286.0,-1018.0
89.0,-308.0,-938.0
-54.0,-201.0,-1013.0
103.0,17.0,-1114.0
-62.0,175.0,-1052.0
33.0,-66.0,-958.0
-134.0,-101.0,-1118.0
80.0,-283.0,-1190.0
-66.0,-253.0,-1141.0
66.0,-325.0,-954.0
-117.0,-240.0,-901.0
132.0,44.0,-970.0
-89.0,206.0,-1038.0
-21.0,152.0,-954.0
-148.0,-124.0,-1194.0
33.0,-491.0,-1210.0
-56.0,-402.0,-981.0
93.0,-382.0,-747.0
-142.0,50.0,-806.0
7.0,238.0,-995.0
-68.0,312.0,-1122.0
-21.0,-220.0,-1143.0
-74.0,-474.0,-1005.0
-13.0,-523.0,-901.0
15.0,-201.0,-954.0
9.0,-171.0,-1032.0
-83.0,-68.0,-1026.0
37.0,-128.0,-1005.0
-21.0,13.0,-964.0
9.0,-101.0,-954.0
-89.0,-208.0,-1005.0
-11.0,-347.0,-1192.0
-37.0,-240.0,-1179.0
-15.0,-296.0,-936.0
-56.0,-308.0,-798.0
15.0,-150.0,-944.0
-9.0,-37.0,-1097.0
-13.0,-169.0,-1138.0
-81.0,-304.0,-1108.0
-3.0,-413.0,-1138.0
-13.0,-345.0,-1024.0
-5.0,-470.0,-1009.0
-37.0,-357.0,-950.0
37.0,-298.0,-1016.0
-35.0,29.0,-1038.0
-29.0,-54.0,-1024.0
-89.0,-146.0,-1009.0
-39.0,-388.0,-1155.0
3.0,-448.0,-1069.0
-21.0,-519.0,-948.0
-29.0,-423.0,-788.0
31.0,-365.0,-948.0
27.0,31.0,-977.0
-56.0,-5.0,-1003.0
-21.0,-224.0,-1052.0
-29.0,-589.0,-1151.0
70.0,-794.0,-1046.0
62.0,-646.0,-880.0
68.0,-366.0,-726.0
37.0,35.0,-897.0
42.0,21.0,-1077.0
-31.0,-300.0,-1186.0
103.0,-663.0,-1036.0
31.0,-755.0,-981.0
83.0,-421.0,-940.0
40.0,-304.0,-1016.0
128.0,-257.0,-1015.0
9.0,-396.0,-1069.0
121.0,-286.0,-1038.0
-7.0,-197.0,-962.0
81.0,-458.0,-966.0
-66.0,-464.0,-1194.0
93.0,-519.0,-1204.0
9.0,-388.0,-1052.0
134.0,-341.0,-854.0
-44.0,-222.0,-874.0
134.0,-185.0,-999.0
-37.0,-193.0,-1143.0
68.0,-439.0,-1091.0
-130.0,-406.0,-1075.0
93.0,-398.0,-1036.0
-50.0,-361.0,-977.0
150.0,-431.0,-913.0
-93.0,-316.0,-931.0
117.0,-5.0,-987.0
-101.0,111.0,-977.0
56.0,-81.0,-931.0
-109.0,-382.0,-1042.0
66.0,-692.0,-1145.0
-33.0,-392.0,-1001.0
87.0,-491.0,-831.0
-117.0,-177.0,-878.0
156.0,-44.0,-954.0
-48.0,91.0,-1001.0
33.0,-1.0,-1016.0
-156.0,-368.0,-1159.0
109.0,-593.0,-1167.0
-83.0,-536.0,-1003.0
140.0,-433.0,-802.0
-97.0,-29.0,-851.0
126.0,187.0,-1075.0
-78.0,146.0,-1184.0
101.0,-275.0,-1139.0
-117.0,-532.0,-1024.0
87.0,-429.0,-976.0
-27.0,-93.0,-976.0
70.0,-54.0,-995.0
-78.0,-146.0,-1056.0
56.0,-146.0,-1059.0
-44.0,-19.0,-940.0
27.0,-105.0,-903.0
-107.0,-156.0,-1077.0
44.0,-327.0,-1198.0
-29.0,-281.0,-1136.0
76.0,-296.0,-899.0
-76.0,-238.0,-798.0
81.0,39.0,-954.0
-66.0,99.0,-1095.0
21.0,-64.0,-1104.0
-130.0,-144.0,-1057.0
91.0,-370.0,-1071.0
-54.0,-230.0,-1005.0
19.0,-390.0,-929.0
-113.0,-366.0,-919.0
29.0,-146.0,-1038.0
-56.0,189.0,-1013.0
-40.0,124.0,-940.0
-107.0,-93.0,-1052.0
-17.0,-441.0,-1210.0
-21.0,-409.0,-1089.0
-11.0,-464.0,-909.0
-58.0,-218.0,-843.0
29.0,-70.0,-977.0
-25.0,68.0,-1048.0
-78.0,-54.0,-1038.0
-58.0,-281.0,-1134.0
17.0,-552.0,-1173.0
0.0,-558.0,-1056.0
3.0,-486.0,-882.0
-29.0,-242.0,-833.0
0.0,136.0,-931.0
0.0,187.0,-1139.0
-54.0,-115.0,-1169.0
-93.0,-528.0,-1026.0
-17.0,-595.0,-1003.0
-19.0,-353.0,-972.0
-39.0,-163.0,-993.0
-19.0,-300.0,-1024.0
-46.0,-322.0,-1052.0
50.0,-251.0,-962.0
-11.0,-179.0,-931.0
-21.0,-228.0,-935.0
-50.0,-372.0,-1214.0
21.0,-390.0,-1206.0
-33.0,-474.0,-999.0
56.0,-476.0,-728.0
-44.0,-269.0,-862.0
140.0,-44.0,-1011.0
-35.0,-39.0,-1122.0
76.0,-288.0,-1024.0
-40.0,-443.0,-1100.0
89.0,-517.0,-979.0
5.0,-468.0,-940.0
142.0,-640.0,-899.0
-29.0,-433.0,-1046.0
144.0,-197.0,-940.0
-21.0,-13.0,-999.0
85.0,-160.0,-1026.0
-46.0,-435.0,-1177.0
107.0,-644.0,-1108.0
0.0,-564.0,-997.0
150.0,-425.0,-825.0
-37.0,-240.0,-946.0
119.0,-37.0,-1011.0
-33.0,-48.0,-1069.0
89.0,-327.0,-1032.0
-48.0,-515.0,-1182.0
37.0,-595.0,-1116.0
-25.0,-509.0,-968.0
115.0,-411.0,-796.0
-50.0,-140.0,-905.0
48.0,78.0,-1091.0
-54.0,13.0,-1200.0
80.0,-433.0,-1069.0
-60.0,-624.0,-952.0
-5.0,-488.0,-940.0
-23.0,-201.0,-979.0
66.0,-183.0,-1018.0
-66.0,-271.0,-1028.0
42.0,-337.0,-989.0
-27.0,-146.0,-878.0
39.0,-177.0,-894.0
-103.0,-245.0,-1089.0
44.0,-318.0,-1245.0
-44.0,-363.0,-1073.0
74.0,-493.0,-823.0
-62.0,-292.0,-753.0
95.0,-85.0,-987.0
-78.0,89.0,-1098.0
40.0,-158.0,-1106.0
-117.0,-255.0,-1087.0
103.0,-413.0,-1057.0
-46.0,-298.0,-956.0
154.0,-448.0,-948.0
-37.0,-253.0,-960.0
191.0,-76.0,-1040.0
-35.0,167.0,-1015.0
78.0,128.0,-952.0
-101.0,-105.0,-1114.0
25.0,-491.0,-1220.0
-33.0,-503.0,-1093.0
3.0,-423.0,-907.0
204.0,-105.0,-753.0
236.0,132.0,-1020.0
568.0,277.0,-890.0
386.0,15.0,-1089.0
579.0,-273.0,-1249.0
1020.0,-534.0,-1097.0
628.0,-413.0,-1212.0
1300.0,-236.0,-749.0
757.0,60.0,-888.0
1179.0,238.0,-1034.0
862.0,365.0,-1169.0
1056.0,-60.0,-1184.0
1056.0,-322.0,-1024.0
1065.0,-210.0,-987.0
1175.0,-197.0,-927.0
1104.0,-119.0,-948.0
1200.0,9.0,-813.0
868.0,-21.0,-1046.0
1264.0,-9.0,-708.0
798.0,66.0,-843.0
1046.0,-9.0,-970.0
798.0,39.0,-1272.0
1143.0,-208.0,-1106.0
903.0,-365.0,-919.0
1073.0,-142.0,-739.0
901.0,144.0,-999.0
981.0,300.0,-1128.0
948.0,193.0,-1202.0
964.0,11.0,-1223.0
1065.0,-44.0,-1110.0
1042.0,-138.0,-1003.0
1188.0,-290.0,-954.0
1065.0,-85.0,-1036.0
1251.0,187.0,-1075.0
1210.0,372.0,-1026.0
1280.0,226.0,-1030.0
1311.0,130.0,-1089.0
1319.0,-126.0,-1171.0
1399.0,-292.0,-1034.0
1417.0,-376.0,-960.0
1428.0,-46.0,-913.0
1221.0,218.0,-968.0
1481.0,296.0,-936.0
1139.0,212.0,-1038.0
1344.0,3.0,-991.0
1116.0,-234.0,-1089.0
1325.0,-288.0,-946.0
1151.0,-376.0,-931.0
1432.0,-44.0,-774.0
1167.0,281.0,-897.0
1450.0,251.0,-1001.0
1161.0,-9.0,-1087.0
1350.0,-232.0,-1009.0
1216.0,-257.0,-1040.0
1138.0,-29.0,-1097.0
1153.0,-218.0,-1054.0
1257.0,-242.0,-1011.0
1163.0,64.0,-946.0
1266.0,97.0,-970.0
1239.0,185.0,-936.0
1368.0,105.0,-991.0
981.0,-66.0,-1323.0
1321.0,-251.0,-1245.0
1149.0,-380.0,-997.0
1358.0,-478.0,-747.0
1059.0,-46.0,-870.0
1553.0,425.0,-866.0
1083.0,447.0,-1157.0
1419.0,-37.0,-1100.0
1020.0,-103.0,-1177.0
1536.0,-468.0,-1054.0
1136.0,-179.0,-935.0
1700.0,-564.0,-806.0
1145.0,62.0,-995.0
1581.0,333.0,-843.0
1143.0,425.0,-1032.0
1544.0,-15.0,-995.0
1073.0,-111.0,-1247.0
1551.0,-355.0,-1110.0
1204.0,-251.0,-987.0
1627.0,-355.0,-757.0
1173.0,115.0,-849.0
1438.0,368.0,-872.0
1339.0,448.0,-1042.0
1534.0,-19.0,-1274.0
1245.0,-136.0,-1241.0
1356.0,-148.0,-1016.0
1378.0,-269.0,-747.0
1524.0,-162.0,-759.0
1300.0,189.0,-829.0
1428.0,212.0,-1141.0
1278.0,152.0,-1337.0
1428.0,-210.0,-1134.0
1413.0,-85.0,-897.0
1438.0,72.0,-890.0
1497.0,-5.0,-894.0
1559.0,-398.0,-1095.0
1268.0,-87.0,-1149.0
1573.0,337.0,-989.0
1196.0,474.0,-983.0
1504.0,-140.0,-935.0
1030.0,230.0,-1128.0
1649.0,-115.0,-948.0
1126.0,93.0,-1165.0
1727.0,-392.0,-845.0
1104.0,-37.0,-892.0
1573.0,292.0,-784.0
1063.0,355.0,-1268.0
1668.0,-21.0,-985.0
1153.0,181.0,-1028.0
1688.0,-394.0,-1013.0
1235.0,-11.0,-1130.0
1614.0,44.0,-968.0
1165.0,249.0,-880.0
1573.0,-218.0,-1028.0
1136.0,286.0,-948.0
1442.0,185.0,-1034.0
1145.0,224.0,-1073.0
1177.0,-345.0,-1143.0
1235.0,-195.0,-1042.0
1266.0,-179.0,-956.0
1179.0,68.0,-679.0
1339.0,314.0,-841.0
1409.0,365.0,-1118.0
1253.0,267.0,-1112.0
1323.0,109.0,-1141.0
1214.0,-216.0,-1153.0
1430.0,-236.0,-1022.0
1489.0,5.0,-769.0
1300.0,-29.0,-909.0
1462.0,201.0,-960.0
1300.0,244.0,-1028.0
1627.0,220.0,-1118.0
1278.0,74.0,-1042.0
1641.0,-363.0,-954.0
1204.0,130.0,-1030.0
1415.0,-115.0,-940.0
1159.0,-95.0,-919.0
1424.0,261.0,-812.0
921.0,156.0,-1145.0
1280.0,238.0,-888.0
835.0,599.0,-1005.0
1192.0,-390.0,-1177.0
999.0,-312.0,-1235.0
1071.0,-351.0,-663.0
730.0,152.0,-796.0
1171.0,31.0,-843.0
810.0,265.0,-1091.0
1079.0,298.0,-1110.0
665.0,314.0,-1130.0
856.0,-447.0,-1034.0
862.0,-363.0,-1085.0
853.0,-85.0,-1030.0
605.0,349.0,-1097.0
612.0,-23.0,-1009.0
614.0,308.0,-958.0
571.0,281.0,-813.0
398.0,-46.0,-1202.0
386.0,-359.0,-1038.0
480.0,-224.0,-1054.0
347.0,-83.0,-995.0
312.0,-76.0,-903.0
486.0,40.0,-622.0
212.0,382.0,-812.0
341.0,363.0,-1251.0
208.0,-263.0,-1227.0
138.0,-302.0,-1067.0
105.0,-144.0,-1032.0
150.0,210.0,-1075.0
523.0,-220.0,-743.0
-27.0,42.0,-935.0
402.0,97.0,-979.0
60.0,220.0,-1141.0
179.0,-56.0,-1054.0
85.0,-253.0,-942.0
277.0,-81.0,-970.0
201.0,21.0,-1011.0
162.0,-97.0,-913.0
214.0,-39.0,-786.0
359.0,238.0,-892.0
-87.0,460.0,-1192.0
152.0,-56.0,-1020.0
-33.0,-15.0,-966.0
44.0,-72.0,-1188.0
-3.0,-335.0,-948.0
76.0,81.0,-759.0
122.0,-87.0,-767.0
27.0,521.0,-1038.0
80.0,345.0,-1026.0
154.0,-19.0,-1073.0
52.0,-31.0,-1056.0
39.0,-292.0,-948.0
162.0,105.0,-821.0
273.0,-62.0,-772.0
204.0,-158.0,-1030.0
-70.0,134.0,-1059.0
247.0,177.0,-935.0
245.0,267.0,-960.0
-5.0,368.0,-1028.0
126.0,-247.0,-1153.0
85.0,165.0,-976.0
212.0,-83.0,-935.0
3.0,-46.0,-923.0
454.0,160.0,-776.0
21.0,183.0,-1235.0
66.0,197.0,-1079.0
80.0,-152.0,-1091.0
187.0,-150.0,-853.0
242.0,40.0,-1141.0
177.0,-316.0,-1028.0
-35.0,-140.0,-780.0
154.0,353.0,-985.0
167.0,466.0,-1083.0
23.0,509.0,-1013.0
-13.0,-87.0,-936.0
146.0,-296.0,-1262.0
68.0,-101.0,-1171.0
-44.0,70.0,-747.0
150.0,-228.0,-741.0
203.0,31.0,-1095.0
-1.0,185.0,-1042.0
-140.0,318.0,-1071.0
148.0,117.0,-1077.0
-19.0,-1.0,-1200.0
148.0,-23.0,-917.0
-5.0,-247.0,-997.0
-70.0,85.0,-798.0
-83.0,201.0,-989.0
169.0,349.0,-985.0
-169.0,58.0,-1188.0
-31.0,-251.0,-979.0
-214.0,-197.0,-1003.0
91.0,-144.0,-919.0
-154.0,130.0,-966.0
109.0,-128.0,-890.0
-44.0,-44.0,-1065.0
21.0,183.0,-944.0
-85.0,271.0,-1081.0
105.0,134.0,-1015.0
-193.0,119.0,-1024.0
191.0,-201.0,-1100.0
-95.0,-1.0,-993.0
56.0,-146.0,-722.0
-204.0,66.0,-813.0
173.0,-19.0,-1163.0
-136.0,-29.0,-1196.0
11.0,150.0,-892.0
-52.0,-134.0,-1046.0
7.0,103.0,-1061.0
21.0,140.0,-892.0
0.0,-175.0,-972.0
-146.0,-21.0,-1046.0
126.0,117.0,-1026.0
-15.0,214.0,-888.0
0.0,9.0,-1061.0
-130.0,-68.0,-1087.0
95.0,-99.0,-1026.0
17.0,124.0,-894.0
109.0,-66.0,-999.0
44.0,-189.0,-847.0
87.0,60.0,-813.0
162.0,296.0,-1003.0
7.0,312.0,-1149.0
48.0,324.0,-1266.0
-23.0,-343.0,-1253.0
247.0,-271.0,-995.0
76.0,-72.0,-710.0
122.0,15.0,-657.0
-99.0,261.0,-1065.0
109.0,124.0,-1276.0
27.0,-150.0,-1237.0
-103.0,-25.0,-968.0
-60.0,199.0,-886.0
158.0,138.0,-921.0
11.0,-9.0,-950.0
-251.0,-13.0,-940.0
324.0,163.0,-1013.0
80.0,185.0,-1075.0
-83.0,-11.0,-1069.0
81.0,-189.0,-921.0
74.0,40.0,-1059.0
183.0,66.0,-1095.0
-39.0,85.0,-983.0
-23.0,-163.0,-724.0
35.0,0.0,-1013.0
-128.0,300.0,-1046.0
140.0,11.0,-1007.0
-146.0,286.0,-1087.0
-3.0,21.0,-1118.0
-107.0,25.0,-1085.0
245.0,-431.0,-831.0
-236.0,-126.0,-935.0
130.0,46.0,-833.0
-50.0,366.0,-1011.0
187.0,23.0,-1091.0
-284.0,-242.0,-987.0
50.0,251.0,-1020.0
-142.0,181.0,-1126.0
19.0,29.0,-854.0
11.0,-19.0,-769.0
-23.0,85.0,-880.0
-160.0,48.0,-1218.0
54.0,325.0,-1098.0
-107.0,-50.0,-1013.0
111.0,-72.0,-1079.0
66.0,-60.0,-1124.0
115.0,-25.0,-813.0
-115.0,5.0,-644.0
-31.0,64.0,-884.0
-7.0,261.0,-1102.0
42.0,-109.0,-1177.0
-121.0,-146.0,-1001.0
42.0,279.0,-979.0
15.0,169.0,-919.0
107.0,25.0,-1057.0
-105.0,-493.0,-909.0
-115.0,288.0,-894.0
-15.0,50.0,-948.0
290.0,140.0,-1100.0
-121.0,-201.0,-981.0
-150.0,337.0,-1071.0
148.0,117.0,-1030.0
101.0,-21.0,-1077.0
-66.0,-281.0,-726.0
11.0,171.0,-829.0
158.0,329.0,-1091.0
-124.0,48.0,-1139.0
29.0,5.0,-1167.0
-103.0,17.0,-948.0
117.0,74.0,-1120.0
-37.0,-167.0,-946.0
142.0,-56.0,-864.0
17.0,-115.0,-942.0
56.0,9.0,-995.0
-50.0,107.0,-1075.0
-78.0,-80.0,-895.0
-111.0,573.0,-1303.0
144.0,-33.0,-1036.0
-52.0,-117.0,-884.0
66.0,-185.0,-825.0
-111.0,21.0,-911.0
185.0,189.0,-921.0
-111.0,363.0,-1114.0
171.0,-312.0,-1216.0
-11.0,-35.0,-1118.0
60.0,83.0,-874.0
-33.0,247.0,-691.0
281.0,21.0,-895.0
-173.0,-612.0,-1136.0
0.0,573.0,-1077.0
-21.0,148.0,-1036.0
62.0,220.0,-972.0
-134.0,-97.0,-1032.0
-31.0,-226.0,-915.0
97.0,91.0,-1013.0
-175.0,-247.0,-895.0
-48.0,-42.0,-1095.0
-42.0,165.0,-841.0
-121.0,-76.0,-954.0
-230.0,247.0,-905.0
1.0,171.0,-1159.0
-19.0,339.0,-1097.0
33.0,-245.0,-1087.0
-62.0,-158.0,-950.0
93.0,-298.0,-577.0
-39.0,144.0,-796.0
-37.0,464.0,-944.0
-66.0,-66.0,-1073.0
3.0,-226.0,-1122.0
-105.0,-154.0,-1052.0
66.0,265.0,-872.0
60.0,70.0,-888.0
-48.0,-31.0,-976.0
76.0,85.0,-1020.0
-117.0,78.0,-905.0
195.0,187.0,-1114.0
-220.0,91.0,-1102.0
97.0,-351.0,-1198.0
-50.0,-66.0,-1015.0
160.0,-105.0,-825.0
-85.0,80.0,-689.0
52.0,107.0,-788.0
3.0,275.0,-1116.0
-62.0,-126.0,-1196.0
-13.0,29.0,-1138.0
128.0,318.0,-925.0
76.0,171.0,-878.0
119.0,146.0,-771.0
5.0,-187.0,-847.0
203.0,-312.0,-1071.0
-162.0,105.0,-1182.0
113.0,288.0,-954.0
-128.0,281.0,-1001.0
-105.0,-183.0,-1030.0
124.0,-50.0,-997.0
-33.0,-115.0,-870.0
5.0,68.0,-835.0
21.0,175.0,-968.0
40.0,128.0,-1128.0
-39.0,359.0,-985.0
-119.0,-128.0,-985.0
58.0,150.0,-1180.0
48.0,-214.0,-1216.0
-144.0,-35.0,-849.0
-83.0,-76.0,-614.0
199.0,181.0,-936.0
-214.0,103.0,-1202.0
132.0,44.0,-1050.0
-124.0,-242.0,-938.0
204.0,204.0,-1048.0
-97.0,261.0,-1036.0
40.0,275.0,-907.0
-70.0,-169.0,-808.0
-1.0,-109.0,-1040.0
3.0,-126.0,-1114.0
-109.0,122.0,-895.0
0.0,316.0,-917.0
-48.0,85.0,-1227.0
122.0,-214.0,-1223.0
-33.0,-99.0,-691.0
35.0,-40.0,-575.0
-78.0,448.0,-856.0
85.0,-169.0,-1231.0
-52.0,417.0,-1097.0
-17.0,89.0,-911.0
-195.0,56.0,-1179.0
21.0,-199.0,-1180.0
134.0,-130.0,-841.0
11.0,-294.0,-827.0
-103.0,42.0,-866.0
121.0,380.0,-1120.0
-66.0,216.0,-1044.0
-15.0,-44.0,-1009.0
33.0,-222.0,-872.0
115.0,203.0,-1147.0
-66.0,195.0,-868.0
-23.0,195.0,-919.0
37.0,-267.0,-831.0
230.0,-72.0,-1145.0
-165.0,-35.0,-903.0
56.0,142.0,-894.0
1.0,111.0,-1198.0
-111.0,-138.0,-1331.0
56.0,-220.0,-913.0
54.0,3.0,-593.0
-124.0,480.0,-794.0
-29.0,-134.0,-909.0
138.0,60.0,-1200.0
52.0,119.0,-1118.0
-27.0,126.0,-1079.0
-95.0,95.0,-1048.0
138.0,-160.0,-1165.0
-21.0,148.0,-771.0
54.0,-267.0,-728.0
-91.0,212.0,-1046.0
121.0,35.0,-1173.0
-208.0,267.0,-905.0
13.0,-74.0,-948.0
-78.0,-11.0,-1190.0
113.0,-5.0,-1036.0
15.0,-35.0,-745.0
-122.0,-89.0,-663.0
83.0,-48.0,-999.0
50.0,31.0,-1290.0
-103.0,331.0,-1065.0
-193.0,286.0,-977.0
134.0,9.0,-989.0
1.0,-376.0,-1124.0
212.0,-294.0,-968.0
-261.0,290.0,-650.0
142.0,275.0,-1048.0
-40.0,122.0,-1114.0
126.0,-236.0,-1098.0
-66.0,333.0,-976.0
101.0,-85.0,-999.0
-42.0,148.0,-1016.0
70.0,-175.0,-1032.0
-25.0,-37.0,-919.0
58.0,54.0,-665.0
-72.0,117.0,-1165.0
-50.0,175.0,-983.0
-117.0,-111.0,-1128.0
72.0,111.0,-1030.0
-81.0,-35.0,-1073.0
132.0,154.0,-972.0
-187.0,-13.0,-632.0
42.0,255.0,-782.0
23.0,-220.0,-1136.0
42.0,-56.0,-1141.0
-210.0,251.0,-993.0
1.0,353.0,-1024.0
46.0,-9.0,-1050.0
366.0,-454.0,-938.0
-396.0,-33.0,-851.0
101.0,25.0,-940.0
-85.0,335.0,-931.0
-1.0,126.0,-1112.0
-40.0,193.0,-1026.0
60.0,138.0,-1028.0
7.0,99.0,-1116.0
31.0,66.0,-1009.0
-78.0,-675.0,-788.0
21.0,-35.0,-755.0
13.0,-33.0,-1061.0
3.0,515.0,-1026.0
3.0,-136.0,-1095.0
-87.0,150.0,-1192.0
152.0,-140.0,-954.0
-58.0,113.0,-915.0
89.0,-27.0,-827.0
-156.0,376.0,-876.0
308.0,-35.0,-837.0
-160.0,-93.0,-1173.0
165.0,-121.0,-1077.0
-162.0,210.0,-997.0
214.0,148.0,-1052.0
-19.0,-165.0,-1161.0
-97.0,-247.0,-833.0
171.0,-70.0,-854.0
-165.0,579.0,-813.0
183.0,-23.0,-944.0
-46.0,269.0,-1188.0
46.0,142.0,-1239.0
-238.0,-68.0,-1079.0
56.0,154.0,-780.0
23.0,-230.0,-925.0
-156.0,-204.0,-790.0
-119.0,-372.0,-970.0
-29.0,0.0,-1130.0
-130.0,589.0,-1130.0
103.0,-93.0,-1065.0
78.0,349.0,-958.0
115.0,-206.0,-1063.0
-66.0,-146.0,-849.0
11.0,265.0,-819.0
-87.0,284.0,-942.0
39.0,-9.0,-1098.0
148.0,-251.0,-995.0
-255.0,99.0,-1198.0
244.0,361.0,-1159.0
-171.0,-240.0,-806.0
269.0,-265.0,-831.0
-359.0,-185.0,-886.0
146.0,261.0,-876.0
-173.0,306.0,-950.0
160.0,288.0,-1292.0
-60.0,-80.0,-1083.0
117.0,89.0,-1087.0
-58.0,-31.0,-1018.0
-3.0,253.0,-909.0
138.0,-265.0,-831.0
-35.0,-406.0,-1015.0
-66.0,29.0,-1112.0
-216.0,105.0,-905.0
-257.0,460.0,-913.0
93.0,37.0,-1218.0
-197.0,-31.0,-862.0
-173.0,-185.0,-940.0
-212.0,46.0,-935.0
66.0,279.0,-813.0
-224.0,44.0,-929.0
-206.0,25.0,-1177.0
-314.0,-156.0,-1286.0
-134.0,491.0,-1091.0
-46.0,-99.0,-905.0
-528.0,-187.0,-876.0
-292.0,-472.0,-936.0
-542.0,-60.0,-940.0
-919.0,152.0,-872.0
-577.0,620.0,-825.0
-1346.0,-23.0,-1667.0
-1124.0,226.0,-1020.0
-1180.0,-222.0,-862.0
-1260.0,76.0,-907.0
-1534.0,366.0,-737.0
-1395.0,-710.0,-987.0
-1522.0,189.0,-999.0
-1329.0,-312.0,-1005.0
-1503.0,892.0,-946.0
-1374.0,-376.0,-1266.0
-1419.0,-261.0,-1171.0
-1225.0,261.0,-782.0
-1309.0,-105.0,-823.0
-1253.0,255.0,-991.0
-1065.0,-396.0,-1083.0
-1294.0,772.0,-1194.0
-1229.0,-265.0,-1157.0
-1218.0,-60.0,-1198.0
-825.0,-370.0,-1003.0
-1120.0,197.0,-1141.0
-1020.0,226.0,-737.0
-876.0,-376.0,-774.0
-1138.0,-122.0,-1052.0
-919.0,191.0,-1018.0
-1063.0,308.0,-1005.0
-786.0,1.0,-958.0
-1095.0,-286.0,-1075.0
-808.0,185.0,-958.0
-1143.0,267.0,-784.0
-1022.0,-80.0,-804.0
-1122.0,-413.0,-790.0
-1212.0,156.0,-1036.0
-1057.0,175.0,-1159.0
-1341.0,117.0,-1153.0
-1239.0,-224.0,-1069.0
-1368.0,163.0,-979.0
-1290.0,154.0,-864.0
-1444.0,-230.0,-718.0
-1467.0,-15.0,-976.0
-1155.0,66.0,-1126.0
-1413.0,437.0,-1079.0
-1175.0,-31.0,-1040.0
-1202.0,-634.0,-1321.0
-1288.0,318.0,-1138.0
-1514.0,56.0,-749.0
-1485.0,85.0,-776.0
-1438.0,-310.0,-1126.0
-1292.0,361.0,-1065.0
-1452.0,527.0,-1141.0
-1251.0,142.0,-1091.0
-1026.0,-589.0,-1122.0
-1192.0,165.0,-1116.0
-1194.0,-78.0,-792.0
-1212.0,76.0,-651.0
-909.0,-203.0,-1056.0
-1143.0,232.0,-1239.0
-1175.0,173.0,-1020.0
-1210.0,-89.0,-1145.0
-923.0,-257.0,-1186.0
-1177.0,679.0,-1124.0
-1221.0,-240.0,-673.0
-1491.0,-343.0,-901.0
-1057.0,-185.0,-1018.0
-1358.0,368.0,-1075.0
-1483.0,597.0,-1061.0
-1290.0,-548.0,-1015.0
-1354.0,134.0,-1288.0
-1262.0,44.0,-913.0
-1774.0,179.0,-833.0
-1145.0,-167.0,-767.0
-1684.0,-292.0,-1149.0
-1272.0,445.0,-1052.0
-1631.0,7.0,-1067.0
-1532.0,25.0,-1192.0
-1419.0,-236.0,-1145.0
-1620.0,417.0,-1081.0
-1350.0,-366.0,-847.0
-1877.0,-109.0,-839.0
-1251.0,-54.0,-833.0
-1641.0,329.0,-1272.0
-1278.0,113.0,-1149.0
-1635.0,-181.0,-960.0
-1317.0,269.0,-1134.0
-1218.0,-21.0,-1186.0
-1362.0,87.0,-899.0
-1249.0,-527.0,-726.0
-1464.0,54.0,-976.0
-1139.0,142.0,-1026.0
-1419.0,281.0,-1157.0
-1259.0,185.0,-1106.0
-1225.0,-251.0,-1163.0
-1259.0,402.0,-1112.0
-1087.0,-259.0,-827.0
-1520.0,122.0,-706.0
-1048.0,-421.0,-772.0
-1319.0,160.0,-1278.0
-1097.0,148.0,-1038.0
-1620.0,136.0,-1079.0
-1229.0,-204.0,-1098.0
-1284.0,236.0,-1284.0
-1266.0,21.0,-911.0
-1538.0,-126.0,-706.0
-1327.0,-111.0,-888.0
-1264.0,283.0,-1153.0
-1456.0,185.0,-1147.0
-1544.0,-5.0,-1052.0
-1362.0,-232.0,-1159.0
-1264.0,228.0,-1180.0
-1292.0,-3.0,-903.0
-1532.0,-175.0,-763.0
-1216.0,-236.0,-942.0
-1403.0,447.0,-1173.0
-1350.0,185.0,-1122.0
-1477.0,-216.0,-1040.0
-1255.0,-19.0,-1143.0
-1210.0,232.0,-1227.0
-1454.0,224.0,-1005.0
-1317.0,-288.0,-728.0
-1335.0,-271.0,-899.0
-1196.0,253.0,-1057.0
-1393.0,128.0,-1048.0
-1376.0,-56.0,-987.0
-1286.0,-165.0,-1149.0
-1249.0,394.0,-1278.0
-1333.0,99.0,-1003.0
-1440.0,-109.0,-810.0
-1177.0,-249.0,-843.0
-1301.0,261.0,-1075.0
-1221.0,70.0,-936.0
-1339.0,-70.0,-1069.0
-1030.0,-23.0,-1214.0
-1036.0,183.0,-1296.0
-1032.0,31.0,-921.0
-1173.0,-175.0,-712.0
-954.0,-281.0,-874.0
-931.0,406.0,-1110.0
-1026.0,177.0,-1081.0
-1030.0,-44.0,-1063.0
-890.0,-103.0,-1260.0
-751.0,199.0,-1319.0
-872.0,101.0,-989.0
-835.0,-283.0,-745.0
-743.0,-158.0,-856.0
-663.0,181.0,-954.0
-745.0,183.0,-958.0
-610.0,-44.0,-999.0
-503.0,-23.0,-1333.0
-359.0,220.0,-1204.0
-532.0,142.0,-960.0
-341.0,-251.0,-753.0
-355.0,-83.0,-866.0
-236.0,154.0,-995.0
-370.0,142.0,-1042.0
-222.0,-70.0,-1071.0
-216.0,-44.0,-1262.0
-134.0,259.0,-1194.0
-179.0,167.0,-981.0
-218.0,-169.0,-784.0
-169.0,-197.0,-841.0
-119.0,95.0,-956.0
-195.0,312.0,-1030.0
-126.0,-19.0,-1110.0
-101.0,-56.0,-1214.0
-70.0,191.0,-1218.0
-48.0,111.0,-997.0
-124.0,-85.0,-831.0
-85.0,-238.0,-825.0
-130.0,122.0,-895.0
-119.0,124.0,-1003.0
-107.0,107.0,-1056.0
-122.0,46.0,-1237.0
-68.0,101.0,-1221.0
-163.0,142.0,-1013.0
-89.0,-117.0,-802.0
-189.0,-70.0,-821.0
-85.0,39.0,-911.0
-179.0,31.0,-1057.0
-99.0,-13.0,-1155.0
-189.0,37.0,-1231.0
-103.0,226.0,-1153.0
-122.0,101.0,-1048.0
-101.0,-81.0,-870.0
-218.0,-115.0,-829.0
-111.0,74.0,-880.0
-162.0,56.0,-977.0
-117.0,37.0,-1081.0
-212.0,21.0,-1212.0
-107.0,197.0,-1159.0
-89.0,52.0,-1061.0
-95.0,-54.0,-899.0
-193.0,-177.0,-839.0
-111.0,72.0,-866.0
-119.0,19.0,-1026.0
-58.0,80.0,-1151.0
-206.0,74.0,-1180.0
-81.0,136.0,-1167.0
-87.0,39.0,-1032.0
-58.0,-91.0,-917.0
-167.0,-126.0,-798.0
-101.0,42.0,-851.0
-95.0,-3.0,-1007.0
-50.0,60.0,-1120.0
-162.0,72.0,-1134.0
-56.0,197.0,-1145.0
-44.0,70.0,-1104.0
-5.0,-42.0,-944.0
-130.0,-115.0,-835.0
-29.0,-23.0,-813.0
-80.0,83.0,-981.0
-11.0,62.0,-1098.0
-158.0,80.0,-1153.0
-33.0,142.0,-1165.0
-9.0,27.0,-1130.0
-3.0,-17.0,-935.0
-122.0,-78.0,-796.0
-27.0,3.0,-823.0
-29.0,33.0,-1054.0
-40.0,70.0,-1134.0
-93.0,107.0,-1122.0
-21.0,152.0,-1112.0
35.0,35.0,-1120.0
0.0,-50.0,-958.0
-50.0,-111.0,-825.0
-15.0,-7.0,-839.0
-1.0,68.0,-1015.0
-23.0,80.0,-1044.0
-68.0,93.0,-1120.0
35.0,121.0,-1188.0
87.0,121.0,-1136.0
93.0,-9.0,-991.0
-13.0,-89.0,-810.0
62.0,-21.0,-821.0
89.0,17.0,-1038.0
78.0,56.0,-1089.0
52.0,56.0,-1122.0
101.0,124.0,-1122.0
212.0,83.0,-1151.0
138.0,-19.0,-983.0
78.0,-85.0,-843.0
93.0,-31.0,-831.0
146.0,66.0,-997.0
33.0,39.0,-1069.0
21.0,56.0,-1083.0
9.0,142.0,-1161.0
126.0,80.0,-1206.0
-13.0,-3.0,-995.0
-37.0,-115.0,-810.0
-46.0,-25.0,-798.0
-39.0,13.0,-946.0
-101.0,52.0,-1042.0
-109.0,81.0,-1085.0
-93.0,128.0,-1169.0
-21.0,103.0,-1208.0
-64.0,-39.0,-1040.0
-117.0,-80.0,-776.0
-89.0,-33.0,-788.0
-39.0,31.0,-989.0
-64.0,-37.0,-1106.0
-80.0,72.0,-1104.0
-60.0,146.0,-1149.0
-37.0,115.0,-1175.0
-48.0,9.0,-1026.0
-91.0,-54.0,-884.0
-101.0,-35.0,-851.0
-93.0,5.0,-952.0
-80.0,64.0,-1015.0
-72.0,74.0,-1067.0
-105.0,39.0,-1184.0
-21.0,109.0,-1216.0
-56.0,1.0,-1018.0
-40.0,-37.0,-835.0
-68.0,-72.0,-792.0
-48.0,5.0,-895.0
-52.0,-1.0,-1087.0
-46.0,87.0,-1091.0
-68.0,152.0,-1147.0
35.0,78.0,-1171.0
0.0,91.0,-1063.0
23.0,-58.0,-843.0
-44.0,-83.0,-864.0
-1.0,3.0,-919.0
3.0,9.0,-1020.0
-23.0,103.0,-1081.0
-40.0,122.0,-1184.0
35.0,152.0,-1192.0
56.0,54.0,-1091.0
40.0,-33.0,-874.0
-66.0,-111.0,-812.0
64.0,-19.0,-907.0
-19.0,68.0,-989.0
25.0,81.0,-1079.0
-54.0,117.0,-1151.0
68.0,144.0,-1198.0
72.0,11.0,-1079.0
60.0,-25.0,-847.0
-21.0,-25.0,-798.0
42.0,9.0,-903.0
-9.0,25.0,-1061.0
17.0,44.0,-1128.0
-40.0,89.0,-1138.0
58.0,167.0,-1120.0
68.0,81.0,-1056.0
56.0,-48.0,-936.0
-58.0,-95.0,-878.0
25.0,-17.0,-903.0
-31.0,37.0,-981.0
-33.0,93.0,-1056.0
-70.0,80.0,-1114.0
15.0,103.0,-1177.0
33.0,101.0,-1118.0
64.0,-50.0,-935.0
-80.0,-44.0,-812.0
21.0,-39.0,-876.0
-21.0,25.0,-1056.0
-7.0,70.0,-1098.0
-70.0,85.0,-1112.0
11.0,160.0,-1151.0
40.0,25.0,-1110.0
17.0,1.0,-962.0
-58.0,-93.0,-841.0
40.0,-37.0,-895.0
-68.0,39.0,-995.0
-42.0,48.0,-1069.0
-107.0,52.0,-1073.0
5.0,146.0,-1182.0
31.0,70.0,-1143.0
37.0,-25.0,-977.0
-66.0,-81.0,-817.0
1.0,-35.0,-839.0
-44.0,19.0,-1005.0
-48.0,50.0,-1081.0
-68.0,81.0,-1118.0
29.0,130.0,-1151.0
54.0,64.0,-1122.0
5.0,-5.0,-942.0
-23.0,-72.0,-821.0
-5.0,-15.0,-884.0
7.0,13.0,-1040.0
-35.0,27.0,-1085.0
-9.0,39.0,-1104.0
-7.0,107.0,-1083.0
27.0,122.0,-1110.0
21.0,31.0,-993.0
-5.0,-85.0,-917.0
-9.0,-40.0,-853.0
-9.0,31.0,-977.0
-33.0,64.0,-1009.0
-29.0,31.0,-1081.0
-35.0,119.0,-1151.0
39.0,87.0,-1202.0
40.0,35.0,-1009.0
0.0,-81.0,-833.0
-29.0,-15.0,-835.0
11.0,13.0,-976.0
-7.0,-3.0,-1077.0
-25.0,58.0,-1087.0
-50.0,119.0,-1128.0
54.0,111.0,-1155.0
46.0,39.0,-1030.0
27.0,-60.0,-853.0
-35.0,-64.0,-841.0
7.0,0.0,-970.0
-52.0,31.0,-999.0
-44.0,101.0,-1050.0
-48.0,97.0,-1192.0
37.0,142.0,-1171.0
33.0,-11.0,-1052.0
-40.0,1.0,-825.0
-56.0,-72.0,-845.0
5.0,-19.0,-919.0
-58.0,42.0,-1044.0
11.0,62.0,-1112.0
-80.0,142.0,-1165.0
37.0,101.0,-1179.0
-3.0,29.0,-999.0
31.0,-42.0,-854.0
-44.0,-70.0,-860.0
11.0,19.0,-938.0
-17.0,1.0,-1057.0
-11.0,68.0,-1098.0
-85.0,89.0,-1130.0
29.0,163.0,-1089.0
37.0,89.0,-1079.0
40.0,-70.0,-927.0
-48.0,-48.0,-870.0
1.0,-5.0,-901.0
-15.0,9.0,-1007.0
-29.0,78.0,-1061.0
-60.0,85.0,-1157.0
236.0,169.0,-1098.0
68.0,103.0,-1202.0
290.0,-111.0,-853.0
236.0,-42.0,-821.0
388.0,35.0,-878.0
452.0,13.0,-1030.0
478.0,-40.0,-1118.0
587.0,150.0,-1054.0
501.0,222.0,-1188.0
651.0,29.0,-1196.0
569.0,-89.0,-958.0
612.0,-111.0,-907.0
620.0,109.0,-895.0
599.0,97.0,-958.0
642.0,0.0,-1015.0
517.0,58.0,-1122.0
593.0,187.0,-1145.0
571.0,132.0,-1093.0
538.0,-126.0,-936.0
376.0,-76.0,-817.0
404.0,56.0,-765.0
339.0,115.0,-946.0
298.0,-1.0,-1075.0
253.0,39.0,-1130.0
277.0,234.0,-1143.0
247.0,111.0,-1122.0
179.0,-105.0,-923.0
89.0,-93.0,-808.0
93.0,27.0,-872.0
44.0,138.0,-970.0
-13.0,-33.0,-1095.0
-7.0,29.0,-1141.0
-29.0,173.0,-1141.0
40.0,169.0,-1173.0
11.0,-56.0,-1032.0
-40.0,-121.0,-917.0
-40.0,19.0,-796.0
13.0,54.0,-956.0
3.0,1.0,-1079.0
11.0,7.0,-1126.0
1.0,169.0,-1167.0
132.0,62.0,-1221.0
74.0,-33.0,-1034.0
72.0,-83.0,-767.0
0.0,7.0,-786.0
40.0,44.0,-983.0
66.0,-64.0,-1116.0
29.0,66.0,-1097.0
89.0,136.0,-1157.0
72.0,132.0,-1173.0
76.0,-52.0,-1046.0
25.0,-81.0,-847.0
-5.0,-44.0,-808.0
33.0,-17.0,-954.0
-66.0,0.0,-1016.0
-25.0,80.0,-1081.0
-25.0,111.0,-1161.0
33.0,105.0,-1220.0
-27.0,-25.0,-1065.0
-81.0,-7.0,-823.0
-44.0,-5.0,-813.0
-60.0,-9.0,-954.0
-37.0,-46.0,-1054.0
-21.0,95.0,-1069.0
-64.0,136.0,-1128.0
-19.0,85.0,-1196.0
-40.0,85.0,-1059.0
11.0,0.0,-901.0
-35.0,27.0,-892.0
0.0,1.0,-929.0
17.0,-21.0,-997.0
111.0,39.0,-997.0
-11.0,89.0,-1147.0
113.0,134.0,-1202.0
99.0,78.0,-1098.0
206.0,9.0,-942.0
11.0,3.0,-841.0
206.0,-29.0,-872.0
124.0,-11.0,-952.0
187.0,122.0,-1028.0
35.0,109.0,-1153.0
126.0,95.0,-1188.0
154.0,-3.0,-1134.0
171.0,40.0,-909.0
-21.0,35.0,-837.0
158.0,-56.0,-892.0
13.0,-29.0,-972.0
173.0,-3.0,-1091.0
-97.0,146.0,-1089.0
60.0,121.0,-1171.0
-15.0,31.0,-1056.0
76.0,27.0,-1018.0
-109.0,-13.0,-880.0
72.0,-31.0,-913.0
-48.0,5.0,-890.0
31.0,-9.0,-1052.0
-156.0,130.0,-1089.0
21.0,-23.0,-1220.0
-29.0,138.0,-1083.0
54.0,5.0,-1013.0
-140.0,5.0,-895.0
11.0,-5.0,-845.0
-11.0,-44.0,-989.0
33.0,54.0,-1034.0
-134.0,70.0,-1093.0
-17.0,97.0,-1089.0
87.0,3.0,-1151.0
1.0,37.0,-1005.0
-72.0,-40.0,-948.0
52.0,-3.0,-845.0
62.0,-25.0,-960.0
-46.0,80.0,-936.0
-66.0,25.0,-1083.0
5.0,85.0,-1091.0
119.0,29.0,-1196.0
-1.0,99.0,-1020.0
-60.0,-48.0,-931.0
11.0,-31.0,-821.0
56.0,-40.0,-968.0
-44.0,99.0,-976.0
-89.0,31.0,-1079.0
5.0,132.0,-1110.0
134.0,-7.0,-1229.0
-11.0,35.0,-1044.0
-95.0,23.0,-892.0
13.0,7.0,-884.0
23.0,-42.0,-997.0
-33.0,-3.0,-972.0
-158.0,70.0,-1018.0
68.0,138.0,-1095.0
9.0,11.0,-1202.0
56.0,48.0,-1069.0
-175.0,48.0,-938.0
119.0,9.0,-907.0
-42.0,-40.0,-968.0
-66.0,25.0,-894.0
21.0,25.0,-921.0
132.0,142.0,-1225.0
78.0,35.0,-1309.0
0.0,27.0,-1042.0
-33.0,35.0,-839.0
80.0,35.0,-942.0
85.0,-11.0,-985.0
11.0,-138.0,-923.0
-83.0,117.0,-897.0
119.0,138.0,-1165.0
89.0,169.0,-1325.0
23.0,-64.0,-1042.0
-54.0,58.0,-815.0
-33.0,111.0,-921.0
122.0,-5.0,-1106.0
-97.0,-78.0,-827.0
-111.0,-11.0,-833.0
-13.0,179.0,-1196.0
74.0,121.0,-1448.0
-35.0,-62.0,-1098.0
-167.0,21.0,-730.0
21.0,109.0,-915.0
39.0,-29.0,-1057.0
-103.0,-124.0,-946.0
-162.0,52.0,-837.0
42.0,130.0,-1194.0
5.0,173.0,-1376.0
-50.0,-44.0,-1106.0
-117.0,23.0,-772.0
-37.0,-1.0,-862.0
95.0,142.0,-1048.0
-58.0,-218.0,-974.0
-109.0,-17.0,-870.0
-56.0,136.0,-1130.0
115.0,175.0,-1225.0
25.0,-15.0,-1153.0
-3.0,48.0,-872.0
-15.0,-5.0,-886.0
138.0,60.0,-897.0
15.0,-136.0,-999.0
-33.0,9.0,-913.0
-11.0,111.0,-1057.0
33.0,126.0,-1241.0
25.0,58.0,-1233.0
107.0,-42.0,-890.0
-54.0,46.0,-804.0
78.0,0.0,-892.0
46.0,-80.0,-1028.0
101.0,-66.0,-1005.0
-66.0,197.0,-1007.0
-11.0,97.0,-1235.0
-33.0,173.0,-1120.0
163.0,-103.0,-1059.0
-54.0,5.0,-911.0
48.0,-85.0,-890.0
-78.0,134.0,-892.0
158.0,44.0,-956.0
25.0,-58.0,-1085.0
-91.0,50.0,-1249.0
-93.0,121.0,-1106.0
105.0,187.0,-1056.0
7.0,-126.0,-981.0
-62.0,-56.0,-788.0
-9.0,117.0,-796.0
19.0,60.0,-1056.0
-81.0,39.0,-1239.0
-54.0,-5.0,-1108.0
-9.0,160.0,-1118.0
13.0,33.0,-1026.0
-19.0,-48.0,-888.0
19.0,-21.0,-851.0
54.0,23.0,-1003.0
-21.0,68.0,-1032.0
-83.0,-56.0,-1102.0
-93.0,173.0,-977.0
134.0,130.0,-1163.0
54.0,201.0,-1095.0
-107.0,-140.0,-1139.0
-19.0,-37.0,-845.0
89.0,-21.0,-862.0
64.0,199.0,-952.0
-29.0,-201.0,-999.0
11.0,-11.0,-1018.0
19.0,165.0,-1196.0
-62.0,169.0,-1284.0
-138.0,89.0,-915.0
-13.0,-62.0,-796.0
5.0,107.0,-964.0
-97.0,-54.0,-954.0
-146.0,-117.0,-948.0
23.0,27.0,-1065.0
58.0,144.0,-1321.0
-33.0,220.0,-1179.0
-29.0,-83.0,-956.0
-56.0,-13.0,-849.0
-29.0,23.0,-845.0
-83.0,33.0,-911.0
-25.0,33.0,-935.0
-117.0,11.0,-1089.0
-33.0,175.0,-1157.0
74.0,13.0,-1276.0
66.0,-1.0,-913.0
21.0,-167.0,-849.0
-154.0,156.0,-806.0
115.0,-17.0,-1024.0
52.0,-17.0,-1065.0
-27.0,25.0,-1126.0
-83.0,284.0,-1112.0
162.0,109.0,-1262.0
-56.0,54.0,-976.0
179.0,-91.0,-878.0
23.0,-64.0,-821.0
97.0,42.0,-923.0
56.0,-21.0,-1071.0
-29.0,-40.0,-1102.0
11.0,46.0,-1042.0
148.0,216.0,-1153.0
138.0,89.0,-1153.0
-31.0,-42.0,-913.0
13.0,-5.0,-755.0
-9.0,83.0,-903.0
-25.0,62.0,-1098.0
-130.0,-37.0,-1147.0
-17.0,-1.0,-1139.0
62.0,64.0,-1106.0
85.0,60.0,-1075.0
-111.0,25.0,-851.0
-85.0,-44.0,-765.0
-7.0,19.0,-944.0
83.0,25.0,-1143.0
-91.0,70.0,-1110.0
-173.0,74.0,-1108.0
126.0,160.0,-1151.0
130.0,154.0,-1057.0
44.0,-232.0,-1003.0
5.0,46.0,-747.0
105.0,7.0,-847.0
-52.0,124.0,-1102.0
-181.0,23.0,-1169.0
74.0,-33.0,-1018.0
37.0,201.0,-1120.0
-13.0,70.0,-1153.0
64.0,-31.0,-919.0
103.0,-46.0,-823.0
-54.0,5.0,-956.0
-17.0,48.0,-1028.0
-23.0,-3.0,-1038.0
31.0,44.0,-1114.0
-44.0,50.0,-1106.0
81.0,117.0,-1106.0
-64.0,-15.0,-964.0
-60.0,27.0,-825.0
-165.0,-15.0,-931.0
62.0,93.0,-1007.0
-27.0,-60.0,-976.0
-115.0,42.0,-1073.0
-39.0,80.0,-1212.0
39.0,62.0,-1169.0
-146.0,19.0,-1038.0
-44.0,-52.0,-782.0
-25.0,3.0,-884.0
13.0,17.0,-954.0
-95.0,48.0,-1204.0
-29.0,1.0,-1091.0
44.0,187.0,-1126.0
81.0,203.0,-1139.0
33.0,-105.0,-981.0
33.0,-115.0,-743.0
-21.0,-17.0,-806.0
-1.0,163.0,-1077.0
-3.0,44.0,-1145.0
37.0,-23.0,-1052.0
27.0,117.0,-1003.0
40.0,31.0,-1118.0
-103.0,130.0,-1079.0
33.0,-138.0,-874.0
19.0,25.0,-884.0
27.0,87.0,-970.0
171.0,21.0,-1026.0
122.0,-15.0,-1028.0
-64.0,3.0,-1079.0
-74.0,220.0,-1169.0
158.0,156.0,-931.0
152.0,-179.0,-913.0
-212.0,-105.0,-894.0
27.0,85.0,-944.0
152.0,83.0,-1098.0
-68.0,39.0,-1124.0
-105.0,78.0,-1026.0
195.0,70.0,-1022.0
62.0,126.0,-1118.0
-56.0,-117.0,-976.0
-128.0,46.0,-819.0
74.0,78.0,-876.0
130.0,11.0,-1061.0
-121.0,-21.0,-1126.0
-15.0,9.0,-1016.0
83.0,126.0,-1095.0
70.0,162.0,-1192.0
-58.0,-150.0,-1024.0
-39.0,-54.0,-724.0
-3.0,134.0,-790.0
-17.0,111.0,-1245.0
-54.0,50.0,-1095.0
265.0,128.0,-948.0
93.0,85.0,-1059.0
-31.0,0.0,-1231.0
11.0,-44.0,-862.0
5.0,-39.0,-739.0
-179.0,142.0,-954.0
81.0,117.0,-1139.0
0.0,-146.0,-1114.0
-48.0,35.0,-987.0
-105.0,218.0,-1056.0
72.0,52.0,-1194.0
-54.0,35.0,-1052.0
68.0,-136.0,-911.0
-17.0,25.0,-868.0
-101.0,150.0,-1020.0
42.0,-27.0,-1112.0
-70.0,-54.0,-1024.0
-80.0,146.0,-1132.0
111.0,179.0,-1138.0
-72.0,-13.0,-1028.0
13.0,23.0,-691.0
68.0,-11.0,-897.0
11.0,-7.0,-1081.0
17.0,-7.0,-1159.0
-42.0,-15.0,-1028.0
-87.0,70.0,-1122.0
25.0,169.0,-1134.0
40.0,17.0,-1036.0
-21.0,-181.0,-860.0
-189.0,-44.0,-780.0
138.0,183.0,-1056.0
17.0,83.0,-1198.0
-103.0,-56.0,-1059.0
-7.0,39.0,-1018.0
89.0,242.0,-1167.0
-23.0,70.0,-1095.0
80.0,-277.0,-829.0
-95.0,-35.0,-712.0
44.0,132.0,-1015.0
23.0,224.0,-1237.0
-70.0,-46.0,-1202.0
-91.0,-35.0,-874.0
208.0,220.0,-985.0
23.0,99.0,-1169.0
-13.0,-187.0,-997.0
-195.0,-206.0,-624.0
119.0,216.0,-983.0
89.0,220.0,-1356.0
-35.0,-152.0,-1220.0
15.0,37.0,-653.0
56.0,27.0,-1061.0
-224.0,357.0,-1374.0
302.0,-218.0,-944.0
-93.0,-101.0,-657.0
-15.0,109.0,-872.0
-214.0,329.0,-1307.0
329.0,-111.0,-1145.0
-171.0,-230.0,-946.0
-40.0,263.0,-985.0
-19.0,286.0,-1050.0
400.0,-206.0,-1138.0
-464.0,-195.0,-691.0
234.0,-64.0,-872.0
-189.0,653.0,-1214.0
308.0,-144.0,-1204.0
-484.0,-76.0,-997.0
214.0,-185.0,-958.0
-83.0,583.0,-1132.0
388.0,-83.0,-1182.0
-653.0,-130.0,-788.0
392.0,-265.0,-661.0
-72.0,409.0,-1173.0
95.0,101.0,-1196.0
-177.0,54.0,-1026.0
298.0,-146.0,-813.0
-134.0,324.0,-1337.0
203.0,81.0,-1141.0
-109.0,-132.0,-661.0
138.0,-107.0,-581.0
-212.0,85.0,-1305.0
222.0,456.0,-1167.0
-193.0,-193.0,-1126.0
-27.0,-150.0,-802.0
-175.0,52.0,-1153.0
589.0,528.0,-1214.0
-357.0,-308.0,-1001.0
-191.0,-199.0,-493.0
103.0,-48.0,-1022.0
417.0,554.0,-1342.0
-261.0,-68.0,-1169.0
-230.0,37.0,-655.0
193.0,-199.0,-1093.0
347.0,569.0,-1516.0
-269.0,-64.0,-942.0
25.0,-419.0,-357.0
-148.0,-15.0,-886.0
417.0,355.0,-1483.0
-146.0,-3.0,-1251.0
-279.0,-80.0,-792.0
187.0,-216.0,-892.0
222.0,634.0,-1419.0
-72.0,-81.0,-1067.0
-208.0,-365.0,-499.0
-60.0,-66.0,-681.0
404.0,265.0,-1501.0
-124.0,148.0,-1282.0
-392.0,-308.0,-849.0
257.0,46.0,-653.0
212.0,472.0,-1454.0
1.0,-17.0,-1192.0
-413.0,-476.0,-556.0
265.0,31.0,-488.0
253.0,560.0,-1417.0
-214.0,91.0,-1438.0
-232.0,-384.0,-864.0
359.0,33.0,-687.0
23.0,648.0,-1354.0
97.0,-187.0,-1239.0
-460.0,-294.0,-470.0
536.0,-156.0,-591.0
-218.0,634.0,-1342.0
124.0,-148.0,-1518.0
-347.0,-247.0,-683.0
579.0,-76.0,-923.0
-337.0,628.0,-1182.0
244.0,-185.0,-1284.0
-407.0,-119.0,-507.0
493.0,-290.0,-823.0
-327.0,618.0,-1223.0
236.0,-101.0,-1469.0
-230.0,-74.0,-763.0
333.0,-242.0,-1022.0
-312.0,505.0,-1132.0
292.0,-95.0,-1169.0
-150.0,-154.0,-597.0
160.0,-117.0,-821.0
-177.0,454.0,-1161.0
126.0,13.0,-1296.0
-93.0,-56.0,-1057.0
154.0,-218.0,-1024.0
-201.0,347.0,-948.0
206.0,58.0,-942.0
-50.0,-158.0,-903.0
-62.0,-19.0,-894.0
-117.0,117.0,-1130.0
81.0,331.0,-1040.0
111.0,-148.0,-1262.0
-93.0,35.0,-997.0
-68.0,19.0,-907.0
140.0,212.0,-968.0
-171.0,-66.0,-1065.0
-76.0,-136.0,-899.0
-101.0,13.0,-1020.0
50.0,357.0,-1065.0
13.0,19.0,-1227.0
-33.0,35.0,-1108.0
-191.0,-95.0,-962.0
-21.0,142.0,-874.0
9.0,240.0,-841.0
212.0,-158.0,-1052.0
-234.0,-201.0,-1085.0
-144.0,245.0,-966.0
234.0,185.0,-1106.0
-119.0,44.0,-1188.0
-103.0,-146.0,-1104.0
56.0,121.0,-765.0
312.0,-39.0,-1024.0
-273.0,160.0,-1050.0
-105.0,-259.0,-1087.0
150.0,165.0,-829.0
132.0,183.0,-1208.0
-179.0,76.0,-1249.0
-218.0,-81.0,-1005.0
435.0,-78.0,-772.0
-29.0,187.0,-1050.0
-154.0,-93.0,-1032.0
0.0,-31.0,-804.0
222.0,60.0,-942.0
-150.0,320.0,-1288.0
-72.0,-48.0,-1231.0
236.0,-212.0,-856.0
0.0,197.0,-833.0
-78.0,177.0,-1052.0
-183.0,-37.0,-1015.0
230.0,-357.0,-882.0
-105.0,126.0,-958.0
-44.0,286.0,-1173.0
62.0,-52.0,-1212.0
99.0,-29.0,-929.0
-56.0,-15.0,-948.0
-273.0,277.0,-964.0
267.0,-210.0,-1052.0
111.0,-25.0,-792.0
-5.0,9.0,-995.0
-3.0,244.0,-1173.0
-68.0,-97.0,-1255.0
290.0,33.0,-1028.0
-218.0,46.0,-812.0
-37.0,50.0,-911.0
-66.0,142.0,-929.0
302.0,-140.0,-999.0
-257.0,89.0,-1061.0
-109.0,48.0,-1116.0
95.0,185.0,-1087.0
271.0,-37.0,-1085.0
-234.0,40.0,-929.0
132.0,-121.0,-864.0
-11.0,128.0,-882.0
111.0,17.0,-1059.0
-138.0,-42.0,-946.0
-68.0,72.0,-1028.0
101.0,156.0,-1134.0
251.0,95.0,-1206.0
-97.0,-148.0,-854.0
-134.0,31.0,-839.0
93.0,226.0,-921.0
523.0,-257.0,-1177.0
-320.0,66.0,-1032.0
-162.0,-48.0,-915.0
224.0,327.0,-1106.0
296.0,21.0,-1309.0
-187.0,122.0,-1011.0
-216.0,95.0,-632.0
517.0,-138.0,-999.0
17.0,121.0,-1089.0
-177.0,-93.0,-1180.0
-206.0,99.0,-673.0
378.0,95.0,-1065.0
72.0,122.0,-1327.0
-370.0,-11.0,-1122.0
-146.0,-21.0,-632.0
388.0,44.0,-917.0
44.0,156.0,-1225.0
-511.0,-52.0,-1126.0
3.0,-31.0,-716.0
411.0,236.0,-999.0
72.0,11.0,-1538.0
-667.0,216.0,-1020.0
201.0,-162.0,-566.0
376.0,19.0,-958.0
-279.0,122.0,-1339.0
-265.0,-107.0,-1009.0
281.0,210.0,-571.0
447.0,103.0,-1294.0
-269.0,37.0,-1411.0
-351.0,29.0,-835.0
396.0,11.0,-650.0
179.0,134.0,-1198.0
-201.0,-56.0,-1151.0
-23.0,-160.0,-798.0
89.0,257.0,-732.0
316.0,48.0,-1436.0
-329.0,-132.0,-1278.0
-15.0,-21.0,-823.0
105.0,203.0,-642.0
210.0,111.0,-1284.0
-374.0,-187.0,-1141.0
29.0,-60.0,-786.0
191.0,162.0,-700.0
156.0,183.0,-1575.0
-363.0,-212.0,-1214.0
72.0,5.0,-772.0
-13.0,271.0,-776.0
119.0,89.0,-1298.0
-423.0,-122.0,-942.0
298.0,-191.0,-798.0
58.0,208.0,-970.0
-68.0,152.0,-1440.0
-263.0,3.0,-1020.0
271.0,-64.0,-782.0
-23.0,126.0,-1075.0
-81.0,148.0,-1161.0
-78.0,-238.0,-851.0
-124.0,204.0,-1262.0
42.0,169.0,-1290.0
-163.0,-251.0,-1087.0
201.0,-50.0,-899.0
-130.0,329.0,-1026.0
64.0,64.0,-1005.0
-134.0,-117.0,-843.0
203.0,-111.0,-911.0
-179.0,296.0,-1167.0
89.0,128.0,-1260.0
-355.0,-11.0,-954.0
478.0,-242.0,-954.0
-296.0,439.0,-1007.0
-25.0,1.0,-1079.0
-175.0,-134.0,-778.0
357.0,-169.0,-972.0
-335.0,423.0,-1138.0
-27.0,107.0,-1139.0
-111.0,-62.0,-991.0
396.0,-275.0,-1073.0
-452.0,394.0,-1057.0
103.0,-56.0,-1011.0
-132.0,76.0,-669.0
466.0,-365.0,-1112.0
-548.0,452.0,-1182.0
183.0,-181.0,-1223.0
-13.0,97.0,-759.0
433.0,-99.0,-1288.0
-501.0,376.0,-1026.0
146.0,-259.0,-839.0
31.0,302.0,-675.0
437.0,-322.0,-1387.0
-628.0,292.0,-1085.0
216.0,-144.0,-925.0
17.0,365.0,-778.0
534.0,-281.0,-1399.0
-562.0,210.0,-1016.0
148.0,-115.0,-792.0
325.0,76.0,-870.0
5.0,39.0,-1218.0
-306.0,66.0,-1024.0
46.0,-23.0,-673.0
437.0,177.0,-1114.0
13.0,-76.0,-1393.0
-310.0,119.0,-976.0
105.0,-128.0,-607.0
83.0,210.0,-1026.0
-228.0,-81.0,-1333.0
-29.0,25.0,-790.0
70.0,-35.0,-831.0
253.0,121.0,-1286.0
-177.0,58.0,-1311.0
52.0,-87.0,-870.0
-136.0,130.0,-769.0
208.0,56.0,-1110.0
-144.0,169.0,-1098.0
111.0,-201.0,-874.0
-160.0,121.0,-862.0
392.0,144.0,-1163.0
-150.0,83.0,-1305.0
7.0,-169.0,-892.0
-193.0,-60.0,-700.0
156.0,64.0,-1040.0
-167.0,277.0,-1134.0
156.0,-189.0,-897.0
-277.0,60.0,-931.0
97.0,81.0,-1241.0
97.0,122.0,-1305.0
56.0,39.0,-843.0
-56.0,-76.0,-808.0
165.0,7.0,-1020.0
-35.0,183.0,-1110.0
81.0,-81.0,-925.0
-195.0,122.0,-837.0
244.0,-132.0,-1225.0
-107.0,265.0,-1200.0
128.0,-115.0,-991.0
-245.0,119.0,-739.0
189.0,1.0,-1020.0
44.0,195.0,-1091.0
29.0,-171.0,-917.0
-290.0,201.0,-913.0
199.0,15.0,-1190.0
5.0,179.0,-1233.0
70.0,-128.0,-999.0
-288.0,-19.0,-733.0
-15.0,13.0,-936.0
9.0,134.0,-1132.0
191.0,-40.0,-1022.0
-228.0,76.0,-958.0
37.0,78.0,-1108.0
89.0,146.0,-1194.0
105.0,-25.0,-1067.0
-173.0,23.0,-854.0
80.0,-29.0,-825.0
183.0,171.0,-1134.0
-15.0,-48.0,-1071.0
-224.0,97.0,-817.0
351.0,-5.0,-938.0
70.0,93.0,-1368.0
3.0,-11.0,-1098.0
-124.0,46.0,-724.0
122.0,142.0,-815.0
134.0,40.0,-1237.0
146.0,7.0,-1034.0
-128.0,-109.0,-808.0
31.0,44.0,-1011.0
191.0,76.0,-1315.0
-15.0,134.0,-1202.0
-201.0,-60.0,-730.0
17.0,-5.0,-798.0
183.0,80.0,-1220.0
-33.0,17.0,-1114.0
-167.0,-29.0,-788.0
33.0,44.0,-942.0
150.0,162.0,-1342.0
-29.0,115.0,-1118.0
-138.0,-165.0,-872.0
-162.0,-21.0,-913.0
218.0,64.0,-1128.0
-66.0,288.0,-1056.0
-25.0,-103.0,-854.0
-46.0,-5.0,-985.0
265.0,-19.0,-1268.0
-144.0,339.0,-1227.0
-93.0,-167.0,-763.0
-140.0,7.0,-710.0
290.0,42.0,-1136.0
-122.0,85.0,-1204.0
-140.0,-115.0,-778.0
-29.0,44.0,-923.0
281.0,101.0,-1356.0
-83.0,60.0,-1288.0
-115.0,-81.0,-720.0
-56.0,40.0,-804.0
210.0,154.0,-1247.0
-136.0,103.0,-1159.0
42.0,-156.0,-730.0
-121.0,74.0,-835.0
333.0,234.0,-1323.0
-103.0,76.0,-1319.0
-68.0,-187.0,-802.0
-142.0,-95.0,-737.0
218.0,300.0,-1138.0
-113.0,132.0,-1173.0
42.0,-162.0,-845.0
-179.0,-40.0,-884.0
171.0,167.0,-1348.0
-212.0,216.0,-1198.0
167.0,-99.0,-853.0
-212.0,-126.0,-825.0
142.0,-21.0,-1136.0
-214.0,212.0,-1057.0
78.0,-17.0,-895.0
-222.0,13.0,-903.0
224.0,9.0,-1272.0
-99.0,193.0,-1169.0
113.0,-31.0,-919.0
-281.0,-33.0,-864.0
115.0,5.0,-1028.0
80.0,163.0,-1071.0
163.0,-93.0,-909.0
-296.0,56.0,-917.0
220.0,13.0,-1169.0
-74.0,83.0,-1196.0
89.0,60.0,-917.0
-115.0,-21.0,-794.0
17.0,40.0,-1030.0
76.0,78.0,-1122.0
244.0,-78.0,-972.0
-216.0,138.0,-931.0
-13.0,-103.0,-1091.0
156.0,181.0,-1180.0
126.0,-40.0,-1073.0
-179.0,136.0,-899.0
40.0,-185.0,-897.0
130.0,230.0,-1132.0
0.0,5.0,-1046.0
-191.0,70.0,-903.0
-56.0,-226.0,-966.0
111.0,372.0,-1149.0
175.0,40.0,-1098.0
-160.0,-83.0,-897.0
-279.0,-150.0,-831.0
380.0,144.0,-1046.0
-89.0,279.0,-1085.0
-122.0,-95.0,-1052.0
-199.0,-109.0,-827.0
450.0,117.0,-1132.0
-5.0,214.0,-1192.0
-214.0,74.0,-1003.0
-62.0,-263.0,-765.0
329.0,89.0,-1026.0
-48.0,314.0,-1097.0
33.0,-95.0,-870.0
-17.0,-105.0,-864.0
365.0,-56.0,-1134.0
-245.0,382.0,-1262.0
-54.0,-3.0,-958.0
11.0,-81.0,-712.0
300.0,-162.0,-1026.0
-113.0,201.0,-1095.0
-39.0,50.0,-866.0
83.0,109.0,-870.0
322.0,-175.0,-1303.0
-152.0,228.0,-1204.0
29.0,-115.0,-915.0
-74.0,177.0,-677.0
226.0,-324.0,-1124.0
-220.0,392.0,-1126.0
115.0,-56.0,-977.0
87.0,214.0,-794.0
124.0,-230.0,-1274.0
-165.0,300.0,-1229.0
-50.0,93.0,-911.0
46.0,-115.0,-753.0
-50.0,-201.0,-1116.0
-19.0,265.0,-1110.0
83.0,50.0,-903.0
17.0,115.0,-810.0
-111.0,-366.0,-1270.0
-56.0,204.0,-1194.0
-68.0,220.0,-977.0
56.0,19.0,-851.0
-212.0,-265.0,-1038.0
122.0,83.0,-1173.0
-11.0,318.0,-907.0
48.0,44.0,-966.0
-179.0,-251.0,-1130.0
60.0,54.0,-1233.0
-66.0,222.0,-935.0
17.0,44.0,-985.0
-261.0,-126.0,-915.0
230.0,-68.0,-1151.0
-189.0,353.0,-798.0
179.0,-37.0,-1032.0
-337.0,33.0,-1102.0
165.0,-257.0,-1272.0
25.0,460.0,-936.0
11.0,-101.0,-985.0
-286.0,-19.0,-903.0
142.0,-236.0,-1089.0
119.0,458.0,-944.0
78.0,-195.0,-1020.0
-359.0,185.0,-1180.0
249.0,-261.0,-1124.0
183.0,406.0,-1073.0
-218.0,9.0,-845.0
-177.0,-64.0,-993.0
66.0,-103.0,-880.0
419.0,343.0,-1054.0
-253.0,29.0,-1056.0
-224.0,33.0,-1110.0
261.0,-259.0,-876.0
201.0,447.0,-1098.0
-128.0,-140.0,-1085.0
-345.0,105.0,-899.0
320.0,-355.0,-790.0
212.0,413.0,-1116.0
-425.0,-44.0,-1130.0
-76.0,-1.0,-884.0
368.0,-199.0,-909.0
111.0,517.0,-1364.0
-318.0,-95.0,-1067.0
-173.0,25.0,-694.0
411.0,-154.0,-786.0
228.0,216.0,-1294.0
-255.0,-212.0,-1159.0
-42.0,378.0,-718.0
505.0,-437.0,-1013.0
-42.0,517.0,-1358.0
-224.0,-279.0,-1128.0
-74.0,363.0,-556.0
458.0,-448.0,-913.0
52.0,283.0,-1307.0
-296.0,72.0,-1059.0
109.0,222.0,-679.0
409.0,-294.0,-1130.0
-42.0,113.0,-1417.0
-324.0,87.0,-872.0
148.0,50.0,-642.0
253.0,-214.0,-948.0
-99.0,87.0,-1399.0
-427.0,247.0,-882.0
267.0,-31.0,-691.0
171.0,-37.0,-1253.0
-160.0,144.0,-1489.0
-195.0,-126.0,-757.0
37.0,85.0,-554.0
68.0,91.0,-1093.0
68.0,33.0,-1403.0
-163.0,-39.0,-927.0
54.0,-11.0,-677.0
191.0,230.0,-1171.0
-142.0,140.0,-1442.0
-101.0,-35.0,-890.0
-3.0,-165.0,-659.0
220.0,173.0,-1098.0
-240.0,160.0,-1321.0
-72.0,50.0,-735.0
216.0,-300.0,-689.0
302.0,212.0,-1323.0
-525.0,72.0,-1442.0
72.0,52.0,-772.0
249.0,-212.0,-655.0
11.0,329.0,-1173.0
-130.0,-113.0,-1233.0
206.0,146.0,-741.0
-62.0,-156.0,-837.0
-44.0,238.0,-1389.0
-269.0,-95.0,-1331.0
263.0,122.0,-716.0
-169.0,-109.0,-771.0
76.0,156.0,-1243.0
-203.0,-109.0,-1063.0
329.0,230.0,-732.0
-113.0,-111.0,-942.0
-134.0,292.0,-1467.0
-210.0,-122.0,-1167.0
431.0,249.0,-737.0
-68.0,-122.0,-819.0
-222.0,117.0,-1292.0
-167.0,-181.0,-929.0
404.0,283.0,-712.0
-308.0,-87.0,-1075.0
-339.0,152.0,-1475.0
74.0,-244.0,-901.0
413.0,366.0,-810.0
-216.0,-13.0,-1018.0
-158.0,-111.0,-1212.0
-134.0,109.0,-786.0
495.0,74.0,-936.0
-497.0,283.0,-1151.0
-115.0,-304.0,-1356.0
335.0,17.0,-808.0
247.0,134.0,-1057.0
-216.0,103.0,-1009.0
-365.0,-134.0,-999.0
425.0,40.0,-839.0
226.0,224.0,-972.0
-443.0,101.0,-1085.0
-271.0,-74.0,-1116.0
595.0,-21.0,-979.0
95.0,312.0,-1143.0
-335.0,-162.0,-1065.0
-298.0,-5.0,-810.0
542.0,62.0,-872.0
-60.0,269.0,-1216.0
-179.0,-119.0,-999.0
87.0,-130.0,-899.0
433.0,206.0,-989.0
-128.0,189.0,-1319.0
-312.0,-19.0,-911.0
33.0,-148.0,-845.0
398.0,109.0,-997.0
-128.0,160.0,-1104.0
-226.0,-54.0,-858.0
-58.0,-267.0,-954.0
489.0,132.0,-1173.0
-261.0,320.0,-1300.0
-72.0,144.0,-798.0
-33.0,-212.0,-798.0
365.0,66.0,-1085.0
-74.0,76.0,-1124.0
-163.0,193.0,-858.0
-40.0,-193.0,-827.0
450.0,37.0,-1260.0
-341.0,281.0,-1278.0
218.0,-25.0,-751.0
-126.0,-56.0,-772.0
335.0,-78.0,-1259.0
-357.0,245.0,-1095.0
146.0,101.0,-856.0
-3.0,-156.0,-817.0
429.0,35.0,-1335.0
-347.0,132.0,-1179.0
70.0,167.0,-1003.0
-292.0,-95.0,-730.0
400.0,-220.0,-1227.0
-462.0,337.0,-1013.0
144.0,-3.0,-884.0
-48.0,-95.0,-720.0
407.0,-107.0,-1423.0
-431.0,316.0,-1184.0
99.0,148.0,-882.0
-173.0,21.0,-704.0
318.0,-245.0,-1286.0
-441.0,183.0,-1116.0
140.0,7.0,-796.0
7.0,99.0,-765.0
327.0,23.0,-1372.0
-216.0,-117.0,-1223.0
-78.0,206.0,-800.0
160.0,-76.0,-854.0
191.0,-134.0,-1233.0
-488.0,273.0,-1028.0
257.0,136.0,-782.0
173.0,56.0,-794.0
40.0,-236.0,-1444.0
-406.0,148.0,-1204.0
-46.0,146.0,-911.0
111.0,-74.0,-821.0
-165.0,-39.0,-1087.0
-3.0,56.0,-1180.0
-13.0,54.0,-677.0
-54.0,33.0,-1020.0
-411.0,-109.0,-1284.0
-204.0,80.0,-1225.0
-228.0,281.0,-745.0
29.0,-3.0,-1009.0
-425.0,-203.0,-1102.0
-158.0,-9.0,-1022.0
-224.0,117.0,-733.0
-210.0,162.0,-1141.0
-556.0,-117.0,-1229.0
-281.0,-9.0,-1179.0
-253.0,247.0,-823.0
-361.0,13.0,-958.0
-702.0,-126.0,-1044.0
-279.0,95.0,-1022.0
-171.0,46.0,-911.0
-530.0,253.0,-1028.0
-683.0,-275.0,-1229.0
-255.0,284.0,-1063.0
-148.0,-146.0,-1061.0
-460.0,228.0,-905.0
-527.0,-218.0,-1028.0
-111.0,240.0,-1065.0
-337.0,-109.0,-1089.0
-675.0,275.0,-1026.0
-495.0,-419.0,-1059.0
37.0,419.0,-1022.0
-261.0,-44.0,-1130.0
-542.0,-48.0,-1042.0
-691.0,-42.0,-849.0
78.0,236.0,-1122.0
-380.0,81.0,-1032.0
-441.0,-165.0,-960.0
-382.0,-101.0,-802.0
222.0,302.0,-1173.0
-265.0,87.0,-1294.0
-523.0,-74.0,-954.0
-503.0,17.0,-704.0
212.0,66.0,-1202.0
-447.0,175.0,-1122.0
-294.0,-222.0,-829.0
-306.0,-17.0,-657.0
251.0,105.0,-1257.0
-431.0,185.0,-1311.0
-370.0,-80.0,-856.0
-242.0,9.0,-753.0
191.0,169.0,-1188.0
-343.0,62.0,-1169.0
-160.0,-189.0,-683.0
-146.0,-39.0,-817.0
212.0,177.0,-1286.0
-50.0,203.0,-1389.0
-203.0,-54.0,-845.0
199.0,-44.0,-767.0
409.0,74.0,-1169.0
119.0,204.0,-1159.0
234.0,-226.0,-595.0
167.0,25.0,-851.0
532.0,29.0,-1194.0
-21.0,333.0,-1473.0
54.0,-124.0,-833.0
204.0,31.0,-847.0
417.0,134.0,-1169.0
33.0,126.0,-1257.0
76.0,-206.0,-568.0
95.0,-5.0,-845.0
158.0,121.0,-1212.0
-163.0,259.0,-1315.0
-44.0,-183.0,-765.0
68.0,27.0,-897.0
-33.0,91.0,-1132.0
-115.0,183.0,-1091.0
-37.0,-197.0,-525.0
-81.0,23.0,-972.0
-87.0,3.0,-1335.0
-259.0,318.0,-1292.0
7.0,-218.0,-841.0
-85.0,126.0,-958.0
-87.0,-3.0,-1149.0
-132.0,163.0,-1048.0
-3.0,-216.0,-630.0
-183.0,81.0,-929.0
-76.0,40.0,-1309.0
-183.0,292.0,-1300.0
101.0,-220.0,-903.0
-193.0,156.0,-931.0
39.0,25.0,-1180.0
7.0,181.0,-1057.0
76.0,-230.0,-679.0
-245.0,81.0,-872.0
-5.0,64.0,-1319.0
-64.0,277.0,-1325.0
128.0,-226.0,-909.0
-257.0,173.0,-817.0
72.0,48.0,-1038.0
64.0,189.0,-1042.0
97.0,-247.0,-769.0
-314.0,42.0,-819.0
-25.0,165.0,-1253.0
1.0,199.0,-1303.0
199.0,-115.0,-976.0
-279.0,39.0,-849.0
158.0,109.0,-1046.0
29.0,203.0,-1095.0
130.0,-197.0,-819.0
-374.0,-31.0,-747.0
-7.0,162.0,-1120.0
-81.0,195.0,-1247.0
183.0,9.0,-1009.0
-234.0,-56.0,-913.0
58.0,134.0,-974.0
25.0,80.0,-950.0
87.0,-9.0,-815.0
-244.0,-95.0,-858.0
60.0,50.0,-1163.0
19.0,154.0,-1247.0
203.0,167.0,-1065.0
-122.0,-72.0,-876.0
119.0,44.0,-940.0
31.0,117.0,-962.0
210.0,-31.0,-917.0
-275.0,-48.0,-882.0
3.0,25.0,-1141.0
15.0,107.0,-1194.0
267.0,80.0,-1057.0
-148.0,23.0,-946.0
136.0,60.0,-974.0
74.0,35.0,-985.0
179.0,52.0,-905.0
-224.0,-60.0,-952.0
5.0,52.0,-1114.0
-11.0,89.0,-1260.0
224.0,93.0,-1044.0
-195.0,48.0,-935.0
87.0,70.0,-933.0
128.0,-23.0,-1020.0
81.0,-66.0,-927.0
-310.0,-11.0,-890.0
-25.0,78.0,-1134.0
81.0,25.0,-1249.0
122.0,146.0,-1073.0
-173.0,21.0,-956.0
78.0,87.0,-977.0
56.0,35.0,-1032.0
72.0,-68.0,-946.0
-331.0,-48.0,-798.0
0.0,56.0,-1022.0
40.0,91.0,-1204.0
146.0,156.0,-1114.0
-210.0,-62.0,-997.0
40.0,78.0,-936.0
111.0,101.0,-1013.0
46.0,-60.0,-913.0
-314.0,-39.0,-837.0
-33.0,15.0,-1036.0
156.0,117.0,-1313.0
103.0,103.0,-1126.0
-169.0,-29.0,-907.0
-50.0,83.0,-853.0
179.0,19.0,-1097.0
42.0,-5.0,-962.0
-290.0,-40.0,-843.0
-50.0,44.0,-1022.0
165.0,128.0,-1266.0
148.0,46.0,-1139.0
-214.0,-19.0,-923.0
21.0,60.0,-868.0
185.0,85.0,-1075.0
40.0,25.0,-1011.0
-240.0,-52.0,-894.0
-42.0,-1.0,-989.0
242.0,146.0,-1278.0
111.0,40.0,-1134.0
-191.0,-1.0,-839.0
-9.0,21.0,-798.0
242.0,103.0,-1114.0
19.0,31.0,-1079.0
-224.0,-37.0,-897.0
-3.0,-31.0,-966.0
263.0,165.0,-1229.0
89.0,89.0,-1102.0
-160.0,-13.0,-856.0
-35.0,1.0,-880.0
230.0,93.0,-1098.0
-17.0,124.0,-1073.0
-179.0,-78.0,-905.0
-21.0,-21.0,-909.0
277.0,185.0,-1190.0
66.0,76.0,-1192.0
-150.0,-5.0,-884.0
-42.0,-83.0,-851.0
222.0,167.0,-1128.0
-21.0,64.0,-1104.0
-138.0,-35.0,-866.0
-54.0,-39.0,-903.0
353.0,113.0,-1214.0
-21.0,99.0,-1218.0
-175.0,-3.0,-815.0
-58.0,-35.0,-800.0
218.0,154.0,-1159.0
11.0,25.0,-1194.0
-212.0,-39.0,-794.0
-42.0,-50.0,-897.0
275.0,160.0,-1169.0
3.0,101.0,-1264.0
-191.0,-21.0,-823.0
-33.0,-50.0,-851.0
220.0,134.0,-1151.0
0.0,80.0,-1163.0
-203.0,-48.0,-776.0
-40.0,-50.0,-843.0
263.0,160.0,-1218.0
-33.0,103.0,-1298.0
-183.0,-44.0,-817.0
-99.0,-5.0,-755.0
261.0,111.0,-1155.0
-3.0,74.0,-1200.0
-144.0,-66.0,-788.0
-39.0,-33.0,-851.0
257.0,99.0,-1229.0
-64.0,195.0,-1278.0
-189.0,-54.0,-839.0
-76.0,-31.0,-802.0
261.0,126.0,-1175.0
0.0,95.0,-1204.0
-132.0,-76.0,-732.0
-23.0,-64.0,-864.0
179.0,156.0,-1245.0
-52.0,150.0,-1331.0
-183.0,-56.0,-786.0
-44.0,-21.0,-806.0
251.0,95.0,-1132.0
-3.0,80.0,-1165.0
-46.0,-52.0,-745.0
-85.0,-48.0,-894.0
206.0,146.0,-1276.0
-115.0,101.0,-1301.0
-150.0,-44.0,-776.0
-130.0,-3.0,-753.0
212.0,81.0,-1169.0
-33.0,117.0,-1220.0
-31.0,-76.0,-786.0
-101.0,-29.0,-856.0
134.0,130.0,-1235.0
-124.0,146.0,-1294.0
-52.0,-64.0,-829.0
-286.0,-80.0,-819.0
199.0,156.0,-1048.0
-503.0,128.0,-1200.0
-681.0,-154.0,-800.0
-530.0,15.0,-767.0
-689.0,197.0,-1434.0
-806.0,33.0,-1223.0
-1192.0,-117.0,-913.0
-890.0,87.0,-650.0
-1272.0,105.0,-997.0
-1288.0,66.0,-1167.0
-1260.0,-177.0,-829.0
-1296.0,152.0,-808.0
-1305.0,126.0,-1276.0
-1380.0,23.0,-1339.0
-1108.0,-265.0,-815.0
-1462.0,128.0,-819.0
-1112.0,177.0,-1087.0
-1245.0,-46.0,-1329.0
-929.0,-115.0,-919.0
-1438.0,197.0,-927.0
-950.0,261.0,-1294.0
-940.0,-124.0,-1520.0
-860.0,-265.0,-911.0
-1360.0,105.0,-540.0
-696.0,316.0,-981.0
-632.0,-19.0,-1544.0
-772.0,-476.0,-1063.0
-1200.0,279.0,-503.0
-765.0,335.0,-1208.0
-569.0,27.0,-1637.0
-858.0,-462.0,-878.0
-1075.0,150.0,-380.0
-743.0,343.0,-958.0
-784.0,64.0,-1522.0
-856.0,-476.0,-907.0
-1348.0,222.0,-579.0
-1126.0,288.0,-1069.0
-1204.0,167.0,-1415.0
-999.0,-521.0,-843.0
-1514.0,0.0,-642.0
-1311.0,302.0,-964.0
-1325.0,175.0,-1301.0
-1091.0,-273.0,-938.0
-1518.0,158.0,-886.0
-1298.0,292.0,-1177.0
-1138.0,-40.0,-1286.0
-964.0,-267.0,-1042.0
-1405.0,249.0,-763.0
-1321.0,54.0,-991.0
-1149.0,-89.0,-1165.0
-970.0,-140.0,-1153.0
-1411.0,427.0,-968.0
-1257.0,-21.0,-1093.0
-862.0,50.0,-1266.0
-751.0,-251.0,-1149.0
-1214.0,322.0,-708.0
-1085.0,-93.0,-743.0
-813.0,83.0,-1112.0
-665.0,-316.0,-1177.0
-1331.0,277.0,-888.0
-1098.0,154.0,-979.0
-878.0,13.0,-1415.0
-800.0,-347.0,-1145.0
-1544.0,267.0,-622.0
-1188.0,117.0,-651.0
-1050.0,0.0,-1239.0
-1061.0,-271.0,-1132.0
-1686.0,238.0,-784.0
-1344.0,259.0,-894.0
-964.0,-152.0,-1458.0
-1077.0,-136.0,-1268.0
-1612.0,44.0,-581.0
-1528.0,199.0,-741.0
-1100.0,-160.0,-1272.0
-1147.0,-388.0,-1270.0
-1538.0,306.0,-759.0
-1495.0,390.0,-991.0
-991.0,-175.0,-1573.0
-1268.0,-218.0,-1380.0
-1614.0,54.0,-536.0
-1555.0,316.0,-513.0
-1063.0,-50.0,-1237.0
-1134.0,-251.0,-1401.0
-1577.0,199.0,-833.0
-1528.0,181.0,-753.0
-942.0,165.0,-1469.0
-897.0,-222.0,-1387.0
-1387.0,-185.0,-583.0
-1348.0,169.0,-468.0
-827.0,-7.0,-1216.0
-1081.0,25.0,-1458.0
-1473.0,21.0,-776.0
-1438.0,279.0,-614.0
-835.0,19.0,-1499.0
-1208.0,-247.0,-1409.0
-1586.0,13.0,-538.0
-1491.0,292.0,-542.0
-835.0,195.0,-1198.0
-1124.0,-283.0,-1350.0
-1399.0,-35.0,-753.0
-1374.0,-64.0,-886.0
-704.0,306.0,-1413.0
-1065.0,-39.0,-1448.0
-1186.0,-222.0,-810.0
-1231.0,19.0,-573.0
-659.0,298.0,-1202.0
-544.0,46.0,-1383.0
-796.0,-150.0,-815.0
-673.0,76.0,-796.0
-380.0,220.0,-1262.0
-255.0,113.0,-1504.0
-560.0,60.0,-702.0
-484.0,-300.0,-782.0
-365.0,-54.0,-1056.0
-167.0,204.0,-1153.0
-95.0,89.0,-792.0
-160.0,181.0,-1044.0
74.0,72.0,-1268.0
13.0,29.0,-1245.0
286.0,-17.0,-737.0
-39.0,-294.0,-761.0
228.0,13.0,-833.0
-74.0,-33.0,-1050.0
359.0,292.0,-923.0
-101.0,169.0,-1141.0
261.0,27.0,-1268.0
298.0,-72.0,-1300.0
599.0,-150.0,-755.0
242.0,306.0,-761.0
845.0,101.0,-761.0
954.0,-7.0,-1132.0
1173.0,232.0,-952.0
1360.0,-113.0,-1038.0
1329.0,359.0,-1471.0
1887.0,-158.0,-1013.0
1301.0,91.0,-1016.0
1567.0,-232.0,-843.0
1163.0,247.0,-1085.0
1836.0,54.0,-866.0
981.0,-35.0,-1262.0
1335.0,113.0,-1260.0
1075.0,162.0,-1274.0
1278.0,105.0,-1061.0
983.0,-228.0,-790.0
983.0,183.0,-659.0
995.0,91.0,-595.0
497.0,-60.0,-866.0
925.0,-122.0,-944.0
614.0,54.0,-1239.0
851.0,392.0,-1139.0
692.0,46.0,-1112.0
888.0,-31.0,-944.0
622.0,-122.0,-743.0
899.0,388.0,-728.0
732.0,17.0,-1005.0
847.0,-117.0,-1147.0
648.0,89.0,-1052.0
817.0,261.0,-1235.0
714.0,109.0,-1221.0
870.0,-329.0,-999.0
825.0,9.0,-847.0
917.0,93.0,-800.0
970.0,203.0,-968.0
1132.0,-138.0,-1009.0
1153.0,-48.0,-1280.0
1255.0,316.0,-1376.0
1339.0,-9.0,-1165.0
1237.0,11.0,-981.0
1151.0,-226.0,-737.0
1206.0,60.0,-853.0
1188.0,-3.0,-944.0
1112.0,-236.0,-1042.0
1198.0,109.0,-1177.0
1319.0,503.0,-1124.0
1300.0,80.0,-1128.0
1325.0,-253.0,-868.0
1212.0,-162.0,-813.0
1259.0,232.0,-751.0
1095.0,-40.0,-942.0
1184.0,-222.0,-1015.0
1048.0,-5.0,-1346.0
952.0,568.0,-1223.0
1073.0,64.0,-1167.0
981.0,-203.0,-936.0
991.0,-253.0,-839.0
886.0,421.0,-638.0
979.0,185.0,-936.0
1044.0,-171.0,-1180.0
1087.0,-27.0,-1186.0
1087.0,505.0,-1075.0
1202.0,220.0,-1046.0
1303.0,-341.0,-1075.0
1335.0,-226.0,-868.0
1204.0,351.0,-815.0
1243.0,204.0,-1013.0
1356.0,-236.0,-1081.0
1362.0,-37.0,-1145.0
1218.0,413.0,-1159.0
1237.0,322.0,-1098.0
1419.0,-335.0,-1001.0
1329.0,76.0,-866.0
1262.0,363.0,-774.0
1290.0,152.0,-812.0
1413.0,-300.0,-968.0
1442.0,-138.0,-1102.0
1255.0,507.0,-1130.0
1317.0,195.0,-1134.0
1383.0,-284.0,-1145.0
1354.0,-91.0,-948.0
1169.0,370.0,-735.0
1220.0,93.0,-841.0
1339.0,-234.0,-1081.0
1262.0,-62.0,-1179.0
1110.0,536.0,-1122.0
1134.0,216.0,-1059.0
1247.0,-320.0,-1034.0
1130.0,-210.0,-935.0
892.0,80.0,-843.0
890.0,197.0,-815.0
950.0,-130.0,-1108.0
925.0,35.0,-1241.0
714.0,456.0,-1120.0
732.0,136.0,-1147.0
843.0,-187.0,-1212.0
755.0,-152.0,-976.0
456.0,160.0,-696.0
566.0,142.0,-671.0
692.0,-210.0,-1071.0
630.0,68.0,-1155.0
458.0,257.0,-1054.0
585.0,204.0,-1020.0
737.0,-191.0,-1118.0
569.0,-107.0,-979.0
447.0,167.0,-763.0
462.0,70.0,-915.0
478.0,-175.0,-1106.0
314.0,7.0,-1184.0
296.0,347.0,-1028.0
267.0,195.0,-1102.0
437.0,-163.0,-1138.0
259.0,-99.0,-913.0
185.0,5.0,-667.0
208.0,-19.0,-743.0
267.0,-101.0,-977.0
183.0,54.0,-1104.0
95.0,279.0,-1063.0
201.0,199.0,-1196.0
327.0,-105.0,-1239.0
175.0,-62.0,-907.0
70.0,148.0,-700.0
144.0,-56.0,-759.0
156.0,-60.0,-1044.0
113.0,-64.0,-1085.0
-66.0,259.0,-997.0
148.0,136.0,-1056.0
167.0,-50.0,-1036.0
121.0,-33.0,-849.0
-13.0,-9.0,-653.0
105.0,76.0,-728.0
167.0,-50.0,-919.0
95.0,105.0,-960.0
101.0,148.0,-950.0
165.0,119.0,-1054.0
234.0,-7.0,-1044.0
187.0,-58.0,-802.0
76.0,13.0,-527.0
140.0,25.0,-556.0
175.0,19.0,-778.0
95.0,46.0,-858.0
142.0,132.0,-876.0
175.0,132.0,-931.0
257.0,54.0,-985.0
224.0,-17.0,-778.0
89.0,-42.0,-577.0
224.0,-54.0,-669.0
165.0,29.0,-823.0
173.0,23.0,-890.0
78.0,99.0,-923.0
144.0,162.0,-1052.0
212.0,52.0,-1024.0
80.0,29.0,-821.0
56.0,-76.0,-581.0
0.0,-29.0,-607.0
89.0,5.0,-794.0
5.0,11.0,-878.0
35.0,121.0,-935.0
80.0,119.0,-1097.0
128.0,105.0,-1085.0
46.0,-58.0,-843.0
1.0,-60.0,-597.0
-9.0,3.0,-601.0
66.0,40.0,-825.0
-9.0,-31.0,-888.0
19.0,78.0,-938.0
11.0,117.0,-954.0
60.0,136.0,-962.0
-9.0,-39.0,-763.0
21.0,-80.0,-585.0
-33.0,-44.0,-591.0
42.0,-15.0,-714.0
-35.0,15.0,-796.0
72.0,35.0,-845.0
-35.0,171.0,-972.0
142.0,115.0,-1005.0
21.0,7.0,-782.0
60.0,-76.0,-558.0
-66.0,-15.0,-530.0
27.0,25.0,-665.0
-37.0,-50.0,-817.0
3.0,56.0,-884.0
-33.0,121.0,-940.0
27.0,185.0,-966.0
7.0,15.0,-835.0
11.0,-76.0,-632.0
-31.0,-46.0,-556.0
27.0,56.0,-720.0
-15.0,-9.0,-800.0
-31.0,58.0,-880.0
-44.0,91.0,-999.0
-39.0,173.0,-1005.0
-48.0,-7.0,-862.0
-97.0,-68.0,-593.0
-134.0,-21.0,-562.0
-66.0,56.0,-655.0
-109.0,1.0,-804.0
-52.0,46.0,-860.0
-97.0,154.0,-1032.0
-21.0,187.0,-997.0
33.0,3.0,-851.0
-56.0,-46.0,-581.0
-48.0,-42.0,-562.0
-9.0,25.0,-667.0
25.0,15.0,-831.0
0.0,-13.0,-897.0
-35.0,140.0,-938.0
56.0,169.0,-936.0
122.0,81.0,-802.0
54.0,-58.0,-638.0
-15.0,-80.0,-566.0
0.0,-5.0,-575.0
40.0,-15.0,-751.0
-9.0,58.0,-839.0
1.0,101.0,-911.0
39.0,175.0,-948.0
85.0,37.0,-925.0
11.0,-80.0,-616.0
-50.0,-56.0,-517.0
39.0,11.0,-622.0
56.0,13.0,-774.0
-19.0,37.0,-849.0
-21.0,81.0,-923.0
54.0,214.0,-946.0
126.0,21.0,-894.0
40.0,-70.0,-683.0
-39.0,-95.0,-552.0
52.0,-7.0,-575.0
33.0,56.0,-759.0
7.0,-3.0,-796.0
-62.0,142.0,-878.0
70.0,154.0,-948.0
81.0,62.0,-890.0
64.0,-87.0,-646.0
-60.0,-111.0,-462.0
-11.0,66.0,-507.0
-15.0,-19.0,-735.0
-58.0,-15.0,-813.0
-52.0,52.0,-866.0
56.0,216.0,-976.0
89.0,99.0,-905.0
0.0,-52.0,-661.0
-72.0,-119.0,-443.0
5.0,0.0,-564.0
27.0,70.0,-702.0
-50.0,27.0,-843.0
-31.0,21.0,-849.0
-1.0,124.0,-899.0
68.0,160.0,-907.0
0.0,-50.0,-696.0
-64.0,-105.0,-552.0
-15.0,-23.0,-562.0
-27.0,21.0,-702.0
-44.0,23.0,-812.0
-52.0,99.0,-872.0
-5.0,189.0,-981.0
54.0,89.0,-974.0
-15.0,-48.0,-755.0
-27.0,-89.0,-472.0
-56.0,64.0,-511.0
27.0,31.0,-730.0
-52.0,-19.0,-837.0
-42.0,33.0,-866.0
-7.0,111.0,-956.0
42.0,138.0,-921.0
-5.0,3.0,-687.0
-54.0,-23.0,-497.0
-48.0,-15.0,-499.0
15.0,-5.0,-650.0
-66.0,19.0,-749.0
-19.0,42.0,-806.0
-40.0,130.0,-927.0
35.0,91.0,-958.0
-13.0,-17.0,-704.0
-54.0,-52.0,-478.0
-33.0,21.0,-482.0
-1.0,27.0,-603.0
-50.0,-13.0,-757.0
-33.0,105.0,-839.0
-29.0,134.0,-936.0
42.0,50.0,-925.0
11.0,-3.0,-714.0
-1.0,-39.0,-521.0
-68.0,-19.0,-546.0
58.0,0.0,-681.0
-46.0,-7.0,-767.0
-13.0,138.0,-829.0
-37.0,167.0,-917.0
52.0,91.0,-878.0
-25.0,23.0,-730.0
52.0,-33.0,-564.0
-58.0,-64.0,-534.0
0.0,-37.0,-607.0
-58.0,-39.0,-706.0
33.0,46.0,-817.0
-50.0,177.0,-938.0
37.0,220.0,-921.0
29.0,-13.0,-782.0
-7.0,-23.0,-556.0
-48.0,-64.0,-497.0
15.0,-15.0,-581.0
0.0,-64.0,-782.0
13.0,15.0,-870.0
-52.0,117.0,-907.0
40.0,134.0,-923.0
33.0,89.0,-790.0
9.0,-11.0,-618.0
-72.0,-35.0,-534.0
40.0,-27.0,-585.0
-3.0,-40.0,-698.0
-31.0,44.0,-864.0
-37.0,42.0,-927.0
9.0,115.0,-958.0
25.0,58.0,-839.0
33.0,0.0,-581.0
-72.0,13.0,-456.0
-17.0,-40.0,-587.0
-25.0,-23.0,-737.0
-33.0,35.0,-858.0
-62.0,42.0,-903.0
-9.0,124.0,-907.0
56.0,111.0,-800.0
9.0,25.0,-638.0
-85.0,11.0,-495.0
-5.0,-72.0,-569.0
11.0,-48.0,-733.0
-60.0,89.0,-792.0
-29.0,113.0,-833.0
15.0,130.0,-866.0
37.0,95.0,-806.0
19.0,-15.0,-620.0
-35.0,-46.0,-521.0
-42.0,-66.0,-527.0
13.0,-62.0,-692.0
-60.0,121.0,-737.0
-11.0,156.0,-808.0
-46.0,181.0,-858.0
111.0,35.0,-860.0
-11.0,-31.0,-671.0
-31.0,-97.0,-495.0
-5.0,-64.0,-562.0
-5.0,9.0,-691.0
-58.0,83.0,-806.0
3.0,158.0,-788.0
11.0,201.0,-894.0
25.0,54.0,-911.0
-21.0,-44.0,-732.0
-19.0,-134.0,-573.0
-15.0,-58.0,-556.0
-37.0,40.0,-628.0
-60.0,78.0,-691.0
17.0,76.0,-895.0
-11.0,99.0,-972.0
48.0,44.0,-991.0
-25.0,-23.0,-755.0
-46.0,3.0,-476.0
-81.0,29.0,-406.0
-5.0,-17.0,-655.0
-56.0,29.0,-753.0
-35.0,40.0,-888.0
-48.0,23.0,-993.0
-3.0,103.0,-892.0
35.0,33.0,-648.0
-27.0,-3.0,-474.0
-21.0,-48.0,-528.0
23.0,-13.0,-636.0
-7.0,56.0,-741.0
11.0,130.0,-878.0
-56.0,146.0,-929.0
35.0,13.0,-895.0
-9.0,-42.0,-661.0
-3.0,-58.0,-452.0
-39.0,-101.0,-499.0
-27.0,76.0,-618.0
-42.0,85.0,-755.0
-5.0,126.0,-895.0
-5.0,89.0,-979.0
33.0,60.0,-905.0
-21.0,80.0,-665.0
-9.0,-25.0,-454.0
-58.0,-39.0,-519.0
-27.0,-66.0,-634.0
9.0,-58.0,-825.0
-11.0,97.0,-866.0
-35.0,167.0,-929.0
-7.0,193.0,-837.0
27.0,115.0,-698.0
33.0,-128.0,-591.0
-46.0,-111.0,-589.0
29.0,25.0,-655.0
-13.0,81.0,-694.0
-5.0,93.0,-856.0
-62.0,-1.0,-962.0
5.0,40.0,-909.0
66.0,101.0,-747.0
3.0,64.0,-560.0
-54.0,-27.0,-489.0
1.0,-48.0,-599.0
-13.0,-9.0,-767.0
33.0,64.0,-829.0
-93.0,146.0,-868.0
40.0,103.0,-866.0
42.0,31.0,-759.0
58.0,-33.0,-640.0
-72.0,-97.0,-505.0
25.0,-33.0,-491.0
-15.0,46.0,-650.0
-21.0,122.0,-831.0
-68.0,113.0,-841.0
48.0,99.0,-913.0
11.0,56.0,-810.0
39.0,-1.0,-663.0
-99.0,-105.0,-476.0
23.0,-21.0,-493.0
0.0,-48.0,-685.0
-40.0,163.0,-804.0
-64.0,85.0,-899.0
23.0,148.0,-958.0
62.0,62.0,-886.0
-19.0,7.0,-630.0
-68.0,-206.0,-480.0
3.0,-29.0,-581.0
-44.0,124.0,-718.0
-17.0,29.0,-868.0
-101.0,136.0,-892.0
15.0,97.0,-892.0
62.0,29.0,-849.0
3.0,54.0,-692.0
-29.0,-29.0,-484.0
-13.0,-54.0,-470.0
3.0,-72.0,-698.0
-21.0,15.0,-763.0
-21.0,115.0,-870.0
-23.0,245.0,-876.0
91.0,-7.0,-884.0
-13.0,-97.0,-646.0
-78.0,-85.0,-454.0
-25.0,126.0,-435.0
-5.0,13.0,-653.0
-60.0,-132.0,-864.0
-52.0,3.0,-853.0
-37.0,236.0,-878.0
15.0,232.0,-888.0
1.0,-11.0,-689.0
-52.0,-201.0,-503.0
-11.0,-66.0,-548.0
-33.0,203.0,-687.0
-54.0,93.0,-765.0
-33.0,-95.0,-894.0
-19.0,9.0,-942.0
87.0,206.0,-923.0
44.0,89.0,-685.0
-9.0,-169.0,-495.0
-42.0,-87.0,-499.0
66.0,64.0,-667.0
-46.0,156.0,-810.0
23.0,35.0,-870.0
-54.0,109.0,-927.0
68.0,158.0,-821.0
-78.0,156.0,-632.0
7.0,-212.0,-447.0
-76.0,-101.0,-472.0
54.0,21.0,-640.0
-66.0,87.0,-788.0
-5.0,5.0,-899.0
-46.0,74.0,-853.0
58.0,220.0,-843.0
-25.0,214.0,-657.0
101.0,-251.0,-552.0
-31.0,-148.0,-509.0
33.0,15.0,-607.0
-3.0,107.0,-833.0
33.0,124.0,-876.0
-31.0,66.0,-925.0
-5.0,228.0,-925.0
48.0,80.0,-718.0
-1.0,-105.0,-493.0
-70.0,-171.0,-488.0
11.0,40.0,-663.0
21.0,105.0,-821.0
15.0,66.0,-905.0
-52.0,48.0,-907.0
42.0,115.0,-897.0
-19.0,150.0,-757.0
105.0,-44.0,-528.0
-128.0,-60.0,-503.0
19.0,109.0,-569.0
-68.0,27.0,-714.0
5.0,27.0,-837.0
-78.0,-17.0,-905.0
27.0,1.0,-899.0
-7.0,152.0,-767.0
70.0,138.0,-569.0
-64.0,-126.0,-534.0
5.0,21.0,-571.0
27.0,15.0,-782.0
-15.0,124.0,-870.0
-66.0,44.0,-868.0
21.0,46.0,-866.0
31.0,185.0,-802.0
21.0,35.0,-581.0
-72.0,-162.0,-564.0
-39.0,-62.0,-534.0
31.0,-11.0,-757.0
-19.0,146.0,-802.0
-119.0,181.0,-899.0
-15.0,109.0,-841.0
39.0,9.0,-827.0
9.0,-42.0,-632.0
-3.0,-171.0,-546.0
-44.0,121.0,-527.0
13.0,74.0,-694.0
-40.0,27.0,-837.0
-21.0,132.0,-884.0
-33.0,-17.0,-886.0
121.0,-50.0,-813.0
-52.0,25.0,-624.0
-72.0,17.0,-441.0
5.0,-48.0,-571.0
0.0,-56.0,-798.0
-13.0,126.0,-878.0
-72.0,197.0,-866.0
21.0,121.0,-882.0
7.0,40.0,-854.0
78.0,-3.0,-638.0
-62.0,-195.0,-532.0
-5.0,-40.0,-511.0
27.0,64.0,-755.0
-35.0,81.0,-772.0
-66.0,162.0,-845.0
-21.0,-72.0,-966.0
70.0,183.0,-915.0
3.0,44.0,-657.0
-39.0,-136.0,-491.0
-23.0,-35.0,-562.0
-46.0,64.0,-704.0
-9.0,54.0,-870.0
-40.0,42.0,-913.0
15.0,66.0,-890.0
29.0,83.0,-892.0
13.0,138.0,-706.0
-74.0,-146.0,-515.0
-37.0,-7.0,-542.0
-11.0,-3.0,-755.0
-46.0,-1.0,-884.0
-35.0,21.0,-899.0
-7.0,46.0,-1089.0
31.0,171.0,-1091.0
-56.0,44.0,-923.0
68.0,-62.0,-726.0
-52.0,-37.0,-757.0
3.0,21.0,-897.0
-23.0,25.0,-1015.0
35.0,95.0,-1169.0
-56.0,64.0,-1300.0
111.0,29.0,-1270.0
5.0,3.0,-1112.0
21.0,-72.0,-854.0
-50.0,91.0,-858.0
40.0,35.0,-1034.0
-31.0,21.0,-1151.0
-56.0,19.0,-1223.0
-25.0,199.0,-1216.0
-19.0,70.0,-1223.0
37.0,-27.0,-1028.0
11.0,-128.0,-909.0
-33.0,-23.0,-929.0
35.0,68.0,-954.0
-99.0,169.0,-1063.0
33.0,21.0,-1065.0
-142.0,64.0,-1132.0
21.0,9.0,-1071.0
-74.0,97.0,-1005.0
66.0,-70.0,-874.0
-74.0,105.0,-782.0
7.0,17.0,-917.0
37.0,-101.0,-1056.0
-25.0,39.0,-1079.0
-40.0,232.0,-991.0
5.0,224.0,-987.0
169.0,42.0,-974.0
-27.0,-72.0,-897.0
-21.0,-78.0,-786.0
76.0,-105.0,-884.0
31.0,40.0,-876.0
-13.0,197.0,-909.0
-70.0,204.0,-1020.0
66.0,232.0,-1059.0
25.0,-89.0,-1061.0
89.0,-124.0,-895.0
-107.0,21.0,-737.0
144.0,-46.0,-698.0
-21.0,140.0,-876.0
19.0,17.0,-956.0
-68.0,101.0,-1048.0
83.0,124.0,-1145.0
76.0,-60.0,-997.0
-5.0,-13.0,-847.0
-46.0,93.0,-655.0
-17.0,87.0,-673.0
-17.0,5.0,-923.0
-89.0,13.0,-1036.0
-85.0,1.0,-1016.0
5.0,0.0,-1056.0
9.0,105.0,-1022.0
44.0,0.0,-866.0
-29.0,-42.0,-679.0
27.0,9.0,-774.0
0.0,25.0,-950.0
11.0,-29.0,-1048.0
-33.0,101.0,-1052.0
91.0,130.0,-1124.0
11.0,156.0,-1059.0
25.0,-33.0,-751.0
-76.0,-165.0,-739.0
-1.0,-7.0,-745.0
23.0,-132.0,-1024.0
-66.0,35.0,-1102.0
-81.0,261.0,-1056.0
1.0,234.0,-1081.0
-15.0,165.0,-1089.0
11.0,-171.0,-950.0
-107.0,-99.0,-749.0
-17.0,15.0,-798.0
-42.0,-105.0,-976.0
-78.0,62.0,-1036.0
-15.0,109.0,-1015.0
-33.0,78.0,-1186.0
37.0,185.0,-1155.0
72.0,-11.0,-977.0
-39.0,-105.0,-825.0
-21.0,138.0,-769.0
11.0,-39.0,-1005.0
-44.0,15.0,-983.0
-89.0,126.0,-1106.0
0.0,140.0,-1241.0
44.0,-37.0,-1171.0
-15.0,-87.0,-927.0
-13.0,-162.0,-815.0
-7.0,165.0,-771.0
13.0,165.0,-981.0
-25.0,126.0,-1126.0
46.0,-50.0,-1179.0
-1.0,-40.0,-1253.0
76.0,236.0,-1143.0
35.0,37.0,-999.0
-1.0,-35.0,-774.0
-33.0,-62.0,-882.0
-31.0,46.0,-989.0
-13.0,-185.0,-1128.0
-33.0,11.0,-1188.0
-33.0,277.0,-1194.0
76.0,251.0,-1223.0
-19.0,76.0,-1036.0
-13.0,-68.0,-853.0
-76.0,11.0,-890.0
58.0,50.0,-1081.0
-33.0,-48.0,-1241.0
-27.0,7.0,-1198.0
-58.0,132.0,-1208.0
46.0,-1.0,-1173.0
15.0,-40.0,-1095.0
91.0,-78.0,-954.0
-25.0,64.0,-1016.0
58.0,255.0,-1091.0
-11.0,37.0,-1247.0
23.0,85.0,-1206.0
-37.0,-37.0,-1274.0
-66.0,302.0,-1237.0
39.0,-80.0,-1171.0
-37.0,-144.0,-1081.0
-52.0,-66.0,-1020.0
-11.0,40.0,-1110.0
-85.0,195.0,-1223.0
52.0,29.0,-1241.0
-48.0,85.0,-1288.0
19.0,306.0,-1354.0
39.0,11.0,-1206.0
-7.0,-113.0,-1075.0
-40.0,-160.0,-1026.0
89.0,-68.0,-1083.0
15.0,173.0,-1282.0
-1.0,-31.0,-1274.0
-81.0,76.0,-1300.0
56.0,171.0,-1319.0
7.0,85.0,-1241.0
52.0,-81.0,-1120.0
-91.0,-99.0,-1044.0
78.0,91.0,-1024.0
46.0,85.0,-1239.0
-7.0,72.0,-1358.0
-68.0,35.0,-1362.0
0.0,89.0,-1307.0
58.0,-21.0,-1259.0
56.0,-40.0,-1085.0
-83.0,19.0,-940.0
13.0,83.0,-1057.0
56.0,83.0,-1356.0
-60.0,78.0,-1405.0
-33.0,17.0,-1315.0
-40.0,204.0,-1257.0
128.0,113.0,-1233.0
-48.0,-105.0,-1026.0
-60.0,-210.0,-993.0
74.0,-42.0,-1210.0
39.0,52.0,-1323.0
-21.0,76.0,-1282.0
-89.0,218.0,-1309.0
74.0,230.0,-1282.0
99.0,103.0,-1245.0
1.0,0.0,-1138.0
-58.0,-177.0,-991.0
5.0,-60.0,-1104.0
-19.0,-60.0,-1274.0
-60.0,-17.0,-1305.0
-31.0,85.0,-1309.0
0.0,257.0,-1321.0
76.0,117.0,-1268.0
-35.0,-74.0,-1149.0
-54.0,11.0,-1110.0
0.0,119.0,-1110.0
21.0,-101.0,-1247.0
-62.0,-46.0,-1298.0
-7.0,-37.0,-1286.0
-15.0,126.0,-1286.0
21.0,259.0,-1346.0
72.0,-126.0,-1331.0
-56.0,-85.0,-1204.0
11.0,31.0,-1020.0
35.0,81.0,-1124.0
-78.0,119.0,-1262.0
-83.0,111.0,-1253.0
-64.0,230.0,-1419.0
42.0,1.0,-1508.0
-56.0,-152.0,-1309.0
-27.0,-244.0,-1020.0
-37.0,-5.0,-997.0
-23.0,281.0,-1161.0
5.0,115.0,-1298.0
-33.0,101.0,-1339.0
-35.0,99.0,-1458.0
70.0,31.0,-1428.0
40.0,-5.0,-1239.0
-1.0,-165.0,-1046.0
-23.0,39.0,-1018.0
54.0,78.0,-1153.0
44.0,-50.0,-1282.0
-19.0,80.0,-1409.0
-33.0,203.0,-1522.0
13.0,220.0,-1481.0
58.0,-5.0,-1286.0
-9.0,-107.0,-979.0
-95.0,-19.0,-952.0
60.0,-23.0,-1194.0
9.0,-48.0,-1342.0
33.0,29.0,-1479.0
-39.0,204.0,-1532.0
99.0,320.0,-1485.0
15.0,148.0,-1253.0
-48.0,-132.0,-1054.0
-83.0,-126.0,-1003.0
0.0,-35.0,-1104.0
-29.0,-54.0,-1350.0
33.0,25.0,-1450.0
-35.0,216.0,-1489.0
60.0,195.0,-1467.0
37.0,-13.0,-1397.0
117.0,-74.0,-1112.0
-56.0,76.0,-964.0
13.0,85.0,-1073.0
5.0,-97.0,-1272.0
19.0,-19.0,-1389.0
-132.0,171.0,-1464.0
62.0,37.0,-1563.0
-9.0,-40.0,-1378.0
25.0,9.0,-1034.0
-109.0,74.0,-907.0
3.0,167.0,-1104.0
23.0,15.0,-1385.0
-46.0,-37.0,-1506.0
-54.0,91.0,-1442.0
72.0,42.0,-1426.0
-21.0,35.0,-1380.0
46.0,-9.0,-1151.0
-72.0,-48.0,-1042.0
87.0,-64.0,-1114.0
-17.0,-5.0,-1325.0
-62.0,150.0,-1376.0
-66.0,199.0,-1391.0
7.0,195.0,-1446.0
78.0,-80.0,-1421.0
9.0,-35.0,-1138.0
-95.0,-121.0,-1009.0
5.0,-9.0,-1143.0
-42.0,-17.0,-1393.0
-23.0,25.0,-1399.0
-103.0,191.0,-1366.0
21.0,165.0,-1380.0
97.0,13.0,-1274.0
0.0,15.0,-1221.0
-19.0,-226.0,-1075.0
72.0,-9.0,-1225.0
5.0,-1.0,-1378.0
-74.0,189.0,-1350.0
-17.0,87.0,-1274.0
93.0,27.0,-1419.0
17.0,76.0,-1440.0
70.0,25.0,-1124.0
-148.0,11.0,-1102.0
80.0,-273.0,-1218.0
-62.0,66.0,-1356.0
-40.0,206.0,-1290.0
-46.0,162.0,-1444.0
21.0,169.0,-1479.0
83.0,-183.0,-1419.0
-35.0,-23.0,-1126.0
-33.0,140.0,-1136.0
7.0,-91.0,-1175.0
31.0,-39.0,-1339.0
-35.0,-42.0,-1448.0
-7.0,251.0,-1440.0
19.0,228.0,-1378.0
-15.0,17.0,-1387.0
60.0,-5.0,-1192.0
-13.0,-160.0,-1095.0
23.0,44.0,-1218.0
-11.0,17.0,-1329.0
-3.0,-80.0,-1307.0
-91.0,201.0,-1393.0
-11.0,230.0,-1440.0
70.0,113.0,-1391.0
3.0,-50.0,-1305.0
-58.0,-37.0,-1069.0
-64.0,-70.0,-1044.0
-23.0,-3.0,-1278.0
33.0,29.0,-1337.0
-42.0,122.0,-1442.0
-27.0,181.0,-1428.0
-11.0,107.0,-1383.0
95.0,-199.0,-1300.0
-33.0,-64.0,-1141.0
0.0,68.0,-1202.0
29.0,42.0,-1241.0
-56.0,126.0,-1290.0
-23.0,35.0,-1366.0
-17.0,167.0,-1450.0
15.0,156.0,-1450.0
66.0,-122.0,-1307.0
0.0,-95.0,-1147.0
31.0,17.0,-1139.0
-9.0,-1.0,-1210.0
-1.0,-11.0,-1341.0
-11.0,138.0,-1397.0
-58.0,130.0,-1512.0
9.0,126.0,-1504.0
-9.0,99.0,-1284.0
-17.0,-48.0,-1052.0
-78.0,-48.0,-1098.0
37.0,-124.0,-1239.0
-15.0,-40.0,-1405.0
-31.0,89.0,-1423.0
-60.0,201.0,-1424.0
-13.0,121.0,-1423.0
31.0,-1.0,-1292.0
31.0,-56.0,-1194.0
-35.0,66.0,-1182.0
40.0,27.0,-1194.0
-3.0,-54.0,-1303.0
-29.0,46.0,-1366.0
-40.0,15.0,-1421.0
-9.0,206.0,-1434.0
21.0,78.0,-1364.0
46.0,-99.0,-1175.0
-80.0,-35.0,-1067.0
23.0,23.0,-1190.0
-1.0,60.0,-1354.0
-11.0,134.0,-1423.0
-78.0,97.0,-1385.0
27.0,126.0,-1360.0
101.0,-3.0,-1350.0
21.0,-99.0,-1225.0
-64.0,-76.0,-1143.0
115.0,-56.0,-1194.0
-1.0,128.0,-1348.0
-15.0,115.0,-1382.0
-101.0,128.0,-1385.0
87.0,144.0,-1504.0
7.0,62.0,-1409.0
60.0,-19.0,-1190.0
-83.0,-97.0,-1042.0
50.0,-13.0,-1108.0
-21.0,-19.0,-1327.0
-33.0,74.0,-1432.0
-72.0,132.0,-1444.0
-17.0,197.0,-1479.0
66.0,11.0,-1352.0
91.0,-74.0,-1138.0
-48.0,-48.0,-1073.0
21.0,109.0,-1180.0
62.0,54.0,-1374.0
-15.0,0.0,-1495.0
-68.0,64.0,-1471.0
21.0,115.0,-1344.0
35.0,124.0,-1337.0
9.0,-13.0,-1233.0
-37.0,-124.0,-1145.0
17.0,-21.0,-1122.0
-35.0,93.0,-1362.0
-56.0,140.0,-1426.0
-31.0,25.0,-1407.0
7.0,81.0,-1469.0
35.0,89.0,-1436.0
3.0,80.0,-1247.0
-60.0,-87.0,-1054.0
-13.0,-56.0,-1124.0
-39.0,7.0,-1325.0
-19.0,46.0,-1434.0
-42.0,72.0,-1426.0
-11.0,167.0,-1391.0
33.0,17.0,-1403.0
13.0,-29.0,-1241.0
-31.0,-58.0,-1110.0
-1.0,7.0,-1122.0
1.0,19.0,-1323.0
-35.0,-15.0,-1360.0
-72.0,78.0,-1342.0
19.0,130.0,-1403.0
42.0,113.0,-1428.0
1.0,-48.0,-1274.0
-13.0,-130.0,-1120.0
-46.0,13.0,-1116.0
-13.0,39.0,-1300.0
-37.0,93.0,-1366.0
-25.0,130.0,-1423.0
0.0,134.0,-1460.0
40.0,40.0,-1454.0
-21.0,-21.0,-1268.0
1.0,-165.0,-1130.0
-37.0,0.0,-1145.0
58.0,46.0,-1321.0
-44.0,95.0,-1378.0
1.0,29.0,-1405.0
-31.0,99.0,-1383.0
17.0,154.0,-1424.0
5.0,35.0,-1329.0
-11.0,-107.0,-1231.0
-58.0,-105.0,-1171.0
5.0,56.0,-1218.0
-11.0,54.0,-1301.0
-21.0,74.0,-1391.0
-70.0,95.0,-1438.0
48.0,136.0,-1526.0
33.0,72.0,-1380.0
72.0,-119.0,-1179.0
-78.0,-37.0,-1075.0
52.0,64.0,-1173.0
-7.0,40.0,-1325.0
29.0,87.0,-1421.0
-74.0,144.0,-1440.0
25.0,142.0,-1452.0
40.0,-25.0,-1370.0
31.0,-124.0,-1132.0
-78.0,-83.0,-1085.0
33.0,126.0,-1173.0
0.0,56.0,-1337.0
-17.0,83.0,-1372.0
-64.0,107.0,-1508.0
33.0,183.0,-1475.0
85.0,15.0,-1407.0
29.0,-115.0,-1196.0
-70.0,-85.0,-1056.0
66.0,64.0,-1143.0
-1.0,95.0,-1358.0
-3.0,25.0,-1473.0
-76.0,66.0,-1522.0
23.0,152.0,-1473.0
42.0,83.0,-1305.0
35.0,-46.0,-1114.0
-70.0,-117.0,-1118.0
56.0,25.0,-1208.0
-5.0,64.0,-1397.0
11.0,-3.0,-1473.0
-74.0,68.0,-1432.0
11.0,160.0,-1368.0
-11.0,150.0,-1313.0
40.0,-56.0,-1208.0
-68.0,-121.0,-1124.0
5.0,3.0,-1186.0
-11.0,64.0,-1331.0
11.0,-21.0,-1397.0
-81.0,74.0,-1426.0
7.0,179.0,-1434.0
89.0,109.0,-1413.0
21.0,-103.0,-1243.0
-81.0,-115.0,-1097.0
35.0,40.0,-1110.0
40.0,66.0,-1376.0
-11.0,7.0,-1395.0
-60.0,46.0,-1383.0
5.0,160.0,-1385.0
19.0,105.0,-1399.0
19.0,-72.0,-1237.0
-74.0,-99.0,-1098.0
1.0,46.0,-1165.0
-11.0,99.0,-1346.0
-44.0,31.0,-1356.0
-74.0,-19.0,-1413.0
-31.0,156.0,-1467.0
56.0,130.0,-1464.0
29.0,-68.0,-1274.0
-85.0,-70.0,-1075.0
23.0,0.0,-1122.0
-21.0,117.0,-1294.0
15.0,-5.0,-1411.0
-70.0,13.0,-1432.0
13.0,136.0,-1464.0
81.0,119.0,-1407.0
40.0,-44.0,-1274.0
-48.0,-152.0,-1106.0
-11.0,64.0,-1151.0
23.0,124.0,-1358.0
-9.0,-23.0,-1428.0
-68.0,-3.0,-1397.0
0.0,148.0,-1409.0
9.0,158.0,-1389.0
25.0,3.0,-1303.0
-17.0,-144.0,-1153.0
-23.0,-13.0,-1149.0
-11.0,64.0,-1259.0
-13.0,9.0,-1356.0
-21.0,5.0,-1344.0
-35.0,148.0,-1423.0
52.0,150.0,-1471.0
-11.0,-50.0,-1321.0
-31.0,-111.0,-1087.0
-64.0,31.0,-1069.0
37.0,54.0,-1276.0
-17.0,7.0,-1401.0
-42.0,21.0,-1378.0
-23.0,146.0,-1407.0
29.0,158.0,-1436.0
40.0,21.0,-1286.0
31.0,-121.0,-1112.0
-13.0,-1.0,-1143.0
76.0,87.0,-1235.0
80.0,-19.0,-1286.0
33.0,23.0,-1331.0
-19.0,156.0,-1344.0
89.0,150.0,-1407.0
15.0,3.0,-1266.0
179.0,-136.0,-1046.0
-40.0,-25.0,-1063.0
230.0,126.0,-1104.0
294.0,-9.0,-1298.0
361.0,33.0,-1280.0
447.0,121.0,-1305.0
530.0,244.0,-1325.0
667.0,-44.0,-1153.0
579.0,-144.0,-1028.0
579.0,-93.0,-1126.0
743.0,169.0,-1196.0
718.0,31.0,-1298.0
769.0,-76.0,-1301.0
737.0,160.0,-1301.0
940.0,347.0,-1259.0
919.0,78.0,-1161.0
960.0,-302.0,-1052.0
913.0,-119.0,-1036.0
952.0,238.0,-1054.0
923.0,31.0,-1104.0
944.0,-160.0,-1198.0
843.0,126.0,-1270.0
915.0,491.0,-1268.0
901.0,-46.0,-1143.0
895.0,-195.0,-977.0
772.0,-197.0,-899.0
772.0,382.0,-909.0
739.0,39.0,-1155.0
718.0,-201.0,-1229.0
599.0,111.0,-1180.0
638.0,429.0,-1118.0
644.0,37.0,-1081.0
593.0,-245.0,-952.0
511.0,-150.0,-946.0
511.0,413.0,-944.0
495.0,15.0,-1138.0
445.0,-111.0,-1171.0
406.0,15.0,-1225.0
466.0,351.0,-1221.0
495.0,87.0,-1223.0
454.0,-191.0,-1091.0
296.0,-117.0,-936.0
325.0,245.0,-886.0
365.0,35.0,-1118.0
245.0,0.0,-1276.0
193.0,-37.0,-1245.0
206.0,236.0,-1239.0
197.0,132.0,-1253.0
115.0,-160.0,-1124.0
-29.0,-136.0,-921.0
15.0,15.0,-938.0
-76.0,165.0,-1132.0
-64.0,-60.0,-1175.0
-245.0,0.0,-1171.0
-115.0,173.0,-1180.0
-169.0,144.0,-1255.0
-93.0,-13.0,-1077.0
-204.0,-204.0,-870.0
-97.0,-3.0,-856.0
-117.0,122.0,-1061.0
-583.0,29.0,-1169.0
-269.0,44.0,-993.0
-538.0,54.0,-1385.0
-277.0,255.0,-1272.0
-1184.0,-81.0,-1204.0
-1020.0,-210.0,-905.0
-1024.0,17.0,-737.0
-1387.0,222.0,-1235.0
-1100.0,-15.0,-1044.0
-1456.0,25.0,-1083.0
-1077.0,-15.0,-1116.0
-1516.0,177.0,-1218.0
-981.0,29.0,-948.0
-1212.0,-117.0,-894.0
-1038.0,-64.0,-958.0
-987.0,83.0,-1044.0
-866.0,325.0,-1143.0
-808.0,-35.0,-1122.0
-763.0,-70.0,-1366.0
-378.0,179.0,-1333.0
-566.0,142.0,-1149.0
-513.0,-146.0,-903.0
-448.0,-177.0,-933.0
-220.0,58.0,-1034.0
-304.0,66.0,-1065.0
-314.0,132.0,-1179.0
-167.0,-93.0,-1253.0
-169.0,261.0,-1317.0
-122.0,-9.0,-1087.0
-115.0,-52.0,-911.0
-85.0,-95.0,-942.0
-103.0,5.0,-1048.0
-58.0,150.0,-1054.0
-37.0,27.0,-1100.0
-72.0,50.0,-1221.0
13.0,80.0,-1151.0
-17.0,103.0,-1050.0
1.0,-126.0,-800.0
-154.0,-76.0,-802.0
-42.0,7.0,-878.0
-115.0,117.0,-1056.0
-105.0,89.0,-1104.0
-167.0,60.0,-1284.0
-117.0,169.0,-1249.0
-189.0,35.0,-1069.0
-210.0,-17.0,-829.0
-220.0,-130.0,-851.0
-298.0,111.0,-983.0
-222.0,150.0,-1083.0
-245.0,40.0,-1249.0
-322.0,42.0,-1192.0
-242.0,126.0,-1145.0
-134.0,152.0,-999.0
-121.0,-64.0,-958.0
-136.0,-95.0,-923.0
-50.0,27.0,-981.0
-54.0,70.0,-1083.0
-48.0,21.0,-1169.0
-103.0,5.0,-1188.0
27.0,121.0,-1225.0
11.0,85.0,-1177.0
39.0,-56.0,-927.0
-162.0,-97.0,-831.0
-56.0,-9.0,-868.0
-83.0,42.0,-1046.0
-60.0,81.0,-1100.0
-154.0,19.0,-1188.0
-95.0,130.0,-1126.0
-42.0,37.0,-1149.0
-37.0,-83.0,-958.0
-130.0,-85.0,-872.0
-15.0,-21.0,-899.0
-58.0,66.0,-1073.0
-23.0,39.0,-1097.0
-107.0,109.0,-1151.0
15.0,103.0,-1188.0
-27.0,81.0,-1143.0
0.0,-58.0,-974.0
-119.0,-124.0,-815.0
-48.0,46.0,-804.0
-29.0,13.0,-1018.0
-56.0,66.0,-1112.0
-128.0,101.0,-1163.0
27.0,107.0,-1231.0
62.0,115.0,-1175.0
42.0,-25.0,-950.0
-81.0,-62.0,-782.0
0.0,31.0,-847.0
7.0,56.0,-1083.0
-35.0,37.0,-1145.0
-68.0,62.0,-1118.0
-13.0,146.0,-1098.0
17.0,105.0,-1108.0
0.0,-1.0,-936.0
-39.0,-91.0,-854.0
-21.0,0.0,-845.0
-40.0,39.0,-981.0
-29.0,39.0,-1071.0
-23.0,48.0,-1108.0
3.0,117.0,-1173.0
27.0,130.0,-1186.0
7.0,-3.0,-1024.0
-21.0,-122.0,-817.0
-1.0,-48.0,-808.0
5.0,46.0,-1028.0
3.0,35.0,-1147.0
-21.0,62.0,-1114.0
35.0,126.0,-1139.0
97.0,103.0,-1177.0
52.0,21.0,-1042.0
37.0,-60.0,-849.0
3.0,5.0,-882.0
62.0,-3.0,-1038.0
-46.0,37.0,-1040.0
25.0,85.0,-1093.0
3.0,113.0,-1202.0
40.0,107.0,-1198.0
17.0,-37.0,-1011.0
-85.0,-89.0,-819.0
-70.0,15.0,-813.0
-19.0,-1.0,-964.0
-89.0,58.0,-1044.0
-58.0,42.0,-1118.0
-44.0,124.0,-1208.0
-42.0,136.0,-1184.0
-46.0,-3.0,-997.0
-56.0,-56.0,-817.0
-39.0,-42.0,-862.0
-44.0,40.0,-966.0
-50.0,13.0,-1093.0
-37.0,25.0,-1116.0
-89.0,136.0,-1149.0
13.0,115.0,-1114.0
-62.0,81.0,-1013.0
-31.0,-70.0,-911.0
-81.0,-80.0,-905.0
-33.0,19.0,-935.0
-52.0,0.0,-1052.0
-91.0,54.0,-1116.0
-76.0,81.0,-1184.0
-1.0,160.0,-1194.0
21.0,33.0,-1118.0
-1.0,-54.0,-878.0
-105.0,-70.0,-839.0
15.0,-19.0,-954.0
-64.0,50.0,-1065.0
15.0,46.0,-1112.0
-74.0,95.0,-1143.0
-1.0,187.0,-1159.0
60.0,-21.0,-1071.0
19.0,-60.0,-903.0
-58.0,-39.0,-851.0
66.0,-9.0,-909.0
5.0,39.0,-1026.0
17.0,103.0,-1075.0
-44.0,99.0,-1153.0
40.0,132.0,-1214.0
3.0,58.0,-1079.0
85.0,-64.0,-917.0
-72.0,-85.0,-812.0
54.0,39.0,-862.0
-9.0,13.0,-1034.0
25.0,64.0,-1108.0
-70.0,74.0,-1169.0
76.0,132.0,-1194.0
42.0,46.0,-1079.0
78.0,-9.0,-870.0
-54.0,-46.0,-837.0
76.0,13.0,-907.0
-1.0,9.0,-1044.0
11.0,64.0,-1089.0
-33.0,83.0,-1124.0
46.0,146.0,-1104.0
40.0,81.0,-1083.0
52.0,-25.0,-950.0
-66.0,-97.0,-862.0
46.0,-11.0,-841.0
-25.0,40.0,-974.0
-7.0,46.0,-1077.0
-72.0,66.0,-1130.0
1.0,138.0,-1147.0
27.0,74.0,-1169.0
19.0,-35.0,-958.0
-66.0,-85.0,-778.0
-11.0,-25.0,-839.0
-39.0,58.0,-1022.0
-25.0,15.0,-1087.0
-66.0,115.0,-1097.0
-15.0,111.0,-1145.0
23.0,64.0,-1128.0
-21.0,-17.0,-989.0
-52.0,-99.0,-847.0
-13.0,0.0,-878.0
-27.0,25.0,-997.0
-54.0,48.0,-1057.0
-54.0,50.0,-1098.0
-5.0,105.0,-1192.0
52.0,80.0,-1208.0
0.0,-33.0,-989.0
-74.0,-76.0,-808.0
-13.0,-25.0,-817.0
-29.0,39.0,-993.0
-19.0,25.0,-1095.0
-48.0,39.0,-1145.0
-13.0,117.0,-1167.0
21.0,81.0,-1171.0
1.0,13.0,-985.0
-21.0,-80.0,-819.0
-19.0,-13.0,-870.0
-3.0,39.0,-1005.0
-21.0,-21.0,-1048.0
-29.0,54.0,-1104.0
-21.0,130.0,-1175.0
33.0,130.0,-1141.0
23.0,31.0,-1026.0
11.0,-54.0,-854.0
0.0,-54.0,-856.0
-19.0,13.0,-917.0
-27.0,44.0,-1040.0
7.0,19.0,-1085.0
-11.0,140.0,-1216.0
46.0,136.0,-1173.0
56.0,-3.0,-1073.0
-31.0,-70.0,-806.0
-60.0,-11.0,-812.0
58.0,25.0,-962.0
1.0,29.0,-1075.0
-7.0,60.0,-1118.0
-50.0,103.0,-1177.0
1.0,136.0,-1161.0
15.0,15.0,-1013.0
46.0,-60.0,-882.0
-68.0,-21.0,-856.0
50.0,19.0,-923.0
-39.0,58.0,-1024.0
0.0,17.0,-1083.0
-87.0,109.0,-1175.0
33.0,107.0,-1206.0
0.0,54.0,-1061.0
52.0,-54.0,-837.0
-64.0,-60.0,-819.0
3.0,44.0,-878.0
-11.0,0.0,-1089.0
-27.0,76.0,-1126.0
-81.0,76.0,-1147.0
17.0,148.0,-1120.0
-3.0,52.0,-1061.0
33.0,-48.0,-880.0
-85.0,-64.0,-847.0
33.0,15.0,-931.0
-31.0,23.0,-1013.0
-15.0,40.0,-1065.0
-72.0,81.0,-1136.0
11.0,156.0,-1173.0
0.0,44.0,-1098.0
25.0,-66.0,-913.0
-78.0,-95.0,-825.0
70.0,0.0,-868.0
-7.0,50.0,-1009.0
-7.0,103.0,-1098.0
-117.0,87.0,-1136.0
62.0,128.0,-1192.0
44.0,11.0,-1081.0
74.0,-35.0,-915.0
-58.0,-50.0,-786.0
21.0,42.0,-864.0
1.0,-19.0,-1075.0
7.0,50.0,-1114.0
-87.0,103.0,-1106.0
64.0,154.0,-1120.0
37.0,25.0,-1083.0
50.0,-35.0,-950.0
-70.0,-95.0,-853.0
66.0,25.0,-872.0
-17.0,50.0,-999.0
3.0,78.0,-1087.0
-60.0,21.0,-1085.0
31.0,130.0,-1149.0
46.0,66.0,-1184.0
54.0,-5.0,-948.0
-54.0,-74.0,-792.0
48.0,-33.0,-854.0
-25.0,74.0,-1028.0
-15.0,60.0,-1116.0
-68.0,54.0,-1124.0
21.0,122.0,-1108.0
60.0,54.0,-1138.0
29.0,-19.0,-974.0
-44.0,-74.0,-856.0
0.0,0.0,-888.0
-17.0,33.0,-1011.0
-37.0,35.0,-1038.0
-74.0,80.0,-1097.0
21.0,121.0,-1159.0
11.0,128.0,-1161.0
17.0,-21.0,-1032.0
-66.0,-117.0,-810.0
-29.0,7.0,-796.0
-11.0,13.0,-995.0
-40.0,52.0,-1040.0
-50.0,85.0,-1089.0
-7.0,130.0,-1194.0
40.0,91.0,-1171.0
1.0,-42.0,-977.0
-68.0,-60.0,-784.0
-25.0,-1.0,-851.0
1.0,52.0,-999.0
-52.0,3.0,-1102.0
-42.0,54.0,-1106.0
-29.0,126.0,-1122.0
25.0,126.0,-1157.0
-39.0,17.0,-987.0
13.0,-85.0,-880.0
-44.0,-33.0,-860.0
-1.0,25.0,-993.0
-68.0,42.0,-1003.0
-9.0,66.0,-1097.0
-31.0,78.0,-1145.0
33.0,152.0,-1190.0
-13.0,21.0,-1032.0
-5.0,-80.0,-843.0
-60.0,-39.0,-825.0
0.0,9.0,-968.0
5.0,11.0,-1057.0
-21.0,70.0,-1093.0
-25.0,105.0,-1147.0
-31.0,152.0,-1106.0
60.0,27.0,-1056.0
21.0,-74.0,-897.0
-48.0,-33.0,-856.0
11.0,5.0,-946.0
-15.0,44.0,-1028.0
9.0,40.0,-1057.0
-72.0,109.0,-1153.0
31.0,140.0,-1216.0
21.0,11.0,-1075.0
25.0,-42.0,-874.0
-27.0,-80.0,-839.0
11.0,13.0,-880.0
5.0,31.0,-1011.0
-5.0,40.0,-1093.0
-58.0,134.0,-1182.0
23.0,128.0,-1212.0
39.0,13.0,-1052.0
9.0,-50.0,-835.0
-56.0,-39.0,-851.0
15.0,39.0,-919.0
9.0,15.0,-1050.0
-17.0,31.0,-1110.0
-46.0,89.0,-1157.0
9.0,144.0,-1104.0
33.0,70.0,-1057.0
37.0,-60.0,-938.0
-60.0,-85.0,-895.0
29.0,-31.0,-862.0
7.0,66.0,-989.0
0.0,66.0,-1071.0
-62.0,52.0,-1134.0
-15.0,142.0,-1147.0
66.0,50.0,-1132.0
50.0,-62.0,-915.0
-76.0,-58.0,-794.0
44.0,-3.0,-872.0
-17.0,48.0,-1026.0
-7.0,50.0,-1118.0
-83.0,74.0,-1106.0
31.0,156.0,-1124.0
31.0,35.0,-1091.0
19.0,-44.0,-962.0
-62.0,-76.0,-851.0
23.0,-23.0,-876.0
-29.0,56.0,-1005.0
-33.0,58.0,-1042.0
-76.0,101.0,-1083.0
33.0,111.0,-1173.0
39.0,66.0,-1143.0
40.0,-44.0,-964.0
-70.0,-87.0,-796.0
31.0,29.0,-831.0
1.0,3.0,-1001.0
-17.0,50.0,-1073.0
-87.0,93.0,-1124.0
60.0,111.0,-1194.0
23.0,70.0,-1110.0
39.0,-21.0,-927.0
-70.0,-78.0,-819.0
54.0,5.0,-888.0
-31.0,39.0,-1011.0
3.0,56.0,-1098.0
-33.0,25.0,-1083.0
1.0,124.0,-1122.0
37.0,103.0,-1108.0
5.0,5.0,-1005.0
-25.0,-105.0,-878.0
9.0,-31.0,-856.0
-19.0,52.0,-972.0
-50.0,25.0,-1048.0
-40.0,80.0,-1091.0
0.0,111.0,-1145.0
60.0,109.0,-1184.0
0.0,-7.0,-1001.0
-29.0,-97.0,-815.0
-44.0,5.0,-841.0
37.0,25.0,-1018.0
-29.0,3.0,-1077.0
-56.0,66.0,-1079.0
-21.0,134.0,-1134.0
23.0,109.0,-1136.0
17.0,3.0,-1034.0
-3.0,-87.0,-856.0
-13.0,-44.0,-854.0
5.0,52.0,-977.0
-44.0,52.0,-1028.0
-7.0,74.0,-1057.0
-48.0,103.0,-1161.0
27.0,126.0,-1216.0
-3.0,-21.0,-1030.0
-21.0,-62.0,-835.0
-56.0,-19.0,-821.0
37.0,-3.0,-946.0
-56.0,44.0,-1050.0
-7.0,68.0,-1112.0
-42.0,107.0,-1177.0
19.0,121.0,-1167.0
11.0,9.0,-985.0
-1.0,-62.0,-833.0
-35.0,-35.0,-888.0
-1.0,29.0,-946.0
-11.0,-5.0,-1069.0
-33.0,44.0,-1085.0
-56.0,89.0,-1126.0
21.0,148.0,-1104.0
3.0,95.0,-1054.0
62.0,-72.0,-927.0
-68.0,-66.0,-876.0
21.0,25.0,-880.0
-27.0,15.0,-1015.0
-23.0,66.0,-1087.0
-72.0,105.0,-1126.0
37.0,156.0,-1161.0
31.0,23.0,-1098.0
40.0,-44.0,-872.0
-72.0,-74.0,-810.0
48.0,29.0,-913.0
-21.0,31.0,-1044.0
5.0,40.0,-1110.0
-76.0,91.0,-1124.0
15.0,165.0,-1122.0
64.0,11.0,-1073.0
21.0,-81.0,-942.0
-76.0,-44.0,-854.0
60.0,-5.0,-892.0
-31.0,58.0,-1016.0
0.0,66.0,-1052.0
-97.0,95.0,-1126.0
56.0,117.0,-1179.0
-1.0,66.0,-1114.0
39.0,-31.0,-919.0
-60.0,-97.0,-813.0
66.0,35.0,-829.0
-5.0,23.0,-1067.0
17.0,39.0,-1093.0
-62.0,81.0,-1098.0
117.0,122.0,-1136.0
146.0,68.0,-1110.0
111.0,-37.0,-923.0
33.0,-91.0,-856.0
191.0,-29.0,-901.0
181.0,115.0,-1069.0
177.0,17.0,-1106.0
257.0,124.0,-1145.0
355.0,54.0,-1138.0
368.0,27.0,-993.0
269.0,-93.0,-856.0
384.0,-78.0,-843.0
407.0,72.0,-999.0
429.0,103.0,-1056.0
347.0,130.0,-1089.0
460.0,-5.0,-1132.0
493.0,66.0,-1175.0
497.0,35.0,-974.0
407.0,-64.0,-786.0
476.0,-95.0,-796.0
437.0,54.0,-1042.0
482.0,140.0,-1102.0
347.0,154.0,-1038.0
476.0,-21.0,-1120.0
429.0,48.0,-1134.0
429.0,85.0,-991.0
316.0,-29.0,-821.0
349.0,-109.0,-876.0
322.0,31.0,-1018.0
286.0,181.0,-1009.0
247.0,119.0,-1015.0
267.0,-31.0,-1139.0
249.0,76.0,-1196.0
222.0,31.0,-1016.0
66.0,-9.0,-833.0
85.0,-78.0,-847.0
117.0,29.0,-1005.0
83.0,142.0,-1061.0
7.0,39.0,-1067.0
25.0,60.0,-1124.0
25.0,52.0,-1167.0
44.0,105.0,-1009.0
-44.0,-70.0,-882.0
19.0,-48.0,-940.0
5.0,40.0,-968.0
5.0,58.0,-1030.0
-5.0,48.0,-1044.0
0.0,50.0,-1149.0
25.0,142.0,-1155.0
17.0,68.0,-1073.0
15.0,-91.0,-911.0
-17.0,-64.0,-868.0
19.0,-7.0,-936.0
-33.0,81.0,-1020.0
-13.0,89.0,-1048.0
-3.0,64.0,-1143.0
44.0,156.0,-1235.0
13.0,-19.0,-1065.0
35.0,-39.0,-864.0
-29.0,-37.0,-837.0
103.0,9.0,-942.0
5.0,0.0,-1016.0
27.0,35.0,-1089.0
-56.0,97.0,-1120.0
60.0,156.0,-1116.0
13.0,83.0,-1063.0
119.0,-48.0,-946.0
-17.0,-37.0,-897.0
107.0,25.0,-913.0
-27.0,19.0,-981.0
50.0,15.0,-1003.0
-35.0,19.0,-1097.0
91.0,158.0,-1192.0
46.0,91.0,-1077.0
115.0,0.0,-950.0
-27.0,-72.0,-854.0
85.0,42.0,-884.0
54.0,7.0,-1018.0
101.0,46.0,-1026.0
-40.0,70.0,-1116.0
81.0,132.0,-1114.0
68.0,81.0,-1114.0
179.0,-31.0,-956.0
-27.0,-64.0,-888.0
173.0,-5.0,-886.0
21.0,33.0,-985.0
111.0,39.0,-983.0
-54.0,52.0,-1097.0
95.0,142.0,-1153.0
99.0,44.0,-1165.0
103.0,23.0,-985.0
-56.0,-48.0,-870.0
121.0,-37.0,-890.0
3.0,76.0,-936.0
42.0,1.0,-1028.0
-130.0,87.0,-1089.0
97.0,33.0,-1206.0
27.0,81.0,-1093.0
83.0,0.0,-1009.0
-160.0,-1.0,-831.0
109.0,17.0,-913.0
-33.0,27.0,-1011.0
15.0,5.0,-1093.0
-173.0,21.0,-1015.0
56.0,50.0,-1136.0
7.0,99.0,-1081.0
9.0,-19.0,-1063.0
-128.0,-29.0,-913.0
39.0,-13.0,-921.0
-40.0,91.0,-964.0
-44.0,13.0,-962.0
-91.0,7.0,-1038.0
-29.0,103.0,-1128.0
89.0,142.0,-1202.0
-40.0,31.0,-1059.0
-66.0,-68.0,-894.0
42.0,-5.0,-854.0
78.0,39.0,-1011.0
1.0,3.0,-1015.0
-91.0,44.0,-1003.0
48.0,85.0,-1079.0
122.0,31.0,-1204.0
1.0,87.0,-1059.0
-74.0,-5.0,-911.0
80.0,0.0,-892.0
5.0,56.0,-964.0
0.0,-15.0,-987.0
-95.0,62.0,-948.0
68.0,80.0,-1116.0
40.0,85.0,-1249.0
-3.0,5.0,-1108.0
-93.0,-56.0,-884.0
-11.0,35.0,-823.0
29.0,25.0,-985.0
-52.0,15.0,-993.0
-68.0,25.0,-1016.0
-64.0,126.0,-1126.0
113.0,89.0,-1239.0
46.0,-7.0,-1034.0
-80.0,-40.0,-890.0
-33.0,113.0,-823.0
128.0,-66.0,-1022.0
-48.0,19.0,-1030.0
-56.0,-3.0,-1061.0
13.0,81.0,-1007.0
64.0,156.0,-1167.0
-21.0,146.0,-1089.0
1.0,5.0,-950.0
-23.0,-58.0,-940.0
50.0,-9.0,-985.0
68.0,27.0,-948.0
52.0,-54.0,-964.0
19.0,52.0,-1016.0
50.0,95.0,-1139.0
-113.0,187.0,-1145.0
132.0,-15.0,-1059.0
-13.0,-64.0,-923.0
29.0,46.0,-886.0
-5.0,-17.0,-970.0
-56.0,66.0,-1050.0
-48.0,-21.0,-1016.0
40.0,124.0,-1063.0
136.0,46.0,-1196.0
17.0,46.0,-1005.0
-3.0,-62.0,-944.0
-58.0,-35.0,-833.0
-56.0,70.0,-970.0
0.0,17.0,-989.0
-44.0,-19.0,-1048.0
-21.0,242.0,-1089.0
-48.0,-29.0,-1270.0
-39.0,64.0,-1089.0
-42.0,-122.0,-888.0
-11.0,46.0,-792.0
-52.0,21.0,-966.0
27.0,-37.0,-1077.0
-62.0,42.0,-1098.0
39.0,83.0,-1079.0
-48.0,197.0,-1134.0
111.0,29.0,-1057.0
17.0,-29.0,-864.0
-31.0,0.0,-854.0
93.0,-76.0,-1001.0
-37.0,154.0,-1042.0
23.0,-29.0,-1128.0
-91.0,-1.0,-1050.0
31.0,183.0,-1059.0
60.0,177.0,-1100.0
25.0,-171.0,-1018.0
-130.0,-33.0,-769.0
122.0,140.0,-905.0
-80.0,177.0,-1057.0
-44.0,-175.0,-1044.0
-74.0,-58.0,-1048.0
103.0,208.0,-1147.0
11.0,72.0,-1159.0
-60.0,-39.0,-958.0
-54.0,-78.0,-804.0
27.0,62.0,-884.0
68.0,109.0,-1098.0
-44.0,85.0,-1157.0
68.0,42.0,-1018.0
-29.0,128.0,-1106.0
37.0,128.0,-1169.0
-35.0,-121.0,-991.0
99.0,-91.0,-772.0
-68.0,0.0,-919.0
11.0,134.0,-1024.0
3.0,-80.0,-1022.0
-9.0,29.0,-1052.0
-9.0,103.0,-1214.0
-5.0,126.0,-1173.0
-3.0,103.0,-858.0
-5.0,-126.0,-915.0
-101.0,103.0,-862.0
140.0,64.0,-977.0
0.0,42.0,-1124.0
-109.0,-23.0,-1126.0
-42.0,17.0,-1091.0
160.0,115.0,-1022.0
-122.0,21.0,-1048.0
31.0,-21.0,-841.0
1.0,33.0,-929.0
132.0,44.0,-974.0
85.0,-5.0,-1112.0
-17.0,81.0,-1095.0
-177.0,136.0,-1110.0
60.0,165.0,-1063.0
25.0,-76.0,-1112.0
-44.0,-103.0,-888.0
-85.0,-31.0,-755.0
89.0,56.0,-948.0
-64.0,130.0,-1085.0
-66.0,-134.0,-1132.0
-111.0,171.0,-1071.0
62.0,210.0,-1180.0
-3.0,111.0,-1030.0
-107.0,-150.0,-874.0
13.0,-60.0,-788.0
40.0,60.0,-1028.0
-13.0,126.0,-1139.0
-80.0,27.0,-1095.0
0.0,-1.0,-987.0
132.0,60.0,-1108.0
64.0,124.0,-1089.0
-50.0,-93.0,-907.0
-25.0,1.0,-749.0
-39.0,72.0,-985.0
56.0,181.0,-1085.0
-33.0,-29.0,-1077.0
-109.0,-25.0,-1126.0
83.0,111.0,-1095.0
169.0,152.0,-1126.0
-15.0,-134.0,-968.0
-21.0,-70.0,-772.0
130.0,19.0,-905.0
0.0,152.0,-1134.0
-101.0,33.0,-1120.0
-70.0,-9.0,-1036.0
167.0,204.0,-1104.0
-64.0,160.0,-1097.0
-132.0,-80.0,-874.0
64.0,-146.0,-813.0
42.0,85.0,-1016.0
-80.0,78.0,-1112.0
-148.0,-3.0,-997.0
21.0,-1.0,-1050.0
40.0,156.0,-1114.0
-58.0,152.0,-1118.0
80.0,-40.0,-933.0
160.0,-132.0,-985.0
-222.0,105.0,-845.0
76.0,62.0,-1007.0
-13.0,56.0,-1011.0
-9.0,-44.0,-1188.0
-60.0,162.0,-1102.0
167.0,72.0,-1184.0
-134.0,-31.0,-874.0
-7.0,-62.0,-856.0
-1.0,40.0,-981.0
50.0,187.0,-1052.0
0.0,-39.0,-1016.0
-39.0,83.0,-1087.0
23.0,62.0,-1143.0
52.0,93.0,-1065.0
-66.0,-44.0,-958.0
11.0,-58.0,-890.0
-93.0,21.0,-884.0
27.0,142.0,-981.0
-76.0,-37.0,-1097.0
-29.0,-44.0,-1079.0
124.0,115.0,-1210.0
23.0,162.0,-1042.0
-48.0,-23.0,-989.0
46.0,-19.0,-786.0
-44.0,-44.0,-970.0
-101.0,160.0,-981.0
35.0,-62.0,-1116.0
50.0,181.0,-993.0
-3.0,-25.0,-1171.0
-64.0,107.0,-987.0
13.0,-21.0,-989.0
52.0,-25.0,-897.0
-80.0,3.0,-983.0
35.0,23.0,-958.0
3.0,87.0,-1032.0
5.0,-33.0,-1091.0
-128.0,60.0,-1097.0
81.0,140.0,-1065.0
117.0,66.0,-1079.0
-50.0,-80.0,-895.0
-42.0,-97.0,-808.0
95.0,140.0,-944.0
44.0,87.0,-1102.0
37.0,-27.0,-1167.0
-142.0,9.0,-1007.0
132.0,95.0,-1112.0
13.0,130.0,-970.0
-9.0,-66.0,-968.0
3.0,-1.0,-806.0
97.0,-9.0,-1009.0
101.0,171.0,-1110.0
27.0,9.0,-1157.0
-93.0,52.0,-946.0
126.0,17.0,-1056.0
33.0,148.0,-1069.0
-19.0,-107.0,-1009.0
-68.0,-80.0,-815.0
-1.0,19.0,-950.0
-31.0,150.0,-1057.0
85.0,66.0,-1079.0
83.0,-29.0,-1087.0
-17.0,33.0,-1098.0
27.0,177.0,-1075.0
3.0,-103.0,-1005.0
-91.0,5.0,-792.0
21.0,58.0,-866.0
39.0,187.0,-1102.0
-62.0,13.0,-1171.0
-124.0,-150.0,-1083.0
-48.0,226.0,-936.0
204.0,109.0,-1097.0
-50.0,-70.0,-995.0
-15.0,-165.0,-886.0
-21.0,119.0,-821.0
19.0,160.0,-1186.0
-124.0,99.0,-1108.0
19.0,-179.0,-1098.0
52.0,187.0,-895.0
224.0,91.0,-1245.0
-122.0,46.0,-1036.0
80.0,-179.0,-741.0
-56.0,62.0,-821.0
-37.0,177.0,-1169.0
42.0,40.0,-1095.0
72.0,-9.0,-1095.0
-27.0,87.0,-1038.0
-5.0,89.0,-1110.0
-107.0,35.0,-915.0
21.0,-70.0,-845.0
138.0,13.0,-901.0
-64.0,95.0,-1106.0
50.0,99.0,-1155.0
21.0,-52.0,-1036.0
-25.0,11.0,-1061.0
-126.0,267.0,-981.0
142.0,-111.0,-1087.0
-1.0,-130.0,-874.0
-97.0,-25.0,-954.0
-66.0,228.0,-1038.0
-152.0,136.0,-1089.0
87.0,-40.0,-929.0
203.0,-3.0,-1192.0
-9.0,171.0,-1054.0
7.0,-25.0,-1044.0
15.0,-62.0,-866.0
-165.0,-21.0,-923.0
-21.0,171.0,-989.0
101.0,150.0,-1057.0
31.0,-101.0,-1077.0
-66.0,-9.0,-1075.0
-160.0,138.0,-1063.0
163.0,122.0,-979.0
-107.0,-126.0,-1013.0
3.0,-115.0,-878.0
-23.0,70.0,-905.0
103.0,171.0,-1139.0
-48.0,78.0,-1159.0
-21.0,-50.0,-1036.0
-21.0,148.0,-940.0
46.0,56.0,-1192.0
-64.0,-42.0,-1081.0
152.0,-117.0,-702.0
13.0,83.0,-817.0
37.0,238.0,-1134.0
134.0,-101.0,-1278.0
-50.0,-50.0,-977.0
-249.0,62.0,-954.0
-17.0,316.0,-938.0
337.0,-201.0,-1165.0
-189.0,-226.0,-923.0
-244.0,109.0,-774.0
146.0,398.0,-1081.0
304.0,-21.0,-1417.0
-392.0,-230.0,-1102.0
-175.0,-15.0,-691.0
204.0,452.0,-968.0
220.0,-31.0,-1469.0
-421.0,-329.0,-935.0
214.0,-91.0,-489.0
46.0,423.0,-1093.0
-76.0,177.0,-1434.0
-316.0,-185.0,-1032.0
193.0,-91.0,-634.0
329.0,402.0,-1046.0
212.0,214.0,-1471.0
-265.0,-220.0,-831.0
109.0,-273.0,-519.0
-238.0,251.0,-1083.0
460.0,163.0,-1262.0
-97.0,66.0,-1145.0
3.0,-316.0,-648.0
-146.0,44.0,-1091.0
447.0,568.0,-1411.0
-134.0,-181.0,-1003.0
-9.0,-329.0,-489.0
-265.0,13.0,-917.0
536.0,577.0,-1358.0
-359.0,-56.0,-1278.0
-224.0,-247.0,-689.0
236.0,56.0,-903.0
345.0,568.0,-1553.0
-374.0,-249.0,-1095.0
-210.0,-300.0,-251.0
353.0,-111.0,-720.0
351.0,534.0,-1614.0
-343.0,74.0,-1221.0
-267.0,-232.0,-585.0
203.0,-17.0,-919.0
17.0,661.0,-1518.0
64.0,-261.0,-1163.0
-290.0,-433.0,-351.0
74.0,-81.0,-823.0
210.0,433.0,-1508.0
-3.0,35.0,-1272.0
-312.0,-267.0,-612.0
201.0,70.0,-864.0
-9.0,603.0,-1520.0
253.0,-121.0,-1179.0
-603.0,-406.0,-437.0
308.0,-80.0,-646.0
119.0,595.0,-1362.0
144.0,25.0,-1327.0
-511.0,-271.0,-772.0
478.0,-122.0,-802.0
83.0,546.0,-1360.0
111.0,-23.0,-1245.0
-497.0,-404.0,-478.0
429.0,-44.0,-583.0
29.0,601.0,-1354.0
50.0,-87.0,-1512.0
-173.0,-267.0,-747.0
193.0,76.0,-825.0
37.0,433.0,-1296.0
85.0,-111.0,-1214.0
-247.0,-242.0,-575.0
304.0,-99.0,-679.0
-218.0,460.0,-1280.0
154.0,-156.0,-1426.0
15.0,-91.0,-825.0
181.0,52.0,-931.0
-134.0,394.0,-1218.0
-9.0,-7.0,-1015.0
-13.0,-146.0,-739.0
31.0,-111.0,-771.0
-156.0,324.0,-1216.0
91.0,68.0,-1280.0
-25.0,-109.0,-1067.0
3.0,-154.0,-894.0
-228.0,320.0,-935.0
193.0,152.0,-1110.0
95.0,-255.0,-981.0
-193.0,-1.0,-757.0
-87.0,185.0,-1171.0
39.0,306.0,-1177.0
160.0,-158.0,-1210.0
-197.0,46.0,-843.0
-23.0,27.0,-1015.0
148.0,162.0,-1151.0
15.0,-162.0,-1034.0
-218.0,-35.0,-776.0
-60.0,72.0,-944.0
132.0,247.0,-1210.0
3.0,17.0,-1231.0
-37.0,0.0,-983.0
111.0,52.0,-886.0
35.0,140.0,-1147.0
-398.0,39.0,-958.0
-3.0,-181.0,-860.0
111.0,-13.0,-962.0
-101.0,290.0,-1356.0
-210.0,42.0,-958.0
52.0,-128.0,-1081.0
-39.0,-89.0,-960.0
-3.0,245.0,-1093.0
27.0,238.0,-849.0
78.0,-316.0,-1050.0
-353.0,115.0,-872.0
290.0,181.0,-1122.0
76.0,245.0,-1167.0
-95.0,-335.0,-1126.0
-81.0,-37.0,-915.0
119.0,175.0,-979.0
56.0,87.0,-995.0
-251.0,19.0,-933.0
130.0,-267.0,-954.0
93.0,421.0,-983.0
50.0,91.0,-1278.0
-255.0,87.0,-1095.0
191.0,-259.0,-933.0
81.0,115.0,-882.0
-109.0,156.0,-1067.0
-5.0,-70.0,-979.0
242.0,-218.0,-813.0
5.0,89.0,-1028.0
-179.0,310.0,-1290.0
80.0,-56.0,-1104.0
113.0,-39.0,-942.0
-83.0,-39.0,-979.0
-91.0,46.0,-979.0
-44.0,177.0,-884.0
167.0,-148.0,-944.0
-80.0,91.0,-1040.0
-44.0,66.0,-1145.0
-27.0,175.0,-1126.0
226.0,-154.0,-1028.0
-128.0,11.0,-913.0
-62.0,62.0,-892.0
35.0,101.0,-1011.0
140.0,-25.0,-1005.0
-171.0,-7.0,-1015.0
-115.0,177.0,-1085.0
167.0,-40.0,-1143.0
146.0,124.0,-977.0
-83.0,-140.0,-895.0
40.0,95.0,-944.0
-25.0,42.0,-974.0
154.0,-46.0,-987.0
-226.0,-39.0,-977.0
-50.0,66.0,-1065.0
48.0,195.0,-1139.0
226.0,62.0,-1208.0
-208.0,-152.0,-843.0
-165.0,-74.0,-831.0
27.0,273.0,-954.0
349.0,-81.0,-1157.0
-169.0,-3.0,-993.0
-68.0,-37.0,-1052.0
224.0,259.0,-1093.0
140.0,76.0,-1184.0
-99.0,-76.0,-974.0
-138.0,105.0,-745.0
402.0,40.0,-954.0
122.0,60.0,-1149.0
-275.0,-160.0,-1143.0
-130.0,54.0,-730.0
462.0,325.0,-1108.0
171.0,74.0,-1253.0
-294.0,-226.0,-1056.0
-245.0,70.0,-542.0
554.0,56.0,-1030.0
-76.0,199.0,-1239.0
-482.0,21.0,-1073.0
60.0,-27.0,-661.0
415.0,126.0,-1177.0
-1.0,97.0,-1440.0
-503.0,-197.0,-940.0
113.0,-5.0,-589.0
271.0,283.0,-968.0
-42.0,156.0,-1458.0
-392.0,21.0,-849.0
179.0,-181.0,-644.0
345.0,304.0,-1112.0
-101.0,13.0,-1426.0
-271.0,-101.0,-931.0
31.0,286.0,-577.0
450.0,-21.0,-1290.0
-335.0,68.0,-1190.0
-1.0,-417.0,-767.0
42.0,343.0,-601.0
519.0,93.0,-1370.0
-429.0,60.0,-1350.0
-37.0,-80.0,-938.0
124.0,134.0,-628.0
392.0,245.0,-1200.0
-284.0,-222.0,-1102.0
-21.0,-189.0,-794.0
132.0,177.0,-759.0
222.0,206.0,-1401.0
-376.0,-29.0,-1282.0
204.0,-257.0,-856.0
66.0,177.0,-767.0
54.0,122.0,-1208.0
-232.0,76.0,-966.0
245.0,-158.0,-829.0
-146.0,366.0,-897.0
193.0,78.0,-1436.0
-433.0,-169.0,-1212.0
134.0,-9.0,-700.0
169.0,80.0,-888.0
-95.0,128.0,-1200.0
-156.0,-357.0,-936.0
68.0,134.0,-648.0
-31.0,179.0,-1233.0
-197.0,222.0,-1385.0
39.0,-240.0,-1116.0
240.0,-60.0,-724.0
-284.0,361.0,-1028.0
-7.0,148.0,-1065.0
17.0,-238.0,-935.0
208.0,-201.0,-903.0
-275.0,357.0,-1151.0
160.0,152.0,-1165.0
-23.0,-226.0,-1093.0
154.0,-40.0,-892.0
-124.0,261.0,-985.0
68.0,300.0,-1048.0
-68.0,-222.0,-1065.0
263.0,-87.0,-903.0
-314.0,216.0,-1009.0
203.0,251.0,-1108.0
-138.0,-76.0,-1085.0
363.0,-240.0,-1089.0
-554.0,292.0,-946.0
60.0,-50.0,-1013.0
-21.0,-17.0,-853.0
450.0,-208.0,-1075.0
-568.0,448.0,-1079.0
-52.0,62.0,-1018.0
23.0,117.0,-985.0
333.0,-240.0,-1223.0
-456.0,208.0,-1083.0
31.0,-111.0,-940.0
78.0,76.0,-831.0
177.0,-89.0,-1190.0
-521.0,247.0,-1050.0
17.0,-181.0,-1038.0
169.0,140.0,-970.0
156.0,76.0,-1294.0
-386.0,146.0,-1005.0
56.0,-85.0,-694.0
437.0,101.0,-917.0
-35.0,9.0,-1233.0
-542.0,121.0,-1040.0
119.0,-31.0,-743.0
359.0,158.0,-1149.0
224.0,-122.0,-1352.0
-527.0,21.0,-829.0
148.0,-21.0,-597.0
441.0,191.0,-1122.0
-107.0,-56.0,-1337.0
-361.0,29.0,-894.0
60.0,85.0,-843.0
269.0,42.0,-1249.0
-199.0,121.0,-1358.0
17.0,-60.0,-696.0
175.0,-134.0,-794.0
-50.0,226.0,-1130.0
-290.0,-56.0,-1313.0
39.0,-56.0,-700.0
-58.0,35.0,-929.0
228.0,226.0,-1300.0
-179.0,81.0,-1210.0
60.0,-74.0,-755.0
-316.0,5.0,-866.0
160.0,99.0,-1132.0
122.0,83.0,-1108.0
109.0,-13.0,-843.0
-152.0,-40.0,-1020.0
136.0,91.0,-1122.0
-66.0,9.0,-1190.0
46.0,37.0,-839.0
-130.0,-117.0,-888.0
144.0,109.0,-1098.0
17.0,5.0,-1102.0
89.0,13.0,-759.0
-206.0,138.0,-925.0
146.0,13.0,-1298.0
89.0,-64.0,-1247.0
39.0,1.0,-780.0
-83.0,87.0,-874.0
163.0,76.0,-1038.0
105.0,0.0,-1083.0
35.0,-60.0,-849.0
-212.0,162.0,-940.0
173.0,83.0,-1206.0
-35.0,132.0,-1190.0
136.0,-158.0,-829.0
-230.0,109.0,-808.0
91.0,27.0,-1042.0
117.0,3.0,-1204.0
-40.0,-42.0,-917.0
-212.0,-3.0,-905.0
-23.0,-17.0,-1089.0
29.0,273.0,-1214.0
66.0,1.0,-1013.0
-154.0,-35.0,-895.0
97.0,-76.0,-1040.0
31.0,208.0,-1057.0
95.0,76.0,-954.0
-261.0,3.0,-851.0
9.0,-109.0,-1106.0
197.0,175.0,-1210.0
111.0,46.0,-1050.0
-156.0,19.0,-841.0
33.0,-74.0,-983.0
136.0,206.0,-1083.0
50.0,17.0,-1007.0
-277.0,152.0,-876.0
134.0,-48.0,-1001.0
365.0,111.0,-1243.0
-21.0,-19.0,-1081.0
-122.0,5.0,-819.0
9.0,-97.0,-794.0
165.0,150.0,-1147.0
-5.0,-21.0,-1087.0
-232.0,23.0,-769.0
62.0,48.0,-872.0
392.0,19.0,-1489.0
-212.0,119.0,-1188.0
-103.0,-160.0,-772.0
0.0,107.0,-745.0
199.0,134.0,-1272.0
-160.0,76.0,-1069.0
-136.0,-85.0,-813.0
-58.0,25.0,-958.0
261.0,185.0,-1344.0
42.0,81.0,-1190.0
-212.0,-74.0,-677.0
-115.0,-74.0,-708.0
284.0,195.0,-1272.0
-148.0,152.0,-1235.0
-97.0,-162.0,-733.0
-27.0,0.0,-847.0
283.0,169.0,-1385.0
-142.0,175.0,-1186.0
-56.0,-165.0,-819.0
-175.0,3.0,-780.0
183.0,111.0,-1173.0
-97.0,230.0,-1102.0
66.0,-265.0,-786.0
-66.0,50.0,-884.0
234.0,91.0,-1327.0
-191.0,222.0,-1268.0
-9.0,-156.0,-708.0
-29.0,-66.0,-782.0
105.0,85.0,-1268.0
-7.0,169.0,-1138.0
35.0,-46.0,-800.0
-146.0,138.0,-1007.0
214.0,101.0,-1323.0
-5.0,126.0,-1155.0
-25.0,-152.0,-753.0
-130.0,29.0,-853.0
167.0,130.0,-1126.0
-97.0,81.0,-1108.0
64.0,-150.0,-743.0
-244.0,175.0,-954.0
181.0,-37.0,-1329.0
-81.0,134.0,-1241.0
21.0,-199.0,-714.0
-134.0,95.0,-835.0
76.0,150.0,-1143.0
107.0,40.0,-1184.0
-21.0,-134.0,-817.0
-236.0,163.0,-970.0
72.0,103.0,-1218.0
-7.0,27.0,-1253.0
-46.0,-115.0,-821.0
-95.0,-56.0,-726.0
173.0,146.0,-1098.0
23.0,138.0,-1223.0
74.0,-11.0,-895.0
-177.0,25.0,-884.0
191.0,109.0,-1225.0
-91.0,167.0,-1192.0
195.0,-91.0,-919.0
-62.0,0.0,-823.0
115.0,-42.0,-1124.0
-15.0,132.0,-1048.0
228.0,7.0,-890.0
-275.0,-5.0,-874.0
-50.0,-44.0,-1192.0
-68.0,150.0,-1147.0
322.0,37.0,-1057.0
-308.0,11.0,-868.0
-31.0,-78.0,-1001.0
35.0,165.0,-1042.0
89.0,167.0,-1079.0
-265.0,19.0,-944.0
-58.0,-203.0,-1153.0
171.0,80.0,-1136.0
-64.0,208.0,-1009.0
-179.0,-76.0,-977.0
-257.0,-74.0,-866.0
452.0,40.0,-1097.0
-177.0,407.0,-999.0
-230.0,-165.0,-985.0
-146.0,60.0,-931.0
409.0,-60.0,-1284.0
-87.0,448.0,-1077.0
-173.0,-259.0,-895.0
-140.0,-83.0,-827.0
333.0,-19.0,-1157.0
-89.0,361.0,-1061.0
-117.0,-187.0,-940.0
-142.0,58.0,-927.0
470.0,-115.0,-1221.0
-165.0,394.0,-1098.0
-113.0,-214.0,-890.0
-111.0,7.0,-812.0
484.0,-72.0,-1128.0
-87.0,300.0,-1118.0
-124.0,-52.0,-884.0
56.0,-35.0,-931.0
507.0,-58.0,-1190.0
-167.0,292.0,-1179.0
-78.0,-46.0,-856.0
-121.0,-17.0,-771.0
476.0,-142.0,-1091.0
-224.0,366.0,-1110.0
-101.0,-25.0,-911.0
-128.0,93.0,-796.0
480.0,-288.0,-1255.0
-247.0,357.0,-1200.0
-76.0,-138.0,-892.0
-83.0,29.0,-589.0
458.0,-154.0,-1145.0
-259.0,333.0,-1249.0
-56.0,-1.0,-903.0
29.0,-9.0,-749.0
314.0,-119.0,-1276.0
-171.0,206.0,-1194.0
-62.0,39.0,-864.0
-40.0,19.0,-661.0
357.0,-339.0,-1221.0
-320.0,355.0,-1122.0
121.0,-17.0,-915.0
-42.0,113.0,-741.0
279.0,-167.0,-1296.0
-136.0,162.0,-1247.0
-183.0,277.0,-880.0
169.0,-160.0,-692.0
134.0,-134.0,-1116.0
-62.0,126.0,-1268.0
-87.0,158.0,-931.0
74.0,136.0,-677.0
201.0,-240.0,-1220.0
13.0,91.0,-1286.0
-265.0,154.0,-854.0
353.0,-156.0,-739.0
-95.0,35.0,-1097.0
-13.0,-56.0,-1385.0
-236.0,325.0,-778.0
322.0,-99.0,-812.0
-128.0,89.0,-1245.0
-148.0,-124.0,-1383.0
-128.0,300.0,-755.0
413.0,-220.0,-886.0
-349.0,177.0,-1120.0
7.0,-257.0,-1290.0
-171.0,400.0,-630.0
269.0,-181.0,-952.0
-353.0,97.0,-1280.0
-101.0,-64.0,-1290.0
163.0,255.0,-722.0
294.0,-33.0,-728.0
-347.0,93.0,-1342.0
-19.0,-275.0,-1098.0
115.0,245.0,-739.0
78.0,156.0,-936.0
-318.0,-13.0,-1407.0
-46.0,-240.0,-1028.0
269.0,148.0,-829.0
-101.0,218.0,-894.0
-193.0,-23.0,-1276.0
-50.0,-160.0,-954.0
365.0,142.0,-870.0
-212.0,160.0,-946.0
-203.0,-25.0,-1296.0
177.0,11.0,-1024.0
374.0,-46.0,-1038.0
-245.0,201.0,-964.0
-347.0,-56.0,-1032.0
283.0,91.0,-888.0
351.0,35.0,-997.0
-249.0,44.0,-1126.0
-343.0,76.0,-1073.0
343.0,1.0,-884.0
122.0,251.0,-1089.0
-191.0,-91.0,-1192.0
-341.0,66.0,-759.0
556.0,-136.0,-854.0
0.0,179.0,-1065.0
-349.0,117.0,-1138.0
-187.0,35.0,-964.0
386.0,-187.0,-950.0
181.0,224.0,-1221.0
-435.0,124.0,-1036.0
81.0,-130.0,-733.0
265.0,-52.0,-827.0
138.0,37.0,-1278.0
-482.0,220.0,-1042.0
5.0,3.0,-792.0
456.0,-122.0,-1104.0
15.0,15.0,-1399.0
-400.0,187.0,-913.0
-89.0,-15.0,-644.0
325.0,109.0,-1007.0
115.0,-42.0,-1411.0
-509.0,183.0,-958.0
162.0,-50.0,-728.0
415.0,5.0,-1118.0
-58.0,228.0,-1315.0
-154.0,-126.0,-995.0
-121.0,23.0,-605.0
546.0,-54.0,-1052.0
-160.0,292.0,-1288.0
-314.0,-80.0,-897.0
136.0,-39.0,-595.0
571.0,119.0,-1227.0
-152.0,138.0,-1551.0
-527.0,17.0,-794.0
121.0,-171.0,-562.0
499.0,193.0,-1128.0
-304.0,62.0,-1436.0
-304.0,52.0,-655.0
388.0,-58.0,-687.0
380.0,122.0,-1342.0
-513.0,203.0,-1561.0
-314.0,-154.0,-595.0
368.0,21.0,-571.0
308.0,105.0,-1327.0
-468.0,85.0,-1432.0
-27.0,-162.0,-532.0
482.0,175.0,-562.0
117.0,52.0,-1698.0
-495.0,44.0,-1483.0
-64.0,-87.0,-445.0
505.0,169.0,-718.0
-150.0,37.0,-1415.0
-78.0,-23.0,-1237.0
121.0,1.0,-511.0
232.0,-40.0,-913.0
-365.0,249.0,-1464.0
-44.0,-74.0,-1329.0
150.0,76.0,-501.0
238.0,-156.0,-895.0
-203.0,15.0,-1403.0
-222.0,158.0,-1212.0
148.0,58.0,-515.0
222.0,-17.0,-1028.0
-406.0,-54.0,-1479.0
-144.0,101.0,-1157.0
68.0,236.0,-650.0
279.0,-64.0,-1124.0
-425.0,-124.0,-1216.0
167.0,72.0,-966.0
111.0,169.0,-577.0
-251.0,76.0,-1083.0
-468.0,-162.0,-1309.0
275.0,-64.0,-1173.0
111.0,312.0,-745.0
42.0,-54.0,-1056.0
-462.0,-58.0,-1145.0
283.0,-140.0,-1001.0
-39.0,566.0,-812.0
-105.0,-62.0,-1139.0
-302.0,-39.0,-1272.0
329.0,-333.0,-995.0
48.0,534.0,-895.0
-165.0,-122.0,-1038.0
-244.0,-9.0,-1061.0
320.0,-216.0,-890.0
-11.0,497.0,-921.0
-195.0,-115.0,-995.0
-191.0,50.0,-1214.0
300.0,-201.0,-1020.0
142.0,409.0,-1118.0
-284.0,66.0,-833.0
103.0,-76.0,-1097.0
154.0,-91.0,-876.0
89.0,269.0,-1100.0
-347.0,-109.0,-892.0
121.0,121.0,-962.0
413.0,-191.0,-1091.0
-183.0,322.0,-1179.0
-269.0,-117.0,-808.0
21.0,50.0,-1005.0
115.0,60.0,-1046.0
113.0,228.0,-1104.0
-232.0,-185.0,-790.0
35.0,-15.0,-1044.0
331.0,-111.0,-1124.0
-224.0,610.0,-1194.0
56.0,-294.0,-931.0
-160.0,60.0,-751.0
404.0,-122.0,-1085.0
-238.0,284.0,-1138.0
-214.0,76.0,-761.0
224.0,-89.0,-810.0
378.0,0.0,-1448.0
-495.0,162.0,-1141.0
253.0,-1.0,-817.0
-234.0,216.0,-767.0
569.0,-345.0,-1327.0
-532.0,300.0,-1007.0
193.0,-23.0,-909.0
46.0,64.0,-708.0
234.0,-35.0,-1504.0
-476.0,-50.0,-1134.0
-66.0,265.0,-687.0
-7.0,-99.0,-792.0
132.0,-87.0,-1364.0
-380.0,-3.0,-1087.0
9.0,232.0,-679.0
21.0,105.0,-843.0
-74.0,17.0,-1559.0
-468.0,-304.0,-1157.0
-234.0,400.0,-661.0
13.0,-126.0,-886.0
-232.0,169.0,-1221.0
-509.0,-283.0,-1102.0
-146.0,244.0,-761.0
-374.0,-105.0,-1030.0
-544.0,236.0,-1180.0
-314.0,-365.0,-1245.0
-257.0,380.0,-685.0
-238.0,-296.0,-1020.0
-624.0,314.0,-1221.0
-519.0,-232.0,-1214.0
-193.0,226.0,-794.0
-460.0,181.0,-987.0
-429.0,-13.0,-1239.0
-355.0,-165.0,-1038.0
-42.0,99.0,-974.0
-499.0,234.0,-972.0
-491.0,-35.0,-1126.0
-322.0,-72.0,-1028.0
-101.0,121.0,-927.0
-732.0,181.0,-888.0
-501.0,-117.0,-1165.0
-101.0,19.0,-1098.0
-163.0,80.0,-1196.0
-739.0,85.0,-886.0
-554.0,-40.0,-903.0
76.0,-11.0,-1169.0
-257.0,25.0,-1098.0
-646.0,124.0,-860.0
-396.0,-103.0,-894.0
-78.0,162.0,-1221.0
-355.0,-40.0,-1257.0
-523.0,130.0,-907.0
-335.0,117.0,-782.0
199.0,25.0,-1208.0
-400.0,-1.0,-1108.0
-232.0,-11.0,-774.0
-189.0,-15.0,-757.0
302.0,220.0,-1356.0
-349.0,-66.0,-1294.0
-327.0,40.0,-792.0
-240.0,-39.0,-765.0
179.0,238.0,-1280.0
-368.0,-27.0,-1120.0
-115.0,-76.0,-687.0
-136.0,-66.0,-800.0
286.0,257.0,-1290.0
-144.0,-23.0,-1325.0
31.0,89.0,-743.0
281.0,-165.0,-864.0
398.0,302.0,-1300.0
173.0,-85.0,-1069.0
265.0,-95.0,-569.0
261.0,-74.0,-833.0
450.0,261.0,-1374.0
117.0,46.0,-1421.0
105.0,50.0,-829.0
91.0,-87.0,-899.0
290.0,261.0,-1173.0
13.0,-58.0,-1095.0
95.0,-21.0,-515.0
-52.0,-74.0,-874.0
183.0,234.0,-1311.0
-122.0,17.0,-1358.0
-126.0,19.0,-747.0
-44.0,-35.0,-843.0
81.0,204.0,-1114.0
-173.0,23.0,-1061.0
-89.0,13.0,-587.0
-204.0,-11.0,-993.0
21.0,76.0,-1341.0
-304.0,128.0,-1231.0
-68.0,-58.0,-780.0
-152.0,-50.0,-954.0
-74.0,154.0,-1165.0
-115.0,-3.0,-1011.0
-80.0,-119.0,-589.0
-228.0,-29.0,-966.0
-17.0,121.0,-1383.0
-156.0,146.0,-1298.0
21.0,-80.0,-858.0
-245.0,60.0,-890.0
48.0,150.0,-1188.0
42.0,-3.0,-1075.0
21.0,-169.0,-708.0
-283.0,9.0,-880.0
-7.0,160.0,-1313.0
-56.0,64.0,-1301.0
72.0,-74.0,-829.0
-154.0,9.0,-827.0
134.0,203.0,-1136.0
105.0,19.0,-1112.0
54.0,-185.0,-700.0
-279.0,27.0,-823.0
85.0,158.0,-1315.0
11.0,80.0,-1356.0
91.0,-89.0,-936.0
-234.0,11.0,-862.0
89.0,126.0,-1120.0
37.0,56.0,-1091.0
54.0,-97.0,-741.0
-296.0,-25.0,-849.0
-9.0,156.0,-1278.0
-52.0,144.0,-1300.0
109.0,-11.0,-931.0
-238.0,19.0,-876.0
122.0,115.0,-1079.0
121.0,54.0,-1054.0
97.0,-80.0,-819.0
-232.0,-64.0,-894.0
23.0,50.0,-1188.0
33.0,130.0,-1241.0
144.0,54.0,-964.0
-124.0,17.0,-886.0
109.0,105.0,-1011.0
80.0,91.0,-987.0
101.0,13.0,-810.0
-189.0,-136.0,-919.0
5.0,105.0,-1192.0
48.0,107.0,-1270.0
210.0,19.0,-979.0
-185.0,-40.0,-876.0
148.0,91.0,-993.0
56.0,109.0,-1050.0
156.0,-46.0,-938.0
-281.0,-50.0,-907.0
91.0,95.0,-1122.0
27.0,46.0,-1218.0
183.0,40.0,-989.0
-226.0,7.0,-927.0
93.0,80.0,-1005.0
122.0,3.0,-1073.0
78.0,-19.0,-890.0
-308.0,-72.0,-903.0
3.0,111.0,-1091.0
81.0,39.0,-1305.0
70.0,144.0,-1083.0
-273.0,-11.0,-909.0
35.0,66.0,-950.0
111.0,15.0,-1059.0
15.0,-58.0,-925.0
-376.0,17.0,-788.0
27.0,9.0,-1067.0
111.0,70.0,-1253.0
58.0,111.0,-1077.0
-175.0,15.0,-862.0
101.0,54.0,-956.0
185.0,83.0,-1128.0
-7.0,3.0,-977.0
-271.0,-66.0,-810.0
-27.0,29.0,-1022.0
175.0,134.0,-1253.0
44.0,48.0,-1116.0
-195.0,-44.0,-901.0
-15.0,33.0,-915.0
191.0,156.0,-1061.0
52.0,1.0,-981.0
-286.0,-48.0,-823.0
-11.0,-7.0,-1034.0
220.0,228.0,-1290.0
70.0,60.0,-1188.0
-169.0,-50.0,-823.0
-19.0,27.0,-858.0
226.0,89.0,-1102.0
54.0,5.0,-1059.0
-259.0,-37.0,-849.0
13.0,-48.0,-997.0
224.0,189.0,-1214.0
46.0,52.0,-1173.0
-212.0,13.0,-835.0
-33.0,15.0,-866.0
269.0,146.0,-1120.0
-11.0,39.0,-1083.0
-195.0,-70.0,-827.0
3.0,-33.0,-981.0
265.0,165.0,-1286.0
19.0,44.0,-1204.0
-191.0,-52.0,-767.0
-54.0,62.0,-817.0
269.0,89.0,-1138.0
-19.0,87.0,-1118.0
-206.0,-68.0,-812.0
0.0,-15.0,-956.0
284.0,167.0,-1253.0
-40.0,60.0,-1173.0
-189.0,-78.0,-759.0
-54.0,15.0,-849.0
283.0,148.0,-1245.0
-25.0,42.0,-1171.0
-154.0,-97.0,-796.0
-46.0,27.0,-890.0
271.0,197.0,-1235.0
-115.0,70.0,-1231.0
-156.0,-97.0,-808.0
-56.0,-37.0,-843.0
236.0,173.0,-1180.0
-85.0,54.0,-1145.0
-132.0,-152.0,-720.0
-66.0,15.0,-894.0
277.0,162.0,-1278.0
-193.0,121.0,-1266.0
-199.0,-126.0,-767.0
-140.0,21.0,-798.0
284.0,148.0,-1218.0
-74.0,146.0,-1188.0
-89.0,-142.0,-714.0
-44.0,0.0,-878.0
191.0,111.0,-1300.0
-497.0,175.0,-1325.0
-103.0,-310.0,-599.0
-363.0,-33.0,-892.0
-423.0,263.0,-1235.0
-815.0,117.0,-1241.0
-854.0,-105.0,-677.0
-905.0,-74.0,-897.0
-1003.0,167.0,-1534.0
-1028.0,214.0,-1085.0
-1315.0,-247.0,-614.0
-1284.0,-95.0,-732.0
-1272.0,37.0,-1216.0
-1376.0,384.0,-970.0
-1434.0,-126.0,-806.0
-1376.0,-3.0,-1011.0
-1091.0,3.0,-1383.0
-1354.0,363.0,-1196.0
-1294.0,-181.0,-700.0
-1233.0,-242.0,-882.0
-872.0,154.0,-1231.0
-1177.0,327.0,-1286.0
-972.0,-169.0,-866.0
-1151.0,-201.0,-946.0
-732.0,156.0,-1393.0
-964.0,322.0,-1393.0
-796.0,-283.0,-716.0
-1149.0,-242.0,-591.0
-550.0,245.0,-1227.0
-620.0,288.0,-1483.0
-745.0,-345.0,-847.0
-1085.0,-89.0,-726.0
-515.0,222.0,-1444.0
-718.0,374.0,-1423.0
-794.0,-343.0,-624.0
-1110.0,-169.0,-468.0
-704.0,103.0,-1200.0
-952.0,392.0,-1305.0
-1069.0,-253.0,-710.0
-1268.0,-109.0,-753.0
-1095.0,60.0,-1325.0
-1301.0,466.0,-1253.0
-1165.0,-245.0,-689.0
-1491.0,-232.0,-714.0
-1196.0,-15.0,-1116.0
-1341.0,450.0,-1097.0
-1108.0,52.0,-880.0
-1444.0,-222.0,-1015.0
-1208.0,-117.0,-1313.0
-1329.0,575.0,-1280.0
-1184.0,-85.0,-817.0
-1499.0,-333.0,-796.0
-1204.0,-111.0,-1075.0
-1280.0,607.0,-1198.0
-1007.0,-13.0,-1009.0
-1415.0,-286.0,-997.0
-999.0,40.0,-1255.0
-927.0,552.0,-1225.0
-880.0,-134.0,-876.0
-1188.0,-374.0,-667.0
-952.0,-146.0,-1075.0
-940.0,593.0,-1229.0
-944.0,-95.0,-979.0
-1344.0,-286.0,-913.0
-1179.0,21.0,-1307.0
-909.0,519.0,-1237.0
-1059.0,-162.0,-868.0
-1462.0,-304.0,-488.0
-1266.0,-121.0,-935.0
-1030.0,441.0,-1266.0
-1231.0,-99.0,-1034.0
-1555.0,-251.0,-806.0
-1225.0,136.0,-1233.0
-1011.0,550.0,-1362.0
-1235.0,-193.0,-892.0
-1530.0,-583.0,-488.0
-1307.0,-21.0,-964.0
-1100.0,573.0,-1307.0
-1272.0,-50.0,-1231.0
-1547.0,-327.0,-892.0
-1391.0,80.0,-1210.0
-1128.0,673.0,-1190.0
-1245.0,-191.0,-989.0
-1577.0,-458.0,-587.0
-1368.0,-130.0,-913.0
-1026.0,751.0,-1282.0
-1249.0,66.0,-1161.0
-1438.0,-386.0,-942.0
-1145.0,-113.0,-1073.0
-825.0,536.0,-1348.0
-1097.0,99.0,-1018.0
-1346.0,-552.0,-560.0
-1167.0,56.0,-839.0
-1044.0,548.0,-1276.0
-1157.0,76.0,-1073.0
-1561.0,-335.0,-882.0
-1255.0,-171.0,-1007.0
-954.0,657.0,-1237.0
-1214.0,199.0,-1065.0
-1450.0,-527.0,-550.0
-1177.0,-191.0,-856.0
-944.0,439.0,-1180.0
-1247.0,-163.0,-1251.0
-1315.0,-27.0,-790.0
-1083.0,-126.0,-1163.0
-696.0,351.0,-1440.0
-1020.0,-13.0,-1182.0
-1026.0,-197.0,-488.0
-794.0,60.0,-819.0
-489.0,185.0,-1327.0
-632.0,173.0,-1141.0
-593.0,-228.0,-804.0
-400.0,136.0,-1143.0
-450.0,468.0,-1438.0
-265.0,-187.0,-1097.0
-411.0,-128.0,-853.0
-117.0,-212.0,-778.0
-238.0,197.0,-1044.0
-68.0,191.0,-1046.0
-128.0,-48.0,-958.0
171.0,23.0,-1046.0
162.0,46.0,-1190.0
201.0,95.0,-1221.0
5.0,-74.0,-677.0
81.0,-105.0,-751.0
353.0,-17.0,-1079.0
48.0,158.0,-1016.0
87.0,105.0,-864.0
265.0,-29.0,-1120.0
630.0,39.0,-1380.0
489.0,185.0,-1028.0
841.0,13.0,-616.0
851.0,-33.0,-1011.0
1364.0,48.0,-730.0
1370.0,-64.0,-931.0
1313.0,324.0,-1114.0
1639.0,-146.0,-1149.0
1524.0,160.0,-1231.0
1620.0,44.0,-1128.0
1260.0,163.0,-1085.0
1661.0,-197.0,-839.0
1243.0,9.0,-999.0
1346.0,101.0,-1065.0
1024.0,310.0,-1083.0
1173.0,-83.0,-1013.0
976.0,-15.0,-1192.0
1196.0,78.0,-1050.0
987.0,242.0,-681.0
694.0,-265.0,-726.0
837.0,-19.0,-772.0
673.0,-13.0,-995.0
835.0,322.0,-1020.0
585.0,74.0,-1296.0
917.0,85.0,-1141.0
747.0,191.0,-1106.0
901.0,201.0,-735.0
609.0,-165.0,-804.0
841.0,-56.0,-856.0
569.0,134.0,-1061.0
704.0,363.0,-1106.0
587.0,-199.0,-1200.0
782.0,-52.0,-1100.0
815.0,60.0,-1118.0
851.0,423.0,-931.0
983.0,-251.0,-884.0
1065.0,-105.0,-845.0
1124.0,-48.0,-1030.0
1104.0,464.0,-1198.0
1204.0,-244.0,-1165.0
1298.0,0.0,-1229.0
1177.0,89.0,-1184.0
1395.0,156.0,-931.0
1110.0,-292.0,-722.0
1227.0,-230.0,-833.0
1305.0,245.0,-999.0
1333.0,419.0,-1028.0
1233.0,-97.0,-1136.0
1300.0,-171.0,-1141.0
1356.0,-9.0,-1120.0
1366.0,536.0,-825.0
1173.0,-448.0,-839.0
1233.0,-255.0,-878.0
1175.0,74.0,-1102.0
1001.0,499.0,-960.0
866.0,19.0,-1153.0
1139.0,-271.0,-1167.0
940.0,195.0,-1087.0
1110.0,447.0,-815.0
872.0,-124.0,-788.0
1175.0,-273.0,-819.0
976.0,138.0,-1016.0
1030.0,577.0,-1030.0
1182.0,-3.0,-1204.0
1303.0,-271.0,-1216.0
1315.0,81.0,-1122.0
1196.0,357.0,-833.0
1223.0,-101.0,-845.0
1307.0,-341.0,-956.0
1276.0,177.0,-1034.0
1198.0,468.0,-1057.0
1235.0,-146.0,-1143.0
1391.0,-197.0,-1106.0
1356.0,429.0,-1116.0
1339.0,462.0,-870.0
1321.0,-261.0,-808.0
1544.0,-447.0,-847.0
1364.0,121.0,-987.0
1364.0,472.0,-993.0
1268.0,-54.0,-1061.0
1360.0,-203.0,-1235.0
1354.0,165.0,-1270.0
1210.0,445.0,-851.0
1227.0,-351.0,-792.0
1264.0,-99.0,-843.0
1214.0,37.0,-1038.0
1132.0,530.0,-979.0
997.0,-115.0,-1069.0
1214.0,-244.0,-1202.0
1120.0,214.0,-1200.0
952.0,156.0,-938.0
831.0,-126.0,-810.0
903.0,-349.0,-968.0
778.0,216.0,-1089.0
683.0,528.0,-974.0
640.0,-138.0,-1057.0
712.0,-83.0,-1268.0
667.0,9.0,-1134.0
540.0,523.0,-907.0
597.0,-265.0,-796.0
589.0,-247.0,-903.0
624.0,91.0,-923.0
513.0,316.0,-995.0
560.0,101.0,-1106.0
667.0,-183.0,-1200.0
511.0,185.0,-1130.0
538.0,218.0,-923.0
431.0,-150.0,-884.0
460.0,-234.0,-915.0
404.0,136.0,-1038.0
347.0,320.0,-1038.0
300.0,-146.0,-1067.0
343.0,-66.0,-1042.0
267.0,187.0,-1003.0
283.0,208.0,-888.0
261.0,-195.0,-923.0
236.0,-236.0,-956.0
210.0,175.0,-919.0
183.0,288.0,-933.0
199.0,-85.0,-970.0
91.0,-1.0,-1079.0
187.0,128.0,-1102.0
173.0,222.0,-1038.0
177.0,-150.0,-901.0
62.0,-193.0,-792.0
138.0,70.0,-774.0
74.0,113.0,-942.0
99.0,-42.0,-981.0
9.0,64.0,-1018.0
138.0,201.0,-1077.0
177.0,152.0,-1005.0
152.0,-115.0,-819.0
50.0,-103.0,-769.0
206.0,140.0,-794.0
163.0,50.0,-868.0
103.0,35.0,-899.0
113.0,9.0,-995.0
210.0,173.0,-1030.0
208.0,142.0,-944.0
226.0,-107.0,-730.0
109.0,-83.0,-593.0
222.0,70.0,-644.0
158.0,136.0,-757.0
187.0,56.0,-907.0
162.0,-35.0,-1026.0
179.0,117.0,-999.0
216.0,107.0,-905.0
222.0,-60.0,-726.0
80.0,-95.0,-628.0
185.0,35.0,-663.0
101.0,134.0,-839.0
115.0,-46.0,-919.0
-9.0,91.0,-977.0
99.0,113.0,-987.0
103.0,124.0,-921.0
81.0,-50.0,-753.0
-19.0,-124.0,-687.0
54.0,39.0,-616.0
46.0,29.0,-831.0
21.0,70.0,-936.0
-25.0,25.0,-1020.0
83.0,122.0,-1016.0
132.0,113.0,-952.0
105.0,-54.0,-798.0
-46.0,-66.0,-552.0
0.0,-15.0,-614.0
42.0,-19.0,-851.0
-33.0,121.0,-948.0
-17.0,54.0,-921.0
21.0,134.0,-901.0
103.0,25.0,-929.0
31.0,-42.0,-728.0
-21.0,-81.0,-568.0
33.0,-42.0,-589.0
33.0,46.0,-761.0
3.0,91.0,-827.0
7.0,70.0,-890.0
23.0,115.0,-894.0
109.0,21.0,-948.0
11.0,-27.0,-679.0
-68.0,-29.0,-493.0
39.0,-60.0,-550.0
-33.0,44.0,-776.0
-5.0,56.0,-866.0
-76.0,99.0,-884.0
91.0,76.0,-970.0
29.0,72.0,-895.0
25.0,0.0,-757.0
-72.0,-48.0,-571.0
-31.0,-13.0,-632.0
-42.0,-35.0,-812.0
-103.0,62.0,-853.0
-89.0,56.0,-913.0
-68.0,122.0,-991.0
-56.0,81.0,-948.0
-3.0,1.0,-737.0
-93.0,-33.0,-566.0
-42.0,-46.0,-616.0
-64.0,9.0,-757.0
-54.0,87.0,-856.0
-33.0,66.0,-931.0
1.0,124.0,-989.0
31.0,80.0,-1003.0
-1.0,56.0,-765.0
-33.0,-74.0,-558.0
13.0,-31.0,-583.0
11.0,5.0,-782.0
64.0,7.0,-858.0
13.0,89.0,-892.0
27.0,81.0,-927.0
27.0,83.0,-870.0
31.0,39.0,-722.0
13.0,-42.0,-562.0
-21.0,-60.0,-607.0
17.0,1.0,-687.0
-3.0,70.0,-749.0
17.0,115.0,-839.0
5.0,83.0,-952.0
44.0,39.0,-888.0
87.0,11.0,-763.0
48.0,-19.0,-552.0
-11.0,-35.0,-569.0
54.0,-29.0,-720.0
-3.0,58.0,-821.0
66.0,121.0,-899.0
-27.0,128.0,-935.0
64.0,60.0,-933.0
35.0,66.0,-757.0
62.0,-11.0,-630.0
3.0,-74.0,-601.0
21.0,15.0,-659.0
27.0,42.0,-749.0
9.0,111.0,-808.0
-46.0,87.0,-901.0
15.0,89.0,-872.0
-13.0,89.0,-743.0
31.0,-33.0,-585.0
-58.0,-95.0,-556.0
31.0,-40.0,-622.0
11.0,11.0,-720.0
-7.0,140.0,-808.0
-37.0,99.0,-907.0
5.0,19.0,-899.0
42.0,66.0,-786.0
54.0,-19.0,-554.0
-54.0,-54.0,-558.0
39.0,-33.0,-597.0
-17.0,74.0,-759.0
15.0,99.0,-825.0
-56.0,9.0,-913.0
-17.0,95.0,-839.0
27.0,58.0,-808.0
40.0,-62.0,-659.0
-44.0,-101.0,-616.0
0.0,-15.0,-601.0
-33.0,130.0,-767.0
-5.0,103.0,-843.0
-58.0,29.0,-925.0
-1.0,19.0,-942.0
29.0,72.0,-819.0
40.0,-39.0,-708.0
-76.0,-66.0,-546.0
31.0,-9.0,-564.0
11.0,21.0,-784.0
-17.0,83.0,-886.0
-76.0,1.0,-890.0
-5.0,99.0,-847.0
21.0,91.0,-808.0
25.0,46.0,-612.0
-81.0,-83.0,-532.0
17.0,-27.0,-564.0
-62.0,89.0,-702.0
-39.0,64.0,-804.0
-78.0,5.0,-823.0
-1.0,101.0,-868.0
44.0,105.0,-827.0
35.0,54.0,-648.0
-56.0,-78.0,-505.0
-42.0,-9.0,-503.0
0.0,15.0,-685.0
-5.0,93.0,-812.0
-66.0,56.0,-858.0
21.0,31.0,-886.0
80.0,29.0,-833.0
25.0,-5.0,-694.0
-29.0,-119.0,-517.0
27.0,-19.0,-579.0
23.0,99.0,-755.0
-54.0,140.0,-835.0
-21.0,31.0,-847.0
13.0,89.0,-849.0
25.0,134.0,-847.0
-7.0,33.0,-716.0
-48.0,-99.0,-577.0
-39.0,-54.0,-564.0
-1.0,39.0,-700.0
-48.0,99.0,-778.0
-42.0,115.0,-821.0
-39.0,62.0,-895.0
39.0,101.0,-890.0
21.0,9.0,-712.0
-33.0,-80.0,-538.0
-31.0,-60.0,-525.0
7.0,-9.0,-724.0
-9.0,-9.0,-847.0
1.0,7.0,-825.0
0.0,154.0,-845.0
11.0,210.0,-843.0
23.0,31.0,-745.0
0.0,-76.0,-550.0
-27.0,-35.0,-589.0
5.0,5.0,-698.0
11.0,17.0,-786.0
-56.0,50.0,-808.0
-17.0,52.0,-935.0
-56.0,208.0,-862.0
21.0,7.0,-769.0
-58.0,-56.0,-544.0
-56.0,-70.0,-548.0
31.0,-1.0,-716.0
-68.0,70.0,-790.0
-21.0,7.0,-862.0
-29.0,101.0,-890.0
25.0,119.0,-911.0
-7.0,101.0,-716.0
-3.0,-70.0,-548.0
-33.0,-50.0,-593.0
21.0,25.0,-655.0
-3.0,-7.0,-769.0
9.0,7.0,-780.0
-56.0,128.0,-819.0
40.0,171.0,-835.0
33.0,66.0,-769.0
42.0,-99.0,-626.0
-66.0,-122.0,-579.0
21.0,52.0,-575.0
-13.0,19.0,-687.0
-9.0,136.0,-737.0
-66.0,122.0,-819.0
-35.0,121.0,-931.0
-5.0,17.0,-817.0
50.0,-128.0,-597.0
-93.0,-111.0,-519.0
31.0,33.0,-530.0
-25.0,136.0,-685.0
0.0,146.0,-819.0
-111.0,124.0,-911.0
58.0,83.0,-911.0
95.0,-80.0,-843.0
44.0,-31.0,-644.0
-97.0,-25.0,-478.0
115.0,11.0,-538.0
-37.0,72.0,-700.0
0.0,111.0,-802.0
-93.0,9.0,-977.0
40.0,89.0,-962.0
35.0,31.0,-804.0
3.0,-46.0,-538.0
-76.0,-80.0,-443.0
31.0,62.0,-530.0
-17.0,-1.0,-847.0
-1.0,76.0,-925.0
-81.0,17.0,-927.0
52.0,83.0,-876.0
15.0,150.0,-759.0
44.0,-29.0,-544.0
-60.0,-122.0,-497.0
9.0,27.0,-577.0
-31.0,44.0,-790.0
-25.0,68.0,-835.0
-76.0,46.0,-856.0
39.0,121.0,-808.0
-17.0,7.0,-796.0
56.0,35.0,-632.0
-89.0,-35.0,-513.0
33.0,-42.0,-521.0
-58.0,-33.0,-761.0
-17.0,91.0,-800.0
-23.0,-31.0,-839.0
33.0,210.0,-874.0
68.0,54.0,-854.0
31.0,25.0,-622.0
-58.0,-140.0,-509.0
-7.0,15.0,-558.0
3.0,17.0,-780.0
-9.0,64.0,-812.0
-74.0,62.0,-823.0
25.0,152.0,-843.0
-19.0,74.0,-829.0
5.0,-25.0,-716.0
-54.0,-81.0,-566.0
-5.0,54.0,-556.0
-11.0,66.0,-763.0
-50.0,58.0,-778.0
-7.0,-21.0,-851.0
-23.0,91.0,-888.0
35.0,70.0,-868.0
25.0,3.0,-702.0
-50.0,-83.0,-538.0
-56.0,35.0,-546.0
11.0,42.0,-714.0
21.0,11.0,-821.0
-15.0,103.0,-821.0
-5.0,103.0,-870.0
56.0,-17.0,-851.0
11.0,11.0,-653.0
-13.0,-37.0,-568.0
-31.0,-33.0,-548.0
35.0,-74.0,-702.0
-23.0,138.0,-739.0
5.0,29.0,-794.0
-27.0,210.0,-870.0
-23.0,177.0,-903.0
-25.0,-13.0,-739.0
-25.0,-101.0,-612.0
-56.0,-15.0,-527.0
35.0,-9.0,-609.0
-15.0,-44.0,-782.0
-56.0,31.0,-851.0
-56.0,150.0,-958.0
-21.0,206.0,-905.0
58.0,0.0,-784.0
-19.0,-95.0,-523.0
-44.0,-50.0,-503.0
19.0,9.0,-691.0
-39.0,185.0,-813.0
40.0,-42.0,-888.0
-58.0,-39.0,-923.0
-35.0,101.0,-841.0
25.0,169.0,-702.0
-9.0,46.0,-579.0
-66.0,-66.0,-536.0
7.0,-70.0,-618.0
-17.0,-5.0,-772.0
-5.0,156.0,-802.0
-62.0,132.0,-854.0
39.0,9.0,-897.0
35.0,19.0,-763.0
50.0,-66.0,-560.0
-60.0,56.0,-517.0
1.0,-9.0,-599.0
56.0,-19.0,-769.0
-68.0,126.0,-827.0
-66.0,136.0,-864.0
-21.0,160.0,-798.0
50.0,1.0,-730.0
9.0,-91.0,-605.0
-70.0,-33.0,-571.0
15.0,35.0,-673.0
0.0,1.0,-757.0
-40.0,-29.0,-856.0
-1.0,173.0,-901.0
44.0,308.0,-897.0
78.0,81.0,-806.0
21.0,-146.0,-655.0
-54.0,-148.0,-587.0
11.0,97.0,-566.0
-17.0,-21.0,-712.0
48.0,-46.0,-858.0
-107.0,163.0,-866.0
25.0,181.0,-897.0
11.0,126.0,-796.0
40.0,-113.0,-636.0
-78.0,-177.0,-480.0
29.0,50.0,-560.0
42.0,44.0,-778.0
-5.0,0.0,-897.0
-81.0,64.0,-854.0
42.0,169.0,-854.0
52.0,160.0,-825.0
-17.0,56.0,-648.0
-50.0,-152.0,-575.0
-80.0,52.0,-558.0
-1.0,-5.0,-730.0
-78.0,-60.0,-792.0
-66.0,-3.0,-827.0
25.0,156.0,-899.0
64.0,150.0,-948.0
23.0,-17.0,-749.0
-56.0,-68.0,-538.0
37.0,144.0,-536.0
-13.0,56.0,-700.0
-9.0,5.0,-798.0
-25.0,70.0,-802.0
25.0,74.0,-858.0
-27.0,105.0,-870.0
-5.0,-76.0,-737.0
-66.0,-70.0,-511.0
-17.0,-9.0,-523.0
-46.0,95.0,-665.0
-7.0,0.0,-718.0
-33.0,171.0,-784.0
-13.0,109.0,-989.0
5.0,175.0,-976.0
-1.0,-13.0,-722.0
-68.0,-206.0,-488.0
-21.0,-15.0,-493.0
27.0,-105.0,-671.0
-7.0,-39.0,-771.0
-87.0,298.0,-862.0
23.0,150.0,-995.0
80.0,80.0,-987.0
40.0,48.0,-712.0
-11.0,-23.0,-439.0
1.0,-42.0,-560.0
33.0,-15.0,-817.0
-33.0,138.0,-825.0
39.0,-150.0,-913.0
-35.0,-1.0,-987.0
-46.0,181.0,-864.0
-1.0,109.0,-610.0
-44.0,-74.0,-564.0
-60.0,-11.0,-626.0
-31.0,103.0,-595.0
-48.0,80.0,-810.0
-17.0,-9.0,-921.0
-17.0,19.0,-946.0
-7.0,17.0,-815.0
-3.0,5.0,-767.0
-7.0,56.0,-509.0
-11.0,-29.0,-554.0
54.0,29.0,-700.0
46.0,142.0,-815.0
-3.0,150.0,-874.0
-56.0,9.0,-847.0
-76.0,136.0,-728.0
52.0,-29.0,-732.0
13.0,-1.0,-585.0
-72.0,-80.0,-550.0
95.0,42.0,-712.0
-58.0,126.0,-813.0
42.0,-1.0,-786.0
-83.0,46.0,-909.0
15.0,220.0,-880.0
-39.0,121.0,-749.0
89.0,-39.0,-601.0
-54.0,-201.0,-622.0
-7.0,115.0,-636.0
50.0,-105.0,-839.0
56.0,187.0,-894.0
-52.0,105.0,-901.0
93.0,78.0,-880.0
60.0,17.0,-847.0
3.0,3.0,-579.0
-144.0,-124.0,-527.0
113.0,-74.0,-730.0
-40.0,222.0,-786.0
-11.0,132.0,-868.0
-122.0,-17.0,-839.0
64.0,-111.0,-874.0
-56.0,11.0,-743.0
44.0,150.0,-640.0
-62.0,-3.0,-593.0
105.0,-181.0,-648.0
-80.0,33.0,-714.0
70.0,74.0,-870.0
-89.0,158.0,-913.0
29.0,150.0,-839.0
0.0,40.0,-784.0
29.0,-93.0,-636.0
-87.0,-74.0,-542.0
-11.0,7.0,-585.0
-33.0,83.0,-817.0
-27.0,3.0,-890.0
-97.0,119.0,-841.0
46.0,183.0,-817.0
-5.0,126.0,-847.0
-3.0,23.0,-653.0
-83.0,-138.0,-515.0
40.0,0.0,-564.0
-5.0,78.0,-772.0
13.0,122.0,-831.0
-37.0,-111.0,-831.0
29.0,105.0,-966.0
119.0,201.0,-944.0
1.0,179.0,-663.0
-70.0,-60.0,-534.0
44.0,-234.0,-698.0
-37.0,128.0,-759.0
-19.0,48.0,-907.0
-74.0,37.0,-1034.0
3.0,-74.0,-1022.0
105.0,-144.0,-1120.0
-5.0,93.0,-956.0
21.0,81.0,-903.0
-7.0,156.0,-913.0
-31.0,103.0,-1054.0
-5.0,-191.0,-1216.0
-19.0,162.0,-1284.0
-15.0,171.0,-1276.0
-7.0,-42.0,-1380.0
-52.0,-1.0,-1268.0
-15.0,-175.0,-1038.0
7.0,-42.0,-1057.0
7.0,218.0,-1280.0
-44.0,222.0,-1264.0
-70.0,25.0,-1301.0
-27.0,62.0,-1424.0
40.0,163.0,-1421.0
5.0,-58.0,-1247.0
-97.0,-95.0,-968.0
-54.0,-42.0,-1013.0
-56.0,54.0,-1075.0
-78.0,85.0,-1282.0
-3.0,5.0,-1274.0
-56.0,21.0,-1186.0
-46.0,154.0,-1179.0
37.0,177.0,-1104.0
44.0,-44.0,-974.0
-25.0,-105.0,-960.0
35.0,-54.0,-1044.0
19.0,119.0,-1173.0
-50.0,-9.0,-1061.0
-85.0,134.0,-1057.0
54.0,7.0,-1138.0
19.0,0.0,-1001.0
29.0,-42.0,-872.0
0.0,17.0,-905.0
31.0,150.0,-960.0
33.0,-58.0,-1052.0
3.0,42.0,-1085.0
19.0,163.0,-1085.0
-1.0,191.0,-981.0
25.0,13.0,-977.0
101.0,-150.0,-946.0
-72.0,29.0,-907.0
5.0,46.0,-895.0
-56.0,46.0,-987.0
70.0,-1.0,-944.0
-163.0,203.0,-907.0
40.0,325.0,-968.0
80.0,70.0,-1067.0
33.0,-99.0,-868.0
-134.0,-134.0,-772.0
50.0,-35.0,-813.0
-15.0,109.0,-847.0
-3.0,80.0,-890.0
-105.0,-23.0,-946.0
124.0,-40.0,-1046.0
27.0,175.0,-960.0
9.0,37.0,-813.0
-68.0,-23.0,-739.0
31.0,44.0,-784.0
48.0,-105.0,-974.0
-40.0,31.0,-999.0
-60.0,-101.0,-1020.0
19.0,158.0,-1009.0
35.0,31.0,-1056.0
76.0,-23.0,-929.0
-56.0,-66.0,-917.0
76.0,9.0,-946.0
-27.0,11.0,-1038.0
-29.0,-46.0,-1069.0
-80.0,56.0,-1104.0
25.0,255.0,-1227.0
0.0,177.0,-1175.0
40.0,-165.0,-1089.0
-171.0,-9.0,-962.0
35.0,-44.0,-948.0
-101.0,-29.0,-1097.0
-42.0,66.0,-1220.0
-81.0,27.0,-1192.0
5.0,220.0,-1177.0
-17.0,99.0,-1362.0
64.0,101.0,-1198.0
-78.0,-117.0,-1003.0
44.0,-19.0,-894.0
-48.0,33.0,-1104.0
44.0,-52.0,-1141.0
-70.0,-5.0,-1223.0
87.0,130.0,-1342.0
103.0,80.0,-1415.0
99.0,68.0,-1245.0
-101.0,33.0,-927.0
33.0,78.0,-839.0
13.0,-15.0,-1132.0
-29.0,81.0,-1212.0
-72.0,-56.0,-1407.0
62.0,142.0,-1545.0
9.0,87.0,-1536.0
-9.0,-13.0,-1169.0
-103.0,-60.0,-884.0
66.0,62.0,-976.0
0.0,33.0,-1210.0
31.0,-27.0,-1372.0
15.0,-81.0,-1540.0
74.0,181.0,-1536.0
64.0,163.0,-1401.0
11.0,111.0,-1145.0
64.0,-162.0,-1046.0
-33.0,58.0,-1038.0
-27.0,-7.0,-1206.0
-66.0,156.0,-1348.0
-35.0,25.0,-1395.0
-35.0,5.0,-1368.0
-15.0,52.0,-1380.0
-13.0,162.0,-1106.0
-48.0,109.0,-1028.0
-35.0,-35.0,-1009.0
1.0,3.0,-1216.0
39.0,19.0,-1280.0
-81.0,134.0,-1346.0
-7.0,74.0,-1307.0
-11.0,-48.0,-1259.0
72.0,-17.0,-1136.0
-19.0,-9.0,-1036.0
-11.0,46.0,-1083.0
-11.0,179.0,-1206.0
-60.0,60.0,-1221.0
48.0,-130.0,-1255.0
-70.0,197.0,-1333.0
5.0,238.0,-1286.0
15.0,13.0,-1270.0
23.0,-181.0,-1085.0
-109.0,-64.0,-1063.0
58.0,60.0,-1120.0
-76.0,37.0,-1288.0
-9.0,29.0,-1327.0
-60.0,93.0,-1358.0
39.0,111.0,-1352.0
13.0,-3.0,-1233.0
60.0,-60.0,-1052.0
0.0,-132.0,-1077.0
37.0,44.0,-1116.0
81.0,11.0,-1284.0
13.0,15.0,-1407.0
-89.0,113.0,-1280.0
19.0,115.0,-1288.0
-1.0,136.0,-1241.0
-3.0,-68.0,-1085.0
-76.0,-187.0,-1098.0
39.0,95.0,-1065.0
9.0,29.0,-1245.0
-27.0,156.0,-1370.0
-144.0,25.0,-1407.0
85.0,9.0,-1294.0
27.0,60.0,-1296.0
95.0,9.0,-1136.0
-60.0,40.0,-1030.0
31.0,11.0,-1079.0
7.0,3.0,-1370.0
13.0,-56.0,-1450.0
-60.0,173.0,-1354.0
35.0,142.0,-1301.0
54.0,150.0,-1356.0
-37.0,-74.0,-1106.0
-66.0,-195.0,-1075.0
3.0,74.0,-1149.0
37.0,31.0,-1360.0
-76.0,0.0,-1382.0
-76.0,-9.0,-1403.0
40.0,165.0,-1411.0
85.0,165.0,-1407.0
56.0,31.0,-1198.0
-72.0,-87.0,-1005.0
81.0,13.0,-1095.0
-11.0,152.0,-1276.0
48.0,-19.0,-1370.0
-91.0,0.0,-1440.0
105.0,-50.0,-1436.0
19.0,66.0,-1313.0
44.0,-29.0,-1136.0
-56.0,85.0,-1079.0
13.0,156.0,-1106.0
-5.0,85.0,-1346.0
-42.0,-17.0,-1487.0
-99.0,76.0,-1417.0
9.0,-60.0,-1356.0
13.0,130.0,-1317.0
9.0,-21.0,-1216.0
-29.0,-17.0,-1132.0
-1.0,111.0,-1173.0
35.0,62.0,-1317.0
-35.0,29.0,-1387.0
-50.0,81.0,-1317.0
0.0,117.0,-1374.0
64.0,42.0,-1383.0
11.0,29.0,-1251.0
-15.0,-60.0,-1112.0
13.0,-46.0,-1179.0
25.0,39.0,-1290.0
21.0,19.0,-1395.0
0.0,62.0,-1346.0
1.0,163.0,-1286.0
29.0,105.0,-1383.0
29.0,-99.0,-1239.0
-72.0,-124.0,-1132.0
19.0,-97.0,-1157.0
-11.0,138.0,-1335.0
23.0,113.0,-1262.0
-44.0,35.0,-1286.0
-44.0,165.0,-1434.0
7.0,187.0,-1419.0
-3.0,0.0,-1278.0
-40.0,-224.0,-1112.0
-89.0,-35.0,-1079.0
17.0,23.0,-1180.0
-17.0,58.0,-1337.0
-33.0,146.0,-1411.0
66.0,9.0,-1465.0
-11.0,156.0,-1436.0
52.0,-31.0,-1278.0
76.0,-85.0,-1057.0
0.0,1.0,-1128.0
56.0,121.0,-1249.0
13.0,23.0,-1411.0
-44.0,37.0,-1401.0
-50.0,175.0,-1428.0
-17.0,163.0,-1311.0
-9.0,54.0,-1274.0
-7.0,-138.0,-1177.0
-162.0,-165.0,-1091.0
29.0,33.0,-1200.0
-17.0,44.0,-1370.0
-11.0,9.0,-1393.0
-87.0,134.0,-1485.0
48.0,292.0,-1454.0
74.0,103.0,-1317.0
46.0,-62.0,-1202.0
-78.0,-97.0,-1065.0
78.0,5.0,-1175.0
-21.0,31.0,-1395.0
21.0,-7.0,-1448.0
-93.0,142.0,-1397.0
7.0,267.0,-1378.0
44.0,60.0,-1337.0
42.0,-169.0,-1124.0
-66.0,-117.0,-1134.0
93.0,29.0,-1192.0
-5.0,54.0,-1380.0
44.0,128.0,-1364.0
-93.0,40.0,-1491.0
50.0,152.0,-1382.0
0.0,113.0,-1331.0
33.0,-58.0,-1130.0
-167.0,-29.0,-1067.0
87.0,-13.0,-1171.0
-33.0,-13.0,-1339.0
50.0,1.0,-1421.0
-85.0,7.0,-1471.0
81.0,156.0,-1454.0
54.0,85.0,-1309.0
74.0,-17.0,-1163.0
-80.0,13.0,-1128.0
83.0,78.0,-1214.0
0.0,9.0,-1376.0
-1.0,-9.0,-1403.0
-122.0,-21.0,-1382.0
19.0,156.0,-1368.0
-27.0,204.0,-1305.0
111.0,-130.0,-1218.0
-93.0,-119.0,-1186.0
46.0,115.0,-1167.0
-13.0,142.0,-1348.0
80.0,-54.0,-1411.0
-81.0,-19.0,-1444.0
72.0,255.0,-1374.0
29.0,218.0,-1417.0
25.0,-42.0,-1218.0
-160.0,-156.0,-1054.0
56.0,-107.0,-1093.0
-42.0,54.0,-1370.0
-3.0,27.0,-1426.0
-76.0,7.0,-1376.0
5.0,162.0,-1368.0
56.0,25.0,-1452.0
29.0,97.0,-1262.0
-56.0,-7.0,-1128.0
50.0,89.0,-1159.0
-33.0,35.0,-1313.0
-33.0,-54.0,-1337.0
-50.0,-17.0,-1403.0
-7.0,158.0,-1356.0
29.0,1.0,-1454.0
33.0,-40.0,-1309.0
-58.0,-27.0,-1116.0
11.0,107.0,-1069.0
-9.0,163.0,-1337.0
54.0,54.0,-1413.0
-44.0,-89.0,-1419.0
-37.0,136.0,-1383.0
21.0,68.0,-1448.0
13.0,-1.0,-1303.0
-80.0,-134.0,-1093.0
-11.0,29.0,-1141.0
-54.0,121.0,-1311.0
-19.0,50.0,-1356.0
-46.0,-25.0,-1403.0
-25.0,162.0,-1417.0
9.0,173.0,-1409.0
85.0,39.0,-1311.0
1.0,-89.0,-1139.0
25.0,-31.0,-1141.0
19.0,5.0,-1270.0
33.0,-29.0,-1325.0
-40.0,52.0,-1368.0
-11.0,214.0,-1424.0
-23.0,226.0,-1458.0
60.0,-80.0,-1303.0
-111.0,-54.0,-1061.0
-33.0,-25.0,-1061.0
-39.0,15.0,-1262.0
50.0,-15.0,-1442.0
-33.0,-48.0,-1426.0
-46.0,99.0,-1454.0
33.0,81.0,-1428.0
50.0,31.0,-1298.0
19.0,-13.0,-1108.0
-3.0,9.0,-1188.0
39.0,169.0,-1251.0
70.0,-52.0,-1387.0
-44.0,-1.0,-1426.0
-44.0,91.0,-1432.0
13.0,130.0,-1458.0
58.0,76.0,-1344.0
-19.0,-126.0,-1157.0
-37.0,-37.0,-1095.0
-25.0,103.0,-1241.0
40.0,-19.0,-1432.0
-74.0,-19.0,-1479.0
-93.0,197.0,-1401.0
-44.0,232.0,-1356.0
52.0,62.0,-1321.0
-46.0,-72.0,-1145.0
-60.0,-97.0,-1128.0
25.0,-23.0,-1235.0
-13.0,-7.0,-1368.0
7.0,-19.0,-1346.0
-66.0,87.0,-1354.0
70.0,179.0,-1462.0
66.0,74.0,-1366.0
54.0,-117.0,-1223.0
-64.0,-9.0,-1098.0
93.0,48.0,-1151.0
-33.0,72.0,-1301.0
3.0,-9.0,-1374.0
-103.0,99.0,-1419.0
64.0,101.0,-1477.0
21.0,9.0,-1442.0
23.0,-80.0,-1216.0
-74.0,-19.0,-1050.0
11.0,203.0,-1132.0
-29.0,42.0,-1380.0
-60.0,-21.0,-1473.0
-99.0,56.0,-1464.0
50.0,152.0,-1464.0
29.0,-15.0,-1430.0
5.0,-37.0,-1231.0
-56.0,-37.0,-1130.0
46.0,52.0,-1163.0
-17.0,85.0,-1350.0
9.0,-44.0,-1354.0
-66.0,101.0,-1438.0
40.0,113.0,-1450.0
72.0,13.0,-1465.0
29.0,-19.0,-1188.0
-74.0,-35.0,-1042.0
23.0,68.0,-1106.0
0.0,15.0,-1327.0
-31.0,0.0,-1444.0
-35.0,44.0,-1432.0
5.0,173.0,-1387.0
7.0,23.0,-1368.0
21.0,-44.0,-1255.0
-72.0,-48.0,-1042.0
-7.0,130.0,-1161.0
-21.0,15.0,-1329.0
-11.0,-19.0,-1366.0
-87.0,109.0,-1374.0
74.0,122.0,-1473.0
17.0,89.0,-1483.0
72.0,-39.0,-1262.0
-99.0,-64.0,-1122.0
29.0,56.0,-1108.0
-15.0,23.0,-1360.0
33.0,15.0,-1344.0
-91.0,74.0,-1426.0
21.0,189.0,-1475.0
15.0,37.0,-1465.0
7.0,-76.0,-1237.0
-64.0,-76.0,-1114.0
-17.0,111.0,-1136.0
31.0,-17.0,-1331.0
-27.0,-3.0,-1434.0
-3.0,19.0,-1428.0
-11.0,146.0,-1419.0
11.0,99.0,-1409.0
13.0,-21.0,-1223.0
-33.0,-9.0,-1159.0
0.0,5.0,-1136.0
-19.0,3.0,-1309.0
-15.0,-39.0,-1350.0
-40.0,42.0,-1403.0
-19.0,146.0,-1395.0
21.0,76.0,-1464.0
-7.0,-25.0,-1298.0
23.0,-46.0,-1139.0
-60.0,29.0,-1147.0
-15.0,-31.0,-1409.0
33.0,31.0,-1403.0
-85.0,162.0,-1423.0
58.0,99.0,-1387.0
3.0,1.0,-1327.0
1.0,-39.0,-1136.0
-50.0,29.0,-1169.0
17.0,13.0,-1259.0
9.0,-25.0,-1378.0
-58.0,80.0,-1358.0
-23.0,148.0,-1464.0
-19.0,142.0,-1452.0
48.0,-9.0,-1370.0
-19.0,7.0,-1136.0
-37.0,29.0,-1106.0
13.0,3.0,-1216.0
-3.0,-44.0,-1321.0
-27.0,42.0,-1442.0
-17.0,111.0,-1483.0
-17.0,128.0,-1479.0
58.0,-33.0,-1301.0
-33.0,-39.0,-1110.0
-35.0,37.0,-1124.0
64.0,23.0,-1260.0
11.0,-11.0,-1421.0
1.0,5.0,-1440.0
-37.0,76.0,-1469.0
27.0,126.0,-1352.0
19.0,70.0,-1270.0
29.0,-19.0,-1180.0
-66.0,-13.0,-1204.0
39.0,-9.0,-1190.0
-29.0,-15.0,-1321.0
-13.0,27.0,-1385.0
-89.0,72.0,-1405.0
-50.0,165.0,-1391.0
29.0,-19.0,-1364.0
31.0,-52.0,-1184.0
-78.0,13.0,-1112.0
31.0,9.0,-1157.0
1.0,-50.0,-1366.0
-25.0,52.0,-1409.0
-70.0,148.0,-1393.0
97.0,107.0,-1362.0
35.0,66.0,-1358.0
76.0,-46.0,-1188.0
-40.0,-31.0,-1122.0
130.0,-7.0,-1143.0
46.0,9.0,-1309.0
23.0,56.0,-1253.0
-35.0,87.0,-1335.0
27.0,158.0,-1337.0
50.0,-35.0,-1378.0
128.0,40.0,-1173.0
-62.0,-56.0,-1028.0
290.0,-50.0,-1067.0
404.0,19.0,-1180.0
253.0,128.0,-1370.0
663.0,66.0,-1122.0
653.0,103.0,-1358.0
702.0,-44.0,-1333.0
735.0,5.0,-1052.0
778.0,85.0,-1030.0
964.0,-121.0,-1091.0
724.0,54.0,-1424.0
1097.0,72.0,-1296.0
825.0,247.0,-1243.0
1104.0,-27.0,-1233.0
960.0,-13.0,-1225.0
1171.0,78.0,-1065.0
933.0,126.0,-991.0
1009.0,-158.0,-1032.0
997.0,-156.0,-1151.0
987.0,146.0,-1194.0
853.0,306.0,-1071.0
851.0,29.0,-1200.0
938.0,-78.0,-1245.0
827.0,128.0,-1061.0
632.0,214.0,-858.0
667.0,-111.0,-936.0
728.0,-208.0,-1147.0
544.0,124.0,-1180.0
445.0,370.0,-1089.0
532.0,-87.0,-1097.0
458.0,-50.0,-1202.0
466.0,117.0,-1013.0
351.0,232.0,-868.0
404.0,-134.0,-995.0
400.0,-156.0,-1138.0
386.0,158.0,-1126.0
339.0,308.0,-1110.0
335.0,-27.0,-1264.0
413.0,-138.0,-1364.0
366.0,132.0,-1118.0
275.0,201.0,-923.0
275.0,-156.0,-991.0
249.0,-15.0,-1065.0
253.0,15.0,-1145.0
140.0,298.0,-1206.0
165.0,-39.0,-1346.0
122.0,-76.0,-1292.0
54.0,146.0,-1112.0
23.0,-46.0,-907.0
-83.0,-44.0,-974.0
-19.0,-37.0,-1059.0
-171.0,31.0,-1149.0
-142.0,124.0,-1182.0
-220.0,-35.0,-1272.0
-175.0,95.0,-1165.0
-142.0,58.0,-1063.0
-101.0,1.0,-944.0
-158.0,-39.0,-946.0
-546.0,3.0,-1042.0
42.0,-232.0,-808.0
-523.0,288.0,-1311.0
-907.0,93.0,-1255.0
-728.0,150.0,-1155.0
-802.0,-11.0,-1251.0
-952.0,-138.0,-1015.0
-1725.0,177.0,-979.0
-979.0,-113.0,-774.0
-1356.0,11.0,-1048.0
-1268.0,13.0,-1173.0
-1479.0,220.0,-1186.0
-1083.0,152.0,-1009.0
-1177.0,-91.0,-1110.0
-1188.0,-89.0,-1069.0
-1028.0,132.0,-886.0
-862.0,66.0,-954.0
-749.0,-35.0,-1087.0
-683.0,15.0,-1264.0
-530.0,277.0,-1245.0
-564.0,81.0,-1235.0
-417.0,-68.0,-1294.0
-167.0,-158.0,-1026.0
-404.0,169.0,-903.0
-187.0,-44.0,-903.0
-271.0,-68.0,-1110.0
-89.0,-103.0,-1186.0
-242.0,308.0,-1157.0
-58.0,140.0,-1190.0
5.0,-111.0,-1235.0
-68.0,-50.0,-1022.0
-162.0,0.0,-864.0
-27.0,124.0,-888.0
3.0,-64.0,-1130.0
-25.0,-111.0,-1163.0
-101.0,126.0,-1073.0
13.0,187.0,-1155.0
44.0,-40.0,-1085.0
-37.0,-44.0,-927.0
-66.0,-31.0,-802.0
-40.0,105.0,-864.0
-29.0,-50.0,-1061.0
-95.0,46.0,-1097.0
-74.0,85.0,-1169.0
-60.0,167.0,-1227.0
-74.0,35.0,-1216.0
-76.0,-44.0,-991.0
-325.0,35.0,-786.0
-275.0,39.0,-888.0
-279.0,39.0,-1110.0
-343.0,31.0,-1173.0
-327.0,83.0,-1141.0
-359.0,183.0,-1138.0
-203.0,-35.0,-1128.0
-236.0,-35.0,-903.0
-234.0,50.0,-843.0
-111.0,29.0,-905.0
-146.0,-1.0,-1128.0
-78.0,-44.0,-1147.0
-122.0,113.0,-1173.0
-62.0,87.0,-1204.0
-23.0,11.0,-1253.0
-62.0,-9.0,-1022.0
-138.0,-29.0,-823.0
-68.0,5.0,-862.0
-85.0,-15.0,-1018.0
-35.0,-21.0,-1138.0
-152.0,7.0,-1118.0
-66.0,115.0,-1208.0
-27.0,25.0,-1165.0
-42.0,-21.0,-1052.0
-126.0,-17.0,-854.0
-48.0,19.0,-917.0
-48.0,29.0,-1122.0
-66.0,3.0,-1134.0
-109.0,19.0,-1112.0
-15.0,66.0,-1165.0
-52.0,95.0,-1171.0
27.0,44.0,-987.0
-89.0,-48.0,-812.0
5.0,-56.0,-888.0
-66.0,17.0,-979.0
-11.0,31.0,-1044.0
-56.0,66.0,-1108.0
-9.0,115.0,-1239.0
-7.0,121.0,-1186.0
21.0,50.0,-1040.0
-39.0,-37.0,-845.0
-33.0,0.0,-827.0
-3.0,91.0,-960.0
21.0,-3.0,-1089.0
-23.0,27.0,-1106.0
-50.0,138.0,-1075.0
29.0,111.0,-1102.0
64.0,76.0,-1015.0
85.0,-50.0,-851.0
66.0,-11.0,-876.0
99.0,37.0,-970.0
173.0,25.0,-1032.0
62.0,31.0,-1071.0
91.0,40.0,-1169.0
89.0,103.0,-1139.0
173.0,13.0,-1097.0
80.0,-33.0,-839.0
-31.0,-15.0,-812.0
70.0,-17.0,-913.0
11.0,-3.0,-1030.0
-27.0,76.0,-1097.0
-64.0,64.0,-1155.0
-17.0,115.0,-1097.0
23.0,35.0,-1048.0
-29.0,-27.0,-952.0
-87.0,-33.0,-880.0
0.0,9.0,-956.0
-33.0,17.0,-1085.0
-58.0,21.0,-1108.0
-113.0,64.0,-1118.0
-19.0,105.0,-1157.0
-17.0,81.0,-1083.0
-27.0,-19.0,-952.0
-93.0,-64.0,-856.0
-33.0,-9.0,-882.0
-64.0,37.0,-1034.0
-68.0,46.0,-1106.0
-136.0,103.0,-1163.0
-33.0,105.0,-1190.0
19.0,70.0,-1163.0
-19.0,-46.0,-915.0
-142.0,-25.0,-810.0
-13.0,11.0,-866.0
-37.0,5.0,-1112.0
-80.0,37.0,-1124.0
-89.0,15.0,-1136.0
-13.0,128.0,-1081.0
-1.0,64.0,-1087.0
-15.0,-15.0,-933.0
-111.0,-91.0,-866.0
-21.0,-19.0,-917.0
-74.0,66.0,-1056.0
-54.0,50.0,-1087.0
-78.0,5.0,-1149.0
-40.0,117.0,-1138.0
17.0,56.0,-1175.0
-31.0,21.0,-989.0
-83.0,-68.0,-825.0
-13.0,25.0,-833.0
-54.0,40.0,-1091.0
19.0,0.0,-1163.0
-113.0,68.0,-1122.0
68.0,93.0,-1130.0
0.0,128.0,-1124.0
58.0,3.0,-979.0
-40.0,-62.0,-851.0
25.0,25.0,-884.0
23.0,29.0,-1075.0
-39.0,35.0,-1042.0
-13.0,9.0,-1077.0
7.0,140.0,-1126.0
52.0,115.0,-1149.0
62.0,-13.0,-991.0
-66.0,-44.0,-825.0
-3.0,-25.0,-839.0
-17.0,19.0,-1016.0
19.0,39.0,-1069.0
-17.0,60.0,-1106.0
46.0,117.0,-1180.0
52.0,87.0,-1175.0
33.0,-3.0,-964.0
-15.0,-54.0,-788.0
21.0,25.0,-851.0
9.0,80.0,-1022.0
9.0,-5.0,-1098.0
1.0,-13.0,-1118.0
-23.0,111.0,-1093.0
39.0,95.0,-1122.0
-11.0,80.0,-970.0
11.0,-27.0,-878.0
-11.0,-44.0,-915.0
-17.0,31.0,-991.0
-33.0,3.0,-1048.0
-21.0,17.0,-1114.0
-40.0,78.0,-1139.0
13.0,156.0,-1134.0
35.0,25.0,-1069.0
-39.0,-29.0,-841.0
-74.0,-7.0,-815.0
11.0,9.0,-972.0
-19.0,-17.0,-1095.0
-5.0,50.0,-1093.0
-58.0,76.0,-1136.0
-31.0,181.0,-1097.0
27.0,15.0,-1048.0
17.0,-46.0,-892.0
-66.0,-27.0,-872.0
11.0,21.0,-946.0
-25.0,19.0,-1052.0
11.0,27.0,-1063.0
-64.0,93.0,-1149.0
11.0,101.0,-1163.0
-17.0,33.0,-1071.0
23.0,-27.0,-894.0
-29.0,-58.0,-854.0
3.0,58.0,-886.0
-5.0,0.0,-1061.0
-11.0,21.0,-1095.0
-44.0,76.0,-1188.0
3.0,119.0,-1180.0
66.0,19.0,-1061.0
29.0,-42.0,-819.0
-62.0,-35.0,-856.0
54.0,81.0,-919.0
25.0,-21.0,-1083.0
-29.0,56.0,-1108.0
-44.0,21.0,-1151.0
27.0,126.0,-1097.0
11.0,74.0,-1054.0
48.0,-33.0,-923.0
-58.0,-44.0,-894.0
40.0,21.0,-903.0
-40.0,7.0,-1028.0
11.0,9.0,-1071.0
-68.0,74.0,-1122.0
21.0,126.0,-1128.0
23.0,54.0,-1124.0
35.0,-31.0,-927.0
-72.0,-68.0,-813.0
37.0,33.0,-858.0
-42.0,64.0,-1059.0
19.0,-7.0,-1098.0
-122.0,66.0,-1102.0
85.0,130.0,-1116.0
23.0,46.0,-1104.0
52.0,-13.0,-960.0
-85.0,-89.0,-845.0
42.0,21.0,-876.0
-33.0,60.0,-1054.0
-19.0,11.0,-1044.0
-107.0,56.0,-1100.0
52.0,91.0,-1151.0
23.0,54.0,-1165.0
44.0,-25.0,-944.0
-91.0,-66.0,-821.0
17.0,27.0,-817.0
-42.0,21.0,-1011.0
-7.0,42.0,-1087.0
-95.0,25.0,-1139.0
40.0,128.0,-1167.0
3.0,64.0,-1122.0
33.0,3.0,-886.0
-81.0,-80.0,-815.0
40.0,54.0,-882.0
-62.0,68.0,-1054.0
3.0,27.0,-1097.0
-78.0,-39.0,-1098.0
35.0,97.0,-1106.0
-23.0,138.0,-1122.0
44.0,29.0,-983.0
-66.0,-80.0,-880.0
39.0,5.0,-882.0
-56.0,21.0,-987.0
-21.0,19.0,-1038.0
-64.0,0.0,-1098.0
21.0,140.0,-1139.0
19.0,107.0,-1169.0
54.0,23.0,-1026.0
-60.0,-101.0,-806.0
-21.0,9.0,-815.0
9.0,44.0,-1020.0
40.0,21.0,-1073.0
-78.0,40.0,-1091.0
13.0,89.0,-1147.0
-9.0,122.0,-1155.0
72.0,35.0,-981.0
-13.0,-89.0,-872.0
19.0,-11.0,-841.0
-7.0,25.0,-976.0
5.0,27.0,-1026.0
-13.0,13.0,-1069.0
3.0,89.0,-1139.0
5.0,109.0,-1210.0
33.0,9.0,-1007.0
-33.0,-27.0,-841.0
21.0,-40.0,-849.0
-29.0,60.0,-933.0
1.0,50.0,-1028.0
-11.0,7.0,-1126.0
-25.0,101.0,-1182.0
5.0,91.0,-1182.0
35.0,56.0,-991.0
-39.0,-48.0,-835.0
0.0,-27.0,-862.0
0.0,40.0,-976.0
0.0,-3.0,-1059.0
-50.0,9.0,-1095.0
-50.0,78.0,-1128.0
19.0,136.0,-1114.0
19.0,83.0,-1034.0
7.0,-48.0,-931.0
-50.0,-39.0,-890.0
-5.0,-1.0,-897.0
-7.0,31.0,-1007.0
-27.0,39.0,-1073.0
-56.0,85.0,-1155.0
-29.0,150.0,-1145.0
62.0,62.0,-1134.0
11.0,-46.0,-870.0
-64.0,-42.0,-817.0
21.0,17.0,-907.0
-17.0,68.0,-1081.0
-25.0,15.0,-1108.0
-95.0,95.0,-1114.0
19.0,122.0,-1118.0
78.0,33.0,-1085.0
-5.0,-25.0,-923.0
-66.0,-68.0,-854.0
21.0,-7.0,-899.0
-42.0,54.0,-1022.0
-37.0,15.0,-1063.0
-99.0,91.0,-1124.0
37.0,101.0,-1169.0
29.0,91.0,-1124.0
29.0,-40.0,-929.0
-74.0,-66.0,-833.0
11.0,3.0,-845.0
-1.0,56.0,-1046.0
-29.0,31.0,-1089.0
-60.0,58.0,-1138.0
11.0,85.0,-1112.0
60.0,60.0,-1139.0
23.0,-13.0,-901.0
-60.0,-40.0,-835.0
31.0,-11.0,-880.0
-23.0,40.0,-1048.0
-48.0,9.0,-1083.0
-56.0,19.0,-1100.0
-5.0,132.0,-1100.0
48.0,91.0,-1157.0
5.0,-21.0,-989.0
-60.0,-93.0,-856.0
29.0,9.0,-851.0
-33.0,54.0,-1011.0
-44.0,7.0,-1057.0
-80.0,37.0,-1085.0
23.0,121.0,-1153.0
60.0,101.0,-1177.0
33.0,-40.0,-995.0
-54.0,-68.0,-772.0
-11.0,15.0,-825.0
-25.0,27.0,-1052.0
-3.0,-9.0,-1093.0
-42.0,76.0,-1071.0
48.0,91.0,-1136.0
1.0,91.0,-1138.0
13.0,5.0,-977.0
-42.0,-72.0,-858.0
-3.0,40.0,-870.0
-7.0,-1.0,-1016.0
-31.0,44.0,-1028.0
-9.0,21.0,-1059.0
9.0,115.0,-1159.0
13.0,121.0,-1210.0
37.0,-1.0,-981.0
-56.0,-64.0,-827.0
-3.0,-5.0,-835.0
-39.0,44.0,-962.0
27.0,-9.0,-1075.0
-39.0,25.0,-1120.0
-9.0,126.0,-1116.0
-13.0,105.0,-1120.0
50.0,27.0,-1005.0
-56.0,-19.0,-854.0
-7.0,-31.0,-878.0
-21.0,17.0,-999.0
-7.0,11.0,-1026.0
-40.0,40.0,-1059.0
-1.0,97.0,-1145.0
0.0,165.0,-1155.0
54.0,46.0,-1054.0
-23.0,-54.0,-890.0
-33.0,-23.0,-835.0
-13.0,5.0,-909.0
21.0,3.0,-1005.0
-25.0,85.0,-1071.0
-21.0,101.0,-1180.0
-27.0,138.0,-1177.0
48.0,-13.0,-1067.0
-37.0,-37.0,-827.0
-21.0,-7.0,-821.0
-13.0,44.0,-925.0
39.0,0.0,-1085.0
-35.0,13.0,-1110.0
-35.0,117.0,-1120.0
3.0,122.0,-1132.0
33.0,81.0,-1016.0
37.0,-58.0,-925.0
-39.0,-37.0,-880.0
29.0,11.0,-917.0
-17.0,29.0,-1009.0
-21.0,5.0,-1071.0
-52.0,66.0,-1124.0
13.0,122.0,-1165.0
42.0,83.0,-1083.0
19.0,-44.0,-897.0
-68.0,-60.0,-819.0
-23.0,39.0,-872.0
46.0,-1.0,-1077.0
-39.0,40.0,-1110.0
-85.0,93.0,-1126.0
-7.0,132.0,-1100.0
52.0,29.0,-1112.0
15.0,-56.0,-927.0
-54.0,-33.0,-851.0
35.0,-3.0,-919.0
-29.0,21.0,-1018.0
-31.0,7.0,-1063.0
-89.0,46.0,-1114.0
29.0,150.0,-1145.0
60.0,70.0,-1132.0
23.0,-44.0,-944.0
-62.0,-74.0,-823.0
3.0,1.0,-843.0
-33.0,44.0,-1020.0
-29.0,21.0,-1089.0
-111.0,95.0,-1114.0
37.0,142.0,-1182.0
44.0,15.0,-1116.0
31.0,-60.0,-919.0
-56.0,-42.0,-802.0
64.0,46.0,-862.0
27.0,27.0,-1075.0
0.0,1.0,-1098.0
-52.0,31.0,-1116.0
78.0,121.0,-1104.0
3.0,122.0,-1089.0
19.0,-46.0,-956.0
-13.0,-109.0,-882.0
101.0,31.0,-884.0
66.0,74.0,-1054.0
210.0,54.0,-1038.0
152.0,-23.0,-1122.0
407.0,136.0,-1054.0
452.0,185.0,-1130.0
495.0,-39.0,-972.0
472.0,-119.0,-821.0
497.0,-5.0,-917.0
558.0,119.0,-1056.0
486.0,54.0,-1122.0
556.0,-42.0,-1177.0
571.0,160.0,-1061.0
581.0,208.0,-1098.0
610.0,-44.0,-989.0
538.0,-134.0,-812.0
583.0,-56.0,-878.0
488.0,191.0,-1011.0
499.0,-13.0,-1009.0
425.0,-46.0,-1048.0
448.0,115.0,-1128.0
404.0,294.0,-1138.0
415.0,0.0,-981.0
283.0,-150.0,-868.0
242.0,3.0,-819.0
242.0,165.0,-974.0
183.0,-7.0,-1030.0
126.0,-48.0,-1145.0
124.0,150.0,-1163.0
89.0,165.0,-1136.0
31.0,-15.0,-927.0
-44.0,-150.0,-821.0
-33.0,81.0,-845.0
-23.0,171.0,-1016.0
-44.0,-25.0,-1093.0
-72.0,-56.0,-1138.0
-23.0,68.0,-1102.0
-68.0,265.0,-1114.0
39.0,-13.0,-1026.0
-42.0,-99.0,-927.0
-5.0,-40.0,-913.0
-33.0,126.0,-952.0
33.0,9.0,-1022.0
42.0,-37.0,-1059.0
5.0,124.0,-1114.0
121.0,78.0,-1177.0
74.0,72.0,-1083.0
122.0,-126.0,-872.0
-11.0,-19.0,-845.0
134.0,60.0,-913.0
109.0,-58.0,-1089.0
68.0,39.0,-1056.0
15.0,70.0,-1095.0
93.0,220.0,-1112.0
121.0,-9.0,-1112.0
87.0,-66.0,-894.0
-1.0,-15.0,-858.0
89.0,21.0,-927.0
0.0,19.0,-1005.0
46.0,-21.0,-1020.0
-33.0,111.0,-1104.0
37.0,201.0,-1149.0
44.0,29.0,-1095.0
80.0,-40.0,-940.0
-42.0,-31.0,-872.0
1.0,66.0,-880.0
9.0,-15.0,-989.0
7.0,13.0,-1098.0
-48.0,111.0,-1093.0
-19.0,111.0,-1132.0
27.0,105.0,-1028.0
107.0,-35.0,-960.0
-42.0,1.0,-895.0
50.0,52.0,-905.0
66.0,-17.0,-1042.0
66.0,9.0,-1093.0
-29.0,76.0,-1059.0
115.0,101.0,-1065.0
163.0,54.0,-1093.0
113.0,21.0,-1063.0
0.0,-13.0,-919.0
126.0,3.0,-858.0
87.0,-52.0,-989.0
46.0,15.0,-1024.0
-42.0,85.0,-1063.0
76.0,56.0,-1083.0
83.0,62.0,-1177.0
60.0,-15.0,-1044.0
-89.0,-17.0,-870.0
66.0,0.0,-843.0
-64.0,-21.0,-1050.0
13.0,9.0,-1040.0
-105.0,46.0,-1040.0
70.0,140.0,-1097.0
-1.0,9.0,-1202.0
-74.0,50.0,-1038.0
-101.0,-40.0,-853.0
54.0,-7.0,-911.0
-81.0,40.0,-1046.0
-66.0,-17.0,-977.0
-122.0,35.0,-964.0
83.0,74.0,-1163.0
-33.0,66.0,-1210.0
-29.0,44.0,-1024.0
-107.0,-5.0,-833.0
60.0,23.0,-849.0
-68.0,-9.0,-1015.0
39.0,5.0,-960.0
-68.0,35.0,-1015.0
70.0,95.0,-1138.0
-7.0,62.0,-1202.0
56.0,31.0,-979.0
-15.0,-40.0,-868.0
103.0,97.0,-899.0
29.0,-33.0,-1056.0
91.0,-23.0,-944.0
42.0,-25.0,-1018.0
113.0,124.0,-1091.0
3.0,119.0,-1202.0
107.0,70.0,-1018.0
15.0,-37.0,-948.0
37.0,19.0,-899.0
-3.0,-23.0,-974.0
83.0,-35.0,-905.0
-54.0,42.0,-1013.0
-1.0,126.0,-1128.0
-11.0,78.0,-1239.0
81.0,7.0,-1050.0
-89.0,5.0,-917.0
-31.0,81.0,-907.0
5.0,9.0,-954.0
81.0,-15.0,-1022.0
-150.0,3.0,-1030.0
0.0,113.0,-1118.0
-76.0,117.0,-1155.0
126.0,0.0,-1075.0
-119.0,15.0,-931.0
-11.0,-15.0,-938.0
-42.0,25.0,-946.0
91.0,13.0,-944.0
-134.0,-50.0,-1015.0
-64.0,105.0,-1089.0
62.0,126.0,-1145.0
165.0,76.0,-1169.0
-113.0,64.0,-970.0
152.0,-54.0,-856.0
15.0,31.0,-897.0
85.0,-31.0,-1003.0
-3.0,-50.0,-1018.0
80.0,72.0,-1097.0
-128.0,97.0,-1059.0
160.0,206.0,-1128.0
-60.0,40.0,-1048.0
52.0,-25.0,-964.0
-72.0,23.0,-786.0
189.0,-130.0,-1007.0
-160.0,81.0,-1016.0
76.0,-11.0,-1061.0
-95.0,62.0,-1087.0
66.0,154.0,-1198.0
-44.0,-19.0,-1132.0
-21.0,-54.0,-876.0
-107.0,66.0,-776.0
81.0,62.0,-972.0
-85.0,0.0,-1067.0
-218.0,-35.0,-1052.0
-68.0,187.0,-1075.0
97.0,74.0,-1208.0
0.0,1.0,-1147.0
-148.0,25.0,-874.0
60.0,-83.0,-798.0
42.0,91.0,-999.0
50.0,-70.0,-1098.0
-64.0,-40.0,-948.0
42.0,169.0,-1056.0
-3.0,115.0,-1186.0
62.0,148.0,-1153.0
-37.0,-56.0,-800.0
80.0,-35.0,-864.0
-29.0,40.0,-911.0
44.0,-11.0,-1085.0
-23.0,-31.0,-999.0
13.0,-44.0,-1186.0
-66.0,163.0,-1145.0
191.0,81.0,-1159.0
-39.0,-21.0,-923.0
5.0,-15.0,-806.0
-89.0,70.0,-903.0
162.0,33.0,-1042.0
-25.0,44.0,-1054.0
-9.0,40.0,-1044.0
-109.0,56.0,-1157.0
72.0,21.0,-1030.0
-23.0,-48.0,-958.0
-83.0,64.0,-868.0
91.0,-46.0,-987.0
-89.0,0.0,-1009.0
-40.0,-25.0,-1110.0
-146.0,144.0,-1050.0
31.0,179.0,-1136.0
83.0,134.0,-1126.0
-19.0,-50.0,-1038.0
-50.0,-37.0,-774.0
-89.0,-15.0,-808.0
95.0,81.0,-1048.0
-23.0,3.0,-1122.0
-113.0,-42.0,-1071.0
19.0,85.0,-1085.0
128.0,62.0,-1145.0
-140.0,54.0,-1005.0
66.0,50.0,-825.0
173.0,-7.0,-866.0
-64.0,128.0,-1046.0
122.0,-27.0,-1171.0
111.0,58.0,-1108.0
-85.0,-13.0,-942.0
31.0,89.0,-1030.0
-1.0,78.0,-1032.0
-29.0,-134.0,-894.0
-81.0,62.0,-810.0
78.0,-40.0,-1063.0
-58.0,115.0,-1091.0
-66.0,29.0,-1087.0
-64.0,95.0,-1104.0
177.0,58.0,-1069.0
15.0,-25.0,-1087.0
-13.0,50.0,-901.0
-76.0,31.0,-837.0
23.0,-60.0,-1003.0
-23.0,9.0,-1138.0
-101.0,17.0,-1028.0
-19.0,203.0,-894.0
154.0,154.0,-1112.0
21.0,-31.0,-1110.0
-91.0,-76.0,-872.0
50.0,35.0,-829.0
-29.0,46.0,-1034.0
-48.0,78.0,-1104.0
-37.0,-70.0,-1030.0
54.0,54.0,-1077.0
15.0,101.0,-1196.0
-46.0,136.0,-1157.0
52.0,-76.0,-794.0
-1.0,-85.0,-841.0
-83.0,160.0,-872.0
119.0,74.0,-1139.0
-3.0,56.0,-1063.0
-128.0,44.0,-1145.0
128.0,19.0,-1038.0
74.0,46.0,-1075.0
-9.0,-5.0,-876.0
-101.0,-99.0,-933.0
99.0,70.0,-962.0
3.0,134.0,-1143.0
91.0,29.0,-1120.0
169.0,56.0,-1159.0
-31.0,103.0,-946.0
-121.0,37.0,-1052.0
9.0,25.0,-923.0
-76.0,-160.0,-933.0
-76.0,44.0,-894.0
-21.0,-11.0,-1015.0
105.0,13.0,-989.0
-80.0,124.0,-1069.0
-9.0,3.0,-1188.0
-126.0,119.0,-1013.0
115.0,-19.0,-997.0
-74.0,121.0,-954.0
72.0,-62.0,-981.0
-66.0,58.0,-970.0
119.0,25.0,-1075.0
-93.0,93.0,-1046.0
-70.0,115.0,-1016.0
228.0,-9.0,-1104.0
-50.0,64.0,-933.0
40.0,-144.0,-915.0
-11.0,148.0,-886.0
89.0,-91.0,-1056.0
-19.0,124.0,-1013.0
-23.0,35.0,-1130.0
-17.0,158.0,-1056.0
156.0,-54.0,-1184.0
-39.0,93.0,-1095.0
40.0,-70.0,-817.0
-21.0,5.0,-847.0
-40.0,144.0,-968.0
78.0,-27.0,-1112.0
0.0,103.0,-1097.0
-52.0,-13.0,-1091.0
-5.0,122.0,-1005.0
-62.0,117.0,-985.0
-52.0,-64.0,-962.0
-128.0,7.0,-892.0
115.0,-58.0,-954.0
-19.0,60.0,-1235.0
-203.0,-3.0,-1165.0
56.0,52.0,-1015.0
111.0,173.0,-981.0
-76.0,113.0,-1069.0
-37.0,-31.0,-913.0
3.0,-109.0,-839.0
-42.0,76.0,-991.0
-78.0,54.0,-1157.0
-37.0,66.0,-966.0
60.0,48.0,-1038.0
56.0,21.0,-1163.0
-33.0,70.0,-1134.0
66.0,23.0,-878.0
-25.0,19.0,-936.0
-5.0,-56.0,-1026.0
-33.0,99.0,-1042.0
152.0,-39.0,-1036.0
-95.0,162.0,-1050.0
-62.0,109.0,-1116.0
89.0,74.0,-1054.0
-50.0,-132.0,-886.0
-119.0,-17.0,-813.0
165.0,81.0,-944.0
-40.0,-9.0,-1106.0
-54.0,37.0,-1059.0
-72.0,42.0,-1085.0
7.0,150.0,-1132.0
-17.0,95.0,-1087.0
163.0,-33.0,-1011.0
-7.0,-27.0,-776.0
42.0,15.0,-882.0
-56.0,171.0,-1116.0
78.0,5.0,-1173.0
-152.0,-15.0,-979.0
117.0,0.0,-1042.0
-91.0,165.0,-970.0
119.0,9.0,-935.0
-74.0,-72.0,-866.0
54.0,-60.0,-983.0
-81.0,62.0,-1054.0
107.0,167.0,-1169.0
-5.0,25.0,-1089.0
-54.0,-58.0,-1040.0
15.0,130.0,-1009.0
150.0,13.0,-1079.0
-54.0,-17.0,-845.0
-66.0,-29.0,-866.0
-17.0,101.0,-1044.0
76.0,111.0,-1091.0
-160.0,-70.0,-1024.0
70.0,140.0,-1102.0
83.0,91.0,-1003.0
294.0,70.0,-1036.0
-279.0,-130.0,-987.0
72.0,-85.0,-853.0
48.0,154.0,-1009.0
23.0,199.0,-1200.0
3.0,-85.0,-1085.0
-13.0,-31.0,-915.0
0.0,140.0,-1083.0
-76.0,162.0,-1077.0
3.0,-95.0,-915.0
11.0,-152.0,-759.0
21.0,158.0,-1040.0
95.0,119.0,-1155.0
-99.0,-11.0,-1038.0
-37.0,29.0,-1028.0
68.0,93.0,-1145.0
29.0,191.0,-1151.0
-15.0,-109.0,-931.0
-56.0,35.0,-753.0
23.0,-3.0,-1005.0
-48.0,167.0,-1182.0
27.0,-15.0,-1079.0
46.0,-72.0,-923.0
-23.0,236.0,-1009.0
60.0,-29.0,-1122.0
-83.0,-68.0,-919.0
11.0,-74.0,-790.0
11.0,130.0,-974.0
0.0,142.0,-1241.0
-50.0,13.0,-1159.0
33.0,-19.0,-989.0
-121.0,134.0,-974.0
130.0,117.0,-1196.0
87.0,-87.0,-1095.0
-50.0,-76.0,-726.0
-5.0,40.0,-735.0
50.0,162.0,-1264.0
78.0,107.0,-1163.0
21.0,-105.0,-968.0
-122.0,124.0,-929.0
-72.0,218.0,-1124.0
292.0,-54.0,-1044.0
-54.0,-302.0,-862.0
-302.0,80.0,-739.0
33.0,294.0,-1257.0
126.0,21.0,-1366.0
-232.0,-267.0,-1052.0
-156.0,177.0,-753.0
134.0,234.0,-1022.0
267.0,-5.0,-1309.0
-466.0,-134.0,-870.0
40.0,-76.0,-733.0
-42.0,458.0,-1052.0
294.0,-83.0,-1411.0
-425.0,70.0,-933.0
226.0,-107.0,-728.0
60.0,296.0,-1091.0
218.0,15.0,-1444.0
-400.0,-121.0,-864.0
269.0,-165.0,-525.0
-148.0,230.0,-1100.0
273.0,210.0,-1335.0
-132.0,-76.0,-933.0
29.0,-122.0,-796.0
-312.0,173.0,-1116.0
484.0,316.0,-1407.0
-169.0,-62.0,-915.0
281.0,-515.0,-585.0
-380.0,162.0,-995.0
384.0,534.0,-1259.0
-121.0,-232.0,-1136.0
-245.0,21.0,-784.0
146.0,-134.0,-1061.0
443.0,706.0,-1493.0
-261.0,-136.0,-1087.0
-154.0,-419.0,-437.0
-160.0,46.0,-759.0
503.0,368.0,-1288.0
-203.0,-1.0,-1364.0
-314.0,-300.0,-696.0
156.0,-25.0,-995.0
187.0,653.0,-1432.0
-173.0,-197.0,-1196.0
-324.0,-298.0,-388.0
165.0,-115.0,-739.0
290.0,425.0,-1446.0
-158.0,13.0,-1321.0
-433.0,-320.0,-796.0
384.0,25.0,-739.0
-7.0,591.0,-1464.0
-1.0,-130.0,-1225.0
-450.0,-413.0,-480.0
378.0,-35.0,-470.0
173.0,577.0,-1403.0
-146.0,-46.0,-1415.0
-372.0,-320.0,-757.0
523.0,136.0,-825.0
-15.0,665.0,-1354.0
91.0,-220.0,-1214.0
-466.0,-294.0,-370.0
532.0,-31.0,-728.0
-58.0,484.0,-1315.0
95.0,-115.0,-1467.0
-107.0,-279.0,-681.0
507.0,-46.0,-970.0
-244.0,482.0,-1155.0
83.0,-54.0,-1153.0
-156.0,-191.0,-548.0
400.0,-179.0,-843.0
-224.0,464.0,-1262.0
163.0,3.0,-1385.0
-50.0,-148.0,-923.0
126.0,-27.0,-970.0
-302.0,300.0,-1102.0
146.0,39.0,-987.0
152.0,-325.0,-749.0
-52.0,19.0,-841.0
-281.0,337.0,-1229.0
109.0,160.0,-1184.0
23.0,-245.0,-1173.0
-93.0,48.0,-880.0
-136.0,245.0,-950.0
130.0,206.0,-892.0
115.0,-290.0,-1044.0
-206.0,-40.0,-892.0
-60.0,156.0,-1134.0
-15.0,290.0,-1110.0
99.0,-191.0,-1296.0
-154.0,-35.0,-819.0
-146.0,160.0,-878.0
199.0,283.0,-1059.0
78.0,-204.0,-1145.0
-234.0,74.0,-794.0
-76.0,27.0,-938.0
140.0,361.0,-1243.0
-27.0,-128.0,-1272.0
-17.0,-33.0,-1005.0
-23.0,11.0,-733.0
249.0,275.0,-1093.0
-257.0,25.0,-1073.0
91.0,-327.0,-1026.0
-138.0,138.0,-831.0
199.0,292.0,-1251.0
-288.0,226.0,-1061.0
158.0,-316.0,-1091.0
-44.0,-66.0,-792.0
5.0,216.0,-1097.0
-146.0,343.0,-931.0
267.0,-558.0,-1093.0
-99.0,17.0,-612.0
206.0,327.0,-1200.0
39.0,304.0,-1138.0
-31.0,-343.0,-1266.0
-204.0,-101.0,-894.0
66.0,327.0,-835.0
273.0,216.0,-968.0
-52.0,-236.0,-1073.0
11.0,-163.0,-808.0
13.0,273.0,-1007.0
-13.0,230.0,-1298.0
-132.0,-160.0,-1231.0
60.0,-64.0,-720.0
132.0,140.0,-853.0
-13.0,-3.0,-1139.0
-91.0,64.0,-1079.0
257.0,-146.0,-827.0
-17.0,199.0,-958.0
-89.0,136.0,-1229.0
-113.0,-27.0,-1149.0
251.0,54.0,-895.0
-37.0,-35.0,-888.0
-130.0,-1.0,-1007.0
81.0,-39.0,-1075.0
163.0,-48.0,-860.0
-263.0,126.0,-925.0
-76.0,33.0,-1278.0
85.0,173.0,-1208.0
318.0,-76.0,-1034.0
-347.0,154.0,-753.0
113.0,-25.0,-956.0
87.0,83.0,-974.0
146.0,-158.0,-1165.0
-365.0,156.0,-798.0
134.0,44.0,-1120.0
54.0,179.0,-1143.0
232.0,-175.0,-1149.0
-156.0,33.0,-692.0
-7.0,160.0,-970.0
85.0,17.0,-1122.0
179.0,-121.0,-1097.0
-298.0,99.0,-868.0
-101.0,134.0,-997.0
214.0,189.0,-1323.0
214.0,-187.0,-1216.0
-263.0,29.0,-794.0
-44.0,-72.0,-743.0
173.0,234.0,-1042.0
64.0,-99.0,-1171.0
-345.0,0.0,-884.0
-91.0,81.0,-964.0
366.0,201.0,-1399.0
-91.0,33.0,-1192.0
-212.0,-130.0,-788.0
-76.0,56.0,-632.0
415.0,212.0,-1272.0
-85.0,-25.0,-1159.0
-126.0,-140.0,-897.0
-212.0,99.0,-812.0
460.0,183.0,-1444.0
-99.0,136.0,-1097.0
-9.0,-181.0,-911.0
-257.0,115.0,-605.0
603.0,87.0,-1227.0
-175.0,117.0,-1052.0
-134.0,-331.0,-999.0
-224.0,222.0,-655.0
644.0,154.0,-1325.0
-37.0,72.0,-1409.0
-488.0,-152.0,-956.0
-111.0,87.0,-523.0
546.0,171.0,-1028.0
-72.0,64.0,-1430.0
-421.0,-187.0,-917.0
-42.0,27.0,-650.0
327.0,343.0,-1143.0
27.0,85.0,-1600.0
-540.0,-54.0,-812.0
179.0,-136.0,-626.0
407.0,255.0,-1048.0
-220.0,-150.0,-1508.0
-493.0,175.0,-696.0
228.0,-85.0,-616.0
279.0,247.0,-1364.0
-191.0,87.0,-1549.0
-142.0,-169.0,-716.0
83.0,99.0,-630.0
162.0,177.0,-1136.0
-101.0,-187.0,-1303.0
-140.0,-13.0,-669.0
150.0,39.0,-813.0
255.0,204.0,-1393.0
-167.0,-162.0,-1417.0
-40.0,-101.0,-714.0
31.0,206.0,-732.0
277.0,191.0,-1214.0
-201.0,-167.0,-1225.0
62.0,-13.0,-683.0
21.0,31.0,-890.0
142.0,339.0,-1229.0
-27.0,-294.0,-1333.0
5.0,19.0,-694.0
-33.0,105.0,-827.0
152.0,185.0,-1167.0
-245.0,-89.0,-1151.0
220.0,-204.0,-638.0
-203.0,292.0,-845.0
218.0,163.0,-1346.0
-197.0,-144.0,-1313.0
142.0,-54.0,-819.0
-216.0,251.0,-815.0
-46.0,150.0,-1032.0
81.0,-214.0,-1136.0
144.0,-183.0,-802.0
-236.0,236.0,-911.0
181.0,148.0,-1262.0
-152.0,-89.0,-1253.0
236.0,-91.0,-866.0
-203.0,242.0,-901.0
83.0,197.0,-1032.0
48.0,-128.0,-1028.0
310.0,-109.0,-884.0
-247.0,245.0,-1003.0
31.0,201.0,-1143.0
11.0,-42.0,-1126.0
322.0,-128.0,-1044.0
-322.0,294.0,-907.0
40.0,-40.0,-927.0
31.0,-35.0,-936.0
226.0,-175.0,-1030.0
-316.0,368.0,-995.0
195.0,13.0,-1231.0
-185.0,-70.0,-956.0
288.0,-140.0,-1179.0
-503.0,429.0,-872.0
286.0,-44.0,-987.0
25.0,-48.0,-894.0
251.0,-242.0,-1143.0
-460.0,277.0,-946.0
-46.0,103.0,-1077.0
-1.0,-1.0,-1016.0
290.0,-132.0,-1243.0
-527.0,265.0,-892.0
189.0,31.0,-933.0
214.0,-66.0,-1013.0
132.0,-89.0,-1132.0
-343.0,185.0,-958.0
-85.0,199.0,-841.0
314.0,89.0,-1186.0
253.0,-124.0,-1290.0
-296.0,-15.0,-974.0
-150.0,128.0,-564.0
290.0,5.0,-1030.0
21.0,138.0,-1286.0
-249.0,-156.0,-1059.0
-156.0,265.0,-583.0
663.0,66.0,-1262.0
76.0,-39.0,-1288.0
-359.0,-7.0,-942.0
15.0,-107.0,-733.0
257.0,183.0,-1102.0
-146.0,171.0,-1294.0
-31.0,-101.0,-884.0
-154.0,107.0,-776.0
366.0,-56.0,-1341.0
-257.0,216.0,-1218.0
163.0,-111.0,-815.0
-199.0,48.0,-804.0
95.0,19.0,-1065.0
7.0,103.0,-1184.0
-13.0,25.0,-829.0
-175.0,44.0,-993.0
148.0,27.0,-1173.0
150.0,-15.0,-1262.0
-99.0,-17.0,-778.0
-273.0,80.0,-829.0
132.0,142.0,-1110.0
156.0,-95.0,-1260.0
-109.0,17.0,-790.0
-195.0,-40.0,-925.0
40.0,238.0,-1087.0
156.0,-39.0,-1360.0
-93.0,68.0,-866.0
-195.0,-3.0,-815.0
54.0,165.0,-1022.0
286.0,-107.0,-1243.0
-136.0,-46.0,-854.0
-277.0,35.0,-907.0
183.0,124.0,-1102.0
265.0,177.0,-1413.0
-31.0,-154.0,-915.0
-284.0,58.0,-694.0
126.0,74.0,-909.0
113.0,85.0,-1331.0
-58.0,42.0,-1028.0
-318.0,-29.0,-790.0
138.0,136.0,-950.0
257.0,95.0,-1352.0
7.0,-165.0,-1104.0
-366.0,-19.0,-671.0
208.0,15.0,-977.0
0.0,253.0,-1292.0
11.0,-197.0,-1034.0
-329.0,80.0,-726.0
136.0,-64.0,-1122.0
107.0,286.0,-1376.0
-23.0,-7.0,-1122.0
-158.0,-13.0,-630.0
-35.0,13.0,-804.0
201.0,142.0,-1266.0
-50.0,-56.0,-1149.0
-288.0,138.0,-724.0
165.0,-83.0,-1013.0
165.0,290.0,-1372.0
27.0,-150.0,-1126.0
-322.0,-54.0,-609.0
122.0,103.0,-831.0
407.0,58.0,-1368.0
-66.0,80.0,-1139.0
-113.0,-99.0,-638.0
23.0,197.0,-917.0
244.0,31.0,-1374.0
74.0,-66.0,-1151.0
-156.0,-128.0,-771.0
-85.0,87.0,-718.0
320.0,146.0,-1288.0
-154.0,-17.0,-1223.0
-46.0,-15.0,-612.0
-52.0,-33.0,-944.0
296.0,177.0,-1471.0
-206.0,93.0,-1208.0
-25.0,-95.0,-679.0
-222.0,130.0,-657.0
398.0,72.0,-1380.0
-349.0,121.0,-1159.0
66.0,-210.0,-759.0
-117.0,136.0,-788.0
210.0,-11.0,-1536.0
-197.0,171.0,-1071.0
-33.0,-126.0,-698.0
-111.0,95.0,-796.0
238.0,66.0,-1399.0
-78.0,40.0,-1081.0
15.0,-167.0,-679.0
-302.0,156.0,-868.0
224.0,136.0,-1477.0
-91.0,140.0,-1175.0
128.0,-208.0,-737.0
-257.0,70.0,-733.0
156.0,169.0,-1259.0
-52.0,21.0,-1132.0
74.0,-226.0,-796.0
-189.0,173.0,-839.0
224.0,152.0,-1399.0
48.0,122.0,-1198.0
-52.0,-165.0,-671.0
103.0,54.0,-864.0
203.0,181.0,-1286.0
66.0,-11.0,-1056.0
9.0,-35.0,-728.0
-138.0,99.0,-925.0
74.0,156.0,-1274.0
11.0,64.0,-1221.0
162.0,-169.0,-765.0
-316.0,-40.0,-796.0
60.0,115.0,-1130.0
-15.0,31.0,-1134.0
74.0,-35.0,-817.0
-308.0,83.0,-950.0
95.0,197.0,-1333.0
130.0,-42.0,-1294.0
-25.0,-74.0,-732.0
-179.0,25.0,-806.0
68.0,232.0,-1057.0
126.0,17.0,-1180.0
-29.0,-101.0,-901.0
-333.0,40.0,-913.0
83.0,251.0,-1091.0
210.0,-54.0,-1260.0
9.0,-11.0,-812.0
-156.0,-121.0,-823.0
169.0,201.0,-1048.0
99.0,154.0,-1196.0
109.0,-70.0,-964.0
-374.0,27.0,-868.0
156.0,97.0,-1116.0
204.0,119.0,-1257.0
150.0,39.0,-995.0
-132.0,-199.0,-749.0
119.0,17.0,-927.0
68.0,101.0,-1214.0
33.0,-19.0,-1079.0
-327.0,146.0,-794.0
91.0,-115.0,-1089.0
210.0,216.0,-1216.0
119.0,-25.0,-1110.0
-279.0,25.0,-833.0
-128.0,-113.0,-958.0
191.0,277.0,-1198.0
39.0,40.0,-1056.0
-269.0,85.0,-823.0
-9.0,-163.0,-979.0
269.0,228.0,-1208.0
-101.0,85.0,-1218.0
-337.0,-40.0,-772.0
-201.0,-103.0,-747.0
511.0,140.0,-1221.0
-234.0,238.0,-1138.0
-113.0,-115.0,-796.0
-105.0,5.0,-931.0
521.0,81.0,-1364.0
-160.0,140.0,-1151.0
-238.0,-109.0,-724.0
-85.0,91.0,-810.0
415.0,60.0,-1216.0
-66.0,163.0,-1202.0
-101.0,-165.0,-761.0
-93.0,-13.0,-837.0
378.0,-39.0,-1249.0
-191.0,398.0,-1216.0
-21.0,-171.0,-876.0
-50.0,66.0,-765.0
478.0,-144.0,-1235.0
-257.0,306.0,-1114.0
81.0,-89.0,-821.0
-42.0,83.0,-800.0
402.0,-154.0,-1321.0
-203.0,333.0,-1180.0
-15.0,-124.0,-853.0
-107.0,177.0,-659.0
370.0,-331.0,-1212.0
-216.0,271.0,-1194.0
1.0,-72.0,-843.0
-66.0,197.0,-718.0
242.0,-189.0,-1317.0
-87.0,208.0,-1231.0
-72.0,27.0,-913.0
-66.0,115.0,-732.0
175.0,-257.0,-1194.0
-97.0,281.0,-1182.0
37.0,46.0,-866.0
-74.0,83.0,-767.0
105.0,-187.0,-1266.0
-48.0,105.0,-1317.0
-261.0,179.0,-839.0
148.0,-99.0,-708.0
56.0,-195.0,-1075.0
-3.0,169.0,-1262.0
-146.0,187.0,-892.0
68.0,7.0,-849.0
-66.0,-105.0,-1253.0
93.0,-40.0,-1413.0
-290.0,253.0,-692.0
298.0,-140.0,-767.0
-308.0,136.0,-1130.0
394.0,-203.0,-1421.0
-491.0,472.0,-772.0
353.0,-286.0,-845.0
-349.0,179.0,-1149.0
173.0,-173.0,-1374.0
-40.0,411.0,-778.0
197.0,-189.0,-833.0
-197.0,222.0,-1251.0
-1.0,-288.0,-1212.0
183.0,185.0,-751.0
101.0,-228.0,-819.0
-411.0,325.0,-1235.0
44.0,-251.0,-1233.0
355.0,121.0,-915.0
-189.0,39.0,-712.0
-232.0,167.0,-1262.0
-111.0,-115.0,-1016.0
366.0,99.0,-946.0
-355.0,204.0,-772.0
-103.0,78.0,-1337.0
179.0,-134.0,-882.0
335.0,29.0,-1149.0
-423.0,142.0,-810.0
-93.0,25.0,-1186.0
236.0,-103.0,-810.0
347.0,162.0,-1011.0
-429.0,81.0,-862.0
-162.0,167.0,-1141.0
407.0,-242.0,-931.0
156.0,206.0,-1202.0
-324.0,-95.0,-1001.0
-175.0,189.0,-776.0
497.0,-169.0,-899.0
130.0,222.0,-1190.0
-197.0,-169.0,-1095.0
-203.0,341.0,-788.0
634.0,-372.0,-1061.0
52.0,283.0,-1268.0
-310.0,70.0,-1007.0
39.0,197.0,-733.0
609.0,-146.0,-950.0
33.0,50.0,-1284.0
-392.0,66.0,-938.0
46.0,103.0,-655.0
607.0,-204.0,-1059.0
-78.0,156.0,-1387.0
-325.0,111.0,-940.0
-46.0,-5.0,-566.0
411.0,-40.0,-1052.0
-322.0,31.0,-1473.0
-265.0,185.0,-726.0
163.0,-138.0,-630.0
257.0,290.0,-1307.0
-29.0,-119.0,-1532.0
-220.0,7.0,-841.0
-140.0,-44.0,-536.0
335.0,148.0,-1128.0
-187.0,152.0,-1395.0
-9.0,-15.0,-894.0
-66.0,-89.0,-595.0
331.0,175.0,-1276.0
-271.0,140.0,-1438.0
-99.0,15.0,-819.0
-42.0,-253.0,-609.0
294.0,333.0,-1106.0
-111.0,15.0,-1471.0
-60.0,93.0,-718.0
165.0,-222.0,-683.0
300.0,251.0,-1303.0
-284.0,60.0,-1424.0
56.0,13.0,-782.0
-156.0,-119.0,-733.0
66.0,316.0,-1153.0
-35.0,-222.0,-1342.0
156.0,113.0,-632.0
122.0,-203.0,-776.0
23.0,527.0,-1329.0
-195.0,-532.0,-1444.0
-101.0,306.0,-718.0
-99.0,-74.0,-732.0
193.0,363.0,-1315.0
-228.0,-132.0,-1241.0
222.0,54.0,-636.0
-68.0,-72.0,-796.0
-325.0,333.0,-1577.0
-407.0,-203.0,-1241.0
470.0,257.0,-595.0
-60.0,-122.0,-890.0
-284.0,189.0,-1456.0
-245.0,-177.0,-944.0
499.0,119.0,-665.0
-398.0,66.0,-1038.0
-437.0,162.0,-1497.0
179.0,3.0,-968.0
603.0,-171.0,-956.0
-616.0,242.0,-954.0
-222.0,-177.0,-1247.0
56.0,193.0,-901.0
392.0,-52.0,-933.0
-437.0,226.0,-1108.0
-66.0,-158.0,-1249.0
398.0,117.0,-907.0
167.0,33.0,-1048.0
-366.0,109.0,-946.0
-244.0,-42.0,-1081.0
400.0,37.0,-993.0
19.0,222.0,-997.0
-308.0,1.0,-931.0
-140.0,-60.0,-1206.0
495.0,25.0,-1057.0
89.0,54.0,-1046.0
-370.0,95.0,-813.0
-13.0,-21.0,-997.0
322.0,122.0,-1067.0
-171.0,68.0,-1147.0
-224.0,70.0,-788.0
-9.0,-121.0,-1063.0
286.0,66.0,-1054.0
5.0,46.0,-1184.0
-203.0,130.0,-728.0
-31.0,-74.0,-1036.0
76.0,107.0,-1098.0
162.0,-76.0,-1171.0
-281.0,111.0,-753.0
-95.0,-62.0,-1052.0
427.0,44.0,-1145.0
-97.0,107.0,-1225.0
-121.0,58.0,-880.0
-60.0,-136.0,-890.0
363.0,95.0,-1075.0
-109.0,115.0,-1081.0
-40.0,117.0,-813.0
-152.0,-150.0,-901.0
478.0,56.0,-1284.0
-183.0,119.0,-1194.0
35.0,40.0,-751.0
-230.0,-40.0,-722.0
544.0,-140.0,-1225.0
-325.0,259.0,-1089.0
89.0,76.0,-901.0
-78.0,21.0,-866.0
511.0,-134.0,-1409.0
-388.0,160.0,-1057.0
89.0,27.0,-829.0
-191.0,117.0,-714.0
413.0,-191.0,-1344.0
-357.0,195.0,-1020.0
136.0,-87.0,-866.0
-263.0,48.0,-692.0
435.0,-64.0,-1473.0
-392.0,150.0,-1214.0
35.0,-17.0,-755.0
-214.0,89.0,-667.0
569.0,-46.0,-1370.0
-355.0,144.0,-1153.0
119.0,-130.0,-952.0
-302.0,302.0,-624.0
527.0,-128.0,-1374.0
-244.0,158.0,-1243.0
5.0,-56.0,-812.0
99.0,-50.0,-661.0
292.0,50.0,-1241.0
-290.0,89.0,-1296.0
-103.0,68.0,-722.0
39.0,95.0,-685.0
163.0,-165.0,-1385.0
-283.0,300.0,-1327.0
-62.0,-31.0,-771.0
93.0,-107.0,-825.0
-265.0,11.0,-1098.0
-197.0,39.0,-1303.0
-273.0,111.0,-577.0
-35.0,15.0,-991.0
-294.0,-109.0,-1257.0
-316.0,15.0,-1348.0
-296.0,195.0,-632.0
-224.0,-87.0,-936.0
-466.0,-76.0,-1083.0
-273.0,70.0,-1280.0
-308.0,162.0,-753.0
-372.0,74.0,-1030.0
-501.0,-87.0,-1237.0
-238.0,-80.0,-1278.0
-359.0,148.0,-772.0
-460.0,48.0,-810.0
-448.0,-95.0,-1208.0
-292.0,121.0,-1225.0
-244.0,-76.0,-804.0
-624.0,236.0,-751.0
-462.0,-113.0,-1239.0
-165.0,122.0,-1241.0
-199.0,66.0,-917.0
-505.0,19.0,-858.0
-406.0,-48.0,-1063.0
-345.0,216.0,-1296.0
-23.0,-212.0,-956.0
-728.0,58.0,-790.0
-335.0,-138.0,-1120.0
-232.0,308.0,-1177.0
-140.0,13.0,-1059.0
-571.0,-144.0,-866.0
-392.0,89.0,-956.0
42.0,76.0,-1216.0
-439.0,126.0,-999.0
-546.0,-150.0,-767.0
-402.0,74.0,-897.0
197.0,162.0,-1352.0
-300.0,35.0,-1149.0
-380.0,-177.0,-901.0
-366.0,148.0,-821.0
156.0,134.0,-1272.0
-245.0,111.0,-1015.0
-283.0,-185.0,-733.0
-212.0,142.0,-812.0
331.0,136.0,-1395.0
-318.0,50.0,-1245.0
-339.0,-175.0,-788.0
-294.0,175.0,-728.0
281.0,119.0,-1309.0
-242.0,124.0,-1108.0
-140.0,-325.0,-696.0
21.0,124.0,-755.0
296.0,91.0,-1419.0
80.0,185.0,-1276.0
136.0,-148.0,-771.0
175.0,165.0,-817.0
548.0,48.0,-1200.0
121.0,154.0,-1104.0
312.0,-333.0,-585.0
83.0,162.0,-894.0
562.0,0.0,-1419.0
58.0,275.0,-1424.0
78.0,-158.0,-806.0
-23.0,101.0,-747.0
359.0,111.0,-1171.0
21.0,154.0,-1157.0
-60.0,-199.0,-614.0
-83.0,87.0,-782.0
222.0,89.0,-1358.0
-142.0,189.0,-1376.0
-234.0,-187.0,-687.0
-80.0,11.0,-780.0
19.0,142.0,-1180.0
-124.0,189.0,-1122.0
-171.0,-204.0,-585.0
-154.0,189.0,-981.0
11.0,19.0,-1413.0
-193.0,230.0,-1387.0
-179.0,-204.0,-749.0
-134.0,87.0,-800.0
-27.0,142.0,-1147.0
-44.0,87.0,-1165.0
-130.0,-253.0,-655.0
-234.0,109.0,-909.0
11.0,70.0,-1428.0
-105.0,197.0,-1335.0
-128.0,-185.0,-739.0
-189.0,132.0,-747.0
121.0,169.0,-1257.0
64.0,128.0,-1243.0
-33.0,-347.0,-692.0
-212.0,40.0,-796.0
54.0,162.0,-1315.0
-21.0,232.0,-1344.0
-7.0,-259.0,-849.0
-208.0,35.0,-765.0
119.0,142.0,-1167.0
111.0,165.0,-1202.0
19.0,-283.0,-732.0
-242.0,3.0,-747.0
68.0,152.0,-1286.0
76.0,238.0,-1421.0
0.0,-134.0,-938.0
-245.0,-13.0,-759.0
115.0,181.0,-1132.0
134.0,66.0,-1239.0
-21.0,-146.0,-759.0
-269.0,-3.0,-749.0
-5.0,115.0,-1259.0
66.0,191.0,-1383.0
46.0,-52.0,-970.0
-183.0,42.0,-837.0
93.0,179.0,-1132.0
162.0,78.0,-1122.0
-9.0,-48.0,-755.0
-167.0,-68.0,-839.0
-7.0,152.0,-1278.0
105.0,21.0,-1397.0
78.0,-52.0,-929.0
-165.0,50.0,-759.0
107.0,158.0,-1054.0
78.0,58.0,-1108.0
50.0,-74.0,-815.0
-228.0,0.0,-831.0
95.0,103.0,-1288.0
46.0,85.0,-1321.0
121.0,-78.0,-927.0
-160.0,46.0,-798.0
193.0,148.0,-1143.0
97.0,80.0,-1161.0
31.0,-150.0,-810.0
-228.0,-48.0,-794.0
0.0,214.0,-1249.0
76.0,78.0,-1331.0
27.0,-50.0,-970.0
-269.0,52.0,-804.0
87.0,142.0,-1081.0
93.0,-5.0,-1130.0
-35.0,-148.0,-806.0
-300.0,-29.0,-765.0
-31.0,169.0,-1216.0
74.0,81.0,-1426.0
11.0,-91.0,-995.0
-284.0,91.0,-726.0
107.0,181.0,-1059.0
122.0,83.0,-1204.0
3.0,-148.0,-802.0
-240.0,-42.0,-749.0
9.0,179.0,-1165.0
148.0,85.0,-1411.0
-11.0,-111.0,-972.0
-212.0,-11.0,-749.0
72.0,199.0,-1018.0
160.0,64.0,-1192.0
-37.0,-27.0,-837.0
-236.0,-52.0,-749.0
0.0,175.0,-1225.0
191.0,37.0,-1452.0
70.0,-103.0,-974.0
-230.0,-31.0,-667.0
50.0,210.0,-944.0
208.0,54.0,-1239.0
13.0,-95.0,-933.0
-286.0,-25.0,-798.0
13.0,171.0,-1149.0
189.0,35.0,-1383.0
37.0,25.0,-964.0
-173.0,-58.0,-724.0
80.0,206.0,-1005.0
162.0,66.0,-1245.0
-5.0,-146.0,-968.0
-269.0,-60.0,-765.0
42.0,128.0,-1118.0
222.0,70.0,-1333.0
46.0,52.0,-987.0
-206.0,-50.0,-718.0
56.0,111.0,-952.0
158.0,138.0,-1233.0
9.0,-105.0,-983.0
-296.0,-13.0,-765.0
-17.0,148.0,-1079.0
249.0,80.0,-1387.0
42.0,-23.0,-1013.0
-216.0,-72.0,-694.0
33.0,140.0,-905.0
171.0,109.0,-1309.0
-27.0,-83.0,-1056.0
-279.0,-3.0,-720.0
62.0,95.0,-1032.0
206.0,126.0,-1315.0
35.0,19.0,-1044.0
-214.0,-93.0,-735.0
-7.0,124.0,-923.0
201.0,124.0,-1305.0
-15.0,-60.0,-1038.0
-267.0,-31.0,-720.0
9.0,68.0,-1022.0
238.0,181.0,-1350.0
39.0,-7.0,-1102.0
-224.0,-85.0,-722.0
-54.0,167.0,-849.0
206.0,113.0,-1298.0
-52.0,-19.0,-1095.0
-244.0,-85.0,-749.0
-33.0,66.0,-927.0
236.0,158.0,-1313.0
-31.0,-21.0,-1141.0
-251.0,-99.0,-772.0
-76.0,152.0,-858.0
232.0,142.0,-1245.0
-48.0,0.0,-1075.0
-193.0,-158.0,-730.0
-417.0,105.0,-962.0
193.0,216.0,-1216.0
-392.0,-99.0,-1243.0
-474.0,-138.0,-714.0
-1100.0,160.0,-901.0
-571.0,195.0,-1220.0
-946.0,-99.0,-1059.0
-1354.0,-85.0,-931.0
-1290.0,201.0,-876.0
-1003.0,175.0,-1298.0
-1165.0,-193.0,-1054.0
-1819.0,-300.0,-745.0
-1450.0,351.0,-612.0
-1270.0,203.0,-1179.0
-1358.0,-111.0,-1208.0
-1606.0,-244.0,-899.0
-1327.0,365.0,-970.0
-1128.0,224.0,-1290.0
-1255.0,-267.0,-1274.0
-1350.0,-242.0,-722.0
-1262.0,347.0,-792.0
-870.0,277.0,-1309.0
-1075.0,-267.0,-1368.0
-1075.0,-343.0,-817.0
-1173.0,316.0,-880.0
-591.0,404.0,-1397.0
-839.0,-228.0,-1428.0
-1032.0,-558.0,-528.0
-1097.0,355.0,-571.0
-532.0,454.0,-1409.0
-573.0,-267.0,-1534.0
-1022.0,-482.0,-692.0
-946.0,370.0,-726.0
-372.0,448.0,-1407.0
-853.0,-240.0,-1276.0
-1153.0,-464.0,-558.0
-1225.0,204.0,-523.0
-903.0,486.0,-1268.0
-1145.0,-148.0,-1274.0
-1510.0,-443.0,-769.0
-1383.0,324.0,-735.0
-1059.0,343.0,-1346.0
-1387.0,-91.0,-1239.0
-1627.0,-540.0,-610.0
-1489.0,343.0,-607.0
-1147.0,462.0,-1286.0
-1495.0,-167.0,-1268.0
-1536.0,-415.0,-853.0
-1542.0,388.0,-940.0
-1216.0,404.0,-1364.0
-1622.0,-40.0,-1301.0
-1442.0,-622.0,-745.0
-1520.0,281.0,-698.0
-1059.0,388.0,-1231.0
-1313.0,54.0,-1317.0
-1122.0,-450.0,-829.0
-1356.0,316.0,-819.0
-911.0,251.0,-1370.0
-1276.0,-136.0,-1389.0
-1110.0,-488.0,-677.0
-1380.0,214.0,-755.0
-1007.0,493.0,-1303.0
-1175.0,-113.0,-1383.0
-1169.0,-560.0,-722.0
-1489.0,394.0,-640.0
-1091.0,339.0,-1309.0
-1223.0,-85.0,-1296.0
-1253.0,-579.0,-665.0
-1514.0,245.0,-632.0
-1153.0,472.0,-1331.0
-1116.0,-212.0,-1419.0
-1399.0,-452.0,-704.0
-1567.0,208.0,-605.0
-1149.0,519.0,-1208.0
-1296.0,27.0,-1436.0
-1327.0,-940.0,-925.0
-1856.0,439.0,-718.0
-1364.0,329.0,-1239.0
-1545.0,78.0,-1294.0
-1409.0,-536.0,-732.0
-1772.0,206.0,-776.0
-1346.0,603.0,-1239.0
-1301.0,-105.0,-1368.0
-1292.0,-462.0,-860.0
-1469.0,240.0,-638.0
-1075.0,349.0,-1157.0
-1298.0,-31.0,-1350.0
-1210.0,-583.0,-931.0
-1549.0,210.0,-714.0
-1350.0,634.0,-1313.0
-1342.0,-40.0,-1430.0
-1315.0,-595.0,-886.0
-1743.0,351.0,-595.0
-1378.0,394.0,-899.0
-1182.0,152.0,-1259.0
-1169.0,-454.0,-810.0
-1629.0,31.0,-808.0
-1186.0,103.0,-1173.0
-1143.0,37.0,-1526.0
-1120.0,-269.0,-776.0
-1756.0,-101.0,-837.0
-1190.0,290.0,-1005.0
-1196.0,56.0,-1243.0
-1241.0,-150.0,-833.0
-1772.0,290.0,-991.0
-1184.0,50.0,-1223.0
-1229.0,220.0,-1315.0
-1233.0,-111.0,-940.0
-1731.0,46.0,-698.0
-1278.0,-277.0,-917.0
-1370.0,101.0,-1182.0
-1305.0,-42.0,-888.0
-1514.0,148.0,-1075.0
-1315.0,163.0,-1216.0
-1118.0,78.0,-1210.0
-1212.0,-105.0,-1065.0
-1442.0,-11.0,-819.0
-1380.0,-15.0,-923.0
-1180.0,39.0,-979.0
-1547.0,-122.0,-1095.0
-1460.0,-9.0,-987.0
-1444.0,532.0,-1286.0
-1171.0,0.0,-1011.0
-1745.0,-206.0,-895.0
-1268.0,-46.0,-730.0
-1387.0,165.0,-962.0
-1274.0,-15.0,-888.0
-1473.0,-361.0,-1237.0
-1393.0,564.0,-1284.0
-1405.0,341.0,-1036.0
-1286.0,-329.0,-1128.0
-1358.0,1.0,-954.0
-1223.0,-386.0,-817.0
-1385.0,292.0,-671.0
-1440.0,29.0,-1098.0
-1175.0,-167.0,-1077.0
-1639.0,56.0,-1177.0
-1165.0,66.0,-1149.0
-1331.0,160.0,-1188.0
-1097.0,37.0,-730.0
-1038.0,107.0,-956.0
-1202.0,91.0,-987.0
-1061.0,-263.0,-915.0
-1149.0,275.0,-991.0
-552.0,-230.0,-1260.0
-1126.0,216.0,-1300.0
-759.0,-345.0,-1048.0
-862.0,214.0,-989.0
-823.0,-70.0,-825.0
-720.0,185.0,-771.0
-817.0,-122.0,-944.0
-392.0,-302.0,-1114.0
-936.0,429.0,-1262.0
-378.0,175.0,-976.0
-560.0,154.0,-1303.0
-140.0,-396.0,-1048.0
-470.0,60.0,-878.0
-89.0,167.0,-534.0
-396.0,-91.0,-938.0
-203.0,-3.0,-1136.0
-314.0,197.0,-1059.0
-376.0,25.0,-1331.0
-60.0,9.0,-1040.0
-365.0,208.0,-966.0
9.0,-187.0,-628.0
-183.0,105.0,-882.0
-288.0,-167.0,-968.0
-154.0,-11.0,-1153.0
-121.0,247.0,-1104.0
-78.0,9.0,-1270.0
-101.0,197.0,-1044.0
-224.0,-341.0,-1044.0
-115.0,374.0,-772.0
-232.0,165.0,-765.0
-3.0,-91.0,-808.0
-175.0,-13.0,-1188.0
-119.0,-267.0,-1095.0
-220.0,50.0,-1212.0
-224.0,249.0,-946.0
50.0,-19.0,-1057.0
-347.0,13.0,-905.0
-191.0,-136.0,-938.0
-242.0,275.0,-874.0
-50.0,-35.0,-915.0
-281.0,224.0,-1231.0
-206.0,169.0,-1173.0
-154.0,-212.0,-1145.0
-160.0,-3.0,-1020.0
-101.0,-39.0,-612.0
-240.0,-148.0,-741.0
-296.0,-193.0,-989.0
-99.0,7.0,-1128.0
-140.0,407.0,-997.0
-169.0,29.0,-1095.0
-419.0,267.0,-1179.0
169.0,23.0,-841.0
-251.0,171.0,-925.0
101.0,-117.0,-989.0
-390.0,-13.0,-1083.0
3.0,-144.0,-753.0
-195.0,171.0,-1067.0
-70.0,-421.0,-1280.0
-17.0,148.0,-993.0
17.0,-80.0,-960.0
-162.0,15.0,-917.0
-115.0,91.0,-878.0
-15.0,171.0,-935.0
-87.0,525.0,-1048.0
-19.0,-95.0,-1108.0
-320.0,-169.0,-1192.0
197.0,409.0,-940.0
-89.0,81.0,-917.0
54.0,-230.0,-1052.0
-74.0,-160.0,-862.0
11.0,-392.0,-759.0
-236.0,281.0,-999.0
208.0,103.0,-989.0
39.0,175.0,-1067.0
-72.0,283.0,-1057.0
136.0,-15.0,-1243.0
21.0,191.0,-1007.0
253.0,-306.0,-733.0
-119.0,144.0,-995.0
37.0,-206.0,-964.0
76.0,136.0,-1018.0
-212.0,316.0,-1038.0
-62.0,-300.0,-1169.0
103.0,-54.0,-1194.0
76.0,193.0,-911.0
-66.0,50.0,-724.0
-97.0,134.0,-866.0
68.0,-70.0,-1138.0
-15.0,201.0,-1093.0
-187.0,70.0,-1028.0
-115.0,325.0,-1120.0
347.0,-121.0,-1249.0
-152.0,-179.0,-1065.0
-177.0,-97.0,-796.0
-138.0,-1.0,-856.0
19.0,140.0,-919.0
-46.0,-11.0,-1177.0
-89.0,7.0,-944.0
-23.0,113.0,-1052.0
95.0,93.0,-1307.0
-89.0,-13.0,-948.0
-17.0,-173.0,-812.0
13.0,206.0,-733.0
-136.0,-70.0,-1118.0
-9.0,162.0,-1063.0
-103.0,247.0,-1190.0
66.0,-115.0,-1071.0
-228.0,-80.0,-1186.0
64.0,-39.0,-935.0
-284.0,292.0,-794.0
107.0,-74.0,-640.0
91.0,-138.0,-1050.0
-52.0,-99.0,-1249.0
-56.0,378.0,-976.0
-78.0,409.0,-892.0
199.0,13.0,-1370.0
15.0,-126.0,-1100.0
117.0,-117.0,-665.0
50.0,-15.0,-751.0
33.0,-60.0,-1175.0
17.0,58.0,-1165.0
52.0,-175.0,-933.0
-304.0,210.0,-1122.0
224.0,37.0,-1130.0
52.0,121.0,-1059.0
-33.0,175.0,-603.0
37.0,-226.0,-765.0
107.0,7.0,-1163.0
-3.0,206.0,-1282.0
-78.0,331.0,-1038.0
-115.0,245.0,-952.0
242.0,-320.0,-1192.0
-128.0,-322.0,-1177.0
-68.0,-19.0,-550.0
-244.0,146.0,-882.0
81.0,95.0,-983.0
68.0,-277.0,-917.0
-124.0,312.0,-954.0
-242.0,148.0,-1237.0
103.0,339.0,-1132.0
173.0,197.0,-985.0
3.0,-220.0,-724.0
17.0,-201.0,-927.0
-64.0,-56.0,-970.0
208.0,343.0,-1048.0
-78.0,-191.0,-1143.0
-35.0,-203.0,-989.0
-251.0,171.0,-1114.0
62.0,169.0,-993.0
31.0,175.0,-835.0
-50.0,-70.0,-771.0
-154.0,111.0,-952.0
-11.0,21.0,-1077.0
97.0,261.0,-1003.0
-33.0,136.0,-1011.0
52.0,130.0,-1237.0
-117.0,-318.0,-1089.0
140.0,-283.0,-825.0
-66.0,265.0,-741.0
181.0,-95.0,-972.0
-175.0,-144.0,-1122.0
-44.0,263.0,-1095.0
-111.0,335.0,-1056.0
103.0,271.0,-977.0
-54.0,37.0,-1046.0
175.0,-25.0,-938.0
27.0,-230.0,-786.0
236.0,-191.0,-983.0
-85.0,415.0,-1098.0
259.0,-85.0,-1114.0
175.0,-93.0,-1056.0
39.0,23.0,-1028.0
372.0,-66.0,-958.0
156.0,327.0,-917.0
286.0,-181.0,-899.0
56.0,62.0,-995.0
329.0,-109.0,-985.0
173.0,302.0,-1007.0
185.0,244.0,-1016.0
290.0,11.0,-1223.0
776.0,-228.0,-1097.0
99.0,-265.0,-823.0
968.0,-136.0,-851.0
425.0,878.0,-985.0
1823.0,-544.0,-626.0
925.0,345.0,-1179.0
1331.0,-366.0,-1362.0
1497.0,439.0,-1001.0
1571.0,126.0,-993.0
1504.0,156.0,-1003.0
1292.0,-234.0,-1139.0
1573.0,-42.0,-933.0
1356.0,-163.0,-936.0
1487.0,378.0,-1015.0
1303.0,165.0,-1044.0
1315.0,175.0,-1108.0
1173.0,-353.0,-1048.0
1305.0,54.0,-884.0
1130.0,81.0,-530.0
1009.0,343.0,-983.0
1237.0,-409.0,-892.0
1061.0,497.0,-1149.0
1001.0,148.0,-1050.0
776.0,242.0,-1093.0
1194.0,-614.0,-1011.0
739.0,46.0,-976.0
997.0,234.0,-730.0
753.0,40.0,-1038.0
952.0,21.0,-1204.0
812.0,136.0,-1235.0
968.0,378.0,-956.0
886.0,294.0,-872.0
1046.0,-462.0,-942.0
1169.0,-195.0,-1093.0
1169.0,482.0,-1079.0
946.0,253.0,-940.0
1180.0,-187.0,-936.0
1348.0,-5.0,-1184.0
1237.0,355.0,-892.0
1294.0,-52.0,-1114.0
1368.0,-144.0,-1139.0
1286.0,-267.0,-1192.0
1465.0,40.0,-739.0
1038.0,386.0,-823.0
1479.0,-39.0,-835.0
1204.0,138.0,-1161.0
1467.0,35.0,-1044.0
1114.0,-21.0,-981.0
1485.0,-271.0,-1001.0
1456.0,230.0,-1087.0
1614.0,54.0,-837.0
1212.0,-121.0,-936.0
1602.0,-42.0,-837.0
1401.0,261.0,-1216.0
1190.0,396.0,-1003.0
1153.0,-402.0,-1243.0
1126.0,29.0,-1050.0
1393.0,-109.0,-1067.0
1149.0,560.0,-743.0
958.0,-269.0,-817.0
1184.0,-134.0,-989.0
1104.0,279.0,-1126.0
1188.0,525.0,-1128.0
1130.0,-31.0,-1180.0
1325.0,-146.0,-919.0
1305.0,-113.0,-942.0
1389.0,138.0,-778.0
1227.0,-95.0,-1050.0
1403.0,29.0,-1188.0
1300.0,593.0,-1288.0
1417.0,249.0,-1001.0
1378.0,-232.0,-810.0
1637.0,-341.0,-897.0
1327.0,117.0,-1167.0
1600.0,335.0,-1044.0
1387.0,-31.0,-1018.0
1575.0,-81.0,-964.0
1364.0,169.0,-1005.0
1506.0,388.0,-853.0
1382.0,-25.0,-925.0
1534.0,-48.0,-1034.0
1573.0,35.0,-1163.0
1454.0,107.0,-1044.0
1268.0,-195.0,-806.0
1489.0,-56.0,-884.0
1364.0,283.0,-1040.0
1323.0,396.0,-979.0
1163.0,-105.0,-1083.0
1583.0,-376.0,-1093.0
1300.0,179.0,-1220.0
1575.0,195.0,-858.0
1050.0,-134.0,-923.0
1487.0,-187.0,-761.0
938.0,91.0,-1243.0
1477.0,337.0,-905.0
829.0,15.0,-1184.0
1479.0,-80.0,-1102.0
1069.0,48.0,-1272.0
1504.0,376.0,-774.0
1128.0,-240.0,-732.0
1594.0,-306.0,-737.0
1235.0,296.0,-1159.0
1557.0,460.0,-1173.0
1253.0,177.0,-1212.0
1563.0,-312.0,-1173.0
1346.0,-1.0,-1020.0
1514.0,5.0,-687.0
1171.0,-13.0,-810.0
1467.0,-154.0,-993.0
1292.0,365.0,-1260.0
1391.0,327.0,-1138.0
1155.0,-99.0,-1028.0
1438.0,-269.0,-769.0
1253.0,130.0,-929.0
1549.0,210.0,-858.0
1290.0,-91.0,-1056.0
1624.0,-230.0,-993.0
1274.0,175.0,-1143.0
1590.0,421.0,-888.0
1284.0,119.0,-968.0
1563.0,-187.0,-1026.0
1225.0,-50.0,-1268.0
1569.0,-17.0,-1036.0
1175.0,-97.0,-964.0
1423.0,-146.0,-907.0
1243.0,413.0,-1079.0
1485.0,437.0,-954.0
1177.0,-1.0,-1056.0
1458.0,-214.0,-935.0
1272.0,-31.0,-1141.0
1434.0,242.0,-993.0
1180.0,-162.0,-1028.0
1233.0,-163.0,-890.0
1079.0,255.0,-1013.0
1100.0,417.0,-1013.0
1005.0,169.0,-1050.0
989.0,-189.0,-1065.0
1024.0,-23.0,-1198.0
1030.0,206.0,-1050.0
931.0,-93.0,-804.0
983.0,-162.0,-710.0
901.0,154.0,-935.0
915.0,368.0,-1065.0
788.0,29.0,-1155.0
827.0,-134.0,-1175.0
737.0,-15.0,-1139.0
796.0,136.0,-917.0
687.0,-60.0,-772.0
614.0,-23.0,-890.0
614.0,187.0,-1151.0
507.0,265.0,-1225.0
433.0,-39.0,-1114.0
425.0,-245.0,-981.0
365.0,105.0,-977.0
415.0,171.0,-960.0
316.0,-68.0,-946.0
275.0,-244.0,-956.0
244.0,150.0,-1016.0
218.0,322.0,-1026.0
216.0,85.0,-1020.0
122.0,-44.0,-1122.0
222.0,-19.0,-1180.0
191.0,13.0,-1056.0
220.0,-126.0,-862.0
76.0,-91.0,-837.0
216.0,210.0,-954.0
142.0,269.0,-1147.0
154.0,9.0,-1083.0
33.0,-62.0,-1063.0
201.0,-3.0,-1071.0
191.0,68.0,-1075.0
261.0,-95.0,-913.0
111.0,-89.0,-872.0
236.0,191.0,-970.0
181.0,193.0,-1083.0
181.0,54.0,-997.0
150.0,-9.0,-1044.0
236.0,-29.0,-1143.0
249.0,64.0,-1110.0
228.0,-146.0,-837.0
158.0,-46.0,-782.0
257.0,109.0,-899.0
169.0,244.0,-1098.0
201.0,99.0,-1098.0
64.0,-15.0,-1118.0
259.0,-3.0,-1091.0
181.0,-11.0,-1050.0
253.0,-105.0,-870.0
27.0,-37.0,-835.0
210.0,103.0,-972.0
58.0,199.0,-1165.0
134.0,121.0,-1093.0
-15.0,0.0,-1032.0
130.0,52.0,-1018.0
85.0,52.0,-1061.0
173.0,-97.0,-976.0
5.0,-99.0,-903.0
126.0,66.0,-942.0
39.0,245.0,-1065.0
89.0,160.0,-1048.0
-66.0,70.0,-1077.0
119.0,-19.0,-1132.0
103.0,-80.0,-1143.0
144.0,-105.0,-929.0
-48.0,-15.0,-778.0
95.0,175.0,-895.0
56.0,220.0,-1163.0
33.0,107.0,-1139.0
-37.0,-50.0,-999.0
66.0,-21.0,-1026.0
74.0,9.0,-1104.0
128.0,-72.0,-962.0
-19.0,-39.0,-849.0
60.0,-15.0,-921.0
27.0,115.0,-1056.0
46.0,204.0,-1054.0
-5.0,99.0,-1001.0
80.0,-52.0,-1118.0
50.0,-15.0,-1145.0
76.0,-74.0,-950.0
-3.0,-56.0,-796.0
91.0,0.0,-895.0
5.0,191.0,-1059.0
25.0,171.0,-1124.0
-72.0,87.0,-1091.0
54.0,37.0,-1118.0
21.0,-52.0,-1100.0
68.0,-35.0,-917.0
-17.0,-144.0,-759.0
27.0,56.0,-944.0
-1.0,203.0,-1122.0
-35.0,193.0,-1194.0
-58.0,-1.0,-1054.0
-66.0,-70.0,-964.0
-40.0,39.0,-936.0
-48.0,52.0,-1009.0
-68.0,-39.0,-1028.0
-107.0,-126.0,-1038.0
-66.0,66.0,-983.0
-124.0,206.0,-1005.0
-109.0,251.0,-958.0
-87.0,-9.0,-1028.0
-1.0,-76.0,-1159.0
-37.0,-74.0,-1128.0
-5.0,-81.0,-890.0
-103.0,-27.0,-868.0
37.0,109.0,-991.0
-40.0,216.0,-1134.0
-9.0,144.0,-1046.0
-35.0,25.0,-1098.0
56.0,-56.0,-1098.0
64.0,-48.0,-1050.0
140.0,-68.0,-903.0
142.0,105.0,-987.0
5.0,244.0,-1020.0
48.0,111.0,-1005.0
-29.0,-31.0,-1120.0
89.0,-60.0,-1110.0
46.0,-21.0,-1065.0
66.0,-13.0,-849.0
-44.0,-25.0,-862.0
132.0,29.0,-950.0
-7.0,238.0,-1114.0
54.0,169.0,-1075.0
-21.0,-3.0,-1097.0
146.0,-87.0,-1097.0
50.0,-29.0,-993.0
156.0,-31.0,-837.0
-56.0,-13.0,-890.0
83.0,160.0,-1057.0
-23.0,206.0,-1169.0
46.0,76.0,-1097.0
-70.0,3.0,-987.0
33.0,-13.0,-987.0
-5.0,76.0,-1028.0
68.0,-21.0,-1016.0
-81.0,-117.0,-1015.0
81.0,3.0,-1005.0
-66.0,187.0,-1007.0
-27.0,224.0,-913.0
-81.0,78.0,-1030.0
101.0,-70.0,-1179.0
35.0,-117.0,-1179.0
76.0,-99.0,-921.0
-109.0,13.0,-784.0
93.0,121.0,-890.0
-40.0,195.0,-1136.0
27.0,70.0,-1104.0
-95.0,-50.0,-1069.0
44.0,-7.0,-1038.0
-25.0,-3.0,-1100.0
74.0,-1.0,-933.0
-76.0,-78.0,-925.0
60.0,13.0,-985.0
-72.0,142.0,-1071.0
-7.0,167.0,-977.0
-70.0,119.0,-1046.0
25.0,-29.0,-1138.0
31.0,-99.0,-1204.0
21.0,-23.0,-931.0
-72.0,-60.0,-804.0
54.0,113.0,-864.0
-66.0,160.0,-1114.0
37.0,83.0,-1149.0
-105.0,46.0,-1057.0
52.0,-13.0,-1007.0
-37.0,-29.0,-1042.0
99.0,-40.0,-968.0
-78.0,-44.0,-901.0
29.0,15.0,-954.0
-35.0,167.0,-1087.0
0.0,140.0,-1024.0
-66.0,31.0,-989.0
5.0,15.0,-1061.0
15.0,0.0,-1155.0
62.0,-54.0,-1013.0
-42.0,-74.0,-866.0
23.0,15.0,-884.0
-23.0,130.0,-1030.0
11.0,261.0,-1050.0
-74.0,101.0,-1009.0
-1.0,-19.0,-1126.0
15.0,-101.0,-1198.0
48.0,-89.0,-1009.0
-50.0,-5.0,-767.0
-17.0,89.0,-872.0
-42.0,261.0,-1067.0
7.0,76.0,-1188.0
-56.0,11.0,-1089.0
-40.0,-13.0,-1018.0
29.0,-5.0,-1042.0
50.0,39.0,-997.0
-7.0,-48.0,-923.0
-40.0,-44.0,-960.0
3.0,126.0,-1020.0
19.0,122.0,-1071.0
-54.0,138.0,-981.0
-58.0,-27.0,-1042.0
19.0,-37.0,-1136.0
40.0,-17.0,-1079.0
21.0,-74.0,-849.0
-89.0,40.0,-839.0
56.0,87.0,-1028.0
-17.0,187.0,-1155.0
-15.0,78.0,-1046.0
-42.0,-17.0,-1028.0
1.0,15.0,-1015.0
52.0,-19.0,-1054.0
31.0,-60.0,-919.0
-72.0,-3.0,-952.0
58.0,119.0,-1026.0
-40.0,177.0,-1083.0
7.0,44.0,-995.0
-76.0,-1.0,-999.0
76.0,19.0,-1081.0
31.0,33.0,-1120.0
11.0,-39.0,-987.0
-74.0,-160.0,-913.0
37.0,52.0,-931.0
-44.0,193.0,-1005.0
5.0,201.0,-1001.0
-93.0,101.0,-1122.0
66.0,-56.0,-1214.0
40.0,-117.0,-1141.0
66.0,-111.0,-813.0
-81.0,35.0,-772.0
42.0,187.0,-933.0
-23.0,201.0,-1210.0
5.0,-29.0,-1118.0
-87.0,-27.0,-1050.0
89.0,-19.0,-1001.0
-9.0,97.0,-1016.0
99.0,-76.0,-915.0
-105.0,-66.0,-946.0
64.0,52.0,-1011.0
-74.0,156.0,-1098.0
-23.0,175.0,-966.0
-83.0,80.0,-970.0
72.0,-46.0,-1118.0
37.0,-56.0,-1169.0
64.0,-64.0,-899.0
-66.0,-48.0,-847.0
17.0,103.0,-956.0
-25.0,191.0,-1134.0
13.0,62.0,-1100.0
-83.0,46.0,-1036.0
37.0,-13.0,-993.0
-11.0,-7.0,-1075.0
64.0,-64.0,-964.0
-81.0,-46.0,-946.0
46.0,64.0,-991.0
-66.0,201.0,-1048.0
-15.0,101.0,-970.0
-89.0,3.0,-991.0
29.0,-29.0,-1097.0
-11.0,13.0,-1155.0
78.0,-40.0,-1007.0
-85.0,-40.0,-868.0
31.0,0.0,-905.0
-42.0,136.0,-1015.0
21.0,150.0,-1020.0
-81.0,179.0,-1046.0
27.0,-50.0,-1159.0
11.0,-40.0,-1182.0
80.0,-146.0,-968.0
-64.0,-64.0,-757.0
7.0,191.0,-839.0
-72.0,212.0,-1136.0
25.0,60.0,-1204.0
-103.0,-9.0,-1057.0
56.0,-19.0,-1028.0
-46.0,52.0,-1036.0
80.0,17.0,-960.0
-48.0,-64.0,-907.0
-31.0,-37.0,-995.0
-1.0,126.0,-1097.0
-37.0,183.0,-1032.0
-37.0,117.0,-966.0
-46.0,-50.0,-1067.0
62.0,-25.0,-1155.0
39.0,-74.0,-1036.0
-21.0,29.0,-851.0
-23.0,9.0,-866.0
3.0,134.0,-1020.0
-5.0,132.0,-1165.0
-39.0,48.0,-1052.0
-33.0,-9.0,-991.0
3.0,-5.0,-1028.0
52.0,-25.0,-1050.0
21.0,-80.0,-936.0
-60.0,-13.0,-979.0
11.0,140.0,-1005.0
-21.0,201.0,-1065.0
-15.0,52.0,-968.0
-70.0,0.0,-1061.0
80.0,-21.0,-1159.0
11.0,15.0,-1141.0
39.0,-58.0,-901.0
-95.0,-40.0,-851.0
101.0,39.0,-942.0
-31.0,160.0,-1065.0
-11.0,175.0,-1018.0
-62.0,33.0,-1136.0
68.0,-68.0,-1177.0
0.0,-46.0,-1089.0
74.0,-99.0,-792.0
-85.0,37.0,-786.0
29.0,214.0,-1001.0
-11.0,167.0,-1225.0
-13.0,1.0,-1102.0
-56.0,-76.0,-1048.0
46.0,9.0,-1003.0
52.0,95.0,-997.0
19.0,-21.0,-913.0
-56.0,-91.0,-997.0
35.0,29.0,-1052.0
-39.0,193.0,-1071.0
-9.0,158.0,-938.0
-89.0,13.0,-1024.0
58.0,-21.0,-1118.0
56.0,-44.0,-1155.0
21.0,-37.0,-905.0
-97.0,-50.0,-835.0
31.0,117.0,-938.0
-40.0,206.0,-1139.0
11.0,60.0,-1071.0
-80.0,33.0,-1020.0
25.0,-19.0,-1042.0
-31.0,5.0,-1075.0
74.0,-66.0,-968.0
-76.0,-80.0,-936.0
52.0,115.0,-997.0
-83.0,197.0,-1048.0
17.0,81.0,-962.0
-95.0,25.0,-1009.0
64.0,-37.0,-1132.0
-5.0,19.0,-1179.0
81.0,-89.0,-944.0
-117.0,-56.0,-823.0
70.0,66.0,-897.0
-46.0,160.0,-1077.0
-15.0,154.0,-1011.0
-107.0,105.0,-1093.0
58.0,-35.0,-1165.0
-19.0,-19.0,-1141.0
121.0,-122.0,-837.0
-103.0,-40.0,-798.0
40.0,163.0,-919.0
-33.0,210.0,-1169.0
40.0,37.0,-1141.0
-85.0,-31.0,-1036.0
39.0,-29.0,-999.0
-5.0,54.0,-1036.0
66.0,9.0,-942.0
-46.0,-78.0,-974.0
11.0,-25.0,-974.0
-40.0,105.0,-1077.0
-5.0,189.0,-1005.0
-64.0,81.0,-968.0
-3.0,-15.0,-1075.0
21.0,-48.0,-1177.0
31.0,-74.0,-1018.0
-44.0,-48.0,-835.0
15.0,72.0,-911.0
-23.0,185.0,-1077.0
11.0,91.0,-1138.0
-81.0,39.0,-1046.0
-1.0,-29.0,-999.0
-25.0,35.0,-1065.0
93.0,-31.0,-1036.0
-7.0,-60.0,-956.0
-5.0,-13.0,-958.0
-33.0,171.0,-1005.0
3.0,160.0,-972.0
-72.0,91.0,-999.0
-52.0,-33.0,-1130.0
52.0,-40.0,-1188.0
81.0,-40.0,-1056.0
-11.0,-15.0,-806.0
-48.0,9.0,-866.0
27.0,134.0,-997.0
-17.0,124.0,-1104.0
-68.0,101.0,-1057.0
-7.0,-13.0,-1155.0
21.0,-37.0,-1112.0
78.0,-85.0,-981.0
-37.0,-23.0,-782.0
-13.0,23.0,-911.0
-23.0,210.0,-1050.0
-27.0,158.0,-1206.0
-35.0,0.0,-1069.0
-37.0,-81.0,-1009.0
35.0,40.0,-985.0
21.0,56.0,-1003.0
33.0,-31.0,-972.0
-68.0,-80.0,-991.0
31.0,87.0,-1046.0
-3.0,160.0,-1034.0
-37.0,152.0,-964.0
-54.0,-17.0,-1038.0
33.0,-39.0,-1138.0
70.0,-15.0,-1118.0
39.0,-89.0,-909.0
-89.0,39.0,-868.0
39.0,101.0,-968.0
-1.0,150.0,-1120.0
-9.0,80.0,-1071.0
-56.0,19.0,-1040.0
50.0,17.0,-1040.0
25.0,-3.0,-1075.0
31.0,-66.0,-938.0
-74.0,-56.0,-942.0
39.0,121.0,-976.0
-44.0,162.0,-1065.0
-52.0,117.0,-958.0
-62.0,-9.0,-1057.0
56.0,25.0,-1149.0
52.0,-23.0,-1157.0
35.0,-56.0,-878.0
-87.0,-56.0,-819.0
68.0,89.0,-915.0
-35.0,152.0,-1124.0
-35.0,132.0,-1052.0
-76.0,7.0,-1126.0
83.0,-1.0,-1134.0
1.0,-25.0,-1030.0
70.0,-74.0,-821.0
-101.0,-39.0,-841.0
72.0,78.0,-1022.0
-81.0,255.0,-1206.0
3.0,58.0,-1093.0
-87.0,-35.0,-1007.0
72.0,-39.0,-995.0
-11.0,70.0,-1040.0
76.0,-5.0,-985.0
-68.0,-44.0,-968.0
39.0,-37.0,-1028.0
-64.0,162.0,-1054.0
-46.0,160.0,-938.0
-62.0,105.0,-979.0
39.0,-11.0,-1145.0
7.0,-48.0,-1157.0
76.0,-146.0,-987.0
-93.0,-7.0,-819.0
21.0,126.0,-923.0
-21.0,204.0,-1056.0
0.0,91.0,-1077.0
-72.0,3.0,-1048.0
11.0,-15.0,-1038.0
-11.0,23.0,-1075.0
103.0,-37.0,-950.0
-46.0,-33.0,-938.0
15.0,-15.0,-962.0
-56.0,146.0,-1018.0
19.0,175.0,-1013.0
-46.0,72.0,-1005.0
3.0,-33.0,-1141.0
17.0,-44.0,-1200.0
66.0,-72.0,-1005.0
-50.0,-27.0,-802.0
9.0,76.0,-851.0
-7.0,134.0,-1059.0
9.0,134.0,-1095.0
-54.0,35.0,-1093.0
33.0,3.0,-1126.0
-21.0,-44.0,-1079.0
54.0,-42.0,-919.0
-48.0,-66.0,-812.0
1.0,42.0,-972.0
-35.0,247.0,-1114.0
13.0,119.0,-1145.0
-58.0,-29.0,-1026.0
7.0,-48.0,-997.0
5.0,31.0,-1013.0
78.0,81.0,-1003.0
-37.0,-46.0,-976.0
5.0,-76.0,-1036.0
-17.0,85.0,-1007.0
3.0,136.0,-979.0
-54.0,160.0,-958.0
-44.0,11.0,-1065.0
80.0,-50.0,-1190.0
66.0,-56.0,-1106.0
21.0,-48.0,-858.0
-78.0,19.0,-829.0
72.0,134.0,-1001.0
-42.0,167.0,-1124.0
-21.0,39.0,-1071.0
-68.0,-5.0,-1057.0
80.0,25.0,-1079.0
33.0,-19.0,-1028.0
40.0,-74.0,-905.0
-80.0,-37.0,-936.0
87.0,89.0,-1013.0
-56.0,212.0,-1067.0
-7.0,89.0,-977.0
-97.0,0.0,-1104.0
95.0,-25.0,-1138.0
-19.0,-21.0,-1098.0
68.0,-89.0,-856.0
-113.0,13.0,-821.0
72.0,128.0,-942.0
-42.0,169.0,-1139.0
-33.0,80.0,-1077.0
-80.0,-5.0,-1122.0
99.0,-5.0,-1097.0
15.0,1.0,-985.0
70.0,-66.0,-821.0
-87.0,-39.0,-917.0
56.0,167.0,-1079.0
-39.0,171.0,-1163.0
-1.0,35.0,-1059.0
-85.0,-56.0,-968.0
81.0,7.0,-1009.0
1.0,85.0,-1030.0
46.0,17.0,-1005.0
-78.0,-105.0,-1020.0
62.0,-29.0,-991.0
-52.0,148.0,-997.0
-1.0,183.0,-954.0
-91.0,113.0,-1013.0
76.0,-13.0,-1180.0
0.0,-70.0,-1200.0
56.0,-87.0,-923.0
-111.0,-50.0,-810.0
42.0,152.0,-919.0
-58.0,175.0,-1097.0
13.0,89.0,-1077.0
-107.0,-29.0,-1083.0
76.0,21.0,-1065.0
-44.0,9.0,-1052.0
140.0,-39.0,-931.0
-105.0,-78.0,-907.0
68.0,42.0,-989.0
-99.0,163.0,-1056.0
21.0,136.0,-993.0
-119.0,81.0,-1028.0
46.0,-39.0,-1141.0
9.0,-29.0,-1173.0
83.0,-68.0,-917.0
-72.0,-48.0,-817.0
21.0,119.0,-884.0
-64.0,136.0,-1128.0
19.0,109.0,-1108.0
-93.0,70.0,-1079.0
91.0,-21.0,-1075.0
-21.0,-29.0,-1054.0
80.0,-66.0,-897.0
-66.0,-56.0,-876.0
40.0,52.0,-974.0
-42.0,183.0,-1143.0
-19.0,121.0,-1097.0
-72.0,5.0,-1011.0
33.0,-42.0,-976.0
-11.0,13.0,-1030.0
70.0,17.0,-1020.0
-27.0,-37.0,-1013.0
-5.0,-39.0,-1001.0
-23.0,89.0,-993.0
17.0,167.0,-962.0
-33.0,144.0,-977.0
0.0,-31.0,-1136.0
9.0,-44.0,-1220.0
80.0,-91.0,-1015.0
-1.0,-25.0,-837.0
-11.0,66.0,-853.0
-27.0,191.0,-1024.0
21.0,109.0,-1108.0
-62.0,1.0,-1063.0
23.0,-46.0,-1050.0
-21.0,44.0,-1038.0
101.0,35.0,-1020.0
-13.0,-48.0,-899.0
-25.0,-50.0,-958.0
7.0,66.0,-1016.0
-1.0,144.0,-1028.0
-42.0,160.0,-1001.0
-27.0,-5.0,-1108.0
54.0,-58.0,-1169.0
21.0,-5.0,-1061.0
39.0,-54.0,-825.0
-78.0,35.0,-831.0
19.0,111.0,-1015.0
-11.0,124.0,-1149.0
-40.0,89.0,-1071.0
-35.0,-15.0,-1102.0
21.0,1.0,-1026.0
50.0,5.0,-974.0
7.0,-31.0,-874.0
-52.0,-27.0,-974.0
11.0,111.0,-1069.0
-46.0,181.0,-1104.0
5.0,80.0,-1038.0
-54.0,-27.0,-1013.0
48.0,9.0,-1022.0
-13.0,25.0,-1038.0
56.0,-25.0,-987.0
-68.0,-93.0,-1003.0
54.0,25.0,-979.0
-80.0,206.0,-1001.0
19.0,115.0,-927.0
-101.0,105.0,-1085.0
78.0,-35.0,-1192.0
13.0,-60.0,-1138.0
48.0,-115.0,-884.0
-101.0,5.0,-804.0
27.0,142.0,-901.0
-29.0,255.0,-1165.0
-13.0,0.0,-1098.0
-89.0,-21.0,-1083.0
29.0,-50.0,-1042.0
1.0,101.0,-1054.0
81.0,-44.0,-909.0
-83.0,-44.0,-931.0
40.0,33.0,-987.0
-72.0,154.0,-1102.0
-9.0,138.0,-966.0
-85.0,93.0,-1028.0
89.0,-54.0,-1147.0
13.0,-23.0,-1145.0
85.0,-85.0,-890.0
-122.0,-3.0,-819.0
33.0,99.0,-942.0
-46.0,171.0,-1126.0
31.0,101.0,-1104.0
-74.0,11.0,-1085.0
66.0,-44.0,-1024.0
-23.0,11.0,-1036.0
89.0,-37.0,-921.0
-91.0,-39.0,-936.0
60.0,50.0,-1009.0
-78.0,179.0,-1091.0
46.0,93.0,-1063.0
-99.0,0.0,-987.0
25.0,-21.0,-1009.0
-19.0,33.0,-1073.0
68.0,9.0,-1013.0
-35.0,-81.0,-989.0
21.0,1.0,-960.0
-58.0,107.0,-987.0
13.0,181.0,-946.0
-81.0,138.0,-1005.0
29.0,-37.0,-1169.0
5.0,-37.0,-1214.0
70.0,-109.0,-991.0
-33.0,-62.0,-782.0
-3.0,150.0,-806.0
-13.0,212.0,-1102.0
17.0,64.0,-1139.0
-93.0,17.0,-1091.0
27.0,-52.0,-1059.0
-11.0,40.0,-1054.0
119.0,-27.0,-954.0
-48.0,-35.0,-894.0
7.0,-33.0,-964.0
-27.0,105.0,-1081.0
-19.0,185.0,-1030.0
-56.0,134.0,-989.0
-15.0,-42.0,-1079.0
50.0,-40.0,-1177.0
68.0,-70.0,-1003.0
-27.0,13.0,-819.0
-13.0,-7.0,-866.0
-9.0,171.0,-1028.0
-11.0,134.0,-1173.0
-48.0,97.0,-1077.0
-17.0,-42.0,-1028.0
33.0,-39.0,-1030.0
33.0,5.0,-956.0
33.0,-50.0,-940.0
-33.0,-23.0,-979.0
-15.0,167.0,-1059.0
5.0,119.0,-1069.0
-50.0,58.0,-989.0
-25.0,-48.0,-1018.0
25.0,70.0,-1056.0
72.0,19.0,-1069.0
3.0,-42.0,-997.0
-46.0,-126.0,-956.0
39.0,68.0,-935.0
-13.0,181.0,-985.0
-40.0,206.0,-997.0
-52.0,-19.0,-1136.0
46.0,-31.0,-1180.0
21.0,-50.0,-1114.0
62.0,-80.0,-841.0
-101.0,17.0,-784.0
40.0,204.0,-976.0
-15.0,154.0,-1198.0
-25.0,9.0,-1102.0
-66.0,-46.0,-1028.0
56.0,17.0,-1028.0
39.0,76.0,-1063.0
-1.0,-40.0,-913.0
-66.0,-85.0,-948.0
31.0,68.0,-1013.0
-35.0,146.0,-1098.0
-56.0,165.0,-956.0
-42.0,31.0,-1059.0
27.0,-1.0,-1126.0
50.0,-68.0,-1159.0
3.0,-48.0,-866.0
-81.0,-29.0,-837.0
29.0,115.0,-935.0
-56.0,171.0,-1167.0
11.0,99.0,-1100.0
-87.0,-13.0,-1034.0
70.0,9.0,-987.0
-15.0,-9.0,-1034.0
97.0,-44.0,-936.0
-107.0,-54.0,-942.0
31.0,74.0,-1003.0
-52.0,183.0,-1102.0
3.0,54.0,-1003.0
-66.0,29.0,-987.0
33.0,-23.0,-1057.0
-42.0,56.0,-1153.0
101.0,-64.0,-979.0
-99.0,-50.0,-901.0
31.0,-5.0,-946.0
-70.0,126.0,-1034.0
0.0,189.0,-940.0
-87.0,148.0,-1042.0
103.0,-35.0,-1194.0
17.0,-66.0,-1171.0
105.0,-117.0,-892.0
-101.0,-31.0,-757.0
21.0,189.0,-880.0
-46.0,185.0,-1155.0
35.0,72.0,-1132.0
-80.0,-46.0,-1073.0
66.0,-13.0,-1015.0
-17.0,29.0,-1042.0
89.0,5.0,-931.0
-56.0,-56.0,-933.0
21.0,-39.0,-999.0
-50.0,154.0,-1075.0
-7.0,162.0,-1005.0
-52.0,68.0,-991.0
-11.0,-19.0,-1093.0
13.0,-33.0,-1153.0
83.0,-58.0,-995.0
-68.0,-23.0,-804.0
-5.0,42.0,-909.0
-42.0,206.0,-1056.0
21.0,105.0,-1141.0
-76.0,35.0,-1052.0
3.0,-25.0,-1015.0
-37.0,-13.0,-1032.0
101.0,-31.0,-1009.0
-31.0,-44.0,-946.0
-13.0,-3.0,-974.0
-27.0,152.0,-1046.0
27.0,140.0,-1018.0
-62.0,19.0,-970.0
-35.0,11.0,-1059.0
-9.0,62.0,-1116.0
87.0,21.0,-1083.0
-52.0,-44.0,-895.0
-44.0,-60.0,-905.0
35.0,50.0,-960.0
11.0,195.0,-1011.0
-58.0,130.0,-1003.0
-35.0,-5.0,-1175.0
23.0,-66.0,-1210.0
68.0,-128.0,-1067.0
-15.0,-1.0,-772.0
-23.0,52.0,-827.0
23.0,191.0,-1007.0
-19.0,165.0,-1218.0
-15.0,-21.0,-1100.0
-44.0,-31.0,-1007.0
0.0,58.0,-1015.0
56.0,50.0,-985.0
5.0,-44.0,-925.0
-52.0,-103.0,-977.0
-7.0,60.0,-1013.0
5.0,214.0,-1081.0
-33.0,117.0,-968.0
-54.0,48.0,-1042.0
44.0,-44.0,-1143.0
48.0,-15.0,-1079.0
39.0,-58.0,-894.0
-97.0,-15.0,-843.0
40.0,126.0,-970.0
-19.0,156.0,-1139.0
7.0,78.0,-1081.0
-56.0,5.0,-1013.0
70.0,-5.0,-1007.0
25.0,-9.0,-1073.0
33.0,-40.0,-960.0
-89.0,-50.0,-954.0
35.0,109.0,-1007.0
-46.0,197.0,-1087.0
-15.0,54.0,-985.0
-66.0,-29.0,-1007.0
50.0,3.0,-1106.0
3.0,60.0,-1167.0
52.0,-60.0,-944.0
-107.0,-70.0,-876.0
46.0,9.0,-919.0
-58.0,175.0,-1054.0
15.0,175.0,-1005.0
-107.0,91.0,-1077.0
81.0,17.0,-1182.0
33.0,-113.0,-1159.0
54.0,-85.0,-841.0
-124.0,-23.0,-765.0
72.0,150.0,-936.0
-58.0,218.0,-1200.0
44.0,17.0,-1130.0
-115.0,-50.0,-1063.0
78.0,1.0,-981.0
-27.0,29.0,-1038.0
64.0,-1.0,-915.0
-74.0,-54.0,-954.0
19.0,9.0,-1030.0
-80.0,162.0,-1106.0
-33.0,140.0,-962.0
-66.0,62.0,-987.0
21.0,-35.0,-1102.0
40.0,-5.0,-1161.0
58.0,-103.0,-983.0
-78.0,-3.0,-837.0
-31.0,72.0,-892.0
21.0,177.0,-1141.0
-11.0,119.0,-1089.0
-66.0,29.0,-1044.0
25.0,-37.0,-991.0
-29.0,19.0,-1073.0
136.0,-68.0,-993.0
-74.0,-56.0,-944.0
-1.0,44.0,-976.0
-58.0,163.0,-1034.0
25.0,132.0,-997.0
-80.0,25.0,-987.0
0.0,-15.0,-1093.0
9.0,27.0,-1192.0
70.0,-13.0,-1009.0
-19.0,-17.0,-856.0
13.0,-54.0,-901.0
-50.0,126.0,-987.0
23.0,193.0,-1048.0
-56.0,89.0,-1059.0
11.0,0.0,-1143.0
23.0,-76.0,-1184.0
93.0,-126.0,-954.0
-58.0,-3.0,-749.0
23.0,107.0,-868.0
-27.0,224.0,-1128.0
0.0,128.0,-1186.0
-74.0,-17.0,-1069.0
37.0,-27.0,-987.0
-42.0,54.0,-1020.0
93.0,37.0,-966.0
-23.0,-72.0,-935.0
-19.0,-109.0,-1013.0
-27.0,95.0,-1056.0
31.0,162.0,-1042.0
-66.0,156.0,-985.0
-42.0,-5.0,-1057.0
78.0,-72.0,-1153.0
56.0,-44.0,-1083.0
23.0,-42.0,-851.0
-66.0,40.0,-839.0
1.0,142.0,-1018.0
-15.0,124.0,-1145.0
-46.0,25.0,-1040.0
-40.0,-1.0,-1009.0
-9.0,46.0,-1013.0
76.0,-29.0,-1065.0
25.0,-68.0,-942.0
-42.0,-44.0,-968.0
3.0,115.0,-976.0
-44.0,212.0,-1016.0
-54.0,115.0,-977.0
-56.0,-35.0,-1081.0
56.0,-15.0,-1149.0
60.0,-19.0,-1124.0
19.0,-25.0,-876.0
-68.0,-66.0,-868.0
64.0,74.0,-927.0
-37.0,177.0,-1077.0
-3.0,150.0,-1057.0
-101.0,91.0,-1122.0
74.0,-13.0,-1145.0
27.0,-72.0,-1069.0
74.0,-89.0,-821.0
-115.0,0.0,-823.0
78.0,152.0,-993.0
-25.0,245.0,-1196.0
7.0,5.0,-1110.0
-64.0,-40.0,-1050.0
56.0,5.0,-974.0
0.0,68.0,-1003.0
33.0,-17.0,-950.0
-74.0,-66.0,-970.0
35.0,19.0,-1042.0
-54.0,177.0,-1089.0
-21.0,142.0,-938.0
-56.0,74.0,-970.0
42.0,-37.0,-1139.0
17.0,-29.0,-1171.0
42.0,-109.0,-936.0
-107.0,-15.0,-851.0
13.0,121.0,-927.0
-31.0,148.0,-1112.0
13.0,105.0,-1085.0
-80.0,5.0,-1040.0
40.0,9.0,-1020.0
-31.0,-1.0,-1093.0
66.0,-60.0,-972.0
-91.0,-60.0,-950.0
40.0,44.0,-1003.0
-58.0,175.0,-1052.0
-9.0,126.0,-935.0
-76.0,60.0,-1009.0
29.0,-52.0,-1159.0
-11.0,3.0,-1218.0
72.0,-62.0,-958.0
-70.0,-37.0,-819.0
5.0,17.0,-860.0
-66.0,177.0,-1069.0
35.0,122.0,-1061.0
-107.0,121.0,-1122.0
33.0,-11.0,-1143.0
-5.0,-60.0,-1087.0
97.0,-103.0,-884.0
-101.0,-48.0,-815.0
48.0,115.0,-929.0
-50.0,197.0,-1153.0
35.0,109.0,-1159.0
-93.0,-60.0,-1036.0
72.0,-9.0,-991.0
-62.0,85.0,-995.0
107.0,78.0,-985.0
-89.0,-58.0,-931.0
27.0,-50.0,-1040.0
-72.0,121.0,-1056.0
19.0,189.0,-976.0
-78.0,121.0,-952.0
-19.0,-44.0,-1083.0
33.0,-44.0,-1171.0
80.0,-80.0,-1038.0
-31.0,-29.0,-868.0
-21.0,13.0,-872.0
13.0,173.0,-1018.0
11.0,111.0,-1091.0
-42.0,33.0,-1065.0
-21.0,-23.0,-1028.0
-15.0,27.0,-1069.0
89.0,-17.0,-1022.0
-7.0,-89.0,-948.0
-42.0,-29.0,-946.0
7.0,80.0,-976.0
7.0,253.0,-1011.0
-54.0,68.0,-944.0
-13.0,3.0,-1128.0
50.0,-68.0,-1186.0
35.0,3.0,-1097.0
1.0,-37.0,-819.0
-35.0,3.0,-819.0
31.0,124.0,-948.0
17.0,103.0,-1132.0
-35.0,107.0,-1087.0
-33.0,35.0,-1126.0
56.0,-33.0,-1089.0
48.0,1.0,-985.0
52.0,-81.0,-802.0
-33.0,-11.0,-892.0
7.0,216.0,-1073.0
-1.0,189.0,-1196.0
-3.0,-1.0,-1069.0
-46.0,-37.0,-997.0
62.0,39.0,-1009.0
17.0,68.0,-1018.0
29.0,-11.0,-972.0
-64.0,-83.0,-1011.0
31.0,56.0,-1036.0
-40.0,171.0,-1020.0
-44.0,179.0,-944.0
-46.0,35.0,-1032.0
87.0,-7.0,-1130.0
66.0,-91.0,-1157.0
-9.0,-70.0,-927.0
-58.0,-50.0,-843.0
31.0,191.0,-946.0
-21.0,165.0,-1116.0
-46.0,54.0,-1069.0
-93.0,-11.0,-1052.0
39.0,13.0,-1042.0
-1.0,52.0,-1052.0
44.0,-76.0,-946.0
-78.0,-111.0,-940.0
35.0,60.0,-972.0
-80.0,253.0,-1032.0
7.0,68.0,-993.0
-119.0,78.0,-1042.0
81.0,-13.0,-1186.0
-7.0,-52.0,-1147.0
64.0,-56.0,-901.0
-119.0,-60.0,-823.0
50.0,119.0,-927.0
-64.0,179.0,-1100.0
-9.0,81.0,-1081.0
-107.0,85.0,-1122.0
97.0,0.0,-1114.0
11.0,-44.0,-1040.0
83.0,-103.0,-829.0
-85.0,-72.0,-862.0
42.0,144.0,-1007.0
-62.0,238.0,-1180.0
0.0,107.0,-1110.0
-85.0,-33.0,-1034.0
54.0,-19.0,-970.0
-19.0,64.0,-1001.0
70.0,33.0,-977.0
-80.0,-50.0,-1020.0
40.0,-40.0,-1011.0
-58.0,105.0,-1005.0
42.0,173.0,-970.0
-80.0,111.0,-960.0
27.0,-23.0,-1132.0
15.0,-72.0,-1198.0
70.0,-89.0,-1009.0
-40.0,-31.0,-843.0
13.0,80.0,-903.0
-33.0,216.0,-1044.0
25.0,70.0,-1098.0
-81.0,11.0,-1056.0
5.0,-33.0,-1069.0
-19.0,5.0,-1069.0
72.0,-3.0,-985.0
-5.0,-72.0,-913.0
-15.0,-42.0,-946.0
-48.0,142.0,-1016.0
27.0,136.0,-1024.0
-68.0,140.0,-1007.0
-21.0,-23.0,-1108.0
27.0,-58.0,-1175.0
80.0,-80.0,-1034.0
-52.0,-19.0,-815.0
25.0,9.0,-853.0
11.0,167.0,-995.0
19.0,111.0,-1091.0
-60.0,74.0,-1077.0
35.0,-3.0,-1134.0
7.0,-17.0,-1089.0
107.0,-48.0,-935.0
-37.0,-48.0,-796.0
33.0,0.0,-964.0
-19.0,199.0,-1104.0
15.0,204.0,-1159.0
-33.0,3.0,-1024.0
27.0,-54.0,-983.0
-7.0,33.0,-995.0
81.0,66.0,-1015.0
-33.0,-3.0,-1005.0
-15.0,-85.0,-1016.0
-11.0,46.0,-1003.0
-5.0,187.0,-970.0
-40.0,169.0,-927.0
-25.0,54.0,-1075.0
89.0,-29.0,-1196.0
78.0,-85.0,-1093.0
25.0,-76.0,-897.0
-70.0,1.0,-823.0
37.0,136.0,-954.0
-9.0,212.0,-1132.0
-39.0,19.0,-1057.0
-31.0,-37.0,-1057.0
25.0,9.0,-1046.0
23.0,44.0,-1034.0
17.0,-64.0,-903.0
-74.0,-83.0,-936.0
39.0,44.0,-991.0
-52.0,183.0,-1052.0
-33.0,140.0,-979.0
-74.0,66.0,-1067.0
68.0,-54.0,-1177.0
23.0,-44.0,-1136.0
42.0,-70.0,-862.0
-117.0,13.0,-802.0
83.0,78.0,-970.0
-35.0,183.0,-1114.0
-9.0,122.0,-1098.0
-105.0,9.0,-1134.0
95.0,-1.0,-1079.0
-15.0,-15.0,-985.0
66.0,-40.0,-845.0
-87.0,-48.0,-905.0
50.0,80.0,-1056.0
-62.0,212.0,-1147.0
-15.0,121.0,-1059.0
-40.0,-48.0,-993.0
39.0,-40.0,-970.0
-15.0,70.0,-1028.0
89.0,-19.0,-1007.0
-62.0,-48.0,-1034.0
29.0,-17.0,-993.0
-80.0,171.0,-985.0
1.0,146.0,-919.0
-111.0,121.0,-1030.0
66.0,-35.0,-1167.0
-40.0,-42.0,-1192.0
64.0,-146.0,-976.0
-109.0,-56.0,-808.0
27.0,140.0,-882.0
-50.0,204.0,-1102.0
-1.0,87.0,-1075.0
-113.0,-21.0,-1079.0
31.0,-27.0,-1089.0
-56.0,13.0,-1067.0
117.0,-44.0,-950.0
-105.0,-48.0,-895.0
46.0,-9.0,-983.0
-72.0,107.0,-1061.0
5.0,181.0,-983.0
-85.0,126.0,-1024.0
60.0,-48.0,-1145.0
-17.0,-15.0,-1177.0
89.0,-87.0,-946.0
-76.0,-39.0,-819.0
19.0,56.0,-882.0
-42.0,152.0,-1075.0
-1.0,146.0,-1122.0
-78.0,91.0,-1083.0
72.0,-44.0,-1081.0
3.0,-50.0,-1056.0
101.0,-37.0,-890.0
-44.0,-40.0,-894.0
19.0,27.0,-1003.0
-44.0,191.0,-1100.0
21.0,142.0,-1095.0
-62.0,9.0,-1024.0
13.0,-21.0,-979.0
-25.0,60.0,-993.0
83.0,13.0,-1028.0
-5.0,-46.0,-1032.0
-23.0,-74.0,-1005.0
-33.0,122.0,-952.0
29.0,173.0,-929.0
-56.0,156.0,-985.0
-17.0,-13.0,-1136.0
39.0,-64.0,-1218.0
54.0,-62.0,-1050.0
19.0,-66.0,-819.0
-21.0,35.0,-827.0
9.0,187.0,-1003.0
3.0,134.0,-1163.0
-52.0,21.0,-1073.0
-27.0,-44.0,-1065.0
15.0,5.0,-1046.0
99.0,5.0,-1026.0
-11.0,-25.0,-888.0
-48.0,-70.0,-974.0
-9.0,74.0,-1015.0
1.0,165.0,-1048.0
-58.0,142.0,-993.0
-11.0,-13.0,-1097.0
17.0,-9.0,-1151.0
99.0,-76.0,-1098.0
3.0,-33.0,-843.0
-35.0,-13.0,-812.0
19.0,97.0,-995.0
-11.0,187.0,-1143.0
-15.0,134.0,-1077.0
-27.0,-40.0,-1059.0
44.0,-19.0,-1071.0
33.0,-42.0,-954.0
37.0,-31.0,-897.0
-52.0,-17.0,-929.0
11.0,115.0,-1057.0
-17.0,175.0,-1108.0
-29.0,64.0,-1028.0
-25.0,-15.0,-983.0
13.0,19.0,-1018.0
21.0,64.0,-1069.0
42.0,-80.0,-1046.0
-72.0,-87.0,-985.0
9.0,23.0,-962.0
-33.0,206.0,-995.0
-13.0,179.0,-923.0
-56.0,74.0,-1081.0
52.0,-64.0,-1179.0
68.0,-48.0,-1192.0
56.0,-101.0,-884.0
-101.0,-21.0,-798.0
11.0,165.0,-913.0
-44.0,173.0,-1153.0
-7.0,91.0,-1122.0
-85.0,-25.0,-1056.0
64.0,0.0,-1042.0
-17.0,21.0,-1071.0
78.0,-46.0,-923.0
-74.0,-62.0,-921.0
13.0,31.0,-995.0
-54.0,158.0,-1079.0
-25.0,140.0,-985.0
-76.0,66.0,-1007.0
60.0,-33.0,-1151.0
0.0,-19.0,-1147.0
93.0,-70.0,-919.0
-87.0,-80.0,-802.0
15.0,91.0,-931.0
-66.0,177.0,-1108.0
33.0,167.0,-1110.0
-103.0,80.0,-1067.0
48.0,-52.0,-1044.0
-37.0,-31.0,-1028.0
89.0,-60.0,-927.0
-74.0,-31.0,-917.0
29.0,70.0,-989.0
-64.0,206.0,-1130.0
40.0,72.0,-1052.0
-81.0,-1.0,-1003.0
23.0,-7.0,-1001.0
-37.0,35.0,-1071.0
126.0,-1.0,-1024.0
-66.0,-58.0,-974.0
-5.0,-66.0,-979.0
-44.0,140.0,-989.0
17.0,212.0,-917.0
-78.0,138.0,-1003.0
-15.0,-37.0,-1180.0
23.0,-60.0,-1227.0
81.0,-117.0,-1011.0
-66.0,-7.0,-759.0
-7.0,58.0,-841.0
-21.0,216.0,-1065.0
15.0,117.0,-1165.0
-39.0,19.0,-1089.0
23.0,-52.0,-1026.0
-15.0,37.0,-1059.0
81.0,-13.0,-940.0
-13.0,-50.0,-923.0
-19.0,-54.0,-970.0
-7.0,83.0,-1032.0
-1.0,204.0,-1028.0
-40.0,132.0,-987.0
-29.0,-9.0,-1073.0
54.0,-64.0,-1180.0
39.0,-31.0,-1034.0
-33.0,-33.0,-823.0
-44.0,-27.0,-851.0
21.0,138.0,-1040.0
-15.0,181.0,-1145.0
-23.0,70.0,-1073.0
-37.0,13.0,-1011.0
25.0,-40.0,-1024.0
85.0,-31.0,-1011.0
13.0,-42.0,-911.0
-60.0,-15.0,-966.0
-13.0,136.0,-1052.0
0.0,162.0,-1079.0
-33.0,40.0,-987.0
-40.0,-3.0,-1007.0
35.0,17.0,-1071.0
27.0,58.0,-1093.0
17.0,-64.0,-985.0
-52.0,-119.0,-962.0
17.0,60.0,-952.0
-11.0,195.0,-1009.0
-19.0,214.0,-966.0
-74.0,58.0,-1087.0
46.0,-44.0,-1210.0
27.0,-109.0,-1139.0
35.0,-74.0,-847.0
-87.0,19.0,-769.0
50.0,138.0,-972.0
-15.0,232.0,-1184.0
-11.0,19.0,-1136.0
-66.0,-37.0,-1054.0
19.0,37.0,-1007.0
44.0,-1.0,-1030.0
13.0,-25.0,-936.0
-76.0,-70.0,-927.0
39.0,40.0,-1016.0
-64.0,214.0,-1093.0
-11.0,136.0,-989.0
-70.0,70.0,-1016.0
64.0,-39.0,-1136.0
17.0,-9.0,-1136.0
66.0,-93.0,-913.0
-66.0,-56.0,-843.0
5.0,103.0,-911.0
-17.0,171.0,-1159.0
7.0,152.0,-1098.0
-78.0,54.0,-1032.0
37.0,-35.0,-995.0
-17.0,-7.0,-1073.0
81.0,-81.0,-970.0
-97.0,-64.0,-931.0
15.0,99.0,-979.0
-27.0,179.0,-1089.0
-11.0,95.0,-1028.0
-74.0,21.0,-1005.0
44.0,-15.0,-1057.0
0.0,5.0,-1145.0
74.0,-31.0,-1007.0
-85.0,-56.0,-905.0
25.0,-40.0,-948.0
-76.0,156.0,-1005.0
13.0,224.0,-977.0
-72.0,130.0,-1042.0
33.0,-35.0,-1157.0
23.0,-72.0,-1202.0
52.0,-142.0,-921.0
-78.0,-33.0,-772.0
-3.0,144.0,-862.0
-27.0,197.0,-1126.0
23.0,103.0,-1161.0
-89.0,-54.0,-1059.0
64.0,13.0,-1026.0
-23.0,3.0,-1028.0
95.0,50.0,-948.0
-52.0,-95.0,-909.0
17.0,-25.0,-1003.0
-91.0,158.0,-1052.0
21.0,162.0,-1016.0
-60.0,119.0,-991.0
-9.0,-25.0,-1069.0
44.0,-68.0,-1169.0
68.0,-54.0,-1005.0
-52.0,-11.0,-845.0
-15.0,-3.0,-878.0
-42.0,191.0,-1059.0
44.0,146.0,-1130.0
-91.0,76.0,-1061.0
13.0,-21.0,-1022.0
-54.0,-13.0,-1028.0
130.0,-48.0,-1005.0
-19.0,-56.0,-927.0
-11.0,15.0,-974.0
-29.0,136.0,-1044.0
23.0,150.0,-1009.0
-60.0,74.0,-976.0
0.0,-35.0,-1054.0
-3.0,39.0,-1132.0
93.0,3.0,-1057.0
-29.0,-42.0,-911.0
-21.0,-95.0,-913.0
-17.0,76.0,-956.0
-25.0,204.0,-1011.0
-48.0,179.0,-1040.0
-66.0,35.0,-1116.0
56.0,-48.0,-1210.0
89.0,-87.0,-1032.0
23.0,-60.0,-812.0
-50.0,42.0,-786.0
-7.0,220.0,-1007.0
19.0,160.0,-1223.0
-27.0,3.0,-1102.0
-15.0,-44.0,-1026.0
-11.0,15.0,-997.0
64.0,54.0,-1001.0
0.0,-66.0,-938.0
-44.0,-70.0,-972.0
-23.0,48.0,-1020.0
7.0,204.0,-1081.0
-74.0,162.0,-968.0
-29.0,40.0,-1032.0
17.0,-42.0,-1104.0
66.0,-40.0,-1143.0
9.0,-87.0,-909.0
-93.0,31.0,-843.0
33.0,99.0,-956.0
-25.0,152.0,-1136.0
9.0,115.0,-1083.0
-66.0,15.0,-1030.0
54.0,-13.0,-1003.0
5.0,-3.0,-1077.0
58.0,-70.0,-966.0
-89.0,-78.0,-960.0
25.0,117.0,-991.0
-48.0,234.0,-1069.0
-11.0,70.0,-987.0
-81.0,15.0,-1003.0
58.0,-11.0,-1110.0
17.0,-1.0,-1188.0
35.0,-39.0,-966.0
-103.0,-66.0,-862.0
66.0,3.0,-909.0
-60.0,171.0,-1057.0
1.0,177.0,-1015.0
-101.0,138.0,-1091.0
46.0,-5.0,-1192.0
25.0,-113.0,-1130.0
70.0,-138.0,-876.0
-87.0,-44.0,-778.0
3.0,204.0,-903.0
-54.0,206.0,-1180.0
27.0,76.0,-1165.0
-115.0,-46.0,-1071.0
60.0,-31.0,-979.0
-25.0,76.0,-1009.0
72.0,-21.0,-956.0
-66.0,-70.0,-954.0
-21.0,-11.0,-1015.0
-35.0,142.0,-1087.0
-17.0,169.0,-968.0
-60.0,140.0,-985.0
-3.0,-52.0,-1102.0
23.0,-42.0,-1141.0
83.0,-117.0,-1005.0
-80.0,19.0,-854.0
-9.0,19.0,-901.0
-9.0,212.0,-1067.0
35.0,117.0,-1120.0
-60.0,37.0,-1063.0
-11.0,-25.0,-999.0
-13.0,11.0,-1069.0
89.0,-60.0,-991.0
11.0,-31.0,-972.0
-21.0,-11.0,-946.0
-5.0,154.0,-1024.0
7.0,193.0,-1001.0
-39.0,40.0,-983.0
0.0,-9.0,-1114.0
27.0,-29.0,-1173.0
46.0,-15.0,-1052.0
-17.0,-91.0,-847.0
-11.0,17.0,-862.0
19.0,115.0,-997.0
21.0,171.0,-1091.0
-76.0,119.0,-1020.0
0.0,17.0,-1122.0
56.0,-76.0,-1159.0
81.0,-76.0,-991.0
-7.0,-44.0,-767.0
-11.0,9.0,-847.0
-3.0,265.0,-1081.0
23.0,152.0,-1179.0
-46.0,11.0,-1079.0
3.0,-74.0,-979.0
-11.0,42.0,-1005.0
81.0,29.0,-985.0
-17.0,-44.0,-929.0
0.0,-80.0,-1013.0
-3.0,62.0,-1040.0
25.0,179.0,-1026.0
-64.0,179.0,-972.0
5.0,3.0,-1059.0
29.0,-50.0,-1128.0
64.0,-87.0,-1118.0
1.0,-58.0,-876.0
-40.0,13.0,-845.0
37.0,158.0,-987.0
0.0,156.0,-1130.0
-23.0,60.0,-1067.0
-35.0,-5.0,-1009.0
27.0,11.0,-1028.0
56.0,-19.0,-1038.0
-3.0,-56.0,-976.0
-23.0,-76.0,-950.0
-15.0,89.0,-997.0
-29.0,255.0,-1022.0
-52.0,95.0,-970.0
-37.0,17.0,-1075.0
29.0,-5.0,-1157.0
46.0,-25.0,-1132.0
11.0,-50.0,-895.0
-66.0,-62.0,-825.0
39.0,54.0,-933.0
-29.0,208.0,-1089.0
-44.0,162.0,-1050.0
-83.0,68.0,-1110.0
50.0,9.0,-1134.0
35.0,-54.0,-1057.0
64.0,-113.0,-835.0
-89.0,-27.0,-847.0
5.0,156.0,-979.0
-29.0,204.0,-1171.0
-21.0,85.0,-1126.0
-72.0,-44.0,-1057.0
11.0,-23.0,-972.0
13.0,80.0,-1007.0
23.0,-27.0,-942.0
-40.0,-85.0,-1001.0
-3.0,3.0,-1015.0
-13.0,148.0,-1056.0
-56.0,163.0,-958.0
-64.0,111.0,-966.0
17.0,-15.0,-1112.0
39.0,-70.0,-1192.0
54.0,-80.0,-968.0
-93.0,-54.0,-825.0
23.0,103.0,-927.0
-72.0,208.0,-1069.0
23.0,111.0,-1108.0
-85.0,15.0,-1059.0
17.0,29.0,-1042.0
-29.0,-44.0,-1075.0
52.0,-50.0,-968.0
-50.0,-44.0,-944.0
42.0,15.0,-974.0
-76.0,177.0,-1036.0
1.0,146.0,-987.0
-89.0,89.0,-1009.0
37.0,-40.0,-1145.0
-7.0,-25.0,-1173.0
107.0,-87.0,-999.0
-87.0,-37.0,-821.0
-1.0,44.0,-868.0
-66.0,150.0,-1046.0
11.0,132.0,-1073.0
-97.0,130.0,-1091.0
72.0,-25.0,-1161.0
-29.0,-40.0,-1089.0
128.0,-107.0,-911.0
-83.0,-42.0,-802.0
21.0,39.0,-923.0
-48.0,247.0,-1145.0
31.0,117.0,-1143.0
-56.0,3.0,-1052.0
39.0,-64.0,-985.0
-33.0,40.0,-1005.0
105.0,-9.0,-954.0
-56.0,5.0,-993.0
39.0,-87.0,-1020.0
-56.0,74.0,-1038.0
33.0,201.0,-987.0
-64.0,173.0,-950.0
-3.0,-11.0,-1063.0
13.0,-48.0,-1173.0
39.0,-60.0,-1046.0
-3.0,-70.0,-913.0
-74.0,35.0,-866.0
21.0,179.0,-993.0
29.0,138.0,-1085.0
-35.0,54.0,-1059.0
-21.0,-11.0,-1056.0
17.0,3.0,-1042.0
89.0,9.0,-1028.0
27.0,-87.0,-936.0
-35.0,-50.0,-956.0
-33.0,121.0,-972.0
15.0,224.0,-1028.0
-46.0,107.0,-999.0
-44.0,44.0,-1091.0
29.0,-60.0,-1169.0
76.0,-19.0,-1118.0
13.0,-60.0,-854.0
-76.0,5.0,-831.0
27.0,72.0,-972.0
-3.0,183.0,-1093.0
-7.0,126.0,-1081.0
-58.0,19.0,-1141.0
62.0,-37.0,-1098.0
23.0,-60.0,-991.0
42.0,-44.0,-829.0
-76.0,-13.0,-876.0
46.0,140.0,-1063.0
-33.0,234.0,-1163.0
-23.0,44.0,-1077.0
-35.0,-35.0,-1007.0
19.0,-17.0,-989.0
56.0,50.0,-1009.0
-3.0,-27.0,-964.0
-31.0,-87.0,-1030.0
-9.0,19.0,-1042.0
19.0,175.0,-1013.0
-15.0,158.0,-921.0
-50.0,109.0,-1028.0
31.0,-42.0,-1155.0
39.0,-62.0,-1149.0
13.0,-89.0,-956.0
-58.0,-62.0,-841.0
19.0,142.0,-909.0
-29.0,214.0,-1108.0
-9.0,81.0,-1069.0
-62.0,-23.0,-1052.0
25.0,27.0,-1054.0
-25.0,-1.0,-1081.0
74.0,-54.0,-962.0
-91.0,-89.0,-913.0
27.0,60.0,-972.0
-52.0,189.0,-1057.0
-46.0,134.0,-966.0
-68.0,109.0,-1052.0
29.0,-44.0,-1184.0
39.0,-35.0,-1173.0
60.0,-97.0,-915.0
-70.0,-56.0,-831.0
15.0,80.0,-911.0
-27.0,189.0,-1073.0
-13.0,113.0,-1102.0
-89.0,85.0,-1110.0
72.0,-40.0,-1098.0
11.0,-40.0,-1061.0
56.0,-81.0,-853.0
-87.0,-58.0,-849.0
27.0,74.0,-985.0
-50.0,214.0,-1141.0
11.0,169.0,-1112.0
-56.0,-54.0,-1036.0
13.0,-21.0,-976.0
-33.0,21.0,-1005.0
85.0,37.0,-989.0
-52.0,-64.0,-1005.0
0.0,-42.0,-1042.0
-60.0,134.0,-1005.0
-21.0,206.0,-948.0
-66.0,81.0,-974.0
-21.0,19.0,-1102.0
15.0,-64.0,-1194.0
48.0,-74.0,-1044.0
-42.0,-42.0,-835.0
15.0,31.0,-870.0
-39.0,230.0,-1003.0
27.0,134.0,-1114.0
-74.0,37.0,-1075.0
5.0,-19.0,-1052.0
1.0,5.0,-1065.0
117.0,-39.0,-1011.0
-21.0,-46.0,-927.0
-21.0,-37.0,-938.0
-15.0,121.0,-1036.0
40.0,162.0,-1003.0
-87.0,140.0,-993.0
17.0,-25.0,-1145.0
1.0,-56.0,-1171.0
107.0,-70.0,-1032.0
-68.0,9.0,-774.0
7.0,-13.0,-868.0
-33.0,142.0,-1009.0
-7.0,158.0,-1132.0
-72.0,103.0,-1104.0
19.0,-40.0,-1102.0
-5.0,3.0,-1073.0
101.0,-74.0,-917.0
-35.0,-29.0,-854.0
13.0,-17.0,-952.0
-1.0,142.0,-1100.0
11.0,189.0,-1120.0
-62.0,70.0,-1042.0
39.0,-52.0,-976.0
-13.0,15.0,-979.0
105.0,1.0,-1003.0
-9.0,-48.0,-1011.0
-27.0,-95.0,-1003.0
-37.0,70.0,-981.0
33.0,163.0,-993.0
-72.0,187.0,-933.0
1.0,37.0,-1054.0
15.0,-37.0,-1171.0
78.0,-76.0,-1149.0
-3.0,-101.0,-892.0
-46.0,-1.0,-833.0
-1.0,140.0,-956.0
-21.0,206.0,-1100.0
-37.0,70.0,-1059.0
-42.0,-33.0,-1075.0
29.0,13.0,-1038.0
31.0,-5.0,-1050.0
21.0,-56.0,-907.0
-74.0,-48.0,-929.0
33.0,44.0,-991.0
-29.0,195.0,-1038.0
-31.0,165.0,-979.0
-64.0,19.0,-1083.0
29.0,-5.0,-1141.0
21.0,-40.0,-1132.0
50.0,-70.0,-866.0
-89.0,-25.0,-845.0
42.0,70.0,-936.0
-60.0,197.0,-1110.0
1.0,146.0,-1089.0
-60.0,19.0,-1134.0
68.0,-40.0,-1046.0
-3.0,-7.0,-1005.0
29.0,-48.0,-876.0
-70.0,-66.0,-929.0
-3.0,109.0,-1015.0
-68.0,226.0,-1159.0
3.0,58.0,-1052.0
-48.0,-13.0,-1013.0
1.0,-35.0,-991.0
-1.0,85.0,-1061.0
64.0,-52.0,-1009.0
-62.0,-54.0,-1005.0
9.0,-40.0,-1005.0
-39.0,169.0,-1016.0
0.0,199.0,-903.0
-66.0,140.0,-1036.0
40.0,-35.0,-1184.0
-19.0,-58.0,-1186.0
107.0,-169.0,-976.0
-80.0,7.0,-794.0
-3.0,152.0,-874.0
-44.0,173.0,-1091.0
39.0,95.0,-1112.0
-72.0,-13.0,-1050.0
52.0,-37.0,-1042.0
-27.0,37.0,-1087.0
74.0,-3.0,-958.0
-66.0,-64.0,-909.0
33.0,-29.0,-964.0
-62.0,130.0,-1046.0
0.0,228.0,-1028.0
-46.0,87.0,-1016.0
0.0,-1.0,-1118.0
23.0,-68.0,-1184.0
74.0,-76.0,-972.0
-68.0,-11.0,-802.0
-9.0,23.0,-886.0
-25.0,189.0,-1089.0
-1.0,132.0,-1091.0
-66.0,64.0,-1079.0
9.0,-52.0,-1067.0
-37.0,-23.0,-1036.0
76.0,-54.0,-927.0
-39.0,-50.0,-907.0
3.0,19.0,-983.0
-37.0,165.0,-1089.0
27.0,163.0,-1083.0
-64.0,21.0,-1007.0
-3.0,-13.0,-1015.0
-13.0,25.0,-1042.0
78.0,19.0,-1050.0
-21.0,-60.0,-974.0
-29.0,-74.0,-1009.0
-21.0,91.0,-987.0
-7.0,201.0,-950.0
-44.0,156.0,-974.0
-40.0,25.0,-1122.0
40.0,-74.0,-1223.0
39.0,-80.0,-1095.0
19.0,-58.0,-815.0
-64.0,35.0,-776.0
40.0,201.0,-1005.0
15.0,152.0,-1157.0
-37.0,76.0,-1100.0
-17.0,-68.0,-1063.0
-11.0,17.0,-1034.0
103.0,-9.0,-997.0
-1.0,-13.0,-901.0
-46.0,-68.0,-948.0
-15.0,78.0,-1026.0
11.0,156.0,-1046.0
-42.0,179.0,-991.0
-23.0,15.0,-1083.0
15.0,-37.0,-1151.0
78.0,-54.0,-1056.0
13.0,-50.0,-872.0
-44.0,-31.0,-835.0
27.0,134.0,-966.0
31.0,175.0,-1159.0
-15.0,121.0,-1098.0
-44.0,-5.0,-1040.0
52.0,-17.0,-1020.0
56.0,-27.0,-1018.0
7.0,-29.0,-919.0
-37.0,-81.0,-948.0
-15.0,150.0,-1030.0
19.0,171.0,-1118.0
-50.0,111.0,-1024.0
-11.0,-40.0,-970.0
0.0,17.0,-1028.0
48.0,5.0,-1106.0
15.0,-46.0,-1013.0
-21.0,-97.0,-962.0
3.0,-1.0,-968.0
-19.0,158.0,-977.0
-37.0,232.0,-950.0
-52.0,66.0,-1059.0
48.0,-13.0,-1216.0
56.0,-95.0,-1180.0
29.0,-142.0,-892.0
-81.0,-23.0,-769.0
27.0,146.0,-917.0
-19.0,224.0,-1165.0
-35.0,76.0,-1138.0
-81.0,-33.0,-1075.0
29.0,-21.0,-995.0
0.0,31.0,-1069.0
44.0,-19.0,-927.0
-62.0,-74.0,-919.0
19.0,0.0,-1003.0
-56.0,163.0,-1083.0
-35.0,162.0,-979.0
-58.0,95.0,-1020.0
11.0,-35.0,-1120.0
11.0,-42.0,-1136.0
58.0,-91.0,-923.0
-66.0,-40.0,-813.0
17.0,81.0,-933.0
-52.0,214.0,-1145.0
19.0,119.0,-1124.0
-119.0,29.0,-1046.0
40.0,1.0,-1015.0
-31.0,-15.0,-1042.0
115.0,-76.0,-954.0
-95.0,-25.0,-936.0
27.0,37.0,-1001.0
-54.0,165.0,-1065.0
11.0,121.0,-1030.0
-54.0,33.0,-1016.0
13.0,-40.0,-1024.0
-25.0,56.0,-1106.0
105.0,-25.0,-1020.0
-33.0,-56.0,-976.0
-29.0,-48.0,-952.0
-33.0,138.0,-976.0
17.0,203.0,-950.0
-64.0,158.0,-1026.0
-5.0,1.0,-1143.0
11.0,-80.0,-1235.0
85.0,-115.0,-995.0
-58.0,-1.0,-772.0
0.0,13.0,-833.0
-44.0,259.0,-1048.0
29.0,152.0,-1169.0
-56.0,-19.0,-1102.0
15.0,-58.0,-1009.0
-9.0,40.0,-1046.0
78.0,5.0,-960.0
-39.0,-19.0,-933.0
-21.0,-105.0,-958.0
-23.0,122.0,-1046.0
-3.0,175.0,-1028.0
-64.0,140.0,-1005.0
-29.0,19.0,-1071.0
31.0,-64.0,-1169.0
42.0,-33.0,-1054.0
-23.0,-72.0,-843.0
-46.0,31.0,-835.0
-1.0,117.0,-1042.0
11.0,191.0,-1147.0
-58.0,62.0,-1067.0
-25.0,3.0,-1013.0
21.0,-29.0,-997.0
103.0,-39.0,-1024.0
11.0,-48.0,-938.0
-56.0,-40.0,-974.0
-5.0,132.0,-1044.0
-21.0,160.0,-1044.0
-5.0,103.0,-985.0
-31.0,-19.0,-1022.0
35.0,-13.0,-1106.0
40.0,13.0,-1095.0
3.0,-48.0,-942.0
-50.0,-124.0,-942.0
7.0,52.0,-946.0
-19.0,201.0,-1020.0
-37.0,162.0,-968.0
-56.0,76.0,-1116.0
50.0,-54.0,-1194.0
80.0,-89.0,-1114.0
29.0,-101.0,-823.0
-60.0,15.0,-780.0
39.0,142.0,-936.0
0.0,247.0,-1180.0
21.0,-3.0,-1138.0
-66.0,-25.0,-1052.0
44.0,-13.0,-1001.0
13.0,40.0,-1005.0
52.0,-19.0,-956.0
-74.0,-76.0,-936.0
40.0,39.0,-1016.0
-21.0,158.0,-1079.0
-39.0,154.0,-977.0
-44.0,109.0,-1013.0
52.0,-37.0,-1124.0
62.0,-40.0,-1134.0
39.0,-105.0,-915.0
-66.0,-9.0,-849.0
-9.0,81.0,-938.0
0.0,165.0,-1136.0
3.0,165.0,-1106.0
-44.0,13.0,-1038.0
3.0,-11.0,-995.0
11.0,-33.0,-1073.0
76.0,-56.0,-970.0
-40.0,-39.0,-948.0
35.0,81.0,-1005.0
-11.0,181.0,-1054.0
0.0,105.0,-1013.0
-62.0,29.0,-974.0
-3.0,13.0,-1089.0
7.0,-11.0,-1163.0
11.0,-29.0,-1061.0
-80.0,-50.0,-895.0
294.0,3.0,-849.0
5.0,138.0,-981.0
484.0,97.0,-1007.0
497.0,290.0,-985.0
423.0,-78.0,-1210.0
1167.0,-40.0,-1034.0
737.0,-251.0,-1171.0
1179.0,-5.0,-655.0
985.0,244.0,-843.0
1206.0,244.0,-1227.0
1188.0,-62.0,-1239.0
1007.0,31.0,-1208.0
1317.0,72.0,-981.0
1139.0,156.0,-1028.0
1483.0,-173.0,-843.0
1071.0,-31.0,-938.0
1358.0,39.0,-845.0
938.0,162.0,-1136.0
1303.0,-33.0,-880.0
808.0,148.0,-983.0
1175.0,134.0,-946.0
851.0,25.0,-1139.0
1136.0,-150.0,-923.0
739.0,13.0,-843.0
979.0,214.0,-813.0
798.0,115.0,-1089.0
872.0,-5.0,-1149.0
808.0,76.0,-1118.0
856.0,185.0,-1024.0
895.0,9.0,-997.0
989.0,-165.0,-995.0
1065.0,-66.0,-987.0
1030.0,271.0,-1028.0
1069.0,152.0,-1077.0
1126.0,15.0,-995.0
1132.0,5.0,-1024.0
1153.0,214.0,-1069.0
1124.0,142.0,-1190.0
1368.0,-173.0,-1108.0
1218.0,-52.0,-1032.0
1307.0,85.0,-815.0
1192.0,60.0,-917.0
1325.0,91.0,-905.0
1202.0,13.0,-1011.0
1300.0,232.0,-1110.0
1325.0,-31.0,-1214.0
1475.0,-366.0,-1020.0
1278.0,-19.0,-749.0
1395.0,173.0,-644.0
1270.0,310.0,-915.0
1341.0,-64.0,-1169.0
1095.0,-144.0,-1227.0
1126.0,134.0,-1052.0
970.0,74.0,-1097.0
1196.0,-52.0,-913.0
1056.0,-58.0,-903.0
1141.0,195.0,-856.0
1087.0,78.0,-1067.0
1243.0,89.0,-1052.0
1134.0,17.0,-1046.0
1192.0,281.0,-954.0
1165.0,-1.0,-1104.0
1362.0,-337.0,-1147.0
1194.0,-7.0,-1046.0
1284.0,177.0,-856.0
1210.0,312.0,-981.0
1395.0,-33.0,-1128.0
1225.0,21.0,-1159.0
1208.0,294.0,-970.0
1182.0,13.0,-1009.0
1467.0,-142.0,-972.0
1444.0,-11.0,-1026.0
1374.0,214.0,-956.0
1354.0,60.0,-931.0
1342.0,-70.0,-948.0
1464.0,58.0,-897.0
1448.0,386.0,-944.0
1616.0,150.0,-1018.0
1389.0,-167.0,-1313.0
1344.0,-251.0,-1120.0
1208.0,87.0,-960.0
1319.0,146.0,-724.0
1368.0,29.0,-872.0
1143.0,283.0,-1061.0
1218.0,261.0,-1134.0
1192.0,54.0,-1210.0
1278.0,-337.0,-1077.0
1233.0,-325.0,-884.0
1255.0,292.0,-671.0
1286.0,165.0,-913.0
1339.0,134.0,-1182.0
1401.0,-5.0,-1231.0
1294.0,247.0,-1163.0
1257.0,199.0,-895.0
1346.0,-165.0,-1091.0
1446.0,-105.0,-1011.0
1288.0,122.0,-997.0
1424.0,111.0,-1032.0
1091.0,204.0,-1118.0
1360.0,-15.0,-958.0
1200.0,138.0,-1011.0
1520.0,-105.0,-925.0
1253.0,-91.0,-1114.0
1452.0,29.0,-1026.0
1180.0,56.0,-839.0
1286.0,-25.0,-927.0
1093.0,93.0,-1030.0
1493.0,-122.0,-1106.0
1280.0,499.0,-974.0
1497.0,173.0,-987.0
1309.0,54.0,-1048.0
1477.0,-413.0,-964.0
1276.0,-78.0,-913.0
1364.0,74.0,-1005.0
1348.0,370.0,-1042.0
1296.0,-21.0,-966.0
1438.0,171.0,-935.0
1229.0,35.0,-1005.0
1446.0,138.0,-1087.0
1292.0,-177.0,-1229.0
1323.0,56.0,-769.0
1208.0,-210.0,-950.0
1241.0,101.0,-895.0
1210.0,74.0,-1073.0
1134.0,429.0,-958.0
1298.0,277.0,-1128.0
1200.0,-384.0,-1173.0
1301.0,-179.0,-1081.0
1188.0,76.0,-568.0
1446.0,117.0,-722.0
1339.0,273.0,-1005.0
1491.0,19.0,-1243.0
1325.0,105.0,-1231.0
1581.0,-208.0,-1184.0
1329.0,347.0,-999.0
1440.0,52.0,-829.0
1387.0,-42.0,-892.0
1257.0,-298.0,-839.0
1136.0,132.0,-1245.0
1397.0,409.0,-1069.0
995.0,97.0,-968.0
1114.0,-152.0,-985.0
829.0,-7.0,-1046.0
1239.0,286.0,-968.0
952.0,-199.0,-659.0
968.0,-138.0,-929.0
769.0,-109.0,-991.0
821.0,189.0,-1110.0
933.0,523.0,-935.0
552.0,76.0,-1056.0
804.0,-195.0,-1038.0
772.0,54.0,-1024.0
782.0,-175.0,-977.0
511.0,95.0,-1085.0
747.0,122.0,-813.0
419.0,162.0,-925.0
571.0,11.0,-1087.0
314.0,56.0,-1139.0
530.0,-85.0,-1171.0
212.0,54.0,-1130.0
439.0,-76.0,-976.0
187.0,17.0,-804.0
482.0,204.0,-913.0
-56.0,212.0,-1054.0
335.0,-7.0,-985.0
54.0,-105.0,-1155.0
208.0,269.0,-1218.0
242.0,-142.0,-1171.0
197.0,66.0,-675.0
46.0,-290.0,-595.0
214.0,392.0,-991.0
9.0,-58.0,-1057.0
189.0,89.0,-1110.0
68.0,-320.0,-1050.0
310.0,292.0,-1313.0
0.0,163.0,-1054.0
353.0,191.0,-866.0
203.0,-247.0,-648.0
249.0,-162.0,-1011.0
121.0,-37.0,-1067.0
294.0,361.0,-1145.0
201.0,74.0,-983.0
167.0,0.0,-1175.0
271.0,-294.0,-1138.0
261.0,35.0,-917.0
156.0,132.0,-679.0
35.0,-50.0,-983.0
245.0,156.0,-1157.0
126.0,95.0,-1145.0
85.0,392.0,-1036.0
128.0,-31.0,-1048.0
181.0,64.0,-991.0
214.0,-265.0,-1005.0
144.0,-300.0,-784.0
56.0,-9.0,-890.0
179.0,253.0,-876.0
-134.0,454.0,-1102.0
203.0,15.0,-1171.0
48.0,-101.0,-987.0
138.0,11.0,-1067.0
179.0,50.0,-1057.0
89.0,177.0,-897.0
296.0,-1.0,-821.0
50.0,-56.0,-907.0
56.0,44.0,-1106.0
-44.0,-85.0,-1075.0
236.0,286.0,-1192.0
-54.0,105.0,-841.0
208.0,-245.0,-1057.0
-134.0,-138.0,-864.0
357.0,-40.0,-911.0
-62.0,423.0,-874.0
300.0,19.0,-1173.0
-179.0,-15.0,-1220.0
378.0,83.0,-1157.0
-140.0,292.0,-940.0
33.0,-138.0,-767.0
-3.0,-187.0,-1005.0
31.0,-191.0,-772.0
-126.0,-60.0,-991.0
169.0,134.0,-970.0
-179.0,507.0,-1169.0
37.0,-152.0,-903.0
-1.0,3.0,-1022.0
304.0,-3.0,-1030.0
-238.0,89.0,-964.0
218.0,-17.0,-796.0
-23.0,97.0,-1001.0
107.0,-54.0,-1184.0
-85.0,292.0,-1071.0
-52.0,62.0,-874.0
-9.0,105.0,-1159.0
236.0,-89.0,-1052.0
-259.0,-281.0,-802.0
-31.0,-212.0,-819.0
-109.0,111.0,-962.0
197.0,212.0,-1007.0
-247.0,132.0,-921.0
15.0,62.0,-1040.0
89.0,339.0,-1229.0
175.0,3.0,-1071.0
-275.0,257.0,-888.0
212.0,-366.0,-804.0
140.0,-9.0,-1114.0
126.0,-138.0,-958.0
-228.0,203.0,-977.0
167.0,-62.0,-1032.0
-56.0,-103.0,-1378.0
13.0,85.0,-1011.0
5.0,64.0,-730.0
-203.0,-113.0,-732.0
-140.0,197.0,-1059.0
-37.0,-119.0,-1149.0
-247.0,445.0,-1028.0
-72.0,70.0,-1059.0
-265.0,107.0,-1069.0
-66.0,-298.0,-1138.0
-124.0,95.0,-817.0
-331.0,-359.0,-720.0
-284.0,50.0,-960.0
-201.0,83.0,-1110.0
-191.0,216.0,-977.0
-739.0,113.0,-997.0
-101.0,156.0,-687.0
-724.0,-72.0,-1481.0
-708.0,162.0,-886.0
-1382.0,19.0,-915.0
-788.0,-160.0,-763.0
-1389.0,251.0,-1233.0
-1573.0,-93.0,-1100.0
-1323.0,-267.0,-728.0
-1518.0,222.0,-1013.0
-1344.0,-109.0,-1108.0
-1717.0,302.0,-833.0
-1376.0,-87.0,-521.0
-1544.0,-3.0,-1188.0
-1196.0,-160.0,-856.0
-1586.0,195.0,-950.0
-1177.0,347.0,-1305.0
-1054.0,-29.0,-1266.0
-1329.0,-208.0,-1255.0
-991.0,-29.0,-882.0
-1315.0,99.0,-1044.0
-739.0,-156.0,-796.0
-1200.0,-296.0,-1013.0
-894.0,325.0,-1073.0
-1018.0,318.0,-1202.0
-847.0,-324.0,-1134.0
-1075.0,-21.0,-1112.0
-700.0,370.0,-890.0
-769.0,101.0,-800.0
-878.0,-431.0,-782.0
-946.0,-327.0,-913.0
-862.0,507.0,-1136.0
-806.0,236.0,-1253.0
-1266.0,-156.0,-1278.0
-790.0,-402.0,-1054.0
-1091.0,536.0,-915.0
-917.0,201.0,-798.0
-1204.0,-42.0,-587.0
-1003.0,-534.0,-884.0
-1175.0,341.0,-950.0
-1319.0,271.0,-1093.0
-1280.0,-115.0,-1179.0
-1216.0,-419.0,-1169.0
-1559.0,236.0,-968.0
-1249.0,39.0,-796.0
-1682.0,95.0,-804.0
-1317.0,-222.0,-1112.0
-1522.0,398.0,-1128.0
-1417.0,456.0,-1003.0
-1473.0,-89.0,-1259.0
-1229.0,-267.0,-1200.0
-1288.0,325.0,-977.0
-1225.0,29.0,-669.0
-1456.0,-199.0,-999.0
-960.0,-573.0,-872.0
-1262.0,573.0,-1202.0
-1046.0,300.0,-1063.0
-1251.0,-226.0,-1333.0
-995.0,-273.0,-1241.0
-1071.0,445.0,-1020.0
-1227.0,105.0,-747.0
-1089.0,-232.0,-856.0
-1233.0,-279.0,-952.0
-1313.0,386.0,-1048.0
-1344.0,66.0,-1098.0
-1272.0,-368.0,-1200.0
-1153.0,-68.0,-1122.0
-1315.0,595.0,-911.0
-1460.0,-7.0,-806.0
-1225.0,-281.0,-755.0
-1382.0,-105.0,-1032.0
-1272.0,372.0,-1200.0
-1503.0,148.0,-1220.0
-1317.0,-150.0,-1155.0
-1432.0,124.0,-1167.0
-1303.0,74.0,-1042.0
-1479.0,19.0,-675.0
-1339.0,-392.0,-605.0
-1405.0,-132.0,-1032.0
-1413.0,279.0,-1106.0
-1448.0,-74.0,-1093.0
-1469.0,130.0,-1229.0
-1387.0,146.0,-1411.0
-1165.0,181.0,-983.0
-1389.0,224.0,-749.0
-1331.0,-251.0,-810.0
-1272.0,-76.0,-987.0
-1210.0,204.0,-1206.0
-1286.0,-368.0,-1227.0
-1514.0,-60.0,-1073.0
-1208.0,-140.0,-1040.0
-1223.0,609.0,-1130.0
-1247.0,177.0,-825.0
-1284.0,-374.0,-638.0
-1249.0,9.0,-886.0
-1128.0,292.0,-1102.0
-1348.0,257.0,-1128.0
-1155.0,-257.0,-1136.0
-1141.0,-365.0,-1284.0
-1253.0,363.0,-1147.0
-1260.0,-113.0,-847.0
-1380.0,-105.0,-696.0
-1210.0,-236.0,-892.0
-1315.0,357.0,-1098.0
-1397.0,257.0,-1124.0
-1446.0,-27.0,-1091.0
-1376.0,-158.0,-1091.0
-1321.0,361.0,-1218.0
-1221.0,0.0,-897.0
-1471.0,-230.0,-772.0
-1175.0,-267.0,-907.0
-1423.0,146.0,-1139.0
-1212.0,189.0,-1091.0
-1473.0,-89.0,-1089.0
-1214.0,-33.0,-1212.0
-1276.0,124.0,-1235.0
-1374.0,259.0,-876.0
-1473.0,-201.0,-749.0
-1331.0,-154.0,-886.0
-1317.0,224.0,-1149.0
-1419.0,99.0,-1093.0
-1432.0,-37.0,-1016.0
-1264.0,-255.0,-1147.0
-1329.0,365.0,-1210.0
-1309.0,-31.0,-917.0
-1465.0,-109.0,-802.0
-1218.0,-251.0,-892.0
-1401.0,370.0,-1214.0
-1296.0,39.0,-1054.0
-1551.0,121.0,-1044.0
-1116.0,-222.0,-1124.0
-1315.0,486.0,-1112.0
-1091.0,-27.0,-925.0
-1276.0,-203.0,-767.0
-1001.0,-325.0,-958.0
-1001.0,163.0,-1044.0
-1087.0,136.0,-1079.0
-884.0,-150.0,-1034.0
-925.0,21.0,-1309.0
-732.0,396.0,-1212.0
-960.0,146.0,-1011.0
-794.0,-165.0,-786.0
-786.0,-201.0,-960.0
-761.0,296.0,-1018.0
-767.0,9.0,-1040.0
-747.0,-224.0,-1005.0
-610.0,-44.0,-1136.0
-646.0,257.0,-1134.0
-538.0,124.0,-985.0
-544.0,-156.0,-813.0
-429.0,-87.0,-907.0
-427.0,353.0,-935.0
-437.0,117.0,-1018.0
-300.0,-72.0,-1100.0
-306.0,-56.0,-1239.0
-269.0,283.0,-1206.0
-249.0,37.0,-1018.0
-253.0,-286.0,-819.0
-263.0,-89.0,-821.0
-222.0,208.0,-911.0
-218.0,89.0,-981.0
-183.0,-46.0,-1077.0
-195.0,-11.0,-1188.0
-197.0,347.0,-1169.0
-109.0,138.0,-1050.0
-163.0,-144.0,-868.0
-124.0,-70.0,-798.0
-121.0,109.0,-923.0
-140.0,91.0,-1108.0
-117.0,-160.0,-1122.0
-220.0,21.0,-1128.0
-117.0,201.0,-1108.0
-138.0,251.0,-1005.0
-107.0,-101.0,-901.0
-218.0,-91.0,-862.0
-134.0,66.0,-884.0
-128.0,78.0,-1005.0
-160.0,-13.0,-1145.0
-222.0,15.0,-1122.0
-163.0,169.0,-1149.0
-101.0,78.0,-1120.0
-113.0,-107.0,-936.0
-247.0,-117.0,-808.0
-195.0,76.0,-884.0
-140.0,81.0,-1030.0
-150.0,27.0,-1130.0
-259.0,81.0,-1126.0
-197.0,210.0,-1063.0
-70.0,93.0,-1067.0
-105.0,-89.0,-958.0
-203.0,-109.0,-853.0
-117.0,-11.0,-888.0
-87.0,15.0,-1057.0
-74.0,0.0,-1114.0
-173.0,50.0,-1120.0
-80.0,185.0,-1153.0
-15.0,70.0,-1110.0
-54.0,-19.0,-974.0
-111.0,-78.0,-812.0
-99.0,66.0,-810.0
-33.0,9.0,-1016.0
-68.0,-5.0,-1108.0
-103.0,70.0,-1104.0
-35.0,93.0,-1147.0
17.0,70.0,-1120.0
-17.0,-50.0,-936.0
-124.0,-5.0,-812.0
-27.0,31.0,-880.0
-35.0,44.0,-1091.0
-54.0,46.0,-1132.0
-83.0,56.0,-1110.0
-58.0,130.0,-1032.0
-15.0,85.0,-1091.0
-21.0,-7.0,-954.0
-72.0,-85.0,-870.0
-46.0,-25.0,-854.0
-44.0,11.0,-1022.0
-48.0,19.0,-1054.0
-87.0,83.0,-1102.0
-33.0,165.0,-1134.0
21.0,87.0,-1175.0
-7.0,39.0,-1024.0
-58.0,-80.0,-813.0
-62.0,-11.0,-856.0
-17.0,33.0,-1042.0
-15.0,-17.0,-1095.0
-76.0,70.0,-1067.0
37.0,89.0,-1112.0
35.0,107.0,-1145.0
111.0,-7.0,-979.0
13.0,-56.0,-849.0
111.0,-3.0,-868.0
144.0,29.0,-1009.0
122.0,27.0,-1011.0
83.0,60.0,-1091.0
115.0,85.0,-1184.0
130.0,99.0,-1218.0
109.0,-29.0,-1003.0
13.0,-87.0,-843.0
21.0,-1.0,-810.0
29.0,5.0,-985.0
7.0,31.0,-1032.0
-68.0,40.0,-1065.0
-39.0,142.0,-1151.0
-11.0,80.0,-1194.0
-48.0,29.0,-979.0
-99.0,-56.0,-819.0
-68.0,-31.0,-835.0
-78.0,60.0,-999.0
-31.0,-17.0,-1061.0
-107.0,-15.0,-1120.0
-72.0,111.0,-1110.0
-56.0,134.0,-1102.0
-1.0,89.0,-983.0
-48.0,-35.0,-907.0
-40.0,-76.0,-884.0
-83.0,19.0,-944.0
-48.0,7.0,-1005.0
-81.0,91.0,-1085.0
-58.0,66.0,-1151.0
-40.0,142.0,-1180.0
-9.0,17.0,-1091.0
-105.0,-31.0,-858.0
-72.0,-42.0,-810.0
-60.0,3.0,-936.0
-9.0,21.0,-1050.0
-64.0,40.0,-1097.0
-97.0,107.0,-1102.0
-56.0,130.0,-1134.0
44.0,15.0,-1026.0
-27.0,-52.0,-894.0
-68.0,-48.0,-864.0
1.0,-42.0,-962.0
11.0,31.0,-1030.0
-39.0,70.0,-1075.0
-48.0,138.0,-1149.0
-1.0,81.0,-1177.0
33.0,83.0,-1091.0
27.0,-50.0,-882.0
-46.0,-54.0,-835.0
-13.0,21.0,-901.0
17.0,23.0,-1063.0
-50.0,35.0,-1081.0
-29.0,103.0,-1128.0
23.0,99.0,-1153.0
70.0,76.0,-1063.0
17.0,-44.0,-870.0
-21.0,-33.0,-849.0
35.0,7.0,-946.0
27.0,31.0,-1044.0
-17.0,58.0,-1075.0
-19.0,50.0,-1081.0
21.0,121.0,-1083.0
21.0,119.0,-1067.0
44.0,-48.0,-958.0
-56.0,-76.0,-886.0
31.0,-31.0,-905.0
-11.0,48.0,-995.0
-21.0,66.0,-1063.0
-68.0,70.0,-1106.0
11.0,93.0,-1151.0
37.0,70.0,-1110.0
42.0,0.0,-977.0
-52.0,-52.0,-827.0
-7.0,-21.0,-868.0
-11.0,9.0,-1069.0
-37.0,9.0,-1091.0
-52.0,54.0,-1054.0
-15.0,122.0,-1114.0
13.0,107.0,-1130.0
11.0,-23.0,-964.0
-56.0,-52.0,-890.0
17.0,-25.0,-903.0
-46.0,39.0,-1015.0
-39.0,44.0,-1056.0
-29.0,37.0,-1081.0
19.0,105.0,-1130.0
44.0,46.0,-1175.0
0.0,27.0,-968.0
-46.0,-99.0,-843.0
-39.0,-11.0,-847.0
-21.0,39.0,-1011.0
-1.0,9.0,-1075.0
-78.0,81.0,-1089.0
7.0,113.0,-1126.0
13.0,85.0,-1122.0
-66.0,-66.0,-853.0
-3.0,15.0,-886.0
-15.0,46.0,-1044.0
-37.0,-13.0,-1046.0
-58.0,17.0,-1063.0
9.0,105.0,-1122.0
-11.0,171.0,-1126.0
68.0,15.0,-1018.0
-52.0,-46.0,-874.0
31.0,-58.0,-878.0
-50.0,25.0,-964.0
15.0,29.0,-1005.0
0.0,40.0,-1073.0
-27.0,150.0,-1141.0
42.0,105.0,-1192.0
0.0,23.0,-1007.0
-35.0,-50.0,-849.0
-19.0,-29.0,-827.0
-7.0,40.0,-979.0
25.0,-17.0,-1069.0
-35.0,35.0,-1098.0
-33.0,130.0,-1122.0
-40.0,132.0,-1124.0
72.0,56.0,-1009.0
-3.0,-54.0,-892.0
13.0,-52.0,-925.0
-21.0,15.0,-944.0
21.0,25.0,-989.0
-66.0,31.0,-1085.0
-44.0,126.0,-1134.0
-3.0,99.0,-1145.0
62.0,42.0,-1075.0
-7.0,-37.0,-866.0
-66.0,-5.0,-802.0
15.0,-31.0,-954.0
0.0,29.0,-1026.0
-11.0,54.0,-1095.0
-46.0,117.0,-1139.0
-37.0,171.0,-1106.0
87.0,25.0,-1030.0
0.0,-44.0,-929.0
-7.0,-54.0,-868.0
9.0,33.0,-933.0
39.0,-3.0,-1034.0
-42.0,7.0,-1067.0
-50.0,97.0,-1091.0
-7.0,109.0,-1165.0
60.0,117.0,-1057.0
19.0,-60.0,-919.0
-21.0,-66.0,-851.0
-15.0,-3.0,-884.0
44.0,9.0,-1007.0
-74.0,72.0,-1067.0
-44.0,156.0,-1134.0
-13.0,99.0,-1159.0
111.0,83.0,-1087.0
13.0,-52.0,-911.0
-23.0,-35.0,-841.0
0.0,-5.0,-894.0
35.0,33.0,-1075.0
-39.0,-3.0,-1098.0
-39.0,68.0,-1110.0
-11.0,158.0,-1093.0
66.0,66.0,-1071.0
13.0,-39.0,-952.0
-33.0,-93.0,-882.0
31.0,-25.0,-907.0
-25.0,56.0,-999.0
-23.0,44.0,-1081.0
-76.0,46.0,-1097.0
-9.0,113.0,-1143.0
50.0,87.0,-1138.0
7.0,-3.0,-981.0
-31.0,-66.0,-827.0
0.0,0.0,-854.0
-13.0,27.0,-1059.0
-27.0,1.0,-1087.0
-87.0,85.0,-1091.0
27.0,99.0,-1106.0
25.0,115.0,-1093.0
46.0,-37.0,-968.0
-62.0,-78.0,-872.0
5.0,-1.0,-876.0
-7.0,39.0,-1030.0
-58.0,19.0,-1036.0
-81.0,25.0,-1077.0
3.0,128.0,-1108.0
23.0,136.0,-1171.0
29.0,-19.0,-1003.0
-64.0,-31.0,-843.0
21.0,-44.0,-837.0
-21.0,27.0,-1007.0
-40.0,15.0,-1075.0
-37.0,62.0,-1075.0
-25.0,165.0,-1132.0
40.0,89.0,-1190.0
-1.0,-64.0,-983.0
-60.0,-40.0,-808.0
60.0,52.0,-843.0
97.0,13.0,-1075.0
163.0,-68.0,-1091.0
300.0,72.0,-1042.0
244.0,156.0,-1153.0
507.0,126.0,-1030.0
519.0,9.0,-981.0
558.0,-58.0,-950.0
593.0,13.0,-913.0
605.0,19.0,-1036.0
735.0,-31.0,-993.0
614.0,64.0,-1179.0
708.0,201.0,-1165.0
667.0,140.0,-1128.0
759.0,-97.0,-1028.0
589.0,-19.0,-864.0
603.0,54.0,-757.0
530.0,23.0,-907.0
525.0,-99.0,-1050.0
488.0,29.0,-1044.0
349.0,253.0,-1038.0
376.0,128.0,-1112.0
355.0,-40.0,-1009.0
322.0,-48.0,-901.0
134.0,39.0,-831.0
175.0,31.0,-911.0
146.0,-50.0,-1038.0
70.0,64.0,-1108.0
-46.0,204.0,-1116.0
7.0,126.0,-1184.0
5.0,-56.0,-1067.0
-31.0,-19.0,-880.0
-128.0,31.0,-798.0
-89.0,56.0,-915.0
-56.0,-70.0,-1048.0
-107.0,66.0,-1118.0
-76.0,169.0,-1175.0
-46.0,74.0,-1182.0
-7.0,-3.0,-1079.0
-44.0,-42.0,-892.0
-52.0,31.0,-827.0
56.0,-1.0,-952.0
37.0,31.0,-1091.0
5.0,46.0,-1089.0
0.0,39.0,-1132.0
109.0,97.0,-1098.0
195.0,13.0,-1071.0
163.0,-3.0,-952.0
93.0,-44.0,-851.0
179.0,-52.0,-897.0
138.0,19.0,-1020.0
122.0,27.0,-1063.0
91.0,76.0,-1104.0
150.0,119.0,-1143.0
150.0,42.0,-1128.0
140.0,58.0,-936.0
15.0,-80.0,-790.0
60.0,0.0,-872.0
35.0,-48.0,-1044.0
5.0,60.0,-1042.0
-25.0,46.0,-1042.0
-3.0,124.0,-1132.0
23.0,109.0,-1130.0
0.0,52.0,-964.0
-58.0,-31.0,-884.0
35.0,-48.0,-923.0
-15.0,46.0,-1022.0
-37.0,11.0,-993.0
-81.0,95.0,-1059.0
5.0,64.0,-1145.0
52.0,48.0,-1192.0
-25.0,103.0,-942.0
-33.0,-52.0,-854.0
21.0,42.0,-858.0
97.0,-3.0,-1003.0
-3.0,54.0,-970.0
21.0,60.0,-1095.0
99.0,52.0,-1157.0
156.0,99.0,-1190.0
68.0,19.0,-974.0
29.0,-39.0,-839.0
124.0,21.0,-894.0
85.0,-9.0,-1057.0
66.0,-5.0,-970.0
17.0,-37.0,-1040.0
78.0,142.0,-1132.0
56.0,66.0,-1161.0
40.0,70.0,-1005.0
-17.0,-50.0,-884.0
48.0,0.0,-954.0
-39.0,21.0,-964.0
-1.0,-35.0,-958.0
-68.0,15.0,-1024.0
-15.0,64.0,-1210.0
-56.0,134.0,-1198.0
-80.0,13.0,-1020.0
-107.0,1.0,-872.0
-50.0,-3.0,-903.0
-89.0,81.0,-1001.0
-56.0,-40.0,-977.0
-87.0,5.0,-1038.0
-58.0,105.0,-1180.0
-80.0,66.0,-1155.0
-31.0,109.0,-1005.0
-40.0,-39.0,-946.0
-1.0,-13.0,-952.0
-25.0,11.0,-946.0
25.0,-54.0,-940.0
-56.0,95.0,-974.0
21.0,74.0,-1200.0
7.0,132.0,-1163.0
76.0,19.0,-1028.0
56.0,33.0,-890.0
27.0,15.0,-899.0
89.0,-19.0,-936.0
97.0,-37.0,-970.0
89.0,9.0,-1018.0
-11.0,111.0,-1161.0
93.0,40.0,-1179.0
83.0,29.0,-1007.0
81.0,33.0,-915.0
-9.0,11.0,-956.0
124.0,17.0,-954.0
27.0,-60.0,-944.0
-9.0,15.0,-1003.0
-72.0,89.0,-1110.0
37.0,89.0,-1161.0
64.0,42.0,-1059.0
-56.0,-7.0,-936.0
-56.0,25.0,-940.0
56.0,-23.0,-979.0
-40.0,-78.0,-938.0
-91.0,68.0,-954.0
-68.0,154.0,-1145.0
33.0,97.0,-1245.0
46.0,3.0,-1106.0
-70.0,-1.0,-894.0
-101.0,93.0,-878.0
105.0,9.0,-981.0
42.0,-124.0,-1013.0
-97.0,-31.0,-919.0
-50.0,173.0,-1091.0
80.0,152.0,-1223.0
66.0,-25.0,-1128.0
-74.0,-9.0,-870.0
-50.0,76.0,-853.0
167.0,5.0,-1020.0
1.0,-33.0,-1034.0
-89.0,5.0,-894.0
-140.0,87.0,-1007.0
64.0,146.0,-1247.0
138.0,81.0,-1255.0
-52.0,-89.0,-913.0
-128.0,-13.0,-689.0
48.0,72.0,-993.0
80.0,-23.0,-1120.0
-99.0,-17.0,-948.0
-83.0,-3.0,-1022.0
-76.0,165.0,-1145.0
80.0,105.0,-1301.0
13.0,-58.0,-991.0
-93.0,-13.0,-769.0
-3.0,21.0,-907.0
78.0,81.0,-1104.0
-85.0,-23.0,-983.0
-56.0,-21.0,-974.0
-113.0,134.0,-1136.0
138.0,117.0,-1262.0
66.0,-46.0,-1065.0
-146.0,3.0,-794.0
132.0,0.0,-831.0
52.0,117.0,-1024.0
-13.0,-46.0,-1073.0
-126.0,9.0,-942.0
103.0,109.0,-1093.0
181.0,126.0,-1253.0
-97.0,23.0,-1098.0
66.0,-206.0,-829.0
76.0,179.0,-796.0
-23.0,101.0,-1005.0
220.0,-74.0,-1034.0
66.0,-115.0,-1098.0
21.0,171.0,-1020.0
-78.0,255.0,-1138.0
136.0,35.0,-1126.0
-101.0,-21.0,-882.0
228.0,-165.0,-915.0
-56.0,251.0,-964.0
-68.0,-42.0,-1032.0
144.0,-44.0,-1022.0
-44.0,25.0,-1095.0
-46.0,167.0,-1116.0
-44.0,240.0,-1067.0
154.0,-173.0,-1052.0
-140.0,17.0,-847.0
-5.0,80.0,-925.0
-66.0,80.0,-1007.0
-27.0,-52.0,-1059.0
-148.0,-46.0,-1067.0
-74.0,152.0,-1069.0
23.0,158.0,-1116.0
29.0,-7.0,-1048.0
-121.0,-58.0,-917.0
-193.0,91.0,-812.0
111.0,162.0,-1026.0
35.0,-115.0,-1059.0
-160.0,40.0,-1079.0
-64.0,165.0,-997.0
50.0,130.0,-1179.0
-7.0,3.0,-1130.0
-66.0,-148.0,-919.0
0.0,0.0,-747.0
-9.0,39.0,-909.0
154.0,-58.0,-1122.0
-101.0,62.0,-1136.0
-11.0,37.0,-1114.0
-48.0,263.0,-1077.0
158.0,-42.0,-1065.0
-64.0,3.0,-919.0
-33.0,-7.0,-866.0
33.0,-29.0,-901.0
62.0,-42.0,-1116.0
-136.0,113.0,-1141.0
-40.0,39.0,-1030.0
134.0,152.0,-1056.0
46.0,-62.0,-1138.0
-42.0,-13.0,-985.0
-66.0,0.0,-827.0
-15.0,52.0,-886.0
-50.0,101.0,-1020.0
0.0,-109.0,-1091.0
-160.0,140.0,-1007.0
40.0,62.0,-1145.0
72.0,85.0,-1048.0
56.0,-111.0,-960.0
-113.0,0.0,-772.0
54.0,7.0,-936.0
-21.0,87.0,-1130.0
21.0,-19.0,-1124.0
-62.0,21.0,-1011.0
66.0,158.0,-1122.0
29.0,128.0,-1120.0
-35.0,-54.0,-1050.0
-91.0,-64.0,-827.0
156.0,111.0,-942.0
76.0,126.0,-948.0
54.0,-136.0,-1075.0
-11.0,58.0,-1061.0
99.0,42.0,-1124.0
-1.0,152.0,-1098.0
-19.0,-35.0,-927.0
21.0,-128.0,-835.0
21.0,154.0,-942.0
-89.0,42.0,-991.0
103.0,50.0,-1030.0
177.0,9.0,-1216.0
-169.0,76.0,-1134.0
-68.0,93.0,-1016.0
15.0,-5.0,-936.0
-78.0,-13.0,-936.0
-113.0,107.0,-854.0
17.0,-15.0,-997.0
-9.0,-31.0,-1071.0
-52.0,-3.0,-1163.0
-111.0,175.0,-999.0
163.0,101.0,-1016.0
3.0,83.0,-1077.0
-9.0,-40.0,-964.0
39.0,19.0,-892.0
-21.0,33.0,-921.0
109.0,-21.0,-1063.0
-46.0,13.0,-1116.0
-9.0,115.0,-1095.0
-33.0,175.0,-1104.0
81.0,91.0,-1009.0
-37.0,-132.0,-964.0
-62.0,15.0,-821.0
50.0,35.0,-991.0
81.0,85.0,-1067.0
-68.0,101.0,-1153.0
60.0,11.0,-1081.0
17.0,136.0,-1050.0
1.0,31.0,-1016.0
-9.0,-39.0,-946.0
83.0,-35.0,-823.0
-42.0,31.0,-944.0
33.0,122.0,-1059.0
-39.0,50.0,-1061.0
-91.0,0.0,-1132.0
52.0,33.0,-1057.0
25.0,35.0,-1081.0
-87.0,-19.0,-929.0
-74.0,-56.0,-837.0
-35.0,101.0,-954.0
-21.0,42.0,-1163.0
-119.0,17.0,-1190.0
-54.0,-5.0,-1083.0
19.0,138.0,-1026.0
23.0,101.0,-1036.0
-3.0,-70.0,-938.0
3.0,-31.0,-819.0
70.0,19.0,-935.0
-103.0,175.0,-1124.0
27.0,-72.0,-1153.0
-44.0,25.0,-970.0
7.0,119.0,-1059.0
25.0,119.0,-1087.0
-85.0,-56.0,-979.0
-17.0,-1.0,-862.0
105.0,-31.0,-952.0
-68.0,91.0,-1050.0
64.0,-62.0,-1136.0
50.0,35.0,-1044.0
11.0,148.0,-1067.0
19.0,175.0,-1030.0
13.0,-87.0,-954.0
25.0,-119.0,-819.0
-56.0,68.0,-977.0
214.0,187.0,-1093.0
-35.0,-21.0,-1145.0
-158.0,9.0,-970.0
-21.0,93.0,-1030.0
95.0,113.0,-1122.0
-21.0,31.0,-979.0
101.0,-204.0,-979.0
-130.0,95.0,-812.0
-48.0,56.0,-1061.0
-101.0,169.0,-1083.0
11.0,-130.0,-1104.0
15.0,160.0,-1022.0
19.0,91.0,-1079.0
48.0,-5.0,-1130.0
-52.0,-9.0,-819.0
3.0,-35.0,-841.0
-39.0,238.0,-979.0
58.0,13.0,-1182.0
-54.0,-113.0,-1163.0
-119.0,56.0,-952.0
42.0,121.0,-1056.0
11.0,150.0,-977.0
0.0,-169.0,-960.0
-11.0,81.0,-796.0
3.0,103.0,-991.0
87.0,13.0,-1130.0
-3.0,-95.0,-1145.0
5.0,121.0,-979.0
-97.0,189.0,-1067.0
169.0,78.0,-1116.0
-76.0,-245.0,-931.0
-1.0,40.0,-790.0
42.0,89.0,-962.0
167.0,64.0,-1126.0
-5.0,21.0,-1098.0
48.0,-58.0,-1030.0
-21.0,269.0,-993.0
62.0,74.0,-1141.0
-87.0,-56.0,-913.0
70.0,-113.0,-757.0
-70.0,99.0,-925.0
150.0,148.0,-1235.0
62.0,-70.0,-1171.0
5.0,-40.0,-952.0
-204.0,210.0,-976.0
134.0,220.0,-1104.0
74.0,-265.0,-1044.0
-142.0,-52.0,-796.0
-11.0,165.0,-866.0
81.0,175.0,-1141.0
66.0,-85.0,-1241.0
-156.0,-119.0,-1036.0
-85.0,208.0,-925.0
148.0,212.0,-1024.0
15.0,-148.0,-1155.0
-27.0,-197.0,-849.0
-191.0,121.0,-745.0
146.0,357.0,-1091.0
13.0,-27.0,-1319.0
39.0,-95.0,-1013.0
-236.0,31.0,-780.0
255.0,212.0,-1059.0
-85.0,-76.0,-1247.0
-111.0,-91.0,-862.0
-99.0,-25.0,-689.0
324.0,253.0,-962.0
-1.0,21.0,-1524.0
-216.0,-72.0,-1075.0
-146.0,-130.0,-767.0
314.0,312.0,-1089.0
-122.0,195.0,-1372.0
29.0,-331.0,-860.0
-372.0,-37.0,-447.0
351.0,351.0,-999.0
56.0,126.0,-1526.0
-97.0,-109.0,-1128.0
-222.0,-181.0,-568.0
423.0,398.0,-1015.0
-124.0,249.0,-1483.0
-99.0,-318.0,-730.0
-265.0,-97.0,-540.0
359.0,42.0,-1126.0
-7.0,517.0,-1495.0
224.0,-284.0,-987.0
-259.0,-220.0,-612.0
142.0,146.0,-1016.0
121.0,702.0,-1440.0
128.0,-390.0,-1071.0
-425.0,-568.0,-548.0
109.0,201.0,-890.0
242.0,755.0,-1346.0
60.0,-296.0,-1270.0
-730.0,-419.0,-540.0
486.0,144.0,-1087.0
81.0,880.0,-1471.0
-60.0,-433.0,-1241.0
-745.0,-421.0,-300.0
759.0,-80.0,-796.0
175.0,739.0,-1475.0
-122.0,-62.0,-1214.0
-407.0,-327.0,-538.0
527.0,-163.0,-936.0
-103.0,708.0,-1711.0
-52.0,-195.0,-1182.0
-292.0,-279.0,-247.0
501.0,-189.0,-747.0
-218.0,708.0,-1522.0
119.0,-220.0,-1276.0
-480.0,-144.0,-589.0
347.0,-35.0,-1059.0
-117.0,511.0,-1585.0
169.0,-109.0,-1046.0
-368.0,-193.0,-431.0
222.0,-163.0,-679.0
0.0,472.0,-1346.0
163.0,-68.0,-1417.0
-429.0,-165.0,-778.0
173.0,-46.0,-921.0
113.0,431.0,-1342.0
27.0,-48.0,-1134.0
-249.0,-197.0,-489.0
5.0,42.0,-659.0
173.0,238.0,-1389.0
56.0,-48.0,-1421.0
-191.0,-171.0,-812.0
103.0,52.0,-847.0
-156.0,402.0,-1270.0
56.0,70.0,-1161.0
31.0,-249.0,-728.0
56.0,-23.0,-616.0
-111.0,167.0,-1200.0
64.0,290.0,-1290.0
204.0,-216.0,-1208.0
-212.0,119.0,-755.0
-152.0,253.0,-1116.0
185.0,218.0,-1050.0
193.0,-275.0,-977.0
-206.0,-85.0,-642.0
-85.0,19.0,-1077.0
208.0,370.0,-1325.0
-7.0,-169.0,-1303.0
-279.0,-50.0,-782.0
-128.0,11.0,-862.0
279.0,366.0,-1188.0
5.0,-187.0,-1132.0
-247.0,-183.0,-698.0
-140.0,56.0,-847.0
265.0,333.0,-1378.0
-66.0,-37.0,-1344.0
-253.0,-115.0,-866.0
115.0,-101.0,-687.0
101.0,433.0,-1282.0
-64.0,-35.0,-1136.0
-265.0,-318.0,-771.0
33.0,64.0,-599.0
212.0,320.0,-1485.0
-48.0,148.0,-1321.0
-156.0,-290.0,-862.0
111.0,-78.0,-603.0
-146.0,464.0,-1204.0
121.0,-31.0,-1147.0
-130.0,-249.0,-769.0
273.0,-126.0,-718.0
-58.0,445.0,-1346.0
111.0,80.0,-1229.0
-162.0,-216.0,-897.0
290.0,-27.0,-796.0
-140.0,376.0,-1143.0
283.0,33.0,-1089.0
-169.0,-232.0,-868.0
247.0,-132.0,-767.0
-35.0,343.0,-1075.0
179.0,31.0,-1290.0
-372.0,-76.0,-1015.0
308.0,-95.0,-923.0
-52.0,376.0,-1022.0
99.0,-130.0,-976.0
-255.0,117.0,-800.0
292.0,-251.0,-1032.0
-111.0,361.0,-1050.0
50.0,-29.0,-1216.0
-302.0,9.0,-976.0
316.0,44.0,-1030.0
-44.0,163.0,-1024.0
-115.0,-175.0,-1067.0
-111.0,27.0,-790.0
240.0,101.0,-938.0
-58.0,119.0,-1122.0
-279.0,-3.0,-1220.0
117.0,74.0,-991.0
290.0,85.0,-1118.0
-277.0,142.0,-964.0
40.0,-154.0,-876.0
195.0,25.0,-819.0
113.0,-78.0,-1143.0
-310.0,245.0,-1022.0
52.0,-40.0,-1030.0
224.0,179.0,-1063.0
162.0,58.0,-1212.0
-97.0,-35.0,-919.0
-64.0,-3.0,-767.0
101.0,171.0,-956.0
113.0,-48.0,-1270.0
-165.0,-23.0,-1034.0
-33.0,-62.0,-858.0
122.0,288.0,-1030.0
99.0,33.0,-1296.0
-148.0,-107.0,-962.0
-74.0,-40.0,-817.0
115.0,81.0,-1005.0
-56.0,54.0,-1114.0
-50.0,1.0,-985.0
-230.0,-7.0,-979.0
83.0,238.0,-1182.0
-27.0,78.0,-1239.0
0.0,-27.0,-964.0
-247.0,-87.0,-687.0
267.0,142.0,-981.0
-130.0,136.0,-1143.0
-39.0,-199.0,-1091.0
-331.0,95.0,-851.0
355.0,210.0,-1169.0
9.0,81.0,-1266.0
-232.0,-134.0,-985.0
-201.0,44.0,-698.0
396.0,80.0,-1087.0
-119.0,35.0,-1138.0
-134.0,-234.0,-960.0
-72.0,113.0,-808.0
355.0,201.0,-1182.0
-156.0,136.0,-1360.0
-122.0,-54.0,-862.0
122.0,-140.0,-722.0
29.0,292.0,-1013.0
-91.0,-40.0,-1305.0
-50.0,-152.0,-829.0
130.0,-83.0,-956.0
54.0,347.0,-1255.0
-144.0,140.0,-1341.0
27.0,-240.0,-812.0
56.0,68.0,-763.0
119.0,236.0,-1077.0
33.0,11.0,-1208.0
-113.0,-169.0,-659.0
269.0,40.0,-983.0
-54.0,290.0,-1348.0
-423.0,-208.0,-1198.0
-46.0,163.0,-702.0
341.0,35.0,-905.0
1.0,39.0,-1280.0
-251.0,-206.0,-942.0
160.0,-40.0,-646.0
113.0,160.0,-1042.0
-242.0,222.0,-1477.0
-439.0,-50.0,-1114.0
429.0,-162.0,-706.0
-191.0,244.0,-987.0
-101.0,152.0,-1196.0
-216.0,-177.0,-831.0
466.0,-212.0,-755.0
-187.0,345.0,-1122.0
-201.0,68.0,-1366.0
-193.0,-13.0,-1030.0
474.0,-247.0,-839.0
-167.0,468.0,-1048.0
3.0,17.0,-1124.0
70.0,-54.0,-817.0
351.0,-255.0,-771.0
-257.0,325.0,-1173.0
99.0,204.0,-1286.0
-177.0,-162.0,-933.0
480.0,-185.0,-985.0
-454.0,359.0,-1042.0
105.0,-5.0,-1015.0
-58.0,-156.0,-745.0
322.0,-189.0,-1112.0
-528.0,384.0,-1087.0
228.0,-62.0,-1173.0
-220.0,216.0,-853.0
610.0,-286.0,-1257.0
-745.0,448.0,-895.0
283.0,-197.0,-1057.0
-138.0,93.0,-702.0
314.0,-216.0,-1194.0
-515.0,427.0,-993.0
185.0,-33.0,-1046.0
-25.0,-107.0,-919.0
316.0,-66.0,-1272.0
-616.0,290.0,-1044.0
296.0,-115.0,-860.0
216.0,44.0,-798.0
48.0,-95.0,-1225.0
-462.0,484.0,-892.0
271.0,-119.0,-989.0
9.0,-56.0,-1151.0
148.0,-124.0,-1292.0
-283.0,136.0,-950.0
99.0,40.0,-675.0
214.0,-46.0,-954.0
-48.0,-68.0,-1200.0
-144.0,169.0,-927.0
80.0,150.0,-868.0
267.0,52.0,-1186.0
60.0,-107.0,-1272.0
-314.0,138.0,-1020.0
54.0,134.0,-640.0
407.0,121.0,-1009.0
-144.0,-115.0,-1206.0
-220.0,-78.0,-981.0
66.0,124.0,-685.0
466.0,191.0,-1264.0
-247.0,42.0,-1251.0
-201.0,-121.0,-972.0
19.0,95.0,-528.0
329.0,107.0,-1163.0
-363.0,87.0,-1188.0
-54.0,-122.0,-968.0
130.0,-5.0,-817.0
148.0,181.0,-1319.0
-288.0,76.0,-1257.0
-80.0,3.0,-757.0
238.0,-54.0,-823.0
60.0,140.0,-1218.0
-247.0,-80.0,-1182.0
-103.0,44.0,-696.0
230.0,122.0,-913.0
35.0,167.0,-1348.0
-281.0,-76.0,-1264.0
40.0,-162.0,-704.0
37.0,244.0,-895.0
-1.0,130.0,-1278.0
-48.0,-138.0,-1124.0
150.0,-160.0,-640.0
5.0,247.0,-901.0
29.0,251.0,-1360.0
-132.0,-60.0,-1102.0
208.0,-269.0,-886.0
-251.0,263.0,-776.0
91.0,-40.0,-1262.0
-134.0,273.0,-968.0
300.0,-359.0,-983.0
-279.0,39.0,-911.0
-21.0,124.0,-1241.0
33.0,167.0,-1097.0
78.0,-29.0,-1009.0
-130.0,-3.0,-931.0
95.0,44.0,-1153.0
132.0,109.0,-1001.0
-85.0,-89.0,-872.0
-171.0,58.0,-897.0
111.0,-48.0,-1112.0
148.0,171.0,-1233.0
-101.0,5.0,-997.0
-191.0,68.0,-776.0
146.0,-11.0,-890.0
80.0,-107.0,-1255.0
-240.0,132.0,-979.0
-7.0,85.0,-810.0
52.0,83.0,-1079.0
5.0,66.0,-1372.0
-52.0,-33.0,-983.0
-37.0,-31.0,-763.0
-101.0,-13.0,-915.0
121.0,115.0,-1266.0
-46.0,-60.0,-997.0
-25.0,15.0,-743.0
9.0,-42.0,-1034.0
121.0,165.0,-1350.0
-1.0,19.0,-1112.0
-27.0,-58.0,-798.0
-76.0,21.0,-851.0
257.0,136.0,-1179.0
-87.0,62.0,-1077.0
-60.0,-122.0,-909.0
-111.0,85.0,-917.0
304.0,191.0,-1206.0
33.0,152.0,-1151.0
-191.0,-169.0,-839.0
-37.0,-89.0,-815.0
68.0,236.0,-1169.0
19.0,0.0,-1210.0
-187.0,31.0,-708.0
-3.0,-156.0,-960.0
121.0,74.0,-1247.0
-226.0,197.0,-1143.0
249.0,-5.0,-878.0
-42.0,52.0,-997.0
138.0,-13.0,-1126.0
-81.0,5.0,-929.0
-54.0,40.0,-790.0
-113.0,158.0,-927.0
204.0,-44.0,-1292.0
50.0,111.0,-1227.0
-91.0,-169.0,-913.0
-199.0,238.0,-772.0
249.0,-1.0,-1102.0
39.0,183.0,-1108.0
11.0,-265.0,-874.0
-107.0,290.0,-895.0
335.0,177.0,-1325.0
5.0,0.0,-1270.0
-15.0,-167.0,-771.0
-15.0,-54.0,-794.0
126.0,146.0,-1114.0
-83.0,136.0,-1093.0
-37.0,-167.0,-829.0
-165.0,29.0,-923.0
74.0,-3.0,-1335.0
-126.0,306.0,-1190.0
74.0,-72.0,-866.0
-58.0,-19.0,-804.0
134.0,44.0,-1075.0
1.0,156.0,-1114.0
-109.0,-48.0,-917.0
-191.0,70.0,-946.0
37.0,-11.0,-1292.0
21.0,156.0,-1204.0
-52.0,-80.0,-813.0
-245.0,15.0,-724.0
134.0,9.0,-1081.0
122.0,160.0,-1198.0
1.0,-19.0,-913.0
-204.0,-17.0,-849.0
128.0,83.0,-1097.0
46.0,80.0,-1210.0
-78.0,0.0,-977.0
-160.0,-107.0,-854.0
72.0,126.0,-997.0
136.0,148.0,-1128.0
21.0,-95.0,-999.0
-130.0,-187.0,-784.0
142.0,144.0,-1038.0
113.0,169.0,-1307.0
-35.0,126.0,-1085.0
-76.0,-101.0,-819.0
148.0,44.0,-917.0
138.0,56.0,-1175.0
-5.0,126.0,-1018.0
-156.0,-60.0,-788.0
144.0,25.0,-1075.0
156.0,-29.0,-1284.0
-64.0,169.0,-979.0
-101.0,-56.0,-827.0
-80.0,89.0,-952.0
154.0,29.0,-1100.0
-1.0,169.0,-950.0
-130.0,-56.0,-782.0
56.0,19.0,-1038.0
121.0,103.0,-1309.0
-70.0,111.0,-1194.0
-103.0,-113.0,-689.0
19.0,33.0,-821.0
189.0,40.0,-1210.0
-144.0,56.0,-1132.0
-66.0,-50.0,-833.0
-23.0,35.0,-983.0
134.0,122.0,-1315.0
-31.0,171.0,-1069.0
17.0,-37.0,-810.0
-154.0,-3.0,-911.0
193.0,31.0,-1153.0
130.0,134.0,-1052.0
9.0,-130.0,-909.0
-187.0,54.0,-899.0
370.0,91.0,-1161.0
-1.0,261.0,-1192.0
-122.0,-42.0,-962.0
-78.0,-68.0,-817.0
593.0,44.0,-1085.0
-167.0,224.0,-1073.0
-54.0,-62.0,-819.0
-7.0,-46.0,-890.0
224.0,-11.0,-1362.0
-173.0,177.0,-1251.0
-142.0,89.0,-659.0
187.0,-165.0,-858.0
19.0,-7.0,-1130.0
-7.0,87.0,-1112.0
-197.0,113.0,-761.0
-58.0,107.0,-968.0
189.0,-99.0,-1270.0
-29.0,216.0,-1225.0
-103.0,19.0,-794.0
-9.0,-52.0,-821.0
179.0,17.0,-1116.0
48.0,29.0,-1220.0
-210.0,140.0,-767.0
78.0,-95.0,-841.0
124.0,56.0,-1280.0
-42.0,150.0,-1313.0
-56.0,101.0,-876.0
39.0,-122.0,-730.0
146.0,-5.0,-1061.0
-134.0,142.0,-1196.0
-44.0,132.0,-860.0
46.0,-191.0,-860.0
-5.0,-85.0,-1231.0
-3.0,165.0,-1288.0
-46.0,339.0,-927.0
122.0,-171.0,-853.0
-3.0,-128.0,-1048.0
-25.0,111.0,-1182.0
-154.0,351.0,-831.0
220.0,-113.0,-886.0
-52.0,-148.0,-1296.0
-13.0,70.0,-1309.0
-288.0,294.0,-851.0
124.0,-142.0,-868.0
-261.0,-148.0,-1056.0
175.0,25.0,-1163.0
-158.0,308.0,-737.0
101.0,-27.0,-987.0
-365.0,-97.0,-1247.0
95.0,134.0,-1325.0
-37.0,124.0,-903.0
-42.0,-15.0,-829.0
-331.0,-76.0,-1009.0
185.0,29.0,-1147.0
-81.0,167.0,-936.0
-17.0,17.0,-964.0
-261.0,-113.0,-1175.0
74.0,-68.0,-1216.0
-21.0,363.0,-956.0
50.0,-29.0,-849.0
-95.0,-39.0,-1108.0
132.0,-80.0,-956.0
171.0,267.0,-897.0
-60.0,13.0,-977.0
-218.0,-46.0,-1233.0
122.0,-193.0,-1106.0
201.0,288.0,-960.0
-85.0,87.0,-841.0
-179.0,-46.0,-1040.0
91.0,-126.0,-882.0
462.0,206.0,-1050.0
-284.0,152.0,-1005.0
-113.0,-103.0,-1038.0
361.0,-97.0,-864.0
187.0,363.0,-1179.0
-89.0,17.0,-1143.0
-372.0,-5.0,-843.0
534.0,-267.0,-839.0
148.0,271.0,-1118.0
-177.0,31.0,-1095.0
-117.0,-11.0,-843.0
425.0,-154.0,-884.0
105.0,366.0,-1286.0
-226.0,-35.0,-1264.0
-322.0,140.0,-581.0
831.0,-400.0,-761.0
-179.0,448.0,-1262.0
-306.0,-81.0,-1132.0
-122.0,216.0,-585.0
610.0,-519.0,-1079.0
-171.0,363.0,-1503.0
-417.0,64.0,-1102.0
56.0,204.0,-445.0
448.0,-447.0,-917.0
-230.0,259.0,-1516.0
-439.0,160.0,-985.0
294.0,99.0,-466.0
409.0,-208.0,-1157.0
-146.0,128.0,-1610.0
-331.0,158.0,-843.0
329.0,-70.0,-609.0
37.0,15.0,-987.0
-257.0,33.0,-1477.0
-21.0,201.0,-708.0
482.0,-218.0,-720.0
144.0,171.0,-1214.0
-431.0,87.0,-1590.0
31.0,87.0,-743.0
132.0,-230.0,-661.0
-39.0,119.0,-1173.0
-240.0,212.0,-1249.0
347.0,-203.0,-804.0
-81.0,40.0,-747.0
9.0,64.0,-1368.0
-392.0,62.0,-1301.0
240.0,15.0,-819.0
-140.0,3.0,-696.0
162.0,191.0,-1249.0
-283.0,-48.0,-1118.0
286.0,3.0,-806.0
-193.0,44.0,-876.0
95.0,208.0,-1323.0
-210.0,68.0,-1270.0
292.0,-121.0,-819.0
-160.0,37.0,-718.0
85.0,128.0,-1141.0
-220.0,-56.0,-1118.0
308.0,-11.0,-843.0
-191.0,0.0,-921.0
-29.0,302.0,-1327.0
-245.0,-210.0,-1141.0
435.0,99.0,-829.0
-210.0,-19.0,-911.0
-13.0,206.0,-1128.0
46.0,-163.0,-1003.0
404.0,48.0,-981.0
-290.0,40.0,-987.0
1.0,201.0,-1223.0
-66.0,-113.0,-935.0
441.0,124.0,-981.0
-269.0,33.0,-1013.0
-1.0,58.0,-1165.0
-93.0,13.0,-841.0
669.0,39.0,-997.0
-525.0,122.0,-1024.0
-273.0,-3.0,-1075.0
345.0,-109.0,-911.0
245.0,160.0,-1184.0
-433.0,35.0,-1106.0
-255.0,15.0,-767.0
556.0,-91.0,-903.0
17.0,56.0,-1106.0
-435.0,169.0,-1120.0
-187.0,-111.0,-780.0
404.0,187.0,-1013.0
48.0,7.0,-1272.0
-269.0,64.0,-1089.0
-298.0,44.0,-638.0
993.0,-240.0,-1048.0
-648.0,503.0,-1173.0
-201.0,-238.0,-1050.0
-140.0,101.0,-585.0
782.0,-15.0,-1260.0
-78.0,419.0,-1393.0
-349.0,-171.0,-944.0
193.0,15.0,-538.0
382.0,46.0,-1136.0
-396.0,255.0,-1272.0
-23.0,-234.0,-714.0
183.0,0.0,-642.0
562.0,-23.0,-1430.0
-425.0,226.0,-1389.0
-187.0,-44.0,-716.0
144.0,-64.0,-644.0
357.0,142.0,-1243.0
-183.0,-42.0,-1239.0
-126.0,255.0,-700.0
249.0,-308.0,-862.0
171.0,122.0,-1405.0
-286.0,117.0,-1303.0
-54.0,302.0,-694.0
68.0,-361.0,-745.0
257.0,9.0,-1278.0
-345.0,54.0,-1192.0
39.0,290.0,-691.0
109.0,-152.0,-804.0
226.0,-9.0,-1401.0
-351.0,177.0,-1303.0
19.0,284.0,-737.0
122.0,-259.0,-829.0
76.0,-23.0,-1233.0
-327.0,72.0,-1136.0
78.0,220.0,-732.0
7.0,-111.0,-827.0
62.0,-107.0,-1342.0
-105.0,121.0,-1235.0
-54.0,218.0,-769.0
99.0,-150.0,-938.0
-115.0,3.0,-1163.0
-19.0,-5.0,-1169.0
-85.0,322.0,-632.0
156.0,-236.0,-950.0
-87.0,-1.0,-1303.0
-21.0,-56.0,-1298.0
-21.0,249.0,-767.0
193.0,-93.0,-991.0
-208.0,89.0,-979.0
187.0,-95.0,-1139.0
-187.0,318.0,-663.0
212.0,-132.0,-1083.0
-197.0,68.0,-1184.0
136.0,-76.0,-1286.0
-191.0,396.0,-745.0
85.0,-115.0,-987.0
-154.0,-19.0,-1054.0
218.0,-261.0,-1182.0
-284.0,429.0,-687.0
339.0,-85.0,-1083.0
-275.0,109.0,-1212.0
150.0,-160.0,-1200.0
-136.0,218.0,-730.0
126.0,107.0,-895.0
-95.0,-267.0,-1227.0
-66.0,124.0,-989.0
74.0,-19.0,-755.0
17.0,126.0,-942.0
-232.0,25.0,-1290.0
226.0,-115.0,-1175.0
9.0,187.0,-905.0
-68.0,101.0,-886.0
-210.0,-62.0,-1149.0
103.0,109.0,-1030.0
62.0,99.0,-886.0
-136.0,15.0,-1016.0
-206.0,-81.0,-1141.0
240.0,89.0,-1073.0
-83.0,85.0,-991.0
-296.0,99.0,-907.0
-269.0,-169.0,-1016.0
97.0,197.0,-950.0
-97.0,95.0,-968.0
-466.0,50.0,-897.0
-228.0,-204.0,-1124.0
154.0,91.0,-1159.0
-554.0,185.0,-1032.0
-288.0,105.0,-909.0
-501.0,-66.0,-936.0
163.0,7.0,-1054.0
-571.0,62.0,-968.0
-368.0,-39.0,-962.0
-470.0,-7.0,-993.0
50.0,146.0,-1180.0
-527.0,85.0,-1143.0
-622.0,-31.0,-870.0
-509.0,66.0,-778.0
284.0,134.0,-1171.0
-556.0,9.0,-1110.0
-368.0,-259.0,-854.0
-392.0,218.0,-737.0
181.0,138.0,-1311.0
-523.0,-21.0,-1253.0
-577.0,5.0,-784.0
-245.0,103.0,-827.0
-81.0,156.0,-1184.0
-335.0,-121.0,-1143.0
-407.0,-70.0,-728.0
-187.0,187.0,-841.0
-11.0,146.0,-1282.0
-583.0,74.0,-1276.0
-349.0,-185.0,-730.0
-105.0,-44.0,-856.0
-177.0,286.0,-1186.0
-244.0,-126.0,-1186.0
-316.0,-91.0,-560.0
-58.0,-3.0,-919.0
-263.0,232.0,-1307.0
-361.0,66.0,-1251.0
-236.0,-162.0,-747.0
-150.0,31.0,-952.0
-234.0,185.0,-1192.0
-115.0,64.0,-1106.0
-113.0,-175.0,-605.0
-224.0,91.0,-1005.0
-181.0,37.0,-1356.0
-253.0,242.0,-1245.0
-83.0,-234.0,-810.0
-220.0,181.0,-884.0
-48.0,23.0,-1153.0
-15.0,208.0,-1057.0
136.0,-238.0,-722.0
-95.0,78.0,-1013.0
115.0,50.0,-1245.0
169.0,236.0,-1202.0
425.0,-171.0,-829.0
142.0,201.0,-913.0
265.0,-3.0,-1155.0
345.0,160.0,-944.0
339.0,-185.0,-843.0
-9.0,37.0,-983.0
113.0,44.0,-1315.0
185.0,253.0,-1180.0
284.0,-115.0,-977.0
-136.0,175.0,-851.0
60.0,-37.0,-1048.0
91.0,148.0,-905.0
103.0,-160.0,-827.0
-294.0,152.0,-938.0
-13.0,-35.0,-1253.0
-87.0,111.0,-1147.0
111.0,-109.0,-983.0
-345.0,181.0,-854.0
-33.0,37.0,-1011.0
-134.0,40.0,-968.0
-23.0,-33.0,-907.0
-378.0,21.0,-1028.0
-111.0,11.0,-1184.0
-93.0,42.0,-1130.0
27.0,-5.0,-997.0
-370.0,113.0,-972.0
-83.0,81.0,-1005.0
33.0,-9.0,-989.0
-35.0,-23.0,-911.0
-339.0,-58.0,-935.0
-95.0,81.0,-1132.0
91.0,78.0,-1262.0
78.0,-3.0,-1015.0
-273.0,44.0,-919.0
33.0,109.0,-931.0
121.0,80.0,-1022.0
78.0,-95.0,-968.0
-320.0,-54.0,-860.0
17.0,83.0,-1024.0
101.0,115.0,-1235.0
113.0,21.0,-1085.0
-222.0,11.0,-892.0
70.0,81.0,-962.0
142.0,101.0,-1079.0
50.0,-107.0,-991.0
-284.0,-46.0,-837.0
15.0,50.0,-1036.0
148.0,169.0,-1290.0
122.0,46.0,-1175.0
-267.0,13.0,-917.0
21.0,3.0,-901.0
115.0,111.0,-1020.0
25.0,-48.0,-966.0
-300.0,-13.0,-815.0
33.0,-25.0,-1040.0
140.0,126.0,-1284.0
142.0,107.0,-1122.0
-273.0,40.0,-915.0
91.0,33.0,-888.0
134.0,113.0,-1046.0
76.0,0.0,-993.0
-259.0,5.0,-845.0
95.0,-80.0,-1052.0
80.0,76.0,-1216.0
85.0,124.0,-1128.0
-167.0,-3.0,-911.0
111.0,23.0,-890.0
113.0,136.0,-999.0
21.0,17.0,-968.0
-177.0,-9.0,-854.0
80.0,-35.0,-1061.0
181.0,122.0,-1280.0
81.0,66.0,-1136.0
-154.0,-19.0,-895.0
58.0,101.0,-841.0
216.0,15.0,-1085.0
0.0,-19.0,-1042.0
-230.0,-54.0,-884.0
-3.0,7.0,-981.0
165.0,132.0,-1288.0
3.0,107.0,-1141.0
-212.0,-13.0,-954.0
3.0,62.0,-872.0
162.0,64.0,-1098.0
-21.0,-91.0,-1024.0
-275.0,-60.0,-808.0
0.0,-50.0,-931.0
158.0,173.0,-1321.0
-17.0,126.0,-1212.0
-267.0,27.0,-892.0
9.0,31.0,-821.0
165.0,83.0,-1112.0
-46.0,-3.0,-995.0
-204.0,-29.0,-771.0
70.0,-42.0,-952.0
201.0,163.0,-1346.0
0.0,66.0,-1223.0
-234.0,-78.0,-806.0
5.0,9.0,-796.0
136.0,191.0,-1147.0
-7.0,31.0,-1108.0
-204.0,-76.0,-796.0
103.0,-80.0,-948.0
171.0,224.0,-1259.0
1.0,91.0,-1229.0
-201.0,-68.0,-847.0
3.0,-13.0,-829.0
197.0,146.0,-1102.0
-48.0,76.0,-1052.0
-134.0,-119.0,-833.0
27.0,-31.0,-923.0
203.0,203.0,-1317.0
-23.0,130.0,-1282.0
-203.0,-50.0,-784.0
-31.0,-33.0,-771.0
160.0,167.0,-1147.0
-13.0,80.0,-1165.0
-95.0,-185.0,-829.0
15.0,-31.0,-913.0
193.0,122.0,-1274.0
-35.0,132.0,-1233.0
-191.0,-33.0,-774.0
-17.0,-39.0,-827.0
187.0,150.0,-1145.0
-56.0,95.0,-1126.0
-89.0,-78.0,-784.0
-1.0,-23.0,-942.0
189.0,115.0,-1288.0
-101.0,142.0,-1255.0
-136.0,-70.0,-769.0
-33.0,-50.0,-782.0
154.0,150.0,-1177.0
-42.0,72.0,-1169.0
-72.0,-81.0,-796.0
13.0,29.0,-921.0
189.0,144.0,-1288.0
-89.0,109.0,-1212.0
-167.0,-81.0,-710.0
-33.0,-40.0,-812.0
173.0,156.0,-1229.0
-29.0,44.0,-1169.0
-40.0,-107.0,-782.0
-33.0,3.0,-901.0
146.0,101.0,-1241.0
-140.0,179.0,-1214.0
-68.0,-64.0,-831.0
-56.0,-48.0,-849.0
136.0,150.0,-1179.0
-50.0,95.0,-1114.0
-44.0,-66.0,-757.0
-81.0,-17.0,-927.0
85.0,97.0,-1296.0
-154.0,132.0,-1255.0
-87.0,-103.0,-798.0
-66.0,-25.0,-782.0
163.0,101.0,-1143.0
-56.0,113.0,-1143.0
-11.0,-54.0,-772.0
-515.0,9.0,-976.0
-3.0,78.0,-1141.0
-382.0,15.0,-1257.0
-286.0,0.0,-833.0
-1093.0,-1.0,-894.0
-681.0,19.0,-1161.0
-977.0,39.0,-1040.0
-1167.0,121.0,-974.0
-1276.0,66.0,-831.0
-1182.0,-15.0,-1262.0
-1182.0,-9.0,-1124.0
-1545.0,-64.0,-817.0
-1323.0,117.0,-681.0
-1374.0,0.0,-1100.0
-1300.0,-19.0,-1093.0
-1335.0,9.0,-927.0
-1272.0,337.0,-1005.0
-1157.0,-48.0,-1325.0
-1177.0,-171.0,-1249.0
-1077.0,-23.0,-792.0
-1204.0,251.0,-833.0
-1005.0,-15.0,-1182.0
-981.0,-111.0,-1327.0
-751.0,-35.0,-983.0
-1126.0,160.0,-901.0
-827.0,142.0,-1192.0
-671.0,-68.0,-1350.0
-569.0,-113.0,-890.0
-1097.0,52.0,-583.0
-554.0,124.0,-1054.0
-538.0,-109.0,-1426.0
-609.0,-156.0,-1052.0
-1024.0,245.0,-749.0
-665.0,212.0,-1210.0
-579.0,-140.0,-1278.0
-841.0,-99.0,-761.0
-1147.0,85.0,-536.0
-995.0,39.0,-985.0
-1003.0,-91.0,-1196.0
-1104.0,-60.0,-1032.0
-1489.0,411.0,-866.0
-1260.0,-56.0,-1143.0
-1243.0,-46.0,-1118.0
-1229.0,-91.0,-819.0
-1545.0,199.0,-767.0
-1348.0,35.0,-1046.0
-1243.0,-212.0,-1198.0
-1225.0,126.0,-1061.0
-1590.0,357.0,-1067.0
-1374.0,19.0,-1151.0
-1179.0,-257.0,-1169.0
-1188.0,39.0,-915.0
-1606.0,413.0,-817.0
-1231.0,-134.0,-950.0
-1056.0,-162.0,-1237.0
-858.0,56.0,-1171.0
-1370.0,484.0,-913.0
-976.0,-193.0,-1038.0
-798.0,-138.0,-1167.0
-907.0,-83.0,-1097.0
-1350.0,259.0,-757.0
-1120.0,-136.0,-933.0
-757.0,-121.0,-1313.0
-1028.0,-11.0,-1184.0
-1436.0,372.0,-798.0
-1110.0,44.0,-897.0
-950.0,-175.0,-1202.0
-1167.0,-85.0,-1007.0
-1522.0,74.0,-569.0
-1223.0,70.0,-894.0
-1020.0,-292.0,-1399.0
-1352.0,175.0,-1202.0
-1419.0,318.0,-802.0
-1321.0,101.0,-874.0
-1063.0,-312.0,-1247.0
-1169.0,-179.0,-1063.0
-1602.0,308.0,-698.0
-1348.0,21.0,-966.0
-1161.0,-261.0,-1419.0
-1342.0,138.0,-1253.0
-1651.0,208.0,-743.0
-1368.0,103.0,-851.0
-991.0,-372.0,-1223.0
-1344.0,343.0,-1243.0
-1544.0,9.0,-741.0
-1335.0,-91.0,-899.0
-950.0,-136.0,-1229.0
-907.0,-5.0,-1167.0
-1397.0,583.0,-784.0
-1198.0,-99.0,-1042.0
-909.0,-189.0,-1216.0
-1032.0,-54.0,-1167.0
-1495.0,242.0,-648.0
-1268.0,-64.0,-772.0
-1114.0,-95.0,-1220.0
-1165.0,146.0,-1309.0
-1417.0,203.0,-749.0
-1247.0,222.0,-903.0
-952.0,-244.0,-1282.0
-1177.0,-107.0,-1194.0
-1128.0,56.0,-591.0
-1216.0,-62.0,-812.0
-864.0,-286.0,-1237.0
-1054.0,60.0,-1337.0
-1087.0,165.0,-821.0
-1044.0,142.0,-1083.0
-638.0,40.0,-1184.0
-634.0,152.0,-1216.0
-737.0,-31.0,-648.0
-772.0,62.0,-771.0
-443.0,-72.0,-1210.0
-255.0,-7.0,-1274.0
-628.0,91.0,-991.0
-306.0,107.0,-1089.0
-372.0,31.0,-1237.0
-33.0,197.0,-1013.0
-298.0,-152.0,-940.0
-42.0,39.0,-691.0
19.0,-263.0,-1059.0
103.0,165.0,-997.0
11.0,78.0,-1016.0
154.0,80.0,-954.0
191.0,85.0,-1204.0
322.0,111.0,-1083.0
-31.0,136.0,-870.0
294.0,-402.0,-794.0
80.0,21.0,-956.0
630.0,-9.0,-944.0
115.0,-56.0,-1110.0
780.0,249.0,-958.0
1038.0,460.0,-1239.0
913.0,-64.0,-1134.0
1321.0,-25.0,-802.0
1424.0,-99.0,-751.0
1735.0,72.0,-817.0
1255.0,101.0,-1120.0
1772.0,-54.0,-1007.0
1602.0,124.0,-1157.0
1532.0,214.0,-1424.0
1317.0,156.0,-1280.0
1547.0,-195.0,-894.0
1153.0,-68.0,-892.0
1206.0,117.0,-843.0
1155.0,91.0,-806.0
876.0,-156.0,-1001.0
868.0,177.0,-1030.0
866.0,179.0,-1036.0
858.0,-15.0,-1122.0
603.0,-126.0,-903.0
523.0,152.0,-761.0
622.0,171.0,-835.0
575.0,-119.0,-1075.0
755.0,-201.0,-1028.0
661.0,464.0,-1235.0
605.0,277.0,-1180.0
728.0,-193.0,-1157.0
692.0,-101.0,-837.0
665.0,111.0,-772.0
560.0,343.0,-917.0
681.0,-324.0,-1040.0
698.0,-95.0,-1118.0
765.0,204.0,-1120.0
843.0,548.0,-1073.0
1106.0,-242.0,-1059.0
1202.0,-253.0,-974.0
1243.0,56.0,-1011.0
1237.0,281.0,-936.0
1385.0,40.0,-1028.0
1294.0,-181.0,-1063.0
1276.0,329.0,-1200.0
1319.0,103.0,-1048.0
1403.0,-329.0,-1173.0
1409.0,-251.0,-936.0
1294.0,374.0,-737.0
1391.0,296.0,-761.0
1401.0,-271.0,-944.0
1323.0,-259.0,-1097.0
1329.0,273.0,-1048.0
1227.0,433.0,-1052.0
1335.0,-259.0,-1204.0
1186.0,-359.0,-1112.0
1071.0,283.0,-895.0
901.0,501.0,-763.0
972.0,-312.0,-1007.0
1075.0,-251.0,-1028.0
860.0,335.0,-1032.0
895.0,599.0,-1093.0
1067.0,-281.0,-1251.0
1218.0,-325.0,-1016.0
942.0,400.0,-753.0
1018.0,353.0,-626.0
1204.0,-185.0,-1020.0
1259.0,-329.0,-1118.0
1102.0,230.0,-1202.0
1259.0,597.0,-1163.0
1325.0,-124.0,-1282.0
1227.0,-210.0,-1022.0
1182.0,-31.0,-722.0
1180.0,439.0,-679.0
1346.0,-113.0,-995.0
1223.0,-113.0,-1110.0
1292.0,117.0,-1184.0
1296.0,634.0,-1048.0
1456.0,-361.0,-1067.0
1395.0,-39.0,-979.0
1456.0,54.0,-808.0
1288.0,204.0,-776.0
1382.0,-204.0,-1009.0
1389.0,-368.0,-1200.0
1190.0,378.0,-1149.0
1221.0,462.0,-999.0
1280.0,-115.0,-1186.0
1387.0,-167.0,-1042.0
1171.0,66.0,-819.0
1020.0,472.0,-648.0
1122.0,-312.0,-977.0
1126.0,-259.0,-1132.0
1015.0,144.0,-1182.0
825.0,521.0,-1091.0
882.0,-101.0,-1247.0
954.0,-236.0,-1114.0
739.0,89.0,-841.0
648.0,413.0,-728.0
726.0,-177.0,-995.0
692.0,-240.0,-1102.0
470.0,210.0,-1044.0
556.0,480.0,-1028.0
571.0,-99.0,-1202.0
685.0,-177.0,-1108.0
521.0,68.0,-776.0
556.0,206.0,-685.0
605.0,-126.0,-948.0
620.0,-177.0,-1081.0
456.0,230.0,-1128.0
521.0,343.0,-1239.0
497.0,-60.0,-1268.0
552.0,-117.0,-1097.0
372.0,167.0,-823.0
357.0,148.0,-761.0
460.0,-152.0,-936.0
361.0,-99.0,-1081.0
312.0,158.0,-1104.0
269.0,189.0,-1067.0
337.0,-122.0,-1122.0
300.0,1.0,-1020.0
304.0,128.0,-940.0
197.0,93.0,-911.0
240.0,-105.0,-1020.0
224.0,-76.0,-1075.0
132.0,156.0,-1077.0
117.0,187.0,-1120.0
158.0,-35.0,-1214.0
185.0,-13.0,-1194.0
91.0,-1.0,-1052.0
-11.0,17.0,-878.0
89.0,-76.0,-958.0
117.0,-31.0,-1159.0
25.0,122.0,-1212.0
17.0,179.0,-1251.0
158.0,74.0,-1292.0
156.0,44.0,-1268.0
163.0,29.0,-1095.0
15.0,-37.0,-979.0
193.0,-50.0,-1083.0
142.0,-17.0,-1204.0
99.0,101.0,-1214.0
64.0,138.0,-1266.0
191.0,5.0,-1358.0
228.0,85.0,-1317.0
187.0,50.0,-1075.0
103.0,19.0,-985.0
224.0,-70.0,-1063.0
156.0,27.0,-1214.0
158.0,56.0,-1292.0
136.0,44.0,-1401.0
214.0,21.0,-1385.0
191.0,-19.0,-1321.0
150.0,109.0,-1026.0
54.0,-58.0,-976.0
144.0,-31.0,-1028.0
37.0,111.0,-1200.0
33.0,39.0,-1298.0
-11.0,11.0,-1313.0
56.0,23.0,-1313.0
52.0,115.0,-1243.0
19.0,121.0,-1104.0
1.0,-62.0,-1065.0
25.0,-29.0,-1075.0
31.0,19.0,-1180.0
39.0,85.0,-1274.0
1.0,-5.0,-1341.0
21.0,115.0,-1360.0
66.0,107.0,-1325.0
64.0,23.0,-1184.0
-7.0,-78.0,-1001.0
-21.0,-19.0,-1003.0
-3.0,70.0,-1214.0
40.0,11.0,-1325.0
-44.0,42.0,-1358.0
87.0,64.0,-1329.0
31.0,101.0,-1333.0
117.0,5.0,-1145.0
-44.0,-58.0,-1040.0
66.0,-1.0,-1050.0
11.0,29.0,-1237.0
31.0,74.0,-1249.0
-37.0,62.0,-1337.0
33.0,76.0,-1344.0
21.0,66.0,-1374.0
25.0,-13.0,-1163.0
-27.0,-91.0,-1038.0
15.0,-21.0,-1034.0
-9.0,27.0,-1184.0
37.0,66.0,-1327.0
9.0,-3.0,-1395.0
31.0,52.0,-1421.0
3.0,81.0,-1380.0
87.0,89.0,-1188.0
-19.0,-101.0,-1054.0
-1.0,-13.0,-1120.0
-19.0,81.0,-1274.0
42.0,66.0,-1374.0
-54.0,-3.0,-1419.0
-23.0,19.0,-1383.0
-42.0,119.0,-1331.0
19.0,162.0,-1212.0
-56.0,-66.0,-1171.0
-56.0,-46.0,-1124.0
-72.0,13.0,-1208.0
-48.0,52.0,-1286.0
-109.0,23.0,-1350.0
-78.0,72.0,-1354.0
-39.0,117.0,-1335.0
0.0,37.0,-1249.0
-56.0,-39.0,-1005.0
-89.0,-29.0,-974.0
-21.0,29.0,-1145.0
-27.0,81.0,-1292.0
-1.0,17.0,-1374.0
-44.0,35.0,-1341.0
-29.0,179.0,-1317.0
119.0,66.0,-1229.0
15.0,-52.0,-1124.0
-7.0,-27.0,-1083.0
39.0,-3.0,-1198.0
50.0,119.0,-1313.0
42.0,-15.0,-1360.0
9.0,39.0,-1405.0
42.0,72.0,-1458.0
78.0,144.0,-1288.0
42.0,-50.0,-1157.0
-62.0,-37.0,-1095.0
56.0,25.0,-1155.0
5.0,95.0,-1366.0
52.0,40.0,-1423.0
-50.0,44.0,-1421.0
85.0,68.0,-1362.0
122.0,42.0,-1313.0
64.0,-19.0,-1171.0
-33.0,-68.0,-1138.0
68.0,17.0,-1208.0
48.0,81.0,-1358.0
-19.0,0.0,-1403.0
-23.0,72.0,-1387.0
3.0,126.0,-1368.0
87.0,99.0,-1325.0
50.0,-70.0,-1214.0
-31.0,-95.0,-1114.0
27.0,0.0,-1122.0
-23.0,140.0,-1260.0
1.0,29.0,-1362.0
-80.0,74.0,-1335.0
25.0,70.0,-1399.0
44.0,113.0,-1385.0
35.0,-42.0,-1206.0
-78.0,-62.0,-1013.0
-13.0,39.0,-1098.0
13.0,58.0,-1348.0
-19.0,25.0,-1417.0
-72.0,35.0,-1376.0
17.0,95.0,-1401.0
13.0,62.0,-1327.0
7.0,-1.0,-1184.0
-66.0,-66.0,-1081.0
9.0,74.0,-1155.0
-48.0,50.0,-1315.0
-19.0,-42.0,-1376.0
-91.0,-3.0,-1395.0
27.0,80.0,-1432.0
-19.0,150.0,-1434.0
70.0,1.0,-1235.0
-85.0,-81.0,-1120.0
-11.0,70.0,-1097.0
-40.0,87.0,-1348.0
35.0,31.0,-1456.0
-60.0,-3.0,-1481.0
3.0,124.0,-1372.0
-15.0,162.0,-1456.0
60.0,-11.0,-1247.0
-56.0,-97.0,-1153.0
7.0,-15.0,-1141.0
-52.0,105.0,-1346.0
40.0,-19.0,-1329.0
-72.0,-35.0,-1350.0
25.0,138.0,-1370.0
0.0,169.0,-1393.0
25.0,85.0,-1233.0
-62.0,-144.0,-1110.0
1.0,-54.0,-1065.0
-13.0,5.0,-1249.0
13.0,54.0,-1313.0
-68.0,11.0,-1364.0
-29.0,105.0,-1413.0
15.0,93.0,-1452.0
85.0,-46.0,-1266.0
-66.0,-64.0,-1040.0
-33.0,85.0,-1036.0
13.0,113.0,-1296.0
58.0,-54.0,-1399.0
-21.0,-87.0,-1450.0
35.0,105.0,-1430.0
-44.0,259.0,-1382.0
107.0,80.0,-1274.0
-44.0,-83.0,-1141.0
-21.0,7.0,-1122.0
-37.0,107.0,-1241.0
3.0,97.0,-1350.0
-31.0,-54.0,-1397.0
-5.0,-50.0,-1448.0
-3.0,121.0,-1483.0
54.0,101.0,-1321.0
-9.0,-44.0,-1143.0
-58.0,-7.0,-1093.0
9.0,117.0,-1182.0
29.0,35.0,-1405.0
-31.0,-48.0,-1462.0
-66.0,52.0,-1434.0
-3.0,107.0,-1378.0
78.0,89.0,-1305.0
-9.0,-91.0,-1167.0
-39.0,1.0,-1108.0
-56.0,142.0,-1179.0
83.0,56.0,-1356.0
-107.0,3.0,-1409.0
-21.0,58.0,-1413.0
-11.0,142.0,-1426.0
103.0,121.0,-1366.0
21.0,-72.0,-1194.0
-31.0,-58.0,-1036.0
19.0,19.0,-1153.0
31.0,89.0,-1339.0
-25.0,-5.0,-1452.0
-40.0,78.0,-1462.0
9.0,50.0,-1485.0
56.0,52.0,-1319.0
19.0,-23.0,-1118.0
-37.0,-15.0,-1048.0
11.0,128.0,-1182.0
19.0,37.0,-1423.0
-15.0,-21.0,-1532.0
-42.0,5.0,-1483.0
25.0,152.0,-1387.0
37.0,113.0,-1292.0
27.0,-48.0,-1177.0
-66.0,-48.0,-1143.0
0.0,62.0,-1171.0
-40.0,9.0,-1401.0
-25.0,-21.0,-1426.0
-122.0,19.0,-1430.0
39.0,91.0,-1333.0
31.0,140.0,-1344.0
95.0,-40.0,-1214.0
-80.0,9.0,-1061.0
48.0,-9.0,-1145.0
58.0,-33.0,-1436.0
-19.0,9.0,-1426.0
-35.0,81.0,-1315.0
-3.0,206.0,-1339.0
29.0,105.0,-1358.0
17.0,-58.0,-1206.0
-48.0,-103.0,-1175.0
1.0,58.0,-1208.0
-15.0,56.0,-1380.0
-74.0,21.0,-1319.0
-64.0,-19.0,-1331.0
0.0,179.0,-1413.0
39.0,115.0,-1497.0
23.0,-50.0,-1317.0
-58.0,-50.0,-1124.0
7.0,13.0,-1159.0
-15.0,50.0,-1262.0
-58.0,-29.0,-1385.0
-31.0,-15.0,-1391.0
27.0,56.0,-1469.0
85.0,-9.0,-1477.0
-9.0,-27.0,-1253.0
0.0,-11.0,-1048.0
13.0,66.0,-1167.0
3.0,115.0,-1352.0
-11.0,-50.0,-1409.0
9.0,-70.0,-1407.0
56.0,128.0,-1452.0
0.0,189.0,-1389.0
27.0,-19.0,-1243.0
-52.0,-117.0,-1169.0
-58.0,35.0,-1118.0
-81.0,85.0,-1282.0
-27.0,-11.0,-1321.0
-93.0,60.0,-1409.0
-17.0,25.0,-1407.0
-44.0,169.0,-1464.0
29.0,81.0,-1292.0
-66.0,-56.0,-1077.0
-19.0,95.0,-1083.0
1.0,-5.0,-1315.0
27.0,-19.0,-1395.0
5.0,19.0,-1448.0
-31.0,232.0,-1430.0
60.0,105.0,-1456.0
25.0,-99.0,-1227.0
17.0,-68.0,-1116.0
-11.0,85.0,-1114.0
54.0,111.0,-1227.0
15.0,23.0,-1333.0
35.0,-37.0,-1391.0
-35.0,144.0,-1465.0
56.0,154.0,-1506.0
9.0,70.0,-1296.0
-23.0,-70.0,-1028.0
-39.0,-83.0,-1130.0
-50.0,23.0,-1196.0
5.0,56.0,-1342.0
-52.0,9.0,-1409.0
-11.0,91.0,-1503.0
-9.0,97.0,-1452.0
148.0,35.0,-1298.0
31.0,-40.0,-1100.0
-5.0,58.0,-1132.0
11.0,121.0,-1276.0
56.0,-50.0,-1362.0
-35.0,-15.0,-1442.0
-27.0,35.0,-1421.0
-31.0,126.0,-1362.0
11.0,91.0,-1249.0
37.0,-115.0,-1204.0
-60.0,7.0,-1206.0
9.0,83.0,-1190.0
-19.0,33.0,-1317.0
-52.0,91.0,-1419.0
-44.0,81.0,-1372.0
1.0,138.0,-1370.0
62.0,89.0,-1415.0
-21.0,-68.0,-1184.0
-44.0,-138.0,-1098.0
27.0,-68.0,-1208.0
-5.0,136.0,-1370.0
70.0,-76.0,-1372.0
-72.0,187.0,-1387.0
29.0,146.0,-1395.0
74.0,21.0,-1305.0
-1.0,124.0,-1175.0
-17.0,21.0,-1134.0
39.0,-101.0,-1175.0
13.0,-107.0,-1335.0
-78.0,54.0,-1331.0
-21.0,193.0,-1383.0
-21.0,58.0,-1430.0
39.0,-31.0,-1415.0
19.0,-167.0,-1212.0
-60.0,132.0,-1108.0
23.0,134.0,-1139.0
0.0,54.0,-1342.0
-23.0,-91.0,-1387.0
-17.0,-1.0,-1446.0
37.0,152.0,-1446.0
78.0,72.0,-1358.0
0.0,-35.0,-1147.0
-48.0,-87.0,-1079.0
21.0,113.0,-1235.0
-21.0,144.0,-1335.0
-74.0,-5.0,-1424.0
-44.0,-85.0,-1405.0
-66.0,226.0,-1333.0
74.0,89.0,-1356.0
-7.0,-15.0,-1307.0
-54.0,-3.0,-1186.0
46.0,29.0,-1165.0
-66.0,80.0,-1307.0
78.0,-140.0,-1352.0
-111.0,93.0,-1315.0
81.0,185.0,-1307.0
-11.0,150.0,-1536.0
76.0,-7.0,-1311.0
-103.0,-105.0,-1100.0
-42.0,87.0,-1069.0
-19.0,105.0,-1282.0
-7.0,-126.0,-1311.0
-99.0,-5.0,-1307.0
0.0,111.0,-1405.0
29.0,146.0,-1423.0
15.0,11.0,-1274.0
-29.0,-126.0,-1175.0
-5.0,122.0,-1157.0
3.0,121.0,-1233.0
-66.0,140.0,-1253.0
-1.0,-19.0,-1376.0
21.0,5.0,-1456.0
-54.0,136.0,-1504.0
119.0,-115.0,-1298.0
-126.0,-74.0,-1151.0
95.0,56.0,-1028.0
-56.0,101.0,-1290.0
21.0,52.0,-1319.0
-42.0,-44.0,-1448.0
-35.0,218.0,-1465.0
-13.0,148.0,-1415.0
80.0,-76.0,-1204.0
-37.0,-70.0,-1087.0
-21.0,40.0,-1155.0
-25.0,68.0,-1260.0
19.0,-9.0,-1409.0
-44.0,-95.0,-1446.0
-83.0,236.0,-1389.0
-3.0,101.0,-1321.0
39.0,109.0,-1249.0
-66.0,0.0,-1118.0
5.0,-27.0,-1075.0
-5.0,-97.0,-1227.0
13.0,-37.0,-1376.0
-1.0,91.0,-1383.0
5.0,175.0,-1421.0
33.0,146.0,-1428.0
21.0,35.0,-1259.0
-17.0,-195.0,-1022.0
-89.0,-74.0,-1028.0
42.0,52.0,-1243.0
46.0,50.0,-1344.0
-50.0,-35.0,-1485.0
-46.0,134.0,-1477.0
39.0,236.0,-1426.0
95.0,156.0,-1259.0
-66.0,-74.0,-1110.0
-11.0,-156.0,-1075.0
0.0,74.0,-1218.0
-17.0,-40.0,-1319.0
-3.0,-37.0,-1450.0
-64.0,-7.0,-1448.0
54.0,152.0,-1487.0
68.0,138.0,-1329.0
76.0,-9.0,-1126.0
-44.0,109.0,-1022.0
48.0,-5.0,-1069.0
27.0,-9.0,-1366.0
-33.0,23.0,-1419.0
-70.0,48.0,-1436.0
78.0,103.0,-1460.0
15.0,25.0,-1335.0
-17.0,-85.0,-1077.0
-64.0,52.0,-1071.0
-25.0,165.0,-1229.0
42.0,-17.0,-1276.0
-72.0,-115.0,-1378.0
13.0,128.0,-1423.0
-68.0,261.0,-1399.0
99.0,-3.0,-1313.0
-17.0,-80.0,-1235.0
19.0,-39.0,-1114.0
5.0,37.0,-1089.0
0.0,136.0,-1260.0
-5.0,31.0,-1374.0
-76.0,44.0,-1403.0
19.0,163.0,-1382.0
52.0,107.0,-1487.0
60.0,-42.0,-1210.0
-132.0,-23.0,-1007.0
64.0,-25.0,-1095.0
0.0,1.0,-1401.0
0.0,81.0,-1391.0
0.0,85.0,-1387.0
46.0,54.0,-1426.0
13.0,39.0,-1378.0
-11.0,-9.0,-1175.0
0.0,-29.0,-1063.0
-9.0,-27.0,-1136.0
-17.0,40.0,-1286.0
-3.0,58.0,-1344.0
-39.0,15.0,-1380.0
37.0,142.0,-1456.0
15.0,130.0,-1432.0
50.0,-99.0,-1216.0
-76.0,-81.0,-1059.0
-29.0,54.0,-1034.0
-48.0,66.0,-1364.0
-33.0,13.0,-1397.0
-56.0,5.0,-1405.0
-40.0,99.0,-1385.0
3.0,128.0,-1339.0
40.0,80.0,-1108.0
-66.0,-66.0,-993.0
-27.0,-44.0,-1042.0
5.0,11.0,-1149.0
1.0,76.0,-1147.0
-33.0,152.0,-1124.0
-40.0,251.0,-1122.0
-23.0,91.0,-1075.0
-19.0,-25.0,-882.0
-42.0,-140.0,-806.0
-21.0,-169.0,-700.0
-48.0,-52.0,-788.0
25.0,5.0,-878.0
-21.0,234.0,-942.0
15.0,134.0,-995.0
62.0,160.0,-1003.0
56.0,-39.0,-794.0
-5.0,-136.0,-573.0
-54.0,-40.0,-484.0
78.0,-64.0,-732.0
81.0,58.0,-936.0
-39.0,68.0,-993.0
11.0,204.0,-1003.0
-21.0,146.0,-997.0
105.0,39.0,-892.0
-25.0,-13.0,-714.0
37.0,-42.0,-687.0
-9.0,76.0,-911.0
13.0,42.0,-1007.0
-99.0,31.0,-1114.0
40.0,-40.0,-1284.0
-27.0,140.0,-1175.0
70.0,72.0,-919.0
-7.0,-56.0,-757.0
-3.0,-39.0,-772.0
-3.0,13.0,-940.0
37.0,152.0,-1157.0
-5.0,29.0,-1264.0
-70.0,115.0,-1128.0
-7.0,46.0,-1136.0
39.0,101.0,-886.0
-21.0,-95.0,-853.0
-58.0,-5.0,-858.0
-1.0,-171.0,-1030.0
-42.0,15.0,-1104.0
-48.0,13.0,-1130.0
-37.0,228.0,-1167.0
-13.0,245.0,-1153.0
25.0,105.0,-1059.0
11.0,-162.0,-989.0
-35.0,-185.0,-913.0
-7.0,-46.0,-1042.0
50.0,29.0,-1163.0
-33.0,66.0,-1196.0
-19.0,95.0,-1251.0
-9.0,115.0,-1284.0
111.0,40.0,-1186.0
42.0,-42.0,-1038.0
-21.0,0.0,-909.0
5.0,37.0,-1071.0
23.0,150.0,-1165.0
-13.0,-9.0,-1313.0
-48.0,105.0,-1354.0
-13.0,13.0,-1247.0
-15.0,-9.0,-1165.0
9.0,-19.0,-995.0
-15.0,-40.0,-1003.0
1.0,189.0,-977.0
-48.0,173.0,-1052.0
-39.0,3.0,-1214.0
-78.0,-52.0,-1259.0
-23.0,238.0,-1120.0
46.0,197.0,-1081.0
19.0,-56.0,-983.0
-76.0,5.0,-774.0
-3.0,-39.0,-776.0
5.0,-89.0,-1063.0
-5.0,-162.0,-1130.0
-37.0,134.0,-1093.0
46.0,253.0,-1067.0
33.0,167.0,-999.0
74.0,-48.0,-854.0
-23.0,-9.0,-798.0
85.0,-40.0,-778.0
29.0,-39.0,-1005.0
-1.0,85.0,-1009.0
-21.0,-15.0,-952.0
40.0,128.0,-1015.0
31.0,-126.0,-1087.0
27.0,60.0,-895.0
-44.0,-17.0,-733.0
15.0,-23.0,-765.0
-56.0,150.0,-929.0
-27.0,31.0,-940.0
-66.0,62.0,-1009.0
-33.0,85.0,-1046.0
17.0,-31.0,-1026.0
-60.0,-40.0,-837.0
-68.0,-3.0,-651.0
-46.0,91.0,-675.0
-58.0,42.0,-938.0
-62.0,-5.0,-856.0
-60.0,-87.0,-876.0
-13.0,152.0,-921.0
-17.0,171.0,-935.0
11.0,42.0,-790.0
1.0,-117.0,-663.0
-44.0,95.0,-601.0
-33.0,70.0,-700.0
19.0,-42.0,-743.0
3.0,-35.0,-839.0
66.0,-99.0,-968.0
-17.0,220.0,-897.0
58.0,105.0,-796.0
-60.0,122.0,-548.0
25.0,-181.0,-513.0
-13.0,-134.0,-792.0
25.0,62.0,-913.0
33.0,70.0,-940.0
-76.0,115.0,-944.0
40.0,76.0,-938.0
111.0,-31.0,-823.0
-11.0,29.0,-704.0
-13.0,3.0,-657.0
-46.0,-44.0,-732.0
60.0,-165.0,-890.0
-56.0,167.0,-991.0
-40.0,138.0,-995.0
39.0,160.0,-1018.0
29.0,122.0,-919.0
-23.0,-35.0,-636.0
-60.0,-165.0,-593.0
-29.0,-81.0,-730.0
-7.0,66.0,-854.0
-93.0,74.0,-917.0
0.0,91.0,-1065.0
11.0,160.0,-1069.0
76.0,60.0,-845.0
23.0,35.0,-638.0
-40.0,-29.0,-601.0
-37.0,60.0,-632.0
17.0,13.0,-821.0
-39.0,130.0,-913.0
-19.0,-1.0,-946.0
1.0,76.0,-946.0
33.0,142.0,-858.0
1.0,-54.0,-728.0
-76.0,-54.0,-550.0
19.0,-48.0,-642.0
-1.0,70.0,-718.0
-25.0,128.0,-897.0
-23.0,177.0,-1052.0
21.0,201.0,-1036.0
48.0,25.0,-936.0
5.0,-109.0,-724.0
-66.0,-64.0,-488.0
-25.0,-97.0,-521.0
7.0,-39.0,-810.0
3.0,138.0,-927.0
-72.0,121.0,-1015.0
1.0,212.0,-1077.0
31.0,121.0,-948.0
80.0,-78.0,-669.0
-48.0,-66.0,-530.0
62.0,-29.0,-530.0
33.0,0.0,-776.0
-52.0,58.0,-942.0
-56.0,74.0,-1077.0
23.0,19.0,-1042.0
70.0,124.0,-892.0
-7.0,95.0,-542.0
-50.0,-66.0,-388.0
-19.0,-103.0,-448.0
-42.0,87.0,-757.0
23.0,99.0,-964.0
-42.0,-31.0,-1112.0
9.0,91.0,-968.0
46.0,37.0,-833.0
19.0,132.0,-534.0
-64.0,15.0,-359.0
-7.0,-17.0,-454.0
-44.0,115.0,-833.0
-31.0,-46.0,-956.0
-42.0,-64.0,-983.0
-25.0,124.0,-897.0
93.0,80.0,-821.0
-13.0,179.0,-601.0
-9.0,-121.0,-491.0
29.0,9.0,-532.0
33.0,64.0,-825.0
-29.0,-25.0,-952.0
-1.0,-48.0,-966.0
-7.0,60.0,-882.0
111.0,85.0,-853.0
-1.0,134.0,-610.0
-72.0,-56.0,-452.0
-58.0,-66.0,-538.0
-27.0,13.0,-813.0
11.0,-62.0,-886.0
-9.0,5.0,-929.0
-7.0,154.0,-841.0
19.0,142.0,-839.0
-19.0,56.0,-685.0
-85.0,1.0,-554.0
52.0,-66.0,-628.0
-44.0,29.0,-784.0
1.0,91.0,-794.0
-54.0,-44.0,-876.0
-33.0,58.0,-858.0
-39.0,146.0,-851.0
1.0,93.0,-694.0
-11.0,-85.0,-538.0
-54.0,21.0,-579.0
-37.0,81.0,-751.0
27.0,31.0,-837.0
-50.0,21.0,-882.0
7.0,25.0,-884.0
-64.0,46.0,-804.0
95.0,64.0,-663.0
-64.0,103.0,-564.0
-13.0,13.0,-601.0
-58.0,11.0,-747.0
9.0,81.0,-788.0
-52.0,-72.0,-864.0
0.0,5.0,-843.0
-21.0,242.0,-866.0
126.0,199.0,-722.0
0.0,-50.0,-646.0
25.0,-115.0,-609.0
-17.0,-29.0,-650.0
62.0,29.0,-774.0
-35.0,-29.0,-808.0
-21.0,70.0,-878.0
-48.0,232.0,-880.0
89.0,165.0,-745.0
-19.0,-103.0,-605.0
-42.0,-117.0,-562.0
-29.0,-7.0,-614.0
72.0,70.0,-749.0
-42.0,140.0,-856.0
-27.0,62.0,-827.0
-11.0,113.0,-866.0
113.0,121.0,-825.0
-29.0,-13.0,-677.0
-58.0,-31.0,-562.0
-39.0,-1.0,-577.0
17.0,-5.0,-669.0
-101.0,25.0,-788.0
-78.0,25.0,-886.0
-11.0,132.0,-892.0
109.0,150.0,-894.0
46.0,-48.0,-726.0
-66.0,7.0,-519.0
27.0,-83.0,-523.0
-27.0,95.0,-673.0
11.0,-3.0,-833.0
-50.0,-17.0,-851.0
-21.0,126.0,-892.0
62.0,70.0,-847.0
64.0,99.0,-665.0
-35.0,-40.0,-497.0
-13.0,-23.0,-536.0
11.0,37.0,-691.0
-78.0,-21.0,-804.0
-85.0,13.0,-810.0
-11.0,58.0,-876.0
37.0,105.0,-876.0
-23.0,44.0,-716.0
-81.0,-85.0,-497.0
-50.0,25.0,-456.0
13.0,-3.0,-726.0
-66.0,39.0,-794.0
-56.0,81.0,-862.0
-13.0,163.0,-915.0
115.0,74.0,-936.0
0.0,-44.0,-671.0
-56.0,-85.0,-417.0
-3.0,13.0,-486.0
11.0,111.0,-745.0
-1.0,-56.0,-860.0
17.0,39.0,-905.0
7.0,152.0,-829.0
91.0,40.0,-886.0
9.0,-13.0,-661.0
-3.0,-64.0,-517.0
-25.0,7.0,-528.0
-19.0,48.0,-714.0
-56.0,-19.0,-786.0
-70.0,-9.0,-880.0
-37.0,99.0,-913.0
3.0,111.0,-897.0
9.0,-37.0,-669.0
-72.0,-17.0,-468.0
-56.0,39.0,-480.0
-1.0,68.0,-753.0
-21.0,-56.0,-864.0
-60.0,64.0,-874.0
29.0,56.0,-917.0
0.0,126.0,-882.0
33.0,-27.0,-624.0
-40.0,-40.0,-505.0
-25.0,78.0,-515.0
-3.0,23.0,-704.0
-19.0,-40.0,-753.0
-11.0,35.0,-825.0
-1.0,167.0,-905.0
15.0,142.0,-888.0
37.0,-31.0,-675.0
-62.0,-17.0,-527.0
-11.0,11.0,-527.0
-19.0,76.0,-689.0
23.0,-60.0,-784.0
-29.0,-17.0,-847.0
-13.0,185.0,-868.0
11.0,181.0,-929.0
91.0,-11.0,-675.0
-50.0,-130.0,-484.0
-56.0,62.0,-491.0
21.0,29.0,-726.0
-7.0,-21.0,-759.0
-72.0,105.0,-796.0
3.0,33.0,-854.0
-25.0,103.0,-839.0
-19.0,80.0,-700.0
-1.0,-13.0,-575.0
-27.0,-9.0,-573.0
3.0,44.0,-677.0
-44.0,31.0,-694.0
-17.0,33.0,-763.0
-48.0,97.0,-829.0
11.0,107.0,-870.0
-1.0,-74.0,-622.0
0.0,-35.0,-550.0
13.0,44.0,-653.0
85.0,-19.0,-782.0
-29.0,54.0,-794.0
-50.0,195.0,-821.0
0.0,128.0,-862.0
44.0,134.0,-778.0
-35.0,-119.0,-612.0
-25.0,-91.0,-601.0
-21.0,23.0,-655.0
17.0,-35.0,-698.0
-58.0,64.0,-786.0
-56.0,138.0,-866.0
19.0,142.0,-917.0
29.0,42.0,-841.0
25.0,-76.0,-657.0
-33.0,-39.0,-489.0
33.0,44.0,-573.0
5.0,-21.0,-733.0
-35.0,-15.0,-794.0
-42.0,76.0,-843.0
5.0,115.0,-899.0
46.0,31.0,-792.0
29.0,-9.0,-505.0
-58.0,40.0,-450.0
1.0,64.0,-573.0
13.0,9.0,-753.0
-39.0,-25.0,-839.0
-60.0,17.0,-860.0
9.0,150.0,-839.0
33.0,74.0,-761.0
-11.0,-3.0,-614.0
-44.0,-48.0,-554.0
39.0,-39.0,-575.0
9.0,-19.0,-722.0
-44.0,25.0,-782.0
-39.0,111.0,-866.0
25.0,160.0,-854.0
52.0,99.0,-815.0
44.0,-64.0,-648.0
-50.0,-33.0,-507.0
-11.0,19.0,-562.0
-13.0,-54.0,-784.0
-31.0,3.0,-831.0
-74.0,81.0,-782.0
0.0,165.0,-853.0
-7.0,101.0,-862.0
19.0,-33.0,-667.0
-72.0,-68.0,-534.0
0.0,7.0,-628.0
-39.0,-11.0,-735.0
-56.0,-3.0,-726.0
-56.0,95.0,-802.0
-15.0,195.0,-895.0
48.0,52.0,-888.0
-31.0,-9.0,-696.0
-54.0,-66.0,-521.0
7.0,62.0,-517.0
-42.0,-1.0,-679.0
-11.0,-39.0,-732.0
-83.0,115.0,-813.0
40.0,150.0,-888.0
-9.0,83.0,-856.0
56.0,-52.0,-659.0
-83.0,-19.0,-489.0
29.0,50.0,-528.0
15.0,-23.0,-737.0
-31.0,-39.0,-749.0
-68.0,44.0,-821.0
13.0,169.0,-858.0
11.0,148.0,-862.0
13.0,46.0,-702.0
-13.0,-60.0,-571.0
3.0,-54.0,-544.0
-56.0,9.0,-655.0
-21.0,-5.0,-733.0
-23.0,81.0,-806.0
-11.0,115.0,-938.0
-3.0,68.0,-927.0
17.0,44.0,-683.0
-29.0,-15.0,-530.0
-15.0,-11.0,-503.0
7.0,-46.0,-632.0
3.0,-39.0,-761.0
-56.0,60.0,-825.0
-9.0,115.0,-851.0
-7.0,83.0,-831.0
39.0,13.0,-716.0
31.0,-31.0,-562.0
-33.0,-60.0,-528.0
-1.0,1.0,-620.0
5.0,44.0,-673.0
-23.0,91.0,-813.0
-29.0,89.0,-899.0
-44.0,68.0,-919.0
89.0,39.0,-755.0
-1.0,17.0,-573.0
-19.0,-35.0,-519.0
-56.0,-50.0,-638.0
5.0,-5.0,-745.0
-25.0,117.0,-895.0
-40.0,101.0,-927.0
-21.0,101.0,-917.0
50.0,95.0,-732.0
7.0,11.0,-585.0
-27.0,-60.0,-538.0
3.0,-44.0,-607.0
37.0,-17.0,-739.0
-21.0,87.0,-833.0
-44.0,93.0,-853.0
-11.0,68.0,-825.0
19.0,95.0,-733.0
17.0,21.0,-630.0
-44.0,-113.0,-534.0
-25.0,-76.0,-540.0
17.0,46.0,-655.0
-25.0,136.0,-792.0
-37.0,101.0,-851.0
-37.0,81.0,-876.0
89.0,25.0,-790.0
31.0,15.0,-605.0
-23.0,-21.0,-497.0
17.0,-89.0,-554.0
13.0,21.0,-743.0
-37.0,109.0,-853.0
-46.0,113.0,-854.0
-21.0,89.0,-808.0
56.0,39.0,-829.0
-13.0,23.0,-659.0
-31.0,-64.0,-569.0
-39.0,-52.0,-587.0
-27.0,-13.0,-728.0
-52.0,113.0,-796.0
-44.0,134.0,-890.0
39.0,85.0,-931.0
40.0,103.0,-853.0
19.0,46.0,-683.0
-29.0,-72.0,-521.0
-25.0,-44.0,-528.0
9.0,-25.0,-739.0
-40.0,64.0,-802.0
-17.0,107.0,-853.0
37.0,54.0,-876.0
62.0,44.0,-831.0
56.0,15.0,-657.0
-11.0,-62.0,-560.0
17.0,-40.0,-571.0
-21.0,13.0,-728.0
-48.0,3.0,-819.0
-68.0,95.0,-911.0
132.0,169.0,-917.0
-9.0,-35.0,-1028.0
306.0,39.0,-751.0
488.0,-58.0,-657.0
255.0,76.0,-667.0
692.0,-60.0,-595.0
694.0,-9.0,-894.0
774.0,66.0,-1007.0
679.0,150.0,-1057.0
841.0,99.0,-1124.0
1018.0,-74.0,-853.0
714.0,-70.0,-833.0
1001.0,81.0,-653.0
927.0,160.0,-776.0
1044.0,-140.0,-927.0
895.0,39.0,-1038.0
1095.0,169.0,-999.0
905.0,181.0,-938.0
985.0,-126.0,-872.0
948.0,-121.0,-763.0
929.0,171.0,-702.0
829.0,150.0,-722.0
798.0,-54.0,-899.0
899.0,-76.0,-1032.0
708.0,339.0,-1065.0
739.0,189.0,-974.0
685.0,-146.0,-927.0
702.0,-107.0,-823.0
495.0,68.0,-650.0
478.0,302.0,-665.0
566.0,-167.0,-981.0
523.0,-58.0,-1093.0
382.0,366.0,-981.0
370.0,281.0,-958.0
548.0,-99.0,-935.0
505.0,-226.0,-888.0
353.0,142.0,-767.0
359.0,195.0,-771.0
488.0,-74.0,-1003.0
378.0,-85.0,-1077.0
255.0,247.0,-1044.0
316.0,234.0,-1067.0
417.0,-54.0,-1015.0
320.0,-150.0,-876.0
167.0,-7.0,-712.0
204.0,130.0,-730.0
187.0,-60.0,-931.0
78.0,-17.0,-1030.0
-44.0,146.0,-1028.0
-5.0,72.0,-1042.0
5.0,42.0,-1032.0
-89.0,-113.0,-788.0
-224.0,11.0,-657.0
-154.0,56.0,-755.0
-113.0,48.0,-977.0
-167.0,-31.0,-1020.0
-224.0,60.0,-1016.0
-130.0,140.0,-1044.0
-62.0,64.0,-1020.0
-421.0,-173.0,-882.0
-489.0,-160.0,-638.0
-700.0,0.0,-880.0
-296.0,271.0,-798.0
-1286.0,-54.0,-1323.0
-1095.0,-138.0,-1034.0
-1069.0,234.0,-1073.0
-1225.0,325.0,-1093.0
-1417.0,9.0,-847.0
-1512.0,-290.0,-739.0
-1071.0,-42.0,-552.0
-1518.0,226.0,-962.0
-1220.0,62.0,-1069.0
-1255.0,-52.0,-1071.0
-849.0,13.0,-968.0
-983.0,249.0,-1155.0
-728.0,121.0,-915.0
-839.0,-191.0,-851.0
-683.0,-130.0,-874.0
-472.0,191.0,-979.0
-495.0,122.0,-1106.0
-382.0,-50.0,-1087.0
-425.0,74.0,-1188.0
-111.0,144.0,-1083.0
-236.0,-50.0,-886.0
-199.0,-138.0,-733.0
-191.0,-91.0,-802.0
-93.0,138.0,-919.0
-163.0,-25.0,-1114.0
-62.0,-17.0,-1098.0
-111.0,208.0,-1180.0
0.0,185.0,-1136.0
-72.0,5.0,-962.0
-15.0,-148.0,-718.0
-44.0,-48.0,-735.0
-31.0,126.0,-923.0
-58.0,-15.0,-1036.0
-17.0,-39.0,-1034.0
3.0,31.0,-1052.0
0.0,269.0,-1052.0
3.0,9.0,-913.0
-64.0,-138.0,-772.0
-80.0,-31.0,-765.0
-87.0,156.0,-968.0
-132.0,126.0,-1042.0
-228.0,-13.0,-1102.0
-203.0,78.0,-1132.0
-251.0,183.0,-1202.0
-257.0,85.0,-929.0
-314.0,-81.0,-812.0
-335.0,-42.0,-743.0
-238.0,150.0,-901.0
-220.0,31.0,-1026.0
-162.0,3.0,-1065.0
-169.0,99.0,-1069.0
-81.0,210.0,-1143.0
-42.0,-13.0,-1024.0
-68.0,-165.0,-833.0
-62.0,-40.0,-835.0
-58.0,72.0,-956.0
-9.0,-13.0,-1005.0
-76.0,11.0,-1069.0
-56.0,95.0,-1145.0
-56.0,201.0,-1141.0
-44.0,-27.0,-1015.0
-109.0,-109.0,-817.0
-124.0,-74.0,-757.0
-76.0,0.0,-903.0
-113.0,44.0,-1050.0
-119.0,-17.0,-1141.0
-113.0,80.0,-1186.0
-52.0,122.0,-1221.0
0.0,13.0,-1020.0
-89.0,-31.0,-817.0
-42.0,-64.0,-767.0
-58.0,35.0,-899.0
-31.0,-17.0,-1044.0
-76.0,7.0,-1073.0
-85.0,126.0,-1106.0
-56.0,150.0,-1136.0
9.0,40.0,-1001.0
-58.0,-72.0,-886.0
-56.0,-68.0,-808.0
-78.0,42.0,-872.0
0.0,42.0,-1005.0
-5.0,66.0,-1095.0
-25.0,115.0,-1159.0
-17.0,165.0,-1214.0
19.0,83.0,-1057.0
0.0,-68.0,-817.0
-70.0,-39.0,-755.0
-50.0,19.0,-854.0
15.0,39.0,-1026.0
-78.0,62.0,-1073.0
-54.0,95.0,-1145.0
-27.0,169.0,-1097.0
111.0,72.0,-1061.0
9.0,-54.0,-874.0
-56.0,-44.0,-825.0
27.0,-21.0,-909.0
-7.0,76.0,-1003.0
-29.0,80.0,-1091.0
-50.0,83.0,-1138.0
39.0,128.0,-1169.0
128.0,39.0,-1065.0
66.0,-25.0,-919.0
3.0,-87.0,-769.0
80.0,-33.0,-815.0
119.0,29.0,-1018.0
83.0,54.0,-1120.0
1.0,89.0,-1124.0
89.0,148.0,-1165.0
130.0,50.0,-1091.0
66.0,-46.0,-935.0
-48.0,-56.0,-782.0
58.0,-15.0,-849.0
25.0,5.0,-1013.0
-52.0,33.0,-1069.0
-68.0,60.0,-1083.0
-37.0,134.0,-1110.0
3.0,111.0,-1106.0
-33.0,-7.0,-970.0
-78.0,-111.0,-827.0
-44.0,7.0,-802.0
-21.0,56.0,-972.0
-66.0,23.0,-1044.0
-83.0,78.0,-1095.0
-27.0,138.0,-1134.0
21.0,50.0,-1169.0
-21.0,3.0,-938.0
-89.0,-81.0,-757.0
-44.0,-19.0,-774.0
-50.0,66.0,-999.0
-40.0,7.0,-1100.0
-91.0,37.0,-1102.0
-48.0,185.0,-1116.0
-19.0,66.0,-1163.0
-23.0,-13.0,-1016.0
-85.0,-91.0,-823.0
-35.0,-44.0,-864.0
-52.0,23.0,-1015.0
-44.0,17.0,-1044.0
-68.0,37.0,-1073.0
-27.0,115.0,-1198.0
-23.0,132.0,-1179.0
3.0,-21.0,-987.0
-78.0,-76.0,-806.0
-35.0,-29.0,-778.0
-13.0,5.0,-977.0
-50.0,39.0,-1065.0
-48.0,35.0,-1128.0
-29.0,152.0,-1132.0
-13.0,121.0,-1161.0
52.0,13.0,-976.0
-68.0,-46.0,-843.0
15.0,-42.0,-872.0
-42.0,39.0,-956.0
48.0,-13.0,-1040.0
-44.0,37.0,-1065.0
-13.0,142.0,-1147.0
23.0,105.0,-1177.0
54.0,31.0,-1026.0
-31.0,-66.0,-856.0
-17.0,-54.0,-804.0
-7.0,9.0,-923.0
78.0,35.0,-1011.0
-11.0,128.0,-1104.0
-7.0,136.0,-1163.0
17.0,136.0,-1206.0
81.0,15.0,-1040.0
9.0,-66.0,-835.0
-7.0,-5.0,-772.0
17.0,29.0,-931.0
31.0,17.0,-1065.0
-46.0,37.0,-1147.0
-7.0,103.0,-1132.0
-33.0,167.0,-1118.0
111.0,46.0,-1022.0
15.0,-80.0,-897.0
-5.0,-68.0,-827.0
-23.0,-1.0,-933.0
-15.0,39.0,-997.0
-39.0,52.0,-1089.0
-40.0,99.0,-1149.0
-23.0,130.0,-1180.0
52.0,48.0,-1028.0
-31.0,-27.0,-909.0
-44.0,-121.0,-802.0
-44.0,40.0,-854.0
35.0,29.0,-1059.0
-39.0,44.0,-1147.0
-72.0,117.0,-1134.0
-23.0,138.0,-1141.0
85.0,25.0,-1052.0
1.0,-70.0,-917.0
-48.0,-48.0,-851.0
-7.0,0.0,-899.0
19.0,15.0,-1016.0
-58.0,37.0,-1083.0
-58.0,72.0,-1126.0
-19.0,154.0,-1128.0
78.0,81.0,-1110.0
17.0,-50.0,-936.0
-39.0,-74.0,-794.0
-11.0,-31.0,-849.0
7.0,31.0,-1007.0
-68.0,66.0,-1100.0
-46.0,130.0,-1151.0
-1.0,124.0,-1165.0
130.0,5.0,-1145.0
-5.0,-39.0,-917.0
-13.0,-39.0,-765.0
23.0,-3.0,-835.0
23.0,56.0,-1061.0
-25.0,13.0,-1118.0
-33.0,74.0,-1118.0
11.0,144.0,-1114.0
70.0,66.0,-1097.0
11.0,-37.0,-946.0
-42.0,-62.0,-851.0
13.0,-23.0,-860.0
-15.0,68.0,-1016.0
-54.0,31.0,-1059.0
-56.0,39.0,-1114.0
7.0,107.0,-1173.0
40.0,140.0,-1138.0
62.0,-44.0,-995.0
-62.0,-60.0,-812.0
-11.0,3.0,-790.0
9.0,-11.0,-1015.0
-35.0,50.0,-1110.0
-5.0,44.0,-1097.0
17.0,142.0,-1098.0
31.0,91.0,-1165.0
21.0,-66.0,-999.0
-68.0,-60.0,-806.0
7.0,-3.0,-851.0
-33.0,44.0,-1005.0
-31.0,-1.0,-1030.0
-66.0,91.0,-1083.0
-17.0,136.0,-1151.0
21.0,95.0,-1216.0
-11.0,-35.0,-1011.0
-42.0,-66.0,-833.0
-40.0,-1.0,-794.0
-15.0,25.0,-991.0
-23.0,1.0,-1052.0
-64.0,97.0,-1095.0
3.0,150.0,-1186.0
21.0,52.0,-1180.0
11.0,-9.0,-981.0
-39.0,-76.0,-780.0
-40.0,17.0,-810.0
0.0,37.0,-1015.0
-42.0,-9.0,-1089.0
-40.0,50.0,-1093.0
-11.0,126.0,-1139.0
-25.0,122.0,-1132.0
19.0,46.0,-1005.0
-15.0,-56.0,-903.0
5.0,-39.0,-886.0
-60.0,13.0,-944.0
-1.0,39.0,-997.0
-9.0,66.0,-1067.0
0.0,105.0,-1180.0
-9.0,124.0,-1182.0
31.0,29.0,-1022.0
-3.0,-54.0,-856.0
-37.0,-50.0,-815.0
0.0,48.0,-915.0
39.0,5.0,-1052.0
-5.0,54.0,-1112.0
-52.0,124.0,-1132.0
7.0,167.0,-1153.0
83.0,11.0,-1034.0
19.0,-80.0,-897.0
-31.0,-52.0,-868.0
15.0,7.0,-929.0
25.0,39.0,-983.0
-54.0,85.0,-1085.0
-44.0,85.0,-1165.0
11.0,117.0,-1192.0
62.0,17.0,-1079.0
33.0,-50.0,-886.0
-56.0,-23.0,-794.0
35.0,-3.0,-895.0
1.0,-5.0,-1005.0
-35.0,76.0,-1097.0
-40.0,121.0,-1167.0
-17.0,162.0,-1161.0
78.0,15.0,-1048.0
1.0,-56.0,-868.0
-48.0,-52.0,-812.0
-1.0,13.0,-929.0
1.0,64.0,-1048.0
-44.0,23.0,-1114.0
-46.0,74.0,-1130.0
-3.0,132.0,-1124.0
60.0,78.0,-1052.0
1.0,-40.0,-952.0
-25.0,-101.0,-864.0
-7.0,-19.0,-864.0
7.0,46.0,-983.0
-56.0,54.0,-1048.0
-74.0,68.0,-1130.0
-17.0,134.0,-1151.0
81.0,85.0,-1104.0
17.0,-64.0,-981.0
-64.0,-68.0,-796.0
-1.0,5.0,-849.0
17.0,42.0,-1048.0
-44.0,27.0,-1108.0
-54.0,99.0,-1089.0
7.0,140.0,-1145.0
46.0,56.0,-1143.0
-7.0,-48.0,-938.0
-13.0,-85.0,-856.0
-17.0,-7.0,-874.0
-3.0,39.0,-1013.0
-48.0,54.0,-1028.0
-23.0,44.0,-1108.0
-25.0,163.0,-1153.0
83.0,44.0,-1169.0
0.0,-44.0,-972.0
-42.0,-76.0,-798.0
-11.0,-3.0,-819.0
-7.0,70.0,-983.0
-29.0,17.0,-1093.0
-68.0,83.0,-1124.0
21.0,142.0,-1182.0
70.0,95.0,-1139.0
1.0,-46.0,-952.0
-52.0,-78.0,-823.0
0.0,25.0,-854.0
15.0,23.0,-1048.0
-27.0,9.0,-1075.0
-58.0,60.0,-1079.0
17.0,109.0,-1122.0
1.0,146.0,-1124.0
23.0,-21.0,-1003.0
-35.0,-64.0,-878.0
-11.0,-21.0,-866.0
-29.0,21.0,-954.0
-44.0,31.0,-1018.0
-11.0,76.0,-1097.0
-21.0,148.0,-1169.0
-1.0,148.0,-1198.0
21.0,-39.0,-1024.0
-23.0,-74.0,-851.0
-23.0,-21.0,-808.0
-7.0,40.0,-1001.0
23.0,-3.0,-1085.0
-60.0,58.0,-1100.0
-13.0,128.0,-1120.0
-5.0,107.0,-1161.0
50.0,17.0,-1009.0
-27.0,-58.0,-868.0
-11.0,-58.0,-895.0
-35.0,25.0,-929.0
-7.0,27.0,-999.0
-27.0,97.0,-1087.0
-58.0,115.0,-1173.0
7.0,138.0,-1212.0
0.0,-5.0,-1054.0
-1.0,-52.0,-854.0
-64.0,-35.0,-806.0
-11.0,35.0,-944.0
-3.0,-27.0,-1034.0
-64.0,109.0,-1122.0
-11.0,74.0,-1167.0
-31.0,154.0,-1132.0
74.0,25.0,-1015.0
3.0,-74.0,-888.0
-33.0,-40.0,-847.0
-23.0,9.0,-952.0
5.0,1.0,-1028.0
-33.0,31.0,-1079.0
-58.0,146.0,-1118.0
-5.0,146.0,-1138.0
54.0,46.0,-1067.0
11.0,-60.0,-954.0
-62.0,-85.0,-847.0
-19.0,-13.0,-890.0
13.0,33.0,-1011.0
-35.0,60.0,-1067.0
-60.0,132.0,-1155.0
-29.0,121.0,-1173.0
105.0,44.0,-1102.0
13.0,-85.0,-901.0
-48.0,-44.0,-823.0
-5.0,-5.0,-853.0
29.0,35.0,-1061.0
-62.0,62.0,-1114.0
-35.0,95.0,-1104.0
-7.0,154.0,-1110.0
83.0,5.0,-1102.0
11.0,-50.0,-952.0
-44.0,-68.0,-847.0
19.0,5.0,-913.0
-15.0,39.0,-1005.0
-64.0,46.0,-1056.0
-58.0,80.0,-1112.0
19.0,140.0,-1173.0
117.0,29.0,-1139.0
25.0,-50.0,-960.0
-44.0,-60.0,-788.0
21.0,-39.0,-843.0
-5.0,70.0,-1038.0
-11.0,50.0,-1104.0
-29.0,58.0,-1106.0
-13.0,144.0,-1124.0
40.0,60.0,-1097.0
13.0,-13.0,-977.0
-33.0,-85.0,-843.0
-11.0,15.0,-868.0
1.0,29.0,-1028.0
-66.0,35.0,-1065.0
-27.0,64.0,-1097.0
9.0,134.0,-1151.0
33.0,117.0,-1151.0
31.0,-31.0,-1015.0
-48.0,-85.0,-827.0
-1.0,7.0,-839.0
-5.0,19.0,-993.0
-42.0,37.0,-1052.0
-31.0,52.0,-1063.0
-1.0,167.0,-1175.0
83.0,70.0,-1179.0
7.0,-21.0,-977.0
-46.0,-97.0,-813.0
-39.0,13.0,-843.0
-21.0,44.0,-1015.0
9.0,3.0,-1097.0
-37.0,89.0,-1104.0
1.0,152.0,-1130.0
-11.0,89.0,-1163.0
11.0,-15.0,-979.0
-15.0,-64.0,-872.0
-3.0,-21.0,-878.0
-13.0,46.0,-976.0
-5.0,3.0,-1009.0
-39.0,72.0,-1098.0
7.0,111.0,-1138.0
3.0,126.0,-1151.0
62.0,5.0,-1042.0
21.0,-85.0,-829.0
-9.0,-5.0,-794.0
50.0,11.0,-987.0
21.0,40.0,-1044.0
-15.0,83.0,-1114.0
-35.0,89.0,-1143.0
-21.0,126.0,-1138.0
191.0,31.0,-1001.0
-7.0,-1.0,-962.0
214.0,-72.0,-851.0
222.0,3.0,-972.0
388.0,95.0,-1009.0
382.0,80.0,-1016.0
396.0,27.0,-1145.0
589.0,97.0,-1151.0
523.0,33.0,-1102.0
554.0,-17.0,-948.0
536.0,-124.0,-843.0
548.0,9.0,-954.0
646.0,89.0,-1020.0
472.0,228.0,-1057.0
591.0,56.0,-1141.0
568.0,-40.0,-1182.0
628.0,56.0,-1042.0
499.0,46.0,-825.0
470.0,-91.0,-784.0
429.0,-72.0,-921.0
468.0,70.0,-1059.0
331.0,189.0,-1079.0
351.0,78.0,-1087.0
269.0,40.0,-1134.0
380.0,52.0,-1020.0
230.0,17.0,-897.0
181.0,-154.0,-870.0
171.0,-44.0,-927.0
165.0,126.0,-966.0
3.0,187.0,-1042.0
5.0,-7.0,-1087.0
0.0,35.0,-1134.0
42.0,175.0,-1128.0
-48.0,29.0,-952.0
-66.0,-152.0,-817.0
-44.0,-29.0,-905.0
-7.0,121.0,-1061.0
-64.0,89.0,-1110.0
-66.0,21.0,-1116.0
-5.0,95.0,-1159.0
111.0,78.0,-1097.0
21.0,-48.0,-962.0
0.0,-99.0,-870.0
40.0,19.0,-876.0
87.0,54.0,-989.0
-35.0,27.0,-1042.0
-9.0,48.0,-1110.0
121.0,42.0,-1163.0
130.0,152.0,-1173.0
113.0,-60.0,-977.0
-3.0,-91.0,-821.0
89.0,-21.0,-829.0
83.0,40.0,-1007.0
5.0,101.0,-1048.0
21.0,29.0,-1106.0
15.0,154.0,-1188.0
158.0,44.0,-1155.0
0.0,-31.0,-933.0
17.0,-42.0,-804.0
5.0,-31.0,-851.0
25.0,83.0,-1042.0
-48.0,-1.0,-1065.0
-25.0,23.0,-1059.0
-11.0,126.0,-1089.0
52.0,152.0,-1126.0
-7.0,56.0,-1009.0
-19.0,-78.0,-909.0
13.0,-3.0,-929.0
-13.0,81.0,-962.0
-70.0,46.0,-1003.0
9.0,-19.0,-1026.0
29.0,81.0,-1132.0
78.0,208.0,-1159.0
33.0,0.0,-1087.0
19.0,-56.0,-866.0
33.0,15.0,-872.0
115.0,40.0,-991.0
76.0,-7.0,-1016.0
97.0,1.0,-1036.0
58.0,138.0,-1089.0
117.0,121.0,-1194.0
87.0,0.0,-1013.0
101.0,-35.0,-890.0
83.0,17.0,-913.0
124.0,35.0,-993.0
13.0,1.0,-921.0
54.0,-13.0,-1003.0
21.0,140.0,-1122.0
52.0,95.0,-1251.0
19.0,-1.0,-1059.0
-35.0,-46.0,-894.0
37.0,3.0,-911.0
-33.0,46.0,-936.0
11.0,-52.0,-981.0
-40.0,-9.0,-1022.0
-19.0,126.0,-1212.0
-37.0,39.0,-1157.0
-27.0,19.0,-1015.0
-95.0,-19.0,-866.0
-46.0,23.0,-950.0
-64.0,62.0,-960.0
11.0,-40.0,-1030.0
-81.0,-11.0,-1015.0
-44.0,103.0,-1139.0
-74.0,109.0,-1061.0
21.0,21.0,-1077.0
-66.0,-19.0,-970.0
-11.0,-17.0,-1015.0
-39.0,40.0,-899.0
74.0,-42.0,-942.0
-33.0,89.0,-995.0
0.0,31.0,-1095.0
-40.0,109.0,-1104.0
156.0,11.0,-1114.0
27.0,7.0,-954.0
-1.0,39.0,-888.0
54.0,-17.0,-913.0
105.0,-39.0,-981.0
-27.0,87.0,-1028.0
-17.0,80.0,-1077.0
21.0,99.0,-1120.0
81.0,29.0,-1104.0
-25.0,-29.0,-1001.0
-21.0,-19.0,-946.0
56.0,29.0,-929.0
54.0,-17.0,-995.0
-105.0,121.0,-964.0
-52.0,29.0,-1038.0
21.0,80.0,-1147.0
50.0,85.0,-1192.0
-29.0,13.0,-1026.0
-64.0,-46.0,-872.0
29.0,35.0,-890.0
15.0,19.0,-970.0
-68.0,15.0,-1024.0
-68.0,89.0,-1020.0
58.0,80.0,-1153.0
0.0,81.0,-1093.0
31.0,40.0,-1022.0
-62.0,-27.0,-915.0
66.0,-25.0,-935.0
9.0,130.0,-1007.0
52.0,-25.0,-1013.0
-17.0,-37.0,-999.0
93.0,87.0,-1040.0
15.0,163.0,-1155.0
52.0,134.0,-1175.0
23.0,-134.0,-972.0
78.0,-31.0,-899.0
-21.0,54.0,-835.0
19.0,7.0,-991.0
-1.0,31.0,-901.0
156.0,150.0,-1122.0
-81.0,140.0,-1179.0
42.0,-109.0,-1163.0
-115.0,-7.0,-890.0
-3.0,0.0,-854.0
-3.0,40.0,-923.0
13.0,-48.0,-1032.0
-25.0,21.0,-1036.0
-23.0,113.0,-1120.0
-95.0,50.0,-1206.0
58.0,109.0,-1098.0
-5.0,-13.0,-1026.0
-72.0,-21.0,-794.0
5.0,9.0,-847.0
42.0,85.0,-1016.0
35.0,-27.0,-1042.0
-128.0,0.0,-1056.0
17.0,81.0,-1149.0
13.0,122.0,-1116.0
19.0,-52.0,-1018.0
-111.0,-29.0,-823.0
-21.0,70.0,-817.0
-64.0,81.0,-970.0
142.0,-99.0,-1212.0
-99.0,109.0,-1134.0
1.0,165.0,-1073.0
48.0,183.0,-1044.0
19.0,-146.0,-1052.0
-87.0,-64.0,-796.0
105.0,-42.0,-829.0
-33.0,99.0,-1011.0
-42.0,-25.0,-1190.0
25.0,11.0,-1046.0
-27.0,115.0,-1069.0
37.0,212.0,-1089.0
97.0,-15.0,-1098.0
-21.0,-64.0,-1030.0
-93.0,17.0,-774.0
152.0,72.0,-954.0
50.0,50.0,-1069.0
-72.0,5.0,-1126.0
-42.0,74.0,-991.0
-25.0,80.0,-1118.0
66.0,66.0,-1079.0
-101.0,-103.0,-876.0
-13.0,50.0,-753.0
91.0,68.0,-1048.0
-89.0,33.0,-1149.0
-1.0,-13.0,-964.0
-17.0,124.0,-1048.0
87.0,60.0,-1186.0
-56.0,35.0,-1097.0
37.0,-130.0,-962.0
-52.0,-21.0,-794.0
101.0,177.0,-927.0
-33.0,60.0,-1112.0
-19.0,-31.0,-1069.0
87.0,140.0,-905.0
78.0,132.0,-1208.0
25.0,44.0,-1179.0
-46.0,-115.0,-925.0
37.0,-93.0,-757.0
-46.0,146.0,-1003.0
-78.0,109.0,-1114.0
273.0,-87.0,-979.0
17.0,-11.0,-1147.0
-56.0,56.0,-1120.0
-9.0,163.0,-1147.0
7.0,-56.0,-868.0
-158.0,-13.0,-825.0
113.0,99.0,-905.0
56.0,-29.0,-1097.0
-130.0,66.0,-1015.0
-91.0,-52.0,-1093.0
-107.0,124.0,-1145.0
29.0,54.0,-1141.0
-160.0,-29.0,-921.0
-37.0,-58.0,-821.0
179.0,46.0,-958.0
-87.0,31.0,-1026.0
-78.0,115.0,-1034.0
-64.0,140.0,-1079.0
-19.0,162.0,-1147.0
13.0,50.0,-1089.0
-109.0,-156.0,-866.0
-21.0,-91.0,-810.0
-1.0,124.0,-991.0
-50.0,81.0,-1067.0
189.0,-204.0,-929.0
-60.0,140.0,-1100.0
-21.0,146.0,-1132.0
-9.0,154.0,-1198.0
78.0,21.0,-950.0
7.0,-150.0,-935.0
-103.0,150.0,-866.0
89.0,99.0,-993.0
113.0,21.0,-1124.0
-138.0,-9.0,-1065.0
101.0,-9.0,-1026.0
152.0,150.0,-1114.0
56.0,5.0,-1024.0
-103.0,-99.0,-843.0
146.0,-17.0,-772.0
80.0,83.0,-1061.0
40.0,171.0,-1223.0
-181.0,95.0,-1007.0
-37.0,-31.0,-1061.0
-89.0,150.0,-1116.0
21.0,-31.0,-1075.0
-74.0,-31.0,-892.0
60.0,-54.0,-845.0
-21.0,-17.0,-880.0
83.0,62.0,-1118.0
-162.0,64.0,-1073.0
-138.0,152.0,-1020.0
56.0,136.0,-1147.0
29.0,132.0,-1114.0
62.0,-66.0,-929.0
162.0,-42.0,-808.0
44.0,5.0,-927.0
17.0,60.0,-1087.0
-109.0,-25.0,-1087.0
0.0,50.0,-1059.0
128.0,81.0,-1114.0
21.0,165.0,-1032.0
-66.0,-68.0,-870.0
29.0,-50.0,-802.0
37.0,95.0,-1034.0
9.0,216.0,-1145.0
81.0,-29.0,-1038.0
-44.0,19.0,-1022.0
0.0,5.0,-1155.0
81.0,117.0,-1122.0
11.0,-163.0,-970.0
-15.0,-11.0,-804.0
-83.0,23.0,-944.0
0.0,156.0,-1015.0
54.0,19.0,-1106.0
23.0,-3.0,-1122.0
-197.0,113.0,-1026.0
99.0,124.0,-1114.0
-89.0,-44.0,-901.0
-27.0,-76.0,-829.0
-76.0,46.0,-892.0
89.0,-42.0,-1124.0
-169.0,124.0,-1136.0
33.0,-35.0,-1077.0
-115.0,21.0,-1075.0
25.0,171.0,-1091.0
0.0,-44.0,-1028.0
-13.0,-3.0,-929.0
-1.0,39.0,-878.0
-5.0,15.0,-1009.0
-13.0,140.0,-1056.0
-3.0,-40.0,-1136.0
-42.0,85.0,-1050.0
33.0,-11.0,-1077.0
-111.0,64.0,-960.0
78.0,-78.0,-759.0
130.0,-52.0,-977.0
-101.0,121.0,-1063.0
70.0,105.0,-1036.0
29.0,37.0,-1122.0
-62.0,72.0,-1169.0
19.0,107.0,-981.0
64.0,-58.0,-991.0
-83.0,-80.0,-913.0
-23.0,-15.0,-936.0
-5.0,187.0,-1063.0
111.0,-25.0,-1134.0
-144.0,-25.0,-995.0
78.0,119.0,-985.0
15.0,134.0,-1056.0
27.0,50.0,-1108.0
-68.0,-89.0,-917.0
33.0,-19.0,-866.0
-109.0,142.0,-962.0
7.0,56.0,-1120.0
-48.0,19.0,-1036.0
226.0,-60.0,-1024.0
-130.0,181.0,-1097.0
25.0,19.0,-1138.0
-95.0,-85.0,-866.0
-70.0,5.0,-854.0
-80.0,105.0,-1005.0
97.0,124.0,-1098.0
-60.0,-62.0,-1091.0
-17.0,27.0,-997.0
-60.0,105.0,-1141.0
70.0,74.0,-1061.0
15.0,-64.0,-913.0
39.0,-40.0,-843.0
78.0,0.0,-942.0
95.0,216.0,-1044.0
15.0,50.0,-1136.0
-91.0,35.0,-1005.0
27.0,21.0,-1120.0
93.0,144.0,-983.0
-9.0,-115.0,-1005.0
-23.0,-80.0,-771.0
35.0,31.0,-954.0
68.0,210.0,-1120.0
-101.0,-56.0,-1204.0
-27.0,-5.0,-1030.0
23.0,78.0,-1020.0
103.0,187.0,-1046.0
-66.0,-42.0,-993.0
1.0,-111.0,-858.0
-119.0,52.0,-925.0
126.0,171.0,-1077.0
50.0,66.0,-1100.0
124.0,-109.0,-995.0
-31.0,21.0,-938.0
39.0,265.0,-1147.0
-7.0,-19.0,-1016.0
7.0,-144.0,-835.0
-68.0,21.0,-864.0
91.0,158.0,-1100.0
-162.0,126.0,-1180.0
-19.0,-81.0,-983.0
111.0,62.0,-1032.0
78.0,87.0,-1147.0
-31.0,-62.0,-1020.0
74.0,-146.0,-796.0
-121.0,93.0,-812.0
87.0,206.0,-1112.0
37.0,138.0,-1216.0
13.0,-126.0,-1091.0
-189.0,97.0,-854.0
214.0,234.0,-1018.0
203.0,-19.0,-1169.0
-107.0,-216.0,-991.0
-216.0,-44.0,-642.0
230.0,281.0,-974.0
-23.0,140.0,-1395.0
-101.0,-158.0,-1149.0
-76.0,-29.0,-718.0
255.0,130.0,-1087.0
-226.0,306.0,-1348.0
40.0,-267.0,-890.0
-154.0,-109.0,-491.0
224.0,158.0,-991.0
-99.0,320.0,-1549.0
261.0,-89.0,-1026.0
-144.0,-220.0,-765.0
-46.0,119.0,-1013.0
-25.0,337.0,-1374.0
163.0,-132.0,-876.0
-314.0,-160.0,-573.0
302.0,138.0,-909.0
76.0,376.0,-1547.0
-105.0,-173.0,-1147.0
-341.0,-283.0,-724.0
146.0,488.0,-944.0
210.0,197.0,-1409.0
0.0,-191.0,-1038.0
-167.0,-634.0,-577.0
56.0,253.0,-872.0
101.0,564.0,-1403.0
-42.0,-146.0,-1091.0
-296.0,-220.0,-747.0
251.0,-83.0,-1007.0
-132.0,815.0,-1399.0
298.0,-265.0,-1145.0
-509.0,-339.0,-612.0
458.0,-101.0,-722.0
-54.0,603.0,-1257.0
52.0,-50.0,-1290.0
-415.0,-230.0,-665.0
214.0,-7.0,-979.0
74.0,566.0,-1530.0
-62.0,-199.0,-1235.0
-228.0,-169.0,-542.0
193.0,-33.0,-636.0
33.0,501.0,-1229.0
60.0,-201.0,-1243.0
-238.0,-165.0,-808.0
189.0,-25.0,-1050.0
-115.0,380.0,-1442.0
-72.0,44.0,-1098.0
1.0,-263.0,-585.0
66.0,-3.0,-659.0
37.0,203.0,-1202.0
-93.0,242.0,-1235.0
-27.0,-189.0,-1009.0
-128.0,66.0,-1061.0
-212.0,378.0,-1231.0
222.0,259.0,-1075.0
91.0,-355.0,-778.0
-199.0,-72.0,-667.0
-189.0,107.0,-1124.0
117.0,312.0,-1169.0
44.0,-228.0,-1303.0
-255.0,177.0,-835.0
19.0,27.0,-1097.0
204.0,439.0,-1132.0
-21.0,-353.0,-987.0
-257.0,-42.0,-587.0
-64.0,-21.0,-905.0
253.0,478.0,-1317.0
39.0,-271.0,-1383.0
-226.0,-74.0,-956.0
-5.0,-42.0,-810.0
324.0,392.0,-1180.0
-175.0,-46.0,-1036.0
-97.0,-337.0,-788.0
-134.0,226.0,-689.0
448.0,366.0,-1417.0
-152.0,58.0,-1385.0
-87.0,-366.0,-936.0
3.0,-3.0,-562.0
187.0,447.0,-1272.0
-99.0,-33.0,-1192.0
-37.0,-528.0,-716.0
-3.0,64.0,-433.0
195.0,486.0,-1440.0
-103.0,76.0,-1411.0
-111.0,-382.0,-942.0
74.0,11.0,-519.0
-39.0,589.0,-1274.0
70.0,-23.0,-1192.0
-156.0,-409.0,-728.0
181.0,-62.0,-610.0
-68.0,499.0,-1329.0
89.0,146.0,-1411.0
-132.0,-409.0,-907.0
206.0,39.0,-630.0
-23.0,306.0,-1128.0
283.0,177.0,-1262.0
-201.0,-359.0,-786.0
253.0,-39.0,-665.0
-111.0,386.0,-1136.0
294.0,160.0,-1352.0
-181.0,-195.0,-905.0
224.0,-183.0,-981.0
-308.0,398.0,-979.0
435.0,-101.0,-1009.0
-132.0,-103.0,-913.0
201.0,-95.0,-894.0
-238.0,365.0,-964.0
232.0,101.0,-1218.0
-171.0,-31.0,-1274.0
179.0,-160.0,-952.0
-165.0,105.0,-868.0
31.0,255.0,-958.0
-179.0,-130.0,-1089.0
230.0,-44.0,-899.0
-140.0,64.0,-1018.0
-9.0,169.0,-1233.0
-290.0,160.0,-933.0
452.0,19.0,-1118.0
-390.0,21.0,-976.0
44.0,-64.0,-956.0
113.0,267.0,-833.0
374.0,-204.0,-1169.0
-560.0,70.0,-909.0
136.0,-35.0,-983.0
78.0,277.0,-1122.0
146.0,-31.0,-1311.0
-316.0,-9.0,-884.0
109.0,-64.0,-810.0
103.0,148.0,-972.0
60.0,-29.0,-1134.0
-222.0,62.0,-985.0
103.0,35.0,-991.0
201.0,105.0,-1179.0
-78.0,99.0,-1260.0
-40.0,-156.0,-917.0
-33.0,37.0,-732.0
197.0,74.0,-1091.0
-171.0,5.0,-1116.0
-60.0,-70.0,-892.0
-39.0,136.0,-841.0
122.0,290.0,-1366.0
-126.0,19.0,-1264.0
85.0,-95.0,-864.0
-255.0,-163.0,-710.0
62.0,261.0,-995.0
44.0,54.0,-1124.0
-9.0,-107.0,-929.0
-160.0,37.0,-884.0
292.0,251.0,-1264.0
-66.0,-23.0,-1286.0
-74.0,-210.0,-929.0
-281.0,66.0,-597.0
335.0,146.0,-1085.0
-152.0,288.0,-1155.0
136.0,-478.0,-979.0
-163.0,265.0,-819.0
253.0,212.0,-1383.0
-95.0,-3.0,-1210.0
-257.0,74.0,-812.0
132.0,-245.0,-888.0
52.0,267.0,-1024.0
-19.0,3.0,-1153.0
39.0,31.0,-767.0
-27.0,-19.0,-987.0
-40.0,154.0,-1229.0
-119.0,228.0,-1239.0
265.0,-154.0,-833.0
-171.0,31.0,-747.0
85.0,25.0,-981.0
-1.0,-35.0,-1214.0
76.0,-148.0,-813.0
0.0,121.0,-962.0
37.0,234.0,-1206.0
-87.0,5.0,-1233.0
222.0,-134.0,-935.0
-191.0,275.0,-819.0
101.0,-15.0,-1151.0
-191.0,-13.0,-977.0
357.0,-144.0,-968.0
-179.0,191.0,-944.0
35.0,169.0,-1245.0
-238.0,-70.0,-1083.0
406.0,-35.0,-1020.0
-212.0,66.0,-923.0
-80.0,124.0,-1061.0
-74.0,-15.0,-837.0
599.0,-119.0,-938.0
-409.0,318.0,-1141.0
-171.0,66.0,-1143.0
66.0,-128.0,-972.0
290.0,-44.0,-1050.0
-439.0,281.0,-1044.0
-39.0,-99.0,-931.0
68.0,-93.0,-815.0
320.0,-56.0,-1112.0
-491.0,290.0,-1182.0
117.0,9.0,-1034.0
72.0,-76.0,-919.0
316.0,29.0,-1192.0
-599.0,259.0,-1075.0
201.0,19.0,-923.0
271.0,-130.0,-837.0
300.0,-179.0,-1155.0
-624.0,210.0,-1005.0
214.0,91.0,-933.0
54.0,99.0,-1007.0
374.0,-111.0,-1368.0
-595.0,128.0,-915.0
253.0,58.0,-751.0
142.0,148.0,-815.0
148.0,-267.0,-1346.0
-601.0,269.0,-913.0
183.0,85.0,-876.0
154.0,72.0,-1081.0
105.0,-144.0,-1399.0
-489.0,3.0,-917.0
224.0,93.0,-679.0
21.0,44.0,-1050.0
29.0,-130.0,-1249.0
-345.0,244.0,-839.0
115.0,119.0,-806.0
158.0,17.0,-1270.0
-19.0,-109.0,-1292.0
-138.0,21.0,-958.0
-31.0,193.0,-540.0
337.0,-13.0,-1067.0
-85.0,-62.0,-1218.0
-167.0,46.0,-1011.0
-56.0,204.0,-679.0
316.0,80.0,-1315.0
0.0,-72.0,-1233.0
-1.0,-31.0,-876.0
85.0,191.0,-571.0
257.0,68.0,-1216.0
-257.0,-15.0,-1149.0
62.0,-124.0,-890.0
66.0,201.0,-733.0
257.0,-37.0,-1444.0
-132.0,-148.0,-1097.0
52.0,56.0,-839.0
-15.0,204.0,-813.0
134.0,25.0,-1247.0
-27.0,-105.0,-946.0
31.0,44.0,-843.0
-68.0,253.0,-810.0
271.0,101.0,-1358.0
-187.0,-187.0,-1167.0
56.0,3.0,-839.0
-89.0,177.0,-755.0
173.0,177.0,-1147.0
-121.0,-277.0,-1126.0
173.0,-44.0,-819.0
15.0,214.0,-899.0
42.0,279.0,-1253.0
-257.0,-216.0,-1286.0
150.0,-33.0,-747.0
89.0,126.0,-938.0
13.0,220.0,-1095.0
-210.0,-265.0,-1071.0
218.0,39.0,-761.0
-160.0,148.0,-950.0
-1.0,304.0,-1175.0
-33.0,-316.0,-1212.0
201.0,-85.0,-913.0
-224.0,247.0,-962.0
-113.0,185.0,-1063.0
-39.0,-105.0,-991.0
368.0,-83.0,-915.0
-283.0,265.0,-944.0
117.0,25.0,-1290.0
44.0,-105.0,-1050.0
124.0,232.0,-1001.0
-122.0,-111.0,-933.0
-111.0,48.0,-968.0
203.0,163.0,-925.0
0.0,-93.0,-1028.0
-324.0,54.0,-886.0
193.0,-99.0,-999.0
212.0,283.0,-1315.0
-240.0,39.0,-1081.0
-89.0,-212.0,-796.0
-78.0,171.0,-919.0
292.0,95.0,-1227.0
-58.0,-99.0,-1032.0
-175.0,46.0,-763.0
-11.0,156.0,-1065.0
163.0,140.0,-1415.0
-101.0,-165.0,-1200.0
-66.0,56.0,-575.0
27.0,-40.0,-884.0
9.0,359.0,-1175.0
15.0,-234.0,-1218.0
-146.0,99.0,-667.0
33.0,78.0,-1011.0
187.0,308.0,-1309.0
-13.0,-85.0,-1202.0
-121.0,-105.0,-655.0
-128.0,37.0,-892.0
197.0,175.0,-1237.0
-17.0,-99.0,-1210.0
-224.0,111.0,-646.0
25.0,-111.0,-944.0
80.0,201.0,-1339.0
113.0,72.0,-1245.0
-103.0,-62.0,-749.0
-183.0,-15.0,-806.0
179.0,158.0,-1286.0
-76.0,156.0,-1139.0
169.0,-259.0,-739.0
-191.0,35.0,-864.0
167.0,158.0,-1303.0
-122.0,128.0,-1169.0
-56.0,-11.0,-806.0
-101.0,-39.0,-833.0
204.0,103.0,-1407.0
-140.0,105.0,-1011.0
80.0,-152.0,-648.0
-179.0,216.0,-890.0
-11.0,-50.0,-1407.0
-99.0,236.0,-1118.0
154.0,-212.0,-929.0
-304.0,117.0,-882.0
255.0,-54.0,-1204.0
-9.0,183.0,-1009.0
25.0,-238.0,-776.0
-376.0,146.0,-743.0
160.0,148.0,-1356.0
263.0,81.0,-1329.0
50.0,-286.0,-897.0
-284.0,115.0,-763.0
181.0,224.0,-1032.0
126.0,95.0,-1186.0
101.0,-206.0,-886.0
-247.0,85.0,-831.0
119.0,163.0,-1182.0
23.0,171.0,-1253.0
60.0,-183.0,-1128.0
-296.0,31.0,-810.0
288.0,19.0,-936.0
62.0,339.0,-1095.0
81.0,-119.0,-901.0
-234.0,-72.0,-796.0
-5.0,9.0,-1118.0
126.0,175.0,-1370.0
-29.0,-23.0,-977.0
-193.0,-44.0,-796.0
0.0,29.0,-884.0
87.0,105.0,-1151.0
48.0,-80.0,-956.0
-281.0,89.0,-954.0
-29.0,33.0,-1011.0
292.0,134.0,-1350.0
-124.0,76.0,-1079.0
-160.0,-37.0,-724.0
31.0,-21.0,-858.0
173.0,122.0,-1251.0
-31.0,11.0,-1122.0
-306.0,-40.0,-823.0
76.0,119.0,-817.0
271.0,181.0,-1389.0
-11.0,58.0,-1130.0
87.0,-251.0,-780.0
-85.0,132.0,-862.0
101.0,163.0,-1161.0
85.0,85.0,-1054.0
-115.0,-119.0,-786.0
-33.0,-23.0,-1005.0
327.0,89.0,-1266.0
-19.0,-13.0,-1216.0
-245.0,-9.0,-755.0
-154.0,68.0,-813.0
341.0,146.0,-1177.0
-58.0,35.0,-1221.0
-247.0,-124.0,-874.0
89.0,126.0,-790.0
366.0,142.0,-1276.0
-208.0,247.0,-1253.0
-40.0,-290.0,-708.0
1.0,19.0,-778.0
107.0,175.0,-1249.0
-146.0,130.0,-1196.0
42.0,-208.0,-614.0
-39.0,29.0,-856.0
87.0,128.0,-1348.0
-97.0,244.0,-1253.0
46.0,-171.0,-769.0
-80.0,58.0,-849.0
156.0,40.0,-1194.0
-81.0,208.0,-1102.0
70.0,-199.0,-780.0
-224.0,91.0,-921.0
253.0,66.0,-1344.0
-97.0,197.0,-1220.0
-29.0,-206.0,-737.0
48.0,29.0,-810.0
167.0,44.0,-1284.0
-81.0,144.0,-1114.0
68.0,-126.0,-624.0
11.0,136.0,-901.0
216.0,171.0,-1401.0
-60.0,115.0,-1216.0
146.0,-244.0,-765.0
-165.0,199.0,-815.0
117.0,50.0,-1200.0
13.0,-46.0,-1120.0
121.0,-95.0,-732.0
-214.0,99.0,-874.0
87.0,277.0,-1335.0
-5.0,-52.0,-1305.0
40.0,-87.0,-767.0
-122.0,-35.0,-726.0
189.0,76.0,-1208.0
-212.0,93.0,-1145.0
144.0,-42.0,-845.0
-150.0,17.0,-905.0
130.0,11.0,-1387.0
-195.0,19.0,-1114.0
154.0,154.0,-837.0
-33.0,-17.0,-808.0
-11.0,-201.0,-1280.0
-167.0,162.0,-1032.0
9.0,245.0,-823.0
117.0,31.0,-847.0
-1.0,-78.0,-1348.0
-99.0,33.0,-1208.0
40.0,181.0,-878.0
-60.0,-64.0,-847.0
-269.0,44.0,-1208.0
50.0,-66.0,-1132.0
68.0,263.0,-800.0
-44.0,-251.0,-921.0
-411.0,156.0,-1173.0
269.0,-13.0,-1196.0
-35.0,359.0,-907.0
-163.0,-185.0,-942.0
-220.0,-19.0,-1063.0
345.0,68.0,-1085.0
0.0,302.0,-921.0
-119.0,-165.0,-905.0
-275.0,-1.0,-1102.0
437.0,-89.0,-1325.0
-257.0,353.0,-1155.0
-93.0,-121.0,-851.0
-226.0,-15.0,-948.0
421.0,-29.0,-1065.0
-33.0,327.0,-936.0
-199.0,78.0,-892.0
-226.0,-48.0,-1085.0
363.0,-95.0,-1249.0
-105.0,204.0,-1100.0
-130.0,76.0,-724.0
-148.0,-169.0,-962.0
322.0,13.0,-1030.0
-85.0,212.0,-1141.0
-179.0,103.0,-899.0
-163.0,-244.0,-981.0
368.0,117.0,-1110.0
-87.0,316.0,-1251.0
-62.0,33.0,-894.0
-284.0,-101.0,-847.0
495.0,-13.0,-1007.0
-19.0,99.0,-1141.0
-99.0,40.0,-829.0
-245.0,-169.0,-890.0
517.0,42.0,-1130.0
-31.0,142.0,-1352.0
-33.0,119.0,-960.0
-339.0,-44.0,-636.0
614.0,-87.0,-1024.0
-130.0,277.0,-1282.0
5.0,15.0,-876.0
-99.0,9.0,-677.0
548.0,-39.0,-1075.0
-83.0,162.0,-1426.0
-212.0,-46.0,-1056.0
-154.0,44.0,-642.0
722.0,-283.0,-1059.0
-255.0,320.0,-1329.0
-50.0,-58.0,-888.0
-95.0,236.0,-480.0
437.0,-359.0,-1284.0
-242.0,325.0,-1555.0
-359.0,138.0,-974.0
269.0,83.0,-505.0
245.0,-245.0,-1081.0
-359.0,154.0,-1356.0
-191.0,46.0,-669.0
247.0,54.0,-579.0
124.0,-72.0,-1405.0
-226.0,-31.0,-1501.0
-134.0,134.0,-753.0
245.0,78.0,-657.0
-95.0,-58.0,-1182.0
-277.0,165.0,-1372.0
132.0,-3.0,-747.0
119.0,-37.0,-741.0
-167.0,-25.0,-1300.0
-171.0,156.0,-1454.0
156.0,74.0,-804.0
126.0,-66.0,-733.0
-204.0,-21.0,-1206.0
-72.0,52.0,-1210.0
378.0,-62.0,-673.0
-66.0,142.0,-796.0
-122.0,64.0,-1383.0
-146.0,91.0,-1272.0
392.0,-66.0,-901.0
-240.0,228.0,-763.0
-107.0,-68.0,-1190.0
-68.0,56.0,-985.0
493.0,-132.0,-831.0
-372.0,195.0,-884.0
-179.0,37.0,-1245.0
146.0,-64.0,-1139.0
242.0,85.0,-1015.0
-277.0,31.0,-1015.0
-245.0,150.0,-882.0
439.0,-46.0,-1097.0
37.0,142.0,-974.0
-343.0,-19.0,-950.0
-56.0,138.0,-1007.0
93.0,-42.0,-1149.0
329.0,138.0,-1143.0
-230.0,-44.0,-964.0
-181.0,132.0,-819.0
232.0,-85.0,-851.0
130.0,249.0,-1112.0
-271.0,-107.0,-1067.0
-204.0,87.0,-927.0
406.0,-122.0,-1038.0
222.0,269.0,-1286.0
-447.0,0.0,-952.0
-17.0,-39.0,-808.0
302.0,-80.0,-1007.0
70.0,124.0,-1362.0
-482.0,-64.0,-868.0
99.0,124.0,-710.0
458.0,-83.0,-1087.0
156.0,294.0,-1356.0
-355.0,-142.0,-1030.0
-99.0,232.0,-763.0
431.0,-165.0,-952.0
-89.0,392.0,-1264.0
-201.0,-224.0,-831.0
1.0,208.0,-607.0
587.0,-122.0,-1216.0
-222.0,156.0,-1606.0
-546.0,-187.0,-851.0
124.0,56.0,-534.0
659.0,152.0,-1028.0
-208.0,181.0,-1542.0
-489.0,-251.0,-644.0
386.0,48.0,-495.0
380.0,175.0,-1450.0
-527.0,173.0,-1631.0
-146.0,-265.0,-661.0
429.0,177.0,-634.0
158.0,27.0,-1403.0
-380.0,111.0,-1274.0
95.0,-150.0,-484.0
407.0,87.0,-689.0
-52.0,91.0,-1667.0
-560.0,93.0,-1376.0
132.0,197.0,-591.0
267.0,-105.0,-751.0
-23.0,306.0,-1348.0
-146.0,-288.0,-1145.0
19.0,99.0,-528.0
203.0,-314.0,-925.0
-240.0,220.0,-1479.0
-206.0,160.0,-1268.0
300.0,119.0,-651.0
-66.0,-140.0,-966.0
-46.0,39.0,-1319.0
-122.0,121.0,-1100.0
140.0,154.0,-677.0
-148.0,-203.0,-907.0
-238.0,89.0,-1262.0
165.0,-27.0,-1284.0
42.0,283.0,-788.0
46.0,-236.0,-987.0
-212.0,122.0,-1079.0
165.0,-56.0,-1167.0
-111.0,394.0,-681.0
56.0,-199.0,-981.0
-214.0,128.0,-1270.0
163.0,-175.0,-1305.0
-66.0,507.0,-806.0
245.0,-314.0,-993.0
-413.0,52.0,-1040.0
60.0,-204.0,-1071.0
-23.0,544.0,-737.0
40.0,-247.0,-1034.0
-390.0,64.0,-1169.0
343.0,-325.0,-1122.0
-11.0,491.0,-954.0
-286.0,31.0,-1032.0
-163.0,50.0,-1128.0
329.0,-138.0,-895.0
199.0,208.0,-870.0
-325.0,-9.0,-1020.0
-95.0,-23.0,-1202.0
283.0,-257.0,-1139.0
-13.0,448.0,-1104.0
-173.0,-3.0,-839.0
175.0,-122.0,-1036.0
-35.0,78.0,-890.0
109.0,228.0,-1065.0
-208.0,21.0,-884.0
-31.0,-35.0,-1132.0
91.0,-111.0,-1114.0
0.0,355.0,-1085.0
-48.0,-68.0,-804.0
-27.0,-113.0,-1106.0
42.0,3.0,-962.0
249.0,-27.0,-997.0
-460.0,298.0,-831.0
-46.0,-138.0,-1145.0
234.0,107.0,-1102.0
-15.0,204.0,-1110.0
-48.0,-80.0,-931.0
-138.0,-42.0,-909.0
335.0,-105.0,-1011.0
-1.0,181.0,-1011.0
-183.0,31.0,-886.0
40.0,-171.0,-1046.0
257.0,163.0,-1194.0
-121.0,197.0,-1206.0
-150.0,-50.0,-767.0
-39.0,-3.0,-806.0
370.0,109.0,-1075.0
-37.0,40.0,-1159.0
-302.0,-5.0,-882.0
-23.0,-52.0,-806.0
230.0,115.0,-1303.0
-392.0,68.0,-1173.0
-113.0,-15.0,-851.0
-306.0,60.0,-665.0
286.0,19.0,-1262.0
-534.0,-46.0,-1095.0
-212.0,31.0,-823.0
-269.0,80.0,-685.0
66.0,126.0,-1417.0
-530.0,62.0,-1155.0
-259.0,21.0,-802.0
-370.0,-21.0,-712.0
56.0,-103.0,-1274.0
-616.0,-117.0,-1073.0
-374.0,263.0,-815.0
-357.0,115.0,-796.0
-191.0,89.0,-1376.0
-542.0,-277.0,-1270.0
-404.0,316.0,-782.0
-224.0,-39.0,-847.0
-226.0,76.0,-1280.0
-384.0,-267.0,-1175.0
-292.0,335.0,-595.0
-144.0,-121.0,-821.0
-396.0,290.0,-1346.0
-454.0,-261.0,-1325.0
-109.0,-9.0,-843.0
-651.0,177.0,-730.0
-136.0,93.0,-1167.0
-324.0,5.0,-1114.0
-91.0,-64.0,-774.0
-521.0,-35.0,-802.0
-464.0,296.0,-1317.0
-228.0,-218.0,-1315.0
-122.0,-13.0,-839.0
-528.0,189.0,-691.0
-17.0,3.0,-1237.0
-386.0,93.0,-1093.0
-31.0,-228.0,-1005.0
-646.0,245.0,-702.0
-210.0,5.0,-1325.0
-206.0,121.0,-1147.0
39.0,-74.0,-1015.0
-482.0,117.0,-792.0
-115.0,39.0,-1122.0
-83.0,80.0,-1089.0
-5.0,-115.0,-938.0
-480.0,68.0,-786.0
-111.0,23.0,-1124.0
5.0,201.0,-1305.0
-74.0,13.0,-1081.0
-310.0,-13.0,-847.0
-23.0,134.0,-905.0
312.0,134.0,-1173.0
95.0,-89.0,-1044.0
-76.0,13.0,-772.0
85.0,-48.0,-997.0
575.0,247.0,-1202.0
302.0,-5.0,-1155.0
89.0,-40.0,-940.0
201.0,31.0,-819.0
493.0,203.0,-1216.0
201.0,-150.0,-1050.0
-173.0,66.0,-819.0
191.0,-95.0,-911.0
380.0,281.0,-1344.0
97.0,-5.0,-1184.0
-146.0,11.0,-854.0
-113.0,-5.0,-683.0
337.0,60.0,-1130.0
-191.0,52.0,-1061.0
-201.0,21.0,-808.0
-124.0,-54.0,-856.0
290.0,203.0,-1407.0
-249.0,11.0,-1165.0
-240.0,33.0,-817.0
-191.0,5.0,-749.0
247.0,128.0,-1266.0
-288.0,-39.0,-1085.0
-160.0,46.0,-825.0
-121.0,-130.0,-812.0
173.0,312.0,-1319.0
-257.0,13.0,-1229.0
-189.0,42.0,-831.0
-148.0,-11.0,-772.0
267.0,167.0,-1262.0
-242.0,25.0,-1116.0
-95.0,-195.0,-733.0
-197.0,15.0,-796.0
261.0,294.0,-1391.0
-128.0,74.0,-1335.0
-132.0,-95.0,-735.0
-160.0,15.0,-704.0
275.0,212.0,-1262.0
-54.0,-33.0,-1145.0
-78.0,-154.0,-585.0
-122.0,19.0,-726.0
265.0,206.0,-1323.0
-91.0,132.0,-1382.0
-122.0,-156.0,-794.0
-119.0,21.0,-774.0
296.0,156.0,-1237.0
17.0,40.0,-1159.0
-101.0,-162.0,-597.0
-136.0,27.0,-763.0
236.0,226.0,-1374.0
-76.0,105.0,-1475.0
-218.0,-62.0,-823.0
-144.0,-9.0,-733.0
218.0,144.0,-1175.0
-25.0,68.0,-1141.0
-68.0,-160.0,-655.0
-113.0,-19.0,-788.0
230.0,162.0,-1395.0
17.0,128.0,-1393.0
-111.0,-15.0,-812.0
-78.0,-17.0,-755.0
212.0,148.0,-1182.0
-21.0,142.0,-1114.0
1.0,-189.0,-708.0
-85.0,-15.0,-782.0
201.0,136.0,-1342.0
-44.0,171.0,-1374.0
-58.0,-83.0,-854.0
-33.0,-56.0,-765.0
163.0,203.0,-1145.0
85.0,89.0,-1112.0
1.0,-160.0,-702.0
-95.0,15.0,-829.0
259.0,160.0,-1389.0
-56.0,173.0,-1389.0
-60.0,-103.0,-827.0
-150.0,-33.0,-720.0
240.0,121.0,-1180.0
-54.0,21.0,-1136.0
-48.0,-193.0,-675.0
-181.0,76.0,-796.0
185.0,130.0,-1378.0
-78.0,173.0,-1387.0
-136.0,-48.0,-858.0
-146.0,-3.0,-819.0
156.0,173.0,-1202.0
33.0,-13.0,-1159.0
-87.0,-163.0,-609.0
-195.0,9.0,-788.0
128.0,136.0,-1403.0
-19.0,101.0,-1456.0
-136.0,-99.0,-802.0
-152.0,21.0,-730.0
150.0,232.0,-1124.0
68.0,5.0,-1153.0
-93.0,-97.0,-675.0
-138.0,72.0,-843.0
165.0,128.0,-1364.0
-33.0,101.0,-1358.0
-138.0,-150.0,-790.0
-119.0,-35.0,-751.0
144.0,203.0,-1173.0
31.0,76.0,-1167.0
-54.0,-136.0,-737.0
-132.0,5.0,-831.0
128.0,169.0,-1333.0
-39.0,218.0,-1323.0
-35.0,-160.0,-847.0
-138.0,-44.0,-759.0
169.0,140.0,-1138.0
72.0,78.0,-1138.0
5.0,-140.0,-765.0
-111.0,-9.0,-868.0
119.0,148.0,-1352.0
-40.0,156.0,-1307.0
-13.0,-105.0,-810.0
-113.0,3.0,-704.0
115.0,191.0,-1120.0
87.0,60.0,-1210.0
-15.0,-101.0,-823.0
-97.0,-13.0,-895.0
58.0,134.0,-1262.0
40.0,89.0,-1272.0
-19.0,-132.0,-837.0
-115.0,-56.0,-772.0
111.0,210.0,-1165.0
70.0,70.0,-1177.0
7.0,-44.0,-790.0
-134.0,11.0,-886.0
21.0,175.0,-1266.0
81.0,39.0,-1255.0
19.0,-101.0,-815.0
-130.0,-42.0,-749.0
54.0,146.0,-1104.0
126.0,64.0,-1239.0
-11.0,-66.0,-853.0
-128.0,5.0,-882.0
-33.0,226.0,-1214.0
78.0,40.0,-1260.0
17.0,-121.0,-856.0
-148.0,-9.0,-796.0
85.0,193.0,-1143.0
89.0,42.0,-1194.0
21.0,-132.0,-872.0
-210.0,-39.0,-833.0
-25.0,204.0,-1169.0
74.0,44.0,-1251.0
46.0,-76.0,-913.0
-144.0,-29.0,-788.0
80.0,171.0,-1093.0
87.0,99.0,-1171.0
46.0,-78.0,-901.0
-226.0,-19.0,-827.0
-37.0,171.0,-1202.0
95.0,15.0,-1274.0
95.0,-76.0,-917.0
-208.0,-44.0,-751.0
52.0,171.0,-1056.0
101.0,107.0,-1216.0
68.0,-95.0,-964.0
-220.0,-5.0,-825.0
5.0,183.0,-1102.0
109.0,44.0,-1233.0
68.0,-78.0,-946.0
-224.0,-76.0,-819.0
25.0,171.0,-1007.0
91.0,101.0,-1175.0
21.0,-60.0,-974.0
-255.0,-50.0,-819.0
-27.0,142.0,-1081.0
148.0,150.0,-1294.0
70.0,-21.0,-993.0
-220.0,-95.0,-776.0
3.0,130.0,-933.0
-95.0,126.0,-1225.0
87.0,5.0,-938.0
-638.0,-66.0,-870.0
-663.0,76.0,-1124.0
-314.0,60.0,-1218.0
-772.0,103.0,-1098.0
-970.0,-263.0,-716.0
-1194.0,33.0,-1057.0
-687.0,322.0,-1030.0
-1335.0,140.0,-950.0
-1405.0,-144.0,-806.0
-1278.0,-132.0,-1059.0
-1030.0,361.0,-1128.0
-1319.0,-31.0,-1050.0
-1588.0,-242.0,-825.0
-1182.0,-9.0,-856.0
-1177.0,290.0,-1218.0
-1202.0,222.0,-1087.0
-1374.0,-253.0,-974.0
-1016.0,-7.0,-1050.0
-993.0,306.0,-1430.0
-903.0,23.0,-1177.0
-1278.0,-433.0,-700.0
-997.0,29.0,-786.0
-774.0,407.0,-1397.0
-767.0,56.0,-1311.0
-1138.0,-427.0,-710.0
-981.0,64.0,-823.0
-353.0,482.0,-1434.0
-650.0,-101.0,-1399.0
-1091.0,-423.0,-544.0
-899.0,-37.0,-735.0
-476.0,562.0,-1383.0
-694.0,37.0,-1294.0
-1218.0,-353.0,-614.0
-870.0,-44.0,-812.0
-644.0,495.0,-1321.0
-888.0,-56.0,-1190.0
-1559.0,-255.0,-499.0
-1108.0,-368.0,-677.0
-1138.0,548.0,-1298.0
-1165.0,216.0,-1212.0
-1585.0,-245.0,-767.0
-1249.0,-175.0,-784.0
-1102.0,402.0,-1372.0
-1245.0,236.0,-1173.0
-1545.0,-437.0,-732.0
-1204.0,-203.0,-819.0
-1073.0,366.0,-1344.0
-1366.0,333.0,-1188.0
-1399.0,-230.0,-833.0
-1280.0,-203.0,-989.0
-1032.0,409.0,-1366.0
-1227.0,175.0,-1255.0
-1278.0,-226.0,-765.0
-1110.0,-302.0,-755.0
-782.0,447.0,-1237.0
-1022.0,222.0,-1223.0
-1036.0,-324.0,-798.0
-1067.0,-255.0,-853.0
-745.0,380.0,-1403.0
-1097.0,214.0,-1313.0
-1241.0,-472.0,-700.0
-1212.0,-169.0,-714.0
-882.0,536.0,-1300.0
-1177.0,267.0,-1241.0
-1321.0,-296.0,-616.0
-1221.0,-275.0,-687.0
-1052.0,423.0,-1432.0
-1218.0,150.0,-1327.0
-1399.0,-394.0,-712.0
-1268.0,-158.0,-632.0
-1210.0,400.0,-1397.0
-1268.0,443.0,-1220.0
-1409.0,-577.0,-640.0
-1354.0,-257.0,-743.0
-1157.0,474.0,-1545.0
-1294.0,339.0,-1432.0
-1460.0,-610.0,-800.0
-1456.0,-214.0,-675.0
-1307.0,564.0,-1229.0
-1276.0,458.0,-1130.0
-1368.0,-538.0,-802.0
-1423.0,-286.0,-776.0
-1321.0,605.0,-1489.0
-1151.0,302.0,-1358.0
-1276.0,-486.0,-833.0
-1266.0,-263.0,-702.0
-1042.0,406.0,-1169.0
-1001.0,353.0,-1179.0
-1192.0,-376.0,-806.0
-1409.0,-101.0,-767.0
-1005.0,349.0,-1374.0
-1216.0,521.0,-1282.0
-1200.0,-616.0,-776.0
-1594.0,-406.0,-653.0
-1083.0,376.0,-1087.0
-1120.0,638.0,-1173.0
-1180.0,-197.0,-831.0
-1448.0,-306.0,-819.0
-1075.0,210.0,-1307.0
-956.0,87.0,-1276.0
-1147.0,-230.0,-935.0
-1255.0,-298.0,-720.0
-1038.0,249.0,-1216.0
-813.0,314.0,-1216.0
-874.0,-162.0,-977.0
-985.0,25.0,-683.0
-626.0,357.0,-1311.0
-337.0,122.0,-1313.0
-560.0,-333.0,-927.0
-667.0,-95.0,-776.0
-337.0,81.0,-1095.0
-343.0,103.0,-1108.0
-380.0,124.0,-968.0
-425.0,-85.0,-1042.0
-54.0,204.0,-1182.0
-40.0,158.0,-1239.0
-31.0,95.0,-940.0
-50.0,-329.0,-743.0
160.0,-195.0,-886.0
78.0,195.0,-1085.0
91.0,187.0,-831.0
-27.0,-81.0,-1001.0
257.0,66.0,-1159.0
107.0,232.0,-1301.0
318.0,-89.0,-878.0
33.0,-101.0,-802.0
685.0,-111.0,-774.0
216.0,152.0,-1210.0
841.0,111.0,-843.0
892.0,187.0,-989.0
1243.0,224.0,-1208.0
1319.0,0.0,-1196.0
1547.0,-27.0,-1042.0
1684.0,-185.0,-566.0
1186.0,214.0,-981.0
1786.0,-128.0,-1003.0
1341.0,146.0,-1192.0
1698.0,107.0,-1184.0
1009.0,-21.0,-1489.0
1475.0,201.0,-1239.0
1057.0,113.0,-993.0
1282.0,-78.0,-698.0
987.0,-136.0,-618.0
901.0,226.0,-983.0
948.0,85.0,-868.0
651.0,-122.0,-1128.0
948.0,-23.0,-899.0
683.0,220.0,-1204.0
730.0,398.0,-1069.0
636.0,-214.0,-782.0
696.0,-185.0,-728.0
720.0,128.0,-962.0
704.0,407.0,-1050.0
698.0,191.0,-1034.0
739.0,-138.0,-1235.0
702.0,13.0,-1383.0
757.0,177.0,-958.0
562.0,-17.0,-772.0
689.0,-54.0,-718.0
798.0,-158.0,-1013.0
1016.0,158.0,-1005.0
813.0,316.0,-1169.0
1075.0,-40.0,-1231.0
1159.0,-169.0,-1225.0
1317.0,234.0,-1139.0
1231.0,-13.0,-868.0
1251.0,-64.0,-817.0
1337.0,-54.0,-938.0
1329.0,222.0,-1110.0
1192.0,142.0,-1040.0
1204.0,-439.0,-1165.0
1227.0,201.0,-1239.0
1540.0,322.0,-1052.0
1233.0,122.0,-630.0
1296.0,-290.0,-722.0
1251.0,-345.0,-976.0
1372.0,482.0,-942.0
1186.0,150.0,-1130.0
1272.0,-314.0,-1208.0
1079.0,46.0,-1368.0
1202.0,396.0,-954.0
831.0,283.0,-771.0
1007.0,-474.0,-833.0
919.0,-121.0,-946.0
1085.0,429.0,-987.0
854.0,322.0,-1069.0
979.0,-288.0,-1216.0
1095.0,115.0,-1145.0
1141.0,491.0,-899.0
1134.0,81.0,-866.0
1270.0,-564.0,-886.0
1266.0,-150.0,-981.0
1223.0,540.0,-1050.0
1177.0,411.0,-1141.0
1329.0,-240.0,-1208.0
1325.0,-35.0,-1237.0
1290.0,312.0,-1020.0
1249.0,74.0,-763.0
1319.0,-419.0,-679.0
1311.0,37.0,-966.0
1378.0,407.0,-1059.0
1231.0,376.0,-1057.0
1514.0,-409.0,-1093.0
1413.0,-13.0,-1097.0
1485.0,435.0,-974.0
1360.0,54.0,-833.0
1300.0,-454.0,-936.0
1415.0,-52.0,-1118.0
1233.0,464.0,-1024.0
1143.0,204.0,-1015.0
1266.0,-232.0,-1155.0
1218.0,-136.0,-1134.0
1204.0,552.0,-983.0
1112.0,101.0,-808.0
1040.0,-532.0,-897.0
1095.0,-126.0,-909.0
901.0,251.0,-1050.0
878.0,400.0,-1126.0
854.0,-302.0,-1212.0
833.0,19.0,-1171.0
769.0,450.0,-999.0
675.0,58.0,-921.0
671.0,-349.0,-938.0
694.0,-171.0,-997.0
523.0,417.0,-1001.0
552.0,152.0,-1015.0
599.0,-210.0,-1054.0
616.0,87.0,-1073.0
595.0,372.0,-1001.0
618.0,74.0,-927.0
661.0,-484.0,-946.0
585.0,-27.0,-925.0
575.0,312.0,-1007.0
458.0,181.0,-1005.0
505.0,-162.0,-1184.0
454.0,35.0,-1245.0
458.0,402.0,-1153.0
380.0,-35.0,-909.0
318.0,-366.0,-829.0
281.0,0.0,-796.0
316.0,204.0,-972.0
216.0,138.0,-1100.0
247.0,-171.0,-1202.0
228.0,89.0,-1163.0
189.0,269.0,-1122.0
234.0,-9.0,-1009.0
175.0,-193.0,-954.0
189.0,-76.0,-960.0
95.0,290.0,-1073.0
128.0,78.0,-1120.0
105.0,-76.0,-1216.0
119.0,35.0,-1216.0
29.0,226.0,-1255.0
138.0,-60.0,-1081.0
-19.0,-199.0,-960.0
68.0,-3.0,-897.0
7.0,253.0,-1075.0
158.0,15.0,-1247.0
62.0,-17.0,-1305.0
122.0,142.0,-1307.0
107.0,251.0,-1272.0
228.0,-35.0,-1182.0
185.0,-212.0,-1063.0
140.0,17.0,-991.0
156.0,187.0,-1081.0
226.0,-13.0,-1186.0
154.0,-50.0,-1247.0
177.0,195.0,-1266.0
197.0,275.0,-1270.0
259.0,-29.0,-1200.0
187.0,-193.0,-1018.0
152.0,-17.0,-964.0
183.0,111.0,-1077.0
201.0,0.0,-1196.0
167.0,13.0,-1333.0
132.0,146.0,-1325.0
83.0,249.0,-1352.0
234.0,-62.0,-1251.0
42.0,-165.0,-1003.0
21.0,80.0,-903.0
56.0,95.0,-1089.0
70.0,25.0,-1288.0
11.0,-42.0,-1364.0
-5.0,119.0,-1325.0
-9.0,298.0,-1303.0
163.0,-29.0,-1186.0
37.0,-109.0,-1081.0
-9.0,-37.0,-1028.0
78.0,117.0,-1143.0
105.0,48.0,-1315.0
17.0,-33.0,-1344.0
-35.0,121.0,-1327.0
5.0,197.0,-1331.0
111.0,74.0,-1253.0
60.0,-158.0,-1149.0
-74.0,-50.0,-983.0
3.0,58.0,-1081.0
50.0,3.0,-1315.0
31.0,-13.0,-1380.0
-35.0,117.0,-1303.0
35.0,212.0,-1294.0
138.0,17.0,-1284.0
81.0,-171.0,-1122.0
-44.0,-40.0,-1005.0
40.0,60.0,-1083.0
76.0,56.0,-1278.0
-35.0,9.0,-1282.0
-66.0,99.0,-1259.0
7.0,177.0,-1333.0
113.0,35.0,-1352.0
13.0,-134.0,-1151.0
-46.0,-76.0,-1016.0
21.0,19.0,-1085.0
58.0,68.0,-1286.0
-42.0,70.0,-1364.0
-56.0,76.0,-1401.0
-25.0,162.0,-1452.0
80.0,44.0,-1421.0
-27.0,-109.0,-1155.0
-81.0,-72.0,-999.0
-66.0,35.0,-1141.0
-54.0,95.0,-1350.0
-72.0,-15.0,-1403.0
-130.0,107.0,-1409.0
-44.0,203.0,-1356.0
58.0,68.0,-1307.0
-33.0,-62.0,-1175.0
-62.0,-95.0,-1056.0
-25.0,29.0,-1118.0
1.0,74.0,-1313.0
-52.0,17.0,-1303.0
-40.0,33.0,-1331.0
-5.0,177.0,-1364.0
87.0,113.0,-1337.0
29.0,-80.0,-1182.0
-31.0,-101.0,-958.0
29.0,15.0,-999.0
62.0,31.0,-1260.0
-15.0,-7.0,-1344.0
-21.0,39.0,-1301.0
27.0,208.0,-1356.0
70.0,124.0,-1391.0
60.0,-99.0,-1177.0
-54.0,-76.0,-1069.0
19.0,81.0,-1118.0
48.0,46.0,-1309.0
-33.0,-7.0,-1342.0
-7.0,78.0,-1378.0
70.0,210.0,-1419.0
113.0,91.0,-1479.0
87.0,-87.0,-1274.0
-46.0,-50.0,-1057.0
37.0,31.0,-1052.0
37.0,39.0,-1294.0
19.0,-11.0,-1372.0
-25.0,52.0,-1387.0
56.0,208.0,-1434.0
60.0,40.0,-1489.0
25.0,-78.0,-1214.0
-25.0,-122.0,-1018.0
21.0,46.0,-1069.0
-7.0,138.0,-1325.0
7.0,-44.0,-1382.0
-72.0,64.0,-1385.0
48.0,101.0,-1407.0
-13.0,154.0,-1385.0
23.0,15.0,-1221.0
-19.0,-66.0,-1132.0
23.0,-29.0,-1138.0
1.0,35.0,-1253.0
3.0,5.0,-1280.0
-23.0,21.0,-1337.0
-23.0,121.0,-1430.0
19.0,140.0,-1432.0
68.0,-89.0,-1300.0
-81.0,-46.0,-1114.0
-54.0,-13.0,-1057.0
-37.0,42.0,-1218.0
19.0,-13.0,-1364.0
-44.0,33.0,-1417.0
-56.0,185.0,-1387.0
-13.0,138.0,-1424.0
27.0,-7.0,-1255.0
-5.0,-87.0,-1149.0
-44.0,-39.0,-1143.0
-25.0,74.0,-1241.0
-19.0,-21.0,-1348.0
-31.0,29.0,-1374.0
-74.0,220.0,-1403.0
7.0,119.0,-1464.0
11.0,-9.0,-1333.0
-27.0,-19.0,-1114.0
-5.0,-27.0,-1106.0
-68.0,48.0,-1179.0
33.0,-17.0,-1323.0
-70.0,64.0,-1395.0
-29.0,162.0,-1475.0
-27.0,124.0,-1499.0
99.0,-15.0,-1325.0
-52.0,-52.0,-1102.0
-11.0,9.0,-1118.0
37.0,25.0,-1233.0
13.0,0.0,-1327.0
-50.0,66.0,-1387.0
-21.0,132.0,-1383.0
-15.0,132.0,-1335.0
48.0,-1.0,-1288.0
25.0,-144.0,-1190.0
-37.0,-70.0,-1163.0
31.0,29.0,-1200.0
-11.0,44.0,-1233.0
-33.0,21.0,-1354.0
-58.0,144.0,-1409.0
3.0,191.0,-1372.0
93.0,23.0,-1380.0
21.0,-64.0,-1245.0
-23.0,-128.0,-1046.0
-11.0,-35.0,-1130.0
33.0,1.0,-1378.0
0.0,23.0,-1399.0
-54.0,189.0,-1395.0
72.0,175.0,-1485.0
40.0,66.0,-1362.0
42.0,-62.0,-1186.0
-68.0,-35.0,-1098.0
66.0,39.0,-1188.0
-3.0,-52.0,-1321.0
-76.0,-5.0,-1366.0
-66.0,89.0,-1395.0
15.0,181.0,-1462.0
21.0,97.0,-1397.0
31.0,-62.0,-1200.0
-66.0,-33.0,-1056.0
-17.0,83.0,-1085.0
-29.0,44.0,-1292.0
-21.0,-39.0,-1424.0
-64.0,29.0,-1475.0
21.0,150.0,-1440.0
50.0,25.0,-1368.0
11.0,5.0,-1139.0
-27.0,-42.0,-1028.0
23.0,74.0,-1112.0
-5.0,40.0,-1356.0
11.0,-35.0,-1423.0
-27.0,-3.0,-1376.0
44.0,165.0,-1364.0
5.0,-21.0,-1233.0
-44.0,-56.0,-1134.0
0.0,29.0,-1169.0
-52.0,72.0,-1290.0
-54.0,-48.0,-1358.0
-48.0,-9.0,-1423.0
-7.0,165.0,-1428.0
-5.0,226.0,-1452.0
29.0,-37.0,-1284.0
-54.0,-126.0,-1116.0
-21.0,44.0,-1120.0
13.0,33.0,-1356.0
3.0,-15.0,-1401.0
-81.0,85.0,-1368.0
5.0,173.0,-1413.0
-5.0,169.0,-1395.0
17.0,23.0,-1210.0
-19.0,-107.0,-1139.0
-42.0,-42.0,-1179.0
-1.0,31.0,-1288.0
-56.0,13.0,-1300.0
-25.0,81.0,-1321.0
-19.0,251.0,-1364.0
-21.0,165.0,-1460.0
46.0,-83.0,-1323.0
-56.0,-109.0,-1167.0
17.0,-31.0,-1098.0
-27.0,21.0,-1194.0
13.0,42.0,-1270.0
-23.0,52.0,-1352.0
15.0,122.0,-1430.0
-15.0,140.0,-1467.0
80.0,-17.0,-1278.0
3.0,-136.0,-1153.0
-9.0,-21.0,-1128.0
19.0,105.0,-1210.0
-13.0,81.0,-1286.0
-54.0,-39.0,-1405.0
-50.0,62.0,-1421.0
-17.0,128.0,-1448.0
54.0,87.0,-1333.0
-3.0,-91.0,-1233.0
-37.0,-40.0,-1151.0
-37.0,-13.0,-1149.0
0.0,62.0,-1262.0
-17.0,62.0,-1428.0
-42.0,66.0,-1436.0
-60.0,150.0,-1489.0
115.0,-17.0,-1383.0
56.0,-95.0,-1124.0
-21.0,3.0,-1020.0
29.0,-3.0,-1138.0
19.0,13.0,-1333.0
-50.0,66.0,-1465.0
0.0,160.0,-1424.0
3.0,122.0,-1424.0
126.0,-17.0,-1311.0
-37.0,-64.0,-1151.0
-40.0,-5.0,-1052.0
-13.0,-9.0,-1179.0
-39.0,87.0,-1323.0
-62.0,19.0,-1382.0
-70.0,115.0,-1426.0
-9.0,165.0,-1424.0
97.0,52.0,-1352.0
7.0,-31.0,-1157.0
-31.0,-138.0,-1073.0
-21.0,-11.0,-1130.0
25.0,140.0,-1325.0
11.0,23.0,-1419.0
-46.0,109.0,-1417.0
46.0,60.0,-1397.0
81.0,31.0,-1331.0
35.0,-42.0,-1163.0
9.0,-39.0,-1067.0
7.0,31.0,-1157.0
0.0,21.0,-1368.0
-37.0,19.0,-1426.0
-7.0,64.0,-1385.0
-3.0,189.0,-1383.0
19.0,183.0,-1378.0
3.0,35.0,-1231.0
-33.0,-185.0,-1138.0
-31.0,-44.0,-1147.0
-11.0,150.0,-1268.0
-56.0,60.0,-1335.0
-44.0,54.0,-1389.0
-64.0,158.0,-1454.0
85.0,83.0,-1462.0
-9.0,-3.0,-1262.0
-58.0,-50.0,-1036.0
0.0,-35.0,-1057.0
-11.0,60.0,-1294.0
15.0,-35.0,-1421.0
-44.0,54.0,-1403.0
54.0,169.0,-1383.0
52.0,13.0,-1395.0
-7.0,23.0,-1235.0
5.0,0.0,-1052.0
1.0,1.0,-1104.0
-11.0,136.0,-1233.0
-58.0,-52.0,-1303.0
-27.0,0.0,-1382.0
-31.0,163.0,-1452.0
25.0,109.0,-1409.0
25.0,-68.0,-1286.0
-62.0,-115.0,-1097.0
-62.0,23.0,-1022.0
-1.0,42.0,-1280.0
-44.0,-31.0,-1376.0
11.0,40.0,-1405.0
3.0,78.0,-1485.0
27.0,206.0,-1452.0
1.0,140.0,-1257.0
-27.0,-124.0,-1093.0
-19.0,-124.0,-1102.0
-21.0,-11.0,-1266.0
-29.0,39.0,-1323.0
1.0,122.0,-1383.0
-52.0,91.0,-1456.0
21.0,95.0,-1460.0
29.0,89.0,-1296.0
-17.0,-15.0,-1106.0
-56.0,-74.0,-1063.0
-31.0,-117.0,-1151.0
68.0,-83.0,-1286.0
-44.0,286.0,-1348.0
-54.0,232.0,-1444.0
0.0,1.0,-1495.0
39.0,-160.0,-1327.0
-21.0,-97.0,-1024.0
-64.0,191.0,-966.0
-27.0,160.0,-1167.0
58.0,-136.0,-1376.0
-40.0,-58.0,-1440.0
-15.0,316.0,-1374.0
-15.0,210.0,-1344.0
58.0,-7.0,-1266.0
-7.0,-222.0,-1102.0
-39.0,-40.0,-1118.0
-46.0,138.0,-1247.0
-1.0,-56.0,-1309.0
-39.0,-58.0,-1348.0
-19.0,78.0,-1464.0
-1.0,419.0,-1428.0
101.0,105.0,-1415.0
-15.0,-29.0,-1206.0
-54.0,-60.0,-1079.0
31.0,-31.0,-1171.0
21.0,89.0,-1331.0
46.0,-13.0,-1399.0
-117.0,54.0,-1366.0
17.0,210.0,-1426.0
83.0,27.0,-1307.0
29.0,-81.0,-1188.0
-46.0,-124.0,-1110.0
-21.0,177.0,-1108.0
37.0,60.0,-1257.0
-52.0,-62.0,-1362.0
-64.0,124.0,-1300.0
39.0,206.0,-1286.0
17.0,7.0,-1350.0
33.0,-245.0,-1268.0
-52.0,-72.0,-1132.0
-60.0,171.0,-1020.0
-21.0,68.0,-1204.0
-44.0,-13.0,-1385.0
-31.0,80.0,-1352.0
-9.0,331.0,-1526.0
189.0,167.0,-1487.0
64.0,-210.0,-1274.0
-52.0,-144.0,-993.0
48.0,173.0,-1097.0
83.0,15.0,-1352.0
-27.0,-60.0,-1327.0
-52.0,173.0,-1399.0
13.0,206.0,-1423.0
17.0,80.0,-1407.0
-54.0,-70.0,-1190.0
-64.0,-128.0,-1069.0
7.0,5.0,-1106.0
-37.0,78.0,-1253.0
-66.0,21.0,-1319.0
-56.0,64.0,-1333.0
-23.0,121.0,-1385.0
138.0,54.0,-1464.0
37.0,40.0,-1214.0
7.0,-144.0,-923.0
25.0,39.0,-1038.0
13.0,64.0,-1296.0
54.0,-54.0,-1415.0
-103.0,103.0,-1399.0
-11.0,226.0,-1401.0
-17.0,113.0,-1366.0
40.0,-132.0,-1161.0
-68.0,-103.0,-1104.0
-1.0,37.0,-1132.0
50.0,74.0,-1364.0
-21.0,5.0,-1372.0
-21.0,50.0,-1397.0
66.0,95.0,-1436.0
60.0,218.0,-1499.0
50.0,15.0,-1200.0
-46.0,-148.0,-1059.0
-40.0,-17.0,-1052.0
-44.0,21.0,-1206.0
-37.0,-78.0,-1284.0
-72.0,134.0,-1385.0
-25.0,162.0,-1421.0
29.0,99.0,-1415.0
1.0,11.0,-1231.0
-60.0,-74.0,-944.0
21.0,7.0,-1048.0
-15.0,56.0,-1282.0
15.0,-31.0,-1366.0
-48.0,-9.0,-1368.0
37.0,203.0,-1415.0
-60.0,372.0,-1368.0
39.0,-101.0,-1147.0
-83.0,-388.0,-1050.0
42.0,-107.0,-1134.0
-11.0,169.0,-1235.0
25.0,203.0,-1354.0
56.0,48.0,-1467.0
-58.0,144.0,-1444.0
27.0,197.0,-1452.0
-21.0,-37.0,-1253.0
56.0,-81.0,-1028.0
-103.0,-109.0,-989.0
42.0,25.0,-1216.0
27.0,-9.0,-1389.0
-81.0,81.0,-1417.0
-3.0,162.0,-1407.0
-39.0,1.0,-1393.0
81.0,89.0,-1208.0
37.0,11.0,-1067.0
-21.0,146.0,-1102.0
1.0,29.0,-1276.0
11.0,-74.0,-1280.0
7.0,-54.0,-1382.0
-44.0,70.0,-1436.0
21.0,165.0,-1378.0
138.0,40.0,-1303.0
9.0,-117.0,-1091.0
-89.0,-19.0,-995.0
5.0,-44.0,-1120.0
5.0,-15.0,-1323.0
-7.0,160.0,-1440.0
13.0,204.0,-1430.0
-5.0,257.0,-1514.0
81.0,-19.0,-1241.0
-113.0,-165.0,-1067.0
7.0,-37.0,-1022.0
-64.0,-31.0,-1118.0
9.0,-103.0,-1292.0
-11.0,-15.0,-1444.0
-64.0,236.0,-1464.0
31.0,392.0,-1432.0
54.0,140.0,-1303.0
-31.0,-162.0,-1141.0
-44.0,-163.0,-1075.0
-39.0,-25.0,-1038.0
37.0,70.0,-1235.0
-27.0,-44.0,-1370.0
-27.0,62.0,-1366.0
-40.0,206.0,-1387.0
124.0,-48.0,-1337.0
37.0,29.0,-1124.0
-29.0,-31.0,-1013.0
13.0,121.0,-1087.0
3.0,115.0,-1280.0
-13.0,64.0,-1356.0
3.0,-21.0,-1385.0
5.0,-87.0,-1356.0
91.0,9.0,-1344.0
19.0,171.0,-1227.0
-58.0,15.0,-1057.0
-7.0,-109.0,-1151.0
-68.0,66.0,-1272.0
-25.0,-64.0,-1311.0
-85.0,199.0,-1329.0
5.0,179.0,-1411.0
81.0,150.0,-1526.0
17.0,-72.0,-1344.0
-70.0,-150.0,-1130.0
-50.0,91.0,-1085.0
-44.0,-156.0,-1221.0
-48.0,95.0,-1239.0
-25.0,146.0,-1282.0
46.0,95.0,-1473.0
37.0,175.0,-1458.0
93.0,-37.0,-1245.0
-56.0,-72.0,-1059.0
62.0,-3.0,-997.0
-5.0,140.0,-1200.0
19.0,-56.0,-1216.0
-44.0,-81.0,-1231.0
46.0,271.0,-1253.0
25.0,99.0,-1290.0
-54.0,97.0,-1032.0
11.0,-185.0,-884.0
-66.0,-1.0,-833.0
-7.0,66.0,-868.0
-54.0,15.0,-849.0
37.0,0.0,-907.0
-21.0,179.0,-1063.0
19.0,273.0,-1075.0
78.0,15.0,-815.0
-101.0,-242.0,-503.0
-13.0,-117.0,-394.0
1.0,85.0,-523.0
40.0,-35.0,-634.0
-29.0,37.0,-771.0
-42.0,251.0,-862.0
-19.0,275.0,-847.0
7.0,58.0,-581.0
27.0,-234.0,-388.0
19.0,-173.0,-376.0
-23.0,117.0,-552.0
11.0,44.0,-685.0
-40.0,33.0,-788.0
9.0,91.0,-1038.0
48.0,167.0,-1005.0
-11.0,189.0,-650.0
-21.0,-42.0,-460.0
-60.0,-105.0,-400.0
3.0,68.0,-681.0
-5.0,-13.0,-825.0
13.0,-48.0,-1028.0
23.0,70.0,-1139.0
-31.0,257.0,-1052.0
103.0,19.0,-757.0
-31.0,-111.0,-622.0
-48.0,-40.0,-591.0
83.0,-60.0,-714.0
5.0,66.0,-921.0
-5.0,11.0,-1126.0
-66.0,162.0,-1087.0
23.0,220.0,-977.0
15.0,-46.0,-858.0
13.0,-240.0,-728.0
-25.0,-146.0,-675.0
-3.0,121.0,-714.0
-15.0,121.0,-917.0
-52.0,44.0,-1081.0
-52.0,54.0,-1138.0
-35.0,89.0,-1188.0
33.0,169.0,-931.0
-56.0,-78.0,-704.0
-95.0,-70.0,-624.0
-72.0,-33.0,-763.0
60.0,31.0,-979.0
-54.0,-50.0,-1182.0
-31.0,7.0,-1202.0
5.0,136.0,-1048.0
95.0,201.0,-1071.0
89.0,50.0,-757.0
-44.0,-124.0,-691.0
0.0,-29.0,-790.0
31.0,5.0,-974.0
-35.0,13.0,-1085.0
-31.0,142.0,-1083.0
-33.0,212.0,-1052.0
136.0,7.0,-864.0
-33.0,56.0,-702.0
-48.0,-103.0,-583.0
-9.0,-91.0,-669.0
46.0,-25.0,-972.0
-13.0,177.0,-1026.0
-56.0,292.0,-977.0
-21.0,245.0,-944.0
11.0,171.0,-815.0
23.0,-279.0,-612.0
-78.0,-175.0,-591.0
21.0,-5.0,-759.0
3.0,142.0,-894.0
-44.0,121.0,-940.0
-27.0,-64.0,-948.0
31.0,245.0,-839.0
136.0,83.0,-769.0
42.0,0.0,-821.0
17.0,-39.0,-669.0
-29.0,68.0,-605.0
50.0,50.0,-831.0
-76.0,1.0,-911.0
39.0,-39.0,-845.0
5.0,107.0,-868.0
3.0,138.0,-913.0
48.0,-56.0,-730.0
-76.0,7.0,-571.0
-11.0,56.0,-573.0
-23.0,46.0,-825.0
-25.0,66.0,-913.0
-72.0,40.0,-853.0
-35.0,206.0,-849.0
40.0,-78.0,-895.0
11.0,-103.0,-819.0
-68.0,-91.0,-474.0
-54.0,7.0,-622.0
-46.0,74.0,-753.0
-40.0,-37.0,-749.0
-68.0,64.0,-806.0
-37.0,204.0,-909.0
52.0,175.0,-923.0
62.0,33.0,-696.0
-89.0,-136.0,-534.0
-13.0,-81.0,-466.0
0.0,-44.0,-759.0
-29.0,-7.0,-837.0
-31.0,152.0,-827.0
1.0,99.0,-927.0
7.0,103.0,-999.0
19.0,-15.0,-679.0
-33.0,13.0,-493.0
-17.0,29.0,-618.0
0.0,15.0,-726.0
-21.0,-111.0,-802.0
-52.0,-42.0,-862.0
27.0,46.0,-927.0
27.0,177.0,-917.0
62.0,58.0,-704.0
-58.0,48.0,-603.0
60.0,-101.0,-550.0
-33.0,60.0,-706.0
29.0,-50.0,-802.0
-64.0,3.0,-854.0
0.0,150.0,-921.0
11.0,193.0,-962.0
40.0,-13.0,-732.0
-29.0,-52.0,-566.0
-35.0,-81.0,-548.0
27.0,9.0,-749.0
-70.0,-50.0,-800.0
21.0,31.0,-837.0
3.0,212.0,-890.0
-27.0,160.0,-944.0
83.0,-15.0,-720.0
66.0,-54.0,-618.0
-44.0,0.0,-575.0
70.0,-9.0,-667.0
52.0,-58.0,-733.0
-44.0,54.0,-833.0
-3.0,0.0,-899.0
7.0,171.0,-1001.0
11.0,290.0,-784.0
0.0,-21.0,-642.0
-95.0,-13.0,-544.0
-17.0,-109.0,-675.0
-44.0,-25.0,-757.0
-44.0,15.0,-862.0
-111.0,232.0,-905.0
9.0,130.0,-913.0
7.0,15.0,-788.0
-15.0,-3.0,-675.0
-78.0,3.0,-552.0
48.0,-142.0,-648.0
-50.0,150.0,-726.0
-54.0,80.0,-821.0
-31.0,117.0,-870.0
-40.0,230.0,-952.0
56.0,35.0,-856.0
-19.0,-64.0,-628.0
-81.0,-95.0,-468.0
31.0,-50.0,-530.0
17.0,29.0,-677.0
-15.0,60.0,-829.0
-19.0,70.0,-987.0
11.0,236.0,-940.0
160.0,31.0,-858.0
0.0,-9.0,-562.0
-42.0,31.0,-417.0
9.0,-25.0,-519.0
3.0,17.0,-735.0
-29.0,-121.0,-892.0
-76.0,68.0,-970.0
35.0,210.0,-938.0
13.0,48.0,-765.0
23.0,-78.0,-622.0
-21.0,-35.0,-519.0
-21.0,52.0,-546.0
19.0,-9.0,-706.0
-31.0,54.0,-878.0
0.0,132.0,-890.0
25.0,126.0,-966.0
105.0,35.0,-862.0
7.0,-62.0,-583.0
-74.0,-35.0,-409.0
-25.0,-19.0,-478.0
-11.0,-3.0,-737.0
-44.0,27.0,-821.0
-80.0,138.0,-870.0
21.0,136.0,-905.0
-19.0,-48.0,-892.0
5.0,-80.0,-634.0
-81.0,60.0,-509.0
46.0,23.0,-583.0
-50.0,-48.0,-761.0
-19.0,-31.0,-757.0
-58.0,83.0,-843.0
52.0,163.0,-962.0
19.0,199.0,-853.0
25.0,-95.0,-663.0
-17.0,-95.0,-532.0
-56.0,9.0,-489.0
37.0,-40.0,-681.0
-80.0,52.0,-784.0
3.0,193.0,-831.0
33.0,206.0,-935.0
52.0,29.0,-940.0
-21.0,-50.0,-677.0
-66.0,-105.0,-488.0
-19.0,3.0,-536.0
-33.0,27.0,-708.0
-48.0,31.0,-786.0
-31.0,11.0,-819.0
-21.0,21.0,-936.0
-33.0,173.0,-868.0
29.0,80.0,-657.0
-27.0,-50.0,-581.0
46.0,-113.0,-597.0
0.0,29.0,-659.0
39.0,64.0,-767.0
-9.0,68.0,-886.0
-11.0,66.0,-890.0
-44.0,80.0,-899.0
42.0,103.0,-696.0
-37.0,46.0,-517.0
-31.0,-76.0,-484.0
-76.0,-78.0,-651.0
0.0,35.0,-753.0
-83.0,179.0,-856.0
-11.0,78.0,-923.0
-74.0,136.0,-851.0
89.0,17.0,-720.0
-7.0,-109.0,-605.0
-39.0,-54.0,-569.0
7.0,-58.0,-642.0
-25.0,119.0,-700.0
25.0,167.0,-823.0
-64.0,113.0,-888.0
-13.0,124.0,-897.0
23.0,-35.0,-700.0
35.0,15.0,-542.0
-11.0,-119.0,-505.0
-64.0,-27.0,-528.0
9.0,60.0,-716.0
-7.0,87.0,-899.0
-46.0,136.0,-940.0
-17.0,132.0,-977.0
89.0,89.0,-755.0
-9.0,-29.0,-556.0
-15.0,-66.0,-470.0
-66.0,-19.0,-587.0
37.0,15.0,-689.0
-62.0,64.0,-845.0
-33.0,19.0,-907.0
15.0,19.0,-874.0
97.0,121.0,-757.0
17.0,78.0,-669.0
21.0,-169.0,-577.0
-3.0,-95.0,-566.0
-19.0,91.0,-677.0
-9.0,158.0,-825.0
-44.0,148.0,-935.0
3.0,48.0,-866.0
72.0,9.0,-817.0
-13.0,0.0,-595.0
-46.0,-70.0,-447.0
-48.0,-66.0,-532.0
-29.0,31.0,-733.0
-31.0,33.0,-864.0
-85.0,121.0,-882.0
-1.0,138.0,-874.0
44.0,99.0,-774.0
17.0,-25.0,-646.0
-37.0,-119.0,-525.0
-37.0,-37.0,-523.0
-33.0,50.0,-671.0
-52.0,122.0,-741.0
-17.0,31.0,-837.0
15.0,17.0,-874.0
52.0,152.0,-845.0
15.0,9.0,-648.0
-33.0,-64.0,-486.0
-46.0,-107.0,-511.0
11.0,-7.0,-718.0
-39.0,113.0,-858.0
64.0,80.0,-917.0
-19.0,91.0,-919.0
78.0,91.0,-874.0
-3.0,44.0,-651.0
-44.0,-87.0,-501.0
-33.0,-99.0,-544.0
-44.0,48.0,-704.0
-42.0,31.0,-812.0
-44.0,56.0,-853.0
-11.0,156.0,-921.0
-17.0,173.0,-862.0
7.0,99.0,-694.0
-52.0,-87.0,-560.0
-68.0,-74.0,-538.0
-17.0,-52.0,-661.0
-33.0,31.0,-771.0
-42.0,46.0,-823.0
-11.0,111.0,-856.0
33.0,175.0,-849.0
21.0,70.0,-698.0
1.0,-62.0,-462.0
-58.0,-80.0,-480.0
62.0,-31.0,-665.0
-3.0,122.0,-755.0
64.0,91.0,-817.0
-15.0,81.0,-858.0
-3.0,160.0,-888.0
19.0,13.0,-700.0
9.0,-85.0,-599.0
-66.0,-152.0,-525.0
-37.0,56.0,-612.0
-27.0,158.0,-714.0
-9.0,99.0,-837.0
-48.0,91.0,-936.0
7.0,99.0,-966.0
27.0,124.0,-792.0
15.0,-66.0,-568.0
-56.0,-171.0,-517.0
-62.0,27.0,-558.0
66.0,19.0,-735.0
-33.0,95.0,-862.0
-44.0,31.0,-905.0
-33.0,187.0,-890.0
23.0,93.0,-776.0
42.0,-56.0,-583.0
-76.0,-121.0,-491.0
0.0,-5.0,-581.0
13.0,42.0,-689.0
-23.0,40.0,-833.0
-21.0,19.0,-895.0
-31.0,187.0,-907.0
93.0,115.0,-784.0
11.0,-44.0,-589.0
-37.0,-156.0,-480.0
-33.0,-31.0,-513.0
0.0,179.0,-640.0
-33.0,70.0,-821.0
-64.0,40.0,-913.0
-54.0,101.0,-899.0
85.0,13.0,-782.0
-15.0,-29.0,-558.0
-66.0,-136.0,-443.0
-44.0,-13.0,-536.0
50.0,5.0,-763.0
-29.0,111.0,-901.0
-52.0,111.0,-917.0
-1.0,154.0,-888.0
95.0,93.0,-792.0
1.0,-50.0,-646.0
-23.0,-154.0,-507.0
-19.0,-35.0,-542.0
35.0,35.0,-673.0
-25.0,1.0,-872.0
-54.0,42.0,-843.0
-35.0,220.0,-872.0
81.0,183.0,-817.0
54.0,-25.0,-595.0
-78.0,-128.0,-460.0
-21.0,-42.0,-484.0
-1.0,42.0,-706.0
-23.0,11.0,-868.0
-44.0,58.0,-874.0
-11.0,158.0,-813.0
85.0,95.0,-825.0
3.0,-39.0,-677.0
-42.0,-130.0,-513.0
-48.0,5.0,-495.0
21.0,72.0,-716.0
-23.0,19.0,-790.0
-23.0,54.0,-858.0
17.0,126.0,-952.0
85.0,132.0,-876.0
42.0,-46.0,-708.0
-66.0,-66.0,-486.0
-37.0,-13.0,-497.0
27.0,23.0,-706.0
-62.0,35.0,-804.0
-68.0,56.0,-843.0
-21.0,175.0,-915.0
70.0,115.0,-913.0
-21.0,-56.0,-642.0
-56.0,-70.0,-448.0
-39.0,27.0,-491.0
5.0,19.0,-698.0
-52.0,-50.0,-829.0
-33.0,-1.0,-854.0
13.0,204.0,-831.0
42.0,167.0,-866.0
-1.0,-60.0,-673.0
-35.0,-181.0,-515.0
-29.0,-17.0,-491.0
-37.0,105.0,-618.0
-23.0,27.0,-728.0
-5.0,17.0,-825.0
-13.0,163.0,-886.0
9.0,197.0,-919.0
0.0,-31.0,-718.0
-52.0,-138.0,-484.0
-48.0,21.0,-470.0
-27.0,74.0,-685.0
-23.0,-3.0,-782.0
-54.0,-5.0,-862.0
-25.0,175.0,-919.0
-21.0,214.0,-897.0
46.0,-15.0,-747.0
-33.0,-144.0,-552.0
-40.0,-54.0,-536.0
-15.0,39.0,-669.0
0.0,23.0,-720.0
-19.0,25.0,-847.0
-31.0,146.0,-925.0
44.0,187.0,-993.0
27.0,19.0,-749.0
-17.0,-89.0,-534.0
-58.0,-29.0,-468.0
-21.0,27.0,-609.0
58.0,-25.0,-737.0
5.0,3.0,-880.0
5.0,148.0,-936.0
46.0,171.0,-985.0
87.0,19.0,-755.0
-19.0,-89.0,-546.0
-15.0,-97.0,-525.0
7.0,76.0,-663.0
222.0,-15.0,-821.0
89.0,80.0,-1005.0
359.0,85.0,-931.0
253.0,146.0,-1048.0
638.0,136.0,-772.0
513.0,-5.0,-665.0
568.0,-201.0,-614.0
726.0,-103.0,-671.0
650.0,109.0,-907.0
692.0,142.0,-1003.0
583.0,154.0,-1139.0
931.0,33.0,-1089.0
860.0,183.0,-1034.0
862.0,105.0,-718.0
788.0,-158.0,-581.0
919.0,-144.0,-636.0
940.0,-3.0,-927.0
901.0,158.0,-1028.0
853.0,126.0,-944.0
888.0,-1.0,-1100.0
997.0,95.0,-995.0
851.0,216.0,-747.0
866.0,-126.0,-569.0
829.0,-113.0,-751.0
919.0,-1.0,-931.0
696.0,345.0,-997.0
730.0,50.0,-979.0
728.0,-39.0,-1163.0
782.0,46.0,-1052.0
610.0,150.0,-774.0
484.0,-7.0,-577.0
609.0,-191.0,-747.0
556.0,80.0,-907.0
470.0,261.0,-964.0
515.0,124.0,-1059.0
583.0,-11.0,-1141.0
610.0,-13.0,-1081.0
460.0,121.0,-745.0
398.0,-64.0,-671.0
484.0,-136.0,-839.0
390.0,3.0,-976.0
325.0,224.0,-989.0
335.0,103.0,-1022.0
333.0,3.0,-1102.0
269.0,128.0,-1046.0
238.0,74.0,-866.0
169.0,-72.0,-739.0
95.0,-146.0,-767.0
146.0,-81.0,-880.0
-50.0,93.0,-919.0
-31.0,74.0,-1030.0
-130.0,177.0,-1059.0
-78.0,-29.0,-1157.0
-187.0,42.0,-876.0
-183.0,-68.0,-679.0
-204.0,21.0,-696.0
-146.0,-74.0,-884.0
-134.0,-64.0,-954.0
-167.0,126.0,-1007.0
-468.0,7.0,-1186.0
-247.0,138.0,-948.0
-630.0,-199.0,-1011.0
-409.0,177.0,-665.0
-1241.0,-81.0,-972.0
-991.0,-72.0,-960.0
-1052.0,9.0,-866.0
-1395.0,361.0,-1173.0
-1210.0,80.0,-1087.0
-1471.0,-35.0,-1141.0
-1065.0,-95.0,-778.0
-1528.0,-50.0,-757.0
-1221.0,81.0,-610.0
-1245.0,-152.0,-905.0
-1024.0,-80.0,-911.0
-1069.0,175.0,-1151.0
-925.0,366.0,-1155.0
-806.0,52.0,-1177.0
-739.0,-115.0,-1071.0
-511.0,-9.0,-810.0
-599.0,142.0,-786.0
-470.0,-95.0,-948.0
-413.0,-113.0,-1030.0
-255.0,140.0,-1036.0
-320.0,162.0,-1071.0
-240.0,152.0,-1151.0
-175.0,-5.0,-1028.0
-160.0,37.0,-794.0
-162.0,-35.0,-761.0
-142.0,-15.0,-851.0
-44.0,-9.0,-989.0
-66.0,103.0,-1073.0
-66.0,267.0,-1141.0
-11.0,52.0,-1167.0
-11.0,-33.0,-962.0
-31.0,-58.0,-692.0
-81.0,3.0,-696.0
-68.0,-31.0,-778.0
-48.0,-48.0,-942.0
-85.0,124.0,-1046.0
-146.0,214.0,-1110.0
-165.0,185.0,-1169.0
-64.0,-19.0,-1028.0
-119.0,-9.0,-829.0
-216.0,7.0,-774.0
-169.0,64.0,-864.0
-140.0,-54.0,-1013.0
-290.0,111.0,-1089.0
-210.0,181.0,-1075.0
-214.0,126.0,-1208.0
-91.0,21.0,-1016.0
-146.0,-48.0,-888.0
-169.0,31.0,-706.0
-115.0,-7.0,-837.0
-21.0,-37.0,-999.0
-40.0,107.0,-1126.0
-72.0,117.0,-1138.0
19.0,72.0,-1212.0
89.0,-5.0,-1134.0
13.0,-44.0,-944.0
-89.0,-74.0,-808.0
-5.0,-103.0,-839.0
-44.0,9.0,-946.0
-119.0,72.0,-1075.0
-130.0,85.0,-1128.0
-107.0,109.0,-1212.0
-33.0,0.0,-1130.0
-107.0,-54.0,-936.0
-115.0,-91.0,-778.0
-60.0,-83.0,-817.0
-25.0,-52.0,-956.0
-81.0,46.0,-1089.0
-91.0,117.0,-1151.0
-13.0,87.0,-1225.0
50.0,39.0,-1192.0
-39.0,-21.0,-901.0
-91.0,-89.0,-714.0
-89.0,-44.0,-771.0
-58.0,-23.0,-974.0
-87.0,-7.0,-1083.0
-91.0,101.0,-1097.0
-15.0,124.0,-1153.0
15.0,85.0,-1110.0
1.0,-39.0,-919.0
-68.0,-105.0,-780.0
-52.0,11.0,-771.0
-27.0,56.0,-948.0
-70.0,60.0,-1034.0
-48.0,124.0,-1067.0
-27.0,126.0,-1192.0
21.0,138.0,-1153.0
-29.0,-5.0,-913.0
-62.0,-80.0,-702.0
-60.0,-25.0,-724.0
11.0,17.0,-931.0
-80.0,68.0,-1061.0
-25.0,46.0,-1097.0
-21.0,167.0,-1134.0
52.0,105.0,-1177.0
-31.0,52.0,-968.0
-52.0,-60.0,-769.0
-46.0,-37.0,-819.0
-46.0,-5.0,-954.0
-40.0,-3.0,-1011.0
-66.0,95.0,-1081.0
-1.0,148.0,-1182.0
11.0,148.0,-1173.0
5.0,25.0,-1013.0
-42.0,-56.0,-788.0
-44.0,-21.0,-780.0
-19.0,31.0,-936.0
0.0,13.0,-1038.0
7.0,146.0,-1138.0
0.0,152.0,-1229.0
72.0,95.0,-1208.0
1.0,1.0,-995.0
-31.0,-64.0,-772.0
-58.0,-25.0,-747.0
15.0,5.0,-960.0
-56.0,29.0,-1077.0
-21.0,89.0,-1149.0
-25.0,156.0,-1151.0
-19.0,179.0,-1149.0
3.0,5.0,-989.0
-11.0,-48.0,-878.0
-21.0,-62.0,-858.0
-21.0,15.0,-929.0
-13.0,29.0,-1013.0
0.0,66.0,-1075.0
-35.0,115.0,-1184.0
44.0,158.0,-1198.0
42.0,60.0,-1011.0
39.0,-46.0,-843.0
-54.0,-97.0,-790.0
-29.0,1.0,-876.0
33.0,-37.0,-1046.0
-19.0,74.0,-1149.0
-58.0,109.0,-1134.0
-33.0,169.0,-1147.0
52.0,5.0,-1075.0
31.0,-60.0,-903.0
-72.0,-89.0,-815.0
-35.0,-3.0,-901.0
-29.0,-5.0,-993.0
-42.0,83.0,-1067.0
-70.0,83.0,-1157.0
-37.0,175.0,-1188.0
23.0,5.0,-1110.0
-15.0,-60.0,-897.0
-95.0,-85.0,-786.0
11.0,-40.0,-831.0
-25.0,9.0,-974.0
-35.0,78.0,-1112.0
-72.0,103.0,-1192.0
-11.0,181.0,-1204.0
97.0,15.0,-1065.0
0.0,-44.0,-878.0
-62.0,-74.0,-763.0
-42.0,-9.0,-823.0
35.0,-11.0,-1044.0
-33.0,31.0,-1132.0
-42.0,115.0,-1145.0
1.0,148.0,-1145.0
85.0,80.0,-1067.0
21.0,-58.0,-944.0
-29.0,-115.0,-837.0
17.0,-9.0,-845.0
7.0,44.0,-977.0
-9.0,74.0,-1079.0
-9.0,52.0,-1136.0
7.0,136.0,-1186.0
99.0,95.0,-1128.0
56.0,-56.0,-936.0
-60.0,-66.0,-772.0
-7.0,-29.0,-774.0
5.0,46.0,-987.0
-35.0,21.0,-1120.0
-66.0,107.0,-1124.0
-1.0,179.0,-1128.0
66.0,80.0,-1169.0
1.0,-44.0,-985.0
-68.0,-85.0,-804.0
-23.0,-11.0,-829.0
-3.0,5.0,-979.0
-50.0,31.0,-1046.0
-60.0,109.0,-1087.0
17.0,150.0,-1182.0
56.0,111.0,-1182.0
11.0,-29.0,-993.0
-64.0,-83.0,-774.0
-23.0,13.0,-761.0
-1.0,39.0,-962.0
-37.0,5.0,-1057.0
-93.0,113.0,-1128.0
17.0,152.0,-1223.0
23.0,78.0,-1190.0
11.0,-50.0,-960.0
-72.0,-72.0,-753.0
-35.0,9.0,-810.0
-11.0,19.0,-1020.0
-62.0,19.0,-1089.0
-40.0,46.0,-1116.0
3.0,142.0,-1163.0
1.0,154.0,-1153.0
44.0,9.0,-1001.0
-33.0,-89.0,-856.0
3.0,-46.0,-827.0
-31.0,27.0,-925.0
-31.0,56.0,-1020.0
-7.0,50.0,-1095.0
15.0,144.0,-1188.0
31.0,121.0,-1239.0
13.0,27.0,-1009.0
-27.0,-85.0,-800.0
-48.0,-15.0,-772.0
19.0,0.0,-948.0
9.0,-25.0,-1063.0
-33.0,99.0,-1106.0
-9.0,117.0,-1182.0
-3.0,140.0,-1186.0
78.0,15.0,-1030.0
7.0,-70.0,-839.0
-25.0,-48.0,-829.0
0.0,19.0,-923.0
21.0,-15.0,-987.0
-9.0,89.0,-1077.0
-37.0,140.0,-1212.0
15.0,144.0,-1208.0
29.0,15.0,-1046.0
27.0,-48.0,-874.0
-46.0,-40.0,-765.0
11.0,-11.0,-899.0
-21.0,1.0,-1007.0
0.0,76.0,-1130.0
-29.0,132.0,-1233.0
-23.0,160.0,-1214.0
48.0,1.0,-1005.0
-39.0,-37.0,-841.0
-13.0,-52.0,-810.0
-15.0,-5.0,-903.0
-13.0,-5.0,-1046.0
-44.0,52.0,-1124.0
-44.0,111.0,-1143.0
-35.0,179.0,-1143.0
39.0,56.0,-1040.0
-9.0,-70.0,-933.0
-50.0,-76.0,-854.0
-39.0,-15.0,-849.0
-35.0,23.0,-970.0
-46.0,68.0,-1091.0
-56.0,97.0,-1155.0
-40.0,138.0,-1186.0
68.0,46.0,-1112.0
9.0,-64.0,-888.0
-83.0,-60.0,-788.0
-23.0,-7.0,-839.0
13.0,-25.0,-1032.0
-74.0,81.0,-1116.0
-42.0,117.0,-1147.0
-25.0,173.0,-1151.0
89.0,0.0,-1108.0
-19.0,-50.0,-929.0
-23.0,-70.0,-821.0
-11.0,-25.0,-868.0
-11.0,29.0,-993.0
-74.0,42.0,-1056.0
-40.0,126.0,-1141.0
1.0,140.0,-1200.0
103.0,80.0,-1151.0
21.0,-39.0,-942.0
-35.0,-95.0,-778.0
3.0,-19.0,-810.0
21.0,27.0,-1003.0
-31.0,46.0,-1098.0
-29.0,117.0,-1122.0
25.0,132.0,-1204.0
78.0,85.0,-1116.0
25.0,-44.0,-933.0
-35.0,-83.0,-788.0
1.0,-27.0,-860.0
0.0,31.0,-1005.0
-56.0,31.0,-1097.0
1.0,74.0,-1114.0
1.0,142.0,-1145.0
48.0,152.0,-1120.0
25.0,-35.0,-1007.0
-19.0,-80.0,-851.0
-13.0,-48.0,-815.0
-29.0,54.0,-960.0
-31.0,33.0,-1044.0
-21.0,83.0,-1095.0
-13.0,169.0,-1186.0
76.0,72.0,-1216.0
-25.0,0.0,-997.0
-29.0,-89.0,-776.0
-50.0,-3.0,-782.0
0.0,25.0,-991.0
-42.0,-1.0,-1098.0
-50.0,87.0,-1114.0
-23.0,154.0,-1157.0
11.0,132.0,-1175.0
9.0,3.0,-1022.0
-46.0,-50.0,-810.0
-35.0,-58.0,-856.0
-42.0,39.0,-968.0
-39.0,-3.0,-997.0
-42.0,95.0,-1061.0
-25.0,138.0,-1218.0
3.0,150.0,-1177.0
35.0,-31.0,-1040.0
-56.0,-68.0,-821.0
-66.0,-7.0,-759.0
11.0,-5.0,-954.0
-42.0,21.0,-1036.0
25.0,68.0,-1130.0
-29.0,140.0,-1173.0
-1.0,152.0,-1179.0
25.0,-5.0,-976.0
-39.0,-54.0,-858.0
-1.0,-46.0,-843.0
-29.0,19.0,-935.0
11.0,-27.0,-1007.0
-13.0,66.0,-1097.0
-19.0,142.0,-1151.0
7.0,146.0,-1186.0
25.0,56.0,-1052.0
15.0,-68.0,-884.0
-21.0,-95.0,-827.0
-19.0,19.0,-876.0
39.0,-17.0,-995.0
-39.0,115.0,-1106.0
-39.0,136.0,-1196.0
0.0,130.0,-1220.0
76.0,-7.0,-1065.0
-1.0,-50.0,-858.0
-62.0,-19.0,-776.0
21.0,-19.0,-886.0
27.0,-23.0,-1061.0
-33.0,40.0,-1139.0
-21.0,146.0,-1175.0
-21.0,197.0,-1130.0
83.0,25.0,-1063.0
17.0,-97.0,-915.0
-44.0,-78.0,-827.0
15.0,-3.0,-880.0
-7.0,33.0,-983.0
-27.0,74.0,-1083.0
-66.0,81.0,-1145.0
-5.0,148.0,-1194.0
54.0,99.0,-1098.0
27.0,-31.0,-950.0
-56.0,-103.0,-774.0
-21.0,-21.0,-825.0
42.0,5.0,-1032.0
-23.0,66.0,-1126.0
-72.0,148.0,-1141.0
-3.0,132.0,-1132.0
81.0,70.0,-1102.0
21.0,-60.0,-944.0
-37.0,-80.0,-833.0
-33.0,-3.0,-839.0
33.0,9.0,-997.0
-64.0,39.0,-1063.0
-52.0,105.0,-1128.0
-15.0,181.0,-1157.0
76.0,54.0,-1169.0
5.0,-52.0,-970.0
-60.0,-78.0,-786.0
-31.0,-44.0,-808.0
0.0,39.0,-979.0
-58.0,37.0,-1097.0
-68.0,150.0,-1130.0
-3.0,152.0,-1190.0
105.0,46.0,-1163.0
-19.0,-31.0,-944.0
-21.0,-56.0,-774.0
-19.0,-21.0,-804.0
1.0,33.0,-1022.0
-54.0,9.0,-1124.0
-52.0,105.0,-1112.0
21.0,165.0,-1157.0
25.0,99.0,-1112.0
35.0,-37.0,-985.0
-46.0,-93.0,-819.0
-23.0,-15.0,-866.0
-29.0,27.0,-962.0
-56.0,46.0,-1034.0
-31.0,68.0,-1110.0
-33.0,126.0,-1192.0
58.0,150.0,-1149.0
33.0,-46.0,-1013.0
-21.0,-54.0,-825.0
-33.0,-31.0,-780.0
25.0,-13.0,-977.0
-44.0,37.0,-1102.0
15.0,44.0,-1108.0
-33.0,208.0,-1118.0
87.0,103.0,-1194.0
9.0,-40.0,-1013.0
-31.0,-60.0,-821.0
-13.0,-39.0,-835.0
9.0,27.0,-966.0
-48.0,-1.0,-1044.0
1.0,80.0,-1067.0
-33.0,165.0,-1171.0
46.0,117.0,-1221.0
11.0,-9.0,-1048.0
21.0,-44.0,-810.0
-46.0,-66.0,-796.0
7.0,-1.0,-931.0
-48.0,-19.0,-1038.0
-29.0,134.0,-1093.0
-11.0,124.0,-1239.0
29.0,140.0,-1186.0
19.0,-39.0,-1024.0
-15.0,-56.0,-784.0
-50.0,-11.0,-810.0
42.0,-7.0,-966.0
-56.0,0.0,-1059.0
3.0,54.0,-1122.0
-13.0,148.0,-1167.0
3.0,158.0,-1151.0
0.0,44.0,-1022.0
11.0,-68.0,-890.0
-35.0,-81.0,-866.0
-35.0,17.0,-895.0
0.0,29.0,-1003.0
0.0,62.0,-1083.0
-54.0,111.0,-1182.0
-13.0,158.0,-1218.0
15.0,58.0,-1038.0
44.0,-35.0,-886.0
-50.0,-95.0,-796.0
-33.0,44.0,-882.0
19.0,-33.0,-1052.0
-35.0,58.0,-1122.0
-58.0,167.0,-1151.0
-9.0,156.0,-1169.0
87.0,35.0,-1061.0
-23.0,-46.0,-888.0
-29.0,-80.0,-868.0
5.0,-13.0,-890.0
3.0,17.0,-1009.0
-72.0,83.0,-1057.0
-56.0,117.0,-1173.0
-13.0,175.0,-1184.0
119.0,21.0,-1132.0
7.0,-21.0,-925.0
-85.0,-68.0,-782.0
33.0,-40.0,-851.0
-21.0,17.0,-976.0
-21.0,89.0,-1098.0
-68.0,121.0,-1169.0
13.0,203.0,-1210.0
60.0,7.0,-1081.0
29.0,-50.0,-890.0
-52.0,-78.0,-778.0
27.0,-5.0,-892.0
-21.0,31.0,-1032.0
-56.0,40.0,-1104.0
-40.0,95.0,-1122.0
21.0,146.0,-1136.0
54.0,107.0,-1093.0
5.0,-42.0,-983.0
-33.0,-128.0,-854.0
-11.0,-27.0,-849.0
-19.0,33.0,-979.0
-52.0,44.0,-1050.0
-46.0,58.0,-1120.0
-13.0,169.0,-1192.0
103.0,74.0,-1153.0
17.0,-42.0,-962.0
-70.0,-89.0,-821.0
-13.0,-25.0,-810.0
3.0,25.0,-1020.0
-35.0,21.0,-1097.0
-46.0,74.0,-1110.0
-1.0,173.0,-1139.0
40.0,80.0,-1167.0
-5.0,-40.0,-983.0
-17.0,-83.0,-825.0
-5.0,-48.0,-856.0
-25.0,35.0,-979.0
-44.0,9.0,-1026.0
-50.0,111.0,-1102.0
-19.0,158.0,-1190.0
76.0,72.0,-1210.0
-15.0,-19.0,-1001.0
-17.0,-95.0,-802.0
-39.0,-31.0,-788.0
-9.0,48.0,-972.0
0.0,-23.0,-1054.0
-44.0,111.0,-1132.0
44.0,146.0,-1200.0
72.0,138.0,-1179.0
78.0,-50.0,-962.0
46.0,-72.0,-802.0
81.0,1.0,-835.0
150.0,-3.0,-1011.0
126.0,-17.0,-1071.0
185.0,76.0,-1091.0
218.0,171.0,-1165.0
212.0,156.0,-1145.0
314.0,-19.0,-1028.0
271.0,-68.0,-894.0
320.0,-11.0,-831.0
296.0,5.0,-907.0
394.0,31.0,-1009.0
394.0,21.0,-1097.0
361.0,242.0,-1182.0
437.0,144.0,-1206.0
521.0,-48.0,-1040.0
478.0,-64.0,-825.0
411.0,21.0,-819.0
435.0,70.0,-913.0
503.0,-105.0,-1059.0
419.0,81.0,-1138.0
407.0,292.0,-1147.0
450.0,103.0,-1141.0
454.0,-19.0,-1032.0
448.0,-91.0,-880.0
314.0,11.0,-810.0
366.0,70.0,-897.0
363.0,-81.0,-1007.0
281.0,80.0,-1081.0
286.0,242.0,-1163.0
275.0,204.0,-1141.0
351.0,-83.0,-1081.0
222.0,-99.0,-895.0
101.0,85.0,-778.0
195.0,5.0,-897.0
122.0,-46.0,-1042.0
115.0,50.0,-1143.0
25.0,169.0,-1153.0
70.0,201.0,-1149.0
140.0,-39.0,-1040.0
50.0,-56.0,-917.0
-13.0,-29.0,-823.0
21.0,15.0,-905.0
66.0,-25.0,-1059.0
25.0,-9.0,-1089.0
-37.0,173.0,-1110.0
66.0,175.0,-1106.0
48.0,33.0,-1130.0
64.0,-105.0,-981.0
-76.0,-68.0,-854.0
27.0,-29.0,-854.0
-9.0,3.0,-989.0
-17.0,101.0,-1091.0
-48.0,54.0,-1087.0
-48.0,160.0,-1177.0
144.0,5.0,-1171.0
-29.0,-50.0,-979.0
-23.0,-72.0,-753.0
-33.0,-33.0,-835.0
81.0,-48.0,-1065.0
-66.0,46.0,-1075.0
5.0,117.0,-1083.0
-40.0,134.0,-1114.0
97.0,33.0,-1136.0
1.0,35.0,-1011.0
21.0,-50.0,-854.0
33.0,-13.0,-868.0
54.0,-44.0,-985.0
-56.0,19.0,-1003.0
31.0,60.0,-1009.0
9.0,121.0,-1136.0
101.0,93.0,-1186.0
39.0,66.0,-1071.0
21.0,-25.0,-839.0
39.0,-46.0,-854.0
21.0,44.0,-974.0
58.0,-7.0,-1052.0
27.0,60.0,-993.0
60.0,76.0,-1134.0
126.0,101.0,-1136.0
78.0,29.0,-1052.0
33.0,17.0,-888.0
25.0,-13.0,-903.0
156.0,-3.0,-981.0
13.0,-21.0,-960.0
66.0,111.0,-1028.0
42.0,91.0,-1097.0
111.0,97.0,-1233.0
44.0,29.0,-1061.0
64.0,40.0,-942.0
-1.0,-15.0,-866.0
78.0,-48.0,-931.0
-3.0,1.0,-940.0
70.0,70.0,-1032.0
-44.0,122.0,-1128.0
111.0,31.0,-1245.0
7.0,44.0,-1052.0
7.0,5.0,-913.0
-72.0,56.0,-825.0
46.0,-13.0,-979.0
-37.0,-35.0,-1011.0
-54.0,25.0,-1059.0
-56.0,122.0,-1079.0
-11.0,39.0,-1147.0
-23.0,99.0,-1075.0
-89.0,5.0,-940.0
-17.0,-25.0,-946.0
-46.0,21.0,-917.0
5.0,-23.0,-991.0
-95.0,48.0,-942.0
-27.0,35.0,-1120.0
-19.0,97.0,-1145.0
58.0,19.0,-1169.0
-105.0,40.0,-909.0
0.0,-39.0,-903.0
-39.0,33.0,-905.0
89.0,-95.0,-1024.0
-66.0,117.0,-991.0
-15.0,50.0,-1077.0
-13.0,130.0,-1122.0
13.0,15.0,-1136.0
9.0,21.0,-962.0
-27.0,-5.0,-907.0
58.0,31.0,-958.0
19.0,-66.0,-979.0
-37.0,60.0,-923.0
-39.0,37.0,-1054.0
9.0,142.0,-1163.0
85.0,29.0,-1210.0
0.0,44.0,-993.0
-74.0,-87.0,-829.0
60.0,5.0,-878.0
19.0,-29.0,-968.0
-11.0,83.0,-960.0
-33.0,117.0,-1030.0
54.0,99.0,-1235.0
50.0,25.0,-1179.0
33.0,54.0,-966.0
23.0,-25.0,-884.0
85.0,-40.0,-901.0
-78.0,-19.0,-956.0
103.0,-1.0,-1026.0
-60.0,136.0,-1110.0
40.0,138.0,-1081.0
52.0,99.0,-1038.0
101.0,33.0,-1130.0
-35.0,-1.0,-991.0
191.0,-74.0,-868.0
3.0,-3.0,-931.0
-81.0,15.0,-1018.0
13.0,37.0,-1003.0
13.0,93.0,-1118.0
3.0,167.0,-1138.0
134.0,-21.0,-1138.0
0.0,-15.0,-991.0
-117.0,130.0,-864.0
128.0,-39.0,-888.0
11.0,-70.0,-1038.0
-134.0,52.0,-1038.0
-33.0,52.0,-1075.0
44.0,136.0,-1069.0
33.0,-29.0,-1249.0
-156.0,89.0,-1065.0
64.0,-89.0,-835.0
-29.0,169.0,-810.0
-103.0,-66.0,-989.0
-48.0,-70.0,-1052.0
21.0,150.0,-1102.0
-93.0,197.0,-1173.0
115.0,115.0,-1134.0
-56.0,-152.0,-1024.0
-66.0,-9.0,-728.0
-48.0,-1.0,-772.0
-58.0,-56.0,-1081.0
-42.0,-15.0,-1104.0
-31.0,91.0,-1075.0
-1.0,154.0,-1239.0
-46.0,89.0,-1081.0
52.0,-48.0,-974.0
15.0,39.0,-819.0
-9.0,-44.0,-929.0
-140.0,0.0,-974.0
27.0,-25.0,-1147.0
-66.0,95.0,-954.0
48.0,95.0,-1186.0
150.0,142.0,-1083.0
-44.0,-54.0,-1016.0
-27.0,-44.0,-745.0
-52.0,142.0,-948.0
130.0,35.0,-966.0
13.0,3.0,-999.0
-21.0,-68.0,-1139.0
-21.0,152.0,-1188.0
50.0,187.0,-1139.0
122.0,-27.0,-977.0
40.0,-99.0,-808.0
-87.0,-15.0,-868.0
52.0,-78.0,-985.0
60.0,189.0,-1052.0
85.0,17.0,-1095.0
-193.0,183.0,-1040.0
46.0,140.0,-1097.0
148.0,37.0,-1056.0
-17.0,-113.0,-966.0
27.0,0.0,-870.0
1.0,-40.0,-901.0
17.0,130.0,-1059.0
-62.0,-50.0,-1116.0
37.0,245.0,-1028.0
113.0,27.0,-1210.0
-7.0,138.0,-1087.0
7.0,-117.0,-845.0
48.0,29.0,-767.0
-138.0,87.0,-981.0
156.0,-13.0,-1067.0
-115.0,-25.0,-1147.0
31.0,56.0,-1139.0
37.0,154.0,-1073.0
39.0,13.0,-1097.0
-27.0,-39.0,-925.0
99.0,3.0,-888.0
0.0,142.0,-927.0
15.0,13.0,-1034.0
-52.0,-27.0,-1120.0
-66.0,111.0,-1050.0
-3.0,175.0,-1048.0
126.0,46.0,-1112.0
-85.0,-138.0,-1009.0
-42.0,-15.0,-806.0
-76.0,72.0,-839.0
13.0,-105.0,-1022.0
-177.0,62.0,-1134.0
-3.0,74.0,-1124.0
5.0,169.0,-1188.0
-9.0,128.0,-1145.0
-119.0,33.0,-901.0
-101.0,-52.0,-772.0
132.0,-156.0,-917.0
-206.0,99.0,-1206.0
-103.0,109.0,-936.0
25.0,42.0,-1015.0
9.0,25.0,-1212.0
-39.0,-1.0,-1155.0
17.0,-9.0,-958.0
-48.0,167.0,-866.0
9.0,13.0,-895.0
9.0,134.0,-1034.0
115.0,-101.0,-1093.0
-122.0,91.0,-1026.0
-21.0,119.0,-1095.0
121.0,-50.0,-1214.0
39.0,136.0,-911.0
-80.0,-201.0,-800.0
35.0,37.0,-886.0
0.0,46.0,-890.0
146.0,15.0,-1206.0
-214.0,138.0,-1134.0
162.0,-72.0,-1124.0
111.0,388.0,-1007.0
0.0,-35.0,-1153.0
-80.0,66.0,-792.0
156.0,-220.0,-821.0
-113.0,138.0,-1003.0
19.0,58.0,-1151.0
-99.0,-91.0,-1030.0
-39.0,191.0,-1040.0
124.0,74.0,-1104.0
-9.0,70.0,-1013.0
64.0,-113.0,-907.0
33.0,-83.0,-929.0
-21.0,29.0,-938.0
25.0,242.0,-1042.0
17.0,7.0,-1145.0
46.0,74.0,-1141.0
107.0,48.0,-1159.0
21.0,21.0,-1022.0
-107.0,-74.0,-817.0
39.0,21.0,-788.0
185.0,-21.0,-1056.0
-15.0,85.0,-1003.0
-74.0,-7.0,-1061.0
64.0,181.0,-1075.0
39.0,46.0,-1229.0
-23.0,83.0,-981.0
-74.0,-80.0,-868.0
165.0,17.0,-913.0
-56.0,5.0,-987.0
50.0,44.0,-1038.0
-111.0,-13.0,-1054.0
62.0,99.0,-1067.0
7.0,128.0,-1147.0
21.0,-35.0,-1075.0
-187.0,-35.0,-812.0
115.0,-60.0,-837.0
-163.0,156.0,-1032.0
60.0,19.0,-1081.0
-220.0,80.0,-1009.0
101.0,93.0,-1163.0
54.0,17.0,-1089.0
39.0,81.0,-1089.0
-163.0,1.0,-1028.0
201.0,-70.0,-870.0
-162.0,66.0,-938.0
111.0,54.0,-1005.0
-107.0,85.0,-987.0
85.0,42.0,-923.0
31.0,107.0,-1206.0
21.0,1.0,-1122.0
-42.0,-76.0,-964.0
-52.0,-35.0,-815.0
-48.0,0.0,-1046.0
-19.0,44.0,-983.0
-117.0,138.0,-1005.0
228.0,89.0,-1036.0
68.0,-17.0,-1212.0
62.0,99.0,-1186.0
-54.0,117.0,-897.0
35.0,-33.0,-856.0
-122.0,-68.0,-917.0
128.0,17.0,-1011.0
56.0,42.0,-1044.0
-11.0,64.0,-981.0
50.0,91.0,-1120.0
138.0,64.0,-1196.0
-62.0,122.0,-993.0
-64.0,-80.0,-782.0
78.0,35.0,-915.0
9.0,134.0,-1016.0
83.0,-70.0,-1112.0
-162.0,19.0,-1108.0
-44.0,-13.0,-1108.0
-3.0,210.0,-1032.0
89.0,23.0,-1063.0
-169.0,-132.0,-888.0
-93.0,-56.0,-753.0
167.0,199.0,-1005.0
11.0,132.0,-1241.0
-80.0,9.0,-1052.0
27.0,-25.0,-989.0
126.0,144.0,-1130.0
-95.0,152.0,-1083.0
-17.0,-160.0,-823.0
-21.0,-64.0,-870.0
11.0,-29.0,-1077.0
-136.0,111.0,-989.0
40.0,31.0,-989.0
148.0,-9.0,-1227.0
-9.0,156.0,-1112.0
-25.0,13.0,-1048.0
-52.0,60.0,-819.0
11.0,-52.0,-942.0
85.0,-46.0,-985.0
-56.0,130.0,-1065.0
42.0,-60.0,-1098.0
-107.0,162.0,-1118.0
152.0,42.0,-1198.0
-27.0,113.0,-921.0
50.0,-54.0,-802.0
15.0,-17.0,-831.0
-13.0,37.0,-1071.0
-23.0,103.0,-1073.0
5.0,-39.0,-1063.0
-52.0,91.0,-1065.0
-21.0,72.0,-1093.0
-76.0,40.0,-1056.0
7.0,-171.0,-929.0
31.0,29.0,-931.0
-54.0,40.0,-999.0
25.0,80.0,-1020.0
-111.0,56.0,-1030.0
-9.0,74.0,-1100.0
-21.0,171.0,-1075.0
134.0,-42.0,-1079.0
-119.0,-7.0,-948.0
48.0,-91.0,-878.0
-177.0,121.0,-862.0
183.0,-33.0,-1134.0
-257.0,64.0,-1177.0
126.0,76.0,-979.0
42.0,156.0,-1034.0
162.0,64.0,-1071.0
-54.0,-99.0,-1093.0
40.0,-56.0,-794.0
-150.0,19.0,-804.0
89.0,126.0,-1057.0
-44.0,95.0,-1216.0
187.0,-160.0,-1083.0
-179.0,52.0,-954.0
212.0,156.0,-1091.0
31.0,109.0,-1237.0
27.0,-160.0,-864.0
-240.0,-72.0,-630.0
279.0,363.0,-851.0
142.0,191.0,-1551.0
-148.0,-74.0,-1155.0
-251.0,-169.0,-747.0
312.0,175.0,-854.0
-97.0,214.0,-1329.0
-95.0,-277.0,-936.0
-214.0,-160.0,-407.0
462.0,140.0,-890.0
-78.0,357.0,-1645.0
9.0,-21.0,-1151.0
-175.0,-247.0,-640.0
124.0,304.0,-935.0
-25.0,378.0,-1462.0
111.0,-308.0,-983.0
-136.0,-538.0,-554.0
189.0,160.0,-909.0
-44.0,704.0,-1465.0
162.0,-286.0,-1065.0
-497.0,-296.0,-605.0
394.0,306.0,-995.0
-21.0,579.0,-1462.0
253.0,-337.0,-1093.0
-632.0,-456.0,-523.0
365.0,165.0,-866.0
162.0,339.0,-1333.0
19.0,23.0,-1163.0
-411.0,-251.0,-618.0
376.0,-68.0,-1005.0
-204.0,772.0,-1518.0
183.0,-361.0,-1259.0
-577.0,-288.0,-431.0
669.0,-171.0,-679.0
-193.0,786.0,-1333.0
78.0,-201.0,-1210.0
-470.0,-204.0,-728.0
294.0,42.0,-1026.0
-103.0,724.0,-1557.0
89.0,-144.0,-1184.0
-269.0,-511.0,-495.0
216.0,-62.0,-605.0
-117.0,528.0,-1344.0
154.0,-58.0,-1270.0
-302.0,-158.0,-796.0
245.0,89.0,-958.0
-124.0,447.0,-1432.0
60.0,130.0,-1067.0
-107.0,-419.0,-597.0
83.0,-173.0,-722.0
39.0,210.0,-1278.0
11.0,154.0,-1239.0
-87.0,-218.0,-944.0
-95.0,226.0,-968.0
-87.0,302.0,-1323.0
91.0,288.0,-1116.0
277.0,-423.0,-796.0
-222.0,68.0,-540.0
-37.0,81.0,-1204.0
-27.0,316.0,-1110.0
13.0,-296.0,-1177.0
-171.0,263.0,-903.0
-177.0,74.0,-1214.0
337.0,447.0,-1075.0
109.0,-447.0,-935.0
-247.0,9.0,-622.0
-136.0,44.0,-1013.0
238.0,402.0,-1212.0
50.0,-181.0,-1405.0
-189.0,-160.0,-936.0
-163.0,99.0,-907.0
361.0,384.0,-1208.0
-158.0,-103.0,-1038.0
-156.0,-374.0,-677.0
-240.0,83.0,-712.0
409.0,407.0,-1342.0
-121.0,27.0,-1397.0
-74.0,-236.0,-989.0
-93.0,7.0,-753.0
240.0,435.0,-1272.0
-244.0,54.0,-1071.0
111.0,-632.0,-732.0
-160.0,124.0,-542.0
304.0,378.0,-1512.0
-177.0,259.0,-1323.0
1.0,-521.0,-1089.0
-99.0,62.0,-515.0
130.0,353.0,-1180.0
-60.0,185.0,-1145.0
-195.0,-527.0,-769.0
206.0,74.0,-560.0
15.0,343.0,-1436.0
-68.0,201.0,-1348.0
-101.0,-433.0,-931.0
234.0,46.0,-691.0
-136.0,400.0,-1221.0
146.0,-66.0,-1153.0
-163.0,-308.0,-755.0
374.0,-42.0,-741.0
-359.0,628.0,-1175.0
245.0,11.0,-1231.0
-87.0,-218.0,-1016.0
404.0,-48.0,-964.0
-376.0,267.0,-993.0
292.0,17.0,-833.0
-179.0,-232.0,-903.0
374.0,-64.0,-1124.0
-423.0,407.0,-979.0
366.0,-60.0,-1138.0
-417.0,152.0,-1040.0
499.0,-267.0,-1151.0
-284.0,257.0,-946.0
101.0,-119.0,-901.0
-286.0,95.0,-960.0
316.0,-111.0,-1073.0
-325.0,203.0,-936.0
107.0,-95.0,-1173.0
-119.0,146.0,-993.0
478.0,5.0,-1333.0
-593.0,175.0,-964.0
50.0,-212.0,-769.0
283.0,318.0,-765.0
298.0,-162.0,-1325.0
-521.0,158.0,-936.0
165.0,-97.0,-925.0
165.0,245.0,-1138.0
80.0,78.0,-1333.0
-267.0,-37.0,-780.0
111.0,-122.0,-739.0
191.0,187.0,-962.0
-25.0,-54.0,-1282.0
-115.0,-13.0,-925.0
-7.0,70.0,-890.0
175.0,249.0,-1138.0
17.0,52.0,-1358.0
-136.0,31.0,-985.0
-68.0,-150.0,-681.0
169.0,124.0,-1030.0
-66.0,-56.0,-1218.0
-103.0,-72.0,-907.0
-128.0,163.0,-747.0
257.0,193.0,-1323.0
-140.0,3.0,-1305.0
9.0,-163.0,-964.0
-290.0,124.0,-673.0
162.0,160.0,-1024.0
-54.0,146.0,-1151.0
-21.0,-148.0,-935.0
-91.0,-9.0,-868.0
191.0,212.0,-1196.0
-5.0,76.0,-1352.0
-247.0,-64.0,-948.0
-115.0,-76.0,-659.0
203.0,85.0,-1057.0
-117.0,46.0,-1120.0
-58.0,-50.0,-862.0
-105.0,85.0,-854.0
70.0,214.0,-1278.0
25.0,101.0,-1383.0
-50.0,-87.0,-868.0
-68.0,-44.0,-765.0
23.0,212.0,-958.0
97.0,-154.0,-1184.0
9.0,-144.0,-845.0
-66.0,195.0,-931.0
27.0,203.0,-1303.0
1.0,74.0,-1292.0
64.0,-99.0,-755.0
-1.0,142.0,-720.0
206.0,222.0,-1116.0
76.0,-169.0,-1169.0
-115.0,-121.0,-831.0
78.0,27.0,-878.0
101.0,333.0,-1231.0
-156.0,-52.0,-1210.0
162.0,-181.0,-913.0
-15.0,308.0,-776.0
214.0,-66.0,-1266.0
-521.0,25.0,-976.0
363.0,-72.0,-808.0
-27.0,154.0,-851.0
-245.0,124.0,-1380.0
-175.0,-150.0,-1141.0
495.0,-115.0,-835.0
-265.0,357.0,-894.0
1.0,-37.0,-1212.0
-160.0,-126.0,-907.0
347.0,-167.0,-868.0
-261.0,458.0,-1013.0
-54.0,140.0,-1321.0
-58.0,-171.0,-1005.0
482.0,33.0,-923.0
-267.0,267.0,-1057.0
-134.0,-7.0,-1044.0
-27.0,-91.0,-841.0
505.0,-197.0,-897.0
-482.0,324.0,-1028.0
-37.0,0.0,-1192.0
27.0,50.0,-911.0
507.0,-236.0,-1268.0
-634.0,388.0,-1034.0
70.0,-101.0,-999.0
64.0,62.0,-772.0
351.0,-228.0,-1192.0
-603.0,427.0,-1069.0
113.0,-39.0,-1091.0
-3.0,21.0,-813.0
486.0,-126.0,-1395.0
-706.0,286.0,-999.0
193.0,-74.0,-864.0
83.0,56.0,-702.0
269.0,-183.0,-1352.0
-728.0,388.0,-979.0
204.0,-48.0,-894.0
179.0,76.0,-991.0
203.0,-165.0,-1495.0
-718.0,384.0,-976.0
333.0,-208.0,-771.0
-23.0,160.0,-769.0
163.0,-251.0,-1331.0
-493.0,271.0,-886.0
158.0,54.0,-845.0
130.0,-5.0,-1198.0
-35.0,-54.0,-1434.0
-425.0,111.0,-872.0
204.0,107.0,-564.0
281.0,-122.0,-1130.0
-162.0,54.0,-1208.0
-115.0,42.0,-960.0
148.0,286.0,-796.0
220.0,21.0,-1337.0
-99.0,-91.0,-1223.0
-48.0,-9.0,-888.0
101.0,136.0,-564.0
171.0,33.0,-1190.0
-54.0,-144.0,-1124.0
-271.0,64.0,-911.0
-25.0,271.0,-653.0
628.0,-31.0,-1489.0
-251.0,68.0,-1212.0
-11.0,-191.0,-839.0
29.0,201.0,-499.0
327.0,72.0,-1296.0
-359.0,-95.0,-1147.0
-46.0,-62.0,-935.0
138.0,191.0,-733.0
431.0,181.0,-1389.0
-267.0,-228.0,-1206.0
-56.0,-191.0,-780.0
-13.0,244.0,-696.0
165.0,179.0,-1268.0
-308.0,-68.0,-1214.0
169.0,-140.0,-716.0
162.0,103.0,-874.0
56.0,320.0,-1391.0
-265.0,-204.0,-1307.0
33.0,121.0,-710.0
199.0,-33.0,-837.0
-140.0,283.0,-1214.0
-44.0,-370.0,-1038.0
156.0,66.0,-638.0
105.0,74.0,-1038.0
-212.0,339.0,-1331.0
-199.0,-324.0,-1165.0
310.0,-105.0,-761.0
-232.0,308.0,-812.0
130.0,136.0,-1225.0
-111.0,-255.0,-917.0
376.0,-156.0,-927.0
-394.0,429.0,-936.0
130.0,46.0,-1378.0
-27.0,-74.0,-968.0
279.0,-152.0,-1011.0
-382.0,212.0,-853.0
64.0,-1.0,-1124.0
-21.0,171.0,-890.0
331.0,-244.0,-1089.0
-515.0,257.0,-841.0
189.0,60.0,-1098.0
177.0,126.0,-1208.0
-58.0,7.0,-1136.0
-62.0,-220.0,-769.0
-66.0,169.0,-856.0
224.0,132.0,-1143.0
-132.0,-154.0,-1118.0
-136.0,85.0,-835.0
-17.0,-5.0,-974.0
37.0,347.0,-1147.0
193.0,-124.0,-1251.0
-122.0,-9.0,-747.0
-68.0,-48.0,-835.0
177.0,212.0,-1083.0
130.0,37.0,-1214.0
-181.0,-46.0,-743.0
-46.0,-17.0,-905.0
327.0,195.0,-1266.0
-33.0,-33.0,-1352.0
-119.0,171.0,-782.0
21.0,-185.0,-790.0
290.0,175.0,-1143.0
-81.0,-39.0,-1077.0
-46.0,163.0,-745.0
29.0,-1.0,-925.0
261.0,105.0,-1298.0
-119.0,103.0,-1249.0
-89.0,-23.0,-751.0
-113.0,39.0,-763.0
224.0,-66.0,-1186.0
-146.0,117.0,-1173.0
48.0,-173.0,-767.0
-249.0,144.0,-894.0
277.0,165.0,-1380.0
-72.0,80.0,-1216.0
9.0,-122.0,-806.0
-247.0,15.0,-821.0
206.0,171.0,-1223.0
1.0,58.0,-1079.0
35.0,-162.0,-724.0
-251.0,89.0,-866.0
253.0,80.0,-1342.0
-58.0,251.0,-1245.0
251.0,-216.0,-931.0
-380.0,7.0,-856.0
70.0,222.0,-950.0
126.0,103.0,-1208.0
-111.0,-80.0,-977.0
-169.0,-99.0,-774.0
189.0,333.0,-1159.0
107.0,80.0,-1389.0
-87.0,-160.0,-903.0
-167.0,-115.0,-772.0
197.0,146.0,-983.0
52.0,101.0,-1192.0
-44.0,-44.0,-890.0
-226.0,-35.0,-876.0
142.0,171.0,-1141.0
7.0,195.0,-1329.0
89.0,-29.0,-1032.0
-263.0,-87.0,-839.0
52.0,152.0,-929.0
87.0,-42.0,-1192.0
-122.0,19.0,-800.0
-160.0,-121.0,-935.0
-68.0,158.0,-1136.0
122.0,48.0,-1305.0
-33.0,189.0,-977.0
-154.0,-19.0,-798.0
29.0,175.0,-972.0
146.0,-54.0,-1149.0
9.0,-31.0,-903.0
-212.0,-9.0,-913.0
-7.0,187.0,-1118.0
128.0,-140.0,-1333.0
-66.0,54.0,-919.0
52.0,-103.0,-817.0
-21.0,109.0,-1085.0
64.0,23.0,-1100.0
62.0,42.0,-931.0
-240.0,64.0,-808.0
95.0,154.0,-1093.0
218.0,7.0,-1301.0
33.0,27.0,-1124.0
-142.0,0.0,-833.0
27.0,17.0,-831.0
204.0,126.0,-1145.0
-52.0,-87.0,-1079.0
-245.0,64.0,-726.0
117.0,-9.0,-1020.0
179.0,173.0,-1374.0
103.0,-76.0,-1186.0
-193.0,93.0,-665.0
-11.0,-15.0,-845.0
5.0,206.0,-1163.0
-48.0,-113.0,-1052.0
0.0,-5.0,-771.0
-103.0,-58.0,-1145.0
126.0,165.0,-1259.0
11.0,115.0,-1173.0
-23.0,-146.0,-819.0
-249.0,-126.0,-771.0
269.0,189.0,-1083.0
-89.0,119.0,-1165.0
-150.0,122.0,-913.0
-160.0,-87.0,-987.0
355.0,154.0,-1288.0
-33.0,-64.0,-1204.0
-216.0,44.0,-692.0
13.0,-46.0,-767.0
290.0,15.0,-1301.0
-181.0,124.0,-1149.0
40.0,31.0,-790.0
-160.0,46.0,-884.0
259.0,115.0,-1288.0
-101.0,95.0,-1204.0
-76.0,-29.0,-806.0
-122.0,-48.0,-776.0
195.0,130.0,-1214.0
-58.0,122.0,-1161.0
27.0,-308.0,-732.0
-167.0,66.0,-847.0
433.0,128.0,-1356.0
-9.0,97.0,-1333.0
-165.0,-103.0,-763.0
-21.0,-33.0,-771.0
150.0,284.0,-1118.0
31.0,-19.0,-1235.0
-103.0,56.0,-714.0
33.0,7.0,-886.0
333.0,119.0,-1290.0
-265.0,60.0,-1323.0
-81.0,-128.0,-712.0
64.0,-56.0,-743.0
97.0,66.0,-1227.0
0.0,85.0,-1182.0
-89.0,-25.0,-689.0
0.0,105.0,-903.0
37.0,-1.0,-1296.0
46.0,177.0,-1282.0
-60.0,58.0,-854.0
-42.0,119.0,-780.0
95.0,-216.0,-1118.0
52.0,5.0,-1130.0
-89.0,37.0,-778.0
62.0,11.0,-905.0
-113.0,-99.0,-1266.0
-31.0,177.0,-1313.0
-160.0,242.0,-774.0
269.0,-68.0,-800.0
-87.0,-103.0,-1182.0
66.0,76.0,-1177.0
-85.0,236.0,-786.0
29.0,72.0,-956.0
-175.0,-228.0,-1239.0
152.0,140.0,-1204.0
-44.0,39.0,-854.0
7.0,163.0,-913.0
-169.0,-240.0,-1093.0
191.0,27.0,-1104.0
-97.0,265.0,-796.0
-39.0,68.0,-958.0
-259.0,15.0,-1138.0
240.0,-40.0,-1333.0
-121.0,255.0,-894.0
44.0,-105.0,-853.0
-294.0,31.0,-1005.0
236.0,-173.0,-1134.0
-70.0,302.0,-884.0
44.0,-138.0,-977.0
-329.0,160.0,-1104.0
181.0,-210.0,-1218.0
-21.0,431.0,-1028.0
-66.0,-54.0,-790.0
-138.0,15.0,-1098.0
144.0,-121.0,-958.0
58.0,363.0,-991.0
-124.0,-17.0,-872.0
-128.0,-60.0,-1206.0
191.0,-210.0,-1091.0
101.0,310.0,-1145.0
-177.0,31.0,-817.0
-152.0,-50.0,-989.0
72.0,-85.0,-913.0
267.0,247.0,-1067.0
-226.0,175.0,-956.0
-117.0,-19.0,-1079.0
322.0,-220.0,-1034.0
33.0,296.0,-1227.0
-89.0,56.0,-925.0
-224.0,-52.0,-759.0
488.0,-208.0,-979.0
54.0,212.0,-1243.0
-175.0,189.0,-1048.0
-121.0,-50.0,-761.0
474.0,21.0,-1057.0
-7.0,281.0,-1323.0
-56.0,-109.0,-1124.0
-314.0,40.0,-579.0
683.0,-259.0,-933.0
-269.0,310.0,-1305.0
-163.0,42.0,-1087.0
-76.0,-160.0,-507.0
480.0,11.0,-1089.0
-3.0,70.0,-1583.0
-468.0,392.0,-1044.0
-103.0,-216.0,-361.0
476.0,-81.0,-1040.0
-302.0,122.0,-1536.0
-142.0,214.0,-884.0
327.0,1.0,-476.0
341.0,-54.0,-1249.0
-411.0,-150.0,-1583.0
-423.0,476.0,-810.0
507.0,-327.0,-650.0
11.0,269.0,-1093.0
-107.0,-292.0,-1475.0
-173.0,491.0,-628.0
257.0,-244.0,-712.0
-113.0,165.0,-1286.0
-218.0,-33.0,-1561.0
208.0,117.0,-776.0
19.0,-130.0,-575.0
48.0,119.0,-1200.0
-296.0,-89.0,-1352.0
121.0,142.0,-776.0
56.0,-181.0,-747.0
-109.0,343.0,-1393.0
-312.0,-64.0,-1399.0
318.0,70.0,-759.0
195.0,-5.0,-724.0
-283.0,89.0,-1311.0
-407.0,101.0,-1054.0
540.0,-124.0,-694.0
-286.0,232.0,-880.0
-78.0,-13.0,-1504.0
-62.0,-85.0,-1054.0
411.0,-48.0,-813.0
-359.0,156.0,-946.0
-158.0,-19.0,-1079.0
117.0,-54.0,-964.0
201.0,-3.0,-853.0
-318.0,242.0,-1034.0
66.0,107.0,-1223.0
-93.0,-7.0,-1077.0
388.0,-206.0,-1028.0
-325.0,255.0,-810.0
58.0,-70.0,-1048.0
-70.0,68.0,-962.0
363.0,-214.0,-1028.0
-361.0,345.0,-968.0
56.0,-42.0,-1175.0
31.0,91.0,-929.0
456.0,-39.0,-1114.0
-327.0,242.0,-1005.0
11.0,-152.0,-983.0
156.0,105.0,-821.0
349.0,-111.0,-1091.0
-480.0,284.0,-989.0
0.0,-197.0,-917.0
292.0,105.0,-1034.0
232.0,-72.0,-1366.0
-548.0,203.0,-987.0
-21.0,-191.0,-573.0
505.0,193.0,-993.0
163.0,-177.0,-1337.0
-616.0,406.0,-970.0
111.0,-140.0,-739.0
527.0,171.0,-1097.0
-31.0,-60.0,-1477.0
-503.0,177.0,-901.0
105.0,-167.0,-480.0
726.0,117.0,-1081.0
-448.0,50.0,-1424.0
-271.0,21.0,-735.0
259.0,-19.0,-425.0
585.0,199.0,-1368.0
-327.0,107.0,-1649.0
-304.0,-183.0,-683.0
312.0,64.0,-458.0
345.0,66.0,-1253.0
-501.0,89.0,-1391.0
44.0,-126.0,-673.0
298.0,171.0,-564.0
439.0,109.0,-1604.0
-388.0,-46.0,-1452.0
-173.0,48.0,-573.0
351.0,-74.0,-587.0
113.0,160.0,-1348.0
-275.0,66.0,-1268.0
89.0,54.0,-540.0
261.0,-21.0,-696.0
146.0,-33.0,-1622.0
-472.0,165.0,-1311.0
171.0,138.0,-607.0
171.0,-97.0,-847.0
-29.0,-80.0,-1423.0
-177.0,191.0,-1052.0
191.0,138.0,-517.0
89.0,-15.0,-942.0
-236.0,-150.0,-1426.0
-195.0,232.0,-1303.0
-29.0,15.0,-718.0
-9.0,-31.0,-868.0
-68.0,-66.0,-1075.0
185.0,39.0,-1229.0
-111.0,72.0,-638.0
109.0,46.0,-1044.0
-245.0,7.0,-1290.0
132.0,103.0,-1380.0
-281.0,146.0,-732.0
359.0,5.0,-925.0
-167.0,-97.0,-1108.0
136.0,-15.0,-1198.0
-173.0,296.0,-599.0
160.0,15.0,-1040.0
-499.0,-76.0,-1235.0
349.0,13.0,-1259.0
23.0,29.0,-819.0
-29.0,220.0,-923.0
-247.0,-189.0,-1063.0
251.0,9.0,-1073.0
-179.0,251.0,-708.0
171.0,56.0,-1100.0
-300.0,-13.0,-1346.0
167.0,-195.0,-1114.0
-46.0,300.0,-825.0
68.0,60.0,-936.0
-226.0,-99.0,-1190.0
105.0,-58.0,-919.0
13.0,199.0,-831.0
-11.0,62.0,-1069.0
-400.0,64.0,-1212.0
232.0,-212.0,-1036.0
-21.0,284.0,-933.0
-101.0,44.0,-1057.0
-128.0,144.0,-1169.0
220.0,-234.0,-968.0
64.0,165.0,-825.0
-257.0,103.0,-933.0
-85.0,25.0,-1266.0
193.0,-162.0,-1044.0
87.0,320.0,-1075.0
-298.0,3.0,-837.0
134.0,97.0,-985.0
66.0,-122.0,-964.0
134.0,85.0,-1102.0
-368.0,66.0,-880.0
42.0,113.0,-1036.0
292.0,-48.0,-1214.0
-81.0,273.0,-1155.0
-124.0,-398.0,-843.0
-122.0,204.0,-944.0
115.0,-70.0,-1112.0
-177.0,292.0,-1059.0
-255.0,-203.0,-843.0
-212.0,107.0,-972.0
244.0,-66.0,-1198.0
-417.0,564.0,-1149.0
-115.0,-519.0,-882.0
-462.0,183.0,-771.0
208.0,-183.0,-1020.0
-363.0,407.0,-1116.0
-458.0,-245.0,-929.0
-281.0,286.0,-839.0
230.0,-294.0,-1436.0
-605.0,331.0,-1136.0
-569.0,-163.0,-759.0
-261.0,234.0,-728.0
-31.0,-245.0,-1282.0
-488.0,85.0,-1177.0
-528.0,-115.0,-735.0
-220.0,390.0,-753.0
-80.0,-105.0,-1391.0
-560.0,42.0,-1188.0
-417.0,-148.0,-722.0
-206.0,163.0,-749.0
-163.0,66.0,-1309.0
-288.0,-142.0,-1208.0
-417.0,-107.0,-634.0
-142.0,95.0,-837.0
-343.0,296.0,-1360.0
-517.0,-1.0,-1348.0
-253.0,-175.0,-679.0
-290.0,-39.0,-874.0
-261.0,345.0,-1194.0
-160.0,-121.0,-1208.0
-333.0,-56.0,-609.0
-267.0,-148.0,-913.0
-460.0,396.0,-1262.0
-204.0,-111.0,-1290.0
-146.0,-121.0,-780.0
-402.0,23.0,-864.0
-220.0,214.0,-1251.0
-206.0,-1.0,-1120.0
-160.0,-126.0,-716.0
-468.0,70.0,-823.0
-242.0,310.0,-1364.0
-167.0,-80.0,-1186.0
3.0,-85.0,-894.0
-491.0,-21.0,-808.0
-85.0,251.0,-1175.0
-35.0,-115.0,-866.0
-480.0,-78.0,-827.0
-138.0,357.0,-1241.0
15.0,-27.0,-1175.0
130.0,19.0,-997.0
-242.0,-54.0,-872.0
173.0,308.0,-1151.0
306.0,-60.0,-1036.0
171.0,-17.0,-938.0
5.0,-181.0,-732.0
302.0,273.0,-1091.0
368.0,-5.0,-1231.0
388.0,187.0,-1044.0
-1.0,-132.0,-1007.0
218.0,273.0,-1022.0
226.0,-31.0,-1126.0
300.0,40.0,-995.0
-208.0,-150.0,-771.0
78.0,208.0,-974.0
290.0,-66.0,-1270.0
126.0,183.0,-1126.0
-257.0,-156.0,-812.0
-33.0,232.0,-880.0
152.0,-99.0,-1024.0
-35.0,134.0,-1009.0
-345.0,-103.0,-808.0
-50.0,111.0,-958.0
169.0,-29.0,-1210.0
-85.0,191.0,-1206.0
-325.0,-64.0,-921.0
-39.0,81.0,-905.0
85.0,-15.0,-1093.0
-111.0,-80.0,-1020.0
-347.0,11.0,-694.0
9.0,-33.0,-942.0
148.0,124.0,-1274.0
-107.0,54.0,-1253.0
-220.0,21.0,-839.0
-68.0,46.0,-821.0
193.0,46.0,-1190.0
-89.0,-87.0,-1063.0
-220.0,-89.0,-704.0
-15.0,-17.0,-874.0
244.0,189.0,-1356.0
-74.0,7.0,-1290.0
-226.0,3.0,-780.0
-68.0,35.0,-792.0
263.0,197.0,-1210.0
-46.0,-101.0,-1073.0
-226.0,-136.0,-583.0
-21.0,29.0,-804.0
318.0,220.0,-1366.0
-74.0,93.0,-1393.0
-171.0,-89.0,-849.0
-80.0,21.0,-794.0
269.0,121.0,-1194.0
-68.0,-50.0,-1114.0
-169.0,-115.0,-609.0
-107.0,-11.0,-802.0
269.0,220.0,-1383.0
-80.0,132.0,-1403.0
-232.0,-37.0,-839.0
-156.0,29.0,-743.0
279.0,107.0,-1188.0
-31.0,19.0,-1104.0
-152.0,-136.0,-640.0
-9.0,-50.0,-819.0
273.0,177.0,-1342.0
25.0,162.0,-1382.0
-134.0,-46.0,-849.0
-19.0,9.0,-831.0
242.0,130.0,-1120.0
-11.0,89.0,-1057.0
-91.0,-103.0,-677.0
-27.0,-72.0,-847.0
267.0,201.0,-1311.0
7.0,140.0,-1409.0
-122.0,-76.0,-821.0
-66.0,-3.0,-737.0
251.0,122.0,-1122.0
33.0,44.0,-1177.0
-68.0,-105.0,-747.0
-66.0,-7.0,-827.0
263.0,189.0,-1311.0
-27.0,152.0,-1372.0
-156.0,-44.0,-817.0
-50.0,-3.0,-776.0
245.0,85.0,-1175.0
-42.0,21.0,-1151.0
-80.0,-158.0,-679.0
-31.0,39.0,-829.0
240.0,156.0,-1397.0
-85.0,109.0,-1415.0
-156.0,-80.0,-774.0
-80.0,-5.0,-737.0
181.0,165.0,-1186.0
-23.0,56.0,-1184.0
-95.0,-152.0,-644.0
-64.0,74.0,-839.0
230.0,70.0,-1419.0
-156.0,113.0,-1344.0
-146.0,-103.0,-673.0
-85.0,76.0,-739.0
177.0,115.0,-1274.0
-72.0,13.0,-1204.0
-62.0,-138.0,-667.0
-66.0,124.0,-804.0
179.0,113.0,-1374.0
-144.0,171.0,-1300.0
-101.0,-140.0,-769.0
-68.0,19.0,-817.0
156.0,142.0,-1251.0
-68.0,58.0,-1120.0
-11.0,-185.0,-651.0
-76.0,19.0,-829.0
136.0,185.0,-1391.0
-95.0,134.0,-1342.0
-66.0,-115.0,-753.0
-64.0,9.0,-774.0
132.0,187.0,-1259.0
15.0,37.0,-1200.0
-29.0,-173.0,-681.0
-78.0,-3.0,-864.0
85.0,181.0,-1311.0
-97.0,140.0,-1290.0
-9.0,-136.0,-792.0
-52.0,21.0,-810.0
187.0,122.0,-1243.0
-17.0,122.0,-1106.0
56.0,-206.0,-696.0
-138.0,62.0,-843.0
81.0,154.0,-1389.0
-72.0,130.0,-1286.0
33.0,-74.0,-800.0
-42.0,-21.0,-808.0
128.0,173.0,-1192.0
74.0,3.0,-1120.0
-21.0,-85.0,-702.0
-95.0,37.0,-899.0
60.0,95.0,-1389.0
-89.0,126.0,-1220.0
81.0,-78.0,-769.0
-89.0,7.0,-819.0
87.0,191.0,-1208.0
54.0,17.0,-1149.0
56.0,-144.0,-780.0
-142.0,21.0,-907.0
33.0,152.0,-1286.0
-62.0,111.0,-1190.0
95.0,-103.0,-874.0
-111.0,-39.0,-909.0
78.0,163.0,-1188.0
25.0,80.0,-1057.0
89.0,-85.0,-763.0
-214.0,-21.0,-899.0
-31.0,138.0,-1260.0
-25.0,74.0,-1255.0
80.0,-74.0,-897.0
-142.0,31.0,-837.0
62.0,128.0,-1110.0
99.0,54.0,-1120.0
7.0,-95.0,-829.0
-187.0,-5.0,-913.0
-66.0,187.0,-1169.0
37.0,15.0,-1245.0
91.0,-31.0,-899.0
-146.0,9.0,-876.0
60.0,126.0,-1091.0
89.0,46.0,-1098.0
0.0,-80.0,-831.0
-263.0,5.0,-872.0
-56.0,126.0,-1220.0
39.0,35.0,-1229.0
124.0,-31.0,-972.0
-296.0,35.0,-819.0
44.0,72.0,-1036.0
21.0,56.0,-1102.0
23.0,-76.0,-921.0
-292.0,89.0,-847.0
7.0,46.0,-1194.0
68.0,39.0,-1167.0
74.0,-54.0,-989.0
-620.0,109.0,-866.0
95.0,-103.0,-827.0
-201.0,111.0,-1212.0
-675.0,78.0,-1030.0
-1050.0,40.0,-940.0
-821.0,27.0,-1046.0
-700.0,5.0,-1171.0
-1266.0,29.0,-1270.0
-1188.0,-31.0,-653.0
-1409.0,15.0,-841.0
-1112.0,81.0,-1030.0
-1534.0,-105.0,-1046.0
-1501.0,296.0,-671.0
-1481.0,-111.0,-1122.0
-1163.0,27.0,-1292.0
-1305.0,-124.0,-1138.0
-1579.0,216.0,-817.0
-1424.0,-25.0,-823.0
-1054.0,-70.0,-1284.0
-1067.0,25.0,-1202.0
-1495.0,146.0,-899.0
-1229.0,111.0,-925.0
-847.0,-70.0,-1483.0
-794.0,-56.0,-1380.0
-1413.0,-39.0,-618.0
-1116.0,146.0,-585.0
-732.0,76.0,-1467.0
-659.0,-40.0,-1424.0
-1186.0,-177.0,-573.0
-1093.0,296.0,-751.0
-419.0,-29.0,-1532.0
-642.0,-160.0,-1503.0
-1335.0,64.0,-394.0
-1167.0,128.0,-573.0
-704.0,134.0,-1288.0
-903.0,-224.0,-1296.0
-1614.0,89.0,-540.0
-1325.0,169.0,-685.0
-931.0,56.0,-1366.0
-1243.0,-197.0,-1356.0
-1799.0,35.0,-601.0
-1522.0,121.0,-585.0
-1171.0,-15.0,-1298.0
-1270.0,-54.0,-1249.0
-1612.0,162.0,-786.0
-1358.0,304.0,-827.0
-1186.0,-146.0,-1469.0
-1389.0,-70.0,-1356.0
-1592.0,33.0,-771.0
-1467.0,197.0,-618.0
-1241.0,-273.0,-1286.0
-1292.0,128.0,-1341.0
-1325.0,181.0,-872.0
-1296.0,144.0,-837.0
-827.0,-80.0,-1385.0
-1110.0,52.0,-1383.0
-1188.0,-44.0,-673.0
-1270.0,-132.0,-421.0
-884.0,-11.0,-1251.0
-1056.0,19.0,-1514.0
-1251.0,226.0,-851.0
-1253.0,126.0,-810.0
-999.0,83.0,-1411.0
-1128.0,-160.0,-1315.0
-1485.0,56.0,-484.0
-1432.0,-197.0,-429.0
-1120.0,64.0,-1175.0
-1145.0,-74.0,-1487.0
-1514.0,322.0,-870.0
-1448.0,107.0,-763.0
-1214.0,-15.0,-1442.0
-1225.0,-296.0,-1374.0
-1553.0,27.0,-454.0
-1598.0,40.0,-458.0
-1237.0,-40.0,-1450.0
-1405.0,-148.0,-1694.0
-1793.0,392.0,-782.0
-1686.0,33.0,-651.0
-1481.0,66.0,-1354.0
-1253.0,-236.0,-1465.0
-1586.0,95.0,-673.0
-1680.0,1.0,-406.0
-1266.0,21.0,-1282.0
-1032.0,156.0,-1567.0
-1301.0,-11.0,-743.0
-1464.0,-158.0,-739.0
-1145.0,134.0,-1368.0
-1235.0,117.0,-1499.0
-1510.0,158.0,-720.0
-1760.0,-185.0,-474.0
-1342.0,25.0,-1112.0
-1341.0,-15.0,-1536.0
-1407.0,175.0,-851.0
-1860.0,351.0,-585.0
-1346.0,-214.0,-1139.0
-1260.0,0.0,-1467.0
-1237.0,-15.0,-710.0
-1752.0,-292.0,-534.0
-1307.0,-25.0,-999.0
-1165.0,-17.0,-1645.0
-1120.0,216.0,-837.0
-1795.0,195.0,-800.0
-1368.0,187.0,-1311.0
-1089.0,-140.0,-1604.0
-1311.0,101.0,-714.0
-1590.0,-160.0,-589.0
-1434.0,44.0,-1032.0
-1095.0,-134.0,-1284.0
-1577.0,203.0,-919.0
-1301.0,353.0,-954.0
-1171.0,-199.0,-1085.0
-1042.0,21.0,-1370.0
-1091.0,-81.0,-968.0
-1360.0,35.0,-694.0
-1212.0,-240.0,-835.0
-1268.0,56.0,-1245.0
-1218.0,322.0,-1067.0
-1387.0,-76.0,-958.0
-1465.0,-39.0,-1165.0
-1233.0,91.0,-1356.0
-1331.0,13.0,-911.0
-1618.0,-56.0,-757.0
-1358.0,-265.0,-650.0
-1626.0,-74.0,-919.0
-1391.0,322.0,-1018.0
-1508.0,-15.0,-1167.0
-1434.0,11.0,-1155.0
-1350.0,234.0,-1344.0
-1456.0,197.0,-1081.0
-1378.0,-19.0,-622.0
-1411.0,-259.0,-821.0
-991.0,-232.0,-1147.0
-1452.0,160.0,-835.0
-1462.0,374.0,-1085.0
-1378.0,-230.0,-1323.0
-1300.0,-50.0,-1315.0
-1329.0,212.0,-993.0
-1462.0,109.0,-911.0
-1298.0,-103.0,-534.0
-1085.0,35.0,-948.0
-987.0,0.0,-1270.0
-1110.0,421.0,-1009.0
-854.0,-238.0,-1069.0
-813.0,21.0,-1348.0
-767.0,44.0,-1167.0
-1048.0,-169.0,-591.0
-825.0,-15.0,-864.0
-974.0,-230.0,-960.0
-1016.0,357.0,-1018.0
-722.0,-281.0,-894.0
-979.0,9.0,-1426.0
-622.0,404.0,-1212.0
-878.0,425.0,-985.0
-312.0,-240.0,-634.0
-694.0,-281.0,-907.0
-359.0,-48.0,-804.0
-507.0,269.0,-1054.0
-511.0,-56.0,-1169.0
-480.0,117.0,-1358.0
-314.0,423.0,-1196.0
-89.0,-314.0,-1122.0
-515.0,306.0,-745.0
-261.0,-216.0,-726.0
-247.0,-3.0,-847.0
-50.0,33.0,-995.0
-361.0,-25.0,-1147.0
-179.0,220.0,-1206.0
5.0,11.0,-1225.0
-76.0,331.0,-1134.0
-107.0,-138.0,-749.0
62.0,-366.0,-825.0
-66.0,314.0,-938.0
19.0,199.0,-1139.0
-64.0,144.0,-972.0
35.0,-195.0,-1270.0
-265.0,-150.0,-1278.0
101.0,-81.0,-853.0
-144.0,411.0,-692.0
95.0,-269.0,-589.0
-419.0,89.0,-1061.0
-17.0,-58.0,-968.0
-456.0,308.0,-1098.0
162.0,-27.0,-1192.0
-238.0,378.0,-1139.0
-117.0,495.0,-1026.0
-269.0,-458.0,-897.0
-97.0,-402.0,-728.0
-3.0,-50.0,-821.0
-462.0,103.0,-1013.0
-146.0,195.0,-1136.0
-169.0,-122.0,-1116.0
-296.0,99.0,-1036.0
-66.0,99.0,-1001.0
-296.0,140.0,-831.0
-320.0,-35.0,-679.0
-171.0,58.0,-1040.0
132.0,81.0,-1054.0
-286.0,126.0,-1278.0
-466.0,226.0,-1013.0
52.0,-368.0,-1186.0
23.0,0.0,-977.0
-83.0,-365.0,-901.0
-511.0,-62.0,-761.0
87.0,320.0,-724.0
-327.0,0.0,-1085.0
-35.0,353.0,-1253.0
-204.0,31.0,-972.0
-117.0,445.0,-1130.0
66.0,7.0,-1098.0
-179.0,-29.0,-1011.0
-122.0,-359.0,-665.0
27.0,-117.0,-827.0
-93.0,142.0,-1079.0
5.0,-31.0,-1081.0
-269.0,-68.0,-1005.0
54.0,-39.0,-1231.0
-42.0,675.0,-923.0
11.0,-226.0,-958.0
-206.0,183.0,-903.0
201.0,-142.0,-650.0
-70.0,-320.0,-1145.0
95.0,560.0,-1259.0
-236.0,56.0,-1054.0
78.0,152.0,-987.0
109.0,-404.0,-1122.0
33.0,-113.0,-1089.0
68.0,224.0,-667.0
-115.0,83.0,-692.0
-7.0,33.0,-1165.0
76.0,-76.0,-1097.0
-33.0,415.0,-845.0
-54.0,171.0,-1184.0
62.0,273.0,-1331.0
134.0,-210.0,-794.0
-150.0,-222.0,-833.0
-78.0,99.0,-843.0
183.0,15.0,-1061.0
-3.0,-117.0,-1011.0
11.0,25.0,-1221.0
1.0,244.0,-1069.0
126.0,203.0,-1028.0
80.0,-105.0,-960.0
35.0,105.0,-948.0
17.0,-304.0,-698.0
46.0,74.0,-960.0
-101.0,343.0,-1221.0
-9.0,177.0,-1005.0
-31.0,-13.0,-1231.0
156.0,-50.0,-1212.0
-140.0,-191.0,-1013.0
29.0,-337.0,-679.0
-320.0,324.0,-786.0
163.0,142.0,-923.0
-42.0,-152.0,-1143.0
-83.0,115.0,-1163.0
-83.0,300.0,-1141.0
42.0,517.0,-821.0
-21.0,-351.0,-1046.0
-199.0,-117.0,-1052.0
17.0,-281.0,-716.0
-7.0,372.0,-802.0
37.0,-93.0,-1204.0
-214.0,-150.0,-1268.0
-111.0,-42.0,-940.0
-39.0,142.0,-997.0
7.0,152.0,-1057.0
15.0,60.0,-862.0
83.0,-126.0,-708.0
-245.0,154.0,-796.0
156.0,-226.0,-1315.0
-115.0,587.0,-1050.0
29.0,-48.0,-991.0
0.0,74.0,-1026.0
169.0,-341.0,-1153.0
-284.0,-56.0,-948.0
21.0,64.0,-605.0
-56.0,-265.0,-913.0
-64.0,261.0,-1057.0
-173.0,5.0,-1155.0
144.0,511.0,-948.0
-97.0,66.0,-1042.0
3.0,220.0,-1190.0
199.0,-290.0,-825.0
33.0,-189.0,-782.0
117.0,-91.0,-960.0
-58.0,290.0,-1182.0
158.0,119.0,-1042.0
-87.0,-19.0,-1173.0
83.0,-95.0,-1179.0
-15.0,224.0,-1034.0
56.0,-9.0,-837.0
-68.0,17.0,-667.0
48.0,103.0,-739.0
62.0,-3.0,-1085.0
78.0,31.0,-1253.0
-62.0,290.0,-1046.0
81.0,150.0,-929.0
150.0,-113.0,-1155.0
-19.0,-251.0,-913.0
160.0,-214.0,-722.0
-95.0,376.0,-935.0
197.0,-107.0,-1225.0
-105.0,150.0,-1173.0
175.0,-144.0,-989.0
-179.0,421.0,-1018.0
236.0,396.0,-1054.0
-39.0,-226.0,-897.0
3.0,-212.0,-894.0
-40.0,-290.0,-839.0
37.0,409.0,-1147.0
-126.0,244.0,-1059.0
-113.0,185.0,-1163.0
156.0,-245.0,-1186.0
-81.0,-267.0,-1126.0
31.0,197.0,-638.0
-122.0,29.0,-825.0
21.0,74.0,-1028.0
-187.0,-72.0,-1022.0
-48.0,66.0,-1118.0
-165.0,242.0,-1034.0
-140.0,392.0,-987.0
99.0,-81.0,-1057.0
-66.0,-312.0,-981.0
50.0,-452.0,-927.0
-236.0,343.0,-1007.0
40.0,117.0,-1007.0
-122.0,193.0,-1013.0
238.0,-372.0,-1089.0
-101.0,169.0,-1104.0
89.0,335.0,-1073.0
-191.0,304.0,-905.0
40.0,-464.0,-804.0
-66.0,101.0,-888.0
-35.0,78.0,-1003.0
-269.0,456.0,-1073.0
-1.0,-85.0,-952.0
66.0,-158.0,-1132.0
109.0,-81.0,-1143.0
-46.0,134.0,-851.0
-64.0,-3.0,-901.0
226.0,-29.0,-925.0
25.0,-165.0,-1079.0
13.0,74.0,-880.0
-119.0,448.0,-1139.0
107.0,156.0,-1089.0
50.0,162.0,-1124.0
224.0,-409.0,-825.0
-195.0,-224.0,-880.0
224.0,52.0,-812.0
-9.0,212.0,-999.0
-107.0,-64.0,-1085.0
11.0,158.0,-1106.0
152.0,148.0,-1163.0
-160.0,220.0,-1118.0
85.0,210.0,-905.0
39.0,-185.0,-747.0
27.0,-130.0,-964.0
-5.0,-152.0,-1030.0
-23.0,365.0,-1104.0
-7.0,183.0,-956.0
31.0,-191.0,-1147.0
-11.0,-144.0,-917.0
-132.0,128.0,-1032.0
-3.0,27.0,-722.0
-128.0,126.0,-960.0
146.0,-85.0,-1093.0
-37.0,304.0,-993.0
-17.0,222.0,-983.0
-68.0,144.0,-1216.0
163.0,-206.0,-1138.0
15.0,-117.0,-835.0
-103.0,-44.0,-909.0
39.0,-355.0,-1028.0
-160.0,357.0,-977.0
105.0,60.0,-962.0
-288.0,230.0,-1165.0
-121.0,56.0,-1114.0
72.0,167.0,-915.0
70.0,158.0,-1013.0
-142.0,-64.0,-954.0
134.0,-171.0,-952.0
11.0,-128.0,-1016.0
97.0,290.0,-917.0
-191.0,212.0,-1118.0
-101.0,23.0,-1177.0
138.0,-298.0,-1182.0
-156.0,-134.0,-936.0
44.0,158.0,-831.0
-48.0,3.0,-815.0
78.0,52.0,-956.0
-119.0,173.0,-1026.0
-68.0,177.0,-1126.0
-66.0,230.0,-1083.0
158.0,99.0,-1087.0
64.0,-210.0,-1095.0
-68.0,-5.0,-903.0
193.0,-452.0,-628.0
-42.0,304.0,-983.0
122.0,93.0,-1276.0
-359.0,60.0,-1122.0
87.0,11.0,-936.0
-126.0,56.0,-1112.0
91.0,339.0,-1005.0
11.0,99.0,-862.0
-150.0,-144.0,-843.0
68.0,-162.0,-1073.0
101.0,-111.0,-929.0
-117.0,296.0,-1007.0
29.0,351.0,-1098.0
99.0,-132.0,-1241.0
212.0,-368.0,-1040.0
13.0,-152.0,-796.0
-134.0,318.0,-759.0
109.0,189.0,-1038.0
99.0,113.0,-1169.0
-5.0,111.0,-1085.0
-89.0,160.0,-1087.0
33.0,121.0,-1071.0
21.0,3.0,-1036.0
78.0,-263.0,-804.0
-142.0,-324.0,-825.0
103.0,52.0,-1071.0
122.0,236.0,-1081.0
-124.0,68.0,-808.0
107.0,-52.0,-1073.0
-197.0,78.0,-1221.0
208.0,105.0,-1173.0
-117.0,212.0,-636.0
115.0,-109.0,-759.0
-44.0,-103.0,-1130.0
-7.0,0.0,-1077.0
-46.0,240.0,-954.0
242.0,329.0,-952.0
-263.0,-54.0,-1198.0
206.0,-284.0,-1102.0
-130.0,-251.0,-702.0
142.0,136.0,-749.0
-269.0,337.0,-1018.0
226.0,0.0,-1116.0
-224.0,-97.0,-1104.0
-15.0,169.0,-958.0
-21.0,206.0,-1046.0
-56.0,294.0,-1050.0
-33.0,-212.0,-1030.0
5.0,-331.0,-847.0
-21.0,-122.0,-991.0
-37.0,247.0,-1048.0
-9.0,265.0,-903.0
-46.0,-29.0,-936.0
7.0,-126.0,-1167.0
-15.0,206.0,-1339.0
160.0,56.0,-718.0
-74.0,81.0,-782.0
101.0,-195.0,-897.0
54.0,-48.0,-1192.0
-29.0,286.0,-1087.0
-201.0,283.0,-1044.0
39.0,124.0,-1100.0
42.0,-189.0,-1192.0
29.0,-283.0,-810.0
21.0,40.0,-802.0
107.0,-7.0,-927.0
-74.0,374.0,-1067.0
156.0,-9.0,-1046.0
-87.0,173.0,-1009.0
-35.0,44.0,-1132.0
80.0,-162.0,-1249.0
156.0,160.0,-897.0
-122.0,-247.0,-610.0
224.0,-177.0,-1036.0
-134.0,333.0,-1141.0
78.0,39.0,-1134.0
-115.0,23.0,-839.0
42.0,-220.0,-1098.0
-21.0,113.0,-985.0
203.0,193.0,-927.0
-138.0,109.0,-854.0
42.0,-91.0,-817.0
122.0,78.0,-1184.0
-17.0,-48.0,-1157.0
-31.0,247.0,-874.0
105.0,13.0,-899.0
-80.0,339.0,-1206.0
15.0,-591.0,-1179.0
-25.0,-50.0,-780.0
-91.0,39.0,-800.0
-171.0,37.0,-1093.0
-122.0,288.0,-1003.0
72.0,103.0,-903.0
-115.0,320.0,-1067.0
33.0,-31.0,-1180.0
87.0,76.0,-1032.0
64.0,-300.0,-772.0
54.0,-105.0,-831.0
9.0,-103.0,-1134.0
-9.0,273.0,-1057.0
-208.0,365.0,-1057.0
17.0,-124.0,-1067.0
-95.0,-3.0,-1190.0
179.0,-238.0,-1028.0
-212.0,290.0,-747.0
142.0,87.0,-718.0
-140.0,105.0,-1167.0
107.0,-165.0,-923.0
-169.0,187.0,-1050.0
87.0,163.0,-991.0
-56.0,-39.0,-1169.0
257.0,-261.0,-1038.0
-91.0,-265.0,-835.0
154.0,-78.0,-784.0
-103.0,306.0,-909.0
165.0,251.0,-1247.0
-117.0,171.0,-1034.0
-83.0,-13.0,-1077.0
0.0,39.0,-1073.0
130.0,-89.0,-993.0
68.0,156.0,-812.0
0.0,-150.0,-864.0
-50.0,-124.0,-1048.0
56.0,-17.0,-1095.0
78.0,128.0,-1028.0
37.0,-17.0,-1028.0
-80.0,119.0,-989.0
40.0,-144.0,-1042.0
74.0,212.0,-1061.0
-105.0,107.0,-806.0
56.0,-33.0,-927.0
-1.0,128.0,-1063.0
-95.0,318.0,-1098.0
37.0,208.0,-968.0
-25.0,-70.0,-1184.0
-33.0,-294.0,-1245.0
-48.0,-306.0,-839.0
-33.0,-64.0,-677.0
44.0,249.0,-894.0
-52.0,351.0,-1257.0
-44.0,101.0,-1046.0
0.0,-42.0,-1016.0
54.0,-46.0,-1069.0
-15.0,-31.0,-1179.0
13.0,-29.0,-884.0
9.0,124.0,-835.0
7.0,240.0,-847.0
-111.0,-95.0,-1122.0
-177.0,173.0,-977.0
126.0,-361.0,-1038.0
-95.0,339.0,-1032.0
66.0,-74.0,-1095.0
-11.0,-115.0,-962.0
37.0,29.0,-694.0
95.0,341.0,-858.0
66.0,142.0,-1163.0
-11.0,-281.0,-1165.0
9.0,154.0,-960.0
89.0,-111.0,-1028.0
48.0,388.0,-1145.0
74.0,-277.0,-1003.0
1.0,60.0,-858.0
-62.0,-193.0,-950.0
-35.0,218.0,-1067.0
76.0,37.0,-1005.0
-25.0,195.0,-843.0
-21.0,-91.0,-1018.0
9.0,83.0,-1188.0
56.0,-175.0,-1067.0
9.0,-117.0,-726.0
-42.0,185.0,-728.0
-269.0,-29.0,-956.0
226.0,-136.0,-972.0
-177.0,525.0,-1022.0
21.0,-113.0,-1198.0
-50.0,165.0,-1210.0
121.0,-505.0,-964.0
-33.0,119.0,-624.0
31.0,212.0,-718.0
-101.0,378.0,-1173.0
138.0,7.0,-1243.0
-107.0,109.0,-1173.0
148.0,-85.0,-981.0
-93.0,152.0,-1009.0
1.0,-185.0,-1026.0
33.0,-236.0,-856.0
-5.0,-31.0,-948.0
-97.0,337.0,-964.0
56.0,281.0,-1028.0
-234.0,269.0,-976.0
81.0,-208.0,-1061.0
-222.0,-224.0,-1122.0
195.0,-345.0,-1030.0
-162.0,312.0,-792.0
167.0,261.0,-802.0
-33.0,374.0,-1024.0
187.0,-162.0,-1167.0
-132.0,-195.0,-1042.0
50.0,-130.0,-874.0
-64.0,44.0,-1046.0
93.0,0.0,-1112.0
-66.0,85.0,-854.0
62.0,50.0,-983.0
-70.0,245.0,-853.0
85.0,263.0,-1110.0
-76.0,-146.0,-917.0
-80.0,-171.0,-1048.0
89.0,150.0,-1067.0
130.0,-163.0,-1200.0
-29.0,-93.0,-804.0
-144.0,-105.0,-985.0
23.0,150.0,-843.0
-5.0,486.0,-948.0
37.0,-19.0,-936.0
-201.0,134.0,-1247.0
-42.0,187.0,-1091.0
60.0,-271.0,-1042.0
214.0,-31.0,-815.0
-81.0,-283.0,-792.0
134.0,359.0,-843.0
204.0,464.0,-1210.0
115.0,-162.0,-1128.0
-7.0,15.0,-1081.0
267.0,-271.0,-940.0
284.0,-162.0,-970.0
144.0,105.0,-958.0
-15.0,97.0,-1015.0
286.0,341.0,-849.0
56.0,292.0,-1097.0
288.0,91.0,-1030.0
105.0,-56.0,-1038.0
554.0,-185.0,-979.0
384.0,197.0,-1163.0
1212.0,-407.0,-484.0
612.0,0.0,-974.0
1307.0,163.0,-769.0
1268.0,27.0,-1020.0
1415.0,470.0,-1251.0
1155.0,-89.0,-1056.0
1288.0,212.0,-1231.0
1789.0,-333.0,-821.0
1270.0,-62.0,-1089.0
1403.0,-107.0,-798.0
1257.0,247.0,-997.0
1485.0,234.0,-1102.0
1013.0,253.0,-1038.0
1233.0,113.0,-825.0
1225.0,-117.0,-925.0
1221.0,-191.0,-1159.0
1157.0,-72.0,-794.0
1018.0,-39.0,-761.0
1264.0,76.0,-722.0
800.0,569.0,-1052.0
1214.0,290.0,-931.0
702.0,429.0,-1260.0
1030.0,-443.0,-1120.0
831.0,-296.0,-1210.0
1110.0,-228.0,-890.0
880.0,-128.0,-919.0
1128.0,700.0,-847.0
1116.0,456.0,-1235.0
1268.0,255.0,-1221.0
1009.0,-142.0,-1179.0
1346.0,-138.0,-952.0
1358.0,124.0,-985.0
1354.0,111.0,-981.0
1401.0,-60.0,-1069.0
1446.0,101.0,-1065.0
1143.0,42.0,-981.0
1536.0,21.0,-936.0
1323.0,111.0,-1087.0
1300.0,-245.0,-1098.0
1106.0,-50.0,-1122.0
1344.0,29.0,-767.0
1161.0,154.0,-925.0
1337.0,-39.0,-638.0
1089.0,-66.0,-985.0
1319.0,281.0,-1130.0
1301.0,372.0,-1050.0
1465.0,-64.0,-901.0
1229.0,-226.0,-872.0
1446.0,-396.0,-936.0
1300.0,-154.0,-1015.0
1284.0,-113.0,-1106.0
1042.0,138.0,-1155.0
1175.0,519.0,-1026.0
1098.0,181.0,-812.0
1290.0,54.0,-921.0
968.0,160.0,-1221.0
1296.0,-158.0,-1048.0
1247.0,-509.0,-1087.0
1186.0,-130.0,-935.0
1120.0,189.0,-894.0
1374.0,542.0,-843.0
1192.0,447.0,-1018.0
1413.0,58.0,-1161.0
1300.0,-181.0,-1173.0
1557.0,-363.0,-1050.0
1272.0,-351.0,-1079.0
1335.0,189.0,-819.0
1432.0,630.0,-958.0
1514.0,558.0,-1063.0
1253.0,357.0,-1091.0
1704.0,-361.0,-894.0
1413.0,-119.0,-1077.0
1540.0,-185.0,-1161.0
1286.0,70.0,-1059.0
1762.0,-105.0,-868.0
1264.0,101.0,-813.0
1545.0,-33.0,-866.0
1106.0,466.0,-987.0
1469.0,50.0,-981.0
1022.0,382.0,-1130.0
1583.0,-5.0,-1145.0
1235.0,-99.0,-1046.0
1684.0,-185.0,-718.0
1167.0,134.0,-753.0
1452.0,210.0,-1052.0
1110.0,292.0,-1266.0
1426.0,1.0,-1095.0
1255.0,40.0,-993.0
1547.0,-44.0,-1028.0
1348.0,-15.0,-1116.0
1702.0,-275.0,-976.0
1255.0,85.0,-1030.0
1708.0,238.0,-923.0
1290.0,511.0,-1130.0
1528.0,87.0,-1026.0
1077.0,15.0,-1210.0
1627.0,-240.0,-1118.0
1274.0,-101.0,-1015.0
1423.0,-152.0,-835.0
1378.0,42.0,-794.0
1549.0,404.0,-870.0
1159.0,558.0,-1095.0
1518.0,95.0,-1249.0
1262.0,-117.0,-1157.0
1571.0,-464.0,-954.0
1180.0,-353.0,-851.0
1491.0,-60.0,-675.0
1083.0,474.0,-933.0
1280.0,733.0,-1179.0
1061.0,318.0,-1260.0
1354.0,-374.0,-999.0
1212.0,-519.0,-864.0
1383.0,-121.0,-907.0
1313.0,160.0,-958.0
1512.0,152.0,-1030.0
1259.0,191.0,-1036.0
1401.0,171.0,-1044.0
1300.0,99.0,-1018.0
1512.0,-13.0,-936.0
1284.0,-93.0,-1069.0
1585.0,7.0,-1073.0
1300.0,15.0,-1112.0
1588.0,-171.0,-960.0
1348.0,105.0,-884.0
1565.0,134.0,-993.0
1255.0,331.0,-1149.0
1512.0,3.0,-1005.0
1153.0,-11.0,-1005.0
1356.0,-132.0,-968.0
1175.0,-48.0,-1067.0
1341.0,-66.0,-903.0
1046.0,91.0,-983.0
1272.0,175.0,-979.0
1075.0,296.0,-938.0
1169.0,-3.0,-915.0
903.0,60.0,-1083.0
1009.0,3.0,-1114.0
837.0,-113.0,-1194.0
989.0,-232.0,-895.0
802.0,-105.0,-905.0
966.0,265.0,-819.0
812.0,464.0,-1003.0
819.0,320.0,-1093.0
702.0,99.0,-1331.0
829.0,-240.0,-1239.0
749.0,-345.0,-1065.0
817.0,-247.0,-765.0
628.0,89.0,-800.0
616.0,474.0,-1009.0
528.0,515.0,-1294.0
505.0,130.0,-1188.0
404.0,-134.0,-1046.0
489.0,-220.0,-1009.0
515.0,-224.0,-985.0
454.0,-29.0,-936.0
378.0,-27.0,-958.0
327.0,245.0,-954.0
314.0,322.0,-1009.0
191.0,392.0,-958.0
181.0,-70.0,-1098.0
109.0,-261.0,-1196.0
222.0,-331.0,-1042.0
191.0,-124.0,-798.0
167.0,121.0,-808.0
122.0,302.0,-976.0
66.0,347.0,-1138.0
50.0,132.0,-1065.0
3.0,-101.0,-1067.0
81.0,-257.0,-1038.0
99.0,-150.0,-1015.0
111.0,-58.0,-890.0
13.0,33.0,-956.0
115.0,220.0,-944.0
103.0,283.0,-1061.0
62.0,173.0,-1009.0
-11.0,-68.0,-1147.0
122.0,-210.0,-1126.0
126.0,-78.0,-1061.0
160.0,-44.0,-874.0
72.0,-15.0,-888.0
191.0,177.0,-942.0
128.0,310.0,-1093.0
105.0,271.0,-1005.0
66.0,-87.0,-1077.0
158.0,-283.0,-1091.0
175.0,-456.0,-1126.0
185.0,-474.0,-929.0
142.0,-318.0,-880.0
197.0,72.0,-901.0
169.0,290.0,-1132.0
119.0,183.0,-1108.0
146.0,-230.0,-1134.0
136.0,-353.0,-1061.0
121.0,-314.0,-1046.0
136.0,-242.0,-905.0
81.0,-189.0,-942.0
128.0,-56.0,-962.0
37.0,33.0,-1059.0
37.0,-33.0,-997.0
-1.0,-302.0,-1042.0
48.0,-484.0,-1112.0
7.0,-407.0,-1180.0
111.0,-400.0,-933.0
66.0,-300.0,-872.0
121.0,-130.0,-858.0
46.0,21.0,-1034.0
97.0,-52.0,-1095.0
62.0,-322.0,-1169.0
27.0,-554.0,-1050.0
21.0,-513.0,-1026.0
74.0,-425.0,-899.0
107.0,-411.0,-923.0
93.0,-361.0,-936.0
44.0,-93.0,-1034.0
83.0,-121.0,-956.0
72.0,-382.0,-1001.0
33.0,-499.0,-1067.0
60.0,-489.0,-1104.0
128.0,-355.0,-1005.0
113.0,-447.0,-895.0
60.0,-464.0,-925.0
122.0,-290.0,-948.0
87.0,9.0,-968.0
66.0,-115.0,-1036.0
-35.0,-335.0,-1175.0
46.0,-704.0,-1139.0
78.0,-650.0,-987.0
179.0,-614.0,-800.0
39.0,-111.0,-788.0
64.0,203.0,-997.0
48.0,195.0,-1192.0
78.0,-220.0,-1177.0
-56.0,-474.0,-1052.0
60.0,-525.0,-993.0
50.0,-339.0,-964.0
91.0,-331.0,-958.0
19.0,-177.0,-976.0
52.0,3.0,-1011.0
31.0,107.0,-1034.0
33.0,-89.0,-977.0
-3.0,-310.0,-1042.0
-17.0,-402.0,-1128.0
76.0,-290.0,-1032.0
56.0,-300.0,-915.0
-13.0,-111.0,-825.0
21.0,70.0,-923.0
31.0,105.0,-1091.0
-11.0,-21.0,-1106.0
-64.0,-247.0,-1100.0
-44.0,-298.0,-1073.0
19.0,-269.0,-1011.0
0.0,-271.0,-921.0
-56.0,-103.0,-894.0
-11.0,101.0,-1020.0
-13.0,255.0,-1106.0
-46.0,113.0,-1079.0
-87.0,-152.0,-1054.0
-80.0,-175.0,-1098.0
-25.0,-257.0,-1118.0
-60.0,-148.0,-997.0
17.0,-240.0,-958.0
-44.0,-156.0,-985.0
-29.0,132.0,-987.0
-74.0,341.0,-1005.0
-132.0,187.0,-1085.0
-142.0,-171.0,-1190.0
3.0,-495.0,-1122.0
-124.0,-445.0,-858.0
-58.0,-251.0,-767.0
-158.0,292.0,-847.0
-64.0,366.0,-1093.0
-158.0,35.0,-1134.0
-95.0,-251.0,-1098.0
-70.0,-511.0,-1022.0
-17.0,-411.0,-952.0
-56.0,-199.0,-899.0
-3.0,-144.0,-993.0
-66.0,50.0,-974.0
5.0,146.0,-1007.0
-44.0,146.0,-985.0
-13.0,-160.0,-1087.0
-81.0,-493.0,-1139.0
44.0,-513.0,-1138.0
3.0,-378.0,-958.0
122.0,-222.0,-831.0
21.0,-48.0,-890.0
70.0,15.0,-1075.0
-42.0,-89.0,-1110.0
78.0,-249.0,-1159.0
-35.0,-407.0,-1083.0
89.0,-431.0,-1052.0
40.0,-329.0,-931.0
113.0,-244.0,-901.0
-17.0,-204.0,-1003.0
11.0,-15.0,-1091.0
9.0,-210.0,-1028.0
56.0,-353.0,-1020.0
-29.0,-431.0,-1024.0
21.0,-388.0,-1095.0
21.0,-343.0,-1001.0
95.0,-468.0,-917.0
-3.0,-472.0,-925.0
74.0,-322.0,-956.0
0.0,-44.0,-979.0
11.0,-19.0,-1020.0
-27.0,-300.0,-1155.0
21.0,-589.0,-1124.0
64.0,-743.0,-936.0
130.0,-601.0,-786.0
9.0,-181.0,-817.0
54.0,-11.0,-1007.0
33.0,-140.0,-1153.0
62.0,-517.0,-1085.0
9.0,-743.0,-1056.0
27.0,-661.0,-987.0
103.0,-411.0,-950.0
134.0,-368.0,-993.0
46.0,-283.0,-1016.0
42.0,-76.0,-1009.0
56.0,-70.0,-997.0
56.0,-201.0,-1036.0
-39.0,-404.0,-1087.0
25.0,-595.0,-1171.0
50.0,-521.0,-1071.0
56.0,-468.0,-895.0
-27.0,-335.0,-858.0
15.0,-140.0,-948.0
-15.0,-42.0,-1102.0
-3.0,-218.0,-1139.0
-107.0,-343.0,-1044.0
-11.0,-462.0,-1028.0
-19.0,-339.0,-1020.0
0.0,-316.0,-901.0
-39.0,-281.0,-944.0
-7.0,-122.0,-974.0
-11.0,-15.0,-942.0
-46.0,-83.0,-929.0
-115.0,-187.0,-1077.0
-52.0,-343.0,-1134.0
11.0,-458.0,-1046.0
-5.0,-521.0,-876.0
-42.0,-421.0,-810.0
33.0,-142.0,-919.0
23.0,95.0,-1069.0
-50.0,124.0,-1065.0
-83.0,-66.0,-1116.0
-13.0,-372.0,-1145.0
25.0,-482.0,-1022.0
21.0,-456.0,-854.0
-50.0,-224.0,-804.0
-3.0,85.0,-985.0
-25.0,222.0,-1171.0
-44.0,-119.0,-1159.0
-48.0,-400.0,-1102.0
-35.0,-480.0,-1038.0
21.0,-288.0,-1009.0
-5.0,-156.0,-1001.0
-25.0,-91.0,-1036.0
-25.0,-42.0,-1073.0
-11.0,56.0,-1022.0
-60.0,97.0,-962.0
-81.0,-89.0,-1054.0
-130.0,-222.0,-1208.0
9.0,-376.0,-1122.0
-39.0,-357.0,-977.0
-15.0,-281.0,-804.0
-33.0,-121.0,-868.0
25.0,101.0,-1007.0
-66.0,19.0,-1122.0
-68.0,-156.0,-1108.0
-66.0,-220.0,-1075.0
23.0,-212.0,-985.0
-5.0,-261.0,-874.0
37.0,-312.0,-907.0
0.0,-271.0,-1005.0
-44.0,39.0,-1052.0
-27.0,44.0,-962.0
-44.0,-103.0,-970.0
-50.0,-302.0,-1143.0
25.0,-497.0,-1186.0
-5.0,-404.0,-936.0
89.0,-368.0,-829.0
-25.0,-111.0,-911.0
74.0,60.0,-1030.0
-40.0,85.0,-1069.0
-9.0,-85.0,-1157.0
-60.0,-482.0,-1202.0
9.0,-569.0,-1065.0
5.0,-548.0,-899.0
29.0,-267.0,-847.0
-33.0,62.0,-958.0
0.0,171.0,-1102.0
-40.0,-80.0,-1122.0
-3.0,-534.0,-1083.0
-35.0,-581.0,-985.0
-25.0,-519.0,-970.0
15.0,-216.0,-1028.0
9.0,-236.0,-968.0
-40.0,-341.0,-1013.0
25.0,-240.0,-962.0
-3.0,-152.0,-942.0
-33.0,-283.0,-942.0
-115.0,-322.0,-1132.0
46.0,-548.0,-1155.0
19.0,-513.0,-1011.0
74.0,-571.0,-827.0
-21.0,-316.0,-776.0
119.0,-81.0,-960.0
3.0,-52.0,-1102.0
42.0,-325.0,-1104.0
-70.0,-460.0,-1057.0
81.0,-527.0,-1063.0
64.0,-423.0,-935.0
126.0,-628.0,-901.0
1.0,-443.0,-950.0
58.0,-228.0,-1038.0
0.0,-3.0,-981.0
33.0,-56.0,-974.0
-56.0,-378.0,-1118.0
15.0,-644.0,-1169.0
42.0,-720.0,-1024.0
64.0,-661.0,-905.0
5.0,-253.0,-868.0
115.0,-21.0,-985.0
19.0,185.0,-1048.0
-27.0,-124.0,-1095.0
-95.0,-384.0,-1169.0
21.0,-638.0,-1134.0
54.0,-587.0,-944.0
66.0,-423.0,-853.0
-70.0,-160.0,-876.0
23.0,91.0,-1016.0
-37.0,15.0,-1132.0
-9.0,-249.0,-1139.0
-64.0,-513.0,-1001.0
-19.0,-489.0,-921.0
1.0,-316.0,-962.0
27.0,-290.0,-1036.0
-19.0,-290.0,-1065.0
15.0,-175.0,-962.0
-15.0,-89.0,-933.0
1.0,27.0,-925.0
-95.0,-162.0,-1007.0
-35.0,-343.0,-1192.0
15.0,-329.0,-1169.0
-1.0,-527.0,-933.0
9.0,-331.0,-784.0
-46.0,-103.0,-923.0
50.0,21.0,-1116.0
-58.0,-3.0,-1134.0
-37.0,-281.0,-1138.0
-27.0,-298.0,-1077.0
40.0,-443.0,-1036.0
-11.0,-345.0,-938.0
7.0,-294.0,-989.0
-29.0,-115.0,-1016.0
21.0,142.0,-954.0
-78.0,23.0,-987.0
-78.0,-72.0,-1081.0
-54.0,-388.0,-1171.0
0.0,-536.0,-1138.0
-46.0,-505.0,-940.0
29.0,-261.0,-823.0
7.0,-40.0,-933.0
-29.0,111.0,-1097.0
-91.0,52.0,-1052.0
-66.0,-193.0,-1108.0
-9.0,-478.0,-1175.0
-29.0,-435.0,-1036.0
-1.0,-499.0,-843.0
-48.0,-273.0,-825.0
11.0,52.0,-933.0
-80.0,130.0,-1126.0
-48.0,-58.0,-1102.0
-21.0,-407.0,-1085.0
-25.0,-558.0,-976.0
-31.0,-296.0,-905.0
35.0,-318.0,-1009.0
17.0,-126.0,-1044.0
-27.0,-259.0,-1007.0
29.0,-144.0,-968.0
-25.0,-74.0,-933.0
-48.0,-58.0,-936.0
-66.0,-245.0,-1149.0
15.0,-384.0,-1247.0
-9.0,-470.0,-991.0
23.0,-366.0,-776.0
-15.0,-279.0,-806.0
89.0,-29.0,-1044.0
-13.0,-113.0,-1147.0
27.0,-255.0,-1122.0
0.0,-316.0,-1087.0
46.0,-368.0,-1028.0
29.0,-302.0,-940.0
89.0,-497.0,-962.0
-29.0,-210.0,-976.0
42.0,0.0,-1009.0
7.0,62.0,-962.0
-29.0,27.0,-989.0
-9.0,-458.0,-1145.0
0.0,-605.0,-1138.0
27.0,-571.0,-1016.0
35.0,-447.0,-843.0
29.0,-124.0,-813.0
87.0,-70.0,-989.0
9.0,148.0,-1071.0
21.0,-318.0,-1095.0
-52.0,-316.0,-1155.0
27.0,-554.0,-1073.0
11.0,-525.0,-913.0
76.0,-366.0,-804.0
-40.0,-236.0,-958.0
3.0,-11.0,-1036.0
-42.0,-70.0,-1122.0
85.0,-392.0,-1100.0
-103.0,-495.0,-993.0
40.0,-456.0,-968.0
17.0,-281.0,-1001.0
29.0,-312.0,-1052.0
-66.0,-347.0,-1026.0
78.0,-251.0,-1001.0
-19.0,-35.0,-923.0
-33.0,-238.0,-931.0
-91.0,-107.0,-1054.0
17.0,-462.0,-1239.0
56.0,-464.0,-1112.0
11.0,-626.0,-831.0
-48.0,-374.0,-747.0
40.0,-81.0,-938.0
-9.0,72.0,-1102.0
9.0,-101.0,-1110.0
-60.0,-331.0,-1097.0
-17.0,-320.0,-1061.0
7.0,-568.0,-944.0
15.0,-472.0,-936.0
-62.0,-398.0,-960.0
39.0,-126.0,-1013.0
-11.0,113.0,-977.0
-5.0,-39.0,-993.0
-83.0,-126.0,-1091.0
-9.0,-503.0,-1167.0
17.0,-571.0,-1038.0
13.0,-511.0,-931.0
-11.0,-345.0,-860.0
52.0,-19.0,-942.0
-19.0,56.0,-1054.0
-50.0,-5.0,-1112.0
-48.0,-163.0,-1114.0
-39.0,-593.0,-1112.0
56.0,-445.0,-987.0
1.0,-380.0,-880.0
-15.0,-206.0,-874.0
-7.0,58.0,-936.0
39.0,-105.0,-1167.0
-62.0,-152.0,-1153.0
-44.0,-497.0,-1034.0
-39.0,-425.0,-983.0
56.0,-245.0,-1001.0
-58.0,-269.0,-1048.0
83.0,-288.0,-1028.0
-37.0,-341.0,-1042.0
78.0,-87.0,-948.0
-81.0,-15.0,-884.0
9.0,-46.0,-983.0
-163.0,-228.0,-1253.0
66.0,-448.0,-1216.0
-89.0,-552.0,-935.0
74.0,-431.0,-726.0
-56.0,-95.0,-806.0
109.0,3.0,-1067.0
-103.0,-78.0,-1188.0
62.0,-220.0,-1098.0
-81.0,-345.0,-1093.0
81.0,-359.0,-987.0
-62.0,-443.0,-925.0
107.0,-429.0,-936.0
-54.0,-115.0,-1028.0
23.0,150.0,-972.0
-70.0,181.0,-956.0
-21.0,-152.0,-1011.0
-68.0,-474.0,-1153.0
21.0,-513.0,-1147.0
1.0,-421.0,-958.0
70.0,-216.0,-823.0
-3.0,-76.0,-917.0
72.0,165.0,-1020.0
-21.0,146.0,-1104.0
-15.0,3.0,-1110.0
-33.0,-271.0,-1063.0
29.0,-431.0,-1046.0
9.0,-306.0,-938.0
50.0,-48.0,-854.0
-27.0,150.0,-901.0
29.0,191.0,-1065.0
-44.0,140.0,-1120.0
40.0,-208.0,-1075.0
-31.0,-91.0,-981.0
68.0,-54.0,-981.0
17.0,78.0,-1038.0
68.0,-21.0,-1044.0
-56.0,-103.0,-1032.0
42.0,46.0,-1001.0
0.0,187.0,-927.0
-7.0,380.0,-923.0
-162.0,132.0,-1216.0
15.0,83.0,-1313.0
-11.0,-171.0,-1056.0
70.0,-275.0,-782.0
-81.0,19.0,-735.0
19.0,265.0,-1048.0
-89.0,536.0,-1204.0
-1.0,179.0,-1200.0
-150.0,19.0,-1044.0
27.0,-201.0,-1009.0
-1.0,27.0,-936.0
37.0,-40.0,-921.0
-134.0,89.0,-1028.0
37.0,177.0,-1048.0
-60.0,447.0,-954.0
-17.0,179.0,-976.0
-119.0,-23.0,-1104.0
-39.0,-259.0,-1192.0
-21.0,-216.0,-1073.0
42.0,60.0,-792.0
-52.0,101.0,-851.0
7.0,341.0,-977.0
-33.0,283.0,-1085.0
-31.0,177.0,-1118.0
-109.0,-117.0,-1124.0
21.0,-206.0,-1065.0
21.0,-150.0,-962.0
62.0,-23.0,-915.0
-54.0,115.0,-931.0
3.0,140.0,-987.0
7.0,210.0,-1095.0
31.0,-74.0,-1075.0
-66.0,-76.0,-1038.0
1.0,-126.0,-1018.0
7.0,39.0,-1075.0
60.0,-152.0,-1001.0
-46.0,-154.0,-1011.0
48.0,-101.0,-997.0
19.0,29.0,-987.0
-17.0,222.0,-915.0
-56.0,-39.0,-1091.0
-21.0,-109.0,-1257.0
17.0,-380.0,-1186.0
11.0,-372.0,-876.0
5.0,-247.0,-722.0
-42.0,146.0,-919.0
37.0,298.0,-1120.0
-56.0,76.0,-1184.0
-35.0,-81.0,-1048.0
50.0,-482.0,-1030.0
7.0,-318.0,-966.0
-7.0,-384.0,-950.0
-44.0,-17.0,-935.0
9.0,-15.0,-1018.0
-11.0,279.0,-1026.0
0.0,122.0,-903.0
-56.0,-144.0,-1007.0
21.0,-331.0,-1134.0
19.0,-421.0,-1147.0
-1.0,-312.0,-960.0
39.0,-236.0,-831.0
-5.0,0.0,-880.0
66.0,78.0,-1050.0
-52.0,249.0,-1116.0
25.0,-218.0,-1155.0
-48.0,-306.0,-1087.0
66.0,-470.0,-1009.0
-29.0,-56.0,-931.0
101.0,-56.0,-913.0
-44.0,226.0,-999.0
9.0,105.0,-1057.0
-80.0,17.0,-1073.0
60.0,-203.0,-989.0
-81.0,-122.0,-1038.0
80.0,-162.0,-1038.0
-44.0,-72.0,-1048.0
72.0,-197.0,-950.0
-52.0,-271.0,-985.0
35.0,154.0,-897.0
13.0,220.0,-936.0
31.0,400.0,-993.0
-124.0,-3.0,-1196.0
70.0,-208.0,-1243.0
-89.0,-318.0,-983.0
87.0,-171.0,-708.0
-35.0,128.0,-772.0
37.0,349.0,-1095.0
-109.0,366.0,-1184.0
87.0,60.0,-1134.0
-99.0,-81.0,-1034.0
33.0,-257.0,-993.0
-52.0,0.0,-974.0
72.0,-91.0,-995.0
-111.0,236.0,-1015.0
109.0,224.0,-1040.0
-76.0,476.0,-983.0
37.0,148.0,-987.0
-142.0,158.0,-1180.0
33.0,-81.0,-1132.0
-68.0,-54.0,-1052.0
62.0,21.0,-854.0
-44.0,87.0,-903.0
21.0,345.0,-993.0
-52.0,378.0,-1188.0
21.0,247.0,-1077.0
-101.0,15.0,-1071.0
46.0,39.0,-1003.0
-5.0,48.0,-1013.0
37.0,15.0,-942.0
-80.0,54.0,-962.0
35.0,281.0,-1032.0
-9.0,193.0,-1044.0
21.0,208.0,-987.0
-39.0,89.0,-1016.0
-15.0,29.0,-1089.0
33.0,-35.0,-1075.0
11.0,-111.0,-995.0
-29.0,-206.0,-905.0
64.0,50.0,-960.0
23.0,308.0,-991.0
-58.0,406.0,-983.0
-76.0,124.0,-1108.0
-44.0,-85.0,-1262.0
66.0,-310.0,-1124.0
7.0,-226.0,-794.0
52.0,80.0,-763.0
1.0,294.0,-981.0
-3.0,513.0,-1151.0
11.0,150.0,-1179.0
-117.0,-109.0,-1061.0
13.0,-409.0,-989.0
19.0,-165.0,-989.0
29.0,-52.0,-960.0
-35.0,-7.0,-1001.0
1.0,95.0,-1020.0
3.0,308.0,-981.0
37.0,80.0,-960.0
-89.0,13.0,-1095.0
-40.0,-275.0,-1225.0
13.0,-169.0,-1110.0
56.0,-163.0,-886.0
13.0,-29.0,-845.0
-7.0,158.0,-903.0
-46.0,150.0,-1126.0
-27.0,66.0,-1163.0
-68.0,-162.0,-1112.0
-40.0,-238.0,-1034.0
-11.0,-156.0,-989.0
17.0,-62.0,-952.0
-9.0,-31.0,-925.0
9.0,68.0,-1013.0
-74.0,191.0,-1036.0
23.0,54.0,-972.0
-56.0,-117.0,-1015.0
-35.0,-191.0,-1071.0
-9.0,-130.0,-1083.0
50.0,-62.0,-977.0
-11.0,-89.0,-882.0
21.0,-242.0,-903.0
-7.0,187.0,-972.0
31.0,255.0,-979.0
-64.0,322.0,-1052.0
-44.0,-173.0,-1192.0
23.0,-366.0,-1147.0
5.0,-368.0,-903.0
91.0,-85.0,-772.0
-3.0,185.0,-897.0
11.0,413.0,-1108.0
25.0,111.0,-1200.0
21.0,-78.0,-1075.0
-15.0,-277.0,-1034.0
35.0,-230.0,-1022.0
-27.0,-15.0,-944.0
119.0,-91.0,-1065.0
-74.0,185.0,-1007.0
95.0,191.0,-1005.0
-81.0,308.0,-952.0
70.0,-99.0,-925.0
-103.0,-122.0,-1108.0
62.0,-279.0,-1179.0
-50.0,146.0,-1016.0
136.0,-169.0,-831.0
-76.0,126.0,-821.0
95.0,160.0,-958.0
-60.0,345.0,-1134.0
78.0,-23.0,-1110.0
-95.0,-3.0,-1085.0
56.0,-212.0,-964.0
-35.0,162.0,-981.0
81.0,-44.0,-915.0
-87.0,50.0,-1032.0
33.0,251.0,-972.0
-42.0,187.0,-979.0
11.0,199.0,-983.0
-95.0,-56.0,-1126.0
13.0,-21.0,-1159.0
9.0,-44.0,-1067.0
-11.0,-29.0,-940.0
-35.0,-42.0,-890.0
-3.0,402.0,-960.0
5.0,445.0,-1061.0
-78.0,577.0,-1069.0
-136.0,97.0,-1155.0
7.0,-171.0,-1188.0
-21.0,-316.0,-1007.0
105.0,-242.0,-866.0
-66.0,206.0,-817.0
56.0,542.0,-1026.0
-64.0,575.0,-1165.0
21.0,128.0,-1145.0
-85.0,-101.0,-1056.0
62.0,-261.0,-974.0
-44.0,-9.0,-972.0
89.0,-87.0,-999.0
-99.0,101.0,-1003.0
54.0,267.0,-1024.0
-50.0,542.0,-968.0
56.0,146.0,-915.0
-111.0,40.0,-1026.0
31.0,-331.0,-1167.0
-7.0,-103.0,-1100.0
46.0,-244.0,-944.0
-29.0,9.0,-819.0
70.0,175.0,-931.0
-3.0,355.0,-1106.0
31.0,122.0,-1143.0
-87.0,27.0,-1122.0
56.0,-281.0,-1020.0
-37.0,-21.0,-1026.0
23.0,-185.0,-964.0
-66.0,66.0,-993.0
29.0,148.0,-966.0
-5.0,187.0,-1071.0
-5.0,210.0,-940.0
-64.0,-48.0,-1030.0
-33.0,-144.0,-1145.0
56.0,-242.0,-1190.0
-48.0,-240.0,-948.0
48.0,-199.0,-856.0
-33.0,218.0,-923.0
68.0,343.0,-1030.0
-56.0,462.0,-1030.0
0.0,29.0,-1059.0
-25.0,-191.0,-1204.0
17.0,-357.0,-1065.0
-37.0,-255.0,-929.0
44.0,-236.0,-786.0
-68.0,251.0,-956.0
35.0,322.0,-1100.0
-11.0,124.0,-1163.0
11.0,-54.0,-1059.0
3.0,-339.0,-1018.0
21.0,-68.0,-952.0
-31.0,-27.0,-1024.0
33.0,89.0,-960.0
-48.0,17.0,-1054.0
39.0,175.0,-981.0
-81.0,165.0,-933.0
40.0,-9.0,-995.0
-107.0,-156.0,-1124.0
83.0,-154.0,-1130.0
-48.0,-121.0,-1020.0
111.0,-146.0,-808.0
-107.0,101.0,-874.0
126.0,142.0,-1048.0
-97.0,331.0,-1112.0
87.0,97.0,-1085.0
-109.0,40.0,-1095.0
115.0,-187.0,-1038.0
-58.0,-138.0,-940.0
167.0,-316.0,-942.0
-122.0,101.0,-1038.0
101.0,54.0,-1042.0
-83.0,398.0,-976.0
138.0,-17.0,-946.0
-122.0,39.0,-1155.0
126.0,-204.0,-1169.0
-74.0,29.0,-1063.0
173.0,-308.0,-849.0
-175.0,183.0,-909.0
167.0,74.0,-944.0
-80.0,509.0,-1071.0
37.0,140.0,-1044.0
-140.0,-17.0,-1221.0
83.0,-259.0,-1077.0
-62.0,-167.0,-960.0
156.0,-240.0,-767.0
-95.0,267.0,-919.0
89.0,363.0,-991.0
-60.0,411.0,-1161.0
78.0,52.0,-1083.0
-52.0,-288.0,-1032.0
37.0,-9.0,-921.0
-7.0,21.0,-987.0
76.0,179.0,-974.0
-78.0,5.0,-1011.0
70.0,154.0,-981.0
-1.0,93.0,-962.0
11.0,251.0,-1005.0
-72.0,-78.0,-1052.0
31.0,124.0,-1225.0
21.0,-136.0,-1098.0
-9.0,-48.0,-909.0
15.0,80.0,-788.0
1.0,320.0,-1026.0
3.0,374.0,-1106.0
-17.0,80.0,-1180.0
-101.0,23.0,-1067.0
48.0,13.0,-1081.0
1.0,27.0,-970.0
40.0,-177.0,-962.0
-101.0,-42.0,-948.0
40.0,89.0,-1042.0
-35.0,532.0,-1001.0
0.0,185.0,-979.0
-167.0,93.0,-1071.0
11.0,-144.0,-1210.0
-27.0,-66.0,-1083.0
37.0,-154.0,-905.0
-89.0,76.0,-815.0
72.0,195.0,-938.0
-29.0,466.0,-1071.0
-58.0,204.0,-1044.0
-89.0,-78.0,-1097.0
46.0,-249.0,-1108.0
11.0,-277.0,-1022.0
93.0,-156.0,-858.0
-68.0,148.0,-866.0
33.0,234.0,-985.0
-52.0,378.0,-1134.0
-23.0,80.0,-1110.0
-60.0,-238.0,-1065.0
-19.0,-134.0,-962.0
-3.0,-76.0,-1020.0
3.0,27.0,-985.0
-72.0,62.0,-1015.0
62.0,23.0,-952.0
-1.0,162.0,-991.0
-46.0,169.0,-960.0
-42.0,-138.0,-1034.0
-37.0,-48.0,-1159.0
39.0,-181.0,-1235.0
66.0,-97.0,-915.0
31.0,-60.0,-786.0
9.0,56.0,-899.0
54.0,318.0,-1073.0
-56.0,249.0,-1145.0
0.0,-40.0,-1089.0
-27.0,-128.0,-1106.0
11.0,-191.0,-1024.0
1.0,-181.0,-956.0
35.0,-64.0,-938.0
-1.0,-80.0,-1026.0
17.0,363.0,-991.0
-44.0,206.0,-999.0
-29.0,169.0,-1032.0
-44.0,-146.0,-1169.0
29.0,-333.0,-1153.0
-3.0,-204.0,-931.0
60.0,72.0,-800.0
11.0,171.0,-927.0
19.0,310.0,-1040.0
-99.0,292.0,-1020.0
35.0,-54.0,-1089.0
-76.0,-113.0,-1126.0
37.0,-355.0,-1048.0
-50.0,-199.0,-940.0
99.0,-25.0,-839.0
-56.0,290.0,-929.0
52.0,407.0,-1095.0
-101.0,351.0,-1139.0
91.0,-265.0,-1009.0
-68.0,-148.0,-1026.0
70.0,-226.0,-995.0
-44.0,132.0,-1050.0
144.0,-48.0,-991.0
-68.0,11.0,-1038.0
101.0,17.0,-958.0
-70.0,296.0,-958.0
130.0,0.0,-950.0
-173.0,175.0,-1192.0
64.0,-206.0,-1218.0
-85.0,-39.0,-1089.0
117.0,-269.0,-813.0
-89.0,15.0,-839.0
138.0,304.0,-972.0
-140.0,437.0,-1157.0
95.0,1.0,-1081.0
-105.0,13.0,-1118.0
117.0,-244.0,-977.0
-25.0,-35.0,-968.0
85.0,-154.0,-890.0
-101.0,-1.0,-1020.0
105.0,325.0,-989.0
-46.0,441.0,-966.0
29.0,265.0,-901.0
-83.0,29.0,-1149.0
21.0,-214.0,-1202.0
-19.0,-249.0,-1044.0
48.0,-111.0,-874.0
-78.0,27.0,-872.0
105.0,351.0,-964.0
-56.0,404.0,-1057.0
52.0,222.0,-1106.0
-107.0,-50.0,-1177.0
42.0,-197.0,-1108.0
-19.0,-81.0,-968.0
72.0,-21.0,-907.0
-64.0,21.0,-936.0
-9.0,355.0,-1034.0
-37.0,452.0,-1083.0
58.0,124.0,-1134.0
-117.0,-52.0,-989.0
-33.0,-220.0,-1024.0
-5.0,-23.0,-995.0
-15.0,107.0,-1046.0
3.0,-56.0,-970.0
7.0,187.0,-981.0
50.0,265.0,-923.0
-44.0,220.0,-981.0
-80.0,244.0,-1044.0
-58.0,-80.0,-1235.0
78.0,-126.0,-1116.0
-33.0,-224.0,-921.0
33.0,-97.0,-728.0
-19.0,220.0,-923.0
44.0,357.0,-1118.0
-56.0,273.0,-1132.0
-3.0,19.0,-1081.0
-27.0,-228.0,-1077.0
58.0,-322.0,-987.0
-44.0,-206.0,-940.0
33.0,-85.0,-942.0
-21.0,286.0,-1059.0
23.0,361.0,-1040.0
-105.0,290.0,-958.0
48.0,27.0,-1036.0
-54.0,-160.0,-1175.0
89.0,-290.0,-1098.0
-95.0,-124.0,-935.0
68.0,-214.0,-854.0
-5.0,218.0,-936.0
35.0,335.0,-1011.0
-60.0,238.0,-1087.0
-15.0,-7.0,-1106.0
-54.0,-247.0,-1130.0
101.0,-300.0,-1001.0
-46.0,13.0,-886.0
76.0,-89.0,-888.0
-76.0,251.0,-1018.0
70.0,308.0,-1075.0
-58.0,11.0,-1136.0
3.0,-74.0,-1003.0
-89.0,-290.0,-1020.0
40.0,3.0,-987.0
-23.0,23.0,-1097.0
78.0,-48.0,-1009.0
-44.0,-68.0,-981.0
72.0,136.0,-974.0
-50.0,158.0,-938.0
9.0,341.0,-999.0
-87.0,-31.0,-1212.0
66.0,-150.0,-1220.0
-21.0,-210.0,-974.0
17.0,-222.0,-745.0
-39.0,62.0,-821.0
23.0,353.0,-1056.0
-54.0,255.0,-1134.0
5.0,105.0,-1085.0
-83.0,-50.0,-1075.0
81.0,-244.0,-1001.0
-44.0,-60.0,-925.0
109.0,-185.0,-997.0
-58.0,91.0,-1007.0
121.0,242.0,-1001.0
-40.0,382.0,-954.0
101.0,175.0,-1005.0
-122.0,-60.0,-1169.0
56.0,-359.0,-1202.0
-81.0,-56.0,-1020.0
158.0,-269.0,-854.0
-60.0,165.0,-909.0
56.0,244.0,-1016.0
-91.0,353.0,-1163.0
37.0,35.0,-1093.0
-119.0,-70.0,-1132.0
105.0,-286.0,-1032.0
-60.0,81.0,-958.0
132.0,-111.0,-878.0
-132.0,212.0,-972.0
31.0,199.0,-1009.0
-72.0,165.0,-1118.0
78.0,78.0,-1032.0
-74.0,-117.0,-1007.0
56.0,-64.0,-989.0
-23.0,111.0,-1030.0
83.0,-9.0,-997.0
-85.0,-50.0,-977.0
70.0,197.0,-933.0
-25.0,158.0,-944.0
-1.0,380.0,-921.0
-101.0,103.0,-1114.0
50.0,-25.0,-1268.0
-17.0,-191.0,-1112.0
66.0,-378.0,-798.0
-19.0,-27.0,-765.0
62.0,265.0,-1003.0
-50.0,476.0,-1188.0
-33.0,318.0,-1163.0
-111.0,-25.0,-1095.0
109.0,-236.0,-993.0
-11.0,-70.0,-1007.0
80.0,-74.0,-952.0
-62.0,56.0,-1001.0
29.0,296.0,-1046.0
-39.0,302.0,-1009.0
-31.0,240.0,-964.0
-72.0,54.0,-1091.0
7.0,-251.0,-1157.0
7.0,-99.0,-1097.0
33.0,-105.0,-886.0
-31.0,83.0,-843.0
-11.0,271.0,-948.0
-13.0,271.0,-1108.0
-35.0,204.0,-1073.0
5.0,29.0,-1106.0
9.0,-292.0,-1052.0
9.0,13.0,-1022.0
19.0,-87.0,-921.0
-48.0,5.0,-950.0
-3.0,203.0,-976.0
1.0,54.0,-1089.0
-27.0,101.0,-1050.0
-40.0,-109.0,-1042.0
-50.0,-54.0,-1067.0
-42.0,42.0,-1063.0
-39.0,-1.0,-1030.0
33.0,-236.0,-940.0
-31.0,99.0,-958.0
52.0,60.0,-977.0
-60.0,499.0,-958.0
-25.0,3.0,-1022.0
-62.0,-56.0,-1243.0
50.0,-308.0,-1116.0
-19.0,-261.0,-907.0
93.0,-134.0,-739.0
-85.0,257.0,-909.0
81.0,255.0,-1067.0
-68.0,339.0,-1192.0
78.0,23.0,-1022.0
-58.0,-206.0,-1042.0
62.0,-189.0,-962.0
-17.0,-195.0,-1030.0
70.0,-13.0,-940.0
-70.0,203.0,-1003.0
78.0,245.0,-985.0
-91.0,173.0,-1009.0
74.0,-39.0,-1003.0
-58.0,-292.0,-1188.0
64.0,-144.0,-1165.0
-21.0,-74.0,-999.0
101.0,5.0,-847.0
-80.0,240.0,-919.0
122.0,171.0,-1026.0
-54.0,413.0,-1104.0
95.0,-1.0,-1083.0
-163.0,-175.0,-1097.0
19.0,-234.0,-1048.0
-81.0,-97.0,-940.0
124.0,-40.0,-913.0
-89.0,337.0,-956.0
122.0,144.0,-981.0
-56.0,222.0,-995.0
50.0,-58.0,-1038.0
-109.0,-80.0,-1067.0
35.0,68.0,-1067.0
-19.0,50.0,-1018.0
115.0,-162.0,-956.0
-68.0,-44.0,-940.0
81.0,52.0,-958.0
-56.0,527.0,-960.0
40.0,193.0,-1009.0
-179.0,-29.0,-1221.0
97.0,-312.0,-1223.0
-89.0,-257.0,-1036.0
158.0,-271.0,-784.0
-80.0,204.0,-810.0
142.0,265.0,-1046.0
-89.0,523.0,-1247.0
40.0,62.0,-1091.0
-130.0,-150.0,-1061.0
68.0,-163.0,-962.0
-29.0,-111.0,-976.0
68.0,-31.0,-972.0
-117.0,212.0,-1001.0
91.0,263.0,-991.0
-21.0,322.0,-987.0
97.0,158.0,-909.0
-80.0,-232.0,-1118.0
46.0,-70.0,-1182.0
-56.0,-144.0,-1073.0
60.0,-101.0,-917.0
-64.0,160.0,-823.0
122.0,236.0,-931.0
-29.0,421.0,-1073.0
23.0,284.0,-1138.0
-124.0,-99.0,-1087.0
3.0,-156.0,-1007.0
52.0,-187.0,-1030.0
17.0,-144.0,-1015.0
-66.0,93.0,-954.0
27.0,101.0,-987.0
9.0,489.0,-1063.0
39.0,206.0,-1044.0
-81.0,52.0,-1028.0
-21.0,-44.0,-1124.0
-44.0,-124.0,-1108.0
-11.0,-64.0,-976.0
-25.0,-91.0,-884.0
37.0,3.0,-1001.0
-33.0,407.0,-972.0
-27.0,413.0,-950.0
-93.0,204.0,-1071.0
1.0,-115.0,-1231.0
21.0,-415.0,-1106.0
29.0,-343.0,-890.0
-37.0,35.0,-735.0
13.0,294.0,-931.0
1.0,579.0,-1149.0
19.0,273.0,-1141.0
-48.0,-50.0,-1098.0
23.0,-171.0,-1001.0
-33.0,-240.0,-962.0
23.0,-222.0,-1005.0
-25.0,-5.0,-1005.0
33.0,99.0,-1028.0
0.0,249.0,-1009.0
-31.0,271.0,-979.0
-29.0,-126.0,-1050.0
-66.0,-17.0,-1167.0
52.0,-288.0,-1124.0
-37.0,-54.0,-981.0
56.0,-48.0,-800.0
-35.0,95.0,-905.0
33.0,296.0,-1054.0
-44.0,284.0,-1151.0
44.0,-52.0,-1063.0
-64.0,-101.0,-1018.0
60.0,-279.0,-989.0
-21.0,-111.0,-1003.0
80.0,-46.0,-899.0
-50.0,25.0,-1024.0
21.0,316.0,-1026.0
-54.0,126.0,-1009.0
21.0,27.0,-968.0
-39.0,7.0,-1106.0
29.0,-66.0,-1120.0
-44.0,-130.0,-1036.0
81.0,-146.0,-870.0
-39.0,-238.0,-942.0
70.0,177.0,-974.0
-13.0,382.0,-1052.0
33.0,214.0,-1032.0
-111.0,39.0,-1202.0
109.0,-324.0,-1190.0
-60.0,-275.0,-974.0
134.0,-56.0,-771.0
-89.0,236.0,-909.0
33.0,505.0,-1097.0
-70.0,212.0,-1138.0
74.0,-27.0,-1091.0
-66.0,-165.0,-1013.0
9.0,-208.0,-983.0
-54.0,-35.0,-938.0
91.0,-39.0,-981.0
-56.0,11.0,-1015.0
66.0,277.0,-987.0
-52.0,337.0,-956.0
93.0,95.0,-962.0
-113.0,13.0,-1118.0
101.0,-130.0,-1165.0
-48.0,58.0,-1087.0
122.0,-130.0,-831.0
-132.0,-9.0,-856.0
109.0,134.0,-993.0
-62.0,308.0,-1116.0
58.0,-54.0,-1114.0
-163.0,95.0,-1093.0
85.0,-216.0,-1003.0
-56.0,-29.0,-1024.0
85.0,-89.0,-958.0
-87.0,-89.0,-995.0
50.0,152.0,-1038.0
-58.0,343.0,-1016.0
13.0,162.0,-954.0
-121.0,132.0,-1089.0
50.0,-52.0,-1147.0
-15.0,-101.0,-1073.0
72.0,-128.0,-860.0
-74.0,-203.0,-874.0
60.0,247.0,-991.0
11.0,306.0,-1007.0
-25.0,339.0,-1009.0
-74.0,134.0,-1143.0
42.0,-175.0,-1171.0
39.0,-290.0,-1028.0
80.0,-226.0,-823.0
-50.0,76.0,-819.0
9.0,386.0,-995.0
-35.0,521.0,-1083.0
-1.0,29.0,-1177.0
-83.0,-136.0,-1071.0
50.0,-306.0,-993.0
-29.0,25.0,-968.0
27.0,60.0,-985.0
-29.0,13.0,-1003.0
37.0,203.0,-1050.0
-7.0,316.0,-1013.0
-5.0,150.0,-1026.0
-87.0,46.0,-989.0
-58.0,-191.0,-1198.0
33.0,-19.0,-1139.0
7.0,31.0,-938.0
25.0,5.0,-802.0
-56.0,175.0,-909.0
17.0,212.0,-1050.0
-56.0,163.0,-1147.0
-33.0,42.0,-1052.0
-46.0,-216.0,-1028.0
21.0,15.0,-1024.0
-33.0,-13.0,-976.0
72.0,-39.0,-948.0
-33.0,181.0,-987.0
101.0,281.0,-993.0
-58.0,206.0,-991.0
29.0,74.0,-1018.0
-89.0,-124.0,-1200.0
103.0,-286.0,-1165.0
-68.0,-105.0,-954.0
119.0,-242.0,-819.0
-81.0,210.0,-991.0
148.0,187.0,-968.0
-121.0,357.0,-1097.0
19.0,107.0,-1052.0
-111.0,-134.0,-1182.0
60.0,-345.0,-1067.0
-66.0,-177.0,-952.0
109.0,-185.0,-798.0
-64.0,320.0,-950.0
93.0,509.0,-1036.0
-58.0,195.0,-1141.0
56.0,-76.0,-1048.0
-31.0,-407.0,-1028.0
-13.0,-109.0,-991.0
-3.0,-25.0,-981.0
62.0,101.0,-993.0
-25.0,74.0,-1009.0
11.0,171.0,-979.0
-25.0,124.0,-960.0
31.0,197.0,-966.0
-83.0,-179.0,-1139.0
-15.0,-136.0,-1202.0
-46.0,-107.0,-1046.0
89.0,-210.0,-849.0
-93.0,119.0,-825.0
146.0,296.0,-995.0
-25.0,195.0,-1173.0
31.0,115.0,-1126.0
-81.0,-142.0,-1102.0
56.0,-3.0,-1011.0
9.0,-95.0,-974.0
80.0,-224.0,-960.0
-50.0,115.0,-1026.0
56.0,286.0,-1003.0
-39.0,308.0,-983.0
-13.0,193.0,-952.0
-115.0,-132.0,-1108.0
13.0,-208.0,-1186.0
-42.0,-64.0,-1020.0
111.0,-290.0,-851.0
-128.0,117.0,-837.0
158.0,296.0,-958.0
-39.0,445.0,-1046.0
74.0,306.0,-1083.0
-156.0,-81.0,-1159.0
54.0,-271.0,-1120.0
-39.0,-222.0,-954.0
158.0,-228.0,-858.0
-68.0,226.0,-897.0
19.0,324.0,-1026.0
-17.0,374.0,-1141.0
52.0,46.0,-1116.0
-91.0,-333.0,-1048.0
33.0,-236.0,-952.0
-54.0,5.0,-1011.0
80.0,19.0,-1020.0
-87.0,81.0,-1003.0
66.0,191.0,-1020.0
-52.0,222.0,-985.0
40.0,306.0,-927.0
-173.0,-83.0,-1059.0
3.0,-5.0,-1182.0
35.0,-242.0,-1077.0
93.0,-165.0,-940.0
-33.0,13.0,-802.0
80.0,173.0,-919.0
-7.0,398.0,-1075.0
42.0,232.0,-1134.0
-101.0,21.0,-1028.0
35.0,-126.0,-1077.0
-89.0,-9.0,-1020.0
103.0,-374.0,-950.0
-113.0,5.0,-935.0
105.0,115.0,-1042.0
-78.0,441.0,-989.0
21.0,359.0,-942.0
-85.0,23.0,-1061.0
-7.0,-162.0,-1231.0
35.0,-242.0,-1122.0
7.0,-269.0,-940.0
-21.0,109.0,-839.0
39.0,165.0,-977.0
-9.0,491.0,-1052.0
-68.0,417.0,-1067.0
-68.0,40.0,-1143.0
27.0,-222.0,-1114.0
-33.0,-222.0,-1013.0
37.0,-244.0,-886.0
-66.0,74.0,-895.0
1.0,269.0,-936.0
-39.0,452.0,-1091.0
-17.0,212.0,-1057.0
-37.0,-134.0,-1067.0
-37.0,-156.0,-1018.0
0.0,-76.0,-979.0
-11.0,109.0,-985.0
25.0,52.0,-997.0
-37.0,39.0,-1009.0
101.0,101.0,-960.0
-21.0,331.0,-970.0
27.0,44.0,-1015.0
-134.0,-5.0,-1204.0
91.0,-251.0,-1196.0
-48.0,-242.0,-1028.0
83.0,-247.0,-776.0
-39.0,144.0,-913.0
29.0,331.0,-1015.0
-78.0,378.0,-1212.0
23.0,-70.0,-1079.0
-117.0,-17.0,-1085.0
93.0,-201.0,-964.0
-64.0,-158.0,-1005.0
89.0,-48.0,-870.0
-66.0,-48.0,-1048.0
138.0,238.0,-1011.0
-95.0,355.0,-995.0
54.0,132.0,-948.0
-66.0,-111.0,-1196.0
103.0,-204.0,-1112.0
-56.0,-230.0,-1005.0
113.0,-29.0,-812.0
-95.0,128.0,-915.0
109.0,298.0,-993.0
-78.0,400.0,-1106.0
48.0,-68.0,-1056.0
-181.0,-113.0,-1149.0
95.0,-296.0,-1067.0
-68.0,-242.0,-917.0
126.0,23.0,-878.0
-89.0,173.0,-956.0
74.0,343.0,-1048.0
-3.0,306.0,-1108.0
62.0,-33.0,-1098.0
-23.0,-142.0,-1001.0
17.0,-95.0,-981.0
-1.0,81.0,-1016.0
35.0,-29.0,-1046.0
-70.0,-25.0,-1018.0
74.0,46.0,-960.0
-31.0,310.0,-936.0
68.0,62.0,-935.0
-156.0,146.0,-1077.0
46.0,-48.0,-1235.0
9.0,-99.0,-1102.0
81.0,-242.0,-829.0
-62.0,-50.0,-794.0
70.0,195.0,-962.0
-46.0,530.0,-1110.0
33.0,119.0,-1114.0
-70.0,50.0,-1093.0
46.0,-216.0,-1075.0
-17.0,-130.0,-993.0
21.0,-117.0,-936.0
-76.0,-124.0,-999.0
119.0,109.0,-1036.0
-64.0,335.0,-997.0
50.0,255.0,-970.0
-146.0,101.0,-1134.0
-17.0,-89.0,-1223.0
-7.0,-392.0,-1067.0
9.0,-85.0,-899.0
-80.0,-15.0,-792.0
66.0,312.0,-972.0
-40.0,421.0,-1032.0
-13.0,126.0,-1124.0
-111.0,-5.0,-1106.0
27.0,-210.0,-1077.0
42.0,-236.0,-962.0
107.0,-136.0,-864.0
-66.0,58.0,-880.0
72.0,255.0,-1016.0
-40.0,536.0,-1098.0
78.0,15.0,-1104.0
-89.0,-83.0,-1026.0
13.0,-199.0,-993.0
-44.0,27.0,-1038.0
3.0,60.0,-1020.0
21.0,-39.0,-970.0
9.0,-60.0,-979.0
27.0,222.0,-999.0
-21.0,197.0,-950.0
-66.0,204.0,-1056.0
-44.0,-58.0,-1286.0
33.0,-109.0,-1147.0
-25.0,-208.0,-946.0
31.0,31.0,-737.0
0.0,150.0,-913.0
0.0,472.0,-1128.0
-13.0,273.0,-1194.0
-76.0,17.0,-1057.0
-54.0,-226.0,-1056.0
42.0,-191.0,-979.0
-46.0,-52.0,-903.0
64.0,44.0,-948.0
-25.0,146.0,-1065.0
3.0,310.0,-1003.0
-70.0,244.0,-966.0
-35.0,80.0,-999.0
-85.0,-64.0,-1149.0
70.0,-271.0,-1151.0
-37.0,-58.0,-948.0
134.0,-44.0,-813.0
-66.0,191.0,-944.0
21.0,-48.0,-1116.0
-62.0,-245.0,-1132.0
83.0,-353.0,-1036.0
-44.0,-54.0,-968.0
80.0,-23.0,-872.0
-48.0,271.0,-1030.0
-7.0,343.0,-1042.0
-66.0,111.0,-1089.0
56.0,-70.0,-993.0
-74.0,-158.0,-1009.0
40.0,-72.0,-997.0
-13.0,99.0,-1069.0
62.0,-74.0,-1009.0
-54.0,-128.0,-1001.0
126.0,111.0,-880.0
-9.0,236.0,-905.0
39.0,230.0,-948.0
-173.0,11.0,-1233.0
144.0,-199.0,-1247.0
-42.0,-185.0,-1052.0
156.0,-185.0,-772.0
-119.0,95.0,-769.0
171.0,308.0,-995.0
-103.0,361.0,-1192.0
44.0,27.0,-1110.0
-163.0,-113.0,-1085.0
121.0,-331.0,-1038.0
-15.0,-175.0,-974.0
115.0,-177.0,-966.0
-97.0,152.0,-974.0
97.0,390.0,-993.0
-21.0,415.0,-966.0
58.0,122.0,-983.0
-156.0,-23.0,-1151.0
39.0,-269.0,-1257.0
-54.0,-46.0,-1032.0
121.0,-261.0,-825.0
-130.0,132.0,-835.0
167.0,271.0,-929.0
-39.0,448.0,-1081.0
37.0,124.0,-1153.0
-177.0,-91.0,-1143.0
72.0,-353.0,-1018.0
-31.0,-60.0,-966.0
117.0,-42.0,-837.0
-64.0,228.0,-894.0
35.0,292.0,-1007.0
-1.0,277.0,-1147.0
21.0,23.0,-1112.0
-91.0,-146.0,-1016.0
25.0,-105.0,-995.0
-33.0,35.0,-1016.0
31.0,-52.0,-1032.0
-46.0,-126.0,-1022.0
19.0,27.0,-997.0
52.0,169.0,-999.0
-64.0,374.0,-958.0
-85.0,171.0,-1069.0
-7.0,-91.0,-1253.0
29.0,-244.0,-1087.0
-23.0,-240.0,-841.0
-11.0,-113.0,-743.0
27.0,286.0,-1007.0
-21.0,433.0,-1145.0
-9.0,261.0,-1155.0
-44.0,74.0,-993.0
29.0,-259.0,-983.0
7.0,-121.0,-927.0
76.0,-281.0,-1007.0
-72.0,70.0,-1007.0
64.0,144.0,-1097.0
-15.0,474.0,-948.0
0.0,327.0,-956.0
-80.0,140.0,-1016.0
-21.0,-281.0,-1177.0
33.0,-160.0,-1097.0
9.0,-265.0,-1022.0
-1.0,-13.0,-847.0
3.0,130.0,-983.0
13.0,448.0,-1052.0
-64.0,366.0,-1106.0
17.0,50.0,-1057.0
-5.0,-224.0,-1077.0
25.0,-175.0,-1040.0
-31.0,-85.0,-1026.0
39.0,95.0,-911.0
-25.0,238.0,-991.0
13.0,277.0,-1042.0
-58.0,199.0,-1044.0
52.0,-17.0,-944.0
-56.0,-70.0,-1075.0
33.0,-46.0,-1057.0
-44.0,-29.0,-1057.0
64.0,-165.0,-995.0
-54.0,-5.0,-948.0
56.0,160.0,-894.0
13.0,441.0,-913.0
21.0,314.0,-997.0
-80.0,33.0,-1247.0
23.0,-269.0,-1282.0
-48.0,-300.0,-977.0
70.0,-249.0,-728.0
-52.0,146.0,-784.0
99.0,372.0,-1075.0
-46.0,349.0,-1216.0
54.0,7.0,-1153.0
-109.0,-210.0,-1046.0
23.0,-267.0,-1044.0
-19.0,-111.0,-977.0
66.0,-39.0,-948.0
-60.0,74.0,-997.0
66.0,361.0,-981.0
1.0,249.0,-964.0
-15.0,99.0,-1005.0
-121.0,-175.0,-1169.0
-1.0,-199.0,-1169.0
-52.0,-85.0,-958.0
158.0,-142.0,-763.0
-81.0,60.0,-841.0
158.0,216.0,-1015.0
-83.0,316.0,-1134.0
80.0,158.0,-1083.0
-111.0,-162.0,-1100.0
85.0,-201.0,-993.0
-29.0,-42.0,-944.0
148.0,-17.0,-917.0
-117.0,124.0,-983.0
101.0,74.0,-1065.0
-103.0,83.0,-1069.0
115.0,-97.0,-1020.0
-101.0,-17.0,-1030.0
74.0,76.0,-1075.0
-44.0,40.0,-1046.0
107.0,-126.0,-989.0
-113.0,-109.0,-985.0
109.0,31.0,-987.0
-46.0,382.0,-936.0
35.0,341.0,-977.0
-136.0,136.0,-1143.0
74.0,-130.0,-1208.0
-13.0,-232.0,-1032.0
109.0,-284.0,-843.0
-85.0,11.0,-769.0
66.0,284.0,-999.0
-46.0,443.0,-1153.0
7.0,150.0,-1157.0
-109.0,-83.0,-1005.0
89.0,-179.0,-956.0
-23.0,-13.0,-1005.0
85.0,-50.0,-995.0
-72.0,46.0,-1007.0
78.0,189.0,-1007.0
-31.0,210.0,-974.0
35.0,271.0,-938.0
-115.0,-87.0,-1065.0
-15.0,-124.0,-1229.0
17.0,-261.0,-1138.0
33.0,-101.0,-913.0
0.0,0.0,-804.0
-21.0,224.0,-923.0
-13.0,378.0,-1102.0
-21.0,183.0,-1184.0
-126.0,-35.0,-1085.0
0.0,-263.0,-1022.0
-27.0,-144.0,-966.0
39.0,-33.0,-966.0
-39.0,56.0,-886.0
44.0,197.0,-1015.0
-33.0,345.0,-1024.0
11.0,0.0,-995.0
-56.0,-48.0,-989.0
-39.0,-83.0,-1120.0
25.0,115.0,-1075.0
-9.0,-48.0,-1009.0
-1.0,-58.0,-895.0
-7.0,-111.0,-983.0
70.0,335.0,-976.0
-40.0,370.0,-974.0
-39.0,249.0,-1083.0
-81.0,-173.0,-1247.0
21.0,-271.0,-1141.0
-7.0,-333.0,-946.0
-3.0,7.0,-755.0
-25.0,283.0,-936.0
11.0,423.0,-1145.0
-74.0,382.0,-1186.0
40.0,-21.0,-1056.0
-33.0,-195.0,-1042.0
31.0,-111.0,-991.0
-44.0,-60.0,-1001.0
83.0,171.0,-1007.0
-89.0,150.0,-1016.0
56.0,224.0,-929.0
-60.0,265.0,-977.0
54.0,25.0,-966.0
-107.0,-130.0,-1161.0
76.0,-212.0,-1190.0
-54.0,-54.0,-1022.0
89.0,-21.0,-786.0
-50.0,183.0,-831.0
93.0,333.0,-1018.0
-60.0,288.0,-1177.0
42.0,-54.0,-1108.0
-81.0,-91.0,-1083.0
105.0,-146.0,-981.0
-15.0,0.0,-968.0
132.0,-224.0,-946.0
-122.0,105.0,-1020.0
148.0,121.0,-1046.0
-48.0,175.0,-1067.0
70.0,76.0,-985.0
-140.0,-105.0,-1124.0
81.0,-27.0,-1097.0
-21.0,-19.0,-1081.0
68.0,-146.0,-876.0
-83.0,-81.0,-936.0
78.0,62.0,-940.0
-103.0,368.0,-1038.0
46.0,286.0,-977.0
-189.0,9.0,-1143.0
158.0,-214.0,-1161.0
-62.0,-370.0,-997.0
152.0,-197.0,-771.0
-39.0,111.0,-825.0
105.0,404.0,-1028.0
-46.0,437.0,-1163.0
27.0,70.0,-1122.0
-87.0,-216.0,-1026.0
0.0,-300.0,-972.0
46.0,-130.0,-952.0
48.0,-60.0,-1026.0
-66.0,111.0,-1024.0
74.0,218.0,-1034.0
-56.0,316.0,-936.0
64.0,3.0,-977.0
-89.0,-56.0,-1093.0
33.0,-189.0,-1192.0
-21.0,-68.0,-1112.0
107.0,-78.0,-938.0
-76.0,95.0,-790.0
117.0,228.0,-956.0
-39.0,308.0,-1085.0
46.0,146.0,-1114.0
-66.0,-111.0,-1079.0
-27.0,-121.0,-1052.0
0.0,-68.0,-1016.0
-1.0,-76.0,-972.0
5.0,-19.0,-878.0
35.0,197.0,-1016.0
-40.0,407.0,-1015.0
-27.0,199.0,-1009.0
-70.0,-95.0,-1018.0
15.0,-115.0,-1173.0
-21.0,-134.0,-1067.0
23.0,33.0,-954.0
-37.0,-27.0,-851.0
80.0,85.0,-981.0
-15.0,230.0,-987.0
-15.0,306.0,-1061.0
-39.0,72.0,-1087.0
11.0,-169.0,-1196.0
27.0,-339.0,-1095.0
-11.0,-261.0,-905.0
-13.0,-31.0,-813.0
-42.0,409.0,-946.0
-21.0,544.0,-1104.0
-11.0,187.0,-1180.0
-54.0,-138.0,-1020.0
15.0,-290.0,-1001.0
-66.0,-136.0,-977.0
25.0,-21.0,-995.0
-15.0,66.0,-966.0
54.0,130.0,-1048.0
-23.0,343.0,-938.0
21.0,175.0,-913.0
-54.0,54.0,-1032.0
-42.0,-152.0,-1138.0
35.0,-107.0,-1179.0
17.0,-167.0,-1020.0
-7.0,17.0,-806.0
-17.0,91.0,-833.0
9.0,456.0,-1093.0
-15.0,300.0,-1173.0
-52.0,19.0,-1136.0
-23.0,-222.0,-1044.0
1.0,-175.0,-1038.0
-11.0,-89.0,-964.0
27.0,-31.0,-952.0
-50.0,117.0,-1056.0
40.0,273.0,-1059.0
-66.0,382.0,-933.0
56.0,152.0,-962.0
-87.0,-7.0,-1151.0
76.0,-126.0,-1171.0
-33.0,-144.0,-1018.0
68.0,-216.0,-854.0
-81.0,58.0,-882.0
126.0,265.0,-936.0
-44.0,534.0,-1038.0
40.0,214.0,-1036.0
-173.0,11.0,-1184.0
60.0,-368.0,-1122.0
-50.0,-359.0,-970.0
134.0,-152.0,-790.0
-31.0,228.0,-878.0
80.0,558.0,-1042.0
-39.0,409.0,-1163.0
31.0,-13.0,-1100.0
-111.0,-277.0,-1048.0
76.0,-341.0,-972.0
-5.0,-70.0,-976.0
134.0,-74.0,-1034.0
-111.0,27.0,-1093.0
81.0,210.0,-983.0
-40.0,257.0,-997.0
58.0,144.0,-952.0
-136.0,-66.0,-1104.0
27.0,-68.0,-1151.0
-74.0,-56.0,-1136.0
138.0,-203.0,-835.0
-109.0,-78.0,-864.0
126.0,187.0,-946.0
-111.0,290.0,-1054.0
91.0,160.0,-1071.0
-122.0,-66.0,-1067.0
138.0,-97.0,-1040.0
-3.0,-138.0,-1005.0
11.0,-99.0,-892.0
-78.0,-9.0,-968.0
119.0,109.0,-1013.0
-58.0,425.0,-997.0
40.0,115.0,-974.0
-167.0,156.0,-1069.0
76.0,-214.0,-1169.0
-56.0,-199.0,-1093.0
80.0,-257.0,-880.0
-85.0,-89.0,-870.0
126.0,167.0,-972.0
-58.0,497.0,-1056.0
-5.0,201.0,-1048.0
-146.0,146.0,-1171.0
111.0,-216.0,-1124.0
-23.0,-187.0,-1016.0
134.0,-220.0,-851.0
-107.0,39.0,-851.0
81.0,275.0,-1011.0
-33.0,439.0,-1116.0
-7.0,101.0,-1104.0
-76.0,-201.0,-1067.0
39.0,-126.0,-983.0
-7.0,19.0,-962.0
46.0,29.0,-1028.0
-78.0,39.0,-983.0
19.0,109.0,-1052.0
-42.0,226.0,-989.0
-39.0,189.0,-966.0
-66.0,29.0,-985.0
17.0,-23.0,-1202.0
50.0,-142.0,-1145.0
-3.0,-167.0,-987.0
-7.0,-64.0,-813.0
9.0,87.0,-921.0
-19.0,351.0,-1069.0
-9.0,163.0,-1206.0
-76.0,66.0,-1065.0
7.0,-117.0,-1087.0
-13.0,-128.0,-993.0
-13.0,-95.0,-991.0
9.0,-81.0,-952.0
-25.0,128.0,-1007.0
44.0,380.0,-991.0
-42.0,220.0,-993.0
-46.0,105.0,-983.0
-39.0,-122.0,-1188.0
3.0,-185.0,-1097.0
1.0,-214.0,-972.0
78.0,-62.0,-802.0
19.0,146.0,-933.0
46.0,368.0,-1015.0
-72.0,288.0,-1083.0
11.0,140.0,-1061.0
-11.0,-193.0,-1151.0
48.0,-247.0,-1093.0
0.0,-136.0,-927.0
21.0,19.0,-823.0
-27.0,261.0,-954.0
-17.0,413.0,-1097.0
-60.0,271.0,-1147.0
42.0,-167.0,-1061.0
-89.0,-292.0,-1050.0
0.0,-162.0,-1018.0
-46.0,126.0,-1034.0
121.0,156.0,-999.0
-48.0,78.0,-1034.0
31.0,152.0,-958.0
-21.0,226.0,-950.0
-44.0,162.0,-950.0
-95.0,95.0,-1163.0
37.0,-175.0,-1175.0
-33.0,-48.0,-1065.0
89.0,-204.0,-790.0
-76.0,115.0,-823.0
119.0,253.0,-985.0
-91.0,308.0,-1132.0
91.0,101.0,-1098.0
-111.0,-46.0,-1095.0
78.0,-56.0,-989.0
-56.0,-101.0,-958.0
109.0,-99.0,-935.0
-54.0,7.0,-976.0
97.0,222.0,-1038.0
-70.0,349.0,-1026.0
72.0,136.0,-960.0
-111.0,-72.0,-1126.0
70.0,-265.0,-1188.0
-11.0,-251.0,-1054.0
134.0,-162.0,-841.0
-99.0,15.0,-890.0
138.0,261.0,-985.0
-66.0,435.0,-1075.0
78.0,222.0,-1052.0
-167.0,-121.0,-1157.0
42.0,-343.0,-1120.0
-62.0,-160.0,-931.0
169.0,-66.0,-843.0
-105.0,121.0,-901.0
44.0,261.0,-1034.0
-66.0,279.0,-1071.0
105.0,-40.0,-1073.0
-83.0,-165.0,-1018.0
74.0,-325.0,-979.0
-48.0,113.0,-1009.0
85.0,40.0,-999.0
-124.0,105.0,-999.0
124.0,78.0,-1001.0
-74.0,273.0,-940.0
85.0,97.0,-921.0
-140.0,113.0,-1093.0
35.0,-204.0,-1223.0
-44.0,-181.0,-1159.0
144.0,-347.0,-888.0
-74.0,-52.0,-813.0
68.0,273.0,-944.0
-78.0,464.0,-1102.0
68.0,277.0,-1097.0
-119.0,31.0,-1098.0
76.0,-162.0,-1069.0
-101.0,-148.0,-995.0
46.0,-185.0,-989.0
-70.0,-91.0,-927.0
64.0,228.0,-1036.0
-37.0,394.0,-1005.0
-11.0,423.0,-915.0
-60.0,0.0,-1063.0
-3.0,-288.0,-1218.0
-7.0,-238.0,-1077.0
-7.0,-175.0,-942.0
11.0,29.0,-823.0
33.0,314.0,-954.0
19.0,421.0,-1028.0
-66.0,335.0,-1079.0
-19.0,-11.0,-1145.0
-31.0,-388.0,-1143.0
13.0,-236.0,-1015.0
15.0,-179.0,-935.0
-31.0,80.0,-888.0
3.0,316.0,-1001.0
-13.0,398.0,-1046.0
-21.0,113.0,-1182.0
-21.0,-183.0,-1052.0
-64.0,-222.0,-1009.0
62.0,-9.0,-983.0
-54.0,58.0,-1057.0
78.0,-11.0,-1003.0
-44.0,-3.0,-1036.0
66.0,265.0,-864.0
-13.0,251.0,-954.0
-25.0,238.0,-972.0
-78.0,-99.0,-1208.0
29.0,-181.0,-1179.0
-48.0,-210.0,-1030.0
121.0,-230.0,-749.0
-66.0,83.0,-835.0
160.0,404.0,-1024.0
-56.0,396.0,-1188.0
60.0,204.0,-1061.0
-101.0,-80.0,-1097.0
44.0,-160.0,-964.0
-66.0,-148.0,-974.0
140.0,-265.0,-940.0
-134.0,46.0,-1116.0
162.0,244.0,-987.0
-60.0,437.0,-995.0
109.0,275.0,-1011.0
-134.0,-144.0,-1192.0
119.0,-265.0,-1108.0
-85.0,-210.0,-1065.0
93.0,-56.0,-827.0
-91.0,245.0,-925.0
107.0,363.0,-968.0
-105.0,439.0,-1104.0
74.0,83.0,-1075.0
-193.0,-44.0,-1091.0
130.0,-216.0,-1018.0
-56.0,-242.0,-958.0
138.0,-21.0,-868.0
-101.0,191.0,-989.0
50.0,493.0,-999.0
-52.0,224.0,-1089.0
107.0,39.0,-1013.0
-19.0,-107.0,-974.0
62.0,33.0,-987.0
-44.0,167.0,-1089.0
103.0,-39.0,-1032.0
-113.0,-37.0,-977.0
132.0,113.0,-929.0
-35.0,308.0,-999.0
64.0,398.0,-903.0
-121.0,70.0,-1110.0
68.0,-23.0,-1298.0
-23.0,-214.0,-1149.0
101.0,-247.0,-825.0
-99.0,76.0,-753.0
117.0,294.0,-1018.0
-93.0,528.0,-1157.0
54.0,357.0,-1159.0
-140.0,191.0,-1040.0
107.0,-25.0,-1005.0
-33.0,-97.0,-966.0
52.0,17.0,-884.0
-89.0,160.0,-1007.0
72.0,253.0,-1038.0
-33.0,417.0,-987.0
39.0,173.0,-983.0
-156.0,214.0,-1015.0
89.0,-74.0,-1180.0
-70.0,21.0,-1114.0
89.0,230.0,-858.0
-85.0,445.0,-772.0
76.0,718.0,-915.0
-85.0,683.0,-1015.0
-29.0,523.0,-1071.0
-62.0,247.0,-1104.0
-11.0,25.0,-1122.0
-13.0,177.0,-972.0
81.0,183.0,-917.0
-80.0,427.0,-927.0
80.0,558.0,-1079.0
-62.0,849.0,-1091.0
0.0,441.0,-1108.0
-74.0,302.0,-1038.0
11.0,341.0,-1134.0
-37.0,441.0,-1110.0
17.0,593.0,-1106.0
-29.0,335.0,-1015.0
9.0,283.0,-1052.0
-5.0,616.0,-954.0
-40.0,774.0,-970.0
-42.0,728.0,-1034.0
-44.0,376.0,-1264.0
13.0,109.0,-1167.0
37.0,29.0,-903.0
7.0,437.0,-726.0
50.0,509.0,-933.0
-66.0,802.0,-1093.0
54.0,612.0,-1192.0
-70.0,562.0,-1063.0
64.0,286.0,-983.0
-33.0,126.0,-974.0
42.0,214.0,-958.0
23.0,199.0,-901.0
9.0,501.0,-999.0
68.0,569.0,-968.0
-54.0,536.0,-987.0
68.0,275.0,-972.0
-52.0,191.0,-1186.0
107.0,80.0,-1202.0
-33.0,107.0,-1024.0
154.0,261.0,-829.0
-89.0,404.0,-968.0
101.0,587.0,-1034.0
-39.0,353.0,-1145.0
23.0,234.0,-1165.0
-99.0,-122.0,-1116.0
7.0,-101.0,-1038.0
-7.0,-93.0,-1038.0
66.0,72.0,-933.0
-52.0,329.0,-993.0
23.0,374.0,-1022.0
-80.0,238.0,-1054.0
33.0,37.0,-981.0
-169.0,19.0,-1071.0
48.0,91.0,-1104.0
-85.0,-35.0,-1040.0
105.0,-193.0,-876.0
-113.0,-42.0,-929.0
117.0,259.0,-933.0
-72.0,439.0,-976.0
23.0,203.0,-976.0
-201.0,13.0,-1161.0
103.0,-263.0,-1128.0
-80.0,-162.0,-977.0
150.0,-83.0,-730.0
-103.0,111.0,-827.0
146.0,484.0,-1013.0
-35.0,511.0,-1167.0
89.0,156.0,-1065.0
-142.0,-91.0,-1026.0
66.0,-17.0,-1009.0
-13.0,-5.0,-983.0
93.0,109.0,-933.0
-115.0,253.0,-1001.0
93.0,396.0,-999.0
-68.0,478.0,-1022.0
54.0,245.0,-966.0
-160.0,177.0,-1091.0
97.0,31.0,-1159.0
-58.0,140.0,-1083.0
95.0,152.0,-913.0
-103.0,327.0,-890.0
156.0,614.0,-935.0
-64.0,710.0,-1118.0
37.0,365.0,-1061.0
-169.0,329.0,-1067.0
101.0,58.0,-1052.0
-76.0,327.0,-1046.0
142.0,171.0,-925.0
-146.0,376.0,-1020.0
144.0,542.0,-983.0
-122.0,691.0,-1063.0
103.0,464.0,-1013.0
-183.0,406.0,-1059.0
35.0,322.0,-1153.0
-78.0,437.0,-1143.0
29.0,386.0,-976.0
-68.0,234.0,-911.0
122.0,478.0,-964.0
-58.0,745.0,-1013.0
0.0,692.0,-977.0
-150.0,741.0,-1147.0
72.0,177.0,-1239.0
-58.0,244.0,-1069.0
99.0,154.0,-849.0
-152.0,505.0,-788.0
134.0,745.0,-956.0
-109.0,776.0,-1165.0
83.0,505.0,-1169.0
-126.0,325.0,-1067.0
142.0,162.0,-1009.0
-35.0,423.0,-974.0
91.0,437.0,-1042.0
-25.0,448.0,-964.0
37.0,628.0,-1011.0
17.0,575.0,-981.0
3.0,601.0,-950.0
-35.0,458.0,-1005.0
1.0,234.0,-1204.0
3.0,310.0,-1120.0
56.0,89.0,-977.0
13.0,312.0,-790.0
56.0,569.0,-944.0
0.0,728.0,-1069.0
-3.0,568.0,-1202.0
-35.0,279.0,-1036.0
-31.0,183.0,-1071.0
48.0,204.0,-1011.0
27.0,214.0,-1038.0
39.0,230.0,-954.0
-46.0,310.0,-1032.0
89.0,544.0,-966.0
-19.0,468.0,-1032.0
-29.0,304.0,-985.0
-56.0,111.0,-1220.0
-17.0,74.0,-1186.0
-17.0,85.0,-1052.0
27.0,50.0,-798.0
-80.0,312.0,-923.0
62.0,501.0,-1005.0
-54.0,612.0,-1067.0
-37.0,337.0,-1054.0
-128.0,-115.0,-1177.0
-19.0,-111.0,-1132.0
-42.0,-126.0,-950.0
52.0,126.0,-767.0
-48.0,406.0,-903.0
-21.0,609.0,-1102.0
13.0,435.0,-1112.0
-39.0,146.0,-1038.0
-1.0,-56.0,-1024.0
-64.0,13.0,-970.0
40.0,93.0,-960.0
31.0,50.0,-977.0
-44.0,238.0,-1040.0
27.0,435.0,-985.0
-19.0,517.0,-946.0
62.0,158.0,-944.0
-130.0,109.0,-1104.0
126.0,72.0,-1151.0
-29.0,195.0,-1057.0
132.0,35.0,-876.0
-91.0,150.0,-847.0
124.0,443.0,-958.0
-72.0,560.0,-1136.0
78.0,351.0,-1095.0
-121.0,121.0,-1091.0
99.0,103.0,-1059.0
-31.0,193.0,-989.0
154.0,113.0,-923.0
-115.0,363.0,-972.0
113.0,478.0,-1030.0
-97.0,562.0,-1034.0
74.0,406.0,-952.0
-158.0,283.0,-1061.0
85.0,52.0,-1167.0
-81.0,148.0,-1132.0
132.0,111.0,-929.0
-163.0,470.0,-882.0
156.0,530.0,-981.0
-103.0,669.0,-1038.0
60.0,624.0,-1040.0
-158.0,411.0,-1151.0
66.0,169.0,-1167.0
-74.0,122.0,-1030.0
72.0,103.0,-843.0
-121.0,443.0,-856.0
78.0,650.0,-1052.0
-68.0,677.0,-1171.0
85.0,341.0,-1106.0
-119.0,271.0,-1011.0
42.0,284.0,-1015.0
-66.0,411.0,-1007.0
99.0,380.0,-981.0
-103.0,411.0,-1013.0
97.0,558.0,-983.0
-87.0,646.0,-956.0
72.0,470.0,-946.0
-105.0,392.0,-1069.0
23.0,306.0,-1202.0
-27.0,302.0,-1136.0
83.0,218.0,-960.0
-44.0,308.0,-802.0
124.0,491.0,-956.0
-72.0,788.0,-1052.0
29.0,648.0,-1114.0
-72.0,421.0,-1122.0
76.0,199.0,-1071.0
-33.0,255.0,-987.0
103.0,238.0,-972.0
-66.0,470.0,-946.0
80.0,366.0,-1069.0
-42.0,605.0,-1046.0
11.0,614.0,-944.0
-44.0,468.0,-1036.0
29.0,271.0,-1171.0
9.0,152.0,-1143.0
15.0,115.0,-942.0
-23.0,402.0,-825.0
27.0,491.0,-944.0
-17.0,694.0,-1030.0
-5.0,464.0,-1077.0
-48.0,308.0,-1118.0
11.0,185.0,-1143.0
-25.0,195.0,-1069.0
29.0,115.0,-913.0
-5.0,294.0,-880.0
-44.0,554.0,-983.0
-21.0,718.0,-1061.0
-27.0,407.0,-1112.0
-56.0,74.0,-1050.0
-76.0,19.0,-1022.0
-39.0,173.0,-1005.0
-21.0,361.0,-1056.0
74.0,222.0,-997.0
-44.0,195.0,-1028.0
50.0,363.0,-972.0
-64.0,495.0,-933.0
21.0,382.0,-999.0
-146.0,171.0,-1202.0
54.0,21.0,-1188.0
-44.0,-66.0,-1034.0
40.0,136.0,-794.0
-85.0,271.0,-938.0
89.0,577.0,-968.0
-33.0,528.0,-1138.0
1.0,310.0,-1050.0
-160.0,189.0,-1089.0
78.0,44.0,-991.0
-42.0,37.0,-991.0
103.0,68.0,-870.0
-113.0,288.0,-1005.0
93.0,530.0,-968.0
-52.0,489.0,-1022.0
80.0,320.0,-958.0
-154.0,162.0,-1157.0
122.0,9.0,-1141.0
-68.0,138.0,-1042.0
171.0,80.0,-862.0
-99.0,322.0,-915.0
162.0,566.0,-952.0
-103.0,603.0,-1075.0
68.0,351.0,-1050.0
-169.0,130.0,-1169.0
89.0,46.0,-1061.0
-35.0,165.0,-989.0
154.0,177.0,-901.0
-117.0,448.0,-929.0
99.0,564.0,-1026.0
-44.0,566.0,-1132.0
68.0,306.0,-1069.0
-111.0,171.0,-1003.0
60.0,187.0,-1018.0
-25.0,290.0,-1095.0
89.0,224.0,-1015.0
-99.0,325.0,-976.0
122.0,361.0,-966.0
-31.0,589.0,-995.0
64.0,513.0,-981.0
-183.0,491.0,-1085.0
50.0,300.0,-1241.0
-44.0,251.0,-1118.0
97.0,93.0,-853.0
-111.0,351.0,-817.0
101.0,497.0,-976.0
-58.0,730.0,-1104.0
17.0,538.0,-1110.0
-150.0,390.0,-1095.0
87.0,234.0,-1077.0
-17.0,244.0,-979.0
95.0,271.0,-935.0
-80.0,337.0,-976.0
68.0,589.0,-1054.0
-76.0,759.0,-999.0
11.0,552.0,-977.0
-132.0,407.0,-1048.0
44.0,201.0,-1157.0
-17.0,236.0,-1079.0
95.0,208.0,-917.0
-72.0,423.0,-837.0
138.0,519.0,-976.0
-78.0,784.0,-1050.0
42.0,560.0,-1067.0
-111.0,419.0,-1134.0
56.0,117.0,-1124.0
-72.0,210.0,-960.0
56.0,238.0,-950.0
-66.0,441.0,-911.0
33.0,622.0,-1018.0
-39.0,620.0,-1097.0
35.0,357.0,-1104.0
-66.0,265.0,-977.0
31.0,204.0,-1024.0
-35.0,333.0,-1052.0
27.0,251.0,-1112.0
-72.0,253.0,-987.0
31.0,277.0,-972.0
-19.0,482.0,-925.0
39.0,532.0,-985.0
-66.0,482.0,-1022.0
-17.0,230.0,-1253.0
-40.0,162.0,-1204.0
21.0,5.0,-944.0
13.0,179.0,-769.0
3.0,370.0,-925.0
-1.0,628.0,-1091.0
-35.0,528.0,-1169.0
-31.0,302.0,-1050.0
-15.0,54.0,-1081.0
3.0,58.0,-1026.0
-35.0,165.0,-977.0
27.0,185.0,-933.0
-39.0,312.0,-1056.0
37.0,542.0,-1007.0
-27.0,486.0,-966.0
-17.0,357.0,-1003.0
-111.0,72.0,-1155.0
29.0,1.0,-1167.0
-58.0,80.0,-1013.0
89.0,181.0,-835.0
-72.0,411.0,-936.0
42.0,564.0,-999.0
-58.0,503.0,-1075.0
15.0,284.0,-1063.0
-95.0,-7.0,-1120.0
66.0,31.0,-1016.0
-46.0,148.0,-979.0
122.0,210.0,-890.0
-78.0,374.0,-981.0
62.0,573.0,-1040.0
-103.0,478.0,-1093.0
122.0,242.0,-981.0
-111.0,134.0,-1016.0
89.0,283.0,-1015.0
-31.0,304.0,-1106.0
138.0,185.0,-977.0
-66.0,122.0,-991.0
154.0,366.0,-923.0
-19.0,532.0,-981.0
113.0,513.0,-976.0
-160.0,277.0,-1214.0
130.0,80.0,-1255.0
-60.0,99.0,-1065.0
158.0,70.0,-815.0
-171.0,372.0,-806.0
117.0,624.0,-999.0
-134.0,735.0,-1159.0
347.0,429.0,-970.0
-54.0,236.0,-1141.0
825.0,105.0,-864.0
306.0,201.0,-1057.0
923.0,91.0,-993.0
862.0,300.0,-927.0
931.0,349.0,-1182.0
1264.0,603.0,-868.0
909.0,607.0,-1079.0
1161.0,201.0,-1139.0
1030.0,117.0,-1173.0
1120.0,203.0,-1151.0
1272.0,70.0,-903.0
1116.0,325.0,-897.0
1301.0,292.0,-905.0
1056.0,591.0,-1036.0
1352.0,466.0,-913.0
761.0,156.0,-1167.0
1364.0,-152.0,-843.0
778.0,154.0,-983.0
1290.0,152.0,-810.0
706.0,382.0,-966.0
1300.0,249.0,-917.0
794.0,392.0,-1104.0
1214.0,197.0,-1007.0
763.0,160.0,-1038.0
1116.0,44.0,-1075.0
901.0,220.0,-1106.0
1095.0,19.0,-1134.0
1016.0,113.0,-917.0
1063.0,-29.0,-989.0
1104.0,343.0,-876.0
1077.0,417.0,-1034.0
1075.0,380.0,-1177.0
1221.0,-109.0,-1358.0
1264.0,-140.0,-1143.0
1424.0,-406.0,-884.0
1344.0,119.0,-823.0
1485.0,204.0,-956.0
1259.0,640.0,-1270.0
1382.0,187.0,-1218.0
1128.0,0.0,-1093.0
1391.0,-339.0,-960.0
1102.0,-37.0,-968.0
1317.0,-179.0,-862.0
1057.0,35.0,-962.0
1272.0,-54.0,-940.0
1087.0,349.0,-936.0
1298.0,290.0,-835.0
1110.0,15.0,-944.0
1253.0,-304.0,-1005.0
1128.0,-236.0,-1061.0
1331.0,-279.0,-1015.0
1102.0,152.0,-915.0
1136.0,95.0,-821.0
1132.0,302.0,-919.0
1091.0,267.0,-1143.0
1221.0,68.0,-1020.0
1102.0,-74.0,-1087.0
1290.0,-156.0,-1081.0
1292.0,-189.0,-1079.0
1323.0,-99.0,-870.0
1233.0,169.0,-987.0
1323.0,339.0,-970.0
1212.0,316.0,-1110.0
1311.0,158.0,-1042.0
1259.0,68.0,-1098.0
1319.0,91.0,-1063.0
1288.0,-89.0,-1110.0
1481.0,-33.0,-954.0
1368.0,-70.0,-921.0
1423.0,154.0,-931.0
1565.0,503.0,-936.0
1471.0,536.0,-917.0
1177.0,-37.0,-1198.0
1508.0,-267.0,-1218.0
1382.0,-281.0,-1056.0
1522.0,-31.0,-798.0
1469.0,140.0,-757.0
1376.0,640.0,-981.0
1313.0,550.0,-1067.0
1368.0,267.0,-1132.0
1327.0,-247.0,-1085.0
1255.0,-83.0,-1138.0
1440.0,124.0,-1018.0
1413.0,115.0,-808.0
1368.0,152.0,-749.0
1469.0,413.0,-960.0
1356.0,612.0,-1063.0
1465.0,353.0,-1011.0
1251.0,72.0,-1218.0
1571.0,-171.0,-1216.0
1210.0,-185.0,-1056.0
1657.0,175.0,-806.0
1210.0,46.0,-782.0
1526.0,308.0,-1106.0
1218.0,710.0,-1364.0
1559.0,218.0,-1081.0
946.0,273.0,-1077.0
1612.0,-121.0,-981.0
972.0,15.0,-1057.0
1522.0,-58.0,-798.0
1112.0,283.0,-866.0
1555.0,585.0,-1018.0
1120.0,460.0,-1130.0
1489.0,146.0,-909.0
1233.0,103.0,-917.0
1419.0,-39.0,-1204.0
1245.0,-9.0,-1054.0
1471.0,-136.0,-917.0
1360.0,-19.0,-966.0
1407.0,618.0,-935.0
1305.0,396.0,-958.0
1335.0,378.0,-997.0
1264.0,-40.0,-1087.0
1337.0,126.0,-1259.0
1245.0,-95.0,-1032.0
1450.0,-257.0,-696.0
1282.0,-21.0,-683.0
1198.0,136.0,-1001.0
1233.0,407.0,-1147.0
1456.0,286.0,-972.0
1192.0,-37.0,-1147.0
1296.0,-181.0,-1005.0
1491.0,-111.0,-1028.0
1752.0,-39.0,-835.0
1225.0,35.0,-925.0
1456.0,115.0,-1009.0
1364.0,249.0,-1061.0
1686.0,-39.0,-901.0
1266.0,-244.0,-1153.0
1516.0,-64.0,-1036.0
1235.0,-232.0,-1059.0
1711.0,-173.0,-905.0
1110.0,-216.0,-817.0
1571.0,85.0,-960.0
1278.0,482.0,-1022.0
1290.0,548.0,-991.0
1237.0,-78.0,-1124.0
1188.0,-277.0,-1016.0
1177.0,0.0,-823.0
1153.0,-144.0,-1036.0
1069.0,31.0,-1005.0
989.0,95.0,-878.0
970.0,302.0,-1022.0
718.0,115.0,-1071.0
1097.0,31.0,-813.0
774.0,-27.0,-1120.0
851.0,-220.0,-1104.0
880.0,-39.0,-1044.0
868.0,21.0,-784.0
683.0,273.0,-897.0
771.0,544.0,-1075.0
325.0,466.0,-1301.0
696.0,242.0,-1034.0
257.0,163.0,-1085.0
476.0,-534.0,-1223.0
329.0,-353.0,-923.0
564.0,-579.0,-800.0
156.0,253.0,-913.0
480.0,663.0,-1042.0
302.0,3.0,-1116.0
259.0,-91.0,-1073.0
298.0,-11.0,-878.0
146.0,87.0,-1175.0
261.0,-5.0,-1052.0
167.0,-411.0,-938.0
191.0,269.0,-882.0
101.0,331.0,-985.0
58.0,370.0,-1052.0
154.0,-62.0,-938.0
91.0,-450.0,-991.0
-5.0,83.0,-1091.0
208.0,-105.0,-868.0
179.0,-130.0,-704.0
52.0,-177.0,-751.0
128.0,142.0,-966.0
204.0,413.0,-1024.0
187.0,361.0,-1059.0
35.0,-259.0,-1212.0
349.0,-89.0,-1001.0
80.0,-121.0,-1009.0
263.0,-136.0,-825.0
146.0,-290.0,-899.0
210.0,-56.0,-1052.0
103.0,521.0,-1040.0
-3.0,76.0,-1009.0
271.0,-80.0,-1011.0
62.0,-165.0,-921.0
255.0,296.0,-1024.0
214.0,80.0,-763.0
138.0,-93.0,-1057.0
298.0,173.0,-1063.0
128.0,294.0,-895.0
314.0,310.0,-1102.0
5.0,-146.0,-1218.0
351.0,-177.0,-1194.0
-40.0,7.0,-763.0
349.0,-87.0,-952.0
101.0,-35.0,-872.0
167.0,89.0,-979.0
7.0,628.0,-1011.0
228.0,175.0,-1059.0
0.0,56.0,-1091.0
109.0,-197.0,-1011.0
179.0,-74.0,-1057.0
273.0,101.0,-933.0
70.0,316.0,-683.0
181.0,-175.0,-995.0
130.0,-121.0,-1104.0
-68.0,113.0,-1081.0
-44.0,193.0,-993.0
33.0,339.0,-1028.0
152.0,-52.0,-1013.0
60.0,0.0,-911.0
37.0,1.0,-815.0
247.0,-64.0,-970.0
-113.0,447.0,-977.0
203.0,85.0,-995.0
-107.0,115.0,-1175.0
195.0,-68.0,-1301.0
-279.0,15.0,-935.0
230.0,-140.0,-819.0
-158.0,152.0,-772.0
173.0,-13.0,-938.0
-226.0,113.0,-1141.0
68.0,177.0,-952.0
-212.0,290.0,-1028.0
40.0,158.0,-966.0
-212.0,-234.0,-1042.0
60.0,-320.0,-772.0
-146.0,-177.0,-958.0
11.0,220.0,-874.0
-83.0,271.0,-1108.0
54.0,29.0,-831.0
5.0,-42.0,-1143.0
-17.0,130.0,-1145.0
48.0,-267.0,-1155.0
308.0,-78.0,-712.0
-181.0,187.0,-819.0
68.0,505.0,-987.0
-93.0,101.0,-1071.0
50.0,-25.0,-1106.0
-142.0,-50.0,-954.0
407.0,-175.0,-1011.0
-37.0,130.0,-1098.0
-29.0,224.0,-935.0
56.0,44.0,-798.0
97.0,42.0,-948.0
-54.0,197.0,-1136.0
37.0,81.0,-874.0
-74.0,-13.0,-1063.0
3.0,81.0,-1093.0
124.0,-107.0,-1167.0
-91.0,146.0,-940.0
128.0,148.0,-862.0
66.0,165.0,-845.0
89.0,150.0,-997.0
11.0,-177.0,-1186.0
-52.0,17.0,-1034.0
103.0,148.0,-1104.0
97.0,179.0,-1026.0
156.0,162.0,-1161.0
-40.0,-91.0,-802.0
130.0,-122.0,-911.0
33.0,142.0,-1048.0
54.0,9.0,-972.0
83.0,345.0,-983.0
-304.0,-13.0,-1061.0
238.0,214.0,-1243.0
-83.0,-253.0,-976.0
58.0,-5.0,-911.0
-154.0,9.0,-692.0
-5.0,486.0,-956.0
-103.0,392.0,-1069.0
64.0,-78.0,-909.0
56.0,-68.0,-1221.0
-40.0,-277.0,-1227.0
-54.0,-56.0,-962.0
132.0,-40.0,-659.0
19.0,-52.0,-911.0
101.0,91.0,-1022.0
-156.0,380.0,-1114.0
9.0,-72.0,-1011.0
-156.0,-189.0,-1202.0
72.0,-62.0,-858.0
-115.0,-74.0,-847.0
11.0,226.0,-741.0
-89.0,220.0,-954.0
81.0,-109.0,-907.0
-109.0,33.0,-1015.0
7.0,-7.0,-882.0
-255.0,21.0,-1067.0
-40.0,76.0,-1073.0
-39.0,-126.0,-1048.0
269.0,-175.0,-802.0
-232.0,-25.0,-743.0
154.0,163.0,-868.0
-119.0,165.0,-1011.0
156.0,64.0,-1243.0
-115.0,-50.0,-1056.0
154.0,433.0,-935.0
-78.0,-66.0,-952.0
124.0,-355.0,-1020.0
42.0,-325.0,-866.0
136.0,224.0,-936.0
-214.0,661.0,-1032.0
-1.0,-187.0,-1061.0
-9.0,-121.0,-925.0
269.0,-218.0,-1013.0
-199.0,148.0,-1120.0
142.0,-95.0,-935.0
-113.0,95.0,-823.0
37.0,-37.0,-812.0
0.0,122.0,-1013.0
140.0,212.0,-1155.0
-255.0,253.0,-1009.0
134.0,-7.0,-907.0
66.0,-255.0,-1056.0
-42.0,-132.0,-856.0
-81.0,-60.0,-874.0
283.0,126.0,-890.0
13.0,415.0,-1223.0
-62.0,-21.0,-1192.0
-101.0,-224.0,-944.0
23.0,-83.0,-1028.0
-50.0,505.0,-935.0
146.0,-124.0,-1122.0
-27.0,-261.0,-952.0
113.0,-382.0,-944.0
72.0,140.0,-880.0
-146.0,673.0,-1001.0
-11.0,-130.0,-1159.0
-52.0,-404.0,-1075.0
97.0,-220.0,-974.0
-17.0,163.0,-1001.0
-95.0,-66.0,-788.0
13.0,13.0,-911.0
-93.0,54.0,-1026.0
-33.0,325.0,-1112.0
-146.0,162.0,-935.0
119.0,-111.0,-1126.0
-124.0,-31.0,-1042.0
208.0,-267.0,-991.0
-173.0,-142.0,-903.0
109.0,162.0,-839.0
-220.0,85.0,-866.0
251.0,242.0,-1073.0
-140.0,294.0,-1059.0
-7.0,-244.0,-1098.0
-33.0,152.0,-1085.0
152.0,-210.0,-976.0
-203.0,-121.0,-821.0
203.0,-48.0,-831.0
-286.0,68.0,-1067.0
-101.0,523.0,-1120.0
13.0,105.0,-1048.0
-136.0,-160.0,-964.0
89.0,-429.0,-1229.0
-146.0,93.0,-866.0
283.0,245.0,-761.0
89.0,191.0,-894.0
5.0,-25.0,-1196.0
66.0,-185.0,-1052.0
-52.0,216.0,-962.0
185.0,72.0,-1114.0
-29.0,302.0,-888.0
44.0,-87.0,-962.0
-122.0,-173.0,-1020.0
62.0,-56.0,-913.0
25.0,238.0,-794.0
42.0,306.0,-1001.0
-154.0,325.0,-1015.0
-33.0,99.0,-1104.0
-9.0,-148.0,-1106.0
-33.0,-126.0,-997.0
46.0,113.0,-716.0
13.0,-136.0,-862.0
138.0,206.0,-1098.0
-89.0,81.0,-1169.0
13.0,400.0,-911.0
37.0,-249.0,-1102.0
-64.0,160.0,-1040.0
175.0,-269.0,-1015.0
-21.0,122.0,-919.0
97.0,5.0,-1085.0
-17.0,212.0,-1108.0
87.0,-171.0,-897.0
-150.0,281.0,-905.0
-122.0,-56.0,-1089.0
263.0,203.0,-1241.0
-177.0,13.0,-979.0
146.0,-300.0,-841.0
-171.0,33.0,-812.0
31.0,261.0,-876.0
-142.0,208.0,-925.0
58.0,-5.0,-1102.0
-81.0,95.0,-1124.0
-58.0,138.0,-1067.0
-37.0,-33.0,-964.0
54.0,5.0,-821.0
-111.0,-115.0,-882.0
187.0,-113.0,-917.0
-132.0,19.0,-1083.0
197.0,208.0,-812.0
-121.0,228.0,-1069.0
128.0,154.0,-1225.0
-50.0,-472.0,-1194.0
40.0,-197.0,-831.0
-138.0,15.0,-843.0
74.0,279.0,-884.0
-17.0,54.0,-1122.0
-29.0,93.0,-1013.0
-109.0,-60.0,-1110.0
-68.0,201.0,-1167.0
222.0,115.0,-1126.0
-222.0,-253.0,-651.0
54.0,-107.0,-720.0
72.0,158.0,-989.0
76.0,-54.0,-1073.0
-60.0,130.0,-979.0
-117.0,128.0,-942.0
-35.0,183.0,-1089.0
169.0,1.0,-921.0
85.0,74.0,-782.0
3.0,-93.0,-895.0
-74.0,-21.0,-1044.0
3.0,19.0,-1126.0
81.0,-9.0,-1044.0
-117.0,54.0,-917.0
19.0,109.0,-993.0
54.0,-44.0,-1138.0
144.0,-236.0,-1032.0
-109.0,-240.0,-761.0
142.0,271.0,-813.0
58.0,284.0,-1200.0
15.0,117.0,-1034.0
-146.0,74.0,-942.0
76.0,39.0,-948.0
-44.0,201.0,-1079.0
99.0,-25.0,-958.0
-167.0,-390.0,-868.0
60.0,-31.0,-927.0
-234.0,177.0,-1075.0
134.0,109.0,-849.0
-130.0,126.0,-942.0
15.0,115.0,-1081.0
-9.0,224.0,-1259.0
148.0,-156.0,-1161.0
-134.0,-91.0,-712.0
54.0,126.0,-868.0
50.0,146.0,-952.0
-140.0,-366.0,-1145.0
72.0,294.0,-1009.0
-80.0,197.0,-1098.0
-35.0,331.0,-1188.0
-7.0,-692.0,-1007.0
3.0,-197.0,-794.0
-101.0,-42.0,-685.0
-50.0,519.0,-1065.0
-52.0,333.0,-1157.0
-5.0,-224.0,-1124.0
1.0,-50.0,-1005.0
-46.0,19.0,-1075.0
132.0,683.0,-1032.0
50.0,-292.0,-692.0
-400.0,-158.0,-903.0
392.0,-152.0,-1003.0
-171.0,421.0,-1153.0
300.0,468.0,-847.0
-329.0,27.0,-1116.0
173.0,-138.0,-1241.0
29.0,-261.0,-1050.0
152.0,11.0,-702.0
-124.0,253.0,-810.0
42.0,204.0,-1079.0
124.0,-320.0,-1161.0
-234.0,60.0,-1102.0
56.0,91.0,-899.0
21.0,413.0,-1034.0
76.0,97.0,-1057.0
105.0,-685.0,-923.0
-62.0,-50.0,-679.0
40.0,263.0,-921.0
-54.0,222.0,-1153.0
-111.0,-181.0,-1106.0
97.0,39.0,-942.0
-183.0,222.0,-933.0
242.0,347.0,-1225.0
7.0,-76.0,-977.0
23.0,-286.0,-714.0
-99.0,-302.0,-976.0
115.0,368.0,-1210.0
62.0,394.0,-1139.0
-160.0,240.0,-786.0
-66.0,-195.0,-1114.0
-39.0,-144.0,-1177.0
162.0,-181.0,-796.0
-171.0,201.0,-573.0
-78.0,91.0,-915.0
-60.0,111.0,-1200.0
-56.0,-185.0,-1169.0
-9.0,70.0,-983.0
80.0,439.0,-868.0
122.0,85.0,-1151.0
-56.0,-117.0,-944.0
33.0,-802.0,-880.0
-78.0,253.0,-866.0
72.0,406.0,-1126.0
-138.0,255.0,-1147.0
1.0,-240.0,-903.0
58.0,-302.0,-1036.0
-105.0,429.0,-1227.0
179.0,265.0,-886.0
-1.0,-230.0,-700.0
-42.0,-117.0,-903.0
39.0,25.0,-1198.0
132.0,105.0,-1001.0
78.0,212.0,-991.0
-226.0,40.0,-1026.0
46.0,-25.0,-1128.0
-25.0,204.0,-821.0
1.0,-181.0,-767.0
-158.0,62.0,-905.0
-122.0,-158.0,-999.0
93.0,-23.0,-909.0
-179.0,458.0,-1116.0
150.0,-117.0,-1132.0
-101.0,357.0,-1071.0
279.0,-183.0,-890.0
-306.0,-1.0,-1114.0
341.0,-279.0,-702.0
-171.0,-279.0,-866.0
199.0,556.0,-1056.0
-247.0,361.0,-1286.0
220.0,-91.0,-1198.0
-91.0,-87.0,-991.0
31.0,-177.0,-997.0
-136.0,56.0,-823.0
-11.0,177.0,-739.0
1.0,-193.0,-1048.0
99.0,249.0,-1194.0
-13.0,39.0,-1202.0
-154.0,402.0,-993.0
1.0,-126.0,-958.0
95.0,-146.0,-1124.0
39.0,44.0,-753.0
-21.0,-111.0,-866.0
-101.0,169.0,-895.0
-80.0,121.0,-956.0
60.0,-13.0,-1009.0
-89.0,31.0,-1118.0
-13.0,124.0,-1102.0
-85.0,39.0,-774.0
-70.0,275.0,-808.0
-273.0,-199.0,-899.0
-66.0,-310.0,-1007.0
-232.0,68.0,-991.0
-163.0,353.0,-1085.0
-208.0,220.0,-1061.0
-156.0,-21.0,-950.0
-203.0,-148.0,-1026.0
-195.0,-29.0,-972.0
-183.0,89.0,-819.0
-160.0,212.0,-808.0
-796.0,-421.0,-966.0
-173.0,300.0,-927.0
-815.0,97.0,-1350.0
-530.0,409.0,-989.0
-1401.0,-87.0,-1007.0
-812.0,-466.0,-1059.0
-1298.0,226.0,-757.0
-1423.0,-40.0,-880.0
-1430.0,115.0,-853.0
-1649.0,87.0,-976.0
-1493.0,101.0,-989.0
-1629.0,7.0,-1286.0
-1313.0,232.0,-997.0
-1385.0,-300.0,-632.0
-1387.0,109.0,-829.0
-1462.0,232.0,-1223.0
-1024.0,-413.0,-1147.0
-1368.0,140.0,-923.0
-1309.0,-113.0,-1325.0
-1077.0,462.0,-1225.0
-1061.0,76.0,-954.0
-1075.0,-378.0,-817.0
-1210.0,-290.0,-1112.0
-860.0,423.0,-847.0
-1042.0,341.0,-1054.0
-1073.0,-117.0,-1030.0
-1186.0,-499.0,-1020.0
-683.0,341.0,-790.0
-1128.0,402.0,-1220.0
-983.0,-212.0,-1042.0
-884.0,-201.0,-591.0
-1106.0,-165.0,-884.0
-1022.0,413.0,-1018.0
-1120.0,308.0,-882.0
-981.0,-324.0,-964.0
-1335.0,134.0,-1167.0
-1264.0,236.0,-1052.0
-1044.0,-185.0,-847.0
-1557.0,-261.0,-917.0
-1296.0,-35.0,-895.0
-1329.0,413.0,-1036.0
-1255.0,-99.0,-1056.0
-1436.0,189.0,-1083.0
-1089.0,3.0,-1067.0
-1075.0,368.0,-1175.0
-1284.0,-232.0,-1077.0
-1257.0,-618.0,-952.0
-1266.0,370.0,-929.0
-1327.0,17.0,-995.0
-1501.0,203.0,-1139.0
-1188.0,-343.0,-1155.0
-1360.0,333.0,-1319.0
-1235.0,450.0,-1204.0
-1239.0,-583.0,-825.0
-1255.0,-124.0,-831.0
-1143.0,-199.0,-921.0
-1266.0,525.0,-866.0
-1032.0,-122.0,-917.0
-1198.0,-230.0,-1204.0
-1020.0,302.0,-1161.0
-1210.0,585.0,-1067.0
-1120.0,-33.0,-995.0
-1011.0,-665.0,-886.0
-1301.0,136.0,-942.0
-1325.0,5.0,-812.0
-1462.0,-54.0,-983.0
-1223.0,-83.0,-1231.0
-1372.0,528.0,-1307.0
-1544.0,429.0,-1153.0
-1469.0,-673.0,-870.0
-1424.0,-83.0,-825.0
-1372.0,222.0,-698.0
-1665.0,396.0,-1118.0
-1342.0,-456.0,-991.0
-1594.0,-179.0,-1192.0
-1350.0,655.0,-1206.0
-1567.0,142.0,-1204.0
-1284.0,-437.0,-936.0
-1469.0,-363.0,-913.0
-1491.0,324.0,-823.0
-1442.0,148.0,-1032.0
-1493.0,-117.0,-1038.0
-1489.0,150.0,-1091.0
-1464.0,165.0,-1356.0
-1327.0,208.0,-1305.0
-1210.0,-15.0,-782.0
-1440.0,39.0,-653.0
-1227.0,-181.0,-925.0
-1424.0,74.0,-1106.0
-1169.0,-476.0,-843.0
-1590.0,203.0,-1233.0
-1106.0,228.0,-1257.0
-1376.0,265.0,-1255.0
-1192.0,142.0,-823.0
-1317.0,-450.0,-841.0
-1225.0,121.0,-843.0
-1188.0,195.0,-888.0
-1339.0,-35.0,-952.0
-1335.0,-255.0,-1056.0
-1210.0,31.0,-1335.0
-1235.0,419.0,-1237.0
-1366.0,-134.0,-1044.0
-1317.0,-263.0,-786.0
-1342.0,-42.0,-847.0
-1300.0,185.0,-987.0
-1588.0,89.0,-1081.0
-1300.0,-212.0,-1098.0
-1491.0,349.0,-1313.0
-1335.0,382.0,-1253.0
-1545.0,-121.0,-1003.0
-1311.0,-450.0,-644.0
-1294.0,-81.0,-864.0
-1317.0,302.0,-948.0
-1370.0,-93.0,-1018.0
-1391.0,-111.0,-1157.0
-1300.0,165.0,-1257.0
-1366.0,361.0,-1251.0
-1362.0,-23.0,-946.0
-1348.0,-267.0,-927.0
-1354.0,-29.0,-905.0
-1411.0,263.0,-938.0
-1389.0,-13.0,-962.0
-1313.0,-119.0,-1042.0
-1350.0,115.0,-1214.0
-1253.0,199.0,-1130.0
-1358.0,-21.0,-974.0
-1255.0,-396.0,-815.0
-1479.0,160.0,-921.0
-1274.0,212.0,-972.0
-1489.0,66.0,-1026.0
-1303.0,-99.0,-1106.0
-1389.0,124.0,-1292.0
-1202.0,333.0,-1085.0
-1221.0,-70.0,-1050.0
-1042.0,-310.0,-862.0
-1198.0,-62.0,-940.0
-1048.0,171.0,-810.0
-1190.0,-132.0,-905.0
-952.0,-27.0,-1075.0
-1001.0,177.0,-1247.0
-964.0,415.0,-1235.0
-917.0,-35.0,-1110.0
-831.0,-245.0,-1015.0
-823.0,42.0,-897.0
-815.0,128.0,-810.0
-823.0,-144.0,-948.0
-692.0,-136.0,-1075.0
-732.0,228.0,-1190.0
-575.0,292.0,-1071.0
-599.0,-31.0,-1059.0
-404.0,-201.0,-958.0
-488.0,-46.0,-849.0
-478.0,308.0,-753.0
-359.0,-105.0,-966.0
-308.0,-21.0,-1132.0
-245.0,150.0,-1167.0
-324.0,331.0,-1145.0
-134.0,-66.0,-1151.0
-173.0,-245.0,-1059.0
-171.0,-50.0,-829.0
-236.0,189.0,-767.0
-162.0,9.0,-933.0
-148.0,-97.0,-1052.0
-204.0,160.0,-1120.0
-167.0,337.0,-1157.0
-103.0,5.0,-1210.0
-72.0,-175.0,-1030.0
-144.0,-46.0,-831.0
-128.0,165.0,-745.0
-121.0,-44.0,-1005.0
-68.0,-126.0,-1100.0
-158.0,136.0,-1122.0
-76.0,245.0,-1120.0
-101.0,105.0,-1188.0
-66.0,-163.0,-1030.0
-189.0,-19.0,-786.0
-191.0,89.0,-771.0
-154.0,19.0,-968.0
-156.0,-81.0,-1065.0
-177.0,83.0,-1083.0
-201.0,212.0,-1167.0
-78.0,56.0,-1290.0
-122.0,-124.0,-1079.0
-191.0,-29.0,-812.0
-236.0,25.0,-772.0
-138.0,-5.0,-987.0
-181.0,0.0,-1052.0
-195.0,181.0,-1073.0
-228.0,177.0,-1186.0
-89.0,-7.0,-1247.0
-154.0,-48.0,-1028.0
-181.0,-31.0,-757.0
-191.0,5.0,-794.0
-134.0,3.0,-991.0
-113.0,-68.0,-1100.0
-191.0,148.0,-1091.0
-148.0,191.0,-1145.0
-113.0,117.0,-1190.0
-64.0,5.0,-1075.0
-128.0,-52.0,-847.0
-134.0,-50.0,-825.0
-134.0,54.0,-903.0
-80.0,-9.0,-1009.0
-101.0,103.0,-1046.0
-99.0,91.0,-1165.0
-39.0,81.0,-1212.0
-15.0,21.0,-1122.0
-58.0,-7.0,-810.0
-113.0,-40.0,-812.0
-11.0,-21.0,-935.0
-52.0,42.0,-1061.0
-62.0,95.0,-1083.0
-128.0,122.0,-1157.0
-3.0,99.0,-1179.0
27.0,-25.0,-1077.0
-37.0,-56.0,-868.0
-101.0,-44.0,-825.0
-11.0,-13.0,-882.0
-54.0,17.0,-1013.0
-72.0,103.0,-1059.0
-89.0,158.0,-1157.0
35.0,91.0,-1237.0
33.0,35.0,-1128.0
48.0,-60.0,-913.0
-72.0,-89.0,-798.0
0.0,-15.0,-890.0
3.0,-19.0,-1038.0
-46.0,119.0,-1071.0
-54.0,117.0,-1173.0
122.0,121.0,-1192.0
111.0,23.0,-1108.0
132.0,-50.0,-853.0
-7.0,-23.0,-815.0
167.0,0.0,-911.0
95.0,35.0,-1011.0
115.0,70.0,-1091.0
76.0,70.0,-1175.0
162.0,121.0,-1128.0
158.0,40.0,-1126.0
122.0,-23.0,-960.0
31.0,-163.0,-866.0
83.0,19.0,-858.0
3.0,105.0,-942.0
13.0,85.0,-1018.0
-80.0,74.0,-1102.0
15.0,105.0,-1155.0
37.0,39.0,-1126.0
21.0,1.0,-995.0
-109.0,-50.0,-796.0
-33.0,-60.0,-808.0
-76.0,27.0,-1003.0
-58.0,52.0,-1057.0
-93.0,89.0,-1108.0
-23.0,126.0,-1169.0
-44.0,70.0,-1182.0
13.0,-29.0,-987.0
-91.0,-81.0,-835.0
-23.0,-3.0,-856.0
-56.0,33.0,-985.0
-76.0,66.0,-1042.0
-93.0,58.0,-1087.0
-35.0,126.0,-1204.0
-5.0,39.0,-1243.0
-48.0,-15.0,-1011.0
-99.0,-56.0,-806.0
-46.0,-39.0,-808.0
-97.0,68.0,-933.0
-64.0,72.0,-1024.0
-89.0,70.0,-1126.0
-39.0,156.0,-1153.0
-19.0,21.0,-1177.0
-21.0,-9.0,-970.0
-95.0,-74.0,-790.0
-56.0,-19.0,-833.0
-56.0,60.0,-1013.0
5.0,5.0,-1069.0
-50.0,78.0,-1102.0
-21.0,132.0,-1163.0
1.0,115.0,-1169.0
7.0,52.0,-1018.0
-17.0,-58.0,-899.0
-48.0,-60.0,-862.0
-3.0,11.0,-931.0
-29.0,83.0,-1005.0
0.0,44.0,-1075.0
-33.0,78.0,-1182.0
33.0,103.0,-1192.0
9.0,15.0,-1075.0
21.0,-29.0,-829.0
-44.0,-21.0,-810.0
60.0,5.0,-929.0
-25.0,29.0,-1052.0
37.0,54.0,-1104.0
-68.0,154.0,-1108.0
103.0,95.0,-1153.0
29.0,0.0,-1034.0
89.0,-60.0,-911.0
-56.0,-44.0,-825.0
52.0,13.0,-931.0
-19.0,15.0,-989.0
9.0,117.0,-1069.0
-68.0,126.0,-1157.0
83.0,76.0,-1218.0
1.0,60.0,-1079.0
76.0,-56.0,-892.0
-72.0,-91.0,-817.0
11.0,27.0,-897.0
-27.0,0.0,-1038.0
-29.0,95.0,-1098.0
-81.0,93.0,-1157.0
25.0,122.0,-1149.0
35.0,-9.0,-1069.0
21.0,-39.0,-882.0
-70.0,-19.0,-845.0
27.0,-19.0,-923.0
-72.0,35.0,-1020.0
7.0,52.0,-1095.0
-93.0,80.0,-1095.0
27.0,138.0,-1128.0
35.0,27.0,-1093.0
58.0,-39.0,-952.0
-68.0,-97.0,-870.0
5.0,0.0,-833.0
-60.0,54.0,-995.0
-11.0,80.0,-1061.0
-97.0,87.0,-1124.0
64.0,124.0,-1163.0
40.0,13.0,-1122.0
72.0,-23.0,-952.0
-78.0,-76.0,-794.0
21.0,23.0,-862.0
27.0,-13.0,-1079.0
-37.0,101.0,-1081.0
-87.0,111.0,-1075.0
33.0,107.0,-1136.0
31.0,64.0,-1112.0
66.0,-54.0,-954.0
-56.0,-76.0,-874.0
9.0,0.0,-862.0
0.0,21.0,-1003.0
-58.0,93.0,-1050.0
-64.0,48.0,-1116.0
19.0,130.0,-1130.0
87.0,44.0,-1196.0
64.0,-19.0,-958.0
-48.0,-66.0,-804.0
23.0,-7.0,-843.0
-48.0,39.0,-1018.0
-7.0,56.0,-1093.0
-66.0,121.0,-1097.0
19.0,126.0,-1098.0
52.0,13.0,-1134.0
11.0,-5.0,-1009.0
-42.0,-74.0,-835.0
5.0,-1.0,-866.0
-39.0,35.0,-1034.0
-42.0,19.0,-1028.0
-70.0,103.0,-1048.0
13.0,117.0,-1165.0
7.0,117.0,-1171.0
64.0,-31.0,-1018.0
-56.0,-68.0,-854.0
-7.0,-42.0,-845.0
-25.0,37.0,-968.0
-33.0,40.0,-1034.0
-64.0,111.0,-1077.0
-1.0,121.0,-1173.0
33.0,52.0,-1202.0
0.0,-35.0,-985.0
-40.0,-35.0,-817.0
-19.0,0.0,-837.0
-3.0,5.0,-1001.0
-23.0,-9.0,-1075.0
-21.0,80.0,-1085.0
-15.0,148.0,-1110.0
3.0,89.0,-1145.0
25.0,-15.0,-1042.0
-11.0,-64.0,-847.0
-9.0,-44.0,-899.0
-54.0,46.0,-944.0
-13.0,23.0,-1001.0
-40.0,99.0,-1054.0
-21.0,91.0,-1167.0
11.0,103.0,-1175.0
23.0,0.0,-1077.0
-1.0,-35.0,-845.0
-64.0,-15.0,-819.0
21.0,-25.0,-964.0
-13.0,27.0,-1042.0
-19.0,78.0,-1087.0
-54.0,103.0,-1136.0
1.0,162.0,-1118.0
89.0,15.0,-1046.0
9.0,-42.0,-901.0
-46.0,-40.0,-874.0
11.0,-3.0,-917.0
9.0,11.0,-1015.0
-35.0,70.0,-1052.0
-56.0,113.0,-1138.0
27.0,105.0,-1180.0
66.0,39.0,-1085.0
27.0,-42.0,-913.0
-48.0,-66.0,-831.0
1.0,-27.0,-890.0
-15.0,15.0,-1005.0
-11.0,109.0,-1073.0
-52.0,148.0,-1141.0
-1.0,81.0,-1190.0
58.0,-3.0,-1079.0
23.0,-29.0,-868.0
-66.0,-46.0,-817.0
13.0,17.0,-907.0
-17.0,3.0,-1063.0
-21.0,58.0,-1093.0
-72.0,115.0,-1126.0
15.0,130.0,-1106.0
62.0,31.0,-1065.0
80.0,-37.0,-927.0
-56.0,-80.0,-901.0
54.0,-33.0,-899.0
-44.0,72.0,-974.0
-46.0,99.0,-1059.0
-78.0,46.0,-1136.0
0.0,87.0,-1108.0
42.0,54.0,-1155.0
48.0,-13.0,-962.0
-72.0,-58.0,-831.0
247.0,-62.0,-810.0
66.0,89.0,-1132.0
339.0,60.0,-1050.0
206.0,146.0,-1067.0
542.0,89.0,-1097.0
519.0,25.0,-1141.0
648.0,-5.0,-1003.0
657.0,-101.0,-782.0
642.0,-5.0,-938.0
702.0,3.0,-1083.0
650.0,169.0,-1052.0
616.0,132.0,-1102.0
696.0,40.0,-1198.0
718.0,-5.0,-1186.0
681.0,105.0,-962.0
499.0,-46.0,-772.0
581.0,-117.0,-730.0
468.0,29.0,-936.0
499.0,126.0,-974.0
314.0,199.0,-1056.0
437.0,37.0,-1114.0
404.0,-46.0,-1177.0
304.0,74.0,-933.0
152.0,-15.0,-782.0
187.0,-72.0,-825.0
154.0,-21.0,-1050.0
68.0,134.0,-1087.0
-1.0,50.0,-1132.0
27.0,64.0,-1108.0
-17.0,70.0,-1180.0
-1.0,44.0,-1028.0
-76.0,-3.0,-890.0
-13.0,-126.0,-903.0
-56.0,29.0,-995.0
-50.0,87.0,-1011.0
-48.0,85.0,-1100.0
-23.0,99.0,-1196.0
68.0,33.0,-1253.0
39.0,21.0,-1114.0
17.0,-42.0,-835.0
-44.0,9.0,-786.0
74.0,-23.0,-962.0
-40.0,33.0,-1026.0
115.0,64.0,-1050.0
-7.0,140.0,-1141.0
122.0,122.0,-1155.0
68.0,1.0,-1020.0
95.0,-56.0,-843.0
42.0,-44.0,-806.0
99.0,21.0,-907.0
15.0,80.0,-970.0
-11.0,87.0,-1057.0
-37.0,109.0,-1194.0
17.0,95.0,-1237.0
-33.0,33.0,-1075.0
-64.0,-58.0,-827.0
-101.0,-72.0,-796.0
-56.0,39.0,-874.0
-46.0,13.0,-997.0
-85.0,103.0,-1091.0
-62.0,85.0,-1210.0
-5.0,130.0,-1245.0
1.0,54.0,-1046.0
-17.0,-19.0,-866.0
13.0,-62.0,-876.0
35.0,25.0,-962.0
46.0,35.0,-1034.0
-3.0,-23.0,-1056.0
19.0,101.0,-1134.0
117.0,121.0,-1132.0
109.0,136.0,-1083.0
134.0,-13.0,-950.0
81.0,-81.0,-911.0
154.0,7.0,-847.0
119.0,11.0,-931.0
142.0,58.0,-1013.0
117.0,5.0,-1145.0
148.0,136.0,-1175.0
195.0,46.0,-1169.0
136.0,-27.0,-950.0
76.0,-13.0,-843.0
146.0,-5.0,-868.0
54.0,52.0,-977.0
95.0,-40.0,-1026.0
-42.0,80.0,-1048.0
83.0,115.0,-1165.0
56.0,54.0,-1134.0
58.0,-27.0,-999.0
-40.0,-103.0,-886.0
1.0,29.0,-915.0
19.0,-21.0,-985.0
-80.0,105.0,-997.0
-89.0,33.0,-1085.0
-37.0,81.0,-1212.0
-5.0,74.0,-1210.0
-1.0,-23.0,-987.0
-146.0,-17.0,-847.0
11.0,5.0,-860.0
-54.0,40.0,-979.0
-35.0,9.0,-999.0
-105.0,50.0,-1081.0
19.0,113.0,-1116.0
29.0,-13.0,-1179.0
-7.0,46.0,-970.0
-54.0,-37.0,-866.0
27.0,60.0,-903.0
15.0,13.0,-1015.0
-17.0,40.0,-981.0
-27.0,23.0,-1009.0
66.0,78.0,-1073.0
19.0,99.0,-1145.0
29.0,5.0,-1054.0
-5.0,-56.0,-901.0
74.0,21.0,-899.0
13.0,66.0,-958.0
-7.0,56.0,-952.0
-64.0,-15.0,-1020.0
60.0,72.0,-1151.0
56.0,119.0,-1190.0
105.0,1.0,-1091.0
-74.0,-46.0,-862.0
0.0,39.0,-872.0
-11.0,31.0,-991.0
52.0,-11.0,-997.0
-87.0,-5.0,-1016.0
19.0,105.0,-1098.0
0.0,101.0,-1173.0
23.0,29.0,-1093.0
-5.0,-40.0,-927.0
23.0,-13.0,-942.0
-3.0,66.0,-927.0
91.0,9.0,-931.0
-35.0,37.0,-1015.0
-27.0,113.0,-1153.0
66.0,44.0,-1190.0
44.0,97.0,-1087.0
-37.0,-39.0,-913.0
52.0,-9.0,-888.0
50.0,52.0,-936.0
158.0,-23.0,-970.0
-62.0,13.0,-1018.0
-27.0,140.0,-1071.0
-5.0,101.0,-1134.0
175.0,33.0,-1143.0
11.0,5.0,-966.0
89.0,-13.0,-993.0
3.0,40.0,-938.0
39.0,-39.0,-958.0
-68.0,9.0,-940.0
-80.0,80.0,-1095.0
-9.0,117.0,-1173.0
68.0,76.0,-1202.0
-87.0,52.0,-999.0
46.0,-44.0,-972.0
-64.0,-31.0,-880.0
-5.0,-89.0,-903.0
-236.0,136.0,-925.0
11.0,29.0,-1067.0
-25.0,191.0,-1264.0
-19.0,-1.0,-1206.0
-111.0,0.0,-1015.0
-97.0,35.0,-851.0
19.0,11.0,-933.0
-19.0,-66.0,-923.0
-44.0,-54.0,-956.0
-103.0,113.0,-1005.0
-80.0,179.0,-1165.0
179.0,81.0,-1221.0
-150.0,-33.0,-1057.0
-93.0,-72.0,-862.0
152.0,11.0,-868.0
-42.0,62.0,-1003.0
7.0,70.0,-946.0
-97.0,-3.0,-909.0
179.0,99.0,-1276.0
-37.0,54.0,-1288.0
103.0,46.0,-997.0
-3.0,-72.0,-784.0
58.0,109.0,-936.0
15.0,5.0,-938.0
7.0,-33.0,-927.0
-142.0,142.0,-1024.0
181.0,29.0,-1202.0
33.0,85.0,-1194.0
-107.0,1.0,-995.0
76.0,-27.0,-888.0
111.0,0.0,-976.0
-85.0,-39.0,-960.0
-85.0,122.0,-843.0
21.0,5.0,-1034.0
76.0,128.0,-1221.0
-21.0,52.0,-1216.0
50.0,-44.0,-1022.0
-48.0,-37.0,-858.0
-29.0,11.0,-913.0
-119.0,39.0,-931.0
111.0,60.0,-935.0
-9.0,15.0,-983.0
119.0,197.0,-1235.0
-46.0,0.0,-1212.0
29.0,-48.0,-1067.0
-64.0,56.0,-817.0
1.0,39.0,-923.0
115.0,-13.0,-989.0
-50.0,-87.0,-944.0
109.0,11.0,-1069.0
0.0,242.0,-1188.0
-11.0,39.0,-1141.0
46.0,66.0,-974.0
21.0,-74.0,-989.0
40.0,99.0,-903.0
81.0,-23.0,-950.0
-78.0,-15.0,-919.0
-80.0,-25.0,-999.0
-76.0,78.0,-1147.0
-46.0,140.0,-1200.0
152.0,81.0,-1036.0
29.0,-91.0,-999.0
-199.0,148.0,-843.0
-33.0,5.0,-964.0
23.0,-40.0,-942.0
-203.0,89.0,-1028.0
-64.0,154.0,-974.0
25.0,35.0,-1276.0
91.0,-64.0,-1087.0
-162.0,-3.0,-968.0
-21.0,0.0,-874.0
-136.0,-46.0,-983.0
0.0,85.0,-954.0
-66.0,-13.0,-979.0
-37.0,119.0,-1065.0
23.0,284.0,-1210.0
95.0,-50.0,-1179.0
-89.0,62.0,-968.0
-83.0,-101.0,-886.0
74.0,9.0,-874.0
113.0,-5.0,-938.0
-23.0,56.0,-985.0
-66.0,-3.0,-1091.0
142.0,87.0,-1171.0
48.0,101.0,-1163.0
-46.0,132.0,-956.0
-21.0,62.0,-847.0
130.0,23.0,-936.0
74.0,-80.0,-1057.0
-40.0,-23.0,-927.0
101.0,31.0,-1013.0
-42.0,148.0,-1200.0
83.0,-64.0,-1223.0
46.0,76.0,-997.0
-66.0,-17.0,-946.0
181.0,103.0,-958.0
-37.0,-17.0,-917.0
-3.0,-54.0,-964.0
-142.0,126.0,-936.0
224.0,199.0,-1266.0
-68.0,50.0,-1169.0
31.0,-97.0,-1118.0
-39.0,39.0,-772.0
40.0,-19.0,-962.0
-76.0,58.0,-956.0
-19.0,-185.0,-935.0
-134.0,113.0,-950.0
-103.0,171.0,-1192.0
-105.0,201.0,-1227.0
-33.0,-44.0,-1046.0
-89.0,-48.0,-880.0
115.0,60.0,-946.0
1.0,-17.0,-923.0
-31.0,-80.0,-944.0
-124.0,121.0,-954.0
25.0,21.0,-1278.0
23.0,160.0,-1260.0
134.0,-25.0,-1069.0
-78.0,1.0,-853.0
83.0,50.0,-837.0
-5.0,25.0,-940.0
46.0,109.0,-958.0
64.0,42.0,-1040.0
39.0,103.0,-1188.0
162.0,-74.0,-1239.0
35.0,-54.0,-977.0
-33.0,13.0,-856.0
-89.0,31.0,-813.0
52.0,44.0,-1022.0
17.0,-44.0,-974.0
-33.0,64.0,-1139.0
-83.0,146.0,-1079.0
42.0,76.0,-1151.0
-9.0,156.0,-1061.0
-60.0,-85.0,-933.0
-87.0,-54.0,-872.0
152.0,21.0,-956.0
-78.0,0.0,-1003.0
-152.0,99.0,-1028.0
-68.0,-5.0,-1102.0
162.0,33.0,-1253.0
-142.0,245.0,-1069.0
78.0,-35.0,-919.0
-21.0,60.0,-792.0
-9.0,21.0,-1007.0
83.0,-124.0,-1036.0
-119.0,66.0,-1009.0
5.0,124.0,-1069.0
-21.0,81.0,-1180.0
54.0,-33.0,-1124.0
-115.0,-5.0,-917.0
68.0,1.0,-895.0
156.0,70.0,-997.0
5.0,13.0,-987.0
-11.0,78.0,-954.0
58.0,64.0,-1050.0
64.0,181.0,-1223.0
33.0,7.0,-1155.0
-80.0,-72.0,-866.0
-52.0,-46.0,-810.0
23.0,39.0,-989.0
0.0,50.0,-1016.0
76.0,-3.0,-948.0
-95.0,93.0,-1030.0
-91.0,150.0,-1223.0
1.0,52.0,-1106.0
0.0,52.0,-950.0
-126.0,-56.0,-895.0
91.0,-21.0,-1032.0
-81.0,-19.0,-999.0
-62.0,29.0,-989.0
-68.0,46.0,-1042.0
-56.0,9.0,-1200.0
113.0,142.0,-1085.0
27.0,-3.0,-1038.0
-27.0,9.0,-911.0
42.0,29.0,-874.0
89.0,50.0,-987.0
-101.0,58.0,-968.0
-87.0,40.0,-997.0
7.0,66.0,-1188.0
142.0,37.0,-1157.0
-25.0,-17.0,-1024.0
-66.0,-66.0,-772.0
81.0,99.0,-927.0
74.0,-27.0,-1059.0
-27.0,-3.0,-964.0
54.0,89.0,-962.0
-15.0,142.0,-1208.0
-74.0,134.0,-1192.0
33.0,-21.0,-983.0
27.0,-81.0,-810.0
66.0,93.0,-958.0
39.0,-78.0,-1048.0
-83.0,37.0,-845.0
17.0,31.0,-1018.0
-122.0,124.0,-1200.0
130.0,103.0,-1239.0
103.0,5.0,-954.0
-13.0,-46.0,-854.0
-52.0,177.0,-890.0
87.0,-81.0,-1022.0
0.0,85.0,-1034.0
-302.0,-21.0,-983.0
25.0,130.0,-1020.0
265.0,-25.0,-1257.0
-11.0,-33.0,-1079.0
-44.0,-56.0,-843.0
33.0,13.0,-1001.0
-48.0,214.0,-1040.0
56.0,-80.0,-1028.0
-128.0,25.0,-913.0
68.0,128.0,-1028.0
134.0,232.0,-1179.0
15.0,44.0,-1186.0
-99.0,-228.0,-956.0
7.0,11.0,-772.0
181.0,101.0,-923.0
-9.0,107.0,-1032.0
-46.0,-76.0,-938.0
-60.0,5.0,-972.0
85.0,201.0,-1272.0
15.0,105.0,-1227.0
-56.0,-29.0,-843.0
-72.0,5.0,-716.0
134.0,13.0,-1147.0
35.0,-78.0,-1122.0
-162.0,11.0,-942.0
-130.0,162.0,-917.0
122.0,121.0,-1300.0
107.0,54.0,-1221.0
81.0,-197.0,-792.0
-284.0,64.0,-724.0
54.0,177.0,-1085.0
138.0,66.0,-1177.0
-48.0,-105.0,-882.0
-443.0,167.0,-897.0
197.0,238.0,-1260.0
361.0,11.0,-1376.0
-93.0,-298.0,-901.0
-372.0,-7.0,-562.0
247.0,236.0,-905.0
308.0,101.0,-1403.0
-130.0,-177.0,-1046.0
-447.0,23.0,-628.0
271.0,290.0,-1186.0
339.0,240.0,-1456.0
40.0,-417.0,-1011.0
-386.0,-25.0,-460.0
286.0,208.0,-936.0
333.0,146.0,-1506.0
-142.0,-271.0,-991.0
-245.0,1.0,-542.0
78.0,292.0,-1093.0
189.0,298.0,-1592.0
3.0,-212.0,-1015.0
-210.0,-93.0,-448.0
62.0,13.0,-960.0
179.0,320.0,-1403.0
85.0,-406.0,-970.0
-431.0,-50.0,-515.0
-234.0,136.0,-1139.0
103.0,554.0,-1469.0
439.0,-251.0,-1231.0
-527.0,-101.0,-601.0
-29.0,27.0,-862.0
195.0,374.0,-1311.0
169.0,-417.0,-1188.0
-571.0,9.0,-396.0
-81.0,97.0,-1013.0
247.0,612.0,-1432.0
583.0,-445.0,-1385.0
-585.0,9.0,-644.0
167.0,-39.0,-796.0
144.0,493.0,-1360.0
242.0,-251.0,-1030.0
-573.0,-156.0,-413.0
-80.0,40.0,-895.0
581.0,484.0,-1590.0
66.0,-93.0,-1497.0
-400.0,-87.0,-597.0
-35.0,-97.0,-673.0
238.0,540.0,-1366.0
23.0,-456.0,-1106.0
-521.0,-25.0,-351.0
40.0,-142.0,-903.0
390.0,696.0,-1635.0
15.0,-58.0,-1538.0
-138.0,-349.0,-650.0
-148.0,165.0,-642.0
320.0,337.0,-1272.0
-122.0,35.0,-1192.0
31.0,-554.0,-464.0
-191.0,199.0,-812.0
361.0,552.0,-1604.0
-54.0,-124.0,-1614.0
-80.0,-314.0,-753.0
-163.0,185.0,-454.0
267.0,343.0,-1157.0
-140.0,-25.0,-1118.0
183.0,-569.0,-733.0
-396.0,382.0,-716.0
263.0,318.0,-1651.0
-259.0,142.0,-1452.0
199.0,-443.0,-780.0
284.0,271.0,-1114.0
-132.0,242.0,-1083.0
392.0,-718.0,-972.0
-607.0,419.0,-771.0
97.0,177.0,-1497.0
27.0,486.0,-1270.0
277.0,-655.0,-944.0
-406.0,115.0,-612.0
142.0,234.0,-880.0
283.0,271.0,-1116.0
95.0,-370.0,-1075.0
-532.0,85.0,-868.0
-11.0,228.0,-1216.0
392.0,244.0,-1342.0
185.0,-374.0,-1024.0
-339.0,44.0,-585.0
0.0,132.0,-710.0
372.0,257.0,-1221.0
85.0,-376.0,-1231.0
-347.0,78.0,-884.0
-9.0,187.0,-919.0
349.0,294.0,-1348.0
173.0,-277.0,-1134.0
-331.0,-40.0,-759.0
-25.0,115.0,-673.0
363.0,171.0,-1157.0
-111.0,-244.0,-1212.0
-165.0,-15.0,-823.0
76.0,160.0,-909.0
337.0,394.0,-1317.0
-103.0,-255.0,-1262.0
-169.0,-124.0,-626.0
236.0,-25.0,-714.0
-31.0,380.0,-1112.0
27.0,-37.0,-1108.0
25.0,-60.0,-979.0
-234.0,-156.0,-1098.0
-54.0,407.0,-1173.0
74.0,3.0,-1159.0
3.0,-130.0,-915.0
-308.0,-296.0,-817.0
89.0,365.0,-936.0
117.0,99.0,-1221.0
-236.0,-72.0,-1151.0
-316.0,9.0,-880.0
435.0,201.0,-1052.0
-37.0,218.0,-1239.0
-210.0,-306.0,-1065.0
-119.0,13.0,-583.0
556.0,25.0,-935.0
-189.0,433.0,-1229.0
-206.0,-220.0,-1126.0
99.0,-70.0,-839.0
187.0,128.0,-1184.0
-218.0,316.0,-1380.0
-93.0,-70.0,-890.0
210.0,-101.0,-657.0
31.0,97.0,-915.0
-218.0,101.0,-1212.0
44.0,-179.0,-1061.0
-19.0,124.0,-964.0
-44.0,76.0,-1147.0
-85.0,109.0,-1122.0
249.0,-183.0,-1022.0
-89.0,42.0,-837.0
-286.0,13.0,-878.0
21.0,226.0,-1085.0
85.0,0.0,-1155.0
-93.0,-87.0,-1157.0
-136.0,89.0,-1069.0
-1.0,140.0,-1138.0
121.0,81.0,-1071.0
-136.0,-132.0,-849.0
46.0,-62.0,-757.0
-72.0,162.0,-905.0
146.0,115.0,-1196.0
31.0,29.0,-1225.0
-144.0,-64.0,-1042.0
-54.0,226.0,-936.0
220.0,0.0,-1091.0
-83.0,-27.0,-927.0
-1.0,-83.0,-751.0
-9.0,25.0,-991.0
-9.0,134.0,-1247.0
-37.0,-80.0,-1063.0
-244.0,222.0,-991.0
101.0,11.0,-991.0
238.0,81.0,-1182.0
-62.0,-70.0,-1016.0
-39.0,-35.0,-655.0
-222.0,249.0,-888.0
78.0,111.0,-1305.0
95.0,-64.0,-1104.0
-39.0,56.0,-1030.0
68.0,-44.0,-1016.0
138.0,185.0,-1044.0
244.0,-193.0,-1163.0
-267.0,46.0,-733.0
-175.0,-13.0,-866.0
249.0,56.0,-1030.0
189.0,187.0,-1274.0
-91.0,11.0,-921.0
-152.0,46.0,-958.0
218.0,9.0,-1057.0
89.0,-48.0,-1235.0
-368.0,-27.0,-786.0
-7.0,46.0,-767.0
376.0,5.0,-911.0
89.0,-13.0,-1405.0
-359.0,5.0,-1044.0
-54.0,121.0,-909.0
238.0,146.0,-1089.0
1.0,-148.0,-1223.0
-296.0,33.0,-745.0
257.0,-83.0,-575.0
236.0,212.0,-1122.0
-76.0,-15.0,-1409.0
-318.0,-25.0,-960.0
199.0,99.0,-837.0
267.0,39.0,-1159.0
-197.0,-78.0,-1317.0
-134.0,-83.0,-714.0
203.0,286.0,-646.0
91.0,56.0,-1317.0
-183.0,-70.0,-1346.0
-111.0,29.0,-774.0
105.0,236.0,-882.0
46.0,162.0,-1255.0
-76.0,-458.0,-1301.0
-339.0,140.0,-542.0
314.0,177.0,-788.0
-177.0,85.0,-1180.0
-214.0,-142.0,-1385.0
-191.0,-31.0,-724.0
298.0,402.0,-999.0
-42.0,56.0,-1266.0
-251.0,-122.0,-1212.0
15.0,-144.0,-595.0
148.0,357.0,-858.0
-269.0,199.0,-1216.0
21.0,-236.0,-1202.0
-111.0,-25.0,-749.0
331.0,333.0,-1052.0
-232.0,117.0,-1225.0
-1.0,-146.0,-1034.0
-1.0,-52.0,-683.0
165.0,290.0,-1016.0
-236.0,117.0,-1130.0
167.0,-122.0,-1030.0
33.0,-17.0,-899.0
201.0,220.0,-1136.0
-91.0,130.0,-1229.0
128.0,-302.0,-1022.0
-101.0,-33.0,-735.0
-76.0,468.0,-894.0
50.0,-23.0,-1212.0
7.0,-52.0,-938.0
210.0,-144.0,-923.0
56.0,388.0,-1042.0
-21.0,-33.0,-1323.0
-214.0,-191.0,-956.0
126.0,-113.0,-833.0
80.0,472.0,-958.0
-3.0,46.0,-1112.0
37.0,-251.0,-970.0
193.0,-156.0,-1016.0
31.0,359.0,-1054.0
-306.0,355.0,-1192.0
111.0,-320.0,-995.0
154.0,-236.0,-858.0
99.0,228.0,-917.0
-335.0,275.0,-921.0
329.0,-396.0,-960.0
-50.0,-50.0,-1032.0
46.0,279.0,-1218.0
-361.0,253.0,-1020.0
349.0,-281.0,-1073.0
-158.0,5.0,-843.0
42.0,251.0,-1095.0
-290.0,148.0,-897.0
269.0,-329.0,-1040.0
-68.0,179.0,-913.0
107.0,76.0,-1432.0
-361.0,197.0,-856.0
448.0,-249.0,-1087.0
-52.0,50.0,-1013.0
-107.0,140.0,-1013.0
-224.0,242.0,-607.0
540.0,-329.0,-1139.0
-212.0,226.0,-1294.0
-191.0,132.0,-1052.0
66.0,197.0,-903.0
191.0,-247.0,-1114.0
-31.0,-101.0,-1202.0
-376.0,-27.0,-655.0
167.0,165.0,-774.0
56.0,50.0,-1149.0
-150.0,-31.0,-1364.0
-322.0,126.0,-794.0
238.0,31.0,-983.0
-124.0,162.0,-1303.0
27.0,-87.0,-1120.0
-283.0,33.0,-653.0
277.0,-68.0,-810.0
-195.0,187.0,-1284.0
103.0,-44.0,-1259.0
-226.0,74.0,-829.0
212.0,0.0,-987.0
-81.0,89.0,-1214.0
146.0,-83.0,-1145.0
-253.0,107.0,-642.0
103.0,99.0,-831.0
-50.0,240.0,-1225.0
156.0,-165.0,-1294.0
-126.0,109.0,-817.0
201.0,-80.0,-1022.0
-97.0,208.0,-1179.0
187.0,-195.0,-1081.0
-189.0,109.0,-706.0
54.0,-101.0,-841.0
-11.0,173.0,-1149.0
78.0,-37.0,-1305.0
-15.0,91.0,-821.0
11.0,-58.0,-999.0
-29.0,183.0,-1208.0
101.0,-66.0,-1102.0
-89.0,70.0,-790.0
-66.0,0.0,-786.0
-23.0,152.0,-1218.0
-1.0,-64.0,-1231.0
-91.0,160.0,-790.0
35.0,-74.0,-1075.0
-39.0,142.0,-1169.0
111.0,-189.0,-1057.0
-83.0,162.0,-763.0
-150.0,-5.0,-886.0
7.0,191.0,-1155.0
117.0,-126.0,-1177.0
-70.0,140.0,-854.0
-111.0,15.0,-977.0
103.0,140.0,-1139.0
138.0,-208.0,-1157.0
-54.0,-37.0,-876.0
-210.0,128.0,-784.0
208.0,109.0,-1052.0
-7.0,-62.0,-1179.0
54.0,-44.0,-1015.0
-214.0,122.0,-940.0
81.0,169.0,-1093.0
208.0,-15.0,-1141.0
-17.0,-93.0,-1069.0
-251.0,-13.0,-683.0
257.0,169.0,-901.0
124.0,158.0,-1245.0
115.0,-48.0,-1194.0
-181.0,-60.0,-858.0
119.0,93.0,-952.0
5.0,56.0,-1218.0
-122.0,68.0,-968.0
-87.0,-58.0,-739.0
33.0,-9.0,-890.0
25.0,132.0,-1194.0
218.0,-56.0,-1159.0
-347.0,68.0,-919.0
140.0,3.0,-954.0
39.0,68.0,-1227.0
56.0,-50.0,-1052.0
-269.0,177.0,-761.0
99.0,-83.0,-878.0
144.0,132.0,-1169.0
128.0,-62.0,-1173.0
-435.0,245.0,-925.0
175.0,-109.0,-989.0
93.0,17.0,-1216.0
-62.0,0.0,-1013.0
-113.0,126.0,-698.0
76.0,95.0,-829.0
271.0,-35.0,-1337.0
-119.0,-5.0,-1196.0
-191.0,220.0,-841.0
191.0,89.0,-880.0
56.0,122.0,-1292.0
56.0,-126.0,-1063.0
-101.0,1.0,-657.0
29.0,124.0,-788.0
83.0,-42.0,-1298.0
-33.0,9.0,-1138.0
-263.0,-52.0,-907.0
175.0,103.0,-936.0
-62.0,189.0,-1235.0
156.0,-115.0,-1128.0
-269.0,40.0,-675.0
199.0,-52.0,-802.0
-23.0,292.0,-1282.0
13.0,-5.0,-1311.0
-290.0,9.0,-860.0
288.0,-31.0,-868.0
-99.0,146.0,-1227.0
-3.0,-42.0,-1095.0
-183.0,44.0,-683.0
103.0,17.0,-919.0
-31.0,206.0,-1243.0
171.0,-160.0,-1231.0
-121.0,216.0,-772.0
173.0,-44.0,-979.0
-103.0,253.0,-1239.0
206.0,-240.0,-1161.0
-163.0,115.0,-749.0
130.0,-21.0,-804.0
-81.0,27.0,-1204.0
-17.0,52.0,-1122.0
68.0,13.0,-788.0
56.0,111.0,-991.0
-33.0,-21.0,-1272.0
25.0,-9.0,-1071.0
-33.0,5.0,-737.0
11.0,197.0,-886.0
-76.0,91.0,-1237.0
103.0,-74.0,-1138.0
-5.0,-15.0,-819.0
197.0,87.0,-1057.0
-146.0,140.0,-1245.0
251.0,-105.0,-1167.0
-146.0,-9.0,-683.0
19.0,115.0,-935.0
-259.0,269.0,-1061.0
363.0,-89.0,-1116.0
27.0,-144.0,-841.0
-134.0,72.0,-1034.0
48.0,242.0,-1200.0
105.0,-64.0,-1163.0
-263.0,-247.0,-732.0
7.0,244.0,-849.0
23.0,167.0,-1151.0
-17.0,97.0,-1260.0
-3.0,-322.0,-784.0
33.0,76.0,-1009.0
-85.0,345.0,-1317.0
-35.0,-40.0,-1046.0
-50.0,-361.0,-751.0
-7.0,226.0,-872.0
-78.0,257.0,-1309.0
-23.0,206.0,-1030.0
66.0,-642.0,-913.0
-185.0,316.0,-1067.0
-138.0,472.0,-1298.0
245.0,-197.0,-1163.0
-259.0,-337.0,-710.0
257.0,259.0,-860.0
-343.0,491.0,-1153.0
80.0,-206.0,-1182.0
-228.0,-398.0,-737.0
15.0,316.0,-1262.0
-101.0,433.0,-1182.0
99.0,-279.0,-1165.0
-232.0,-251.0,-642.0
109.0,101.0,-1009.0
-325.0,691.0,-1079.0
230.0,-534.0,-1270.0
-312.0,-13.0,-854.0
87.0,-31.0,-1262.0
-128.0,587.0,-1003.0
103.0,-187.0,-1128.0
-80.0,-394.0,-903.0
-146.0,58.0,-899.0
-146.0,489.0,-968.0
165.0,0.0,-1005.0
27.0,-257.0,-1262.0
-261.0,101.0,-946.0
128.0,400.0,-1061.0
-50.0,-42.0,-1102.0
56.0,-288.0,-1034.0
-234.0,0.0,-726.0
85.0,372.0,-956.0
136.0,33.0,-1036.0
111.0,-222.0,-1364.0
-464.0,93.0,-839.0
302.0,212.0,-1015.0
-167.0,121.0,-1011.0
230.0,-271.0,-1130.0
-534.0,111.0,-708.0
404.0,132.0,-890.0
181.0,70.0,-1063.0
37.0,-35.0,-1411.0
-376.0,-35.0,-743.0
245.0,218.0,-993.0
193.0,109.0,-1147.0
134.0,-341.0,-1227.0
-370.0,156.0,-640.0
300.0,238.0,-716.0
220.0,230.0,-1097.0
23.0,-341.0,-1508.0
-288.0,76.0,-780.0
300.0,115.0,-802.0
359.0,298.0,-1141.0
-111.0,-259.0,-1235.0
-230.0,-13.0,-650.0
322.0,93.0,-655.0
208.0,366.0,-1243.0
0.0,-259.0,-1421.0
-167.0,21.0,-708.0
238.0,-140.0,-763.0
255.0,290.0,-1223.0
-306.0,-195.0,-1325.0
-33.0,78.0,-673.0
204.0,89.0,-610.0
208.0,236.0,-1266.0
-111.0,-329.0,-1417.0
-91.0,70.0,-624.0
337.0,-144.0,-841.0
50.0,400.0,-1358.0
-236.0,-111.0,-1257.0
-78.0,1.0,-525.0
394.0,-76.0,-821.0
-85.0,357.0,-1298.0
-62.0,-232.0,-1413.0
-17.0,-44.0,-480.0
156.0,-115.0,-888.0
-58.0,735.0,-1280.0
-13.0,-265.0,-1253.0
-11.0,-113.0,-650.0
368.0,-181.0,-925.0
-68.0,528.0,-1091.0
144.0,-325.0,-1276.0
-337.0,124.0,-605.0
234.0,-115.0,-1067.0
87.0,423.0,-1196.0
-78.0,-290.0,-1220.0
-21.0,-29.0,-722.0
236.0,5.0,-792.0
-113.0,474.0,-1141.0
21.0,-480.0,-1204.0
-228.0,165.0,-802.0
255.0,50.0,-1015.0
-52.0,150.0,-1268.0
-179.0,-160.0,-1118.0
113.0,-44.0,-689.0
146.0,197.0,-917.0
-163.0,156.0,-1257.0
-9.0,-195.0,-1083.0
142.0,13.0,-843.0
-74.0,240.0,-1050.0
-204.0,218.0,-1169.0
56.0,-269.0,-1124.0
72.0,-5.0,-841.0
81.0,132.0,-1011.0
-292.0,181.0,-985.0
119.0,-292.0,-1003.0
97.0,29.0,-1011.0
-101.0,245.0,-1128.0
-117.0,201.0,-1040.0
117.0,-335.0,-1122.0
48.0,115.0,-854.0
37.0,111.0,-981.0
-327.0,286.0,-964.0
119.0,-333.0,-1091.0
62.0,-48.0,-1118.0
-251.0,255.0,-1093.0
-5.0,152.0,-1007.0
-9.0,-81.0,-1075.0
204.0,-177.0,-972.0
-203.0,269.0,-1007.0
-251.0,107.0,-933.0
121.0,-105.0,-1013.0
111.0,-72.0,-1235.0
-359.0,327.0,-1061.0
76.0,189.0,-936.0
-44.0,-187.0,-1005.0
138.0,-201.0,-1159.0
-312.0,206.0,-954.0
-60.0,251.0,-868.0
-39.0,-124.0,-1038.0
9.0,-3.0,-1259.0
-179.0,50.0,-1034.0
101.0,269.0,-925.0
-76.0,-117.0,-923.0
257.0,-247.0,-1120.0
-480.0,409.0,-1046.0
253.0,-140.0,-962.0
-226.0,66.0,-923.0
269.0,-181.0,-1091.0
-201.0,404.0,-1075.0
263.0,21.0,-950.0
-15.0,-275.0,-1050.0
9.0,-23.0,-958.0
-40.0,296.0,-1034.0
128.0,331.0,-747.0
-11.0,-271.0,-1155.0
201.0,-140.0,-925.0
9.0,212.0,-1009.0
384.0,310.0,-1020.0
-400.0,-17.0,-1155.0
396.0,-257.0,-890.0
-193.0,226.0,-853.0
288.0,197.0,-983.0
-216.0,27.0,-1052.0
507.0,-257.0,-944.0
-165.0,134.0,-909.0
224.0,142.0,-1122.0
-234.0,54.0,-1007.0
585.0,-245.0,-1028.0
-542.0,122.0,-884.0
253.0,134.0,-1075.0
-154.0,290.0,-880.0
550.0,-314.0,-1126.0
-415.0,128.0,-903.0
140.0,-203.0,-1272.0
-78.0,251.0,-1007.0
386.0,-163.0,-970.0
-511.0,27.0,-948.0
66.0,193.0,-972.0
191.0,-27.0,-976.0
62.0,97.0,-1091.0
-351.0,-31.0,-1024.0
76.0,58.0,-1091.0
220.0,40.0,-1091.0
-35.0,81.0,-976.0
-236.0,-119.0,-872.0
163.0,218.0,-1020.0
83.0,5.0,-1151.0
-33.0,9.0,-954.0
-97.0,-337.0,-1075.0
-156.0,359.0,-917.0
284.0,158.0,-1204.0
-21.0,19.0,-958.0
-251.0,-244.0,-1009.0
-81.0,290.0,-888.0
60.0,177.0,-1104.0
109.0,-117.0,-899.0
-220.0,-396.0,-1225.0
-167.0,345.0,-847.0
245.0,251.0,-1221.0
-66.0,95.0,-1134.0
-380.0,-423.0,-895.0
-107.0,220.0,-819.0
193.0,349.0,-1210.0
-33.0,19.0,-1046.0
-257.0,-331.0,-1097.0
-181.0,177.0,-841.0
439.0,322.0,-1159.0
-124.0,-95.0,-1235.0
-353.0,-152.0,-876.0
-23.0,-58.0,-845.0
150.0,546.0,-1210.0
40.0,-212.0,-1163.0
-275.0,-87.0,-880.0
46.0,-54.0,-966.0
292.0,427.0,-1159.0
-140.0,-122.0,-1315.0
-359.0,-39.0,-796.0
40.0,-64.0,-815.0
165.0,411.0,-1104.0
-115.0,-232.0,-1309.0
-374.0,-54.0,-864.0
-1.0,-64.0,-991.0
247.0,265.0,-1042.0
-497.0,37.0,-1280.0
-370.0,-87.0,-806.0
-70.0,-62.0,-854.0
-68.0,384.0,-1132.0
-443.0,-35.0,-1262.0
-263.0,-50.0,-821.0
-245.0,-146.0,-954.0
-66.0,263.0,-1083.0
-536.0,136.0,-1255.0
-368.0,-191.0,-907.0
-417.0,46.0,-815.0
-44.0,204.0,-1028.0
-566.0,60.0,-1198.0
-390.0,-160.0,-946.0
-474.0,101.0,-827.0
13.0,148.0,-1276.0
-679.0,76.0,-1218.0
-417.0,-124.0,-782.0
-212.0,70.0,-679.0
-126.0,76.0,-1200.0
-462.0,-101.0,-1249.0
-312.0,107.0,-792.0
-349.0,3.0,-847.0
-122.0,80.0,-1233.0
-593.0,103.0,-1198.0
-115.0,81.0,-819.0
-302.0,-204.0,-874.0
-413.0,199.0,-1073.0
-263.0,-105.0,-1155.0
-187.0,255.0,-720.0
-191.0,-281.0,-983.0
-267.0,175.0,-1081.0
-368.0,124.0,-1155.0
-109.0,25.0,-866.0
-464.0,-115.0,-854.0
-206.0,7.0,-989.0
-220.0,216.0,-1108.0
-21.0,19.0,-950.0
-261.0,-132.0,-903.0
-302.0,-11.0,-1093.0
-271.0,249.0,-1110.0
39.0,-185.0,-1046.0
-320.0,15.0,-876.0
-240.0,56.0,-987.0
-128.0,203.0,-1061.0
5.0,-165.0,-1077.0
-165.0,-54.0,-894.0
-398.0,142.0,-1048.0
-5.0,165.0,-1089.0
39.0,-78.0,-1165.0
-91.0,-37.0,-890.0
-80.0,58.0,-888.0
87.0,136.0,-946.0
320.0,-156.0,-1085.0
238.0,-5.0,-964.0
-167.0,68.0,-1095.0
370.0,283.0,-976.0
329.0,-5.0,-1196.0
255.0,-39.0,-950.0
48.0,-23.0,-911.0
368.0,130.0,-958.0
273.0,-74.0,-1118.0
175.0,-21.0,-1104.0
-294.0,48.0,-1016.0
361.0,122.0,-1048.0
97.0,109.0,-1155.0
156.0,-74.0,-1015.0
-292.0,89.0,-698.0
201.0,70.0,-829.0
0.0,3.0,-1126.0
-3.0,-21.0,-1071.0
-448.0,11.0,-940.0
167.0,81.0,-999.0
-115.0,111.0,-1208.0
3.0,-109.0,-1147.0
-398.0,76.0,-679.0
74.0,76.0,-880.0
-105.0,81.0,-1270.0
-56.0,-15.0,-1216.0
-486.0,-15.0,-895.0
191.0,160.0,-956.0
-206.0,154.0,-1218.0
111.0,-85.0,-1204.0
-450.0,64.0,-687.0
222.0,-37.0,-944.0
-199.0,80.0,-1151.0
68.0,-97.0,-1202.0
-501.0,203.0,-819.0
339.0,31.0,-1046.0
-144.0,165.0,-1255.0
56.0,-5.0,-1100.0
-406.0,150.0,-661.0
247.0,-72.0,-870.0
-148.0,40.0,-1124.0
62.0,-124.0,-1138.0
-470.0,230.0,-798.0
347.0,-19.0,-1063.0
-119.0,181.0,-1216.0
163.0,-107.0,-1136.0
-335.0,179.0,-665.0
261.0,-48.0,-979.0
-130.0,25.0,-1180.0
52.0,-87.0,-1153.0
-386.0,189.0,-761.0
263.0,58.0,-1032.0
-81.0,132.0,-1329.0
163.0,-109.0,-1161.0
-283.0,46.0,-687.0
83.0,46.0,-815.0
-50.0,-23.0,-1149.0
60.0,-3.0,-1136.0
-214.0,15.0,-907.0
242.0,132.0,-972.0
-11.0,216.0,-1309.0
154.0,-60.0,-1151.0
-121.0,-64.0,-704.0
122.0,107.0,-782.0
1.0,136.0,-1202.0
138.0,-115.0,-1151.0
-204.0,-25.0,-851.0
181.0,119.0,-936.0
-33.0,177.0,-1300.0
163.0,-66.0,-1120.0
-119.0,-19.0,-739.0
165.0,89.0,-841.0
44.0,60.0,-1190.0
95.0,15.0,-1139.0
-80.0,-31.0,-882.0
119.0,91.0,-991.0
-66.0,206.0,-1319.0
115.0,-64.0,-1165.0
-121.0,-33.0,-718.0
87.0,31.0,-810.0
-99.0,19.0,-1155.0
33.0,-23.0,-1098.0
-64.0,-39.0,-878.0
25.0,169.0,-1015.0
-95.0,173.0,-1259.0
25.0,-19.0,-1112.0
-85.0,-66.0,-776.0
-48.0,80.0,-872.0
0.0,13.0,-1175.0
3.0,-44.0,-1011.0
-33.0,-35.0,-890.0
-85.0,146.0,-999.0
-3.0,150.0,-1262.0
56.0,-42.0,-1147.0
-76.0,-3.0,-821.0
-33.0,140.0,-825.0
-33.0,66.0,-1067.0
105.0,-89.0,-1075.0
-11.0,-48.0,-915.0
-122.0,181.0,-1036.0
0.0,111.0,-1239.0
46.0,-89.0,-1106.0
-31.0,-7.0,-804.0
-17.0,115.0,-849.0
-21.0,156.0,-1036.0
126.0,-158.0,-1110.0
-7.0,25.0,-894.0
-171.0,130.0,-1057.0
58.0,140.0,-1124.0
68.0,-81.0,-1122.0
31.0,-11.0,-876.0
-17.0,74.0,-880.0
0.0,87.0,-1007.0
128.0,-148.0,-1171.0
1.0,72.0,-956.0
-175.0,81.0,-1077.0
44.0,181.0,-1057.0
80.0,-113.0,-1118.0
48.0,-31.0,-835.0
-130.0,89.0,-847.0
60.0,91.0,-989.0
105.0,-87.0,-1186.0
83.0,-5.0,-1028.0
-253.0,50.0,-997.0
111.0,163.0,-987.0
68.0,-29.0,-1114.0
136.0,-78.0,-981.0
-203.0,163.0,-884.0
91.0,93.0,-1042.0
58.0,-17.0,-1167.0
95.0,-80.0,-1054.0
-380.0,115.0,-911.0
162.0,91.0,-981.0
70.0,-15.0,-1161.0
107.0,-95.0,-1032.0
-247.0,154.0,-819.0
105.0,66.0,-936.0
95.0,-48.0,-1175.0
40.0,-66.0,-1083.0
-333.0,177.0,-964.0
201.0,80.0,-950.0
48.0,58.0,-1147.0
97.0,-93.0,-1005.0
-267.0,138.0,-835.0
148.0,31.0,-968.0
11.0,25.0,-1167.0
74.0,-105.0,-1112.0
-441.0,130.0,-905.0
230.0,124.0,-958.0
39.0,54.0,-1149.0
138.0,-91.0,-1097.0
-325.0,117.0,-800.0
163.0,54.0,-942.0
15.0,13.0,-1159.0
81.0,-146.0,-1194.0
-478.0,187.0,-864.0
288.0,113.0,-940.0
13.0,-11.0,-1165.0
128.0,-99.0,-1044.0
-349.0,191.0,-745.0
226.0,46.0,-946.0
-29.0,85.0,-1192.0
113.0,-152.0,-1229.0
-447.0,171.0,-868.0
275.0,97.0,-886.0
-25.0,25.0,-1147.0
52.0,-50.0,-1114.0
-318.0,72.0,-821.0
162.0,85.0,-929.0
-23.0,9.0,-1231.0
95.0,-128.0,-1167.0
-450.0,195.0,-782.0
277.0,99.0,-905.0
-35.0,35.0,-1223.0
122.0,-72.0,-1165.0
-337.0,74.0,-722.0
-177.0,204.0,-862.0
21.0,-103.0,-1075.0
-206.0,-177.0,-1257.0
-780.0,228.0,-913.0
-603.0,212.0,-991.0
-772.0,-29.0,-1233.0
-823.0,-245.0,-1061.0
-1401.0,179.0,-892.0
-847.0,283.0,-694.0
-1173.0,33.0,-1210.0
-1044.0,-277.0,-1169.0
-1637.0,-23.0,-903.0
-1106.0,406.0,-714.0
-1385.0,-124.0,-1251.0
-1270.0,-306.0,-1186.0
-1475.0,9.0,-802.0
-1216.0,609.0,-841.0
-1134.0,-83.0,-1344.0
-1202.0,-407.0,-1329.0
-1163.0,179.0,-872.0
-1016.0,452.0,-1036.0
-995.0,-99.0,-1270.0
-1134.0,-544.0,-1028.0
-1032.0,310.0,-792.0
-884.0,384.0,-1147.0
-804.0,-130.0,-1173.0
-849.0,-450.0,-1081.0
-903.0,310.0,-888.0
-741.0,411.0,-1108.0
-665.0,-167.0,-1161.0
-901.0,-341.0,-802.0
-890.0,247.0,-843.0
-808.0,421.0,-987.0
-706.0,-56.0,-1134.0
-823.0,-447.0,-946.0
-1061.0,111.0,-872.0
-936.0,503.0,-899.0
-995.0,-64.0,-1026.0
-1126.0,-651.0,-1046.0
-1301.0,91.0,-689.0
-1286.0,691.0,-872.0
-1114.0,128.0,-1221.0
-1143.0,-534.0,-1331.0
-1270.0,-109.0,-954.0
-1446.0,691.0,-913.0
-1149.0,-1.0,-1122.0
-1104.0,-659.0,-1188.0
-1300.0,-140.0,-765.0
-1210.0,733.0,-894.0
-1054.0,269.0,-1288.0
-1098.0,-546.0,-1366.0
-1247.0,-240.0,-843.0
-1294.0,552.0,-995.0
-1011.0,244.0,-1118.0
-1073.0,-581.0,-1241.0
-1192.0,-46.0,-755.0
-1057.0,560.0,-892.0
-774.0,396.0,-1136.0
-839.0,-661.0,-1210.0
-1087.0,-191.0,-829.0
-1005.0,251.0,-976.0
-952.0,355.0,-1081.0
-1059.0,-550.0,-1071.0
-1350.0,-126.0,-755.0
-1098.0,562.0,-899.0
-917.0,353.0,-1290.0
-1180.0,-505.0,-1141.0
-1344.0,-140.0,-841.0
-1354.0,402.0,-921.0
-1216.0,121.0,-1098.0
-1313.0,-599.0,-1046.0
-1458.0,-158.0,-884.0
-1288.0,573.0,-940.0
-1167.0,279.0,-1233.0
-1393.0,-521.0,-1233.0
-1231.0,-191.0,-864.0
-1501.0,581.0,-948.0
-1040.0,292.0,-1149.0
-1446.0,-640.0,-1196.0
-1231.0,-109.0,-942.0
-1649.0,733.0,-851.0
-1073.0,160.0,-1079.0
-1387.0,-548.0,-1200.0
-1161.0,-304.0,-962.0
-1499.0,562.0,-1015.0
-1091.0,177.0,-1077.0
-1395.0,-275.0,-1134.0
-972.0,-226.0,-743.0
-1331.0,458.0,-698.0
-802.0,160.0,-1069.0
-1262.0,-419.0,-1350.0
-1112.0,-111.0,-950.0
-1368.0,603.0,-825.0
-972.0,150.0,-1282.0
-1321.0,-372.0,-1124.0
-1323.0,-447.0,-851.0
-1426.0,493.0,-581.0
-1030.0,281.0,-1206.0
-925.0,-271.0,-1116.0
-1184.0,-193.0,-1139.0
-1311.0,429.0,-905.0
-1013.0,284.0,-1171.0
-1245.0,-349.0,-1087.0
-1132.0,-419.0,-817.0
-1313.0,495.0,-880.0
-866.0,193.0,-1106.0
-1077.0,-162.0,-1344.0
-849.0,-111.0,-1186.0
-1198.0,345.0,-874.0
-874.0,81.0,-1038.0
-878.0,-281.0,-1095.0
-815.0,-167.0,-774.0
-843.0,99.0,-763.0
-890.0,195.0,-1095.0
-669.0,-15.0,-1202.0
-856.0,148.0,-1247.0
-556.0,201.0,-1112.0
-687.0,-56.0,-1104.0
-491.0,68.0,-991.0
-489.0,-341.0,-702.0
-478.0,230.0,-800.0
-171.0,-361.0,-1011.0
-445.0,144.0,-1118.0
-249.0,189.0,-1120.0
-162.0,329.0,-1173.0
-17.0,140.0,-1077.0
146.0,-218.0,-839.0
-76.0,37.0,-897.0
283.0,25.0,-767.0
74.0,-40.0,-1022.0
281.0,97.0,-1179.0
39.0,212.0,-1366.0
351.0,-7.0,-1081.0
160.0,25.0,-1130.0
158.0,-263.0,-970.0
83.0,19.0,-733.0
33.0,199.0,-689.0
558.0,54.0,-911.0
85.0,228.0,-1290.0
853.0,-78.0,-964.0
819.0,447.0,-1155.0
845.0,-81.0,-1085.0
1063.0,-121.0,-917.0
1321.0,44.0,-718.0
1456.0,-247.0,-792.0
1016.0,64.0,-1276.0
1485.0,152.0,-1200.0
1376.0,214.0,-1052.0
1399.0,13.0,-1339.0
1276.0,-17.0,-1294.0
1309.0,304.0,-886.0
1301.0,-216.0,-628.0
976.0,0.0,-772.0
1407.0,-95.0,-876.0
862.0,411.0,-1046.0
974.0,-91.0,-1050.0
800.0,-74.0,-1192.0
1057.0,150.0,-1179.0
755.0,177.0,-880.0
743.0,-210.0,-755.0
724.0,-206.0,-767.0
856.0,-31.0,-935.0
655.0,618.0,-981.0
571.0,121.0,-1186.0
837.0,-201.0,-1180.0
569.0,-105.0,-1241.0
899.0,316.0,-796.0
486.0,-13.0,-763.0
882.0,-259.0,-862.0
890.0,-25.0,-1102.0
1007.0,306.0,-1206.0
960.0,175.0,-1337.0
1054.0,169.0,-1206.0
1141.0,-66.0,-1225.0
1118.0,101.0,-936.0
1054.0,-177.0,-819.0
1116.0,-11.0,-833.0
1296.0,95.0,-972.0
1118.0,324.0,-1122.0
1112.0,-138.0,-1126.0
1274.0,44.0,-1104.0
1434.0,177.0,-1169.0
1374.0,386.0,-827.0
1030.0,-251.0,-575.0
1327.0,-281.0,-718.0
1173.0,70.0,-1114.0
1198.0,331.0,-1116.0
919.0,9.0,-1147.0
1198.0,-33.0,-1169.0
1075.0,95.0,-1136.0
1036.0,400.0,-767.0
938.0,-493.0,-661.0
1110.0,-1.0,-761.0
1108.0,-111.0,-1106.0
888.0,692.0,-1038.0
976.0,-50.0,-1110.0
1200.0,-25.0,-1292.0
1138.0,21.0,-1292.0
1073.0,339.0,-919.0
1011.0,-218.0,-732.0
1225.0,-181.0,-886.0
1204.0,-25.0,-1249.0
1036.0,542.0,-1091.0
1120.0,-105.0,-1024.0
1385.0,-74.0,-1186.0
1501.0,126.0,-1212.0
1337.0,343.0,-716.0
1278.0,-232.0,-607.0
1524.0,-109.0,-936.0
1499.0,87.0,-1079.0
1339.0,357.0,-976.0
1368.0,-267.0,-1091.0
1493.0,-97.0,-1278.0
1503.0,175.0,-1200.0
1167.0,447.0,-815.0
1260.0,-257.0,-823.0
1378.0,-283.0,-950.0
1245.0,115.0,-1007.0
1155.0,472.0,-827.0
1104.0,-62.0,-1030.0
1264.0,-124.0,-1202.0
1180.0,173.0,-1216.0
1102.0,335.0,-862.0
1100.0,-206.0,-839.0
1200.0,-368.0,-913.0
1056.0,40.0,-1040.0
1106.0,460.0,-1007.0
1057.0,44.0,-1204.0
1262.0,-72.0,-1264.0
1052.0,115.0,-1186.0
1106.0,396.0,-847.0
985.0,-236.0,-872.0
1054.0,-306.0,-868.0
907.0,42.0,-991.0
940.0,427.0,-936.0
856.0,64.0,-1112.0
1026.0,-42.0,-1237.0
952.0,76.0,-1229.0
940.0,292.0,-897.0
913.0,-136.0,-788.0
923.0,-269.0,-853.0
829.0,132.0,-890.0
780.0,296.0,-942.0
763.0,101.0,-1134.0
780.0,-117.0,-1262.0
644.0,201.0,-1118.0
694.0,169.0,-849.0
554.0,-242.0,-749.0
542.0,-191.0,-812.0
507.0,95.0,-972.0
435.0,306.0,-1114.0
411.0,-21.0,-1196.0
439.0,-17.0,-1214.0
322.0,210.0,-1057.0
310.0,265.0,-940.0
292.0,-177.0,-899.0
208.0,-269.0,-958.0
199.0,107.0,-948.0
134.0,175.0,-1013.0
101.0,29.0,-1018.0
29.0,-1.0,-1116.0
117.0,163.0,-1093.0
136.0,146.0,-1005.0
173.0,-95.0,-919.0
23.0,-146.0,-833.0
132.0,115.0,-866.0
162.0,117.0,-1022.0
181.0,-60.0,-1038.0
78.0,136.0,-1069.0
214.0,173.0,-1059.0
226.0,117.0,-1005.0
228.0,-191.0,-804.0
124.0,-119.0,-765.0
232.0,85.0,-763.0
224.0,148.0,-886.0
195.0,60.0,-884.0
115.0,76.0,-954.0
265.0,148.0,-1054.0
267.0,132.0,-983.0
255.0,-109.0,-759.0
124.0,-144.0,-609.0
230.0,-1.0,-665.0
195.0,74.0,-794.0
107.0,142.0,-864.0
93.0,85.0,-1003.0
208.0,87.0,-997.0
175.0,81.0,-901.0
163.0,-64.0,-679.0
-1.0,-50.0,-605.0
181.0,-42.0,-692.0
5.0,91.0,-825.0
105.0,52.0,-901.0
-42.0,68.0,-991.0
119.0,128.0,-1005.0
87.0,33.0,-946.0
105.0,-37.0,-772.0
3.0,-113.0,-657.0
33.0,5.0,-648.0
21.0,80.0,-755.0
39.0,54.0,-847.0
-33.0,21.0,-935.0
81.0,121.0,-1001.0
107.0,93.0,-919.0
83.0,-37.0,-782.0
-46.0,-121.0,-562.0
23.0,-1.0,-587.0
35.0,-19.0,-788.0
23.0,72.0,-894.0
-42.0,87.0,-931.0
62.0,130.0,-997.0
58.0,72.0,-960.0
81.0,-62.0,-714.0
-33.0,-97.0,-622.0
29.0,-31.0,-587.0
19.0,15.0,-792.0
19.0,81.0,-837.0
-21.0,117.0,-952.0
56.0,103.0,-1009.0
83.0,29.0,-1024.0
62.0,5.0,-772.0
-15.0,-83.0,-607.0
21.0,-15.0,-605.0
-7.0,44.0,-776.0
9.0,91.0,-862.0
7.0,138.0,-974.0
56.0,66.0,-1015.0
95.0,29.0,-962.0
44.0,-27.0,-732.0
-13.0,-54.0,-581.0
23.0,-48.0,-593.0
7.0,42.0,-790.0
9.0,81.0,-843.0
11.0,81.0,-925.0
76.0,91.0,-966.0
33.0,115.0,-964.0
54.0,15.0,-780.0
1.0,-70.0,-632.0
5.0,-62.0,-610.0
17.0,-5.0,-733.0
7.0,89.0,-780.0
-13.0,162.0,-927.0
15.0,99.0,-1003.0
48.0,91.0,-985.0
40.0,-5.0,-774.0
-27.0,-23.0,-583.0
-33.0,-37.0,-560.0
5.0,-5.0,-718.0
-13.0,19.0,-823.0
-35.0,134.0,-853.0
-19.0,126.0,-921.0
-21.0,83.0,-919.0
11.0,9.0,-726.0
-31.0,-54.0,-583.0
-35.0,-99.0,-571.0
-74.0,40.0,-636.0
-44.0,68.0,-694.0
-66.0,154.0,-864.0
-66.0,60.0,-940.0
-25.0,17.0,-972.0
-89.0,50.0,-796.0
-48.0,-40.0,-587.0
-87.0,-107.0,-538.0
-58.0,1.0,-648.0
-52.0,95.0,-788.0
-72.0,179.0,-868.0
-64.0,56.0,-981.0
-15.0,25.0,-903.0
7.0,23.0,-802.0
21.0,5.0,-583.0
-48.0,-44.0,-583.0
-19.0,-39.0,-628.0
-42.0,50.0,-730.0
35.0,95.0,-841.0
-33.0,101.0,-968.0
21.0,85.0,-888.0
72.0,25.0,-794.0
60.0,-25.0,-618.0
-50.0,-80.0,-581.0
25.0,-64.0,-605.0
-19.0,50.0,-737.0
39.0,171.0,-833.0
-25.0,115.0,-968.0
58.0,68.0,-942.0
78.0,-1.0,-839.0
72.0,-23.0,-616.0
-56.0,-76.0,-536.0
31.0,-15.0,-568.0
23.0,5.0,-765.0
-23.0,150.0,-837.0
-21.0,115.0,-907.0
52.0,76.0,-905.0
27.0,31.0,-812.0
74.0,-62.0,-659.0
-80.0,-109.0,-568.0
76.0,-27.0,-597.0
-37.0,111.0,-687.0
31.0,160.0,-827.0
-62.0,54.0,-913.0
23.0,105.0,-899.0
81.0,35.0,-845.0
33.0,-9.0,-605.0
-87.0,-85.0,-456.0
46.0,-46.0,-511.0
-66.0,74.0,-706.0
17.0,81.0,-810.0
-93.0,44.0,-890.0
66.0,40.0,-878.0
33.0,99.0,-815.0
58.0,42.0,-640.0
-66.0,-119.0,-568.0
3.0,-15.0,-568.0
-7.0,25.0,-716.0
-3.0,121.0,-786.0
-37.0,7.0,-866.0
15.0,62.0,-929.0
11.0,132.0,-890.0
62.0,1.0,-702.0
-64.0,-134.0,-550.0
-23.0,-15.0,-540.0
-39.0,128.0,-675.0
-1.0,122.0,-806.0
-81.0,85.0,-819.0
33.0,29.0,-929.0
21.0,29.0,-884.0
19.0,29.0,-659.0
-95.0,-103.0,-495.0
-9.0,-44.0,-513.0
-74.0,29.0,-722.0
19.0,107.0,-812.0
-64.0,54.0,-829.0
29.0,152.0,-841.0
11.0,46.0,-843.0
37.0,-46.0,-737.0
-46.0,-132.0,-556.0
3.0,-35.0,-571.0
-35.0,68.0,-700.0
17.0,89.0,-810.0
-17.0,-11.0,-884.0
9.0,132.0,-950.0
11.0,206.0,-915.0
50.0,25.0,-765.0
-66.0,-80.0,-534.0
-72.0,-54.0,-503.0
15.0,-5.0,-702.0
-27.0,42.0,-817.0
-11.0,29.0,-868.0
-21.0,111.0,-884.0
-21.0,203.0,-886.0
87.0,72.0,-691.0
-62.0,-89.0,-573.0
-21.0,-78.0,-527.0
-21.0,40.0,-646.0
-3.0,40.0,-753.0
-25.0,-19.0,-831.0
-21.0,56.0,-905.0
44.0,158.0,-940.0
7.0,154.0,-716.0
68.0,-93.0,-564.0
-62.0,-81.0,-482.0
21.0,33.0,-585.0
33.0,40.0,-749.0
7.0,121.0,-862.0
-13.0,13.0,-940.0
9.0,134.0,-894.0
74.0,15.0,-698.0
-19.0,13.0,-495.0
-37.0,-40.0,-472.0
0.0,35.0,-609.0
-40.0,-13.0,-796.0
-17.0,11.0,-853.0
-85.0,35.0,-862.0
-7.0,162.0,-774.0
5.0,173.0,-698.0
13.0,-87.0,-577.0
-93.0,-132.0,-571.0
46.0,-39.0,-638.0
-21.0,40.0,-757.0
-35.0,111.0,-819.0
-89.0,74.0,-907.0
97.0,160.0,-851.0
13.0,109.0,-747.0
78.0,0.0,-630.0
-78.0,-146.0,-562.0
13.0,-54.0,-595.0
29.0,-54.0,-776.0
0.0,128.0,-788.0
-72.0,103.0,-823.0
5.0,265.0,-813.0
68.0,0.0,-819.0
54.0,-146.0,-689.0
-72.0,-144.0,-628.0
-7.0,35.0,-548.0
-35.0,136.0,-679.0
-48.0,158.0,-691.0
-103.0,39.0,-837.0
-21.0,101.0,-874.0
31.0,-31.0,-925.0
56.0,-60.0,-692.0
-101.0,-101.0,-509.0
33.0,25.0,-468.0
-17.0,44.0,-698.0
-33.0,173.0,-790.0
-54.0,62.0,-913.0
44.0,169.0,-950.0
101.0,23.0,-854.0
35.0,-76.0,-589.0
-64.0,-111.0,-445.0
46.0,5.0,-478.0
-21.0,3.0,-751.0
3.0,-13.0,-817.0
-64.0,72.0,-813.0
113.0,216.0,-853.0
1.0,160.0,-854.0
66.0,-3.0,-685.0
-72.0,-197.0,-579.0
-11.0,-54.0,-534.0
-48.0,107.0,-692.0
-23.0,154.0,-733.0
-85.0,81.0,-819.0
-5.0,85.0,-913.0
3.0,-27.0,-942.0
25.0,-50.0,-679.0
-68.0,-56.0,-491.0
1.0,146.0,-495.0
-27.0,124.0,-687.0
-7.0,-33.0,-800.0
-44.0,-7.0,-854.0
17.0,171.0,-872.0
40.0,126.0,-895.0
70.0,-7.0,-669.0
-62.0,-124.0,-523.0
40.0,-44.0,-568.0
-80.0,142.0,-653.0
11.0,80.0,-696.0
-78.0,66.0,-796.0
17.0,117.0,-929.0
23.0,21.0,-938.0
9.0,-21.0,-716.0
-72.0,-138.0,-493.0
-7.0,1.0,-484.0
-23.0,56.0,-696.0
27.0,29.0,-774.0
-31.0,103.0,-858.0
1.0,253.0,-903.0
11.0,81.0,-868.0
-48.0,-87.0,-696.0
-54.0,-109.0,-447.0
-72.0,21.0,-489.0
15.0,35.0,-651.0
-85.0,58.0,-771.0
48.0,19.0,-823.0
-13.0,76.0,-985.0
70.0,152.0,-894.0
21.0,130.0,-749.0
23.0,-56.0,-573.0
11.0,-95.0,-558.0
-44.0,40.0,-591.0
19.0,31.0,-749.0
-89.0,162.0,-810.0
-21.0,119.0,-903.0
-27.0,-39.0,-935.0
27.0,-19.0,-769.0
7.0,-46.0,-532.0
-60.0,81.0,-503.0
9.0,70.0,-618.0
11.0,-35.0,-798.0
-19.0,29.0,-827.0
-21.0,165.0,-899.0
52.0,226.0,-874.0
21.0,-3.0,-737.0
48.0,-220.0,-558.0
-80.0,-42.0,-519.0
23.0,-5.0,-552.0
-29.0,3.0,-677.0
-44.0,142.0,-749.0
-29.0,81.0,-886.0
-5.0,162.0,-888.0
5.0,62.0,-819.0
80.0,-146.0,-601.0
-68.0,-121.0,-540.0
19.0,85.0,-593.0
-35.0,134.0,-694.0
23.0,19.0,-784.0
-78.0,40.0,-890.0
89.0,85.0,-950.0
31.0,142.0,-817.0
23.0,-33.0,-632.0
-44.0,-171.0,-560.0
5.0,-11.0,-601.0
-13.0,99.0,-691.0
-56.0,220.0,-749.0
-60.0,-11.0,-831.0
48.0,-33.0,-931.0
103.0,-3.0,-864.0
33.0,126.0,-694.0
-25.0,-62.0,-556.0
21.0,-68.0,-521.0
-33.0,46.0,-591.0
0.0,206.0,-726.0
-121.0,103.0,-835.0
0.0,64.0,-935.0
-35.0,29.0,-839.0
29.0,-17.0,-622.0
-140.0,-40.0,-460.0
17.0,-111.0,-476.0
-3.0,-91.0,-694.0
-19.0,181.0,-835.0
-60.0,279.0,-866.0
54.0,56.0,-929.0
97.0,52.0,-880.0
52.0,15.0,-689.0
-5.0,-46.0,-486.0
37.0,-126.0,-482.0
-25.0,-126.0,-681.0
19.0,144.0,-724.0
-29.0,306.0,-894.0
87.0,193.0,-962.0
58.0,-138.0,-917.0
11.0,-72.0,-636.0
-35.0,-21.0,-443.0
-35.0,99.0,-493.0
15.0,1.0,-718.0
-15.0,89.0,-827.0
-54.0,130.0,-890.0
37.0,5.0,-899.0
-3.0,-39.0,-862.0
46.0,13.0,-591.0
-68.0,35.0,-468.0
37.0,50.0,-505.0
-78.0,70.0,-718.0
-19.0,-101.0,-782.0
-56.0,46.0,-866.0
-39.0,107.0,-925.0
68.0,181.0,-886.0
40.0,-60.0,-659.0
-21.0,44.0,-552.0
21.0,-91.0,-558.0
33.0,-35.0,-730.0
-3.0,35.0,-782.0
11.0,128.0,-821.0
-44.0,406.0,-909.0
21.0,124.0,-901.0
17.0,-150.0,-653.0
-64.0,-144.0,-491.0
-62.0,-56.0,-530.0
-46.0,85.0,-687.0
-35.0,50.0,-772.0
-80.0,117.0,-825.0
-9.0,85.0,-882.0
-39.0,1.0,-815.0
21.0,-7.0,-706.0
33.0,-89.0,-585.0
-54.0,-11.0,-585.0
39.0,126.0,-609.0
5.0,152.0,-745.0
-11.0,40.0,-802.0
-37.0,-58.0,-894.0
1.0,81.0,-901.0
29.0,62.0,-739.0
7.0,-21.0,-609.0
-52.0,25.0,-550.0
-35.0,74.0,-661.0
15.0,-83.0,-804.0
-37.0,39.0,-870.0
-64.0,181.0,-853.0
-11.0,148.0,-911.0
46.0,97.0,-767.0
29.0,-89.0,-595.0
-66.0,-117.0,-591.0
-25.0,-29.0,-622.0
-44.0,7.0,-722.0
-33.0,35.0,-753.0
-95.0,238.0,-884.0
60.0,83.0,-909.0
68.0,-44.0,-884.0
64.0,-44.0,-609.0
-68.0,-185.0,-538.0
66.0,78.0,-593.0
35.0,132.0,-667.0
-19.0,226.0,-798.0
-101.0,115.0,-905.0
15.0,56.0,-925.0
52.0,-60.0,-745.0
37.0,-201.0,-562.0
-126.0,80.0,-478.0
95.0,-25.0,-523.0
-80.0,76.0,-794.0
31.0,-3.0,-966.0
-81.0,87.0,-987.0
85.0,148.0,-942.0
0.0,126.0,-981.0
111.0,27.0,-778.0
-89.0,-187.0,-679.0
21.0,-99.0,-769.0
-11.0,-48.0,-1011.0
-15.0,80.0,-1024.0
-66.0,46.0,-1159.0
72.0,177.0,-1231.0
66.0,5.0,-1159.0
68.0,31.0,-977.0
-80.0,62.0,-927.0
15.0,21.0,-929.0
-11.0,-140.0,-1087.0
-93.0,17.0,-1198.0
-19.0,70.0,-1171.0
-56.0,261.0,-1184.0
7.0,117.0,-1188.0
-33.0,-48.0,-1030.0
-44.0,-255.0,-864.0
40.0,-50.0,-907.0
-76.0,134.0,-1015.0
-17.0,251.0,-1046.0
-60.0,107.0,-1098.0
56.0,95.0,-1200.0
-19.0,-66.0,-1212.0
46.0,-42.0,-1009.0
-54.0,-128.0,-806.0
-35.0,-3.0,-724.0
-17.0,-25.0,-931.0
-39.0,136.0,-985.0
-1.0,226.0,-1102.0
19.0,277.0,-1235.0
68.0,74.0,-1126.0
-3.0,-42.0,-942.0
-66.0,-64.0,-661.0
-21.0,-85.0,-720.0
81.0,-74.0,-899.0
-1.0,15.0,-1007.0
31.0,56.0,-1116.0
46.0,216.0,-1177.0
58.0,199.0,-1118.0
35.0,124.0,-802.0
-25.0,-62.0,-712.0
29.0,-48.0,-696.0
-33.0,107.0,-839.0
0.0,109.0,-935.0
-60.0,27.0,-1079.0
-29.0,-23.0,-1083.0
-42.0,124.0,-1052.0
5.0,85.0,-802.0
7.0,-165.0,-679.0
-89.0,124.0,-696.0
21.0,44.0,-872.0
-42.0,46.0,-1087.0
21.0,179.0,-1083.0
-101.0,58.0,-1059.0
-5.0,76.0,-966.0
11.0,-29.0,-813.0
-62.0,-70.0,-710.0
-9.0,-91.0,-751.0
-35.0,-60.0,-913.0
70.0,-52.0,-993.0
-19.0,115.0,-1030.0
23.0,216.0,-1052.0
0.0,212.0,-1042.0
70.0,89.0,-903.0
-35.0,-93.0,-798.0
-52.0,-124.0,-817.0
-52.0,-29.0,-890.0
21.0,-50.0,-936.0
-37.0,-5.0,-1001.0
-103.0,44.0,-1016.0
7.0,171.0,-1069.0
62.0,31.0,-1013.0
-21.0,109.0,-884.0
-37.0,-242.0,-851.0
33.0,-9.0,-931.0
-3.0,169.0,-985.0
-19.0,101.0,-999.0
-91.0,74.0,-1059.0
81.0,-50.0,-1114.0
-21.0,74.0,-1095.0
72.0,-11.0,-958.0
-85.0,-160.0,-882.0
-27.0,95.0,-796.0
-66.0,177.0,-866.0
37.0,40.0,-991.0
-85.0,122.0,-1095.0
78.0,-3.0,-1218.0
37.0,-39.0,-1192.0
122.0,15.0,-960.0
-64.0,-60.0,-808.0
48.0,121.0,-815.0
-5.0,85.0,-999.0
0.0,-25.0,-1054.0
-81.0,-1.0,-1108.0
-11.0,93.0,-1042.0
91.0,74.0,-1128.0
62.0,93.0,-966.0
-76.0,-44.0,-919.0
39.0,80.0,-944.0
-19.0,-111.0,-1114.0
-48.0,-13.0,-1073.0
-105.0,136.0,-1108.0
25.0,148.0,-1171.0
35.0,167.0,-1147.0
19.0,-91.0,-1024.0
-66.0,-181.0,-952.0
23.0,1.0,-948.0
-3.0,-46.0,-1097.0
27.0,220.0,-1093.0
-48.0,232.0,-1192.0
42.0,130.0,-1231.0
-19.0,119.0,-1282.0
40.0,-62.0,-1098.0
-68.0,-222.0,-946.0
-11.0,-113.0,-894.0
-13.0,0.0,-1089.0
-46.0,279.0,-1120.0
-52.0,85.0,-1204.0
15.0,163.0,-1305.0
40.0,33.0,-1374.0
-11.0,-9.0,-1184.0
17.0,-39.0,-983.0
11.0,-35.0,-933.0
-19.0,138.0,-1015.0
-9.0,-48.0,-1161.0
-48.0,-31.0,-1354.0
-17.0,78.0,-1395.0
85.0,162.0,-1434.0
52.0,74.0,-1136.0
0.0,42.0,-948.0
-66.0,136.0,-868.0
19.0,-154.0,-1192.0
19.0,-54.0,-1303.0
-21.0,-23.0,-1385.0
-3.0,339.0,-1395.0
37.0,-3.0,-1341.0
27.0,60.0,-1147.0
15.0,-165.0,-956.0
-15.0,-80.0,-1056.0
11.0,152.0,-1182.0
-42.0,107.0,-1325.0
-33.0,140.0,-1270.0
17.0,160.0,-1387.0
-29.0,160.0,-1339.0
72.0,-187.0,-1149.0
-83.0,-101.0,-958.0
11.0,5.0,-977.0
-11.0,-17.0,-1221.0
-9.0,169.0,-1309.0
0.0,244.0,-1335.0
27.0,68.0,-1337.0
-35.0,52.0,-1313.0
21.0,66.0,-1106.0
29.0,-179.0,-1032.0
-46.0,-31.0,-1138.0
-31.0,99.0,-1198.0
-29.0,-33.0,-1290.0
-66.0,-83.0,-1239.0
-37.0,146.0,-1317.0
48.0,216.0,-1270.0
29.0,167.0,-1262.0
64.0,-40.0,-1202.0
-54.0,-111.0,-1151.0
-23.0,-76.0,-1097.0
-1.0,19.0,-1173.0
-40.0,152.0,-1239.0
-89.0,160.0,-1251.0
25.0,-42.0,-1362.0
-19.0,-31.0,-1364.0
62.0,-7.0,-1167.0
0.0,-128.0,-1069.0
83.0,-56.0,-1089.0
-31.0,136.0,-1243.0
33.0,216.0,-1255.0
3.0,199.0,-1397.0
-66.0,160.0,-1333.0
42.0,-171.0,-1352.0
35.0,-134.0,-1147.0
-64.0,-99.0,-1106.0
-25.0,60.0,-1061.0
-37.0,91.0,-1106.0
-19.0,126.0,-1237.0
-83.0,163.0,-1389.0
52.0,40.0,-1426.0
83.0,5.0,-1378.0
15.0,-29.0,-1243.0
-42.0,-81.0,-989.0
89.0,-3.0,-1007.0
-13.0,169.0,-1231.0
56.0,1.0,-1305.0
-74.0,80.0,-1382.0
17.0,78.0,-1411.0
15.0,-27.0,-1354.0
46.0,101.0,-1202.0
-121.0,-105.0,-1122.0
33.0,-27.0,-1110.0
-15.0,-50.0,-1247.0
-35.0,44.0,-1280.0
-15.0,68.0,-1421.0
83.0,281.0,-1462.0
19.0,105.0,-1454.0
54.0,117.0,-1311.0
-76.0,-44.0,-1071.0
-5.0,-111.0,-981.0
-83.0,-62.0,-1173.0
-1.0,9.0,-1294.0
-76.0,142.0,-1374.0
87.0,165.0,-1440.0
35.0,3.0,-1520.0
130.0,-60.0,-1276.0
-19.0,-27.0,-1003.0
56.0,25.0,-1040.0
-64.0,165.0,-1241.0
113.0,-15.0,-1331.0
-56.0,-66.0,-1436.0
23.0,206.0,-1446.0
17.0,152.0,-1452.0
-3.0,107.0,-1171.0
-93.0,-191.0,-1097.0
-11.0,29.0,-1052.0
-132.0,218.0,-1192.0
-11.0,-40.0,-1233.0
-85.0,-109.0,-1438.0
1.0,25.0,-1473.0
-11.0,214.0,-1419.0
109.0,130.0,-1337.0
31.0,-60.0,-1139.0
-48.0,44.0,-1003.0
21.0,68.0,-1206.0
78.0,-25.0,-1364.0
-7.0,11.0,-1432.0
-21.0,271.0,-1413.0
-23.0,91.0,-1399.0
87.0,-48.0,-1266.0
-5.0,-111.0,-1081.0
-66.0,39.0,-1054.0
17.0,-31.0,-1202.0
3.0,-62.0,-1315.0
-66.0,21.0,-1352.0
-21.0,214.0,-1450.0
46.0,162.0,-1538.0
40.0,-40.0,-1331.0
-56.0,-101.0,-1118.0
-5.0,60.0,-1005.0
-48.0,113.0,-1147.0
76.0,-25.0,-1260.0
-33.0,-3.0,-1413.0
-70.0,210.0,-1458.0
11.0,117.0,-1542.0
33.0,-29.0,-1296.0
3.0,-85.0,-1032.0
-60.0,-62.0,-1061.0
60.0,279.0,-1180.0
37.0,148.0,-1419.0
3.0,-181.0,-1440.0
-60.0,54.0,-1426.0
42.0,111.0,-1458.0
62.0,156.0,-1223.0
-27.0,60.0,-1145.0
-76.0,-339.0,-1100.0
107.0,130.0,-1262.0
-134.0,154.0,-1360.0
40.0,31.0,-1333.0
-158.0,46.0,-1506.0
130.0,-39.0,-1380.0
-56.0,203.0,-1395.0
105.0,-9.0,-1163.0
-74.0,3.0,-1149.0
109.0,-224.0,-1175.0
-1.0,201.0,-1407.0
99.0,224.0,-1440.0
-130.0,177.0,-1360.0
5.0,314.0,-1296.0
115.0,-230.0,-1321.0
3.0,-366.0,-1179.0
-119.0,-146.0,-1108.0
-40.0,359.0,-1161.0
11.0,33.0,-1319.0
-85.0,-15.0,-1417.0
-101.0,64.0,-1413.0
-17.0,345.0,-1376.0
40.0,-35.0,-1426.0
15.0,-111.0,-1218.0
-40.0,-249.0,-1120.0
-33.0,35.0,-1128.0
21.0,187.0,-1374.0
-1.0,-29.0,-1393.0
-70.0,13.0,-1403.0
80.0,70.0,-1411.0
62.0,333.0,-1401.0
101.0,-35.0,-1167.0
-60.0,-236.0,-1149.0
29.0,-39.0,-1200.0
-1.0,95.0,-1411.0
-25.0,113.0,-1399.0
-89.0,140.0,-1411.0
21.0,33.0,-1315.0
3.0,89.0,-1352.0
-21.0,95.0,-1225.0
-58.0,-29.0,-1139.0
-13.0,-169.0,-1186.0
-33.0,-44.0,-1329.0
-39.0,23.0,-1294.0
-15.0,181.0,-1348.0
-48.0,290.0,-1395.0
121.0,35.0,-1465.0
23.0,-48.0,-1309.0
-11.0,-230.0,-1114.0
-11.0,56.0,-1075.0
-31.0,15.0,-1309.0
89.0,3.0,-1360.0
-78.0,23.0,-1366.0
39.0,195.0,-1413.0
7.0,144.0,-1438.0
70.0,0.0,-1354.0
-23.0,-128.0,-1132.0
-35.0,40.0,-1120.0
-11.0,80.0,-1290.0
-9.0,-11.0,-1301.0
-33.0,162.0,-1337.0
29.0,126.0,-1530.0
1.0,60.0,-1549.0
31.0,-50.0,-1323.0
-42.0,-33.0,-1106.0
-19.0,93.0,-1075.0
-68.0,19.0,-1161.0
-19.0,-60.0,-1262.0
-33.0,5.0,-1434.0
19.0,171.0,-1524.0
-11.0,78.0,-1485.0
89.0,-13.0,-1280.0
-64.0,-37.0,-1141.0
19.0,3.0,-1138.0
-15.0,169.0,-1290.0
11.0,29.0,-1333.0
-48.0,81.0,-1380.0
-15.0,146.0,-1430.0
-5.0,64.0,-1464.0
3.0,-40.0,-1290.0
15.0,-134.0,-1151.0
-25.0,5.0,-1163.0
7.0,72.0,-1177.0
52.0,5.0,-1272.0
-17.0,29.0,-1393.0
-39.0,220.0,-1481.0
23.0,124.0,-1458.0
56.0,-33.0,-1393.0
23.0,-138.0,-1165.0
-37.0,-23.0,-1104.0
-7.0,148.0,-1247.0
21.0,-7.0,-1372.0
-64.0,117.0,-1380.0
-40.0,255.0,-1446.0
-25.0,216.0,-1407.0
70.0,-117.0,-1378.0
-13.0,-236.0,-1192.0
-54.0,-64.0,-1175.0
50.0,29.0,-1268.0
-1.0,74.0,-1323.0
9.0,101.0,-1362.0
-81.0,132.0,-1450.0
64.0,163.0,-1485.0
50.0,-9.0,-1397.0
56.0,-130.0,-1169.0
-93.0,11.0,-1063.0
78.0,19.0,-1126.0
-33.0,-9.0,-1305.0
19.0,29.0,-1409.0
-74.0,89.0,-1440.0
33.0,158.0,-1462.0
37.0,11.0,-1307.0
21.0,-64.0,-1161.0
-46.0,-27.0,-1126.0
50.0,52.0,-1231.0
7.0,-19.0,-1383.0
1.0,-39.0,-1469.0
-103.0,115.0,-1391.0
81.0,171.0,-1362.0
-19.0,113.0,-1309.0
39.0,-72.0,-1251.0
-99.0,-105.0,-1169.0
64.0,3.0,-1190.0
-29.0,1.0,-1342.0
-19.0,19.0,-1348.0
-119.0,171.0,-1362.0
44.0,242.0,-1424.0
54.0,11.0,-1495.0
70.0,-83.0,-1278.0
-87.0,-85.0,-1145.0
68.0,-17.0,-1194.0
-15.0,37.0,-1350.0
-7.0,64.0,-1346.0
-78.0,128.0,-1344.0
46.0,253.0,-1356.0
29.0,-40.0,-1477.0
17.0,-130.0,-1259.0
-64.0,-105.0,-1147.0
50.0,72.0,-1194.0
-70.0,95.0,-1286.0
-5.0,21.0,-1262.0
-101.0,171.0,-1329.0
46.0,160.0,-1428.0
13.0,3.0,-1514.0
19.0,-105.0,-1282.0
-48.0,-95.0,-1132.0
25.0,85.0,-1067.0
11.0,72.0,-1301.0
3.0,15.0,-1313.0
-62.0,85.0,-1405.0
54.0,203.0,-1487.0
33.0,95.0,-1499.0
56.0,-117.0,-1294.0
-78.0,-66.0,-1122.0
35.0,37.0,-1159.0
-3.0,35.0,-1331.0
-3.0,58.0,-1350.0
-78.0,64.0,-1380.0
-3.0,208.0,-1452.0
-9.0,121.0,-1469.0
21.0,-72.0,-1262.0
-54.0,-140.0,-1184.0
0.0,7.0,-1141.0
-29.0,15.0,-1247.0
23.0,-19.0,-1337.0
-33.0,132.0,-1382.0
21.0,191.0,-1489.0
29.0,101.0,-1528.0
25.0,-48.0,-1296.0
5.0,-121.0,-1071.0
-15.0,-11.0,-1108.0
-9.0,72.0,-1255.0
-11.0,0.0,-1370.0
-81.0,80.0,-1405.0
-42.0,185.0,-1434.0
0.0,52.0,-1426.0
23.0,3.0,-1298.0
-37.0,-21.0,-1098.0
-3.0,-39.0,-1171.0
-9.0,42.0,-1274.0
25.0,0.0,-1344.0
-46.0,105.0,-1356.0
-17.0,177.0,-1506.0
-15.0,109.0,-1430.0
60.0,-72.0,-1331.0
0.0,-46.0,-1134.0
-52.0,15.0,-1097.0
40.0,15.0,-1208.0
-17.0,3.0,-1333.0
21.0,81.0,-1417.0
-39.0,126.0,-1464.0
-31.0,130.0,-1395.0
52.0,-1.0,-1323.0
-21.0,-68.0,-1200.0
-54.0,-27.0,-1192.0
5.0,37.0,-1239.0
0.0,-9.0,-1368.0
-39.0,60.0,-1380.0
-66.0,195.0,-1421.0
46.0,115.0,-1411.0
21.0,5.0,-1335.0
21.0,-95.0,-1229.0
-39.0,-54.0,-1149.0
33.0,9.0,-1153.0
11.0,-23.0,-1307.0
-33.0,121.0,-1342.0
-60.0,158.0,-1419.0
21.0,91.0,-1452.0
21.0,5.0,-1403.0
44.0,-111.0,-1153.0
-87.0,-29.0,-1114.0
17.0,29.0,-1177.0
21.0,15.0,-1389.0
-52.0,109.0,-1419.0
-37.0,146.0,-1401.0
13.0,85.0,-1403.0
27.0,-21.0,-1399.0
21.0,-54.0,-1196.0
-81.0,-27.0,-1179.0
66.0,-17.0,-1245.0
-42.0,19.0,-1352.0
-46.0,70.0,-1352.0
-56.0,115.0,-1423.0
3.0,140.0,-1417.0
25.0,9.0,-1432.0
11.0,-56.0,-1259.0
-66.0,-66.0,-1120.0
23.0,-3.0,-1165.0
-66.0,21.0,-1362.0
39.0,46.0,-1417.0
-72.0,156.0,-1401.0
56.0,134.0,-1405.0
5.0,13.0,-1370.0
72.0,-39.0,-1257.0
-68.0,-72.0,-1138.0
39.0,13.0,-1134.0
-3.0,19.0,-1276.0
33.0,25.0,-1247.0
-39.0,109.0,-1286.0
89.0,160.0,-1337.0
33.0,35.0,-1366.0
95.0,-35.0,-1179.0
-78.0,-91.0,-1052.0
7.0,-25.0,-1061.0
-85.0,-19.0,-1206.0
-21.0,144.0,-1223.0
158.0,165.0,-1260.0
21.0,132.0,-1462.0
454.0,35.0,-1380.0
609.0,39.0,-1147.0
304.0,15.0,-1079.0
950.0,-134.0,-907.0
726.0,-40.0,-1259.0
1141.0,3.0,-1198.0
919.0,203.0,-1426.0
1128.0,189.0,-1413.0
1065.0,-121.0,-1278.0
1093.0,70.0,-1239.0
1182.0,39.0,-1061.0
1089.0,5.0,-1038.0
1149.0,-101.0,-1034.0
1067.0,60.0,-1153.0
1165.0,228.0,-1145.0
899.0,5.0,-1255.0
1102.0,11.0,-1151.0
1038.0,11.0,-1126.0
983.0,156.0,-856.0
784.0,-39.0,-829.0
938.0,-140.0,-1015.0
888.0,87.0,-1161.0
829.0,404.0,-1212.0
829.0,-54.0,-1188.0
810.0,-50.0,-1192.0
983.0,31.0,-1106.0
798.0,226.0,-1009.0
866.0,-119.0,-895.0
913.0,-236.0,-1069.0
952.0,179.0,-1118.0
872.0,400.0,-1157.0
903.0,13.0,-1227.0
1007.0,-113.0,-1356.0
1044.0,70.0,-1313.0
1001.0,325.0,-1085.0
940.0,-193.0,-1044.0
1054.0,-206.0,-1063.0
952.0,136.0,-1155.0
1001.0,400.0,-1151.0
895.0,109.0,-1260.0
1044.0,-230.0,-1327.0
968.0,54.0,-1229.0
1003.0,224.0,-946.0
899.0,-95.0,-858.0
1020.0,-132.0,-931.0
987.0,52.0,-1059.0
886.0,265.0,-1128.0
755.0,146.0,-1169.0
841.0,-173.0,-1192.0
706.0,177.0,-1134.0
739.0,-31.0,-970.0
435.0,40.0,-956.0
554.0,-109.0,-911.0
353.0,91.0,-1032.0
357.0,208.0,-1011.0
165.0,99.0,-1118.0
288.0,9.0,-1198.0
187.0,-44.0,-1241.0
142.0,103.0,-1011.0
-44.0,-17.0,-864.0
-5.0,-117.0,-946.0
-121.0,181.0,-1108.0
-128.0,25.0,-1177.0
-140.0,226.0,-1225.0
-105.0,64.0,-1216.0
-160.0,3.0,-1268.0
-89.0,39.0,-1001.0
-124.0,-126.0,-960.0
-68.0,44.0,-913.0
-91.0,29.0,-989.0
-95.0,13.0,-1122.0
-402.0,66.0,-1239.0
-121.0,78.0,-1214.0
-417.0,93.0,-1301.0
-628.0,-74.0,-1163.0
-792.0,-160.0,-987.0
-952.0,119.0,-856.0
-894.0,-39.0,-950.0
-1192.0,13.0,-1255.0
-1114.0,236.0,-1050.0
-1202.0,99.0,-1071.0
-1194.0,3.0,-1167.0
-1227.0,-298.0,-1005.0
-1350.0,76.0,-772.0
-1266.0,15.0,-808.0
-1288.0,39.0,-1091.0
-1153.0,-124.0,-1216.0
-1323.0,267.0,-1249.0
-1075.0,169.0,-1169.0
-1073.0,-40.0,-1274.0
-927.0,-253.0,-1169.0
-1104.0,85.0,-981.0
-933.0,27.0,-843.0
-905.0,-117.0,-1067.0
-776.0,-19.0,-1190.0
-774.0,210.0,-1118.0
-735.0,216.0,-1180.0
-605.0,-97.0,-1313.0
-585.0,-60.0,-1151.0
-640.0,39.0,-829.0
-653.0,119.0,-882.0
-632.0,-91.0,-1048.0
-614.0,-87.0,-1179.0
-692.0,210.0,-1108.0
-708.0,294.0,-1155.0
-638.0,-70.0,-1171.0
-607.0,-115.0,-942.0
-710.0,-1.0,-728.0
-735.0,83.0,-689.0
-708.0,-134.0,-925.0
-626.0,-115.0,-1009.0
-759.0,290.0,-1083.0
-737.0,259.0,-1173.0
-663.0,-56.0,-1216.0
-632.0,-154.0,-1095.0
-759.0,64.0,-817.0
-782.0,95.0,-771.0
-681.0,-76.0,-993.0
-593.0,-136.0,-1155.0
-650.0,244.0,-1177.0
-589.0,238.0,-1214.0
-488.0,17.0,-1239.0
-325.0,-113.0,-1022.0
-415.0,35.0,-870.0
-298.0,46.0,-862.0
-257.0,-78.0,-1095.0
-101.0,-72.0,-1210.0
-171.0,156.0,-1243.0
-171.0,208.0,-1274.0
-91.0,48.0,-1247.0
-46.0,-48.0,-1091.0
-81.0,56.0,-880.0
-80.0,-52.0,-812.0
-68.0,-54.0,-909.0
-39.0,-33.0,-1013.0
-103.0,109.0,-1071.0
-111.0,230.0,-1136.0
-21.0,13.0,-1180.0
-21.0,-54.0,-1093.0
-46.0,23.0,-784.0
-150.0,35.0,-833.0
9.0,-46.0,-976.0
-74.0,-35.0,-1134.0
-64.0,122.0,-1112.0
-154.0,175.0,-1128.0
-25.0,132.0,-1169.0
-74.0,-23.0,-1042.0
-130.0,-62.0,-864.0
-240.0,-35.0,-819.0
-101.0,-1.0,-952.0
-187.0,0.0,-1054.0
-204.0,179.0,-1065.0
-222.0,130.0,-1175.0
-95.0,64.0,-1268.0
-115.0,29.0,-1155.0
-126.0,-44.0,-933.0
-267.0,-33.0,-845.0
-121.0,9.0,-940.0
-132.0,-19.0,-1098.0
-197.0,175.0,-1100.0
-222.0,107.0,-1157.0
-101.0,81.0,-1169.0
-74.0,-15.0,-1106.0
-76.0,-54.0,-890.0
-140.0,-31.0,-841.0
-9.0,-46.0,-940.0
-93.0,15.0,-1079.0
-52.0,109.0,-1067.0
-115.0,40.0,-1120.0
1.0,173.0,-1151.0
-17.0,29.0,-1149.0
-35.0,-40.0,-925.0
-121.0,-117.0,-868.0
-66.0,-40.0,-862.0
-101.0,74.0,-970.0
-74.0,54.0,-1013.0
-140.0,117.0,-1128.0
21.0,103.0,-1173.0
-7.0,31.0,-1169.0
13.0,-5.0,-983.0
-101.0,-119.0,-819.0
25.0,25.0,-870.0
-1.0,21.0,-1075.0
-13.0,83.0,-1073.0
-85.0,119.0,-1077.0
17.0,119.0,-1159.0
-3.0,50.0,-1138.0
3.0,-60.0,-946.0
-76.0,-87.0,-835.0
-25.0,7.0,-825.0
-27.0,42.0,-991.0
-60.0,85.0,-1028.0
-56.0,76.0,-1108.0
40.0,158.0,-1198.0
85.0,40.0,-1202.0
70.0,3.0,-983.0
52.0,-93.0,-810.0
103.0,-15.0,-845.0
66.0,31.0,-993.0
150.0,21.0,-1048.0
66.0,101.0,-1091.0
150.0,126.0,-1139.0
74.0,95.0,-1149.0
122.0,-48.0,-983.0
21.0,-78.0,-821.0
39.0,-25.0,-882.0
13.0,25.0,-1003.0
-5.0,60.0,-1024.0
-40.0,78.0,-1093.0
9.0,124.0,-1180.0
-44.0,146.0,-1208.0
-11.0,-25.0,-1048.0
-101.0,-70.0,-866.0
-66.0,-70.0,-872.0
-66.0,9.0,-936.0
-44.0,72.0,-1007.0
-66.0,126.0,-1118.0
-66.0,142.0,-1202.0
15.0,60.0,-1243.0
-3.0,-54.0,-1030.0
-56.0,-52.0,-839.0
-52.0,-19.0,-829.0
-11.0,44.0,-962.0
-31.0,46.0,-1075.0
-27.0,35.0,-1138.0
-93.0,162.0,-1132.0
-62.0,173.0,-1151.0
-9.0,9.0,-1024.0
-62.0,-87.0,-866.0
-85.0,-83.0,-880.0
-64.0,60.0,-911.0
-33.0,66.0,-1009.0
-44.0,85.0,-1089.0
-89.0,113.0,-1171.0
-33.0,80.0,-1175.0
-27.0,44.0,-1089.0
0.0,-46.0,-872.0
-76.0,-54.0,-810.0
-29.0,15.0,-911.0
-13.0,-3.0,-1085.0
-56.0,85.0,-1132.0
-76.0,101.0,-1139.0
-62.0,201.0,-1095.0
62.0,-25.0,-1097.0
-1.0,-66.0,-929.0
-89.0,-56.0,-870.0
35.0,-3.0,-942.0
-33.0,58.0,-1054.0
-19.0,76.0,-1116.0
-80.0,97.0,-1145.0
31.0,150.0,-1186.0
35.0,7.0,-1128.0
17.0,-64.0,-950.0
-66.0,-91.0,-851.0
7.0,-5.0,-872.0
-7.0,33.0,-1016.0
-3.0,93.0,-1067.0
-87.0,130.0,-1124.0
52.0,119.0,-1149.0
48.0,-25.0,-1102.0
50.0,-52.0,-933.0
-52.0,-56.0,-800.0
23.0,85.0,-868.0
11.0,17.0,-1085.0
-37.0,44.0,-1108.0
-64.0,122.0,-1098.0
68.0,91.0,-1126.0
35.0,54.0,-1097.0
50.0,-56.0,-952.0
-68.0,-87.0,-868.0
46.0,-29.0,-874.0
-37.0,64.0,-1022.0
-23.0,109.0,-1057.0
-33.0,80.0,-1087.0
27.0,132.0,-1132.0
50.0,13.0,-1180.0
54.0,-44.0,-946.0
-89.0,-66.0,-839.0
44.0,-3.0,-862.0
-54.0,58.0,-1005.0
21.0,72.0,-1098.0
-83.0,60.0,-1102.0
0.0,160.0,-1083.0
13.0,27.0,-1124.0
33.0,-60.0,-974.0
-56.0,-111.0,-845.0
-3.0,46.0,-847.0
-23.0,33.0,-1013.0
0.0,3.0,-1020.0
-87.0,89.0,-1026.0
68.0,113.0,-1141.0
-1.0,95.0,-1171.0
74.0,-39.0,-1016.0
-81.0,-89.0,-819.0
-9.0,-3.0,-808.0
-39.0,9.0,-958.0
-27.0,70.0,-1005.0
-52.0,99.0,-1083.0
23.0,156.0,-1208.0
19.0,40.0,-1225.0
29.0,-46.0,-966.0
-70.0,-64.0,-812.0
-7.0,42.0,-845.0
1.0,9.0,-1013.0
-7.0,27.0,-1065.0
-7.0,39.0,-1136.0
0.0,136.0,-1141.0
-3.0,119.0,-1157.0
11.0,7.0,-983.0
-1.0,-76.0,-886.0
9.0,-37.0,-870.0
-46.0,46.0,-931.0
17.0,13.0,-979.0
-37.0,95.0,-1120.0
-27.0,115.0,-1163.0
-15.0,85.0,-1200.0
44.0,29.0,-1048.0
9.0,-64.0,-851.0
-46.0,-9.0,-815.0
-23.0,15.0,-962.0
33.0,-7.0,-1038.0
-13.0,76.0,-1112.0
-25.0,165.0,-1155.0
-25.0,128.0,-1151.0
89.0,-19.0,-1016.0
11.0,-72.0,-907.0
-27.0,-23.0,-856.0
0.0,27.0,-935.0
7.0,40.0,-993.0
0.0,64.0,-1063.0
-44.0,126.0,-1169.0
1.0,136.0,-1220.0
35.0,-13.0,-1069.0
0.0,-44.0,-890.0
-44.0,-50.0,-837.0
1.0,21.0,-884.0
9.0,1.0,-1001.0
-35.0,101.0,-1104.0
-66.0,154.0,-1206.0
25.0,44.0,-1204.0
31.0,17.0,-1050.0
27.0,-44.0,-823.0
-40.0,-48.0,-853.0
5.0,64.0,-927.0
9.0,-5.0,-1054.0
-5.0,21.0,-1095.0
-68.0,119.0,-1138.0
7.0,146.0,-1110.0
23.0,19.0,-1065.0
27.0,-42.0,-931.0
-48.0,-95.0,-923.0
-9.0,7.0,-872.0
-27.0,62.0,-981.0
-31.0,74.0,-1063.0
-66.0,91.0,-1138.0
1.0,140.0,-1157.0
31.0,19.0,-1149.0
35.0,-60.0,-936.0
-85.0,-54.0,-813.0
23.0,-9.0,-862.0
-11.0,40.0,-1028.0
-19.0,46.0,-1091.0
-109.0,103.0,-1108.0
39.0,150.0,-1114.0
27.0,35.0,-1110.0
21.0,-56.0,-964.0
-58.0,-99.0,-849.0
11.0,11.0,-862.0
-35.0,62.0,-1040.0
-48.0,23.0,-1028.0
-87.0,165.0,-1102.0
50.0,91.0,-1188.0
39.0,19.0,-1163.0
40.0,-40.0,-964.0
5.0,19.0,-819.0
0.0,23.0,-1009.0
-33.0,40.0,-1042.0
-54.0,109.0,-1122.0
23.0,124.0,-1167.0
1.0,58.0,-1141.0
46.0,-72.0,-940.0
-74.0,-70.0,-798.0
42.0,11.0,-901.0
-35.0,58.0,-1020.0
-17.0,66.0,-1073.0
-40.0,29.0,-1116.0
-7.0,113.0,-1114.0
21.0,111.0,-1134.0
21.0,-5.0,-1005.0
-37.0,-72.0,-913.0
21.0,-35.0,-866.0
-37.0,23.0,-956.0
-40.0,27.0,-1032.0
-50.0,105.0,-1097.0
-13.0,140.0,-1112.0
23.0,89.0,-1204.0
39.0,-29.0,-1028.0
-40.0,-81.0,-800.0
-39.0,21.0,-808.0
-25.0,17.0,-1015.0
19.0,11.0,-1061.0
-72.0,107.0,-1052.0
3.0,138.0,-1167.0
-13.0,119.0,-1153.0
58.0,-29.0,-1028.0
-31.0,-54.0,-866.0
-1.0,-21.0,-870.0
-5.0,3.0,-956.0
-23.0,58.0,-1016.0
-17.0,91.0,-1042.0
13.0,124.0,-1171.0
35.0,107.0,-1196.0
27.0,-39.0,-1024.0
-23.0,-60.0,-849.0
-27.0,-15.0,-843.0
1.0,25.0,-923.0
-5.0,39.0,-1013.0
-52.0,97.0,-1108.0
-19.0,95.0,-1171.0
-1.0,122.0,-1165.0
56.0,11.0,-1024.0
-11.0,-56.0,-849.0
-27.0,-29.0,-890.0
0.0,33.0,-958.0
11.0,-5.0,-1050.0
-33.0,52.0,-1083.0
-27.0,136.0,-1128.0
3.0,130.0,-1098.0
62.0,27.0,-1067.0
37.0,-72.0,-931.0
-23.0,-62.0,-872.0
-33.0,9.0,-884.0
-35.0,29.0,-979.0
-35.0,66.0,-1054.0
-37.0,130.0,-1143.0
-25.0,152.0,-1177.0
56.0,13.0,-1116.0
1.0,-64.0,-890.0
-74.0,-42.0,-817.0
23.0,3.0,-895.0
11.0,33.0,-1050.0
-31.0,97.0,-1106.0
-66.0,93.0,-1112.0
7.0,146.0,-1141.0
85.0,-13.0,-1059.0
9.0,-54.0,-968.0
-62.0,-52.0,-847.0
58.0,-27.0,-897.0
-27.0,52.0,-1005.0
-27.0,50.0,-1036.0
-91.0,158.0,-1102.0
21.0,91.0,-1196.0
19.0,46.0,-1116.0
39.0,-54.0,-931.0
-76.0,-64.0,-839.0
-1.0,29.0,-858.0
-29.0,37.0,-1036.0
-23.0,68.0,-1104.0
-74.0,93.0,-1124.0
15.0,117.0,-1143.0
23.0,23.0,-1120.0
33.0,-39.0,-940.0
-72.0,-48.0,-872.0
60.0,-31.0,-880.0
-27.0,54.0,-1016.0
-21.0,37.0,-1073.0
-74.0,64.0,-1089.0
11.0,148.0,-1120.0
42.0,56.0,-1157.0
37.0,-54.0,-981.0
-66.0,-99.0,-876.0
0.0,5.0,-825.0
-33.0,46.0,-1007.0
-39.0,46.0,-1036.0
-76.0,89.0,-1102.0
7.0,140.0,-1145.0
68.0,50.0,-1192.0
27.0,-23.0,-974.0
-50.0,-113.0,-798.0
-23.0,15.0,-819.0
-17.0,27.0,-1054.0
13.0,11.0,-1065.0
-74.0,117.0,-1087.0
40.0,136.0,-1138.0
5.0,56.0,-1120.0
23.0,-66.0,-991.0
-52.0,-74.0,-864.0
1.0,11.0,-866.0
-35.0,40.0,-1020.0
-31.0,25.0,-991.0
-50.0,101.0,-1057.0
27.0,113.0,-1165.0
11.0,121.0,-1229.0
29.0,-54.0,-993.0
-58.0,-70.0,-856.0
-11.0,-9.0,-835.0
-11.0,29.0,-960.0
17.0,23.0,-1054.0
-11.0,76.0,-1118.0
-31.0,146.0,-1106.0
19.0,60.0,-1153.0
33.0,21.0,-997.0
-27.0,-72.0,-858.0
0.0,-31.0,-868.0
-39.0,39.0,-983.0
23.0,-11.0,-1026.0
-78.0,115.0,-1040.0
-15.0,136.0,-1175.0
-31.0,142.0,-1139.0
62.0,7.0,-1075.0
1.0,-87.0,-892.0
-46.0,-37.0,-839.0
-9.0,11.0,-917.0
23.0,25.0,-999.0
-42.0,115.0,-1059.0
-7.0,144.0,-1188.0
-5.0,95.0,-1184.0
44.0,-48.0,-1057.0
-25.0,-46.0,-819.0
-39.0,-1.0,-812.0
40.0,5.0,-929.0
0.0,19.0,-1054.0
-25.0,40.0,-1114.0
-46.0,146.0,-1126.0
-1.0,171.0,-1122.0
60.0,-15.0,-1020.0
23.0,-72.0,-929.0
-25.0,-39.0,-905.0
0.0,39.0,-909.0
27.0,27.0,-1011.0
-17.0,44.0,-1059.0
-39.0,115.0,-1145.0
37.0,109.0,-1184.0
81.0,60.0,-1085.0
54.0,-74.0,-894.0
-25.0,-66.0,-835.0
-11.0,31.0,-847.0
58.0,-15.0,-1059.0
-42.0,70.0,-1114.0
-87.0,154.0,-1114.0
-54.0,191.0,-1116.0
68.0,-17.0,-1112.0
222.0,-91.0,-913.0
97.0,-31.0,-915.0
380.0,101.0,-837.0
288.0,-72.0,-1077.0
544.0,93.0,-970.0
448.0,115.0,-1141.0
628.0,181.0,-1167.0
806.0,29.0,-1106.0
696.0,-128.0,-1065.0
673.0,-76.0,-868.0
704.0,156.0,-860.0
759.0,-3.0,-1026.0
632.0,17.0,-1087.0
585.0,91.0,-1141.0
651.0,238.0,-1106.0
675.0,-17.0,-1075.0
521.0,-193.0,-929.0
427.0,9.0,-794.0
499.0,189.0,-771.0
376.0,19.0,-1007.0
327.0,-52.0,-1106.0
236.0,109.0,-1075.0
333.0,251.0,-1057.0
195.0,72.0,-1085.0
203.0,-152.0,-995.0
58.0,-89.0,-882.0
70.0,95.0,-874.0
-58.0,107.0,-1009.0
-42.0,-13.0,-1052.0
-117.0,109.0,-1038.0
-66.0,162.0,-1110.0
-58.0,81.0,-1171.0
-29.0,-81.0,-1050.0
-122.0,-81.0,-878.0
-58.0,117.0,-853.0
-56.0,9.0,-1042.0
-80.0,0.0,-1132.0
-101.0,62.0,-1126.0
-52.0,210.0,-1141.0
-5.0,44.0,-1212.0
-1.0,-64.0,-1077.0
-89.0,-54.0,-866.0
50.0,19.0,-854.0
19.0,40.0,-985.0
101.0,-39.0,-1015.0
42.0,85.0,-1026.0
146.0,156.0,-1087.0
146.0,72.0,-1192.0
204.0,-44.0,-1048.0
74.0,-83.0,-858.0
144.0,39.0,-794.0
74.0,23.0,-989.0
142.0,15.0,-1044.0
-70.0,163.0,-1065.0
56.0,144.0,-1159.0
29.0,68.0,-1186.0
68.0,-72.0,-968.0
-66.0,-27.0,-804.0
-1.0,23.0,-821.0
-39.0,13.0,-987.0
19.0,-7.0,-1038.0
-33.0,87.0,-1091.0
29.0,138.0,-1106.0
-25.0,109.0,-1100.0
62.0,80.0,-1044.0
42.0,-85.0,-968.0
11.0,-21.0,-899.0
21.0,-23.0,-935.0
35.0,15.0,-950.0
9.0,99.0,-1022.0
1.0,81.0,-1102.0
83.0,99.0,-1179.0
124.0,31.0,-1063.0
89.0,-29.0,-931.0
44.0,-7.0,-866.0
136.0,23.0,-946.0
167.0,-68.0,-1048.0
78.0,76.0,-1044.0
60.0,117.0,-1065.0
162.0,80.0,-1177.0
134.0,-31.0,-1098.0
70.0,-13.0,-931.0
40.0,-33.0,-849.0
89.0,19.0,-958.0
21.0,-1.0,-935.0
-19.0,60.0,-974.0
-42.0,107.0,-1065.0
-9.0,101.0,-1192.0
-23.0,-11.0,-1171.0
11.0,-9.0,-993.0
-91.0,-7.0,-847.0
9.0,-9.0,-948.0
-109.0,1.0,-966.0
11.0,56.0,-1077.0
-152.0,148.0,-1087.0
-39.0,101.0,-1220.0
-89.0,0.0,-1048.0
-40.0,0.0,-938.0
-93.0,1.0,-851.0
-1.0,21.0,-938.0
-25.0,3.0,-995.0
-39.0,5.0,-1028.0
-93.0,70.0,-1020.0
-3.0,113.0,-1132.0
-7.0,80.0,-1136.0
46.0,25.0,-1005.0
1.0,-64.0,-991.0
25.0,76.0,-872.0
78.0,-5.0,-985.0
-5.0,66.0,-919.0
-17.0,-5.0,-1102.0
-13.0,97.0,-1077.0
97.0,29.0,-1210.0
74.0,-9.0,-976.0
-19.0,-44.0,-946.0
13.0,44.0,-786.0
111.0,-50.0,-1073.0
1.0,72.0,-968.0
-9.0,39.0,-1100.0
-33.0,193.0,-1059.0
76.0,-5.0,-1200.0
11.0,5.0,-1011.0
-64.0,-50.0,-979.0
17.0,17.0,-874.0
3.0,56.0,-1005.0
-23.0,17.0,-956.0
-107.0,44.0,-1075.0
-3.0,111.0,-1108.0
25.0,13.0,-1180.0
60.0,21.0,-1083.0
-97.0,-15.0,-962.0
11.0,-17.0,-854.0
-31.0,46.0,-919.0
58.0,1.0,-1028.0
-150.0,85.0,-1057.0
35.0,64.0,-1095.0
11.0,19.0,-1091.0
58.0,-13.0,-1077.0
-50.0,-3.0,-931.0
9.0,-3.0,-913.0
-33.0,46.0,-952.0
29.0,-11.0,-1052.0
-144.0,74.0,-1038.0
23.0,50.0,-1073.0
-21.0,126.0,-1110.0
109.0,21.0,-1173.0
-80.0,-1.0,-1013.0
95.0,-72.0,-878.0
-25.0,107.0,-874.0
72.0,-109.0,-1009.0
-156.0,148.0,-913.0
50.0,9.0,-1106.0
-76.0,148.0,-1202.0
70.0,37.0,-1134.0
-44.0,-78.0,-936.0
-13.0,81.0,-835.0
-52.0,35.0,-958.0
33.0,-46.0,-1067.0
-201.0,39.0,-983.0
37.0,105.0,-1028.0
-48.0,146.0,-1223.0
33.0,-78.0,-1136.0
-35.0,46.0,-909.0
87.0,1.0,-977.0
-83.0,0.0,-977.0
-25.0,-19.0,-872.0
-56.0,29.0,-895.0
40.0,142.0,-1126.0
19.0,56.0,-1264.0
-39.0,21.0,-1075.0
3.0,9.0,-935.0
11.0,44.0,-880.0
156.0,-40.0,-974.0
-19.0,-58.0,-897.0
-66.0,33.0,-999.0
7.0,156.0,-1013.0
187.0,160.0,-1229.0
50.0,54.0,-1081.0
0.0,-162.0,-958.0
-21.0,126.0,-874.0
171.0,33.0,-1042.0
-37.0,-74.0,-1022.0
-9.0,-21.0,-864.0
64.0,136.0,-1003.0
13.0,132.0,-1301.0
37.0,-19.0,-1184.0
35.0,-13.0,-923.0
15.0,21.0,-876.0
-44.0,52.0,-954.0
111.0,-74.0,-919.0
-101.0,99.0,-907.0
-9.0,121.0,-1022.0
-25.0,203.0,-1284.0
83.0,-152.0,-1151.0
27.0,25.0,-964.0
-216.0,107.0,-874.0
-15.0,17.0,-940.0
25.0,-23.0,-1065.0
-37.0,-126.0,-936.0
-89.0,142.0,-1005.0
89.0,269.0,-1040.0
76.0,62.0,-1239.0
-35.0,-152.0,-1015.0
-105.0,-25.0,-882.0
126.0,128.0,-894.0
0.0,21.0,-1083.0
-99.0,-81.0,-870.0
9.0,21.0,-936.0
17.0,203.0,-1208.0
7.0,11.0,-1235.0
-5.0,5.0,-1120.0
-109.0,-13.0,-927.0
68.0,109.0,-868.0
146.0,109.0,-1005.0
25.0,-31.0,-921.0
-93.0,29.0,-1001.0
42.0,124.0,-1071.0
11.0,-15.0,-1268.0
-37.0,7.0,-1046.0
-91.0,31.0,-868.0
130.0,39.0,-919.0
-11.0,-136.0,-1044.0
-81.0,-72.0,-907.0
-50.0,191.0,-944.0
-27.0,273.0,-1221.0
83.0,11.0,-1298.0
27.0,-150.0,-1015.0
-171.0,68.0,-862.0
15.0,122.0,-895.0
-21.0,-27.0,-993.0
-25.0,-113.0,-1011.0
-228.0,70.0,-860.0
56.0,156.0,-1022.0
150.0,175.0,-1354.0
-117.0,-95.0,-1198.0
-11.0,-56.0,-708.0
165.0,72.0,-845.0
-97.0,165.0,-1122.0
40.0,-197.0,-1030.0
-54.0,3.0,-952.0
-54.0,238.0,-1102.0
39.0,46.0,-1192.0
122.0,13.0,-1081.0
11.0,-107.0,-925.0
-68.0,40.0,-905.0
97.0,25.0,-946.0
148.0,-19.0,-993.0
-64.0,99.0,-995.0
-78.0,156.0,-1048.0
173.0,115.0,-1212.0
42.0,-13.0,-1141.0
-13.0,-13.0,-977.0
87.0,-52.0,-780.0
171.0,60.0,-1042.0
-199.0,-11.0,-964.0
85.0,-74.0,-888.0
-113.0,244.0,-1018.0
156.0,89.0,-1147.0
15.0,68.0,-1106.0
21.0,-134.0,-960.0
-234.0,171.0,-835.0
87.0,33.0,-1028.0
-89.0,-109.0,-1005.0
-146.0,-40.0,-888.0
-115.0,162.0,-1011.0
29.0,224.0,-1339.0
13.0,-97.0,-1202.0
-35.0,-107.0,-913.0
-81.0,156.0,-802.0
66.0,140.0,-946.0
109.0,-74.0,-1001.0
-111.0,25.0,-968.0
11.0,134.0,-1018.0
-50.0,126.0,-1192.0
156.0,17.0,-1266.0
40.0,-115.0,-895.0
80.0,-66.0,-794.0
83.0,138.0,-895.0
74.0,35.0,-1126.0
-3.0,29.0,-993.0
21.0,66.0,-976.0
111.0,169.0,-1151.0
72.0,58.0,-1190.0
-7.0,-48.0,-989.0
42.0,-39.0,-864.0
-46.0,97.0,-927.0
52.0,-11.0,-997.0
-11.0,-91.0,-944.0
23.0,101.0,-1042.0
-9.0,146.0,-1157.0
-1.0,72.0,-1147.0
25.0,19.0,-983.0
-13.0,-9.0,-940.0
-39.0,66.0,-876.0
-1.0,9.0,-964.0
-40.0,-27.0,-1009.0
-122.0,109.0,-1003.0
23.0,101.0,-1038.0
40.0,-70.0,-1198.0
-113.0,-109.0,-1126.0
-158.0,60.0,-866.0
62.0,83.0,-901.0
76.0,80.0,-1108.0
-5.0,-68.0,-1003.0
-70.0,101.0,-946.0
-5.0,197.0,-1075.0
68.0,124.0,-1282.0
23.0,-58.0,-1200.0
-158.0,-66.0,-761.0
40.0,13.0,-669.0
302.0,39.0,-1087.0
-117.0,33.0,-1046.0
40.0,-95.0,-892.0
-58.0,158.0,-1030.0
99.0,150.0,-1315.0
44.0,76.0,-1157.0
-134.0,-35.0,-841.0
23.0,76.0,-732.0
189.0,165.0,-1065.0
93.0,-97.0,-1153.0
-56.0,-171.0,-987.0
-162.0,81.0,-878.0
148.0,117.0,-1266.0
-146.0,70.0,-1182.0
-1.0,-60.0,-903.0
-122.0,62.0,-735.0
154.0,-21.0,-1075.0
-121.0,107.0,-1042.0
42.0,3.0,-1007.0
-56.0,240.0,-876.0
101.0,91.0,-1331.0
-66.0,72.0,-1235.0
-17.0,-136.0,-901.0
-48.0,-15.0,-749.0
39.0,17.0,-1054.0
-66.0,-3.0,-1083.0
-5.0,-44.0,-948.0
-101.0,140.0,-901.0
87.0,177.0,-1259.0
11.0,29.0,-1180.0
31.0,-89.0,-993.0
-72.0,-13.0,-796.0
136.0,83.0,-1042.0
83.0,74.0,-1093.0
-23.0,-111.0,-923.0
-44.0,107.0,-882.0
74.0,115.0,-1194.0
-40.0,-1.0,-1288.0
81.0,-56.0,-897.0
76.0,-25.0,-794.0
-201.0,236.0,-913.0
87.0,-35.0,-1114.0
-81.0,5.0,-952.0
-33.0,13.0,-1028.0
-39.0,204.0,-1126.0
85.0,-23.0,-1225.0
-64.0,-80.0,-870.0
56.0,-5.0,-927.0
0.0,60.0,-1097.0
-78.0,-3.0,-1034.0
29.0,9.0,-940.0
-115.0,62.0,-966.0
-40.0,204.0,-1067.0
101.0,54.0,-1138.0
173.0,-74.0,-1042.0
-214.0,9.0,-917.0
-62.0,95.0,-958.0
0.0,50.0,-987.0
134.0,-107.0,-890.0
-97.0,-17.0,-958.0
-31.0,244.0,-1268.0
101.0,-15.0,-1192.0
115.0,-15.0,-1130.0
-183.0,25.0,-771.0
48.0,58.0,-884.0
121.0,93.0,-948.0
91.0,-251.0,-1227.0
-423.0,253.0,-776.0
281.0,68.0,-968.0
162.0,171.0,-1251.0
109.0,-257.0,-1257.0
-206.0,-117.0,-710.0
33.0,177.0,-792.0
60.0,173.0,-1280.0
85.0,7.0,-1149.0
-78.0,-91.0,-671.0
-78.0,234.0,-977.0
97.0,279.0,-1395.0
91.0,-115.0,-1303.0
-140.0,-136.0,-620.0
-152.0,-13.0,-659.0
44.0,271.0,-1173.0
179.0,-103.0,-1231.0
23.0,-220.0,-778.0
-353.0,173.0,-864.0
140.0,199.0,-1331.0
228.0,9.0,-1350.0
7.0,-154.0,-751.0
-425.0,154.0,-671.0
138.0,261.0,-1110.0
521.0,-101.0,-1192.0
-25.0,-273.0,-915.0
-525.0,394.0,-767.0
284.0,165.0,-1241.0
80.0,-44.0,-1430.0
17.0,-165.0,-751.0
-267.0,-15.0,-564.0
577.0,304.0,-1081.0
37.0,35.0,-1141.0
74.0,-261.0,-921.0
-331.0,247.0,-829.0
302.0,142.0,-1313.0
-99.0,191.0,-1440.0
277.0,-378.0,-757.0
-204.0,17.0,-622.0
78.0,54.0,-1032.0
29.0,187.0,-1331.0
146.0,-320.0,-849.0
-482.0,175.0,-685.0
74.0,169.0,-1276.0
167.0,216.0,-1465.0
134.0,-261.0,-792.0
-382.0,78.0,-757.0
-54.0,46.0,-1067.0
425.0,72.0,-1239.0
-11.0,-136.0,-880.0
-499.0,115.0,-708.0
-111.0,85.0,-1218.0
35.0,279.0,-1464.0
501.0,-279.0,-936.0
-488.0,-9.0,-636.0
91.0,-15.0,-892.0
240.0,318.0,-1198.0
327.0,-259.0,-1024.0
-585.0,-156.0,-739.0
-220.0,374.0,-882.0
384.0,167.0,-1614.0
447.0,-148.0,-1079.0
-361.0,-181.0,-681.0
-7.0,146.0,-772.0
206.0,466.0,-1319.0
308.0,-513.0,-1177.0
-782.0,150.0,-495.0
128.0,177.0,-1022.0
601.0,322.0,-1387.0
240.0,-175.0,-1450.0
-550.0,-72.0,-577.0
-70.0,-15.0,-726.0
335.0,417.0,-1184.0
9.0,-316.0,-1292.0
-374.0,-74.0,-497.0
87.0,17.0,-974.0
240.0,694.0,-1387.0
85.0,-343.0,-1709.0
-544.0,-97.0,-404.0
-13.0,62.0,-612.0
247.0,415.0,-1284.0
-103.0,-228.0,-1354.0
-7.0,-281.0,-663.0
-199.0,255.0,-806.0
302.0,427.0,-1540.0
-335.0,-119.0,-1538.0
-64.0,-275.0,-575.0
-56.0,154.0,-581.0
222.0,404.0,-1325.0
-99.0,-74.0,-1167.0
162.0,-439.0,-774.0
-413.0,290.0,-763.0
281.0,320.0,-1522.0
-132.0,85.0,-1298.0
206.0,-552.0,-815.0
-462.0,238.0,-515.0
136.0,253.0,-1108.0
158.0,78.0,-1208.0
197.0,-411.0,-1059.0
-464.0,162.0,-808.0
3.0,347.0,-1305.0
89.0,214.0,-1307.0
238.0,-482.0,-940.0
-337.0,152.0,-673.0
144.0,179.0,-884.0
245.0,138.0,-1200.0
97.0,-308.0,-1138.0
-448.0,126.0,-796.0
-15.0,286.0,-1073.0
357.0,109.0,-1268.0
156.0,-271.0,-1056.0
-312.0,62.0,-829.0
-50.0,66.0,-646.0
341.0,232.0,-1093.0
9.0,-169.0,-1272.0
-394.0,87.0,-1054.0
35.0,5.0,-813.0
259.0,318.0,-1202.0
148.0,-240.0,-1171.0
-347.0,-70.0,-847.0
115.0,-76.0,-599.0
165.0,363.0,-1081.0
-35.0,-91.0,-1333.0
9.0,13.0,-1016.0
-1.0,-109.0,-862.0
-1.0,247.0,-1050.0
40.0,115.0,-1284.0
11.0,-97.0,-921.0
21.0,-273.0,-694.0
-134.0,304.0,-974.0
29.0,158.0,-1216.0
76.0,13.0,-1067.0
-117.0,-136.0,-933.0
167.0,177.0,-1095.0
17.0,169.0,-1171.0
-62.0,-148.0,-989.0
-171.0,-105.0,-603.0
206.0,115.0,-989.0
85.0,197.0,-1227.0
-54.0,37.0,-1204.0
-152.0,7.0,-849.0
273.0,-29.0,-991.0
-81.0,132.0,-1274.0
-111.0,-220.0,-1110.0
13.0,-9.0,-610.0
66.0,52.0,-866.0
-144.0,255.0,-1231.0
46.0,-103.0,-1159.0
-146.0,134.0,-769.0
185.0,111.0,-1104.0
-156.0,214.0,-1204.0
201.0,-281.0,-1102.0
-273.0,115.0,-712.0
46.0,-144.0,-966.0
-210.0,316.0,-1059.0
214.0,-33.0,-1255.0
-9.0,17.0,-952.0
-89.0,29.0,-1050.0
-146.0,121.0,-1163.0
85.0,-19.0,-1001.0
68.0,39.0,-726.0
-138.0,-5.0,-878.0
85.0,148.0,-1067.0
195.0,-89.0,-1141.0
-193.0,201.0,-1067.0
-126.0,-288.0,-1050.0
-50.0,238.0,-1020.0
267.0,3.0,-1091.0
17.0,-25.0,-977.0
-244.0,74.0,-771.0
107.0,35.0,-1003.0
-19.0,261.0,-1243.0
78.0,-44.0,-1110.0
-251.0,165.0,-895.0
93.0,95.0,-1034.0
245.0,-27.0,-1165.0
-78.0,-152.0,-911.0
-136.0,-7.0,-663.0
113.0,35.0,-960.0
91.0,181.0,-1344.0
-44.0,7.0,-1091.0
-236.0,160.0,-886.0
150.0,52.0,-1015.0
103.0,122.0,-1167.0
134.0,-76.0,-1009.0
-128.0,40.0,-771.0
-74.0,-35.0,-958.0
99.0,-13.0,-1122.0
195.0,80.0,-1075.0
-169.0,117.0,-1024.0
-54.0,31.0,-1061.0
257.0,-64.0,-1126.0
197.0,-70.0,-1143.0
-372.0,216.0,-696.0
11.0,25.0,-944.0
163.0,122.0,-1054.0
191.0,76.0,-1323.0
-210.0,13.0,-1059.0
-48.0,-72.0,-813.0
169.0,-87.0,-960.0
201.0,85.0,-1182.0
-232.0,27.0,-886.0
-13.0,21.0,-761.0
265.0,7.0,-1059.0
-29.0,160.0,-1380.0
-329.0,62.0,-976.0
1.0,130.0,-804.0
294.0,0.0,-1165.0
-54.0,-150.0,-1212.0
-322.0,76.0,-866.0
52.0,25.0,-737.0
136.0,-97.0,-1192.0
-160.0,3.0,-1182.0
-126.0,5.0,-979.0
89.0,245.0,-882.0
121.0,15.0,-1251.0
-107.0,-117.0,-1169.0
-142.0,91.0,-694.0
89.0,126.0,-763.0
23.0,156.0,-1253.0
-5.0,-271.0,-1370.0
-259.0,175.0,-749.0
216.0,138.0,-989.0
25.0,-83.0,-1270.0
-183.0,-236.0,-1190.0
-193.0,56.0,-614.0
171.0,296.0,-839.0
-119.0,148.0,-1163.0
-7.0,-183.0,-1382.0
-126.0,58.0,-743.0
148.0,126.0,-1024.0
-134.0,162.0,-1237.0
54.0,-290.0,-1237.0
-220.0,37.0,-575.0
220.0,78.0,-813.0
-203.0,247.0,-1171.0
58.0,-199.0,-1376.0
-224.0,115.0,-737.0
238.0,111.0,-1077.0
-208.0,191.0,-1048.0
-35.0,-185.0,-1233.0
-132.0,0.0,-677.0
271.0,263.0,-966.0
-134.0,111.0,-1159.0
97.0,-208.0,-1227.0
-21.0,-21.0,-706.0
128.0,265.0,-972.0
-95.0,146.0,-1298.0
-58.0,-216.0,-1118.0
39.0,-60.0,-710.0
56.0,392.0,-913.0
-101.0,-56.0,-1104.0
37.0,-173.0,-972.0
58.0,-91.0,-942.0
101.0,249.0,-1056.0
-173.0,220.0,-1337.0
64.0,-337.0,-1015.0
52.0,-35.0,-796.0
-68.0,445.0,-874.0
21.0,-54.0,-1239.0
11.0,-37.0,-962.0
386.0,-232.0,-1028.0
-156.0,464.0,-942.0
-78.0,-9.0,-1270.0
42.0,-245.0,-993.0
78.0,-124.0,-858.0
68.0,327.0,-872.0
-236.0,171.0,-1028.0
240.0,-347.0,-995.0
122.0,78.0,-993.0
214.0,259.0,-1188.0
-253.0,185.0,-1007.0
242.0,-411.0,-1122.0
37.0,103.0,-802.0
-136.0,267.0,-884.0
-115.0,230.0,-894.0
337.0,-452.0,-1206.0
-80.0,179.0,-1020.0
-3.0,37.0,-1134.0
-226.0,152.0,-1001.0
119.0,-101.0,-933.0
136.0,-80.0,-1015.0
-404.0,300.0,-942.0
154.0,-66.0,-974.0
78.0,-21.0,-1114.0
150.0,-81.0,-1280.0
-511.0,277.0,-763.0
320.0,124.0,-923.0
56.0,-46.0,-1206.0
-54.0,-187.0,-1169.0
-324.0,122.0,-569.0
263.0,74.0,-890.0
-111.0,175.0,-1319.0
15.0,-169.0,-1108.0
-247.0,83.0,-786.0
302.0,119.0,-1016.0
-138.0,130.0,-1233.0
158.0,-253.0,-1102.0
-357.0,95.0,-632.0
245.0,-1.0,-946.0
-134.0,290.0,-1327.0
357.0,-165.0,-1216.0
-169.0,85.0,-691.0
226.0,-33.0,-919.0
-85.0,247.0,-1251.0
218.0,-265.0,-1173.0
-283.0,288.0,-601.0
144.0,-103.0,-870.0
-195.0,216.0,-1239.0
232.0,-56.0,-1216.0
-134.0,56.0,-776.0
183.0,-70.0,-1024.0
-107.0,156.0,-1243.0
189.0,-78.0,-1134.0
-281.0,156.0,-659.0
-7.0,3.0,-868.0
-60.0,160.0,-1262.0
220.0,-60.0,-1202.0
-236.0,101.0,-800.0
-44.0,-185.0,-985.0
-76.0,224.0,-1202.0
245.0,-193.0,-1089.0
-271.0,87.0,-810.0
21.0,44.0,-868.0
-60.0,19.0,-1268.0
199.0,64.0,-1145.0
-50.0,27.0,-878.0
-234.0,232.0,-927.0
126.0,9.0,-1280.0
201.0,70.0,-1145.0
-60.0,-66.0,-856.0
-251.0,124.0,-745.0
212.0,-3.0,-1026.0
206.0,11.0,-1163.0
-72.0,-35.0,-995.0
-247.0,35.0,-886.0
212.0,87.0,-1153.0
136.0,80.0,-1143.0
-54.0,0.0,-1044.0
-279.0,-9.0,-669.0
224.0,83.0,-976.0
208.0,204.0,-1264.0
-17.0,-126.0,-1204.0
-374.0,-5.0,-788.0
103.0,64.0,-1052.0
130.0,-21.0,-1237.0
-105.0,-11.0,-964.0
-142.0,-19.0,-626.0
42.0,126.0,-1005.0
-27.0,181.0,-1251.0
54.0,40.0,-1016.0
-210.0,-13.0,-987.0
136.0,39.0,-1059.0
62.0,113.0,-1278.0
29.0,-9.0,-979.0
-288.0,19.0,-642.0
173.0,-87.0,-905.0
115.0,74.0,-1278.0
-31.0,60.0,-1157.0
-417.0,95.0,-835.0
72.0,11.0,-952.0
288.0,56.0,-1253.0
-44.0,40.0,-1057.0
-138.0,15.0,-687.0
-74.0,29.0,-866.0
415.0,-3.0,-1253.0
44.0,103.0,-1255.0
-259.0,-7.0,-894.0
89.0,-50.0,-812.0
179.0,31.0,-1516.0
-183.0,162.0,-1063.0
-163.0,-160.0,-642.0
134.0,175.0,-665.0
191.0,-40.0,-1378.0
13.0,327.0,-1169.0
-370.0,-13.0,-872.0
255.0,-3.0,-935.0
-220.0,-54.0,-1372.0
-81.0,42.0,-958.0
78.0,39.0,-609.0
144.0,40.0,-905.0
-29.0,58.0,-1372.0
99.0,35.0,-1216.0
-302.0,31.0,-837.0
54.0,121.0,-888.0
-107.0,-31.0,-1313.0
130.0,-44.0,-1098.0
-212.0,-13.0,-694.0
-37.0,121.0,-796.0
122.0,-52.0,-1290.0
17.0,42.0,-1225.0
-242.0,-64.0,-772.0
220.0,146.0,-997.0
-138.0,251.0,-1313.0
201.0,-91.0,-1028.0
-265.0,-54.0,-663.0
197.0,93.0,-933.0
-81.0,15.0,-1360.0
66.0,111.0,-1118.0
-179.0,-13.0,-786.0
132.0,81.0,-927.0
0.0,25.0,-1272.0
160.0,-171.0,-1106.0
-173.0,17.0,-624.0
162.0,257.0,-853.0
21.0,62.0,-1303.0
173.0,-115.0,-1182.0
-78.0,3.0,-720.0
78.0,113.0,-1036.0
-126.0,83.0,-1282.0
288.0,-244.0,-1161.0
-255.0,-83.0,-634.0
169.0,271.0,-788.0
-15.0,99.0,-1245.0
175.0,-44.0,-1325.0
-128.0,-132.0,-638.0
3.0,97.0,-960.0
13.0,337.0,-1260.0
167.0,-130.0,-1229.0
-204.0,-193.0,-609.0
224.0,181.0,-763.0
11.0,290.0,-1325.0
66.0,-74.0,-1325.0
-117.0,-351.0,-544.0
52.0,3.0,-981.0
-85.0,503.0,-1313.0
169.0,-105.0,-1194.0
-187.0,-251.0,-609.0
255.0,169.0,-761.0
-148.0,296.0,-1300.0
-64.0,44.0,-1145.0
-50.0,-550.0,-726.0
-33.0,322.0,-1022.0
54.0,456.0,-1411.0
-44.0,-267.0,-1266.0
-245.0,-335.0,-544.0
271.0,255.0,-817.0
-275.0,638.0,-1374.0
78.0,-398.0,-1221.0
-99.0,-286.0,-681.0
171.0,353.0,-1116.0
-121.0,452.0,-1266.0
21.0,-341.0,-1237.0
-277.0,-181.0,-513.0
320.0,121.0,-1065.0
-560.0,614.0,-1175.0
226.0,-466.0,-1052.0
15.0,-87.0,-827.0
72.0,286.0,-1214.0
-349.0,363.0,-1200.0
46.0,-193.0,-1098.0
-72.0,-257.0,-765.0
150.0,255.0,-931.0
-419.0,265.0,-1102.0
173.0,-230.0,-950.0
23.0,-70.0,-1075.0
-191.0,146.0,-1274.0
-107.0,212.0,-1056.0
37.0,-165.0,-913.0
115.0,-111.0,-923.0
-156.0,230.0,-962.0
-160.0,286.0,-1095.0
206.0,-144.0,-1026.0
50.0,-33.0,-1077.0
-238.0,81.0,-1139.0
-5.0,257.0,-952.0
54.0,-56.0,-1034.0
146.0,-322.0,-1075.0
-417.0,160.0,-884.0
163.0,238.0,-892.0
162.0,130.0,-1067.0
132.0,-152.0,-1151.0
-404.0,72.0,-1001.0
78.0,247.0,-1011.0
181.0,111.0,-983.0
353.0,-491.0,-1194.0
-425.0,195.0,-825.0
236.0,136.0,-769.0
165.0,339.0,-1001.0
191.0,-253.0,-1397.0
-386.0,23.0,-890.0
130.0,95.0,-802.0
365.0,195.0,-991.0
17.0,-286.0,-1352.0
-341.0,111.0,-755.0
394.0,189.0,-577.0
279.0,302.0,-1218.0
-128.0,-113.0,-1382.0
-244.0,-128.0,-810.0
316.0,46.0,-739.0
372.0,35.0,-1255.0
-281.0,-80.0,-1399.0
-3.0,-81.0,-550.0
218.0,171.0,-591.0
187.0,251.0,-1413.0
-368.0,-85.0,-1503.0
-242.0,-162.0,-484.0
605.0,-58.0,-894.0
-124.0,337.0,-1272.0
-119.0,-33.0,-1301.0
-66.0,-249.0,-366.0
454.0,117.0,-921.0
-322.0,366.0,-1434.0
-60.0,-42.0,-1401.0
111.0,-257.0,-460.0
238.0,95.0,-944.0
-312.0,599.0,-1233.0
175.0,-316.0,-1354.0
-121.0,-294.0,-488.0
240.0,195.0,-958.0
-146.0,312.0,-1239.0
-52.0,-226.0,-1249.0
-27.0,-212.0,-655.0
21.0,261.0,-985.0
-5.0,234.0,-1290.0
-249.0,-193.0,-1165.0
119.0,-206.0,-663.0
163.0,357.0,-944.0
-162.0,187.0,-1327.0
-214.0,-173.0,-1139.0
117.0,-167.0,-907.0
-130.0,349.0,-919.0
-31.0,181.0,-1284.0
-286.0,-199.0,-1020.0
302.0,-226.0,-802.0
-9.0,386.0,-968.0
-304.0,148.0,-1218.0
-31.0,-265.0,-981.0
271.0,-99.0,-1015.0
-296.0,292.0,-1089.0
-103.0,290.0,-1139.0
54.0,-300.0,-960.0
265.0,-60.0,-974.0
-138.0,122.0,-999.0
-372.0,292.0,-1003.0
130.0,-255.0,-1042.0
140.0,66.0,-1138.0
-111.0,216.0,-958.0
-7.0,158.0,-1018.0
-29.0,-85.0,-911.0
439.0,-156.0,-1077.0
-368.0,302.0,-1050.0
-175.0,216.0,-944.0
265.0,-372.0,-968.0
167.0,222.0,-1231.0
-269.0,39.0,-979.0
-99.0,296.0,-843.0
117.0,-331.0,-976.0
162.0,-50.0,-1239.0
-337.0,134.0,-964.0
-11.0,275.0,-663.0
162.0,-185.0,-985.0
70.0,66.0,-1288.0
-195.0,-11.0,-1001.0
33.0,357.0,-909.0
66.0,-244.0,-1075.0
48.0,-83.0,-1083.0
-162.0,206.0,-1020.0
44.0,236.0,-810.0
144.0,-29.0,-1038.0
271.0,-89.0,-1075.0
-72.0,128.0,-1075.0
58.0,93.0,-843.0
179.0,-85.0,-995.0
85.0,-115.0,-1020.0
-74.0,191.0,-1063.0
17.0,167.0,-628.0
195.0,-46.0,-1044.0
163.0,-72.0,-1114.0
167.0,13.0,-1056.0
0.0,124.0,-919.0
76.0,44.0,-1007.0
263.0,-230.0,-1077.0
-165.0,298.0,-827.0
199.0,0.0,-952.0
-111.0,39.0,-1030.0
368.0,-306.0,-1098.0
-138.0,160.0,-1050.0
-37.0,60.0,-1054.0
-177.0,290.0,-919.0
474.0,-283.0,-1067.0
-247.0,93.0,-989.0
146.0,66.0,-983.0
0.0,206.0,-940.0
343.0,-199.0,-1128.0
-353.0,40.0,-1110.0
-263.0,-15.0,-935.0
259.0,257.0,-976.0
25.0,-152.0,-1077.0
-245.0,-40.0,-1057.0
-199.0,189.0,-813.0
413.0,136.0,-1026.0
-105.0,-5.0,-1048.0
-167.0,-244.0,-1270.0
-298.0,183.0,-843.0
470.0,259.0,-1204.0
-199.0,-68.0,-1040.0
-154.0,-222.0,-1003.0
-117.0,25.0,-767.0
169.0,513.0,-1225.0
21.0,-122.0,-1114.0
-154.0,-206.0,-1175.0
-281.0,80.0,-692.0
458.0,402.0,-1169.0
-140.0,-81.0,-1204.0
-189.0,-126.0,-968.0
-83.0,-25.0,-761.0
257.0,544.0,-1161.0
-21.0,-318.0,-1161.0
-318.0,91.0,-1052.0
-95.0,-81.0,-929.0
298.0,488.0,-1069.0
-117.0,-261.0,-1288.0
-374.0,-64.0,-946.0
-91.0,-122.0,-739.0
206.0,577.0,-1141.0
-46.0,-214.0,-1229.0
-204.0,35.0,-938.0
-111.0,-263.0,-823.0
271.0,523.0,-1108.0
-417.0,-132.0,-1401.0
-89.0,-87.0,-790.0
52.0,-39.0,-843.0
214.0,300.0,-1110.0
-173.0,-101.0,-1251.0
-140.0,107.0,-772.0
-58.0,-99.0,-1040.0
355.0,341.0,-1143.0
-296.0,-31.0,-1280.0
-31.0,-140.0,-812.0
-136.0,21.0,-821.0
257.0,277.0,-1009.0
99.0,99.0,-1260.0
-142.0,-109.0,-874.0
-210.0,-126.0,-895.0
288.0,361.0,-1126.0
-40.0,150.0,-1239.0
-66.0,-349.0,-806.0
-212.0,107.0,-788.0
222.0,42.0,-997.0
-296.0,441.0,-1278.0
-181.0,-382.0,-993.0
-443.0,121.0,-817.0
171.0,52.0,-952.0
-304.0,245.0,-1255.0
-95.0,-214.0,-1009.0
-310.0,-9.0,-769.0
-156.0,54.0,-944.0
-488.0,415.0,-1278.0
-214.0,-480.0,-1026.0
-359.0,199.0,-735.0
48.0,3.0,-1138.0
-651.0,306.0,-1169.0
-204.0,-349.0,-1028.0
-464.0,163.0,-753.0
-206.0,95.0,-1089.0
-396.0,244.0,-1065.0
-189.0,-253.0,-1034.0
-294.0,121.0,-839.0
-214.0,-95.0,-1145.0
-503.0,244.0,-1069.0
-50.0,-150.0,-966.0
-503.0,54.0,-870.0
-218.0,-15.0,-1056.0
-374.0,234.0,-1001.0
-23.0,-230.0,-1046.0
-425.0,91.0,-981.0
-392.0,-76.0,-1114.0
-314.0,345.0,-993.0
13.0,-308.0,-1095.0
-560.0,91.0,-901.0
-201.0,-173.0,-866.0
-312.0,407.0,-931.0
60.0,-265.0,-1192.0
-466.0,-39.0,-979.0
-489.0,-23.0,-1026.0
-208.0,286.0,-977.0
-163.0,-105.0,-1097.0
-472.0,40.0,-944.0
-343.0,-48.0,-968.0
-138.0,271.0,-987.0
-17.0,-91.0,-1235.0
-300.0,-68.0,-936.0
-370.0,33.0,-901.0
11.0,74.0,-1009.0
-117.0,89.0,-1243.0
-144.0,-189.0,-1067.0
-324.0,175.0,-796.0
46.0,-15.0,-915.0
-160.0,107.0,-1218.0
-72.0,-189.0,-1016.0
-501.0,203.0,-878.0
175.0,105.0,-1013.0
3.0,138.0,-1229.0
206.0,-222.0,-1034.0
-138.0,162.0,-749.0
411.0,-58.0,-905.0
-44.0,119.0,-1214.0
460.0,-197.0,-1016.0
-56.0,220.0,-847.0
540.0,33.0,-1112.0
115.0,220.0,-1280.0
415.0,-181.0,-1167.0
-126.0,146.0,-730.0
302.0,-78.0,-1015.0
74.0,171.0,-1108.0
314.0,-152.0,-1093.0
-355.0,197.0,-776.0
368.0,-103.0,-1065.0
-80.0,279.0,-1188.0
175.0,-220.0,-1038.0
-425.0,206.0,-593.0
162.0,-70.0,-872.0
-140.0,306.0,-1159.0
48.0,-81.0,-1214.0
-470.0,1.0,-829.0
128.0,23.0,-987.0
-179.0,277.0,-1255.0
83.0,-124.0,-1177.0
-409.0,29.0,-667.0
72.0,-19.0,-895.0
-154.0,163.0,-1216.0
165.0,-50.0,-1136.0
-460.0,31.0,-759.0
171.0,103.0,-933.0
-169.0,216.0,-1305.0
144.0,-37.0,-1124.0
-337.0,-7.0,-679.0
48.0,25.0,-868.0
-107.0,27.0,-1132.0
122.0,-35.0,-1126.0
-357.0,48.0,-860.0
189.0,144.0,-1042.0
-132.0,109.0,-1243.0
134.0,11.0,-1016.0
-273.0,-29.0,-718.0
72.0,15.0,-917.0
-85.0,13.0,-1085.0
185.0,-3.0,-1059.0
-316.0,62.0,-847.0
208.0,60.0,-1018.0
-121.0,97.0,-1266.0
214.0,-42.0,-1124.0
-255.0,-15.0,-778.0
89.0,111.0,-845.0
-31.0,35.0,-1079.0
91.0,-1.0,-1091.0
-294.0,39.0,-905.0
167.0,140.0,-1054.0
-48.0,89.0,-1257.0
115.0,-105.0,-1085.0
-222.0,-25.0,-732.0
60.0,175.0,-808.0
42.0,62.0,-1132.0
189.0,-3.0,-1180.0
-230.0,-115.0,-956.0
179.0,132.0,-931.0
-64.0,162.0,-1210.0
214.0,23.0,-1157.0
-115.0,-163.0,-776.0
56.0,187.0,-769.0
85.0,44.0,-1110.0
191.0,-13.0,-1118.0
-167.0,-121.0,-872.0
58.0,177.0,-968.0
-56.0,236.0,-1276.0
212.0,-80.0,-1192.0
-162.0,-42.0,-796.0
66.0,89.0,-782.0
1.0,1.0,-1112.0
121.0,29.0,-1130.0
-113.0,-70.0,-1011.0
-7.0,218.0,-983.0
-15.0,171.0,-1243.0
144.0,-54.0,-1098.0
-162.0,-44.0,-786.0
-37.0,13.0,-778.0
-3.0,64.0,-1112.0
91.0,7.0,-1075.0
-181.0,-46.0,-950.0
-64.0,169.0,-981.0
-3.0,91.0,-1286.0
156.0,-40.0,-1167.0
-177.0,-40.0,-853.0
-17.0,144.0,-733.0
7.0,60.0,-1073.0
142.0,-39.0,-1147.0
-191.0,-54.0,-946.0
-11.0,154.0,-1022.0
-17.0,95.0,-1198.0
128.0,-66.0,-1130.0
-167.0,-31.0,-733.0
-11.0,162.0,-776.0
46.0,121.0,-1112.0
167.0,-124.0,-1192.0
-144.0,-13.0,-979.0
-54.0,117.0,-977.0
21.0,156.0,-1145.0
126.0,-89.0,-1128.0
-117.0,-19.0,-831.0
-19.0,183.0,-819.0
56.0,64.0,-1139.0
130.0,-162.0,-1157.0
-130.0,0.0,-954.0
-101.0,224.0,-979.0
105.0,130.0,-1202.0
132.0,-154.0,-1130.0
-87.0,-42.0,-817.0
-11.0,177.0,-794.0
39.0,95.0,-1128.0
117.0,-179.0,-1188.0
-50.0,-5.0,-958.0
-107.0,160.0,-940.0
109.0,181.0,-1098.0
85.0,-156.0,-1081.0
-58.0,-74.0,-817.0
-72.0,234.0,-845.0
78.0,165.0,-1151.0
122.0,-175.0,-1192.0
-64.0,-37.0,-907.0
-138.0,158.0,-979.0
111.0,115.0,-1130.0
97.0,-162.0,-1139.0
-42.0,-5.0,-868.0
-42.0,160.0,-835.0
25.0,187.0,-1077.0
122.0,-203.0,-1212.0
-58.0,-11.0,-907.0
-163.0,121.0,-983.0
111.0,173.0,-1046.0
83.0,-117.0,-1102.0
-25.0,-39.0,-866.0
-89.0,142.0,-874.0
60.0,165.0,-1085.0
81.0,-107.0,-1243.0
-7.0,-29.0,-935.0
-208.0,115.0,-962.0
136.0,179.0,-1048.0
70.0,-93.0,-1161.0
-25.0,-44.0,-927.0
-134.0,150.0,-862.0
60.0,105.0,-1028.0
68.0,-121.0,-1192.0
9.0,-62.0,-964.0
-245.0,152.0,-931.0
160.0,130.0,-1042.0
44.0,-42.0,-1161.0
42.0,-101.0,-940.0
-177.0,148.0,-790.0
103.0,152.0,-985.0
29.0,-11.0,-1216.0
109.0,-136.0,-1065.0
-337.0,163.0,-903.0
197.0,146.0,-1030.0
15.0,-52.0,-1132.0
54.0,-109.0,-985.0
-220.0,162.0,-813.0
113.0,124.0,-1042.0
-15.0,-27.0,-1235.0
150.0,-132.0,-1087.0
-396.0,103.0,-833.0
238.0,197.0,-1005.0
-11.0,-17.0,-1182.0
156.0,-121.0,-1050.0
-288.0,126.0,-751.0
179.0,128.0,-977.0
-13.0,-27.0,-1186.0
150.0,-136.0,-1122.0
-425.0,134.0,-843.0
294.0,195.0,-1018.0
-58.0,50.0,-1149.0
152.0,-134.0,-1046.0
-316.0,121.0,-780.0
193.0,128.0,-1040.0
-23.0,15.0,-1206.0
132.0,-148.0,-1167.0
-404.0,99.0,-802.0
283.0,183.0,-989.0
-66.0,-17.0,-1196.0
179.0,-105.0,-1050.0
-337.0,87.0,-765.0
191.0,121.0,-987.0
-56.0,19.0,-1138.0
214.0,-126.0,-1161.0
-406.0,126.0,-817.0
284.0,167.0,-995.0
-68.0,-5.0,-1225.0
138.0,-62.0,-1038.0
-286.0,37.0,-769.0
126.0,177.0,-966.0
-40.0,7.0,-1231.0
126.0,-107.0,-1188.0
-365.0,111.0,-874.0
238.0,111.0,-927.0
-111.0,54.0,-1151.0
93.0,-81.0,-1050.0
-271.0,3.0,-796.0
101.0,203.0,-962.0
13.0,27.0,-1255.0
107.0,-48.0,-1083.0
-224.0,-66.0,-864.0
132.0,140.0,-872.0
-325.0,152.0,-1262.0
146.0,-234.0,-954.0
-515.0,33.0,-878.0
-677.0,284.0,-903.0
-538.0,74.0,-1303.0
-722.0,-56.0,-1087.0
-880.0,-97.0,-886.0
-1122.0,124.0,-1057.0
-798.0,171.0,-1050.0
-1245.0,-189.0,-952.0
-1358.0,-72.0,-749.0
-1393.0,130.0,-874.0
-1063.0,318.0,-1110.0
-1229.0,-74.0,-1223.0
-1407.0,-195.0,-944.0
-1288.0,48.0,-854.0
-1268.0,306.0,-1177.0
-1089.0,-212.0,-1173.0
-1323.0,-165.0,-862.0
-1030.0,105.0,-841.0
-1112.0,308.0,-1309.0
-950.0,-19.0,-1239.0
-1147.0,-222.0,-1048.0
-841.0,66.0,-1063.0
-1007.0,175.0,-1180.0
-845.0,-5.0,-962.0
-997.0,-132.0,-845.0
-835.0,183.0,-1073.0
-609.0,15.0,-1204.0
-765.0,89.0,-1071.0
-778.0,-163.0,-987.0
-706.0,15.0,-1081.0
-675.0,191.0,-944.0
-790.0,-74.0,-938.0
-987.0,23.0,-741.0
-788.0,-54.0,-870.0
-866.0,322.0,-1085.0
-882.0,-124.0,-1212.0
-1141.0,-128.0,-823.0
-1106.0,54.0,-839.0
-1071.0,193.0,-1075.0
-1190.0,-70.0,-1149.0
-1294.0,-265.0,-812.0
-1350.0,183.0,-786.0
-1251.0,378.0,-1145.0
-1091.0,54.0,-1356.0
-1208.0,-359.0,-997.0
-1387.0,-76.0,-882.0
-1212.0,296.0,-1089.0
-1196.0,201.0,-1229.0
-1173.0,-472.0,-919.0
-1352.0,3.0,-790.0
-1188.0,439.0,-1216.0
-1085.0,220.0,-1305.0
-1210.0,-431.0,-1073.0
-1239.0,-117.0,-956.0
-964.0,349.0,-1104.0
-999.0,269.0,-1179.0
-1132.0,-351.0,-837.0
-1034.0,-195.0,-698.0
-864.0,234.0,-1110.0
-1118.0,191.0,-1208.0
-1046.0,-269.0,-1044.0
-1126.0,-179.0,-935.0
-1097.0,333.0,-1169.0
-1134.0,187.0,-1044.0
-1290.0,-220.0,-800.0
-1171.0,-124.0,-675.0
-1268.0,273.0,-1075.0
-1221.0,83.0,-1229.0
-1292.0,-222.0,-1026.0
-1399.0,-136.0,-919.0
-1255.0,351.0,-1171.0
-1309.0,109.0,-1149.0
-1218.0,-339.0,-780.0
-1454.0,-99.0,-663.0
-1173.0,351.0,-1091.0
-1194.0,152.0,-1313.0
-1114.0,-199.0,-1179.0
-1547.0,-109.0,-1056.0
-1182.0,480.0,-1223.0
-1446.0,109.0,-1114.0
-1266.0,-366.0,-728.0
-1497.0,-181.0,-661.0
-997.0,263.0,-1180.0
-1305.0,384.0,-1274.0
-1225.0,-325.0,-1147.0
-1385.0,-44.0,-1013.0
-938.0,154.0,-1005.0
-1264.0,312.0,-1028.0
-1044.0,-294.0,-759.0
-1161.0,-368.0,-776.0
-1268.0,708.0,-1143.0
-1130.0,74.0,-1257.0
-1134.0,-11.0,-1214.0
-1333.0,-411.0,-987.0
-1415.0,165.0,-1177.0
-1042.0,374.0,-813.0
-1122.0,-308.0,-870.0
-1233.0,-144.0,-706.0
-1210.0,150.0,-1085.0
-915.0,339.0,-1233.0
-1231.0,-308.0,-1095.0
-1360.0,29.0,-1114.0
-1210.0,398.0,-1093.0
-995.0,-50.0,-1022.0
-1081.0,-337.0,-819.0
-1143.0,-158.0,-970.0
-940.0,527.0,-1038.0
-1056.0,257.0,-1313.0
-933.0,-160.0,-1071.0
-821.0,-456.0,-1026.0
-1013.0,398.0,-1028.0
-784.0,72.0,-989.0
-954.0,-91.0,-888.0
-573.0,-121.0,-1007.0
-763.0,162.0,-1028.0
-743.0,187.0,-1067.0
-650.0,201.0,-1139.0
-359.0,-226.0,-1179.0
-445.0,81.0,-1022.0
-277.0,-54.0,-950.0
-411.0,-265.0,-849.0
-314.0,-15.0,-802.0
-255.0,249.0,-880.0
-23.0,298.0,-1110.0
27.0,0.0,-1069.0
9.0,-89.0,-1204.0
158.0,212.0,-1106.0
175.0,-29.0,-936.0
201.0,46.0,-837.0
185.0,-72.0,-968.0
302.0,31.0,-1093.0
89.0,21.0,-1190.0
222.0,-89.0,-1048.0
42.0,386.0,-1192.0
244.0,-160.0,-1020.0
218.0,191.0,-903.0
433.0,-259.0,-812.0
509.0,91.0,-917.0
735.0,314.0,-841.0
651.0,-50.0,-1175.0
1280.0,189.0,-864.0
1284.0,267.0,-1253.0
1077.0,-13.0,-1247.0
1614.0,-538.0,-812.0
1333.0,273.0,-872.0
1352.0,66.0,-997.0
954.0,0.0,-1294.0
1590.0,-191.0,-991.0
1220.0,437.0,-1239.0
1356.0,296.0,-1167.0
1091.0,-218.0,-1077.0
1255.0,-29.0,-716.0
968.0,74.0,-815.0
1005.0,267.0,-733.0
884.0,-247.0,-880.0
839.0,-199.0,-1136.0
794.0,308.0,-1132.0
712.0,333.0,-1143.0
831.0,-85.0,-1063.0
899.0,-306.0,-987.0
655.0,210.0,-759.0
618.0,327.0,-741.0
636.0,-66.0,-968.0
689.0,-230.0,-1149.0
548.0,173.0,-1134.0
579.0,571.0,-1110.0
907.0,-199.0,-1223.0
837.0,-265.0,-970.0
726.0,64.0,-718.0
899.0,146.0,-767.0
1005.0,56.0,-1266.0
1151.0,19.0,-1284.0
897.0,179.0,-1233.0
1061.0,341.0,-1260.0
1155.0,-224.0,-1136.0
1167.0,-37.0,-981.0
1104.0,169.0,-819.0
1274.0,-35.0,-808.0
1243.0,-191.0,-933.0
1362.0,56.0,-1098.0
1270.0,392.0,-1005.0
1374.0,396.0,-1046.0
1350.0,-406.0,-1118.0
1368.0,-68.0,-946.0
1290.0,31.0,-751.0
1165.0,361.0,-858.0
1106.0,-173.0,-1013.0
1179.0,-296.0,-1122.0
1079.0,503.0,-1067.0
1122.0,331.0,-929.0
1048.0,-232.0,-1007.0
1225.0,-204.0,-972.0
989.0,50.0,-806.0
923.0,456.0,-794.0
1018.0,-331.0,-1016.0
1110.0,-25.0,-1124.0
993.0,355.0,-1073.0
940.0,386.0,-1124.0
1153.0,-56.0,-1192.0
1350.0,-437.0,-1221.0
1067.0,333.0,-1011.0
1180.0,163.0,-747.0
1206.0,-411.0,-938.0
1434.0,-9.0,-1034.0
1247.0,292.0,-1095.0
1143.0,659.0,-1016.0
1532.0,-452.0,-1233.0
1401.0,-173.0,-1091.0
1335.0,156.0,-810.0
1216.0,298.0,-609.0
1473.0,-417.0,-1063.0
1477.0,-101.0,-1223.0
1245.0,409.0,-1155.0
1268.0,511.0,-1069.0
1423.0,-452.0,-1143.0
1374.0,-31.0,-1009.0
1214.0,85.0,-765.0
1120.0,300.0,-683.0
1257.0,-415.0,-1018.0
1161.0,-42.0,-1110.0
1069.0,495.0,-1015.0
1030.0,398.0,-1038.0
1184.0,-283.0,-1118.0
1298.0,-284.0,-1038.0
1083.0,316.0,-853.0
1087.0,177.0,-792.0
1136.0,-195.0,-1061.0
1237.0,-251.0,-1210.0
1048.0,398.0,-1184.0
1011.0,474.0,-1024.0
987.0,-160.0,-1128.0
1114.0,-126.0,-966.0
935.0,60.0,-882.0
874.0,327.0,-870.0
944.0,-322.0,-1042.0
960.0,-7.0,-1112.0
915.0,169.0,-1063.0
753.0,513.0,-974.0
960.0,-101.0,-1063.0
958.0,-179.0,-1075.0
860.0,101.0,-899.0
704.0,111.0,-894.0
796.0,-206.0,-936.0
735.0,-83.0,-1024.0
581.0,398.0,-972.0
544.0,359.0,-1044.0
655.0,-171.0,-1143.0
601.0,-167.0,-1083.0
501.0,105.0,-870.0
423.0,60.0,-786.0
429.0,-64.0,-942.0
445.0,-40.0,-1151.0
353.0,234.0,-1098.0
214.0,286.0,-1100.0
310.0,-89.0,-1097.0
234.0,-39.0,-1056.0
269.0,64.0,-927.0
46.0,-19.0,-907.0
193.0,-89.0,-909.0
97.0,40.0,-1030.0
128.0,136.0,-999.0
-25.0,152.0,-981.0
154.0,-5.0,-1050.0
156.0,42.0,-1108.0
171.0,40.0,-942.0
27.0,-23.0,-804.0
173.0,-78.0,-810.0
140.0,17.0,-972.0
132.0,173.0,-999.0
150.0,50.0,-987.0
148.0,113.0,-950.0
284.0,-5.0,-1048.0
212.0,-13.0,-878.0
132.0,-99.0,-704.0
228.0,-76.0,-743.0
206.0,74.0,-835.0
222.0,122.0,-884.0
105.0,132.0,-880.0
251.0,101.0,-1013.0
267.0,40.0,-1040.0
253.0,-31.0,-899.0
128.0,-130.0,-648.0
156.0,5.0,-612.0
195.0,17.0,-841.0
128.0,81.0,-868.0
25.0,193.0,-882.0
162.0,64.0,-1036.0
142.0,9.0,-1030.0
105.0,-60.0,-815.0
5.0,-95.0,-564.0
39.0,54.0,-634.0
119.0,50.0,-884.0
44.0,60.0,-944.0
-13.0,68.0,-913.0
89.0,44.0,-987.0
93.0,81.0,-977.0
87.0,-21.0,-794.0
-27.0,-15.0,-599.0
40.0,-58.0,-650.0
27.0,29.0,-800.0
15.0,39.0,-837.0
-3.0,85.0,-839.0
46.0,132.0,-931.0
87.0,74.0,-1001.0
70.0,-29.0,-771.0
-11.0,-85.0,-587.0
23.0,-31.0,-597.0
42.0,21.0,-772.0
60.0,-27.0,-895.0
-5.0,101.0,-892.0
44.0,165.0,-929.0
42.0,124.0,-960.0
56.0,-1.0,-782.0
23.0,-158.0,-609.0
19.0,-25.0,-651.0
42.0,50.0,-786.0
33.0,68.0,-849.0
-23.0,136.0,-868.0
33.0,134.0,-1005.0
35.0,142.0,-993.0
89.0,-35.0,-878.0
-1.0,-81.0,-610.0
0.0,-31.0,-634.0
56.0,40.0,-769.0
19.0,37.0,-808.0
-9.0,130.0,-899.0
25.0,148.0,-991.0
78.0,89.0,-970.0
54.0,-70.0,-771.0
-11.0,-50.0,-562.0
-15.0,-7.0,-591.0
39.0,50.0,-737.0
13.0,46.0,-853.0
13.0,37.0,-882.0
-3.0,117.0,-915.0
35.0,158.0,-954.0
52.0,29.0,-800.0
23.0,-83.0,-677.0
-33.0,-68.0,-667.0
29.0,25.0,-696.0
7.0,25.0,-804.0
-19.0,119.0,-853.0
-37.0,122.0,-976.0
23.0,91.0,-981.0
-5.0,9.0,-827.0
27.0,-68.0,-614.0
-74.0,-50.0,-568.0
27.0,48.0,-650.0
-23.0,7.0,-798.0
-44.0,107.0,-825.0
-78.0,89.0,-909.0
-44.0,160.0,-853.0
-19.0,-7.0,-788.0
-27.0,-70.0,-614.0
-140.0,-52.0,-558.0
-31.0,-29.0,-661.0
-111.0,60.0,-716.0
-68.0,138.0,-819.0
-124.0,109.0,-927.0
-31.0,109.0,-933.0
17.0,-35.0,-839.0
3.0,-42.0,-642.0
-109.0,-48.0,-560.0
23.0,39.0,-583.0
-37.0,3.0,-786.0
-1.0,74.0,-849.0
-93.0,171.0,-927.0
83.0,105.0,-931.0
23.0,0.0,-839.0
29.0,-54.0,-585.0
-31.0,-81.0,-568.0
58.0,7.0,-626.0
31.0,-5.0,-784.0
-21.0,66.0,-804.0
-23.0,95.0,-886.0
48.0,95.0,-878.0
44.0,-1.0,-854.0
62.0,-54.0,-667.0
-46.0,-81.0,-618.0
35.0,-31.0,-583.0
-13.0,40.0,-747.0
37.0,80.0,-792.0
-27.0,134.0,-905.0
89.0,150.0,-905.0
42.0,-3.0,-897.0
74.0,-42.0,-644.0
-70.0,-87.0,-552.0
78.0,13.0,-587.0
-46.0,56.0,-772.0
42.0,76.0,-847.0
-87.0,89.0,-849.0
21.0,121.0,-936.0
40.0,11.0,-853.0
11.0,-13.0,-702.0
-44.0,-85.0,-566.0
7.0,-7.0,-581.0
-13.0,-11.0,-716.0
-19.0,72.0,-749.0
-42.0,130.0,-827.0
58.0,91.0,-880.0
-9.0,35.0,-874.0
56.0,-46.0,-638.0
-121.0,-54.0,-511.0
29.0,-13.0,-568.0
-9.0,-39.0,-724.0
-19.0,58.0,-786.0
-39.0,89.0,-835.0
11.0,218.0,-864.0
3.0,1.0,-913.0
3.0,-13.0,-663.0
-42.0,-31.0,-530.0
19.0,-13.0,-609.0
-33.0,-3.0,-743.0
-23.0,5.0,-771.0
-54.0,99.0,-796.0
-11.0,130.0,-882.0
-35.0,64.0,-845.0
3.0,-9.0,-698.0
-52.0,-29.0,-560.0
19.0,-25.0,-583.0
-33.0,3.0,-675.0
11.0,11.0,-714.0
-52.0,148.0,-802.0
3.0,130.0,-940.0
-7.0,23.0,-880.0
78.0,-46.0,-741.0
-40.0,-52.0,-568.0
-35.0,13.0,-540.0
15.0,-5.0,-659.0
-13.0,74.0,-755.0
11.0,56.0,-841.0
-58.0,136.0,-882.0
3.0,85.0,-884.0
42.0,-21.0,-747.0
9.0,-29.0,-632.0
-37.0,-111.0,-610.0
0.0,-25.0,-628.0
-13.0,113.0,-747.0
-11.0,144.0,-819.0
-42.0,181.0,-899.0
27.0,15.0,-940.0
-13.0,5.0,-810.0
17.0,-21.0,-589.0
-39.0,-107.0,-558.0
5.0,-7.0,-624.0
35.0,15.0,-782.0
-39.0,234.0,-823.0
-42.0,142.0,-901.0
-11.0,81.0,-839.0
70.0,-15.0,-765.0
7.0,-29.0,-575.0
-74.0,-85.0,-569.0
1.0,-39.0,-609.0
0.0,-21.0,-726.0
-27.0,156.0,-778.0
-58.0,214.0,-864.0
15.0,134.0,-874.0
64.0,15.0,-808.0
21.0,-56.0,-646.0
-46.0,-115.0,-577.0
23.0,-58.0,-587.0
-23.0,74.0,-716.0
-15.0,126.0,-794.0
-78.0,189.0,-827.0
19.0,136.0,-872.0
27.0,-5.0,-804.0
23.0,-21.0,-616.0
-107.0,-83.0,-515.0
35.0,-48.0,-562.0
-29.0,-35.0,-755.0
-42.0,138.0,-772.0
-101.0,177.0,-808.0
56.0,167.0,-833.0
21.0,-7.0,-845.0
40.0,-80.0,-673.0
-60.0,-121.0,-591.0
25.0,13.0,-566.0
-35.0,42.0,-677.0
-21.0,78.0,-772.0
-66.0,142.0,-825.0
29.0,191.0,-923.0
39.0,-48.0,-931.0
62.0,-37.0,-702.0
-83.0,-124.0,-489.0
23.0,-23.0,-523.0
-58.0,54.0,-667.0
-5.0,140.0,-825.0
-72.0,76.0,-862.0
21.0,101.0,-907.0
-13.0,-15.0,-899.0
27.0,-7.0,-694.0
-101.0,-64.0,-507.0
1.0,35.0,-468.0
-64.0,23.0,-718.0
-3.0,74.0,-790.0
-64.0,-35.0,-913.0
50.0,156.0,-987.0
11.0,105.0,-888.0
68.0,40.0,-636.0
-91.0,-48.0,-445.0
23.0,-7.0,-503.0
-13.0,-68.0,-718.0
-9.0,15.0,-790.0
-60.0,-9.0,-813.0
50.0,101.0,-903.0
56.0,113.0,-895.0
29.0,5.0,-607.0
-40.0,-48.0,-489.0
-7.0,11.0,-566.0
-3.0,85.0,-718.0
-21.0,44.0,-763.0
-54.0,78.0,-819.0
-31.0,183.0,-833.0
-11.0,-31.0,-905.0
-13.0,-40.0,-683.0
1.0,-154.0,-552.0
-21.0,39.0,-587.0
-11.0,152.0,-673.0
15.0,50.0,-728.0
-31.0,62.0,-806.0
15.0,83.0,-927.0
17.0,175.0,-862.0
21.0,33.0,-733.0
-21.0,-81.0,-519.0
-64.0,-83.0,-554.0
21.0,-56.0,-691.0
-13.0,17.0,-726.0
-13.0,121.0,-833.0
-50.0,167.0,-888.0
-29.0,165.0,-853.0
56.0,31.0,-743.0
-29.0,-80.0,-657.0
-31.0,-35.0,-593.0
0.0,23.0,-644.0
29.0,-13.0,-735.0
1.0,-5.0,-823.0
-66.0,165.0,-880.0
3.0,107.0,-907.0
33.0,101.0,-784.0
29.0,-1.0,-560.0
-21.0,-183.0,-527.0
-17.0,78.0,-577.0
7.0,-3.0,-700.0
-27.0,62.0,-813.0
-68.0,175.0,-911.0
31.0,60.0,-940.0
40.0,-19.0,-765.0
25.0,-25.0,-544.0
-40.0,9.0,-528.0
11.0,-5.0,-593.0
54.0,39.0,-784.0
-23.0,107.0,-864.0
-60.0,107.0,-849.0
-11.0,162.0,-800.0
25.0,37.0,-804.0
40.0,-25.0,-589.0
-62.0,-115.0,-583.0
21.0,-78.0,-630.0
-15.0,76.0,-712.0
0.0,52.0,-831.0
-44.0,31.0,-942.0
13.0,150.0,-911.0
40.0,144.0,-788.0
31.0,74.0,-638.0
-44.0,-89.0,-548.0
0.0,-68.0,-564.0
-9.0,80.0,-792.0
-50.0,60.0,-819.0
-81.0,15.0,-839.0
37.0,31.0,-837.0
76.0,1.0,-837.0
29.0,58.0,-638.0
-56.0,-39.0,-562.0
15.0,-5.0,-583.0
-5.0,5.0,-716.0
-31.0,107.0,-753.0
-62.0,130.0,-825.0
39.0,37.0,-874.0
17.0,-46.0,-847.0
-13.0,-64.0,-626.0
-101.0,13.0,-515.0
21.0,66.0,-575.0
-46.0,58.0,-716.0
-21.0,29.0,-819.0
-122.0,204.0,-882.0
37.0,80.0,-909.0
42.0,1.0,-853.0
29.0,-103.0,-632.0
3.0,-81.0,-577.0
46.0,140.0,-591.0
-3.0,33.0,-792.0
21.0,-78.0,-788.0
-68.0,37.0,-821.0
33.0,171.0,-841.0
-21.0,163.0,-835.0
37.0,-144.0,-691.0
-50.0,-80.0,-581.0
3.0,76.0,-591.0
-50.0,140.0,-724.0
-83.0,9.0,-780.0
-80.0,33.0,-810.0
1.0,160.0,-782.0
17.0,119.0,-890.0
13.0,-136.0,-712.0
-97.0,-247.0,-558.0
-19.0,5.0,-550.0
31.0,136.0,-771.0
39.0,48.0,-802.0
-9.0,-44.0,-808.0
1.0,296.0,-810.0
40.0,234.0,-907.0
-11.0,66.0,-747.0
1.0,-322.0,-579.0
0.0,-171.0,-595.0
-13.0,160.0,-681.0
42.0,72.0,-771.0
-60.0,29.0,-858.0
-70.0,140.0,-829.0
-11.0,173.0,-894.0
27.0,56.0,-786.0
-11.0,-80.0,-573.0
-44.0,-115.0,-515.0
5.0,31.0,-679.0
33.0,121.0,-802.0
-81.0,154.0,-796.0
-31.0,13.0,-862.0
-52.0,95.0,-858.0
74.0,39.0,-665.0
-19.0,-76.0,-560.0
-52.0,-44.0,-562.0
31.0,29.0,-659.0
9.0,81.0,-749.0
21.0,115.0,-860.0
-85.0,165.0,-843.0
117.0,183.0,-913.0
87.0,-21.0,-741.0
9.0,-138.0,-632.0
-39.0,-187.0,-554.0
48.0,-58.0,-644.0
42.0,91.0,-792.0
7.0,181.0,-858.0
-39.0,152.0,-931.0
7.0,181.0,-946.0
29.0,197.0,-829.0
-23.0,-37.0,-571.0
-97.0,-167.0,-482.0
-46.0,-89.0,-610.0
-19.0,-93.0,-796.0
-66.0,-15.0,-843.0
-62.0,91.0,-895.0
-9.0,181.0,-948.0
64.0,162.0,-827.0
76.0,33.0,-607.0
-52.0,-40.0,-593.0
40.0,-29.0,-638.0
-3.0,5.0,-694.0
-46.0,35.0,-804.0
-56.0,3.0,-954.0
-17.0,40.0,-854.0
83.0,-216.0,-751.0
7.0,-42.0,-603.0
-50.0,103.0,-515.0
-7.0,78.0,-540.0
21.0,214.0,-839.0
27.0,228.0,-866.0
-99.0,85.0,-894.0
-3.0,87.0,-858.0
-19.0,-124.0,-776.0
13.0,-156.0,-614.0
-111.0,-50.0,-538.0
50.0,-11.0,-544.0
-27.0,89.0,-833.0
-19.0,103.0,-810.0
-31.0,72.0,-913.0
0.0,267.0,-897.0
105.0,60.0,-864.0
111.0,-50.0,-659.0
-44.0,-29.0,-581.0
11.0,-121.0,-603.0
-33.0,3.0,-772.0
-44.0,142.0,-866.0
-54.0,136.0,-931.0
1.0,171.0,-823.0
19.0,60.0,-823.0
-27.0,-130.0,-638.0
-165.0,-5.0,-454.0
11.0,-109.0,-591.0
-23.0,83.0,-884.0
37.0,95.0,-882.0
-31.0,117.0,-821.0
44.0,33.0,-856.0
-21.0,76.0,-841.0
35.0,3.0,-626.0
0.0,-206.0,-579.0
15.0,-101.0,-618.0
25.0,121.0,-806.0
17.0,113.0,-749.0
-7.0,78.0,-866.0
-39.0,171.0,-915.0
-29.0,226.0,-782.0
62.0,-64.0,-712.0
-68.0,-91.0,-650.0
-42.0,-48.0,-542.0
-25.0,-21.0,-755.0
-33.0,5.0,-847.0
-44.0,68.0,-894.0
-9.0,222.0,-847.0
9.0,156.0,-903.0
52.0,93.0,-751.0
-60.0,50.0,-591.0
5.0,-134.0,-575.0
9.0,-101.0,-636.0
-3.0,93.0,-733.0
-19.0,76.0,-858.0
7.0,52.0,-931.0
-17.0,138.0,-911.0
17.0,-13.0,-712.0
46.0,-37.0,-552.0
66.0,40.0,-601.0
-33.0,7.0,-692.0
64.0,-81.0,-821.0
-27.0,-11.0,-1024.0
7.0,193.0,-1069.0
5.0,105.0,-1044.0
23.0,80.0,-968.0
-52.0,-56.0,-749.0
-76.0,-46.0,-739.0
1.0,1.0,-1073.0
62.0,-80.0,-1208.0
-7.0,83.0,-1218.0
1.0,171.0,-1333.0
5.0,134.0,-1383.0
66.0,179.0,-1233.0
-13.0,27.0,-1097.0
-33.0,3.0,-1122.0
-5.0,-160.0,-1149.0
-1.0,-7.0,-1206.0
-56.0,87.0,-1286.0
-5.0,-13.0,-1405.0
-46.0,165.0,-1407.0
56.0,121.0,-1237.0
54.0,-97.0,-1188.0
-97.0,-19.0,-1052.0
-27.0,158.0,-999.0
60.0,58.0,-1233.0
-56.0,101.0,-1274.0
-93.0,-5.0,-1239.0
-40.0,80.0,-1262.0
44.0,-44.0,-1138.0
42.0,-232.0,-1009.0
-46.0,-56.0,-936.0
78.0,27.0,-933.0
-7.0,124.0,-1075.0
-3.0,78.0,-1083.0
-48.0,255.0,-1155.0
13.0,236.0,-1220.0
103.0,146.0,-1175.0
89.0,-169.0,-958.0
-107.0,-121.0,-788.0
11.0,-62.0,-800.0
42.0,-111.0,-1065.0
-52.0,97.0,-1089.0
-5.0,81.0,-1108.0
21.0,244.0,-1204.0
62.0,242.0,-1095.0
17.0,121.0,-866.0
-25.0,-9.0,-683.0
-9.0,-17.0,-798.0
-40.0,-39.0,-1016.0
-33.0,25.0,-1056.0
-81.0,0.0,-1116.0
31.0,19.0,-1059.0
-17.0,201.0,-972.0
48.0,13.0,-806.0
-80.0,42.0,-679.0
-11.0,3.0,-689.0
-9.0,103.0,-964.0
-31.0,175.0,-991.0
-81.0,-1.0,-1005.0
-7.0,-25.0,-1020.0
35.0,91.0,-952.0
48.0,-29.0,-735.0
-68.0,-234.0,-743.0
9.0,-60.0,-755.0
15.0,-44.0,-995.0
-56.0,128.0,-1081.0
-62.0,160.0,-999.0
0.0,210.0,-950.0
33.0,62.0,-1108.0
0.0,-66.0,-985.0
-46.0,-48.0,-821.0
-13.0,-251.0,-854.0
-21.0,-48.0,-1011.0
-44.0,99.0,-1030.0
-25.0,130.0,-1139.0
0.0,89.0,-1231.0
-13.0,99.0,-1292.0
-39.0,-5.0,-1075.0
-44.0,-162.0,-950.0
35.0,93.0,-858.0
-7.0,39.0,-1079.0
-25.0,44.0,-1126.0
-37.0,-60.0,-1264.0
56.0,3.0,-1372.0
-11.0,195.0,-1276.0
-7.0,5.0,-1020.0
-48.0,160.0,-935.0
-44.0,-44.0,-948.0
-60.0,64.0,-1024.0
-13.0,25.0,-1237.0
-21.0,109.0,-1341.0
-3.0,52.0,-1296.0
-31.0,62.0,-1286.0
17.0,-37.0,-1083.0
33.0,-89.0,-1042.0
13.0,72.0,-981.0
-5.0,11.0,-1102.0
111.0,-54.0,-1247.0
-5.0,9.0,-1331.0
21.0,134.0,-1348.0
23.0,261.0,-1446.0
130.0,60.0,-1214.0
9.0,-91.0,-1057.0
-7.0,-85.0,-1026.0
23.0,17.0,-1153.0
50.0,17.0,-1368.0
-33.0,134.0,-1485.0
-150.0,238.0,-1465.0
40.0,17.0,-1383.0
0.0,-44.0,-1247.0
-5.0,-39.0,-1106.0
-56.0,-40.0,-1106.0
15.0,163.0,-1186.0
21.0,15.0,-1380.0
-33.0,134.0,-1372.0
-15.0,169.0,-1426.0
-13.0,206.0,-1374.0
95.0,-50.0,-1212.0
-9.0,-197.0,-983.0
-89.0,-76.0,-942.0
0.0,50.0,-1102.0
48.0,111.0,-1294.0
-5.0,115.0,-1380.0
-44.0,181.0,-1354.0
0.0,152.0,-1262.0
66.0,154.0,-1179.0
15.0,-95.0,-974.0
-72.0,19.0,-981.0
5.0,23.0,-1102.0
60.0,-126.0,-1362.0
-23.0,-66.0,-1317.0
-62.0,80.0,-1253.0
56.0,218.0,-1274.0
78.0,130.0,-1188.0
33.0,-136.0,-1122.0
-62.0,-3.0,-1056.0
40.0,109.0,-1126.0
46.0,-5.0,-1262.0
-72.0,-40.0,-1321.0
-89.0,138.0,-1364.0
-13.0,9.0,-1319.0
29.0,-54.0,-1251.0
21.0,-128.0,-1112.0
-80.0,99.0,-1013.0
40.0,179.0,-1069.0
85.0,-134.0,-1413.0
-23.0,132.0,-1479.0
-134.0,35.0,-1241.0
35.0,136.0,-1247.0
21.0,-21.0,-1274.0
68.0,-150.0,-1102.0
-132.0,11.0,-1044.0
35.0,-91.0,-1175.0
58.0,-9.0,-1325.0
-39.0,29.0,-1272.0
-46.0,91.0,-1274.0
119.0,111.0,-1344.0
81.0,226.0,-1270.0
37.0,83.0,-1177.0
-78.0,124.0,-1098.0
56.0,-144.0,-1130.0
-72.0,-91.0,-1311.0
-66.0,-7.0,-1352.0
-105.0,74.0,-1272.0
-17.0,50.0,-1311.0
-66.0,230.0,-1360.0
27.0,81.0,-1218.0
-5.0,-212.0,-1141.0
0.0,165.0,-1177.0
39.0,9.0,-1323.0
35.0,-99.0,-1317.0
-39.0,95.0,-1315.0
80.0,177.0,-1317.0
52.0,87.0,-1409.0
9.0,165.0,-1278.0
-44.0,-113.0,-1122.0
9.0,-66.0,-1130.0
-99.0,72.0,-1198.0
-56.0,11.0,-1218.0
-42.0,19.0,-1335.0
-1.0,62.0,-1421.0
5.0,236.0,-1475.0
111.0,-107.0,-1311.0
-27.0,48.0,-1177.0
25.0,9.0,-1098.0
0.0,21.0,-1268.0
66.0,-15.0,-1356.0
-27.0,-1.0,-1389.0
-46.0,181.0,-1288.0
-7.0,0.0,-1475.0
-46.0,35.0,-1179.0
-56.0,33.0,-1141.0
-13.0,-66.0,-1241.0
31.0,-56.0,-1282.0
-64.0,121.0,-1352.0
-1.0,154.0,-1366.0
27.0,60.0,-1520.0
31.0,122.0,-1358.0
-1.0,-19.0,-1138.0
13.0,-48.0,-1085.0
-15.0,39.0,-1241.0
48.0,122.0,-1233.0
-66.0,142.0,-1358.0
-31.0,138.0,-1382.0
-56.0,27.0,-1352.0
105.0,-13.0,-1257.0
-9.0,-99.0,-1157.0
-48.0,-80.0,-1149.0
44.0,-66.0,-1221.0
21.0,81.0,-1259.0
13.0,89.0,-1311.0
-21.0,103.0,-1376.0
72.0,173.0,-1456.0
60.0,187.0,-1337.0
35.0,-74.0,-1118.0
-42.0,-33.0,-1112.0
-5.0,-126.0,-1124.0
-21.0,-52.0,-1280.0
-46.0,17.0,-1372.0
-56.0,46.0,-1446.0
-33.0,95.0,-1462.0
48.0,31.0,-1352.0
0.0,81.0,-1136.0
-11.0,-17.0,-1126.0
-62.0,85.0,-1147.0
40.0,-74.0,-1391.0
-35.0,-9.0,-1473.0
-89.0,158.0,-1454.0
-37.0,109.0,-1374.0
42.0,1.0,-1346.0
-7.0,-58.0,-1182.0
-76.0,-56.0,-1128.0
54.0,-21.0,-1141.0
-21.0,-5.0,-1337.0
5.0,128.0,-1454.0
-58.0,136.0,-1473.0
50.0,175.0,-1454.0
66.0,54.0,-1430.0
74.0,19.0,-1177.0
-109.0,-70.0,-1042.0
76.0,-150.0,-1056.0
-27.0,21.0,-1298.0
-5.0,121.0,-1432.0
-15.0,52.0,-1436.0
5.0,72.0,-1374.0
33.0,81.0,-1360.0
19.0,99.0,-1136.0
-62.0,-60.0,-1147.0
-25.0,11.0,-1110.0
-44.0,60.0,-1307.0
-33.0,105.0,-1382.0
-93.0,-39.0,-1393.0
3.0,5.0,-1465.0
83.0,-3.0,-1426.0
66.0,85.0,-1257.0
-40.0,-25.0,-1104.0
3.0,-60.0,-1100.0
5.0,99.0,-1313.0
54.0,126.0,-1333.0
-74.0,201.0,-1477.0
44.0,97.0,-1489.0
54.0,-171.0,-1403.0
19.0,-99.0,-1223.0
-54.0,-56.0,-1100.0
-21.0,183.0,-1126.0
-5.0,35.0,-1399.0
-17.0,46.0,-1450.0
-46.0,124.0,-1417.0
-13.0,281.0,-1372.0
-89.0,156.0,-1389.0
72.0,-158.0,-1167.0
-85.0,-214.0,-1155.0
-29.0,-56.0,-1143.0
-31.0,-78.0,-1307.0
31.0,142.0,-1362.0
-19.0,122.0,-1407.0
7.0,162.0,-1430.0
50.0,142.0,-1475.0
27.0,177.0,-1266.0
-33.0,1.0,-1085.0
-33.0,-144.0,-1100.0
-66.0,-144.0,-1278.0
40.0,-76.0,-1354.0
-68.0,52.0,-1417.0
21.0,214.0,-1424.0
-46.0,142.0,-1446.0
117.0,156.0,-1317.0
-25.0,5.0,-1153.0
-11.0,11.0,-1077.0
-13.0,1.0,-1245.0
39.0,-33.0,-1290.0
-25.0,-29.0,-1378.0
-31.0,78.0,-1481.0
-7.0,115.0,-1493.0
76.0,31.0,-1303.0
17.0,-56.0,-1112.0
-23.0,-9.0,-1032.0
17.0,15.0,-1182.0
40.0,50.0,-1307.0
-11.0,99.0,-1448.0
-9.0,111.0,-1540.0
-42.0,42.0,-1520.0
101.0,13.0,-1294.0
-81.0,-27.0,-1136.0
-21.0,33.0,-1071.0
-21.0,40.0,-1184.0
-15.0,31.0,-1364.0
-15.0,-46.0,-1473.0
-58.0,74.0,-1426.0
-17.0,37.0,-1409.0
25.0,111.0,-1235.0
35.0,-11.0,-1173.0
-21.0,-48.0,-1200.0
9.0,50.0,-1251.0
23.0,19.0,-1311.0
11.0,58.0,-1417.0
-89.0,109.0,-1424.0
-5.0,70.0,-1442.0
1.0,42.0,-1329.0
37.0,-91.0,-1202.0
-54.0,-31.0,-1138.0
5.0,40.0,-1200.0
50.0,138.0,-1387.0
-39.0,56.0,-1465.0
-72.0,130.0,-1389.0
3.0,103.0,-1382.0
101.0,-42.0,-1382.0
-11.0,-27.0,-1167.0
-68.0,-101.0,-1114.0
42.0,-1.0,-1235.0
-5.0,87.0,-1374.0
0.0,40.0,-1387.0
-74.0,72.0,-1448.0
66.0,142.0,-1383.0
62.0,80.0,-1356.0
39.0,0.0,-1225.0
-83.0,-95.0,-1083.0
52.0,5.0,-1122.0
-46.0,44.0,-1331.0
-19.0,-39.0,-1428.0
-91.0,68.0,-1444.0
-15.0,165.0,-1403.0
33.0,54.0,-1337.0
-3.0,-13.0,-1177.0
-64.0,-85.0,-1104.0
33.0,3.0,-1202.0
11.0,44.0,-1444.0
0.0,62.0,-1428.0
-60.0,11.0,-1401.0
62.0,107.0,-1378.0
11.0,203.0,-1360.0
52.0,-25.0,-1270.0
-64.0,-81.0,-1212.0
-17.0,9.0,-1179.0
-21.0,25.0,-1294.0
-54.0,44.0,-1333.0
-39.0,39.0,-1399.0
-19.0,126.0,-1450.0
74.0,64.0,-1495.0
15.0,-27.0,-1294.0
-46.0,-101.0,-1102.0
-29.0,29.0,-1075.0
31.0,66.0,-1335.0
-15.0,-5.0,-1411.0
-40.0,-7.0,-1403.0
13.0,140.0,-1417.0
23.0,80.0,-1475.0
3.0,5.0,-1235.0
-62.0,-52.0,-1085.0
-17.0,-31.0,-1106.0
-40.0,160.0,-1317.0
11.0,-3.0,-1305.0
-33.0,-13.0,-1391.0
-7.0,89.0,-1473.0
11.0,117.0,-1497.0
56.0,-1.0,-1298.0
-15.0,-91.0,-1085.0
-5.0,39.0,-1098.0
0.0,52.0,-1233.0
-11.0,97.0,-1397.0
-33.0,54.0,-1460.0
0.0,117.0,-1508.0
-5.0,81.0,-1450.0
40.0,-56.0,-1241.0
-50.0,-54.0,-1071.0
7.0,54.0,-1122.0
-7.0,91.0,-1370.0
50.0,-1.0,-1374.0
-42.0,-11.0,-1479.0
9.0,105.0,-1409.0
-48.0,138.0,-1421.0
60.0,35.0,-1251.0
-15.0,-113.0,-1177.0
-52.0,-46.0,-1188.0
-19.0,37.0,-1237.0
3.0,39.0,-1309.0
5.0,29.0,-1382.0
-54.0,124.0,-1393.0
-23.0,117.0,-1436.0
76.0,-27.0,-1307.0
7.0,-74.0,-1153.0
-25.0,-13.0,-1087.0
5.0,78.0,-1249.0
64.0,29.0,-1426.0
-33.0,-3.0,-1409.0
-50.0,148.0,-1383.0
31.0,156.0,-1421.0
72.0,40.0,-1294.0
7.0,-117.0,-1149.0
-48.0,-50.0,-1188.0
13.0,62.0,-1255.0
11.0,9.0,-1362.0
-15.0,27.0,-1362.0
-85.0,167.0,-1426.0
33.0,134.0,-1426.0
56.0,3.0,-1395.0
7.0,-21.0,-1167.0
-50.0,-89.0,-1128.0
-15.0,76.0,-1173.0
37.0,54.0,-1356.0
-42.0,-19.0,-1421.0
-23.0,97.0,-1454.0
-7.0,138.0,-1413.0
91.0,40.0,-1374.0
-15.0,-25.0,-1153.0
-35.0,-21.0,-1145.0
17.0,7.0,-1255.0
11.0,31.0,-1405.0
-29.0,-9.0,-1409.0
-37.0,76.0,-1440.0
7.0,183.0,-1354.0
50.0,99.0,-1362.0
19.0,-74.0,-1237.0
-62.0,-78.0,-1182.0
9.0,3.0,-1147.0
-21.0,29.0,-1313.0
-27.0,-25.0,-1354.0
-93.0,89.0,-1387.0
33.0,163.0,-1438.0
62.0,19.0,-1430.0
11.0,-35.0,-1270.0
-76.0,-95.0,-1081.0
19.0,97.0,-1145.0
0.0,44.0,-1401.0
3.0,-37.0,-1403.0
-68.0,54.0,-1391.0
33.0,185.0,-1405.0
33.0,81.0,-1411.0
-3.0,-78.0,-1214.0
-66.0,-76.0,-1134.0
7.0,29.0,-1163.0
-25.0,44.0,-1348.0
-35.0,11.0,-1323.0
-76.0,74.0,-1382.0
25.0,138.0,-1442.0
17.0,105.0,-1495.0
46.0,-70.0,-1260.0
-78.0,-60.0,-1130.0
-19.0,78.0,-1124.0
-27.0,42.0,-1319.0
46.0,-19.0,-1389.0
-62.0,66.0,-1424.0
31.0,156.0,-1417.0
17.0,78.0,-1399.0
33.0,-29.0,-1188.0
-15.0,-74.0,-1054.0
40.0,72.0,-1124.0
39.0,74.0,-1255.0
60.0,-87.0,-1294.0
-19.0,29.0,-1278.0
-7.0,199.0,-1323.0
-11.0,85.0,-1356.0
27.0,-48.0,-1198.0
-103.0,-56.0,-1069.0
-3.0,64.0,-1071.0
179.0,35.0,-1204.0
249.0,-48.0,-1229.0
427.0,-3.0,-1214.0
343.0,314.0,-1415.0
952.0,150.0,-1180.0
772.0,-80.0,-1292.0
913.0,-181.0,-979.0
1075.0,124.0,-927.0
962.0,117.0,-1366.0
1190.0,-126.0,-1286.0
956.0,54.0,-1399.0
1286.0,267.0,-1311.0
952.0,245.0,-1319.0
1350.0,-78.0,-989.0
1038.0,-101.0,-1050.0
1235.0,148.0,-894.0
976.0,15.0,-1126.0
1225.0,-173.0,-1118.0
956.0,-13.0,-1186.0
1009.0,386.0,-1192.0
931.0,175.0,-1192.0
997.0,-37.0,-1063.0
936.0,-189.0,-931.0
755.0,220.0,-874.0
841.0,126.0,-1007.0
808.0,-306.0,-1241.0
804.0,-13.0,-1202.0
692.0,427.0,-1173.0
854.0,177.0,-1145.0
847.0,-253.0,-1040.0
853.0,-105.0,-977.0
815.0,314.0,-913.0
845.0,204.0,-1042.0
985.0,-365.0,-1257.0
864.0,-54.0,-1305.0
938.0,456.0,-1239.0
974.0,368.0,-1270.0
1098.0,-341.0,-1249.0
974.0,-119.0,-1112.0
1020.0,214.0,-966.0
1030.0,150.0,-1018.0
972.0,-312.0,-1180.0
935.0,3.0,-1177.0
890.0,368.0,-1194.0
1054.0,232.0,-1253.0
1085.0,-271.0,-1266.0
1022.0,-80.0,-958.0
872.0,242.0,-776.0
927.0,152.0,-936.0
849.0,-286.0,-1149.0
792.0,-121.0,-1167.0
636.0,437.0,-1179.0
595.0,154.0,-1239.0
548.0,-119.0,-1138.0
413.0,-175.0,-970.0
228.0,212.0,-784.0
372.0,167.0,-919.0
218.0,-173.0,-1059.0
154.0,-52.0,-1085.0
9.0,56.0,-1163.0
105.0,476.0,-1192.0
103.0,-97.0,-1218.0
-74.0,-52.0,-1028.0
-138.0,-17.0,-831.0
-150.0,128.0,-907.0
-136.0,66.0,-1182.0
-152.0,-91.0,-1255.0
-165.0,52.0,-1163.0
-95.0,269.0,-1192.0
-39.0,68.0,-1200.0
-60.0,-72.0,-911.0
-146.0,-115.0,-911.0
-374.0,101.0,-1044.0
-189.0,-39.0,-1061.0
-534.0,0.0,-1241.0
-384.0,64.0,-1221.0
-895.0,179.0,-1294.0
-849.0,109.0,-1286.0
-915.0,-35.0,-981.0
-1184.0,-109.0,-940.0
-997.0,13.0,-798.0
-1266.0,-44.0,-1009.0
-1157.0,154.0,-1015.0
-1372.0,-119.0,-1153.0
-1198.0,156.0,-1179.0
-1333.0,121.0,-1180.0
-1180.0,7.0,-972.0
-1278.0,-249.0,-919.0
-1056.0,212.0,-858.0
-1214.0,251.0,-1093.0
-1013.0,-97.0,-1229.0
-1009.0,-171.0,-1274.0
-890.0,99.0,-1223.0
-1007.0,265.0,-1233.0
-835.0,-50.0,-1028.0
-747.0,-351.0,-933.0
-788.0,150.0,-876.0
-784.0,183.0,-956.0
-677.0,146.0,-1073.0
-564.0,-249.0,-1216.0
-642.0,162.0,-1341.0
-575.0,259.0,-1184.0
-569.0,-72.0,-1122.0
-622.0,-130.0,-940.0
-603.0,-68.0,-858.0
-718.0,296.0,-997.0
-571.0,-70.0,-1089.0
-698.0,-40.0,-1179.0
-605.0,107.0,-1073.0
-800.0,261.0,-1124.0
-513.0,13.0,-870.0
-728.0,-339.0,-872.0
-673.0,64.0,-792.0
-745.0,162.0,-956.0
-677.0,-42.0,-1065.0
-716.0,-115.0,-1180.0
-810.0,146.0,-1167.0
-726.0,329.0,-1141.0
-698.0,-29.0,-1081.0
-671.0,-224.0,-935.0
-739.0,-31.0,-841.0
-694.0,201.0,-936.0
-532.0,-5.0,-1073.0
-497.0,-121.0,-1180.0
-470.0,128.0,-1169.0
-368.0,341.0,-1155.0
-210.0,-70.0,-1114.0
-228.0,-216.0,-925.0
-193.0,9.0,-950.0
-117.0,138.0,-1044.0
-80.0,44.0,-1202.0
-50.0,-130.0,-1218.0
-109.0,87.0,-1190.0
-58.0,349.0,-1038.0
7.0,25.0,-1075.0
-25.0,-124.0,-901.0
-99.0,-163.0,-849.0
-83.0,101.0,-819.0
-19.0,25.0,-1040.0
-72.0,-70.0,-1093.0
-146.0,121.0,-1114.0
-80.0,160.0,-1139.0
33.0,156.0,-1093.0
-13.0,-78.0,-960.0
-99.0,-23.0,-802.0
-52.0,117.0,-870.0
56.0,-25.0,-1097.0
-58.0,-46.0,-1110.0
-121.0,99.0,-1034.0
-74.0,171.0,-1095.0
-1.0,80.0,-1087.0
-64.0,-89.0,-919.0
-257.0,-54.0,-815.0
-134.0,52.0,-938.0
-134.0,83.0,-1093.0
-212.0,21.0,-1136.0
-242.0,64.0,-1171.0
-142.0,181.0,-1194.0
-91.0,99.0,-1192.0
-163.0,-68.0,-983.0
-304.0,-35.0,-790.0
-144.0,15.0,-862.0
-203.0,-1.0,-1059.0
-146.0,-29.0,-1138.0
-308.0,115.0,-1153.0
-103.0,122.0,-1175.0
-74.0,9.0,-1151.0
-74.0,-33.0,-972.0
-179.0,-3.0,-802.0
-48.0,3.0,-880.0
-68.0,25.0,-1134.0
-46.0,-76.0,-1163.0
-154.0,93.0,-1093.0
-13.0,152.0,-1122.0
-17.0,33.0,-1149.0
-39.0,11.0,-974.0
-119.0,-54.0,-821.0
-56.0,-1.0,-841.0
-64.0,-11.0,-1044.0
-83.0,44.0,-1102.0
-95.0,72.0,-1095.0
-17.0,122.0,-1184.0
52.0,80.0,-1196.0
11.0,25.0,-972.0
-74.0,-52.0,-792.0
-7.0,-50.0,-819.0
17.0,11.0,-1050.0
-11.0,1.0,-1112.0
-105.0,115.0,-1085.0
-21.0,134.0,-1132.0
17.0,58.0,-1169.0
-7.0,40.0,-970.0
-31.0,-60.0,-817.0
48.0,-25.0,-878.0
33.0,7.0,-1063.0
99.0,5.0,-1056.0
23.0,103.0,-1112.0
175.0,105.0,-1180.0
201.0,80.0,-1212.0
173.0,1.0,-1001.0
115.0,-50.0,-823.0
113.0,-31.0,-829.0
122.0,0.0,-1034.0
89.0,-1.0,-1069.0
23.0,72.0,-1118.0
66.0,121.0,-1157.0
54.0,81.0,-1179.0
40.0,-5.0,-936.0
-25.0,-46.0,-810.0
-39.0,-19.0,-860.0
-13.0,3.0,-1030.0
-62.0,-31.0,-1077.0
-72.0,44.0,-1106.0
-80.0,122.0,-1124.0
-62.0,156.0,-1163.0
-54.0,78.0,-983.0
-37.0,-74.0,-913.0
-68.0,-58.0,-882.0
-33.0,15.0,-944.0
21.0,-7.0,-1009.0
-33.0,52.0,-1100.0
-66.0,93.0,-1153.0
-40.0,154.0,-1175.0
11.0,48.0,-1057.0
-37.0,-13.0,-882.0
-89.0,-40.0,-827.0
-72.0,35.0,-935.0
-27.0,-29.0,-1098.0
-107.0,85.0,-1110.0
-81.0,130.0,-1122.0
-54.0,99.0,-1102.0
13.0,64.0,-1050.0
-44.0,-44.0,-878.0
-103.0,-48.0,-841.0
-39.0,3.0,-956.0
-74.0,-13.0,-1046.0
-121.0,113.0,-1063.0
-101.0,89.0,-1147.0
-78.0,134.0,-1188.0
-25.0,39.0,-1095.0
-37.0,-44.0,-890.0
-154.0,-40.0,-815.0
-42.0,-9.0,-870.0
-56.0,-17.0,-1040.0
-35.0,78.0,-1130.0
-109.0,85.0,-1147.0
-11.0,115.0,-1153.0
35.0,44.0,-1075.0
39.0,-5.0,-933.0
-44.0,-35.0,-866.0
23.0,-3.0,-944.0
58.0,-25.0,-1071.0
0.0,13.0,-1091.0
-3.0,46.0,-1141.0
25.0,146.0,-1104.0
58.0,83.0,-1091.0
25.0,-35.0,-974.0
-39.0,-74.0,-862.0
29.0,-15.0,-843.0
-21.0,25.0,-1005.0
0.0,66.0,-1065.0
-42.0,50.0,-1104.0
50.0,156.0,-1165.0
81.0,54.0,-1159.0
81.0,-46.0,-952.0
-60.0,-37.0,-790.0
80.0,-9.0,-862.0
13.0,40.0,-1061.0
40.0,3.0,-1122.0
-37.0,60.0,-1112.0
46.0,156.0,-1106.0
13.0,78.0,-1126.0
70.0,-37.0,-962.0
-64.0,-58.0,-810.0
89.0,-9.0,-905.0
-29.0,27.0,-1009.0
17.0,1.0,-1032.0
-21.0,44.0,-1104.0
37.0,150.0,-1145.0
37.0,70.0,-1165.0
40.0,29.0,-997.0
-62.0,-66.0,-833.0
-21.0,-13.0,-817.0
-29.0,0.0,-1044.0
48.0,0.0,-1098.0
-31.0,54.0,-1114.0
21.0,132.0,-1126.0
-19.0,93.0,-1130.0
54.0,-35.0,-974.0
-85.0,-40.0,-835.0
-19.0,-5.0,-890.0
-39.0,-1.0,-1015.0
5.0,3.0,-1030.0
-66.0,42.0,-1087.0
-23.0,136.0,-1141.0
-23.0,163.0,-1153.0
25.0,21.0,-1013.0
-64.0,-74.0,-864.0
-3.0,-54.0,-847.0
-23.0,39.0,-981.0
23.0,7.0,-1024.0
-50.0,66.0,-1112.0
-44.0,173.0,-1159.0
3.0,70.0,-1210.0
33.0,40.0,-993.0
-29.0,-48.0,-829.0
-23.0,-9.0,-823.0
-33.0,21.0,-970.0
66.0,-13.0,-1081.0
-35.0,17.0,-1120.0
-31.0,154.0,-1106.0
-54.0,136.0,-1114.0
81.0,42.0,-1007.0
-21.0,-52.0,-864.0
0.0,-50.0,-901.0
-29.0,25.0,-958.0
21.0,35.0,-1022.0
-42.0,64.0,-1069.0
7.0,101.0,-1169.0
5.0,122.0,-1155.0
48.0,23.0,-1067.0
-13.0,-3.0,-884.0
-42.0,-19.0,-817.0
46.0,-46.0,-913.0
29.0,-9.0,-1044.0
7.0,37.0,-1120.0
-68.0,134.0,-1095.0
0.0,169.0,-1112.0
115.0,13.0,-1032.0
37.0,-44.0,-940.0
-42.0,-48.0,-866.0
15.0,17.0,-929.0
13.0,-21.0,-1018.0
-25.0,33.0,-1075.0
-68.0,124.0,-1110.0
9.0,130.0,-1159.0
56.0,29.0,-1118.0
19.0,-40.0,-942.0
-48.0,-46.0,-829.0
11.0,-19.0,-862.0
27.0,-7.0,-1028.0
-23.0,97.0,-1054.0
-54.0,126.0,-1126.0
-3.0,105.0,-1167.0
78.0,21.0,-1122.0
11.0,-44.0,-903.0
-56.0,-33.0,-806.0
11.0,40.0,-880.0
17.0,15.0,-1069.0
-52.0,21.0,-1097.0
-64.0,66.0,-1114.0
-1.0,150.0,-1122.0
35.0,48.0,-1091.0
13.0,-7.0,-948.0
-33.0,-74.0,-878.0
11.0,-3.0,-905.0
-37.0,21.0,-1005.0
-42.0,35.0,-1071.0
-58.0,33.0,-1089.0
7.0,138.0,-1138.0
66.0,81.0,-1126.0
23.0,-11.0,-991.0
-54.0,-74.0,-829.0
-35.0,-13.0,-819.0
17.0,11.0,-1061.0
-46.0,11.0,-1075.0
-64.0,78.0,-1098.0
-7.0,146.0,-1100.0
25.0,97.0,-1149.0
17.0,-62.0,-1007.0
-54.0,-70.0,-882.0
-17.0,9.0,-856.0
7.0,7.0,-1018.0
-37.0,29.0,-1046.0
-58.0,62.0,-1075.0
3.0,138.0,-1157.0
46.0,58.0,-1216.0
15.0,-9.0,-993.0
-40.0,-56.0,-817.0
1.0,-40.0,-833.0
-31.0,19.0,-993.0
-44.0,-11.0,-1024.0
-54.0,99.0,-1122.0
37.0,171.0,-1167.0
23.0,74.0,-1214.0
7.0,-21.0,-976.0
-64.0,-58.0,-798.0
-1.0,15.0,-862.0
-25.0,40.0,-1026.0
-3.0,-25.0,-1075.0
-40.0,29.0,-1091.0
0.0,124.0,-1134.0
-13.0,132.0,-1149.0
-1.0,40.0,-997.0
-19.0,-48.0,-868.0
-7.0,-60.0,-890.0
-29.0,31.0,-960.0
-25.0,-15.0,-991.0
-42.0,72.0,-1079.0
-56.0,117.0,-1147.0
-3.0,156.0,-1167.0
31.0,-19.0,-1052.0
-33.0,0.0,-853.0
-27.0,-23.0,-825.0
-33.0,-7.0,-960.0
31.0,-40.0,-1057.0
-15.0,66.0,-1077.0
-35.0,162.0,-1132.0
5.0,128.0,-1175.0
60.0,35.0,-1032.0
15.0,-76.0,-880.0
-35.0,-54.0,-858.0
11.0,17.0,-940.0
17.0,-13.0,-983.0
-27.0,66.0,-1077.0
-56.0,130.0,-1138.0
13.0,105.0,-1196.0
37.0,42.0,-1069.0
21.0,-39.0,-872.0
-25.0,-50.0,-827.0
-19.0,33.0,-890.0
23.0,-40.0,-1011.0
-44.0,78.0,-1081.0
-21.0,146.0,-1200.0
7.0,128.0,-1192.0
54.0,15.0,-1046.0
-7.0,-40.0,-829.0
-21.0,-5.0,-843.0
27.0,-13.0,-948.0
25.0,7.0,-1048.0
-17.0,19.0,-1079.0
-29.0,83.0,-1128.0
0.0,160.0,-1118.0
72.0,83.0,-1052.0
21.0,-21.0,-944.0
-58.0,-58.0,-886.0
-1.0,-25.0,-897.0
-42.0,-1.0,-970.0
-1.0,52.0,-1071.0
-52.0,105.0,-1141.0
29.0,162.0,-1161.0
9.0,42.0,-1108.0
46.0,-39.0,-960.0
-66.0,-48.0,-806.0
39.0,-3.0,-856.0
17.0,-19.0,-1042.0
-48.0,39.0,-1075.0
-58.0,99.0,-1089.0
25.0,117.0,-1149.0
42.0,72.0,-1122.0
21.0,-46.0,-925.0
-56.0,-62.0,-858.0
27.0,15.0,-895.0
-11.0,-15.0,-1007.0
-66.0,81.0,-1024.0
-60.0,74.0,-1124.0
-13.0,140.0,-1173.0
46.0,44.0,-1179.0
27.0,-33.0,-948.0
-64.0,-40.0,-821.0
0.0,-5.0,-845.0
-33.0,-9.0,-1015.0
-25.0,19.0,-1052.0
-44.0,56.0,-1138.0
25.0,156.0,-1165.0
29.0,46.0,-1124.0
31.0,-21.0,-940.0
-56.0,-72.0,-812.0
39.0,-3.0,-890.0
-42.0,60.0,-1036.0
-15.0,-23.0,-1063.0
-50.0,27.0,-1087.0
-15.0,150.0,-1143.0
-3.0,124.0,-1116.0
15.0,11.0,-997.0
-54.0,-56.0,-884.0
-9.0,-48.0,-866.0
-17.0,-5.0,-983.0
-25.0,7.0,-1016.0
-46.0,70.0,-1110.0
-11.0,165.0,-1143.0
19.0,115.0,-1175.0
58.0,-54.0,-1032.0
-81.0,-48.0,-802.0
15.0,-5.0,-819.0
7.0,-11.0,-1003.0
46.0,13.0,-1059.0
-29.0,58.0,-1097.0
29.0,115.0,-1124.0
64.0,146.0,-1165.0
146.0,17.0,-1015.0
119.0,-56.0,-886.0
156.0,-52.0,-880.0
167.0,5.0,-995.0
247.0,70.0,-979.0
238.0,27.0,-1075.0
249.0,183.0,-1167.0
341.0,50.0,-1225.0
359.0,93.0,-1018.0
343.0,-13.0,-853.0
388.0,-142.0,-839.0
359.0,60.0,-913.0
464.0,13.0,-1052.0
331.0,128.0,-1130.0
429.0,64.0,-1122.0
486.0,56.0,-1149.0
540.0,144.0,-1001.0
413.0,11.0,-866.0
460.0,-130.0,-821.0
482.0,-31.0,-997.0
472.0,81.0,-1038.0
366.0,163.0,-1083.0
404.0,7.0,-1122.0
394.0,99.0,-1141.0
464.0,146.0,-1018.0
347.0,62.0,-909.0
325.0,-175.0,-858.0
324.0,-80.0,-931.0
337.0,124.0,-960.0
228.0,158.0,-1042.0
195.0,29.0,-1128.0
230.0,66.0,-1151.0
245.0,140.0,-1108.0
165.0,56.0,-894.0
39.0,-162.0,-815.0
111.0,-27.0,-931.0
74.0,107.0,-1087.0
-11.0,117.0,-1104.0
-48.0,50.0,-1102.0
56.0,60.0,-1151.0
97.0,124.0,-1056.0
-1.0,25.0,-923.0
-35.0,-187.0,-903.0
40.0,-1.0,-911.0
27.0,35.0,-991.0
-37.0,121.0,-1042.0
-29.0,39.0,-1102.0
37.0,62.0,-1177.0
80.0,152.0,-1141.0
50.0,-42.0,-962.0
-31.0,-97.0,-864.0
37.0,-19.0,-825.0
56.0,35.0,-1054.0
-1.0,72.0,-1083.0
-17.0,62.0,-1128.0
54.0,111.0,-1093.0
117.0,76.0,-1132.0
46.0,19.0,-950.0
7.0,-111.0,-854.0
1.0,5.0,-880.0
33.0,17.0,-1007.0
1.0,15.0,-1061.0
-21.0,80.0,-1083.0
37.0,134.0,-1128.0
85.0,111.0,-1138.0
66.0,-48.0,-981.0
1.0,-62.0,-864.0
50.0,-29.0,-845.0
-23.0,15.0,-983.0
5.0,39.0,-1030.0
-11.0,46.0,-1077.0
74.0,148.0,-1177.0
42.0,95.0,-1151.0
109.0,60.0,-1005.0
31.0,-83.0,-853.0
56.0,15.0,-894.0
58.0,-27.0,-1013.0
66.0,-44.0,-1038.0
3.0,85.0,-1085.0
119.0,72.0,-1116.0
1.0,142.0,-1091.0
122.0,33.0,-983.0
29.0,-17.0,-933.0
97.0,-5.0,-923.0
11.0,9.0,-962.0
62.0,-62.0,-977.0
-21.0,23.0,-1042.0
44.0,144.0,-1110.0
-19.0,83.0,-1208.0
56.0,52.0,-1032.0
-56.0,-33.0,-915.0
29.0,9.0,-923.0
-66.0,17.0,-960.0
89.0,-35.0,-999.0
-66.0,68.0,-1063.0
-5.0,107.0,-1098.0
-54.0,105.0,-1104.0
42.0,56.0,-1054.0
-62.0,-40.0,-960.0
-11.0,5.0,-944.0
-21.0,-25.0,-944.0
-21.0,-17.0,-977.0
-76.0,7.0,-1018.0
-15.0,140.0,-1091.0
-40.0,201.0,-1184.0
23.0,13.0,-1081.0
-50.0,-5.0,-946.0
-50.0,13.0,-880.0
37.0,-5.0,-942.0
39.0,-29.0,-919.0
-78.0,3.0,-1061.0
-33.0,124.0,-1087.0
1.0,85.0,-1192.0
113.0,74.0,-1061.0
-46.0,-11.0,-917.0
52.0,46.0,-895.0
52.0,19.0,-921.0
81.0,-50.0,-991.0
-48.0,-50.0,-1063.0
-11.0,130.0,-1054.0
-17.0,138.0,-1112.0
70.0,54.0,-1065.0
-56.0,7.0,-999.0
39.0,-42.0,-960.0
7.0,39.0,-897.0
60.0,-35.0,-942.0
-29.0,21.0,-995.0
9.0,72.0,-1141.0
-40.0,93.0,-1120.0
72.0,91.0,-1145.0
-33.0,-1.0,-981.0
15.0,-19.0,-936.0
-58.0,15.0,-870.0
121.0,-74.0,-1013.0
-60.0,48.0,-1015.0
1.0,60.0,-1097.0
-68.0,126.0,-1079.0
99.0,25.0,-1124.0
-50.0,-21.0,-1011.0
-25.0,3.0,-905.0
76.0,-7.0,-966.0
23.0,5.0,-962.0
3.0,-50.0,-985.0
-107.0,99.0,-1001.0
13.0,181.0,-1206.0
70.0,97.0,-1128.0
87.0,-40.0,-1057.0
-111.0,5.0,-843.0
99.0,-35.0,-911.0
66.0,60.0,-895.0
-7.0,-35.0,-1007.0
-134.0,64.0,-1015.0
107.0,142.0,-1143.0
101.0,50.0,-1124.0
-40.0,-31.0,-1069.0
-66.0,89.0,-782.0
163.0,-23.0,-1052.0
-78.0,-19.0,-974.0
-19.0,-83.0,-1011.0
-81.0,117.0,-935.0
46.0,78.0,-1208.0
46.0,134.0,-1114.0
-29.0,-15.0,-1075.0
-64.0,56.0,-944.0
-33.0,5.0,-952.0
17.0,35.0,-936.0
-27.0,-42.0,-903.0
0.0,-21.0,-979.0
-93.0,111.0,-1124.0
72.0,109.0,-1249.0
-70.0,101.0,-1054.0
5.0,-35.0,-927.0
-89.0,60.0,-862.0
134.0,-58.0,-1011.0
-113.0,-48.0,-919.0
-11.0,21.0,-1016.0
-50.0,187.0,-1085.0
124.0,62.0,-1235.0
-87.0,81.0,-1114.0
33.0,-9.0,-927.0
-5.0,29.0,-880.0
126.0,-1.0,-1042.0
-76.0,-70.0,-876.0
74.0,-50.0,-929.0
-42.0,193.0,-1095.0
156.0,109.0,-1374.0
-95.0,-9.0,-1042.0
162.0,23.0,-841.0
-33.0,74.0,-923.0
132.0,-54.0,-997.0
-113.0,-25.0,-829.0
-27.0,46.0,-995.0
-40.0,171.0,-1136.0
83.0,5.0,-1284.0
-44.0,7.0,-1016.0
-78.0,68.0,-899.0
13.0,66.0,-919.0
-13.0,-52.0,-1018.0
-15.0,-72.0,-964.0
-35.0,-44.0,-977.0
5.0,167.0,-1126.0
-15.0,206.0,-1190.0
64.0,-21.0,-1065.0
-83.0,91.0,-884.0
1.0,-27.0,-1026.0
-56.0,60.0,-987.0
31.0,-158.0,-894.0
-40.0,-46.0,-810.0
-19.0,138.0,-1192.0
9.0,140.0,-1212.0
35.0,72.0,-1171.0
-40.0,39.0,-876.0
-33.0,66.0,-948.0
42.0,-7.0,-972.0
60.0,-93.0,-993.0
-167.0,-27.0,-933.0
74.0,144.0,-1095.0
195.0,185.0,-1124.0
103.0,-68.0,-1180.0
-68.0,-52.0,-897.0
54.0,0.0,-856.0
39.0,101.0,-1046.0
-7.0,-70.0,-999.0
-13.0,-5.0,-851.0
-42.0,134.0,-970.0
0.0,226.0,-1331.0
-37.0,-42.0,-1192.0
5.0,33.0,-919.0
-31.0,60.0,-810.0
50.0,19.0,-1036.0
7.0,-31.0,-899.0
-9.0,-111.0,-972.0
-138.0,152.0,-983.0
-21.0,136.0,-1249.0
21.0,80.0,-1141.0
17.0,-48.0,-981.0
-185.0,46.0,-876.0
72.0,44.0,-946.0
195.0,-5.0,-977.0
-52.0,-54.0,-1048.0
-121.0,35.0,-999.0
101.0,95.0,-1163.0
40.0,105.0,-1210.0
-56.0,66.0,-966.0
-80.0,-17.0,-829.0
76.0,-40.0,-892.0
-31.0,42.0,-1093.0
23.0,25.0,-905.0
81.0,21.0,-966.0
-48.0,128.0,-1145.0
132.0,29.0,-1292.0
-13.0,19.0,-1054.0
-115.0,-40.0,-776.0
78.0,-1.0,-880.0
122.0,66.0,-1028.0
70.0,-103.0,-1026.0
19.0,42.0,-1030.0
-25.0,173.0,-1106.0
148.0,177.0,-1177.0
-35.0,19.0,-1061.0
-66.0,-70.0,-841.0
-13.0,15.0,-882.0
29.0,62.0,-1102.0
-3.0,-126.0,-946.0
-146.0,27.0,-899.0
78.0,124.0,-1151.0
52.0,121.0,-1335.0
-165.0,54.0,-936.0
-146.0,44.0,-911.0
-201.0,70.0,-993.0
74.0,-19.0,-1036.0
-64.0,58.0,-933.0
-95.0,-62.0,-915.0
-21.0,185.0,-1059.0
124.0,62.0,-1216.0
-72.0,-60.0,-1089.0
-89.0,-23.0,-843.0
-56.0,21.0,-927.0
134.0,99.0,-1091.0
62.0,-138.0,-1038.0
-52.0,-42.0,-929.0
56.0,179.0,-1022.0
1.0,199.0,-1249.0
109.0,95.0,-1206.0
-44.0,60.0,-866.0
183.0,-136.0,-927.0
0.0,81.0,-901.0
181.0,-99.0,-956.0
-81.0,3.0,-929.0
-21.0,13.0,-1071.0
5.0,103.0,-1169.0
158.0,128.0,-1124.0
91.0,-99.0,-976.0
-286.0,54.0,-925.0
105.0,0.0,-874.0
21.0,89.0,-1085.0
-42.0,50.0,-979.0
-31.0,-33.0,-1018.0
-29.0,132.0,-1145.0
-29.0,58.0,-1134.0
-66.0,-35.0,-1034.0
-277.0,13.0,-872.0
9.0,-50.0,-917.0
117.0,15.0,-995.0
-126.0,25.0,-1044.0
-85.0,140.0,-1001.0
101.0,87.0,-1153.0
128.0,144.0,-1239.0
-83.0,29.0,-1013.0
-76.0,-17.0,-790.0
58.0,-5.0,-882.0
-21.0,-91.0,-1089.0
0.0,-23.0,-974.0
-15.0,56.0,-892.0
-23.0,119.0,-1091.0
83.0,-23.0,-1245.0
1.0,7.0,-1077.0
-105.0,-5.0,-808.0
122.0,121.0,-925.0
91.0,103.0,-1134.0
-50.0,-66.0,-1100.0
-25.0,15.0,-878.0
-7.0,76.0,-1098.0
39.0,175.0,-1241.0
80.0,35.0,-1151.0
-126.0,-105.0,-769.0
-58.0,-15.0,-765.0
216.0,156.0,-1038.0
-113.0,-115.0,-1057.0
-83.0,35.0,-894.0
-19.0,111.0,-1018.0
62.0,201.0,-1300.0
31.0,-58.0,-1116.0
-46.0,-35.0,-872.0
-78.0,87.0,-821.0
97.0,70.0,-1097.0
-72.0,-33.0,-1102.0
-58.0,-111.0,-985.0
-95.0,154.0,-974.0
122.0,167.0,-1177.0
-89.0,162.0,-1120.0
-101.0,-81.0,-899.0
0.0,-33.0,-843.0
283.0,58.0,-1032.0
-101.0,-11.0,-1050.0
0.0,-35.0,-839.0
115.0,52.0,-1016.0
189.0,165.0,-1313.0
-19.0,58.0,-1173.0
1.0,-58.0,-853.0
0.0,39.0,-796.0
74.0,74.0,-1020.0
-44.0,-95.0,-1087.0
-7.0,-13.0,-858.0
-124.0,54.0,-995.0
56.0,265.0,-1276.0
203.0,-64.0,-1245.0
-68.0,-35.0,-804.0
-146.0,-23.0,-751.0
130.0,163.0,-1067.0
58.0,21.0,-1173.0
-9.0,-144.0,-907.0
-122.0,136.0,-921.0
78.0,234.0,-1206.0
25.0,124.0,-1266.0
5.0,-19.0,-890.0
-183.0,-113.0,-745.0
218.0,70.0,-890.0
-3.0,-52.0,-1145.0
-111.0,25.0,-989.0
-171.0,27.0,-890.0
122.0,212.0,-1223.0
80.0,52.0,-1268.0
-109.0,-107.0,-972.0
-52.0,76.0,-681.0
234.0,78.0,-997.0
-5.0,25.0,-1216.0
15.0,-74.0,-952.0
-44.0,5.0,-925.0
-29.0,228.0,-1083.0
134.0,134.0,-1255.0
25.0,-44.0,-890.0
-1.0,-111.0,-755.0
85.0,115.0,-991.0
89.0,50.0,-1210.0
-83.0,-87.0,-897.0
-95.0,31.0,-741.0
81.0,173.0,-1225.0
154.0,128.0,-1442.0
-29.0,-93.0,-1016.0
-197.0,-97.0,-646.0
33.0,169.0,-919.0
175.0,130.0,-1288.0
-3.0,-204.0,-1075.0
-365.0,35.0,-646.0
158.0,308.0,-1001.0
273.0,105.0,-1532.0
-187.0,-165.0,-1182.0
-183.0,-171.0,-464.0
9.0,195.0,-812.0
193.0,226.0,-1581.0
-138.0,-136.0,-1032.0
-95.0,-203.0,-495.0
-19.0,411.0,-972.0
167.0,175.0,-1729.0
-150.0,-64.0,-1143.0
-15.0,-283.0,-421.0
-216.0,255.0,-892.0
220.0,206.0,-1528.0
-121.0,-251.0,-989.0
-17.0,-199.0,-489.0
-230.0,316.0,-1171.0
269.0,503.0,-1522.0
224.0,-261.0,-1171.0
-384.0,-212.0,-566.0
-183.0,56.0,-929.0
277.0,704.0,-1446.0
117.0,-316.0,-1018.0
-224.0,-409.0,-503.0
-148.0,238.0,-979.0
601.0,534.0,-1493.0
-80.0,-165.0,-1307.0
-388.0,-183.0,-564.0
-101.0,-81.0,-712.0
392.0,550.0,-1432.0
-89.0,11.0,-1091.0
-95.0,-560.0,-525.0
-368.0,189.0,-845.0
566.0,433.0,-1653.0
-230.0,169.0,-1551.0
-144.0,-558.0,-513.0
-158.0,244.0,-671.0
236.0,349.0,-1307.0
40.0,-212.0,-1198.0
-25.0,-696.0,-704.0
-462.0,767.0,-689.0
388.0,156.0,-1680.0
-165.0,54.0,-1346.0
46.0,-353.0,-772.0
-177.0,366.0,-591.0
9.0,101.0,-1274.0
37.0,-70.0,-1110.0
189.0,-433.0,-733.0
-257.0,163.0,-767.0
-83.0,394.0,-1450.0
64.0,226.0,-1383.0
201.0,-433.0,-835.0
-413.0,109.0,-630.0
11.0,156.0,-1015.0
339.0,122.0,-1032.0
201.0,-577.0,-997.0
-404.0,226.0,-817.0
-78.0,271.0,-1284.0
404.0,386.0,-1317.0
218.0,-484.0,-901.0
-355.0,80.0,-702.0
37.0,204.0,-856.0
532.0,167.0,-1085.0
40.0,-368.0,-1147.0
-351.0,-109.0,-923.0
-146.0,386.0,-909.0
470.0,322.0,-1280.0
158.0,-281.0,-1218.0
-357.0,-103.0,-726.0
58.0,224.0,-669.0
222.0,220.0,-1114.0
-54.0,-402.0,-1339.0
-269.0,-52.0,-839.0
21.0,304.0,-798.0
327.0,372.0,-1354.0
76.0,-411.0,-1405.0
-419.0,-80.0,-646.0
-87.0,232.0,-569.0
136.0,337.0,-1272.0
101.0,-359.0,-1276.0
-189.0,-48.0,-872.0
-48.0,206.0,-761.0
195.0,390.0,-1356.0
58.0,-171.0,-1405.0
-230.0,-89.0,-683.0
-15.0,-33.0,-601.0
27.0,365.0,-1243.0
165.0,-154.0,-1216.0
13.0,-25.0,-821.0
-101.0,-72.0,-851.0
165.0,427.0,-1307.0
-66.0,3.0,-1301.0
146.0,-160.0,-812.0
-232.0,-132.0,-605.0
62.0,439.0,-1036.0
146.0,-60.0,-1218.0
117.0,-156.0,-1038.0
-269.0,-101.0,-899.0
-1.0,454.0,-1208.0
19.0,140.0,-1100.0
368.0,-425.0,-1020.0
-439.0,124.0,-782.0
33.0,294.0,-935.0
13.0,179.0,-1005.0
386.0,-335.0,-1278.0
-560.0,105.0,-1036.0
-5.0,236.0,-892.0
27.0,111.0,-1015.0
267.0,-150.0,-1214.0
-306.0,21.0,-981.0
269.0,15.0,-632.0
-89.0,234.0,-892.0
95.0,-236.0,-1317.0
-210.0,130.0,-1016.0
292.0,154.0,-841.0
93.0,66.0,-1032.0
130.0,-66.0,-1229.0
-33.0,58.0,-960.0
-83.0,-78.0,-691.0
-60.0,-40.0,-942.0
126.0,-44.0,-1346.0
134.0,222.0,-1141.0
-115.0,66.0,-888.0
62.0,60.0,-976.0
17.0,-42.0,-1218.0
87.0,132.0,-972.0
152.0,-21.0,-687.0
-37.0,54.0,-765.0
400.0,-251.0,-1274.0
-54.0,251.0,-1376.0
-320.0,156.0,-663.0
175.0,-56.0,-1091.0
-33.0,218.0,-1097.0
171.0,-195.0,-1196.0
-302.0,44.0,-472.0
304.0,-29.0,-837.0
0.0,163.0,-1385.0
-81.0,70.0,-1374.0
-359.0,-269.0,-771.0
62.0,257.0,-995.0
-109.0,230.0,-1155.0
238.0,-261.0,-1149.0
-283.0,107.0,-564.0
203.0,-208.0,-868.0
-173.0,398.0,-1284.0
83.0,-60.0,-1337.0
-121.0,68.0,-765.0
13.0,107.0,-905.0
74.0,81.0,-1337.0
21.0,-101.0,-1118.0
-81.0,35.0,-569.0
-83.0,-13.0,-802.0
68.0,85.0,-1319.0
33.0,-150.0,-1247.0
-44.0,284.0,-810.0
17.0,35.0,-938.0
91.0,165.0,-1407.0
-17.0,-126.0,-1071.0
-181.0,-72.0,-595.0
-111.0,138.0,-747.0
179.0,-15.0,-1362.0
183.0,-146.0,-1253.0
-93.0,-35.0,-919.0
-238.0,193.0,-866.0
27.0,253.0,-1243.0
80.0,-175.0,-1270.0
-33.0,-152.0,-735.0
-142.0,74.0,-614.0
199.0,267.0,-1155.0
232.0,-27.0,-1450.0
-103.0,-83.0,-890.0
-193.0,31.0,-868.0
126.0,343.0,-1153.0
80.0,-240.0,-1368.0
-113.0,-64.0,-581.0
107.0,42.0,-632.0
107.0,238.0,-1194.0
29.0,17.0,-1378.0
39.0,-208.0,-862.0
122.0,167.0,-856.0
-236.0,234.0,-1175.0
56.0,-23.0,-1262.0
-33.0,-48.0,-573.0
140.0,89.0,-854.0
-310.0,56.0,-1153.0
171.0,-204.0,-1333.0
40.0,-42.0,-706.0
29.0,325.0,-1114.0
-302.0,273.0,-1173.0
191.0,-337.0,-1251.0
-70.0,68.0,-589.0
204.0,171.0,-956.0
-415.0,156.0,-1030.0
335.0,-292.0,-1259.0
117.0,-70.0,-851.0
-13.0,468.0,-1079.0
-238.0,165.0,-1157.0
56.0,-271.0,-1138.0
148.0,-238.0,-726.0
-5.0,318.0,-888.0
-265.0,226.0,-1097.0
265.0,-195.0,-1079.0
146.0,-214.0,-942.0
-169.0,281.0,-1093.0
-283.0,345.0,-1030.0
273.0,-267.0,-1063.0
62.0,-152.0,-903.0
-197.0,162.0,-979.0
-353.0,273.0,-868.0
458.0,-210.0,-1136.0
99.0,-218.0,-1057.0
-226.0,417.0,-1009.0
-103.0,165.0,-940.0
349.0,-85.0,-1194.0
-70.0,-206.0,-958.0
-113.0,230.0,-839.0
-122.0,300.0,-743.0
447.0,-296.0,-1206.0
-134.0,-27.0,-1208.0
-101.0,204.0,-1015.0
-177.0,398.0,-780.0
478.0,-195.0,-1214.0
-105.0,-140.0,-1120.0
1.0,165.0,-772.0
-101.0,244.0,-665.0
404.0,-199.0,-1309.0
-236.0,0.0,-1243.0
-68.0,150.0,-976.0
-113.0,263.0,-769.0
355.0,-226.0,-1272.0
-80.0,-81.0,-1126.0
-23.0,99.0,-759.0
25.0,136.0,-638.0
204.0,-37.0,-1305.0
-130.0,-76.0,-1337.0
-162.0,195.0,-954.0
80.0,277.0,-712.0
226.0,-78.0,-1253.0
-91.0,-138.0,-1216.0
-81.0,64.0,-716.0
-21.0,150.0,-759.0
60.0,103.0,-1272.0
-33.0,-251.0,-1380.0
-269.0,128.0,-778.0
105.0,218.0,-802.0
179.0,-99.0,-1231.0
-78.0,-197.0,-1387.0
-220.0,132.0,-603.0
31.0,267.0,-700.0
-19.0,31.0,-1157.0
56.0,-253.0,-1516.0
-5.0,37.0,-749.0
-78.0,259.0,-853.0
29.0,177.0,-1270.0
-78.0,-310.0,-1342.0
-122.0,-29.0,-546.0
199.0,349.0,-679.0
148.0,115.0,-1341.0
-261.0,-109.0,-1372.0
-3.0,-128.0,-745.0
89.0,345.0,-835.0
78.0,337.0,-1288.0
58.0,-447.0,-1286.0
134.0,85.0,-577.0
132.0,185.0,-761.0
-163.0,220.0,-1188.0
74.0,-277.0,-1241.0
165.0,-19.0,-853.0
-42.0,284.0,-888.0
-132.0,240.0,-1227.0
107.0,-325.0,-1300.0
3.0,-68.0,-488.0
-97.0,265.0,-782.0
-214.0,284.0,-1188.0
214.0,-322.0,-1403.0
-58.0,3.0,-843.0
-314.0,160.0,-1044.0
15.0,417.0,-1009.0
343.0,-327.0,-1296.0
-251.0,-19.0,-749.0
-54.0,46.0,-786.0
-74.0,306.0,-1075.0
298.0,-40.0,-1409.0
-107.0,-163.0,-981.0
-325.0,179.0,-823.0
130.0,372.0,-972.0
156.0,-175.0,-1307.0
58.0,-66.0,-1024.0
-208.0,-1.0,-591.0
195.0,126.0,-919.0
87.0,89.0,-1313.0
111.0,-99.0,-1233.0
-236.0,101.0,-722.0
325.0,-7.0,-985.0
-78.0,251.0,-1305.0
187.0,-245.0,-1114.0
-484.0,0.0,-532.0
203.0,58.0,-936.0
81.0,267.0,-1342.0
165.0,-206.0,-1282.0
-521.0,163.0,-650.0
320.0,-64.0,-933.0
-31.0,187.0,-1344.0
0.0,-230.0,-1165.0
-359.0,199.0,-515.0
290.0,-9.0,-919.0
-70.0,204.0,-1360.0
58.0,-150.0,-1229.0
-312.0,121.0,-650.0
187.0,109.0,-983.0
-27.0,68.0,-1415.0
9.0,-146.0,-1081.0
-119.0,13.0,-527.0
-19.0,122.0,-853.0
62.0,124.0,-1403.0
107.0,-121.0,-1257.0
-214.0,64.0,-671.0
148.0,56.0,-977.0
-72.0,62.0,-1356.0
142.0,-109.0,-1056.0
-158.0,-13.0,-673.0
-56.0,244.0,-821.0
146.0,-21.0,-1376.0
83.0,-50.0,-1288.0
-42.0,-37.0,-675.0
44.0,255.0,-837.0
171.0,142.0,-1350.0
72.0,-162.0,-1159.0
-74.0,-111.0,-663.0
-154.0,183.0,-772.0
107.0,208.0,-1290.0
103.0,-136.0,-1208.0
-44.0,-60.0,-829.0
-111.0,95.0,-872.0
-70.0,244.0,-1206.0
322.0,-197.0,-1124.0
-122.0,-89.0,-806.0
-296.0,62.0,-710.0
134.0,230.0,-1212.0
124.0,39.0,-1286.0
-31.0,-124.0,-966.0
-316.0,121.0,-774.0
142.0,37.0,-1206.0
31.0,-33.0,-1182.0
-93.0,-35.0,-890.0
-119.0,152.0,-718.0
58.0,74.0,-1139.0
224.0,-126.0,-1194.0
-15.0,7.0,-1005.0
-224.0,187.0,-907.0
224.0,122.0,-1071.0
208.0,-80.0,-1223.0
-179.0,19.0,-806.0
-44.0,132.0,-665.0
103.0,124.0,-1130.0
78.0,-89.0,-1319.0
9.0,-109.0,-989.0
-271.0,101.0,-771.0
240.0,251.0,-1018.0
179.0,-185.0,-1321.0
-109.0,-25.0,-851.0
-247.0,124.0,-689.0
62.0,203.0,-1079.0
175.0,-169.0,-1315.0
142.0,-9.0,-1071.0
-361.0,113.0,-782.0
154.0,163.0,-1024.0
72.0,-48.0,-1333.0
1.0,-52.0,-1028.0
-302.0,3.0,-556.0
199.0,220.0,-866.0
181.0,-46.0,-1378.0
-25.0,91.0,-1175.0
-406.0,3.0,-702.0
316.0,222.0,-1034.0
-21.0,25.0,-1274.0
-13.0,-91.0,-1030.0
-226.0,-68.0,-527.0
158.0,60.0,-1028.0
126.0,95.0,-1348.0
9.0,9.0,-1188.0
-376.0,52.0,-735.0
302.0,13.0,-983.0
-29.0,76.0,-1282.0
107.0,-70.0,-1007.0
-197.0,124.0,-591.0
97.0,126.0,-989.0
56.0,124.0,-1364.0
199.0,-218.0,-1180.0
-380.0,5.0,-749.0
162.0,353.0,-1022.0
173.0,-163.0,-1321.0
50.0,-251.0,-956.0
-351.0,197.0,-640.0
148.0,460.0,-911.0
242.0,-17.0,-1313.0
35.0,-298.0,-1344.0
-398.0,89.0,-714.0
121.0,368.0,-936.0
245.0,95.0,-1182.0
109.0,-443.0,-1175.0
-251.0,78.0,-609.0
-93.0,433.0,-788.0
281.0,-115.0,-1337.0
-140.0,-150.0,-1268.0
-33.0,-109.0,-774.0
121.0,300.0,-702.0
74.0,169.0,-1344.0
72.0,-183.0,-1225.0
-269.0,126.0,-642.0
23.0,74.0,-679.0
136.0,62.0,-1194.0
29.0,-140.0,-1383.0
109.0,-1.0,-796.0
-56.0,208.0,-798.0
158.0,160.0,-1333.0
-64.0,-220.0,-1200.0
-175.0,85.0,-642.0
238.0,93.0,-597.0
359.0,310.0,-1233.0
-13.0,-144.0,-1479.0
-152.0,-130.0,-659.0
-3.0,113.0,-936.0
259.0,384.0,-1155.0
66.0,-380.0,-1303.0
-212.0,-19.0,-569.0
363.0,187.0,-618.0
236.0,339.0,-1220.0
-359.0,-255.0,-1497.0
-66.0,-339.0,-675.0
124.0,345.0,-968.0
201.0,482.0,-1393.0
-257.0,-353.0,-1214.0
-64.0,-240.0,-499.0
255.0,386.0,-737.0
-23.0,316.0,-1413.0
-390.0,-310.0,-1237.0
167.0,-365.0,-767.0
169.0,349.0,-968.0
5.0,478.0,-1426.0
-343.0,-343.0,-1020.0
140.0,-191.0,-556.0
66.0,359.0,-895.0
-35.0,273.0,-1378.0
-160.0,-187.0,-1024.0
286.0,-429.0,-880.0
-132.0,423.0,-958.0
-74.0,411.0,-1376.0
-35.0,-320.0,-1073.0
37.0,-382.0,-548.0
-83.0,396.0,-901.0
-142.0,392.0,-1243.0
236.0,-288.0,-1122.0
15.0,-292.0,-825.0
-17.0,269.0,-1118.0
-353.0,519.0,-1235.0
267.0,-245.0,-1102.0
-150.0,-257.0,-564.0
251.0,40.0,-999.0
-349.0,573.0,-1216.0
329.0,-257.0,-1300.0
-78.0,-171.0,-774.0
115.0,-23.0,-1118.0
-409.0,694.0,-1079.0
452.0,-232.0,-1182.0
-271.0,-273.0,-622.0
187.0,109.0,-1059.0
-404.0,523.0,-1233.0
359.0,-208.0,-1114.0
-52.0,-281.0,-878.0
-78.0,58.0,-1147.0
-359.0,568.0,-1139.0
368.0,-234.0,-1138.0
-220.0,-314.0,-767.0
-3.0,76.0,-956.0
-325.0,554.0,-1079.0
527.0,-355.0,-1266.0
-277.0,5.0,-913.0
-128.0,-81.0,-1098.0
-365.0,671.0,-1030.0
228.0,-415.0,-1036.0
-27.0,-329.0,-1046.0
-236.0,113.0,-940.0
-107.0,488.0,-1013.0
306.0,-144.0,-1001.0
-238.0,-183.0,-1145.0
-249.0,220.0,-1100.0
122.0,267.0,-890.0
175.0,21.0,-954.0
-3.0,-312.0,-1139.0
-245.0,109.0,-1005.0
-117.0,312.0,-817.0
257.0,80.0,-1007.0
25.0,-292.0,-1319.0
13.0,150.0,-1024.0
-9.0,204.0,-767.0
402.0,-105.0,-892.0
-146.0,-89.0,-1282.0
-150.0,167.0,-929.0
87.0,70.0,-743.0
325.0,-81.0,-1134.0
-187.0,-21.0,-1342.0
-60.0,64.0,-894.0
-218.0,210.0,-751.0
497.0,-122.0,-954.0
-27.0,-144.0,-1458.0
-347.0,154.0,-845.0
103.0,21.0,-728.0
56.0,218.0,-1132.0
-87.0,-85.0,-1352.0
62.0,-50.0,-868.0
-9.0,284.0,-685.0
370.0,-146.0,-1085.0
-206.0,-103.0,-1368.0
-386.0,130.0,-853.0
199.0,97.0,-634.0
177.0,126.0,-1089.0
-162.0,-13.0,-1366.0
181.0,107.0,-858.0
9.0,54.0,-651.0
226.0,-44.0,-1161.0
-400.0,-25.0,-1407.0
95.0,-138.0,-837.0
9.0,376.0,-532.0
370.0,-97.0,-1235.0
-253.0,-54.0,-1294.0
365.0,-93.0,-884.0
-296.0,203.0,-769.0
212.0,187.0,-1286.0
-212.0,-255.0,-1231.0
310.0,126.0,-704.0
76.0,173.0,-523.0
171.0,142.0,-1282.0
-203.0,-175.0,-1317.0
353.0,-167.0,-938.0
-183.0,300.0,-677.0
119.0,54.0,-1184.0
-296.0,11.0,-1122.0
409.0,-267.0,-786.0
-152.0,402.0,-772.0
27.0,124.0,-1323.0
191.0,-101.0,-1095.0
288.0,-68.0,-895.0
-296.0,169.0,-802.0
-204.0,376.0,-1063.0
324.0,-361.0,-1372.0
-214.0,-5.0,-687.0
197.0,60.0,-895.0
-146.0,179.0,-1030.0
163.0,-103.0,-1167.0
-9.0,-117.0,-862.0
-146.0,144.0,-1079.0
-54.0,286.0,-1106.0
64.0,-130.0,-1253.0
-126.0,-74.0,-732.0
81.0,-1.0,-1001.0
-203.0,560.0,-1083.0
263.0,-277.0,-1229.0
-277.0,-220.0,-964.0
-238.0,189.0,-931.0
277.0,425.0,-1134.0
25.0,-13.0,-1163.0
-74.0,-454.0,-800.0
-208.0,179.0,-974.0
165.0,558.0,-1071.0
101.0,-132.0,-1180.0
-331.0,-286.0,-1005.0
-267.0,107.0,-917.0
113.0,579.0,-1126.0
228.0,-72.0,-1223.0
-160.0,-568.0,-983.0
-163.0,142.0,-733.0
183.0,548.0,-905.0
109.0,39.0,-1309.0
-441.0,-325.0,-1180.0
-76.0,-142.0,-823.0
300.0,542.0,-903.0
124.0,21.0,-1354.0
-355.0,-308.0,-921.0
93.0,-27.0,-813.0
64.0,499.0,-979.0
197.0,-109.0,-1362.0
-454.0,-105.0,-1020.0
113.0,-152.0,-868.0
415.0,466.0,-876.0
-19.0,19.0,-1331.0
-312.0,-126.0,-970.0
31.0,-56.0,-757.0
80.0,286.0,-944.0
40.0,54.0,-1255.0
-124.0,-146.0,-911.0
126.0,-154.0,-827.0
183.0,480.0,-1079.0
-140.0,103.0,-1298.0
-89.0,-271.0,-987.0
-46.0,56.0,-679.0
271.0,265.0,-979.0
19.0,124.0,-1200.0
58.0,-359.0,-1093.0
-68.0,-99.0,-778.0
244.0,329.0,-1141.0
-402.0,339.0,-1057.0
226.0,-568.0,-1188.0
-234.0,60.0,-669.0
325.0,300.0,-950.0
-218.0,452.0,-1044.0
281.0,-497.0,-1255.0
-128.0,-11.0,-745.0
224.0,189.0,-1220.0
-306.0,296.0,-1013.0
181.0,-390.0,-1106.0
-273.0,101.0,-687.0
320.0,175.0,-1024.0
-5.0,322.0,-985.0
337.0,-482.0,-1196.0
-259.0,138.0,-886.0
0.0,39.0,-1186.0
17.0,191.0,-874.0
173.0,-171.0,-1038.0
-144.0,105.0,-862.0
320.0,85.0,-1042.0
-111.0,101.0,-1065.0
109.0,-230.0,-1253.0
-140.0,15.0,-730.0
-107.0,142.0,-1098.0
-17.0,236.0,-1098.0
33.0,-204.0,-1089.0
-253.0,-72.0,-864.0
-158.0,201.0,-993.0
-113.0,113.0,-1028.0
1.0,-66.0,-1003.0
-245.0,-160.0,-993.0
-425.0,39.0,-1042.0
-171.0,283.0,-1155.0
-292.0,142.0,-1038.0
-275.0,-294.0,-958.0
-433.0,-74.0,-878.0
-247.0,474.0,-956.0
11.0,60.0,-1136.0
-404.0,-251.0,-1073.0
-800.0,-324.0,-974.0
-292.0,630.0,-1013.0
-158.0,76.0,-1034.0
-353.0,-335.0,-1075.0
-687.0,-308.0,-882.0
-212.0,583.0,-913.0
-167.0,101.0,-1128.0
-583.0,-150.0,-1087.0
-714.0,-450.0,-1050.0
33.0,544.0,-931.0
-203.0,179.0,-1188.0
-450.0,-269.0,-1069.0
-700.0,-242.0,-808.0
122.0,265.0,-911.0
-411.0,415.0,-1274.0
-404.0,-236.0,-1116.0
-737.0,-267.0,-897.0
27.0,363.0,-948.0
-290.0,368.0,-1165.0
-257.0,-329.0,-1098.0
-675.0,-115.0,-679.0
220.0,70.0,-979.0
-421.0,569.0,-1229.0
-251.0,-318.0,-1163.0
-730.0,-169.0,-712.0
146.0,191.0,-1042.0
-318.0,345.0,-1278.0
-144.0,-165.0,-1173.0
-458.0,-306.0,-692.0
-113.0,107.0,-884.0
-306.0,507.0,-1177.0
83.0,-368.0,-1221.0
-546.0,-11.0,-720.0
226.0,0.0,-1005.0
-357.0,488.0,-1270.0
-3.0,-236.0,-1192.0
-550.0,-91.0,-714.0
62.0,122.0,-909.0
-87.0,269.0,-1192.0
80.0,-175.0,-1175.0
-277.0,-101.0,-755.0
228.0,91.0,-1007.0
39.0,294.0,-1255.0
402.0,-101.0,-1210.0
-115.0,-109.0,-780.0
450.0,148.0,-712.0
298.0,130.0,-1120.0
327.0,-15.0,-1169.0
150.0,-169.0,-874.0
259.0,179.0,-999.0
240.0,191.0,-1317.0
99.0,-42.0,-1274.0
-5.0,-76.0,-749.0
187.0,78.0,-724.0
146.0,136.0,-1134.0
11.0,-64.0,-1138.0
-56.0,-68.0,-823.0
-95.0,62.0,-911.0
-13.0,171.0,-1260.0
-25.0,-39.0,-1134.0
-165.0,-23.0,-771.0
-154.0,83.0,-735.0
-58.0,85.0,-1141.0
-39.0,-40.0,-1179.0
-56.0,-160.0,-968.0
-380.0,165.0,-936.0
-27.0,175.0,-1286.0
-74.0,60.0,-1153.0
-27.0,-144.0,-839.0
-316.0,136.0,-677.0
-31.0,111.0,-1075.0
-44.0,-68.0,-1134.0
-37.0,-89.0,-1048.0
-355.0,95.0,-995.0
52.0,226.0,-1196.0
-66.0,13.0,-1153.0
-31.0,-27.0,-866.0
-124.0,21.0,-790.0
107.0,119.0,-1089.0
31.0,-99.0,-1138.0
68.0,-78.0,-993.0
-368.0,117.0,-936.0
214.0,197.0,-1169.0
-52.0,42.0,-1143.0
163.0,-74.0,-880.0
-222.0,31.0,-743.0
142.0,119.0,-1003.0
80.0,-148.0,-1108.0
126.0,-56.0,-1013.0
-382.0,177.0,-976.0
201.0,193.0,-1196.0
-64.0,80.0,-1218.0
150.0,-103.0,-911.0
-281.0,35.0,-735.0
124.0,189.0,-993.0
89.0,-156.0,-1173.0
70.0,-50.0,-989.0
-380.0,27.0,-927.0
167.0,267.0,-1108.0
-3.0,101.0,-1278.0
240.0,-132.0,-993.0
-312.0,50.0,-702.0
175.0,121.0,-892.0
29.0,-7.0,-1177.0
242.0,-35.0,-1108.0
-437.0,-50.0,-966.0
175.0,251.0,-1050.0
29.0,66.0,-1251.0
253.0,-50.0,-964.0
-372.0,17.0,-708.0
156.0,138.0,-880.0
58.0,39.0,-1177.0
195.0,-31.0,-1186.0
-419.0,-60.0,-987.0
154.0,255.0,-1020.0
74.0,95.0,-1192.0
228.0,-42.0,-1050.0
-296.0,-3.0,-730.0
179.0,54.0,-927.0
-7.0,52.0,-1182.0
218.0,-117.0,-1171.0
-556.0,37.0,-882.0
189.0,247.0,-991.0
-39.0,117.0,-1253.0
191.0,-15.0,-1052.0
-400.0,-17.0,-739.0
115.0,48.0,-856.0
-66.0,15.0,-1196.0
152.0,-99.0,-1167.0
-527.0,78.0,-901.0
179.0,171.0,-1028.0
-25.0,189.0,-1251.0
228.0,-76.0,-1073.0
-363.0,-27.0,-732.0
163.0,80.0,-853.0
-72.0,136.0,-1182.0
269.0,-109.0,-1153.0
-456.0,-48.0,-870.0
167.0,173.0,-972.0
21.0,99.0,-1216.0
195.0,-56.0,-1130.0
-298.0,-21.0,-739.0
76.0,146.0,-810.0
-11.0,169.0,-1184.0
189.0,-148.0,-1212.0
-368.0,-9.0,-919.0
191.0,142.0,-989.0
29.0,138.0,-1204.0
167.0,-109.0,-1052.0
-281.0,-48.0,-718.0
93.0,158.0,-839.0
0.0,142.0,-1229.0
158.0,-171.0,-1225.0
-298.0,-60.0,-892.0
167.0,204.0,-913.0
5.0,222.0,-1159.0
148.0,-115.0,-1102.0
-201.0,-54.0,-817.0
62.0,160.0,-882.0
70.0,124.0,-1202.0
177.0,-228.0,-1206.0
-279.0,-23.0,-841.0
122.0,128.0,-874.0
-62.0,277.0,-1214.0
179.0,-203.0,-1161.0
-255.0,-3.0,-759.0
89.0,162.0,-829.0
35.0,142.0,-1220.0
122.0,-158.0,-1173.0
-134.0,-66.0,-892.0
60.0,146.0,-897.0
0.0,267.0,-1192.0
140.0,-197.0,-1130.0
-163.0,-80.0,-796.0
21.0,181.0,-810.0
48.0,154.0,-1243.0
80.0,-81.0,-1153.0
-68.0,-87.0,-862.0
-29.0,150.0,-888.0
29.0,222.0,-1216.0
103.0,-185.0,-1155.0
-163.0,-35.0,-827.0
72.0,138.0,-819.0
11.0,185.0,-1169.0
105.0,-138.0,-1188.0
-60.0,-128.0,-874.0
-31.0,154.0,-966.0
-13.0,234.0,-1141.0
76.0,-109.0,-1122.0
-109.0,-56.0,-780.0
21.0,122.0,-821.0
23.0,210.0,-1145.0
107.0,-132.0,-1210.0
-25.0,-121.0,-913.0
-93.0,105.0,-913.0
9.0,281.0,-1108.0
78.0,-128.0,-1157.0
-60.0,-42.0,-862.0
-25.0,95.0,-872.0
27.0,177.0,-1145.0
97.0,-138.0,-1173.0
44.0,-101.0,-866.0
-210.0,140.0,-876.0
74.0,244.0,-1151.0
62.0,-117.0,-1194.0
19.0,-76.0,-858.0
-109.0,78.0,-782.0
-21.0,203.0,-1061.0
81.0,-109.0,-1190.0
27.0,-99.0,-960.0
-257.0,113.0,-925.0
48.0,265.0,-1128.0
-3.0,-39.0,-1180.0
-13.0,-152.0,-856.0
-142.0,101.0,-804.0
44.0,228.0,-1075.0
89.0,-78.0,-1210.0
-13.0,-148.0,-1015.0
-513.0,253.0,-825.0
-228.0,91.0,-1151.0
-720.0,-148.0,-1202.0
-115.0,-134.0,-821.0
-1100.0,193.0,-954.0
-812.0,245.0,-890.0
-933.0,-111.0,-1319.0
-884.0,-171.0,-1098.0
-1875.0,117.0,-878.0
-1296.0,329.0,-886.0
-1284.0,-267.0,-1132.0
-1342.0,-245.0,-901.0
-1881.0,337.0,-650.0
-1454.0,452.0,-997.0
-1083.0,-310.0,-1391.0
-1403.0,-294.0,-1309.0
-1684.0,353.0,-712.0
-1188.0,286.0,-977.0
-1134.0,-255.0,-1257.0
-1216.0,-322.0,-1180.0
-1364.0,421.0,-749.0
-942.0,263.0,-1130.0
-931.0,-286.0,-1337.0
-927.0,-242.0,-1182.0
-1247.0,406.0,-868.0
-712.0,220.0,-1013.0
-1009.0,-325.0,-1188.0
-720.0,-158.0,-847.0
-964.0,386.0,-872.0
-562.0,212.0,-1102.0
-905.0,-376.0,-1296.0
-575.0,-132.0,-1065.0
-1134.0,392.0,-966.0
-767.0,355.0,-958.0
-856.0,-505.0,-1038.0
-841.0,-224.0,-886.0
-1389.0,308.0,-671.0
-1206.0,521.0,-931.0
-999.0,-335.0,-1300.0
-1155.0,-357.0,-1151.0
-1670.0,296.0,-730.0
-1352.0,527.0,-800.0
-1260.0,-308.0,-1184.0
-1239.0,-601.0,-1122.0
-1721.0,320.0,-651.0
-1389.0,663.0,-876.0
-1218.0,-150.0,-1483.0
-1364.0,-404.0,-1372.0
-1731.0,80.0,-802.0
-1454.0,614.0,-890.0
-1294.0,-95.0,-1274.0
-1216.0,-599.0,-1188.0
-1694.0,228.0,-732.0
-1114.0,458.0,-886.0
-1038.0,99.0,-1387.0
-983.0,-474.0,-1255.0
-1520.0,68.0,-810.0
-1054.0,261.0,-882.0
-1098.0,-142.0,-1327.0
-1067.0,-302.0,-1083.0
-1520.0,185.0,-854.0
-1089.0,423.0,-948.0
-1161.0,-138.0,-1266.0
-1173.0,-337.0,-1143.0
-1637.0,460.0,-796.0
-1257.0,29.0,-745.0
-1233.0,-216.0,-1097.0
-1241.0,-427.0,-1071.0
-1524.0,244.0,-892.0
-1327.0,191.0,-944.0
-1288.0,-119.0,-1296.0
-1294.0,15.0,-1169.0
-1579.0,263.0,-772.0
-1325.0,279.0,-687.0
-1198.0,-279.0,-1214.0
-1389.0,-372.0,-1337.0
-1692.0,312.0,-880.0
-1600.0,226.0,-792.0
-1298.0,-11.0,-1192.0
-1235.0,-411.0,-1235.0
-1610.0,365.0,-716.0
-1506.0,322.0,-825.0
-1112.0,-152.0,-1278.0
-1087.0,-290.0,-1220.0
-1532.0,-19.0,-804.0
-1423.0,333.0,-732.0
-858.0,76.0,-1395.0
-1296.0,-320.0,-1403.0
-1512.0,146.0,-757.0
-1409.0,366.0,-806.0
-1091.0,-72.0,-1225.0
-1561.0,-554.0,-1260.0
-1709.0,171.0,-507.0
-1411.0,306.0,-757.0
-981.0,220.0,-1198.0
-1192.0,-345.0,-1327.0
-1417.0,224.0,-784.0
-1253.0,-181.0,-751.0
-1044.0,230.0,-1284.0
-1360.0,-124.0,-1204.0
-1585.0,-25.0,-745.0
-1503.0,117.0,-806.0
-1067.0,-105.0,-1350.0
-1358.0,343.0,-1298.0
-1454.0,-85.0,-880.0
-1372.0,-58.0,-864.0
-1383.0,173.0,-1180.0
-1551.0,-456.0,-1192.0
-1547.0,-35.0,-517.0
-1311.0,242.0,-944.0
-1303.0,140.0,-1264.0
-1409.0,171.0,-1286.0
-1292.0,-87.0,-956.0
-1378.0,187.0,-1102.0
-1186.0,-417.0,-1163.0
-1368.0,115.0,-929.0
-1407.0,-37.0,-755.0
-1448.0,81.0,-911.0
-1171.0,-208.0,-1151.0
-1407.0,56.0,-1161.0
-1393.0,341.0,-1020.0
-1309.0,347.0,-1042.0
-1239.0,-134.0,-917.0
-1421.0,-247.0,-866.0
-1342.0,130.0,-825.0
-1473.0,105.0,-1134.0
-1241.0,-124.0,-1126.0
-1436.0,-50.0,-1243.0
-1440.0,470.0,-1257.0
-1374.0,-115.0,-995.0
-1286.0,-48.0,-991.0
-1284.0,3.0,-575.0
-1616.0,271.0,-687.0
-1054.0,99.0,-1016.0
-1489.0,-335.0,-1335.0
-1173.0,160.0,-933.0
-1434.0,349.0,-1220.0
-905.0,-13.0,-1220.0
-1370.0,-212.0,-907.0
-1290.0,-109.0,-817.0
-1079.0,-89.0,-1091.0
-1126.0,132.0,-888.0
-1223.0,304.0,-1132.0
-1177.0,-163.0,-1163.0
-437.0,-165.0,-1085.0
-1184.0,189.0,-1206.0
-769.0,-191.0,-866.0
-952.0,612.0,-812.0
-564.0,-425.0,-841.0
-1083.0,-48.0,-974.0
-398.0,-361.0,-962.0
-630.0,121.0,-1307.0
-540.0,583.0,-1114.0
-493.0,-230.0,-1274.0
-316.0,66.0,-913.0
-201.0,-185.0,-843.0
-445.0,296.0,-747.0
-185.0,238.0,-831.0
-253.0,-298.0,-1163.0
-72.0,117.0,-1147.0
-400.0,269.0,-1013.0
62.0,-48.0,-1097.0
-54.0,-156.0,-983.0
-450.0,111.0,-847.0
-78.0,-240.0,-726.0
-191.0,296.0,-1091.0
-1.0,-341.0,-1159.0
-363.0,458.0,-1153.0
-244.0,126.0,-1149.0
-152.0,208.0,-1155.0
-134.0,-300.0,-985.0
-119.0,-220.0,-714.0
-448.0,530.0,-681.0
33.0,130.0,-923.0
-279.0,-376.0,-1237.0
-257.0,19.0,-1032.0
-165.0,48.0,-1100.0
-167.0,214.0,-1169.0
-203.0,-60.0,-999.0
-269.0,68.0,-700.0
-263.0,121.0,-948.0
-122.0,-124.0,-1108.0
-396.0,214.0,-1054.0
-109.0,107.0,-958.0
-224.0,-97.0,-1307.0
-314.0,333.0,-1184.0
-128.0,-292.0,-868.0
-171.0,181.0,-632.0
80.0,-222.0,-903.0
-577.0,54.0,-1046.0
40.0,-181.0,-1042.0
-337.0,300.0,-1085.0
37.0,95.0,-1225.0
-421.0,40.0,-1247.0
80.0,281.0,-751.0
-117.0,-361.0,-730.0
29.0,-220.0,-1083.0
-398.0,199.0,-903.0
91.0,109.0,-892.0
-212.0,277.0,-1065.0
-11.0,-423.0,-1157.0
-144.0,181.0,-1038.0
115.0,-126.0,-862.0
-126.0,107.0,-1020.0
-87.0,87.0,-827.0
-130.0,-68.0,-950.0
64.0,103.0,-1126.0
0.0,292.0,-1098.0
-228.0,89.0,-1075.0
-39.0,136.0,-1214.0
-80.0,-91.0,-987.0
66.0,-44.0,-769.0
-105.0,-208.0,-819.0
-5.0,263.0,-927.0
11.0,156.0,-954.0
-5.0,-117.0,-905.0
-156.0,146.0,-991.0
208.0,46.0,-1194.0
-3.0,93.0,-1073.0
21.0,197.0,-856.0
-144.0,-343.0,-1024.0
185.0,-177.0,-907.0
103.0,171.0,-983.0
-310.0,294.0,-917.0
64.0,130.0,-1126.0
255.0,-226.0,-1177.0
-95.0,-1.0,-958.0
-150.0,138.0,-825.0
-17.0,191.0,-829.0
214.0,-140.0,-938.0
89.0,-206.0,-1054.0
-296.0,87.0,-1106.0
72.0,249.0,-1073.0
-150.0,325.0,-1286.0
58.0,-50.0,-1136.0
-74.0,-138.0,-796.0
-121.0,68.0,-790.0
3.0,-97.0,-915.0
-19.0,66.0,-936.0
-189.0,316.0,-983.0
-103.0,156.0,-1153.0
50.0,-247.0,-1221.0
-21.0,214.0,-1028.0
52.0,3.0,-841.0
-44.0,-107.0,-872.0
-87.0,-240.0,-1022.0
46.0,-29.0,-1020.0
-33.0,493.0,-940.0
-203.0,197.0,-1145.0
-46.0,50.0,-1387.0
62.0,-443.0,-1116.0
-62.0,-7.0,-636.0
-214.0,177.0,-735.0
46.0,257.0,-927.0
50.0,-273.0,-1016.0
54.0,-115.0,-1100.0
-115.0,146.0,-1145.0
76.0,396.0,-1171.0
21.0,368.0,-1071.0
187.0,-163.0,-815.0
-83.0,-484.0,-915.0
140.0,191.0,-897.0
-56.0,134.0,-892.0
-115.0,146.0,-977.0
70.0,-119.0,-1200.0
-52.0,33.0,-1095.0
11.0,-19.0,-1016.0
-146.0,5.0,-1054.0
99.0,378.0,-597.0
-56.0,-203.0,-843.0
122.0,-187.0,-1202.0
-87.0,136.0,-1188.0
-17.0,423.0,-931.0
-21.0,85.0,-1229.0
52.0,1.0,-1110.0
128.0,-595.0,-817.0
-64.0,148.0,-798.0
-298.0,136.0,-952.0
74.0,9.0,-856.0
66.0,-267.0,-950.0
-183.0,163.0,-1028.0
-78.0,482.0,-1247.0
76.0,232.0,-1124.0
216.0,-11.0,-864.0
-101.0,-443.0,-866.0
72.0,-35.0,-886.0
40.0,72.0,-1104.0
62.0,368.0,-1005.0
37.0,62.0,-958.0
-21.0,-150.0,-1241.0
-144.0,85.0,-1317.0
167.0,175.0,-823.0
-138.0,-193.0,-661.0
-132.0,35.0,-874.0
-74.0,117.0,-1077.0
50.0,138.0,-1093.0
74.0,-62.0,-1059.0
-122.0,107.0,-1151.0
-97.0,171.0,-1005.0
167.0,-203.0,-1020.0
-25.0,-466.0,-796.0
83.0,203.0,-790.0
-144.0,277.0,-1073.0
179.0,-42.0,-1194.0
-158.0,95.0,-1003.0
37.0,136.0,-1042.0
-83.0,279.0,-1075.0
101.0,-15.0,-1095.0
46.0,-19.0,-735.0
109.0,-216.0,-796.0
-40.0,-11.0,-1061.0
128.0,74.0,-1210.0
126.0,224.0,-1106.0
31.0,337.0,-1003.0
201.0,-35.0,-987.0
327.0,-35.0,-1052.0
122.0,-203.0,-1026.0
148.0,158.0,-868.0
224.0,0.0,-874.0
263.0,154.0,-1056.0
111.0,89.0,-1200.0
240.0,-89.0,-919.0
3.0,89.0,-1083.0
804.0,292.0,-876.0
306.0,-406.0,-1149.0
901.0,-226.0,-603.0
628.0,140.0,-1013.0
1268.0,505.0,-1075.0
981.0,37.0,-1050.0
1339.0,327.0,-1050.0
1631.0,-281.0,-1036.0
1300.0,-62.0,-960.0
1680.0,150.0,-769.0
1426.0,21.0,-1005.0
1516.0,-62.0,-1153.0
1155.0,138.0,-1171.0
1506.0,199.0,-958.0
1042.0,361.0,-970.0
1426.0,-156.0,-866.0
1132.0,-216.0,-1005.0
1348.0,206.0,-763.0
1063.0,316.0,-700.0
1434.0,-269.0,-1032.0
952.0,115.0,-1130.0
1139.0,183.0,-878.0
940.0,275.0,-940.0
1179.0,-380.0,-1223.0
661.0,-341.0,-1026.0
913.0,234.0,-694.0
710.0,261.0,-849.0
950.0,42.0,-1296.0
915.0,-210.0,-1112.0
691.0,437.0,-1032.0
1089.0,726.0,-829.0
968.0,-404.0,-1048.0
1223.0,-562.0,-1106.0
874.0,-25.0,-1030.0
1266.0,357.0,-1095.0
1013.0,167.0,-1069.0
1268.0,9.0,-901.0
1167.0,204.0,-1044.0
1300.0,265.0,-1186.0
1397.0,-121.0,-1110.0
1214.0,-439.0,-1034.0
1346.0,78.0,-851.0
1216.0,394.0,-706.0
1317.0,109.0,-940.0
1276.0,99.0,-993.0
1341.0,158.0,-1136.0
1323.0,29.0,-1073.0
1524.0,-66.0,-1020.0
1382.0,-76.0,-874.0
1360.0,-39.0,-702.0
1370.0,351.0,-849.0
1423.0,-64.0,-1126.0
1374.0,150.0,-1155.0
1268.0,347.0,-1065.0
1161.0,-72.0,-1015.0
1426.0,-279.0,-987.0
1032.0,-150.0,-913.0
1339.0,216.0,-868.0
993.0,201.0,-899.0
1309.0,11.0,-1175.0
1013.0,111.0,-1098.0
1288.0,175.0,-981.0
1130.0,228.0,-1026.0
1323.0,-195.0,-1087.0
1284.0,-89.0,-964.0
1319.0,5.0,-880.0
1186.0,83.0,-970.0
1479.0,-171.0,-1124.0
1391.0,210.0,-1194.0
1303.0,610.0,-983.0
1389.0,15.0,-979.0
1481.0,-392.0,-1069.0
1479.0,-267.0,-1100.0
1428.0,171.0,-999.0
1426.0,224.0,-919.0
1633.0,-101.0,-1054.0
1446.0,101.0,-972.0
1462.0,316.0,-890.0
1403.0,226.0,-1036.0
1596.0,-433.0,-1151.0
1493.0,-66.0,-1015.0
1503.0,39.0,-886.0
1255.0,148.0,-895.0
1432.0,-54.0,-882.0
1350.0,150.0,-1018.0
1321.0,509.0,-1040.0
1182.0,169.0,-1175.0
1504.0,-429.0,-1122.0
1436.0,-177.0,-979.0
1372.0,-1.0,-726.0
1122.0,296.0,-817.0
1290.0,40.0,-1013.0
1200.0,44.0,-1237.0
1097.0,292.0,-1184.0
1157.0,124.0,-1050.0
1087.0,-183.0,-1036.0
1440.0,-17.0,-851.0
1169.0,142.0,-985.0
1350.0,226.0,-936.0
1346.0,-158.0,-1042.0
1532.0,-25.0,-1054.0
1382.0,456.0,-1040.0
1520.0,156.0,-1028.0
1407.0,-173.0,-1022.0
1456.0,-279.0,-1093.0
1444.0,1.0,-974.0
1266.0,212.0,-876.0
1450.0,-119.0,-899.0
1321.0,269.0,-1214.0
1452.0,329.0,-1100.0
1249.0,214.0,-940.0
1436.0,-306.0,-851.0
1382.0,-236.0,-1077.0
1501.0,89.0,-929.0
1290.0,21.0,-931.0
1417.0,40.0,-940.0
1399.0,171.0,-1042.0
1485.0,288.0,-956.0
1323.0,130.0,-1007.0
1485.0,-284.0,-1069.0
1491.0,-95.0,-1175.0
1411.0,39.0,-1069.0
1198.0,3.0,-921.0
1407.0,-76.0,-864.0
1344.0,232.0,-1063.0
1315.0,505.0,-1032.0
1216.0,204.0,-1110.0
1409.0,-216.0,-1108.0
1385.0,-206.0,-1122.0
1360.0,-31.0,-831.0
1145.0,191.0,-712.0
1237.0,5.0,-976.0
1112.0,242.0,-1196.0
1097.0,214.0,-1157.0
1011.0,126.0,-1081.0
1098.0,-181.0,-981.0
1081.0,7.0,-1007.0
1122.0,-9.0,-894.0
911.0,15.0,-909.0
1067.0,-117.0,-946.0
858.0,152.0,-1061.0
942.0,310.0,-1028.0
788.0,130.0,-1054.0
853.0,-124.0,-1052.0
780.0,-62.0,-1098.0
798.0,-17.0,-968.0
622.0,17.0,-886.0
685.0,-103.0,-936.0
583.0,244.0,-1108.0
630.0,242.0,-1180.0
378.0,181.0,-1061.0
474.0,-158.0,-976.0
347.0,-162.0,-1015.0
509.0,-33.0,-974.0
214.0,-3.0,-940.0
331.0,33.0,-944.0
220.0,261.0,-1069.0
279.0,218.0,-1024.0
72.0,89.0,-970.0
218.0,-144.0,-1083.0
162.0,-74.0,-1192.0
232.0,7.0,-1077.0
136.0,-27.0,-853.0
181.0,-23.0,-849.0
130.0,191.0,-976.0
122.0,238.0,-1011.0
33.0,212.0,-1069.0
179.0,-212.0,-1204.0
167.0,-91.0,-1198.0
281.0,-62.0,-958.0
83.0,13.0,-767.0
212.0,138.0,-792.0
193.0,154.0,-1118.0
245.0,162.0,-1165.0
105.0,19.0,-1126.0
245.0,-48.0,-1007.0
201.0,70.0,-1097.0
269.0,-31.0,-911.0
212.0,-64.0,-880.0
234.0,-107.0,-868.0
191.0,203.0,-1079.0
203.0,244.0,-1050.0
148.0,158.0,-1040.0
179.0,-58.0,-1071.0
197.0,-68.0,-1175.0
203.0,-70.0,-974.0
134.0,-56.0,-843.0
185.0,-21.0,-853.0
107.0,224.0,-1071.0
160.0,162.0,-1122.0
33.0,134.0,-1087.0
64.0,-5.0,-1005.0
101.0,-40.0,-1079.0
144.0,-76.0,-1007.0
124.0,-132.0,-923.0
42.0,-29.0,-892.0
44.0,259.0,-1046.0
115.0,224.0,-1075.0
-27.0,146.0,-1042.0
-13.0,-72.0,-1095.0
78.0,-74.0,-1143.0
142.0,-48.0,-1073.0
83.0,-37.0,-858.0
0.0,40.0,-839.0
72.0,103.0,-991.0
101.0,173.0,-1089.0
-9.0,142.0,-1048.0
27.0,-31.0,-1120.0
37.0,-25.0,-1091.0
150.0,-119.0,-1050.0
54.0,-33.0,-810.0
37.0,-40.0,-825.0
17.0,189.0,-985.0
105.0,185.0,-1173.0
-7.0,107.0,-1147.0
40.0,-46.0,-1013.0
25.0,-25.0,-1018.0
152.0,-29.0,-979.0
52.0,-46.0,-909.0
50.0,-95.0,-919.0
33.0,113.0,-1024.0
85.0,212.0,-1091.0
-19.0,165.0,-1020.0
1.0,35.0,-1018.0
25.0,-52.0,-1100.0
121.0,-52.0,-1040.0
81.0,-99.0,-944.0
23.0,-50.0,-853.0
-21.0,165.0,-956.0
80.0,206.0,-1075.0
-15.0,85.0,-1085.0
-3.0,37.0,-1022.0
-9.0,-35.0,-1036.0
-25.0,11.0,-1030.0
31.0,-109.0,-999.0
-78.0,-70.0,-901.0
-52.0,93.0,-1009.0
-78.0,206.0,-1079.0
-136.0,156.0,-1050.0
-87.0,-13.0,-958.0
-95.0,-15.0,-1093.0
-64.0,-19.0,-1110.0
-56.0,-89.0,-1013.0
-70.0,-85.0,-888.0
-37.0,19.0,-931.0
-52.0,156.0,-983.0
-85.0,245.0,-997.0
-68.0,156.0,-1114.0
-9.0,-56.0,-1243.0
68.0,-101.0,-1198.0
19.0,-171.0,-874.0
-25.0,-39.0,-804.0
29.0,142.0,-884.0
44.0,263.0,-1130.0
35.0,128.0,-1208.0
9.0,-23.0,-1136.0
68.0,5.0,-979.0
19.0,-25.0,-942.0
126.0,-42.0,-911.0
-7.0,-66.0,-958.0
81.0,5.0,-993.0
-37.0,214.0,-1081.0
27.0,212.0,-1028.0
0.0,46.0,-1009.0
74.0,-33.0,-1030.0
33.0,-64.0,-1112.0
124.0,-42.0,-1005.0
-11.0,-33.0,-876.0
56.0,40.0,-880.0
-11.0,163.0,-1073.0
70.0,160.0,-1124.0
-50.0,156.0,-1100.0
13.0,-25.0,-1003.0
-39.0,-15.0,-1046.0
121.0,-50.0,-1009.0
-33.0,-31.0,-1001.0
-11.0,-5.0,-977.0
-46.0,152.0,-1032.0
56.0,162.0,-976.0
-101.0,169.0,-1001.0
-35.0,-35.0,-1098.0
-25.0,-64.0,-1194.0
89.0,-50.0,-1052.0
-50.0,-29.0,-866.0
-35.0,3.0,-819.0
1.0,103.0,-1001.0
0.0,193.0,-1083.0
-68.0,162.0,-1098.0
-37.0,-7.0,-1110.0
-35.0,-87.0,-1171.0
85.0,-156.0,-1003.0
-50.0,9.0,-788.0
-17.0,64.0,-847.0
-37.0,169.0,-1050.0
13.0,136.0,-1128.0
-56.0,39.0,-1089.0
-7.0,-50.0,-1015.0
-56.0,33.0,-1042.0
99.0,21.0,-993.0
-27.0,-50.0,-940.0
-11.0,-78.0,-944.0
-78.0,66.0,-1024.0
66.0,245.0,-1040.0
-70.0,195.0,-977.0
-17.0,58.0,-1061.0
-11.0,-87.0,-1169.0
93.0,-83.0,-1069.0
-3.0,-68.0,-866.0
-52.0,25.0,-806.0
-1.0,134.0,-1013.0
70.0,146.0,-1122.0
-52.0,103.0,-1075.0
-37.0,50.0,-1048.0
7.0,-29.0,-1057.0
113.0,-54.0,-1057.0
-9.0,-78.0,-911.0
-23.0,-60.0,-923.0
0.0,122.0,-1007.0
23.0,218.0,-1028.0
-48.0,177.0,-995.0
-25.0,-27.0,-1048.0
5.0,-37.0,-1182.0
62.0,-74.0,-1104.0
19.0,-33.0,-866.0
-64.0,-29.0,-788.0
37.0,44.0,-944.0
19.0,206.0,-1106.0
-27.0,142.0,-1098.0
-44.0,95.0,-1100.0
-1.0,-60.0,-1110.0
105.0,-64.0,-1018.0
-11.0,-74.0,-812.0
-5.0,-54.0,-872.0
1.0,107.0,-1020.0
21.0,230.0,-1175.0
-31.0,107.0,-1075.0
-13.0,-40.0,-1020.0
15.0,-13.0,-993.0
42.0,19.0,-1001.0
11.0,-27.0,-979.0
-31.0,-87.0,-974.0
-27.0,-39.0,-1040.0
25.0,181.0,-1048.0
-46.0,210.0,-940.0
-37.0,142.0,-993.0
-27.0,-27.0,-1134.0
60.0,-66.0,-1138.0
17.0,-171.0,-985.0
-27.0,-13.0,-833.0
-27.0,99.0,-907.0
29.0,187.0,-1063.0
-48.0,134.0,-1079.0
-23.0,97.0,-1046.0
-19.0,3.0,-1063.0
21.0,-33.0,-1097.0
-11.0,-91.0,-944.0
0.0,-39.0,-903.0
-17.0,11.0,-981.0
3.0,165.0,-1026.0
-46.0,203.0,-993.0
-11.0,109.0,-1024.0
-13.0,-62.0,-1153.0
33.0,-44.0,-1184.0
3.0,-89.0,-938.0
-27.0,-17.0,-800.0
-11.0,-15.0,-874.0
-19.0,165.0,-1050.0
-44.0,181.0,-1079.0
-56.0,144.0,-1124.0
15.0,-11.0,-1141.0
0.0,-48.0,-1093.0
44.0,-158.0,-882.0
-70.0,-58.0,-794.0
21.0,46.0,-977.0
-42.0,247.0,-1171.0
13.0,124.0,-1136.0
-72.0,25.0,-1028.0
35.0,-35.0,-987.0
-21.0,46.0,-1005.0
80.0,9.0,-983.0
-39.0,-97.0,-987.0
-7.0,-97.0,-1059.0
-39.0,99.0,-1011.0
13.0,236.0,-927.0
-60.0,203.0,-960.0
-31.0,-9.0,-1104.0
1.0,-74.0,-1184.0
3.0,-111.0,-1061.0
-39.0,-39.0,-853.0
-39.0,62.0,-849.0
-13.0,201.0,-1034.0
-3.0,122.0,-1098.0
-56.0,64.0,-1063.0
-31.0,-11.0,-1069.0
7.0,21.0,-1059.0
107.0,-46.0,-1011.0
-11.0,-48.0,-940.0
-44.0,-89.0,-983.0
1.0,140.0,-1001.0
13.0,222.0,-970.0
-72.0,177.0,-1016.0
-40.0,-66.0,-1130.0
-7.0,-39.0,-1198.0
85.0,-33.0,-1054.0
7.0,-13.0,-845.0
-58.0,-39.0,-786.0
-11.0,66.0,-966.0
11.0,158.0,-1126.0
-54.0,181.0,-1124.0
-33.0,9.0,-1118.0
15.0,-29.0,-1081.0
48.0,-48.0,-938.0
9.0,-78.0,-847.0
-9.0,-50.0,-897.0
-23.0,167.0,-1077.0
-1.0,210.0,-1157.0
-37.0,95.0,-1079.0
-17.0,-23.0,-989.0
7.0,-15.0,-1007.0
56.0,17.0,-1016.0
44.0,-40.0,-997.0
-60.0,-119.0,-1011.0
3.0,15.0,-993.0
5.0,171.0,-995.0
-17.0,249.0,-970.0
-27.0,72.0,-1046.0
17.0,-48.0,-1149.0
56.0,-103.0,-1153.0
-1.0,-97.0,-913.0
-56.0,-7.0,-825.0
-25.0,115.0,-929.0
13.0,160.0,-1112.0
-23.0,119.0,-1054.0
-40.0,29.0,-1069.0
44.0,-7.0,-1067.0
5.0,-42.0,-1069.0
21.0,-48.0,-925.0
-50.0,-89.0,-931.0
21.0,56.0,-974.0
-15.0,191.0,-1052.0
-68.0,171.0,-960.0
-25.0,85.0,-1040.0
23.0,-35.0,-1165.0
54.0,-52.0,-1175.0
1.0,-56.0,-905.0
-56.0,-111.0,-782.0
54.0,121.0,-919.0
-33.0,179.0,-1122.0
3.0,152.0,-1100.0
-66.0,70.0,-1102.0
52.0,-25.0,-1116.0
9.0,-46.0,-1044.0
52.0,-103.0,-854.0
-50.0,-78.0,-868.0
11.0,64.0,-1007.0
-19.0,244.0,-1180.0
5.0,136.0,-1095.0
-46.0,-7.0,-995.0
17.0,-33.0,-979.0
-9.0,-3.0,-1046.0
66.0,39.0,-995.0
-56.0,-81.0,-1003.0
19.0,-60.0,-1034.0
-50.0,117.0,-1013.0
-11.0,206.0,-909.0
-40.0,197.0,-985.0
11.0,-48.0,-1149.0
31.0,-109.0,-1225.0
31.0,-105.0,-1013.0
-66.0,-7.0,-825.0
0.0,44.0,-862.0
-7.0,204.0,-1032.0
19.0,128.0,-1106.0
-64.0,64.0,-1087.0
-25.0,-35.0,-1075.0
-7.0,9.0,-1073.0
42.0,-31.0,-946.0
11.0,-58.0,-929.0
-39.0,-29.0,-946.0
-3.0,132.0,-1015.0
-33.0,204.0,-1009.0
-40.0,105.0,-1011.0
-48.0,35.0,-1112.0
21.0,-76.0,-1180.0
58.0,-40.0,-1020.0
-25.0,-50.0,-786.0
-37.0,15.0,-854.0
-17.0,146.0,-1001.0
11.0,156.0,-1139.0
-54.0,122.0,-1128.0
-19.0,-13.0,-1079.0
17.0,-33.0,-1034.0
87.0,-44.0,-915.0
-37.0,-60.0,-858.0
-29.0,-29.0,-976.0
-52.0,171.0,-1110.0
39.0,183.0,-1106.0
-78.0,78.0,-1024.0
-7.0,-21.0,-976.0
-27.0,-7.0,-1032.0
89.0,58.0,-1028.0
1.0,-68.0,-993.0
-37.0,-117.0,-997.0
-3.0,54.0,-976.0
-7.0,218.0,-958.0
-42.0,171.0,-954.0
-25.0,93.0,-1112.0
23.0,-54.0,-1198.0
83.0,-134.0,-1100.0
-29.0,-68.0,-847.0
-46.0,21.0,-831.0
11.0,132.0,-954.0
29.0,247.0,-1120.0
-66.0,58.0,-1091.0
-31.0,-31.0,-1059.0
0.0,13.0,-1079.0
91.0,17.0,-991.0
11.0,-33.0,-899.0
-40.0,-113.0,-913.0
-9.0,76.0,-1003.0
17.0,210.0,-1046.0
-50.0,132.0,-1013.0
-56.0,101.0,-1061.0
9.0,-44.0,-1155.0
62.0,-42.0,-1095.0
33.0,-81.0,-876.0
-64.0,-48.0,-829.0
-7.0,105.0,-925.0
27.0,160.0,-1118.0
-37.0,162.0,-1126.0
-31.0,31.0,-1075.0
13.0,-15.0,-1024.0
44.0,-44.0,-1026.0
-7.0,-62.0,-899.0
-37.0,-64.0,-929.0
-54.0,87.0,-1038.0
25.0,214.0,-1106.0
-72.0,140.0,-1054.0
-19.0,-11.0,-1009.0
-33.0,-40.0,-1009.0
56.0,17.0,-1048.0
27.0,-50.0,-1013.0
-40.0,-66.0,-1011.0
-17.0,-21.0,-962.0
-3.0,199.0,-968.0
-3.0,185.0,-966.0
-42.0,130.0,-1026.0
17.0,-29.0,-1184.0
33.0,-85.0,-1212.0
1.0,-101.0,-946.0
-54.0,-54.0,-759.0
0.0,107.0,-868.0
-21.0,255.0,-1122.0
-1.0,91.0,-1141.0
-78.0,31.0,-1067.0
11.0,-52.0,-1054.0
-11.0,0.0,-1052.0
78.0,-31.0,-936.0
-74.0,-37.0,-901.0
13.0,-42.0,-981.0
-52.0,146.0,-1085.0
0.0,144.0,-995.0
-74.0,162.0,-1022.0
1.0,-44.0,-1114.0
19.0,-25.0,-1151.0
85.0,-124.0,-979.0
-56.0,-5.0,-812.0
-15.0,31.0,-872.0
-23.0,199.0,-1112.0
-17.0,122.0,-1130.0
-68.0,115.0,-1079.0
5.0,-42.0,-1024.0
-11.0,-37.0,-1042.0
64.0,-44.0,-936.0
-48.0,-29.0,-919.0
-5.0,-19.0,-989.0
-27.0,160.0,-1075.0
0.0,156.0,-1067.0
-52.0,101.0,-1001.0
-33.0,-33.0,-1030.0
-17.0,19.0,-1063.0
74.0,-7.0,-1046.0
-35.0,-52.0,-1005.0
-42.0,-85.0,-944.0
-17.0,91.0,-974.0
44.0,214.0,-985.0
-66.0,167.0,-974.0
-15.0,39.0,-1139.0
-3.0,-99.0,-1229.0
80.0,-66.0,-1052.0
-21.0,-39.0,-817.0
-52.0,3.0,-794.0
-21.0,189.0,-985.0
37.0,189.0,-1165.0
-40.0,60.0,-1138.0
-37.0,-19.0,-1016.0
1.0,-17.0,-1046.0
103.0,-5.0,-979.0
-42.0,-39.0,-899.0
-48.0,-66.0,-964.0
-11.0,87.0,-1026.0
7.0,187.0,-1063.0
-62.0,175.0,-997.0
-42.0,7.0,-1044.0
13.0,-37.0,-1145.0
52.0,-35.0,-1118.0
-23.0,-93.0,-854.0
-101.0,11.0,-796.0
-3.0,66.0,-997.0
25.0,210.0,-1175.0
-48.0,140.0,-1097.0
-58.0,15.0,-1034.0
11.0,-58.0,-1015.0
58.0,-19.0,-991.0
29.0,-54.0,-944.0
-64.0,-35.0,-970.0
9.0,81.0,-1032.0
-15.0,203.0,-1050.0
-15.0,117.0,-991.0
-44.0,11.0,-1011.0
-11.0,-5.0,-1098.0
37.0,-9.0,-1077.0
40.0,-70.0,-983.0
-44.0,-95.0,-901.0
25.0,39.0,-960.0
-5.0,193.0,-1005.0
-19.0,171.0,-974.0
-72.0,124.0,-1069.0
25.0,-29.0,-1214.0
76.0,-99.0,-1145.0
0.0,-105.0,-882.0
-66.0,-48.0,-765.0
3.0,160.0,-909.0
42.0,187.0,-1167.0
-39.0,99.0,-1149.0
-33.0,-5.0,-1081.0
-17.0,-29.0,-1020.0
64.0,-11.0,-1020.0
0.0,-42.0,-909.0
-33.0,-68.0,-935.0
-21.0,9.0,-1032.0
35.0,122.0,-1083.0
-64.0,218.0,-1007.0
-15.0,117.0,-972.0
-19.0,-56.0,-1138.0
56.0,-39.0,-1132.0
29.0,-121.0,-936.0
-21.0,-31.0,-817.0
-46.0,85.0,-917.0
19.0,181.0,-1110.0
-23.0,148.0,-1130.0
-31.0,81.0,-1044.0
-33.0,-40.0,-1030.0
15.0,-64.0,-993.0
15.0,-40.0,-987.0
-27.0,-46.0,-960.0
-39.0,19.0,-1005.0
15.0,185.0,-1042.0
-33.0,156.0,-1030.0
-19.0,0.0,-981.0
-42.0,-17.0,-1075.0
35.0,31.0,-1128.0
21.0,-15.0,-1069.0
-7.0,-68.0,-913.0
-40.0,-60.0,-933.0
1.0,109.0,-956.0
-7.0,232.0,-991.0
-44.0,218.0,-1044.0
-48.0,-54.0,-1169.0
50.0,-89.0,-1214.0
23.0,-146.0,-993.0
-11.0,-3.0,-753.0
-60.0,119.0,-800.0
25.0,201.0,-1106.0
11.0,80.0,-1198.0
-93.0,54.0,-1091.0
33.0,-52.0,-1040.0
-31.0,72.0,-1015.0
134.0,-21.0,-972.0
-27.0,-66.0,-895.0
-39.0,-50.0,-999.0
-21.0,97.0,-1073.0
13.0,236.0,-1038.0
-76.0,144.0,-981.0
-37.0,-31.0,-1089.0
35.0,-56.0,-1145.0
85.0,-56.0,-1034.0
-39.0,-17.0,-876.0
-56.0,-42.0,-854.0
-9.0,173.0,-1024.0
15.0,128.0,-1153.0
-46.0,109.0,-1104.0
-39.0,3.0,-995.0
-5.0,-9.0,-1050.0
42.0,-48.0,-1005.0
11.0,-54.0,-983.0
-31.0,-85.0,-938.0
-37.0,187.0,-1028.0
11.0,187.0,-1032.0
-87.0,109.0,-1003.0
-27.0,-39.0,-1032.0
-7.0,5.0,-1116.0
72.0,0.0,-1089.0
-3.0,-64.0,-936.0
-72.0,-99.0,-874.0
15.0,52.0,-968.0
-25.0,187.0,-1038.0
-74.0,247.0,-997.0
-40.0,52.0,-1106.0
11.0,-60.0,-1206.0
80.0,-111.0,-1126.0
3.0,-124.0,-823.0
-80.0,37.0,-751.0
-5.0,152.0,-991.0
52.0,197.0,-1182.0
-25.0,54.0,-1136.0
-17.0,-35.0,-1057.0
-21.0,9.0,-1018.0
66.0,13.0,-987.0
-1.0,-40.0,-921.0
-33.0,-85.0,-966.0
7.0,11.0,-1015.0
-9.0,210.0,-1075.0
-54.0,226.0,-1005.0
-29.0,60.0,-1005.0
23.0,-42.0,-1116.0
33.0,-85.0,-1134.0
25.0,-46.0,-935.0
-78.0,-48.0,-813.0
0.0,111.0,-948.0
-13.0,169.0,-1124.0
15.0,115.0,-1110.0
-66.0,80.0,-1018.0
0.0,-25.0,-1015.0
5.0,-50.0,-1048.0
33.0,-85.0,-997.0
-44.0,-52.0,-925.0
-17.0,76.0,-991.0
-39.0,236.0,-1040.0
-27.0,99.0,-981.0
-48.0,39.0,-1022.0
-19.0,-39.0,-1102.0
23.0,11.0,-1159.0
68.0,-74.0,-983.0
-50.0,-29.0,-858.0
9.0,-52.0,-925.0
-15.0,156.0,-1034.0
-9.0,222.0,-1001.0
-37.0,169.0,-1083.0
11.0,-39.0,-1173.0
48.0,-70.0,-1163.0
60.0,-183.0,-917.0
-58.0,-31.0,-765.0
-7.0,150.0,-866.0
-7.0,203.0,-1149.0
11.0,117.0,-1182.0
-60.0,-15.0,-1093.0
11.0,-46.0,-993.0
-13.0,40.0,-1001.0
76.0,-13.0,-913.0
-44.0,-85.0,-983.0
-21.0,-39.0,-995.0
-23.0,134.0,-1063.0
-29.0,251.0,-1018.0
-31.0,83.0,-981.0
-17.0,-3.0,-1059.0
44.0,-95.0,-1190.0
31.0,-19.0,-1001.0
-13.0,-52.0,-862.0
-52.0,21.0,-870.0
0.0,162.0,-1065.0
-19.0,146.0,-1136.0
-35.0,95.0,-1081.0
-50.0,9.0,-999.0
5.0,-27.0,-1022.0
56.0,-50.0,-1026.0
0.0,-62.0,-979.0
-46.0,-29.0,-970.0
-17.0,179.0,-1001.0
-15.0,187.0,-999.0
-68.0,93.0,-989.0
-56.0,-21.0,-1114.0
33.0,-5.0,-1155.0
64.0,-15.0,-1087.0
-35.0,-37.0,-845.0
-74.0,-35.0,-856.0
37.0,76.0,-960.0
-15.0,173.0,-1065.0
-74.0,169.0,-1061.0
-35.0,27.0,-1141.0
9.0,-60.0,-1145.0
105.0,-72.0,-1020.0
-15.0,-89.0,-790.0
-27.0,31.0,-819.0
-5.0,216.0,-1067.0
25.0,160.0,-1200.0
-44.0,29.0,-1100.0
3.0,-50.0,-1032.0
-13.0,13.0,-997.0
111.0,44.0,-952.0
-21.0,-39.0,-950.0
-11.0,-128.0,-999.0
-46.0,42.0,-1034.0
27.0,259.0,-1028.0
-66.0,216.0,-976.0
-21.0,-9.0,-1044.0
-11.0,-37.0,-1138.0
111.0,-93.0,-1075.0
-13.0,-60.0,-925.0
-27.0,-25.0,-819.0
-9.0,150.0,-968.0
70.0,169.0,-1118.0
-68.0,72.0,-1098.0
-9.0,15.0,-1034.0
-19.0,5.0,-1016.0
93.0,21.0,-1056.0
25.0,-113.0,-952.0
-19.0,-99.0,-946.0
-44.0,126.0,-968.0
21.0,236.0,-1026.0
-72.0,111.0,-970.0
-33.0,64.0,-1018.0
5.0,-101.0,-1173.0
85.0,-5.0,-1155.0
-1.0,-74.0,-895.0
-46.0,-42.0,-810.0
-21.0,17.0,-921.0
13.0,150.0,-1085.0
-66.0,169.0,-1075.0
-44.0,97.0,-1085.0
-5.0,13.0,-1161.0
78.0,-74.0,-1059.0
17.0,-134.0,-854.0
-70.0,-62.0,-804.0
-33.0,165.0,-960.0
21.0,210.0,-1175.0
-33.0,113.0,-1147.0
-44.0,-62.0,-1042.0
-17.0,-11.0,-1013.0
33.0,44.0,-1003.0
-5.0,-29.0,-950.0
-11.0,-93.0,-946.0
-29.0,-29.0,-1050.0
0.0,185.0,-1056.0
-40.0,210.0,-972.0
-23.0,148.0,-995.0
-19.0,-66.0,-1087.0
66.0,-64.0,-1167.0
19.0,-111.0,-1020.0
-17.0,7.0,-829.0
-27.0,56.0,-890.0
3.0,242.0,-1075.0
-31.0,60.0,-1122.0
-54.0,95.0,-1057.0
-21.0,5.0,-1036.0
1.0,-19.0,-1075.0
39.0,-74.0,-987.0
-7.0,-85.0,-950.0
-48.0,15.0,-962.0
-13.0,212.0,-1052.0
-35.0,158.0,-989.0
-48.0,142.0,-1005.0
-25.0,-76.0,-1149.0
25.0,-39.0,-1206.0
52.0,-85.0,-991.0
-44.0,33.0,-831.0
-23.0,-25.0,-866.0
1.0,146.0,-1020.0
-37.0,142.0,-1069.0
-56.0,177.0,-1120.0
-21.0,-29.0,-1143.0
-5.0,-5.0,-1132.0
50.0,-154.0,-882.0
-25.0,-19.0,-819.0
-35.0,0.0,-911.0
-31.0,286.0,-1122.0
19.0,124.0,-1159.0
-33.0,35.0,-1093.0
-3.0,-87.0,-981.0
5.0,66.0,-981.0
50.0,44.0,-987.0
-21.0,-68.0,-999.0
-37.0,-117.0,-1016.0
-23.0,126.0,-1036.0
-9.0,195.0,-997.0
-70.0,191.0,-950.0
-27.0,13.0,-1056.0
35.0,-66.0,-1165.0
66.0,-66.0,-1089.0
0.0,-80.0,-876.0
-52.0,40.0,-849.0
-1.0,122.0,-993.0
7.0,162.0,-1102.0
-66.0,66.0,-1065.0
-39.0,11.0,-1050.0
11.0,1.0,-1059.0
83.0,-40.0,-1032.0
-13.0,-70.0,-933.0
-52.0,-81.0,-940.0
1.0,140.0,-1013.0
-15.0,204.0,-1020.0
-74.0,193.0,-981.0
-31.0,-42.0,-1104.0
15.0,-37.0,-1153.0
58.0,-48.0,-1110.0
-3.0,-25.0,-880.0
-74.0,-23.0,-812.0
13.0,70.0,-952.0
-39.0,165.0,-1091.0
-35.0,154.0,-1091.0
-50.0,40.0,-1143.0
42.0,-5.0,-1100.0
83.0,-74.0,-979.0
1.0,-62.0,-819.0
-35.0,-39.0,-870.0
-9.0,150.0,-1016.0
37.0,245.0,-1180.0
-44.0,62.0,-1093.0
13.0,-44.0,-1011.0
-7.0,-31.0,-970.0
39.0,37.0,-997.0
19.0,-40.0,-987.0
-19.0,-107.0,-995.0
-29.0,9.0,-1024.0
17.0,179.0,-1032.0
-52.0,175.0,-927.0
-21.0,122.0,-993.0
-17.0,-44.0,-1169.0
66.0,-60.0,-1147.0
31.0,-111.0,-950.0
-33.0,-23.0,-817.0
3.0,165.0,-925.0
37.0,181.0,-1063.0
11.0,109.0,-1079.0
-9.0,-11.0,-1048.0
17.0,-29.0,-1075.0
33.0,-39.0,-1083.0
13.0,-58.0,-964.0
-17.0,-40.0,-925.0
11.0,23.0,-952.0
-15.0,136.0,-1032.0
-72.0,224.0,-985.0
11.0,40.0,-1024.0
-5.0,-5.0,-1145.0
54.0,-70.0,-1171.0
-9.0,-70.0,-952.0
-15.0,-70.0,-780.0
-21.0,81.0,-894.0
7.0,173.0,-1063.0
-19.0,119.0,-1112.0
-44.0,122.0,-1114.0
-11.0,-31.0,-1147.0
17.0,-48.0,-1046.0
29.0,-78.0,-878.0
-44.0,-87.0,-827.0
-21.0,54.0,-974.0
-17.0,251.0,-1138.0
-9.0,154.0,-1138.0
-48.0,3.0,-1016.0
-7.0,-60.0,-981.0
-11.0,15.0,-1013.0
56.0,0.0,-989.0
-23.0,-27.0,-970.0
-21.0,-60.0,-1056.0
-33.0,146.0,-1028.0
-13.0,195.0,-962.0
-46.0,111.0,-950.0
-19.0,21.0,-1104.0
70.0,-70.0,-1177.0
60.0,-99.0,-1073.0
-33.0,-56.0,-825.0
-52.0,46.0,-851.0
33.0,228.0,-1007.0
7.0,124.0,-1128.0
-66.0,70.0,-1071.0
-35.0,-48.0,-1059.0
19.0,5.0,-1075.0
66.0,-29.0,-976.0
-19.0,-42.0,-925.0
-37.0,-42.0,-977.0
-21.0,109.0,-1015.0
-21.0,210.0,-997.0
-62.0,136.0,-999.0
-60.0,17.0,-1122.0
15.0,-64.0,-1194.0
58.0,-37.0,-1028.0
-9.0,-62.0,-845.0
-52.0,-7.0,-817.0
15.0,154.0,-985.0
-21.0,208.0,-1104.0
-42.0,91.0,-1114.0
-80.0,19.0,-1112.0
52.0,-52.0,-1091.0
60.0,-48.0,-946.0
3.0,-54.0,-819.0
-40.0,-7.0,-911.0
-13.0,156.0,-1104.0
-9.0,181.0,-1134.0
-54.0,101.0,-1065.0
-27.0,-31.0,-985.0
-13.0,7.0,-1009.0
93.0,-31.0,-997.0
-17.0,-40.0,-1005.0
-44.0,-76.0,-1022.0
-13.0,44.0,-997.0
15.0,171.0,-972.0
-64.0,238.0,-968.0
-68.0,27.0,-1040.0
21.0,-21.0,-1175.0
35.0,-103.0,-1143.0
25.0,-48.0,-895.0
-97.0,-37.0,-796.0
42.0,148.0,-954.0
-25.0,212.0,-1104.0
-5.0,115.0,-1089.0
-42.0,-13.0,-1083.0
21.0,0.0,-1044.0
33.0,-66.0,-1032.0
44.0,-42.0,-923.0
-44.0,-54.0,-931.0
13.0,39.0,-1005.0
-33.0,191.0,-1044.0
-27.0,113.0,-997.0
-54.0,101.0,-1069.0
-5.0,23.0,-1143.0
60.0,-68.0,-1138.0
3.0,-62.0,-895.0
-56.0,-70.0,-835.0
-7.0,146.0,-917.0
15.0,163.0,-1120.0
-21.0,138.0,-1108.0
-48.0,60.0,-1079.0
42.0,-19.0,-1052.0
17.0,-64.0,-1042.0
54.0,-83.0,-899.0
-33.0,-70.0,-892.0
-9.0,121.0,-991.0
11.0,185.0,-1128.0
-33.0,124.0,-1081.0
-21.0,27.0,-1013.0
-9.0,-40.0,-995.0
27.0,1.0,-1038.0
17.0,-72.0,-985.0
-19.0,-58.0,-1015.0
-31.0,-27.0,-993.0
19.0,197.0,-985.0
7.0,169.0,-950.0
-3.0,126.0,-1009.0
-21.0,-39.0,-1159.0
46.0,-66.0,-1218.0
9.0,-119.0,-989.0
-29.0,27.0,-800.0
-19.0,54.0,-876.0
21.0,177.0,-1089.0
-15.0,140.0,-1122.0
-37.0,50.0,-1083.0
33.0,-50.0,-1036.0
0.0,-21.0,-1069.0
44.0,23.0,-979.0
-21.0,-58.0,-890.0
3.0,-17.0,-974.0
-52.0,169.0,-1052.0
-7.0,138.0,-1026.0
-37.0,136.0,-1009.0
-23.0,0.0,-1095.0
48.0,-80.0,-1171.0
58.0,-80.0,-997.0
-44.0,-9.0,-794.0
-19.0,5.0,-874.0
-27.0,191.0,-1061.0
13.0,124.0,-1136.0
-64.0,126.0,-1083.0
-39.0,-21.0,-1077.0
13.0,-40.0,-1052.0
83.0,-78.0,-931.0
5.0,-39.0,-894.0
-40.0,0.0,-962.0
-1.0,156.0,-1098.0
-21.0,148.0,-1095.0
-31.0,91.0,-1028.0
-27.0,-39.0,-999.0
-1.0,19.0,-1040.0
78.0,-9.0,-1028.0
-17.0,-40.0,-1001.0
-52.0,-93.0,-1003.0
-35.0,101.0,-972.0
-11.0,216.0,-952.0
-66.0,160.0,-968.0
-39.0,29.0,-1124.0
9.0,-76.0,-1194.0
89.0,-81.0,-1108.0
-25.0,-56.0,-839.0
-50.0,1.0,-782.0
-23.0,197.0,-979.0
29.0,191.0,-1143.0
-48.0,52.0,-1145.0
-46.0,15.0,-1054.0
-13.0,-23.0,-1069.0
70.0,-9.0,-997.0
-7.0,-46.0,-913.0
-50.0,-66.0,-935.0
-17.0,80.0,-1016.0
5.0,177.0,-1036.0
-85.0,148.0,-993.0
-25.0,40.0,-1052.0
-17.0,-31.0,-1169.0
103.0,-66.0,-1079.0
-25.0,-85.0,-851.0
-42.0,-13.0,-825.0
-33.0,83.0,-974.0
42.0,203.0,-1139.0
-64.0,152.0,-1108.0
-11.0,78.0,-1065.0
-9.0,-52.0,-1028.0
85.0,-37.0,-1013.0
-52.0,-58.0,-905.0
-5.0,-74.0,-952.0
-66.0,124.0,-1048.0
19.0,154.0,-1112.0
-62.0,109.0,-1042.0
-1.0,19.0,-987.0
-25.0,-9.0,-1042.0
68.0,7.0,-1059.0
-21.0,-40.0,-1020.0
-3.0,-122.0,-956.0
-60.0,-19.0,-976.0
3.0,210.0,-970.0
-56.0,187.0,-960.0
-13.0,167.0,-1038.0
-25.0,-54.0,-1196.0
78.0,-89.0,-1159.0
-1.0,-117.0,-931.0
-35.0,-17.0,-759.0
-13.0,138.0,-892.0
1.0,212.0,-1110.0
-25.0,80.0,-1157.0
-62.0,21.0,-1087.0
-29.0,1.0,-1056.0
1.0,-9.0,-1036.0
70.0,-64.0,-936.0
-50.0,-72.0,-886.0
-23.0,-5.0,-985.0
-15.0,191.0,-1079.0
-3.0,162.0,-1009.0
-72.0,177.0,-1007.0
23.0,-80.0,-1155.0
35.0,-42.0,-1126.0
89.0,-101.0,-960.0
-17.0,11.0,-817.0
-21.0,31.0,-907.0
0.0,165.0,-1087.0
-21.0,152.0,-1132.0
-42.0,171.0,-1059.0
-5.0,-60.0,-1048.0
-7.0,-11.0,-1024.0
31.0,-89.0,-936.0
-23.0,-42.0,-936.0
-31.0,13.0,-995.0
-21.0,191.0,-1059.0
-9.0,177.0,-1046.0
-21.0,-5.0,-1011.0
-29.0,-5.0,-1009.0
33.0,29.0,-1052.0
48.0,27.0,-1063.0
7.0,-56.0,-979.0
-52.0,-85.0,-950.0
-15.0,85.0,-954.0
23.0,244.0,-970.0
-46.0,201.0,-991.0
-42.0,19.0,-1145.0
19.0,-124.0,-1227.0
37.0,-81.0,-1048.0
-11.0,-31.0,-784.0
-54.0,72.0,-815.0
-37.0,236.0,-1028.0
33.0,70.0,-1188.0
-54.0,44.0,-1124.0
-33.0,23.0,-1046.0
-11.0,11.0,-1057.0
76.0,5.0,-989.0
-7.0,-66.0,-913.0
-60.0,-54.0,-946.0
3.0,124.0,-1042.0
9.0,189.0,-1054.0
-44.0,162.0,-997.0
-40.0,-21.0,-1069.0
50.0,-37.0,-1122.0
64.0,-48.0,-1083.0
7.0,-19.0,-849.0
-95.0,-17.0,-845.0
50.0,64.0,-1005.0
-37.0,144.0,-1145.0
-25.0,144.0,-1087.0
-46.0,33.0,-1026.0
7.0,-50.0,-1022.0
25.0,-60.0,-1022.0
-1.0,-66.0,-938.0
-23.0,-85.0,-995.0
-50.0,146.0,-1011.0
-15.0,232.0,-1056.0
-29.0,35.0,-1009.0
-64.0,15.0,-1032.0
0.0,-3.0,-1089.0
39.0,3.0,-1089.0
33.0,-70.0,-993.0
-70.0,-107.0,-905.0
1.0,17.0,-948.0
-11.0,199.0,-1026.0
-37.0,204.0,-948.0
-48.0,136.0,-1089.0
54.0,-46.0,-1212.0
64.0,-124.0,-1124.0
9.0,-150.0,-845.0
-50.0,3.0,-772.0
-25.0,204.0,-938.0
37.0,187.0,-1151.0
-44.0,56.0,-1139.0
-15.0,3.0,-1052.0
9.0,-19.0,-1005.0
66.0,60.0,-1028.0
-3.0,-54.0,-913.0
-27.0,-66.0,-925.0
0.0,3.0,-1016.0
-9.0,158.0,-1083.0
-64.0,263.0,-993.0
9.0,83.0,-983.0
15.0,-66.0,-1122.0
39.0,-103.0,-1134.0
25.0,-60.0,-929.0
-70.0,-3.0,-813.0
-13.0,83.0,-952.0
7.0,177.0,-1102.0
-7.0,142.0,-1114.0
-50.0,64.0,-1069.0
0.0,7.0,-1011.0
3.0,-50.0,-1007.0
72.0,-85.0,-991.0
-33.0,-44.0,-940.0
-31.0,50.0,-1003.0
-25.0,210.0,-1044.0
3.0,146.0,-1030.0
-33.0,13.0,-981.0
-27.0,-40.0,-1087.0
13.0,-7.0,-1124.0
54.0,7.0,-1016.0
-7.0,-66.0,-905.0
-40.0,-21.0,-940.0
0.0,83.0,-985.0
17.0,214.0,-991.0
-58.0,218.0,-1034.0
-25.0,-29.0,-1177.0
44.0,-101.0,-1200.0
21.0,-138.0,-964.0
-42.0,-19.0,-776.0
-46.0,136.0,-823.0
37.0,283.0,-1098.0
-9.0,91.0,-1171.0
-66.0,29.0,-1106.0
1.0,-60.0,-1018.0
-29.0,78.0,-1024.0
115.0,-29.0,-940.0
-37.0,-46.0,-950.0
-21.0,-99.0,-995.0
-44.0,122.0,-1081.0
-1.0,265.0,-1005.0
-52.0,162.0,-979.0
-31.0,-70.0,-1067.0
15.0,-64.0,-1157.0
80.0,-76.0,-1007.0
-29.0,0.0,-878.0
-58.0,19.0,-851.0
0.0,121.0,-1044.0
21.0,158.0,-1143.0
-27.0,46.0,-1073.0
-33.0,0.0,-1003.0
-23.0,9.0,-1046.0
52.0,-46.0,-1007.0
7.0,-80.0,-981.0
-42.0,-107.0,-987.0
-48.0,199.0,-1009.0
13.0,185.0,-1007.0
-56.0,136.0,-1016.0
-58.0,-33.0,-1040.0
9.0,-25.0,-1159.0
52.0,1.0,-1108.0
-25.0,-40.0,-897.0
-54.0,-93.0,-856.0
-5.0,89.0,-954.0
29.0,162.0,-1061.0
-72.0,230.0,-1040.0
-37.0,60.0,-1122.0
-17.0,-33.0,-1159.0
111.0,-109.0,-1073.0
-29.0,-136.0,-825.0
-54.0,25.0,-798.0
-37.0,183.0,-999.0
68.0,206.0,-1184.0
-50.0,31.0,-1102.0
-11.0,-50.0,-1046.0
-13.0,19.0,-1015.0
107.0,40.0,-1001.0
-33.0,-39.0,-909.0
-33.0,-101.0,-964.0
-21.0,0.0,-1052.0
3.0,236.0,-1061.0
-64.0,177.0,-977.0
-42.0,91.0,-1011.0
-19.0,-68.0,-1120.0
99.0,-107.0,-1128.0
-54.0,-72.0,-946.0
-19.0,-52.0,-843.0
-33.0,146.0,-968.0
37.0,193.0,-1106.0
-27.0,76.0,-1089.0
-74.0,58.0,-1028.0
-19.0,-1.0,-1048.0
33.0,-27.0,-1032.0
29.0,-99.0,-989.0
-52.0,-56.0,-944.0
-25.0,56.0,-976.0
17.0,206.0,-1050.0
-54.0,162.0,-962.0
-48.0,42.0,-1005.0
0.0,-81.0,-1153.0
27.0,19.0,-1155.0
60.0,-101.0,-960.0
-68.0,-3.0,-812.0
-15.0,13.0,-911.0
1.0,113.0,-1040.0
-52.0,191.0,-1036.0
-31.0,158.0,-1061.0
5.0,-35.0,-1167.0
70.0,-48.0,-1134.0
23.0,-177.0,-894.0
-37.0,-81.0,-755.0
-33.0,167.0,-909.0
29.0,242.0,-1159.0
-13.0,109.0,-1180.0
-46.0,-40.0,-1077.0
-11.0,-11.0,-993.0
31.0,17.0,-991.0
35.0,15.0,-942.0
1.0,-91.0,-977.0
-37.0,-64.0,-1007.0
19.0,160.0,-1059.0
-7.0,242.0,-1009.0
7.0,130.0,-993.0
-46.0,-33.0,-1065.0
95.0,-78.0,-1177.0
5.0,-80.0,-1015.0
0.0,-19.0,-864.0
-56.0,56.0,-901.0
29.0,156.0,-1048.0
-21.0,128.0,-1139.0
-35.0,70.0,-1048.0
-37.0,-5.0,-1007.0
15.0,9.0,-1034.0
11.0,-46.0,-1009.0
44.0,-95.0,-964.0
-72.0,-27.0,-974.0
11.0,195.0,-1005.0
-31.0,169.0,-985.0
-23.0,148.0,-1003.0
-85.0,-56.0,-1114.0
93.0,-40.0,-1180.0
0.0,-35.0,-1057.0
48.0,-5.0,-841.0
-101.0,-19.0,-835.0
76.0,99.0,-979.0
-52.0,154.0,-1093.0
-27.0,154.0,-1071.0
-60.0,35.0,-1147.0
60.0,-31.0,-1112.0
44.0,-122.0,-985.0
-9.0,-46.0,-802.0
-54.0,33.0,-845.0
21.0,195.0,-1052.0
-1.0,162.0,-1212.0
-48.0,70.0,-1108.0
9.0,-56.0,-1018.0
-3.0,23.0,-972.0
87.0,7.0,-989.0
-15.0,-54.0,-972.0
-33.0,-80.0,-1009.0
-39.0,83.0,-1032.0
21.0,193.0,-1052.0
-64.0,193.0,-964.0
-35.0,52.0,-1032.0
5.0,-39.0,-1145.0
39.0,-68.0,-1097.0
0.0,-64.0,-929.0
-87.0,-44.0,-851.0
1.0,171.0,-976.0
11.0,165.0,-1104.0
-37.0,93.0,-1063.0
-40.0,54.0,-1028.0
-21.0,-7.0,-1054.0
62.0,-21.0,-1061.0
5.0,-111.0,-956.0
-68.0,-48.0,-923.0
-7.0,121.0,-989.0
25.0,189.0,-1018.0
-68.0,179.0,-962.0
-44.0,-17.0,-1052.0
0.0,-27.0,-1186.0
87.0,-42.0,-1159.0
9.0,-46.0,-897.0
-80.0,-58.0,-780.0
7.0,50.0,-931.0
5.0,171.0,-1075.0
-40.0,169.0,-1106.0
-56.0,87.0,-1098.0
29.0,7.0,-1149.0
64.0,-103.0,-1048.0
3.0,-85.0,-835.0
-80.0,-72.0,-813.0
19.0,165.0,-1028.0
-13.0,214.0,-1177.0
-21.0,124.0,-1122.0
-33.0,-64.0,-1028.0
-11.0,19.0,-1001.0
39.0,-5.0,-1005.0
0.0,17.0,-950.0
-19.0,-117.0,-960.0
-40.0,11.0,-1057.0
-11.0,191.0,-1048.0
-54.0,187.0,-946.0
-31.0,109.0,-974.0
-33.0,-35.0,-1126.0
66.0,-68.0,-1143.0
13.0,-130.0,-1015.0
-37.0,-7.0,-825.0
-44.0,93.0,-897.0
70.0,197.0,-1075.0
-33.0,99.0,-1095.0
-37.0,80.0,-1054.0
-31.0,-31.0,-1054.0
-1.0,0.0,-1046.0
60.0,-68.0,-983.0
11.0,-66.0,-944.0
-50.0,37.0,-979.0
-9.0,156.0,-993.0
-15.0,179.0,-981.0
-15.0,119.0,-1016.0
-37.0,-54.0,-1173.0
42.0,-66.0,-1210.0
33.0,-70.0,-979.0
-44.0,3.0,-798.0
-11.0,-7.0,-851.0
-19.0,204.0,-1032.0
1.0,109.0,-1118.0
-50.0,163.0,-1108.0
0.0,0.0,-1136.0
3.0,-70.0,-1102.0
70.0,-115.0,-888.0
-60.0,-17.0,-808.0
-9.0,5.0,-962.0
-25.0,251.0,-1136.0
-1.0,128.0,-1147.0
-33.0,31.0,-1071.0
-29.0,-56.0,-997.0
-21.0,52.0,-985.0
74.0,21.0,-968.0
-17.0,-91.0,-1009.0
-17.0,-60.0,-1040.0
-33.0,132.0,-1020.0
40.0,203.0,-987.0
-64.0,163.0,-976.0
-33.0,-13.0,-1057.0
21.0,-70.0,-1165.0
81.0,-68.0,-1095.0
-5.0,-64.0,-872.0
-68.0,17.0,-851.0
35.0,142.0,-999.0
9.0,169.0,-1089.0
-50.0,60.0,-1063.0
-62.0,37.0,-1057.0
19.0,5.0,-1050.0
81.0,-48.0,-1040.0
-7.0,-70.0,-927.0
-60.0,-44.0,-942.0
19.0,56.0,-989.0
-37.0,261.0,-1015.0
-31.0,146.0,-983.0
-50.0,-21.0,-1132.0
25.0,-35.0,-1171.0
42.0,-35.0,-1079.0
11.0,-72.0,-849.0
-80.0,-17.0,-821.0
39.0,81.0,-960.0
-17.0,154.0,-1118.0
-48.0,158.0,-1098.0
-56.0,66.0,-1139.0
33.0,-44.0,-1093.0
62.0,-48.0,-966.0
-15.0,-93.0,-825.0
-46.0,-37.0,-892.0
-17.0,148.0,-1073.0
9.0,238.0,-1145.0
-46.0,46.0,-1087.0
-39.0,-25.0,-985.0
13.0,0.0,-991.0
27.0,-9.0,-1007.0
9.0,-19.0,-985.0
-42.0,-101.0,-993.0
-17.0,5.0,-1036.0
7.0,203.0,-1026.0
-62.0,185.0,-940.0
-19.0,95.0,-987.0
9.0,-42.0,-1153.0
74.0,-87.0,-1171.0
-23.0,-146.0,-931.0
-54.0,-7.0,-849.0
-56.0,165.0,-925.0
44.0,169.0,-1108.0
-64.0,107.0,-1065.0
-39.0,19.0,-1081.0
-13.0,-31.0,-1067.0
25.0,0.0,-1034.0
39.0,-62.0,-946.0
-29.0,-50.0,-944.0
-5.0,15.0,-976.0
-5.0,204.0,-995.0
-39.0,187.0,-1015.0
-17.0,72.0,-1057.0
-27.0,-7.0,-1128.0
64.0,-83.0,-1147.0
31.0,-66.0,-942.0
-21.0,-64.0,-784.0
-52.0,109.0,-886.0
25.0,146.0,-1059.0
-33.0,130.0,-1114.0
-35.0,85.0,-1093.0
11.0,1.0,-1112.0
62.0,-64.0,-1044.0
29.0,-91.0,-884.0
-25.0,-54.0,-819.0
-31.0,56.0,-1013.0
5.0,212.0,-1143.0
-48.0,140.0,-1124.0
-42.0,42.0,-999.0
-15.0,-58.0,-1015.0
1.0,29.0,-991.0
46.0,-23.0,-999.0
5.0,-37.0,-1005.0
-44.0,-70.0,-1028.0
17.0,124.0,-997.0
-50.0,191.0,-921.0
-11.0,181.0,-985.0
-21.0,-5.0,-1143.0
66.0,-76.0,-1188.0
52.0,-113.0,-1024.0
-17.0,-19.0,-821.0
-46.0,56.0,-874.0
19.0,165.0,-1026.0
-25.0,162.0,-1122.0
-39.0,37.0,-1073.0
-9.0,-11.0,-1059.0
7.0,19.0,-1054.0
66.0,-31.0,-979.0
5.0,-50.0,-919.0
-39.0,-78.0,-964.0
-9.0,158.0,-1013.0
-13.0,204.0,-1005.0
-44.0,128.0,-1036.0
-50.0,21.0,-1102.0
42.0,-74.0,-1204.0
66.0,-48.0,-1024.0
-17.0,-39.0,-817.0
-52.0,23.0,-845.0
-29.0,138.0,-1020.0
31.0,136.0,-1145.0
-52.0,134.0,-1102.0
-21.0,5.0,-1089.0
13.0,-35.0,-1054.0
70.0,-40.0,-956.0
-35.0,-66.0,-860.0
-44.0,-35.0,-940.0
-31.0,162.0,-1122.0
0.0,195.0,-1110.0
-46.0,80.0,-1016.0
-44.0,-21.0,-1001.0
-29.0,-1.0,-1052.0
93.0,1.0,-1003.0
-7.0,-9.0,-1005.0
-62.0,-117.0,-1003.0
-21.0,29.0,-1009.0
0.0,220.0,-936.0
-37.0,171.0,-954.0
-60.0,101.0,-1097.0
15.0,-9.0,-1204.0
99.0,-152.0,-1141.0
-40.0,-70.0,-878.0
-81.0,-9.0,-808.0
9.0,154.0,-948.0
9.0,206.0,-1130.0
-42.0,93.0,-1122.0
-64.0,-31.0,-1065.0
5.0,-13.0,-1075.0
39.0,17.0,-1003.0
33.0,-74.0,-919.0
-62.0,-78.0,-913.0
-13.0,76.0,-1001.0
-11.0,169.0,-1054.0
-46.0,167.0,-1001.0
-78.0,121.0,-1015.0
31.0,-62.0,-1188.0
46.0,-50.0,-1097.0
21.0,-78.0,-884.0
-78.0,-80.0,-796.0
5.0,142.0,-938.0
-1.0,160.0,-1122.0
-21.0,140.0,-1128.0
-54.0,81.0,-1102.0
13.0,-29.0,-1030.0
40.0,-50.0,-1001.0
-11.0,-81.0,-870.0
-31.0,-40.0,-946.0
-40.0,80.0,-1016.0
37.0,195.0,-1126.0
-70.0,138.0,-1046.0
-9.0,3.0,-1005.0
-46.0,-40.0,-1001.0
52.0,15.0,-1030.0
-11.0,-29.0,-1034.0
7.0,-70.0,-989.0
-40.0,-21.0,-983.0
19.0,124.0,-958.0
-7.0,203.0,-954.0
-29.0,179.0,-1015.0
-1.0,-46.0,-1188.0
44.0,-97.0,-1210.0
3.0,-117.0,-970.0
0.0,-39.0,-776.0
-25.0,115.0,-849.0
21.0,240.0,-1087.0
0.0,74.0,-1153.0
-40.0,37.0,-1071.0
-31.0,-29.0,-1056.0
9.0,-9.0,-1042.0
50.0,-15.0,-962.0
-1.0,-66.0,-897.0
-48.0,-13.0,-974.0
-3.0,128.0,-1057.0
-54.0,201.0,-1030.0
-31.0,117.0,-1001.0
-29.0,-31.0,-1134.0
78.0,-44.0,-1134.0
56.0,-97.0,-1018.0
0.0,-13.0,-806.0
-40.0,19.0,-858.0
64.0,189.0,-1071.0
-44.0,105.0,-1149.0
-25.0,138.0,-1077.0
-35.0,-48.0,-1030.0
52.0,-13.0,-1030.0
13.0,-64.0,-923.0
11.0,-62.0,-952.0
-56.0,-9.0,-999.0
13.0,169.0,-1065.0
-40.0,185.0,-1075.0
-29.0,81.0,-1007.0
-62.0,-13.0,-1034.0
62.0,0.0,-1038.0
29.0,-7.0,-1069.0
13.0,-56.0,-989.0
-80.0,-78.0,-966.0
29.0,109.0,-940.0
-1.0,203.0,-1003.0
-60.0,181.0,-958.0
-58.0,27.0,-1143.0
37.0,-72.0,-1194.0
66.0,-91.0,-1083.0
31.0,-48.0,-823.0
-60.0,1.0,-786.0
-9.0,216.0,-974.0
13.0,150.0,-1167.0
-42.0,89.0,-1143.0
-56.0,-21.0,-1032.0
5.0,15.0,-1042.0
81.0,-1.0,-1007.0
-5.0,-50.0,-909.0
-62.0,-81.0,-956.0
-3.0,109.0,-1011.0
13.0,152.0,-1081.0
-68.0,204.0,-1001.0
-42.0,39.0,-1050.0
31.0,-44.0,-1145.0
74.0,-76.0,-1112.0
-23.0,-50.0,-856.0
-89.0,-17.0,-804.0
-1.0,85.0,-1001.0
-5.0,203.0,-1132.0
-42.0,136.0,-1106.0
-23.0,31.0,-1054.0
-23.0,-21.0,-1018.0
66.0,-48.0,-995.0
11.0,-44.0,-948.0
-35.0,-42.0,-970.0
-39.0,78.0,-1026.0
5.0,224.0,-1075.0
-48.0,105.0,-997.0
-37.0,13.0,-991.0
-15.0,-19.0,-1069.0
33.0,-5.0,-1077.0
42.0,-70.0,-1001.0
-64.0,-66.0,-915.0
-17.0,13.0,-976.0
-19.0,142.0,-993.0
-35.0,206.0,-958.0
-54.0,165.0,-1061.0
25.0,-74.0,-1239.0
70.0,-107.0,-1130.0
17.0,-126.0,-909.0
-13.0,-48.0,-757.0
-31.0,199.0,-923.0
37.0,222.0,-1116.0
-25.0,23.0,-1163.0
-37.0,37.0,-1071.0
-23.0,-42.0,-1026.0
56.0,21.0,-1015.0
40.0,-48.0,-929.0
-48.0,-50.0,-925.0
-37.0,-13.0,-1003.0
5.0,130.0,-1067.0
-56.0,232.0,-999.0
-15.0,117.0,-1003.0
-23.0,-44.0,-1126.0
50.0,-64.0,-1149.0
37.0,-122.0,-935.0
-33.0,21.0,-823.0
-25.0,33.0,-901.0
31.0,173.0,-1097.0
-11.0,163.0,-1136.0
-29.0,76.0,-1073.0
-15.0,-39.0,-1005.0
-9.0,-52.0,-1003.0
37.0,-35.0,-977.0
-15.0,-58.0,-968.0
-7.0,7.0,-989.0
-21.0,177.0,-1036.0
0.0,140.0,-1016.0
-35.0,70.0,-1018.0
-50.0,-17.0,-1036.0
46.0,-9.0,-1095.0
29.0,-27.0,-1063.0
0.0,-64.0,-942.0
-58.0,-56.0,-923.0
54.0,95.0,-970.0
5.0,204.0,-1003.0
-33.0,201.0,-1030.0
-64.0,1.0,-1167.0
52.0,-115.0,-1188.0
44.0,-111.0,-1020.0
-33.0,-19.0,-772.0
-39.0,56.0,-808.0
21.0,228.0,-1056.0
-7.0,136.0,-1208.0
-44.0,29.0,-1106.0
-11.0,-39.0,-1030.0
-11.0,37.0,-1026.0
85.0,-19.0,-954.0
-15.0,-64.0,-938.0
-37.0,-76.0,-976.0
-5.0,99.0,-1056.0
3.0,238.0,-1028.0
-33.0,171.0,-987.0
-39.0,-19.0,-1069.0
48.0,-76.0,-1151.0
58.0,-54.0,-1056.0
-17.0,-9.0,-872.0
-68.0,-23.0,-835.0
27.0,138.0,-1007.0
-1.0,167.0,-1175.0
-25.0,81.0,-1079.0
-37.0,40.0,-1005.0
11.0,-19.0,-999.0
68.0,-40.0,-1042.0
11.0,-74.0,-944.0
-35.0,-56.0,-972.0
-13.0,148.0,-1020.0
1.0,210.0,-1054.0
-54.0,78.0,-997.0
-39.0,19.0,-1018.0
9.0,-7.0,-1134.0
54.0,-3.0,-1126.0
7.0,-74.0,-948.0
-72.0,-80.0,-884.0
5.0,50.0,-931.0
1.0,142.0,-1052.0
-68.0,273.0,-993.0
-52.0,101.0,-1112.0
23.0,-54.0,-1186.0
64.0,-93.0,-1124.0
-1.0,-130.0,-815.0
-70.0,19.0,-776.0
-21.0,163.0,-942.0
33.0,216.0,-1188.0
-52.0,25.0,-1139.0
-40.0,-9.0,-1077.0
-27.0,5.0,-1003.0
70.0,11.0,-995.0
-3.0,-44.0,-925.0
-46.0,-70.0,-944.0
-25.0,3.0,-1061.0
-5.0,224.0,-1061.0
-83.0,193.0,-983.0
0.0,76.0,-1018.0
-52.0,-46.0,-1102.0
144.0,-48.0,-1126.0
-11.0,-97.0,-931.0
-5.0,-25.0,-845.0
-56.0,80.0,-931.0
54.0,197.0,-1106.0
-1.0,115.0,-1132.0
-54.0,62.0,-1026.0
-35.0,0.0,-1007.0
23.0,-39.0,-1030.0
37.0,-80.0,-1003.0
29.0,-76.0,-940.0
-50.0,78.0,-987.0
35.0,197.0,-1034.0
-76.0,130.0,-1003.0
3.0,46.0,-958.0
-31.0,-35.0,-1116.0
91.0,-19.0,-1165.0
7.0,-48.0,-1038.0
-7.0,-54.0,-821.0
-44.0,-44.0,-895.0
52.0,162.0,-1024.0
-70.0,197.0,-1040.0
-1.0,177.0,-1069.0
-66.0,-27.0,-1157.0
89.0,-87.0,-1175.0
33.0,-218.0,-913.0
-15.0,56.0,-733.0
-39.0,72.0,-903.0
35.0,234.0,-1136.0
-54.0,105.0,-1182.0
-7.0,-5.0,-1071.0
-19.0,-1.0,-1003.0
48.0,33.0,-1005.0
17.0,-33.0,-944.0
13.0,-76.0,-942.0
-46.0,-70.0,-1011.0
9.0,146.0,-1056.0
-3.0,201.0,-1046.0
-23.0,165.0,-979.0
-39.0,-25.0,-1044.0
81.0,-81.0,-1163.0
0.0,-40.0,-1040.0
9.0,-62.0,-886.0
-78.0,29.0,-866.0
17.0,171.0,-1034.0
-23.0,130.0,-1134.0
-17.0,95.0,-1069.0
-42.0,7.0,-989.0
13.0,9.0,-1036.0
62.0,-81.0,-1050.0
0.0,-50.0,-974.0
-74.0,-40.0,-942.0
-3.0,156.0,-1018.0
-19.0,201.0,-1011.0
-50.0,93.0,-991.0
-62.0,-23.0,-1091.0
37.0,15.0,-1173.0
91.0,-76.0,-1120.0
-5.0,3.0,-882.0
-89.0,-62.0,-839.0
42.0,64.0,-966.0
-7.0,152.0,-1073.0
-50.0,204.0,-1071.0
-56.0,85.0,-1138.0
35.0,-52.0,-1167.0
60.0,-103.0,-1007.0
-3.0,-89.0,-810.0
-76.0,23.0,-823.0
-7.0,208.0,-1022.0
0.0,163.0,-1194.0
-23.0,13.0,-1138.0
-48.0,-29.0,-1001.0
46.0,9.0,-1007.0
31.0,27.0,-970.0
-7.0,-40.0,-976.0
-56.0,-146.0,-964.0
-9.0,87.0,-1091.0
-9.0,191.0,-1050.0
-66.0,232.0,-960.0
-54.0,27.0,-1011.0
-19.0,-19.0,-1175.0
109.0,-111.0,-1081.0
17.0,-66.0,-913.0
-66.0,1.0,-839.0
-15.0,111.0,-976.0
33.0,146.0,-1112.0
-15.0,140.0,-1087.0
-31.0,13.0,-1018.0
-11.0,39.0,-1016.0
29.0,-42.0,-1073.0
-7.0,-107.0,-1011.0
-66.0,-54.0,-942.0
-25.0,105.0,-979.0
11.0,165.0,-1036.0
-74.0,185.0,-977.0
-5.0,0.0,-1016.0
-1.0,-21.0,-1173.0
66.0,-52.0,-1167.0
-11.0,-31.0,-946.0
-29.0,-74.0,-786.0
-13.0,46.0,-921.0
25.0,156.0,-1069.0
-46.0,169.0,-1063.0
-44.0,140.0,-1102.0
-17.0,-23.0,-1143.0
56.0,-91.0,-1085.0
9.0,-126.0,-845.0
-35.0,-44.0,-794.0
-27.0,126.0,-976.0
9.0,234.0,-1167.0
-25.0,109.0,-1141.0
-48.0,-40.0,-1044.0
-15.0,-29.0,-997.0
9.0,48.0,-1001.0
48.0,-9.0,-962.0
-19.0,-76.0,-952.0
-27.0,-54.0,-1056.0
-15.0,119.0,-1030.0
-39.0,249.0,-977.0
7.0,148.0,-956.0
-52.0,-50.0,-1114.0
107.0,-99.0,-1141.0
-5.0,-109.0,-1036.0
-7.0,0.0,-817.0
-72.0,72.0,-882.0
78.0,216.0,-1050.0
-29.0,54.0,-1116.0
-27.0,70.0,-1050.0
-66.0,-19.0,-1044.0
33.0,40.0,-1046.0
91.0,-68.0,-1001.0
37.0,-78.0,-936.0
-70.0,0.0,-972.0
35.0,107.0,-1009.0
-15.0,249.0,-993.0
-9.0,83.0,-983.0
-80.0,-64.0,-1141.0
113.0,-58.0,-1194.0
1.0,-42.0,-1022.0
46.0,-3.0,-823.0
-78.0,-9.0,-833.0
81.0,105.0,-1001.0
-35.0,115.0,-1112.0
-5.0,169.0,-1075.0
-46.0,17.0,-1149.0
58.0,-56.0,-1098.0
39.0,-109.0,-925.0
11.0,-56.0,-792.0
-31.0,-15.0,-927.0
-21.0,267.0,-1098.0
-9.0,169.0,-1155.0
-33.0,-3.0,-1081.0
-44.0,-31.0,-985.0
21.0,31.0,-987.0
64.0,29.0,-976.0
0.0,-70.0,-977.0
-76.0,-89.0,-1032.0
29.0,89.0,-1030.0
-5.0,204.0,-1016.0
-39.0,187.0,-954.0
-62.0,11.0,-1034.0
56.0,-39.0,-1147.0
66.0,-95.0,-1110.0
7.0,-70.0,-880.0
-66.0,25.0,-872.0
7.0,117.0,-964.0
-7.0,162.0,-1104.0
-62.0,115.0,-1073.0
-46.0,3.0,-1075.0
11.0,25.0,-1052.0
39.0,-44.0,-1040.0
-15.0,-66.0,-960.0
-74.0,-85.0,-938.0
23.0,115.0,-1016.0
-44.0,236.0,-1007.0
-62.0,140.0,-1009.0
-64.0,35.0,-1069.0
15.0,-13.0,-1169.0
83.0,-56.0,-1132.0
-23.0,-35.0,-878.0
-68.0,-76.0,-804.0
25.0,99.0,-929.0
-9.0,181.0,-1108.0
-39.0,117.0,-1087.0
-80.0,121.0,-1145.0
29.0,5.0,-1126.0
64.0,-105.0,-1003.0
-7.0,-70.0,-810.0
-35.0,-81.0,-870.0
-31.0,171.0,-1032.0
11.0,210.0,-1171.0
-68.0,89.0,-1093.0
-13.0,-35.0,-1015.0
-31.0,-25.0,-985.0
52.0,35.0,-1003.0
-3.0,-19.0,-983.0
-21.0,-72.0,-1005.0
-46.0,-19.0,-1038.0
23.0,148.0,-1038.0
-83.0,224.0,-954.0
11.0,146.0,-970.0
-39.0,-46.0,-1157.0
97.0,-81.0,-1186.0
5.0,-144.0,-979.0
-29.0,5.0,-812.0
-21.0,119.0,-925.0
29.0,183.0,-1052.0
-27.0,72.0,-1081.0
-50.0,72.0,-1054.0
11.0,-21.0,-1083.0
-3.0,-29.0,-1026.0
40.0,-39.0,-960.0
-11.0,-60.0,-917.0
-33.0,-7.0,-983.0
-23.0,197.0,-1013.0
-27.0,160.0,-995.0
-13.0,95.0,-1048.0
-11.0,-19.0,-1134.0
66.0,-54.0,-1169.0
25.0,-81.0,-981.0
-23.0,-11.0,-808.0
-31.0,27.0,-892.0
-3.0,165.0,-1040.0
-27.0,130.0,-1100.0
-48.0,136.0,-1095.0
17.0,-3.0,-1141.0
9.0,-64.0,-1077.0
42.0,-95.0,-854.0
-37.0,-64.0,-819.0
-19.0,42.0,-974.0
-5.0,232.0,-1155.0
-21.0,154.0,-1138.0
-42.0,44.0,-1018.0
0.0,-56.0,-983.0
-13.0,15.0,-989.0
62.0,5.0,-993.0
-25.0,-29.0,-1005.0
-31.0,-78.0,-1052.0
-11.0,83.0,-1026.0
-27.0,195.0,-940.0
-39.0,185.0,-948.0
-35.0,37.0,-1124.0
50.0,-76.0,-1182.0
56.0,-107.0,-1077.0
-7.0,-42.0,-845.0
-48.0,42.0,-851.0
42.0,167.0,-997.0
-15.0,165.0,-1114.0
-13.0,35.0,-1098.0
-56.0,-15.0,-1071.0
52.0,11.0,-1059.0
66.0,-29.0,-989.0
27.0,-48.0,-927.0
-13.0,-95.0,-935.0
60.0,134.0,-1018.0
5.0,214.0,-1028.0
-40.0,121.0,-995.0
-42.0,81.0,-1069.0
-21.0,-62.0,-1192.0
78.0,-60.0,-1093.0
-29.0,-80.0,-862.0
-72.0,23.0,-835.0
337.0,136.0,-899.0
27.0,173.0,-1120.0
431.0,15.0,-1118.0
521.0,181.0,-1059.0
423.0,-85.0,-1132.0
1280.0,11.0,-774.0
702.0,-165.0,-1048.0
1223.0,-29.0,-841.0
944.0,226.0,-1054.0
1311.0,152.0,-1266.0
1063.0,62.0,-1128.0
1141.0,1.0,-1141.0
1239.0,13.0,-962.0
1259.0,130.0,-1022.0
1368.0,-195.0,-897.0
1097.0,-39.0,-1034.0
1354.0,165.0,-835.0
1011.0,154.0,-1024.0
1194.0,-44.0,-794.0
862.0,189.0,-1007.0
1138.0,119.0,-1050.0
895.0,-68.0,-1165.0
1044.0,-236.0,-845.0
739.0,-25.0,-774.0
929.0,327.0,-907.0
839.0,154.0,-1130.0
769.0,-40.0,-1139.0
841.0,-1.0,-1067.0
817.0,148.0,-1108.0
993.0,-5.0,-1005.0
976.0,-204.0,-991.0
1098.0,-40.0,-886.0
964.0,302.0,-1020.0
1143.0,206.0,-1085.0
1052.0,-39.0,-1063.0
1179.0,85.0,-1108.0
1153.0,83.0,-1192.0
1208.0,9.0,-1200.0
1292.0,-302.0,-977.0
1221.0,1.0,-909.0
1266.0,292.0,-837.0
1233.0,216.0,-1056.0
1212.0,-44.0,-999.0
1221.0,39.0,-1106.0
1315.0,103.0,-1077.0
1264.0,13.0,-1013.0
1385.0,-245.0,-782.0
1329.0,-87.0,-778.0
1278.0,331.0,-890.0
1305.0,177.0,-1057.0
1188.0,-62.0,-1114.0
1210.0,-80.0,-1032.0
999.0,220.0,-1007.0
1165.0,5.0,-977.0
1069.0,-29.0,-1059.0
1175.0,-91.0,-1038.0
1059.0,232.0,-938.0
1298.0,111.0,-858.0
1106.0,23.0,-890.0
1220.0,191.0,-1009.0
1169.0,218.0,-1122.0
1284.0,-40.0,-1241.0
1253.0,-384.0,-1097.0
1290.0,-54.0,-958.0
1286.0,363.0,-804.0
1317.0,216.0,-1016.0
1419.0,138.0,-1075.0
1225.0,5.0,-1212.0
1229.0,85.0,-1024.0
1344.0,-109.0,-1028.0
1446.0,-162.0,-1028.0
1380.0,-27.0,-972.0
1413.0,187.0,-774.0
1358.0,206.0,-960.0
1395.0,-50.0,-1007.0
1430.0,140.0,-977.0
1450.0,261.0,-1052.0
1499.0,-87.0,-1180.0
1440.0,-290.0,-1087.0
1467.0,-206.0,-909.0
1194.0,140.0,-837.0
1237.0,329.0,-835.0
1323.0,-89.0,-1013.0
1286.0,292.0,-1192.0
1177.0,154.0,-1151.0
1138.0,-31.0,-1052.0
1167.0,-185.0,-821.0
1221.0,-195.0,-778.0
1378.0,357.0,-854.0
1241.0,169.0,-1214.0
1321.0,-208.0,-1237.0
1317.0,122.0,-1112.0
1360.0,173.0,-1028.0
1264.0,165.0,-905.0
1288.0,-179.0,-960.0
1327.0,-64.0,-1110.0
1303.0,39.0,-1098.0
1464.0,134.0,-1026.0
1179.0,275.0,-944.0
1339.0,117.0,-917.0
1200.0,70.0,-1018.0
1647.0,-74.0,-1059.0
1301.0,-81.0,-1098.0
1387.0,-15.0,-983.0
1139.0,261.0,-894.0
1411.0,-105.0,-843.0
1264.0,179.0,-1013.0
1278.0,-109.0,-1065.0
1264.0,501.0,-1155.0
1477.0,29.0,-1048.0
1460.0,-244.0,-997.0
1294.0,15.0,-862.0
1368.0,-187.0,-931.0
1294.0,173.0,-993.0
1495.0,109.0,-1009.0
1190.0,52.0,-1098.0
1479.0,-9.0,-1052.0
964.0,402.0,-1296.0
1467.0,-19.0,-936.0
1218.0,-345.0,-858.0
1342.0,169.0,-749.0
1018.0,52.0,-1075.0
1356.0,-60.0,-950.0
1145.0,206.0,-1118.0
1276.0,361.0,-1098.0
1259.0,85.0,-1114.0
1108.0,-72.0,-905.0
1329.0,-162.0,-847.0
1370.0,-150.0,-730.0
1421.0,351.0,-1116.0
1442.0,113.0,-1151.0
1618.0,214.0,-1071.0
1401.0,-21.0,-995.0
1413.0,154.0,-1036.0
1407.0,-50.0,-958.0
1503.0,54.0,-938.0
1260.0,-316.0,-1067.0
1208.0,13.0,-1165.0
1169.0,378.0,-952.0
1155.0,271.0,-827.0
1108.0,64.0,-903.0
954.0,-109.0,-1155.0
1130.0,72.0,-1114.0
1122.0,181.0,-778.0
1112.0,-368.0,-794.0
794.0,68.0,-1106.0
819.0,-187.0,-921.0
772.0,314.0,-921.0
804.0,255.0,-880.0
704.0,56.0,-1257.0
772.0,-331.0,-1268.0
593.0,46.0,-1069.0
813.0,-3.0,-794.0
450.0,228.0,-976.0
677.0,27.0,-919.0
388.0,238.0,-782.0
610.0,80.0,-1153.0
353.0,169.0,-1344.0
347.0,-163.0,-1122.0
456.0,31.0,-1011.0
271.0,-95.0,-905.0
185.0,-117.0,-696.0
357.0,308.0,-919.0
208.0,245.0,-1067.0
244.0,111.0,-1184.0
195.0,-31.0,-1132.0
99.0,-3.0,-1231.0
300.0,-132.0,-917.0
181.0,-29.0,-776.0
281.0,-136.0,-745.0
52.0,396.0,-890.0
142.0,62.0,-1022.0
187.0,115.0,-1149.0
267.0,-359.0,-1305.0
-13.0,339.0,-1052.0
242.0,-240.0,-913.0
177.0,185.0,-894.0
273.0,-224.0,-888.0
316.0,-134.0,-788.0
146.0,245.0,-1026.0
201.0,318.0,-1239.0
193.0,115.0,-1065.0
372.0,109.0,-1098.0
183.0,-83.0,-1048.0
281.0,-60.0,-839.0
218.0,-46.0,-769.0
62.0,179.0,-993.0
294.0,80.0,-1089.0
70.0,130.0,-1124.0
122.0,-25.0,-993.0
-23.0,115.0,-1120.0
353.0,-19.0,-839.0
203.0,-39.0,-835.0
27.0,-257.0,-833.0
-81.0,-78.0,-1065.0
462.0,216.0,-1030.0
-126.0,411.0,-946.0
62.0,230.0,-1011.0
-1.0,-247.0,-1233.0
242.0,-103.0,-1200.0
183.0,-117.0,-810.0
-33.0,44.0,-800.0
-3.0,11.0,-870.0
318.0,-171.0,-1212.0
-23.0,105.0,-1030.0
-25.0,456.0,-913.0
95.0,-13.0,-1194.0
-5.0,64.0,-1032.0
341.0,-212.0,-880.0
-76.0,292.0,-761.0
240.0,-357.0,-1003.0
-13.0,347.0,-1145.0
83.0,189.0,-1145.0
70.0,136.0,-956.0
150.0,-294.0,-1122.0
-117.0,169.0,-1124.0
1.0,-17.0,-862.0
-21.0,-70.0,-847.0
144.0,-54.0,-755.0
-167.0,-42.0,-1231.0
56.0,-13.0,-964.0
0.0,402.0,-1009.0
-111.0,296.0,-981.0
46.0,93.0,-1106.0
279.0,-310.0,-1079.0
-27.0,-515.0,-950.0
-85.0,413.0,-790.0
199.0,296.0,-903.0
117.0,121.0,-1214.0
-122.0,-216.0,-1081.0
-42.0,-109.0,-1003.0
154.0,476.0,-1075.0
44.0,-70.0,-853.0
-80.0,40.0,-650.0
220.0,-427.0,-960.0
-204.0,162.0,-1079.0
99.0,320.0,-948.0
-128.0,-39.0,-878.0
117.0,80.0,-1262.0
-50.0,185.0,-1212.0
27.0,-42.0,-804.0
-11.0,97.0,-737.0
-52.0,-201.0,-1108.0
-29.0,324.0,-1044.0
64.0,-40.0,-813.0
89.0,-130.0,-1163.0
-17.0,-42.0,-1284.0
-68.0,376.0,-929.0
148.0,9.0,-710.0
-89.0,-212.0,-1097.0
-27.0,-345.0,-1067.0
-134.0,189.0,-950.0
-232.0,107.0,-1013.0
-167.0,244.0,-1143.0
-187.0,-76.0,-1022.0
-136.0,105.0,-954.0
-195.0,187.0,-1028.0
-124.0,50.0,-866.0
-275.0,-132.0,-944.0
-230.0,-398.0,-1001.0
-181.0,203.0,-1013.0
-407.0,329.0,-911.0
-466.0,366.0,-907.0
-575.0,-64.0,-1122.0
-884.0,-304.0,-1274.0
-550.0,3.0,-772.0
-1532.0,271.0,-1016.0
-817.0,-17.0,-735.0
-1374.0,-119.0,-1280.0
-1339.0,275.0,-1007.0
-1657.0,-76.0,-960.0
-1389.0,-11.0,-933.0
-1266.0,-411.0,-1034.0
-1653.0,525.0,-790.0
-1270.0,203.0,-659.0
-1672.0,-179.0,-1054.0
-1134.0,-423.0,-1003.0
-1428.0,593.0,-1151.0
-1163.0,95.0,-1159.0
-1504.0,64.0,-1253.0
-851.0,-353.0,-1126.0
-1056.0,279.0,-1024.0
-1114.0,-286.0,-938.0
-1186.0,-113.0,-888.0
-860.0,7.0,-923.0
-1087.0,294.0,-1110.0
-936.0,-3.0,-1348.0
-933.0,64.0,-1069.0
-913.0,44.0,-1011.0
-774.0,345.0,-958.0
-808.0,-46.0,-757.0
-767.0,-355.0,-691.0
-903.0,0.0,-1130.0
-1024.0,298.0,-1044.0
-681.0,37.0,-1175.0
-880.0,-76.0,-1147.0
-940.0,445.0,-753.0
-1054.0,31.0,-689.0
-1272.0,144.0,-733.0
-966.0,-650.0,-823.0
-1296.0,468.0,-1059.0
-1145.0,329.0,-1206.0
-1481.0,-52.0,-1198.0
-1089.0,-437.0,-1073.0
-1575.0,169.0,-1016.0
-1544.0,255.0,-882.0
-1504.0,-56.0,-778.0
-1262.0,-402.0,-997.0
-1405.0,655.0,-1288.0
-1391.0,58.0,-1046.0
-1366.0,-17.0,-1161.0
-1054.0,-415.0,-1104.0
-1385.0,345.0,-870.0
-1391.0,87.0,-870.0
-1165.0,-568.0,-882.0
-1110.0,9.0,-1100.0
-1095.0,638.0,-991.0
-1391.0,226.0,-1403.0
-931.0,-599.0,-1149.0
-1216.0,58.0,-1333.0
-1075.0,569.0,-786.0
-1350.0,-58.0,-720.0
-1184.0,-476.0,-870.0
-1190.0,-488.0,-1046.0
-1393.0,591.0,-1141.0
-1376.0,156.0,-985.0
-1358.0,191.0,-1206.0
-1120.0,-271.0,-1059.0
-1479.0,160.0,-882.0
-1309.0,15.0,-675.0
-1382.0,-185.0,-810.0
-1241.0,40.0,-1120.0
-1380.0,134.0,-1198.0
-1503.0,193.0,-1245.0
-1315.0,-76.0,-987.0
-1383.0,80.0,-1212.0
-1061.0,111.0,-866.0
-1581.0,0.0,-671.0
-1278.0,-99.0,-733.0
-1350.0,-247.0,-1190.0
-1424.0,277.0,-1220.0
-1311.0,11.0,-1167.0
-1514.0,296.0,-1179.0
-1018.0,-185.0,-1151.0
-1532.0,286.0,-1073.0
-1171.0,5.0,-753.0
-1452.0,-93.0,-890.0
-903.0,-107.0,-974.0
-1452.0,277.0,-1194.0
-1165.0,-181.0,-1073.0
-1508.0,-206.0,-1161.0
-1180.0,107.0,-1114.0
-1300.0,363.0,-1011.0
-1243.0,150.0,-831.0
-1210.0,-357.0,-722.0
-1253.0,-31.0,-1042.0
-1149.0,302.0,-997.0
-1288.0,70.0,-1136.0
-1188.0,-281.0,-1102.0
-1186.0,-121.0,-1257.0
-1249.0,277.0,-1097.0
-1319.0,-56.0,-794.0
-1395.0,80.0,-786.0
-1260.0,-331.0,-970.0
-1524.0,372.0,-1089.0
-1319.0,54.0,-1054.0
-1616.0,0.0,-1169.0
-1290.0,-111.0,-1130.0
-1374.0,363.0,-1020.0
-1284.0,-25.0,-921.0
-1473.0,-310.0,-858.0
-1278.0,-181.0,-897.0
-1331.0,333.0,-1059.0
-1364.0,173.0,-1169.0
-1460.0,39.0,-1151.0
-1268.0,-146.0,-1200.0
-1360.0,203.0,-1083.0
-1315.0,154.0,-903.0
-1518.0,-201.0,-751.0
-1354.0,-203.0,-944.0
-1294.0,212.0,-1124.0
-1342.0,162.0,-1079.0
-1497.0,-15.0,-1046.0
-1241.0,-255.0,-1175.0
-1276.0,374.0,-1134.0
-1231.0,-11.0,-831.0
-1503.0,-29.0,-765.0
-1139.0,-368.0,-1011.0
-1372.0,292.0,-1171.0
-1262.0,150.0,-1083.0
-1464.0,-74.0,-1075.0
-1138.0,27.0,-1196.0
-1120.0,111.0,-1056.0
-1171.0,193.0,-810.0
-1073.0,-302.0,-720.0
-1065.0,-124.0,-1030.0
-903.0,103.0,-1026.0
-1145.0,193.0,-1130.0
-919.0,-15.0,-1122.0
-888.0,-111.0,-1333.0
-812.0,409.0,-1083.0
-878.0,15.0,-876.0
-919.0,-201.0,-763.0
-751.0,-165.0,-983.0
-765.0,162.0,-1098.0
-774.0,136.0,-1028.0
-806.0,-99.0,-1098.0
-583.0,-54.0,-1161.0
-685.0,290.0,-1073.0
-550.0,52.0,-907.0
-609.0,-171.0,-804.0
-413.0,-158.0,-956.0
-466.0,298.0,-952.0
-462.0,144.0,-1098.0
-357.0,-138.0,-1122.0
-314.0,3.0,-1262.0
-165.0,216.0,-1108.0
-296.0,80.0,-938.0
-236.0,-259.0,-800.0
-244.0,-74.0,-856.0
-195.0,261.0,-997.0
-195.0,105.0,-1071.0
-253.0,-39.0,-1106.0
-89.0,-15.0,-1171.0
-109.0,267.0,-1136.0
-99.0,66.0,-983.0
-193.0,-230.0,-843.0
-128.0,-105.0,-856.0
-103.0,160.0,-993.0
-201.0,158.0,-1085.0
-150.0,-72.0,-1095.0
-156.0,19.0,-1155.0
-93.0,257.0,-1116.0
-122.0,97.0,-1015.0
-152.0,-154.0,-837.0
-163.0,-58.0,-821.0
-134.0,78.0,-960.0
-203.0,93.0,-1046.0
-183.0,-44.0,-1139.0
-206.0,81.0,-1180.0
-111.0,154.0,-1192.0
-169.0,33.0,-1013.0
-204.0,-119.0,-839.0
-244.0,-33.0,-815.0
-197.0,121.0,-987.0
-183.0,9.0,-1098.0
-167.0,-19.0,-1098.0
-247.0,136.0,-1118.0
-105.0,146.0,-1110.0
-165.0,54.0,-1024.0
-119.0,-81.0,-853.0
-152.0,-117.0,-874.0
-111.0,74.0,-936.0
-119.0,25.0,-1050.0
-95.0,21.0,-1100.0
-89.0,165.0,-1177.0
-50.0,126.0,-1126.0
-33.0,33.0,-1042.0
-72.0,-52.0,-835.0
-124.0,-52.0,-810.0
-42.0,29.0,-913.0
-40.0,5.0,-1098.0
-48.0,9.0,-1081.0
-117.0,130.0,-1104.0
-44.0,140.0,-1169.0
-44.0,74.0,-1020.0
-13.0,-50.0,-894.0
-124.0,-39.0,-866.0
-25.0,23.0,-954.0
-78.0,-23.0,-1056.0
-23.0,91.0,-1095.0
-103.0,99.0,-1106.0
-9.0,152.0,-1122.0
-11.0,19.0,-1057.0
-5.0,-42.0,-892.0
-78.0,-66.0,-815.0
-33.0,-13.0,-929.0
-39.0,-17.0,-1018.0
-40.0,109.0,-1091.0
-81.0,134.0,-1177.0
-25.0,134.0,-1198.0
33.0,-3.0,-1069.0
-44.0,-27.0,-849.0
-76.0,-21.0,-810.0
39.0,-29.0,-931.0
54.0,-25.0,-1067.0
27.0,66.0,-1118.0
0.0,87.0,-1149.0
54.0,195.0,-1093.0
210.0,40.0,-1042.0
119.0,-31.0,-942.0
99.0,-66.0,-890.0
113.0,-42.0,-901.0
95.0,31.0,-1044.0
80.0,35.0,-1102.0
1.0,85.0,-1114.0
58.0,126.0,-1182.0
117.0,70.0,-1046.0
66.0,-33.0,-919.0
-74.0,-56.0,-782.0
-37.0,-11.0,-856.0
35.0,-50.0,-1034.0
-64.0,80.0,-1112.0
-115.0,130.0,-1098.0
-78.0,126.0,-1112.0
0.0,50.0,-1095.0
-64.0,-21.0,-950.0
-93.0,-85.0,-858.0
-66.0,-17.0,-888.0
-7.0,-5.0,-1024.0
-91.0,27.0,-1063.0
-87.0,97.0,-1095.0
-56.0,142.0,-1145.0
64.0,50.0,-1157.0
-64.0,-7.0,-972.0
-101.0,-80.0,-819.0
-76.0,-19.0,-876.0
-39.0,7.0,-1032.0
-97.0,17.0,-1112.0
-130.0,146.0,-1102.0
-64.0,81.0,-1175.0
21.0,81.0,-1106.0
-52.0,-19.0,-954.0
-78.0,-78.0,-802.0
-66.0,3.0,-821.0
-3.0,19.0,-1024.0
-76.0,-1.0,-1132.0
-83.0,70.0,-1089.0
-56.0,158.0,-1089.0
37.0,64.0,-1106.0
-25.0,-13.0,-962.0
-29.0,-76.0,-884.0
-27.0,-29.0,-888.0
29.0,5.0,-1013.0
-44.0,29.0,-1056.0
-19.0,81.0,-1059.0
-33.0,99.0,-1147.0
50.0,142.0,-1171.0
-31.0,-7.0,-983.0
-31.0,-25.0,-853.0
-29.0,-39.0,-851.0
37.0,17.0,-1011.0
-50.0,11.0,-1093.0
13.0,78.0,-1085.0
-40.0,132.0,-1079.0
103.0,107.0,-1136.0
13.0,35.0,-1009.0
11.0,-35.0,-856.0
3.0,-70.0,-913.0
5.0,46.0,-981.0
0.0,-1.0,-1016.0
-42.0,113.0,-1038.0
-25.0,91.0,-1147.0
64.0,124.0,-1175.0
0.0,13.0,-1026.0
-13.0,-42.0,-847.0
-40.0,-64.0,-851.0
33.0,13.0,-970.0
-40.0,9.0,-1036.0
-29.0,70.0,-1089.0
-50.0,130.0,-1163.0
40.0,126.0,-1171.0
-5.0,0.0,-1007.0
9.0,-35.0,-839.0
-42.0,-31.0,-862.0
42.0,5.0,-972.0
-42.0,5.0,-1065.0
11.0,37.0,-1095.0
-64.0,76.0,-1114.0
17.0,185.0,-1118.0
0.0,72.0,-1013.0
44.0,-44.0,-933.0
-64.0,-70.0,-905.0
29.0,-7.0,-966.0
-31.0,0.0,-1009.0
-29.0,76.0,-1050.0
-62.0,81.0,-1118.0
19.0,128.0,-1159.0
48.0,64.0,-1061.0
33.0,-21.0,-895.0
-72.0,-70.0,-835.0
39.0,0.0,-917.0
-7.0,-29.0,-1050.0
-7.0,58.0,-1067.0
-91.0,136.0,-1091.0
27.0,136.0,-1122.0
13.0,9.0,-1091.0
11.0,-44.0,-917.0
-56.0,-70.0,-851.0
46.0,-7.0,-946.0
-39.0,23.0,-1013.0
-39.0,56.0,-1048.0
-89.0,93.0,-1136.0
23.0,148.0,-1173.0
62.0,21.0,-1100.0
46.0,-19.0,-917.0
-56.0,-85.0,-841.0
19.0,13.0,-878.0
-13.0,-13.0,-1032.0
-23.0,50.0,-1106.0
-89.0,121.0,-1114.0
40.0,115.0,-1169.0
33.0,42.0,-1063.0
13.0,-31.0,-897.0
-60.0,-50.0,-841.0
17.0,1.0,-925.0
-3.0,-23.0,-1065.0
-76.0,60.0,-1081.0
-44.0,74.0,-1098.0
9.0,128.0,-1089.0
5.0,101.0,-1061.0
31.0,-5.0,-970.0
-44.0,-95.0,-897.0
1.0,-25.0,-894.0
-19.0,17.0,-1015.0
-39.0,35.0,-1057.0
-80.0,76.0,-1083.0
-17.0,175.0,-1141.0
99.0,25.0,-1145.0
33.0,-1.0,-935.0
-42.0,-62.0,-812.0
-15.0,-15.0,-872.0
-5.0,-9.0,-1054.0
-50.0,19.0,-1112.0
-58.0,111.0,-1056.0
3.0,134.0,-1116.0
27.0,126.0,-1112.0
19.0,-21.0,-991.0
-31.0,-66.0,-851.0
-1.0,-50.0,-911.0
-3.0,25.0,-1018.0
-58.0,29.0,-1015.0
-44.0,93.0,-1042.0
17.0,109.0,-1188.0
60.0,89.0,-1141.0
31.0,5.0,-981.0
-62.0,-85.0,-815.0
-35.0,-3.0,-851.0
46.0,-29.0,-1015.0
-56.0,25.0,-1061.0
-39.0,89.0,-1079.0
-27.0,117.0,-1159.0
54.0,107.0,-1157.0
-3.0,-5.0,-948.0
-11.0,-29.0,-839.0
-35.0,-39.0,-907.0
15.0,27.0,-1015.0
-42.0,-31.0,-1052.0
5.0,37.0,-1063.0
-66.0,160.0,-1114.0
68.0,156.0,-1118.0
0.0,42.0,-1013.0
19.0,-54.0,-915.0
-46.0,-76.0,-880.0
1.0,3.0,-956.0
-27.0,-7.0,-1024.0
-3.0,113.0,-1063.0
-35.0,107.0,-1138.0
25.0,122.0,-1188.0
17.0,0.0,-1032.0
9.0,-33.0,-831.0
-64.0,-27.0,-854.0
44.0,-5.0,-997.0
-15.0,-27.0,-1061.0
-39.0,81.0,-1085.0
-48.0,111.0,-1130.0
-17.0,163.0,-1110.0
64.0,23.0,-1036.0
19.0,-39.0,-880.0
-37.0,-54.0,-909.0
19.0,-7.0,-960.0
-31.0,40.0,-997.0
-11.0,64.0,-1063.0
-81.0,91.0,-1132.0
40.0,146.0,-1161.0
50.0,33.0,-1042.0
11.0,5.0,-897.0
-33.0,-89.0,-851.0
-9.0,-1.0,-929.0
19.0,-19.0,-1048.0
0.0,60.0,-1097.0
-76.0,136.0,-1112.0
-11.0,148.0,-1145.0
64.0,37.0,-1044.0
17.0,-48.0,-915.0
-29.0,-54.0,-866.0
-7.0,37.0,-936.0
15.0,-44.0,-1038.0
-40.0,64.0,-1075.0
-62.0,95.0,-1108.0
-9.0,152.0,-1136.0
64.0,54.0,-1069.0
35.0,-3.0,-974.0
-54.0,-93.0,-870.0
39.0,-40.0,-901.0
-23.0,9.0,-995.0
-33.0,85.0,-1100.0
-95.0,109.0,-1104.0
-31.0,167.0,-1163.0
81.0,-29.0,-1118.0
29.0,-25.0,-933.0
97.0,-25.0,-784.0
52.0,42.0,-964.0
259.0,-39.0,-1030.0
222.0,23.0,-1130.0
347.0,134.0,-1024.0
448.0,214.0,-1061.0
445.0,-42.0,-1147.0
583.0,-62.0,-940.0
493.0,-101.0,-936.0
544.0,93.0,-942.0
581.0,31.0,-1056.0
610.0,-60.0,-1071.0
517.0,154.0,-1081.0
620.0,203.0,-1138.0
665.0,85.0,-1108.0
651.0,-89.0,-952.0
542.0,-76.0,-819.0
493.0,165.0,-780.0
536.0,-60.0,-999.0
400.0,-54.0,-1073.0
411.0,72.0,-1077.0
380.0,306.0,-1061.0
386.0,91.0,-1098.0
318.0,-101.0,-1009.0
201.0,-81.0,-845.0
216.0,136.0,-866.0
206.0,17.0,-997.0
70.0,-105.0,-1081.0
97.0,44.0,-1067.0
-7.0,249.0,-1118.0
83.0,140.0,-1177.0
-25.0,-83.0,-1028.0
-64.0,-23.0,-858.0
-64.0,23.0,-845.0
-39.0,-27.0,-981.0
-97.0,-44.0,-1075.0
-70.0,138.0,-1102.0
-62.0,187.0,-1169.0
72.0,46.0,-1223.0
-37.0,-44.0,-1034.0
1.0,-46.0,-792.0
-80.0,76.0,-821.0
140.0,-31.0,-1034.0
-19.0,-48.0,-1098.0
62.0,85.0,-1085.0
66.0,128.0,-1122.0
126.0,152.0,-1147.0
148.0,-19.0,-1028.0
124.0,-21.0,-878.0
113.0,-7.0,-843.0
134.0,-37.0,-976.0
111.0,13.0,-1005.0
136.0,93.0,-1028.0
46.0,115.0,-1145.0
99.0,117.0,-1192.0
113.0,-7.0,-1024.0
50.0,31.0,-862.0
-9.0,-44.0,-788.0
39.0,0.0,-913.0
19.0,-50.0,-1036.0
11.0,78.0,-1085.0
-58.0,197.0,-1128.0
44.0,99.0,-1157.0
40.0,64.0,-1052.0
31.0,-31.0,-888.0
-44.0,-29.0,-895.0
27.0,-35.0,-917.0
-15.0,-11.0,-1030.0
-27.0,70.0,-1001.0
-42.0,134.0,-1157.0
56.0,101.0,-1190.0
11.0,52.0,-1128.0
66.0,37.0,-895.0
-42.0,-37.0,-872.0
122.0,-54.0,-940.0
54.0,-33.0,-962.0
54.0,35.0,-1036.0
17.0,140.0,-1122.0
58.0,89.0,-1231.0
119.0,15.0,-1073.0
117.0,-37.0,-899.0
7.0,52.0,-860.0
128.0,-9.0,-958.0
60.0,-44.0,-1034.0
11.0,7.0,-1048.0
5.0,44.0,-1052.0
-1.0,152.0,-1145.0
70.0,76.0,-1063.0
-11.0,-19.0,-1003.0
-60.0,-58.0,-919.0
-31.0,-29.0,-936.0
37.0,-9.0,-979.0
-95.0,80.0,-968.0
-68.0,60.0,-1061.0
-64.0,91.0,-1112.0
66.0,95.0,-1173.0
-50.0,37.0,-1011.0
-58.0,-33.0,-847.0
-11.0,-23.0,-884.0
11.0,-29.0,-1083.0
-72.0,46.0,-1026.0
-48.0,35.0,-1009.0
-17.0,128.0,-1106.0
70.0,64.0,-1182.0
-42.0,80.0,-1028.0
-23.0,-35.0,-866.0
19.0,-25.0,-948.0
19.0,11.0,-1005.0
-58.0,35.0,-985.0
7.0,17.0,-983.0
31.0,66.0,-1132.0
130.0,85.0,-1192.0
-33.0,44.0,-1007.0
25.0,-52.0,-866.0
-1.0,42.0,-907.0
76.0,9.0,-1003.0
-23.0,7.0,-977.0
-9.0,13.0,-1046.0
25.0,95.0,-1161.0
60.0,74.0,-1182.0
-60.0,3.0,-968.0
-9.0,-17.0,-827.0
-27.0,13.0,-966.0
23.0,25.0,-1034.0
-52.0,-37.0,-997.0
-25.0,-21.0,-1005.0
3.0,101.0,-1120.0
-40.0,148.0,-1102.0
27.0,44.0,-1075.0
-29.0,-27.0,-925.0
11.0,-21.0,-987.0
-11.0,27.0,-942.0
-11.0,-83.0,-946.0
-23.0,44.0,-956.0
-13.0,68.0,-1221.0
-52.0,195.0,-1134.0
128.0,3.0,-1073.0
17.0,46.0,-866.0
-48.0,-23.0,-993.0
37.0,21.0,-892.0
56.0,-64.0,-991.0
-31.0,13.0,-1016.0
-76.0,126.0,-1116.0
29.0,101.0,-1083.0
109.0,44.0,-1165.0
-58.0,35.0,-890.0
91.0,-66.0,-952.0
11.0,-9.0,-923.0
17.0,-64.0,-935.0
1.0,46.0,-942.0
-68.0,124.0,-1171.0
21.0,117.0,-1141.0
15.0,39.0,-1089.0
74.0,80.0,-1026.0
-81.0,-5.0,-938.0
144.0,-33.0,-876.0
-70.0,-23.0,-919.0
3.0,70.0,-1044.0
-107.0,40.0,-1042.0
105.0,54.0,-1245.0
-66.0,134.0,-1016.0
62.0,-19.0,-1056.0
-228.0,83.0,-880.0
165.0,-66.0,-942.0
9.0,33.0,-845.0
48.0,-83.0,-1110.0
-212.0,132.0,-997.0
70.0,115.0,-1098.0
42.0,134.0,-1130.0
-72.0,76.0,-1163.0
-74.0,-87.0,-862.0
119.0,13.0,-854.0
21.0,-85.0,-983.0
-64.0,19.0,-956.0
-21.0,0.0,-1005.0
23.0,212.0,-1169.0
-11.0,109.0,-1237.0
52.0,89.0,-1036.0
-72.0,-15.0,-897.0
173.0,9.0,-847.0
54.0,-19.0,-983.0
-66.0,-13.0,-993.0
48.0,19.0,-956.0
138.0,101.0,-1143.0
17.0,72.0,-1264.0
-25.0,-1.0,-1065.0
11.0,-48.0,-841.0
148.0,80.0,-856.0
-93.0,29.0,-1005.0
11.0,-56.0,-888.0
-46.0,-15.0,-1003.0
60.0,175.0,-1182.0
-54.0,85.0,-1346.0
-78.0,35.0,-1022.0
-115.0,-64.0,-853.0
121.0,66.0,-786.0
70.0,7.0,-1044.0
-87.0,-19.0,-917.0
-11.0,-25.0,-1093.0
44.0,142.0,-1163.0
-199.0,74.0,-1272.0
-44.0,210.0,-923.0
89.0,-99.0,-817.0
50.0,25.0,-886.0
-113.0,0.0,-1038.0
128.0,-48.0,-1003.0
-3.0,-27.0,-1007.0
-212.0,66.0,-1136.0
68.0,146.0,-1194.0
48.0,3.0,-1071.0
-11.0,29.0,-948.0
40.0,9.0,-970.0
35.0,-9.0,-931.0
-3.0,3.0,-870.0
-11.0,80.0,-1087.0
-78.0,33.0,-1223.0
48.0,103.0,-1057.0
167.0,76.0,-1079.0
9.0,56.0,-909.0
-81.0,-66.0,-884.0
13.0,66.0,-821.0
83.0,-62.0,-1075.0
-83.0,-31.0,-1038.0
-140.0,156.0,-1079.0
99.0,74.0,-1075.0
33.0,0.0,-1026.0
-74.0,21.0,-1097.0
-99.0,21.0,-1005.0
115.0,-25.0,-915.0
-80.0,15.0,-913.0
0.0,97.0,-989.0
-81.0,25.0,-1104.0
62.0,85.0,-1141.0
-107.0,101.0,-1089.0
-17.0,39.0,-1038.0
-199.0,39.0,-786.0
279.0,-70.0,-886.0
-62.0,21.0,-1016.0
-31.0,-107.0,-1093.0
-70.0,210.0,-944.0
58.0,78.0,-1198.0
-9.0,117.0,-1182.0
-44.0,3.0,-964.0
-15.0,-5.0,-874.0
72.0,56.0,-993.0
-101.0,-60.0,-979.0
115.0,-70.0,-1013.0
-25.0,99.0,-995.0
119.0,160.0,-1147.0
11.0,62.0,-1108.0
-17.0,-1.0,-1026.0
46.0,-44.0,-862.0
146.0,21.0,-968.0
-42.0,-9.0,-995.0
-62.0,-11.0,-964.0
-37.0,39.0,-1011.0
48.0,187.0,-1167.0
58.0,33.0,-1221.0
0.0,80.0,-1015.0
1.0,-23.0,-849.0
39.0,68.0,-956.0
-11.0,-109.0,-983.0
-50.0,27.0,-940.0
-23.0,50.0,-970.0
-167.0,179.0,-1141.0
-111.0,15.0,-1198.0
89.0,7.0,-923.0
-39.0,-11.0,-1046.0
-189.0,-23.0,-935.0
154.0,11.0,-985.0
-105.0,66.0,-878.0
-23.0,-13.0,-1028.0
78.0,134.0,-1132.0
199.0,35.0,-1233.0
-134.0,128.0,-1042.0
3.0,-33.0,-944.0
-48.0,40.0,-825.0
132.0,11.0,-919.0
105.0,-50.0,-966.0
35.0,-44.0,-1138.0
-33.0,85.0,-1048.0
-39.0,156.0,-1192.0
146.0,124.0,-1089.0
93.0,-62.0,-882.0
56.0,-1.0,-927.0
33.0,74.0,-944.0
21.0,-52.0,-983.0
-97.0,62.0,-1036.0
-7.0,42.0,-1134.0
113.0,62.0,-1134.0
29.0,54.0,-1083.0
-50.0,35.0,-933.0
37.0,-5.0,-841.0
-42.0,25.0,-936.0
-68.0,83.0,-989.0
3.0,9.0,-1016.0
-89.0,99.0,-1167.0
-7.0,107.0,-1192.0
-9.0,-29.0,-1075.0
-171.0,68.0,-815.0
19.0,-48.0,-868.0
70.0,-3.0,-1077.0
-105.0,-91.0,-1042.0
-33.0,-21.0,-1009.0
-89.0,160.0,-1081.0
-39.0,173.0,-1145.0
-29.0,117.0,-1069.0
-48.0,-91.0,-977.0
-56.0,-35.0,-905.0
226.0,160.0,-976.0
-111.0,21.0,-1042.0
-46.0,-60.0,-1013.0
-64.0,-31.0,-1018.0
66.0,203.0,-1169.0
163.0,103.0,-1180.0
-11.0,-44.0,-913.0
21.0,-25.0,-774.0
11.0,134.0,-976.0
-89.0,15.0,-1075.0
158.0,-39.0,-987.0
-56.0,5.0,-1036.0
-3.0,134.0,-1114.0
-33.0,93.0,-1059.0
21.0,-11.0,-1089.0
-142.0,-68.0,-878.0
167.0,-40.0,-933.0
9.0,46.0,-985.0
-64.0,-9.0,-1032.0
-177.0,40.0,-1011.0
21.0,156.0,-1169.0
80.0,181.0,-1161.0
99.0,42.0,-1052.0
-115.0,-124.0,-858.0
263.0,-66.0,-853.0
-122.0,50.0,-950.0
-66.0,150.0,-1052.0
-27.0,-40.0,-1026.0
33.0,74.0,-1110.0
87.0,25.0,-1204.0
-140.0,124.0,-938.0
103.0,-199.0,-839.0
-111.0,-1.0,-946.0
-5.0,85.0,-1157.0
156.0,44.0,-995.0
-23.0,-76.0,-1067.0
91.0,191.0,-979.0
9.0,91.0,-1167.0
56.0,142.0,-1018.0
-39.0,-130.0,-954.0
-7.0,-3.0,-905.0
-50.0,-50.0,-1030.0
81.0,97.0,-913.0
-89.0,68.0,-974.0
134.0,87.0,-1065.0
52.0,-1.0,-1245.0
13.0,-15.0,-991.0
-52.0,11.0,-933.0
-60.0,152.0,-843.0
-33.0,39.0,-1069.0
72.0,15.0,-1030.0
-201.0,-35.0,-979.0
85.0,107.0,-927.0
9.0,158.0,-1262.0
-29.0,25.0,-1145.0
11.0,-126.0,-813.0
-66.0,-23.0,-936.0
-44.0,185.0,-1034.0
11.0,9.0,-1065.0
-37.0,-5.0,-921.0
146.0,80.0,-1102.0
-11.0,220.0,-1225.0
117.0,134.0,-1069.0
-46.0,-126.0,-915.0
-105.0,-3.0,-827.0
60.0,42.0,-956.0
158.0,-25.0,-1048.0
-150.0,-105.0,-977.0
-15.0,105.0,-1042.0
-21.0,162.0,-1251.0
171.0,0.0,-1110.0
-66.0,21.0,-788.0
80.0,81.0,-936.0
-9.0,126.0,-1009.0
218.0,-25.0,-1169.0
-78.0,-195.0,-960.0
-160.0,197.0,-950.0
-39.0,238.0,-1171.0
322.0,81.0,-1182.0
25.0,-259.0,-915.0
-347.0,-19.0,-757.0
-111.0,187.0,-915.0
400.0,-35.0,-1184.0
-257.0,-66.0,-1022.0
-376.0,76.0,-812.0
263.0,296.0,-1173.0
470.0,91.0,-1374.0
-199.0,-191.0,-989.0
-482.0,78.0,-552.0
230.0,70.0,-958.0
378.0,60.0,-1378.0
-197.0,-265.0,-1079.0
-244.0,105.0,-577.0
257.0,435.0,-1050.0
195.0,87.0,-1438.0
1.0,-195.0,-1048.0
-259.0,-7.0,-523.0
339.0,15.0,-917.0
89.0,333.0,-1503.0
-44.0,-296.0,-913.0
-85.0,-162.0,-482.0
-62.0,244.0,-1198.0
138.0,214.0,-1590.0
197.0,-197.0,-1120.0
-407.0,-7.0,-464.0
122.0,-109.0,-866.0
201.0,517.0,-1372.0
216.0,-279.0,-1011.0
-505.0,42.0,-552.0
-189.0,-124.0,-1157.0
183.0,454.0,-1467.0
454.0,-39.0,-1223.0
-519.0,-212.0,-653.0
72.0,-148.0,-751.0
165.0,612.0,-1346.0
195.0,-396.0,-1098.0
-534.0,-70.0,-609.0
-146.0,-44.0,-907.0
503.0,806.0,-1485.0
203.0,-296.0,-1387.0
-538.0,-23.0,-663.0
-163.0,-56.0,-532.0
468.0,376.0,-1354.0
-269.0,-279.0,-1171.0
-267.0,-240.0,-589.0
-80.0,-40.0,-878.0
491.0,794.0,-1518.0
-156.0,-181.0,-1661.0
-310.0,-191.0,-540.0
-95.0,144.0,-546.0
245.0,429.0,-1368.0
-138.0,-236.0,-1214.0
66.0,-409.0,-612.0
-216.0,283.0,-823.0
257.0,532.0,-1575.0
-195.0,-146.0,-1471.0
-107.0,-372.0,-628.0
-74.0,124.0,-562.0
165.0,427.0,-1210.0
35.0,-23.0,-1139.0
193.0,-390.0,-806.0
-337.0,136.0,-837.0
138.0,495.0,-1542.0
19.0,19.0,-1274.0
150.0,-390.0,-864.0
-310.0,74.0,-544.0
54.0,275.0,-1124.0
156.0,187.0,-1059.0
279.0,-696.0,-1077.0
-509.0,300.0,-784.0
11.0,160.0,-1339.0
169.0,540.0,-1134.0
251.0,-591.0,-966.0
-365.0,255.0,-692.0
7.0,142.0,-884.0
363.0,181.0,-1091.0
5.0,-407.0,-1198.0
-380.0,27.0,-862.0
-56.0,220.0,-1026.0
318.0,220.0,-1221.0
121.0,-245.0,-1118.0
-179.0,-64.0,-751.0
-91.0,234.0,-702.0
269.0,257.0,-1083.0
-44.0,-480.0,-1305.0
-366.0,181.0,-911.0
95.0,142.0,-962.0
441.0,277.0,-1136.0
85.0,-349.0,-1278.0
-281.0,-29.0,-737.0
-39.0,148.0,-616.0
337.0,220.0,-1098.0
-78.0,-320.0,-1462.0
-48.0,13.0,-944.0
48.0,220.0,-685.0
329.0,368.0,-1188.0
-3.0,-242.0,-1389.0
-255.0,-165.0,-657.0
197.0,171.0,-655.0
44.0,212.0,-1169.0
-195.0,-136.0,-1274.0
201.0,-189.0,-845.0
0.0,117.0,-911.0
80.0,349.0,-1212.0
-156.0,-66.0,-1237.0
1.0,-107.0,-806.0
11.0,-93.0,-796.0
-195.0,433.0,-1050.0
44.0,-95.0,-1136.0
56.0,-78.0,-1214.0
-247.0,-152.0,-974.0
-31.0,392.0,-1077.0
-74.0,204.0,-1054.0
220.0,-388.0,-1104.0
-212.0,-7.0,-815.0
72.0,140.0,-907.0
-81.0,269.0,-1007.0
156.0,-183.0,-1249.0
-101.0,140.0,-1061.0
19.0,68.0,-942.0
9.0,284.0,-1104.0
42.0,-222.0,-1097.0
60.0,72.0,-767.0
-39.0,-81.0,-732.0
64.0,85.0,-1097.0
44.0,-33.0,-1280.0
15.0,167.0,-1083.0
-136.0,97.0,-890.0
78.0,83.0,-1056.0
158.0,-111.0,-1100.0
39.0,76.0,-901.0
-74.0,54.0,-726.0
-124.0,64.0,-1145.0
81.0,-15.0,-1276.0
70.0,-111.0,-1192.0
-284.0,267.0,-819.0
-124.0,173.0,-1016.0
322.0,-130.0,-1184.0
-50.0,-121.0,-944.0
-40.0,208.0,-694.0
-19.0,9.0,-976.0
91.0,33.0,-1301.0
-122.0,66.0,-1210.0
-222.0,25.0,-874.0
154.0,306.0,-874.0
236.0,-183.0,-1196.0
29.0,-126.0,-1036.0
-302.0,-35.0,-616.0
-17.0,111.0,-964.0
150.0,111.0,-1309.0
-19.0,40.0,-1235.0
-290.0,99.0,-759.0
136.0,122.0,-903.0
122.0,78.0,-1268.0
-33.0,-160.0,-1095.0
-214.0,-99.0,-650.0
0.0,197.0,-878.0
146.0,80.0,-1364.0
56.0,-39.0,-1124.0
-230.0,-7.0,-897.0
113.0,245.0,-858.0
199.0,105.0,-1362.0
109.0,-204.0,-1085.0
-308.0,17.0,-513.0
39.0,93.0,-780.0
58.0,224.0,-1382.0
23.0,-29.0,-1391.0
-199.0,-183.0,-808.0
-74.0,189.0,-774.0
212.0,117.0,-1303.0
210.0,-124.0,-1173.0
-355.0,-128.0,-679.0
-19.0,175.0,-730.0
199.0,201.0,-1292.0
218.0,-81.0,-1358.0
-466.0,44.0,-753.0
105.0,130.0,-796.0
230.0,105.0,-1233.0
101.0,-232.0,-1342.0
-384.0,50.0,-698.0
179.0,15.0,-538.0
201.0,156.0,-1253.0
-91.0,-60.0,-1524.0
-244.0,5.0,-704.0
290.0,175.0,-808.0
165.0,201.0,-1350.0
-60.0,-230.0,-1294.0
-179.0,-74.0,-550.0
-15.0,189.0,-651.0
101.0,308.0,-1182.0
134.0,-355.0,-1481.0
-273.0,-1.0,-751.0
226.0,64.0,-800.0
89.0,226.0,-1274.0
-44.0,-185.0,-1399.0
-236.0,-126.0,-609.0
117.0,304.0,-632.0
58.0,121.0,-1253.0
-138.0,-140.0,-1540.0
-167.0,-91.0,-726.0
288.0,300.0,-835.0
-130.0,195.0,-1233.0
-56.0,-179.0,-1344.0
-111.0,-64.0,-495.0
156.0,150.0,-700.0
-183.0,286.0,-1157.0
21.0,-203.0,-1504.0
-95.0,-5.0,-802.0
193.0,267.0,-806.0
-72.0,236.0,-1175.0
105.0,-236.0,-1214.0
-21.0,-109.0,-677.0
-89.0,357.0,-747.0
-111.0,42.0,-1202.0
-76.0,-183.0,-1309.0
95.0,-136.0,-884.0
146.0,175.0,-804.0
-134.0,267.0,-1235.0
54.0,-163.0,-1167.0
195.0,-91.0,-796.0
-183.0,197.0,-763.0
-31.0,140.0,-1192.0
-1.0,-74.0,-1251.0
320.0,-103.0,-976.0
-52.0,325.0,-868.0
56.0,52.0,-1270.0
-21.0,-240.0,-1034.0
212.0,-171.0,-794.0
-175.0,378.0,-792.0
33.0,144.0,-1110.0
201.0,-197.0,-1167.0
183.0,-167.0,-1083.0
-117.0,363.0,-825.0
-179.0,341.0,-1042.0
312.0,-347.0,-1167.0
23.0,-165.0,-929.0
-29.0,208.0,-774.0
-310.0,279.0,-944.0
201.0,-290.0,-1204.0
21.0,-76.0,-1048.0
150.0,204.0,-1003.0
-437.0,413.0,-806.0
513.0,-320.0,-1239.0
-124.0,-39.0,-997.0
-81.0,169.0,-948.0
-468.0,462.0,-671.0
571.0,-308.0,-1253.0
-169.0,95.0,-1128.0
189.0,-54.0,-1145.0
-523.0,349.0,-691.0
406.0,-230.0,-1223.0
-189.0,27.0,-1095.0
1.0,128.0,-966.0
-91.0,126.0,-587.0
355.0,-148.0,-1208.0
9.0,27.0,-1249.0
-244.0,146.0,-1011.0
-181.0,302.0,-776.0
329.0,5.0,-1212.0
85.0,-374.0,-1327.0
-302.0,85.0,-800.0
78.0,206.0,-540.0
339.0,64.0,-1151.0
-23.0,-263.0,-1467.0
-304.0,138.0,-880.0
56.0,171.0,-849.0
361.0,165.0,-1138.0
-54.0,-341.0,-1417.0
-236.0,247.0,-616.0
58.0,44.0,-607.0
126.0,351.0,-1200.0
74.0,-325.0,-1464.0
-39.0,68.0,-843.0
-91.0,52.0,-698.0
126.0,148.0,-1331.0
-101.0,-158.0,-1251.0
-9.0,46.0,-704.0
-37.0,-33.0,-562.0
-70.0,316.0,-1233.0
210.0,-286.0,-1417.0
-316.0,351.0,-884.0
-35.0,-261.0,-956.0
1.0,361.0,-1097.0
183.0,-386.0,-1264.0
-169.0,265.0,-751.0
-177.0,-83.0,-704.0
144.0,158.0,-1141.0
156.0,-152.0,-1409.0
-122.0,171.0,-968.0
-288.0,23.0,-774.0
56.0,296.0,-1165.0
105.0,-107.0,-1266.0
83.0,-52.0,-894.0
-195.0,189.0,-638.0
181.0,54.0,-1026.0
236.0,-15.0,-1348.0
50.0,-169.0,-1116.0
-495.0,142.0,-720.0
251.0,185.0,-1057.0
13.0,9.0,-1307.0
11.0,-175.0,-974.0
-236.0,68.0,-470.0
197.0,150.0,-1030.0
13.0,150.0,-1409.0
93.0,-218.0,-1239.0
-530.0,173.0,-653.0
257.0,70.0,-1098.0
0.0,121.0,-1272.0
105.0,-244.0,-1046.0
-404.0,89.0,-501.0
201.0,17.0,-1036.0
-17.0,197.0,-1458.0
119.0,-70.0,-1190.0
-281.0,126.0,-634.0
318.0,-5.0,-968.0
-7.0,165.0,-1397.0
142.0,-154.0,-993.0
-325.0,60.0,-513.0
83.0,158.0,-962.0
230.0,23.0,-1380.0
9.0,-58.0,-1214.0
-365.0,-19.0,-610.0
361.0,37.0,-950.0
11.0,169.0,-1403.0
48.0,-214.0,-1071.0
-310.0,160.0,-503.0
234.0,-25.0,-948.0
13.0,181.0,-1448.0
72.0,-76.0,-1192.0
-257.0,25.0,-659.0
152.0,142.0,-909.0
101.0,70.0,-1333.0
72.0,-42.0,-1149.0
-150.0,-25.0,-530.0
105.0,21.0,-821.0
-25.0,220.0,-1421.0
62.0,-89.0,-1260.0
-288.0,13.0,-718.0
93.0,292.0,-823.0
220.0,-44.0,-1327.0
-1.0,-11.0,-1165.0
-238.0,-122.0,-493.0
48.0,150.0,-751.0
40.0,191.0,-1475.0
74.0,-3.0,-1305.0
-208.0,-136.0,-683.0
-27.0,-40.0,-808.0
115.0,245.0,-1319.0
281.0,-93.0,-1180.0
-228.0,-27.0,-609.0
-128.0,11.0,-808.0
3.0,351.0,-1270.0
437.0,-89.0,-1419.0
-218.0,-126.0,-882.0
-242.0,62.0,-735.0
156.0,208.0,-1091.0
355.0,-99.0,-1329.0
-281.0,-60.0,-817.0
-115.0,29.0,-599.0
175.0,236.0,-1179.0
154.0,-33.0,-1444.0
-283.0,44.0,-915.0
-68.0,-7.0,-780.0
197.0,187.0,-981.0
134.0,-122.0,-1337.0
-121.0,9.0,-798.0
-134.0,-66.0,-675.0
78.0,107.0,-1194.0
150.0,91.0,-1391.0
-58.0,-31.0,-936.0
-234.0,5.0,-733.0
89.0,156.0,-983.0
253.0,-91.0,-1376.0
-208.0,52.0,-884.0
-130.0,66.0,-743.0
-56.0,169.0,-999.0
183.0,-95.0,-1403.0
-64.0,44.0,-948.0
-138.0,89.0,-804.0
279.0,56.0,-1015.0
9.0,40.0,-1311.0
74.0,-126.0,-888.0
-304.0,193.0,-628.0
113.0,156.0,-1040.0
201.0,85.0,-1348.0
103.0,-117.0,-1124.0
-361.0,89.0,-708.0
126.0,89.0,-956.0
134.0,40.0,-1296.0
-72.0,-181.0,-929.0
-121.0,60.0,-646.0
113.0,99.0,-1087.0
185.0,113.0,-1430.0
122.0,-121.0,-1020.0
-353.0,107.0,-733.0
152.0,230.0,-1036.0
80.0,-3.0,-1354.0
132.0,-195.0,-940.0
-230.0,111.0,-698.0
0.0,236.0,-1026.0
167.0,-9.0,-1337.0
72.0,-216.0,-983.0
-372.0,177.0,-808.0
107.0,324.0,-1110.0
-15.0,39.0,-1110.0
394.0,-538.0,-1018.0
-569.0,378.0,-835.0
-37.0,236.0,-1007.0
162.0,23.0,-1104.0
39.0,-251.0,-1218.0
-78.0,46.0,-878.0
-263.0,659.0,-991.0
105.0,-329.0,-1280.0
-197.0,-302.0,-944.0
-76.0,138.0,-884.0
-206.0,607.0,-931.0
259.0,-347.0,-1112.0
-48.0,-236.0,-1188.0
-234.0,214.0,-1046.0
-76.0,466.0,-981.0
156.0,-380.0,-1136.0
66.0,-99.0,-1018.0
-134.0,142.0,-870.0
-132.0,443.0,-794.0
314.0,-335.0,-1161.0
-95.0,91.0,-1268.0
-95.0,-37.0,-1093.0
-121.0,464.0,-732.0
290.0,-191.0,-1034.0
97.0,-199.0,-1155.0
-130.0,37.0,-884.0
-111.0,384.0,-737.0
249.0,-81.0,-1138.0
-93.0,-54.0,-1397.0
-99.0,-124.0,-948.0
97.0,378.0,-749.0
261.0,37.0,-1057.0
11.0,-247.0,-1378.0
-431.0,-44.0,-679.0
121.0,300.0,-716.0
228.0,146.0,-1114.0
1.0,-245.0,-1547.0
-314.0,-50.0,-784.0
312.0,245.0,-856.0
56.0,284.0,-954.0
-44.0,-433.0,-1415.0
-503.0,56.0,-577.0
624.0,298.0,-829.0
-115.0,388.0,-1235.0
-113.0,-456.0,-1491.0
-150.0,35.0,-683.0
322.0,304.0,-870.0
136.0,173.0,-1110.0
-296.0,-454.0,-1301.0
-37.0,70.0,-648.0
224.0,351.0,-817.0
126.0,183.0,-1095.0
-210.0,-306.0,-1337.0
247.0,-56.0,-780.0
-37.0,97.0,-901.0
242.0,415.0,-1239.0
-298.0,-406.0,-1243.0
224.0,-89.0,-634.0
39.0,322.0,-675.0
402.0,242.0,-1223.0
-296.0,-281.0,-1424.0
167.0,-185.0,-755.0
64.0,15.0,-786.0
238.0,443.0,-1266.0
-390.0,-148.0,-1210.0
337.0,-232.0,-607.0
-17.0,201.0,-776.0
212.0,251.0,-1378.0
-450.0,19.0,-1378.0
286.0,-351.0,-585.0
76.0,93.0,-815.0
-89.0,519.0,-1374.0
-193.0,-179.0,-1296.0
224.0,-265.0,-470.0
21.0,39.0,-864.0
-245.0,421.0,-1259.0
-255.0,13.0,-1356.0
302.0,-404.0,-587.0
-27.0,230.0,-977.0
-304.0,429.0,-1346.0
-78.0,-42.0,-1102.0
372.0,-458.0,-546.0
-44.0,-44.0,-1085.0
-472.0,751.0,-1204.0
74.0,-275.0,-1282.0
185.0,-234.0,-747.0
-33.0,-121.0,-1130.0
-283.0,733.0,-1229.0
-39.0,-304.0,-1073.0
421.0,-343.0,-579.0
-165.0,242.0,-1153.0
-181.0,488.0,-1204.0
-60.0,-283.0,-1015.0
343.0,-152.0,-845.0
-199.0,142.0,-1262.0
-245.0,441.0,-1153.0
296.0,-361.0,-878.0
327.0,-191.0,-780.0
-396.0,318.0,-1138.0
-234.0,277.0,-1069.0
156.0,-160.0,-989.0
220.0,-244.0,-1114.0
-310.0,310.0,-1116.0
-44.0,210.0,-870.0
121.0,-115.0,-966.0
273.0,-238.0,-974.0
-238.0,208.0,-1087.0
-255.0,169.0,-929.0
-42.0,64.0,-1079.0
197.0,-290.0,-1251.0
-329.0,195.0,-1036.0
-177.0,306.0,-878.0
249.0,-105.0,-962.0
404.0,-388.0,-1214.0
-482.0,353.0,-995.0
-312.0,189.0,-810.0
185.0,70.0,-940.0
203.0,-242.0,-1452.0
-316.0,191.0,-1042.0
-29.0,99.0,-767.0
431.0,-44.0,-841.0
130.0,-259.0,-1417.0
-472.0,361.0,-966.0
-95.0,201.0,-679.0
257.0,66.0,-979.0
89.0,-222.0,-1446.0
-117.0,152.0,-1028.0
-48.0,175.0,-655.0
448.0,-130.0,-913.0
5.0,-322.0,-1479.0
-575.0,343.0,-976.0
-33.0,177.0,-493.0
320.0,-3.0,-1034.0
-109.0,-152.0,-1620.0
-44.0,126.0,-958.0
9.0,316.0,-610.0
238.0,-165.0,-1071.0
-288.0,-197.0,-1426.0
-224.0,236.0,-882.0
134.0,210.0,-511.0
152.0,46.0,-1104.0
19.0,-417.0,-1448.0
-42.0,325.0,-948.0
9.0,40.0,-605.0
199.0,29.0,-1091.0
-294.0,-111.0,-1319.0
152.0,121.0,-1015.0
0.0,277.0,-472.0
201.0,-40.0,-1153.0
-87.0,-177.0,-1323.0
245.0,54.0,-880.0
-1.0,203.0,-784.0
40.0,97.0,-1143.0
-44.0,-224.0,-1173.0
292.0,-39.0,-827.0
-76.0,230.0,-745.0
-78.0,89.0,-1093.0
296.0,-70.0,-1071.0
167.0,-27.0,-1124.0
11.0,-70.0,-962.0
-113.0,128.0,-950.0
357.0,54.0,-1097.0
-298.0,9.0,-985.0
29.0,-29.0,-878.0
3.0,160.0,-1024.0
380.0,25.0,-1149.0
-87.0,-115.0,-1044.0
-337.0,50.0,-903.0
208.0,156.0,-1046.0
-35.0,27.0,-1112.0
0.0,-130.0,-946.0
-134.0,261.0,-895.0
91.0,62.0,-1022.0
111.0,27.0,-1028.0
-25.0,-283.0,-1194.0
-247.0,39.0,-853.0
83.0,460.0,-1194.0
-140.0,130.0,-993.0
85.0,-603.0,-979.0
-130.0,335.0,-831.0
46.0,327.0,-1126.0
56.0,165.0,-933.0
50.0,-587.0,-1257.0
-277.0,70.0,-835.0
0.0,642.0,-1223.0
-40.0,-54.0,-968.0
5.0,-402.0,-995.0
-122.0,85.0,-892.0
80.0,530.0,-1153.0
263.0,-130.0,-989.0
-216.0,-271.0,-1151.0
-146.0,64.0,-894.0
95.0,614.0,-1145.0
115.0,-111.0,-1145.0
-273.0,-335.0,-884.0
-44.0,-66.0,-843.0
58.0,609.0,-1030.0
220.0,-152.0,-1188.0
-290.0,-187.0,-1136.0
-33.0,-177.0,-956.0
29.0,663.0,-989.0
78.0,-156.0,-1220.0
-286.0,-156.0,-835.0
23.0,-109.0,-911.0
-9.0,636.0,-1106.0
126.0,-169.0,-1223.0
-138.0,-130.0,-935.0
-35.0,-255.0,-968.0
56.0,517.0,-946.0
111.0,-226.0,-1270.0
-267.0,-89.0,-894.0
60.0,-89.0,-977.0
50.0,605.0,-913.0
169.0,-87.0,-1243.0
-314.0,-46.0,-944.0
83.0,-337.0,-1116.0
119.0,774.0,-907.0
144.0,-175.0,-1194.0
-245.0,-171.0,-915.0
-122.0,-119.0,-872.0
238.0,486.0,-931.0
-35.0,29.0,-1303.0
-327.0,-244.0,-884.0
40.0,-101.0,-944.0
122.0,493.0,-925.0
-257.0,3.0,-1257.0
-470.0,-187.0,-1110.0
-64.0,-19.0,-782.0
11.0,386.0,-864.0
-372.0,80.0,-1204.0
-267.0,-302.0,-1079.0
-15.0,-97.0,-815.0
-286.0,300.0,-1083.0
-583.0,204.0,-1126.0
-210.0,-394.0,-1069.0
-341.0,35.0,-694.0
-109.0,208.0,-972.0
-634.0,402.0,-1071.0
-165.0,-222.0,-1208.0
-273.0,-66.0,-995.0
-357.0,-44.0,-1100.0
-597.0,261.0,-995.0
-179.0,33.0,-954.0
-204.0,-109.0,-946.0
-279.0,-126.0,-977.0
-427.0,169.0,-1052.0
-277.0,191.0,-1022.0
-167.0,-204.0,-1077.0
-497.0,44.0,-888.0
-257.0,162.0,-1034.0
-150.0,95.0,-1079.0
-339.0,-152.0,-1028.0
-448.0,-140.0,-872.0
-437.0,290.0,-1013.0
89.0,-122.0,-1095.0
-275.0,-31.0,-1081.0
-507.0,-113.0,-948.0
-296.0,386.0,-919.0
-87.0,-87.0,-1188.0
-365.0,-111.0,-952.0
-366.0,-109.0,-833.0
-335.0,337.0,-915.0
37.0,-13.0,-1231.0
-341.0,-54.0,-1050.0
-532.0,-99.0,-913.0
-163.0,281.0,-892.0
7.0,25.0,-1294.0
-140.0,-121.0,-1028.0
-370.0,-113.0,-802.0
-138.0,325.0,-854.0
87.0,44.0,-1221.0
-136.0,-29.0,-1159.0
-482.0,-212.0,-849.0
-58.0,322.0,-913.0
-13.0,134.0,-1259.0
-39.0,-130.0,-1102.0
-355.0,-193.0,-685.0
87.0,156.0,-854.0
179.0,242.0,-1237.0
181.0,-122.0,-1266.0
-160.0,-113.0,-767.0
359.0,189.0,-884.0
361.0,275.0,-1208.0
472.0,-72.0,-1212.0
-122.0,-103.0,-730.0
415.0,-27.0,-780.0
206.0,244.0,-1251.0
478.0,-121.0,-1260.0
-366.0,-23.0,-825.0
445.0,81.0,-944.0
138.0,230.0,-1280.0
296.0,-9.0,-1198.0
-325.0,-83.0,-622.0
126.0,107.0,-716.0
29.0,247.0,-1114.0
189.0,-62.0,-1288.0
-447.0,-68.0,-759.0
148.0,40.0,-921.0
-68.0,224.0,-1220.0
124.0,-89.0,-1235.0
-468.0,-97.0,-571.0
-56.0,66.0,-778.0
-85.0,318.0,-1206.0
126.0,-80.0,-1389.0
-443.0,-91.0,-755.0
17.0,-3.0,-946.0
-165.0,374.0,-1229.0
122.0,-124.0,-1300.0
-437.0,-3.0,-657.0
-40.0,-19.0,-757.0
-56.0,228.0,-1161.0
140.0,-197.0,-1317.0
-306.0,7.0,-880.0
0.0,7.0,-938.0
-1.0,306.0,-1243.0
93.0,-31.0,-1262.0
-230.0,-48.0,-708.0
-64.0,21.0,-720.0
91.0,97.0,-1165.0
103.0,-42.0,-1245.0
-95.0,-81.0,-892.0
-42.0,99.0,-845.0
97.0,208.0,-1171.0
89.0,-31.0,-1247.0
-109.0,-58.0,-808.0
-56.0,54.0,-708.0
162.0,111.0,-1126.0
99.0,-80.0,-1227.0
-39.0,3.0,-890.0
-124.0,91.0,-913.0
107.0,253.0,-1260.0
80.0,-126.0,-1307.0
-115.0,-31.0,-815.0
-156.0,39.0,-603.0
56.0,150.0,-1046.0
111.0,-91.0,-1296.0
-29.0,-99.0,-952.0
-204.0,117.0,-915.0
89.0,251.0,-1145.0
91.0,-99.0,-1290.0
-17.0,-29.0,-790.0
-107.0,83.0,-653.0
134.0,199.0,-1075.0
136.0,-132.0,-1327.0
-5.0,-81.0,-976.0
-210.0,15.0,-894.0
95.0,257.0,-1145.0
72.0,-21.0,-1264.0
83.0,-40.0,-868.0
-140.0,56.0,-677.0
163.0,101.0,-1032.0
134.0,-48.0,-1280.0
121.0,-56.0,-1044.0
-314.0,13.0,-901.0
115.0,281.0,-1108.0
5.0,13.0,-1290.0
52.0,13.0,-897.0
-208.0,-80.0,-657.0
44.0,162.0,-1001.0
109.0,-80.0,-1290.0
-11.0,-40.0,-1065.0
-427.0,99.0,-876.0
81.0,167.0,-1098.0
-44.0,126.0,-1276.0
113.0,-25.0,-970.0
-251.0,-68.0,-714.0
44.0,146.0,-940.0
60.0,-99.0,-1231.0
99.0,25.0,-1069.0
-368.0,-15.0,-929.0
113.0,185.0,-1091.0
-11.0,85.0,-1231.0
148.0,-37.0,-970.0
-257.0,7.0,-679.0
91.0,150.0,-882.0
56.0,21.0,-1257.0
117.0,-25.0,-1157.0
-419.0,-5.0,-921.0
134.0,126.0,-1020.0
-7.0,85.0,-1210.0
189.0,-60.0,-979.0
-263.0,44.0,-718.0
107.0,148.0,-936.0
74.0,-21.0,-1286.0
111.0,-37.0,-1167.0
-402.0,-33.0,-866.0
160.0,242.0,-977.0
9.0,117.0,-1210.0
236.0,-111.0,-1061.0
-320.0,-13.0,-669.0
128.0,140.0,-935.0
33.0,52.0,-1266.0
156.0,-126.0,-1231.0
-448.0,13.0,-839.0
204.0,218.0,-979.0
-21.0,154.0,-1169.0
220.0,-144.0,-1057.0
-357.0,21.0,-669.0
187.0,122.0,-972.0
1.0,74.0,-1270.0
165.0,-156.0,-1221.0
-439.0,-9.0,-753.0
234.0,210.0,-942.0
-37.0,162.0,-1180.0
244.0,-214.0,-1143.0
-341.0,-3.0,-696.0
162.0,156.0,-940.0
-35.0,136.0,-1223.0
179.0,-117.0,-1223.0
-404.0,-48.0,-780.0
191.0,236.0,-929.0
11.0,115.0,-1221.0
189.0,-148.0,-1098.0
-324.0,-62.0,-673.0
136.0,185.0,-919.0
-23.0,154.0,-1249.0
165.0,-140.0,-1264.0
-363.0,-64.0,-802.0
179.0,220.0,-894.0
19.0,177.0,-1171.0
216.0,-158.0,-1132.0
-327.0,-33.0,-726.0
140.0,152.0,-936.0
-39.0,189.0,-1202.0
204.0,-220.0,-1253.0
-384.0,-48.0,-733.0
181.0,183.0,-897.0
0.0,210.0,-1229.0
171.0,-169.0,-1157.0
-308.0,-40.0,-726.0
27.0,158.0,-864.0
-15.0,193.0,-1212.0
150.0,-212.0,-1249.0
-308.0,-44.0,-810.0
134.0,142.0,-886.0
13.0,222.0,-1202.0
89.0,-109.0,-1143.0
-212.0,-162.0,-739.0
0.0,179.0,-812.0
33.0,261.0,-1247.0
-85.0,-85.0,-1204.0
-527.0,-242.0,-849.0
-554.0,91.0,-876.0
-136.0,273.0,-1048.0
-806.0,-130.0,-1413.0
-1011.0,-187.0,-702.0
-1036.0,122.0,-784.0
-956.0,484.0,-1237.0
-1255.0,-183.0,-1257.0
-1374.0,-267.0,-800.0
-1262.0,31.0,-749.0
-1438.0,396.0,-1143.0
-1288.0,-152.0,-1145.0
-1512.0,-249.0,-817.0
-1382.0,206.0,-691.0
-1342.0,443.0,-1292.0
-952.0,-87.0,-1350.0
-1208.0,-382.0,-991.0
-1303.0,162.0,-819.0
-1112.0,288.0,-1233.0
-870.0,-80.0,-1235.0
-1102.0,-224.0,-968.0
-1065.0,95.0,-868.0
-712.0,259.0,-1223.0
-853.0,-11.0,-1262.0
-817.0,-203.0,-897.0
-858.0,95.0,-952.0
-540.0,181.0,-1056.0
-759.0,-21.0,-1157.0
-691.0,-175.0,-878.0
-849.0,11.0,-876.0
-493.0,306.0,-1071.0
-581.0,-66.0,-1288.0
-638.0,-66.0,-948.0
-872.0,-111.0,-796.0
-796.0,421.0,-958.0
-876.0,-179.0,-1132.0
-1145.0,-183.0,-778.0
-1155.0,-91.0,-628.0
-1054.0,474.0,-1118.0
-1018.0,-1.0,-1403.0
-1300.0,-242.0,-958.0
-1545.0,-89.0,-659.0
-1292.0,493.0,-1044.0
-1247.0,-13.0,-1294.0
-1346.0,-314.0,-913.0
-1567.0,-140.0,-612.0
-1120.0,603.0,-1235.0
-1153.0,249.0,-1506.0
-1255.0,-466.0,-1102.0
-1717.0,-150.0,-640.0
-1114.0,398.0,-1153.0
-1272.0,316.0,-1253.0
-1223.0,-558.0,-993.0
-1432.0,-144.0,-733.0
-788.0,376.0,-1247.0
-1155.0,376.0,-1376.0
-935.0,-390.0,-1011.0
-1260.0,-286.0,-747.0
-868.0,423.0,-1073.0
-1167.0,349.0,-1223.0
-1106.0,-409.0,-919.0
-1163.0,-376.0,-755.0
-962.0,499.0,-1270.0
-1079.0,290.0,-1274.0
-1132.0,-144.0,-925.0
-1413.0,-284.0,-730.0
-1155.0,232.0,-987.0
-1186.0,105.0,-1141.0
-1259.0,-327.0,-901.0
-1368.0,-183.0,-714.0
-1063.0,386.0,-1204.0
-1220.0,316.0,-1460.0
-1239.0,-320.0,-1005.0
-1489.0,-56.0,-579.0
-1157.0,425.0,-1015.0
-1143.0,191.0,-1175.0
-1241.0,-505.0,-995.0
-1512.0,-152.0,-819.0
-1237.0,493.0,-1235.0
-1177.0,284.0,-1342.0
-1358.0,-257.0,-977.0
-1444.0,-288.0,-653.0
-1303.0,259.0,-1116.0
-1200.0,464.0,-1237.0
-1317.0,-349.0,-946.0
-1225.0,-458.0,-751.0
-1179.0,519.0,-1145.0
-1081.0,501.0,-1278.0
-1001.0,-273.0,-1054.0
-1255.0,-732.0,-858.0
-1376.0,552.0,-1001.0
-1007.0,456.0,-1056.0
-1028.0,-345.0,-1011.0
-1423.0,-491.0,-821.0
-1335.0,411.0,-1075.0
-1007.0,376.0,-1159.0
-1221.0,-27.0,-1208.0
-1227.0,-382.0,-866.0
-1411.0,228.0,-948.0
-755.0,187.0,-1071.0
-1249.0,-322.0,-1042.0
-1159.0,-99.0,-720.0
-1421.0,337.0,-1050.0
-892.0,134.0,-1380.0
-1073.0,-25.0,-1188.0
-1200.0,-316.0,-786.0
-1192.0,630.0,-977.0
-521.0,89.0,-1194.0
-880.0,-421.0,-864.0
-1128.0,-193.0,-800.0
-796.0,-5.0,-1042.0
-819.0,322.0,-1198.0
-954.0,124.0,-1262.0
-720.0,-42.0,-1280.0
-638.0,179.0,-1036.0
-716.0,19.0,-689.0
-626.0,-74.0,-905.0
-238.0,-347.0,-1020.0
-628.0,87.0,-876.0
-302.0,148.0,-964.0
-388.0,345.0,-1298.0
-128.0,-409.0,-1151.0
-279.0,366.0,-1036.0
156.0,15.0,-784.0
-68.0,60.0,-890.0
81.0,-40.0,-763.0
183.0,103.0,-921.0
214.0,89.0,-1190.0
281.0,-175.0,-1276.0
93.0,419.0,-1206.0
245.0,-271.0,-1063.0
25.0,-21.0,-958.0
142.0,-134.0,-628.0
111.0,261.0,-913.0
99.0,56.0,-933.0
441.0,203.0,-1056.0
191.0,91.0,-1307.0
626.0,31.0,-1057.0
1036.0,-50.0,-1065.0
1069.0,224.0,-794.0
929.0,81.0,-720.0
1253.0,-105.0,-874.0
1464.0,-7.0,-1118.0
1262.0,-58.0,-1348.0
1196.0,81.0,-1069.0
1397.0,316.0,-1218.0
1526.0,-70.0,-1179.0
1126.0,-95.0,-989.0
1399.0,257.0,-735.0
1065.0,119.0,-940.0
1225.0,-232.0,-890.0
1073.0,126.0,-987.0
1044.0,312.0,-1141.0
993.0,160.0,-1065.0
827.0,-283.0,-964.0
938.0,0.0,-927.0
702.0,294.0,-782.0
817.0,9.0,-845.0
605.0,-134.0,-1059.0
798.0,-263.0,-1071.0
564.0,474.0,-1098.0
755.0,316.0,-993.0
489.0,-97.0,-999.0
735.0,-331.0,-1036.0
493.0,-21.0,-983.0
569.0,419.0,-823.0
938.0,-242.0,-1083.0
683.0,-23.0,-1116.0
774.0,140.0,-1114.0
776.0,540.0,-1093.0
1270.0,-146.0,-1104.0
946.0,-68.0,-1116.0
1077.0,-5.0,-882.0
936.0,171.0,-866.0
1278.0,-70.0,-1050.0
1063.0,-150.0,-1169.0
1198.0,388.0,-1153.0
1364.0,103.0,-1052.0
1350.0,87.0,-1095.0
1493.0,-187.0,-886.0
1266.0,187.0,-868.0
1401.0,165.0,-737.0
1415.0,-290.0,-919.0
1364.0,-85.0,-1128.0
1110.0,324.0,-1112.0
1159.0,392.0,-1180.0
1323.0,-283.0,-1089.0
1108.0,-292.0,-1065.0
1005.0,423.0,-646.0
954.0,193.0,-632.0
1180.0,-335.0,-946.0
1073.0,-175.0,-1153.0
1042.0,456.0,-1128.0
979.0,546.0,-1202.0
1155.0,-495.0,-1196.0
1122.0,-136.0,-884.0
1061.0,255.0,-696.0
911.0,497.0,-749.0
1126.0,-259.0,-1114.0
1190.0,-312.0,-1311.0
1030.0,472.0,-1245.0
1171.0,265.0,-1071.0
1319.0,-392.0,-1069.0
1393.0,-40.0,-890.0
1290.0,91.0,-823.0
1184.0,462.0,-726.0
1442.0,-398.0,-1122.0
1393.0,-83.0,-1221.0
1294.0,322.0,-1048.0
1221.0,423.0,-1081.0
1588.0,-298.0,-1190.0
1378.0,-316.0,-1057.0
1218.0,341.0,-790.0
1210.0,302.0,-706.0
1385.0,-292.0,-1073.0
1290.0,-242.0,-1159.0
1124.0,335.0,-1040.0
1110.0,468.0,-905.0
1259.0,-220.0,-1194.0
1175.0,-288.0,-989.0
1054.0,308.0,-743.0
1085.0,296.0,-851.0
1159.0,-318.0,-1141.0
1056.0,-210.0,-1118.0
1145.0,327.0,-1013.0
1009.0,521.0,-1077.0
1282.0,-236.0,-1175.0
1167.0,-226.0,-1085.0
1130.0,222.0,-849.0
962.0,339.0,-774.0
1112.0,-421.0,-974.0
981.0,-48.0,-1075.0
1009.0,337.0,-1044.0
870.0,605.0,-1114.0
1128.0,-386.0,-1245.0
944.0,-230.0,-1046.0
931.0,236.0,-739.0
839.0,247.0,-722.0
991.0,-85.0,-1028.0
923.0,-335.0,-1145.0
813.0,366.0,-1061.0
780.0,302.0,-1091.0
812.0,-160.0,-1145.0
735.0,-70.0,-968.0
667.0,156.0,-813.0
573.0,204.0,-813.0
679.0,-341.0,-1020.0
499.0,13.0,-1075.0
493.0,210.0,-1063.0
382.0,314.0,-1128.0
431.0,-185.0,-1165.0
392.0,-39.0,-1108.0
271.0,197.0,-810.0
189.0,107.0,-825.0
251.0,-183.0,-970.0
163.0,-111.0,-1124.0
175.0,253.0,-1122.0
44.0,191.0,-1120.0
146.0,-9.0,-1116.0
162.0,-40.0,-1036.0
115.0,50.0,-917.0
33.0,-19.0,-895.0
171.0,-113.0,-1052.0
156.0,15.0,-1102.0
158.0,150.0,-1134.0
64.0,203.0,-1136.0
224.0,72.0,-1237.0
253.0,-46.0,-1145.0
212.0,87.0,-1020.0
138.0,-107.0,-960.0
216.0,-76.0,-1022.0
257.0,3.0,-1098.0
216.0,210.0,-1208.0
144.0,187.0,-1268.0
273.0,-13.0,-1372.0
296.0,-40.0,-1206.0
236.0,97.0,-1005.0
199.0,-44.0,-964.0
230.0,-25.0,-1079.0
283.0,-54.0,-1270.0
183.0,87.0,-1309.0
134.0,165.0,-1323.0
177.0,19.0,-1292.0
208.0,78.0,-1190.0
167.0,19.0,-1095.0
21.0,-33.0,-1067.0
136.0,-76.0,-1100.0
78.0,3.0,-1239.0
33.0,85.0,-1309.0
-42.0,142.0,-1288.0
56.0,64.0,-1319.0
111.0,9.0,-1305.0
62.0,107.0,-1124.0
-40.0,-66.0,-956.0
42.0,-21.0,-1056.0
93.0,-52.0,-1247.0
1.0,87.0,-1327.0
-11.0,140.0,-1303.0
15.0,80.0,-1260.0
136.0,68.0,-1253.0
46.0,-15.0,-1093.0
-9.0,-40.0,-1003.0
42.0,-35.0,-1075.0
21.0,31.0,-1233.0
13.0,29.0,-1276.0
-27.0,72.0,-1262.0
50.0,150.0,-1309.0
103.0,58.0,-1290.0
37.0,9.0,-1132.0
-11.0,-83.0,-1022.0
33.0,-50.0,-1061.0
21.0,95.0,-1202.0
0.0,56.0,-1300.0
-11.0,105.0,-1313.0
19.0,132.0,-1352.0
162.0,0.0,-1358.0
11.0,-35.0,-1104.0
-42.0,5.0,-948.0
-3.0,-17.0,-1063.0
103.0,60.0,-1276.0
-7.0,42.0,-1348.0
-7.0,39.0,-1333.0
13.0,56.0,-1329.0
78.0,70.0,-1243.0
27.0,1.0,-1120.0
19.0,-54.0,-1026.0
-15.0,-15.0,-1132.0
56.0,15.0,-1259.0
-33.0,27.0,-1280.0
21.0,56.0,-1296.0
-21.0,40.0,-1376.0
142.0,109.0,-1311.0
25.0,9.0,-1204.0
33.0,-60.0,-1042.0
-27.0,-5.0,-1081.0
54.0,3.0,-1280.0
-5.0,3.0,-1403.0
9.0,70.0,-1362.0
-9.0,126.0,-1372.0
60.0,58.0,-1382.0
9.0,74.0,-1245.0
9.0,-46.0,-1102.0
-21.0,-48.0,-1204.0
50.0,7.0,-1303.0
-17.0,44.0,-1329.0
42.0,76.0,-1342.0
-54.0,124.0,-1426.0
85.0,89.0,-1417.0
-23.0,-5.0,-1262.0
-44.0,-52.0,-1059.0
-64.0,-56.0,-1054.0
-37.0,60.0,-1179.0
-74.0,33.0,-1294.0
-103.0,124.0,-1346.0
-80.0,44.0,-1415.0
-9.0,39.0,-1385.0
-72.0,5.0,-1190.0
-66.0,-54.0,-1005.0
-91.0,-11.0,-1054.0
19.0,15.0,-1249.0
-64.0,31.0,-1348.0
-33.0,42.0,-1403.0
-42.0,58.0,-1426.0
5.0,128.0,-1376.0
35.0,64.0,-1290.0
31.0,-19.0,-1126.0
-33.0,-70.0,-1159.0
35.0,89.0,-1239.0
42.0,44.0,-1278.0
58.0,62.0,-1370.0
-21.0,52.0,-1436.0
70.0,130.0,-1403.0
31.0,70.0,-1270.0
33.0,5.0,-1110.0
-54.0,-80.0,-1063.0
35.0,19.0,-1159.0
7.0,44.0,-1350.0
64.0,46.0,-1387.0
-46.0,119.0,-1374.0
33.0,136.0,-1385.0
101.0,11.0,-1260.0
33.0,-21.0,-1124.0
-33.0,-80.0,-1120.0
33.0,25.0,-1175.0
39.0,0.0,-1286.0
15.0,115.0,-1362.0
-91.0,121.0,-1389.0
48.0,99.0,-1424.0
17.0,25.0,-1327.0
68.0,-54.0,-1141.0
-87.0,-101.0,-1095.0
40.0,25.0,-1171.0
-11.0,-23.0,-1327.0
-17.0,138.0,-1413.0
-44.0,17.0,-1503.0
40.0,113.0,-1426.0
7.0,72.0,-1335.0
66.0,-9.0,-1155.0
-80.0,-44.0,-1079.0
78.0,-1.0,-1210.0
-25.0,31.0,-1389.0
-11.0,44.0,-1446.0
-62.0,27.0,-1434.0
7.0,64.0,-1358.0
15.0,40.0,-1276.0
17.0,19.0,-1216.0
-54.0,-74.0,-1147.0
13.0,-5.0,-1188.0
-21.0,44.0,-1292.0
0.0,40.0,-1358.0
-113.0,68.0,-1387.0
33.0,117.0,-1358.0
44.0,15.0,-1327.0
76.0,-21.0,-1233.0
-97.0,-109.0,-1067.0
9.0,0.0,-1112.0
11.0,33.0,-1374.0
19.0,64.0,-1409.0
-54.0,89.0,-1380.0
-3.0,165.0,-1382.0
66.0,64.0,-1387.0
0.0,19.0,-1188.0
-64.0,-54.0,-1126.0
9.0,5.0,-1218.0
-9.0,-13.0,-1383.0
-85.0,68.0,-1374.0
-27.0,11.0,-1407.0
-9.0,177.0,-1428.0
35.0,128.0,-1454.0
7.0,-52.0,-1255.0
-83.0,-76.0,-1095.0
-33.0,56.0,-1091.0
-11.0,78.0,-1266.0
-42.0,58.0,-1372.0
-21.0,-64.0,-1454.0
-11.0,78.0,-1391.0
66.0,15.0,-1342.0
-13.0,46.0,-1186.0
-37.0,-62.0,-1038.0
9.0,11.0,-1124.0
15.0,56.0,-1331.0
42.0,-5.0,-1372.0
-42.0,15.0,-1366.0
0.0,91.0,-1409.0
1.0,99.0,-1350.0
58.0,13.0,-1260.0
-42.0,-60.0,-1180.0
0.0,-3.0,-1163.0
-42.0,83.0,-1257.0
-1.0,19.0,-1335.0
-58.0,64.0,-1401.0
-31.0,80.0,-1452.0
33.0,93.0,-1475.0
9.0,11.0,-1354.0
-50.0,-5.0,-1091.0
-72.0,39.0,-1077.0
35.0,3.0,-1247.0
-1.0,-29.0,-1382.0
-21.0,35.0,-1385.0
-44.0,95.0,-1465.0
56.0,109.0,-1421.0
87.0,-35.0,-1284.0
27.0,-21.0,-1098.0
-52.0,46.0,-1139.0
89.0,103.0,-1218.0
5.0,76.0,-1309.0
13.0,31.0,-1382.0
-64.0,83.0,-1475.0
60.0,56.0,-1489.0
5.0,-52.0,-1305.0
-21.0,-39.0,-1079.0
-50.0,-48.0,-1091.0
3.0,60.0,-1153.0
-1.0,33.0,-1372.0
-13.0,81.0,-1489.0
-23.0,46.0,-1489.0
31.0,15.0,-1487.0
50.0,74.0,-1274.0
29.0,-1.0,-1075.0
-50.0,64.0,-1122.0
7.0,80.0,-1282.0
3.0,-70.0,-1385.0
-42.0,-29.0,-1477.0
-66.0,60.0,-1436.0
-42.0,150.0,-1397.0
42.0,23.0,-1278.0
-29.0,21.0,-1200.0
-46.0,-50.0,-1147.0
-3.0,74.0,-1229.0
29.0,-9.0,-1346.0
-56.0,29.0,-1417.0
-60.0,40.0,-1432.0
-1.0,163.0,-1348.0
107.0,25.0,-1374.0
15.0,-9.0,-1147.0
-68.0,-50.0,-1081.0
33.0,-31.0,-1220.0
-29.0,-48.0,-1378.0
5.0,76.0,-1403.0
-95.0,261.0,-1352.0
21.0,187.0,-1401.0
39.0,-60.0,-1331.0
27.0,-31.0,-1212.0
-42.0,-109.0,-1192.0
60.0,39.0,-1225.0
-35.0,99.0,-1313.0
-31.0,5.0,-1315.0
-68.0,23.0,-1424.0
0.0,148.0,-1473.0
76.0,-11.0,-1393.0
-11.0,-35.0,-1239.0
-68.0,-50.0,-1118.0
-15.0,68.0,-1097.0
39.0,-56.0,-1342.0
-56.0,54.0,-1469.0
-21.0,50.0,-1444.0
11.0,113.0,-1462.0
66.0,-13.0,-1380.0
0.0,29.0,-1247.0
-58.0,1.0,-1093.0
-9.0,52.0,-1194.0
37.0,-9.0,-1286.0
-62.0,-40.0,-1356.0
-42.0,-1.0,-1438.0
0.0,126.0,-1421.0
19.0,85.0,-1440.0
13.0,31.0,-1204.0
-78.0,-89.0,-1147.0
40.0,-70.0,-1081.0
-40.0,33.0,-1307.0
0.0,85.0,-1344.0
-56.0,124.0,-1428.0
15.0,163.0,-1432.0
56.0,85.0,-1514.0
11.0,46.0,-1192.0
15.0,-197.0,-1036.0
-35.0,5.0,-1063.0
-46.0,109.0,-1309.0
-1.0,5.0,-1409.0
-44.0,-19.0,-1426.0
-35.0,97.0,-1512.0
81.0,128.0,-1405.0
-56.0,93.0,-1274.0
3.0,35.0,-1093.0
-60.0,-48.0,-1116.0
35.0,-17.0,-1276.0
-62.0,-56.0,-1387.0
42.0,83.0,-1382.0
-7.0,142.0,-1483.0
29.0,134.0,-1469.0
60.0,-54.0,-1301.0
-66.0,80.0,-1067.0
-40.0,89.0,-1044.0
-21.0,138.0,-1216.0
-5.0,-48.0,-1389.0
-15.0,-48.0,-1423.0
-13.0,-46.0,-1452.0
-11.0,111.0,-1438.0
46.0,-23.0,-1208.0
50.0,-21.0,-1141.0
-7.0,7.0,-1182.0
33.0,208.0,-1184.0
-15.0,-19.0,-1342.0
27.0,91.0,-1401.0
-46.0,44.0,-1407.0
35.0,37.0,-1383.0
-33.0,74.0,-1327.0
74.0,-85.0,-1134.0
-74.0,-46.0,-1130.0
62.0,-31.0,-1245.0
-33.0,72.0,-1366.0
0.0,253.0,-1372.0
-101.0,146.0,-1516.0
21.0,74.0,-1450.0
7.0,-111.0,-1335.0
-39.0,-13.0,-1059.0
-93.0,46.0,-1073.0
70.0,-72.0,-1235.0
54.0,-187.0,-1423.0
21.0,-13.0,-1432.0
3.0,255.0,-1465.0
-7.0,343.0,-1368.0
99.0,39.0,-1225.0
-7.0,-85.0,-1175.0
-46.0,-66.0,-1122.0
9.0,99.0,-1204.0
-39.0,3.0,-1323.0
-35.0,-62.0,-1391.0
-56.0,-48.0,-1401.0
-1.0,179.0,-1376.0
66.0,169.0,-1352.0
64.0,-105.0,-1182.0
-76.0,-56.0,-1067.0
27.0,109.0,-1147.0
17.0,85.0,-1358.0
39.0,39.0,-1483.0
-107.0,5.0,-1395.0
-25.0,105.0,-1364.0
21.0,95.0,-1309.0
25.0,-148.0,-1198.0
-54.0,-58.0,-1126.0
3.0,42.0,-1190.0
56.0,134.0,-1360.0
-44.0,154.0,-1424.0
-76.0,146.0,-1391.0
-3.0,152.0,-1368.0
76.0,107.0,-1430.0
-25.0,-52.0,-1225.0
-29.0,-292.0,-1104.0
11.0,-39.0,-1120.0
50.0,21.0,-1309.0
-33.0,70.0,-1407.0
-31.0,85.0,-1467.0
-44.0,281.0,-1440.0
103.0,-7.0,-1346.0
-19.0,74.0,-1157.0
-72.0,-76.0,-1005.0
-15.0,62.0,-1153.0
-23.0,21.0,-1323.0
-50.0,23.0,-1493.0
-40.0,-105.0,-1479.0
-48.0,74.0,-1378.0
52.0,154.0,-1268.0
27.0,-54.0,-1221.0
25.0,-66.0,-1180.0
-19.0,33.0,-1175.0
27.0,158.0,-1268.0
-11.0,-60.0,-1450.0
11.0,33.0,-1405.0
5.0,169.0,-1391.0
78.0,144.0,-1366.0
19.0,-33.0,-1280.0
-37.0,-58.0,-1081.0
-60.0,40.0,-1052.0
40.0,-1.0,-1333.0
-31.0,-39.0,-1448.0
-72.0,42.0,-1366.0
-52.0,195.0,-1346.0
-5.0,181.0,-1417.0
58.0,-44.0,-1303.0
-66.0,-13.0,-1056.0
-62.0,13.0,-1128.0
76.0,-52.0,-1264.0
-70.0,-33.0,-1329.0
27.0,117.0,-1288.0
-46.0,173.0,-1413.0
103.0,115.0,-1508.0
0.0,-35.0,-1315.0
-23.0,-40.0,-1059.0
-3.0,-78.0,-1028.0
21.0,33.0,-1233.0
-44.0,74.0,-1301.0
23.0,-3.0,-1337.0
3.0,95.0,-1501.0
111.0,76.0,-1479.0
17.0,-52.0,-1290.0
-17.0,44.0,-1028.0
-39.0,-35.0,-1104.0
68.0,91.0,-1253.0
-103.0,95.0,-1370.0
-21.0,-64.0,-1421.0
-105.0,80.0,-1452.0
-21.0,130.0,-1352.0
-40.0,-74.0,-1303.0
21.0,91.0,-1147.0
-46.0,-111.0,-1165.0
17.0,-68.0,-1218.0
-44.0,50.0,-1344.0
46.0,42.0,-1360.0
3.0,175.0,-1444.0
21.0,359.0,-1423.0
140.0,-97.0,-1354.0
29.0,-154.0,-1095.0
-95.0,-27.0,-1040.0
37.0,158.0,-1190.0
-3.0,-66.0,-1323.0
-60.0,115.0,-1395.0
-81.0,163.0,-1393.0
25.0,138.0,-1403.0
-9.0,25.0,-1241.0
97.0,-201.0,-1124.0
-81.0,13.0,-1122.0
107.0,85.0,-1220.0
-44.0,97.0,-1298.0
54.0,44.0,-1364.0
-121.0,261.0,-1450.0
21.0,99.0,-1385.0
-9.0,-1.0,-1356.0
37.0,5.0,-1083.0
-52.0,-183.0,-1056.0
17.0,5.0,-1141.0
21.0,-11.0,-1341.0
17.0,19.0,-1438.0
-76.0,255.0,-1483.0
85.0,122.0,-1487.0
78.0,97.0,-1300.0
58.0,-29.0,-1098.0
-99.0,-46.0,-1081.0
78.0,-44.0,-1171.0
7.0,-105.0,-1342.0
5.0,-7.0,-1424.0
-95.0,87.0,-1407.0
52.0,44.0,-1378.0
-13.0,175.0,-1296.0
-17.0,140.0,-1171.0
-21.0,-81.0,-1120.0
-17.0,35.0,-1208.0
-31.0,-42.0,-1286.0
-48.0,56.0,-1403.0
-62.0,33.0,-1395.0
-42.0,35.0,-1380.0
97.0,-29.0,-1337.0
29.0,-29.0,-1157.0
-132.0,101.0,-944.0
13.0,181.0,-985.0
-37.0,107.0,-1198.0
-5.0,58.0,-1239.0
52.0,40.0,-1048.0
21.0,-44.0,-1030.0
-7.0,-29.0,-841.0
-74.0,-25.0,-644.0
23.0,-160.0,-772.0
46.0,-40.0,-907.0
-13.0,-33.0,-884.0
-35.0,146.0,-843.0
99.0,185.0,-931.0
80.0,189.0,-847.0
48.0,76.0,-663.0
-7.0,-95.0,-638.0
-15.0,27.0,-646.0
9.0,-95.0,-819.0
-76.0,-40.0,-823.0
-78.0,-25.0,-919.0
66.0,37.0,-1050.0
17.0,247.0,-1011.0
-11.0,173.0,-892.0
-11.0,-9.0,-796.0
-42.0,46.0,-856.0
52.0,40.0,-936.0
3.0,-64.0,-1075.0
-3.0,146.0,-1112.0
-9.0,95.0,-1095.0
15.0,-87.0,-1167.0
-52.0,5.0,-989.0
-9.0,-136.0,-880.0
-33.0,40.0,-866.0
-19.0,70.0,-989.0
-68.0,3.0,-1048.0
-48.0,150.0,-1145.0
-93.0,152.0,-1212.0
68.0,87.0,-1192.0
0.0,-52.0,-999.0
-68.0,-56.0,-769.0
-122.0,5.0,-732.0
11.0,-126.0,-925.0
-29.0,-21.0,-1118.0
-46.0,42.0,-1173.0
-56.0,185.0,-1231.0
-9.0,165.0,-1216.0
85.0,21.0,-983.0
19.0,-66.0,-819.0
-60.0,68.0,-864.0
97.0,-7.0,-1075.0
25.0,-17.0,-1241.0
44.0,-3.0,-1229.0
-21.0,-74.0,-1362.0
107.0,115.0,-1300.0
29.0,-1.0,-1116.0
29.0,109.0,-866.0
-11.0,25.0,-999.0
72.0,74.0,-1147.0
5.0,0.0,-1260.0
-23.0,220.0,-1356.0
11.0,60.0,-1346.0
-7.0,-1.0,-1268.0
46.0,-25.0,-1009.0
-39.0,-199.0,-890.0
-60.0,40.0,-972.0
-5.0,54.0,-1165.0
15.0,95.0,-1270.0
-60.0,212.0,-1194.0
-154.0,310.0,-1132.0
0.0,181.0,-1079.0
33.0,-66.0,-962.0
74.0,-99.0,-870.0
-54.0,-203.0,-948.0
-23.0,-44.0,-933.0
19.0,-1.0,-1007.0
-1.0,220.0,-1093.0
-39.0,156.0,-1028.0
29.0,156.0,-1059.0
115.0,-58.0,-989.0
27.0,187.0,-819.0
-1.0,-3.0,-737.0
48.0,-1.0,-897.0
33.0,165.0,-958.0
-54.0,-15.0,-1020.0
-15.0,-124.0,-1052.0
-40.0,66.0,-1011.0
70.0,5.0,-958.0
13.0,17.0,-802.0
-76.0,-76.0,-792.0
25.0,85.0,-888.0
-40.0,208.0,-940.0
-31.0,101.0,-927.0
-103.0,179.0,-1042.0
-5.0,80.0,-1048.0
50.0,-13.0,-974.0
-64.0,-5.0,-743.0
-72.0,-238.0,-616.0
-48.0,3.0,-677.0
60.0,-105.0,-892.0
-35.0,-13.0,-892.0
-72.0,314.0,-948.0
-21.0,353.0,-954.0
74.0,142.0,-876.0
-17.0,-33.0,-696.0
-1.0,-281.0,-650.0
-35.0,-50.0,-661.0
3.0,-78.0,-743.0
-56.0,-25.0,-782.0
-50.0,126.0,-913.0
-37.0,111.0,-841.0
122.0,83.0,-913.0
33.0,81.0,-761.0
-11.0,-87.0,-646.0
0.0,-130.0,-585.0
60.0,76.0,-724.0
-66.0,103.0,-837.0
23.0,29.0,-936.0
-66.0,216.0,-1007.0
97.0,-17.0,-1046.0
-60.0,-74.0,-772.0
1.0,-121.0,-583.0
-74.0,25.0,-538.0
48.0,-81.0,-792.0
-58.0,54.0,-968.0
-50.0,181.0,-997.0
103.0,66.0,-1022.0
46.0,134.0,-1059.0
42.0,109.0,-843.0
-50.0,-80.0,-577.0
-17.0,-29.0,-603.0
-87.0,-56.0,-720.0
13.0,-111.0,-878.0
17.0,146.0,-976.0
29.0,27.0,-1061.0
0.0,175.0,-1005.0
19.0,191.0,-794.0
-23.0,-33.0,-554.0
-56.0,-150.0,-528.0
35.0,-5.0,-749.0
3.0,70.0,-888.0
54.0,89.0,-993.0
-11.0,60.0,-1044.0
23.0,66.0,-985.0
-7.0,107.0,-714.0
-42.0,66.0,-530.0
-21.0,29.0,-622.0
21.0,15.0,-702.0
-60.0,1.0,-899.0
-68.0,85.0,-942.0
-44.0,72.0,-1018.0
37.0,40.0,-938.0
-44.0,208.0,-776.0
39.0,50.0,-579.0
-42.0,-121.0,-644.0
-48.0,25.0,-730.0
33.0,-70.0,-843.0
19.0,91.0,-958.0
-68.0,140.0,-968.0
13.0,121.0,-929.0
44.0,68.0,-802.0
17.0,122.0,-564.0
-42.0,-39.0,-593.0
54.0,-89.0,-788.0
-70.0,-68.0,-866.0
9.0,-29.0,-847.0
-115.0,173.0,-935.0
15.0,257.0,-917.0
19.0,-40.0,-780.0
17.0,-11.0,-698.0
-66.0,-56.0,-653.0
40.0,-54.0,-671.0
-29.0,126.0,-743.0
21.0,142.0,-847.0
-111.0,140.0,-905.0
27.0,203.0,-892.0
35.0,-35.0,-765.0
52.0,-146.0,-653.0
-81.0,-216.0,-564.0
31.0,-40.0,-536.0
1.0,-25.0,-739.0
0.0,203.0,-882.0
-13.0,212.0,-917.0
-11.0,181.0,-907.0
23.0,249.0,-817.0
60.0,-54.0,-632.0
-70.0,-216.0,-530.0
-37.0,-60.0,-585.0
1.0,-81.0,-733.0
-44.0,3.0,-813.0
-101.0,76.0,-870.0
-46.0,283.0,-956.0
126.0,70.0,-894.0
-13.0,39.0,-679.0
-58.0,-21.0,-517.0
27.0,-115.0,-593.0
5.0,-17.0,-710.0
-44.0,-25.0,-870.0
-48.0,46.0,-946.0
35.0,87.0,-940.0
107.0,35.0,-858.0
76.0,-99.0,-689.0
-68.0,-44.0,-445.0
-17.0,62.0,-515.0
31.0,29.0,-782.0
-56.0,89.0,-894.0
-68.0,107.0,-890.0
0.0,140.0,-925.0
13.0,163.0,-845.0
-25.0,-9.0,-669.0
-52.0,-230.0,-538.0
-35.0,-72.0,-542.0
-21.0,54.0,-696.0
-48.0,81.0,-843.0
-66.0,99.0,-872.0
-48.0,228.0,-938.0
56.0,169.0,-862.0
-21.0,19.0,-665.0
-50.0,-111.0,-470.0
-9.0,-185.0,-493.0
11.0,-23.0,-730.0
5.0,-17.0,-884.0
-7.0,68.0,-870.0
-3.0,249.0,-894.0
103.0,167.0,-866.0
23.0,128.0,-696.0
33.0,-115.0,-493.0
-70.0,-27.0,-532.0
23.0,-39.0,-737.0
-35.0,68.0,-786.0
-15.0,25.0,-843.0
-35.0,0.0,-1024.0
39.0,152.0,-890.0
-39.0,81.0,-694.0
-25.0,-109.0,-525.0
-66.0,-23.0,-538.0
101.0,23.0,-681.0
-39.0,103.0,-853.0
-5.0,165.0,-935.0
-48.0,95.0,-983.0
48.0,40.0,-892.0
5.0,-50.0,-585.0
-9.0,-27.0,-411.0
-33.0,-35.0,-488.0
-9.0,15.0,-698.0
-33.0,15.0,-856.0
13.0,-17.0,-938.0
-42.0,89.0,-925.0
21.0,193.0,-823.0
68.0,23.0,-632.0
40.0,-44.0,-562.0
-60.0,-46.0,-569.0
23.0,39.0,-667.0
-21.0,13.0,-802.0
7.0,146.0,-915.0
-78.0,74.0,-870.0
39.0,111.0,-823.0
-42.0,44.0,-685.0
-44.0,11.0,-486.0
-80.0,-109.0,-523.0
52.0,-50.0,-732.0
-3.0,21.0,-862.0
23.0,171.0,-847.0
-52.0,245.0,-909.0
13.0,181.0,-796.0
85.0,-148.0,-663.0
33.0,-124.0,-534.0
-44.0,-44.0,-538.0
72.0,-66.0,-605.0
0.0,-54.0,-759.0
31.0,11.0,-829.0
-68.0,224.0,-853.0
37.0,288.0,-882.0
25.0,54.0,-751.0
11.0,-13.0,-560.0
-70.0,-185.0,-507.0
-29.0,19.0,-593.0
-3.0,9.0,-815.0
-44.0,-5.0,-899.0
-113.0,80.0,-905.0
19.0,117.0,-853.0
19.0,91.0,-808.0
56.0,-23.0,-540.0
-74.0,-50.0,-468.0
78.0,5.0,-628.0
33.0,-15.0,-813.0
-15.0,42.0,-866.0
-52.0,52.0,-880.0
5.0,113.0,-853.0
85.0,21.0,-821.0
-9.0,-58.0,-640.0
-76.0,-76.0,-530.0
11.0,-9.0,-560.0
-44.0,21.0,-720.0
-52.0,74.0,-821.0
-76.0,128.0,-853.0
-3.0,197.0,-856.0
21.0,83.0,-847.0
-9.0,-74.0,-655.0
-97.0,-148.0,-472.0
-62.0,35.0,-505.0
-1.0,1.0,-784.0
-39.0,5.0,-796.0
-91.0,130.0,-825.0
31.0,171.0,-917.0
68.0,97.0,-849.0
56.0,-3.0,-679.0
-42.0,-66.0,-519.0
-17.0,50.0,-497.0
70.0,-13.0,-704.0
-81.0,54.0,-759.0
-15.0,-23.0,-800.0
60.0,95.0,-948.0
95.0,103.0,-931.0
19.0,-7.0,-661.0
-64.0,-85.0,-491.0
-54.0,87.0,-542.0
60.0,64.0,-718.0
-58.0,40.0,-819.0
-80.0,101.0,-839.0
-33.0,167.0,-884.0
74.0,15.0,-862.0
-42.0,-68.0,-663.0
-17.0,-103.0,-478.0
-31.0,5.0,-503.0
1.0,39.0,-718.0
-66.0,-17.0,-804.0
-39.0,119.0,-813.0
-17.0,242.0,-882.0
87.0,124.0,-876.0
7.0,5.0,-716.0
9.0,-62.0,-491.0
-60.0,-50.0,-534.0
37.0,-60.0,-653.0
-37.0,-25.0,-708.0
-5.0,91.0,-780.0
-21.0,173.0,-880.0
83.0,101.0,-905.0
29.0,-17.0,-702.0
-31.0,-25.0,-501.0
-52.0,87.0,-548.0
87.0,-19.0,-726.0
-35.0,13.0,-821.0
-9.0,78.0,-808.0
-76.0,130.0,-878.0
11.0,89.0,-903.0
-9.0,-31.0,-726.0
1.0,-72.0,-527.0
-35.0,-60.0,-581.0
0.0,93.0,-665.0
11.0,3.0,-761.0
-35.0,122.0,-833.0
-60.0,185.0,-940.0
29.0,48.0,-895.0
17.0,21.0,-679.0
15.0,-85.0,-470.0
-56.0,-31.0,-532.0
-7.0,-40.0,-626.0
17.0,-91.0,-800.0
-40.0,74.0,-819.0
-29.0,109.0,-868.0
13.0,216.0,-800.0
56.0,50.0,-702.0
37.0,-5.0,-519.0
-35.0,-29.0,-532.0
39.0,-35.0,-696.0
-1.0,-31.0,-735.0
-17.0,9.0,-802.0
-68.0,66.0,-813.0
-11.0,177.0,-872.0
44.0,56.0,-735.0
-15.0,-25.0,-575.0
-76.0,9.0,-562.0
17.0,-40.0,-651.0
0.0,-37.0,-771.0
-46.0,101.0,-813.0
-91.0,187.0,-884.0
23.0,146.0,-888.0
68.0,19.0,-769.0
31.0,-48.0,-630.0
-54.0,-68.0,-515.0
31.0,0.0,-601.0
76.0,-25.0,-771.0
-39.0,64.0,-802.0
-46.0,136.0,-831.0
1.0,185.0,-827.0
74.0,78.0,-751.0
23.0,-60.0,-609.0
-39.0,-134.0,-577.0
3.0,-46.0,-566.0
-23.0,13.0,-694.0
-74.0,64.0,-794.0
-48.0,115.0,-841.0
-25.0,140.0,-843.0
56.0,78.0,-878.0
-11.0,-13.0,-665.0
-89.0,-9.0,-505.0
5.0,-44.0,-583.0
-42.0,-21.0,-747.0
-50.0,50.0,-827.0
-80.0,85.0,-798.0
-1.0,101.0,-864.0
72.0,54.0,-804.0
1.0,13.0,-655.0
-25.0,-48.0,-536.0
-11.0,-33.0,-554.0
9.0,-25.0,-704.0
-48.0,40.0,-728.0
-44.0,183.0,-829.0
-21.0,128.0,-905.0
70.0,23.0,-851.0
-9.0,-40.0,-671.0
-39.0,-50.0,-507.0
-37.0,-17.0,-507.0
19.0,-54.0,-689.0
-81.0,64.0,-755.0
-11.0,89.0,-860.0
-29.0,187.0,-929.0
89.0,62.0,-880.0
-25.0,-37.0,-667.0
-31.0,-56.0,-482.0
-13.0,-46.0,-544.0
39.0,-11.0,-735.0
-66.0,31.0,-790.0
-5.0,109.0,-792.0
-5.0,70.0,-864.0
58.0,29.0,-819.0
-33.0,-13.0,-630.0
23.0,-13.0,-538.0
-31.0,-46.0,-599.0
21.0,-33.0,-632.0
-68.0,25.0,-706.0
-13.0,165.0,-833.0
-48.0,132.0,-903.0
42.0,42.0,-884.0
-29.0,-68.0,-726.0
7.0,-27.0,-505.0
-74.0,-31.0,-525.0
40.0,-37.0,-687.0
-60.0,-1.0,-794.0
13.0,158.0,-853.0
-64.0,179.0,-913.0
58.0,111.0,-868.0
-1.0,-25.0,-692.0
52.0,-40.0,-571.0
-62.0,-19.0,-577.0
52.0,-9.0,-651.0
-42.0,-17.0,-765.0
11.0,91.0,-835.0
-60.0,128.0,-913.0
31.0,115.0,-876.0
-1.0,17.0,-712.0
27.0,13.0,-505.0
-56.0,-66.0,-540.0
0.0,7.0,-601.0
-23.0,-54.0,-737.0
-7.0,113.0,-812.0
-68.0,173.0,-882.0
56.0,39.0,-845.0
-35.0,37.0,-694.0
58.0,-25.0,-478.0
-74.0,-52.0,-534.0
64.0,-3.0,-651.0
-29.0,1.0,-765.0
0.0,124.0,-831.0
-60.0,76.0,-899.0
29.0,91.0,-851.0
11.0,56.0,-747.0
56.0,21.0,-630.0
-74.0,-95.0,-628.0
56.0,-44.0,-642.0
-9.0,3.0,-730.0
11.0,150.0,-874.0
-54.0,81.0,-938.0
50.0,105.0,-911.0
66.0,-11.0,-819.0
66.0,1.0,-640.0
-85.0,-25.0,-542.0
5.0,-23.0,-630.0
-33.0,-25.0,-866.0
-27.0,15.0,-892.0
-111.0,150.0,-907.0
185.0,181.0,-915.0
142.0,15.0,-874.0
441.0,-35.0,-691.0
488.0,-62.0,-671.0
363.0,-11.0,-821.0
936.0,-13.0,-618.0
661.0,70.0,-1003.0
1020.0,56.0,-890.0
983.0,134.0,-1036.0
1100.0,134.0,-1130.0
1098.0,-128.0,-728.0
940.0,-64.0,-780.0
1247.0,66.0,-745.0
981.0,101.0,-890.0
1124.0,-31.0,-872.0
1020.0,85.0,-1040.0
1266.0,228.0,-913.0
954.0,91.0,-993.0
1179.0,-150.0,-706.0
929.0,-136.0,-630.0
1032.0,226.0,-665.0
823.0,5.0,-888.0
901.0,-27.0,-895.0
895.0,-29.0,-962.0
874.0,454.0,-997.0
886.0,91.0,-958.0
804.0,-220.0,-853.0
854.0,-136.0,-728.0
798.0,245.0,-755.0
845.0,115.0,-784.0
827.0,-167.0,-909.0
944.0,-15.0,-989.0
868.0,521.0,-1075.0
1009.0,171.0,-1052.0
1026.0,-290.0,-985.0
979.0,-124.0,-804.0
921.0,171.0,-749.0
1057.0,279.0,-958.0
1057.0,-249.0,-1118.0
1013.0,31.0,-1073.0
1007.0,413.0,-1069.0
1022.0,138.0,-1059.0
1015.0,-244.0,-895.0
1007.0,-204.0,-747.0
870.0,171.0,-790.0
964.0,179.0,-886.0
987.0,-220.0,-960.0
880.0,76.0,-993.0
858.0,374.0,-1028.0
940.0,156.0,-1054.0
866.0,-177.0,-868.0
724.0,-259.0,-769.0
638.0,230.0,-726.0
601.0,13.0,-909.0
454.0,68.0,-991.0
431.0,-107.0,-1048.0
333.0,406.0,-1013.0
337.0,191.0,-974.0
245.0,-91.0,-880.0
208.0,-128.0,-724.0
68.0,-9.0,-800.0
76.0,226.0,-929.0
29.0,-72.0,-1013.0
-76.0,-15.0,-1034.0
-113.0,201.0,-1024.0
-167.0,177.0,-1042.0
-87.0,44.0,-976.0
-163.0,-105.0,-897.0
-146.0,-60.0,-829.0
-99.0,146.0,-853.0
-56.0,52.0,-884.0
-89.0,119.0,-972.0
-83.0,29.0,-1059.0
-320.0,76.0,-1132.0
-3.0,31.0,-1024.0
-556.0,-58.0,-925.0
-702.0,-115.0,-839.0
-720.0,-56.0,-942.0
-858.0,124.0,-1098.0
-841.0,46.0,-942.0
-1270.0,81.0,-1167.0
-915.0,226.0,-1001.0
-1206.0,113.0,-917.0
-1255.0,-247.0,-829.0
-1387.0,-284.0,-784.0
-1196.0,58.0,-735.0
-1342.0,103.0,-956.0
-1325.0,216.0,-1001.0
-1223.0,-156.0,-1102.0
-1227.0,150.0,-1237.0
-1114.0,195.0,-1059.0
-1020.0,-97.0,-946.0
-1054.0,-300.0,-831.0
-1044.0,37.0,-886.0
-880.0,154.0,-995.0
-938.0,5.0,-1044.0
-882.0,-21.0,-1124.0
-712.0,173.0,-1132.0
-679.0,162.0,-1071.0
-607.0,-29.0,-894.0
-685.0,-267.0,-892.0
-571.0,80.0,-870.0
-640.0,163.0,-987.0
-673.0,70.0,-1073.0
-683.0,-68.0,-1126.0
-646.0,148.0,-1165.0
-609.0,265.0,-1083.0
-685.0,-109.0,-903.0
-694.0,-261.0,-700.0
-694.0,-19.0,-704.0
-696.0,171.0,-843.0
-780.0,37.0,-946.0
-704.0,-165.0,-1054.0
-726.0,251.0,-1141.0
-681.0,199.0,-1118.0
-716.0,-68.0,-917.0
-722.0,-322.0,-771.0
-735.0,68.0,-804.0
-765.0,199.0,-950.0
-728.0,-9.0,-1112.0
-698.0,-74.0,-1175.0
-638.0,154.0,-1139.0
-591.0,261.0,-1093.0
-456.0,-70.0,-979.0
-458.0,-208.0,-794.0
-376.0,23.0,-800.0
-341.0,169.0,-940.0
-257.0,15.0,-1122.0
-177.0,-64.0,-1151.0
-154.0,107.0,-1235.0
-64.0,234.0,-1262.0
-68.0,-99.0,-1034.0
-87.0,-124.0,-796.0
-124.0,7.0,-747.0
-81.0,109.0,-892.0
-76.0,44.0,-1032.0
-58.0,-37.0,-1071.0
-136.0,173.0,-1075.0
-23.0,128.0,-1069.0
-56.0,70.0,-979.0
-66.0,-210.0,-730.0
-113.0,-39.0,-739.0
-60.0,146.0,-919.0
-76.0,50.0,-1067.0
-68.0,-3.0,-1075.0
-80.0,119.0,-1167.0
-66.0,238.0,-1149.0
-42.0,-31.0,-1003.0
-130.0,-105.0,-790.0
-165.0,-27.0,-753.0
-160.0,9.0,-925.0
-203.0,111.0,-1040.0
-169.0,31.0,-1136.0
-204.0,130.0,-1214.0
-111.0,146.0,-1233.0
-144.0,-3.0,-1065.0
-163.0,-109.0,-837.0
-232.0,33.0,-827.0
-107.0,39.0,-1026.0
-148.0,19.0,-1163.0
-132.0,9.0,-1175.0
-222.0,146.0,-1134.0
-109.0,183.0,-1124.0
-97.0,-42.0,-1015.0
-95.0,-121.0,-884.0
-163.0,-50.0,-839.0
-78.0,33.0,-919.0
-56.0,29.0,-1028.0
-74.0,70.0,-1079.0
-107.0,150.0,-1134.0
-9.0,103.0,-1143.0
-40.0,33.0,-1097.0
35.0,-52.0,-837.0
-156.0,-74.0,-765.0
-33.0,13.0,-901.0
-58.0,-21.0,-1038.0
-58.0,74.0,-1063.0
-134.0,152.0,-1030.0
-66.0,167.0,-1077.0
78.0,-35.0,-1042.0
-78.0,-40.0,-899.0
-72.0,-74.0,-798.0
-1.0,0.0,-890.0
27.0,46.0,-1007.0
-19.0,93.0,-1050.0
-85.0,156.0,-1106.0
23.0,91.0,-1208.0
60.0,3.0,-1081.0
9.0,-39.0,-888.0
-76.0,-101.0,-776.0
-17.0,3.0,-854.0
7.0,15.0,-1005.0
-35.0,117.0,-1059.0
-70.0,138.0,-1124.0
-13.0,121.0,-1171.0
85.0,1.0,-1093.0
40.0,-72.0,-862.0
-25.0,-23.0,-808.0
68.0,-3.0,-876.0
128.0,17.0,-1034.0
42.0,66.0,-1079.0
42.0,72.0,-1098.0
142.0,136.0,-1077.0
179.0,78.0,-1077.0
121.0,-48.0,-923.0
7.0,-113.0,-827.0
68.0,-19.0,-856.0
44.0,37.0,-979.0
-29.0,91.0,-1067.0
-33.0,91.0,-1095.0
3.0,97.0,-1147.0
68.0,64.0,-1167.0
-5.0,-44.0,-976.0
-78.0,-74.0,-784.0
-33.0,-44.0,-851.0
-66.0,44.0,-1016.0
-60.0,46.0,-1079.0
-122.0,150.0,-1073.0
-15.0,128.0,-1153.0
-33.0,60.0,-1145.0
-19.0,-66.0,-993.0
-72.0,-89.0,-823.0
-25.0,0.0,-878.0
5.0,19.0,-1016.0
-62.0,60.0,-1042.0
-78.0,132.0,-1075.0
-19.0,109.0,-1194.0
15.0,74.0,-1186.0
-37.0,-13.0,-979.0
-103.0,-99.0,-815.0
-74.0,-7.0,-813.0
-42.0,21.0,-968.0
-93.0,56.0,-1048.0
-76.0,109.0,-1114.0
-62.0,160.0,-1171.0
33.0,19.0,-1175.0
-68.0,-31.0,-942.0
-60.0,-85.0,-796.0
-48.0,0.0,-839.0
-21.0,42.0,-1015.0
-78.0,11.0,-1085.0
-33.0,58.0,-1097.0
-66.0,121.0,-1138.0
9.0,140.0,-1139.0
-25.0,3.0,-979.0
-1.0,-66.0,-880.0
-68.0,-68.0,-888.0
-3.0,1.0,-931.0
-35.0,31.0,-1005.0
-11.0,126.0,-1097.0
-44.0,117.0,-1159.0
0.0,142.0,-1175.0
-9.0,-40.0,-1087.0
25.0,-66.0,-821.0
-76.0,-31.0,-823.0
60.0,9.0,-966.0
-29.0,-3.0,-1052.0
11.0,117.0,-1087.0
-64.0,148.0,-1151.0
93.0,134.0,-1106.0
33.0,-21.0,-1015.0
27.0,-64.0,-880.0
-64.0,-68.0,-849.0
72.0,52.0,-938.0
-9.0,46.0,-1011.0
33.0,83.0,-1042.0
-70.0,171.0,-1141.0
113.0,99.0,-1198.0
21.0,-13.0,-1028.0
58.0,-7.0,-864.0
-37.0,-115.0,-835.0
33.0,64.0,-862.0
0.0,35.0,-1046.0
3.0,103.0,-1091.0
-80.0,132.0,-1169.0
50.0,99.0,-1182.0
21.0,-9.0,-1042.0
40.0,-44.0,-841.0
-56.0,-46.0,-847.0
62.0,44.0,-942.0
0.0,-25.0,-1046.0
-31.0,87.0,-1085.0
-52.0,91.0,-1138.0
23.0,148.0,-1108.0
11.0,42.0,-1065.0
72.0,-60.0,-933.0
-74.0,-74.0,-884.0
31.0,-7.0,-878.0
-50.0,23.0,-966.0
-21.0,70.0,-1077.0
-97.0,115.0,-1145.0
15.0,158.0,-1145.0
50.0,-13.0,-1149.0
11.0,-42.0,-935.0
-81.0,-76.0,-796.0
17.0,19.0,-862.0
-21.0,46.0,-1054.0
1.0,46.0,-1122.0
-111.0,138.0,-1097.0
52.0,132.0,-1161.0
35.0,-15.0,-1091.0
33.0,-39.0,-974.0
-72.0,-115.0,-841.0
27.0,46.0,-866.0
1.0,35.0,-1016.0
-29.0,60.0,-1067.0
-81.0,146.0,-1083.0
3.0,89.0,-1212.0
39.0,31.0,-1163.0
21.0,-37.0,-933.0
-46.0,-68.0,-808.0
3.0,23.0,-825.0
-33.0,0.0,-1005.0
-42.0,62.0,-1097.0
-44.0,66.0,-1128.0
7.0,136.0,-1130.0
11.0,29.0,-1157.0
13.0,-11.0,-958.0
-56.0,-85.0,-833.0
17.0,0.0,-878.0
-31.0,54.0,-999.0
-35.0,37.0,-1081.0
-56.0,54.0,-1075.0
-29.0,150.0,-1147.0
40.0,74.0,-1145.0
0.0,-27.0,-1016.0
-60.0,-72.0,-851.0
-23.0,-39.0,-841.0
-13.0,3.0,-976.0
-5.0,50.0,-1042.0
-60.0,85.0,-1083.0
-7.0,146.0,-1190.0
25.0,46.0,-1200.0
33.0,-52.0,-1044.0
-29.0,-99.0,-774.0
-52.0,62.0,-808.0
25.0,1.0,-1015.0
-17.0,9.0,-1075.0
-15.0,105.0,-1083.0
0.0,101.0,-1159.0
-7.0,122.0,-1155.0
21.0,-11.0,-985.0
-5.0,-66.0,-884.0
-27.0,-35.0,-847.0
-13.0,29.0,-962.0
-25.0,35.0,-1007.0
11.0,74.0,-1054.0
-39.0,136.0,-1171.0
40.0,56.0,-1212.0
-11.0,5.0,-1013.0
-27.0,-40.0,-849.0
-48.0,-46.0,-833.0
-3.0,39.0,-903.0
13.0,-1.0,-1065.0
-5.0,109.0,-1128.0
-58.0,111.0,-1149.0
-9.0,130.0,-1132.0
21.0,5.0,-1030.0
52.0,-56.0,-884.0
-62.0,-31.0,-866.0
11.0,13.0,-946.0
1.0,9.0,-1013.0
-27.0,72.0,-1065.0
-50.0,109.0,-1155.0
-9.0,175.0,-1138.0
54.0,3.0,-1077.0
9.0,-46.0,-895.0
-52.0,-46.0,-843.0
27.0,3.0,-884.0
-23.0,5.0,-991.0
17.0,83.0,-1075.0
-87.0,175.0,-1161.0
62.0,109.0,-1198.0
78.0,-31.0,-1052.0
27.0,-39.0,-880.0
-44.0,-40.0,-827.0
35.0,39.0,-892.0
5.0,11.0,-1071.0
25.0,42.0,-1104.0
-80.0,154.0,-1110.0
21.0,140.0,-1130.0
29.0,-5.0,-1036.0
35.0,-70.0,-923.0
-52.0,-74.0,-890.0
19.0,31.0,-886.0
11.0,19.0,-999.0
-35.0,130.0,-1083.0
-72.0,97.0,-1106.0
7.0,107.0,-1151.0
52.0,56.0,-1120.0
89.0,-66.0,-919.0
-81.0,-29.0,-823.0
23.0,-13.0,-851.0
11.0,-5.0,-1020.0
-17.0,95.0,-1110.0
-81.0,99.0,-1132.0
0.0,150.0,-1095.0
37.0,3.0,-1093.0
37.0,-44.0,-972.0
-54.0,-80.0,-849.0
13.0,-1.0,-878.0
-39.0,44.0,-1020.0
-17.0,48.0,-1054.0
-85.0,136.0,-1081.0
-3.0,130.0,-1153.0
56.0,44.0,-1153.0
0.0,-39.0,-987.0
-54.0,-101.0,-839.0
-23.0,0.0,-813.0
13.0,17.0,-1005.0
-42.0,44.0,-1061.0
-95.0,177.0,-1095.0
19.0,99.0,-1188.0
80.0,27.0,-1161.0
1.0,-70.0,-956.0
-42.0,-56.0,-796.0
-42.0,46.0,-851.0
54.0,11.0,-1026.0
-74.0,39.0,-1097.0
-25.0,70.0,-1106.0
-7.0,136.0,-1106.0
66.0,103.0,-1141.0
-11.0,-35.0,-987.0
5.0,-85.0,-878.0
-9.0,-25.0,-856.0
-17.0,23.0,-991.0
-74.0,44.0,-1042.0
0.0,76.0,-1075.0
-29.0,134.0,-1145.0
56.0,70.0,-1194.0
-39.0,7.0,-1018.0
-5.0,-95.0,-829.0
-42.0,-11.0,-819.0
37.0,35.0,-995.0
-42.0,-1.0,-1075.0
-44.0,95.0,-1071.0
-31.0,162.0,-1134.0
54.0,101.0,-1143.0
29.0,-23.0,-1044.0
44.0,-64.0,-833.0
-25.0,-13.0,-862.0
74.0,-11.0,-997.0
-25.0,50.0,-1009.0
11.0,113.0,-1042.0
-37.0,122.0,-1159.0
7.0,95.0,-1190.0
9.0,-48.0,-1075.0
-46.0,-31.0,-837.0
-60.0,-1.0,-854.0
245.0,-40.0,-888.0
23.0,64.0,-1079.0
308.0,140.0,-1050.0
300.0,136.0,-1179.0
540.0,76.0,-1145.0
532.0,-33.0,-1038.0
605.0,-48.0,-874.0
661.0,19.0,-778.0
630.0,-35.0,-1036.0
732.0,11.0,-1134.0
704.0,154.0,-1120.0
622.0,136.0,-1163.0
708.0,72.0,-1139.0
718.0,-7.0,-1011.0
706.0,3.0,-911.0
536.0,-31.0,-839.0
587.0,-97.0,-856.0
470.0,-7.0,-993.0
476.0,216.0,-1015.0
298.0,165.0,-1050.0
406.0,56.0,-1130.0
370.0,1.0,-1091.0
333.0,64.0,-847.0
66.0,-31.0,-782.0
234.0,-74.0,-915.0
130.0,-35.0,-1071.0
33.0,185.0,-1093.0
-64.0,191.0,-1102.0
17.0,52.0,-1118.0
9.0,-40.0,-1093.0
-58.0,5.0,-897.0
-142.0,-17.0,-835.0
25.0,-54.0,-948.0
-103.0,5.0,-1052.0
-58.0,152.0,-1069.0
-119.0,148.0,-1132.0
3.0,81.0,-1204.0
-35.0,3.0,-1175.0
1.0,-33.0,-970.0
-117.0,-39.0,-845.0
1.0,-17.0,-915.0
-9.0,9.0,-1042.0
-33.0,132.0,-1087.0
-40.0,87.0,-1093.0
109.0,80.0,-1186.0
152.0,3.0,-1075.0
150.0,-13.0,-927.0
17.0,-74.0,-761.0
146.0,-11.0,-909.0
126.0,-9.0,-1050.0
83.0,78.0,-1095.0
-11.0,144.0,-1067.0
113.0,66.0,-1147.0
83.0,85.0,-1091.0
66.0,-21.0,-966.0
-25.0,-66.0,-858.0
52.0,-58.0,-837.0
-31.0,39.0,-972.0
-5.0,87.0,-981.0
-50.0,85.0,-1065.0
21.0,132.0,-1138.0
39.0,107.0,-1218.0
9.0,-9.0,-983.0
-50.0,-85.0,-833.0
72.0,-50.0,-880.0
13.0,70.0,-1026.0
44.0,31.0,-1048.0
-33.0,70.0,-1022.0
33.0,152.0,-1145.0
56.0,62.0,-1179.0
33.0,-5.0,-991.0
64.0,-37.0,-856.0
74.0,-15.0,-931.0
113.0,5.0,-1013.0
-3.0,-29.0,-962.0
66.0,113.0,-987.0
138.0,56.0,-1216.0
122.0,163.0,-1218.0
81.0,-50.0,-1024.0
78.0,-46.0,-854.0
37.0,33.0,-921.0
134.0,19.0,-1005.0
-5.0,-19.0,-958.0
66.0,29.0,-1011.0
-33.0,126.0,-1173.0
62.0,50.0,-1198.0
-64.0,-3.0,-952.0
39.0,-58.0,-884.0
-70.0,7.0,-942.0
58.0,39.0,-1030.0
-99.0,-25.0,-987.0
-48.0,42.0,-1030.0
-121.0,119.0,-1120.0
-17.0,134.0,-1169.0
-60.0,54.0,-1030.0
-19.0,-44.0,-981.0
-83.0,-17.0,-968.0
-50.0,0.0,-899.0
-54.0,0.0,-915.0
-25.0,37.0,-1001.0
-115.0,130.0,-1167.0
33.0,80.0,-1139.0
5.0,56.0,-1091.0
58.0,-3.0,-925.0
-87.0,3.0,-952.0
119.0,80.0,-882.0
93.0,-35.0,-999.0
-1.0,64.0,-1044.0
-66.0,74.0,-1087.0
83.0,76.0,-1077.0
115.0,21.0,-1052.0
72.0,-19.0,-995.0
-42.0,-5.0,-931.0
109.0,1.0,-909.0
80.0,40.0,-911.0
23.0,58.0,-1030.0
-89.0,81.0,-1081.0
97.0,29.0,-1108.0
97.0,103.0,-1118.0
27.0,-11.0,-1054.0
-81.0,-54.0,-897.0
99.0,25.0,-849.0
89.0,-25.0,-1005.0
3.0,130.0,-1034.0
-126.0,72.0,-1085.0
87.0,15.0,-1065.0
17.0,95.0,-1141.0
31.0,29.0,-1026.0
-144.0,-52.0,-895.0
142.0,-21.0,-915.0
46.0,7.0,-1011.0
-91.0,105.0,-1030.0
-115.0,17.0,-1003.0
83.0,115.0,-1106.0
56.0,19.0,-1169.0
42.0,39.0,-1067.0
-115.0,-72.0,-872.0
185.0,-62.0,-884.0
-52.0,140.0,-968.0
-35.0,35.0,-1015.0
-80.0,19.0,-960.0
119.0,109.0,-1147.0
39.0,46.0,-1237.0
-50.0,9.0,-1036.0
-54.0,-76.0,-784.0
177.0,54.0,-950.0
-44.0,44.0,-1104.0
19.0,-15.0,-950.0
-95.0,68.0,-913.0
109.0,117.0,-1173.0
-87.0,134.0,-1182.0
101.0,11.0,-1044.0
-93.0,-56.0,-915.0
83.0,33.0,-958.0
-35.0,81.0,-983.0
13.0,-70.0,-913.0
-89.0,25.0,-890.0
-25.0,140.0,-1184.0
9.0,121.0,-1298.0
-21.0,-29.0,-1015.0
-42.0,-29.0,-890.0
1.0,105.0,-888.0
-39.0,-29.0,-1075.0
-142.0,-64.0,-892.0
-37.0,39.0,-913.0
-48.0,150.0,-1145.0
-48.0,140.0,-1278.0
-103.0,-35.0,-940.0
212.0,-40.0,-858.0
-46.0,115.0,-1118.0
101.0,-37.0,-1015.0
-109.0,-54.0,-815.0
-31.0,40.0,-876.0
-60.0,244.0,-1108.0
160.0,54.0,-1344.0
31.0,-1.0,-1097.0
-44.0,-85.0,-903.0
-29.0,109.0,-905.0
62.0,-44.0,-997.0
204.0,-105.0,-831.0
11.0,31.0,-938.0
-103.0,224.0,-1155.0
1.0,23.0,-1321.0
9.0,29.0,-1151.0
50.0,35.0,-901.0
-40.0,78.0,-907.0
199.0,-13.0,-960.0
-48.0,-218.0,-931.0
-107.0,70.0,-933.0
-126.0,152.0,-1114.0
76.0,111.0,-1251.0
-191.0,29.0,-1026.0
226.0,-40.0,-878.0
-42.0,95.0,-1073.0
19.0,25.0,-968.0
-37.0,-78.0,-862.0
-1.0,-1.0,-895.0
-204.0,191.0,-1091.0
56.0,115.0,-1208.0
74.0,-35.0,-1165.0
-85.0,-37.0,-999.0
-138.0,52.0,-851.0
199.0,60.0,-870.0
175.0,-169.0,-993.0
-228.0,-15.0,-983.0
-122.0,210.0,-1003.0
115.0,236.0,-1200.0
50.0,-74.0,-1286.0
11.0,21.0,-940.0
5.0,-37.0,-847.0
158.0,99.0,-997.0
-19.0,-29.0,-979.0
62.0,-97.0,-851.0
-89.0,156.0,-987.0
122.0,113.0,-1303.0
17.0,76.0,-1231.0
87.0,-40.0,-944.0
-107.0,1.0,-763.0
156.0,103.0,-952.0
-56.0,-37.0,-995.0
-66.0,0.0,-856.0
-31.0,27.0,-1063.0
-80.0,158.0,-1382.0
-101.0,39.0,-1175.0
97.0,3.0,-901.0
-134.0,23.0,-772.0
111.0,23.0,-1026.0
109.0,-1.0,-968.0
-89.0,-154.0,-983.0
-257.0,179.0,-1013.0
-5.0,232.0,-1149.0
121.0,50.0,-1118.0
66.0,-160.0,-999.0
-263.0,60.0,-960.0
265.0,54.0,-938.0
-33.0,60.0,-1073.0
31.0,-19.0,-905.0
-136.0,-35.0,-903.0
-56.0,142.0,-1122.0
42.0,80.0,-1313.0
89.0,87.0,-1139.0
-91.0,-80.0,-813.0
142.0,42.0,-849.0
-58.0,115.0,-1038.0
78.0,-85.0,-970.0
-76.0,46.0,-856.0
142.0,56.0,-1128.0
-60.0,165.0,-1278.0
144.0,-17.0,-1126.0
-42.0,3.0,-935.0
7.0,60.0,-933.0
81.0,-9.0,-958.0
29.0,-66.0,-915.0
-85.0,99.0,-897.0
23.0,50.0,-1138.0
72.0,162.0,-1319.0
-35.0,0.0,-1056.0
-72.0,-46.0,-942.0
-173.0,58.0,-858.0
156.0,-21.0,-956.0
-93.0,46.0,-890.0
-126.0,-52.0,-933.0
-39.0,154.0,-1202.0
-35.0,89.0,-1356.0
-152.0,58.0,-1097.0
-109.0,13.0,-812.0
-33.0,-17.0,-903.0
99.0,134.0,-1032.0
-7.0,-107.0,-944.0
-64.0,-64.0,-878.0
-89.0,173.0,-1116.0
109.0,154.0,-1255.0
107.0,5.0,-1095.0
27.0,-40.0,-866.0
-29.0,0.0,-956.0
138.0,46.0,-950.0
74.0,13.0,-952.0
42.0,-15.0,-1016.0
-128.0,58.0,-1141.0
167.0,111.0,-1104.0
-40.0,121.0,-1214.0
42.0,11.0,-950.0
64.0,-150.0,-833.0
23.0,142.0,-923.0
62.0,-23.0,-1120.0
-99.0,-101.0,-985.0
-142.0,124.0,-942.0
119.0,201.0,-1141.0
23.0,146.0,-1239.0
-146.0,-136.0,-911.0
19.0,-29.0,-735.0
318.0,101.0,-1110.0
-101.0,-39.0,-1036.0
-146.0,1.0,-913.0
-93.0,99.0,-917.0
44.0,117.0,-1235.0
-76.0,89.0,-1262.0
-37.0,-121.0,-907.0
-95.0,-80.0,-837.0
25.0,158.0,-1013.0
-11.0,85.0,-1098.0
66.0,-144.0,-890.0
-158.0,68.0,-938.0
152.0,142.0,-1192.0
-21.0,115.0,-1255.0
-37.0,-39.0,-981.0
-156.0,-146.0,-837.0
113.0,191.0,-964.0
85.0,89.0,-1073.0
52.0,-95.0,-1030.0
-160.0,15.0,-854.0
357.0,169.0,-1016.0
-91.0,191.0,-1227.0
-11.0,-76.0,-1116.0
-13.0,-150.0,-827.0
169.0,66.0,-901.0
-68.0,138.0,-1073.0
3.0,-107.0,-950.0
-140.0,31.0,-825.0
154.0,103.0,-1139.0
-19.0,171.0,-1300.0
-78.0,-93.0,-1063.0
62.0,-40.0,-825.0
146.0,89.0,-942.0
-60.0,132.0,-1028.0
-37.0,-33.0,-981.0
-44.0,-39.0,-886.0
-44.0,156.0,-1065.0
33.0,162.0,-1315.0
29.0,-44.0,-1034.0
-81.0,-126.0,-819.0
17.0,25.0,-933.0
107.0,99.0,-1169.0
-50.0,-60.0,-940.0
-58.0,25.0,-849.0
31.0,91.0,-1057.0
5.0,265.0,-1303.0
140.0,-48.0,-1216.0
-13.0,-103.0,-772.0
-31.0,5.0,-894.0
-101.0,167.0,-1028.0
138.0,-19.0,-1044.0
13.0,-169.0,-929.0
-199.0,228.0,-1050.0
132.0,169.0,-1118.0
224.0,35.0,-1139.0
-78.0,-68.0,-933.0
-113.0,-46.0,-913.0
27.0,242.0,-950.0
212.0,-29.0,-1079.0
-203.0,-13.0,-950.0
-29.0,-9.0,-962.0
93.0,212.0,-1141.0
29.0,-5.0,-1151.0
-11.0,-42.0,-1052.0
-224.0,-64.0,-909.0
142.0,46.0,-995.0
-66.0,169.0,-950.0
-39.0,-70.0,-944.0
-74.0,134.0,-913.0
101.0,68.0,-1260.0
-50.0,185.0,-1231.0
-21.0,-70.0,-1030.0
-142.0,-66.0,-778.0
66.0,160.0,-991.0
173.0,-40.0,-1077.0
-80.0,-48.0,-917.0
-64.0,50.0,-854.0
66.0,204.0,-1210.0
50.0,13.0,-1253.0
-109.0,-60.0,-1011.0
-169.0,-13.0,-751.0
179.0,165.0,-1028.0
144.0,0.0,-1104.0
-33.0,-206.0,-944.0
-261.0,103.0,-899.0
11.0,253.0,-1024.0
310.0,146.0,-1454.0
-33.0,-144.0,-1089.0
-80.0,-232.0,-679.0
177.0,292.0,-788.0
33.0,31.0,-1301.0
-117.0,-9.0,-1048.0
-81.0,-76.0,-815.0
-25.0,339.0,-1013.0
111.0,89.0,-1473.0
-40.0,-134.0,-1089.0
-35.0,-230.0,-605.0
-80.0,156.0,-878.0
46.0,261.0,-1200.0
85.0,-261.0,-1069.0
-236.0,50.0,-712.0
-15.0,140.0,-1091.0
146.0,160.0,-1477.0
-58.0,3.0,-1159.0
-40.0,-185.0,-575.0
-206.0,150.0,-825.0
-3.0,78.0,-1319.0
122.0,-107.0,-1001.0
134.0,-121.0,-687.0
-290.0,417.0,-1145.0
13.0,152.0,-1479.0
249.0,-165.0,-1147.0
50.0,-331.0,-468.0
-347.0,404.0,-886.0
56.0,265.0,-1147.0
521.0,-253.0,-1163.0
-292.0,-171.0,-776.0
-380.0,273.0,-952.0
400.0,365.0,-1497.0
197.0,-167.0,-1134.0
105.0,-562.0,-571.0
-417.0,353.0,-849.0
441.0,156.0,-1169.0
78.0,124.0,-1057.0
-208.0,-240.0,-837.0
-1.0,199.0,-974.0
31.0,294.0,-1368.0
247.0,74.0,-1253.0
3.0,-363.0,-640.0
-236.0,140.0,-616.0
103.0,134.0,-1098.0
363.0,-85.0,-1331.0
-216.0,-290.0,-854.0
-255.0,312.0,-819.0
-9.0,292.0,-1305.0
325.0,85.0,-1286.0
11.0,-404.0,-726.0
-265.0,220.0,-696.0
56.0,99.0,-1120.0
208.0,-50.0,-1356.0
-50.0,-343.0,-813.0
-255.0,255.0,-790.0
-7.0,199.0,-1202.0
204.0,31.0,-1413.0
111.0,-284.0,-866.0
-290.0,121.0,-614.0
-44.0,109.0,-1057.0
329.0,134.0,-1221.0
109.0,-70.0,-911.0
-269.0,-19.0,-747.0
-240.0,292.0,-1132.0
372.0,70.0,-1423.0
322.0,-245.0,-989.0
-337.0,-91.0,-560.0
-122.0,218.0,-868.0
458.0,150.0,-1331.0
359.0,-314.0,-1048.0
-525.0,33.0,-716.0
-152.0,304.0,-870.0
540.0,197.0,-1493.0
218.0,-228.0,-1239.0
-472.0,-72.0,-579.0
58.0,175.0,-751.0
404.0,300.0,-1274.0
124.0,-306.0,-1253.0
-704.0,-64.0,-552.0
25.0,191.0,-880.0
546.0,419.0,-1411.0
140.0,-201.0,-1526.0
-466.0,-242.0,-443.0
27.0,226.0,-587.0
325.0,515.0,-1286.0
5.0,-327.0,-1436.0
-325.0,-78.0,-493.0
1.0,19.0,-812.0
388.0,692.0,-1424.0
-25.0,-363.0,-1608.0
-306.0,-283.0,-530.0
-85.0,122.0,-482.0
320.0,454.0,-1362.0
-158.0,-193.0,-1397.0
-68.0,-189.0,-638.0
-203.0,134.0,-708.0
417.0,427.0,-1577.0
-247.0,44.0,-1485.0
76.0,-396.0,-661.0
-261.0,247.0,-425.0
298.0,195.0,-1331.0
-50.0,44.0,-1315.0
128.0,-359.0,-845.0
-495.0,320.0,-683.0
212.0,236.0,-1516.0
-44.0,107.0,-1309.0
236.0,-406.0,-747.0
-493.0,234.0,-673.0
177.0,107.0,-1139.0
89.0,162.0,-1118.0
128.0,-322.0,-1042.0
-552.0,255.0,-874.0
39.0,25.0,-1155.0
5.0,203.0,-1208.0
181.0,-189.0,-1036.0
-322.0,-70.0,-995.0
44.0,122.0,-720.0
134.0,197.0,-1018.0
13.0,-27.0,-1126.0
-380.0,42.0,-1175.0
191.0,-68.0,-821.0
109.0,261.0,-1264.0
187.0,-76.0,-1122.0
-148.0,-152.0,-858.0
62.0,111.0,-610.0
31.0,-50.0,-1130.0
-29.0,146.0,-1120.0
21.0,113.0,-1083.0
109.0,-101.0,-993.0
-134.0,160.0,-1114.0
232.0,-25.0,-1061.0
-119.0,158.0,-938.0
68.0,-286.0,-833.0
42.0,85.0,-958.0
121.0,119.0,-1038.0
-89.0,87.0,-1180.0
-236.0,-50.0,-927.0
199.0,-5.0,-1218.0
140.0,124.0,-983.0
29.0,-37.0,-1026.0
-185.0,54.0,-679.0
203.0,-70.0,-974.0
21.0,199.0,-1194.0
-212.0,40.0,-1251.0
-134.0,122.0,-808.0
427.0,-60.0,-1015.0
-40.0,158.0,-1136.0
-56.0,-191.0,-1036.0
-111.0,15.0,-691.0
167.0,56.0,-952.0
-76.0,228.0,-1163.0
134.0,-68.0,-1175.0
-76.0,-17.0,-823.0
115.0,117.0,-931.0
40.0,244.0,-1335.0
-115.0,-206.0,-1098.0
-160.0,-70.0,-741.0
261.0,-87.0,-761.0
-214.0,478.0,-1315.0
17.0,-167.0,-1038.0
-13.0,-177.0,-1038.0
167.0,185.0,-927.0
33.0,50.0,-1354.0
-144.0,187.0,-821.0
148.0,-136.0,-813.0
-87.0,64.0,-925.0
-66.0,111.0,-1301.0
95.0,-15.0,-1026.0
9.0,13.0,-976.0
33.0,-80.0,-1065.0
-183.0,226.0,-1212.0
76.0,-136.0,-1013.0
-201.0,5.0,-724.0
83.0,31.0,-968.0
33.0,136.0,-1180.0
-81.0,37.0,-1075.0
-167.0,81.0,-831.0
171.0,46.0,-1124.0
-130.0,220.0,-1245.0
162.0,-279.0,-1065.0
-97.0,29.0,-772.0
212.0,-128.0,-894.0
-419.0,433.0,-1122.0
203.0,-185.0,-1120.0
-101.0,15.0,-927.0
415.0,177.0,-1126.0
-445.0,152.0,-1104.0
214.0,19.0,-1040.0
-83.0,-66.0,-784.0
251.0,232.0,-976.0
-419.0,95.0,-1036.0
324.0,-263.0,-1063.0
-83.0,124.0,-849.0
302.0,140.0,-1190.0
-585.0,142.0,-1032.0
439.0,-179.0,-1071.0
-160.0,109.0,-892.0
359.0,9.0,-1050.0
-548.0,165.0,-829.0
517.0,-304.0,-977.0
-95.0,257.0,-1001.0
44.0,119.0,-1259.0
-300.0,105.0,-1052.0
429.0,-281.0,-936.0
-19.0,15.0,-938.0
-124.0,181.0,-958.0
-124.0,54.0,-1013.0
484.0,-146.0,-962.0
-189.0,101.0,-1112.0
-148.0,152.0,-1165.0
-101.0,181.0,-915.0
380.0,-124.0,-1073.0
-245.0,-11.0,-1134.0
-29.0,138.0,-895.0
132.0,68.0,-720.0
177.0,-95.0,-1069.0
-357.0,-40.0,-1161.0
-111.0,140.0,-954.0
27.0,142.0,-1001.0
290.0,95.0,-1149.0
-212.0,-191.0,-1052.0
-25.0,54.0,-786.0
-117.0,230.0,-772.0
253.0,-138.0,-1243.0
-355.0,-89.0,-1192.0
80.0,171.0,-987.0
64.0,277.0,-905.0
167.0,-136.0,-1194.0
-134.0,-124.0,-1065.0
201.0,109.0,-804.0
-15.0,126.0,-858.0
23.0,42.0,-1216.0
-101.0,-109.0,-1139.0
5.0,216.0,-876.0
183.0,236.0,-1028.0
222.0,-62.0,-1200.0
-242.0,-208.0,-1032.0
-33.0,-15.0,-694.0
177.0,169.0,-936.0
23.0,130.0,-1184.0
-101.0,-193.0,-1147.0
-158.0,242.0,-829.0
314.0,74.0,-1186.0
-169.0,132.0,-1184.0
-91.0,-281.0,-958.0
-21.0,60.0,-648.0
52.0,240.0,-1108.0
-91.0,3.0,-1229.0
-23.0,-134.0,-1073.0
-154.0,91.0,-782.0
257.0,206.0,-1118.0
-191.0,103.0,-1245.0
1.0,-281.0,-1059.0
-130.0,78.0,-685.0
83.0,450.0,-1056.0
13.0,-56.0,-1180.0
-181.0,-128.0,-1026.0
-13.0,-89.0,-776.0
244.0,448.0,-1073.0
-163.0,21.0,-1346.0
-64.0,-269.0,-936.0
-81.0,-50.0,-683.0
247.0,343.0,-948.0
-292.0,3.0,-1225.0
64.0,-62.0,-1011.0
103.0,-146.0,-927.0
99.0,413.0,-1050.0
-275.0,142.0,-1249.0
204.0,-357.0,-1056.0
-39.0,52.0,-728.0
353.0,267.0,-905.0
-302.0,228.0,-1159.0
208.0,-460.0,-1077.0
-146.0,165.0,-856.0
101.0,263.0,-1220.0
-312.0,136.0,-1067.0
199.0,-329.0,-1128.0
-48.0,197.0,-772.0
236.0,156.0,-1022.0
-322.0,0.0,-931.0
165.0,-134.0,-1147.0
-146.0,308.0,-956.0
-109.0,-74.0,-1186.0
-39.0,122.0,-1009.0
327.0,-119.0,-1067.0
-242.0,39.0,-899.0
-281.0,-5.0,-800.0
156.0,99.0,-1048.0
195.0,-81.0,-1186.0
-97.0,83.0,-1106.0
-226.0,13.0,-905.0
306.0,9.0,-1038.0
-78.0,111.0,-1315.0
-44.0,-185.0,-1007.0
-54.0,193.0,-650.0
234.0,-25.0,-1020.0
39.0,99.0,-1260.0
-87.0,-52.0,-1120.0
-134.0,95.0,-720.0
316.0,175.0,-1048.0
160.0,70.0,-1385.0
-134.0,-185.0,-976.0
-52.0,9.0,-458.0
169.0,101.0,-1003.0
-64.0,122.0,-1374.0
85.0,19.0,-1079.0
-111.0,-56.0,-708.0
216.0,19.0,-1016.0
-17.0,21.0,-1366.0
13.0,33.0,-1044.0
-294.0,54.0,-587.0
-5.0,-1.0,-968.0
-17.0,224.0,-1243.0
103.0,-99.0,-1112.0
-222.0,134.0,-772.0
173.0,-199.0,-1106.0
-156.0,261.0,-1259.0
-9.0,-31.0,-1063.0
-185.0,-13.0,-669.0
162.0,-31.0,-897.0
60.0,119.0,-1221.0
64.0,167.0,-1202.0
-95.0,-21.0,-813.0
163.0,40.0,-1044.0
-27.0,91.0,-1194.0
54.0,89.0,-938.0
-56.0,-91.0,-671.0
89.0,-72.0,-1116.0
-191.0,148.0,-1155.0
359.0,-46.0,-954.0
-177.0,142.0,-829.0
109.0,-80.0,-1098.0
-62.0,103.0,-1255.0
191.0,15.0,-1073.0
-60.0,113.0,-765.0
46.0,64.0,-950.0
37.0,3.0,-1108.0
206.0,-21.0,-1143.0
-152.0,52.0,-858.0
-25.0,74.0,-1009.0
9.0,-13.0,-1274.0
50.0,-48.0,-1026.0
-109.0,39.0,-718.0
-13.0,162.0,-841.0
83.0,-21.0,-1145.0
136.0,39.0,-1118.0
-68.0,89.0,-913.0
-210.0,169.0,-1015.0
89.0,48.0,-1194.0
101.0,-111.0,-1046.0
-76.0,21.0,-874.0
-187.0,39.0,-817.0
70.0,-76.0,-1030.0
222.0,39.0,-1108.0
-66.0,23.0,-1089.0
-242.0,126.0,-999.0
111.0,9.0,-1141.0
99.0,95.0,-1139.0
-181.0,15.0,-825.0
25.0,-9.0,-774.0
40.0,31.0,-1022.0
89.0,119.0,-1253.0
-29.0,21.0,-1050.0
-187.0,21.0,-981.0
220.0,-64.0,-997.0
50.0,66.0,-1141.0
-107.0,80.0,-854.0
-33.0,39.0,-808.0
62.0,113.0,-1028.0
191.0,-21.0,-1260.0
-165.0,136.0,-981.0
-191.0,11.0,-913.0
142.0,95.0,-1001.0
212.0,-99.0,-1239.0
-179.0,15.0,-962.0
1.0,-29.0,-714.0
-15.0,105.0,-991.0
185.0,80.0,-1268.0
-74.0,21.0,-1075.0
-208.0,91.0,-866.0
162.0,27.0,-995.0
33.0,91.0,-1311.0
-162.0,17.0,-936.0
-5.0,56.0,-665.0
134.0,-7.0,-1036.0
21.0,13.0,-1311.0
-3.0,105.0,-1038.0
-165.0,29.0,-839.0
271.0,-3.0,-1065.0
-95.0,-15.0,-1247.0
33.0,19.0,-938.0
-111.0,119.0,-679.0
175.0,117.0,-1038.0
97.0,42.0,-1247.0
-19.0,-5.0,-1069.0
-302.0,115.0,-757.0
335.0,-1.0,-1093.0
-54.0,3.0,-1255.0
44.0,-199.0,-1018.0
-122.0,144.0,-622.0
107.0,136.0,-1034.0
-44.0,23.0,-1237.0
117.0,-5.0,-1167.0
-33.0,-29.0,-798.0
103.0,290.0,-1020.0
-126.0,-5.0,-1309.0
130.0,-39.0,-979.0
-107.0,15.0,-716.0
162.0,238.0,-927.0
-31.0,5.0,-1206.0
244.0,-99.0,-1171.0
-203.0,58.0,-761.0
146.0,37.0,-874.0
-220.0,146.0,-1282.0
234.0,-74.0,-1110.0
-121.0,40.0,-698.0
154.0,56.0,-819.0
-72.0,136.0,-1171.0
179.0,-81.0,-1286.0
-337.0,78.0,-722.0
210.0,54.0,-1005.0
-111.0,201.0,-1184.0
284.0,-273.0,-1216.0
-283.0,15.0,-599.0
279.0,-46.0,-853.0
-80.0,253.0,-1253.0
35.0,-15.0,-1387.0
-167.0,66.0,-564.0
316.0,-160.0,-1003.0
-44.0,378.0,-1229.0
226.0,-214.0,-1249.0
-296.0,5.0,-585.0
95.0,39.0,-884.0
146.0,171.0,-1210.0
-128.0,126.0,-1253.0
7.0,-327.0,-712.0
197.0,-80.0,-954.0
-95.0,493.0,-1393.0
136.0,-152.0,-1085.0
-232.0,-292.0,-601.0
-25.0,68.0,-792.0
11.0,476.0,-1383.0
-25.0,-44.0,-1249.0
-150.0,-353.0,-790.0
175.0,21.0,-942.0
-253.0,527.0,-1311.0
154.0,-171.0,-1116.0
-325.0,-370.0,-585.0
269.0,85.0,-909.0
-290.0,650.0,-1428.0
148.0,-337.0,-1212.0
-277.0,-121.0,-569.0
130.0,195.0,-1122.0
-224.0,528.0,-1235.0
212.0,-480.0,-1317.0
-499.0,76.0,-491.0
425.0,-66.0,-1050.0
-478.0,761.0,-1200.0
361.0,-679.0,-1307.0
-396.0,132.0,-503.0
341.0,76.0,-1257.0
-273.0,507.0,-1175.0
81.0,-368.0,-1259.0
-437.0,-42.0,-486.0
421.0,42.0,-1079.0
-460.0,433.0,-1311.0
-11.0,-335.0,-1106.0
64.0,-103.0,-616.0
17.0,238.0,-1272.0
-78.0,359.0,-1229.0
25.0,-372.0,-1112.0
-39.0,-136.0,-735.0
72.0,152.0,-983.0
-167.0,429.0,-1200.0
72.0,-197.0,-1093.0
122.0,-140.0,-895.0
-251.0,115.0,-1106.0
107.0,509.0,-1204.0
-199.0,-263.0,-1028.0
290.0,-296.0,-897.0
-314.0,81.0,-845.0
48.0,329.0,-1145.0
97.0,-130.0,-940.0
119.0,-19.0,-1093.0
-378.0,121.0,-1034.0
99.0,220.0,-1026.0
-167.0,11.0,-876.0
357.0,-296.0,-1186.0
-484.0,306.0,-853.0
302.0,27.0,-972.0
-85.0,76.0,-913.0
115.0,-158.0,-1251.0
-441.0,187.0,-976.0
201.0,101.0,-847.0
195.0,-1.0,-1132.0
21.0,-169.0,-1208.0
-376.0,279.0,-851.0
304.0,-60.0,-733.0
89.0,253.0,-993.0
134.0,-173.0,-1352.0
-390.0,160.0,-872.0
359.0,-19.0,-936.0
56.0,35.0,-1239.0
3.0,-70.0,-1136.0
-81.0,193.0,-692.0
318.0,-124.0,-776.0
152.0,177.0,-1143.0
-21.0,13.0,-1344.0
-302.0,140.0,-794.0
464.0,-318.0,-925.0
-177.0,366.0,-1077.0
244.0,-101.0,-1257.0
-244.0,60.0,-726.0
169.0,-95.0,-689.0
64.0,113.0,-1118.0
-1.0,191.0,-1288.0
-206.0,-124.0,-858.0
122.0,40.0,-847.0
83.0,216.0,-1157.0
62.0,-150.0,-1286.0
-439.0,179.0,-716.0
402.0,-163.0,-716.0
42.0,257.0,-1108.0
154.0,-40.0,-1303.0
-191.0,9.0,-835.0
165.0,156.0,-833.0
93.0,44.0,-1233.0
-144.0,-80.0,-1155.0
-15.0,152.0,-749.0
335.0,91.0,-722.0
5.0,126.0,-1294.0
-89.0,-220.0,-1212.0
-62.0,48.0,-716.0
325.0,267.0,-919.0
64.0,76.0,-1235.0
-99.0,-242.0,-1159.0
19.0,-78.0,-728.0
140.0,392.0,-718.0
-15.0,146.0,-1331.0
95.0,-218.0,-1089.0
216.0,-70.0,-856.0
103.0,343.0,-927.0
-109.0,-97.0,-1251.0
-23.0,-160.0,-1151.0
-56.0,40.0,-667.0
247.0,284.0,-894.0
-160.0,210.0,-1274.0
21.0,-357.0,-1171.0
70.0,25.0,-829.0
-33.0,171.0,-1001.0
66.0,115.0,-1171.0
-93.0,5.0,-1184.0
7.0,-277.0,-728.0
-33.0,466.0,-892.0
-42.0,85.0,-1223.0
-93.0,-197.0,-1165.0
-111.0,-117.0,-901.0
-119.0,267.0,-1071.0
85.0,179.0,-1132.0
-191.0,-128.0,-1136.0
-74.0,-195.0,-843.0
68.0,232.0,-913.0
21.0,185.0,-1235.0
-300.0,-85.0,-1235.0
-105.0,-175.0,-927.0
-11.0,261.0,-972.0
273.0,277.0,-1136.0
-331.0,-167.0,-1262.0
-44.0,-242.0,-874.0
-48.0,398.0,-716.0
404.0,199.0,-1395.0
-659.0,-165.0,-1175.0
109.0,-331.0,-810.0
-97.0,538.0,-751.0
577.0,122.0,-1497.0
-650.0,-162.0,-1206.0
150.0,-413.0,-702.0
-7.0,530.0,-673.0
167.0,171.0,-1440.0
-476.0,-74.0,-1120.0
300.0,-201.0,-812.0
-208.0,333.0,-899.0
242.0,68.0,-1274.0
-376.0,-93.0,-1141.0
251.0,-267.0,-837.0
-91.0,331.0,-679.0
173.0,85.0,-1266.0
-359.0,132.0,-1169.0
294.0,-324.0,-944.0
-185.0,236.0,-751.0
394.0,81.0,-1245.0
-536.0,204.0,-1163.0
353.0,-214.0,-960.0
-189.0,162.0,-761.0
304.0,-91.0,-1149.0
-341.0,238.0,-1038.0
505.0,-191.0,-921.0
-382.0,292.0,-800.0
486.0,-144.0,-1403.0
-503.0,195.0,-956.0
591.0,-259.0,-964.0
-521.0,300.0,-745.0
419.0,-64.0,-1243.0
-152.0,208.0,-936.0
497.0,-210.0,-1075.0
-591.0,281.0,-659.0
456.0,-107.0,-1354.0
-294.0,-40.0,-1026.0
450.0,-187.0,-979.0
-400.0,85.0,-819.0
298.0,265.0,-1093.0
-93.0,-87.0,-1079.0
286.0,23.0,-956.0
-273.0,-13.0,-815.0
107.0,58.0,-1245.0
-117.0,113.0,-1184.0
392.0,-111.0,-894.0
-443.0,-56.0,-911.0
85.0,191.0,-970.0
109.0,-19.0,-1036.0
269.0,80.0,-935.0
-368.0,-240.0,-1179.0
-103.0,56.0,-997.0
185.0,286.0,-1050.0
238.0,105.0,-962.0
-376.0,-273.0,-997.0
80.0,273.0,-860.0
302.0,23.0,-1155.0
-17.0,160.0,-960.0
-156.0,-419.0,-1048.0
-107.0,171.0,-853.0
244.0,136.0,-1259.0
-11.0,78.0,-997.0
-361.0,-226.0,-899.0
122.0,95.0,-853.0
25.0,273.0,-1122.0
134.0,23.0,-1046.0
-357.0,-195.0,-1085.0
-304.0,78.0,-847.0
351.0,312.0,-1214.0
-197.0,-89.0,-1167.0
-482.0,-162.0,-847.0
-138.0,-113.0,-763.0
-23.0,489.0,-1161.0
-179.0,-87.0,-1233.0
-657.0,-81.0,-981.0
-337.0,29.0,-882.0
158.0,292.0,-1046.0
-296.0,-17.0,-1323.0
-640.0,-195.0,-909.0
-470.0,80.0,-751.0
-33.0,353.0,-1100.0
-427.0,-56.0,-1262.0
-659.0,-122.0,-962.0
-437.0,-146.0,-872.0
111.0,247.0,-1091.0
-642.0,54.0,-1301.0
-552.0,-89.0,-870.0
-407.0,87.0,-718.0
35.0,226.0,-1227.0
-610.0,0.0,-1153.0
-224.0,-95.0,-1009.0
-564.0,85.0,-831.0
-23.0,46.0,-1286.0
-792.0,142.0,-1259.0
-322.0,-64.0,-878.0
-351.0,163.0,-730.0
117.0,-39.0,-1223.0
-630.0,-48.0,-1243.0
-281.0,19.0,-895.0
-519.0,271.0,-749.0
37.0,-3.0,-1192.0
-470.0,58.0,-1214.0
-224.0,-37.0,-901.0
-460.0,109.0,-782.0
-267.0,111.0,-1098.0
-314.0,-259.0,-1161.0
-286.0,171.0,-839.0
-333.0,13.0,-907.0
-76.0,160.0,-1097.0
-249.0,0.0,-1260.0
-160.0,40.0,-915.0
-255.0,-15.0,-837.0
-97.0,29.0,-1018.0
-121.0,35.0,-1194.0
-23.0,35.0,-901.0
-234.0,-58.0,-938.0
-113.0,156.0,-1040.0
-245.0,33.0,-1296.0
0.0,-23.0,-1018.0
-167.0,-52.0,-843.0
11.0,152.0,-919.0
115.0,76.0,-1067.0
284.0,-85.0,-979.0
91.0,99.0,-831.0
74.0,93.0,-1085.0
290.0,119.0,-1155.0
509.0,0.0,-1104.0
121.0,-13.0,-858.0
247.0,-33.0,-864.0
218.0,87.0,-1136.0
404.0,-56.0,-1024.0
-19.0,31.0,-1015.0
117.0,40.0,-1089.0
89.0,162.0,-1182.0
261.0,-21.0,-1026.0
-128.0,33.0,-821.0
21.0,44.0,-853.0
-19.0,80.0,-1005.0
156.0,-37.0,-1013.0
-122.0,-17.0,-929.0
-271.0,21.0,-1061.0
-37.0,130.0,-1126.0
93.0,-109.0,-1184.0
-173.0,76.0,-894.0
-230.0,-54.0,-825.0
-115.0,290.0,-946.0
128.0,-115.0,-1188.0
-244.0,74.0,-1032.0
-341.0,81.0,-1075.0
70.0,31.0,-1071.0
-9.0,-13.0,-1167.0
-214.0,15.0,-882.0
-154.0,95.0,-854.0
99.0,56.0,-1046.0
56.0,-101.0,-1212.0
-122.0,80.0,-999.0
-296.0,95.0,-1087.0
142.0,50.0,-1102.0
-42.0,105.0,-1141.0
-74.0,17.0,-950.0
-154.0,138.0,-812.0
115.0,-70.0,-944.0
40.0,-81.0,-1083.0
-103.0,13.0,-960.0
-267.0,140.0,-1038.0
226.0,3.0,-1083.0
-9.0,-15.0,-1157.0
-25.0,40.0,-956.0
-162.0,191.0,-813.0
244.0,-23.0,-1022.0
29.0,-70.0,-1139.0
-39.0,-29.0,-1018.0
-406.0,203.0,-948.0
226.0,37.0,-1118.0
-7.0,-58.0,-1179.0
56.0,-17.0,-1054.0
-284.0,165.0,-753.0
152.0,-44.0,-946.0
-15.0,37.0,-1087.0
50.0,-78.0,-1136.0
-347.0,201.0,-909.0
267.0,50.0,-1087.0
27.0,46.0,-1216.0
156.0,-66.0,-1122.0
-261.0,140.0,-679.0
290.0,19.0,-851.0
17.0,-13.0,-1149.0
109.0,-85.0,-1171.0
-288.0,54.0,-853.0
283.0,97.0,-1040.0
-44.0,126.0,-1167.0
95.0,-9.0,-1087.0
-195.0,124.0,-704.0
288.0,-33.0,-935.0
-17.0,-19.0,-1175.0
58.0,-64.0,-1151.0
-306.0,64.0,-856.0
253.0,124.0,-1016.0
-44.0,27.0,-1262.0
72.0,72.0,-1104.0
-195.0,50.0,-749.0
232.0,-44.0,-843.0
-95.0,-58.0,-1151.0
-1.0,-80.0,-1132.0
-335.0,173.0,-833.0
169.0,117.0,-1089.0
-62.0,31.0,-1323.0
31.0,-31.0,-1065.0
-206.0,89.0,-716.0
117.0,-48.0,-907.0
-70.0,-33.0,-1171.0
70.0,-33.0,-1091.0
-279.0,156.0,-821.0
181.0,85.0,-1016.0
-58.0,11.0,-1333.0
-11.0,19.0,-1044.0
-44.0,35.0,-739.0
15.0,134.0,-853.0
-11.0,-105.0,-1179.0
25.0,50.0,-1034.0
-173.0,39.0,-923.0
179.0,105.0,-1046.0
-52.0,13.0,-1296.0
66.0,5.0,-1024.0
-78.0,15.0,-692.0
78.0,177.0,-849.0
-15.0,-44.0,-1208.0
83.0,-25.0,-1100.0
-199.0,0.0,-872.0
158.0,158.0,-1022.0
-50.0,89.0,-1212.0
97.0,-87.0,-1022.0
-126.0,58.0,-724.0
119.0,66.0,-970.0
-33.0,17.0,-1255.0
124.0,-81.0,-1153.0
-134.0,56.0,-792.0
138.0,117.0,-976.0
-97.0,165.0,-1241.0
183.0,-167.0,-1106.0
-177.0,64.0,-694.0
85.0,91.0,-909.0
-42.0,3.0,-1186.0
93.0,-58.0,-1079.0
-93.0,40.0,-843.0
89.0,130.0,-1034.0
-70.0,126.0,-1216.0
156.0,-93.0,-1046.0
-115.0,-21.0,-743.0
78.0,124.0,-977.0
-46.0,107.0,-1218.0
167.0,-44.0,-1075.0
-111.0,19.0,-810.0
3.0,87.0,-1022.0
-103.0,107.0,-1163.0
171.0,-105.0,-1108.0
-109.0,21.0,-765.0
50.0,113.0,-960.0
-46.0,85.0,-1130.0
146.0,-40.0,-1075.0
-54.0,3.0,-858.0
-93.0,130.0,-1059.0
-31.0,124.0,-1169.0
183.0,-140.0,-1071.0
-113.0,13.0,-796.0
-5.0,142.0,-921.0
-37.0,81.0,-1114.0
154.0,-91.0,-1124.0
-68.0,3.0,-866.0
-113.0,136.0,-1052.0
-54.0,99.0,-1083.0
162.0,-72.0,-1075.0
-101.0,-19.0,-858.0
-50.0,179.0,-970.0
-48.0,66.0,-1108.0
162.0,-142.0,-1138.0
-97.0,3.0,-853.0
-228.0,197.0,-995.0
54.0,83.0,-1089.0
140.0,-119.0,-1151.0
-80.0,-44.0,-894.0
-76.0,183.0,-886.0
-286.0,150.0,-1034.0
224.0,-201.0,-999.0
-431.0,23.0,-1013.0
-997.0,204.0,-1110.0
-411.0,11.0,-1073.0
-704.0,-50.0,-1104.0
-735.0,-165.0,-894.0
-1382.0,218.0,-993.0
-704.0,300.0,-860.0
-1186.0,-70.0,-1065.0
-1210.0,-140.0,-1091.0
-1690.0,5.0,-870.0
-1016.0,218.0,-849.0
-1342.0,-144.0,-1163.0
-1300.0,-245.0,-1149.0
-1524.0,300.0,-735.0
-1247.0,370.0,-1024.0
-1097.0,-130.0,-1227.0
-1253.0,-308.0,-1255.0
-1266.0,165.0,-954.0
-997.0,203.0,-1118.0
-995.0,-42.0,-1157.0
-1198.0,-290.0,-1065.0
-946.0,267.0,-870.0
-784.0,236.0,-1179.0
-919.0,-183.0,-1128.0
-907.0,-177.0,-1005.0
-833.0,210.0,-1046.0
-538.0,152.0,-1147.0
-841.0,-85.0,-1028.0
-854.0,-259.0,-884.0
-782.0,335.0,-927.0
-546.0,199.0,-1102.0
-870.0,-152.0,-1069.0
-722.0,-199.0,-974.0
-1030.0,163.0,-853.0
-808.0,359.0,-1016.0
-997.0,-312.0,-1065.0
-1007.0,-423.0,-876.0
-1325.0,296.0,-696.0
-1110.0,460.0,-1013.0
-1180.0,27.0,-1241.0
-1167.0,-439.0,-1208.0
-1503.0,72.0,-839.0
-1153.0,507.0,-929.0
-1284.0,-70.0,-1128.0
-1196.0,-556.0,-1091.0
-1489.0,58.0,-704.0
-1155.0,579.0,-1050.0
-1167.0,162.0,-1333.0
-1249.0,-462.0,-1298.0
-1469.0,-95.0,-730.0
-1106.0,532.0,-1001.0
-1229.0,115.0,-1237.0
-1132.0,-651.0,-1116.0
-1368.0,70.0,-796.0
-897.0,488.0,-1141.0
-1083.0,60.0,-1274.0
-950.0,-431.0,-1116.0
-1182.0,-15.0,-827.0
-812.0,427.0,-997.0
-1106.0,35.0,-1132.0
-1270.0,-392.0,-927.0
-1087.0,-101.0,-829.0
-1013.0,597.0,-1132.0
-1206.0,13.0,-1253.0
-1241.0,-363.0,-938.0
-1288.0,37.0,-784.0
-1165.0,320.0,-1001.0
-1294.0,-64.0,-1145.0
-1249.0,-554.0,-884.0
-1301.0,-9.0,-905.0
-1378.0,648.0,-1182.0
-1218.0,21.0,-1239.0
-1255.0,-259.0,-940.0
-1290.0,60.0,-778.0
-1323.0,341.0,-1052.0
-1175.0,40.0,-1155.0
-1145.0,-577.0,-1022.0
-1315.0,19.0,-892.0
-1485.0,665.0,-1120.0
-1266.0,115.0,-1145.0
-1262.0,-355.0,-964.0
-1385.0,-273.0,-981.0
-1364.0,497.0,-1186.0
-1210.0,197.0,-1026.0
-1093.0,-437.0,-968.0
-1141.0,-11.0,-864.0
-1218.0,519.0,-997.0
-993.0,206.0,-1024.0
-999.0,-575.0,-1106.0
-1278.0,-35.0,-1104.0
-1294.0,484.0,-979.0
-1065.0,29.0,-1075.0
-1030.0,-312.0,-1011.0
-1354.0,-294.0,-909.0
-1303.0,542.0,-817.0
-1149.0,163.0,-1116.0
-1128.0,-74.0,-1206.0
-1280.0,-284.0,-989.0
-1253.0,365.0,-1028.0
-892.0,-29.0,-987.0
-1143.0,-263.0,-1057.0
-1307.0,130.0,-696.0
-1284.0,341.0,-1046.0
-1038.0,-128.0,-1196.0
-976.0,-148.0,-1237.0
-1223.0,162.0,-948.0
-927.0,560.0,-1077.0
-679.0,-265.0,-1013.0
-880.0,-304.0,-950.0
-997.0,-31.0,-884.0
-780.0,226.0,-989.0
-856.0,107.0,-972.0
-958.0,119.0,-1210.0
-634.0,-76.0,-1325.0
-646.0,130.0,-1005.0
-694.0,83.0,-956.0
-445.0,-220.0,-921.0
-532.0,-245.0,-905.0
-366.0,290.0,-679.0
-341.0,-27.0,-1202.0
-204.0,76.0,-1052.0
-404.0,74.0,-1169.0
29.0,267.0,-1138.0
-9.0,-44.0,-1098.0
52.0,-226.0,-685.0
66.0,3.0,-804.0
204.0,179.0,-921.0
148.0,-78.0,-1225.0
183.0,238.0,-1030.0
269.0,-5.0,-1346.0
187.0,72.0,-1100.0
206.0,-101.0,-1034.0
3.0,-48.0,-792.0
60.0,-13.0,-819.0
111.0,236.0,-909.0
468.0,163.0,-892.0
189.0,44.0,-1426.0
661.0,-142.0,-1028.0
1102.0,230.0,-1159.0
993.0,171.0,-970.0
798.0,154.0,-704.0
1426.0,-212.0,-737.0
1495.0,-130.0,-1003.0
1083.0,60.0,-1426.0
1173.0,222.0,-1159.0
1608.0,191.0,-1063.0
1493.0,5.0,-1198.0
1065.0,-220.0,-1309.0
1294.0,105.0,-739.0
1268.0,-15.0,-679.0
1011.0,165.0,-970.0
1100.0,-169.0,-985.0
1098.0,361.0,-993.0
854.0,101.0,-1052.0
899.0,74.0,-1124.0
1028.0,-158.0,-1022.0
761.0,156.0,-870.0
722.0,-37.0,-726.0
796.0,-265.0,-870.0
728.0,183.0,-1122.0
698.0,392.0,-948.0
579.0,255.0,-1110.0
894.0,-204.0,-1225.0
589.0,-171.0,-1188.0
776.0,230.0,-650.0
482.0,-48.0,-839.0
964.0,-91.0,-1048.0
739.0,35.0,-1177.0
812.0,283.0,-991.0
936.0,132.0,-1264.0
1167.0,-1.0,-1194.0
1098.0,-37.0,-1163.0
954.0,331.0,-913.0
1104.0,-206.0,-890.0
1167.0,-117.0,-983.0
1098.0,148.0,-1081.0
981.0,267.0,-1106.0
1249.0,-46.0,-1122.0
1335.0,-62.0,-1151.0
1364.0,78.0,-1122.0
1301.0,435.0,-683.0
1249.0,-302.0,-644.0
1374.0,-199.0,-952.0
1177.0,103.0,-1061.0
1188.0,355.0,-1095.0
1067.0,50.0,-1179.0
1243.0,-308.0,-1167.0
1145.0,175.0,-964.0
954.0,404.0,-679.0
1032.0,-259.0,-798.0
1257.0,-214.0,-854.0
1056.0,-25.0,-1104.0
999.0,685.0,-1044.0
958.0,40.0,-1177.0
1210.0,-156.0,-1139.0
1128.0,89.0,-1132.0
1069.0,292.0,-747.0
1073.0,-187.0,-788.0
1221.0,-197.0,-997.0
1202.0,-33.0,-1247.0
1177.0,-189.0,-1153.0
1341.0,-259.0,-1186.0
1411.0,-66.0,-1071.0
1272.0,603.0,-610.0
1210.0,-171.0,-730.0
1522.0,-363.0,-1044.0
1411.0,42.0,-1208.0
1253.0,564.0,-1003.0
1303.0,-80.0,-1071.0
1499.0,-191.0,-1216.0
1401.0,56.0,-1077.0
1231.0,357.0,-739.0
1229.0,-222.0,-878.0
1407.0,-183.0,-1085.0
1264.0,52.0,-1016.0
1089.0,523.0,-880.0
1175.0,-175.0,-1081.0
1239.0,-160.0,-1155.0
1204.0,136.0,-1079.0
1087.0,462.0,-813.0
1087.0,-245.0,-798.0
1284.0,-421.0,-964.0
1104.0,54.0,-1126.0
1147.0,640.0,-1026.0
1013.0,29.0,-1182.0
1270.0,-97.0,-1163.0
1145.0,-83.0,-1138.0
1110.0,484.0,-843.0
946.0,-244.0,-938.0
1165.0,-201.0,-935.0
911.0,-40.0,-1050.0
952.0,544.0,-917.0
860.0,39.0,-1089.0
1030.0,-25.0,-1155.0
983.0,-44.0,-1155.0
911.0,284.0,-874.0
843.0,-87.0,-831.0
972.0,-265.0,-854.0
813.0,121.0,-970.0
763.0,421.0,-970.0
675.0,87.0,-1145.0
794.0,-189.0,-1264.0
716.0,89.0,-1118.0
679.0,222.0,-827.0
521.0,-185.0,-763.0
601.0,-138.0,-833.0
538.0,42.0,-1091.0
443.0,374.0,-1097.0
366.0,-23.0,-1206.0
466.0,-76.0,-1163.0
339.0,171.0,-1075.0
357.0,191.0,-925.0
212.0,-181.0,-919.0
245.0,-191.0,-968.0
181.0,136.0,-1044.0
136.0,191.0,-1093.0
91.0,-44.0,-1122.0
103.0,9.0,-1145.0
165.0,169.0,-1153.0
152.0,101.0,-1018.0
58.0,-175.0,-901.0
89.0,-89.0,-864.0
162.0,105.0,-1067.0
93.0,167.0,-1210.0
167.0,-13.0,-1202.0
107.0,113.0,-1184.0
251.0,132.0,-1235.0
189.0,13.0,-1077.0
175.0,-201.0,-954.0
163.0,-40.0,-966.0
204.0,130.0,-1116.0
167.0,99.0,-1169.0
175.0,48.0,-1177.0
148.0,76.0,-1251.0
284.0,165.0,-1317.0
238.0,-15.0,-1186.0
210.0,-134.0,-956.0
201.0,-89.0,-954.0
228.0,85.0,-1120.0
179.0,134.0,-1229.0
146.0,89.0,-1278.0
144.0,85.0,-1315.0
251.0,62.0,-1370.0
122.0,19.0,-1134.0
99.0,-89.0,-913.0
37.0,-29.0,-966.0
134.0,95.0,-1206.0
46.0,39.0,-1298.0
15.0,-3.0,-1303.0
66.0,89.0,-1333.0
66.0,154.0,-1268.0
122.0,56.0,-1163.0
64.0,-95.0,-1048.0
11.0,-111.0,-1124.0
40.0,103.0,-1173.0
7.0,119.0,-1260.0
78.0,9.0,-1298.0
-19.0,74.0,-1319.0
66.0,214.0,-1294.0
121.0,0.0,-1251.0
52.0,-52.0,-1063.0
-15.0,-179.0,-1050.0
23.0,109.0,-1104.0
58.0,31.0,-1276.0
60.0,70.0,-1337.0
-25.0,95.0,-1303.0
70.0,269.0,-1268.0
119.0,-31.0,-1220.0
80.0,-150.0,-1106.0
-66.0,-74.0,-1044.0
128.0,54.0,-1126.0
17.0,132.0,-1227.0
62.0,5.0,-1243.0
-58.0,111.0,-1305.0
83.0,169.0,-1323.0
68.0,40.0,-1301.0
122.0,-101.0,-1083.0
-64.0,-109.0,-1038.0
80.0,89.0,-1075.0
13.0,70.0,-1245.0
50.0,97.0,-1255.0
-62.0,115.0,-1397.0
89.0,115.0,-1366.0
80.0,-1.0,-1278.0
97.0,-80.0,-1050.0
-44.0,-78.0,-1018.0
56.0,122.0,-1061.0
13.0,33.0,-1309.0
66.0,-15.0,-1346.0
-68.0,76.0,-1354.0
105.0,167.0,-1341.0
58.0,109.0,-1270.0
85.0,-81.0,-1177.0
-74.0,-185.0,-1138.0
87.0,21.0,-1118.0
46.0,124.0,-1309.0
13.0,66.0,-1356.0
-44.0,-9.0,-1391.0
11.0,179.0,-1391.0
56.0,119.0,-1440.0
72.0,-48.0,-1216.0
-74.0,-140.0,-1075.0
15.0,19.0,-1134.0
-5.0,44.0,-1309.0
-9.0,60.0,-1391.0
-105.0,60.0,-1372.0
25.0,185.0,-1372.0
29.0,72.0,-1380.0
-7.0,-91.0,-1175.0
-124.0,-156.0,-1044.0
-1.0,7.0,-1077.0
-64.0,130.0,-1262.0
-62.0,58.0,-1249.0
-173.0,74.0,-1315.0
-39.0,111.0,-1378.0
-17.0,40.0,-1399.0
-19.0,-48.0,-1182.0
-122.0,-160.0,-1020.0
-56.0,33.0,-1026.0
-40.0,44.0,-1266.0
-68.0,85.0,-1329.0
-68.0,105.0,-1413.0
23.0,130.0,-1477.0
23.0,68.0,-1446.0
-11.0,-39.0,-1196.0
-23.0,-117.0,-1063.0
0.0,56.0,-1141.0
50.0,91.0,-1300.0
11.0,66.0,-1372.0
7.0,11.0,-1411.0
-7.0,142.0,-1376.0
80.0,154.0,-1380.0
19.0,-13.0,-1210.0
0.0,-183.0,-1143.0
11.0,-19.0,-1098.0
15.0,60.0,-1227.0
-5.0,44.0,-1309.0
-50.0,74.0,-1354.0
-15.0,171.0,-1382.0
93.0,95.0,-1442.0
50.0,-83.0,-1274.0
-13.0,-154.0,-1046.0
-35.0,15.0,-1044.0
62.0,109.0,-1266.0
21.0,21.0,-1344.0
-44.0,74.0,-1362.0
3.0,234.0,-1405.0
37.0,156.0,-1419.0
21.0,-87.0,-1276.0
-13.0,-204.0,-1097.0
-35.0,-35.0,-1122.0
56.0,101.0,-1301.0
-19.0,46.0,-1307.0
-25.0,134.0,-1362.0
-23.0,130.0,-1481.0
42.0,181.0,-1483.0
35.0,-37.0,-1309.0
-23.0,-117.0,-1118.0
-56.0,-25.0,-1085.0
39.0,64.0,-1190.0
-13.0,31.0,-1344.0
-19.0,25.0,-1432.0
-68.0,126.0,-1501.0
44.0,103.0,-1444.0
11.0,1.0,-1227.0
-7.0,-76.0,-1067.0
-54.0,-44.0,-1089.0
50.0,119.0,-1241.0
-7.0,25.0,-1372.0
13.0,-31.0,-1385.0
-83.0,91.0,-1374.0
35.0,208.0,-1333.0
31.0,40.0,-1257.0
56.0,-124.0,-1169.0
-56.0,-85.0,-1165.0
13.0,13.0,-1161.0
-29.0,95.0,-1294.0
-15.0,85.0,-1370.0
-78.0,99.0,-1397.0
13.0,220.0,-1454.0
13.0,37.0,-1378.0
3.0,-91.0,-1130.0
-81.0,-95.0,-1098.0
62.0,-3.0,-1249.0
23.0,-15.0,-1413.0
-21.0,105.0,-1440.0
-48.0,119.0,-1421.0
13.0,160.0,-1454.0
83.0,-1.0,-1329.0
44.0,-76.0,-1179.0
-56.0,-21.0,-1118.0
50.0,42.0,-1225.0
-9.0,3.0,-1313.0
-5.0,-31.0,-1350.0
-93.0,78.0,-1403.0
27.0,179.0,-1424.0
46.0,76.0,-1344.0
50.0,-80.0,-1188.0
-52.0,-115.0,-1079.0
33.0,83.0,-1073.0
-9.0,81.0,-1309.0
17.0,50.0,-1411.0
-70.0,48.0,-1376.0
58.0,115.0,-1432.0
44.0,85.0,-1335.0
31.0,-11.0,-1194.0
-62.0,-62.0,-1081.0
40.0,-3.0,-1202.0
9.0,37.0,-1315.0
-29.0,80.0,-1387.0
-56.0,91.0,-1368.0
42.0,126.0,-1417.0
37.0,85.0,-1411.0
33.0,-15.0,-1251.0
-72.0,-76.0,-1143.0
15.0,3.0,-1130.0
-9.0,39.0,-1264.0
-29.0,115.0,-1360.0
-89.0,31.0,-1409.0
-23.0,162.0,-1456.0
78.0,-19.0,-1479.0
27.0,-29.0,-1259.0
-83.0,-39.0,-1016.0
35.0,17.0,-1089.0
-52.0,119.0,-1282.0
-3.0,-9.0,-1450.0
-54.0,-3.0,-1430.0
19.0,105.0,-1426.0
78.0,27.0,-1403.0
9.0,-15.0,-1235.0
-19.0,-42.0,-1065.0
-3.0,5.0,-1108.0
-29.0,117.0,-1290.0
-23.0,64.0,-1382.0
-27.0,15.0,-1385.0
-33.0,87.0,-1471.0
81.0,54.0,-1436.0
-13.0,5.0,-1235.0
-9.0,-85.0,-1059.0
-72.0,52.0,-1077.0
5.0,-15.0,-1321.0
-40.0,-15.0,-1460.0
-21.0,101.0,-1450.0
-50.0,199.0,-1395.0
0.0,93.0,-1342.0
-9.0,-25.0,-1223.0
-54.0,-17.0,-1118.0
-31.0,-72.0,-1141.0
13.0,-5.0,-1335.0
-42.0,-15.0,-1393.0
1.0,68.0,-1350.0
-66.0,251.0,-1366.0
62.0,181.0,-1382.0
3.0,0.0,-1309.0
7.0,-167.0,-1151.0
-56.0,-62.0,-1151.0
91.0,-21.0,-1206.0
-40.0,27.0,-1305.0
-9.0,162.0,-1292.0
-27.0,216.0,-1409.0
109.0,66.0,-1489.0
-11.0,-48.0,-1358.0
46.0,-99.0,-1085.0
-40.0,-44.0,-1085.0
11.0,85.0,-1216.0
-3.0,11.0,-1364.0
0.0,85.0,-1393.0
-46.0,89.0,-1448.0
11.0,46.0,-1467.0
-5.0,35.0,-1298.0
50.0,-72.0,-1153.0
-95.0,-44.0,-1167.0
70.0,70.0,-1227.0
0.0,44.0,-1327.0
-37.0,78.0,-1380.0
-87.0,150.0,-1471.0
58.0,150.0,-1421.0
33.0,-3.0,-1378.0
46.0,-52.0,-1151.0
-107.0,3.0,-1095.0
107.0,9.0,-1143.0
-46.0,13.0,-1323.0
-5.0,97.0,-1399.0
-60.0,72.0,-1421.0
7.0,185.0,-1395.0
21.0,5.0,-1323.0
50.0,-66.0,-1179.0
-81.0,-83.0,-1089.0
58.0,-5.0,-1175.0
-3.0,85.0,-1309.0
25.0,95.0,-1296.0
-101.0,68.0,-1378.0
62.0,121.0,-1417.0
56.0,0.0,-1335.0
66.0,-74.0,-1194.0
-54.0,-13.0,-1132.0
40.0,29.0,-1112.0
-17.0,0.0,-1262.0
-19.0,62.0,-1329.0
-68.0,117.0,-1438.0
-15.0,140.0,-1450.0
81.0,-5.0,-1403.0
25.0,-74.0,-1192.0
-74.0,37.0,-1097.0
1.0,-9.0,-1159.0
17.0,40.0,-1393.0
-5.0,81.0,-1417.0
-54.0,93.0,-1465.0
23.0,189.0,-1317.0
5.0,-33.0,-1387.0
89.0,-52.0,-1274.0
-80.0,-93.0,-1136.0
87.0,3.0,-1155.0
-50.0,78.0,-1303.0
-29.0,68.0,-1278.0
-29.0,25.0,-1360.0
15.0,58.0,-1372.0
66.0,93.0,-1383.0
15.0,3.0,-1274.0
-56.0,-15.0,-1065.0
31.0,15.0,-1104.0
-52.0,-7.0,-1278.0
39.0,-5.0,-1313.0
-111.0,50.0,-1331.0
70.0,132.0,-1362.0
-11.0,111.0,-1366.0
60.0,-64.0,-1272.0
-33.0,-158.0,-1186.0
29.0,109.0,-1128.0
1.0,93.0,-1268.0
-21.0,52.0,-1296.0
-68.0,109.0,-1354.0
27.0,179.0,-1442.0
0.0,13.0,-1483.0
33.0,-78.0,-1313.0
-76.0,-48.0,-1095.0
-13.0,-25.0,-1093.0
-33.0,15.0,-1260.0
-66.0,52.0,-1327.0
-54.0,115.0,-1364.0
-60.0,306.0,-1448.0
37.0,7.0,-1467.0
74.0,-171.0,-1255.0
-76.0,-138.0,-1073.0
-31.0,167.0,-1128.0
50.0,97.0,-1249.0
-5.0,-76.0,-1393.0
-46.0,-15.0,-1380.0
-1.0,177.0,-1374.0
-15.0,189.0,-1360.0
-15.0,-33.0,-1233.0
31.0,-242.0,-1110.0
-29.0,27.0,-1155.0
-29.0,283.0,-1177.0
-25.0,13.0,-1319.0
-39.0,-68.0,-1407.0
-81.0,5.0,-1360.0
27.0,148.0,-1383.0
-11.0,142.0,-1348.0
29.0,-35.0,-1052.0
-39.0,-72.0,-1050.0
29.0,52.0,-1253.0
27.0,60.0,-1376.0
-35.0,83.0,-1399.0
-19.0,56.0,-1473.0
3.0,60.0,-1383.0
66.0,-1.0,-1241.0
-3.0,-64.0,-1138.0
-91.0,5.0,-1128.0
68.0,-56.0,-1264.0
-33.0,154.0,-1382.0
17.0,222.0,-1399.0
-66.0,119.0,-1458.0
76.0,76.0,-1436.0
13.0,23.0,-1264.0
74.0,-68.0,-1063.0
-89.0,-103.0,-1075.0
115.0,21.0,-1149.0
-46.0,72.0,-1315.0
17.0,72.0,-1448.0
-101.0,46.0,-1407.0
9.0,39.0,-1380.0
60.0,44.0,-1196.0
23.0,-85.0,-985.0
-64.0,-42.0,-970.0
-1.0,44.0,-1169.0
-13.0,109.0,-1526.0
0.0,148.0,-1491.0
-150.0,-39.0,-1424.0
58.0,117.0,-1235.0
-5.0,138.0,-1247.0
40.0,-72.0,-1159.0
-29.0,-93.0,-1259.0
42.0,35.0,-1301.0
1.0,54.0,-1413.0
58.0,142.0,-1391.0
-50.0,52.0,-1391.0
29.0,261.0,-1354.0
113.0,-46.0,-1301.0
17.0,-107.0,-1202.0
-81.0,-64.0,-1061.0
46.0,-60.0,-1169.0
9.0,85.0,-1364.0
-56.0,85.0,-1341.0
-162.0,218.0,-1257.0
-13.0,275.0,-1264.0
1.0,-204.0,-1301.0
-35.0,-78.0,-1108.0
-119.0,-54.0,-1097.0
35.0,-13.0,-1143.0
1.0,-1.0,-1245.0
-5.0,0.0,-1292.0
-87.0,203.0,-1372.0
87.0,236.0,-1438.0
113.0,7.0,-1426.0
-1.0,11.0,-1239.0
-66.0,-29.0,-1069.0
23.0,-50.0,-1044.0
1.0,-27.0,-1346.0
-54.0,62.0,-1407.0
-39.0,-39.0,-1376.0
119.0,175.0,-1477.0
113.0,40.0,-1382.0
33.0,44.0,-1192.0
-17.0,-81.0,-1139.0
-13.0,74.0,-1145.0
-3.0,-44.0,-1337.0
-21.0,9.0,-1360.0
-68.0,142.0,-1348.0
56.0,-27.0,-1360.0
-23.0,126.0,-1393.0
-50.0,89.0,-1202.0
-37.0,-158.0,-1067.0
-56.0,-85.0,-1081.0
-39.0,44.0,-1186.0
-50.0,89.0,-1327.0
-54.0,206.0,-1303.0
-33.0,99.0,-1399.0
103.0,-97.0,-1399.0
37.0,-3.0,-1208.0
70.0,-13.0,-1069.0
-15.0,222.0,-1118.0
13.0,148.0,-1208.0
40.0,-204.0,-1311.0
-21.0,68.0,-1389.0
46.0,185.0,-1403.0
11.0,103.0,-1372.0
-11.0,-83.0,-1182.0
-40.0,-199.0,-1128.0
11.0,-3.0,-1179.0
37.0,177.0,-1260.0
-64.0,152.0,-1313.0
5.0,46.0,-1356.0
-1.0,165.0,-1436.0
31.0,113.0,-1348.0
-66.0,5.0,-1286.0
-13.0,-144.0,-1114.0
-74.0,-50.0,-1108.0
-46.0,-48.0,-1194.0
-19.0,-76.0,-1278.0
-68.0,238.0,-1298.0
13.0,199.0,-1458.0
15.0,232.0,-1469.0
97.0,-99.0,-1239.0
11.0,-126.0,-1112.0
25.0,9.0,-1143.0
107.0,-44.0,-1227.0
9.0,40.0,-1264.0
-29.0,119.0,-1282.0
-52.0,160.0,-1356.0
1.0,146.0,-1378.0
-70.0,48.0,-1233.0
97.0,-162.0,-1173.0
-113.0,-218.0,-1081.0
-17.0,154.0,-1067.0
-87.0,146.0,-1253.0
50.0,126.0,-1337.0
-126.0,113.0,-1448.0
37.0,183.0,-1432.0
9.0,-25.0,-1348.0
80.0,-107.0,-1102.0
-101.0,-54.0,-1067.0
21.0,40.0,-1132.0
21.0,-25.0,-1303.0
-3.0,44.0,-1395.0
-97.0,119.0,-1397.0
56.0,206.0,-1358.0
62.0,64.0,-1309.0
89.0,-74.0,-1163.0
-48.0,-48.0,-1069.0
54.0,31.0,-1141.0
13.0,-103.0,-1272.0
54.0,-7.0,-1319.0
-68.0,134.0,-1409.0
52.0,212.0,-1303.0
35.0,40.0,-1317.0
115.0,-91.0,-1155.0
-109.0,-35.0,-1042.0
113.0,5.0,-1128.0
7.0,56.0,-1300.0
-56.0,97.0,-1364.0
-72.0,-3.0,-1372.0
46.0,138.0,-1383.0
60.0,74.0,-1301.0
7.0,-17.0,-1175.0
-146.0,-165.0,-1147.0
39.0,-39.0,-1188.0
0.0,156.0,-1286.0
39.0,267.0,-1241.0
-44.0,52.0,-1426.0
-11.0,62.0,-1413.0
17.0,23.0,-1346.0
17.0,-19.0,-1262.0
-91.0,-60.0,-1093.0
54.0,-204.0,-977.0
-29.0,64.0,-1188.0
-54.0,300.0,-1218.0
-60.0,109.0,-1262.0
11.0,187.0,-1442.0
107.0,56.0,-1350.0
23.0,-158.0,-1052.0
-46.0,-85.0,-786.0
-101.0,347.0,-778.0
81.0,37.0,-831.0
-17.0,-162.0,-1022.0
-87.0,-27.0,-1075.0
58.0,162.0,-989.0
11.0,103.0,-882.0
42.0,-85.0,-698.0
-31.0,-81.0,-509.0
60.0,15.0,-486.0
-50.0,214.0,-700.0
37.0,78.0,-677.0
-23.0,35.0,-780.0
-33.0,290.0,-763.0
68.0,85.0,-751.0
0.0,-234.0,-589.0
-33.0,-140.0,-320.0
-33.0,-152.0,-443.0
42.0,27.0,-653.0
-33.0,150.0,-864.0
1.0,279.0,-772.0
42.0,203.0,-874.0
68.0,160.0,-890.0
21.0,-48.0,-708.0
0.0,-245.0,-521.0
-44.0,91.0,-610.0
50.0,-60.0,-772.0
-83.0,-13.0,-815.0
-9.0,42.0,-927.0
-23.0,122.0,-1007.0
35.0,197.0,-1077.0
-37.0,56.0,-911.0
-9.0,-19.0,-597.0
-111.0,19.0,-568.0
-35.0,-134.0,-747.0
-19.0,44.0,-923.0
11.0,-35.0,-966.0
-46.0,-31.0,-1089.0
54.0,0.0,-1075.0
48.0,48.0,-833.0
0.0,39.0,-657.0
-68.0,-103.0,-571.0
-9.0,44.0,-810.0
-21.0,80.0,-1030.0
-33.0,-31.0,-1079.0
-89.0,76.0,-1022.0
29.0,58.0,-1106.0
-62.0,142.0,-833.0
25.0,-244.0,-677.0
-66.0,-105.0,-776.0
66.0,17.0,-921.0
-35.0,163.0,-1052.0
-3.0,181.0,-1114.0
-50.0,165.0,-1155.0
29.0,169.0,-1026.0
44.0,-44.0,-923.0
66.0,-191.0,-755.0
-68.0,-70.0,-800.0
42.0,-13.0,-890.0
-39.0,76.0,-952.0
56.0,113.0,-1063.0
-72.0,124.0,-1042.0
21.0,288.0,-983.0
68.0,-29.0,-878.0
17.0,-37.0,-772.0
-66.0,-3.0,-677.0
11.0,109.0,-753.0
3.0,35.0,-866.0
-3.0,9.0,-895.0
-109.0,58.0,-923.0
78.0,11.0,-936.0
25.0,160.0,-895.0
93.0,-23.0,-687.0
-40.0,-156.0,-564.0
58.0,-9.0,-636.0
17.0,27.0,-856.0
-9.0,290.0,-925.0
-52.0,165.0,-1016.0
3.0,183.0,-1013.0
101.0,0.0,-888.0
3.0,-121.0,-677.0
-81.0,-89.0,-525.0
-48.0,-25.0,-640.0
-23.0,64.0,-862.0
-54.0,31.0,-1013.0
-54.0,171.0,-1003.0
-52.0,290.0,-925.0
46.0,142.0,-907.0
29.0,-132.0,-665.0
-81.0,-52.0,-595.0
60.0,-5.0,-599.0
-42.0,185.0,-821.0
13.0,-3.0,-839.0
-68.0,-197.0,-878.0
35.0,54.0,-868.0
101.0,121.0,-892.0
19.0,171.0,-634.0
-35.0,70.0,-448.0
-19.0,109.0,-603.0
-11.0,-25.0,-778.0
-3.0,-136.0,-845.0
-113.0,44.0,-843.0
5.0,152.0,-788.0
-13.0,31.0,-776.0
29.0,9.0,-673.0
-66.0,-214.0,-573.0
-3.0,105.0,-605.0
-29.0,138.0,-767.0
21.0,-29.0,-749.0
-56.0,56.0,-829.0
46.0,189.0,-886.0
52.0,142.0,-956.0
15.0,-89.0,-761.0
-54.0,-286.0,-626.0
-17.0,-40.0,-589.0
13.0,62.0,-743.0
-29.0,56.0,-829.0
-54.0,31.0,-821.0
11.0,160.0,-907.0
81.0,83.0,-1009.0
39.0,-1.0,-788.0
-13.0,-121.0,-616.0
-19.0,0.0,-661.0
-40.0,111.0,-798.0
33.0,-89.0,-761.0
-66.0,42.0,-767.0
-48.0,148.0,-813.0
15.0,74.0,-870.0
-33.0,-37.0,-837.0
-39.0,-210.0,-579.0
-42.0,-177.0,-624.0
9.0,195.0,-659.0
5.0,212.0,-694.0
42.0,134.0,-763.0
-68.0,185.0,-987.0
101.0,15.0,-942.0
21.0,-175.0,-858.0
-33.0,-81.0,-605.0
-62.0,1.0,-566.0
-5.0,-11.0,-612.0
-19.0,-35.0,-710.0
-78.0,109.0,-860.0
-50.0,238.0,-888.0
11.0,162.0,-954.0
78.0,-54.0,-843.0
74.0,-119.0,-638.0
-78.0,33.0,-609.0
109.0,81.0,-628.0
-39.0,99.0,-739.0
13.0,154.0,-776.0
-122.0,91.0,-1003.0
119.0,66.0,-999.0
-72.0,56.0,-817.0
91.0,-130.0,-530.0
-124.0,-85.0,-554.0
39.0,27.0,-610.0
-29.0,35.0,-710.0
-23.0,150.0,-819.0
-109.0,224.0,-1001.0
25.0,148.0,-954.0
35.0,-33.0,-815.0
9.0,-35.0,-562.0
-119.0,0.0,-569.0
25.0,-9.0,-591.0
-21.0,-58.0,-745.0
-25.0,95.0,-794.0
-74.0,140.0,-909.0
58.0,226.0,-845.0
58.0,58.0,-765.0
64.0,-76.0,-642.0
9.0,-115.0,-618.0
78.0,-3.0,-626.0
60.0,56.0,-638.0
0.0,173.0,-837.0
-74.0,111.0,-878.0
42.0,68.0,-950.0
64.0,-44.0,-794.0
5.0,-91.0,-650.0
-70.0,-31.0,-443.0
-11.0,83.0,-542.0
-39.0,109.0,-737.0
-37.0,101.0,-796.0
-109.0,29.0,-866.0
78.0,3.0,-905.0
-17.0,46.0,-874.0
121.0,-54.0,-622.0
-66.0,-74.0,-599.0
72.0,3.0,-532.0
17.0,50.0,-687.0
-35.0,140.0,-806.0
11.0,74.0,-862.0
-39.0,327.0,-853.0
80.0,23.0,-880.0
-13.0,-191.0,-626.0
-68.0,-126.0,-425.0
-19.0,-89.0,-488.0
-11.0,31.0,-687.0
-17.0,-31.0,-845.0
-101.0,134.0,-905.0
3.0,197.0,-907.0
74.0,81.0,-919.0
-11.0,80.0,-675.0
-78.0,-101.0,-482.0
9.0,-50.0,-558.0
-13.0,-72.0,-735.0
-37.0,109.0,-847.0
-74.0,83.0,-851.0
19.0,97.0,-921.0
29.0,-25.0,-880.0
-21.0,19.0,-689.0
-46.0,39.0,-521.0
-31.0,-60.0,-538.0
11.0,-3.0,-687.0
-48.0,21.0,-728.0
19.0,42.0,-884.0
-13.0,162.0,-966.0
60.0,56.0,-884.0
17.0,-97.0,-648.0
-103.0,74.0,-421.0
-7.0,9.0,-478.0
1.0,-21.0,-739.0
-87.0,40.0,-837.0
-11.0,11.0,-841.0
-89.0,179.0,-853.0
66.0,21.0,-917.0
17.0,-42.0,-728.0
-39.0,52.0,-488.0
1.0,-29.0,-575.0
25.0,31.0,-765.0
-48.0,-44.0,-763.0
-9.0,183.0,-853.0
-19.0,167.0,-931.0
81.0,121.0,-872.0
-37.0,-39.0,-673.0
13.0,-89.0,-532.0
-85.0,11.0,-505.0
39.0,23.0,-669.0
-68.0,9.0,-755.0
3.0,156.0,-849.0
-31.0,111.0,-925.0
40.0,83.0,-856.0
-17.0,13.0,-722.0
52.0,39.0,-546.0
-54.0,-9.0,-542.0
81.0,-44.0,-692.0
-50.0,21.0,-757.0
46.0,162.0,-747.0
-37.0,128.0,-858.0
76.0,95.0,-831.0
9.0,-64.0,-716.0
25.0,-13.0,-564.0
-70.0,11.0,-568.0
23.0,-29.0,-593.0
-62.0,-21.0,-708.0
-25.0,130.0,-772.0
-87.0,171.0,-958.0
62.0,80.0,-913.0
-7.0,3.0,-784.0
46.0,-9.0,-546.0
-93.0,-50.0,-523.0
13.0,15.0,-607.0
42.0,-48.0,-786.0
-3.0,140.0,-813.0
-46.0,183.0,-849.0
52.0,124.0,-886.0
58.0,-31.0,-800.0
50.0,-105.0,-614.0
-70.0,-124.0,-556.0
85.0,-87.0,-624.0
-17.0,-19.0,-679.0
15.0,179.0,-739.0
-35.0,199.0,-952.0
-1.0,175.0,-925.0
40.0,0.0,-835.0
1.0,54.0,-587.0
-142.0,-64.0,-474.0
35.0,-119.0,-493.0
-93.0,-35.0,-692.0
-5.0,23.0,-776.0
-138.0,85.0,-845.0
48.0,78.0,-929.0
1.0,48.0,-806.0
42.0,76.0,-624.0
-40.0,-50.0,-528.0
1.0,56.0,-486.0
1.0,-44.0,-663.0
44.0,72.0,-726.0
-44.0,109.0,-868.0
83.0,68.0,-960.0
23.0,11.0,-849.0
50.0,-3.0,-632.0
-91.0,-95.0,-507.0
11.0,-44.0,-497.0
-40.0,-1.0,-653.0
-23.0,156.0,-831.0
-74.0,130.0,-917.0
25.0,111.0,-997.0
48.0,-15.0,-968.0
19.0,-9.0,-665.0
-68.0,-89.0,-427.0
40.0,-60.0,-528.0
-58.0,21.0,-700.0
27.0,15.0,-833.0
-76.0,115.0,-888.0
17.0,109.0,-856.0
-15.0,109.0,-815.0
23.0,99.0,-626.0
-46.0,-74.0,-513.0
-15.0,-52.0,-556.0
-44.0,-31.0,-669.0
-42.0,85.0,-761.0
-42.0,54.0,-845.0
11.0,72.0,-917.0
17.0,140.0,-804.0
11.0,85.0,-673.0
-44.0,-39.0,-480.0
-40.0,-17.0,-482.0
9.0,-9.0,-689.0
-23.0,5.0,-776.0
-13.0,158.0,-784.0
-15.0,165.0,-860.0
15.0,39.0,-854.0
13.0,-25.0,-671.0
-17.0,-89.0,-591.0
-46.0,-17.0,-605.0
31.0,-1.0,-659.0
-60.0,87.0,-749.0
13.0,150.0,-813.0
-17.0,175.0,-909.0
54.0,142.0,-929.0
-9.0,13.0,-767.0
29.0,-81.0,-562.0
-44.0,-138.0,-527.0
-5.0,-42.0,-595.0
-37.0,11.0,-706.0
-7.0,134.0,-841.0
-33.0,150.0,-890.0
1.0,165.0,-905.0
-5.0,40.0,-735.0
-3.0,-76.0,-550.0
-74.0,-62.0,-478.0
11.0,-27.0,-632.0
11.0,-25.0,-765.0
-5.0,99.0,-796.0
-29.0,85.0,-923.0
-9.0,160.0,-847.0
21.0,64.0,-767.0
56.0,-68.0,-601.0
-68.0,-162.0,-562.0
56.0,31.0,-568.0
-46.0,162.0,-669.0
1.0,39.0,-800.0
-101.0,27.0,-915.0
11.0,148.0,-872.0
44.0,126.0,-749.0
35.0,-19.0,-593.0
-97.0,-167.0,-454.0
1.0,-48.0,-503.0
-23.0,40.0,-732.0
11.0,95.0,-821.0
-81.0,93.0,-874.0
27.0,103.0,-884.0
76.0,72.0,-810.0
37.0,-27.0,-622.0
-68.0,-109.0,-546.0
31.0,-11.0,-538.0
19.0,19.0,-698.0
-33.0,78.0,-810.0
-58.0,-1.0,-894.0
58.0,124.0,-923.0
35.0,58.0,-845.0
37.0,-23.0,-603.0
-81.0,-191.0,-464.0
48.0,-23.0,-501.0
7.0,109.0,-698.0
5.0,169.0,-815.0
-78.0,54.0,-892.0
23.0,78.0,-897.0
83.0,-3.0,-808.0
31.0,19.0,-581.0
-54.0,-95.0,-462.0
21.0,-44.0,-517.0
-33.0,99.0,-716.0
-23.0,107.0,-817.0
-72.0,78.0,-876.0
23.0,117.0,-868.0
21.0,121.0,-813.0
66.0,11.0,-685.0
-74.0,-136.0,-536.0
27.0,-62.0,-534.0
-56.0,58.0,-726.0
-13.0,152.0,-782.0
-52.0,56.0,-897.0
19.0,70.0,-929.0
33.0,111.0,-878.0
54.0,89.0,-636.0
-72.0,-64.0,-515.0
-19.0,-35.0,-511.0
-29.0,-25.0,-732.0
-1.0,7.0,-854.0
-80.0,58.0,-856.0
15.0,191.0,-862.0
29.0,91.0,-858.0
19.0,11.0,-655.0
-68.0,-121.0,-515.0
7.0,-44.0,-558.0
-40.0,62.0,-677.0
-19.0,37.0,-722.0
-62.0,60.0,-810.0
-11.0,138.0,-870.0
31.0,134.0,-884.0
-7.0,0.0,-689.0
-42.0,-105.0,-503.0
-40.0,-48.0,-486.0
-35.0,37.0,-681.0
-19.0,46.0,-767.0
-25.0,40.0,-870.0
3.0,109.0,-948.0
50.0,158.0,-929.0
42.0,23.0,-728.0
-27.0,-78.0,-534.0
-33.0,-3.0,-568.0
40.0,5.0,-712.0
17.0,17.0,-819.0
35.0,-35.0,-854.0
21.0,121.0,-913.0
39.0,126.0,-917.0
44.0,105.0,-753.0
-39.0,-72.0,-607.0
-58.0,-128.0,-618.0
-58.0,-15.0,-679.0
-21.0,60.0,-800.0
-46.0,119.0,-897.0
193.0,103.0,-954.0
39.0,119.0,-1188.0
511.0,-7.0,-685.0
523.0,-52.0,-677.0
650.0,-64.0,-569.0
732.0,-5.0,-650.0
833.0,-40.0,-931.0
1040.0,70.0,-913.0
743.0,236.0,-1167.0
1194.0,13.0,-1030.0
1022.0,89.0,-976.0
1225.0,-5.0,-788.0
860.0,7.0,-769.0
1259.0,-29.0,-648.0
1016.0,-25.0,-853.0
1138.0,111.0,-911.0
929.0,244.0,-1011.0
1128.0,-25.0,-993.0
1024.0,-25.0,-903.0
987.0,76.0,-724.0
897.0,42.0,-577.0
942.0,-99.0,-632.0
960.0,-23.0,-853.0
858.0,165.0,-1083.0
772.0,368.0,-1015.0
862.0,-109.0,-1052.0
983.0,-85.0,-913.0
884.0,68.0,-749.0
833.0,113.0,-663.0
923.0,-128.0,-706.0
964.0,-44.0,-913.0
981.0,204.0,-1057.0
905.0,359.0,-1003.0
1040.0,5.0,-1030.0
1139.0,-81.0,-1085.0
1104.0,9.0,-991.0
938.0,177.0,-813.0
1100.0,-81.0,-780.0
1085.0,-156.0,-966.0
1032.0,193.0,-981.0
894.0,263.0,-1079.0
1054.0,1.0,-1097.0
1042.0,-109.0,-1120.0
1009.0,68.0,-835.0
823.0,136.0,-597.0
1003.0,-85.0,-614.0
940.0,-91.0,-950.0
888.0,148.0,-966.0
786.0,265.0,-1032.0
866.0,93.0,-1048.0
849.0,-177.0,-1075.0
661.0,117.0,-864.0
558.0,-46.0,-716.0
519.0,81.0,-790.0
454.0,-121.0,-905.0
320.0,167.0,-942.0
290.0,206.0,-954.0
222.0,142.0,-1071.0
324.0,-44.0,-1114.0
173.0,-37.0,-921.0
35.0,62.0,-661.0
-11.0,0.0,-714.0
-27.0,-39.0,-956.0
-89.0,50.0,-1024.0
-183.0,0.0,-1097.0
-142.0,257.0,-1132.0
-80.0,33.0,-1153.0
-160.0,-39.0,-936.0
-169.0,-50.0,-751.0
-101.0,35.0,-749.0
-31.0,54.0,-878.0
-117.0,-39.0,-915.0
-165.0,-29.0,-1061.0
-294.0,152.0,-1169.0
-212.0,35.0,-1063.0
-505.0,37.0,-1136.0
-560.0,-105.0,-856.0
-895.0,17.0,-841.0
-950.0,19.0,-915.0
-1016.0,-83.0,-940.0
-1044.0,181.0,-1085.0
-1128.0,191.0,-1024.0
-1315.0,124.0,-1075.0
-1134.0,-234.0,-843.0
-1352.0,-40.0,-774.0
-1245.0,35.0,-653.0
-1376.0,56.0,-862.0
-1147.0,-66.0,-1011.0
-1163.0,-80.0,-1116.0
-1245.0,402.0,-1143.0
-1071.0,3.0,-1151.0
-1018.0,-103.0,-1108.0
-935.0,-138.0,-858.0
-1079.0,107.0,-892.0
-923.0,25.0,-772.0
-895.0,-95.0,-989.0
-767.0,21.0,-1059.0
-845.0,267.0,-1128.0
-683.0,122.0,-1114.0
-607.0,-91.0,-1098.0
-616.0,-91.0,-854.0
-761.0,183.0,-751.0
-673.0,15.0,-866.0
-659.0,-150.0,-1028.0
-653.0,-3.0,-1130.0
-737.0,316.0,-1165.0
-776.0,269.0,-1136.0
-657.0,-154.0,-1026.0
-694.0,-169.0,-774.0
-806.0,58.0,-681.0
-776.0,27.0,-708.0
-716.0,-203.0,-952.0
-706.0,27.0,-1050.0
-813.0,359.0,-1169.0
-718.0,203.0,-1208.0
-663.0,-165.0,-1153.0
-603.0,-154.0,-925.0
-813.0,140.0,-757.0
-648.0,50.0,-817.0
-614.0,-179.0,-1059.0
-593.0,19.0,-1139.0
-706.0,361.0,-1200.0
-460.0,224.0,-1200.0
-392.0,-195.0,-1108.0
-337.0,-115.0,-829.0
-437.0,60.0,-720.0
-269.0,119.0,-831.0
-183.0,-130.0,-1093.0
-136.0,-50.0,-1169.0
-193.0,284.0,-1179.0
-76.0,220.0,-1194.0
13.0,-64.0,-1098.0
-19.0,-83.0,-872.0
-117.0,-50.0,-737.0
-39.0,105.0,-753.0
-76.0,-81.0,-935.0
-81.0,44.0,-987.0
-144.0,160.0,-1091.0
-3.0,212.0,-1132.0
-31.0,5.0,-1110.0
-33.0,-103.0,-878.0
-169.0,-25.0,-702.0
-13.0,40.0,-790.0
-21.0,-39.0,-1044.0
-35.0,5.0,-1087.0
-115.0,187.0,-1112.0
-40.0,199.0,-1180.0
23.0,-48.0,-1122.0
-78.0,-50.0,-892.0
-222.0,-87.0,-720.0
-150.0,35.0,-804.0
-165.0,-7.0,-1016.0
-238.0,52.0,-1063.0
-300.0,140.0,-1087.0
-124.0,134.0,-1237.0
-83.0,23.0,-1231.0
-126.0,-13.0,-956.0
-267.0,-50.0,-769.0
-132.0,0.0,-829.0
-163.0,-29.0,-1013.0
-156.0,11.0,-1057.0
-240.0,177.0,-1122.0
-103.0,165.0,-1241.0
-56.0,-21.0,-1163.0
-124.0,-23.0,-925.0
-160.0,-62.0,-735.0
-72.0,-3.0,-782.0
-64.0,68.0,-1016.0
-78.0,-13.0,-1089.0
-111.0,66.0,-1089.0
-21.0,177.0,-1151.0
-21.0,76.0,-1196.0
-40.0,0.0,-1007.0
-111.0,-70.0,-808.0
-56.0,-62.0,-837.0
-97.0,-7.0,-917.0
-89.0,78.0,-972.0
-66.0,89.0,-1079.0
-64.0,148.0,-1223.0
0.0,21.0,-1208.0
-25.0,-11.0,-974.0
-60.0,-50.0,-778.0
-44.0,-19.0,-776.0
0.0,3.0,-958.0
-11.0,3.0,-1050.0
-48.0,66.0,-1110.0
-33.0,191.0,-1169.0
37.0,74.0,-1216.0
0.0,13.0,-976.0
-35.0,-74.0,-806.0
-21.0,-54.0,-837.0
-37.0,23.0,-905.0
-35.0,17.0,-956.0
-66.0,146.0,-1075.0
-11.0,113.0,-1231.0
48.0,78.0,-1210.0
74.0,17.0,-1046.0
40.0,-39.0,-823.0
5.0,-46.0,-794.0
103.0,-5.0,-888.0
121.0,25.0,-1007.0
113.0,91.0,-1095.0
64.0,152.0,-1192.0
163.0,109.0,-1214.0
138.0,-25.0,-987.0
99.0,-42.0,-810.0
13.0,-39.0,-808.0
107.0,3.0,-925.0
-5.0,35.0,-1030.0
31.0,68.0,-1114.0
-48.0,74.0,-1163.0
9.0,177.0,-1161.0
23.0,46.0,-1061.0
0.0,-66.0,-911.0
-89.0,-95.0,-821.0
-46.0,-9.0,-829.0
-66.0,29.0,-958.0
-58.0,70.0,-1059.0
-109.0,126.0,-1188.0
-21.0,105.0,-1216.0
-15.0,42.0,-1081.0
21.0,-46.0,-880.0
-103.0,-50.0,-772.0
-1.0,-3.0,-829.0
-42.0,5.0,-1044.0
-40.0,89.0,-1087.0
-97.0,119.0,-1155.0
-15.0,175.0,-1167.0
17.0,9.0,-1126.0
-54.0,-35.0,-892.0
-134.0,-78.0,-788.0
-19.0,-31.0,-847.0
-68.0,68.0,-964.0
-70.0,113.0,-1022.0
-87.0,74.0,-1167.0
-33.0,140.0,-1177.0
13.0,25.0,-1141.0
5.0,-68.0,-911.0
-121.0,-35.0,-772.0
19.0,-39.0,-806.0
-76.0,58.0,-979.0
-27.0,68.0,-1126.0
-124.0,89.0,-1157.0
5.0,162.0,-1202.0
15.0,29.0,-1106.0
1.0,-29.0,-954.0
-105.0,-105.0,-792.0
-33.0,31.0,-835.0
-29.0,-3.0,-1040.0
-37.0,50.0,-1081.0
-111.0,134.0,-1108.0
44.0,89.0,-1179.0
31.0,83.0,-1165.0
62.0,-42.0,-989.0
-58.0,-83.0,-847.0
5.0,-21.0,-790.0
-3.0,5.0,-964.0
11.0,78.0,-1030.0
-44.0,64.0,-1097.0
33.0,152.0,-1204.0
44.0,76.0,-1192.0
80.0,-40.0,-977.0
-70.0,-52.0,-776.0
17.0,-29.0,-780.0
-3.0,37.0,-993.0
-11.0,46.0,-1097.0
-15.0,44.0,-1120.0
9.0,183.0,-1116.0
97.0,33.0,-1200.0
31.0,-11.0,-997.0
-19.0,-35.0,-796.0
15.0,-44.0,-860.0
-44.0,21.0,-956.0
11.0,11.0,-1020.0
-35.0,134.0,-1095.0
29.0,122.0,-1188.0
70.0,89.0,-1204.0
33.0,-7.0,-1042.0
-19.0,-74.0,-819.0
-35.0,-21.0,-763.0
17.0,21.0,-968.0
21.0,17.0,-1069.0
-42.0,91.0,-1118.0
-1.0,136.0,-1177.0
-11.0,95.0,-1177.0
35.0,-19.0,-1028.0
-21.0,-46.0,-835.0
-48.0,-7.0,-819.0
19.0,-19.0,-950.0
-74.0,7.0,-1028.0
0.0,74.0,-1057.0
-33.0,134.0,-1171.0
21.0,111.0,-1194.0
-11.0,9.0,-1063.0
-1.0,-48.0,-866.0
-58.0,-42.0,-833.0
1.0,7.0,-886.0
-40.0,-9.0,-1005.0
-31.0,142.0,-1085.0
-64.0,134.0,-1223.0
31.0,99.0,-1220.0
-17.0,7.0,-1075.0
25.0,-48.0,-827.0
-95.0,-29.0,-792.0
44.0,5.0,-882.0
-27.0,-13.0,-1061.0
-19.0,89.0,-1118.0
-70.0,162.0,-1143.0
29.0,134.0,-1155.0
13.0,3.0,-1046.0
62.0,-74.0,-888.0
-78.0,-48.0,-837.0
35.0,0.0,-878.0
-64.0,35.0,-985.0
7.0,81.0,-1052.0
-58.0,91.0,-1212.0
11.0,142.0,-1184.0
44.0,-5.0,-1116.0
21.0,-39.0,-888.0
-83.0,-58.0,-796.0
44.0,-17.0,-843.0
-35.0,7.0,-1028.0
52.0,50.0,-1126.0
-113.0,136.0,-1161.0
56.0,150.0,-1145.0
52.0,1.0,-1063.0
76.0,-46.0,-960.0
-74.0,-78.0,-839.0
39.0,15.0,-835.0
-25.0,-9.0,-993.0
-15.0,66.0,-1071.0
-80.0,113.0,-1145.0
44.0,150.0,-1175.0
48.0,15.0,-1169.0
76.0,-48.0,-948.0
-89.0,-70.0,-815.0
42.0,-37.0,-808.0
-13.0,-3.0,-979.0
-11.0,101.0,-1067.0
-68.0,111.0,-1153.0
25.0,150.0,-1206.0
62.0,-15.0,-1153.0
68.0,-52.0,-933.0
-85.0,-33.0,-765.0
44.0,5.0,-819.0
-19.0,-5.0,-1009.0
5.0,39.0,-1100.0
-91.0,105.0,-1147.0
48.0,158.0,-1153.0
19.0,66.0,-1108.0
60.0,-37.0,-993.0
-58.0,-87.0,-856.0
44.0,-5.0,-851.0
-66.0,60.0,-962.0
0.0,39.0,-1026.0
-85.0,78.0,-1128.0
46.0,122.0,-1192.0
48.0,80.0,-1147.0
58.0,-27.0,-1024.0
-68.0,-89.0,-813.0
-19.0,15.0,-780.0
-5.0,7.0,-983.0
-1.0,21.0,-1091.0
-78.0,130.0,-1097.0
17.0,156.0,-1134.0
37.0,76.0,-1180.0
31.0,-62.0,-999.0
-62.0,-39.0,-847.0
17.0,-17.0,-819.0
-9.0,11.0,-987.0
-39.0,29.0,-1022.0
-42.0,72.0,-1095.0
13.0,171.0,-1173.0
31.0,76.0,-1227.0
33.0,-29.0,-1018.0
-56.0,-52.0,-821.0
21.0,-27.0,-804.0
-48.0,-7.0,-913.0
-21.0,39.0,-1022.0
-48.0,121.0,-1110.0
11.0,158.0,-1202.0
46.0,74.0,-1208.0
17.0,-7.0,-1005.0
-35.0,-78.0,-802.0
-21.0,25.0,-808.0
-3.0,29.0,-987.0
0.0,-35.0,-1059.0
-66.0,111.0,-1098.0
19.0,130.0,-1175.0
-9.0,117.0,-1169.0
7.0,-1.0,-1030.0
-7.0,-54.0,-874.0
-33.0,-44.0,-856.0
-25.0,31.0,-915.0
-19.0,11.0,-968.0
-29.0,76.0,-1065.0
-48.0,115.0,-1182.0
13.0,128.0,-1194.0
13.0,17.0,-1052.0
21.0,-42.0,-870.0
-52.0,-44.0,-817.0
-17.0,25.0,-882.0
0.0,-19.0,-1052.0
-31.0,58.0,-1093.0
-70.0,187.0,-1161.0
50.0,91.0,-1190.0
15.0,13.0,-1050.0
54.0,-66.0,-890.0
-68.0,-44.0,-870.0
23.0,13.0,-886.0
-39.0,-17.0,-997.0
-9.0,91.0,-1063.0
-76.0,126.0,-1149.0
35.0,136.0,-1198.0
23.0,19.0,-1128.0
54.0,-42.0,-888.0
-72.0,-66.0,-804.0
7.0,9.0,-837.0
-15.0,-13.0,-1001.0
-27.0,111.0,-1091.0
-76.0,163.0,-1210.0
72.0,101.0,-1196.0
17.0,-13.0,-1098.0
62.0,-39.0,-854.0
-68.0,-35.0,-823.0
46.0,-13.0,-894.0
-44.0,13.0,-1048.0
9.0,52.0,-1083.0
-62.0,107.0,-1151.0
23.0,191.0,-1120.0
48.0,39.0,-1098.0
62.0,-74.0,-952.0
-74.0,-78.0,-874.0
23.0,-9.0,-841.0
-50.0,64.0,-960.0
-1.0,60.0,-1063.0
-89.0,101.0,-1151.0
58.0,128.0,-1175.0
27.0,89.0,-1145.0
64.0,-46.0,-977.0
-109.0,-76.0,-782.0
39.0,19.0,-802.0
-3.0,-21.0,-1046.0
-25.0,66.0,-1079.0
-78.0,117.0,-1112.0
40.0,150.0,-1151.0
23.0,39.0,-1167.0
54.0,-40.0,-927.0
-68.0,-68.0,-827.0
25.0,-5.0,-831.0
-33.0,3.0,-977.0
-50.0,74.0,-1028.0
-58.0,70.0,-1126.0
15.0,187.0,-1177.0
42.0,46.0,-1206.0
25.0,-42.0,-991.0
-80.0,-70.0,-794.0
19.0,-9.0,-827.0
-46.0,7.0,-976.0
-3.0,54.0,-1063.0
-68.0,80.0,-1124.0
40.0,148.0,-1182.0
31.0,66.0,-1155.0
29.0,-25.0,-974.0
-66.0,-85.0,-815.0
3.0,-1.0,-835.0
-19.0,52.0,-981.0
-11.0,0.0,-1056.0
-33.0,66.0,-1097.0
1.0,142.0,-1165.0
42.0,119.0,-1161.0
21.0,-3.0,-1032.0
-9.0,-64.0,-839.0
-9.0,-56.0,-841.0
1.0,46.0,-940.0
-19.0,19.0,-991.0
-48.0,81.0,-1093.0
-23.0,103.0,-1208.0
40.0,152.0,-1216.0
220.0,-35.0,-1013.0
56.0,-5.0,-892.0
234.0,-83.0,-739.0
277.0,25.0,-987.0
411.0,122.0,-999.0
441.0,-40.0,-1093.0
417.0,93.0,-1179.0
681.0,169.0,-1139.0
560.0,122.0,-1104.0
626.0,-177.0,-890.0
560.0,-54.0,-884.0
599.0,60.0,-995.0
587.0,91.0,-976.0
552.0,85.0,-1015.0
581.0,3.0,-1180.0
593.0,189.0,-1210.0
544.0,44.0,-1032.0
515.0,-54.0,-800.0
458.0,-154.0,-753.0
425.0,15.0,-870.0
366.0,154.0,-970.0
378.0,5.0,-1042.0
325.0,60.0,-1208.0
318.0,154.0,-1169.0
277.0,101.0,-1007.0
193.0,-70.0,-845.0
115.0,-175.0,-876.0
156.0,72.0,-913.0
56.0,95.0,-1026.0
3.0,56.0,-1081.0
-40.0,23.0,-1184.0
48.0,173.0,-1165.0
27.0,142.0,-1093.0
85.0,-130.0,-952.0
-72.0,-105.0,-903.0
40.0,9.0,-880.0
-1.0,126.0,-983.0
33.0,72.0,-1104.0
-44.0,62.0,-1198.0
44.0,142.0,-1233.0
87.0,35.0,-1124.0
56.0,-1.0,-933.0
-11.0,-150.0,-772.0
25.0,80.0,-825.0
64.0,13.0,-1042.0
-1.0,54.0,-1118.0
-60.0,95.0,-1110.0
113.0,162.0,-1128.0
136.0,119.0,-1122.0
122.0,-107.0,-938.0
-52.0,-111.0,-856.0
80.0,50.0,-851.0
0.0,44.0,-995.0
-31.0,119.0,-1036.0
-83.0,0.0,-1126.0
-3.0,197.0,-1173.0
-5.0,37.0,-1128.0
21.0,-40.0,-936.0
-111.0,-80.0,-761.0
17.0,-33.0,-813.0
-99.0,83.0,-985.0
-11.0,35.0,-1130.0
-93.0,115.0,-1132.0
23.0,134.0,-1122.0
-5.0,89.0,-1143.0
113.0,-23.0,-1022.0
-25.0,-97.0,-894.0
58.0,15.0,-843.0
-13.0,19.0,-997.0
56.0,0.0,-1040.0
-19.0,5.0,-1063.0
119.0,154.0,-1104.0
117.0,152.0,-1182.0
185.0,0.0,-1077.0
39.0,-66.0,-864.0
165.0,-11.0,-796.0
140.0,11.0,-962.0
111.0,0.0,-995.0
58.0,46.0,-1057.0
165.0,76.0,-1147.0
183.0,126.0,-1212.0
121.0,3.0,-1063.0
40.0,-31.0,-849.0
78.0,60.0,-812.0
83.0,31.0,-997.0
-5.0,-44.0,-1024.0
-3.0,13.0,-1054.0
11.0,144.0,-1075.0
27.0,93.0,-1212.0
0.0,-1.0,-1038.0
-66.0,-76.0,-944.0
-11.0,13.0,-866.0
-37.0,56.0,-1003.0
-78.0,21.0,-944.0
-76.0,-3.0,-1044.0
-76.0,103.0,-1095.0
-27.0,103.0,-1241.0
-70.0,70.0,-1098.0
-74.0,-23.0,-905.0
-35.0,-3.0,-851.0
-52.0,50.0,-960.0
-66.0,11.0,-1046.0
-70.0,0.0,-1005.0
-21.0,91.0,-1089.0
-5.0,142.0,-1194.0
17.0,40.0,-1122.0
-46.0,-9.0,-894.0
-35.0,40.0,-903.0
31.0,15.0,-979.0
5.0,-5.0,-933.0
-25.0,-29.0,-935.0
-15.0,119.0,-1073.0
0.0,115.0,-1253.0
21.0,54.0,-1106.0
-35.0,-29.0,-909.0
-3.0,17.0,-909.0
19.0,5.0,-962.0
-11.0,0.0,-917.0
-21.0,21.0,-976.0
-37.0,150.0,-1169.0
11.0,60.0,-1225.0
-23.0,25.0,-1077.0
23.0,-1.0,-878.0
-17.0,-13.0,-933.0
-9.0,66.0,-938.0
66.0,-56.0,-968.0
5.0,33.0,-983.0
-17.0,85.0,-1163.0
5.0,150.0,-1102.0
78.0,58.0,-1108.0
37.0,-3.0,-948.0
33.0,-78.0,-1013.0
78.0,46.0,-917.0
25.0,-7.0,-909.0
78.0,42.0,-931.0
-7.0,70.0,-1177.0
-68.0,134.0,-1143.0
62.0,-39.0,-1104.0
130.0,33.0,-1005.0
-66.0,13.0,-976.0
165.0,-9.0,-868.0
62.0,-74.0,-895.0
11.0,9.0,-1052.0
-101.0,115.0,-1042.0
146.0,160.0,-1056.0
31.0,44.0,-1124.0
35.0,-64.0,-1085.0
-72.0,1.0,-962.0
56.0,7.0,-905.0
-70.0,19.0,-997.0
-78.0,-29.0,-897.0
-85.0,42.0,-954.0
50.0,189.0,-1149.0
70.0,-3.0,-1233.0
21.0,-25.0,-1120.0
-279.0,132.0,-938.0
121.0,-33.0,-864.0
-11.0,-109.0,-933.0
-52.0,-62.0,-968.0
-146.0,167.0,-938.0
136.0,113.0,-1190.0
-81.0,105.0,-1220.0
-17.0,3.0,-1075.0
-80.0,-7.0,-895.0
42.0,-40.0,-901.0
-13.0,101.0,-979.0
-66.0,-54.0,-923.0
-17.0,58.0,-940.0
-5.0,17.0,-1085.0
33.0,156.0,-1262.0
-89.0,175.0,-1106.0
-17.0,-74.0,-997.0
-1.0,31.0,-878.0
107.0,33.0,-940.0
33.0,-19.0,-827.0
-15.0,-13.0,-892.0
62.0,56.0,-1157.0
11.0,95.0,-1247.0
121.0,-17.0,-1214.0
-40.0,183.0,-907.0
23.0,15.0,-913.0
1.0,83.0,-851.0
136.0,-140.0,-870.0
-29.0,-15.0,-1028.0
-52.0,177.0,-1116.0
144.0,109.0,-1245.0
-83.0,163.0,-1139.0
-64.0,-66.0,-1026.0
37.0,56.0,-792.0
89.0,-48.0,-942.0
-37.0,-17.0,-895.0
-31.0,21.0,-944.0
83.0,105.0,-1147.0
0.0,132.0,-1301.0
5.0,124.0,-1134.0
-7.0,27.0,-915.0
35.0,-5.0,-929.0
-46.0,-31.0,-821.0
72.0,-48.0,-886.0
-97.0,62.0,-999.0
-11.0,109.0,-1155.0
-29.0,52.0,-1262.0
27.0,64.0,-1054.0
-42.0,15.0,-958.0
-52.0,21.0,-938.0
35.0,13.0,-917.0
95.0,23.0,-952.0
40.0,-23.0,-1028.0
-15.0,167.0,-1122.0
64.0,62.0,-1202.0
-93.0,97.0,-1085.0
91.0,-19.0,-1011.0
-58.0,-25.0,-933.0
33.0,-40.0,-890.0
25.0,9.0,-800.0
-91.0,7.0,-1005.0
-66.0,136.0,-1124.0
13.0,99.0,-1216.0
31.0,80.0,-1223.0
35.0,-29.0,-901.0
1.0,-13.0,-870.0
-35.0,23.0,-849.0
-74.0,-89.0,-1026.0
-91.0,70.0,-1007.0
-50.0,25.0,-1112.0
-60.0,195.0,-1132.0
-29.0,50.0,-1157.0
76.0,-74.0,-981.0
-111.0,58.0,-917.0
37.0,74.0,-858.0
107.0,-126.0,-987.0
-52.0,21.0,-946.0
-35.0,44.0,-1069.0
-72.0,191.0,-1126.0
78.0,-39.0,-1216.0
-148.0,60.0,-1040.0
74.0,-40.0,-913.0
222.0,46.0,-864.0
-17.0,17.0,-958.0
-31.0,-9.0,-923.0
29.0,31.0,-1110.0
-44.0,156.0,-1122.0
76.0,64.0,-1179.0
60.0,13.0,-1009.0
-39.0,-56.0,-940.0
68.0,19.0,-935.0
-48.0,-9.0,-989.0
158.0,-103.0,-905.0
-199.0,13.0,-1040.0
60.0,191.0,-1085.0
249.0,132.0,-1192.0
31.0,78.0,-1153.0
-128.0,25.0,-958.0
140.0,-11.0,-821.0
29.0,-40.0,-933.0
-101.0,-25.0,-1011.0
-208.0,27.0,-913.0
167.0,5.0,-933.0
150.0,232.0,-1423.0
-68.0,-87.0,-1198.0
-87.0,-122.0,-757.0
-64.0,126.0,-774.0
-25.0,40.0,-1106.0
-62.0,80.0,-1005.0
-31.0,68.0,-933.0
83.0,72.0,-1136.0
-54.0,167.0,-1305.0
-83.0,7.0,-1108.0
-5.0,-21.0,-866.0
-64.0,-144.0,-884.0
56.0,138.0,-936.0
76.0,-29.0,-935.0
-97.0,15.0,-974.0
-62.0,121.0,-1063.0
85.0,204.0,-1266.0
58.0,156.0,-1141.0
-1.0,-48.0,-854.0
154.0,-13.0,-843.0
124.0,-31.0,-1032.0
-78.0,-78.0,-1013.0
17.0,58.0,-919.0
40.0,66.0,-1173.0
-17.0,25.0,-1286.0
39.0,76.0,-1026.0
93.0,66.0,-819.0
-31.0,70.0,-925.0
15.0,46.0,-989.0
19.0,-37.0,-894.0
5.0,-46.0,-923.0
-111.0,216.0,-1056.0
142.0,89.0,-1253.0
-37.0,95.0,-1056.0
91.0,-144.0,-1009.0
-66.0,25.0,-890.0
-5.0,0.0,-974.0
17.0,-56.0,-917.0
107.0,21.0,-925.0
-72.0,284.0,-1048.0
-167.0,42.0,-1286.0
-31.0,33.0,-1067.0
122.0,-66.0,-1089.0
-210.0,48.0,-804.0
283.0,-15.0,-884.0
95.0,-134.0,-952.0
-83.0,29.0,-1118.0
-44.0,85.0,-987.0
7.0,171.0,-1143.0
0.0,148.0,-1175.0
132.0,44.0,-1011.0
62.0,-72.0,-946.0
76.0,5.0,-866.0
17.0,81.0,-913.0
-52.0,-9.0,-999.0
-11.0,50.0,-1077.0
-5.0,33.0,-1054.0
121.0,44.0,-1200.0
-33.0,15.0,-1009.0
27.0,-60.0,-929.0
-39.0,70.0,-796.0
-60.0,-111.0,-1057.0
-76.0,191.0,-936.0
-54.0,-5.0,-1114.0
-56.0,226.0,-1052.0
150.0,-119.0,-1260.0
-62.0,68.0,-995.0
-76.0,-52.0,-890.0
-21.0,5.0,-862.0
-68.0,105.0,-1112.0
89.0,13.0,-987.0
-236.0,15.0,-1018.0
-9.0,158.0,-880.0
220.0,130.0,-1376.0
11.0,81.0,-1122.0
13.0,-175.0,-868.0
-93.0,1.0,-798.0
113.0,39.0,-1048.0
-72.0,81.0,-1013.0
-81.0,33.0,-983.0
74.0,-107.0,-1075.0
119.0,259.0,-1218.0
-5.0,-27.0,-1192.0
-83.0,85.0,-907.0
-17.0,0.0,-739.0
109.0,156.0,-952.0
111.0,42.0,-1175.0
-134.0,-72.0,-1034.0
115.0,11.0,-991.0
-48.0,177.0,-1081.0
0.0,40.0,-1280.0
-193.0,31.0,-892.0
56.0,-52.0,-815.0
134.0,85.0,-968.0
-39.0,-40.0,-1071.0
-64.0,17.0,-935.0
-3.0,74.0,-1015.0
1.0,199.0,-1192.0
-23.0,101.0,-1223.0
-122.0,-37.0,-884.0
-9.0,-60.0,-804.0
23.0,21.0,-1022.0
-119.0,-3.0,-1091.0
68.0,-48.0,-831.0
0.0,113.0,-1016.0
33.0,111.0,-1341.0
-56.0,160.0,-1151.0
87.0,-33.0,-942.0
-58.0,87.0,-851.0
76.0,9.0,-1022.0
39.0,23.0,-960.0
70.0,-113.0,-917.0
-130.0,201.0,-940.0
50.0,25.0,-1313.0
-21.0,142.0,-1149.0
101.0,-247.0,-968.0
-144.0,74.0,-737.0
128.0,-13.0,-1063.0
179.0,-46.0,-997.0
-146.0,124.0,-977.0
-46.0,150.0,-919.0
-68.0,208.0,-1358.0
218.0,150.0,-1225.0
60.0,-365.0,-894.0
-144.0,97.0,-751.0
-37.0,80.0,-968.0
325.0,-13.0,-1196.0
-107.0,-78.0,-935.0
-134.0,-13.0,-862.0
-144.0,351.0,-1061.0
441.0,76.0,-1348.0
-80.0,-191.0,-1015.0
-374.0,-11.0,-642.0
218.0,286.0,-772.0
363.0,-44.0,-1341.0
-208.0,-244.0,-1095.0
-245.0,-39.0,-655.0
-21.0,333.0,-1016.0
329.0,201.0,-1631.0
-66.0,-253.0,-1057.0
-140.0,-169.0,-515.0
-3.0,230.0,-747.0
201.0,284.0,-1583.0
-42.0,-259.0,-1136.0
-179.0,27.0,-507.0
-134.0,238.0,-993.0
450.0,347.0,-1510.0
-7.0,-306.0,-1179.0
-154.0,-179.0,-569.0
-193.0,-5.0,-886.0
224.0,548.0,-1481.0
-128.0,-382.0,-1007.0
-240.0,-271.0,-437.0
-236.0,179.0,-1079.0
499.0,819.0,-1409.0
327.0,-462.0,-1409.0
-583.0,-95.0,-542.0
-189.0,-35.0,-714.0
370.0,689.0,-1487.0
-39.0,-392.0,-1057.0
-277.0,-242.0,-466.0
-203.0,95.0,-913.0
802.0,692.0,-1590.0
-187.0,-304.0,-1448.0
-411.0,-89.0,-527.0
-78.0,44.0,-632.0
396.0,634.0,-1448.0
-265.0,-95.0,-1083.0
56.0,-745.0,-534.0
-284.0,185.0,-872.0
470.0,800.0,-1436.0
-267.0,40.0,-1610.0
-136.0,-499.0,-511.0
-50.0,60.0,-757.0
242.0,380.0,-1323.0
-150.0,-54.0,-1171.0
156.0,-646.0,-599.0
-324.0,476.0,-691.0
368.0,275.0,-1799.0
-406.0,292.0,-1380.0
251.0,-489.0,-650.0
-357.0,327.0,-669.0
105.0,97.0,-1313.0
78.0,-91.0,-946.0
197.0,-517.0,-810.0
-452.0,445.0,-702.0
42.0,185.0,-1641.0
-33.0,427.0,-1149.0
464.0,-694.0,-856.0
-392.0,437.0,-679.0
132.0,39.0,-1075.0
245.0,128.0,-1028.0
130.0,-550.0,-931.0
-482.0,218.0,-831.0
-29.0,384.0,-1276.0
396.0,134.0,-1290.0
162.0,-431.0,-964.0
-259.0,70.0,-774.0
-15.0,271.0,-892.0
261.0,185.0,-1059.0
-78.0,-482.0,-1038.0
-277.0,64.0,-938.0
11.0,357.0,-1079.0
437.0,339.0,-1266.0
128.0,-407.0,-1032.0
-345.0,-150.0,-823.0
-167.0,238.0,-765.0
501.0,203.0,-1065.0
-80.0,-160.0,-1220.0
-244.0,-150.0,-993.0
-93.0,249.0,-776.0
359.0,374.0,-1292.0
234.0,-242.0,-1307.0
-472.0,-259.0,-761.0
23.0,208.0,-607.0
199.0,269.0,-1171.0
29.0,-162.0,-1264.0
-228.0,-300.0,-864.0
-37.0,308.0,-757.0
365.0,318.0,-1339.0
46.0,-107.0,-1426.0
-331.0,-261.0,-661.0
23.0,152.0,-599.0
29.0,429.0,-1165.0
62.0,-251.0,-1300.0
-171.0,-95.0,-909.0
122.0,115.0,-806.0
142.0,357.0,-1301.0
-224.0,44.0,-1311.0
89.0,-355.0,-759.0
89.0,-11.0,-745.0
-33.0,259.0,-1116.0
-279.0,109.0,-1026.0
339.0,-167.0,-929.0
-191.0,17.0,-1173.0
-3.0,300.0,-1231.0
-259.0,142.0,-956.0
327.0,-372.0,-1013.0
-466.0,9.0,-894.0
140.0,97.0,-927.0
-122.0,238.0,-938.0
-101.0,-101.0,-1145.0
35.0,-1.0,-1243.0
193.0,283.0,-915.0
5.0,-29.0,-1059.0
-136.0,-91.0,-966.0
286.0,39.0,-897.0
-56.0,152.0,-817.0
-183.0,72.0,-1104.0
165.0,-158.0,-1063.0
230.0,101.0,-1175.0
-255.0,169.0,-968.0
11.0,62.0,-1079.0
302.0,-136.0,-972.0
150.0,-19.0,-958.0
-197.0,105.0,-739.0
-74.0,99.0,-974.0
119.0,-31.0,-1136.0
64.0,-50.0,-1294.0
-158.0,167.0,-915.0
111.0,101.0,-989.0
204.0,-5.0,-1048.0
111.0,-181.0,-997.0
-368.0,-64.0,-810.0
-95.0,247.0,-888.0
374.0,0.0,-1216.0
-160.0,144.0,-1337.0
-228.0,-7.0,-851.0
177.0,76.0,-870.0
144.0,142.0,-1151.0
-60.0,-236.0,-1169.0
-208.0,48.0,-679.0
-21.0,105.0,-774.0
156.0,121.0,-1249.0
-115.0,42.0,-1329.0
-78.0,-7.0,-864.0
39.0,105.0,-812.0
197.0,105.0,-1282.0
-76.0,-105.0,-1081.0
-167.0,37.0,-657.0
-1.0,95.0,-749.0
290.0,185.0,-1296.0
-40.0,-44.0,-1313.0
-279.0,-21.0,-845.0
234.0,101.0,-790.0
33.0,15.0,-1358.0
40.0,37.0,-1206.0
31.0,-325.0,-610.0
-13.0,201.0,-761.0
58.0,222.0,-1309.0
154.0,-66.0,-1165.0
-140.0,134.0,-936.0
-87.0,87.0,-817.0
72.0,255.0,-1300.0
126.0,-226.0,-1188.0
-148.0,-150.0,-718.0
-76.0,189.0,-560.0
162.0,117.0,-1255.0
27.0,11.0,-1253.0
-185.0,-3.0,-948.0
-64.0,60.0,-892.0
210.0,279.0,-1311.0
105.0,-117.0,-1145.0
-220.0,-70.0,-726.0
-140.0,58.0,-648.0
415.0,236.0,-1251.0
-1.0,-187.0,-1290.0
-210.0,60.0,-841.0
74.0,-128.0,-784.0
273.0,238.0,-1434.0
-259.0,-107.0,-1210.0
117.0,-193.0,-706.0
-124.0,398.0,-550.0
226.0,15.0,-1333.0
-242.0,-52.0,-1286.0
52.0,-13.0,-827.0
167.0,216.0,-921.0
-44.0,245.0,-1333.0
-117.0,-288.0,-1311.0
87.0,-130.0,-419.0
193.0,226.0,-718.0
-80.0,253.0,-1212.0
-9.0,-163.0,-1368.0
-21.0,-171.0,-651.0
222.0,300.0,-993.0
-294.0,327.0,-1245.0
99.0,-158.0,-1284.0
-29.0,-156.0,-562.0
294.0,142.0,-884.0
-292.0,163.0,-1202.0
-35.0,-146.0,-1210.0
154.0,-228.0,-786.0
-33.0,216.0,-1024.0
-169.0,353.0,-1383.0
23.0,-185.0,-1061.0
101.0,-160.0,-650.0
-81.0,199.0,-853.0
-298.0,197.0,-1239.0
201.0,-25.0,-1056.0
117.0,-226.0,-911.0
0.0,284.0,-1052.0
-208.0,91.0,-1286.0
179.0,-203.0,-1052.0
-37.0,-189.0,-772.0
-203.0,329.0,-815.0
-50.0,208.0,-1118.0
341.0,-208.0,-1044.0
-29.0,-173.0,-1056.0
-105.0,333.0,-972.0
-173.0,265.0,-1100.0
183.0,-236.0,-1153.0
-156.0,-132.0,-866.0
107.0,167.0,-829.0
-257.0,353.0,-936.0
435.0,-310.0,-1216.0
-130.0,-140.0,-1042.0
11.0,247.0,-1054.0
-273.0,407.0,-899.0
339.0,-183.0,-1208.0
-81.0,-44.0,-870.0
298.0,99.0,-936.0
-478.0,273.0,-759.0
417.0,-222.0,-1167.0
-132.0,70.0,-1048.0
142.0,70.0,-1192.0
-573.0,493.0,-733.0
612.0,-325.0,-1237.0
-269.0,-25.0,-1020.0
117.0,89.0,-1018.0
-329.0,327.0,-622.0
474.0,-273.0,-1208.0
-312.0,29.0,-1184.0
-7.0,117.0,-1108.0
-144.0,302.0,-886.0
226.0,-56.0,-1161.0
-56.0,-456.0,-1214.0
-150.0,212.0,-774.0
-3.0,142.0,-714.0
263.0,199.0,-1145.0
-19.0,-447.0,-1444.0
-273.0,331.0,-894.0
70.0,175.0,-886.0
160.0,156.0,-1180.0
0.0,-489.0,-1307.0
-158.0,150.0,-638.0
160.0,162.0,-743.0
109.0,203.0,-1186.0
31.0,-368.0,-1479.0
-152.0,175.0,-720.0
56.0,146.0,-829.0
271.0,163.0,-1188.0
-165.0,-361.0,-1352.0
39.0,83.0,-566.0
-48.0,117.0,-634.0
214.0,286.0,-1229.0
-27.0,-445.0,-1456.0
-97.0,236.0,-772.0
-40.0,199.0,-776.0
302.0,56.0,-1337.0
-212.0,-281.0,-1124.0
249.0,111.0,-568.0
-251.0,42.0,-772.0
130.0,290.0,-1260.0
-80.0,-255.0,-1356.0
-37.0,169.0,-856.0
-257.0,-128.0,-903.0
23.0,382.0,-1097.0
279.0,-245.0,-1282.0
107.0,33.0,-769.0
-183.0,52.0,-661.0
122.0,150.0,-1095.0
167.0,99.0,-1315.0
80.0,-54.0,-974.0
-404.0,-23.0,-798.0
173.0,230.0,-1063.0
245.0,-83.0,-1257.0
-109.0,-66.0,-837.0
-290.0,-31.0,-634.0
236.0,204.0,-1009.0
179.0,165.0,-1380.0
-11.0,-230.0,-1194.0
-359.0,187.0,-751.0
324.0,40.0,-991.0
193.0,181.0,-1309.0
-21.0,-275.0,-968.0
-255.0,177.0,-597.0
150.0,70.0,-1018.0
140.0,201.0,-1321.0
167.0,-206.0,-1130.0
-359.0,66.0,-749.0
247.0,-35.0,-944.0
78.0,247.0,-1327.0
13.0,-111.0,-1061.0
-304.0,-29.0,-556.0
134.0,222.0,-817.0
236.0,68.0,-1428.0
-103.0,7.0,-1165.0
-470.0,-74.0,-771.0
322.0,140.0,-931.0
85.0,97.0,-1395.0
-74.0,-162.0,-1040.0
-288.0,-37.0,-515.0
171.0,103.0,-929.0
60.0,181.0,-1493.0
-66.0,-70.0,-1180.0
-316.0,40.0,-694.0
398.0,56.0,-929.0
-138.0,197.0,-1467.0
167.0,-167.0,-1044.0
-132.0,27.0,-501.0
136.0,197.0,-892.0
-40.0,111.0,-1415.0
177.0,-85.0,-1165.0
-222.0,-42.0,-683.0
265.0,288.0,-954.0
-21.0,138.0,-1366.0
158.0,-230.0,-1018.0
-277.0,-15.0,-532.0
140.0,70.0,-880.0
-72.0,259.0,-1341.0
220.0,-126.0,-1292.0
-257.0,-60.0,-882.0
78.0,25.0,-907.0
-130.0,234.0,-1249.0
165.0,-175.0,-1034.0
-218.0,-33.0,-722.0
15.0,95.0,-841.0
-70.0,179.0,-1417.0
81.0,-117.0,-1169.0
-193.0,97.0,-706.0
126.0,171.0,-974.0
-66.0,39.0,-1292.0
181.0,-162.0,-1098.0
-195.0,37.0,-747.0
0.0,119.0,-931.0
-85.0,111.0,-1206.0
234.0,-138.0,-1161.0
-72.0,132.0,-853.0
-66.0,46.0,-960.0
-5.0,122.0,-1253.0
199.0,-107.0,-1112.0
-107.0,48.0,-751.0
-132.0,122.0,-774.0
105.0,-17.0,-1165.0
183.0,-152.0,-1202.0
-44.0,48.0,-835.0
-201.0,78.0,-933.0
64.0,99.0,-1171.0
212.0,-56.0,-1182.0
-187.0,-44.0,-987.0
-48.0,50.0,-706.0
95.0,206.0,-1003.0
146.0,121.0,-1280.0
-93.0,-58.0,-966.0
-312.0,19.0,-897.0
163.0,124.0,-1186.0
25.0,-13.0,-1223.0
-66.0,-21.0,-819.0
-206.0,-52.0,-605.0
-33.0,242.0,-1108.0
154.0,-13.0,-1315.0
87.0,13.0,-1003.0
-314.0,95.0,-894.0
208.0,72.0,-977.0
230.0,-21.0,-1264.0
-122.0,15.0,-964.0
-267.0,-56.0,-691.0
46.0,204.0,-995.0
160.0,-27.0,-1319.0
-15.0,-101.0,-1104.0
-341.0,31.0,-761.0
290.0,171.0,-1024.0
132.0,19.0,-1423.0
-119.0,-134.0,-972.0
-156.0,126.0,-579.0
121.0,203.0,-979.0
179.0,25.0,-1382.0
-40.0,-80.0,-1095.0
-288.0,-31.0,-815.0
249.0,228.0,-964.0
66.0,50.0,-1409.0
74.0,-158.0,-839.0
-226.0,-40.0,-566.0
89.0,339.0,-938.0
255.0,40.0,-1413.0
33.0,-80.0,-1089.0
-290.0,-93.0,-800.0
105.0,312.0,-1024.0
-76.0,74.0,-1372.0
72.0,-327.0,-983.0
-216.0,136.0,-597.0
115.0,263.0,-995.0
50.0,150.0,-1274.0
60.0,-382.0,-1266.0
-488.0,97.0,-776.0
144.0,437.0,-1011.0
-23.0,-138.0,-1296.0
64.0,-245.0,-954.0
-247.0,74.0,-589.0
-21.0,610.0,-927.0
103.0,-189.0,-1403.0
-64.0,-283.0,-1190.0
-78.0,121.0,-905.0
74.0,562.0,-835.0
-52.0,-212.0,-1342.0
1.0,-244.0,-1005.0
-48.0,152.0,-769.0
35.0,306.0,-821.0
21.0,-27.0,-1208.0
68.0,-220.0,-1196.0
-101.0,56.0,-860.0
5.0,197.0,-880.0
140.0,64.0,-1165.0
210.0,-343.0,-1218.0
-281.0,162.0,-692.0
91.0,204.0,-679.0
294.0,148.0,-1016.0
89.0,-238.0,-1512.0
-138.0,54.0,-786.0
81.0,97.0,-843.0
263.0,210.0,-1147.0
27.0,-339.0,-1237.0
-269.0,72.0,-599.0
146.0,169.0,-732.0
203.0,318.0,-1223.0
128.0,-203.0,-1424.0
-204.0,5.0,-790.0
212.0,50.0,-753.0
171.0,335.0,-1163.0
-56.0,-259.0,-1284.0
-201.0,-177.0,-675.0
271.0,271.0,-624.0
191.0,273.0,-1255.0
-265.0,-247.0,-1323.0
-64.0,-197.0,-708.0
214.0,140.0,-829.0
122.0,503.0,-1337.0
-210.0,-441.0,-1196.0
-78.0,-48.0,-595.0
193.0,402.0,-772.0
212.0,160.0,-1329.0
-267.0,-236.0,-1216.0
185.0,-302.0,-827.0
-7.0,216.0,-854.0
173.0,415.0,-1376.0
-204.0,-327.0,-1169.0
70.0,-177.0,-593.0
122.0,333.0,-710.0
337.0,288.0,-1249.0
-288.0,-48.0,-1239.0
283.0,-382.0,-716.0
-29.0,179.0,-905.0
232.0,527.0,-1456.0
-286.0,-312.0,-1233.0
19.0,-374.0,-402.0
169.0,214.0,-813.0
-99.0,530.0,-1438.0
-117.0,-33.0,-1206.0
261.0,-589.0,-771.0
132.0,382.0,-909.0
-269.0,456.0,-1415.0
-40.0,-19.0,-1143.0
-54.0,-536.0,-423.0
201.0,101.0,-1018.0
-480.0,616.0,-1348.0
204.0,-81.0,-1212.0
66.0,-571.0,-716.0
0.0,304.0,-1011.0
-345.0,523.0,-1298.0
249.0,-144.0,-1196.0
-42.0,-288.0,-507.0
111.0,130.0,-1059.0
-515.0,614.0,-1243.0
257.0,-206.0,-1260.0
23.0,-325.0,-767.0
-189.0,281.0,-1061.0
-126.0,400.0,-1333.0
-78.0,-232.0,-1022.0
177.0,-484.0,-677.0
-78.0,298.0,-1056.0
-251.0,488.0,-1262.0
242.0,-288.0,-1065.0
-119.0,-130.0,-866.0
-76.0,259.0,-1157.0
-169.0,472.0,-1153.0
1.0,-267.0,-1015.0
87.0,-359.0,-808.0
35.0,206.0,-1079.0
-76.0,91.0,-976.0
136.0,-142.0,-987.0
-218.0,210.0,-1175.0
-193.0,267.0,-1054.0
206.0,-42.0,-970.0
195.0,-316.0,-952.0
-189.0,214.0,-1108.0
-355.0,329.0,-825.0
228.0,-113.0,-1044.0
117.0,-162.0,-1221.0
-191.0,249.0,-1102.0
-156.0,189.0,-872.0
81.0,-117.0,-979.0
201.0,-257.0,-1007.0
-216.0,320.0,-1104.0
-288.0,173.0,-829.0
271.0,-163.0,-1075.0
136.0,-13.0,-1218.0
-177.0,265.0,-1095.0
-93.0,169.0,-778.0
271.0,-316.0,-921.0
162.0,-220.0,-1372.0
-316.0,370.0,-1022.0
-247.0,245.0,-708.0
261.0,-126.0,-1005.0
7.0,-216.0,-1411.0
-78.0,195.0,-1003.0
68.0,296.0,-716.0
351.0,-95.0,-976.0
-39.0,-265.0,-1385.0
-478.0,167.0,-956.0
62.0,206.0,-566.0
296.0,31.0,-1022.0
29.0,-175.0,-1467.0
-9.0,212.0,-901.0
95.0,-97.0,-714.0
109.0,113.0,-1073.0
-247.0,-64.0,-1325.0
-85.0,130.0,-946.0
-11.0,107.0,-540.0
210.0,21.0,-1075.0
15.0,-19.0,-1341.0
347.0,78.0,-964.0
-240.0,27.0,-757.0
126.0,-81.0,-1149.0
-142.0,-85.0,-1227.0
121.0,64.0,-870.0
-228.0,185.0,-589.0
460.0,7.0,-993.0
76.0,-85.0,-1305.0
179.0,46.0,-1093.0
-212.0,39.0,-694.0
171.0,74.0,-1005.0
7.0,87.0,-1288.0
48.0,-152.0,-940.0
-175.0,222.0,-685.0
378.0,44.0,-1042.0
138.0,152.0,-1255.0
121.0,-136.0,-1093.0
-296.0,-54.0,-745.0
236.0,70.0,-1005.0
150.0,7.0,-1335.0
-255.0,44.0,-962.0
-288.0,-25.0,-653.0
325.0,230.0,-884.0
113.0,-29.0,-1309.0
-203.0,-130.0,-1214.0
-372.0,-138.0,-741.0
335.0,331.0,-1153.0
-199.0,169.0,-1210.0
-128.0,-345.0,-1054.0
-343.0,81.0,-577.0
435.0,245.0,-1118.0
-163.0,214.0,-1190.0
1.0,-318.0,-1243.0
-456.0,101.0,-634.0
550.0,201.0,-1225.0
-335.0,169.0,-1192.0
9.0,-337.0,-1034.0
-325.0,44.0,-624.0
437.0,482.0,-1061.0
97.0,-105.0,-1214.0
-298.0,-187.0,-1173.0
-187.0,-21.0,-769.0
302.0,466.0,-1179.0
21.0,-7.0,-1362.0
-267.0,-286.0,-839.0
78.0,-72.0,-622.0
103.0,749.0,-948.0
64.0,-322.0,-1436.0
-394.0,-50.0,-907.0
171.0,-376.0,-954.0
122.0,716.0,-1040.0
-173.0,-142.0,-1395.0
-191.0,-158.0,-771.0
165.0,-183.0,-802.0
117.0,577.0,-993.0
23.0,-126.0,-1430.0
-220.0,0.0,-825.0
177.0,-265.0,-981.0
5.0,536.0,-964.0
-1.0,-50.0,-1335.0
-175.0,-271.0,-821.0
29.0,-17.0,-772.0
85.0,345.0,-958.0
-105.0,175.0,-1319.0
-39.0,-144.0,-780.0
-58.0,-81.0,-993.0
169.0,433.0,-1136.0
-245.0,66.0,-1239.0
-13.0,-286.0,-862.0
87.0,1.0,-726.0
134.0,324.0,-1016.0
-175.0,193.0,-1266.0
171.0,-366.0,-888.0
-40.0,42.0,-878.0
185.0,193.0,-1126.0
-195.0,197.0,-1052.0
310.0,-491.0,-1100.0
-210.0,257.0,-706.0
234.0,220.0,-964.0
-199.0,325.0,-1141.0
257.0,-431.0,-1138.0
-42.0,103.0,-761.0
220.0,95.0,-1264.0
-312.0,388.0,-915.0
411.0,-626.0,-1161.0
-349.0,245.0,-685.0
208.0,109.0,-1034.0
-329.0,407.0,-905.0
359.0,-482.0,-1212.0
-203.0,122.0,-895.0
-80.0,-52.0,-1177.0
-316.0,493.0,-806.0
230.0,-304.0,-1102.0
-493.0,29.0,-829.0
-13.0,-97.0,-1044.0
-382.0,271.0,-911.0
101.0,-93.0,-1186.0
-310.0,9.0,-899.0
-390.0,-162.0,-1118.0
-310.0,177.0,-894.0
-23.0,44.0,-1118.0
-441.0,1.0,-960.0
-368.0,-158.0,-985.0
-460.0,277.0,-849.0
-7.0,101.0,-1202.0
-495.0,-111.0,-1087.0
-486.0,-169.0,-1057.0
-206.0,421.0,-968.0
-99.0,3.0,-1108.0
-593.0,-251.0,-890.0
-230.0,-113.0,-938.0
-456.0,528.0,-915.0
132.0,-15.0,-1179.0
-544.0,-210.0,-1028.0
-577.0,-214.0,-1016.0
-132.0,484.0,-878.0
-294.0,76.0,-1212.0
-361.0,-163.0,-1038.0
-581.0,-214.0,-823.0
-138.0,456.0,-843.0
-21.0,15.0,-1216.0
-357.0,-99.0,-1067.0
-667.0,-255.0,-944.0
-124.0,470.0,-956.0
-349.0,148.0,-1218.0
-394.0,-269.0,-1016.0
-626.0,-60.0,-817.0
35.0,244.0,-915.0
-341.0,222.0,-1223.0
-261.0,-173.0,-1149.0
-519.0,-251.0,-856.0
56.0,286.0,-870.0
-156.0,325.0,-1247.0
31.0,-224.0,-1220.0
-532.0,-48.0,-722.0
52.0,83.0,-925.0
-191.0,382.0,-1245.0
50.0,-181.0,-1239.0
-593.0,-117.0,-724.0
230.0,175.0,-983.0
-158.0,290.0,-1313.0
105.0,-162.0,-1239.0
-253.0,-146.0,-581.0
169.0,191.0,-872.0
148.0,146.0,-1139.0
406.0,-101.0,-1169.0
0.0,-99.0,-683.0
484.0,236.0,-1026.0
115.0,222.0,-1303.0
538.0,-60.0,-1190.0
-160.0,-140.0,-716.0
366.0,103.0,-895.0
101.0,201.0,-1229.0
458.0,-74.0,-1200.0
-257.0,-68.0,-757.0
261.0,169.0,-979.0
-31.0,160.0,-1255.0
183.0,-25.0,-1210.0
-257.0,-117.0,-581.0
50.0,218.0,-788.0
-44.0,154.0,-1149.0
107.0,-146.0,-1216.0
-302.0,-144.0,-790.0
-56.0,175.0,-936.0
-89.0,197.0,-1366.0
33.0,-101.0,-1255.0
-318.0,-111.0,-673.0
-169.0,169.0,-735.0
-40.0,206.0,-1253.0
37.0,-101.0,-1204.0
-327.0,-144.0,-769.0
-142.0,136.0,-966.0
-60.0,222.0,-1335.0
39.0,-31.0,-1243.0
-212.0,-144.0,-782.0
-97.0,89.0,-780.0
52.0,99.0,-1188.0
15.0,-85.0,-1159.0
-109.0,-103.0,-864.0
-154.0,158.0,-1015.0
35.0,232.0,-1307.0
-15.0,-33.0,-1165.0
-156.0,-78.0,-714.0
-111.0,56.0,-702.0
111.0,101.0,-1112.0
0.0,-111.0,-1067.0
-56.0,-95.0,-882.0
-218.0,154.0,-1013.0
95.0,222.0,-1300.0
-17.0,9.0,-1206.0
-35.0,-80.0,-825.0
-160.0,132.0,-759.0
165.0,101.0,-1126.0
-3.0,-121.0,-1122.0
1.0,-113.0,-917.0
-333.0,204.0,-958.0
193.0,144.0,-1247.0
-54.0,-25.0,-1206.0
78.0,-99.0,-858.0
-242.0,81.0,-712.0
113.0,162.0,-952.0
109.0,-109.0,-1206.0
33.0,-113.0,-977.0
-261.0,121.0,-987.0
201.0,271.0,-1196.0
78.0,9.0,-1251.0
140.0,-132.0,-851.0
-226.0,37.0,-689.0
167.0,212.0,-966.0
91.0,-74.0,-1239.0
91.0,-150.0,-976.0
-337.0,31.0,-921.0
203.0,322.0,-1075.0
80.0,64.0,-1292.0
216.0,-154.0,-948.0
-220.0,42.0,-702.0
201.0,119.0,-958.0
146.0,-39.0,-1216.0
144.0,-142.0,-1065.0
-423.0,107.0,-921.0
249.0,242.0,-1126.0
-29.0,107.0,-1292.0
197.0,-138.0,-931.0
-413.0,3.0,-651.0
181.0,126.0,-884.0
21.0,-13.0,-1241.0
56.0,-121.0,-1130.0
-515.0,95.0,-905.0
214.0,193.0,-1087.0
-62.0,169.0,-1272.0
183.0,-148.0,-1022.0
-355.0,-1.0,-702.0
165.0,52.0,-905.0
-40.0,21.0,-1180.0
113.0,-107.0,-1097.0
-521.0,83.0,-839.0
253.0,201.0,-1048.0
-7.0,144.0,-1317.0
177.0,-95.0,-1079.0
-368.0,-1.0,-609.0
203.0,136.0,-845.0
-44.0,81.0,-1192.0
138.0,-136.0,-1206.0
-474.0,35.0,-899.0
203.0,175.0,-1038.0
0.0,222.0,-1290.0
191.0,-220.0,-1057.0
-396.0,64.0,-591.0
220.0,91.0,-843.0
-40.0,128.0,-1264.0
124.0,-121.0,-1182.0
-447.0,-33.0,-812.0
187.0,265.0,-950.0
95.0,128.0,-1319.0
189.0,-175.0,-1110.0
-314.0,-7.0,-630.0
204.0,93.0,-886.0
-33.0,210.0,-1253.0
150.0,-160.0,-1257.0
-429.0,3.0,-827.0
275.0,187.0,-938.0
33.0,230.0,-1286.0
156.0,-146.0,-1075.0
-302.0,-119.0,-589.0
154.0,124.0,-837.0
-11.0,238.0,-1294.0
162.0,-195.0,-1282.0
-345.0,-54.0,-792.0
228.0,152.0,-884.0
58.0,238.0,-1216.0
185.0,-95.0,-1173.0
-218.0,-160.0,-673.0
89.0,167.0,-854.0
-5.0,242.0,-1313.0
158.0,-124.0,-1231.0
-337.0,-76.0,-726.0
199.0,109.0,-878.0
-37.0,316.0,-1290.0
238.0,-181.0,-1231.0
-298.0,-111.0,-648.0
93.0,195.0,-806.0
15.0,212.0,-1292.0
124.0,-99.0,-1218.0
-238.0,-163.0,-806.0
107.0,165.0,-888.0
33.0,296.0,-1268.0
167.0,-177.0,-1180.0
-245.0,-158.0,-653.0
40.0,189.0,-790.0
31.0,253.0,-1278.0
122.0,-160.0,-1216.0
-238.0,-136.0,-782.0
56.0,189.0,-897.0
27.0,273.0,-1255.0
142.0,-173.0,-1208.0
-224.0,-99.0,-735.0
35.0,177.0,-788.0
37.0,247.0,-1253.0
74.0,-158.0,-1223.0
-144.0,-185.0,-813.0
-21.0,171.0,-901.0
33.0,290.0,-1245.0
85.0,-165.0,-1157.0
-136.0,-134.0,-694.0
-31.0,222.0,-749.0
72.0,259.0,-1255.0
87.0,-136.0,-1241.0
-97.0,-160.0,-853.0
-72.0,136.0,-882.0
58.0,306.0,-1202.0
68.0,-152.0,-1184.0
-78.0,-136.0,-790.0
-81.0,203.0,-825.0
89.0,218.0,-1251.0
66.0,-146.0,-1179.0
-66.0,-173.0,-837.0
-167.0,181.0,-868.0
165.0,261.0,-1225.0
83.0,-162.0,-1233.0
-29.0,-115.0,-786.0
-93.0,162.0,-730.0
78.0,224.0,-1151.0
93.0,-144.0,-1235.0
-33.0,-201.0,-894.0
-263.0,226.0,-888.0
160.0,238.0,-1192.0
33.0,-117.0,-1188.0
-46.0,-105.0,-813.0
-163.0,105.0,-778.0
40.0,238.0,-1145.0
52.0,-95.0,-1270.0
-11.0,-163.0,-938.0
-314.0,107.0,-899.0
162.0,199.0,-1114.0
21.0,-60.0,-1202.0
-429.0,-144.0,-952.0
-366.0,111.0,-591.0
-283.0,160.0,-1081.0
-52.0,-68.0,-1233.0
-1009.0,-27.0,-1126.0
-1157.0,46.0,-892.0
-788.0,109.0,-979.0
-1091.0,66.0,-1315.0
-1139.0,-136.0,-800.0
-1651.0,216.0,-616.0
-968.0,126.0,-895.0
-1397.0,-146.0,-1479.0
-1268.0,-3.0,-1003.0
-1940.0,35.0,-808.0
-1192.0,152.0,-987.0
-1401.0,-271.0,-1417.0
-1282.0,101.0,-976.0
-1756.0,261.0,-743.0
-1030.0,29.0,-1179.0
-1138.0,-255.0,-1354.0
-1120.0,124.0,-1087.0
-1571.0,255.0,-868.0
-874.0,-144.0,-1188.0
-1067.0,-197.0,-1182.0
-1169.0,134.0,-886.0
-1112.0,421.0,-733.0
-653.0,-160.0,-1216.0
-983.0,-271.0,-1138.0
-931.0,76.0,-1016.0
-1139.0,488.0,-958.0
-624.0,-58.0,-1180.0
-1040.0,-462.0,-1063.0
-964.0,232.0,-694.0
-1052.0,411.0,-765.0
-819.0,52.0,-1081.0
-1124.0,-499.0,-1223.0
-964.0,74.0,-915.0
-1596.0,327.0,-812.0
-1050.0,103.0,-999.0
-1315.0,-476.0,-1192.0
-1165.0,0.0,-933.0
-1782.0,404.0,-671.0
-1233.0,261.0,-1011.0
-1182.0,-169.0,-1401.0
-1196.0,-162.0,-1138.0
-1682.0,234.0,-774.0
-1229.0,126.0,-1003.0
-1214.0,-251.0,-1307.0
-1286.0,-9.0,-1040.0
-1696.0,37.0,-669.0
-1145.0,445.0,-1013.0
-1036.0,-240.0,-1534.0
-1311.0,19.0,-1280.0
-1559.0,-64.0,-743.0
-966.0,167.0,-1083.0
-1005.0,130.0,-1276.0
-966.0,-163.0,-964.0
-1424.0,-27.0,-515.0
-1034.0,33.0,-985.0
-1190.0,-64.0,-1354.0
-1093.0,83.0,-1147.0
-1407.0,85.0,-884.0
-1106.0,103.0,-1095.0
-1208.0,7.0,-1208.0
-1225.0,-52.0,-776.0
-1704.0,-72.0,-601.0
-1309.0,-23.0,-942.0
-1278.0,-173.0,-1321.0
-1233.0,216.0,-1315.0
-1690.0,119.0,-999.0
-1438.0,148.0,-1032.0
-1274.0,-220.0,-1057.0
-1411.0,-5.0,-839.0
-1659.0,-17.0,-562.0
-1473.0,187.0,-1018.0
-1206.0,-183.0,-1473.0
-1501.0,296.0,-1419.0
-1862.0,37.0,-927.0
-1602.0,171.0,-917.0
-1192.0,-411.0,-1110.0
-1495.0,-122.0,-993.0
-1864.0,89.0,-585.0
-1311.0,263.0,-894.0
-1139.0,138.0,-1467.0
-1247.0,58.0,-1337.0
-1586.0,56.0,-755.0
-1182.0,-144.0,-940.0
-1057.0,-150.0,-1223.0
-1403.0,197.0,-927.0
-1700.0,80.0,-538.0
-1391.0,21.0,-962.0
-1225.0,-115.0,-1532.0
-1286.0,89.0,-1321.0
-1627.0,-87.0,-679.0
-1186.0,390.0,-821.0
-839.0,-91.0,-1262.0
-1421.0,-162.0,-843.0
-1667.0,-89.0,-622.0
-1423.0,193.0,-749.0
-1044.0,212.0,-1464.0
-1385.0,-7.0,-1602.0
-1370.0,-203.0,-802.0
-1545.0,347.0,-794.0
-677.0,-39.0,-1462.0
-1616.0,-121.0,-960.0
-1545.0,-413.0,-577.0
-1567.0,181.0,-876.0
-1098.0,-35.0,-1428.0
-1602.0,423.0,-1122.0
-1331.0,126.0,-1116.0
-1292.0,-19.0,-962.0
-1276.0,-134.0,-1180.0
-1528.0,226.0,-847.0
-1097.0,-517.0,-790.0
-1506.0,-140.0,-755.0
-1126.0,-29.0,-1253.0
-1333.0,548.0,-1122.0
-1352.0,60.0,-1237.0
-1423.0,-220.0,-1061.0
-1214.0,7.0,-1165.0
-1163.0,160.0,-745.0
-1522.0,183.0,-712.0
-1362.0,-95.0,-843.0
-1508.0,-130.0,-1026.0
-1368.0,318.0,-1231.0
-1604.0,0.0,-1251.0
-1268.0,-101.0,-1069.0
-1354.0,-283.0,-1091.0
-1795.0,560.0,-825.0
-1296.0,-335.0,-712.0
-1376.0,111.0,-903.0
-1200.0,-1.0,-962.0
-1464.0,353.0,-1098.0
-1122.0,257.0,-1194.0
-1325.0,-7.0,-1315.0
-1331.0,-222.0,-892.0
-1438.0,-169.0,-886.0
-1290.0,318.0,-720.0
-1300.0,-329.0,-909.0
-1235.0,-216.0,-1190.0
-1208.0,87.0,-1286.0
-812.0,406.0,-1218.0
-1110.0,370.0,-1180.0
-753.0,-499.0,-907.0
-1042.0,-175.0,-827.0
-712.0,-156.0,-472.0
-1278.0,165.0,-1005.0
-735.0,-23.0,-1032.0
-1190.0,148.0,-1471.0
-651.0,101.0,-1042.0
-870.0,-146.0,-1067.0
-558.0,-162.0,-1122.0
-689.0,279.0,-765.0
-671.0,-111.0,-523.0
-482.0,31.0,-966.0
-386.0,288.0,-1147.0
-232.0,19.0,-1083.0
-521.0,292.0,-1141.0
-236.0,-314.0,-1417.0
-370.0,281.0,-798.0
-308.0,-21.0,-728.0
-70.0,-109.0,-829.0
-113.0,181.0,-940.0
-253.0,-489.0,-1034.0
-277.0,476.0,-1214.0
54.0,-40.0,-1194.0
-189.0,331.0,-1182.0
-29.0,-54.0,-913.0
-245.0,-91.0,-942.0
39.0,175.0,-568.0
-103.0,-437.0,-1077.0
9.0,179.0,-1139.0
-263.0,290.0,-1061.0
80.0,402.0,-1118.0
169.0,-423.0,-1272.0
-42.0,-15.0,-858.0
-267.0,-325.0,-741.0
-89.0,195.0,-778.0
13.0,-27.0,-989.0
-214.0,376.0,-981.0
-218.0,-23.0,-1083.0
-353.0,39.0,-1401.0
-7.0,284.0,-1015.0
-244.0,-85.0,-1151.0
-52.0,-117.0,-681.0
-573.0,-42.0,-931.0
-64.0,-64.0,-833.0
-111.0,230.0,-989.0
-257.0,199.0,-997.0
-390.0,109.0,-1352.0
1.0,-238.0,-1257.0
-238.0,-13.0,-1052.0
-247.0,177.0,-566.0
-284.0,113.0,-823.0
-50.0,-85.0,-1011.0
-126.0,-255.0,-1262.0
-142.0,421.0,-771.0
-179.0,195.0,-1294.0
-220.0,138.0,-1257.0
-17.0,-216.0,-1102.0
-85.0,-388.0,-575.0
-253.0,78.0,-831.0
44.0,-50.0,-995.0
-386.0,154.0,-1097.0
-97.0,83.0,-933.0
-11.0,361.0,-1276.0
-66.0,212.0,-1249.0
-281.0,85.0,-1020.0
-35.0,-335.0,-853.0
7.0,74.0,-782.0
-238.0,3.0,-841.0
-167.0,-81.0,-1122.0
218.0,435.0,-1030.0
-206.0,-56.0,-1044.0
142.0,64.0,-1229.0
-113.0,-115.0,-1083.0
158.0,-17.0,-843.0
-136.0,-80.0,-776.0
158.0,156.0,-913.0
-167.0,-56.0,-1081.0
181.0,-156.0,-1038.0
-1.0,347.0,-1333.0
56.0,423.0,-989.0
279.0,-306.0,-1038.0
-253.0,-253.0,-1102.0
128.0,-152.0,-603.0
52.0,357.0,-659.0
337.0,171.0,-1247.0
-17.0,-316.0,-1301.0
-165.0,349.0,-958.0
58.0,-5.0,-1139.0
257.0,173.0,-1138.0
31.0,25.0,-952.0
-204.0,-74.0,-784.0
-144.0,-29.0,-872.0
165.0,-46.0,-1087.0
-89.0,204.0,-1128.0
11.0,52.0,-938.0
-298.0,244.0,-1247.0
242.0,101.0,-1052.0
13.0,-169.0,-944.0
-7.0,-146.0,-599.0
-167.0,160.0,-1018.0
163.0,-33.0,-1145.0
-179.0,68.0,-1052.0
-33.0,64.0,-976.0
13.0,249.0,-1237.0
-72.0,85.0,-1227.0
-33.0,-56.0,-913.0
-130.0,-236.0,-704.0
-117.0,-206.0,-839.0
-146.0,267.0,-1136.0
117.0,230.0,-1015.0
-185.0,-201.0,-1052.0
-78.0,226.0,-1118.0
-33.0,66.0,-1221.0
117.0,154.0,-940.0
-179.0,-249.0,-827.0
208.0,171.0,-737.0
-150.0,66.0,-1177.0
39.0,-7.0,-1100.0
19.0,333.0,-825.0
64.0,-44.0,-1122.0
-204.0,44.0,-1411.0
214.0,-273.0,-843.0
-111.0,-175.0,-505.0
-111.0,156.0,-970.0
-89.0,324.0,-1182.0
247.0,-177.0,-950.0
-121.0,-50.0,-1044.0
-5.0,140.0,-1159.0
54.0,470.0,-1206.0
134.0,-72.0,-835.0
44.0,-521.0,-774.0
-25.0,-150.0,-1038.0
-37.0,175.0,-901.0
-177.0,146.0,-1030.0
-107.0,263.0,-1005.0
167.0,-421.0,-1229.0
-122.0,394.0,-1116.0
142.0,-31.0,-952.0
-72.0,296.0,-860.0
275.0,-119.0,-747.0
-257.0,-203.0,-921.0
281.0,25.0,-1095.0
68.0,160.0,-1280.0
163.0,603.0,-1077.0
-107.0,-368.0,-1083.0
255.0,-144.0,-979.0
-21.0,-191.0,-851.0
-52.0,165.0,-732.0
-95.0,236.0,-936.0
62.0,121.0,-1198.0
-203.0,-60.0,-1216.0
144.0,-136.0,-1061.0
-60.0,341.0,-856.0
138.0,62.0,-1050.0
-44.0,-216.0,-884.0
29.0,-472.0,-927.0
-115.0,119.0,-927.0
11.0,388.0,-991.0
206.0,204.0,-1204.0
-251.0,-124.0,-1194.0
13.0,-25.0,-948.0
189.0,230.0,-942.0
7.0,150.0,-819.0
-247.0,-31.0,-899.0
78.0,-283.0,-993.0
81.0,76.0,-1083.0
46.0,222.0,-1171.0
-238.0,337.0,-1052.0
-134.0,48.0,-1100.0
304.0,-40.0,-884.0
74.0,-343.0,-991.0
-154.0,29.0,-847.0
-89.0,345.0,-1016.0
5.0,-44.0,-974.0
-148.0,21.0,-1030.0
-93.0,72.0,-1237.0
-15.0,177.0,-1091.0
-78.0,-31.0,-788.0
-80.0,40.0,-753.0
23.0,-448.0,-1073.0
-21.0,-263.0,-936.0
-68.0,540.0,-899.0
70.0,443.0,-1141.0
-58.0,-58.0,-1333.0
162.0,-404.0,-1015.0
-15.0,74.0,-1003.0
72.0,54.0,-964.0
-142.0,259.0,-819.0
101.0,23.0,-776.0
-128.0,-70.0,-1298.0
17.0,95.0,-977.0
-124.0,197.0,-1122.0
173.0,294.0,-802.0
-130.0,-201.0,-1139.0
107.0,-72.0,-1016.0
-29.0,-101.0,-866.0
97.0,-103.0,-925.0
0.0,497.0,-977.0
160.0,-72.0,-1151.0
-199.0,-13.0,-1061.0
132.0,-54.0,-1110.0
21.0,140.0,-1030.0
103.0,-74.0,-769.0
87.0,-21.0,-745.0
56.0,-212.0,-970.0
-19.0,-5.0,-1056.0
-140.0,548.0,-1050.0
169.0,-46.0,-1065.0
15.0,76.0,-1153.0
144.0,-33.0,-1081.0
-21.0,-39.0,-970.0
150.0,-124.0,-794.0
-29.0,199.0,-864.0
-117.0,-240.0,-952.0
-23.0,253.0,-1128.0
-89.0,339.0,-985.0
-33.0,66.0,-1159.0
-105.0,-119.0,-1032.0
33.0,-197.0,-689.0
-203.0,-152.0,-817.0
39.0,304.0,-931.0
-72.0,271.0,-1056.0
189.0,177.0,-1108.0
-290.0,-130.0,-1241.0
191.0,0.0,-1122.0
-50.0,-203.0,-1020.0
206.0,162.0,-866.0
-236.0,-121.0,-772.0
117.0,-148.0,-909.0
-222.0,-171.0,-1196.0
62.0,525.0,-1073.0
-136.0,261.0,-1015.0
160.0,3.0,-972.0
-113.0,-107.0,-1011.0
146.0,74.0,-868.0
-165.0,-31.0,-954.0
25.0,48.0,-972.0
115.0,66.0,-1020.0
-5.0,-257.0,-1085.0
-101.0,265.0,-1026.0
3.0,394.0,-1122.0
167.0,87.0,-1077.0
64.0,-427.0,-1026.0
-64.0,-493.0,-772.0
72.0,386.0,-866.0
83.0,111.0,-1001.0
-62.0,415.0,-1104.0
23.0,-60.0,-1056.0
-154.0,9.0,-972.0
160.0,-56.0,-1138.0
103.0,60.0,-950.0
66.0,-50.0,-833.0
17.0,-407.0,-952.0
-62.0,68.0,-995.0
37.0,402.0,-948.0
-3.0,374.0,-1075.0
-3.0,-103.0,-1216.0
-66.0,-284.0,-1204.0
-44.0,-70.0,-882.0
62.0,316.0,-724.0
-33.0,119.0,-903.0
5.0,259.0,-987.0
-99.0,-331.0,-1073.0
146.0,99.0,-1032.0
-56.0,242.0,-1149.0
-44.0,107.0,-1071.0
74.0,-42.0,-1032.0
117.0,-396.0,-673.0
3.0,19.0,-886.0
-181.0,316.0,-995.0
76.0,236.0,-1196.0
-78.0,13.0,-1042.0
-121.0,7.0,-1124.0
21.0,121.0,-1145.0
95.0,5.0,-1026.0
-91.0,-29.0,-800.0
-54.0,-212.0,-839.0
35.0,-286.0,-935.0
5.0,162.0,-1139.0
-142.0,493.0,-979.0
37.0,89.0,-1028.0
42.0,-269.0,-1032.0
138.0,-201.0,-1122.0
-242.0,-58.0,-833.0
-130.0,271.0,-739.0
162.0,257.0,-987.0
11.0,-134.0,-1069.0
39.0,171.0,-1165.0
-163.0,210.0,-1069.0
19.0,-162.0,-1057.0
46.0,183.0,-1003.0
-19.0,-91.0,-796.0
-171.0,-456.0,-870.0
273.0,478.0,-823.0
-58.0,226.0,-1214.0
21.0,160.0,-979.0
-210.0,124.0,-983.0
257.0,-255.0,-1139.0
-197.0,130.0,-1196.0
109.0,-115.0,-730.0
-339.0,83.0,-696.0
376.0,-247.0,-1001.0
-212.0,-21.0,-1301.0
74.0,380.0,-907.0
-212.0,128.0,-1065.0
68.0,13.0,-1061.0
76.0,-220.0,-948.0
-3.0,-76.0,-737.0
-89.0,325.0,-897.0
85.0,-177.0,-1079.0
54.0,351.0,-1052.0
50.0,31.0,-987.0
-85.0,31.0,-1141.0
-95.0,134.0,-1180.0
87.0,95.0,-940.0
189.0,-255.0,-923.0
0.0,21.0,-884.0
21.0,-288.0,-1093.0
-113.0,474.0,-862.0
89.0,224.0,-995.0
-13.0,283.0,-1075.0
54.0,-183.0,-1208.0
-70.0,-517.0,-1202.0
31.0,11.0,-819.0
117.0,-83.0,-728.0
-144.0,249.0,-983.0
144.0,-17.0,-1112.0
-93.0,-9.0,-1196.0
0.0,474.0,-1046.0
-37.0,-60.0,-997.0
265.0,-177.0,-1042.0
46.0,-121.0,-763.0
-50.0,111.0,-915.0
-54.0,251.0,-936.0
89.0,238.0,-819.0
11.0,-296.0,-1120.0
-29.0,175.0,-915.0
37.0,142.0,-1175.0
74.0,105.0,-1091.0
54.0,-162.0,-1042.0
-58.0,-179.0,-671.0
162.0,-121.0,-1013.0
-232.0,450.0,-1087.0
-3.0,97.0,-1136.0
-179.0,132.0,-1097.0
-85.0,-48.0,-1081.0
-83.0,-62.0,-979.0
283.0,-83.0,-895.0
-146.0,1.0,-794.0
169.0,-7.0,-1005.0
-23.0,-101.0,-1098.0
175.0,-197.0,-1145.0
-208.0,470.0,-886.0
-54.0,171.0,-1122.0
-48.0,128.0,-1169.0
78.0,-251.0,-1085.0
-31.0,-175.0,-772.0
-33.0,208.0,-735.0
17.0,404.0,-927.0
3.0,95.0,-1020.0
1.0,-175.0,-1095.0
-78.0,-48.0,-1106.0
-56.0,83.0,-1118.0
105.0,-150.0,-899.0
87.0,-99.0,-876.0
-99.0,-60.0,-749.0
126.0,115.0,-1104.0
54.0,460.0,-1122.0
0.0,99.0,-1120.0
-167.0,-7.0,-897.0
136.0,-9.0,-1124.0
87.0,-292.0,-958.0
-138.0,40.0,-870.0
13.0,-70.0,-794.0
21.0,-29.0,-1097.0
-21.0,124.0,-1069.0
42.0,220.0,-913.0
-97.0,167.0,-1177.0
35.0,7.0,-1260.0
-35.0,-117.0,-942.0
89.0,-146.0,-644.0
-44.0,111.0,-843.0
-17.0,156.0,-1120.0
-146.0,382.0,-1175.0
85.0,-15.0,-1079.0
-126.0,128.0,-995.0
33.0,11.0,-1116.0
17.0,115.0,-966.0
81.0,-353.0,-890.0
-52.0,-29.0,-839.0
72.0,13.0,-1034.0
-70.0,228.0,-1155.0
-27.0,298.0,-1038.0
-11.0,5.0,-952.0
122.0,144.0,-1110.0
-48.0,-201.0,-1118.0
21.0,-230.0,-925.0
-171.0,-177.0,-786.0
142.0,177.0,-905.0
-97.0,558.0,-1118.0
-33.0,-37.0,-1159.0
-158.0,191.0,-970.0
99.0,-284.0,-1089.0
58.0,-148.0,-1143.0
203.0,-251.0,-675.0
-201.0,60.0,-765.0
124.0,499.0,-1050.0
-76.0,109.0,-1231.0
152.0,-25.0,-1075.0
-357.0,-318.0,-829.0
218.0,91.0,-1118.0
15.0,226.0,-921.0
214.0,228.0,-1005.0
-203.0,-216.0,-903.0
87.0,21.0,-1007.0
-5.0,119.0,-935.0
105.0,242.0,-940.0
-54.0,179.0,-1015.0
171.0,-105.0,-1157.0
-171.0,1.0,-1173.0
165.0,-562.0,-864.0
-87.0,210.0,-790.0
113.0,-42.0,-821.0
-169.0,105.0,-1231.0
64.0,327.0,-895.0
-234.0,156.0,-1061.0
-33.0,-95.0,-979.0
37.0,97.0,-1204.0
201.0,-226.0,-829.0
-179.0,89.0,-966.0
66.0,-15.0,-940.0
21.0,464.0,-1016.0
39.0,91.0,-864.0
-138.0,-11.0,-1143.0
203.0,-31.0,-1237.0
-167.0,-158.0,-1231.0
193.0,-29.0,-845.0
-95.0,95.0,-732.0
44.0,15.0,-772.0
-101.0,160.0,-1138.0
-17.0,380.0,-1052.0
-148.0,142.0,-1106.0
48.0,-185.0,-1202.0
31.0,-318.0,-1044.0
-39.0,-177.0,-700.0
146.0,11.0,-794.0
-31.0,286.0,-944.0
-58.0,242.0,-1114.0
-15.0,302.0,-1305.0
89.0,-427.0,-1032.0
-214.0,68.0,-921.0
70.0,-175.0,-901.0
23.0,130.0,-1001.0
160.0,29.0,-1018.0
-56.0,95.0,-1032.0
117.0,189.0,-948.0
-181.0,322.0,-1024.0
208.0,54.0,-868.0
-257.0,-197.0,-1138.0
121.0,-232.0,-1089.0
74.0,5.0,-1009.0
107.0,-27.0,-901.0
-249.0,0.0,-917.0
167.0,310.0,-892.0
-25.0,431.0,-1067.0
44.0,224.0,-1032.0
-324.0,-99.0,-1126.0
39.0,-292.0,-1042.0
89.0,64.0,-1032.0
93.0,-257.0,-1013.0
-124.0,13.0,-970.0
214.0,187.0,-733.0
-31.0,544.0,-1001.0
152.0,140.0,-1028.0
11.0,-283.0,-1245.0
187.0,-113.0,-1067.0
179.0,-138.0,-1223.0
279.0,-134.0,-728.0
99.0,81.0,-696.0
222.0,488.0,-829.0
113.0,419.0,-1319.0
140.0,181.0,-1141.0
-52.0,-199.0,-1098.0
378.0,-267.0,-1003.0
569.0,-316.0,-849.0
472.0,-60.0,-808.0
997.0,573.0,-583.0
804.0,136.0,-1030.0
948.0,91.0,-1405.0
1413.0,5.0,-851.0
1257.0,42.0,-1204.0
1442.0,93.0,-858.0
1378.0,-325.0,-1136.0
1778.0,48.0,-687.0
1292.0,27.0,-1122.0
1323.0,-163.0,-1052.0
1290.0,101.0,-1036.0
1356.0,417.0,-786.0
1175.0,452.0,-1100.0
1294.0,-314.0,-1122.0
1163.0,-48.0,-753.0
1180.0,-361.0,-790.0
1147.0,105.0,-745.0
884.0,351.0,-995.0
1143.0,121.0,-911.0
1081.0,470.0,-1044.0
1030.0,76.0,-1009.0
884.0,-150.0,-1102.0
864.0,-320.0,-966.0
1149.0,-689.0,-1075.0
815.0,212.0,-954.0
1196.0,134.0,-1048.0
917.0,644.0,-1097.0
1157.0,404.0,-923.0
1040.0,46.0,-1218.0
1344.0,-54.0,-1163.0
1239.0,-283.0,-1235.0
1397.0,-15.0,-1056.0
1368.0,-35.0,-927.0
1319.0,253.0,-974.0
1417.0,683.0,-890.0
1303.0,130.0,-1157.0
1077.0,-68.0,-1093.0
1294.0,-431.0,-1253.0
1337.0,-525.0,-1003.0
1132.0,-111.0,-759.0
1214.0,122.0,-698.0
1145.0,458.0,-864.0
1157.0,685.0,-856.0
1198.0,-91.0,-1143.0
987.0,13.0,-1102.0
1300.0,-402.0,-798.0
1366.0,-126.0,-835.0
1434.0,124.0,-940.0
1116.0,128.0,-892.0
1446.0,-25.0,-960.0
1194.0,199.0,-1022.0
1128.0,-64.0,-1106.0
1208.0,404.0,-1069.0
1159.0,93.0,-1122.0
1255.0,-17.0,-940.0
1337.0,-81.0,-1024.0
1255.0,-222.0,-919.0
1184.0,70.0,-1046.0
1419.0,325.0,-1077.0
1262.0,300.0,-1192.0
1270.0,261.0,-929.0
1405.0,-76.0,-823.0
1434.0,-212.0,-999.0
1409.0,-269.0,-1116.0
1485.0,-218.0,-1227.0
1460.0,263.0,-1057.0
1325.0,322.0,-833.0
1415.0,447.0,-876.0
1604.0,210.0,-946.0
1356.0,-81.0,-1194.0
1465.0,-173.0,-1118.0
1592.0,-121.0,-1184.0
1596.0,-146.0,-917.0
1362.0,-103.0,-851.0
1516.0,290.0,-774.0
1321.0,210.0,-929.0
1290.0,146.0,-1042.0
1190.0,64.0,-1225.0
1350.0,-216.0,-1054.0
1231.0,-81.0,-843.0
1464.0,-23.0,-702.0
1268.0,167.0,-913.0
1469.0,378.0,-1157.0
1270.0,228.0,-1143.0
1290.0,-39.0,-1151.0
1208.0,-220.0,-997.0
1255.0,-11.0,-991.0
1454.0,154.0,-983.0
1477.0,-25.0,-1102.0
1323.0,23.0,-1063.0
1569.0,-11.0,-1016.0
1307.0,35.0,-1085.0
1530.0,146.0,-954.0
1202.0,347.0,-1034.0
1473.0,124.0,-981.0
1210.0,-191.0,-1218.0
1497.0,-318.0,-997.0
1335.0,1.0,-835.0
1508.0,156.0,-966.0
1290.0,497.0,-985.0
1506.0,228.0,-1044.0
1229.0,-9.0,-1030.0
1497.0,-1.0,-1036.0
1335.0,-83.0,-1020.0
1622.0,-230.0,-927.0
1159.0,-35.0,-1005.0
1532.0,163.0,-946.0
1145.0,433.0,-862.0
1344.0,218.0,-905.0
1069.0,83.0,-1155.0
1309.0,-169.0,-1216.0
1225.0,-300.0,-1026.0
1542.0,-204.0,-956.0
1286.0,-33.0,-858.0
1565.0,212.0,-864.0
1251.0,448.0,-923.0
1462.0,419.0,-1097.0
1157.0,160.0,-1301.0
1536.0,-230.0,-1173.0
1401.0,-431.0,-1032.0
1579.0,-327.0,-745.0
1311.0,158.0,-853.0
1678.0,402.0,-985.0
1311.0,614.0,-1229.0
1555.0,78.0,-1221.0
1202.0,-74.0,-1108.0
1567.0,-386.0,-907.0
1218.0,-134.0,-892.0
1409.0,25.0,-872.0
1151.0,177.0,-1028.0
1341.0,316.0,-1056.0
1112.0,269.0,-987.0
1260.0,175.0,-886.0
1030.0,-46.0,-931.0
1151.0,-244.0,-1050.0
931.0,-35.0,-1077.0
1091.0,-156.0,-1077.0
817.0,27.0,-958.0
1003.0,226.0,-835.0
804.0,359.0,-999.0
905.0,230.0,-1093.0
782.0,11.0,-1122.0
888.0,-169.0,-1132.0
774.0,-3.0,-1063.0
823.0,-199.0,-1061.0
718.0,31.0,-929.0
718.0,105.0,-999.0
593.0,201.0,-1034.0
577.0,204.0,-1056.0
544.0,40.0,-968.0
450.0,99.0,-1134.0
437.0,15.0,-1136.0
503.0,-238.0,-1120.0
474.0,-230.0,-856.0
392.0,-31.0,-895.0
388.0,271.0,-886.0
253.0,413.0,-1042.0
203.0,304.0,-1007.0
115.0,56.0,-1188.0
208.0,-302.0,-1120.0
134.0,-413.0,-952.0
251.0,-265.0,-698.0
132.0,236.0,-862.0
181.0,581.0,-966.0
33.0,390.0,-1196.0
113.0,85.0,-1028.0
23.0,-199.0,-1091.0
81.0,-230.0,-991.0
87.0,-124.0,-999.0
199.0,-70.0,-882.0
66.0,165.0,-1001.0
191.0,396.0,-956.0
117.0,337.0,-1071.0
101.0,251.0,-993.0
62.0,-109.0,-1167.0
134.0,-206.0,-1151.0
140.0,-163.0,-1038.0
253.0,50.0,-780.0
156.0,292.0,-851.0
240.0,478.0,-960.0
138.0,447.0,-1122.0
183.0,156.0,-1077.0
46.0,-54.0,-1124.0
212.0,-101.0,-1005.0
203.0,-9.0,-1007.0
273.0,115.0,-868.0
132.0,218.0,-917.0
206.0,425.0,-972.0
119.0,478.0,-1044.0
210.0,349.0,-1042.0
29.0,150.0,-1126.0
193.0,33.0,-1179.0
122.0,52.0,-1042.0
242.0,101.0,-878.0
44.0,224.0,-907.0
193.0,499.0,-962.0
87.0,562.0,-1091.0
134.0,513.0,-1100.0
-66.0,306.0,-1132.0
126.0,87.0,-1179.0
70.0,19.0,-1036.0
218.0,54.0,-870.0
-52.0,337.0,-862.0
167.0,642.0,-1030.0
-25.0,698.0,-1165.0
66.0,460.0,-1128.0
-144.0,187.0,-1093.0
126.0,154.0,-1056.0
0.0,204.0,-1067.0
183.0,251.0,-956.0
-68.0,296.0,-952.0
191.0,445.0,-997.0
-44.0,651.0,-1020.0
95.0,544.0,-976.0
-191.0,406.0,-1143.0
122.0,167.0,-1138.0
3.0,119.0,-1075.0
169.0,126.0,-837.0
-66.0,306.0,-786.0
203.0,503.0,-933.0
-54.0,692.0,-1106.0
76.0,441.0,-1091.0
-156.0,339.0,-1063.0
158.0,117.0,-1069.0
-50.0,158.0,-1026.0
173.0,128.0,-919.0
-97.0,265.0,-895.0
167.0,454.0,-972.0
-62.0,566.0,-1036.0
74.0,501.0,-1026.0
-134.0,333.0,-1061.0
111.0,62.0,-1163.0
-40.0,105.0,-1081.0
134.0,-13.0,-917.0
-83.0,160.0,-847.0
146.0,337.0,-983.0
-107.0,579.0,-1087.0
-29.0,478.0,-1073.0
-203.0,216.0,-1093.0
-21.0,40.0,-1180.0
-122.0,-3.0,-1079.0
31.0,-68.0,-938.0
-156.0,156.0,-817.0
-21.0,337.0,-935.0
-124.0,634.0,-1054.0
-42.0,421.0,-1124.0
-163.0,91.0,-1095.0
-27.0,-111.0,-1073.0
-52.0,-40.0,-981.0
5.0,111.0,-995.0
-19.0,128.0,-929.0
-11.0,204.0,-1024.0
9.0,448.0,-995.0
29.0,417.0,-1036.0
-17.0,253.0,-993.0
-21.0,-23.0,-1112.0
50.0,-74.0,-1120.0
1.0,29.0,-1046.0
154.0,11.0,-835.0
0.0,277.0,-931.0
93.0,466.0,-936.0
-50.0,552.0,-1126.0
97.0,279.0,-1050.0
-76.0,0.0,-1161.0
97.0,-35.0,-1001.0
23.0,83.0,-1003.0
167.0,122.0,-856.0
-50.0,230.0,-976.0
175.0,466.0,-1001.0
-15.0,568.0,-1089.0
138.0,347.0,-972.0
-128.0,126.0,-1097.0
105.0,66.0,-1095.0
-5.0,130.0,-1110.0
173.0,206.0,-895.0
-85.0,322.0,-917.0
142.0,540.0,-909.0
-23.0,589.0,-1073.0
74.0,507.0,-1059.0
-124.0,222.0,-1239.0
80.0,23.0,-1134.0
-50.0,25.0,-1032.0
177.0,99.0,-788.0
-121.0,445.0,-907.0
122.0,735.0,-1001.0
-99.0,759.0,-1186.0
93.0,394.0,-1104.0
-187.0,136.0,-1095.0
122.0,171.0,-948.0
-56.0,347.0,-1036.0
126.0,316.0,-948.0
-158.0,283.0,-1042.0
152.0,388.0,-938.0
-130.0,591.0,-1059.0
56.0,603.0,-960.0
-206.0,482.0,-1124.0
40.0,257.0,-1134.0
-74.0,165.0,-1132.0
138.0,181.0,-821.0
-95.0,355.0,-876.0
111.0,581.0,-923.0
-80.0,735.0,-1097.0
46.0,532.0,-1036.0
-146.0,396.0,-1151.0
105.0,169.0,-1044.0
-48.0,195.0,-1036.0
134.0,144.0,-927.0
-121.0,316.0,-938.0
152.0,501.0,-1009.0
-115.0,751.0,-1083.0
76.0,650.0,-935.0
-156.0,505.0,-1050.0
109.0,201.0,-1138.0
-54.0,117.0,-1075.0
93.0,46.0,-946.0
-124.0,290.0,-862.0
150.0,558.0,-968.0
-58.0,673.0,-1097.0
33.0,517.0,-1102.0
-138.0,324.0,-1095.0
103.0,89.0,-1126.0
-56.0,210.0,-1018.0
154.0,130.0,-899.0
-113.0,394.0,-892.0
117.0,517.0,-997.0
-80.0,587.0,-1077.0
70.0,347.0,-1075.0
-150.0,210.0,-1011.0
78.0,99.0,-1095.0
-111.0,290.0,-1063.0
142.0,183.0,-1063.0
-89.0,199.0,-935.0
111.0,271.0,-950.0
-78.0,513.0,-919.0
70.0,515.0,-997.0
-140.0,329.0,-1083.0
7.0,33.0,-1198.0
-72.0,-21.0,-1134.0
74.0,-40.0,-1003.0
-35.0,165.0,-732.0
72.0,404.0,-894.0
-76.0,650.0,-1056.0
54.0,497.0,-1167.0
-117.0,316.0,-1036.0
17.0,-21.0,-1083.0
-101.0,27.0,-1003.0
87.0,0.0,-1020.0
-58.0,142.0,-895.0
68.0,298.0,-1034.0
-68.0,466.0,-977.0
33.0,509.0,-1005.0
-101.0,310.0,-981.0
-40.0,165.0,-1157.0
-31.0,9.0,-1120.0
21.0,-25.0,-1005.0
37.0,103.0,-843.0
-11.0,368.0,-890.0
25.0,587.0,-936.0
3.0,540.0,-1134.0
-31.0,284.0,-1057.0
-81.0,48.0,-1118.0
11.0,13.0,-1007.0
5.0,160.0,-1015.0
93.0,204.0,-901.0
-40.0,415.0,-1005.0
52.0,587.0,-991.0
3.0,542.0,-1098.0
9.0,388.0,-997.0
-56.0,224.0,-1059.0
31.0,191.0,-1059.0
15.0,144.0,-1155.0
60.0,101.0,-952.0
-103.0,267.0,-970.0
165.0,491.0,-927.0
-25.0,724.0,-1013.0
3.0,638.0,-1026.0
-224.0,388.0,-1200.0
122.0,152.0,-1192.0
-68.0,58.0,-1038.0
160.0,152.0,-769.0
-128.0,456.0,-847.0
142.0,616.0,-991.0
-101.0,720.0,-1186.0
13.0,386.0,-1071.0
-208.0,271.0,-1097.0
128.0,253.0,-958.0
-11.0,218.0,-1042.0
101.0,322.0,-929.0
-124.0,404.0,-993.0
140.0,530.0,-958.0
-97.0,665.0,-1069.0
52.0,503.0,-948.0
-220.0,413.0,-1085.0
113.0,220.0,-1132.0
-44.0,290.0,-1071.0
169.0,189.0,-899.0
-167.0,341.0,-868.0
177.0,458.0,-940.0
-124.0,661.0,-1161.0
85.0,507.0,-1057.0
-206.0,413.0,-1098.0
138.0,263.0,-1054.0
-68.0,267.0,-1057.0
177.0,220.0,-901.0
-122.0,370.0,-1005.0
171.0,505.0,-1005.0
-89.0,642.0,-1052.0
85.0,425.0,-981.0
-191.0,396.0,-1081.0
109.0,265.0,-1100.0
-60.0,290.0,-1149.0
140.0,152.0,-972.0
-148.0,238.0,-907.0
173.0,378.0,-895.0
-105.0,677.0,-1044.0
109.0,597.0,-1030.0
-179.0,495.0,-1104.0
124.0,101.0,-1163.0
-48.0,44.0,-1122.0
119.0,0.0,-901.0
-115.0,337.0,-815.0
99.0,679.0,-925.0
-93.0,720.0,-1139.0
15.0,353.0,-1098.0
-101.0,197.0,-1005.0
66.0,101.0,-1018.0
-68.0,279.0,-1036.0
66.0,152.0,-1026.0
-66.0,263.0,-954.0
58.0,324.0,-1007.0
-74.0,540.0,-983.0
1.0,460.0,-983.0
-74.0,288.0,-1015.0
-17.0,146.0,-1171.0
-5.0,83.0,-1128.0
48.0,60.0,-1026.0
-58.0,265.0,-806.0
21.0,316.0,-927.0
1.0,589.0,-1005.0
1.0,417.0,-1139.0
-31.0,288.0,-1056.0
-21.0,117.0,-1083.0
-15.0,187.0,-1063.0
66.0,122.0,-1003.0
-3.0,175.0,-897.0
13.0,204.0,-993.0
-33.0,546.0,-972.0
33.0,478.0,-1028.0
-74.0,443.0,-946.0
-9.0,152.0,-1132.0
-52.0,121.0,-1116.0
42.0,85.0,-1057.0
78.0,146.0,-829.0
-37.0,302.0,-925.0
56.0,507.0,-952.0
0.0,534.0,-1065.0
-21.0,530.0,-1032.0
-95.0,130.0,-1192.0
11.0,64.0,-1091.0
27.0,-99.0,-1005.0
66.0,163.0,-767.0
-35.0,419.0,-944.0
17.0,696.0,-1016.0
-9.0,626.0,-1159.0
19.0,279.0,-1026.0
-122.0,93.0,-1087.0
13.0,165.0,-958.0
17.0,183.0,-1104.0
37.0,290.0,-913.0
-56.0,275.0,-1056.0
35.0,589.0,-942.0
-3.0,523.0,-1036.0
17.0,406.0,-952.0
-111.0,261.0,-1184.0
64.0,263.0,-1132.0
21.0,206.0,-1110.0
85.0,171.0,-854.0
-78.0,322.0,-880.0
113.0,587.0,-931.0
-48.0,691.0,-1159.0
31.0,448.0,-1069.0
-136.0,238.0,-1098.0
52.0,267.0,-1011.0
-13.0,279.0,-1018.0
115.0,136.0,-1009.0
-117.0,199.0,-997.0
95.0,511.0,-972.0
-31.0,687.0,-1026.0
21.0,720.0,-933.0
-105.0,435.0,-1097.0
64.0,281.0,-1163.0
-40.0,171.0,-1098.0
74.0,156.0,-874.0
-101.0,355.0,-874.0
177.0,491.0,-950.0
-87.0,573.0,-1079.0
62.0,468.0,-1075.0
-208.0,456.0,-1145.0
181.0,310.0,-1126.0
-42.0,144.0,-1085.0
126.0,101.0,-823.0
-148.0,384.0,-841.0
169.0,778.0,-962.0
-117.0,806.0,-1143.0
87.0,339.0,-1112.0
-187.0,162.0,-1073.0
124.0,130.0,-1011.0
-97.0,357.0,-1048.0
126.0,290.0,-999.0
-132.0,294.0,-1016.0
163.0,417.0,-981.0
-128.0,614.0,-979.0
80.0,488.0,-948.0
-189.0,366.0,-1075.0
44.0,171.0,-1169.0
-87.0,249.0,-1145.0
140.0,60.0,-983.0
-136.0,269.0,-786.0
179.0,417.0,-911.0
-111.0,665.0,-1098.0
54.0,523.0,-1104.0
-195.0,333.0,-1077.0
101.0,140.0,-1081.0
-107.0,203.0,-1013.0
150.0,27.0,-983.0
-154.0,257.0,-913.0
175.0,386.0,-1007.0
-122.0,591.0,-1034.0
81.0,528.0,-972.0
-138.0,415.0,-1038.0
58.0,162.0,-1167.0
-80.0,97.0,-1192.0
56.0,-74.0,-903.0
-46.0,165.0,-835.0
111.0,439.0,-903.0
-101.0,710.0,-997.0
74.0,507.0,-1083.0
-142.0,290.0,-1093.0
105.0,-15.0,-1151.0
-78.0,60.0,-1028.0
113.0,56.0,-962.0
-66.0,214.0,-878.0
48.0,548.0,-952.0
-62.0,708.0,-1061.0
21.0,528.0,-1114.0
-64.0,187.0,-958.0
-40.0,-46.0,-1067.0
1.0,263.0,-1040.0
15.0,181.0,-1077.0
-37.0,228.0,-944.0
62.0,208.0,-1022.0
-21.0,423.0,-962.0
17.0,568.0,-991.0
-54.0,421.0,-1011.0
-117.0,341.0,-1186.0
58.0,267.0,-1155.0
5.0,70.0,-1052.0
72.0,101.0,-772.0
-76.0,353.0,-888.0
103.0,616.0,-968.0
-68.0,589.0,-1179.0
-39.0,337.0,-1079.0
-115.0,183.0,-1159.0
54.0,251.0,-1024.0
9.0,126.0,-985.0
89.0,212.0,-897.0
-48.0,230.0,-1020.0
48.0,622.0,-958.0
-17.0,679.0,-1056.0
17.0,415.0,-970.0
-101.0,206.0,-1132.0
64.0,113.0,-1159.0
-19.0,152.0,-1063.0
115.0,121.0,-874.0
-103.0,325.0,-923.0
179.0,503.0,-917.0
-142.0,651.0,-1110.0
68.0,335.0,-1052.0
-140.0,144.0,-1216.0
148.0,-13.0,-1056.0
-35.0,-15.0,-1015.0
189.0,148.0,-839.0
-146.0,308.0,-977.0
140.0,538.0,-1030.0
-93.0,470.0,-1139.0
70.0,183.0,-1016.0
-130.0,119.0,-1046.0
93.0,95.0,-976.0
-42.0,46.0,-1120.0
40.0,40.0,-1013.0
-91.0,81.0,-1016.0
103.0,212.0,-907.0
-17.0,392.0,-1011.0
25.0,230.0,-981.0
-193.0,290.0,-1120.0
91.0,27.0,-1186.0
-56.0,-99.0,-1157.0
83.0,-279.0,-851.0
-99.0,-44.0,-819.0
109.0,415.0,-915.0
-148.0,493.0,-1110.0
97.0,191.0,-1085.0
-152.0,-72.0,-1110.0
142.0,-101.0,-1048.0
-64.0,-134.0,-970.0
44.0,-140.0,-983.0
-66.0,-238.0,-952.0
29.0,185.0,-1026.0
-46.0,413.0,-1026.0
-44.0,335.0,-956.0
-46.0,56.0,-1018.0
-7.0,-249.0,-1190.0
11.0,-136.0,-1073.0
83.0,-267.0,-970.0
-119.0,93.0,-841.0
201.0,109.0,-876.0
-160.0,427.0,-1056.0
146.0,42.0,-1038.0
-204.0,-48.0,-1108.0
138.0,-214.0,-1126.0
-87.0,-121.0,-1013.0
203.0,-52.0,-899.0
-122.0,-74.0,-872.0
122.0,271.0,-964.0
-21.0,363.0,-1052.0
11.0,228.0,-1138.0
-56.0,-60.0,-989.0
-46.0,-245.0,-1050.0
-13.0,132.0,-1046.0
105.0,-31.0,-1036.0
-56.0,72.0,-958.0
66.0,-208.0,-1016.0
-37.0,341.0,-933.0
134.0,273.0,-995.0
-160.0,265.0,-1001.0
54.0,25.0,-1196.0
-115.0,-204.0,-1204.0
39.0,37.0,-1016.0
3.0,-60.0,-714.0
-13.0,251.0,-933.0
70.0,458.0,-958.0
-23.0,421.0,-1179.0
0.0,146.0,-1050.0
-81.0,-70.0,-1124.0
11.0,-19.0,-954.0
15.0,-126.0,-983.0
17.0,105.0,-878.0
1.0,117.0,-1075.0
-39.0,566.0,-962.0
60.0,458.0,-976.0
-48.0,167.0,-1007.0
-3.0,-54.0,-1204.0
-29.0,-70.0,-1075.0
19.0,105.0,-1071.0
109.0,17.0,-831.0
-40.0,230.0,-933.0
50.0,425.0,-950.0
-33.0,513.0,-1081.0
0.0,222.0,-1081.0
-76.0,-220.0,-1180.0
9.0,-136.0,-1030.0
21.0,-50.0,-1011.0
44.0,185.0,-940.0
-13.0,376.0,-970.0
3.0,425.0,-999.0
11.0,447.0,-1120.0
40.0,13.0,-1057.0
-169.0,31.0,-1050.0
111.0,25.0,-962.0
-60.0,78.0,-1126.0
132.0,-33.0,-993.0
-210.0,70.0,-979.0
165.0,267.0,-892.0
-15.0,409.0,-1005.0
15.0,353.0,-899.0
-177.0,-5.0,-1190.0
46.0,-44.0,-1198.0
-31.0,-154.0,-1124.0
132.0,-142.0,-792.0
-138.0,140.0,-829.0
140.0,388.0,-974.0
-126.0,599.0,-1173.0
115.0,195.0,-1077.0
-226.0,-122.0,-1136.0
193.0,-232.0,-999.0
-93.0,-251.0,-1067.0
162.0,-101.0,-911.0
-134.0,15.0,-1005.0
156.0,218.0,-987.0
-66.0,355.0,-1034.0
122.0,185.0,-956.0
-220.0,5.0,-1128.0
173.0,-124.0,-1081.0
-109.0,-134.0,-1157.0
146.0,-203.0,-880.0
-130.0,-95.0,-847.0
173.0,195.0,-870.0
-146.0,341.0,-1095.0
97.0,115.0,-1075.0
-245.0,-76.0,-1163.0
134.0,-357.0,-1024.0
-105.0,-247.0,-1022.0
220.0,-220.0,-905.0
-150.0,-37.0,-956.0
193.0,152.0,-933.0
-119.0,312.0,-1138.0
124.0,117.0,-970.0
-228.0,-185.0,-1077.0
93.0,-128.0,-1022.0
-85.0,-124.0,-1089.0
89.0,-169.0,-985.0
-78.0,-85.0,-913.0
74.0,-9.0,-927.0
-105.0,197.0,-995.0
29.0,351.0,-938.0
-173.0,80.0,-1093.0
60.0,-160.0,-1171.0
-40.0,-316.0,-1136.0
37.0,-423.0,-977.0
-99.0,-58.0,-722.0
136.0,267.0,-936.0
-72.0,503.0,-1083.0
39.0,318.0,-1180.0
-115.0,-37.0,-1009.0
83.0,-191.0,-1026.0
-48.0,-103.0,-991.0
66.0,-177.0,-962.0
-7.0,80.0,-925.0
52.0,152.0,-1001.0
-46.0,376.0,-991.0
39.0,296.0,-1015.0
-109.0,39.0,-991.0
-19.0,-42.0,-1159.0
33.0,-91.0,-1118.0
0.0,-37.0,-1032.0
78.0,81.0,-806.0
-5.0,154.0,-968.0
21.0,341.0,-1034.0
46.0,226.0,-1161.0
-29.0,165.0,-1028.0
7.0,-83.0,-1097.0
-35.0,-39.0,-997.0
9.0,-25.0,-1075.0
27.0,42.0,-872.0
-13.0,261.0,-1015.0
7.0,292.0,-1015.0
-31.0,316.0,-1059.0
11.0,126.0,-970.0
-21.0,-25.0,-1134.0
-11.0,160.0,-1050.0
21.0,-19.0,-1126.0
0.0,17.0,-872.0
-25.0,-142.0,-997.0
68.0,171.0,-899.0
35.0,474.0,-1013.0
-15.0,331.0,-977.0
-156.0,152.0,-1280.0
78.0,-181.0,-1177.0
-15.0,-312.0,-1018.0
154.0,-25.0,-726.0
-21.0,183.0,-868.0
11.0,456.0,-993.0
0.0,396.0,-1233.0
-17.0,81.0,-1075.0
-62.0,-197.0,-1063.0
33.0,-204.0,-950.0
11.0,-113.0,-1005.0
76.0,1.0,-970.0
-66.0,109.0,-1018.0
81.0,242.0,-991.0
5.0,292.0,-1022.0
-15.0,193.0,-907.0
-60.0,-111.0,-1134.0
-15.0,-50.0,-1175.0
31.0,-144.0,-1110.0
80.0,-66.0,-806.0
-87.0,72.0,-864.0
66.0,81.0,-936.0
-76.0,388.0,-1112.0
111.0,46.0,-1075.0
-199.0,-87.0,-1114.0
72.0,-228.0,-958.0
-103.0,-107.0,-1061.0
140.0,48.0,-913.0
-105.0,-39.0,-1036.0
58.0,66.0,-985.0
-68.0,242.0,-1028.0
99.0,72.0,-972.0
-167.0,19.0,-1114.0
107.0,-210.0,-1126.0
-78.0,-134.0,-1102.0
148.0,-234.0,-970.0
-119.0,-115.0,-892.0
132.0,87.0,-935.0
-52.0,347.0,-997.0
33.0,337.0,-1005.0
-146.0,39.0,-1138.0
78.0,-201.0,-1157.0
-80.0,-322.0,-1063.0
152.0,-335.0,-854.0
-158.0,-35.0,-796.0
165.0,273.0,-944.0
-111.0,501.0,-1112.0
126.0,64.0,-1097.0
-146.0,-240.0,-1104.0
162.0,-306.0,-989.0
-97.0,-95.0,-993.0
179.0,-89.0,-1005.0
-175.0,111.0,-993.0
185.0,21.0,-1022.0
-162.0,429.0,-977.0
163.0,152.0,-958.0
-175.0,-74.0,-1050.0
52.0,-240.0,-1159.0
-111.0,-181.0,-1134.0
132.0,-105.0,-989.0
-74.0,115.0,-804.0
89.0,111.0,-888.0
-105.0,374.0,-1020.0
97.0,21.0,-1175.0
-163.0,35.0,-1083.0
128.0,-210.0,-1050.0
-122.0,-87.0,-1028.0
121.0,-140.0,-1003.0
-107.0,-15.0,-972.0
115.0,156.0,-972.0
-60.0,421.0,-989.0
46.0,335.0,-989.0
-99.0,29.0,-956.0
23.0,-9.0,-1130.0
-72.0,-62.0,-1163.0
91.0,-52.0,-997.0
-11.0,-46.0,-788.0
40.0,3.0,-917.0
-5.0,355.0,-966.0
72.0,396.0,-1057.0
-72.0,171.0,-1063.0
-37.0,70.0,-1194.0
-25.0,-230.0,-1143.0
81.0,-296.0,-1005.0
21.0,39.0,-743.0
19.0,265.0,-954.0
-25.0,683.0,-1071.0
52.0,366.0,-1177.0
-52.0,-11.0,-1075.0
21.0,-255.0,-1044.0
-60.0,-162.0,-1009.0
42.0,60.0,-1018.0
37.0,152.0,-940.0
-23.0,70.0,-1040.0
17.0,281.0,-979.0
-17.0,251.0,-1001.0
-44.0,236.0,-927.0
-80.0,3.0,-1155.0
0.0,-144.0,-1149.0
44.0,-236.0,-1128.0
50.0,-80.0,-819.0
-66.0,80.0,-827.0
126.0,335.0,-948.0
-46.0,300.0,-1177.0
66.0,115.0,-1065.0
-146.0,-64.0,-1116.0
93.0,-117.0,-989.0
13.0,-105.0,-962.0
134.0,-99.0,-903.0
-91.0,-95.0,-1042.0
56.0,271.0,-981.0
-48.0,335.0,-1020.0
52.0,140.0,-919.0
-160.0,40.0,-1110.0
101.0,-337.0,-1155.0
-48.0,-152.0,-1118.0
113.0,-277.0,-849.0
-122.0,-80.0,-974.0
171.0,273.0,-913.0
-72.0,406.0,-1073.0
40.0,310.0,-997.0
-156.0,7.0,-1177.0
74.0,-292.0,-1112.0
-19.0,-244.0,-1046.0
162.0,-242.0,-804.0
-167.0,9.0,-942.0
152.0,337.0,-913.0
-66.0,417.0,-1136.0
64.0,152.0,-1075.0
-144.0,-216.0,-1075.0
89.0,-286.0,-966.0
-21.0,-181.0,-1054.0
85.0,-31.0,-942.0
-136.0,3.0,-1067.0
121.0,171.0,-942.0
-50.0,216.0,-1015.0
58.0,115.0,-964.0
-167.0,-21.0,-1097.0
66.0,-195.0,-1141.0
-40.0,-124.0,-1145.0
136.0,-115.0,-913.0
-70.0,-74.0,-825.0
78.0,193.0,-901.0
-56.0,322.0,-1069.0
50.0,156.0,-1120.0
-132.0,3.0,-1124.0
54.0,-111.0,-1044.0
-83.0,-15.0,-958.0
142.0,-160.0,-968.0
-122.0,-105.0,-935.0
52.0,50.0,-1015.0
-44.0,283.0,-1020.0
46.0,244.0,-983.0
-107.0,66.0,-1003.0
33.0,-136.0,-1180.0
-46.0,-48.0,-1153.0
99.0,-230.0,-991.0
-74.0,-44.0,-794.0
119.0,78.0,-938.0
-68.0,370.0,-1020.0
-5.0,345.0,-1093.0
-74.0,107.0,-1095.0
33.0,-218.0,-1165.0
-40.0,-236.0,-1005.0
101.0,-339.0,-935.0
-89.0,56.0,-845.0
83.0,257.0,-966.0
-132.0,417.0,-1091.0
89.0,142.0,-1161.0
-103.0,-121.0,-1048.0
89.0,-230.0,-1020.0
-64.0,-33.0,-956.0
33.0,115.0,-1003.0
-11.0,9.0,-1001.0
40.0,105.0,-1016.0
-39.0,271.0,-944.0
83.0,275.0,-976.0
-93.0,210.0,-929.0
-29.0,-85.0,-1155.0
-72.0,-54.0,-1165.0
117.0,-142.0,-1050.0
-33.0,-95.0,-806.0
35.0,115.0,-882.0
0.0,310.0,-985.0
68.0,327.0,-1149.0
-56.0,142.0,-1050.0
-29.0,-99.0,-1173.0
-56.0,-15.0,-1046.0
58.0,-83.0,-1016.0
11.0,-15.0,-864.0
27.0,80.0,-1069.0
-23.0,284.0,-1026.0
5.0,335.0,-1011.0
-23.0,222.0,-944.0
-101.0,-103.0,-1186.0
19.0,-87.0,-1106.0
40.0,-146.0,-1061.0
21.0,-19.0,-839.0
19.0,89.0,-925.0
7.0,341.0,-913.0
13.0,353.0,-1075.0
-33.0,130.0,-1063.0
-126.0,-156.0,-1204.0
7.0,-238.0,-1036.0
3.0,-216.0,-979.0
158.0,-72.0,-821.0
-89.0,177.0,-954.0
103.0,267.0,-1003.0
7.0,324.0,-1134.0
93.0,3.0,-1011.0
-105.0,-247.0,-1083.0
52.0,-72.0,-970.0
-25.0,-19.0,-1073.0
105.0,-5.0,-985.0
-111.0,0.0,-997.0
122.0,-5.0,-956.0
-81.0,329.0,-1015.0
111.0,7.0,-919.0
-251.0,-17.0,-1153.0
95.0,-163.0,-1192.0
-42.0,-167.0,-1130.0
122.0,-187.0,-880.0
-156.0,-66.0,-821.0
175.0,160.0,-911.0
-99.0,433.0,-1122.0
87.0,173.0,-1067.0
-220.0,7.0,-1196.0
130.0,-197.0,-1024.0
-101.0,-138.0,-983.0
158.0,-134.0,-837.0
-138.0,54.0,-985.0
191.0,208.0,-968.0
-105.0,267.0,-1077.0
87.0,195.0,-942.0
-230.0,-21.0,-1120.0
146.0,-122.0,-1081.0
-107.0,-265.0,-1136.0
160.0,-216.0,-925.0
-111.0,-101.0,-905.0
191.0,226.0,-907.0
-113.0,411.0,-1085.0
78.0,228.0,-1032.0
-183.0,-52.0,-1188.0
122.0,-181.0,-1122.0
-52.0,-218.0,-1003.0
183.0,-109.0,-812.0
-119.0,70.0,-901.0
136.0,255.0,-1011.0
-199.0,452.0,-1138.0
130.0,56.0,-1079.0
-236.0,-134.0,-1061.0
132.0,-156.0,-944.0
-111.0,-76.0,-1018.0
154.0,9.0,-1034.0
-93.0,-46.0,-1009.0
80.0,23.0,-1028.0
-89.0,314.0,-966.0
107.0,210.0,-919.0
-175.0,121.0,-1028.0
35.0,-160.0,-1192.0
-44.0,-160.0,-1177.0
80.0,-187.0,-989.0
-37.0,-5.0,-790.0
11.0,185.0,-868.0
33.0,390.0,-1067.0
27.0,240.0,-1128.0
-113.0,39.0,-1081.0
33.0,-169.0,-1097.0
-62.0,-189.0,-1013.0
46.0,-173.0,-968.0
-15.0,-91.0,-940.0
42.0,95.0,-1052.0
-27.0,359.0,-960.0
33.0,357.0,-985.0
-56.0,15.0,-948.0
-9.0,-115.0,-1163.0
-31.0,-146.0,-1153.0
60.0,-91.0,-1007.0
15.0,27.0,-786.0
85.0,195.0,-917.0
7.0,503.0,-931.0
44.0,284.0,-1085.0
-93.0,17.0,-1087.0
-5.0,-251.0,-1216.0
-23.0,-290.0,-999.0
58.0,-25.0,-927.0
56.0,66.0,-835.0
-1.0,245.0,-1040.0
11.0,433.0,-1009.0
42.0,142.0,-1153.0
-87.0,46.0,-1024.0
1.0,-255.0,-1067.0
-89.0,25.0,-983.0
93.0,52.0,-1114.0
-39.0,25.0,-968.0
-5.0,-64.0,-1042.0
17.0,101.0,-931.0
50.0,292.0,-1003.0
-78.0,294.0,-958.0
-68.0,136.0,-1177.0
-3.0,-68.0,-1167.0
40.0,-286.0,-1089.0
52.0,-144.0,-772.0
-50.0,-70.0,-864.0
17.0,363.0,-989.0
-33.0,388.0,-1147.0
-37.0,162.0,-1071.0
-78.0,-85.0,-1052.0
60.0,-226.0,-1015.0
11.0,-236.0,-964.0
66.0,-181.0,-935.0
-66.0,-66.0,-1050.0
83.0,251.0,-997.0
1.0,452.0,-983.0
23.0,226.0,-903.0
-122.0,93.0,-1120.0
66.0,-353.0,-1169.0
-56.0,-255.0,-1134.0
109.0,-306.0,-884.0
-134.0,37.0,-911.0
162.0,245.0,-866.0
-81.0,470.0,-1091.0
9.0,78.0,-1069.0
-152.0,-150.0,-1202.0
91.0,-355.0,-1057.0
-39.0,-187.0,-1024.0
136.0,-99.0,-851.0
-195.0,140.0,-950.0
156.0,238.0,-958.0
-101.0,368.0,-1114.0
111.0,126.0,-1038.0
-150.0,-52.0,-1067.0
40.0,-121.0,-991.0
-66.0,-91.0,-1063.0
101.0,-50.0,-972.0
-87.0,-52.0,-991.0
132.0,0.0,-929.0
-97.0,255.0,-972.0
76.0,298.0,-974.0
-171.0,185.0,-1110.0
99.0,-105.0,-1223.0
-68.0,-261.0,-1159.0
97.0,-320.0,-837.0
-117.0,-91.0,-769.0
122.0,226.0,-960.0
-72.0,532.0,-1180.0
72.0,183.0,-1177.0
-124.0,29.0,-1089.0
130.0,-191.0,-972.0
-107.0,-64.0,-970.0
191.0,-99.0,-917.0
-173.0,23.0,-1034.0
175.0,81.0,-1057.0
-134.0,390.0,-1009.0
93.0,210.0,-952.0
-134.0,42.0,-997.0
52.0,-222.0,-1132.0
-80.0,-66.0,-1120.0
122.0,-140.0,-991.0
-105.0,56.0,-845.0
140.0,42.0,-929.0
-138.0,351.0,-1069.0
103.0,156.0,-1063.0
-142.0,87.0,-1052.0
121.0,-132.0,-1091.0
-119.0,-76.0,-1015.0
146.0,-89.0,-997.0
-117.0,7.0,-977.0
107.0,144.0,-981.0
-83.0,226.0,-1003.0
40.0,150.0,-1056.0
-56.0,-42.0,-1026.0
-3.0,-37.0,-1050.0
-62.0,-46.0,-1044.0
42.0,-35.0,-1114.0
15.0,-263.0,-972.0
29.0,-76.0,-960.0
5.0,197.0,-831.0
29.0,402.0,-960.0
-66.0,312.0,-940.0
-50.0,56.0,-1270.0
-19.0,-117.0,-1208.0
58.0,-203.0,-1015.0
52.0,-130.0,-720.0
-15.0,132.0,-800.0
101.0,407.0,-964.0
-7.0,283.0,-1225.0
-1.0,64.0,-1095.0
-70.0,-187.0,-1145.0
66.0,-107.0,-999.0
93.0,-39.0,-970.0
60.0,23.0,-880.0
-9.0,66.0,-1026.0
-9.0,325.0,-997.0
23.0,275.0,-1059.0
-19.0,126.0,-993.0
-128.0,-181.0,-1192.0
27.0,-255.0,-1145.0
-17.0,-21.0,-1098.0
105.0,40.0,-772.0
-56.0,193.0,-847.0
124.0,302.0,-946.0
-33.0,160.0,-1251.0
-7.0,150.0,-1098.0
-167.0,-144.0,-1116.0
64.0,-78.0,-923.0
25.0,-119.0,-981.0
76.0,-21.0,-866.0
-101.0,25.0,-1024.0
58.0,220.0,-987.0
-48.0,124.0,-1097.0
62.0,0.0,-968.0
-160.0,-103.0,-1075.0
46.0,-70.0,-989.0
-25.0,15.0,-1059.0
126.0,-169.0,-964.0
-89.0,-42.0,-1009.0
140.0,66.0,-956.0
-93.0,339.0,-1048.0
76.0,290.0,-892.0
-189.0,113.0,-1169.0
150.0,-257.0,-1143.0
-15.0,-265.0,-1104.0
107.0,-316.0,-866.0
-101.0,-23.0,-864.0
113.0,327.0,-931.0
-81.0,413.0,-1227.0
-1.0,117.0,-1054.0
-126.0,-216.0,-1085.0
148.0,-386.0,-987.0
-48.0,-85.0,-1054.0
121.0,-21.0,-938.0
-148.0,234.0,-1050.0
124.0,316.0,-956.0
-58.0,247.0,-991.0
85.0,279.0,-895.0
-156.0,-99.0,-1059.0
40.0,-216.0,-1134.0
-89.0,-257.0,-1188.0
122.0,-160.0,-942.0
-74.0,134.0,-839.0
156.0,257.0,-866.0
-111.0,398.0,-1050.0
83.0,95.0,-1128.0
-185.0,-103.0,-1114.0
105.0,-240.0,-1057.0
-81.0,-85.0,-1030.0
107.0,-23.0,-999.0
-109.0,46.0,-913.0
142.0,171.0,-997.0
-113.0,366.0,-1001.0
121.0,89.0,-995.0
-167.0,31.0,-1028.0
66.0,-78.0,-1151.0
-89.0,21.0,-1093.0
117.0,-50.0,-1024.0
-52.0,-101.0,-845.0
78.0,-56.0,-938.0
-52.0,339.0,-948.0
76.0,363.0,-983.0
-146.0,238.0,-1093.0
29.0,-206.0,-1245.0
-60.0,-199.0,-1143.0
64.0,-433.0,-933.0
-48.0,-13.0,-675.0
52.0,187.0,-946.0
-64.0,540.0,-1112.0
42.0,347.0,-1202.0
-76.0,15.0,-1085.0
21.0,-253.0,-1024.0
-64.0,-181.0,-944.0
91.0,-158.0,-981.0
-29.0,60.0,-987.0
46.0,124.0,-1059.0
-101.0,269.0,-987.0
70.0,269.0,-1005.0
-97.0,-27.0,-956.0
-3.0,-152.0,-1145.0
-66.0,-232.0,-1126.0
76.0,-132.0,-1020.0
52.0,-60.0,-808.0
11.0,130.0,-895.0
3.0,398.0,-976.0
54.0,300.0,-1161.0
-42.0,142.0,-1030.0
-7.0,-78.0,-1044.0
-19.0,-66.0,-942.0
31.0,-109.0,-1052.0
76.0,-121.0,-936.0
-52.0,11.0,-1022.0
87.0,271.0,-983.0
25.0,300.0,-1059.0
-11.0,220.0,-944.0
-37.0,-95.0,-1108.0
25.0,-37.0,-1095.0
46.0,-85.0,-1155.0
50.0,-144.0,-876.0
-78.0,-103.0,-999.0
107.0,191.0,-919.0
-39.0,396.0,-1061.0
-5.0,331.0,-964.0
-154.0,46.0,-1194.0
89.0,-181.0,-1112.0
-13.0,-413.0,-1106.0
105.0,-191.0,-786.0
-113.0,101.0,-907.0
119.0,493.0,-935.0
-64.0,511.0,-1153.0
76.0,146.0,-1085.0
-146.0,-226.0,-1069.0
113.0,-249.0,-952.0
-89.0,-152.0,-1046.0
117.0,-50.0,-946.0
-160.0,0.0,-1032.0
126.0,109.0,-989.0
-46.0,316.0,-974.0
70.0,40.0,-884.0
-152.0,5.0,-1130.0
39.0,-206.0,-1143.0
-76.0,-80.0,-1171.0
128.0,-99.0,-854.0
-146.0,130.0,-847.0
163.0,152.0,-890.0
-101.0,331.0,-1122.0
78.0,58.0,-1087.0
-189.0,-76.0,-1132.0
128.0,-132.0,-1009.0
-117.0,-48.0,-1083.0
195.0,-177.0,-927.0
-191.0,-58.0,-968.0
189.0,5.0,-960.0
-140.0,341.0,-1069.0
119.0,253.0,-964.0
-173.0,7.0,-1067.0
58.0,-3.0,-1106.0
-101.0,-117.0,-1147.0
117.0,-76.0,-888.0
-107.0,-74.0,-876.0
124.0,85.0,-913.0
-80.0,265.0,-981.0
50.0,402.0,-1036.0
-113.0,163.0,-1118.0
78.0,-107.0,-1192.0
-64.0,-302.0,-1085.0
132.0,-349.0,-880.0
-113.0,-40.0,-815.0
80.0,324.0,-976.0
-85.0,538.0,-1151.0
56.0,222.0,-1171.0
-107.0,-111.0,-1052.0
83.0,-140.0,-999.0
-101.0,-136.0,-968.0
99.0,-66.0,-976.0
-122.0,-7.0,-1030.0
95.0,87.0,-1071.0
-68.0,404.0,-970.0
78.0,265.0,-940.0
-119.0,62.0,-991.0
-19.0,-109.0,-1147.0
-78.0,-70.0,-1161.0
150.0,-87.0,-1013.0
-70.0,-17.0,-817.0
111.0,15.0,-913.0
-46.0,363.0,-991.0
70.0,253.0,-1149.0
-80.0,5.0,-1036.0
-31.0,-117.0,-1081.0
19.0,-158.0,-1018.0
105.0,-134.0,-976.0
9.0,-117.0,-917.0
-25.0,103.0,-1009.0
39.0,283.0,-966.0
19.0,329.0,-1003.0
-7.0,70.0,-958.0
-76.0,-56.0,-1169.0
-21.0,-103.0,-1143.0
81.0,-179.0,-1065.0
-7.0,-128.0,-870.0
21.0,-17.0,-936.0
17.0,181.0,-950.0
11.0,361.0,-1069.0
-42.0,46.0,-1048.0
-74.0,-50.0,-1231.0
-3.0,-263.0,-1081.0
23.0,-187.0,-968.0
58.0,-37.0,-782.0
-33.0,115.0,-927.0
66.0,546.0,-964.0
-42.0,244.0,-1159.0
0.0,-27.0,-1016.0
-56.0,-173.0,-1054.0
9.0,-64.0,-952.0
54.0,-31.0,-1026.0
3.0,54.0,-948.0
-21.0,-72.0,-1038.0
37.0,234.0,-1034.0
-19.0,253.0,-958.0
-66.0,-72.0,-1139.0
0.0,-126.0,-1169.0
11.0,-130.0,-1177.0
39.0,-62.0,-800.0
-52.0,-9.0,-860.0
78.0,288.0,-940.0
-33.0,204.0,-1177.0
17.0,130.0,-1097.0
-140.0,-3.0,-1126.0
50.0,-13.0,-1003.0
17.0,-113.0,-1009.0
-5.0,-76.0,-925.0
-64.0,-40.0,-1003.0
99.0,206.0,-989.0
-101.0,429.0,-1046.0
93.0,93.0,-936.0
-189.0,64.0,-1124.0
138.0,-271.0,-1130.0
-5.0,-134.0,-1069.0
60.0,-187.0,-907.0
-113.0,-25.0,-864.0
167.0,124.0,-903.0
-117.0,376.0,-1091.0
136.0,109.0,-981.0
-204.0,140.0,-1138.0
152.0,-253.0,-1106.0
-85.0,-91.0,-1028.0
128.0,-261.0,-831.0
-154.0,0.0,-921.0
144.0,355.0,-950.0
-117.0,411.0,-1204.0
122.0,81.0,-1056.0
-179.0,-189.0,-1085.0
140.0,-341.0,-987.0
-85.0,-113.0,-1038.0
119.0,64.0,-1032.0
-101.0,13.0,-1038.0
128.0,148.0,-995.0
-91.0,111.0,-1009.0
70.0,265.0,-897.0
-138.0,124.0,-981.0
-15.0,-50.0,-1196.0
-23.0,-85.0,-1169.0
58.0,-126.0,-964.0
-46.0,9.0,-794.0
62.0,208.0,-899.0
-85.0,304.0,-974.0
85.0,150.0,-1124.0
-117.0,21.0,-1104.0
52.0,-113.0,-1153.0
-48.0,-64.0,-993.0
19.0,-68.0,-999.0
11.0,-146.0,-933.0
40.0,150.0,-1038.0
-48.0,325.0,-993.0
78.0,279.0,-1016.0
-111.0,95.0,-1007.0
7.0,-230.0,-1188.0
-54.0,-103.0,-1104.0
81.0,-162.0,-1016.0
-35.0,-7.0,-778.0
48.0,269.0,-913.0
-60.0,409.0,-1011.0
62.0,300.0,-1038.0
-91.0,74.0,-1106.0
0.0,-320.0,-1192.0
-62.0,-122.0,-1036.0
39.0,-130.0,-944.0
60.0,21.0,-810.0
21.0,189.0,-970.0
-17.0,333.0,-1067.0
46.0,281.0,-1116.0
-33.0,-97.0,-1048.0
-5.0,-257.0,-1052.0
5.0,-162.0,-968.0
48.0,56.0,-1065.0
68.0,-37.0,-936.0
-33.0,134.0,-1016.0
-5.0,128.0,-960.0
46.0,216.0,-993.0
-80.0,173.0,-927.0
-66.0,-15.0,-1210.0
13.0,-121.0,-1120.0
-7.0,-160.0,-1108.0
95.0,-325.0,-806.0
-91.0,76.0,-870.0
119.0,212.0,-974.0
-11.0,318.0,-1208.0
-17.0,156.0,-1057.0
-81.0,-177.0,-1128.0
83.0,-7.0,-952.0
-48.0,-171.0,-972.0
140.0,-206.0,-872.0
-140.0,64.0,-1050.0
70.0,370.0,-974.0
-9.0,353.0,-989.0
-23.0,281.0,-901.0
-89.0,-220.0,-1124.0
25.0,-165.0,-1093.0
1.0,-220.0,-1102.0
101.0,-144.0,-882.0
-124.0,140.0,-936.0
171.0,245.0,-909.0
-19.0,394.0,-1050.0
89.0,329.0,-1075.0
-199.0,-214.0,-1202.0
97.0,-185.0,-1075.0
-91.0,-271.0,-1046.0
169.0,-148.0,-845.0
-128.0,138.0,-952.0
128.0,290.0,-1024.0
-83.0,443.0,-1104.0
89.0,158.0,-1005.0
-191.0,-169.0,-1085.0
89.0,-134.0,-956.0
-134.0,-60.0,-1098.0
144.0,-29.0,-991.0
-203.0,117.0,-1030.0
185.0,5.0,-942.0
-50.0,273.0,-974.0
37.0,242.0,-884.0
-195.0,103.0,-1151.0
74.0,-91.0,-1173.0
-50.0,-169.0,-1208.0
167.0,-366.0,-847.0
-126.0,-17.0,-806.0
134.0,152.0,-868.0
-58.0,435.0,-1110.0
19.0,312.0,-1091.0
-113.0,-35.0,-1118.0
68.0,-105.0,-1040.0
-97.0,-189.0,-1016.0
140.0,-204.0,-915.0
-148.0,19.0,-946.0
124.0,121.0,-1016.0
-68.0,261.0,-1038.0
11.0,363.0,-962.0
-64.0,-165.0,-1059.0
27.0,-80.0,-1171.0
-39.0,-281.0,-1122.0
85.0,-206.0,-956.0
-50.0,11.0,-817.0
93.0,214.0,-940.0
7.0,458.0,-991.0
-19.0,388.0,-1097.0
-78.0,-15.0,-1089.0
27.0,-109.0,-1141.0
-66.0,-261.0,-1003.0
122.0,-212.0,-858.0
-62.0,70.0,-872.0
78.0,78.0,-1030.0
-56.0,376.0,-1063.0
23.0,228.0,-1171.0
-62.0,-91.0,-991.0
44.0,-1.0,-997.0
-95.0,-52.0,-1036.0
119.0,3.0,-1079.0
-52.0,27.0,-1018.0
66.0,-177.0,-1054.0
-52.0,224.0,-884.0
54.0,216.0,-999.0
-97.0,124.0,-968.0
-39.0,109.0,-1167.0
-21.0,-109.0,-1218.0
83.0,-89.0,-1003.0
-21.0,-89.0,-726.0
1.0,-64.0,-880.0
-25.0,503.0,-1001.0
-40.0,353.0,-1161.0
-58.0,109.0,-1052.0
-44.0,-87.0,-1085.0
5.0,-255.0,-989.0
70.0,-97.0,-938.0
-3.0,-56.0,-905.0
21.0,-76.0,-1097.0
37.0,327.0,-970.0
37.0,302.0,-995.0
-11.0,11.0,-958.0
-66.0,95.0,-1163.0
-1.0,-292.0,-1100.0
66.0,-99.0,-1079.0
-7.0,-68.0,-829.0
-9.0,44.0,-923.0
27.0,355.0,-878.0
-72.0,300.0,-1159.0
19.0,-35.0,-1042.0
-122.0,-70.0,-1177.0
80.0,-337.0,-1005.0
29.0,-64.0,-1028.0
50.0,-50.0,-899.0
-44.0,-40.0,-1011.0
37.0,324.0,-976.0
-33.0,101.0,-1177.0
66.0,72.0,-976.0
-91.0,-29.0,-1046.0
7.0,15.0,-1005.0
35.0,91.0,-1065.0
7.0,31.0,-993.0
-60.0,-230.0,-976.0
70.0,185.0,-868.0
-46.0,162.0,-1005.0
-7.0,281.0,-905.0
-140.0,54.0,-1163.0
15.0,-187.0,-1247.0
62.0,-189.0,-1083.0
33.0,-50.0,-802.0
-60.0,-23.0,-792.0
81.0,355.0,-954.0
-64.0,337.0,-1194.0
21.0,103.0,-1153.0
-111.0,-31.0,-1075.0
83.0,-294.0,-1042.0
19.0,-66.0,-987.0
66.0,-48.0,-936.0
-97.0,-3.0,-1001.0
132.0,255.0,-1026.0
-119.0,372.0,-1030.0
97.0,146.0,-940.0
-199.0,152.0,-1075.0
107.0,-378.0,-1171.0
-119.0,-29.0,-1091.0
117.0,-105.0,-901.0
-144.0,87.0,-878.0
169.0,230.0,-913.0
-99.0,212.0,-1132.0
142.0,115.0,-1052.0
-189.0,56.0,-1134.0
122.0,-281.0,-1065.0
-154.0,-23.0,-1038.0
171.0,-169.0,-933.0
-117.0,-23.0,-958.0
165.0,283.0,-950.0
-85.0,288.0,-1124.0
101.0,173.0,-1030.0
-203.0,-64.0,-1054.0
33.0,-189.0,-1015.0
-113.0,9.0,-1059.0
95.0,13.0,-1020.0
-42.0,-181.0,-958.0
81.0,50.0,-972.0
-64.0,50.0,-989.0
29.0,407.0,-888.0
-128.0,138.0,-1054.0
-17.0,-156.0,-1255.0
0.0,-269.0,-1145.0
42.0,-228.0,-956.0
74.0,44.0,-694.0
-11.0,437.0,-880.0
0.0,324.0,-1071.0
60.0,359.0,-1171.0
-62.0,-70.0,-1032.0
0.0,-327.0,-1054.0
-7.0,-136.0,-946.0
-21.0,-160.0,-1024.0
72.0,23.0,-944.0
-21.0,292.0,-1057.0
-39.0,325.0,-968.0
64.0,288.0,-983.0
-46.0,-21.0,-985.0
-9.0,-253.0,-1221.0
-37.0,-46.0,-1157.0
11.0,-87.0,-1063.0
29.0,-5.0,-806.0
0.0,177.0,-915.0
44.0,234.0,-981.0
95.0,269.0,-1141.0
-50.0,44.0,-1085.0
-113.0,-201.0,-1124.0
-29.0,-70.0,-977.0
33.0,-56.0,-1022.0
35.0,9.0,-888.0
-31.0,210.0,-976.0
-1.0,222.0,-997.0
33.0,298.0,-1016.0
-35.0,-42.0,-1001.0
-66.0,-165.0,-1108.0
3.0,9.0,-1015.0
37.0,-89.0,-1104.0
33.0,-210.0,-886.0
-11.0,-97.0,-960.0
122.0,54.0,-913.0
46.0,560.0,-1007.0
-81.0,288.0,-960.0
-140.0,54.0,-1255.0
48.0,-226.0,-1126.0
11.0,-427.0,-1046.0
154.0,-261.0,-730.0
-101.0,144.0,-878.0
109.0,300.0,-981.0
-56.0,482.0,-1245.0
-42.0,25.0,-1048.0
-81.0,-277.0,-1077.0
89.0,-119.0,-942.0
-17.0,-331.0,-1040.0
115.0,-15.0,-962.0
-138.0,21.0,-1065.0
105.0,351.0,-1009.0
17.0,419.0,-991.0
-3.0,273.0,-942.0
-37.0,-179.0,-1079.0
3.0,-50.0,-1124.0
-33.0,-288.0,-1118.0
13.0,7.0,-888.0
-89.0,-25.0,-843.0
76.0,193.0,-935.0
-9.0,316.0,-1081.0
-29.0,210.0,-1122.0
-70.0,-83.0,-1063.0
66.0,-39.0,-997.0
-33.0,-163.0,-1100.0
62.0,-9.0,-940.0
-103.0,1.0,-983.0
93.0,115.0,-997.0
-13.0,341.0,-1042.0
13.0,95.0,-1015.0
-132.0,56.0,-1048.0
25.0,-23.0,-1075.0
-68.0,-101.0,-1124.0
117.0,-76.0,-968.0
-68.0,-117.0,-940.0
99.0,-3.0,-915.0
-44.0,470.0,-1007.0
-13.0,386.0,-958.0
-122.0,251.0,-1108.0
9.0,-146.0,-1175.0
-54.0,-421.0,-1173.0
81.0,-277.0,-843.0
-89.0,-25.0,-759.0
132.0,294.0,-936.0
-70.0,470.0,-1159.0
7.0,107.0,-1151.0
-99.0,-42.0,-1083.0
128.0,-185.0,-995.0
-109.0,-208.0,-1015.0
201.0,-44.0,-958.0
-158.0,-5.0,-1001.0
115.0,165.0,-1050.0
-115.0,419.0,-989.0
66.0,210.0,-958.0
-81.0,-52.0,-1005.0
25.0,-187.0,-1161.0
-29.0,-298.0,-1138.0
81.0,-9.0,-1011.0
-76.0,-23.0,-833.0
56.0,56.0,-903.0
-25.0,230.0,-987.0
81.0,165.0,-1194.0
-33.0,107.0,-1048.0
60.0,-3.0,-1067.0
-87.0,-105.0,-999.0
121.0,1.0,-964.0
-42.0,-21.0,-911.0
111.0,9.0,-999.0
-91.0,329.0,-968.0
103.0,11.0,-1079.0
-74.0,177.0,-911.0
31.0,-111.0,-1098.0
-97.0,29.0,-1098.0
144.0,-72.0,-1046.0
-70.0,-115.0,-907.0
48.0,-158.0,-946.0
-33.0,394.0,-935.0
21.0,255.0,-1075.0
-89.0,388.0,-1028.0
-44.0,-91.0,-1239.0
-21.0,-204.0,-1173.0
81.0,-232.0,-972.0
-11.0,-206.0,-772.0
5.0,138.0,-964.0
-31.0,458.0,-1046.0
-13.0,325.0,-1167.0
21.0,103.0,-1065.0
-48.0,-189.0,-1048.0
-40.0,-171.0,-948.0
68.0,31.0,-981.0
-33.0,-9.0,-979.0
-52.0,83.0,-1059.0
0.0,251.0,-923.0
25.0,187.0,-1013.0
27.0,40.0,-915.0
-70.0,-95.0,-1112.0
35.0,-169.0,-1116.0
33.0,-35.0,-1139.0
46.0,-165.0,-866.0
-58.0,89.0,-864.0
122.0,281.0,-909.0
-48.0,234.0,-1159.0
109.0,83.0,-1016.0
-140.0,-76.0,-1155.0
74.0,-93.0,-979.0
-19.0,-19.0,-1042.0
40.0,-122.0,-948.0
-78.0,-115.0,-1003.0
70.0,193.0,-958.0
-37.0,187.0,-1059.0
27.0,128.0,-958.0
-165.0,-136.0,-1132.0
52.0,-17.0,-1151.0
-17.0,-99.0,-1106.0
81.0,-60.0,-919.0
-76.0,-119.0,-880.0
152.0,296.0,-936.0
-60.0,302.0,-1054.0
62.0,443.0,-944.0
-142.0,-48.0,-1196.0
58.0,-152.0,-1169.0
17.0,-257.0,-1050.0
44.0,-224.0,-806.0
-81.0,23.0,-866.0
76.0,281.0,-948.0
-74.0,427.0,-1175.0
70.0,175.0,-1118.0
-191.0,-56.0,-1097.0
124.0,-281.0,-983.0
-72.0,7.0,-987.0
122.0,-101.0,-974.0
-124.0,163.0,-1052.0
103.0,154.0,-985.0
-115.0,224.0,-1038.0
132.0,183.0,-921.0
-167.0,-3.0,-1038.0
52.0,-132.0,-1114.0
-105.0,-35.0,-1157.0
136.0,-91.0,-944.0
-74.0,48.0,-829.0
66.0,189.0,-878.0
-80.0,257.0,-1083.0
78.0,236.0,-1095.0
-124.0,-31.0,-1116.0
54.0,-173.0,-1011.0
-87.0,-74.0,-997.0
144.0,-126.0,-981.0
-64.0,-42.0,-923.0
107.0,87.0,-1028.0
-85.0,212.0,-1011.0
107.0,283.0,-983.0
-99.0,1.0,-1011.0
9.0,-97.0,-1159.0
-33.0,-154.0,-1134.0
46.0,-39.0,-1016.0
27.0,-25.0,-806.0
15.0,105.0,-956.0
-13.0,208.0,-987.0
31.0,359.0,-1050.0
-93.0,91.0,-1079.0
-9.0,-218.0,-1218.0
-29.0,-423.0,-1065.0
52.0,-322.0,-956.0
-17.0,95.0,-802.0
56.0,259.0,-985.0
-56.0,409.0,-1034.0
78.0,167.0,-1118.0
-70.0,11.0,-1024.0
66.0,-154.0,-1044.0
-83.0,29.0,-956.0
107.0,-144.0,-1016.0
0.0,105.0,-964.0
78.0,-15.0,-995.0
-85.0,318.0,-948.0
158.0,39.0,-977.0
-91.0,126.0,-956.0
0.0,-204.0,-1141.0
-91.0,76.0,-1169.0
97.0,-115.0,-1067.0
-9.0,-103.0,-870.0
29.0,52.0,-843.0
-13.0,302.0,-979.0
93.0,296.0,-1132.0
-105.0,83.0,-1157.0
-7.0,-214.0,-1124.0
-23.0,-80.0,-993.0
107.0,-56.0,-1001.0
17.0,-111.0,-927.0
-44.0,93.0,-1015.0
-5.0,179.0,-1003.0
27.0,521.0,-991.0
-78.0,204.0,-964.0
-74.0,-44.0,-1126.0
-29.0,-214.0,-1136.0
27.0,-249.0,-1122.0
21.0,-115.0,-821.0
-42.0,126.0,-899.0
44.0,204.0,-913.0
23.0,366.0,-1075.0
-60.0,91.0,-1024.0
-111.0,-23.0,-1204.0
46.0,-169.0,-1065.0
5.0,-308.0,-1038.0
93.0,-175.0,-794.0
-58.0,64.0,-935.0
56.0,468.0,-954.0
-31.0,415.0,-1184.0
1.0,74.0,-1059.0
-74.0,-267.0,-1083.0
39.0,-175.0,-913.0
-21.0,-78.0,-1048.0
54.0,3.0,-962.0
-128.0,-89.0,-1034.0
87.0,165.0,-983.0
-17.0,175.0,-1030.0
5.0,189.0,-913.0
-111.0,-89.0,-1075.0
13.0,-31.0,-1182.0
7.0,-117.0,-1145.0
107.0,-33.0,-894.0
-66.0,-37.0,-815.0
74.0,210.0,-940.0
-35.0,413.0,-1065.0
33.0,197.0,-1112.0
-81.0,23.0,-1104.0
103.0,-216.0,-1048.0
-46.0,-126.0,-1040.0
40.0,-247.0,-933.0
-146.0,95.0,-995.0
169.0,111.0,-1036.0
-78.0,474.0,-1028.0
78.0,175.0,-948.0
-171.0,134.0,-1046.0
68.0,-162.0,-1169.0
-93.0,-201.0,-1177.0
97.0,-267.0,-948.0
-117.0,-35.0,-864.0
136.0,261.0,-897.0
-76.0,456.0,-1048.0
54.0,306.0,-1050.0
-97.0,76.0,-1130.0
70.0,-197.0,-1097.0
-93.0,-257.0,-1050.0
122.0,-156.0,-886.0
-115.0,5.0,-888.0
103.0,345.0,-956.0
-124.0,411.0,-1075.0
80.0,165.0,-1065.0
-109.0,-193.0,-1050.0
68.0,-214.0,-991.0
-111.0,-95.0,-1050.0
136.0,56.0,-1015.0
-70.0,-58.0,-1001.0
54.0,3.0,-1038.0
-42.0,185.0,-925.0
95.0,281.0,-958.0
-89.0,76.0,-1018.0
-11.0,-29.0,-1196.0
-68.0,-144.0,-1188.0
105.0,-76.0,-1028.0
-23.0,-66.0,-759.0
21.0,42.0,-907.0
5.0,257.0,-995.0
31.0,230.0,-1182.0
-27.0,121.0,-1061.0
-21.0,-181.0,-1134.0
-25.0,-132.0,-981.0
64.0,-232.0,-979.0
3.0,5.0,-907.0
3.0,-56.0,-1054.0
0.0,370.0,-977.0
48.0,236.0,-977.0
-35.0,388.0,-913.0
-42.0,-48.0,-1159.0
-25.0,-50.0,-1124.0
85.0,-245.0,-976.0
46.0,-165.0,-858.0
-23.0,7.0,-919.0
91.0,283.0,-927.0
27.0,275.0,-1110.0
-17.0,154.0,-1081.0
-89.0,-107.0,-1143.0
-1.0,-64.0,-1054.0
68.0,-89.0,-968.0
107.0,-210.0,-884.0
-83.0,87.0,-995.0
44.0,271.0,-1015.0
-33.0,402.0,-1116.0
60.0,-29.0,-1048.0
-119.0,-122.0,-1073.0
58.0,-251.0,-956.0
11.0,181.0,-1075.0
46.0,-44.0,-991.0
-103.0,66.0,-1073.0
85.0,70.0,-905.0
-21.0,251.0,-1026.0
9.0,216.0,-866.0
-171.0,204.0,-1169.0
58.0,-152.0,-1165.0
35.0,-232.0,-1216.0
91.0,-320.0,-761.0
-101.0,-31.0,-860.0
124.0,312.0,-870.0
-60.0,368.0,-1212.0
64.0,169.0,-1042.0
-152.0,-160.0,-1186.0
80.0,-78.0,-983.0
-39.0,-81.0,-1026.0
132.0,-54.0,-853.0
-122.0,-81.0,-1052.0
150.0,273.0,-970.0
-83.0,253.0,-1022.0
48.0,273.0,-923.0
-175.0,-97.0,-1147.0
25.0,-115.0,-1134.0
-40.0,-325.0,-1100.0
58.0,-138.0,-895.0
-83.0,-99.0,-870.0
124.0,284.0,-903.0
-66.0,327.0,-1089.0
17.0,134.0,-1098.0
-148.0,-109.0,-1145.0
103.0,-152.0,-1054.0
-33.0,3.0,-946.0
128.0,31.0,-915.0
-83.0,119.0,-911.0
113.0,160.0,-1005.0
-93.0,304.0,-1091.0
70.0,23.0,-1069.0
-144.0,-58.0,-981.0
107.0,-218.0,-1044.0
-50.0,42.0,-1061.0
62.0,-27.0,-1056.0
-52.0,117.0,-981.0
89.0,-11.0,-974.0
-80.0,158.0,-976.0
68.0,212.0,-966.0
-119.0,228.0,-1016.0
0.0,-54.0,-1227.0
-66.0,-158.0,-1239.0
64.0,-306.0,-936.0
-35.0,3.0,-751.0
121.0,173.0,-853.0
-42.0,372.0,-1102.0
37.0,308.0,-1167.0
-128.0,42.0,-1077.0
91.0,-50.0,-1046.0
-89.0,-224.0,-1042.0
78.0,-35.0,-929.0
-62.0,-40.0,-911.0
74.0,245.0,-1024.0
-99.0,228.0,-1022.0
60.0,187.0,-972.0
-101.0,-40.0,-1003.0
9.0,-162.0,-1169.0
-74.0,-251.0,-1116.0
134.0,-138.0,-1022.0
-39.0,109.0,-798.0
119.0,150.0,-938.0
-78.0,378.0,-995.0
89.0,292.0,-1104.0
-128.0,37.0,-1095.0
52.0,-343.0,-1161.0
-91.0,-113.0,-1011.0
142.0,-193.0,-952.0
-35.0,162.0,-868.0
60.0,-5.0,-1034.0
-78.0,314.0,-1077.0
66.0,-39.0,-1083.0
-58.0,50.0,-1007.0
-13.0,-240.0,-1036.0
-78.0,31.0,-1015.0
89.0,-70.0,-1048.0
-13.0,134.0,-1030.0
5.0,-85.0,-952.0
19.0,267.0,-923.0
66.0,203.0,-915.0
-62.0,327.0,-931.0
-56.0,-13.0,-1157.0
-33.0,-99.0,-1227.0
101.0,-242.0,-1036.0
70.0,-275.0,-800.0
-11.0,27.0,-798.0
83.0,294.0,-977.0
31.0,552.0,-1169.0
-9.0,23.0,-1087.0
-103.0,-72.0,-1112.0
33.0,-312.0,-983.0
-7.0,3.0,-1038.0
76.0,-152.0,-882.0
-80.0,134.0,-1077.0
105.0,175.0,-950.0
-52.0,482.0,-1015.0
-9.0,122.0,-913.0
-142.0,-74.0,-1171.0
78.0,-267.0,-1116.0
-40.0,-152.0,-1190.0
101.0,-50.0,-806.0
-115.0,136.0,-890.0
144.0,376.0,-870.0
-56.0,341.0,-1171.0
9.0,220.0,-1044.0
-154.0,-222.0,-1218.0
101.0,-193.0,-968.0
-54.0,-290.0,-1042.0
91.0,13.0,-843.0
-101.0,-39.0,-1007.0
89.0,308.0,-958.0
-35.0,214.0,-1093.0
54.0,66.0,-1013.0
-107.0,-128.0,-1040.0
39.0,9.0,-1024.0
-56.0,-74.0,-1102.0
70.0,-9.0,-1005.0
-72.0,-115.0,-940.0
101.0,11.0,-970.0
-50.0,232.0,-970.0
1.0,154.0,-946.0
-113.0,3.0,-1132.0
-23.0,-101.0,-1220.0
-11.0,-277.0,-1124.0
27.0,-394.0,-876.0
-66.0,-136.0,-796.0
35.0,228.0,-954.0
-44.0,464.0,-1126.0
7.0,107.0,-1136.0
-109.0,-80.0,-1065.0
60.0,-392.0,-1020.0
-72.0,-218.0,-976.0
89.0,-238.0,-976.0
-80.0,-1.0,-983.0
124.0,39.0,-1003.0
-37.0,300.0,-1018.0
62.0,95.0,-925.0
-95.0,-7.0,-999.0
42.0,-347.0,-1147.0
-76.0,-378.0,-1206.0
74.0,-247.0,-966.0
-37.0,-83.0,-864.0
19.0,121.0,-868.0
-27.0,113.0,-1056.0
66.0,195.0,-1097.0
-78.0,-15.0,-1097.0
33.0,-160.0,-1030.0
-103.0,-339.0,-1005.0
136.0,-121.0,-997.0
-97.0,-257.0,-933.0
105.0,-31.0,-1028.0
-97.0,11.0,-1044.0
99.0,-257.0,-1067.0
-109.0,-456.0,-1022.0
58.0,-562.0,-1147.0
-122.0,-288.0,-1114.0
136.0,-445.0,-1120.0
-33.0,-304.0,-952.0
31.0,-435.0,-1013.0
-42.0,37.0,-880.0
74.0,62.0,-960.0
-187.0,50.0,-1057.0
-130.0,-454.0,-1194.0
-81.0,-618.0,-1171.0
-40.0,-765.0,-976.0
-72.0,-540.0,-726.0
-52.0,-212.0,-767.0
-33.0,-1.0,-1032.0
44.0,-7.0,-1122.0
-68.0,-378.0,-1009.0
7.0,-585.0,-1050.0
1.0,-505.0,-886.0
134.0,-478.0,-974.0
115.0,-392.0,-872.0
21.0,-423.0,-1028.0
74.0,-197.0,-894.0
52.0,-160.0,-991.0
99.0,-271.0,-882.0
-40.0,-558.0,-1132.0
95.0,-655.0,-1071.0
85.0,-503.0,-1098.0
130.0,-337.0,-862.0
56.0,-203.0,-868.0
138.0,-70.0,-954.0
66.0,3.0,-1157.0
21.0,-242.0,-1139.0
-1.0,-357.0,-1130.0
128.0,-447.0,-1063.0
76.0,-407.0,-1057.0
126.0,-296.0,-927.0
-3.0,-271.0,-977.0
130.0,1.0,-999.0
37.0,23.0,-1102.0
35.0,-144.0,-983.0
-17.0,-325.0,-1038.0
62.0,-284.0,-1020.0
11.0,-234.0,-1095.0
87.0,-222.0,-931.0
-35.0,-240.0,-979.0
144.0,-72.0,-903.0
-15.0,5.0,-944.0
21.0,236.0,-888.0
-117.0,-195.0,-1169.0
58.0,-251.0,-1237.0
21.0,-628.0,-1122.0
50.0,-519.0,-808.0
-62.0,-160.0,-839.0
21.0,189.0,-938.0
-117.0,452.0,-1194.0
-17.0,19.0,-1169.0
-167.0,-214.0,-1124.0
25.0,-374.0,-960.0
-128.0,-355.0,-1065.0
3.0,11.0,-977.0
-169.0,-103.0,-987.0
1.0,80.0,-1015.0
-162.0,208.0,-1067.0
-72.0,152.0,-944.0
-195.0,-109.0,-1030.0
-58.0,-359.0,-1153.0
-152.0,-394.0,-1159.0
-35.0,-154.0,-915.0
-156.0,-81.0,-864.0
13.0,121.0,-895.0
-148.0,173.0,-1061.0
-25.0,0.0,-1063.0
-216.0,-140.0,-1128.0
54.0,-308.0,-981.0
-78.0,-204.0,-1005.0
109.0,-169.0,-935.0
-148.0,-76.0,-921.0
85.0,25.0,-929.0
-109.0,52.0,-1065.0
95.0,0.0,-977.0
-128.0,-318.0,-1015.0
37.0,-230.0,-1102.0
-60.0,-115.0,-1124.0
148.0,-199.0,-977.0
3.0,-308.0,-948.0
107.0,-345.0,-935.0
-27.0,81.0,-979.0
103.0,152.0,-1005.0
-109.0,136.0,-1075.0
27.0,-269.0,-1237.0
-35.0,-644.0,-1196.0
111.0,-661.0,-977.0
17.0,-302.0,-774.0
163.0,-83.0,-866.0
-48.0,267.0,-1079.0
80.0,-119.0,-1229.0
-62.0,-242.0,-1095.0
68.0,-591.0,-1048.0
-89.0,-407.0,-972.0
136.0,-351.0,-911.0
-25.0,-310.0,-983.0
56.0,-247.0,-1036.0
-15.0,-48.0,-968.0
93.0,-140.0,-948.0
-56.0,-263.0,-974.0
-7.0,-509.0,-1075.0
-21.0,-659.0,-1130.0
124.0,-452.0,-1081.0
50.0,-460.0,-841.0
9.0,-240.0,-843.0
48.0,-325.0,-913.0
29.0,-208.0,-1175.0
27.0,-425.0,-1056.0
-50.0,-558.0,-1075.0
56.0,-458.0,-979.0
29.0,-566.0,-1040.0
97.0,-488.0,-829.0
-23.0,-503.0,-1028.0
70.0,-156.0,-936.0
25.0,-105.0,-1009.0
58.0,-466.0,-958.0
-105.0,-407.0,-1095.0
48.0,-616.0,-1073.0
-17.0,-378.0,-1095.0
107.0,-542.0,-890.0
-95.0,-501.0,-972.0
165.0,-269.0,-874.0
-11.0,-35.0,-1059.0
33.0,46.0,-935.0
-144.0,-245.0,-1212.0
105.0,-599.0,-1136.0
3.0,-776.0,-1120.0
78.0,-655.0,-780.0
-40.0,-238.0,-825.0
56.0,37.0,-950.0
-52.0,191.0,-1196.0
0.0,-189.0,-1073.0
-115.0,-421.0,-1104.0
64.0,-552.0,-909.0
-19.0,-499.0,-960.0
66.0,-286.0,-913.0
-83.0,-163.0,-1030.0
46.0,23.0,-946.0
-17.0,-5.0,-993.0
89.0,-31.0,-894.0
-134.0,-249.0,-1052.0
15.0,-464.0,-1110.0
-27.0,-486.0,-1151.0
121.0,-347.0,-917.0
-66.0,-206.0,-806.0
163.0,-89.0,-872.0
-40.0,70.0,-1157.0
80.0,-68.0,-1098.0
-99.0,-165.0,-1095.0
101.0,-322.0,-1071.0
-56.0,-197.0,-1075.0
64.0,-372.0,-948.0
-113.0,-130.0,-970.0
113.0,-76.0,-1036.0
-101.0,142.0,-1122.0
35.0,91.0,-983.0
-154.0,-189.0,-1063.0
27.0,-144.0,-1143.0
-62.0,-281.0,-1161.0
78.0,-253.0,-972.0
-56.0,-283.0,-929.0
56.0,-187.0,-929.0
-74.0,148.0,-976.0
56.0,314.0,-972.0
-124.0,21.0,-1087.0
-60.0,-277.0,-1210.0
-52.0,-515.0,-1128.0
5.0,-548.0,-897.0
-56.0,-216.0,-761.0
-37.0,105.0,-882.0
-66.0,357.0,-1075.0
-9.0,-39.0,-1169.0
-109.0,-255.0,-1052.0
54.0,-538.0,-989.0
-119.0,-425.0,-940.0
111.0,-230.0,-948.0
-101.0,-197.0,-997.0
64.0,-64.0,-1030.0
-80.0,64.0,-995.0
64.0,-15.0,-936.0
-130.0,-201.0,-968.0
19.0,-464.0,-1171.0
-97.0,-507.0,-1198.0
130.0,-347.0,-1044.0
-93.0,-283.0,-854.0
50.0,-220.0,-905.0
-68.0,-44.0,-1024.0
99.0,-154.0,-1155.0
-103.0,-259.0,-1122.0
-9.0,-402.0,-1120.0
-66.0,-435.0,-1026.0
85.0,-378.0,-1001.0
-64.0,-308.0,-948.0
3.0,-284.0,-1009.0
-42.0,-72.0,-958.0
50.0,-44.0,-999.0
-101.0,-158.0,-968.0
-52.0,-413.0,-1110.0
-35.0,-497.0,-1118.0
68.0,-501.0,-1040.0
15.0,-501.0,-833.0
-3.0,-411.0,-882.0
44.0,-230.0,-907.0
103.0,5.0,-983.0
-33.0,-80.0,-985.0
-19.0,-296.0,-1153.0
39.0,-681.0,-1093.0
97.0,-757.0,-1015.0
167.0,-755.0,-772.0
17.0,-253.0,-827.0
76.0,50.0,-946.0
66.0,35.0,-1225.0
44.0,-195.0,-1097.0
-1.0,-712.0,-1073.0
89.0,-765.0,-952.0
78.0,-534.0,-1009.0
91.0,-447.0,-966.0
3.0,-286.0,-1095.0
107.0,-175.0,-1016.0
46.0,-76.0,-993.0
99.0,-165.0,-940.0
-85.0,-366.0,-1163.0
33.0,-513.0,-1188.0
-11.0,-655.0,-1147.0
105.0,-538.0,-858.0
-62.0,-349.0,-868.0
76.0,-105.0,-907.0
-39.0,-48.0,-1143.0
46.0,-150.0,-1081.0
-130.0,-333.0,-1052.0
78.0,-376.0,-964.0
-58.0,-398.0,-1046.0
13.0,-302.0,-880.0
-111.0,-419.0,-952.0
124.0,-263.0,-956.0
-74.0,7.0,-1018.0
19.0,-27.0,-888.0
-113.0,-222.0,-1061.0
52.0,-368.0,-1079.0
-56.0,-464.0,-1122.0
68.0,-437.0,-911.0
-74.0,-324.0,-880.0
95.0,-212.0,-868.0
-13.0,37.0,-1063.0
23.0,101.0,-1011.0
-117.0,-107.0,-1122.0
52.0,-435.0,-1159.0
-39.0,-554.0,-1177.0
95.0,-497.0,-849.0
-60.0,-226.0,-819.0
60.0,126.0,-940.0
-95.0,333.0,-1202.0
5.0,-60.0,-1097.0
-87.0,-335.0,-1147.0
74.0,-509.0,-987.0
-87.0,-335.0,-972.0
64.0,-175.0,-962.0
-111.0,-66.0,-1073.0
52.0,-195.0,-1044.0
-83.0,-7.0,-1013.0
70.0,27.0,-905.0
-109.0,-81.0,-1042.0
-5.0,-216.0,-1139.0
-29.0,-392.0,-1204.0
80.0,-341.0,-960.0
-97.0,-240.0,-812.0
25.0,-115.0,-823.0
-37.0,124.0,-1071.0
21.0,-23.0,-1130.0
-81.0,-242.0,-1095.0
-3.0,-298.0,-1065.0
-35.0,-283.0,-1026.0
27.0,-251.0,-907.0
-62.0,-314.0,-952.0
25.0,-240.0,-1020.0
-78.0,83.0,-1015.0
35.0,117.0,-991.0
-66.0,-85.0,-977.0
-54.0,-343.0,-1145.0
-56.0,-507.0,-1163.0
52.0,-423.0,-1016.0
-40.0,-431.0,-853.0
0.0,-232.0,-936.0
1.0,-19.0,-987.0
42.0,33.0,-1052.0
-78.0,-60.0,-1059.0
-5.0,-324.0,-1218.0
-48.0,-484.0,-1098.0
42.0,-458.0,-954.0
-27.0,-343.0,-796.0
-5.0,-113.0,-960.0
-33.0,91.0,-1024.0
3.0,-93.0,-1120.0
-13.0,-386.0,-1065.0
-35.0,-640.0,-1069.0
-29.0,-480.0,-940.0
117.0,-327.0,-1020.0
-5.0,-245.0,-962.0
-11.0,-365.0,-1032.0
9.0,-191.0,-909.0
80.0,-144.0,-962.0
-21.0,-165.0,-946.0
-66.0,-368.0,-1128.0
-1.0,-509.0,-1143.0
50.0,-491.0,-1098.0
87.0,-413.0,-796.0
62.0,-333.0,-804.0
81.0,-91.0,-915.0
37.0,-201.0,-1106.0
19.0,-361.0,-1054.0
-25.0,-499.0,-1151.0
87.0,-509.0,-1028.0
78.0,-517.0,-1028.0
119.0,-527.0,-882.0
29.0,-511.0,-987.0
97.0,-107.0,-985.0
60.0,-21.0,-1052.0
9.0,-68.0,-913.0
-46.0,-433.0,-1136.0
31.0,-616.0,-1169.0
40.0,-632.0,-1071.0
87.0,-497.0,-849.0
-48.0,-265.0,-892.0
103.0,-95.0,-933.0
31.0,-66.0,-1063.0
-33.0,-130.0,-1046.0
-89.0,-413.0,-1175.0
7.0,-589.0,-1106.0
9.0,-648.0,-1030.0
62.0,-521.0,-835.0
-54.0,-292.0,-899.0
17.0,37.0,-917.0
-37.0,122.0,-1179.0
23.0,-162.0,-1087.0
-115.0,-501.0,-1034.0
89.0,-538.0,-897.0
-35.0,-349.0,-1022.0
39.0,-173.0,-935.0
-66.0,-261.0,-1056.0
64.0,-247.0,-958.0
-15.0,-181.0,-1003.0
60.0,-50.0,-837.0
-128.0,-165.0,-1020.0
3.0,-357.0,-1206.0
-23.0,-431.0,-1231.0
76.0,-497.0,-890.0
-46.0,-357.0,-794.0
58.0,-76.0,-892.0
-5.0,105.0,-1091.0
64.0,87.0,-1112.0
-44.0,-121.0,-1124.0
91.0,-281.0,-1065.0
-33.0,-351.0,-997.0
111.0,-261.0,-915.0
-81.0,-324.0,-997.0
78.0,-162.0,-1071.0
-121.0,27.0,-1015.0
23.0,117.0,-927.0
7.0,-9.0,-1034.0
212.0,-249.0,-1188.0
81.0,-505.0,-1136.0
927.0,-419.0,-833.0
325.0,-117.0,-1052.0
1106.0,76.0,-812.0
558.0,284.0,-1054.0
997.0,97.0,-1157.0
927.0,76.0,-1122.0
802.0,-251.0,-1284.0
1268.0,-513.0,-958.0
1114.0,-325.0,-919.0
1239.0,-60.0,-835.0
1042.0,228.0,-936.0
1147.0,398.0,-1063.0
1061.0,-56.0,-1145.0
1116.0,-255.0,-958.0
1120.0,-249.0,-849.0
981.0,-279.0,-931.0
1198.0,-91.0,-825.0
862.0,29.0,-1044.0
1134.0,-23.0,-950.0
772.0,206.0,-993.0
1179.0,-35.0,-796.0
694.0,203.0,-1042.0
1114.0,-15.0,-1139.0
646.0,-160.0,-1354.0
1149.0,-318.0,-1028.0
860.0,-130.0,-925.0
1106.0,76.0,-839.0
974.0,407.0,-991.0
1130.0,160.0,-1212.0
985.0,144.0,-1198.0
1177.0,-56.0,-1208.0
1134.0,-130.0,-1020.0
1360.0,-177.0,-964.0
1413.0,-167.0,-960.0
1376.0,76.0,-1067.0
1356.0,253.0,-1024.0
1415.0,144.0,-999.0
1368.0,76.0,-1024.0
1354.0,-33.0,-1177.0
1259.0,-158.0,-1098.0
1504.0,-337.0,-936.0
1385.0,-253.0,-841.0
1218.0,-25.0,-825.0
1270.0,292.0,-864.0
1376.0,249.0,-952.0
1249.0,152.0,-1044.0
1266.0,-160.0,-1167.0
1251.0,-269.0,-983.0
1356.0,-443.0,-874.0
1255.0,-286.0,-821.0
1276.0,17.0,-952.0
1044.0,343.0,-1095.0
1253.0,89.0,-1139.0
1143.0,-169.0,-1081.0
1089.0,-179.0,-1013.0
1186.0,-124.0,-927.0
1272.0,-44.0,-1093.0
1264.0,-158.0,-1024.0
1141.0,-163.0,-1122.0
1278.0,7.0,-933.0
1237.0,50.0,-946.0
1247.0,91.0,-882.0
1036.0,99.0,-1235.0
1298.0,-81.0,-1126.0
1208.0,-306.0,-1126.0
1358.0,-281.0,-833.0
1202.0,-171.0,-851.0
1395.0,208.0,-917.0
1348.0,56.0,-1087.0
1296.0,85.0,-1089.0
1372.0,-80.0,-1100.0
1467.0,31.0,-929.0
1342.0,-160.0,-925.0
1512.0,-361.0,-925.0
1356.0,-325.0,-1050.0
1549.0,48.0,-997.0
1231.0,398.0,-968.0
1382.0,386.0,-923.0
1249.0,15.0,-1077.0
1288.0,-203.0,-1118.0
1331.0,-261.0,-1067.0
1481.0,-382.0,-1024.0
1331.0,-154.0,-938.0
1413.0,249.0,-833.0
1325.0,458.0,-927.0
1292.0,169.0,-997.0
1391.0,5.0,-1120.0
1360.0,-247.0,-1122.0
1382.0,-275.0,-1136.0
1487.0,-306.0,-958.0
1321.0,-150.0,-911.0
1581.0,366.0,-825.0
1305.0,286.0,-966.0
1493.0,76.0,-1118.0
1233.0,0.0,-1309.0
1639.0,-193.0,-1028.0
1056.0,201.0,-1098.0
1667.0,-347.0,-854.0
983.0,-158.0,-1024.0
1852.0,5.0,-712.0
983.0,614.0,-997.0
1586.0,318.0,-876.0
1139.0,121.0,-1216.0
1641.0,-144.0,-1149.0
1153.0,-242.0,-1134.0
1464.0,-474.0,-815.0
1325.0,-91.0,-819.0
1491.0,214.0,-854.0
1274.0,517.0,-1167.0
1526.0,476.0,-1274.0
1169.0,-15.0,-1032.0
1536.0,-201.0,-1005.0
1255.0,-312.0,-1065.0
1407.0,-3.0,-981.0
1243.0,-5.0,-878.0
1368.0,68.0,-1044.0
1159.0,532.0,-983.0
1536.0,44.0,-929.0
1124.0,89.0,-1065.0
1325.0,-146.0,-1061.0
1231.0,-64.0,-1100.0
1633.0,-21.0,-1015.0
1141.0,-206.0,-944.0
1225.0,234.0,-874.0
1544.0,476.0,-911.0
1569.0,167.0,-1071.0
1110.0,224.0,-1216.0
1618.0,-189.0,-1056.0
1235.0,-415.0,-1015.0
1526.0,-105.0,-917.0
1313.0,40.0,-970.0
1358.0,54.0,-716.0
1145.0,226.0,-1001.0
1301.0,392.0,-1124.0
1016.0,107.0,-1095.0
1221.0,-150.0,-882.0
1253.0,-117.0,-1095.0
1214.0,132.0,-1114.0
1155.0,68.0,-694.0
1608.0,-68.0,-769.0
974.0,29.0,-1071.0
979.0,179.0,-1081.0
829.0,324.0,-936.0
954.0,-119.0,-1231.0
936.0,-136.0,-1173.0
888.0,-322.0,-899.0
950.0,-78.0,-718.0
1036.0,-5.0,-843.0
771.0,331.0,-1073.0
651.0,238.0,-1210.0
769.0,138.0,-1276.0
558.0,-105.0,-1132.0
363.0,177.0,-854.0
579.0,-230.0,-1001.0
484.0,-298.0,-868.0
507.0,-195.0,-919.0
347.0,-93.0,-872.0
458.0,363.0,-1143.0
244.0,122.0,-993.0
310.0,-85.0,-1052.0
152.0,156.0,-940.0
388.0,-286.0,-1179.0
146.0,-121.0,-911.0
445.0,-247.0,-765.0
169.0,347.0,-1028.0
279.0,528.0,-1165.0
228.0,-60.0,-1020.0
240.0,-25.0,-1040.0
13.0,-72.0,-1116.0
206.0,-402.0,-1093.0
281.0,80.0,-829.0
277.0,-138.0,-788.0
35.0,284.0,-845.0
314.0,218.0,-1114.0
281.0,25.0,-1143.0
39.0,35.0,-895.0
181.0,-236.0,-1182.0
152.0,-64.0,-1005.0
130.0,212.0,-847.0
29.0,50.0,-903.0
140.0,-171.0,-946.0
42.0,103.0,-1077.0
-81.0,-97.0,-876.0
101.0,357.0,-1057.0
11.0,-7.0,-1016.0
105.0,-273.0,-1022.0
83.0,-101.0,-915.0
7.0,70.0,-858.0
238.0,277.0,-886.0
33.0,425.0,-1020.0
165.0,113.0,-1069.0
-29.0,-126.0,-1184.0
191.0,-281.0,-1151.0
203.0,3.0,-956.0
113.0,292.0,-868.0
191.0,-185.0,-942.0
66.0,93.0,-974.0
97.0,279.0,-1028.0
144.0,91.0,-1032.0
119.0,234.0,-1042.0
91.0,-165.0,-921.0
62.0,64.0,-1108.0
152.0,-44.0,-880.0
308.0,-99.0,-843.0
78.0,331.0,-831.0
179.0,210.0,-1141.0
56.0,-288.0,-987.0
9.0,378.0,-1018.0
203.0,-413.0,-1120.0
93.0,171.0,-1192.0
156.0,74.0,-829.0
-39.0,-144.0,-808.0
308.0,257.0,-960.0
15.0,9.0,-1098.0
29.0,273.0,-960.0
263.0,15.0,-1005.0
-163.0,-87.0,-1253.0
183.0,0.0,-1132.0
-11.0,103.0,-970.0
199.0,-144.0,-817.0
3.0,-91.0,-981.0
87.0,177.0,-911.0
-72.0,296.0,-1005.0
7.0,407.0,-1147.0
-15.0,-81.0,-1264.0
-11.0,-111.0,-966.0
3.0,-429.0,-687.0
-121.0,130.0,-825.0
5.0,-5.0,-1052.0
-87.0,363.0,-1063.0
-5.0,1.0,-1032.0
-21.0,-171.0,-1083.0
-15.0,-279.0,-952.0
-83.0,-111.0,-901.0
204.0,376.0,-1005.0
-48.0,9.0,-1065.0
167.0,58.0,-872.0
23.0,-76.0,-911.0
-193.0,181.0,-1042.0
-46.0,95.0,-942.0
-70.0,-97.0,-987.0
-62.0,189.0,-1130.0
103.0,-40.0,-1087.0
23.0,-60.0,-856.0
-60.0,-78.0,-860.0
163.0,150.0,-927.0
52.0,201.0,-1145.0
-7.0,-52.0,-954.0
-19.0,54.0,-1020.0
-31.0,39.0,-1153.0
-44.0,-80.0,-1095.0
132.0,-363.0,-751.0
54.0,-54.0,-899.0
134.0,103.0,-927.0
-56.0,468.0,-974.0
62.0,56.0,-892.0
-97.0,-218.0,-1165.0
21.0,-150.0,-974.0
29.0,146.0,-1149.0
300.0,15.0,-964.0
-154.0,-216.0,-884.0
197.0,21.0,-743.0
70.0,244.0,-1057.0
37.0,232.0,-1112.0
-269.0,-136.0,-1052.0
325.0,-218.0,-1126.0
-15.0,-35.0,-1167.0
130.0,19.0,-810.0
-156.0,130.0,-794.0
140.0,413.0,-804.0
-1.0,218.0,-1260.0
-33.0,-39.0,-1016.0
-46.0,-103.0,-1038.0
181.0,-212.0,-936.0
72.0,324.0,-1139.0
-87.0,-312.0,-853.0
-27.0,-40.0,-962.0
117.0,-91.0,-886.0
-80.0,587.0,-1145.0
130.0,-35.0,-964.0
-97.0,-80.0,-1016.0
169.0,-126.0,-1093.0
-226.0,-68.0,-1147.0
54.0,111.0,-954.0
-48.0,-109.0,-737.0
9.0,89.0,-858.0
-150.0,95.0,-1102.0
-44.0,117.0,-933.0
-91.0,-13.0,-1057.0
-93.0,277.0,-1138.0
-97.0,-97.0,-876.0
152.0,-165.0,-921.0
-122.0,130.0,-874.0
109.0,46.0,-964.0
-64.0,308.0,-946.0
39.0,298.0,-1257.0
-204.0,68.0,-974.0
80.0,-255.0,-1106.0
40.0,48.0,-1126.0
80.0,66.0,-1013.0
27.0,-245.0,-733.0
58.0,-25.0,-774.0
-165.0,255.0,-968.0
-62.0,267.0,-974.0
15.0,154.0,-1098.0
85.0,-169.0,-1071.0
66.0,-275.0,-1106.0
-9.0,-121.0,-718.0
0.0,-101.0,-936.0
-29.0,359.0,-997.0
-214.0,199.0,-1120.0
50.0,-5.0,-1075.0
-21.0,81.0,-1100.0
-39.0,124.0,-890.0
13.0,111.0,-1052.0
251.0,0.0,-958.0
29.0,-115.0,-907.0
58.0,-68.0,-976.0
-167.0,-1.0,-970.0
308.0,318.0,-1147.0
-3.0,388.0,-1028.0
7.0,130.0,-1085.0
-85.0,-259.0,-1210.0
101.0,-128.0,-1003.0
31.0,-191.0,-841.0
-165.0,-150.0,-786.0
105.0,245.0,-925.0
27.0,214.0,-1190.0
-91.0,267.0,-1134.0
-7.0,140.0,-981.0
-89.0,-396.0,-991.0
111.0,-193.0,-831.0
23.0,-56.0,-868.0
3.0,44.0,-1013.0
-44.0,333.0,-1018.0
5.0,353.0,-944.0
-95.0,-39.0,-1036.0
-5.0,-48.0,-1073.0
-7.0,40.0,-1059.0
290.0,95.0,-970.0
-9.0,-210.0,-874.0
177.0,-146.0,-993.0
-122.0,306.0,-858.0
279.0,232.0,-1052.0
-183.0,146.0,-1042.0
191.0,-91.0,-1196.0
-210.0,115.0,-915.0
245.0,-121.0,-919.0
-167.0,17.0,-958.0
134.0,-197.0,-882.0
-183.0,-56.0,-979.0
68.0,1.0,-1106.0
-158.0,402.0,-1011.0
33.0,-154.0,-933.0
-244.0,429.0,-985.0
5.0,-138.0,-1016.0
89.0,-384.0,-874.0
-163.0,-50.0,-1089.0
-93.0,-3.0,-1024.0
50.0,509.0,-634.0
-128.0,148.0,-960.0
89.0,-56.0,-1264.0
-91.0,-21.0,-1180.0
154.0,-366.0,-1009.0
-68.0,236.0,-835.0
37.0,-89.0,-837.0
5.0,148.0,-827.0
-165.0,351.0,-1015.0
99.0,193.0,-1202.0
115.0,0.0,-1157.0
-109.0,-19.0,-1015.0
31.0,-17.0,-952.0
167.0,-70.0,-782.0
-40.0,-146.0,-858.0
152.0,-210.0,-1016.0
-64.0,269.0,-1136.0
95.0,33.0,-966.0
23.0,292.0,-901.0
-11.0,5.0,-1108.0
25.0,85.0,-911.0
9.0,-232.0,-821.0
-44.0,156.0,-679.0
148.0,-7.0,-1128.0
27.0,226.0,-1139.0
85.0,9.0,-977.0
-48.0,179.0,-1093.0
97.0,-226.0,-1022.0
66.0,85.0,-1073.0
113.0,25.0,-812.0
-76.0,54.0,-772.0
27.0,-105.0,-1077.0
25.0,175.0,-1200.0
-191.0,35.0,-991.0
-15.0,423.0,-886.0
68.0,136.0,-1221.0
21.0,121.0,-956.0
-87.0,-341.0,-890.0
23.0,-218.0,-1030.0
89.0,-5.0,-1042.0
-72.0,146.0,-915.0
-23.0,251.0,-829.0
-101.0,140.0,-895.0
-66.0,-214.0,-1260.0
142.0,140.0,-1163.0
11.0,68.0,-892.0
-81.0,-271.0,-587.0
-103.0,-144.0,-989.0
115.0,-105.0,-1155.0
-101.0,607.0,-919.0
-19.0,46.0,-1015.0
-93.0,40.0,-1122.0
56.0,-327.0,-1106.0
-81.0,81.0,-780.0
27.0,64.0,-927.0
-81.0,312.0,-774.0
-39.0,-83.0,-983.0
66.0,7.0,-952.0
-97.0,76.0,-1030.0
-93.0,300.0,-1198.0
40.0,37.0,-1179.0
117.0,-3.0,-936.0
13.0,-87.0,-663.0
-144.0,-99.0,-864.0
-44.0,23.0,-1048.0
138.0,267.0,-1071.0
-89.0,-89.0,-1067.0
-56.0,25.0,-1057.0
-25.0,3.0,-1173.0
238.0,333.0,-895.0
-89.0,-189.0,-718.0
89.0,-388.0,-886.0
83.0,-277.0,-1231.0
162.0,421.0,-1063.0
-179.0,466.0,-913.0
87.0,40.0,-989.0
-113.0,-113.0,-1229.0
175.0,-310.0,-1169.0
-290.0,452.0,-655.0
122.0,-3.0,-786.0
-89.0,21.0,-1091.0
290.0,-368.0,-1061.0
-400.0,497.0,-862.0
212.0,294.0,-985.0
-37.0,-33.0,-1280.0
236.0,-31.0,-1124.0
0.0,-257.0,-784.0
-62.0,93.0,-751.0
195.0,162.0,-935.0
-130.0,450.0,-1130.0
156.0,-335.0,-1054.0
-267.0,50.0,-1114.0
187.0,-91.0,-1089.0
-78.0,427.0,-960.0
72.0,19.0,-753.0
-105.0,-298.0,-862.0
-13.0,-171.0,-1003.0
-99.0,-173.0,-1128.0
130.0,515.0,-899.0
-214.0,220.0,-977.0
91.0,-70.0,-1237.0
-11.0,-240.0,-1175.0
197.0,212.0,-786.0
-134.0,15.0,-819.0
-33.0,-74.0,-890.0
27.0,-230.0,-1134.0
0.0,325.0,-1015.0
-1.0,314.0,-991.0
-234.0,230.0,-1073.0
370.0,-78.0,-1151.0
-101.0,-398.0,-870.0
115.0,39.0,-710.0
-95.0,212.0,-1011.0
132.0,165.0,-1028.0
-27.0,-68.0,-1102.0
17.0,-247.0,-1089.0
-93.0,222.0,-1106.0
31.0,-39.0,-964.0
44.0,185.0,-979.0
-78.0,-173.0,-771.0
-76.0,1.0,-927.0
21.0,-99.0,-827.0
-146.0,327.0,-1196.0
-93.0,101.0,-919.0
-97.0,136.0,-1204.0
306.0,17.0,-1102.0
-154.0,-435.0,-892.0
201.0,-117.0,-724.0
-121.0,394.0,-821.0
122.0,111.0,-1118.0
-56.0,-95.0,-1143.0
64.0,9.0,-1169.0
124.0,415.0,-1061.0
-17.0,183.0,-946.0
19.0,-60.0,-894.0
31.0,-347.0,-929.0
-33.0,-109.0,-874.0
-70.0,208.0,-972.0
25.0,87.0,-1052.0
64.0,62.0,-1102.0
-134.0,-87.0,-1009.0
15.0,208.0,-1097.0
238.0,-273.0,-993.0
181.0,220.0,-823.0
-265.0,271.0,-802.0
-62.0,-146.0,-1056.0
156.0,-11.0,-1024.0
58.0,-244.0,-1210.0
-89.0,614.0,-923.0
-3.0,-144.0,-880.0
206.0,-324.0,-1104.0
-128.0,-13.0,-989.0
189.0,95.0,-819.0
-107.0,286.0,-853.0
175.0,-9.0,-1255.0
-54.0,-42.0,-1212.0
81.0,163.0,-858.0
-214.0,204.0,-1102.0
361.0,201.0,-1063.0
-171.0,-439.0,-1134.0
-33.0,-101.0,-673.0
-253.0,181.0,-806.0
284.0,107.0,-950.0
-253.0,54.0,-1102.0
-109.0,-83.0,-1005.0
-11.0,1.0,-1231.0
-58.0,39.0,-987.0
-37.0,33.0,-800.0
11.0,353.0,-872.0
-68.0,-142.0,-806.0
78.0,-222.0,-1159.0
80.0,103.0,-1210.0
128.0,263.0,-1165.0
-152.0,353.0,-976.0
29.0,-111.0,-866.0
109.0,-433.0,-1026.0
31.0,-181.0,-800.0
-152.0,324.0,-849.0
80.0,257.0,-1020.0
-218.0,85.0,-1139.0
134.0,-103.0,-1204.0
-48.0,267.0,-1046.0
56.0,128.0,-936.0
-64.0,37.0,-1009.0
-15.0,-292.0,-724.0
-62.0,-80.0,-907.0
-7.0,83.0,-1073.0
-33.0,351.0,-1221.0
7.0,72.0,-1110.0
-62.0,-25.0,-765.0
5.0,-308.0,-851.0
-56.0,251.0,-960.0
-109.0,-195.0,-944.0
3.0,284.0,-679.0
-304.0,76.0,-1143.0
-72.0,-167.0,-1063.0
-304.0,54.0,-1122.0
97.0,279.0,-983.0
-286.0,-54.0,-1143.0
-216.0,-167.0,-774.0
-87.0,-3.0,-929.0
-292.0,-68.0,-886.0
-91.0,191.0,-1026.0
-386.0,44.0,-946.0
-359.0,113.0,-1192.0
-634.0,95.0,-1112.0
-628.0,212.0,-1093.0
-318.0,-142.0,-704.0
-1512.0,19.0,-1126.0
-1151.0,-267.0,-927.0
-1216.0,70.0,-810.0
-1323.0,548.0,-1169.0
-1419.0,126.0,-964.0
-1415.0,-214.0,-1061.0
-1223.0,-456.0,-1098.0
-1823.0,495.0,-917.0
-1225.0,46.0,-585.0
-1549.0,-91.0,-954.0
-1075.0,-331.0,-1229.0
-1508.0,140.0,-1036.0
-1188.0,415.0,-843.0
-1460.0,-126.0,-1407.0
-1054.0,-101.0,-1462.0
-1052.0,-7.0,-878.0
-1231.0,177.0,-747.0
-1143.0,-111.0,-972.0
-1139.0,-249.0,-1112.0
-1011.0,130.0,-1018.0
-1097.0,191.0,-1097.0
-1003.0,-7.0,-1190.0
-1048.0,15.0,-1050.0
-825.0,320.0,-981.0
-1204.0,-25.0,-827.0
-724.0,-378.0,-636.0
-1239.0,-218.0,-1141.0
-823.0,107.0,-1042.0
-1134.0,675.0,-1057.0
-1024.0,-130.0,-1073.0
-958.0,-169.0,-1069.0
-1163.0,81.0,-1030.0
-1440.0,156.0,-825.0
-1323.0,-117.0,-630.0
-1208.0,-579.0,-1022.0
-1528.0,421.0,-1194.0
-1262.0,245.0,-1038.0
-1344.0,148.0,-1075.0
-1237.0,-163.0,-1118.0
-1223.0,-163.0,-1122.0
-1192.0,382.0,-765.0
-1329.0,-25.0,-884.0
-1214.0,-169.0,-1032.0
-1444.0,-5.0,-1366.0
-1399.0,167.0,-1159.0
-1483.0,126.0,-964.0
-1356.0,-101.0,-1192.0
-1268.0,472.0,-1257.0
-1262.0,113.0,-812.0
-1315.0,-343.0,-833.0
-1223.0,-119.0,-972.0
-1093.0,-13.0,-913.0
-1278.0,456.0,-1104.0
-1016.0,-488.0,-1104.0
-1009.0,-9.0,-1259.0
-915.0,538.0,-956.0
-1245.0,173.0,-981.0
-1179.0,-105.0,-728.0
-858.0,-677.0,-903.0
-1415.0,486.0,-1065.0
-1167.0,247.0,-1134.0
-1467.0,-58.0,-1223.0
-1100.0,-238.0,-1194.0
-1393.0,341.0,-1153.0
-1376.0,68.0,-726.0
-1469.0,-406.0,-730.0
-1321.0,-162.0,-958.0
-1438.0,357.0,-864.0
-1665.0,372.0,-1173.0
-1393.0,-232.0,-1303.0
-1547.0,-81.0,-1286.0
-1298.0,288.0,-1061.0
-1545.0,-152.0,-983.0
-1538.0,-245.0,-681.0
-1575.0,-212.0,-864.0
-1387.0,296.0,-1097.0
-1446.0,-126.0,-1276.0
-1700.0,363.0,-1097.0
-1444.0,-56.0,-1165.0
-1446.0,335.0,-1272.0
-1231.0,-281.0,-874.0
-1481.0,-76.0,-728.0
-1303.0,173.0,-673.0
-1241.0,-3.0,-1157.0
-1241.0,-101.0,-1138.0
-1341.0,-40.0,-1005.0
-1503.0,33.0,-1262.0
-1132.0,136.0,-1208.0
-1344.0,89.0,-1001.0
-1247.0,-78.0,-560.0
-1356.0,-236.0,-808.0
-1097.0,230.0,-1054.0
-1401.0,404.0,-1165.0
-1341.0,-5.0,-931.0
-1214.0,-341.0,-1214.0
-1143.0,11.0,-1317.0
-1378.0,132.0,-815.0
-1473.0,15.0,-683.0
-1307.0,-421.0,-895.0
-1325.0,162.0,-1202.0
-1372.0,269.0,-1046.0
-1545.0,140.0,-1130.0
-1280.0,-115.0,-1237.0
-1276.0,322.0,-1220.0
-1348.0,113.0,-976.0
-1534.0,-341.0,-765.0
-1313.0,-162.0,-800.0
-1233.0,122.0,-1001.0
-1446.0,181.0,-1100.0
-1362.0,-60.0,-1093.0
-1331.0,-19.0,-1276.0
-1190.0,277.0,-1262.0
-1405.0,189.0,-972.0
-1424.0,-226.0,-689.0
-1395.0,-199.0,-804.0
-1268.0,296.0,-1114.0
-1438.0,132.0,-1180.0
-1446.0,-9.0,-1042.0
-1325.0,-87.0,-1112.0
-1194.0,144.0,-1216.0
-1286.0,85.0,-892.0
-1423.0,-257.0,-700.0
-1262.0,-242.0,-804.0
-1385.0,247.0,-1159.0
-1331.0,286.0,-1077.0
-1499.0,87.0,-1069.0
-1186.0,-62.0,-1188.0
-1221.0,197.0,-1329.0
-1184.0,60.0,-946.0
-1323.0,-126.0,-689.0
-1059.0,-288.0,-819.0
-1040.0,19.0,-1120.0
-1143.0,171.0,-1038.0
-1071.0,-11.0,-989.0
-942.0,-89.0,-1266.0
-829.0,351.0,-1313.0
-970.0,142.0,-995.0
-985.0,-117.0,-696.0
-853.0,-253.0,-917.0
-849.0,146.0,-1134.0
-878.0,152.0,-1046.0
-886.0,-111.0,-1024.0
-692.0,-39.0,-1169.0
-700.0,273.0,-1192.0
-675.0,122.0,-923.0
-653.0,-240.0,-733.0
-511.0,-228.0,-882.0
-497.0,201.0,-985.0
-519.0,253.0,-958.0
-425.0,3.0,-1046.0
-366.0,-40.0,-1251.0
-249.0,183.0,-1274.0
-327.0,136.0,-1011.0
-238.0,-158.0,-813.0
-288.0,-228.0,-833.0
-244.0,119.0,-1005.0
-212.0,128.0,-997.0
-210.0,44.0,-1063.0
-124.0,-39.0,-1188.0
-152.0,245.0,-1198.0
-122.0,247.0,-999.0
-105.0,-162.0,-882.0
-140.0,-189.0,-849.0
-64.0,23.0,-958.0
-117.0,191.0,-1001.0
-48.0,-1.0,-1100.0
-119.0,-39.0,-1173.0
-70.0,201.0,-1204.0
-68.0,173.0,-1036.0
-81.0,-62.0,-878.0
-130.0,-216.0,-817.0
-115.0,56.0,-872.0
-111.0,136.0,-944.0
-105.0,68.0,-1087.0
-181.0,7.0,-1204.0
-91.0,173.0,-1237.0
-105.0,33.0,-1069.0
-74.0,-70.0,-899.0
-203.0,-152.0,-796.0
-109.0,52.0,-884.0
-101.0,97.0,-1003.0
-122.0,54.0,-1180.0
-240.0,70.0,-1132.0
-142.0,212.0,-1126.0
-83.0,95.0,-1057.0
-99.0,-97.0,-931.0
-208.0,-162.0,-847.0
-130.0,23.0,-837.0
-132.0,52.0,-985.0
-171.0,60.0,-1139.0
-160.0,27.0,-1169.0
-132.0,212.0,-1167.0
-33.0,44.0,-1165.0
-85.0,-15.0,-946.0
-146.0,-121.0,-784.0
-113.0,-19.0,-806.0
-105.0,66.0,-991.0
-103.0,15.0,-1118.0
-156.0,85.0,-1136.0
-122.0,156.0,-1118.0
21.0,-13.0,-1143.0
-89.0,-39.0,-933.0
-146.0,-74.0,-823.0
-80.0,-23.0,-812.0
-52.0,60.0,-1016.0
-68.0,46.0,-1073.0
-126.0,122.0,-1120.0
-56.0,152.0,-1145.0
3.0,70.0,-1161.0
-23.0,-78.0,-1001.0
-121.0,-91.0,-792.0
-66.0,-19.0,-776.0
-33.0,15.0,-997.0
-95.0,81.0,-1063.0
-70.0,87.0,-1122.0
-66.0,197.0,-1175.0
70.0,58.0,-1194.0
-33.0,-39.0,-972.0
-81.0,-29.0,-751.0
-11.0,-39.0,-812.0
-23.0,64.0,-1032.0
-29.0,17.0,-1138.0
-60.0,76.0,-1116.0
-23.0,150.0,-1116.0
54.0,80.0,-1139.0
31.0,-5.0,-983.0
-17.0,-54.0,-835.0
17.0,-15.0,-876.0
-1.0,48.0,-1003.0
-11.0,40.0,-1036.0
9.0,85.0,-1104.0
80.0,144.0,-1149.0
158.0,103.0,-1182.0
78.0,-25.0,-1024.0
85.0,-91.0,-808.0
19.0,-21.0,-784.0
122.0,11.0,-1036.0
101.0,9.0,-1050.0
50.0,126.0,-1071.0
128.0,132.0,-1159.0
103.0,126.0,-1155.0
163.0,19.0,-1022.0
27.0,-83.0,-858.0
37.0,-25.0,-864.0
76.0,-13.0,-987.0
-1.0,-1.0,-1007.0
-19.0,70.0,-1038.0
-9.0,154.0,-1163.0
0.0,115.0,-1218.0
11.0,-11.0,-1024.0
-105.0,-35.0,-821.0
-33.0,-80.0,-802.0
-115.0,15.0,-933.0
-37.0,-13.0,-1013.0
-122.0,105.0,-1081.0
-64.0,142.0,-1198.0
-52.0,74.0,-1245.0
-25.0,-3.0,-1015.0
-89.0,-46.0,-821.0
-60.0,-52.0,-821.0
-74.0,29.0,-946.0
-48.0,-19.0,-1057.0
-124.0,64.0,-1128.0
-68.0,130.0,-1163.0
-89.0,187.0,-1153.0
3.0,25.0,-1038.0
-80.0,-87.0,-894.0
-81.0,-81.0,-878.0
-85.0,-11.0,-919.0
-44.0,27.0,-977.0
-103.0,50.0,-1073.0
-85.0,115.0,-1143.0
-56.0,148.0,-1149.0
76.0,9.0,-1098.0
-33.0,-39.0,-888.0
-68.0,-44.0,-802.0
-33.0,-3.0,-903.0
-1.0,-21.0,-1038.0
-29.0,72.0,-1118.0
-56.0,136.0,-1145.0
-13.0,179.0,-1155.0
113.0,-29.0,-1059.0
7.0,-42.0,-936.0
-31.0,-64.0,-845.0
-15.0,-9.0,-899.0
29.0,25.0,-1024.0
-60.0,66.0,-1077.0
-60.0,160.0,-1095.0
37.0,109.0,-1202.0
95.0,50.0,-1118.0
39.0,-58.0,-913.0
-25.0,-44.0,-817.0
40.0,-27.0,-890.0
3.0,5.0,-1001.0
-52.0,105.0,-1075.0
-33.0,126.0,-1124.0
44.0,142.0,-1190.0
109.0,50.0,-1112.0
50.0,-62.0,-899.0
-44.0,-35.0,-786.0
46.0,-25.0,-917.0
13.0,9.0,-1052.0
-37.0,37.0,-1104.0
-31.0,124.0,-1083.0
11.0,136.0,-1106.0
74.0,66.0,-1077.0
23.0,-25.0,-974.0
-39.0,-74.0,-870.0
7.0,-27.0,-909.0
-21.0,35.0,-977.0
-46.0,60.0,-1046.0
-52.0,81.0,-1075.0
7.0,111.0,-1157.0
54.0,81.0,-1151.0
23.0,-35.0,-997.0
-42.0,-85.0,-808.0
-39.0,7.0,-853.0
-21.0,-15.0,-1050.0
-44.0,25.0,-1075.0
-80.0,111.0,-1056.0
-3.0,101.0,-1149.0
33.0,99.0,-1136.0
21.0,-9.0,-976.0
-56.0,-78.0,-856.0
-25.0,-15.0,-880.0
-19.0,-29.0,-1005.0
-83.0,54.0,-1020.0
-54.0,101.0,-1057.0
-11.0,169.0,-1179.0
52.0,50.0,-1196.0
9.0,-9.0,-985.0
-70.0,-52.0,-812.0
19.0,-46.0,-866.0
-33.0,1.0,-1013.0
-25.0,5.0,-1054.0
-40.0,70.0,-1085.0
-31.0,210.0,-1139.0
64.0,27.0,-1204.0
-1.0,9.0,-936.0
-3.0,-48.0,-831.0
-35.0,-21.0,-872.0
7.0,15.0,-1040.0
-17.0,-13.0,-1044.0
-29.0,83.0,-1087.0
-37.0,130.0,-1098.0
46.0,140.0,-1116.0
39.0,25.0,-1007.0
21.0,-46.0,-903.0
-7.0,-85.0,-911.0
-27.0,19.0,-952.0
-33.0,39.0,-970.0
-21.0,74.0,-1073.0
-39.0,111.0,-1145.0
42.0,144.0,-1163.0
50.0,-5.0,-1067.0
-19.0,-21.0,-845.0
-23.0,-66.0,-831.0
-7.0,1.0,-964.0
17.0,-9.0,-1061.0
-23.0,74.0,-1071.0
-60.0,167.0,-1130.0
15.0,130.0,-1151.0
54.0,-3.0,-1022.0
15.0,-31.0,-901.0
-29.0,-68.0,-888.0
9.0,-7.0,-940.0
5.0,-9.0,-1011.0
-48.0,81.0,-1056.0
-72.0,169.0,-1132.0
21.0,109.0,-1182.0
78.0,31.0,-1075.0
11.0,-46.0,-854.0
-31.0,-68.0,-847.0
-40.0,15.0,-899.0
21.0,-39.0,-1032.0
-93.0,117.0,-1093.0
-54.0,148.0,-1155.0
-1.0,124.0,-1122.0
68.0,21.0,-1059.0
-1.0,-42.0,-884.0
-42.0,-40.0,-835.0
37.0,-25.0,-970.0
-37.0,19.0,-1026.0
-56.0,54.0,-1077.0
-62.0,146.0,-1102.0
-9.0,183.0,-1118.0
89.0,23.0,-1059.0
5.0,-40.0,-962.0
-5.0,-83.0,-890.0
-5.0,-13.0,-890.0
-7.0,39.0,-972.0
-64.0,39.0,-1054.0
-80.0,124.0,-1124.0
3.0,140.0,-1165.0
105.0,54.0,-1085.0
64.0,-39.0,-940.0
-33.0,-42.0,-796.0
9.0,-37.0,-866.0
21.0,-7.0,-1069.0
-42.0,44.0,-1118.0
-76.0,140.0,-1063.0
-5.0,136.0,-1114.0
40.0,66.0,-1106.0
9.0,-66.0,-985.0
-42.0,-52.0,-870.0
64.0,23.0,-892.0
146.0,19.0,-1015.0
70.0,23.0,-1069.0
335.0,152.0,-1038.0
193.0,177.0,-1200.0
614.0,58.0,-1083.0
458.0,-74.0,-964.0
470.0,-66.0,-843.0
595.0,5.0,-845.0
571.0,113.0,-1067.0
696.0,-40.0,-1081.0
544.0,121.0,-1175.0
696.0,234.0,-1177.0
692.0,101.0,-1136.0
665.0,-109.0,-968.0
626.0,-68.0,-847.0
568.0,134.0,-772.0
554.0,31.0,-985.0
454.0,-97.0,-1009.0
468.0,91.0,-1036.0
413.0,216.0,-1104.0
374.0,191.0,-1132.0
357.0,-95.0,-1022.0
286.0,-101.0,-866.0
214.0,93.0,-810.0
144.0,70.0,-919.0
138.0,-56.0,-983.0
105.0,89.0,-1106.0
81.0,175.0,-1200.0
54.0,195.0,-1220.0
58.0,-99.0,-1038.0
-44.0,-39.0,-823.0
-37.0,29.0,-790.0
-21.0,80.0,-966.0
-25.0,-44.0,-1091.0
5.0,-15.0,-1177.0
-68.0,267.0,-1139.0
39.0,81.0,-1208.0
17.0,-9.0,-1052.0
44.0,-85.0,-876.0
25.0,-40.0,-897.0
23.0,44.0,-938.0
66.0,-37.0,-985.0
42.0,68.0,-1065.0
62.0,121.0,-1161.0
89.0,117.0,-1212.0
185.0,-50.0,-1061.0
-3.0,-21.0,-856.0
54.0,-42.0,-796.0
-37.0,-9.0,-894.0
156.0,-64.0,-1052.0
1.0,40.0,-1106.0
-11.0,197.0,-1145.0
-7.0,115.0,-1171.0
76.0,-23.0,-1079.0
11.0,-54.0,-876.0
-97.0,-13.0,-815.0
7.0,-25.0,-936.0
-68.0,-40.0,-997.0
-87.0,91.0,-1081.0
-93.0,105.0,-1108.0
-66.0,210.0,-1206.0
50.0,50.0,-1139.0
-40.0,-40.0,-929.0
-72.0,-39.0,-819.0
-9.0,-58.0,-894.0
-13.0,62.0,-1007.0
-31.0,13.0,-1032.0
-68.0,171.0,-1130.0
50.0,103.0,-1188.0
68.0,95.0,-1136.0
66.0,15.0,-911.0
-15.0,-21.0,-790.0
91.0,72.0,-923.0
152.0,-81.0,-1026.0
64.0,21.0,-1032.0
93.0,130.0,-1059.0
107.0,146.0,-1141.0
210.0,95.0,-1110.0
144.0,-21.0,-954.0
99.0,27.0,-917.0
162.0,-17.0,-911.0
134.0,-11.0,-977.0
58.0,64.0,-993.0
7.0,50.0,-1050.0
37.0,130.0,-1167.0
195.0,7.0,-1169.0
76.0,62.0,-1018.0
3.0,-39.0,-847.0
-3.0,5.0,-901.0
64.0,-40.0,-995.0
0.0,1.0,-1048.0
-56.0,89.0,-1030.0
-29.0,121.0,-1155.0
39.0,56.0,-1151.0
-11.0,33.0,-1048.0
-70.0,-31.0,-899.0
11.0,-50.0,-909.0
-46.0,50.0,-968.0
-46.0,5.0,-976.0
-126.0,13.0,-1011.0
-11.0,99.0,-1169.0
37.0,89.0,-1216.0
-9.0,95.0,-1048.0
-78.0,-52.0,-880.0
-40.0,40.0,-841.0
40.0,-23.0,-968.0
-68.0,21.0,-999.0
-97.0,52.0,-1030.0
-5.0,74.0,-1155.0
97.0,62.0,-1202.0
-27.0,5.0,-993.0
-60.0,-25.0,-837.0
-21.0,64.0,-870.0
39.0,-13.0,-1015.0
-48.0,-3.0,-1007.0
-44.0,-19.0,-1042.0
-35.0,144.0,-1050.0
60.0,60.0,-1159.0
-19.0,74.0,-1065.0
-11.0,-56.0,-964.0
3.0,0.0,-907.0
68.0,31.0,-1009.0
-78.0,-25.0,-940.0
-35.0,27.0,-983.0
11.0,93.0,-1087.0
78.0,111.0,-1247.0
-35.0,19.0,-1110.0
-44.0,-7.0,-901.0
-48.0,50.0,-888.0
115.0,-39.0,-974.0
-33.0,-54.0,-927.0
-39.0,58.0,-981.0
-29.0,146.0,-1122.0
25.0,126.0,-1223.0
60.0,-15.0,-1069.0
-17.0,46.0,-895.0
-5.0,42.0,-958.0
160.0,-54.0,-1001.0
19.0,-101.0,-876.0
-23.0,91.0,-886.0
25.0,228.0,-1138.0
66.0,40.0,-1331.0
89.0,-62.0,-1132.0
-68.0,40.0,-835.0
42.0,121.0,-915.0
50.0,-5.0,-974.0
97.0,-222.0,-938.0
-78.0,44.0,-827.0
15.0,242.0,-1177.0
37.0,136.0,-1301.0
7.0,-13.0,-1145.0
-156.0,46.0,-769.0
68.0,78.0,-925.0
80.0,3.0,-1057.0
-19.0,-167.0,-1001.0
-167.0,3.0,-831.0
11.0,140.0,-1061.0
-54.0,199.0,-1253.0
97.0,-13.0,-1198.0
-130.0,-44.0,-917.0
-27.0,25.0,-913.0
-11.0,39.0,-1009.0
35.0,-46.0,-956.0
-78.0,-74.0,-851.0
-187.0,132.0,-1028.0
13.0,222.0,-1296.0
130.0,-44.0,-1257.0
29.0,-85.0,-954.0
-122.0,99.0,-735.0
70.0,25.0,-919.0
-42.0,3.0,-989.0
27.0,-134.0,-1028.0
-103.0,201.0,-958.0
25.0,195.0,-1210.0
146.0,91.0,-1167.0
40.0,-85.0,-1036.0
-78.0,-1.0,-843.0
25.0,31.0,-905.0
185.0,-78.0,-962.0
-33.0,-76.0,-1036.0
-144.0,144.0,-927.0
89.0,54.0,-1175.0
89.0,179.0,-1245.0
7.0,35.0,-1097.0
-7.0,-91.0,-827.0
144.0,154.0,-755.0
35.0,101.0,-1013.0
-142.0,-72.0,-1052.0
78.0,-64.0,-919.0
7.0,80.0,-1204.0
-31.0,152.0,-1257.0
39.0,-48.0,-1016.0
70.0,-37.0,-897.0
-46.0,46.0,-862.0
-31.0,76.0,-935.0
-13.0,-15.0,-938.0
142.0,39.0,-1155.0
-91.0,95.0,-1141.0
-74.0,181.0,-1044.0
85.0,78.0,-1095.0
15.0,-146.0,-1024.0
-132.0,-56.0,-786.0
64.0,-37.0,-874.0
-39.0,64.0,-983.0
-23.0,74.0,-1100.0
-48.0,142.0,-1112.0
-11.0,156.0,-1171.0
46.0,95.0,-1018.0
208.0,-80.0,-1054.0
-150.0,64.0,-993.0
87.0,-109.0,-864.0
-52.0,130.0,-952.0
140.0,13.0,-1104.0
-85.0,19.0,-1022.0
150.0,122.0,-1050.0
-11.0,39.0,-1112.0
-78.0,-3.0,-1169.0
-160.0,23.0,-759.0
142.0,37.0,-856.0
25.0,119.0,-952.0
37.0,-119.0,-1046.0
-50.0,0.0,-1065.0
-85.0,181.0,-1143.0
64.0,56.0,-1245.0
-15.0,175.0,-1009.0
-80.0,-152.0,-868.0
-105.0,31.0,-757.0
25.0,13.0,-970.0
95.0,60.0,-1032.0
-27.0,66.0,-1163.0
-255.0,80.0,-974.0
29.0,136.0,-1179.0
-44.0,68.0,-1087.0
21.0,-105.0,-919.0
-35.0,15.0,-767.0
105.0,-60.0,-1028.0
-134.0,81.0,-1046.0
-19.0,-40.0,-1141.0
-152.0,126.0,-1085.0
173.0,230.0,-1167.0
33.0,60.0,-1120.0
-23.0,-115.0,-946.0
-31.0,3.0,-735.0
119.0,3.0,-921.0
-11.0,138.0,-1073.0
-101.0,-48.0,-1098.0
-72.0,52.0,-1091.0
119.0,175.0,-1151.0
142.0,64.0,-1136.0
-54.0,-44.0,-864.0
3.0,-99.0,-825.0
40.0,70.0,-960.0
140.0,44.0,-1112.0
7.0,56.0,-1048.0
13.0,60.0,-1112.0
13.0,66.0,-1056.0
-27.0,128.0,-1132.0
54.0,-85.0,-936.0
-48.0,-93.0,-895.0
-126.0,81.0,-874.0
54.0,15.0,-1036.0
-103.0,13.0,-1024.0
-232.0,-13.0,-1118.0
-15.0,193.0,-1118.0
134.0,35.0,-1102.0
74.0,1.0,-1032.0
-81.0,-85.0,-897.0
-50.0,124.0,-796.0
-56.0,-3.0,-1009.0
33.0,89.0,-1161.0
21.0,46.0,-1085.0
158.0,-11.0,-1067.0
-60.0,195.0,-1048.0
138.0,-66.0,-1059.0
-158.0,48.0,-845.0
122.0,-72.0,-878.0
-21.0,13.0,-933.0
-15.0,27.0,-1075.0
9.0,105.0,-1093.0
-27.0,97.0,-1161.0
142.0,85.0,-1073.0
-54.0,-58.0,-817.0
-21.0,-25.0,-989.0
44.0,156.0,-1095.0
-37.0,35.0,-1089.0
-132.0,156.0,-1145.0
25.0,-42.0,-1085.0
-17.0,76.0,-999.0
-191.0,-7.0,-819.0
-23.0,-42.0,-831.0
17.0,130.0,-991.0
-39.0,-21.0,-1180.0
-91.0,21.0,-1122.0
19.0,91.0,-1040.0
13.0,171.0,-1108.0
0.0,62.0,-1098.0
-66.0,-169.0,-983.0
-13.0,-7.0,-710.0
119.0,5.0,-997.0
-42.0,167.0,-1165.0
21.0,-31.0,-1128.0
-58.0,72.0,-1040.0
21.0,144.0,-1040.0
99.0,19.0,-1079.0
-56.0,-7.0,-901.0
-19.0,-130.0,-790.0
-27.0,105.0,-944.0
7.0,179.0,-1124.0
136.0,-40.0,-1169.0
101.0,165.0,-983.0
138.0,-48.0,-1057.0
-83.0,142.0,-991.0
56.0,-93.0,-919.0
-89.0,21.0,-817.0
-21.0,35.0,-1036.0
91.0,56.0,-1024.0
58.0,-40.0,-1134.0
-158.0,136.0,-1054.0
-42.0,80.0,-1134.0
70.0,101.0,-1044.0
-81.0,-85.0,-985.0
23.0,-29.0,-882.0
-1.0,44.0,-892.0
9.0,91.0,-1087.0
-21.0,109.0,-1139.0
-35.0,21.0,-1102.0
-78.0,122.0,-1024.0
136.0,76.0,-1063.0
-52.0,-74.0,-923.0
-70.0,-64.0,-876.0
-54.0,52.0,-903.0
162.0,-5.0,-1159.0
-132.0,27.0,-1093.0
17.0,39.0,-1038.0
-89.0,91.0,-964.0
1.0,138.0,-1067.0
240.0,-25.0,-1075.0
35.0,-60.0,-1032.0
-152.0,-7.0,-755.0
-9.0,140.0,-972.0
138.0,101.0,-1159.0
-119.0,-46.0,-1071.0
-95.0,105.0,-962.0
197.0,121.0,-1069.0
19.0,31.0,-1126.0
-91.0,-99.0,-864.0
-162.0,-19.0,-780.0
7.0,169.0,-960.0
230.0,13.0,-1192.0
-72.0,113.0,-1180.0
-19.0,-99.0,-1024.0
72.0,124.0,-1005.0
121.0,91.0,-1132.0
-175.0,-15.0,-940.0
-111.0,-87.0,-769.0
128.0,29.0,-936.0
19.0,144.0,-1229.0
-154.0,29.0,-1188.0
-162.0,93.0,-938.0
306.0,105.0,-1056.0
-76.0,40.0,-1106.0
-15.0,-117.0,-929.0
60.0,-9.0,-691.0
107.0,19.0,-1001.0
-87.0,253.0,-1282.0
-64.0,-13.0,-1139.0
-31.0,-80.0,-936.0
105.0,224.0,-1015.0
78.0,42.0,-1163.0
-5.0,-136.0,-915.0
-179.0,-76.0,-622.0
33.0,136.0,-1028.0
64.0,163.0,-1317.0
-81.0,-85.0,-1212.0
-35.0,-42.0,-792.0
13.0,191.0,-972.0
50.0,187.0,-1282.0
39.0,-181.0,-1065.0
95.0,-208.0,-747.0
-203.0,201.0,-796.0
111.0,269.0,-1196.0
109.0,-23.0,-1253.0
-72.0,-3.0,-931.0
-66.0,5.0,-970.0
40.0,208.0,-1083.0
64.0,-169.0,-1110.0
-206.0,-111.0,-769.0
-247.0,89.0,-788.0
89.0,275.0,-1120.0
222.0,-124.0,-1376.0
-134.0,46.0,-1100.0
-277.0,3.0,-763.0
218.0,175.0,-1067.0
197.0,-27.0,-1395.0
-320.0,-128.0,-806.0
-119.0,29.0,-603.0
126.0,314.0,-977.0
204.0,-5.0,-1497.0
-349.0,-19.0,-1120.0
146.0,13.0,-636.0
206.0,185.0,-974.0
42.0,60.0,-1438.0
-148.0,-222.0,-868.0
44.0,-132.0,-491.0
-19.0,372.0,-1007.0
238.0,83.0,-1588.0
-117.0,33.0,-1003.0
1.0,-224.0,-651.0
-83.0,286.0,-1081.0
242.0,302.0,-1432.0
-68.0,-294.0,-837.0
111.0,-177.0,-595.0
-175.0,-42.0,-1005.0
376.0,474.0,-1278.0
-158.0,-214.0,-1120.0
-308.0,-52.0,-716.0
191.0,70.0,-1126.0
380.0,542.0,-1512.0
-160.0,-162.0,-1024.0
-304.0,-331.0,-454.0
19.0,136.0,-747.0
509.0,150.0,-1407.0
-341.0,31.0,-1239.0
-341.0,-136.0,-683.0
296.0,42.0,-962.0
263.0,421.0,-1465.0
-154.0,-167.0,-1116.0
-392.0,-273.0,-234.0
396.0,-150.0,-774.0
167.0,538.0,-1506.0
-152.0,11.0,-1276.0
-312.0,-187.0,-698.0
327.0,-21.0,-936.0
37.0,612.0,-1547.0
113.0,-240.0,-1212.0
-589.0,-392.0,-267.0
314.0,17.0,-673.0
121.0,493.0,-1387.0
40.0,33.0,-1372.0
-458.0,-327.0,-782.0
351.0,117.0,-812.0
146.0,523.0,-1421.0
85.0,-25.0,-1163.0
-532.0,-400.0,-458.0
421.0,-156.0,-569.0
9.0,620.0,-1391.0
101.0,-54.0,-1520.0
-396.0,-380.0,-769.0
404.0,89.0,-749.0
165.0,392.0,-1385.0
-68.0,-44.0,-1192.0
-212.0,-249.0,-532.0
288.0,-27.0,-589.0
-85.0,571.0,-1378.0
138.0,-130.0,-1479.0
-148.0,-240.0,-839.0
214.0,33.0,-851.0
-62.0,470.0,-1243.0
95.0,-138.0,-1208.0
9.0,-308.0,-571.0
76.0,89.0,-692.0
-222.0,343.0,-1274.0
15.0,81.0,-1323.0
91.0,-195.0,-981.0
146.0,-70.0,-876.0
-325.0,488.0,-1079.0
136.0,81.0,-1093.0
15.0,-296.0,-796.0
-87.0,-179.0,-837.0
-177.0,257.0,-1182.0
76.0,302.0,-1221.0
101.0,-203.0,-1202.0
-93.0,3.0,-868.0
-201.0,220.0,-1013.0
165.0,175.0,-1134.0
31.0,-185.0,-993.0
-152.0,-11.0,-712.0
-175.0,156.0,-981.0
144.0,175.0,-1309.0
29.0,-70.0,-1233.0
-1.0,-15.0,-895.0
-60.0,140.0,-907.0
128.0,177.0,-1100.0
-48.0,-130.0,-927.0
-87.0,-105.0,-878.0
7.0,152.0,-1005.0
46.0,169.0,-1399.0
-267.0,37.0,-958.0
7.0,-31.0,-1056.0
-13.0,-31.0,-1052.0
-48.0,257.0,-1046.0
72.0,-50.0,-755.0
111.0,-146.0,-989.0
-322.0,-103.0,-1022.0
148.0,310.0,-1151.0
158.0,171.0,-1112.0
-113.0,-173.0,-1114.0
-298.0,117.0,-962.0
361.0,130.0,-890.0
245.0,-37.0,-1124.0
-445.0,-117.0,-851.0
-29.0,25.0,-837.0
318.0,185.0,-1036.0
-101.0,179.0,-1298.0
-292.0,23.0,-1063.0
224.0,-355.0,-946.0
11.0,234.0,-911.0
-132.0,158.0,-1067.0
-210.0,-74.0,-923.0
261.0,-253.0,-892.0
44.0,162.0,-1056.0
105.0,318.0,-1225.0
-39.0,-83.0,-1085.0
37.0,-156.0,-968.0
62.0,269.0,-985.0
101.0,15.0,-1001.0
-81.0,3.0,-944.0
162.0,-224.0,-862.0
183.0,29.0,-1011.0
-21.0,318.0,-1163.0
-240.0,-60.0,-1192.0
134.0,152.0,-915.0
103.0,-70.0,-983.0
-169.0,150.0,-981.0
-60.0,-113.0,-944.0
199.0,-81.0,-843.0
1.0,74.0,-1167.0
-206.0,148.0,-1184.0
-220.0,152.0,-956.0
474.0,-91.0,-979.0
-146.0,167.0,-1048.0
-50.0,-117.0,-985.0
-37.0,21.0,-786.0
220.0,-74.0,-1015.0
-242.0,162.0,-1067.0
-89.0,3.0,-1102.0
-25.0,80.0,-1059.0
355.0,23.0,-1120.0
-64.0,17.0,-1005.0
-160.0,-19.0,-964.0
-54.0,56.0,-778.0
406.0,-15.0,-989.0
-93.0,101.0,-1179.0
-212.0,126.0,-1026.0
48.0,109.0,-1063.0
314.0,-80.0,-1169.0
-206.0,163.0,-1052.0
-119.0,-25.0,-689.0
21.0,33.0,-864.0
277.0,-50.0,-1188.0
-257.0,3.0,-1130.0
-81.0,-7.0,-907.0
204.0,337.0,-960.0
413.0,-42.0,-1208.0
-386.0,156.0,-1153.0
-183.0,-95.0,-813.0
325.0,60.0,-823.0
204.0,117.0,-1141.0
-433.0,-7.0,-1208.0
-224.0,-109.0,-755.0
450.0,122.0,-1026.0
175.0,126.0,-1424.0
-579.0,91.0,-1184.0
-80.0,-29.0,-466.0
628.0,109.0,-905.0
-158.0,105.0,-1372.0
-325.0,-187.0,-987.0
302.0,163.0,-612.0
298.0,263.0,-1169.0
-179.0,-91.0,-1506.0
-447.0,60.0,-864.0
448.0,-9.0,-653.0
222.0,171.0,-1054.0
-294.0,-126.0,-1188.0
-214.0,-50.0,-821.0
249.0,173.0,-692.0
292.0,109.0,-1333.0
-380.0,132.0,-1323.0
-33.0,-163.0,-985.0
171.0,206.0,-642.0
122.0,103.0,-1210.0
-251.0,-234.0,-1050.0
5.0,-74.0,-778.0
236.0,128.0,-946.0
37.0,177.0,-1442.0
-240.0,-48.0,-1196.0
72.0,40.0,-780.0
64.0,93.0,-892.0
-122.0,203.0,-1155.0
-33.0,-238.0,-962.0
60.0,72.0,-763.0
89.0,35.0,-1015.0
42.0,212.0,-1344.0
-167.0,-232.0,-1079.0
1.0,-31.0,-804.0
-64.0,251.0,-1024.0
25.0,142.0,-1151.0
-52.0,-109.0,-854.0
162.0,-175.0,-712.0
-115.0,183.0,-1134.0
87.0,296.0,-1276.0
-302.0,-230.0,-1097.0
503.0,-228.0,-921.0
-443.0,456.0,-1016.0
122.0,44.0,-1024.0
-203.0,-158.0,-864.0
286.0,-103.0,-1001.0
-222.0,259.0,-1095.0
17.0,203.0,-1110.0
-109.0,-35.0,-1054.0
236.0,-68.0,-997.0
-130.0,386.0,-1104.0
31.0,-40.0,-1052.0
-121.0,-160.0,-833.0
277.0,-156.0,-866.0
-255.0,439.0,-1075.0
156.0,9.0,-1173.0
-251.0,-236.0,-1001.0
450.0,31.0,-983.0
-283.0,400.0,-1198.0
-3.0,0.0,-1118.0
-203.0,-244.0,-607.0
370.0,-179.0,-991.0
-460.0,585.0,-1177.0
300.0,-109.0,-1288.0
-206.0,-68.0,-776.0
515.0,-201.0,-1229.0
-560.0,486.0,-1048.0
152.0,-136.0,-1018.0
-117.0,-15.0,-650.0
433.0,-351.0,-1212.0
-628.0,556.0,-1120.0
245.0,-76.0,-1087.0
-56.0,85.0,-808.0
439.0,-214.0,-1321.0
-575.0,351.0,-1032.0
208.0,-130.0,-878.0
103.0,40.0,-743.0
156.0,-101.0,-1218.0
-493.0,208.0,-1108.0
35.0,-1.0,-876.0
148.0,128.0,-847.0
296.0,-1.0,-1387.0
-433.0,58.0,-1143.0
-15.0,-19.0,-589.0
279.0,46.0,-843.0
48.0,11.0,-1362.0
-466.0,169.0,-1065.0
261.0,-64.0,-776.0
310.0,115.0,-1083.0
-13.0,-171.0,-1376.0
-458.0,286.0,-933.0
460.0,-234.0,-823.0
95.0,242.0,-991.0
-283.0,-40.0,-1216.0
-1.0,142.0,-827.0
165.0,-35.0,-874.0
21.0,54.0,-1220.0
-210.0,19.0,-1282.0
95.0,-33.0,-866.0
-58.0,29.0,-741.0
-5.0,15.0,-1057.0
-201.0,11.0,-1075.0
167.0,39.0,-919.0
-197.0,50.0,-1018.0
33.0,163.0,-1223.0
46.0,-66.0,-1136.0
39.0,50.0,-905.0
-91.0,-13.0,-806.0
105.0,11.0,-1122.0
-9.0,-40.0,-1089.0
-35.0,27.0,-880.0
-81.0,-3.0,-890.0
85.0,158.0,-1200.0
7.0,0.0,-1169.0
-1.0,101.0,-956.0
-15.0,48.0,-894.0
128.0,15.0,-1098.0
-46.0,191.0,-1005.0
171.0,-222.0,-862.0
-66.0,160.0,-931.0
50.0,81.0,-1188.0
-25.0,91.0,-1177.0
76.0,-150.0,-997.0
-130.0,7.0,-847.0
81.0,177.0,-950.0
132.0,35.0,-1028.0
5.0,-122.0,-983.0
-144.0,-5.0,-907.0
17.0,185.0,-1130.0
33.0,119.0,-1161.0
23.0,-5.0,-985.0
-62.0,-68.0,-907.0
-56.0,117.0,-1052.0
85.0,-29.0,-1013.0
89.0,-35.0,-878.0
-95.0,23.0,-976.0
-23.0,111.0,-1108.0
109.0,97.0,-1188.0
39.0,126.0,-1038.0
-124.0,31.0,-880.0
0.0,-50.0,-915.0
99.0,40.0,-1034.0
-33.0,66.0,-1009.0
-72.0,27.0,-944.0
58.0,21.0,-1028.0
163.0,3.0,-1196.0
-23.0,17.0,-1093.0
-144.0,48.0,-815.0
35.0,25.0,-944.0
140.0,44.0,-1134.0
-3.0,46.0,-1003.0
-58.0,-101.0,-927.0
-126.0,163.0,-944.0
320.0,40.0,-1229.0
-138.0,187.0,-1138.0
68.0,-101.0,-858.0
-21.0,-46.0,-903.0
134.0,103.0,-1087.0
5.0,-3.0,-1061.0
-66.0,-23.0,-866.0
-113.0,109.0,-907.0
204.0,78.0,-1239.0
-80.0,189.0,-1200.0
-87.0,-25.0,-835.0
48.0,121.0,-827.0
171.0,-83.0,-1202.0
-115.0,7.0,-1052.0
-111.0,-13.0,-794.0
-31.0,5.0,-899.0
165.0,70.0,-1276.0
-3.0,29.0,-1186.0
-62.0,39.0,-829.0
-189.0,-13.0,-917.0
66.0,97.0,-1141.0
-17.0,-3.0,-1149.0
-152.0,115.0,-745.0
83.0,-56.0,-882.0
253.0,173.0,-1317.0
-68.0,31.0,-1282.0
17.0,-121.0,-813.0
-66.0,-70.0,-786.0
93.0,236.0,-1120.0
-29.0,-5.0,-1114.0
40.0,21.0,-812.0
-70.0,33.0,-942.0
78.0,173.0,-1247.0
23.0,124.0,-1173.0
101.0,-31.0,-921.0
-204.0,-11.0,-794.0
325.0,-9.0,-1124.0
-144.0,81.0,-1098.0
-15.0,-9.0,-849.0
-156.0,-60.0,-860.0
83.0,152.0,-1216.0
-115.0,-7.0,-1278.0
107.0,52.0,-921.0
-46.0,-60.0,-858.0
33.0,203.0,-1069.0
-109.0,-40.0,-1061.0
40.0,-25.0,-866.0
-216.0,91.0,-942.0
158.0,48.0,-1253.0
-93.0,50.0,-1200.0
39.0,-64.0,-976.0
-234.0,111.0,-837.0
68.0,64.0,-1052.0
37.0,76.0,-1087.0
97.0,-33.0,-915.0
-171.0,11.0,-884.0
66.0,148.0,-1145.0
-25.0,29.0,-1210.0
-21.0,21.0,-993.0
-117.0,5.0,-917.0
46.0,105.0,-1028.0
83.0,-40.0,-1069.0
-1.0,-76.0,-864.0
-40.0,50.0,-854.0
17.0,15.0,-1208.0
-1.0,95.0,-1251.0
103.0,68.0,-1069.0
-87.0,80.0,-856.0
3.0,29.0,-976.0
111.0,9.0,-1054.0
-31.0,-39.0,-948.0
-101.0,0.0,-976.0
-195.0,-35.0,-1139.0
66.0,224.0,-1173.0
126.0,35.0,-1077.0
-27.0,5.0,-915.0
-234.0,-31.0,-1026.0
232.0,-5.0,-1026.0
-97.0,179.0,-899.0
-56.0,-39.0,-952.0
-325.0,-19.0,-1009.0
355.0,35.0,-1212.0
-158.0,253.0,-1087.0
-62.0,-9.0,-1052.0
-218.0,-97.0,-897.0
404.0,5.0,-946.0
-97.0,130.0,-956.0
-101.0,-87.0,-987.0
-193.0,39.0,-1007.0
409.0,-13.0,-1190.0
-124.0,238.0,-1179.0
-162.0,70.0,-956.0
-78.0,-44.0,-864.0
460.0,-72.0,-979.0
-89.0,128.0,-1044.0
-40.0,27.0,-892.0
-44.0,-50.0,-1028.0
394.0,-42.0,-1091.0
-44.0,204.0,-1175.0
44.0,154.0,-892.0
17.0,-68.0,-938.0
361.0,-109.0,-903.0
-165.0,5.0,-997.0
-21.0,251.0,-876.0
23.0,-42.0,-962.0
407.0,-87.0,-1120.0
-126.0,66.0,-1233.0
-17.0,115.0,-983.0
-134.0,72.0,-730.0
392.0,-240.0,-997.0
-312.0,33.0,-1083.0
33.0,162.0,-958.0
-7.0,78.0,-884.0
298.0,-158.0,-1264.0
-173.0,62.0,-1157.0
-21.0,255.0,-964.0
68.0,-15.0,-726.0
242.0,-234.0,-1077.0
-236.0,167.0,-1083.0
-23.0,126.0,-909.0
58.0,76.0,-790.0
154.0,-181.0,-1245.0
-25.0,150.0,-1325.0
-142.0,232.0,-913.0
150.0,-140.0,-743.0
29.0,-66.0,-974.0
-58.0,91.0,-1218.0
-107.0,232.0,-888.0
107.0,-11.0,-870.0
80.0,-220.0,-1192.0
9.0,156.0,-1368.0
-341.0,296.0,-812.0
394.0,-158.0,-829.0
-160.0,-101.0,-985.0
78.0,-37.0,-1317.0
-302.0,341.0,-767.0
335.0,-78.0,-890.0
-68.0,-154.0,-1179.0
-56.0,21.0,-1356.0
-230.0,331.0,-817.0
370.0,-29.0,-964.0
-333.0,-35.0,-1087.0
58.0,-42.0,-1216.0
-169.0,390.0,-661.0
478.0,-181.0,-999.0
-417.0,42.0,-1241.0
-224.0,-72.0,-1262.0
156.0,242.0,-847.0
132.0,124.0,-890.0
-284.0,-183.0,-1262.0
19.0,-158.0,-940.0
62.0,286.0,-784.0
212.0,54.0,-933.0
-540.0,-7.0,-1382.0
-19.0,35.0,-1065.0
286.0,78.0,-899.0
-107.0,189.0,-1005.0
-232.0,-169.0,-1268.0
-3.0,-52.0,-810.0
306.0,119.0,-763.0
-232.0,140.0,-1036.0
-298.0,-35.0,-1368.0
-35.0,-21.0,-894.0
396.0,201.0,-1075.0
-263.0,251.0,-1044.0
-56.0,-212.0,-1143.0
58.0,13.0,-661.0
345.0,146.0,-952.0
-204.0,183.0,-1126.0
-163.0,-15.0,-1276.0
99.0,-46.0,-839.0
329.0,167.0,-1122.0
-234.0,68.0,-1044.0
-56.0,-70.0,-958.0
105.0,-39.0,-706.0
314.0,-1.0,-1128.0
-244.0,156.0,-1116.0
-265.0,150.0,-1024.0
185.0,-158.0,-895.0
339.0,42.0,-1253.0
-409.0,300.0,-1149.0
13.0,-150.0,-911.0
101.0,-83.0,-663.0
277.0,-60.0,-1167.0
-445.0,212.0,-1163.0
-105.0,173.0,-897.0
255.0,-193.0,-972.0
171.0,316.0,-1315.0
-183.0,-74.0,-1081.0
-167.0,19.0,-679.0
220.0,-81.0,-792.0
173.0,81.0,-1317.0
-370.0,304.0,-1036.0
89.0,-111.0,-810.0
169.0,-70.0,-995.0
117.0,162.0,-1417.0
-240.0,140.0,-1032.0
-87.0,-42.0,-636.0
304.0,-191.0,-919.0
64.0,64.0,-1309.0
-433.0,343.0,-974.0
72.0,-83.0,-657.0
429.0,-121.0,-1167.0
-9.0,122.0,-1423.0
-283.0,80.0,-966.0
-89.0,58.0,-603.0
398.0,-162.0,-1015.0
-201.0,216.0,-1348.0
-136.0,42.0,-936.0
42.0,9.0,-665.0
411.0,5.0,-1184.0
-107.0,169.0,-1544.0
-433.0,-29.0,-794.0
230.0,-3.0,-566.0
294.0,121.0,-1136.0
-173.0,44.0,-1479.0
-283.0,-70.0,-665.0
359.0,-3.0,-642.0
216.0,121.0,-1421.0
-409.0,126.0,-1440.0
-175.0,13.0,-679.0
511.0,-56.0,-765.0
-19.0,173.0,-1319.0
-269.0,-119.0,-1180.0
-68.0,99.0,-528.0
419.0,-68.0,-827.0
-183.0,130.0,-1577.0
-441.0,-7.0,-1348.0
208.0,13.0,-548.0
167.0,-37.0,-810.0
-255.0,136.0,-1393.0
-199.0,-136.0,-1136.0
167.0,220.0,-548.0
103.0,-48.0,-1110.0
-314.0,146.0,-1522.0
-21.0,-78.0,-1169.0
150.0,171.0,-636.0
93.0,-31.0,-974.0
-152.0,-156.0,-1352.0
-128.0,187.0,-966.0
242.0,132.0,-614.0
-89.0,40.0,-1075.0
-378.0,-52.0,-1389.0
21.0,48.0,-1157.0
115.0,244.0,-747.0
21.0,-64.0,-911.0
-284.0,17.0,-1169.0
236.0,-124.0,-1091.0
-66.0,156.0,-732.0
-74.0,52.0,-1120.0
-290.0,37.0,-1331.0
124.0,-109.0,-1022.0
7.0,257.0,-784.0
-31.0,19.0,-1065.0
-126.0,-85.0,-1206.0
-5.0,17.0,-821.0
199.0,298.0,-819.0
-167.0,-130.0,-1089.0
-292.0,46.0,-1145.0
257.0,-64.0,-913.0
156.0,314.0,-1059.0
-365.0,60.0,-1015.0
115.0,-80.0,-1200.0
109.0,-56.0,-825.0
-56.0,204.0,-860.0
-80.0,9.0,-966.0
-25.0,-21.0,-1315.0
214.0,-46.0,-979.0
37.0,366.0,-989.0
-7.0,-40.0,-966.0
-39.0,-64.0,-1087.0
87.0,-87.0,-808.0
257.0,17.0,-987.0
-349.0,308.0,-944.0
27.0,-171.0,-1200.0
210.0,-54.0,-1028.0
-74.0,115.0,-1044.0
9.0,35.0,-977.0
19.0,39.0,-1022.0
244.0,-148.0,-968.0
-23.0,146.0,-847.0
-218.0,165.0,-1022.0
-35.0,44.0,-1036.0
175.0,-160.0,-1139.0
-85.0,275.0,-1118.0
-31.0,-107.0,-856.0
-27.0,31.0,-966.0
265.0,-212.0,-1030.0
-97.0,124.0,-948.0
-99.0,300.0,-929.0
140.0,-50.0,-1007.0
284.0,46.0,-1257.0
-169.0,9.0,-1077.0
101.0,62.0,-827.0
-136.0,126.0,-833.0
271.0,-169.0,-1106.0
-290.0,140.0,-1018.0
19.0,-72.0,-884.0
91.0,197.0,-800.0
283.0,-62.0,-1374.0
-431.0,-3.0,-1165.0
-261.0,113.0,-886.0
-60.0,35.0,-792.0
95.0,39.0,-1210.0
-351.0,0.0,-1050.0
-58.0,138.0,-710.0
66.0,-58.0,-1018.0
-296.0,111.0,-1331.0
-404.0,-50.0,-1151.0
-302.0,263.0,-708.0
-122.0,-175.0,-897.0
-175.0,5.0,-1067.0
-495.0,0.0,-1052.0
-329.0,322.0,-810.0
-126.0,-29.0,-1042.0
-327.0,-39.0,-1313.0
-488.0,-140.0,-1159.0
-460.0,435.0,-706.0
-15.0,-218.0,-1098.0
-601.0,134.0,-1184.0
-245.0,-271.0,-1067.0
-271.0,279.0,-575.0
-173.0,-128.0,-1102.0
-642.0,111.0,-1243.0
-456.0,-122.0,-1218.0
-124.0,126.0,-823.0
-499.0,78.0,-870.0
-257.0,76.0,-1132.0
-370.0,27.0,-1114.0
-99.0,-99.0,-933.0
-644.0,62.0,-977.0
-425.0,124.0,-1218.0
-329.0,56.0,-1110.0
-56.0,29.0,-974.0
-523.0,33.0,-948.0
-244.0,15.0,-1151.0
-355.0,206.0,-995.0
-154.0,-171.0,-929.0
-730.0,78.0,-847.0
-286.0,9.0,-1159.0
-122.0,214.0,-1139.0
-48.0,-42.0,-1112.0
-523.0,15.0,-983.0
-197.0,54.0,-948.0
-89.0,105.0,-997.0
-111.0,-37.0,-1001.0
-534.0,-56.0,-933.0
-134.0,54.0,-1028.0
17.0,99.0,-1184.0
-162.0,142.0,-1163.0
-365.0,-103.0,-976.0
-111.0,111.0,-843.0
91.0,31.0,-1063.0
-175.0,70.0,-1085.0
-175.0,-119.0,-858.0
138.0,15.0,-923.0
306.0,109.0,-1143.0
224.0,244.0,-1229.0
23.0,-56.0,-1079.0
275.0,87.0,-817.0
441.0,-19.0,-1038.0
148.0,31.0,-987.0
85.0,-58.0,-849.0
333.0,-9.0,-894.0
398.0,163.0,-1260.0
39.0,119.0,-1389.0
-39.0,40.0,-979.0
40.0,5.0,-761.0
290.0,21.0,-1030.0
-91.0,11.0,-1009.0
-25.0,-35.0,-780.0
66.0,19.0,-813.0
146.0,80.0,-1301.0
-244.0,85.0,-1221.0
-95.0,11.0,-960.0
-80.0,-5.0,-829.0
91.0,-11.0,-1093.0
-329.0,117.0,-907.0
-25.0,3.0,-798.0
-52.0,-21.0,-981.0
-5.0,17.0,-1346.0
-300.0,150.0,-1223.0
-121.0,101.0,-915.0
-42.0,-70.0,-872.0
0.0,42.0,-1087.0
-218.0,35.0,-987.0
-7.0,-33.0,-815.0
-37.0,-1.0,-989.0
-1.0,80.0,-1329.0
-177.0,111.0,-1259.0
-87.0,42.0,-851.0
-31.0,-19.0,-897.0
11.0,163.0,-1145.0
-81.0,-62.0,-1052.0
58.0,-160.0,-728.0
-150.0,31.0,-886.0
-23.0,152.0,-1227.0
-95.0,101.0,-1259.0
-35.0,-66.0,-905.0
0.0,-46.0,-931.0
1.0,160.0,-1116.0
-35.0,81.0,-1016.0
113.0,-216.0,-739.0
-171.0,13.0,-882.0
-54.0,146.0,-1251.0
-62.0,160.0,-1344.0
21.0,-58.0,-966.0
-103.0,-54.0,-950.0
-60.0,197.0,-1056.0
35.0,-21.0,-1046.0
56.0,-111.0,-735.0
-128.0,-85.0,-913.0
-66.0,187.0,-1175.0
-87.0,169.0,-1264.0
95.0,-3.0,-1022.0
-58.0,-15.0,-983.0
9.0,124.0,-1016.0
56.0,68.0,-915.0
144.0,-64.0,-753.0
-78.0,-48.0,-991.0
-54.0,42.0,-1221.0
-44.0,160.0,-1210.0
220.0,-5.0,-1001.0
-54.0,91.0,-964.0
89.0,37.0,-974.0
1.0,70.0,-895.0
185.0,-21.0,-841.0
-68.0,-27.0,-1079.0
-66.0,17.0,-1182.0
19.0,64.0,-1139.0
167.0,1.0,-960.0
-44.0,109.0,-1015.0
46.0,25.0,-1032.0
80.0,29.0,-938.0
93.0,-37.0,-880.0
-56.0,-9.0,-999.0
-68.0,76.0,-1110.0
-13.0,56.0,-1130.0
156.0,64.0,-1034.0
-91.0,91.0,-1104.0
27.0,33.0,-999.0
58.0,44.0,-878.0
101.0,-111.0,-909.0
-222.0,-7.0,-954.0
-27.0,0.0,-1122.0
5.0,119.0,-1177.0
121.0,70.0,-1104.0
-191.0,97.0,-987.0
17.0,40.0,-929.0
68.0,80.0,-931.0
93.0,-142.0,-948.0
-284.0,29.0,-853.0
-15.0,-23.0,-1044.0
23.0,138.0,-1138.0
142.0,76.0,-1134.0
-183.0,97.0,-1044.0
70.0,29.0,-931.0
72.0,64.0,-938.0
-9.0,-29.0,-964.0
-169.0,-23.0,-903.0
-11.0,-39.0,-1032.0
80.0,148.0,-1196.0
111.0,5.0,-1182.0
-228.0,64.0,-933.0
33.0,44.0,-851.0
107.0,13.0,-983.0
17.0,-35.0,-1040.0
-191.0,3.0,-936.0
25.0,15.0,-1028.0
128.0,83.0,-1167.0
42.0,93.0,-1118.0
-115.0,27.0,-946.0
52.0,40.0,-921.0
121.0,50.0,-1007.0
5.0,-64.0,-1073.0
-156.0,-1.0,-919.0
39.0,-27.0,-970.0
150.0,160.0,-1169.0
21.0,85.0,-1177.0
-113.0,42.0,-938.0
44.0,-5.0,-851.0
142.0,60.0,-1038.0
-21.0,-21.0,-1052.0
-124.0,-1.0,-921.0
50.0,-35.0,-989.0
183.0,105.0,-1188.0
-11.0,95.0,-1128.0
-97.0,39.0,-882.0
3.0,25.0,-829.0
154.0,15.0,-1122.0
-42.0,62.0,-1081.0
-87.0,-15.0,-892.0
48.0,0.0,-944.0
119.0,124.0,-1173.0
-25.0,40.0,-1188.0
-109.0,11.0,-895.0
44.0,-5.0,-909.0
128.0,39.0,-1110.0
-60.0,29.0,-1067.0
-66.0,5.0,-870.0
7.0,15.0,-974.0
144.0,76.0,-1221.0
-122.0,76.0,-1163.0
-81.0,23.0,-845.0
-19.0,-9.0,-866.0
134.0,66.0,-1134.0
-68.0,7.0,-1112.0
-52.0,-48.0,-862.0
-39.0,40.0,-911.0
122.0,111.0,-1212.0
-93.0,130.0,-1161.0
-91.0,-40.0,-895.0
9.0,5.0,-907.0
107.0,76.0,-1147.0
-56.0,62.0,-1081.0
-54.0,-70.0,-800.0
-9.0,11.0,-917.0
83.0,87.0,-1208.0
-146.0,150.0,-1208.0
-60.0,-68.0,-874.0
-31.0,-11.0,-872.0
93.0,111.0,-1118.0
-46.0,42.0,-1073.0
-66.0,-29.0,-794.0
-27.0,25.0,-993.0
13.0,101.0,-1243.0
-130.0,83.0,-1227.0
-101.0,-25.0,-821.0
-44.0,0.0,-878.0
40.0,119.0,-1122.0
-60.0,27.0,-1089.0
44.0,-70.0,-821.0
-337.0,40.0,-1001.0
144.0,9.0,-1079.0
-488.0,126.0,-1216.0
-794.0,-23.0,-948.0
-538.0,-25.0,-874.0
-792.0,126.0,-1130.0
-778.0,-3.0,-952.0
-1221.0,-29.0,-995.0
-825.0,214.0,-856.0
-1290.0,-17.0,-1179.0
-1303.0,-31.0,-1145.0
-1356.0,-156.0,-839.0
-1212.0,173.0,-689.0
-1405.0,-19.0,-1079.0
-1380.0,3.0,-1100.0
-1108.0,7.0,-935.0
-1374.0,265.0,-1108.0
-1221.0,1.0,-1235.0
-1186.0,-191.0,-1296.0
-854.0,-48.0,-935.0
-1350.0,95.0,-872.0
-991.0,109.0,-1020.0
-921.0,-136.0,-1319.0
-716.0,-13.0,-1028.0
-1229.0,150.0,-849.0
-931.0,208.0,-1122.0
-577.0,-81.0,-1424.0
-667.0,-197.0,-1048.0
-1112.0,117.0,-517.0
-716.0,142.0,-894.0
-591.0,-27.0,-1448.0
-681.0,-349.0,-1097.0
-1124.0,318.0,-638.0
-890.0,277.0,-1104.0
-646.0,-126.0,-1370.0
-991.0,-214.0,-862.0
-1313.0,27.0,-536.0
-1171.0,148.0,-874.0
-1134.0,70.0,-1255.0
-1126.0,-228.0,-997.0
-1622.0,353.0,-864.0
-1370.0,66.0,-1139.0
-1221.0,39.0,-1214.0
-1124.0,-187.0,-940.0
-1483.0,76.0,-772.0
-1284.0,37.0,-946.0
-1145.0,-83.0,-1180.0
-1157.0,146.0,-1091.0
-1413.0,257.0,-1054.0
-1354.0,31.0,-1179.0
-1067.0,-81.0,-1171.0
-1108.0,-44.0,-1067.0
-1415.0,230.0,-839.0
-1266.0,-78.0,-874.0
-862.0,-56.0,-1138.0
-784.0,74.0,-1237.0
-1241.0,441.0,-958.0
-929.0,-366.0,-948.0
-681.0,13.0,-1085.0
-728.0,-193.0,-1126.0
-1325.0,290.0,-806.0
-1052.0,0.0,-745.0
-880.0,81.0,-1175.0
-935.0,-193.0,-1243.0
-1397.0,361.0,-880.0
-1216.0,89.0,-942.0
-1020.0,-242.0,-1208.0
-1153.0,-60.0,-1124.0
-1549.0,171.0,-556.0
-1360.0,-140.0,-784.0
-1075.0,-109.0,-1329.0
-1192.0,-1.0,-1323.0
-1600.0,482.0,-802.0
-1438.0,3.0,-993.0
-1003.0,-78.0,-1290.0
-1188.0,-283.0,-1120.0
-1544.0,60.0,-718.0
-1358.0,-29.0,-858.0
-1233.0,156.0,-1325.0
-1298.0,-3.0,-1284.0
-1657.0,277.0,-843.0
-1450.0,117.0,-843.0
-1069.0,-148.0,-1200.0
-1104.0,-222.0,-1403.0
-1508.0,193.0,-771.0
-1499.0,185.0,-653.0
-936.0,-5.0,-1138.0
-997.0,-204.0,-1387.0
-1415.0,56.0,-772.0
-1311.0,64.0,-761.0
-884.0,171.0,-1383.0
-1052.0,103.0,-1272.0
-1528.0,101.0,-634.0
-1323.0,-99.0,-591.0
-1089.0,-281.0,-1221.0
-1251.0,-52.0,-1368.0
-1444.0,296.0,-751.0
-1395.0,242.0,-866.0
-952.0,37.0,-1260.0
-1161.0,-187.0,-1380.0
-1239.0,-130.0,-659.0
-1415.0,-165.0,-650.0
-819.0,222.0,-1151.0
-1110.0,50.0,-1421.0
-1100.0,105.0,-837.0
-1155.0,216.0,-968.0
-530.0,242.0,-1354.0
-706.0,-50.0,-1393.0
-751.0,-308.0,-642.0
-716.0,-99.0,-599.0
-437.0,179.0,-1155.0
-236.0,183.0,-1257.0
-646.0,11.0,-997.0
-236.0,-7.0,-976.0
-353.0,62.0,-1346.0
-242.0,230.0,-1159.0
-101.0,-253.0,-976.0
-99.0,74.0,-698.0
87.0,-89.0,-884.0
140.0,-25.0,-1100.0
85.0,19.0,-940.0
-54.0,44.0,-1009.0
290.0,152.0,-1087.0
204.0,-76.0,-1184.0
109.0,407.0,-997.0
85.0,-124.0,-784.0
181.0,-160.0,-821.0
589.0,-89.0,-1005.0
142.0,228.0,-1136.0
755.0,343.0,-944.0
1069.0,121.0,-1255.0
1018.0,-162.0,-1286.0
1237.0,44.0,-755.0
1313.0,25.0,-698.0
1559.0,193.0,-886.0
1399.0,-368.0,-1120.0
1585.0,173.0,-1007.0
1528.0,27.0,-1147.0
1464.0,445.0,-1504.0
1383.0,107.0,-1393.0
1313.0,-191.0,-847.0
1155.0,-25.0,-874.0
1255.0,5.0,-790.0
1059.0,103.0,-866.0
1040.0,89.0,-843.0
940.0,-167.0,-1073.0
950.0,507.0,-1007.0
1011.0,-152.0,-1050.0
739.0,140.0,-958.0
687.0,-62.0,-671.0
661.0,156.0,-757.0
804.0,175.0,-1003.0
780.0,-158.0,-1024.0
839.0,288.0,-1239.0
737.0,271.0,-1173.0
772.0,-50.0,-1157.0
923.0,-244.0,-874.0
601.0,-167.0,-841.0
724.0,468.0,-788.0
706.0,-279.0,-1036.0
700.0,-126.0,-1116.0
853.0,126.0,-1270.0
880.0,361.0,-1214.0
1052.0,150.0,-1155.0
1190.0,-322.0,-1063.0
1145.0,-50.0,-841.0
1167.0,216.0,-714.0
1282.0,-206.0,-995.0
1249.0,-56.0,-1040.0
1126.0,122.0,-1190.0
1245.0,156.0,-1292.0
1221.0,-48.0,-1126.0
1311.0,-306.0,-905.0
1198.0,281.0,-759.0
1200.0,349.0,-778.0
1274.0,-206.0,-862.0
1266.0,-335.0,-1110.0
1243.0,109.0,-1192.0
1198.0,452.0,-1077.0
1192.0,-101.0,-1138.0
1165.0,-283.0,-1044.0
1102.0,80.0,-876.0
958.0,271.0,-755.0
897.0,-13.0,-897.0
1036.0,-251.0,-1081.0
960.0,66.0,-1169.0
901.0,716.0,-1069.0
1036.0,11.0,-1233.0
1143.0,-163.0,-1083.0
1042.0,15.0,-732.0
1015.0,310.0,-702.0
1264.0,-142.0,-913.0
1214.0,-222.0,-1188.0
1257.0,187.0,-1218.0
1260.0,571.0,-1161.0
1364.0,39.0,-1179.0
1378.0,-181.0,-1028.0
1352.0,-21.0,-778.0
1200.0,281.0,-726.0
1327.0,-81.0,-968.0
1331.0,-234.0,-1095.0
1372.0,294.0,-1194.0
1319.0,542.0,-1038.0
1311.0,-56.0,-1089.0
1614.0,-300.0,-952.0
1405.0,-60.0,-845.0
1288.0,398.0,-763.0
1288.0,9.0,-917.0
1358.0,-160.0,-1128.0
1243.0,148.0,-1153.0
1190.0,431.0,-1081.0
1276.0,33.0,-1239.0
1387.0,-288.0,-1108.0
1196.0,-64.0,-784.0
1024.0,425.0,-583.0
1165.0,-150.0,-927.0
1167.0,-283.0,-1143.0
1065.0,105.0,-1198.0
901.0,374.0,-1136.0
880.0,187.0,-1218.0
931.0,-193.0,-1040.0
825.0,68.0,-931.0
696.0,300.0,-774.0
747.0,-242.0,-958.0
718.0,-191.0,-1093.0
653.0,19.0,-1159.0
484.0,591.0,-1026.0
669.0,29.0,-1081.0
651.0,-220.0,-1073.0
622.0,13.0,-858.0
480.0,109.0,-708.0
548.0,1.0,-874.0
653.0,-115.0,-1134.0
544.0,130.0,-1173.0
454.0,314.0,-1081.0
448.0,-1.0,-1134.0
558.0,-179.0,-1065.0
361.0,-21.0,-923.0
312.0,99.0,-763.0
290.0,-46.0,-892.0
388.0,-56.0,-1083.0
238.0,76.0,-1081.0
195.0,240.0,-960.0
212.0,17.0,-1057.0
318.0,-40.0,-1089.0
236.0,-9.0,-962.0
72.0,25.0,-819.0
210.0,-66.0,-880.0
212.0,-124.0,-1007.0
68.0,107.0,-977.0
35.0,259.0,-1030.0
117.0,101.0,-1155.0
224.0,-31.0,-1147.0
117.0,-85.0,-851.0
-27.0,89.0,-653.0
72.0,-56.0,-708.0
154.0,-60.0,-964.0
33.0,87.0,-1005.0
3.0,271.0,-985.0
163.0,103.0,-1054.0
230.0,-56.0,-1054.0
142.0,3.0,-772.0
115.0,-9.0,-646.0
162.0,-13.0,-724.0
232.0,-17.0,-823.0
72.0,115.0,-856.0
109.0,195.0,-890.0
197.0,101.0,-952.0
300.0,19.0,-989.0
195.0,3.0,-724.0
122.0,-23.0,-509.0
206.0,-66.0,-577.0
210.0,33.0,-798.0
173.0,46.0,-895.0
128.0,160.0,-929.0
185.0,99.0,-987.0
261.0,74.0,-966.0
160.0,-7.0,-782.0
97.0,-39.0,-585.0
80.0,0.0,-609.0
142.0,29.0,-858.0
46.0,-19.0,-895.0
27.0,72.0,-927.0
78.0,156.0,-1003.0
117.0,124.0,-1013.0
95.0,-70.0,-815.0
-9.0,-21.0,-655.0
56.0,-9.0,-677.0
52.0,44.0,-825.0
-23.0,5.0,-864.0
7.0,134.0,-972.0
83.0,85.0,-1077.0
140.0,119.0,-1056.0
31.0,-72.0,-825.0
-15.0,-81.0,-542.0
-40.0,29.0,-585.0
39.0,-9.0,-784.0
-54.0,1.0,-925.0
0.0,23.0,-931.0
9.0,212.0,-976.0
99.0,78.0,-977.0
11.0,-35.0,-749.0
-9.0,-91.0,-548.0
3.0,-31.0,-591.0
17.0,17.0,-749.0
-1.0,9.0,-794.0
-1.0,60.0,-847.0
25.0,138.0,-958.0
11.0,173.0,-1007.0
50.0,-37.0,-739.0
-81.0,-68.0,-528.0
1.0,0.0,-530.0
-35.0,52.0,-735.0
-17.0,-17.0,-868.0
-42.0,5.0,-942.0
3.0,160.0,-972.0
1.0,128.0,-960.0
19.0,-17.0,-774.0
-89.0,-46.0,-585.0
-74.0,-39.0,-614.0
-97.0,29.0,-747.0
-93.0,-50.0,-804.0
-152.0,107.0,-874.0
-68.0,175.0,-1001.0
-74.0,177.0,-1005.0
-21.0,-21.0,-792.0
-95.0,-74.0,-573.0
-89.0,-9.0,-566.0
-37.0,-35.0,-716.0
-31.0,-23.0,-794.0
-54.0,126.0,-911.0
-13.0,181.0,-1020.0
0.0,162.0,-1063.0
60.0,-54.0,-808.0
0.0,-60.0,-562.0
-1.0,-23.0,-544.0
33.0,46.0,-698.0
48.0,-54.0,-782.0
25.0,13.0,-872.0
-21.0,187.0,-921.0
56.0,158.0,-948.0
89.0,5.0,-757.0
1.0,-68.0,-609.0
-52.0,-42.0,-525.0
48.0,33.0,-620.0
25.0,3.0,-712.0
-5.0,50.0,-882.0
-27.0,128.0,-935.0
89.0,140.0,-1018.0
101.0,0.0,-829.0
89.0,-50.0,-575.0
-44.0,-9.0,-493.0
50.0,13.0,-653.0
60.0,-37.0,-804.0
3.0,31.0,-929.0
-7.0,148.0,-958.0
31.0,218.0,-933.0
163.0,-9.0,-831.0
13.0,-50.0,-595.0
-3.0,-64.0,-530.0
11.0,-13.0,-583.0
33.0,-3.0,-732.0
-35.0,39.0,-802.0
-42.0,158.0,-884.0
5.0,154.0,-950.0
64.0,31.0,-837.0
3.0,-97.0,-605.0
-64.0,-46.0,-489.0
-11.0,60.0,-554.0
76.0,-15.0,-726.0
-70.0,54.0,-800.0
-31.0,107.0,-895.0
3.0,115.0,-936.0
138.0,19.0,-847.0
-19.0,-70.0,-554.0
-19.0,-17.0,-464.0
-23.0,21.0,-564.0
39.0,-33.0,-788.0
-83.0,39.0,-829.0
-21.0,93.0,-923.0
-5.0,150.0,-915.0
81.0,64.0,-860.0
-13.0,-29.0,-651.0
-33.0,-70.0,-577.0
-54.0,0.0,-607.0
0.0,-5.0,-733.0
-64.0,-5.0,-841.0
0.0,130.0,-913.0
11.0,146.0,-933.0
66.0,60.0,-897.0
-33.0,-40.0,-702.0
-54.0,-56.0,-503.0
-37.0,-39.0,-569.0
11.0,5.0,-772.0
-78.0,19.0,-796.0
-70.0,138.0,-810.0
3.0,154.0,-894.0
39.0,101.0,-853.0
-9.0,-39.0,-618.0
-40.0,-40.0,-513.0
-44.0,5.0,-554.0
37.0,-40.0,-661.0
-62.0,7.0,-753.0
-21.0,146.0,-804.0
-15.0,175.0,-919.0
74.0,85.0,-905.0
-13.0,-7.0,-687.0
-33.0,-39.0,-491.0
-21.0,0.0,-538.0
-21.0,-5.0,-675.0
-42.0,-33.0,-771.0
-48.0,119.0,-821.0
0.0,177.0,-987.0
17.0,60.0,-954.0
-31.0,-5.0,-696.0
-56.0,9.0,-476.0
-37.0,21.0,-527.0
3.0,-31.0,-696.0
-27.0,-13.0,-755.0
-5.0,68.0,-825.0
0.0,138.0,-917.0
7.0,76.0,-882.0
56.0,-44.0,-702.0
-9.0,-40.0,-562.0
9.0,-3.0,-528.0
-7.0,19.0,-599.0
11.0,25.0,-673.0
-7.0,89.0,-835.0
-1.0,115.0,-958.0
-5.0,76.0,-958.0
52.0,-56.0,-786.0
-29.0,-23.0,-566.0
-40.0,-27.0,-513.0
-23.0,-3.0,-671.0
-17.0,31.0,-757.0
-27.0,140.0,-853.0
-66.0,169.0,-942.0
-7.0,70.0,-954.0
46.0,-25.0,-778.0
-27.0,-70.0,-609.0
-25.0,-99.0,-593.0
7.0,0.0,-614.0
40.0,-5.0,-667.0
-54.0,191.0,-847.0
-44.0,163.0,-909.0
5.0,54.0,-968.0
33.0,25.0,-815.0
21.0,-56.0,-595.0
-66.0,-101.0,-482.0
-33.0,-39.0,-569.0
-3.0,7.0,-663.0
-50.0,191.0,-849.0
-93.0,158.0,-921.0
-5.0,97.0,-927.0
76.0,-50.0,-784.0
13.0,-23.0,-544.0
-60.0,-7.0,-470.0
1.0,-35.0,-548.0
-1.0,-11.0,-661.0
-15.0,103.0,-815.0
-46.0,144.0,-894.0
11.0,74.0,-884.0
48.0,-17.0,-774.0
37.0,-29.0,-585.0
-48.0,11.0,-427.0
-21.0,-11.0,-480.0
-9.0,-33.0,-671.0
-44.0,48.0,-847.0
-33.0,25.0,-995.0
64.0,60.0,-991.0
58.0,68.0,-806.0
35.0,72.0,-605.0
-68.0,46.0,-396.0
13.0,39.0,-507.0
0.0,-80.0,-804.0
-68.0,27.0,-923.0
-37.0,-3.0,-903.0
21.0,93.0,-901.0
27.0,87.0,-804.0
21.0,46.0,-583.0
-68.0,-23.0,-505.0
21.0,-9.0,-609.0
-25.0,3.0,-728.0
-33.0,99.0,-821.0
-44.0,117.0,-843.0
7.0,152.0,-858.0
54.0,29.0,-817.0
1.0,-17.0,-632.0
-42.0,-124.0,-503.0
5.0,-39.0,-532.0
-9.0,-39.0,-737.0
-19.0,117.0,-813.0
-44.0,105.0,-800.0
87.0,60.0,-899.0
27.0,39.0,-853.0
78.0,50.0,-655.0
-27.0,-7.0,-521.0
-17.0,9.0,-542.0
11.0,-99.0,-722.0
-62.0,-37.0,-737.0
-56.0,46.0,-819.0
-23.0,142.0,-874.0
23.0,138.0,-874.0
-15.0,91.0,-675.0
-31.0,-31.0,-564.0
-39.0,-29.0,-552.0
19.0,-60.0,-679.0
-50.0,148.0,-726.0
11.0,103.0,-853.0
-31.0,156.0,-890.0
29.0,13.0,-948.0
7.0,-85.0,-653.0
-7.0,-105.0,-499.0
-33.0,0.0,-445.0
-21.0,21.0,-683.0
-3.0,27.0,-815.0
3.0,97.0,-890.0
-9.0,156.0,-917.0
9.0,152.0,-874.0
-9.0,117.0,-644.0
-29.0,-83.0,-569.0
-66.0,-220.0,-542.0
-27.0,-91.0,-661.0
-44.0,56.0,-724.0
0.0,156.0,-835.0
-11.0,197.0,-979.0
37.0,105.0,-897.0
27.0,0.0,-747.0
27.0,9.0,-499.0
-56.0,-81.0,-505.0
-1.0,-27.0,-599.0
15.0,-29.0,-772.0
-1.0,70.0,-862.0
-39.0,111.0,-892.0
-54.0,124.0,-870.0
78.0,5.0,-691.0
-48.0,13.0,-544.0
-11.0,-52.0,-505.0
-56.0,78.0,-597.0
3.0,-3.0,-708.0
-42.0,91.0,-849.0
-68.0,85.0,-938.0
23.0,134.0,-927.0
1.0,121.0,-737.0
19.0,-93.0,-579.0
-39.0,-60.0,-501.0
-31.0,-11.0,-562.0
13.0,56.0,-702.0
-50.0,183.0,-851.0
-37.0,74.0,-929.0
-39.0,31.0,-956.0
107.0,40.0,-757.0
-15.0,3.0,-562.0
-7.0,-19.0,-466.0
-19.0,-87.0,-568.0
74.0,-15.0,-771.0
-54.0,105.0,-866.0
-13.0,249.0,-895.0
-42.0,148.0,-819.0
121.0,-78.0,-761.0
11.0,-91.0,-609.0
-81.0,105.0,-548.0
-9.0,13.0,-532.0
-9.0,-80.0,-673.0
-64.0,-21.0,-782.0
-87.0,183.0,-854.0
21.0,251.0,-868.0
64.0,-1.0,-804.0
42.0,-267.0,-659.0
-52.0,-80.0,-523.0
-25.0,187.0,-497.0
17.0,171.0,-739.0
-46.0,0.0,-808.0
-60.0,-74.0,-860.0
-33.0,46.0,-823.0
78.0,169.0,-876.0
11.0,5.0,-661.0
7.0,-144.0,-558.0
-58.0,-40.0,-628.0
54.0,160.0,-694.0
-97.0,74.0,-765.0
11.0,-48.0,-813.0
-15.0,130.0,-925.0
130.0,204.0,-853.0
1.0,109.0,-712.0
-29.0,-124.0,-536.0
27.0,-171.0,-528.0
-39.0,105.0,-661.0
-25.0,35.0,-733.0
-109.0,109.0,-786.0
13.0,66.0,-894.0
25.0,89.0,-866.0
11.0,40.0,-679.0
-44.0,-113.0,-499.0
-68.0,15.0,-501.0
-21.0,54.0,-702.0
3.0,-50.0,-815.0
-72.0,87.0,-827.0
27.0,80.0,-892.0
-9.0,244.0,-901.0
87.0,40.0,-675.0
-3.0,-144.0,-571.0
76.0,-99.0,-538.0
-46.0,-5.0,-626.0
25.0,222.0,-739.0
-39.0,0.0,-862.0
-13.0,66.0,-954.0
33.0,52.0,-940.0
17.0,140.0,-696.0
-31.0,-40.0,-536.0
-62.0,-136.0,-460.0
-35.0,64.0,-673.0
37.0,54.0,-847.0
-74.0,37.0,-923.0
-48.0,58.0,-843.0
15.0,-35.0,-919.0
-21.0,197.0,-659.0
-21.0,-27.0,-495.0
-60.0,-31.0,-519.0
-29.0,-70.0,-646.0
-19.0,-39.0,-761.0
-37.0,76.0,-862.0
5.0,130.0,-929.0
9.0,148.0,-876.0
66.0,70.0,-759.0
5.0,-13.0,-538.0
-44.0,-95.0,-505.0
-27.0,-15.0,-640.0
-40.0,52.0,-765.0
-9.0,66.0,-827.0
-76.0,140.0,-874.0
17.0,64.0,-870.0
54.0,-70.0,-732.0
-19.0,11.0,-521.0
-5.0,-5.0,-571.0
-42.0,13.0,-735.0
17.0,60.0,-790.0
-64.0,80.0,-815.0
-48.0,15.0,-813.0
13.0,44.0,-804.0
54.0,40.0,-681.0
-3.0,111.0,-685.0
-37.0,-13.0,-597.0
13.0,-95.0,-712.0
17.0,-99.0,-685.0
-44.0,179.0,-798.0
-37.0,150.0,-839.0
-11.0,158.0,-890.0
119.0,-39.0,-778.0
0.0,76.0,-624.0
-9.0,-115.0,-562.0
35.0,-113.0,-761.0
-17.0,109.0,-737.0
-58.0,136.0,-767.0
-64.0,80.0,-800.0
-48.0,42.0,-772.0
97.0,9.0,-776.0
31.0,-81.0,-667.0
-70.0,19.0,-622.0
60.0,-56.0,-634.0
-15.0,156.0,-732.0
1.0,0.0,-790.0
-66.0,121.0,-870.0
25.0,124.0,-907.0
58.0,-9.0,-776.0
-17.0,58.0,-689.0
-46.0,-56.0,-562.0
-76.0,46.0,-571.0
56.0,-91.0,-771.0
-103.0,50.0,-821.0
-66.0,95.0,-776.0
-17.0,50.0,-872.0
101.0,187.0,-868.0
-15.0,-39.0,-704.0
-1.0,-201.0,-650.0
5.0,-25.0,-747.0
93.0,-17.0,-894.0
-107.0,140.0,-909.0
5.0,146.0,-1020.0
-11.0,121.0,-1124.0
81.0,42.0,-1075.0
5.0,-154.0,-966.0
-29.0,54.0,-905.0
-13.0,89.0,-853.0
-5.0,81.0,-1040.0
-78.0,-60.0,-1149.0
21.0,-60.0,-1227.0
-44.0,265.0,-1268.0
68.0,163.0,-1274.0
19.0,-83.0,-1173.0
13.0,-54.0,-909.0
-128.0,-42.0,-872.0
101.0,27.0,-1028.0
-124.0,58.0,-1149.0
9.0,208.0,-1112.0
-60.0,80.0,-1192.0
3.0,128.0,-1223.0
-25.0,-160.0,-1024.0
-56.0,29.0,-845.0
-44.0,-25.0,-786.0
-11.0,-76.0,-983.0
-11.0,85.0,-950.0
-5.0,179.0,-1106.0
11.0,146.0,-1177.0
27.0,-31.0,-1266.0
39.0,-5.0,-923.0
3.0,5.0,-749.0
-68.0,13.0,-677.0
35.0,3.0,-763.0
-81.0,1.0,-1042.0
74.0,44.0,-1104.0
-60.0,146.0,-1122.0
101.0,85.0,-1095.0
87.0,64.0,-938.0
21.0,81.0,-776.0
9.0,-5.0,-685.0
-21.0,76.0,-907.0
60.0,11.0,-960.0
-56.0,-48.0,-1028.0
13.0,27.0,-1110.0
-27.0,160.0,-1106.0
50.0,93.0,-933.0
-56.0,-1.0,-700.0
-23.0,-124.0,-737.0
-11.0,-37.0,-808.0
21.0,115.0,-933.0
-5.0,105.0,-1024.0
-50.0,183.0,-1069.0
0.0,121.0,-1046.0
78.0,-52.0,-950.0
-56.0,-66.0,-733.0
-80.0,44.0,-663.0
-11.0,-58.0,-796.0
-9.0,-101.0,-956.0
-37.0,-72.0,-995.0
-105.0,351.0,-962.0
35.0,281.0,-1030.0
72.0,15.0,-954.0
62.0,-251.0,-817.0
-44.0,-179.0,-794.0
60.0,105.0,-813.0
23.0,-25.0,-882.0
-31.0,60.0,-1036.0
-46.0,146.0,-1110.0
27.0,31.0,-1175.0
0.0,52.0,-1048.0
25.0,-58.0,-866.0
-101.0,-9.0,-739.0
-52.0,150.0,-751.0
13.0,-48.0,-921.0
-136.0,134.0,-1147.0
-87.0,0.0,-1128.0
-31.0,-39.0,-1165.0
152.0,-31.0,-1124.0
1.0,15.0,-901.0
-44.0,37.0,-765.0
29.0,80.0,-825.0
-5.0,-44.0,-1001.0
-25.0,89.0,-1071.0
-72.0,117.0,-1169.0
19.0,134.0,-1143.0
93.0,-78.0,-1075.0
-37.0,-27.0,-862.0
-3.0,-5.0,-788.0
-13.0,115.0,-815.0
-35.0,121.0,-1034.0
-37.0,-146.0,-1141.0
-101.0,-21.0,-1157.0
62.0,255.0,-1130.0
150.0,234.0,-1122.0
7.0,-15.0,-929.0
21.0,-169.0,-815.0
-19.0,-85.0,-933.0
117.0,85.0,-1085.0
-40.0,-87.0,-1128.0
-27.0,257.0,-1087.0
35.0,242.0,-1128.0
25.0,37.0,-1155.0
27.0,-87.0,-1032.0
-44.0,-220.0,-954.0
-40.0,117.0,-923.0
21.0,101.0,-1018.0
-40.0,64.0,-1083.0
-70.0,152.0,-1126.0
5.0,95.0,-1231.0
42.0,-15.0,-1315.0
17.0,54.0,-1069.0
-7.0,3.0,-897.0
-40.0,144.0,-874.0
37.0,-146.0,-1009.0
-39.0,-101.0,-1208.0
33.0,140.0,-1259.0
48.0,117.0,-1311.0
46.0,126.0,-1382.0
15.0,142.0,-1167.0
-13.0,-33.0,-942.0
-33.0,-81.0,-950.0
-89.0,122.0,-1059.0
-23.0,3.0,-1114.0
-33.0,15.0,-1274.0
-44.0,66.0,-1452.0
29.0,162.0,-1424.0
0.0,-46.0,-1177.0
0.0,-105.0,-956.0
-74.0,93.0,-944.0
66.0,3.0,-1118.0
-35.0,39.0,-1223.0
3.0,74.0,-1383.0
-54.0,134.0,-1421.0
42.0,122.0,-1403.0
40.0,-97.0,-1118.0
-56.0,-148.0,-952.0
-64.0,50.0,-999.0
46.0,126.0,-1136.0
-70.0,76.0,-1274.0
-11.0,-60.0,-1360.0
-46.0,167.0,-1364.0
11.0,162.0,-1288.0
29.0,-68.0,-1141.0
17.0,-89.0,-1132.0
7.0,76.0,-1087.0
-50.0,-17.0,-1145.0
27.0,46.0,-1239.0
70.0,-15.0,-1362.0
-66.0,169.0,-1264.0
-17.0,355.0,-1333.0
46.0,-5.0,-1268.0
21.0,-218.0,-1069.0
-78.0,-222.0,-909.0
13.0,126.0,-1145.0
113.0,74.0,-1292.0
-19.0,78.0,-1327.0
-39.0,126.0,-1380.0
40.0,158.0,-1366.0
162.0,60.0,-1253.0
85.0,-66.0,-1044.0
-103.0,-25.0,-1015.0
23.0,-3.0,-1083.0
-76.0,0.0,-1167.0
-42.0,13.0,-1282.0
-95.0,232.0,-1356.0
7.0,66.0,-1376.0
68.0,-58.0,-1309.0
-7.0,-101.0,-1114.0
-70.0,-9.0,-983.0
33.0,230.0,-1054.0
64.0,-97.0,-1243.0
7.0,-60.0,-1413.0
-74.0,267.0,-1380.0
52.0,267.0,-1403.0
25.0,-80.0,-1272.0
-11.0,-234.0,-1073.0
-56.0,-54.0,-935.0
37.0,132.0,-1079.0
-7.0,156.0,-1313.0
-11.0,13.0,-1456.0
-54.0,29.0,-1380.0
-17.0,64.0,-1383.0
111.0,70.0,-1307.0
37.0,80.0,-1143.0
-68.0,-7.0,-1040.0
-39.0,-35.0,-1122.0
-21.0,-29.0,-1262.0
-64.0,-29.0,-1309.0
-56.0,-50.0,-1344.0
-21.0,177.0,-1368.0
113.0,156.0,-1337.0
-95.0,187.0,-1190.0
-19.0,124.0,-1059.0
-11.0,-103.0,-1077.0
11.0,-185.0,-1249.0
-58.0,11.0,-1313.0
5.0,89.0,-1303.0
5.0,179.0,-1395.0
134.0,35.0,-1491.0
11.0,-44.0,-1282.0
-27.0,33.0,-1104.0
-13.0,126.0,-1165.0
21.0,62.0,-1227.0
-89.0,-66.0,-1196.0
-58.0,83.0,-1253.0
21.0,33.0,-1436.0
48.0,58.0,-1504.0
-7.0,-52.0,-1329.0
33.0,-99.0,-1134.0
27.0,3.0,-1083.0
0.0,283.0,-1212.0
-7.0,152.0,-1257.0
-39.0,-15.0,-1380.0
-15.0,58.0,-1467.0
-15.0,111.0,-1362.0
40.0,-146.0,-1221.0
-1.0,-175.0,-1057.0
-13.0,35.0,-1175.0
39.0,201.0,-1239.0
-13.0,-1.0,-1344.0
-39.0,11.0,-1432.0
-21.0,292.0,-1374.0
15.0,169.0,-1335.0
1.0,25.0,-1264.0
-44.0,-33.0,-1153.0
-35.0,-208.0,-1112.0
-40.0,-78.0,-1212.0
-13.0,-35.0,-1315.0
-42.0,142.0,-1346.0
-80.0,314.0,-1393.0
0.0,107.0,-1504.0
17.0,44.0,-1296.0
-5.0,31.0,-1048.0
-37.0,-5.0,-1097.0
37.0,-74.0,-1229.0
85.0,-187.0,-1366.0
-3.0,130.0,-1385.0
9.0,238.0,-1473.0
40.0,56.0,-1487.0
3.0,-15.0,-1255.0
9.0,-1.0,-1098.0
-72.0,81.0,-1059.0
15.0,-39.0,-1155.0
-29.0,-60.0,-1260.0
-39.0,15.0,-1360.0
-39.0,134.0,-1489.0
-5.0,99.0,-1551.0
25.0,42.0,-1395.0
-1.0,-3.0,-1157.0
-97.0,11.0,-1050.0
3.0,25.0,-1095.0
-89.0,54.0,-1253.0
-31.0,46.0,-1360.0
-85.0,85.0,-1547.0
-40.0,89.0,-1424.0
19.0,15.0,-1321.0
31.0,-31.0,-1188.0
-60.0,-91.0,-1079.0
101.0,-132.0,-1108.0
60.0,134.0,-1301.0
3.0,37.0,-1456.0
-42.0,310.0,-1448.0
91.0,122.0,-1385.0
101.0,-91.0,-1383.0
7.0,-35.0,-1262.0
5.0,-60.0,-993.0
-113.0,-23.0,-1102.0
76.0,-218.0,-1303.0
-52.0,259.0,-1356.0
-64.0,407.0,-1423.0
11.0,140.0,-1526.0
66.0,-70.0,-1489.0
31.0,-80.0,-1192.0
-154.0,15.0,-1036.0
134.0,-62.0,-1182.0
-15.0,-103.0,-1337.0
-48.0,167.0,-1385.0
-64.0,105.0,-1454.0
68.0,70.0,-1403.0
66.0,-15.0,-1341.0
-33.0,121.0,-1155.0
70.0,83.0,-1098.0
21.0,9.0,-1206.0
-1.0,-206.0,-1348.0
-62.0,29.0,-1342.0
3.0,50.0,-1383.0
-60.0,316.0,-1417.0
122.0,171.0,-1383.0
17.0,-101.0,-1233.0
-39.0,-70.0,-1098.0
-33.0,-13.0,-1102.0
-1.0,-25.0,-1313.0
-40.0,5.0,-1426.0
-74.0,130.0,-1389.0
11.0,242.0,-1448.0
13.0,130.0,-1333.0
33.0,-66.0,-1231.0
-62.0,-134.0,-1095.0
5.0,-42.0,-1139.0
0.0,44.0,-1325.0
-39.0,13.0,-1358.0
-13.0,76.0,-1413.0
21.0,175.0,-1483.0
33.0,230.0,-1413.0
11.0,13.0,-1325.0
-44.0,-60.0,-1122.0
-33.0,-107.0,-1114.0
-3.0,42.0,-1235.0
-42.0,64.0,-1294.0
11.0,40.0,-1405.0
-58.0,76.0,-1520.0
76.0,-21.0,-1477.0
31.0,13.0,-1280.0
-44.0,142.0,-1114.0
-21.0,17.0,-1059.0
21.0,5.0,-1260.0
-15.0,-68.0,-1403.0
0.0,140.0,-1450.0
-35.0,165.0,-1446.0
7.0,-39.0,-1350.0
29.0,-35.0,-1190.0
40.0,-39.0,-1136.0
-15.0,-5.0,-1221.0
-15.0,42.0,-1247.0
33.0,5.0,-1329.0
3.0,101.0,-1419.0
-78.0,247.0,-1448.0
-7.0,89.0,-1475.0
-9.0,23.0,-1321.0
-23.0,-107.0,-1126.0
-89.0,-115.0,-1098.0
-29.0,29.0,-1196.0
7.0,-48.0,-1335.0
-33.0,162.0,-1483.0
-21.0,156.0,-1438.0
-7.0,165.0,-1335.0
78.0,99.0,-1286.0
42.0,-5.0,-1223.0
0.0,-122.0,-1169.0
60.0,-97.0,-1237.0
19.0,15.0,-1317.0
89.0,74.0,-1380.0
-33.0,134.0,-1399.0
11.0,179.0,-1432.0
68.0,15.0,-1346.0
33.0,-66.0,-1257.0
-87.0,-60.0,-1122.0
3.0,35.0,-1104.0
-37.0,44.0,-1276.0
-52.0,58.0,-1430.0
-124.0,105.0,-1436.0
-46.0,150.0,-1514.0
9.0,-62.0,-1362.0
1.0,-39.0,-1204.0
-54.0,-17.0,-1089.0
-11.0,35.0,-1180.0
58.0,-13.0,-1366.0
17.0,97.0,-1495.0
-48.0,101.0,-1450.0
0.0,175.0,-1405.0
97.0,83.0,-1321.0
13.0,-17.0,-1225.0
23.0,-148.0,-1196.0
-5.0,-40.0,-1169.0
29.0,-1.0,-1321.0
-44.0,95.0,-1380.0
-66.0,150.0,-1407.0
-56.0,138.0,-1393.0
68.0,5.0,-1423.0
-21.0,25.0,-1268.0
-87.0,-64.0,-1106.0
13.0,-50.0,-1104.0
-15.0,83.0,-1309.0
-50.0,107.0,-1407.0
-58.0,103.0,-1387.0
-3.0,136.0,-1344.0
33.0,-39.0,-1399.0
11.0,-83.0,-1255.0
13.0,-68.0,-1104.0
-3.0,39.0,-1157.0
27.0,101.0,-1331.0
-11.0,31.0,-1323.0
-35.0,80.0,-1401.0
-11.0,99.0,-1491.0
87.0,113.0,-1456.0
44.0,-70.0,-1262.0
-48.0,-64.0,-1108.0
-29.0,-1.0,-1075.0
0.0,46.0,-1307.0
-42.0,68.0,-1397.0
-74.0,80.0,-1471.0
-31.0,85.0,-1501.0
56.0,101.0,-1430.0
23.0,-3.0,-1237.0
-50.0,-54.0,-1054.0
-23.0,21.0,-1106.0
31.0,29.0,-1342.0
-19.0,-23.0,-1518.0
-60.0,23.0,-1458.0
21.0,122.0,-1405.0
11.0,160.0,-1341.0
29.0,19.0,-1216.0
11.0,-66.0,-1128.0
-23.0,23.0,-1138.0
19.0,21.0,-1315.0
-35.0,-3.0,-1407.0
3.0,13.0,-1376.0
-33.0,152.0,-1366.0
52.0,109.0,-1454.0
7.0,29.0,-1262.0
-25.0,-80.0,-1093.0
-52.0,-21.0,-1118.0
-9.0,40.0,-1305.0
21.0,-60.0,-1432.0
-44.0,56.0,-1405.0
-23.0,165.0,-1403.0
39.0,119.0,-1389.0
64.0,23.0,-1303.0
21.0,-74.0,-1180.0
-7.0,13.0,-1157.0
-13.0,78.0,-1301.0
-17.0,-11.0,-1360.0
-23.0,-19.0,-1364.0
-56.0,130.0,-1483.0
-21.0,199.0,-1491.0
21.0,33.0,-1372.0
15.0,-78.0,-1167.0
-93.0,-25.0,-1132.0
1.0,44.0,-1214.0
-44.0,37.0,-1311.0
-3.0,80.0,-1426.0
-29.0,60.0,-1481.0
0.0,117.0,-1473.0
29.0,-23.0,-1298.0
23.0,-58.0,-1120.0
-50.0,3.0,-1118.0
23.0,25.0,-1259.0
0.0,46.0,-1348.0
1.0,50.0,-1419.0
-46.0,136.0,-1395.0
-17.0,187.0,-1385.0
56.0,17.0,-1298.0
-25.0,-95.0,-1239.0
-56.0,-70.0,-1184.0
1.0,37.0,-1196.0
19.0,5.0,-1309.0
-21.0,0.0,-1366.0
-80.0,140.0,-1426.0
-9.0,189.0,-1456.0
105.0,70.0,-1382.0
56.0,-101.0,-1214.0
-74.0,-64.0,-1075.0
42.0,29.0,-1132.0
23.0,-37.0,-1378.0
-23.0,46.0,-1438.0
-66.0,126.0,-1401.0
23.0,171.0,-1426.0
52.0,40.0,-1403.0
19.0,-97.0,-1196.0
-68.0,-58.0,-1145.0
-1.0,50.0,-1216.0
25.0,62.0,-1323.0
-70.0,56.0,-1366.0
-56.0,85.0,-1440.0
-11.0,163.0,-1444.0
89.0,66.0,-1423.0
35.0,-119.0,-1260.0
-99.0,-58.0,-1071.0
44.0,50.0,-1143.0
-13.0,27.0,-1300.0
-23.0,13.0,-1448.0
-87.0,105.0,-1424.0
11.0,179.0,-1495.0
60.0,23.0,-1370.0
40.0,-68.0,-1212.0
-76.0,-68.0,-1057.0
25.0,64.0,-1192.0
13.0,105.0,-1366.0
7.0,-25.0,-1444.0
-54.0,37.0,-1380.0
-5.0,187.0,-1387.0
56.0,107.0,-1339.0
0.0,-39.0,-1253.0
-17.0,-68.0,-1136.0
-7.0,-29.0,-1179.0
11.0,46.0,-1286.0
-56.0,0.0,-1321.0
-25.0,60.0,-1364.0
-42.0,177.0,-1426.0
72.0,103.0,-1448.0
19.0,-89.0,-1292.0
-58.0,-78.0,-1089.0
-44.0,64.0,-1087.0
70.0,44.0,-1331.0
-13.0,1.0,-1387.0
-13.0,80.0,-1383.0
-1.0,216.0,-1383.0
93.0,113.0,-1444.0
91.0,-81.0,-1196.0
29.0,-83.0,-1050.0
39.0,19.0,-1100.0
58.0,70.0,-1221.0
-7.0,-35.0,-1235.0
-15.0,19.0,-1329.0
195.0,220.0,-1325.0
48.0,171.0,-1528.0
298.0,-140.0,-1163.0
322.0,-56.0,-991.0
419.0,113.0,-981.0
501.0,152.0,-1100.0
612.0,-124.0,-1251.0
772.0,-1.0,-1237.0
626.0,162.0,-1465.0
743.0,204.0,-1426.0
847.0,-64.0,-1145.0
868.0,-128.0,-1028.0
810.0,76.0,-1071.0
931.0,275.0,-1169.0
956.0,-87.0,-1190.0
954.0,-109.0,-1276.0
999.0,80.0,-1286.0
974.0,398.0,-1245.0
974.0,-87.0,-1114.0
901.0,-251.0,-1028.0
981.0,-44.0,-991.0
841.0,366.0,-960.0
860.0,-7.0,-1042.0
808.0,-132.0,-1194.0
784.0,212.0,-1247.0
763.0,427.0,-1225.0
776.0,-85.0,-1128.0
743.0,-292.0,-962.0
573.0,21.0,-833.0
583.0,304.0,-909.0
583.0,-31.0,-1085.0
546.0,-87.0,-1196.0
448.0,183.0,-1251.0
456.0,406.0,-1173.0
540.0,-87.0,-1138.0
499.0,-267.0,-964.0
380.0,54.0,-931.0
448.0,292.0,-997.0
452.0,-72.0,-1145.0
333.0,-56.0,-1223.0
320.0,181.0,-1235.0
318.0,286.0,-1260.0
386.0,-89.0,-1220.0
267.0,-132.0,-1077.0
162.0,-44.0,-897.0
167.0,187.0,-948.0
167.0,-54.0,-1163.0
40.0,-85.0,-1251.0
-72.0,220.0,-1241.0
19.0,78.0,-1241.0
-21.0,7.0,-1200.0
-74.0,-103.0,-977.0
-261.0,-44.0,-839.0
-93.0,115.0,-958.0
-162.0,62.0,-1190.0
-181.0,5.0,-1182.0
-216.0,68.0,-1120.0
-107.0,117.0,-1190.0
-33.0,80.0,-1180.0
-568.0,-126.0,-1052.0
-304.0,-62.0,-757.0
-607.0,-66.0,-1100.0
-337.0,306.0,-1016.0
-1360.0,-87.0,-1348.0
-1005.0,-19.0,-1196.0
-954.0,210.0,-1126.0
-1317.0,232.0,-1348.0
-1255.0,-33.0,-940.0
-1538.0,-232.0,-763.0
-1040.0,-95.0,-778.0
-1530.0,146.0,-1147.0
-1110.0,97.0,-1089.0
-1231.0,50.0,-1143.0
-956.0,0.0,-1143.0
-964.0,185.0,-1235.0
-792.0,115.0,-1016.0
-843.0,-122.0,-897.0
-728.0,-121.0,-1061.0
-423.0,146.0,-1145.0
-569.0,117.0,-1169.0
-450.0,-3.0,-1175.0
-366.0,-21.0,-1321.0
-128.0,193.0,-1264.0
-265.0,31.0,-999.0
-279.0,-119.0,-854.0
-187.0,-173.0,-921.0
-89.0,95.0,-1087.0
-173.0,19.0,-1155.0
-54.0,87.0,-1153.0
-89.0,15.0,-1307.0
-31.0,175.0,-1241.0
-68.0,44.0,-1011.0
-21.0,-103.0,-778.0
-39.0,-27.0,-843.0
-13.0,7.0,-993.0
-78.0,44.0,-1081.0
-50.0,-13.0,-1042.0
-5.0,117.0,-1175.0
23.0,179.0,-1159.0
-21.0,31.0,-1015.0
-72.0,-83.0,-837.0
-83.0,-40.0,-866.0
-113.0,95.0,-1009.0
-163.0,64.0,-1056.0
-165.0,93.0,-1206.0
-201.0,64.0,-1253.0
-257.0,206.0,-1294.0
-249.0,3.0,-1016.0
-318.0,-50.0,-821.0
-312.0,-15.0,-804.0
-220.0,72.0,-977.0
-238.0,158.0,-1110.0
-111.0,-66.0,-1175.0
-218.0,121.0,-1210.0
-72.0,163.0,-1159.0
-44.0,72.0,-1075.0
-68.0,-101.0,-929.0
-54.0,-132.0,-946.0
-78.0,78.0,-1009.0
-17.0,-13.0,-1077.0
-60.0,21.0,-1134.0
-68.0,68.0,-1175.0
-58.0,122.0,-1218.0
-58.0,60.0,-1046.0
-83.0,-62.0,-864.0
-111.0,-138.0,-827.0
-122.0,11.0,-919.0
-72.0,15.0,-1085.0
-101.0,44.0,-1182.0
-111.0,78.0,-1251.0
-72.0,150.0,-1167.0
-15.0,29.0,-1110.0
-11.0,-60.0,-903.0
-105.0,-27.0,-856.0
-11.0,-5.0,-940.0
-76.0,-31.0,-1026.0
-37.0,13.0,-1118.0
-132.0,167.0,-1161.0
-37.0,121.0,-1169.0
-7.0,23.0,-1061.0
-56.0,-58.0,-960.0
-78.0,-81.0,-827.0
-70.0,50.0,-868.0
21.0,15.0,-1028.0
-48.0,81.0,-1139.0
-64.0,146.0,-1171.0
-19.0,142.0,-1225.0
70.0,54.0,-1077.0
-7.0,-27.0,-903.0
-76.0,-44.0,-757.0
-50.0,35.0,-876.0
9.0,-19.0,-1044.0
-56.0,78.0,-1149.0
-72.0,115.0,-1139.0
-25.0,148.0,-1124.0
64.0,44.0,-1054.0
27.0,-35.0,-952.0
-52.0,-85.0,-890.0
-1.0,23.0,-890.0
-1.0,-7.0,-1011.0
-72.0,48.0,-1116.0
-42.0,44.0,-1143.0
-35.0,150.0,-1141.0
76.0,62.0,-1163.0
-11.0,5.0,-976.0
-11.0,-101.0,-831.0
-1.0,-5.0,-853.0
81.0,23.0,-1032.0
81.0,31.0,-1151.0
33.0,119.0,-1145.0
66.0,130.0,-1141.0
150.0,52.0,-1124.0
97.0,-19.0,-1028.0
56.0,-81.0,-864.0
0.0,15.0,-870.0
54.0,-3.0,-1036.0
-56.0,-3.0,-1073.0
-23.0,115.0,-1071.0
-7.0,107.0,-1132.0
17.0,132.0,-1175.0
-9.0,-52.0,-983.0
-76.0,-66.0,-831.0
-72.0,-1.0,-810.0
9.0,7.0,-985.0
-89.0,23.0,-1050.0
-56.0,99.0,-1124.0
-56.0,148.0,-1180.0
42.0,101.0,-1214.0
-68.0,-35.0,-948.0
-60.0,-74.0,-794.0
-70.0,-13.0,-825.0
1.0,56.0,-1001.0
-74.0,-39.0,-1095.0
-48.0,81.0,-1104.0
-62.0,144.0,-1143.0
27.0,105.0,-1155.0
-44.0,-11.0,-1005.0
-56.0,-60.0,-892.0
-64.0,-40.0,-915.0
-27.0,25.0,-991.0
-54.0,-13.0,-1054.0
-35.0,54.0,-1106.0
-62.0,128.0,-1184.0
-13.0,148.0,-1225.0
-33.0,-7.0,-1089.0
-39.0,-70.0,-825.0
-76.0,-25.0,-819.0
-7.0,9.0,-987.0
-39.0,9.0,-1077.0
-25.0,60.0,-1116.0
-33.0,121.0,-1188.0
1.0,150.0,-1141.0
68.0,-3.0,-1059.0
-33.0,-44.0,-874.0
5.0,19.0,-935.0
9.0,17.0,-1016.0
29.0,64.0,-1081.0
-64.0,177.0,-1165.0
37.0,132.0,-1227.0
21.0,-15.0,-1081.0
-3.0,-31.0,-868.0
-39.0,-37.0,-835.0
1.0,21.0,-886.0
40.0,-1.0,-1059.0
19.0,64.0,-1120.0
-25.0,183.0,-1216.0
52.0,97.0,-1206.0
40.0,0.0,-1028.0
39.0,-37.0,-796.0
-19.0,-17.0,-819.0
33.0,60.0,-933.0
35.0,-7.0,-1067.0
-29.0,21.0,-1122.0
-64.0,154.0,-1136.0
11.0,150.0,-1100.0
39.0,37.0,-1028.0
19.0,-62.0,-915.0
-58.0,-60.0,-892.0
-11.0,7.0,-903.0
-21.0,15.0,-991.0
-42.0,15.0,-1083.0
-76.0,109.0,-1128.0
0.0,136.0,-1112.0
60.0,27.0,-1122.0
-1.0,-31.0,-903.0
-52.0,-85.0,-778.0
-15.0,-19.0,-866.0
-40.0,50.0,-1020.0
1.0,31.0,-1118.0
-103.0,134.0,-1083.0
1.0,160.0,-1151.0
46.0,-25.0,-1085.0
-21.0,-23.0,-989.0
-72.0,-66.0,-829.0
1.0,13.0,-884.0
-17.0,19.0,-1030.0
-66.0,17.0,-1075.0
-56.0,132.0,-1095.0
25.0,124.0,-1233.0
40.0,52.0,-1153.0
35.0,-70.0,-958.0
-76.0,-50.0,-812.0
5.0,21.0,-839.0
25.0,-7.0,-1005.0
-52.0,64.0,-1089.0
-46.0,66.0,-1155.0
42.0,140.0,-1206.0
35.0,48.0,-1126.0
21.0,-27.0,-927.0
-81.0,-54.0,-769.0
35.0,33.0,-897.0
-13.0,25.0,-1011.0
-17.0,9.0,-1118.0
-25.0,33.0,-1095.0
5.0,158.0,-1169.0
76.0,89.0,-1108.0
9.0,21.0,-985.0
-5.0,-99.0,-854.0
-17.0,-11.0,-866.0
-1.0,27.0,-968.0
-9.0,-3.0,-1059.0
-9.0,64.0,-1102.0
0.0,163.0,-1169.0
66.0,93.0,-1190.0
7.0,-13.0,-1020.0
-7.0,-64.0,-794.0
-48.0,21.0,-792.0
46.0,9.0,-1016.0
-19.0,46.0,-1075.0
-29.0,83.0,-1118.0
-23.0,121.0,-1200.0
-9.0,146.0,-1157.0
52.0,-11.0,-999.0
-17.0,-46.0,-841.0
-33.0,-9.0,-890.0
7.0,0.0,-962.0
-50.0,19.0,-1009.0
-7.0,64.0,-1102.0
-46.0,124.0,-1177.0
31.0,128.0,-1198.0
9.0,-27.0,-1020.0
-54.0,-31.0,-825.0
-70.0,-25.0,-806.0
3.0,-1.0,-942.0
-17.0,21.0,-1028.0
-15.0,87.0,-1136.0
-56.0,128.0,-1192.0
-11.0,115.0,-1169.0
13.0,29.0,-1001.0
-9.0,-70.0,-843.0
-42.0,-15.0,-862.0
-15.0,21.0,-964.0
-11.0,-25.0,-1054.0
-33.0,40.0,-1085.0
-48.0,136.0,-1151.0
0.0,146.0,-1132.0
23.0,23.0,-1052.0
15.0,-64.0,-899.0
-68.0,-60.0,-876.0
19.0,11.0,-903.0
7.0,5.0,-991.0
-33.0,89.0,-1104.0
-62.0,101.0,-1173.0
-29.0,165.0,-1165.0
109.0,-1.0,-1089.0
17.0,-40.0,-874.0
-58.0,-33.0,-796.0
15.0,-9.0,-897.0
39.0,15.0,-1048.0
15.0,44.0,-1143.0
-56.0,128.0,-1128.0
0.0,142.0,-1120.0
93.0,-7.0,-1075.0
13.0,-60.0,-938.0
-39.0,-76.0,-843.0
31.0,15.0,-886.0
15.0,25.0,-1020.0
-19.0,40.0,-1057.0
-62.0,130.0,-1124.0
11.0,113.0,-1200.0
60.0,52.0,-1120.0
-7.0,-44.0,-907.0
-54.0,-56.0,-821.0
1.0,29.0,-827.0
76.0,-31.0,-1040.0
-68.0,115.0,-1104.0
-58.0,83.0,-1159.0
-17.0,103.0,-1132.0
76.0,29.0,-1114.0
-1.0,-37.0,-921.0
-52.0,-56.0,-841.0
13.0,11.0,-892.0
-15.0,5.0,-1011.0
-64.0,35.0,-1085.0
-66.0,72.0,-1108.0
-37.0,169.0,-1134.0
72.0,68.0,-1116.0
-23.0,-25.0,-997.0
-48.0,-74.0,-853.0
-19.0,-9.0,-835.0
-15.0,33.0,-981.0
-78.0,33.0,-1077.0
-44.0,111.0,-1102.0
-15.0,160.0,-1169.0
99.0,46.0,-1180.0
-21.0,-44.0,-983.0
-35.0,-64.0,-772.0
-46.0,7.0,-813.0
33.0,15.0,-1044.0
-58.0,17.0,-1093.0
-40.0,122.0,-1079.0
7.0,83.0,-1143.0
21.0,128.0,-1120.0
-1.0,-50.0,-993.0
-29.0,-72.0,-847.0
-33.0,21.0,-872.0
19.0,-5.0,-995.0
-78.0,48.0,-1050.0
-3.0,89.0,-1054.0
3.0,109.0,-1190.0
56.0,115.0,-1190.0
25.0,-25.0,-1001.0
-35.0,-58.0,-815.0
-19.0,-3.0,-823.0
0.0,5.0,-968.0
5.0,-5.0,-1093.0
3.0,85.0,-1100.0
-9.0,154.0,-1116.0
13.0,111.0,-1139.0
25.0,-9.0,-1007.0
-11.0,-37.0,-841.0
-13.0,-33.0,-894.0
-7.0,31.0,-968.0
-5.0,-9.0,-1026.0
-23.0,72.0,-1061.0
-1.0,156.0,-1177.0
42.0,136.0,-1184.0
13.0,-1.0,-1061.0
-7.0,-50.0,-831.0
-27.0,-40.0,-843.0
13.0,-15.0,-936.0
15.0,-13.0,-1013.0
-21.0,111.0,-1102.0
-44.0,148.0,-1192.0
29.0,105.0,-1186.0
42.0,-40.0,-1052.0
-33.0,-42.0,-819.0
-44.0,-1.0,-817.0
23.0,23.0,-938.0
-21.0,-9.0,-1081.0
5.0,21.0,-1124.0
-62.0,154.0,-1141.0
11.0,142.0,-1175.0
13.0,21.0,-1026.0
23.0,-66.0,-921.0
-40.0,-64.0,-847.0
3.0,21.0,-919.0
-19.0,17.0,-1028.0
-3.0,40.0,-1079.0
-64.0,111.0,-1114.0
1.0,132.0,-1214.0
21.0,54.0,-1059.0
23.0,-60.0,-903.0
-56.0,-39.0,-815.0
-29.0,0.0,-895.0
33.0,-3.0,-1034.0
-64.0,78.0,-1110.0
-50.0,101.0,-1136.0
-44.0,181.0,-1128.0
80.0,9.0,-1098.0
21.0,-54.0,-936.0
-78.0,-48.0,-833.0
33.0,13.0,-931.0
-9.0,-9.0,-997.0
-23.0,64.0,-1077.0
-91.0,136.0,-1097.0
35.0,150.0,-1194.0
70.0,17.0,-1128.0
7.0,-42.0,-946.0
-66.0,-50.0,-784.0
23.0,-5.0,-853.0
3.0,-15.0,-997.0
-21.0,64.0,-1085.0
-72.0,142.0,-1122.0
-13.0,160.0,-1221.0
99.0,-13.0,-1097.0
-15.0,-50.0,-931.0
-31.0,-68.0,-776.0
-25.0,60.0,-884.0
33.0,9.0,-1048.0
-54.0,29.0,-1122.0
-42.0,89.0,-1122.0
13.0,105.0,-1155.0
31.0,78.0,-1061.0
9.0,-25.0,-964.0
-11.0,-78.0,-872.0
13.0,1.0,-880.0
-11.0,7.0,-981.0
-56.0,42.0,-1056.0
-37.0,81.0,-1077.0
-21.0,144.0,-1147.0
58.0,64.0,-1147.0
-1.0,-1.0,-964.0
-37.0,-70.0,-843.0
-33.0,-13.0,-843.0
35.0,19.0,-997.0
-29.0,5.0,-1089.0
-31.0,78.0,-1124.0
-48.0,191.0,-1102.0
68.0,39.0,-1167.0
-9.0,-42.0,-1007.0
-1.0,-78.0,-813.0
-11.0,-11.0,-862.0
-25.0,19.0,-995.0
-35.0,11.0,-1026.0
-50.0,117.0,-1044.0
-13.0,128.0,-1198.0
48.0,101.0,-1179.0
-11.0,-31.0,-1013.0
-19.0,-56.0,-819.0
-52.0,19.0,-812.0
27.0,5.0,-972.0
-68.0,7.0,-1030.0
-23.0,115.0,-1114.0
-5.0,138.0,-1202.0
66.0,119.0,-1177.0
25.0,-42.0,-962.0
-1.0,-54.0,-806.0
3.0,-1.0,-827.0
99.0,0.0,-1020.0
17.0,21.0,-1048.0
3.0,60.0,-1093.0
-25.0,115.0,-1139.0
111.0,109.0,-1114.0
62.0,37.0,-1018.0
160.0,-27.0,-905.0
175.0,-21.0,-876.0
204.0,-35.0,-974.0
351.0,21.0,-954.0
419.0,156.0,-1061.0
363.0,91.0,-1116.0
486.0,85.0,-1180.0
546.0,-19.0,-1141.0
583.0,0.0,-872.0
407.0,-29.0,-892.0
566.0,-25.0,-956.0
589.0,27.0,-1063.0
503.0,156.0,-1083.0
489.0,160.0,-1104.0
595.0,19.0,-1110.0
614.0,3.0,-1075.0
493.0,60.0,-862.0
427.0,-66.0,-815.0
478.0,-81.0,-892.0
421.0,72.0,-997.0
335.0,222.0,-1024.0
304.0,132.0,-1134.0
331.0,74.0,-1167.0
361.0,-11.0,-1141.0
245.0,50.0,-886.0
154.0,-58.0,-784.0
228.0,-64.0,-870.0
119.0,39.0,-1024.0
68.0,173.0,-1098.0
-31.0,144.0,-1161.0
76.0,1.0,-1188.0
89.0,48.0,-1048.0
27.0,46.0,-862.0
-27.0,-56.0,-813.0
5.0,-29.0,-936.0
21.0,-3.0,-1093.0
-44.0,122.0,-1110.0
-48.0,19.0,-1139.0
27.0,140.0,-1145.0
54.0,44.0,-1089.0
42.0,-25.0,-977.0
-21.0,-46.0,-866.0
52.0,-62.0,-909.0
-11.0,44.0,-997.0
-1.0,46.0,-1052.0
0.0,44.0,-1116.0
58.0,93.0,-1173.0
134.0,62.0,-1147.0
46.0,0.0,-936.0
17.0,-89.0,-819.0
44.0,-44.0,-839.0
87.0,13.0,-1038.0
-21.0,74.0,-1097.0
-3.0,89.0,-1069.0
3.0,126.0,-1132.0
107.0,64.0,-1145.0
56.0,-3.0,-981.0
-39.0,-56.0,-829.0
21.0,-48.0,-878.0
19.0,29.0,-1005.0
-9.0,-5.0,-1057.0
-44.0,80.0,-1026.0
0.0,138.0,-1163.0
33.0,111.0,-1182.0
9.0,-7.0,-1024.0
-39.0,-48.0,-833.0
25.0,9.0,-849.0
48.0,74.0,-1007.0
-11.0,-17.0,-1050.0
13.0,42.0,-1005.0
76.0,23.0,-1134.0
52.0,175.0,-1128.0
52.0,19.0,-1034.0
31.0,-46.0,-843.0
103.0,9.0,-927.0
124.0,29.0,-1009.0
3.0,58.0,-1016.0
117.0,-29.0,-997.0
74.0,140.0,-1116.0
105.0,97.0,-1147.0
91.0,64.0,-1054.0
101.0,-23.0,-907.0
122.0,-64.0,-921.0
31.0,60.0,-933.0
89.0,-39.0,-942.0
66.0,54.0,-981.0
19.0,122.0,-1153.0
11.0,54.0,-1214.0
37.0,85.0,-1061.0
33.0,-44.0,-894.0
-31.0,9.0,-915.0
3.0,-7.0,-956.0
-9.0,3.0,-1028.0
-7.0,46.0,-1011.0
-64.0,62.0,-1136.0
-62.0,66.0,-1143.0
0.0,31.0,-1079.0
-19.0,-7.0,-942.0
-66.0,5.0,-954.0
-48.0,13.0,-950.0
5.0,0.0,-964.0
-39.0,48.0,-979.0
-60.0,35.0,-1143.0
-35.0,124.0,-1171.0
37.0,3.0,-1069.0
-9.0,11.0,-946.0
-126.0,29.0,-878.0
3.0,-19.0,-936.0
35.0,15.0,-972.0
21.0,35.0,-1069.0
-46.0,85.0,-1106.0
19.0,117.0,-1069.0
72.0,50.0,-1054.0
7.0,5.0,-1030.0
-54.0,-35.0,-894.0
91.0,-13.0,-923.0
93.0,-13.0,-995.0
52.0,29.0,-1011.0
-81.0,93.0,-1044.0
42.0,95.0,-1089.0
42.0,85.0,-1102.0
9.0,-31.0,-1067.0
-138.0,-17.0,-880.0
154.0,15.0,-917.0
-31.0,19.0,-976.0
-13.0,50.0,-1022.0
-113.0,76.0,-991.0
64.0,142.0,-1180.0
27.0,33.0,-1192.0
-44.0,1.0,-1042.0
-101.0,7.0,-817.0
119.0,15.0,-958.0
-29.0,29.0,-1003.0
11.0,-70.0,-1034.0
-93.0,183.0,-1018.0
52.0,124.0,-1098.0
5.0,62.0,-1149.0
13.0,7.0,-1048.0
-25.0,-72.0,-907.0
66.0,35.0,-927.0
13.0,-39.0,-995.0
-76.0,23.0,-997.0
7.0,76.0,-923.0
-17.0,60.0,-1149.0
48.0,191.0,-1149.0
72.0,-9.0,-1151.0
85.0,-19.0,-866.0
-7.0,37.0,-925.0
-54.0,-76.0,-948.0
7.0,35.0,-981.0
68.0,-21.0,-1061.0
-58.0,136.0,-1032.0
44.0,99.0,-1141.0
119.0,-56.0,-1126.0
-54.0,124.0,-958.0
83.0,-7.0,-853.0
-101.0,-31.0,-950.0
-68.0,-78.0,-972.0
19.0,52.0,-1016.0
-103.0,193.0,-1095.0
66.0,46.0,-1167.0
-46.0,95.0,-1069.0
33.0,-189.0,-1069.0
-206.0,89.0,-806.0
46.0,5.0,-854.0
52.0,80.0,-985.0
-89.0,-50.0,-1095.0
-122.0,40.0,-1028.0
78.0,33.0,-1192.0
25.0,142.0,-1161.0
-37.0,-17.0,-1003.0
-111.0,-52.0,-759.0
48.0,5.0,-866.0
60.0,160.0,-1057.0
1.0,-89.0,-1155.0
-72.0,101.0,-958.0
29.0,21.0,-1102.0
78.0,173.0,-1171.0
23.0,9.0,-964.0
-39.0,-78.0,-839.0
46.0,5.0,-890.0
54.0,52.0,-1009.0
113.0,-56.0,-1065.0
-169.0,48.0,-1057.0
134.0,142.0,-1104.0
87.0,197.0,-1141.0
109.0,-44.0,-1050.0
-124.0,-111.0,-856.0
-15.0,117.0,-790.0
158.0,-35.0,-1052.0
-74.0,9.0,-1122.0
-91.0,-25.0,-1052.0
-15.0,128.0,-958.0
103.0,216.0,-1134.0
33.0,-25.0,-1136.0
-175.0,-115.0,-962.0
121.0,107.0,-804.0
33.0,107.0,-981.0
-21.0,128.0,-1044.0
-23.0,-66.0,-1098.0
-21.0,173.0,-1036.0
-3.0,62.0,-1206.0
-3.0,64.0,-1110.0
-142.0,-167.0,-890.0
78.0,23.0,-735.0
-81.0,105.0,-958.0
91.0,-54.0,-1024.0
-81.0,46.0,-1077.0
95.0,103.0,-1132.0
-1.0,169.0,-1173.0
13.0,31.0,-1100.0
-101.0,25.0,-882.0
195.0,-74.0,-788.0
-54.0,113.0,-1005.0
42.0,68.0,-1122.0
39.0,-13.0,-1036.0
-81.0,62.0,-1075.0
-78.0,115.0,-1044.0
224.0,64.0,-1112.0
-64.0,-91.0,-958.0
-58.0,17.0,-849.0
17.0,74.0,-815.0
-44.0,-1.0,-1122.0
-39.0,17.0,-1126.0
15.0,76.0,-1079.0
3.0,160.0,-1114.0
-27.0,-42.0,-1138.0
31.0,-87.0,-970.0
-85.0,25.0,-741.0
-91.0,66.0,-954.0
-83.0,-5.0,-1083.0
-25.0,29.0,-1013.0
17.0,115.0,-1036.0
-13.0,29.0,-1157.0
-95.0,85.0,-946.0
60.0,-183.0,-1081.0
-146.0,44.0,-925.0
142.0,66.0,-985.0
-7.0,195.0,-854.0
78.0,-89.0,-1081.0
48.0,29.0,-1124.0
-66.0,148.0,-1151.0
81.0,56.0,-1056.0
-60.0,5.0,-907.0
1.0,-132.0,-886.0
35.0,27.0,-890.0
31.0,-27.0,-977.0
-15.0,70.0,-1034.0
-48.0,35.0,-1130.0
-13.0,165.0,-1204.0
152.0,146.0,-1024.0
132.0,-56.0,-985.0
-33.0,85.0,-927.0
21.0,-17.0,-950.0
-7.0,13.0,-1052.0
5.0,-50.0,-1134.0
19.0,109.0,-872.0
35.0,105.0,-1042.0
5.0,-44.0,-1087.0
-124.0,37.0,-1110.0
-44.0,-81.0,-894.0
-83.0,126.0,-851.0
93.0,62.0,-952.0
-15.0,3.0,-1063.0
-56.0,91.0,-1128.0
25.0,66.0,-1149.0
-5.0,179.0,-1138.0
78.0,-89.0,-1091.0
-89.0,-113.0,-796.0
13.0,80.0,-804.0
111.0,70.0,-1042.0
121.0,-21.0,-1085.0
-54.0,9.0,-1077.0
-119.0,201.0,-1077.0
-19.0,160.0,-1102.0
134.0,-60.0,-1077.0
-171.0,33.0,-862.0
277.0,-56.0,-864.0
27.0,111.0,-950.0
9.0,3.0,-1108.0
-40.0,-60.0,-1056.0
-17.0,93.0,-1016.0
48.0,58.0,-1188.0
-46.0,134.0,-1036.0
-78.0,-91.0,-849.0
40.0,0.0,-808.0
-33.0,33.0,-1003.0
-31.0,152.0,-1155.0
-206.0,13.0,-1198.0
144.0,140.0,-913.0
132.0,105.0,-1116.0
29.0,-13.0,-1028.0
-37.0,-124.0,-913.0
144.0,13.0,-853.0
-273.0,121.0,-1067.0
70.0,74.0,-1110.0
-122.0,-56.0,-962.0
85.0,62.0,-940.0
-46.0,122.0,-1100.0
35.0,222.0,-1116.0
85.0,-150.0,-989.0
-39.0,-62.0,-890.0
-89.0,74.0,-931.0
95.0,76.0,-1073.0
-44.0,29.0,-1059.0
40.0,-25.0,-1067.0
-58.0,31.0,-1114.0
105.0,80.0,-1163.0
-136.0,115.0,-927.0
111.0,-126.0,-761.0
-52.0,105.0,-933.0
136.0,60.0,-1110.0
-42.0,33.0,-991.0
70.0,25.0,-1065.0
-56.0,95.0,-1085.0
85.0,70.0,-1097.0
33.0,-11.0,-913.0
-56.0,-83.0,-915.0
76.0,58.0,-938.0
89.0,35.0,-1050.0
-42.0,76.0,-1005.0
74.0,40.0,-1016.0
-91.0,58.0,-1110.0
-15.0,60.0,-1163.0
56.0,15.0,-977.0
-5.0,-68.0,-882.0
-132.0,0.0,-870.0
-5.0,142.0,-935.0
109.0,64.0,-1264.0
-204.0,7.0,-1145.0
58.0,-15.0,-1046.0
17.0,216.0,-921.0
163.0,5.0,-1098.0
-111.0,-70.0,-962.0
29.0,-80.0,-761.0
-99.0,197.0,-970.0
107.0,99.0,-1225.0
-165.0,-19.0,-1026.0
37.0,-15.0,-948.0
42.0,175.0,-1005.0
0.0,40.0,-1202.0
78.0,-76.0,-964.0
-11.0,-66.0,-862.0
80.0,80.0,-964.0
-74.0,163.0,-1128.0
56.0,-3.0,-1057.0
-13.0,29.0,-1046.0
142.0,81.0,-1145.0
-5.0,171.0,-1022.0
-15.0,-95.0,-894.0
-50.0,-68.0,-817.0
37.0,23.0,-1036.0
37.0,130.0,-1075.0
-25.0,9.0,-1075.0
-169.0,21.0,-1044.0
-1.0,105.0,-1091.0
93.0,15.0,-1153.0
-134.0,-80.0,-989.0
-19.0,-23.0,-819.0
42.0,89.0,-950.0
74.0,124.0,-1145.0
-160.0,-9.0,-1120.0
-93.0,-50.0,-1016.0
-68.0,150.0,-970.0
158.0,122.0,-1229.0
-148.0,-144.0,-1056.0
87.0,-117.0,-710.0
-68.0,265.0,-862.0
91.0,175.0,-1098.0
-60.0,-64.0,-1255.0
-11.0,5.0,-868.0
81.0,25.0,-1052.0
-46.0,273.0,-1098.0
-56.0,-64.0,-1175.0
-21.0,-138.0,-761.0
-11.0,-33.0,-774.0
52.0,158.0,-989.0
175.0,15.0,-1276.0
-74.0,-130.0,-1124.0
-275.0,46.0,-897.0
193.0,331.0,-1128.0
0.0,58.0,-1223.0
1.0,-162.0,-862.0
-58.0,-144.0,-495.0
357.0,181.0,-1116.0
-292.0,271.0,-1491.0
40.0,-177.0,-979.0
-146.0,76.0,-774.0
402.0,31.0,-1112.0
-206.0,226.0,-1223.0
144.0,-300.0,-815.0
-275.0,-72.0,-519.0
353.0,273.0,-1077.0
-3.0,208.0,-1481.0
78.0,-152.0,-1065.0
-261.0,-130.0,-622.0
441.0,195.0,-1042.0
-165.0,351.0,-1518.0
-31.0,-398.0,-835.0
-259.0,-343.0,-536.0
236.0,365.0,-1003.0
64.0,501.0,-1436.0
91.0,-353.0,-960.0
-345.0,-312.0,-689.0
343.0,325.0,-1221.0
-201.0,694.0,-1415.0
230.0,-468.0,-837.0
-675.0,-368.0,-550.0
333.0,142.0,-964.0
95.0,610.0,-1489.0
113.0,-284.0,-1057.0
-509.0,-222.0,-566.0
620.0,154.0,-1030.0
-21.0,447.0,-1542.0
-27.0,-126.0,-1032.0
-556.0,-370.0,-458.0
782.0,-105.0,-796.0
-167.0,710.0,-1409.0
122.0,-140.0,-1175.0
-294.0,-230.0,-536.0
363.0,13.0,-1110.0
-201.0,655.0,-1627.0
95.0,-361.0,-1130.0
-370.0,-169.0,-314.0
482.0,-128.0,-815.0
-341.0,722.0,-1423.0
257.0,-249.0,-1216.0
-425.0,-37.0,-677.0
411.0,-78.0,-1067.0
-210.0,550.0,-1411.0
189.0,-111.0,-1028.0
-312.0,-259.0,-568.0
93.0,-68.0,-792.0
201.0,181.0,-1221.0
-15.0,134.0,-1317.0
-122.0,-203.0,-792.0
21.0,48.0,-1054.0
-122.0,435.0,-1282.0
64.0,187.0,-1122.0
121.0,-378.0,-708.0
5.0,-70.0,-638.0
-15.0,294.0,-1266.0
-144.0,253.0,-1102.0
87.0,-376.0,-1038.0
-111.0,165.0,-950.0
-273.0,513.0,-1311.0
228.0,195.0,-1015.0
154.0,-452.0,-856.0
-158.0,-23.0,-685.0
-245.0,171.0,-1171.0
249.0,372.0,-1024.0
42.0,-300.0,-1327.0
-78.0,-40.0,-890.0
-238.0,117.0,-1063.0
402.0,398.0,-1065.0
-111.0,-333.0,-1108.0
-298.0,-21.0,-651.0
60.0,27.0,-810.0
220.0,429.0,-1268.0
-130.0,-144.0,-1442.0
-183.0,-99.0,-940.0
46.0,-9.0,-868.0
136.0,378.0,-1200.0
-212.0,-101.0,-1075.0
-13.0,-300.0,-702.0
-91.0,85.0,-640.0
302.0,284.0,-1471.0
-105.0,117.0,-1335.0
-62.0,-310.0,-999.0
-7.0,-17.0,-638.0
-31.0,499.0,-1116.0
-40.0,-3.0,-1145.0
33.0,-521.0,-806.0
35.0,56.0,-599.0
80.0,339.0,-1411.0
-56.0,195.0,-1317.0
-105.0,-443.0,-989.0
142.0,81.0,-612.0
-111.0,370.0,-1200.0
251.0,68.0,-1143.0
-201.0,-327.0,-843.0
210.0,-115.0,-769.0
-296.0,556.0,-1171.0
310.0,70.0,-1167.0
-103.0,-240.0,-1065.0
314.0,-9.0,-933.0
-294.0,236.0,-987.0
314.0,80.0,-813.0
-128.0,-201.0,-979.0
249.0,-99.0,-1016.0
-232.0,341.0,-985.0
400.0,66.0,-1097.0
-525.0,115.0,-1100.0
398.0,-163.0,-1020.0
-62.0,87.0,-915.0
85.0,68.0,-1056.0
-439.0,-33.0,-901.0
402.0,-126.0,-999.0
-203.0,265.0,-1130.0
-197.0,-40.0,-1272.0
-318.0,58.0,-886.0
579.0,111.0,-1163.0
-273.0,122.0,-995.0
23.0,-181.0,-901.0
117.0,105.0,-681.0
224.0,-13.0,-1319.0
-560.0,226.0,-1075.0
-76.0,-46.0,-923.0
302.0,271.0,-1028.0
267.0,-175.0,-1284.0
-353.0,1.0,-862.0
15.0,-17.0,-733.0
177.0,165.0,-1073.0
-109.0,85.0,-1243.0
3.0,-216.0,-913.0
48.0,220.0,-817.0
359.0,68.0,-1245.0
-152.0,134.0,-1255.0
-54.0,-58.0,-952.0
-134.0,-23.0,-708.0
124.0,119.0,-1138.0
140.0,-136.0,-1132.0
-37.0,-185.0,-935.0
-249.0,201.0,-794.0
85.0,296.0,-1223.0
99.0,42.0,-1378.0
-97.0,-187.0,-948.0
-296.0,-101.0,-601.0
327.0,325.0,-972.0
-39.0,19.0,-1266.0
-148.0,134.0,-919.0
-46.0,-177.0,-841.0
97.0,271.0,-1214.0
81.0,52.0,-1331.0
-119.0,-89.0,-972.0
-119.0,9.0,-614.0
263.0,54.0,-1067.0
-117.0,117.0,-1216.0
-74.0,-175.0,-849.0
-142.0,117.0,-772.0
152.0,138.0,-1366.0
-50.0,119.0,-1313.0
-124.0,-199.0,-921.0
-130.0,-35.0,-603.0
345.0,267.0,-1007.0
13.0,185.0,-1231.0
-163.0,-378.0,-837.0
60.0,89.0,-843.0
85.0,441.0,-1249.0
244.0,-115.0,-1438.0
-294.0,-105.0,-829.0
13.0,-5.0,-679.0
95.0,265.0,-1005.0
50.0,109.0,-1342.0
56.0,-439.0,-813.0
91.0,244.0,-757.0
281.0,284.0,-1270.0
-210.0,-39.0,-1337.0
-40.0,-37.0,-821.0
167.0,-21.0,-763.0
52.0,261.0,-1138.0
-130.0,-251.0,-1180.0
101.0,-101.0,-657.0
156.0,60.0,-853.0
-146.0,378.0,-1399.0
-324.0,-124.0,-1218.0
433.0,-105.0,-810.0
-245.0,251.0,-784.0
101.0,9.0,-1298.0
-314.0,-83.0,-849.0
501.0,-226.0,-895.0
-290.0,404.0,-958.0
-160.0,158.0,-1331.0
-107.0,-152.0,-1001.0
380.0,-103.0,-925.0
-214.0,279.0,-954.0
17.0,66.0,-1138.0
-163.0,-76.0,-847.0
507.0,-189.0,-882.0
-415.0,316.0,-1022.0
1.0,220.0,-1241.0
-58.0,-156.0,-976.0
532.0,-97.0,-1001.0
-431.0,181.0,-1145.0
-134.0,89.0,-1036.0
173.0,-54.0,-694.0
499.0,-103.0,-1126.0
-548.0,212.0,-1108.0
89.0,33.0,-1153.0
97.0,-27.0,-843.0
376.0,-74.0,-1325.0
-671.0,316.0,-974.0
212.0,-121.0,-931.0
-19.0,-48.0,-745.0
296.0,-187.0,-1313.0
-568.0,388.0,-991.0
175.0,132.0,-995.0
44.0,-113.0,-851.0
370.0,-122.0,-1344.0
-704.0,228.0,-1061.0
158.0,76.0,-772.0
113.0,-64.0,-821.0
195.0,-220.0,-1387.0
-599.0,331.0,-845.0
368.0,1.0,-821.0
39.0,101.0,-987.0
130.0,-203.0,-1555.0
-441.0,206.0,-952.0
121.0,21.0,-632.0
132.0,56.0,-966.0
23.0,-165.0,-1333.0
-347.0,183.0,-981.0
183.0,72.0,-730.0
117.0,80.0,-1139.0
17.0,-111.0,-1380.0
-226.0,66.0,-944.0
363.0,95.0,-527.0
169.0,83.0,-1196.0
-253.0,-85.0,-1274.0
-74.0,95.0,-741.0
263.0,193.0,-556.0
169.0,80.0,-1497.0
-214.0,-169.0,-1270.0
-80.0,-15.0,-940.0
-21.0,224.0,-585.0
382.0,39.0,-1229.0
-308.0,-1.0,-1118.0
56.0,-193.0,-862.0
19.0,242.0,-622.0
304.0,212.0,-1452.0
-370.0,-230.0,-1309.0
-89.0,48.0,-788.0
150.0,31.0,-720.0
35.0,327.0,-1266.0
-148.0,-281.0,-1163.0
37.0,-115.0,-769.0
74.0,154.0,-780.0
70.0,220.0,-1434.0
-308.0,-42.0,-1278.0
244.0,3.0,-823.0
171.0,76.0,-851.0
-35.0,261.0,-1227.0
-230.0,-273.0,-997.0
93.0,128.0,-687.0
119.0,-35.0,-911.0
-115.0,308.0,-1411.0
-117.0,-458.0,-1276.0
99.0,109.0,-749.0
-122.0,152.0,-798.0
-27.0,220.0,-1210.0
-15.0,-249.0,-1056.0
322.0,-140.0,-759.0
-224.0,251.0,-917.0
19.0,322.0,-1403.0
-29.0,-234.0,-1104.0
236.0,-99.0,-958.0
-329.0,169.0,-772.0
203.0,44.0,-1188.0
-109.0,101.0,-882.0
304.0,-376.0,-1013.0
-390.0,197.0,-866.0
9.0,230.0,-1192.0
245.0,152.0,-1227.0
-3.0,-158.0,-1044.0
-105.0,-72.0,-831.0
-29.0,173.0,-823.0
228.0,152.0,-1130.0
-160.0,-138.0,-1124.0
-109.0,11.0,-753.0
238.0,109.0,-905.0
68.0,179.0,-1350.0
-115.0,-195.0,-1139.0
-109.0,5.0,-747.0
-117.0,74.0,-868.0
64.0,204.0,-1249.0
56.0,-154.0,-1061.0
-119.0,-9.0,-704.0
19.0,111.0,-1044.0
-1.0,93.0,-1362.0
13.0,95.0,-1214.0
-91.0,-50.0,-710.0
-31.0,1.0,-886.0
154.0,138.0,-1120.0
156.0,-60.0,-1071.0
-163.0,9.0,-650.0
-58.0,76.0,-958.0
150.0,156.0,-1383.0
-25.0,76.0,-1276.0
-68.0,-126.0,-562.0
33.0,50.0,-786.0
179.0,162.0,-1309.0
-25.0,-42.0,-1220.0
-107.0,-58.0,-733.0
-72.0,99.0,-874.0
193.0,189.0,-1341.0
-3.0,31.0,-1208.0
-7.0,-199.0,-745.0
-281.0,60.0,-755.0
283.0,208.0,-1214.0
-44.0,3.0,-1192.0
-56.0,-214.0,-726.0
-162.0,50.0,-821.0
230.0,193.0,-1346.0
-122.0,236.0,-1372.0
46.0,-242.0,-761.0
-216.0,9.0,-700.0
218.0,142.0,-1206.0
-46.0,191.0,-1192.0
162.0,-97.0,-862.0
-304.0,89.0,-780.0
228.0,187.0,-1169.0
70.0,25.0,-1282.0
-1.0,-124.0,-886.0
-210.0,-1.0,-737.0
341.0,58.0,-1169.0
-95.0,162.0,-1198.0
66.0,-181.0,-772.0
-253.0,23.0,-730.0
226.0,158.0,-1294.0
72.0,134.0,-1352.0
91.0,-105.0,-960.0
-244.0,-3.0,-772.0
119.0,126.0,-1065.0
-48.0,191.0,-1134.0
154.0,-150.0,-901.0
-365.0,-1.0,-772.0
134.0,121.0,-1196.0
50.0,101.0,-1331.0
-46.0,-21.0,-1013.0
-253.0,-70.0,-683.0
138.0,189.0,-981.0
181.0,126.0,-1247.0
5.0,-130.0,-981.0
-265.0,44.0,-815.0
212.0,117.0,-1147.0
-25.0,107.0,-1278.0
3.0,-85.0,-925.0
-189.0,-56.0,-767.0
33.0,150.0,-993.0
134.0,3.0,-1196.0
-23.0,-31.0,-970.0
-232.0,15.0,-788.0
113.0,91.0,-1091.0
89.0,93.0,-1393.0
56.0,5.0,-1042.0
-175.0,-50.0,-774.0
29.0,173.0,-858.0
175.0,35.0,-1270.0
72.0,-80.0,-1044.0
-283.0,-25.0,-771.0
167.0,238.0,-936.0
222.0,44.0,-1342.0
83.0,-101.0,-1141.0
-290.0,50.0,-669.0
142.0,66.0,-925.0
148.0,175.0,-1220.0
-48.0,-81.0,-1073.0
-146.0,-35.0,-644.0
17.0,29.0,-974.0
156.0,160.0,-1440.0
-148.0,105.0,-1247.0
-74.0,-162.0,-661.0
-74.0,85.0,-810.0
230.0,76.0,-1270.0
-52.0,-40.0,-1079.0
-99.0,-68.0,-767.0
-130.0,171.0,-948.0
144.0,5.0,-1434.0
-70.0,37.0,-1143.0
-154.0,-37.0,-722.0
46.0,64.0,-813.0
232.0,140.0,-1259.0
3.0,-74.0,-1163.0
-167.0,46.0,-753.0
-70.0,74.0,-892.0
210.0,146.0,-1307.0
-87.0,74.0,-1200.0
11.0,-72.0,-769.0
-175.0,21.0,-812.0
327.0,54.0,-1206.0
-89.0,-70.0,-1138.0
-132.0,50.0,-732.0
0.0,-74.0,-856.0
265.0,191.0,-1354.0
17.0,83.0,-1331.0
-107.0,-39.0,-708.0
-5.0,-134.0,-772.0
150.0,204.0,-1177.0
-60.0,9.0,-1249.0
-37.0,-29.0,-700.0
-23.0,-76.0,-843.0
74.0,189.0,-1360.0
0.0,-68.0,-1335.0
-39.0,66.0,-675.0
-37.0,-70.0,-792.0
140.0,173.0,-1169.0
13.0,9.0,-1237.0
-119.0,124.0,-696.0
-46.0,-13.0,-878.0
85.0,103.0,-1288.0
76.0,-35.0,-1354.0
-185.0,111.0,-825.0
83.0,-35.0,-614.0
191.0,-81.0,-1134.0
-242.0,126.0,-1235.0
87.0,-85.0,-825.0
-175.0,115.0,-827.0
115.0,-48.0,-1290.0
-89.0,193.0,-1284.0
-33.0,121.0,-825.0
132.0,-70.0,-735.0
-142.0,-163.0,-1241.0
-91.0,117.0,-1235.0
7.0,148.0,-854.0
13.0,95.0,-837.0
-150.0,-195.0,-1255.0
162.0,119.0,-1218.0
-81.0,212.0,-856.0
97.0,-78.0,-931.0
-286.0,-37.0,-1167.0
284.0,-5.0,-1118.0
-83.0,329.0,-751.0
23.0,-85.0,-935.0
-249.0,19.0,-1200.0
247.0,-50.0,-1300.0
-107.0,206.0,-866.0
-44.0,-54.0,-841.0
-247.0,27.0,-1079.0
204.0,-91.0,-1145.0
-103.0,312.0,-829.0
-15.0,-93.0,-931.0
-249.0,162.0,-1149.0
240.0,-126.0,-1239.0
-85.0,253.0,-983.0
-99.0,-58.0,-806.0
-99.0,91.0,-1118.0
195.0,-95.0,-1007.0
60.0,240.0,-936.0
-132.0,-91.0,-884.0
-134.0,113.0,-1149.0
269.0,-177.0,-1122.0
25.0,353.0,-1128.0
-66.0,-85.0,-749.0
-85.0,76.0,-938.0
177.0,-101.0,-983.0
191.0,160.0,-1114.0
-304.0,44.0,-950.0
-60.0,70.0,-981.0
292.0,-142.0,-1163.0
76.0,292.0,-1122.0
-42.0,-66.0,-882.0
-177.0,140.0,-866.0
542.0,-156.0,-979.0
150.0,169.0,-1153.0
-222.0,113.0,-948.0
-29.0,-23.0,-821.0
413.0,-105.0,-1011.0
25.0,318.0,-1300.0
-122.0,-3.0,-1052.0
-201.0,115.0,-609.0
679.0,-421.0,-1005.0
-201.0,425.0,-1309.0
-324.0,-66.0,-995.0
-89.0,31.0,-493.0
466.0,-121.0,-1126.0
-27.0,154.0,-1645.0
-507.0,162.0,-1022.0
158.0,-76.0,-476.0
286.0,-60.0,-1044.0
-261.0,62.0,-1590.0
-366.0,273.0,-804.0
314.0,-111.0,-544.0
245.0,0.0,-1171.0
-226.0,29.0,-1665.0
-355.0,224.0,-831.0
374.0,-210.0,-573.0
175.0,132.0,-1052.0
-382.0,0.0,-1483.0
-91.0,281.0,-626.0
275.0,-284.0,-661.0
-111.0,128.0,-1385.0
-386.0,-46.0,-1612.0
76.0,292.0,-755.0
163.0,-310.0,-605.0
-101.0,173.0,-1212.0
-269.0,115.0,-1335.0
390.0,-29.0,-759.0
-234.0,44.0,-720.0
66.0,25.0,-1458.0
-316.0,-19.0,-1257.0
402.0,107.0,-866.0
-91.0,-48.0,-706.0
-48.0,265.0,-1286.0
-197.0,-80.0,-1114.0
411.0,83.0,-733.0
-388.0,-25.0,-798.0
78.0,169.0,-1385.0
0.0,-121.0,-1204.0
212.0,148.0,-917.0
-357.0,-15.0,-856.0
37.0,117.0,-1112.0
-101.0,-165.0,-958.0
415.0,-42.0,-882.0
-388.0,117.0,-933.0
-9.0,271.0,-1264.0
-78.0,-232.0,-1243.0
247.0,126.0,-1018.0
-165.0,-37.0,-761.0
-39.0,314.0,-956.0
122.0,-372.0,-1052.0
74.0,195.0,-1009.0
-275.0,15.0,-1022.0
-103.0,269.0,-1050.0
222.0,-122.0,-1054.0
296.0,-13.0,-1073.0
-357.0,126.0,-901.0
113.0,62.0,-929.0
70.0,46.0,-938.0
546.0,50.0,-1052.0
-423.0,7.0,-976.0
-134.0,40.0,-983.0
191.0,-48.0,-1122.0
279.0,134.0,-1227.0
-169.0,1.0,-827.0
-78.0,-35.0,-794.0
267.0,27.0,-940.0
173.0,-64.0,-1182.0
-536.0,322.0,-1100.0
-44.0,-177.0,-882.0
437.0,103.0,-956.0
269.0,-1.0,-1251.0
-460.0,162.0,-1079.0
-230.0,33.0,-622.0
804.0,-80.0,-1040.0
-302.0,156.0,-1303.0
-435.0,-35.0,-890.0
126.0,-62.0,-472.0
628.0,283.0,-1196.0
-46.0,-146.0,-1668.0
-577.0,286.0,-720.0
298.0,-261.0,-528.0
382.0,355.0,-1110.0
-257.0,54.0,-1436.0
-138.0,-181.0,-624.0
197.0,-21.0,-579.0
448.0,173.0,-1399.0
-242.0,-1.0,-1590.0
-275.0,-81.0,-657.0
283.0,-152.0,-628.0
349.0,423.0,-1159.0
-111.0,-105.0,-1376.0
-128.0,148.0,-577.0
347.0,-240.0,-632.0
204.0,281.0,-1489.0
-417.0,15.0,-1485.0
-3.0,95.0,-650.0
150.0,-160.0,-665.0
249.0,68.0,-1380.0
-273.0,-109.0,-1118.0
134.0,382.0,-573.0
214.0,-181.0,-841.0
-37.0,95.0,-1538.0
-249.0,76.0,-1288.0
42.0,269.0,-657.0
76.0,-95.0,-708.0
85.0,-31.0,-1241.0
-199.0,-35.0,-1182.0
-21.0,169.0,-655.0
-1.0,-52.0,-794.0
-27.0,25.0,-1366.0
-39.0,-103.0,-1382.0
-179.0,187.0,-710.0
175.0,-70.0,-866.0
-74.0,117.0,-1180.0
-11.0,1.0,-1303.0
-136.0,146.0,-671.0
154.0,-58.0,-856.0
-111.0,89.0,-1317.0
87.0,-25.0,-1385.0
-144.0,17.0,-808.0
52.0,11.0,-745.0
-95.0,101.0,-1013.0
232.0,-58.0,-1350.0
-269.0,183.0,-626.0
284.0,-85.0,-944.0
-302.0,121.0,-1296.0
107.0,142.0,-1307.0
60.0,27.0,-804.0
111.0,80.0,-862.0
-81.0,-152.0,-1147.0
89.0,156.0,-1159.0
-158.0,165.0,-774.0
234.0,54.0,-958.0
-269.0,-81.0,-1229.0
234.0,-66.0,-1122.0
-130.0,121.0,-835.0
-46.0,255.0,-849.0
-230.0,-279.0,-1251.0
48.0,70.0,-1126.0
-46.0,105.0,-747.0
136.0,140.0,-936.0
-320.0,52.0,-1270.0
296.0,-183.0,-1220.0
-222.0,154.0,-858.0
-3.0,146.0,-946.0
-333.0,-40.0,-1110.0
201.0,42.0,-1046.0
245.0,-44.0,-962.0
-281.0,238.0,-976.0
-142.0,35.0,-938.0
435.0,-78.0,-1145.0
-7.0,163.0,-1057.0
-160.0,11.0,-911.0
-11.0,-19.0,-1085.0
185.0,83.0,-1075.0
-9.0,76.0,-976.0
-308.0,-35.0,-899.0
-162.0,29.0,-1028.0
439.0,64.0,-1097.0
-210.0,177.0,-1182.0
-368.0,39.0,-874.0
-269.0,-119.0,-903.0
27.0,44.0,-1005.0
-273.0,122.0,-1110.0
-488.0,-11.0,-786.0
-275.0,-15.0,-977.0
148.0,-46.0,-1301.0
-460.0,169.0,-1180.0
-527.0,-60.0,-802.0
-482.0,197.0,-909.0
156.0,-146.0,-1177.0
-417.0,113.0,-1155.0
-470.0,-81.0,-835.0
-396.0,296.0,-792.0
76.0,-201.0,-1278.0
-673.0,185.0,-1249.0
-474.0,-167.0,-831.0
-421.0,365.0,-716.0
179.0,-187.0,-1241.0
-450.0,62.0,-1179.0
-470.0,-214.0,-716.0
-269.0,402.0,-708.0
76.0,-146.0,-1454.0
-445.0,134.0,-1348.0
-511.0,-177.0,-794.0
-265.0,288.0,-716.0
-134.0,23.0,-1229.0
-288.0,-138.0,-1227.0
-472.0,-76.0,-607.0
-165.0,244.0,-821.0
-345.0,-35.0,-1319.0
-302.0,33.0,-1335.0
-325.0,-222.0,-681.0
-242.0,195.0,-833.0
-359.0,121.0,-1216.0
-154.0,-27.0,-1274.0
-437.0,-183.0,-573.0
-245.0,261.0,-868.0
-201.0,101.0,-1409.0
-218.0,54.0,-1370.0
-175.0,-286.0,-710.0
-286.0,288.0,-806.0
-146.0,44.0,-1251.0
-54.0,-3.0,-1118.0
-130.0,-203.0,-679.0
-261.0,156.0,-858.0
-234.0,204.0,-1389.0
-162.0,171.0,-1221.0
0.0,-329.0,-854.0
-329.0,244.0,-790.0
33.0,23.0,-1241.0
167.0,195.0,-1073.0
40.0,-314.0,-815.0
-31.0,17.0,-792.0
220.0,154.0,-1237.0
247.0,210.0,-1200.0
396.0,-175.0,-927.0
-15.0,130.0,-942.0
365.0,83.0,-1095.0
306.0,144.0,-1073.0
335.0,-203.0,-894.0
-87.0,-29.0,-866.0
122.0,201.0,-1233.0
218.0,40.0,-1296.0
232.0,-62.0,-1022.0
-222.0,-1.0,-776.0
1.0,130.0,-966.0
134.0,62.0,-1005.0
72.0,-23.0,-917.0
-392.0,50.0,-808.0
-74.0,70.0,-1112.0
78.0,-5.0,-1218.0
-46.0,101.0,-1036.0
-359.0,21.0,-907.0
-66.0,80.0,-1001.0
40.0,85.0,-1044.0
-76.0,-64.0,-983.0
-370.0,52.0,-870.0
-39.0,11.0,-1087.0
101.0,113.0,-1284.0
-80.0,76.0,-1063.0
-304.0,48.0,-843.0
-44.0,76.0,-866.0
132.0,138.0,-1108.0
-58.0,-111.0,-1009.0
-353.0,-5.0,-796.0
46.0,58.0,-1020.0
171.0,152.0,-1327.0
-11.0,-19.0,-1128.0
-263.0,15.0,-796.0
11.0,156.0,-872.0
230.0,171.0,-1229.0
-58.0,-130.0,-1026.0
-269.0,-80.0,-679.0
66.0,85.0,-890.0
171.0,179.0,-1309.0
37.0,-3.0,-1216.0
-189.0,-105.0,-823.0
56.0,99.0,-866.0
214.0,103.0,-1206.0
-23.0,-74.0,-1040.0
-189.0,-107.0,-663.0
-9.0,109.0,-901.0
236.0,195.0,-1366.0
21.0,89.0,-1282.0
-261.0,-95.0,-810.0
-44.0,111.0,-821.0
187.0,115.0,-1173.0
-17.0,-46.0,-1093.0
-263.0,-97.0,-675.0
11.0,-15.0,-868.0
210.0,214.0,-1339.0
74.0,87.0,-1290.0
-163.0,-19.0,-876.0
-17.0,107.0,-843.0
236.0,99.0,-1139.0
-15.0,40.0,-1013.0
-121.0,-126.0,-724.0
35.0,-1.0,-895.0
251.0,160.0,-1335.0
21.0,80.0,-1235.0
-134.0,-44.0,-866.0
1.0,37.0,-774.0
269.0,169.0,-1165.0
13.0,3.0,-1065.0
-134.0,-64.0,-743.0
48.0,0.0,-907.0
290.0,193.0,-1356.0
-52.0,64.0,-1264.0
-146.0,-27.0,-849.0
-40.0,91.0,-849.0
286.0,76.0,-1200.0
-54.0,-111.0,-1042.0
-177.0,-113.0,-675.0
-17.0,31.0,-868.0
212.0,244.0,-1356.0
-42.0,27.0,-1342.0
-167.0,-5.0,-841.0
-62.0,95.0,-849.0
257.0,91.0,-1208.0
-109.0,-50.0,-1052.0
-197.0,-195.0,-642.0
-78.0,56.0,-862.0
261.0,220.0,-1430.0
-23.0,5.0,-1387.0
-208.0,-35.0,-739.0
-99.0,70.0,-755.0
251.0,169.0,-1194.0
-31.0,15.0,-1083.0
-122.0,-136.0,-698.0
-85.0,60.0,-866.0
249.0,140.0,-1360.0
-52.0,40.0,-1321.0
-148.0,-91.0,-772.0
-54.0,19.0,-776.0
244.0,146.0,-1173.0
-68.0,54.0,-1087.0
-97.0,-144.0,-710.0
-78.0,83.0,-853.0
283.0,181.0,-1401.0
-80.0,93.0,-1294.0
-152.0,-76.0,-753.0
-80.0,9.0,-749.0
275.0,121.0,-1196.0
-58.0,29.0,-1147.0
-56.0,-136.0,-786.0
-68.0,39.0,-878.0
267.0,117.0,-1374.0
-126.0,142.0,-1231.0
-83.0,-76.0,-747.0
-60.0,72.0,-794.0
234.0,124.0,-1235.0
-27.0,-17.0,-1120.0
-74.0,-124.0,-728.0
-64.0,76.0,-897.0
208.0,117.0,-1356.0
-64.0,74.0,-1249.0
-97.0,-119.0,-757.0
-44.0,66.0,-812.0
179.0,160.0,-1233.0
-23.0,19.0,-1151.0
-62.0,-78.0,-714.0
-66.0,89.0,-905.0
185.0,167.0,-1354.0
-78.0,-1.0,-1235.0
-95.0,-117.0,-706.0
-78.0,9.0,-772.0
195.0,204.0,-1259.0
-56.0,0.0,-1190.0
-48.0,-107.0,-759.0
-56.0,105.0,-854.0
138.0,185.0,-1309.0
-44.0,58.0,-1218.0
-81.0,-144.0,-771.0
-56.0,23.0,-839.0
156.0,203.0,-1266.0
-15.0,23.0,-1145.0
-39.0,-197.0,-720.0
-158.0,62.0,-845.0
103.0,173.0,-1370.0
-62.0,91.0,-1276.0
-52.0,-128.0,-772.0
-93.0,-9.0,-765.0
126.0,224.0,-1221.0
-5.0,56.0,-1180.0
-37.0,-156.0,-771.0
-126.0,33.0,-843.0
42.0,154.0,-1280.0
-62.0,89.0,-1270.0
-74.0,-165.0,-790.0
-113.0,-21.0,-804.0
119.0,220.0,-1192.0
25.0,101.0,-1139.0
-462.0,-103.0,-810.0
-165.0,-48.0,-714.0
-261.0,115.0,-1366.0
-390.0,267.0,-1350.0
-956.0,-175.0,-884.0
-882.0,-171.0,-782.0
-901.0,122.0,-1048.0
-1194.0,218.0,-1350.0
-1085.0,-21.0,-626.0
-1333.0,-25.0,-843.0
-1130.0,105.0,-1171.0
-1397.0,-1.0,-1335.0
-1247.0,3.0,-609.0
-1495.0,-128.0,-737.0
-1284.0,126.0,-1159.0
-1280.0,87.0,-1233.0
-1171.0,179.0,-851.0
-1358.0,-54.0,-944.0
-1151.0,-39.0,-1348.0
-888.0,140.0,-1282.0
-1057.0,-9.0,-958.0
-1214.0,-165.0,-745.0
-1015.0,-52.0,-1188.0
-689.0,322.0,-1337.0
-866.0,-15.0,-1022.0
-1153.0,-177.0,-661.0
-919.0,85.0,-1249.0
-515.0,325.0,-1491.0
-683.0,-183.0,-1030.0
-1100.0,-232.0,-415.0
-651.0,80.0,-1020.0
-489.0,257.0,-1544.0
-694.0,-109.0,-983.0
-1202.0,-5.0,-646.0
-825.0,64.0,-1063.0
-730.0,286.0,-1426.0
-886.0,-138.0,-819.0
-1419.0,-245.0,-528.0
-1065.0,-85.0,-907.0
-1073.0,271.0,-1358.0
-1260.0,224.0,-933.0
-1553.0,-185.0,-815.0
-1266.0,7.0,-1110.0
-1067.0,212.0,-1251.0
-1206.0,179.0,-901.0
-1483.0,-247.0,-702.0
-1331.0,-230.0,-1009.0
-1075.0,361.0,-1223.0
-1268.0,284.0,-1116.0
-1479.0,-158.0,-931.0
-1399.0,-138.0,-1106.0
-977.0,214.0,-1243.0
-1255.0,193.0,-1116.0
-1407.0,-244.0,-798.0
-1266.0,-167.0,-946.0
-739.0,400.0,-1268.0
-972.0,308.0,-1165.0
-1196.0,-355.0,-749.0
-1065.0,-226.0,-968.0
-685.0,283.0,-1335.0
-933.0,167.0,-1210.0
-1413.0,-220.0,-661.0
-1114.0,-308.0,-819.0
-905.0,571.0,-1403.0
-1069.0,66.0,-1095.0
-1612.0,-175.0,-663.0
-1173.0,-222.0,-771.0
-917.0,357.0,-1483.0
-1104.0,134.0,-1143.0
-1590.0,-474.0,-556.0
-1274.0,-242.0,-706.0
-976.0,421.0,-1567.0
-1212.0,378.0,-1155.0
-1639.0,-146.0,-587.0
-1327.0,-247.0,-780.0
-849.0,158.0,-1559.0
-1307.0,310.0,-1331.0
-1538.0,-474.0,-673.0
-1436.0,-232.0,-817.0
-1134.0,593.0,-1424.0
-1366.0,284.0,-1126.0
-1610.0,-226.0,-536.0
-1464.0,-435.0,-864.0
-1048.0,507.0,-1633.0
-1274.0,365.0,-1303.0
-1536.0,-505.0,-622.0
-1313.0,-136.0,-732.0
-796.0,193.0,-1278.0
-1163.0,468.0,-1165.0
-1339.0,-452.0,-614.0
-1323.0,25.0,-921.0
-769.0,499.0,-1436.0
-1368.0,191.0,-1333.0
-1372.0,-376.0,-571.0
-1342.0,-437.0,-681.0
-1015.0,300.0,-1315.0
-1182.0,267.0,-1159.0
-1325.0,52.0,-716.0
-1188.0,-265.0,-728.0
-886.0,245.0,-1577.0
-1065.0,179.0,-1214.0
-1335.0,-579.0,-634.0
-1091.0,39.0,-624.0
-810.0,302.0,-1432.0
-944.0,363.0,-1262.0
-1149.0,-162.0,-732.0
-847.0,134.0,-880.0
-398.0,187.0,-1530.0
-755.0,46.0,-1229.0
-571.0,-384.0,-610.0
-673.0,64.0,-730.0
-322.0,232.0,-1231.0
-448.0,-3.0,-1286.0
-349.0,-48.0,-894.0
-460.0,-19.0,-1020.0
-156.0,267.0,-1356.0
-7.0,3.0,-1102.0
-117.0,39.0,-880.0
-130.0,-454.0,-761.0
193.0,54.0,-1052.0
111.0,113.0,-983.0
-60.0,197.0,-829.0
80.0,-113.0,-1075.0
290.0,19.0,-1233.0
203.0,322.0,-1212.0
78.0,232.0,-749.0
128.0,-220.0,-841.0
513.0,-210.0,-913.0
460.0,335.0,-1095.0
708.0,52.0,-856.0
837.0,154.0,-1202.0
886.0,-124.0,-1360.0
1516.0,70.0,-858.0
1385.0,294.0,-815.0
1501.0,-204.0,-948.0
1530.0,-56.0,-825.0
1809.0,-175.0,-903.0
1358.0,355.0,-1225.0
1465.0,126.0,-1385.0
1342.0,124.0,-1321.0
1510.0,31.0,-1108.0
1223.0,-52.0,-1001.0
1104.0,240.0,-835.0
1301.0,-322.0,-632.0
870.0,9.0,-935.0
1040.0,89.0,-960.0
769.0,183.0,-950.0
1024.0,81.0,-1104.0
718.0,89.0,-1255.0
622.0,40.0,-966.0
642.0,210.0,-507.0
638.0,-93.0,-790.0
886.0,103.0,-987.0
554.0,226.0,-1182.0
657.0,421.0,-1106.0
769.0,-335.0,-1120.0
724.0,-19.0,-1161.0
691.0,76.0,-989.0
542.0,271.0,-737.0
774.0,-353.0,-880.0
739.0,-117.0,-1087.0
788.0,283.0,-1059.0
841.0,374.0,-1093.0
1151.0,-70.0,-1233.0
1245.0,-95.0,-1200.0
1194.0,140.0,-1071.0
1118.0,134.0,-751.0
1307.0,-417.0,-841.0
1360.0,0.0,-1011.0
1204.0,130.0,-1173.0
1272.0,228.0,-1079.0
1321.0,-376.0,-1165.0
1296.0,87.0,-1180.0
1333.0,482.0,-853.0
1303.0,201.0,-749.0
1321.0,-517.0,-759.0
1307.0,-253.0,-1077.0
1247.0,353.0,-1081.0
1167.0,320.0,-1028.0
1253.0,-244.0,-1143.0
1221.0,-140.0,-1239.0
1132.0,267.0,-1018.0
860.0,308.0,-681.0
946.0,-281.0,-890.0
1098.0,-193.0,-993.0
931.0,204.0,-919.0
864.0,634.0,-1026.0
989.0,-162.0,-1286.0
1112.0,7.0,-1208.0
1159.0,160.0,-895.0
927.0,117.0,-675.0
1292.0,-126.0,-749.0
1251.0,-251.0,-1098.0
1204.0,312.0,-1173.0
1134.0,376.0,-1108.0
1424.0,-117.0,-1188.0
1253.0,23.0,-1212.0
1292.0,249.0,-915.0
1233.0,130.0,-741.0
1395.0,-335.0,-909.0
1319.0,-138.0,-1061.0
1313.0,380.0,-1052.0
1321.0,341.0,-913.0
1440.0,-306.0,-1126.0
1510.0,-87.0,-1182.0
1471.0,271.0,-952.0
1245.0,398.0,-691.0
1370.0,-450.0,-905.0
1339.0,-165.0,-1077.0
1208.0,407.0,-1128.0
1184.0,392.0,-1015.0
1247.0,-240.0,-1204.0
1270.0,-40.0,-1165.0
1163.0,185.0,-907.0
1063.0,300.0,-677.0
1157.0,-560.0,-940.0
1026.0,-39.0,-1059.0
997.0,130.0,-1065.0
864.0,361.0,-1046.0
880.0,-111.0,-1184.0
864.0,25.0,-1173.0
786.0,431.0,-1005.0
704.0,140.0,-890.0
710.0,-503.0,-977.0
700.0,-181.0,-976.0
566.0,267.0,-948.0
517.0,452.0,-966.0
609.0,-206.0,-1180.0
689.0,-31.0,-1192.0
589.0,257.0,-1050.0
659.0,201.0,-767.0
528.0,-249.0,-786.0
640.0,-167.0,-933.0
552.0,261.0,-1106.0
538.0,206.0,-1122.0
441.0,-39.0,-1214.0
497.0,-162.0,-1151.0
450.0,232.0,-1015.0
376.0,70.0,-806.0
304.0,-224.0,-796.0
392.0,-25.0,-890.0
261.0,150.0,-974.0
167.0,197.0,-985.0
269.0,-115.0,-1071.0
222.0,122.0,-1112.0
265.0,154.0,-1044.0
130.0,87.0,-890.0
193.0,-265.0,-763.0
187.0,-39.0,-864.0
165.0,173.0,-976.0
64.0,156.0,-1061.0
122.0,-35.0,-1091.0
93.0,72.0,-1104.0
167.0,115.0,-993.0
89.0,25.0,-812.0
56.0,-204.0,-739.0
85.0,-21.0,-784.0
99.0,181.0,-938.0
81.0,21.0,-952.0
72.0,40.0,-1038.0
148.0,117.0,-1032.0
187.0,175.0,-1003.0
195.0,-48.0,-821.0
128.0,-124.0,-751.0
148.0,-11.0,-716.0
162.0,132.0,-819.0
105.0,162.0,-817.0
181.0,15.0,-938.0
179.0,117.0,-1011.0
257.0,95.0,-958.0
206.0,-50.0,-747.0
140.0,-152.0,-571.0
156.0,21.0,-618.0
249.0,78.0,-827.0
144.0,74.0,-954.0
193.0,7.0,-966.0
134.0,138.0,-958.0
173.0,117.0,-958.0
124.0,48.0,-735.0
72.0,-91.0,-638.0
64.0,31.0,-691.0
74.0,40.0,-825.0
-27.0,-7.0,-851.0
35.0,-7.0,-933.0
21.0,81.0,-993.0
70.0,199.0,-997.0
70.0,-17.0,-796.0
23.0,-33.0,-687.0
29.0,-9.0,-650.0
17.0,35.0,-802.0
81.0,-7.0,-938.0
5.0,0.0,-991.0
54.0,162.0,-948.0
25.0,109.0,-931.0
89.0,-31.0,-835.0
-19.0,-76.0,-630.0
-21.0,-11.0,-630.0
-13.0,64.0,-749.0
33.0,-25.0,-841.0
-29.0,44.0,-878.0
5.0,150.0,-940.0
33.0,126.0,-929.0
105.0,-15.0,-769.0
7.0,-54.0,-599.0
9.0,-60.0,-575.0
33.0,0.0,-669.0
31.0,40.0,-741.0
-11.0,101.0,-862.0
-29.0,128.0,-929.0
-3.0,68.0,-948.0
64.0,-46.0,-776.0
-21.0,0.0,-534.0
-25.0,0.0,-546.0
11.0,-13.0,-724.0
7.0,-9.0,-874.0
-11.0,42.0,-923.0
-44.0,113.0,-954.0
-27.0,95.0,-915.0
17.0,37.0,-776.0
-72.0,-37.0,-663.0
-87.0,-35.0,-642.0
-81.0,0.0,-728.0
-66.0,-5.0,-798.0
-91.0,101.0,-874.0
-105.0,144.0,-931.0
-48.0,68.0,-972.0
-35.0,46.0,-804.0
-35.0,-35.0,-644.0
-52.0,-60.0,-609.0
-48.0,-25.0,-698.0
27.0,-19.0,-831.0
-50.0,162.0,-936.0
-44.0,146.0,-936.0
19.0,103.0,-921.0
78.0,-11.0,-856.0
54.0,-46.0,-648.0
-7.0,-9.0,-569.0
66.0,-35.0,-681.0
40.0,-33.0,-743.0
-11.0,132.0,-812.0
-3.0,107.0,-909.0
9.0,121.0,-948.0
109.0,-3.0,-786.0
7.0,-1.0,-622.0
-35.0,-33.0,-528.0
19.0,-37.0,-583.0
23.0,-15.0,-726.0
1.0,101.0,-878.0
-29.0,150.0,-917.0
78.0,39.0,-981.0
138.0,-15.0,-813.0
27.0,-3.0,-614.0
-23.0,3.0,-546.0
23.0,3.0,-642.0
78.0,-40.0,-819.0
-33.0,97.0,-921.0
-25.0,121.0,-913.0
68.0,124.0,-897.0
99.0,25.0,-790.0
33.0,17.0,-644.0
-11.0,-68.0,-560.0
9.0,-33.0,-568.0
-17.0,-1.0,-700.0
-50.0,76.0,-823.0
-42.0,89.0,-851.0
0.0,80.0,-880.0
15.0,39.0,-876.0
-21.0,-3.0,-630.0
-33.0,-42.0,-491.0
13.0,-21.0,-589.0
-15.0,0.0,-755.0
-56.0,44.0,-843.0
-39.0,91.0,-847.0
17.0,58.0,-886.0
66.0,19.0,-831.0
-11.0,21.0,-669.0
-31.0,-50.0,-540.0
-33.0,-17.0,-597.0
1.0,-13.0,-774.0
-81.0,33.0,-808.0
-50.0,78.0,-853.0
-11.0,85.0,-925.0
40.0,62.0,-915.0
1.0,15.0,-691.0
-64.0,-48.0,-550.0
-42.0,-33.0,-585.0
-19.0,-3.0,-755.0
-74.0,105.0,-802.0
13.0,83.0,-878.0
-5.0,89.0,-897.0
17.0,74.0,-909.0
-27.0,9.0,-689.0
-21.0,-107.0,-544.0
-37.0,-64.0,-585.0
3.0,33.0,-730.0
-66.0,66.0,-780.0
-5.0,134.0,-821.0
-7.0,107.0,-872.0
15.0,85.0,-823.0
-25.0,83.0,-675.0
-11.0,-27.0,-571.0
-37.0,-111.0,-571.0
-42.0,-15.0,-663.0
-37.0,66.0,-716.0
-3.0,70.0,-833.0
-37.0,91.0,-905.0
5.0,109.0,-856.0
39.0,23.0,-732.0
-19.0,-15.0,-538.0
-39.0,-19.0,-530.0
7.0,-40.0,-677.0
-5.0,15.0,-802.0
52.0,37.0,-833.0
-39.0,54.0,-913.0
19.0,130.0,-890.0
25.0,97.0,-702.0
19.0,-37.0,-568.0
-46.0,-78.0,-532.0
-13.0,-5.0,-653.0
13.0,21.0,-726.0
-7.0,134.0,-841.0
-48.0,54.0,-921.0
5.0,46.0,-933.0
19.0,37.0,-763.0
-13.0,-1.0,-554.0
-70.0,-42.0,-491.0
-42.0,-13.0,-581.0
33.0,3.0,-753.0
-52.0,74.0,-856.0
-29.0,50.0,-952.0
-23.0,54.0,-858.0
83.0,-9.0,-778.0
-1.0,-15.0,-566.0
-27.0,-21.0,-525.0
-17.0,58.0,-622.0
-3.0,66.0,-749.0
-42.0,37.0,-862.0
-33.0,19.0,-919.0
-52.0,124.0,-876.0
95.0,40.0,-774.0
-3.0,-15.0,-650.0
-29.0,-78.0,-569.0
-11.0,31.0,-575.0
-37.0,107.0,-730.0
-54.0,109.0,-831.0
-58.0,23.0,-903.0
7.0,52.0,-931.0
48.0,54.0,-784.0
0.0,-81.0,-614.0
-46.0,-74.0,-491.0
-44.0,70.0,-556.0
81.0,37.0,-792.0
-62.0,126.0,-886.0
-13.0,58.0,-866.0
-23.0,44.0,-856.0
66.0,101.0,-790.0
5.0,-31.0,-571.0
-9.0,-60.0,-523.0
0.0,-19.0,-550.0
29.0,74.0,-751.0
-64.0,91.0,-853.0
-27.0,13.0,-862.0
-31.0,74.0,-872.0
99.0,25.0,-788.0
7.0,37.0,-550.0
-66.0,-3.0,-417.0
11.0,-48.0,-573.0
-1.0,48.0,-798.0
-5.0,13.0,-929.0
-74.0,9.0,-854.0
19.0,70.0,-833.0
66.0,144.0,-718.0
-19.0,89.0,-591.0
-62.0,-27.0,-515.0
-11.0,5.0,-636.0
5.0,-60.0,-819.0
-78.0,0.0,-866.0
-50.0,56.0,-810.0
9.0,130.0,-790.0
56.0,163.0,-794.0
48.0,33.0,-673.0
-25.0,-81.0,-546.0
17.0,-99.0,-644.0
54.0,5.0,-788.0
-13.0,46.0,-778.0
5.0,60.0,-745.0
-13.0,201.0,-825.0
70.0,85.0,-909.0
31.0,23.0,-730.0
-42.0,-105.0,-534.0
-19.0,-27.0,-593.0
-46.0,72.0,-665.0
-54.0,5.0,-774.0
-78.0,66.0,-808.0
-39.0,62.0,-868.0
1.0,50.0,-901.0
-7.0,35.0,-743.0
-17.0,-27.0,-513.0
-5.0,-21.0,-601.0
-17.0,15.0,-659.0
-17.0,5.0,-694.0
-17.0,111.0,-849.0
-7.0,124.0,-886.0
19.0,87.0,-878.0
1.0,-21.0,-737.0
-9.0,-101.0,-521.0
-62.0,-5.0,-470.0
33.0,1.0,-657.0
-37.0,46.0,-755.0
1.0,40.0,-833.0
-50.0,169.0,-931.0
7.0,165.0,-884.0
68.0,5.0,-708.0
13.0,-40.0,-548.0
-74.0,-3.0,-521.0
31.0,21.0,-618.0
-40.0,-72.0,-728.0
-3.0,25.0,-882.0
-66.0,130.0,-905.0
13.0,201.0,-940.0
11.0,27.0,-739.0
29.0,-23.0,-597.0
-50.0,-50.0,-491.0
-31.0,11.0,-603.0
11.0,-48.0,-786.0
-11.0,83.0,-905.0
-60.0,76.0,-901.0
54.0,66.0,-993.0
58.0,19.0,-763.0
83.0,7.0,-564.0
-44.0,-29.0,-472.0
39.0,109.0,-665.0
11.0,31.0,-739.0
-48.0,31.0,-792.0
-54.0,81.0,-901.0
-58.0,113.0,-851.0
25.0,-35.0,-702.0
-1.0,-50.0,-601.0
-97.0,-33.0,-530.0
39.0,3.0,-579.0
11.0,-13.0,-712.0
-33.0,78.0,-862.0
-60.0,56.0,-884.0
29.0,160.0,-917.0
87.0,81.0,-743.0
60.0,-72.0,-628.0
-46.0,-40.0,-503.0
-21.0,35.0,-579.0
21.0,3.0,-788.0
-52.0,3.0,-892.0
-70.0,44.0,-864.0
-11.0,72.0,-890.0
29.0,204.0,-804.0
17.0,-5.0,-659.0
-60.0,-97.0,-548.0
-7.0,7.0,-579.0
33.0,17.0,-796.0
-80.0,85.0,-847.0
-44.0,7.0,-812.0
13.0,99.0,-858.0
111.0,5.0,-831.0
-19.0,89.0,-628.0
-48.0,9.0,-443.0
-35.0,37.0,-566.0
-13.0,-21.0,-749.0
-85.0,13.0,-794.0
-44.0,115.0,-819.0
-3.0,117.0,-864.0
70.0,-5.0,-819.0
42.0,-80.0,-622.0
-40.0,-15.0,-488.0
29.0,95.0,-581.0
44.0,56.0,-835.0
-29.0,3.0,-810.0
-37.0,-13.0,-839.0
1.0,152.0,-837.0
27.0,74.0,-794.0
23.0,-64.0,-716.0
-35.0,-68.0,-601.0
-5.0,64.0,-622.0
9.0,93.0,-769.0
-44.0,11.0,-831.0
-27.0,42.0,-841.0
-11.0,105.0,-888.0
29.0,163.0,-856.0
-21.0,-93.0,-657.0
-29.0,-74.0,-589.0
-81.0,66.0,-566.0
40.0,39.0,-763.0
-58.0,-70.0,-800.0
-19.0,-13.0,-800.0
-29.0,199.0,-749.0
62.0,162.0,-854.0
54.0,-5.0,-751.0
-9.0,-48.0,-562.0
-11.0,76.0,-650.0
3.0,85.0,-704.0
-21.0,-48.0,-747.0
-87.0,-9.0,-769.0
-19.0,113.0,-870.0
-7.0,220.0,-866.0
13.0,-132.0,-772.0
-29.0,-99.0,-587.0
-42.0,-23.0,-562.0
11.0,173.0,-753.0
21.0,76.0,-792.0
37.0,121.0,-817.0
-1.0,42.0,-913.0
5.0,201.0,-933.0
25.0,105.0,-710.0
-44.0,-224.0,-523.0
-72.0,-124.0,-568.0
29.0,50.0,-702.0
7.0,126.0,-782.0
-56.0,21.0,-796.0
-25.0,76.0,-876.0
-40.0,101.0,-894.0
56.0,74.0,-714.0
13.0,-42.0,-593.0
0.0,-52.0,-544.0
39.0,-42.0,-636.0
52.0,56.0,-755.0
-17.0,39.0,-853.0
-56.0,91.0,-923.0
-5.0,35.0,-927.0
52.0,52.0,-733.0
-17.0,31.0,-562.0
-76.0,-93.0,-525.0
-33.0,35.0,-659.0
64.0,19.0,-815.0
-39.0,0.0,-843.0
-7.0,50.0,-938.0
-13.0,222.0,-903.0
68.0,66.0,-825.0
-23.0,-89.0,-626.0
-81.0,-117.0,-505.0
27.0,95.0,-673.0
39.0,89.0,-749.0
-54.0,-27.0,-862.0
-81.0,91.0,-915.0
-19.0,89.0,-931.0
37.0,105.0,-755.0
-46.0,15.0,-571.0
-39.0,-128.0,-495.0
13.0,-50.0,-609.0
-39.0,87.0,-720.0
-1.0,-39.0,-925.0
-62.0,115.0,-989.0
39.0,171.0,-858.0
140.0,-15.0,-780.0
11.0,187.0,-655.0
-42.0,42.0,-478.0
-9.0,-158.0,-538.0
-42.0,5.0,-769.0
-7.0,23.0,-849.0
-29.0,89.0,-812.0
-25.0,81.0,-905.0
44.0,-21.0,-847.0
66.0,15.0,-704.0
-15.0,23.0,-527.0
-9.0,56.0,-556.0
68.0,62.0,-763.0
-29.0,44.0,-866.0
-48.0,52.0,-909.0
-37.0,128.0,-931.0
39.0,21.0,-854.0
-54.0,-13.0,-626.0
0.0,-162.0,-462.0
-9.0,35.0,-585.0
5.0,9.0,-802.0
-35.0,109.0,-981.0
-33.0,156.0,-894.0
-9.0,175.0,-913.0
111.0,13.0,-864.0
29.0,81.0,-700.0
-21.0,-83.0,-437.0
-68.0,-154.0,-540.0
-68.0,109.0,-767.0
-78.0,66.0,-806.0
-46.0,-68.0,-819.0
27.0,42.0,-1003.0
35.0,208.0,-868.0
50.0,-21.0,-632.0
-58.0,27.0,-491.0
-37.0,187.0,-579.0
-1.0,46.0,-722.0
-93.0,-85.0,-856.0
27.0,-56.0,-921.0
0.0,68.0,-851.0
42.0,-5.0,-788.0
1.0,-21.0,-659.0
78.0,31.0,-573.0
-7.0,95.0,-632.0
9.0,50.0,-737.0
-9.0,50.0,-817.0
-1.0,60.0,-868.0
-42.0,142.0,-829.0
27.0,46.0,-880.0
3.0,-35.0,-739.0
-37.0,-44.0,-542.0
-62.0,-48.0,-620.0
-9.0,50.0,-833.0
1.0,-35.0,-796.0
-5.0,89.0,-849.0
-13.0,300.0,-919.0
46.0,85.0,-944.0
15.0,-42.0,-726.0
-21.0,-31.0,-720.0
-62.0,13.0,-743.0
1.0,-109.0,-812.0
-31.0,-134.0,-1016.0
-1.0,5.0,-1057.0
11.0,25.0,-1042.0
-11.0,302.0,-1145.0
87.0,152.0,-1102.0
3.0,-50.0,-991.0
-56.0,-31.0,-1016.0
80.0,109.0,-1098.0
-7.0,95.0,-1155.0
-35.0,-99.0,-1259.0
-62.0,-44.0,-1325.0
1.0,148.0,-1424.0
39.0,85.0,-1311.0
58.0,48.0,-1177.0
-11.0,-136.0,-1075.0
-25.0,50.0,-1114.0
-56.0,72.0,-1262.0
13.0,109.0,-1352.0
-68.0,130.0,-1278.0
-29.0,64.0,-1354.0
-19.0,3.0,-1331.0
37.0,-39.0,-1139.0
-80.0,-103.0,-997.0
1.0,46.0,-1005.0
-7.0,-70.0,-1143.0
-48.0,50.0,-1151.0
-60.0,284.0,-1171.0
21.0,214.0,-1300.0
91.0,11.0,-1305.0
-3.0,-181.0,-1052.0
-66.0,44.0,-817.0
5.0,23.0,-841.0
-42.0,-21.0,-958.0
-23.0,-48.0,-1056.0
-44.0,95.0,-1147.0
15.0,93.0,-1206.0
99.0,60.0,-1208.0
-1.0,-19.0,-870.0
-21.0,-124.0,-724.0
48.0,89.0,-790.0
89.0,154.0,-968.0
-23.0,58.0,-1077.0
-17.0,-9.0,-1143.0
-3.0,197.0,-1169.0
70.0,103.0,-1040.0
-9.0,-5.0,-856.0
-25.0,-142.0,-712.0
-33.0,-21.0,-767.0
-23.0,117.0,-890.0
-62.0,19.0,-1022.0
-19.0,107.0,-1097.0
-27.0,216.0,-1081.0
50.0,279.0,-1026.0
56.0,-222.0,-817.0
-66.0,-56.0,-663.0
-27.0,91.0,-648.0
39.0,-74.0,-944.0
-27.0,-128.0,-1042.0
-58.0,179.0,-938.0
-3.0,144.0,-1026.0
40.0,144.0,-1034.0
27.0,-52.0,-847.0
13.0,-44.0,-741.0
-35.0,60.0,-821.0
54.0,-17.0,-931.0
-33.0,-122.0,-1032.0
-5.0,105.0,-1059.0
5.0,80.0,-1159.0
54.0,37.0,-1204.0
29.0,44.0,-983.0
-17.0,-181.0,-843.0
-72.0,103.0,-771.0
21.0,-62.0,-1050.0
-21.0,60.0,-1157.0
-78.0,44.0,-1210.0
25.0,99.0,-1364.0
15.0,119.0,-1309.0
9.0,56.0,-1069.0
-62.0,-76.0,-804.0
-9.0,15.0,-913.0
-33.0,-1.0,-1130.0
-7.0,-33.0,-1323.0
-66.0,74.0,-1337.0
-50.0,74.0,-1358.0
-33.0,199.0,-1225.0
23.0,-19.0,-1063.0
-7.0,9.0,-946.0
-7.0,40.0,-1030.0
-33.0,25.0,-1147.0
40.0,-9.0,-1231.0
-21.0,-48.0,-1319.0
11.0,93.0,-1327.0
66.0,206.0,-1360.0
0.0,152.0,-1141.0
13.0,-105.0,-1011.0
-66.0,21.0,-995.0
54.0,3.0,-1237.0
68.0,13.0,-1337.0
0.0,15.0,-1325.0
-19.0,111.0,-1366.0
5.0,265.0,-1360.0
144.0,3.0,-1239.0
19.0,-50.0,-1132.0
-23.0,-52.0,-1132.0
33.0,-48.0,-1192.0
11.0,-99.0,-1307.0
-31.0,105.0,-1319.0
-29.0,150.0,-1387.0
17.0,236.0,-1421.0
48.0,-29.0,-1383.0
7.0,-17.0,-1190.0
-101.0,-29.0,-923.0
66.0,-15.0,-1087.0
-35.0,29.0,-1288.0
-56.0,162.0,-1333.0
-113.0,40.0,-1380.0
13.0,81.0,-1428.0
80.0,-52.0,-1253.0
-27.0,35.0,-1022.0
-89.0,103.0,-972.0
11.0,56.0,-1151.0
-9.0,7.0,-1198.0
-76.0,60.0,-1352.0
-74.0,56.0,-1341.0
44.0,160.0,-1344.0
-11.0,3.0,-1155.0
-3.0,-37.0,-1063.0
-39.0,0.0,-1015.0
35.0,17.0,-1011.0
0.0,-60.0,-1212.0
-21.0,-7.0,-1333.0
-56.0,46.0,-1350.0
7.0,253.0,-1298.0
54.0,39.0,-1163.0
-66.0,23.0,-915.0
11.0,-39.0,-1020.0
-3.0,-52.0,-1331.0
-93.0,-25.0,-1346.0
-29.0,-52.0,-1255.0
27.0,37.0,-1358.0
83.0,138.0,-1313.0
-27.0,78.0,-1104.0
-29.0,15.0,-1050.0
46.0,83.0,-1145.0
37.0,-85.0,-1319.0
-56.0,87.0,-1300.0
-23.0,-5.0,-1323.0
-17.0,115.0,-1333.0
21.0,-33.0,-1329.0
23.0,29.0,-1136.0
-44.0,-99.0,-1083.0
7.0,42.0,-1130.0
-64.0,138.0,-1231.0
29.0,-15.0,-1286.0
0.0,156.0,-1407.0
-21.0,257.0,-1372.0
95.0,113.0,-1321.0
-9.0,-122.0,-1184.0
-29.0,-171.0,-1079.0
-66.0,81.0,-1136.0
33.0,5.0,-1260.0
-66.0,-19.0,-1350.0
-27.0,48.0,-1360.0
-17.0,46.0,-1352.0
42.0,208.0,-1319.0
62.0,21.0,-1272.0
27.0,-15.0,-1171.0
-1.0,-64.0,-1138.0
58.0,-80.0,-1231.0
-7.0,66.0,-1305.0
-33.0,138.0,-1395.0
-27.0,87.0,-1395.0
19.0,128.0,-1417.0
13.0,-40.0,-1276.0
-83.0,72.0,-1050.0
-50.0,60.0,-1044.0
-33.0,-15.0,-1264.0
-39.0,-64.0,-1354.0
21.0,25.0,-1382.0
-39.0,169.0,-1387.0
66.0,187.0,-1514.0
5.0,-19.0,-1301.0
-35.0,-11.0,-1108.0
-3.0,-128.0,-1151.0
23.0,-39.0,-1276.0
1.0,44.0,-1212.0
11.0,27.0,-1331.0
-33.0,134.0,-1473.0
60.0,206.0,-1512.0
11.0,158.0,-1329.0
39.0,-103.0,-1083.0
-33.0,-136.0,-1077.0
-33.0,89.0,-1098.0
-13.0,76.0,-1262.0
1.0,40.0,-1415.0
-23.0,140.0,-1545.0
-62.0,150.0,-1448.0
-11.0,3.0,-1288.0
-9.0,-58.0,-1091.0
-54.0,-46.0,-1069.0
-15.0,74.0,-1139.0
-9.0,-19.0,-1298.0
3.0,7.0,-1434.0
-11.0,144.0,-1481.0
21.0,111.0,-1389.0
124.0,-56.0,-1323.0
56.0,-44.0,-1173.0
-5.0,-60.0,-1095.0
44.0,17.0,-1118.0
-1.0,95.0,-1241.0
19.0,15.0,-1430.0
-78.0,105.0,-1471.0
-19.0,195.0,-1426.0
40.0,148.0,-1333.0
-23.0,-97.0,-1169.0
-119.0,3.0,-985.0
-7.0,-148.0,-1102.0
-39.0,-3.0,-1405.0
-44.0,-44.0,-1423.0
-46.0,99.0,-1415.0
-23.0,201.0,-1456.0
117.0,132.0,-1333.0
29.0,70.0,-1262.0
-29.0,-31.0,-1128.0
-17.0,83.0,-1138.0
13.0,-81.0,-1262.0
-56.0,-89.0,-1342.0
-68.0,-42.0,-1372.0
5.0,56.0,-1424.0
83.0,169.0,-1411.0
66.0,-21.0,-1303.0
-66.0,23.0,-1124.0
21.0,99.0,-1046.0
13.0,199.0,-1276.0
-11.0,33.0,-1389.0
-68.0,-11.0,-1405.0
-39.0,-15.0,-1403.0
33.0,11.0,-1423.0
-3.0,13.0,-1290.0
-54.0,-72.0,-1167.0
-33.0,99.0,-1147.0
-19.0,189.0,-1245.0
-72.0,130.0,-1372.0
-66.0,5.0,-1352.0
-42.0,15.0,-1380.0
99.0,54.0,-1403.0
15.0,81.0,-1350.0
31.0,-107.0,-1169.0
-21.0,-39.0,-1118.0
56.0,-9.0,-1223.0
-13.0,-5.0,-1307.0
-23.0,80.0,-1335.0
25.0,158.0,-1430.0
119.0,140.0,-1444.0
60.0,-19.0,-1305.0
-3.0,-78.0,-1065.0
-44.0,62.0,-1116.0
56.0,-27.0,-1329.0
-23.0,-44.0,-1417.0
-68.0,80.0,-1411.0
-25.0,175.0,-1403.0
21.0,85.0,-1456.0
-17.0,78.0,-1259.0
-35.0,-144.0,-1120.0
-78.0,91.0,-1136.0
-17.0,80.0,-1286.0
-76.0,-7.0,-1298.0
-13.0,-23.0,-1389.0
-44.0,179.0,-1456.0
37.0,160.0,-1475.0
56.0,-54.0,-1270.0
11.0,-81.0,-1136.0
-15.0,-44.0,-1030.0
62.0,54.0,-1223.0
-27.0,91.0,-1421.0
7.0,97.0,-1448.0
-37.0,7.0,-1407.0
58.0,119.0,-1424.0
17.0,81.0,-1255.0
35.0,-95.0,-1122.0
-97.0,-29.0,-1124.0
111.0,-9.0,-1237.0
-11.0,0.0,-1409.0
-9.0,68.0,-1399.0
-66.0,152.0,-1417.0
58.0,197.0,-1405.0
-3.0,5.0,-1352.0
3.0,-80.0,-1147.0
-99.0,-40.0,-1098.0
46.0,31.0,-1251.0
19.0,-5.0,-1350.0
-40.0,126.0,-1428.0
-54.0,142.0,-1528.0
-1.0,189.0,-1510.0
44.0,11.0,-1309.0
-33.0,-64.0,-1065.0
-62.0,-19.0,-1026.0
15.0,44.0,-1249.0
-13.0,17.0,-1424.0
0.0,9.0,-1497.0
-40.0,33.0,-1426.0
7.0,210.0,-1366.0
89.0,11.0,-1253.0
62.0,-56.0,-1214.0
-68.0,-5.0,-1128.0
62.0,25.0,-1204.0
-1.0,3.0,-1333.0
13.0,-19.0,-1411.0
-72.0,25.0,-1354.0
31.0,111.0,-1430.0
33.0,56.0,-1356.0
46.0,-50.0,-1202.0
-66.0,-27.0,-1083.0
-15.0,158.0,-1139.0
46.0,-50.0,-1405.0
-33.0,-50.0,-1506.0
-52.0,87.0,-1405.0
-23.0,101.0,-1374.0
37.0,40.0,-1348.0
-5.0,-52.0,-1214.0
-80.0,-46.0,-1139.0
-29.0,171.0,-1229.0
7.0,95.0,-1360.0
-46.0,-50.0,-1407.0
-81.0,39.0,-1401.0
-44.0,238.0,-1395.0
107.0,27.0,-1458.0
15.0,-50.0,-1264.0
-44.0,-76.0,-1112.0
27.0,13.0,-1177.0
-7.0,91.0,-1339.0
7.0,3.0,-1372.0
-72.0,107.0,-1401.0
21.0,89.0,-1440.0
140.0,-42.0,-1430.0
7.0,-29.0,-1177.0
-50.0,-42.0,-1054.0
0.0,134.0,-1139.0
21.0,160.0,-1360.0
-37.0,-74.0,-1442.0
-93.0,25.0,-1415.0
-33.0,76.0,-1350.0
40.0,21.0,-1339.0
-21.0,33.0,-1268.0
-68.0,9.0,-1091.0
-29.0,60.0,-1188.0
-17.0,64.0,-1352.0
-33.0,-105.0,-1389.0
-58.0,0.0,-1385.0
27.0,121.0,-1428.0
80.0,142.0,-1444.0
76.0,-40.0,-1249.0
-52.0,9.0,-1097.0
-23.0,42.0,-1118.0
35.0,35.0,-1405.0
7.0,-50.0,-1428.0
-9.0,5.0,-1411.0
-44.0,177.0,-1360.0
35.0,167.0,-1432.0
-5.0,46.0,-1255.0
-21.0,-39.0,-1136.0
-33.0,39.0,-1200.0
56.0,40.0,-1346.0
-48.0,-64.0,-1354.0
-33.0,46.0,-1370.0
-54.0,199.0,-1383.0
93.0,99.0,-1473.0
-19.0,-25.0,-1284.0
-3.0,-48.0,-1116.0
-1.0,5.0,-1108.0
9.0,40.0,-1288.0
-19.0,-56.0,-1337.0
-35.0,56.0,-1376.0
-23.0,214.0,-1436.0
54.0,42.0,-1446.0
9.0,-23.0,-1253.0
-19.0,-56.0,-1042.0
-56.0,56.0,-1143.0
64.0,31.0,-1313.0
-11.0,-81.0,-1415.0
-35.0,25.0,-1376.0
-21.0,144.0,-1446.0
9.0,154.0,-1403.0
42.0,-5.0,-1296.0
-15.0,-42.0,-1157.0
-50.0,31.0,-1227.0
0.0,-1.0,-1288.0
-9.0,-70.0,-1323.0
-33.0,13.0,-1382.0
-27.0,179.0,-1444.0
0.0,163.0,-1487.0
46.0,0.0,-1344.0
-39.0,-35.0,-1202.0
-21.0,9.0,-1067.0
-23.0,109.0,-1239.0
85.0,-50.0,-1366.0
-29.0,-39.0,-1442.0
-72.0,152.0,-1411.0
29.0,134.0,-1460.0
95.0,-21.0,-1325.0
21.0,-66.0,-1175.0
-58.0,19.0,-1120.0
25.0,40.0,-1202.0
-1.0,9.0,-1325.0
-7.0,46.0,-1372.0
-119.0,171.0,-1426.0
33.0,115.0,-1485.0
13.0,-44.0,-1380.0
33.0,-44.0,-1192.0
-64.0,15.0,-1095.0
9.0,64.0,-1155.0
29.0,-60.0,-1344.0
-42.0,37.0,-1434.0
-35.0,152.0,-1499.0
29.0,148.0,-1454.0
85.0,-15.0,-1333.0
27.0,-62.0,-1124.0
-50.0,13.0,-1069.0
78.0,42.0,-1225.0
3.0,0.0,-1385.0
-23.0,-31.0,-1458.0
-66.0,91.0,-1423.0
-3.0,124.0,-1383.0
50.0,25.0,-1305.0
-27.0,15.0,-1249.0
-23.0,-29.0,-1126.0
-19.0,48.0,-1241.0
5.0,-62.0,-1298.0
-62.0,-15.0,-1391.0
-46.0,121.0,-1366.0
-42.0,175.0,-1430.0
91.0,-7.0,-1407.0
9.0,-64.0,-1266.0
-46.0,-9.0,-1071.0
-1.0,25.0,-1167.0
29.0,-21.0,-1378.0
-58.0,-23.0,-1415.0
-44.0,95.0,-1405.0
25.0,152.0,-1450.0
56.0,85.0,-1430.0
21.0,-56.0,-1237.0
-35.0,-58.0,-1126.0
-15.0,101.0,-1200.0
39.0,-27.0,-1311.0
-91.0,35.0,-1368.0
-15.0,130.0,-1348.0
-17.0,148.0,-1475.0
37.0,27.0,-1448.0
-29.0,-48.0,-1251.0
-39.0,-29.0,-1069.0
-29.0,39.0,-1130.0
-3.0,17.0,-1257.0
-64.0,-17.0,-1356.0
-35.0,99.0,-1440.0
-9.0,152.0,-1452.0
62.0,23.0,-1415.0
-19.0,-44.0,-1179.0
-1.0,-19.0,-1026.0
-17.0,111.0,-1130.0
52.0,70.0,-1333.0
-1.0,-46.0,-1356.0
21.0,35.0,-1360.0
37.0,156.0,-1387.0
101.0,117.0,-1342.0
13.0,7.0,-1171.0
78.0,-3.0,-1079.0
-21.0,-23.0,-1128.0
-1.0,-40.0,-1186.0
-44.0,-25.0,-1257.0
-44.0,122.0,-1319.0
187.0,140.0,-1323.0
23.0,13.0,-1469.0
404.0,-83.0,-1169.0
480.0,187.0,-938.0
380.0,62.0,-1013.0
761.0,-46.0,-1098.0
753.0,-148.0,-1321.0
1009.0,193.0,-1206.0
628.0,158.0,-1444.0
1018.0,-29.0,-1407.0
1067.0,-9.0,-1167.0
1081.0,85.0,-1139.0
862.0,124.0,-1054.0
1116.0,-70.0,-1083.0
1095.0,-50.0,-1171.0
1054.0,218.0,-1229.0
948.0,177.0,-1202.0
1050.0,-85.0,-1360.0
1016.0,-81.0,-1175.0
962.0,154.0,-966.0
878.0,152.0,-841.0
860.0,-111.0,-944.0
831.0,-89.0,-1147.0
704.0,310.0,-1190.0
638.0,288.0,-1214.0
691.0,-169.0,-1235.0
599.0,-64.0,-1122.0
573.0,156.0,-864.0
368.0,162.0,-872.0
505.0,-124.0,-989.0
439.0,-179.0,-1147.0
368.0,286.0,-1159.0
331.0,220.0,-1157.0
374.0,-50.0,-1190.0
458.0,-80.0,-1169.0
300.0,308.0,-1036.0
322.0,-3.0,-997.0
396.0,-187.0,-1040.0
359.0,-50.0,-1155.0
271.0,242.0,-1161.0
232.0,216.0,-1198.0
306.0,-81.0,-1309.0
353.0,-81.0,-1282.0
234.0,177.0,-1013.0
140.0,13.0,-888.0
204.0,-144.0,-1015.0
177.0,-78.0,-1179.0
1.0,203.0,-1192.0
-17.0,68.0,-1200.0
-56.0,54.0,-1298.0
-11.0,-117.0,-1182.0
-193.0,93.0,-1005.0
-179.0,19.0,-894.0
-150.0,-42.0,-993.0
-175.0,31.0,-1059.0
-204.0,7.0,-1087.0
-146.0,101.0,-1184.0
-85.0,87.0,-1223.0
-569.0,15.0,-1247.0
-19.0,-154.0,-788.0
-550.0,17.0,-1030.0
-560.0,101.0,-897.0
-1179.0,140.0,-1139.0
-913.0,-240.0,-1335.0
-956.0,208.0,-1132.0
-1567.0,212.0,-1344.0
-989.0,-140.0,-1007.0
-1544.0,13.0,-890.0
-1194.0,-95.0,-856.0
-1626.0,214.0,-895.0
-970.0,70.0,-923.0
-1253.0,-220.0,-1231.0
-1126.0,56.0,-1223.0
-1034.0,294.0,-1171.0
-808.0,117.0,-1214.0
-757.0,-68.0,-1048.0
-716.0,-130.0,-1050.0
-392.0,257.0,-905.0
-577.0,15.0,-1108.0
-409.0,-162.0,-1231.0
-324.0,-3.0,-1231.0
-208.0,236.0,-1233.0
-179.0,85.0,-1194.0
-163.0,-150.0,-1052.0
-150.0,-89.0,-858.0
-128.0,167.0,-851.0
-113.0,-13.0,-1069.0
-25.0,-27.0,-1175.0
-128.0,13.0,-1259.0
-93.0,210.0,-1227.0
-5.0,58.0,-1227.0
70.0,-97.0,-1028.0
-78.0,-15.0,-837.0
-48.0,66.0,-794.0
-27.0,37.0,-983.0
31.0,-64.0,-1059.0
-35.0,23.0,-1097.0
-46.0,226.0,-1128.0
3.0,74.0,-1204.0
17.0,-103.0,-1009.0
-52.0,0.0,-806.0
-70.0,101.0,-858.0
5.0,117.0,-1024.0
-11.0,-93.0,-1262.0
-105.0,23.0,-1188.0
-175.0,222.0,-1138.0
-134.0,165.0,-1102.0
-122.0,-5.0,-1032.0
-236.0,-91.0,-874.0
-406.0,85.0,-868.0
-275.0,97.0,-1001.0
-245.0,-83.0,-1106.0
-325.0,-3.0,-1116.0
-314.0,183.0,-1130.0
-179.0,177.0,-1141.0
-87.0,-42.0,-1106.0
-117.0,-54.0,-919.0
-179.0,0.0,-892.0
-89.0,-33.0,-993.0
-119.0,-42.0,-1143.0
-175.0,64.0,-1145.0
-212.0,126.0,-1159.0
-111.0,48.0,-1180.0
-81.0,-39.0,-1110.0
-103.0,-29.0,-897.0
-130.0,1.0,-802.0
-44.0,-48.0,-1022.0
-40.0,-56.0,-1165.0
-74.0,44.0,-1188.0
-113.0,111.0,-1132.0
-25.0,122.0,-1231.0
0.0,-60.0,-1120.0
-50.0,31.0,-976.0
-124.0,-13.0,-862.0
-23.0,40.0,-964.0
-58.0,-27.0,-1061.0
-74.0,21.0,-1114.0
-134.0,93.0,-1085.0
3.0,56.0,-1153.0
17.0,40.0,-1098.0
35.0,0.0,-892.0
-66.0,-5.0,-810.0
33.0,25.0,-919.0
-13.0,21.0,-1089.0
-27.0,46.0,-1163.0
-70.0,72.0,-1139.0
-1.0,169.0,-1067.0
39.0,33.0,-1110.0
-21.0,40.0,-948.0
-42.0,-64.0,-806.0
11.0,62.0,-864.0
33.0,37.0,-1016.0
42.0,3.0,-1036.0
7.0,101.0,-1038.0
158.0,126.0,-1153.0
201.0,64.0,-1147.0
156.0,17.0,-993.0
103.0,-66.0,-792.0
113.0,7.0,-862.0
148.0,1.0,-1065.0
40.0,21.0,-1089.0
31.0,103.0,-1085.0
54.0,87.0,-1180.0
107.0,31.0,-1120.0
23.0,-44.0,-911.0
-76.0,0.0,-761.0
-42.0,27.0,-854.0
27.0,-1.0,-1067.0
-93.0,3.0,-1108.0
-60.0,15.0,-1143.0
-40.0,132.0,-1161.0
-3.0,76.0,-1169.0
-62.0,11.0,-985.0
-80.0,-39.0,-878.0
-52.0,-3.0,-890.0
-33.0,21.0,-1040.0
-76.0,-15.0,-1071.0
-7.0,64.0,-1083.0
-70.0,64.0,-1136.0
-3.0,85.0,-1175.0
-64.0,29.0,-997.0
-72.0,-31.0,-835.0
-107.0,5.0,-872.0
-39.0,29.0,-1038.0
-68.0,-17.0,-1141.0
-76.0,33.0,-1118.0
-76.0,126.0,-1139.0
-35.0,117.0,-1128.0
-25.0,31.0,-1013.0
-35.0,-31.0,-841.0
-93.0,-19.0,-866.0
-5.0,-29.0,-997.0
-91.0,-7.0,-1011.0
-42.0,95.0,-1069.0
-97.0,70.0,-1173.0
-15.0,165.0,-1192.0
-46.0,-48.0,-1065.0
-68.0,-3.0,-862.0
-134.0,-11.0,-866.0
-40.0,-13.0,-981.0
-113.0,-21.0,-1050.0
-31.0,83.0,-1122.0
-121.0,111.0,-1212.0
-56.0,142.0,-1186.0
-31.0,-25.0,-1005.0
-56.0,9.0,-812.0
-15.0,-35.0,-866.0
9.0,85.0,-976.0
58.0,-15.0,-1112.0
78.0,7.0,-1157.0
-40.0,93.0,-1177.0
85.0,124.0,-1139.0
29.0,62.0,-1003.0
81.0,-9.0,-917.0
-42.0,-35.0,-888.0
58.0,25.0,-907.0
11.0,-21.0,-1007.0
-37.0,54.0,-1095.0
-40.0,60.0,-1124.0
19.0,142.0,-1122.0
101.0,0.0,-1056.0
37.0,-11.0,-888.0
-58.0,-5.0,-825.0
62.0,9.0,-925.0
72.0,21.0,-1093.0
9.0,29.0,-1136.0
-13.0,109.0,-1145.0
9.0,162.0,-1087.0
158.0,-13.0,-1089.0
11.0,-9.0,-901.0
-13.0,-52.0,-819.0
62.0,19.0,-909.0
-17.0,39.0,-1036.0
-3.0,23.0,-1089.0
-60.0,80.0,-1106.0
13.0,167.0,-1173.0
97.0,-13.0,-1118.0
1.0,-19.0,-929.0
-27.0,-25.0,-827.0
5.0,13.0,-880.0
-5.0,21.0,-1075.0
-52.0,29.0,-1114.0
-58.0,70.0,-1147.0
-23.0,115.0,-1171.0
70.0,25.0,-1059.0
-23.0,-58.0,-892.0
-72.0,-9.0,-806.0
-23.0,37.0,-915.0
19.0,-9.0,-1063.0
-74.0,19.0,-1130.0
-60.0,58.0,-1087.0
11.0,81.0,-1141.0
0.0,105.0,-1061.0
0.0,0.0,-954.0
-64.0,-54.0,-880.0
-33.0,25.0,-895.0
-33.0,-17.0,-1020.0
-39.0,7.0,-1073.0
-56.0,44.0,-1102.0
-42.0,126.0,-1134.0
21.0,64.0,-1149.0
0.0,7.0,-968.0
-17.0,-76.0,-804.0
-21.0,-9.0,-880.0
0.0,52.0,-1030.0
15.0,-23.0,-1126.0
-66.0,72.0,-1081.0
-5.0,117.0,-1138.0
62.0,54.0,-1093.0
11.0,40.0,-999.0
-29.0,-29.0,-829.0
-33.0,-5.0,-901.0
15.0,15.0,-1007.0
-33.0,19.0,-1046.0
-37.0,87.0,-1061.0
13.0,117.0,-1173.0
56.0,122.0,-1134.0
52.0,-44.0,-1028.0
-35.0,-50.0,-829.0
-37.0,42.0,-843.0
40.0,25.0,-991.0
-40.0,-25.0,-1081.0
5.0,68.0,-1087.0
-21.0,99.0,-1157.0
42.0,81.0,-1147.0
-33.0,9.0,-944.0
-17.0,-15.0,-825.0
-21.0,5.0,-888.0
9.0,46.0,-987.0
-37.0,-5.0,-1069.0
1.0,15.0,-1098.0
-46.0,115.0,-1124.0
19.0,136.0,-1114.0
3.0,58.0,-1028.0
27.0,-40.0,-907.0
-46.0,-33.0,-886.0
-3.0,29.0,-938.0
-33.0,-21.0,-1013.0
-3.0,44.0,-1093.0
-68.0,85.0,-1118.0
27.0,107.0,-1173.0
5.0,33.0,-1059.0
23.0,-46.0,-864.0
-81.0,-9.0,-819.0
11.0,40.0,-966.0
9.0,-29.0,-1079.0
-23.0,103.0,-1093.0
-52.0,78.0,-1147.0
-3.0,132.0,-1104.0
25.0,13.0,-1067.0
-3.0,-39.0,-911.0
-74.0,9.0,-851.0
64.0,-11.0,-952.0
-52.0,25.0,-1013.0
11.0,15.0,-1079.0
-87.0,99.0,-1102.0
23.0,154.0,-1188.0
23.0,-7.0,-1059.0
31.0,-39.0,-936.0
-83.0,-17.0,-815.0
35.0,19.0,-892.0
-3.0,0.0,-1056.0
27.0,37.0,-1122.0
-72.0,87.0,-1110.0
11.0,122.0,-1126.0
31.0,35.0,-1046.0
23.0,-27.0,-923.0
-48.0,-42.0,-847.0
23.0,44.0,-919.0
5.0,-9.0,-1046.0
-25.0,50.0,-1081.0
-48.0,52.0,-1091.0
1.0,128.0,-1122.0
48.0,35.0,-1122.0
21.0,-42.0,-983.0
-64.0,-64.0,-847.0
17.0,35.0,-882.0
21.0,3.0,-1001.0
-44.0,33.0,-1063.0
-68.0,101.0,-1114.0
-7.0,111.0,-1151.0
105.0,17.0,-1155.0
-13.0,9.0,-940.0
-33.0,-56.0,-819.0
-21.0,31.0,-849.0
9.0,46.0,-1063.0
-17.0,5.0,-1122.0
-52.0,76.0,-1077.0
-23.0,154.0,-1118.0
56.0,13.0,-1116.0
-13.0,-15.0,-979.0
-44.0,-46.0,-853.0
-37.0,17.0,-874.0
-9.0,29.0,-1016.0
-78.0,15.0,-1030.0
-17.0,56.0,-1054.0
-11.0,91.0,-1179.0
15.0,130.0,-1149.0
19.0,-39.0,-1003.0
-54.0,-42.0,-812.0
-42.0,27.0,-839.0
33.0,17.0,-1013.0
-54.0,0.0,-1081.0
-17.0,50.0,-1087.0
-60.0,128.0,-1108.0
52.0,76.0,-1143.0
-7.0,17.0,-964.0
0.0,-39.0,-858.0
-25.0,0.0,-899.0
-15.0,37.0,-991.0
-1.0,-40.0,-1030.0
-11.0,42.0,-1061.0
-35.0,130.0,-1157.0
74.0,111.0,-1184.0
-7.0,13.0,-1038.0
-11.0,-29.0,-841.0
-66.0,-48.0,-845.0
58.0,13.0,-936.0
-5.0,-7.0,-1036.0
-11.0,105.0,-1073.0
-48.0,101.0,-1171.0
29.0,113.0,-1188.0
0.0,-42.0,-1040.0
19.0,-52.0,-813.0
-68.0,33.0,-819.0
76.0,25.0,-966.0
-31.0,-35.0,-1083.0
-19.0,62.0,-1106.0
-33.0,87.0,-1147.0
7.0,124.0,-1112.0
19.0,7.0,-1011.0
29.0,-35.0,-882.0
-46.0,-21.0,-880.0
-1.0,25.0,-946.0
-21.0,0.0,-1013.0
5.0,46.0,-1067.0
-72.0,70.0,-1155.0
35.0,121.0,-1165.0
21.0,29.0,-1073.0
15.0,-9.0,-894.0
-54.0,-66.0,-813.0
11.0,54.0,-880.0
39.0,-37.0,-1081.0
-17.0,74.0,-1108.0
-62.0,115.0,-1112.0
1.0,107.0,-1097.0
39.0,29.0,-1073.0
15.0,-37.0,-905.0
-23.0,-25.0,-872.0
11.0,9.0,-895.0
33.0,-27.0,-1034.0
-50.0,33.0,-1046.0
-52.0,91.0,-1134.0
-23.0,173.0,-1167.0
99.0,15.0,-1134.0
19.0,-37.0,-917.0
-60.0,-35.0,-823.0
19.0,-3.0,-866.0
-7.0,-5.0,-1005.0
-29.0,64.0,-1079.0
-58.0,122.0,-1147.0
11.0,113.0,-1179.0
70.0,-1.0,-1108.0
-1.0,-17.0,-905.0
-54.0,-29.0,-802.0
21.0,-9.0,-890.0
-1.0,44.0,-1057.0
-23.0,25.0,-1118.0
-66.0,80.0,-1126.0
-23.0,121.0,-1118.0
23.0,19.0,-1075.0
-7.0,-11.0,-956.0
-44.0,-40.0,-870.0
-1.0,13.0,-899.0
-23.0,13.0,-1007.0
-52.0,-7.0,-1061.0
-64.0,60.0,-1102.0
3.0,130.0,-1165.0
58.0,85.0,-1112.0
46.0,-50.0,-1001.0
-62.0,-17.0,-815.0
-5.0,9.0,-821.0
9.0,0.0,-1028.0
-48.0,15.0,-1114.0
-33.0,74.0,-1083.0
-7.0,138.0,-1104.0
23.0,80.0,-1153.0
25.0,-33.0,-985.0
-58.0,-48.0,-847.0
-1.0,17.0,-874.0
11.0,9.0,-999.0
-58.0,-1.0,-1046.0
-31.0,64.0,-1071.0
-21.0,163.0,-1173.0
81.0,44.0,-1186.0
0.0,-15.0,-1032.0
-44.0,-60.0,-790.0
-15.0,3.0,-825.0
0.0,-5.0,-956.0
-19.0,-1.0,-1069.0
-56.0,103.0,-1087.0
17.0,111.0,-1196.0
33.0,70.0,-1163.0
-11.0,-13.0,-977.0
-29.0,-46.0,-771.0
-37.0,46.0,-856.0
31.0,31.0,-1026.0
-48.0,-33.0,-1081.0
-15.0,25.0,-1085.0
0.0,117.0,-1147.0
25.0,124.0,-1104.0
25.0,42.0,-1001.0
56.0,-70.0,-854.0
25.0,-3.0,-901.0
111.0,21.0,-962.0
97.0,-1.0,-1028.0
167.0,21.0,-1038.0
103.0,89.0,-1190.0
267.0,150.0,-1157.0
236.0,21.0,-1044.0
269.0,-11.0,-872.0
224.0,-66.0,-845.0
370.0,78.0,-966.0
310.0,17.0,-1056.0
396.0,-5.0,-1083.0
294.0,111.0,-1097.0
445.0,142.0,-1179.0
447.0,150.0,-1018.0
474.0,-107.0,-847.0
394.0,-121.0,-882.0
521.0,62.0,-977.0
452.0,136.0,-962.0
468.0,37.0,-1048.0
407.0,-5.0,-1145.0
538.0,156.0,-1184.0
450.0,181.0,-1054.0
460.0,-91.0,-827.0
345.0,-152.0,-823.0
484.0,39.0,-921.0
335.0,171.0,-995.0
349.0,97.0,-1061.0
259.0,-70.0,-1192.0
327.0,183.0,-1147.0
304.0,140.0,-1003.0
251.0,-58.0,-856.0
162.0,-165.0,-849.0
240.0,95.0,-958.0
130.0,185.0,-1079.0
162.0,-48.0,-1095.0
25.0,-5.0,-1118.0
179.0,152.0,-1118.0
33.0,193.0,-985.0
124.0,-66.0,-954.0
-48.0,-173.0,-927.0
78.0,44.0,-929.0
-31.0,91.0,-976.0
-5.0,25.0,-1071.0
-64.0,-27.0,-1134.0
9.0,195.0,-1165.0
74.0,76.0,-1102.0
33.0,-42.0,-968.0
-48.0,-54.0,-825.0
0.0,-35.0,-868.0
58.0,33.0,-1052.0
-1.0,-3.0,-1130.0
-40.0,44.0,-1106.0
-17.0,187.0,-1108.0
81.0,7.0,-1139.0
25.0,-35.0,-938.0
0.0,-81.0,-829.0
11.0,-3.0,-895.0
29.0,35.0,-1020.0
-1.0,-5.0,-1052.0
-9.0,76.0,-1087.0
7.0,126.0,-1147.0
91.0,81.0,-1159.0
33.0,-3.0,-1001.0
40.0,-66.0,-813.0
23.0,46.0,-851.0
56.0,-3.0,-977.0
13.0,-19.0,-1079.0
33.0,29.0,-1102.0
35.0,140.0,-1134.0
111.0,136.0,-1095.0
54.0,-21.0,-991.0
9.0,-35.0,-853.0
37.0,44.0,-894.0
95.0,83.0,-1026.0
39.0,-80.0,-1071.0
-11.0,-3.0,-1042.0
1.0,95.0,-1048.0
97.0,165.0,-1085.0
58.0,50.0,-1091.0
27.0,-31.0,-952.0
0.0,-1.0,-890.0
80.0,21.0,-968.0
9.0,1.0,-981.0
40.0,3.0,-1057.0
-37.0,126.0,-1038.0
128.0,115.0,-1196.0
0.0,-9.0,-1089.0
56.0,-56.0,-913.0
-42.0,44.0,-845.0
126.0,23.0,-1020.0
-29.0,-3.0,-1036.0
1.0,-40.0,-1036.0
-83.0,162.0,-1034.0
87.0,99.0,-1145.0
23.0,50.0,-1091.0
-21.0,-5.0,-907.0
-21.0,-40.0,-933.0
48.0,80.0,-983.0
-11.0,-40.0,-1007.0
-76.0,3.0,-946.0
-15.0,68.0,-1149.0
0.0,126.0,-1136.0
19.0,66.0,-1149.0
-76.0,5.0,-886.0
-17.0,-50.0,-919.0
-15.0,101.0,-894.0
33.0,-50.0,-1075.0
-68.0,64.0,-968.0
-1.0,11.0,-1145.0
-25.0,109.0,-1089.0
60.0,35.0,-1114.0
-46.0,23.0,-845.0
9.0,-15.0,-983.0
0.0,25.0,-956.0
80.0,-25.0,-1046.0
-7.0,17.0,-974.0
-15.0,76.0,-1091.0
-9.0,93.0,-1087.0
95.0,68.0,-1118.0
21.0,21.0,-944.0
0.0,-17.0,-966.0
-17.0,5.0,-923.0
105.0,-58.0,-974.0
-29.0,23.0,-964.0
-68.0,121.0,-1085.0
23.0,35.0,-1147.0
35.0,95.0,-1114.0
105.0,-25.0,-983.0
-140.0,25.0,-856.0
87.0,13.0,-981.0
-7.0,0.0,-979.0
62.0,21.0,-1020.0
-119.0,80.0,-1005.0
64.0,89.0,-1165.0
54.0,27.0,-1083.0
72.0,-5.0,-1030.0
-111.0,-13.0,-872.0
124.0,-3.0,-999.0
-74.0,62.0,-964.0
40.0,-25.0,-964.0
-103.0,42.0,-1011.0
27.0,122.0,-1147.0
54.0,54.0,-1161.0
81.0,70.0,-1095.0
-115.0,-35.0,-854.0
111.0,-29.0,-929.0
-91.0,0.0,-907.0
150.0,-13.0,-1065.0
-89.0,37.0,-1020.0
62.0,44.0,-1124.0
21.0,99.0,-1104.0
80.0,54.0,-1108.0
-31.0,19.0,-901.0
144.0,-27.0,-923.0
-101.0,13.0,-1009.0
-29.0,-60.0,-1013.0
-93.0,85.0,-991.0
25.0,3.0,-1026.0
81.0,191.0,-1225.0
-46.0,23.0,-1138.0
35.0,-107.0,-997.0
-117.0,113.0,-720.0
152.0,27.0,-954.0
-99.0,39.0,-960.0
-64.0,-66.0,-1061.0
-3.0,74.0,-1007.0
44.0,66.0,-1323.0
-130.0,216.0,-1104.0
66.0,-121.0,-1015.0
-281.0,85.0,-724.0
93.0,0.0,-938.0
1.0,56.0,-1026.0
-78.0,-83.0,-1141.0
3.0,3.0,-1016.0
-87.0,245.0,-1100.0
156.0,101.0,-1198.0
-154.0,70.0,-950.0
56.0,-64.0,-856.0
97.0,-15.0,-835.0
-44.0,80.0,-1075.0
-35.0,-66.0,-985.0
-97.0,54.0,-1040.0
68.0,124.0,-1143.0
72.0,95.0,-1264.0
21.0,-17.0,-886.0
72.0,-35.0,-806.0
-48.0,13.0,-833.0
52.0,29.0,-1073.0
68.0,-40.0,-1102.0
-70.0,99.0,-1138.0
64.0,122.0,-1063.0
113.0,68.0,-1106.0
-31.0,-62.0,-1028.0
-37.0,-54.0,-841.0
56.0,111.0,-858.0
27.0,27.0,-1015.0
-33.0,13.0,-989.0
-31.0,-27.0,-1091.0
-93.0,111.0,-1114.0
97.0,244.0,-1141.0
111.0,-97.0,-1034.0
-89.0,-3.0,-835.0
-68.0,7.0,-813.0
-21.0,76.0,-976.0
115.0,15.0,-1081.0
-5.0,-50.0,-1153.0
-130.0,105.0,-1098.0
70.0,60.0,-1087.0
44.0,122.0,-1003.0
-31.0,-85.0,-884.0
-3.0,25.0,-868.0
25.0,48.0,-1005.0
-11.0,33.0,-1059.0
-46.0,-27.0,-1046.0
-60.0,117.0,-1005.0
177.0,74.0,-1114.0
89.0,134.0,-1083.0
-23.0,-132.0,-991.0
83.0,15.0,-872.0
5.0,50.0,-919.0
60.0,62.0,-1050.0
-111.0,-13.0,-1050.0
-9.0,37.0,-1075.0
97.0,206.0,-1093.0
119.0,64.0,-1175.0
-54.0,-191.0,-870.0
37.0,25.0,-769.0
-78.0,56.0,-995.0
89.0,39.0,-1102.0
-68.0,-31.0,-1063.0
19.0,25.0,-1030.0
-29.0,142.0,-1155.0
-35.0,126.0,-1114.0
0.0,-31.0,-958.0
-37.0,-15.0,-845.0
-50.0,93.0,-954.0
89.0,39.0,-944.0
11.0,-56.0,-1134.0
-109.0,101.0,-1007.0
13.0,-3.0,-1157.0
-52.0,199.0,-1071.0
-7.0,-85.0,-993.0
-117.0,-40.0,-798.0
-11.0,-13.0,-933.0
39.0,177.0,-1054.0
27.0,1.0,-1130.0
-50.0,29.0,-1040.0
89.0,95.0,-1116.0
-25.0,58.0,-1077.0
-23.0,21.0,-974.0
-85.0,-66.0,-895.0
5.0,17.0,-899.0
25.0,99.0,-1046.0
-29.0,-1.0,-1042.0
144.0,-33.0,-1042.0
111.0,111.0,-1087.0
17.0,93.0,-1110.0
-5.0,113.0,-1054.0
39.0,-3.0,-925.0
68.0,-50.0,-903.0
-42.0,226.0,-940.0
175.0,-195.0,-1110.0
-169.0,44.0,-1030.0
-113.0,89.0,-1102.0
15.0,142.0,-1073.0
-64.0,54.0,-1016.0
-44.0,-156.0,-895.0
27.0,46.0,-866.0
81.0,-44.0,-1016.0
-66.0,134.0,-1038.0
-99.0,39.0,-1143.0
-93.0,85.0,-1011.0
13.0,296.0,-1145.0
93.0,-21.0,-1056.0
-136.0,-29.0,-942.0
33.0,-105.0,-812.0
140.0,-64.0,-993.0
-64.0,220.0,-1024.0
-46.0,-29.0,-1079.0
-13.0,27.0,-1093.0
148.0,78.0,-1136.0
33.0,140.0,-1007.0
3.0,15.0,-909.0
103.0,-80.0,-882.0
-35.0,35.0,-917.0
146.0,107.0,-1071.0
-42.0,3.0,-1196.0
7.0,-40.0,-1057.0
70.0,31.0,-1040.0
25.0,165.0,-1028.0
-76.0,-85.0,-895.0
58.0,-95.0,-849.0
-13.0,136.0,-1001.0
-48.0,191.0,-1097.0
-35.0,-27.0,-1124.0
29.0,101.0,-1036.0
-9.0,-7.0,-1024.0
5.0,85.0,-1069.0
-78.0,-76.0,-946.0
39.0,-101.0,-952.0
-154.0,42.0,-897.0
85.0,44.0,-1042.0
-101.0,0.0,-1075.0
-48.0,74.0,-1056.0
-68.0,85.0,-993.0
113.0,115.0,-1233.0
-329.0,101.0,-1022.0
230.0,-128.0,-757.0
-60.0,187.0,-974.0
142.0,-19.0,-1069.0
72.0,-76.0,-1052.0
23.0,70.0,-1042.0
-146.0,23.0,-1138.0
-70.0,238.0,-1063.0
37.0,-23.0,-886.0
214.0,-70.0,-874.0
70.0,9.0,-985.0
-150.0,64.0,-1003.0
101.0,144.0,-1040.0
9.0,-5.0,-1104.0
-17.0,29.0,-1126.0
48.0,165.0,-1001.0
144.0,-95.0,-1040.0
-122.0,-66.0,-892.0
-48.0,-56.0,-1028.0
-97.0,199.0,-899.0
238.0,23.0,-1015.0
-70.0,29.0,-1132.0
-17.0,-17.0,-1138.0
-66.0,91.0,-1030.0
-81.0,255.0,-993.0
-13.0,-87.0,-970.0
1.0,-46.0,-929.0
31.0,56.0,-931.0
101.0,21.0,-1097.0
-138.0,80.0,-1110.0
-173.0,-68.0,-1050.0
0.0,212.0,-1038.0
111.0,29.0,-1067.0
-72.0,-78.0,-970.0
33.0,3.0,-800.0
37.0,0.0,-977.0
21.0,162.0,-1122.0
-97.0,33.0,-1097.0
-56.0,13.0,-1007.0
167.0,150.0,-1083.0
7.0,64.0,-1161.0
85.0,-13.0,-931.0
3.0,-144.0,-780.0
-15.0,173.0,-995.0
50.0,95.0,-1124.0
7.0,-13.0,-1073.0
-56.0,27.0,-979.0
101.0,50.0,-1061.0
64.0,199.0,-1009.0
-52.0,-152.0,-1054.0
-236.0,-140.0,-841.0
134.0,130.0,-888.0
11.0,152.0,-1180.0
-216.0,-3.0,-1227.0
162.0,-93.0,-981.0
130.0,165.0,-1038.0
-3.0,201.0,-1110.0
-60.0,-64.0,-938.0
-76.0,-81.0,-771.0
-11.0,119.0,-952.0
-35.0,132.0,-1149.0
-60.0,0.0,-1063.0
163.0,-72.0,-958.0
-9.0,9.0,-1065.0
39.0,132.0,-1098.0
-122.0,-15.0,-935.0
44.0,-95.0,-878.0
-56.0,85.0,-993.0
60.0,109.0,-1153.0
-33.0,-27.0,-1095.0
115.0,29.0,-940.0
-154.0,81.0,-1028.0
29.0,72.0,-1225.0
-177.0,23.0,-991.0
128.0,-185.0,-726.0
-87.0,201.0,-884.0
119.0,-7.0,-1073.0
60.0,5.0,-1173.0
-7.0,-35.0,-1077.0
-271.0,156.0,-1038.0
64.0,261.0,-989.0
214.0,-91.0,-1153.0
95.0,-117.0,-917.0
-206.0,-13.0,-675.0
134.0,210.0,-936.0
-29.0,212.0,-1434.0
-25.0,-306.0,-1208.0
-197.0,29.0,-673.0
300.0,140.0,-968.0
-240.0,242.0,-1298.0
54.0,-284.0,-948.0
15.0,-101.0,-607.0
132.0,165.0,-948.0
-37.0,325.0,-1442.0
181.0,-19.0,-1208.0
-251.0,-150.0,-763.0
304.0,130.0,-938.0
-99.0,353.0,-1374.0
160.0,-251.0,-864.0
-380.0,-355.0,-581.0
179.0,134.0,-1038.0
-7.0,482.0,-1409.0
78.0,-273.0,-1106.0
-511.0,-201.0,-704.0
382.0,179.0,-1087.0
-306.0,562.0,-1405.0
265.0,-400.0,-935.0
-587.0,-78.0,-603.0
525.0,35.0,-1032.0
-173.0,421.0,-1432.0
42.0,-283.0,-1102.0
-542.0,62.0,-763.0
527.0,126.0,-919.0
-76.0,277.0,-1432.0
74.0,-144.0,-1009.0
-292.0,-335.0,-573.0
277.0,245.0,-778.0
-56.0,493.0,-1403.0
31.0,-210.0,-1114.0
-206.0,-72.0,-851.0
134.0,83.0,-851.0
-76.0,366.0,-1497.0
242.0,-89.0,-1001.0
-249.0,-146.0,-614.0
72.0,-5.0,-753.0
-64.0,191.0,-1356.0
115.0,-23.0,-1177.0
-302.0,-15.0,-866.0
46.0,101.0,-886.0
-78.0,251.0,-1315.0
193.0,19.0,-1167.0
-91.0,-109.0,-788.0
-48.0,130.0,-630.0
37.0,-15.0,-1132.0
56.0,165.0,-1177.0
-13.0,-105.0,-1136.0
-74.0,197.0,-833.0
-46.0,19.0,-1175.0
144.0,361.0,-1145.0
19.0,-242.0,-895.0
-46.0,0.0,-499.0
-109.0,-11.0,-1065.0
206.0,349.0,-1255.0
33.0,-249.0,-1286.0
-331.0,187.0,-810.0
-46.0,-50.0,-1022.0
320.0,368.0,-1253.0
165.0,-218.0,-1052.0
-203.0,-160.0,-618.0
-228.0,60.0,-843.0
472.0,271.0,-1290.0
-13.0,-11.0,-1436.0
-286.0,-154.0,-892.0
80.0,42.0,-732.0
261.0,388.0,-1262.0
-197.0,-146.0,-1159.0
-117.0,-339.0,-632.0
33.0,160.0,-601.0
335.0,363.0,-1452.0
-201.0,-5.0,-1438.0
-269.0,-361.0,-903.0
177.0,101.0,-568.0
177.0,413.0,-1276.0
-83.0,-85.0,-1196.0
-136.0,-406.0,-683.0
-95.0,140.0,-651.0
197.0,402.0,-1403.0
-76.0,-89.0,-1387.0
-83.0,-329.0,-819.0
154.0,72.0,-610.0
15.0,540.0,-1319.0
97.0,-115.0,-1241.0
-312.0,-372.0,-757.0
201.0,80.0,-554.0
35.0,382.0,-1301.0
101.0,91.0,-1342.0
-105.0,-406.0,-960.0
134.0,230.0,-722.0
-31.0,245.0,-1120.0
78.0,21.0,-1122.0
-113.0,-203.0,-798.0
224.0,-76.0,-759.0
42.0,415.0,-1100.0
290.0,-81.0,-1301.0
-353.0,-58.0,-985.0
228.0,-74.0,-1016.0
-181.0,306.0,-960.0
365.0,-87.0,-974.0
-238.0,-13.0,-979.0
259.0,-68.0,-927.0
-150.0,109.0,-1073.0
3.0,138.0,-1093.0
-284.0,21.0,-1260.0
372.0,25.0,-868.0
-87.0,25.0,-1013.0
-50.0,160.0,-917.0
-234.0,109.0,-1108.0
144.0,-138.0,-862.0
-119.0,-70.0,-946.0
-181.0,113.0,-1311.0
203.0,222.0,-1048.0
357.0,87.0,-1032.0
-357.0,-177.0,-1075.0
-189.0,70.0,-825.0
197.0,195.0,-786.0
378.0,-128.0,-1157.0
-499.0,44.0,-1173.0
70.0,-64.0,-802.0
396.0,386.0,-1011.0
-42.0,-5.0,-1391.0
-380.0,-242.0,-985.0
17.0,-1.0,-616.0
372.0,81.0,-1143.0
-138.0,-48.0,-1216.0
-179.0,37.0,-933.0
130.0,64.0,-796.0
163.0,292.0,-1231.0
-58.0,0.0,-1407.0
-167.0,-29.0,-987.0
-101.0,-42.0,-595.0
242.0,152.0,-1036.0
-91.0,-7.0,-1262.0
-35.0,-48.0,-921.0
-48.0,-31.0,-712.0
214.0,292.0,-1200.0
-245.0,15.0,-1333.0
-27.0,-154.0,-964.0
-247.0,0.0,-599.0
240.0,216.0,-1173.0
-68.0,122.0,-1120.0
-87.0,-335.0,-1009.0
-201.0,140.0,-716.0
300.0,197.0,-1257.0
-162.0,296.0,-1335.0
0.0,-286.0,-872.0
66.0,-187.0,-743.0
9.0,476.0,-944.0
185.0,-156.0,-1259.0
-253.0,-21.0,-825.0
70.0,0.0,-886.0
109.0,325.0,-1227.0
-132.0,42.0,-1362.0
-33.0,-261.0,-735.0
300.0,31.0,-716.0
113.0,261.0,-1194.0
-230.0,119.0,-1159.0
132.0,-400.0,-813.0
3.0,191.0,-806.0
-1.0,296.0,-1303.0
-257.0,42.0,-1141.0
247.0,-119.0,-815.0
68.0,39.0,-960.0
-234.0,99.0,-1169.0
85.0,-31.0,-1059.0
201.0,-277.0,-661.0
132.0,201.0,-884.0
-11.0,199.0,-1434.0
-322.0,-107.0,-1065.0
443.0,-3.0,-952.0
-140.0,400.0,-925.0
162.0,-117.0,-1216.0
-134.0,-3.0,-776.0
363.0,-228.0,-897.0
-89.0,242.0,-952.0
-121.0,169.0,-1296.0
-87.0,-189.0,-985.0
415.0,-40.0,-905.0
-142.0,271.0,-1085.0
-146.0,-7.0,-1108.0
-150.0,-56.0,-743.0
515.0,-126.0,-946.0
-366.0,525.0,-1116.0
-97.0,-31.0,-1286.0
-134.0,-80.0,-839.0
616.0,-199.0,-1114.0
-583.0,396.0,-1063.0
-23.0,-216.0,-987.0
-21.0,0.0,-632.0
370.0,-251.0,-1180.0
-763.0,462.0,-1229.0
101.0,-42.0,-1063.0
290.0,40.0,-866.0
347.0,25.0,-1233.0
-413.0,212.0,-1128.0
216.0,-19.0,-808.0
122.0,66.0,-761.0
101.0,-122.0,-1262.0
-493.0,197.0,-1120.0
228.0,-80.0,-886.0
165.0,-3.0,-931.0
146.0,-3.0,-1259.0
-532.0,126.0,-1011.0
177.0,-17.0,-796.0
87.0,66.0,-815.0
87.0,-35.0,-1259.0
-462.0,247.0,-962.0
173.0,83.0,-884.0
177.0,-31.0,-1157.0
-54.0,-87.0,-1348.0
-384.0,85.0,-925.0
70.0,126.0,-628.0
240.0,-52.0,-1034.0
-148.0,-85.0,-1276.0
-222.0,19.0,-884.0
113.0,261.0,-790.0
236.0,132.0,-1200.0
-121.0,-76.0,-1296.0
-244.0,142.0,-936.0
142.0,121.0,-702.0
138.0,66.0,-1075.0
-60.0,-136.0,-1243.0
-138.0,-21.0,-845.0
130.0,220.0,-763.0
121.0,23.0,-1296.0
-150.0,13.0,-1243.0
-5.0,-134.0,-915.0
5.0,234.0,-663.0
212.0,81.0,-1112.0
-144.0,-150.0,-1136.0
-193.0,76.0,-864.0
368.0,124.0,-849.0
238.0,130.0,-1497.0
-341.0,-251.0,-1169.0
29.0,-13.0,-788.0
124.0,208.0,-788.0
162.0,146.0,-1239.0
-158.0,-226.0,-1034.0
95.0,-107.0,-772.0
60.0,232.0,-915.0
-15.0,288.0,-1372.0
-279.0,-290.0,-1212.0
35.0,29.0,-687.0
105.0,183.0,-849.0
146.0,238.0,-1288.0
-224.0,-392.0,-1042.0
162.0,-58.0,-620.0
87.0,234.0,-1028.0
-173.0,279.0,-1399.0
-322.0,-316.0,-1182.0
267.0,-37.0,-745.0
-89.0,300.0,-888.0
68.0,284.0,-1091.0
-255.0,-359.0,-993.0
370.0,-148.0,-876.0
-214.0,244.0,-958.0
-46.0,230.0,-1380.0
-226.0,-275.0,-1056.0
365.0,13.0,-942.0
-175.0,236.0,-907.0
33.0,60.0,-1206.0
-74.0,-93.0,-854.0
370.0,5.0,-927.0
-105.0,259.0,-909.0
-103.0,-19.0,-1327.0
-50.0,162.0,-964.0
277.0,-152.0,-1067.0
-228.0,40.0,-897.0
-72.0,39.0,-952.0
183.0,97.0,-907.0
66.0,-204.0,-1067.0
-234.0,122.0,-1057.0
-44.0,93.0,-1073.0
197.0,173.0,-1089.0
46.0,-66.0,-1081.0
-203.0,9.0,-942.0
-11.0,85.0,-839.0
222.0,81.0,-1147.0
-25.0,-226.0,-1046.0
-251.0,78.0,-864.0
-23.0,64.0,-897.0
218.0,187.0,-1282.0
-136.0,91.0,-1220.0
-70.0,-134.0,-784.0
-46.0,83.0,-772.0
204.0,154.0,-1231.0
-19.0,-11.0,-1143.0
-66.0,-121.0,-774.0
-46.0,187.0,-901.0
119.0,72.0,-1274.0
-64.0,68.0,-1198.0
-60.0,-226.0,-796.0
-115.0,99.0,-745.0
294.0,191.0,-1124.0
66.0,19.0,-1212.0
-130.0,-179.0,-812.0
9.0,50.0,-847.0
208.0,142.0,-1268.0
-117.0,204.0,-1270.0
-33.0,-177.0,-813.0
-68.0,-31.0,-831.0
212.0,64.0,-1239.0
-101.0,99.0,-1157.0
1.0,23.0,-683.0
-56.0,-74.0,-915.0
74.0,224.0,-1282.0
62.0,156.0,-1167.0
78.0,-169.0,-757.0
-320.0,113.0,-884.0
126.0,-15.0,-1122.0
-72.0,349.0,-1120.0
154.0,-361.0,-782.0
-189.0,81.0,-868.0
167.0,105.0,-1173.0
-7.0,25.0,-1303.0
-115.0,91.0,-931.0
-162.0,-70.0,-884.0
140.0,156.0,-1075.0
80.0,56.0,-1143.0
-21.0,-140.0,-821.0
-187.0,165.0,-819.0
269.0,17.0,-1276.0
-109.0,136.0,-1286.0
97.0,-111.0,-919.0
-130.0,99.0,-794.0
234.0,115.0,-1065.0
1.0,62.0,-1108.0
103.0,-134.0,-864.0
-222.0,191.0,-817.0
124.0,62.0,-1276.0
-11.0,130.0,-1282.0
218.0,-134.0,-874.0
-173.0,95.0,-798.0
21.0,130.0,-979.0
21.0,15.0,-1161.0
19.0,-81.0,-1018.0
-249.0,54.0,-829.0
224.0,89.0,-1100.0
122.0,132.0,-1247.0
-7.0,-81.0,-981.0
-413.0,23.0,-899.0
119.0,60.0,-1020.0
140.0,33.0,-1278.0
39.0,-48.0,-853.0
-128.0,-80.0,-796.0
91.0,214.0,-1001.0
11.0,156.0,-1372.0
23.0,35.0,-1042.0
-195.0,-13.0,-769.0
39.0,136.0,-845.0
206.0,44.0,-1223.0
-50.0,-85.0,-1069.0
-244.0,74.0,-798.0
11.0,5.0,-985.0
87.0,97.0,-1356.0
78.0,60.0,-1097.0
-97.0,-91.0,-772.0
-3.0,136.0,-870.0
124.0,11.0,-1206.0
-74.0,269.0,-1061.0
3.0,-160.0,-810.0
-95.0,128.0,-1001.0
171.0,-56.0,-1262.0
66.0,111.0,-1171.0
-121.0,-31.0,-812.0
-121.0,-87.0,-864.0
156.0,95.0,-1134.0
44.0,-60.0,-1122.0
-249.0,162.0,-784.0
31.0,76.0,-1061.0
85.0,11.0,-1282.0
85.0,162.0,-1177.0
-195.0,5.0,-800.0
-70.0,56.0,-784.0
181.0,60.0,-1163.0
-39.0,-52.0,-1149.0
-107.0,-13.0,-774.0
-113.0,13.0,-921.0
179.0,70.0,-1259.0
-138.0,72.0,-1173.0
-64.0,-105.0,-772.0
-173.0,95.0,-874.0
288.0,122.0,-1251.0
-56.0,-48.0,-1130.0
-72.0,-39.0,-712.0
-107.0,3.0,-940.0
224.0,167.0,-1300.0
-156.0,89.0,-1274.0
-66.0,-152.0,-845.0
-132.0,-33.0,-698.0
345.0,245.0,-1145.0
-56.0,-13.0,-1198.0
11.0,-134.0,-792.0
-80.0,103.0,-790.0
273.0,142.0,-1356.0
-66.0,177.0,-1298.0
33.0,-173.0,-747.0
74.0,29.0,-708.0
181.0,152.0,-1229.0
-21.0,-72.0,-1204.0
-124.0,85.0,-665.0
76.0,-68.0,-886.0
31.0,193.0,-1444.0
-191.0,-128.0,-1259.0
35.0,175.0,-659.0
-17.0,-31.0,-829.0
-60.0,11.0,-1214.0
-81.0,-19.0,-1095.0
115.0,146.0,-753.0
-113.0,0.0,-999.0
-89.0,-7.0,-1385.0
-103.0,-9.0,-1188.0
138.0,107.0,-769.0
-78.0,-11.0,-813.0
-48.0,5.0,-1206.0
62.0,-54.0,-1169.0
-15.0,177.0,-810.0
-56.0,23.0,-903.0
-142.0,-54.0,-1272.0
52.0,3.0,-1141.0
-25.0,244.0,-919.0
-27.0,-31.0,-950.0
-179.0,-13.0,-1120.0
187.0,-99.0,-1075.0
-58.0,214.0,-772.0
9.0,-148.0,-979.0
-365.0,85.0,-1214.0
132.0,-29.0,-1216.0
201.0,232.0,-856.0
-83.0,72.0,-942.0
-134.0,-181.0,-1079.0
222.0,56.0,-979.0
25.0,130.0,-925.0
-46.0,60.0,-1020.0
-263.0,-5.0,-1114.0
286.0,-23.0,-1190.0
-40.0,136.0,-987.0
-81.0,64.0,-882.0
-130.0,-101.0,-1003.0
232.0,19.0,-1036.0
-70.0,152.0,-913.0
-154.0,109.0,-956.0
-212.0,62.0,-1159.0
380.0,-119.0,-1098.0
-54.0,320.0,-1065.0
-111.0,-56.0,-892.0
-165.0,-95.0,-909.0
191.0,3.0,-936.0
189.0,144.0,-1079.0
-240.0,74.0,-917.0
7.0,-72.0,-1132.0
242.0,-66.0,-1083.0
-66.0,275.0,-1169.0
-158.0,119.0,-812.0
-31.0,-99.0,-862.0
345.0,62.0,-1001.0
78.0,173.0,-1190.0
-167.0,15.0,-929.0
-44.0,-11.0,-886.0
370.0,-95.0,-1052.0
-27.0,201.0,-1194.0
-111.0,95.0,-977.0
-119.0,62.0,-675.0
653.0,-245.0,-1059.0
-201.0,320.0,-1179.0
-89.0,-140.0,-1016.0
3.0,191.0,-603.0
513.0,-204.0,-1169.0
-89.0,251.0,-1411.0
-368.0,62.0,-1034.0
56.0,93.0,-552.0
528.0,-388.0,-1132.0
-421.0,378.0,-1352.0
-80.0,-85.0,-880.0
101.0,195.0,-546.0
353.0,-240.0,-1239.0
-290.0,230.0,-1518.0
-392.0,199.0,-880.0
351.0,-35.0,-655.0
56.0,-80.0,-1052.0
-177.0,140.0,-1440.0
-335.0,183.0,-661.0
355.0,-140.0,-714.0
-54.0,-15.0,-1294.0
-226.0,5.0,-1610.0
-265.0,222.0,-761.0
431.0,-263.0,-704.0
-269.0,206.0,-1141.0
-353.0,-50.0,-1356.0
160.0,251.0,-597.0
271.0,-201.0,-765.0
-111.0,85.0,-1559.0
-351.0,81.0,-1239.0
374.0,-105.0,-851.0
-144.0,327.0,-624.0
-83.0,-111.0,-1383.0
-179.0,83.0,-1013.0
480.0,-68.0,-854.0
-232.0,80.0,-821.0
-181.0,181.0,-1378.0
-146.0,-144.0,-1231.0
622.0,150.0,-864.0
-257.0,-226.0,-856.0
-370.0,378.0,-1106.0
52.0,-245.0,-993.0
325.0,83.0,-854.0
-251.0,13.0,-997.0
-27.0,-50.0,-1253.0
21.0,31.0,-1050.0
78.0,-17.0,-1075.0
-244.0,288.0,-929.0
-167.0,50.0,-962.0
325.0,-318.0,-1032.0
11.0,429.0,-917.0
7.0,-173.0,-1081.0
-228.0,388.0,-1061.0
17.0,-417.0,-1073.0
355.0,240.0,-989.0
-175.0,64.0,-942.0
-91.0,74.0,-931.0
-189.0,-160.0,-962.0
277.0,-3.0,-1091.0
-343.0,245.0,-933.0
-44.0,124.0,-1110.0
50.0,-169.0,-997.0
384.0,62.0,-1243.0
-304.0,124.0,-956.0
97.0,19.0,-899.0
-11.0,-13.0,-866.0
468.0,-76.0,-1163.0
-454.0,64.0,-1015.0
-64.0,126.0,-913.0
333.0,-74.0,-1044.0
224.0,197.0,-1317.0
-417.0,-101.0,-929.0
-27.0,117.0,-702.0
419.0,95.0,-1044.0
212.0,-117.0,-1260.0
-622.0,222.0,-890.0
279.0,-70.0,-749.0
507.0,167.0,-1163.0
-11.0,25.0,-1454.0
-509.0,-111.0,-761.0
273.0,-15.0,-503.0
327.0,85.0,-1143.0
-339.0,160.0,-1387.0
-204.0,-136.0,-772.0
167.0,-1.0,-534.0
363.0,259.0,-1391.0
-263.0,64.0,-1551.0
-269.0,-150.0,-618.0
296.0,-99.0,-591.0
148.0,325.0,-1303.0
-189.0,-95.0,-1407.0
-81.0,-25.0,-511.0
468.0,-115.0,-714.0
167.0,468.0,-1534.0
-433.0,-324.0,-1298.0
56.0,255.0,-560.0
193.0,-185.0,-765.0
111.0,265.0,-1421.0
-324.0,-17.0,-1093.0
335.0,191.0,-532.0
230.0,-204.0,-821.0
-109.0,204.0,-1588.0
-298.0,-158.0,-1272.0
167.0,294.0,-581.0
132.0,-271.0,-862.0
-25.0,148.0,-1374.0
-142.0,-113.0,-1075.0
140.0,273.0,-583.0
3.0,-91.0,-989.0
-199.0,42.0,-1378.0
-27.0,-146.0,-1221.0
-80.0,376.0,-659.0
244.0,-206.0,-976.0
-171.0,140.0,-1182.0
15.0,-173.0,-1141.0
37.0,185.0,-628.0
-78.0,-13.0,-1009.0
-111.0,89.0,-1325.0
64.0,-83.0,-1309.0
-81.0,263.0,-708.0
117.0,-66.0,-942.0
-333.0,189.0,-1087.0
396.0,-269.0,-1147.0
-242.0,325.0,-554.0
199.0,-70.0,-1026.0
-283.0,117.0,-1284.0
212.0,-142.0,-1286.0
-158.0,173.0,-776.0
109.0,87.0,-862.0
-160.0,35.0,-1030.0
242.0,-107.0,-1157.0
-169.0,261.0,-853.0
126.0,-93.0,-1003.0
-111.0,222.0,-1063.0
183.0,-97.0,-1204.0
58.0,0.0,-944.0
-257.0,128.0,-853.0
7.0,15.0,-1194.0
95.0,99.0,-1083.0
31.0,-11.0,-802.0
44.0,-31.0,-897.0
-257.0,56.0,-1346.0
117.0,9.0,-1093.0
58.0,300.0,-1046.0
-146.0,179.0,-815.0
48.0,-214.0,-1196.0
56.0,115.0,-794.0
144.0,72.0,-970.0
-191.0,132.0,-917.0
-247.0,-93.0,-1188.0
327.0,-78.0,-1077.0
-5.0,173.0,-991.0
-146.0,76.0,-897.0
-33.0,-81.0,-1124.0
240.0,78.0,-1007.0
42.0,29.0,-1003.0
-400.0,247.0,-823.0
160.0,-60.0,-1128.0
501.0,-64.0,-1132.0
-179.0,80.0,-1139.0
-214.0,115.0,-905.0
-193.0,-119.0,-868.0
238.0,68.0,-1122.0
-54.0,-44.0,-1024.0
-277.0,25.0,-726.0
33.0,35.0,-1009.0
290.0,111.0,-1315.0
-331.0,156.0,-1225.0
-341.0,-68.0,-772.0
-318.0,101.0,-784.0
224.0,124.0,-1155.0
-271.0,-81.0,-1184.0
-406.0,-72.0,-823.0
-187.0,-83.0,-778.0
113.0,152.0,-1321.0
-657.0,230.0,-1186.0
-314.0,-93.0,-817.0
-484.0,160.0,-728.0
193.0,-72.0,-1206.0
-501.0,203.0,-1036.0
-452.0,-136.0,-825.0
-331.0,85.0,-786.0
-3.0,-140.0,-1407.0
-513.0,70.0,-1253.0
-691.0,234.0,-710.0
-74.0,-44.0,-745.0
-62.0,-177.0,-1276.0
-413.0,-3.0,-1177.0
-499.0,167.0,-673.0
-50.0,66.0,-853.0
-281.0,19.0,-1389.0
-542.0,-3.0,-1301.0
-245.0,91.0,-710.0
-292.0,-37.0,-808.0
-304.0,-3.0,-1298.0
-372.0,-37.0,-1112.0
-240.0,66.0,-593.0
-460.0,-58.0,-882.0
-482.0,121.0,-1436.0
-560.0,76.0,-1241.0
-130.0,-136.0,-745.0
-577.0,253.0,-786.0
-138.0,-85.0,-1298.0
-460.0,244.0,-985.0
-97.0,-206.0,-741.0
-429.0,146.0,-866.0
-167.0,-56.0,-1493.0
-228.0,160.0,-1126.0
11.0,-208.0,-870.0
-361.0,201.0,-892.0
-83.0,-42.0,-1282.0
-80.0,255.0,-1054.0
-48.0,-240.0,-843.0
-462.0,115.0,-882.0
-173.0,66.0,-1253.0
-60.0,185.0,-1132.0
281.0,-171.0,-933.0
-290.0,181.0,-1001.0
251.0,-7.0,-1106.0
425.0,126.0,-954.0
327.0,-132.0,-837.0
5.0,9.0,-853.0
199.0,60.0,-1155.0
427.0,283.0,-1108.0
382.0,-15.0,-1214.0
56.0,33.0,-1013.0
175.0,56.0,-1001.0
386.0,152.0,-1015.0
154.0,-128.0,-977.0
-232.0,17.0,-819.0
42.0,-60.0,-1036.0
169.0,201.0,-1179.0
156.0,-58.0,-1059.0
-288.0,50.0,-991.0
-101.0,40.0,-938.0
89.0,121.0,-952.0
-46.0,7.0,-921.0
-406.0,68.0,-886.0
-83.0,-44.0,-1063.0
40.0,54.0,-1268.0
-85.0,1.0,-1136.0
-347.0,64.0,-1003.0
-107.0,33.0,-853.0
80.0,50.0,-1001.0
-122.0,-60.0,-972.0
-400.0,56.0,-866.0
-56.0,-44.0,-1020.0
78.0,140.0,-1272.0
-54.0,-25.0,-1194.0
-335.0,40.0,-862.0
-74.0,76.0,-866.0
185.0,76.0,-1130.0
-101.0,-121.0,-1081.0
-296.0,-167.0,-749.0
9.0,-19.0,-946.0
132.0,193.0,-1262.0
21.0,33.0,-1257.0
-214.0,-19.0,-847.0
48.0,58.0,-864.0
138.0,150.0,-1108.0
-40.0,-101.0,-1003.0
-162.0,-146.0,-689.0
-13.0,13.0,-903.0
224.0,158.0,-1319.0
76.0,46.0,-1350.0
-206.0,-42.0,-854.0
-44.0,39.0,-767.0
240.0,156.0,-1151.0
15.0,-66.0,-1073.0
-206.0,-40.0,-724.0
-72.0,7.0,-866.0
208.0,191.0,-1303.0
0.0,27.0,-1319.0
-245.0,13.0,-886.0
-9.0,13.0,-825.0
210.0,95.0,-1098.0
-37.0,-13.0,-1042.0
-173.0,1.0,-710.0
48.0,-68.0,-878.0
226.0,175.0,-1352.0
-17.0,76.0,-1354.0
-167.0,68.0,-868.0
54.0,-15.0,-804.0
191.0,144.0,-1046.0
-31.0,-7.0,-1015.0
-167.0,-23.0,-726.0
39.0,-66.0,-933.0
238.0,130.0,-1303.0
-7.0,35.0,-1292.0
-158.0,58.0,-854.0
76.0,5.0,-853.0
187.0,148.0,-1130.0
-21.0,-25.0,-1089.0
-154.0,-44.0,-692.0
70.0,-35.0,-892.0
201.0,183.0,-1313.0
-21.0,58.0,-1356.0
-171.0,-25.0,-880.0
15.0,17.0,-835.0
179.0,119.0,-1116.0
-66.0,-70.0,-1038.0
-179.0,-81.0,-673.0
1.0,0.0,-870.0
222.0,175.0,-1393.0
-111.0,39.0,-1401.0
-179.0,-19.0,-833.0
-93.0,81.0,-790.0
173.0,179.0,-1165.0
-50.0,-70.0,-1104.0
-158.0,-95.0,-665.0
-37.0,13.0,-858.0
199.0,187.0,-1327.0
-13.0,19.0,-1405.0
-201.0,-44.0,-794.0
-42.0,17.0,-765.0
162.0,242.0,-1136.0
-66.0,54.0,-1085.0
-40.0,-117.0,-692.0
-62.0,25.0,-911.0
189.0,148.0,-1370.0
-52.0,23.0,-1368.0
-130.0,-76.0,-778.0
-66.0,0.0,-716.0
160.0,193.0,-1112.0
-7.0,27.0,-1157.0
-66.0,-64.0,-761.0
-27.0,31.0,-895.0
181.0,121.0,-1315.0
-48.0,128.0,-1300.0
-122.0,-66.0,-778.0
-21.0,-37.0,-776.0
148.0,210.0,-1173.0
56.0,-17.0,-1175.0
-93.0,-85.0,-741.0
-21.0,-21.0,-927.0
124.0,113.0,-1292.0
-33.0,177.0,-1298.0
-87.0,-111.0,-786.0
-50.0,31.0,-753.0
148.0,163.0,-1139.0
29.0,23.0,-1167.0
-58.0,-66.0,-749.0
-15.0,0.0,-933.0
99.0,148.0,-1329.0
-50.0,42.0,-1298.0
-78.0,-113.0,-751.0
-74.0,29.0,-739.0
146.0,163.0,-1196.0
-13.0,80.0,-1225.0
-39.0,-83.0,-784.0
-39.0,11.0,-899.0
89.0,156.0,-1241.0
-78.0,72.0,-1247.0
-1.0,-119.0,-792.0
-70.0,3.0,-802.0
158.0,152.0,-1223.0
-58.0,80.0,-1147.0
15.0,-134.0,-749.0
-103.0,66.0,-888.0
107.0,167.0,-1319.0
-85.0,62.0,-1235.0
25.0,-66.0,-812.0
-97.0,0.0,-769.0
122.0,154.0,-1192.0
-72.0,74.0,-1157.0
93.0,-130.0,-804.0
-162.0,31.0,-851.0
68.0,138.0,-1276.0
-91.0,46.0,-1196.0
72.0,-105.0,-835.0
-89.0,9.0,-821.0
130.0,203.0,-1186.0
0.0,15.0,-1132.0
46.0,-91.0,-784.0
-163.0,-5.0,-870.0
15.0,175.0,-1286.0
-44.0,25.0,-1239.0
87.0,-60.0,-827.0
-87.0,-21.0,-819.0
89.0,171.0,-1134.0
-11.0,5.0,-1112.0
15.0,-50.0,-821.0
-171.0,-11.0,-919.0
-27.0,173.0,-1249.0
68.0,37.0,-1257.0
48.0,-80.0,-810.0
-101.0,-35.0,-825.0
21.0,216.0,-1100.0
33.0,25.0,-1151.0
5.0,-109.0,-866.0
-179.0,9.0,-927.0
-35.0,169.0,-1151.0
64.0,52.0,-1198.0
76.0,-76.0,-874.0
-119.0,-58.0,-874.0
-447.0,204.0,-1124.0
0.0,89.0,-974.0
-298.0,-173.0,-913.0
-499.0,52.0,-942.0
-929.0,201.0,-1262.0
-687.0,80.0,-1264.0
-890.0,-177.0,-872.0
-1380.0,-87.0,-966.0
-1247.0,185.0,-858.0
-1272.0,191.0,-1016.0
-1153.0,-152.0,-851.0
-1713.0,-113.0,-1015.0
-1303.0,275.0,-1067.0
-1430.0,150.0,-1141.0
-1311.0,-212.0,-997.0
-1583.0,-224.0,-892.0
-1350.0,302.0,-997.0
-1255.0,277.0,-1032.0
-1210.0,-179.0,-1073.0
-1331.0,-124.0,-972.0
-1239.0,236.0,-1235.0
-919.0,320.0,-1307.0
-987.0,-349.0,-1167.0
-1188.0,-236.0,-733.0
-1130.0,232.0,-901.0
-761.0,421.0,-1198.0
-728.0,-333.0,-1259.0
-1128.0,-306.0,-806.0
-968.0,388.0,-1007.0
-482.0,351.0,-1391.0
-636.0,-372.0,-1204.0
-1069.0,-318.0,-560.0
-847.0,304.0,-804.0
-650.0,472.0,-1284.0
-798.0,-300.0,-1179.0
-1290.0,-341.0,-724.0
-1009.0,251.0,-940.0
-895.0,488.0,-1186.0
-1087.0,-242.0,-1091.0
-1612.0,-435.0,-726.0
-1352.0,136.0,-804.0
-1208.0,491.0,-1102.0
-1397.0,-52.0,-1075.0
-1600.0,-363.0,-876.0
-1315.0,222.0,-995.0
-1126.0,507.0,-1210.0
-1415.0,-191.0,-1128.0
-1651.0,-423.0,-739.0
-1508.0,85.0,-899.0
-1307.0,534.0,-1143.0
-1524.0,-89.0,-1259.0
-1526.0,-308.0,-987.0
-1419.0,197.0,-1059.0
-1056.0,419.0,-1247.0
-1200.0,-60.0,-1196.0
-1276.0,-468.0,-702.0
-1225.0,91.0,-763.0
-1001.0,404.0,-1139.0
-1116.0,-130.0,-1342.0
-1309.0,-396.0,-874.0
-1249.0,236.0,-1056.0
-974.0,513.0,-1403.0
-1098.0,-187.0,-1268.0
-1409.0,-527.0,-589.0
-1348.0,345.0,-482.0
-1141.0,351.0,-1139.0
-1165.0,-261.0,-1309.0
-1434.0,-569.0,-894.0
-1342.0,249.0,-909.0
-1095.0,573.0,-1421.0
-1161.0,-265.0,-1292.0
-1579.0,-265.0,-505.0
-1389.0,105.0,-439.0
-1139.0,488.0,-1231.0
-1270.0,-212.0,-1417.0
-1581.0,-620.0,-907.0
-1606.0,503.0,-1042.0
-1333.0,445.0,-1493.0
-1499.0,-81.0,-1216.0
-1501.0,-601.0,-466.0
-1579.0,236.0,-632.0
-1376.0,392.0,-1212.0
-1499.0,-40.0,-1303.0
-1305.0,-415.0,-858.0
-1354.0,232.0,-1001.0
-1077.0,363.0,-1325.0
-1305.0,-103.0,-1202.0
-1374.0,-370.0,-661.0
-1436.0,292.0,-669.0
-1403.0,478.0,-1260.0
-1339.0,-83.0,-1309.0
-1454.0,-536.0,-901.0
-1672.0,273.0,-940.0
-1198.0,228.0,-1192.0
-1272.0,253.0,-1241.0
-1210.0,-466.0,-568.0
-1700.0,119.0,-724.0
-876.0,-29.0,-1015.0
-1426.0,3.0,-1358.0
-1194.0,-177.0,-798.0
-1547.0,322.0,-1032.0
-929.0,201.0,-1290.0
-1348.0,76.0,-1424.0
-1194.0,-327.0,-542.0
-1659.0,201.0,-728.0
-1132.0,-35.0,-1153.0
-1421.0,275.0,-1360.0
-1311.0,-398.0,-772.0
-1590.0,158.0,-1044.0
-1372.0,-19.0,-1276.0
-1473.0,486.0,-1134.0
-1235.0,-488.0,-874.0
-1333.0,15.0,-854.0
-1257.0,-58.0,-1038.0
-1346.0,5.0,-909.0
-1266.0,-154.0,-1161.0
-1440.0,286.0,-981.0
-1424.0,70.0,-1301.0
-1270.0,171.0,-1278.0
-1424.0,-224.0,-1005.0
-1331.0,107.0,-585.0
-1339.0,31.0,-1034.0
-1227.0,99.0,-839.0
-1670.0,60.0,-944.0
-1257.0,-310.0,-1085.0
-1378.0,222.0,-1350.0
-1251.0,300.0,-985.0
-1538.0,-283.0,-1157.0
-1348.0,50.0,-919.0
-1549.0,9.0,-817.0
-1337.0,80.0,-720.0
-1364.0,-497.0,-1032.0
-1499.0,499.0,-1210.0
-1177.0,60.0,-1073.0
-1436.0,148.0,-1149.0
-1118.0,-56.0,-1083.0
-1528.0,29.0,-995.0
-1157.0,124.0,-650.0
-1458.0,-427.0,-991.0
-1098.0,478.0,-905.0
-995.0,-220.0,-1151.0
-995.0,390.0,-1393.0
-1015.0,-138.0,-1282.0
-960.0,-423.0,-1024.0
-968.0,382.0,-833.0
-853.0,-64.0,-708.0
-1065.0,-5.0,-894.0
-815.0,-255.0,-1253.0
-938.0,347.0,-1116.0
-810.0,-56.0,-1114.0
-558.0,-11.0,-1290.0
-757.0,251.0,-997.0
-505.0,-286.0,-669.0
-663.0,290.0,-739.0
-214.0,-185.0,-917.0
-665.0,156.0,-1138.0
-160.0,93.0,-1067.0
-335.0,107.0,-1260.0
-122.0,-40.0,-1190.0
-331.0,-228.0,-1028.0
-111.0,542.0,-548.0
-126.0,-347.0,-778.0
-437.0,247.0,-874.0
-204.0,-105.0,-1114.0
-208.0,251.0,-1405.0
-128.0,255.0,-1075.0
-261.0,-329.0,-1188.0
-97.0,140.0,-958.0
-99.0,21.0,-741.0
-148.0,-85.0,-704.0
-121.0,19.0,-976.0
-126.0,-173.0,-1126.0
-103.0,519.0,-1093.0
-146.0,-3.0,-1294.0
-89.0,-111.0,-1128.0
-60.0,134.0,-921.0
-130.0,-292.0,-720.0
-210.0,214.0,-1007.0
-310.0,-111.0,-993.0
-3.0,-64.0,-1030.0
-331.0,450.0,-1102.0
-228.0,-165.0,-1237.0
-366.0,265.0,-1151.0
-39.0,-251.0,-892.0
-290.0,60.0,-915.0
-212.0,97.0,-866.0
-325.0,136.0,-977.0
-23.0,44.0,-1057.0
-407.0,107.0,-1001.0
-183.0,-21.0,-1061.0
-29.0,302.0,-1108.0
-89.0,-325.0,-1114.0
-345.0,185.0,-931.0
-206.0,-325.0,-819.0
-187.0,76.0,-886.0
-144.0,17.0,-974.0
-183.0,13.0,-1102.0
-163.0,380.0,-1136.0
-78.0,76.0,-1163.0
-154.0,115.0,-1040.0
-81.0,-244.0,-911.0
-142.0,3.0,-819.0
78.0,-39.0,-899.0
0.0,-396.0,-1112.0
-284.0,523.0,-985.0
56.0,-62.0,-1165.0
-68.0,433.0,-1141.0
29.0,-242.0,-1128.0
-240.0,160.0,-895.0
201.0,-152.0,-675.0
-189.0,64.0,-929.0
-19.0,341.0,-1013.0
-138.0,64.0,-976.0
-54.0,-27.0,-1067.0
-33.0,5.0,-1120.0
150.0,-162.0,-1009.0
-113.0,325.0,-868.0
-72.0,-464.0,-821.0
-103.0,187.0,-907.0
257.0,97.0,-1032.0
-257.0,-44.0,-1128.0
121.0,11.0,-1003.0
-238.0,486.0,-1097.0
269.0,-85.0,-1095.0
-5.0,-48.0,-862.0
-132.0,-279.0,-556.0
89.0,78.0,-991.0
-29.0,25.0,-1079.0
76.0,-257.0,-1073.0
-144.0,191.0,-1032.0
40.0,191.0,-1098.0
31.0,261.0,-1210.0
62.0,15.0,-874.0
-66.0,-175.0,-681.0
171.0,132.0,-952.0
-140.0,-60.0,-1417.0
-179.0,175.0,-872.0
11.0,234.0,-884.0
33.0,-62.0,-1298.0
37.0,-136.0,-1200.0
33.0,-109.0,-755.0
-23.0,167.0,-636.0
9.0,-115.0,-1028.0
-81.0,-105.0,-1106.0
-91.0,333.0,-1065.0
-80.0,-76.0,-1069.0
126.0,263.0,-1067.0
-48.0,140.0,-1196.0
0.0,-85.0,-870.0
-216.0,-193.0,-810.0
-13.0,-304.0,-1003.0
-281.0,236.0,-1075.0
99.0,-50.0,-1013.0
-146.0,247.0,-1032.0
-68.0,-13.0,-1118.0
-167.0,35.0,-989.0
296.0,105.0,-952.0
-189.0,58.0,-821.0
74.0,83.0,-874.0
128.0,7.0,-1106.0
-23.0,64.0,-985.0
-83.0,-56.0,-1169.0
-109.0,17.0,-1046.0
121.0,224.0,-1136.0
191.0,-17.0,-979.0
-85.0,-115.0,-880.0
-187.0,-171.0,-884.0
40.0,136.0,-968.0
-74.0,277.0,-1056.0
244.0,78.0,-940.0
-111.0,-148.0,-1145.0
81.0,402.0,-1063.0
-78.0,-316.0,-1001.0
130.0,402.0,-782.0
39.0,-404.0,-946.0
44.0,-56.0,-806.0
-134.0,46.0,-1202.0
-1.0,283.0,-1075.0
-93.0,37.0,-1022.0
27.0,23.0,-1102.0
-68.0,-156.0,-1028.0
-27.0,7.0,-800.0
-21.0,-68.0,-825.0
25.0,148.0,-997.0
-42.0,103.0,-1028.0
-81.0,148.0,-1167.0
80.0,357.0,-1171.0
-37.0,-115.0,-1098.0
105.0,60.0,-1001.0
42.0,-247.0,-821.0
19.0,29.0,-903.0
-40.0,210.0,-769.0
-95.0,44.0,-1157.0
-39.0,140.0,-1233.0
76.0,-76.0,-895.0
46.0,232.0,-917.0
-85.0,162.0,-964.0
-17.0,-25.0,-808.0
220.0,-368.0,-960.0
-154.0,310.0,-991.0
-23.0,56.0,-1093.0
-80.0,325.0,-1196.0
242.0,-78.0,-989.0
-40.0,-226.0,-1102.0
33.0,-60.0,-839.0
-78.0,109.0,-849.0
68.0,80.0,-856.0
-64.0,-35.0,-1054.0
134.0,101.0,-1089.0
21.0,93.0,-1132.0
15.0,267.0,-1120.0
126.0,89.0,-991.0
154.0,-70.0,-868.0
201.0,9.0,-862.0
72.0,-255.0,-944.0
283.0,-31.0,-1114.0
148.0,281.0,-1059.0
245.0,439.0,-1069.0
37.0,-56.0,-1180.0
212.0,-597.0,-1122.0
162.0,363.0,-749.0
251.0,-1.0,-749.0
33.0,290.0,-958.0
702.0,-345.0,-1059.0
247.0,253.0,-1251.0
919.0,240.0,-790.0
464.0,407.0,-1424.0
1780.0,-423.0,-933.0
868.0,-452.0,-810.0
1608.0,-3.0,-759.0
1305.0,404.0,-923.0
1518.0,113.0,-1342.0
1368.0,-56.0,-1110.0
1323.0,265.0,-1024.0
1547.0,-17.0,-1069.0
1229.0,122.0,-1032.0
1624.0,-3.0,-991.0
1372.0,56.0,-692.0
1165.0,-175.0,-927.0
1247.0,111.0,-974.0
1382.0,-107.0,-1182.0
1233.0,609.0,-853.0
1126.0,-121.0,-977.0
1503.0,-132.0,-1110.0
987.0,70.0,-938.0
995.0,-130.0,-767.0
778.0,197.0,-743.0
1108.0,-62.0,-1104.0
940.0,271.0,-1159.0
704.0,111.0,-1167.0
843.0,-19.0,-1143.0
964.0,-273.0,-1083.0
860.0,167.0,-749.0
884.0,363.0,-771.0
1028.0,66.0,-925.0
954.0,-353.0,-1184.0
1032.0,187.0,-1093.0
1095.0,554.0,-1200.0
993.0,351.0,-1001.0
1257.0,-450.0,-1018.0
1436.0,-347.0,-1069.0
1239.0,109.0,-737.0
1157.0,353.0,-925.0
1475.0,-238.0,-1050.0
1149.0,17.0,-1409.0
1311.0,232.0,-870.0
1087.0,331.0,-960.0
1569.0,-119.0,-962.0
1286.0,-251.0,-1054.0
1536.0,23.0,-694.0
1116.0,17.0,-936.0
1620.0,21.0,-1038.0
1356.0,286.0,-1186.0
1403.0,72.0,-845.0
1286.0,-56.0,-952.0
1704.0,-366.0,-944.0
1317.0,140.0,-1247.0
1220.0,70.0,-1091.0
1186.0,78.0,-936.0
1303.0,-54.0,-827.0
997.0,70.0,-976.0
1163.0,630.0,-950.0
1020.0,-167.0,-1030.0
1143.0,-115.0,-1298.0
1255.0,-218.0,-1134.0
1272.0,150.0,-870.0
1100.0,117.0,-694.0
1180.0,87.0,-903.0
1354.0,89.0,-1102.0
1241.0,521.0,-1124.0
1196.0,-222.0,-1190.0
1341.0,-341.0,-1231.0
1503.0,359.0,-1124.0
1567.0,347.0,-876.0
1298.0,-121.0,-700.0
1665.0,-124.0,-780.0
1434.0,236.0,-1143.0
1551.0,-21.0,-1239.0
1233.0,228.0,-1077.0
1596.0,-261.0,-1085.0
1499.0,341.0,-1046.0
1657.0,113.0,-722.0
1450.0,-179.0,-706.0
1626.0,-52.0,-851.0
1477.0,255.0,-1239.0
1419.0,380.0,-1241.0
1262.0,-208.0,-1128.0
1473.0,-212.0,-989.0
1403.0,85.0,-907.0
1294.0,261.0,-745.0
1210.0,-150.0,-851.0
1341.0,-122.0,-1159.0
1300.0,376.0,-1303.0
1329.0,91.0,-1032.0
1059.0,-37.0,-913.0
1385.0,-122.0,-823.0
1132.0,-42.0,-1194.0
1292.0,417.0,-966.0
1077.0,-126.0,-1161.0
1331.0,-177.0,-1038.0
1130.0,130.0,-1095.0
1323.0,636.0,-862.0
1235.0,111.0,-972.0
1460.0,-306.0,-1073.0
1321.0,-130.0,-1212.0
1588.0,-48.0,-1028.0
1339.0,81.0,-890.0
1485.0,-126.0,-880.0
1366.0,310.0,-1093.0
1424.0,495.0,-972.0
1253.0,-40.0,-1048.0
1481.0,-204.0,-1005.0
1491.0,-25.0,-1155.0
1339.0,185.0,-1005.0
1290.0,-39.0,-874.0
1454.0,-251.0,-780.0
1344.0,251.0,-964.0
1342.0,351.0,-927.0
1276.0,27.0,-1145.0
1542.0,-177.0,-1046.0
1421.0,-89.0,-1208.0
1555.0,242.0,-870.0
1335.0,-179.0,-798.0
1479.0,-76.0,-802.0
1311.0,199.0,-1124.0
1382.0,402.0,-1208.0
1233.0,109.0,-1266.0
1317.0,-290.0,-1120.0
1339.0,-7.0,-1034.0
1397.0,195.0,-704.0
1239.0,-29.0,-841.0
1374.0,-64.0,-921.0
1300.0,251.0,-1218.0
1327.0,345.0,-1149.0
1177.0,-66.0,-1097.0
1202.0,-242.0,-936.0
1067.0,80.0,-1007.0
1243.0,308.0,-944.0
1028.0,-19.0,-1032.0
1114.0,-216.0,-1007.0
983.0,154.0,-1036.0
1034.0,392.0,-919.0
919.0,119.0,-981.0
991.0,-162.0,-999.0
899.0,-42.0,-1141.0
923.0,39.0,-1016.0
835.0,-105.0,-874.0
769.0,-17.0,-858.0
835.0,255.0,-981.0
687.0,382.0,-1079.0
700.0,60.0,-1071.0
573.0,-242.0,-1132.0
616.0,-25.0,-1098.0
624.0,46.0,-1003.0
458.0,-17.0,-884.0
458.0,-119.0,-929.0
388.0,204.0,-1052.0
396.0,308.0,-993.0
236.0,103.0,-1013.0
306.0,-216.0,-1104.0
232.0,50.0,-1153.0
275.0,9.0,-999.0
226.0,-29.0,-835.0
163.0,-109.0,-868.0
201.0,171.0,-1003.0
111.0,228.0,-1095.0
130.0,128.0,-1098.0
163.0,-115.0,-1145.0
115.0,3.0,-1075.0
173.0,-3.0,-933.0
136.0,-37.0,-823.0
162.0,-58.0,-913.0
144.0,169.0,-1097.0
160.0,251.0,-1139.0
156.0,-17.0,-1077.0
165.0,-35.0,-1028.0
195.0,54.0,-1011.0
263.0,44.0,-1015.0
245.0,-119.0,-942.0
179.0,-101.0,-936.0
224.0,132.0,-979.0
251.0,251.0,-993.0
175.0,130.0,-991.0
163.0,-1.0,-1069.0
189.0,-52.0,-1171.0
240.0,-29.0,-1044.0
228.0,-210.0,-851.0
150.0,-9.0,-819.0
201.0,236.0,-946.0
193.0,273.0,-1139.0
152.0,39.0,-1130.0
58.0,-39.0,-1081.0
163.0,-48.0,-1091.0
212.0,3.0,-1032.0
115.0,-54.0,-888.0
91.0,-5.0,-890.0
122.0,165.0,-987.0
103.0,181.0,-1095.0
13.0,91.0,-1061.0
37.0,1.0,-1067.0
54.0,23.0,-1141.0
144.0,-27.0,-1112.0
68.0,-80.0,-905.0
-19.0,-5.0,-794.0
115.0,97.0,-972.0
40.0,216.0,-1116.0
52.0,91.0,-1124.0
-27.0,52.0,-1093.0
68.0,-13.0,-1110.0
93.0,-25.0,-1009.0
113.0,-115.0,-880.0
-15.0,-33.0,-837.0
23.0,42.0,-1007.0
66.0,220.0,-1157.0
3.0,105.0,-1124.0
-13.0,21.0,-1022.0
-33.0,-39.0,-989.0
154.0,5.0,-1038.0
58.0,-101.0,-987.0
42.0,-74.0,-936.0
1.0,39.0,-970.0
68.0,179.0,-1030.0
-42.0,160.0,-1009.0
-29.0,121.0,-1007.0
37.0,-25.0,-1145.0
91.0,-56.0,-1151.0
68.0,-115.0,-972.0
-27.0,-42.0,-790.0
13.0,81.0,-901.0
64.0,203.0,-1083.0
-23.0,163.0,-1138.0
-31.0,70.0,-1046.0
-19.0,-105.0,-1022.0
58.0,11.0,-1079.0
-5.0,-74.0,-927.0
-46.0,23.0,-907.0
-62.0,35.0,-946.0
-52.0,85.0,-1056.0
-119.0,197.0,-1069.0
-138.0,140.0,-1071.0
-146.0,23.0,-1059.0
-5.0,-95.0,-1097.0
-80.0,-89.0,-1015.0
-74.0,-48.0,-845.0
-119.0,89.0,-868.0
-5.0,177.0,-1011.0
-113.0,138.0,-1124.0
-40.0,50.0,-1108.0
-60.0,31.0,-1089.0
25.0,-81.0,-1077.0
-33.0,-89.0,-964.0
64.0,-64.0,-849.0
-21.0,66.0,-938.0
37.0,249.0,-1110.0
-5.0,171.0,-1161.0
72.0,-15.0,-1085.0
21.0,-80.0,-970.0
91.0,33.0,-940.0
83.0,31.0,-976.0
124.0,-44.0,-1044.0
-37.0,-46.0,-1052.0
95.0,95.0,-977.0
-5.0,156.0,-929.0
56.0,175.0,-962.0
-33.0,-21.0,-1073.0
111.0,-52.0,-1182.0
48.0,-35.0,-1118.0
122.0,-87.0,-880.0
-35.0,46.0,-790.0
109.0,160.0,-942.0
23.0,128.0,-1102.0
50.0,85.0,-1102.0
-37.0,42.0,-1122.0
80.0,-29.0,-1069.0
81.0,-27.0,-1026.0
68.0,-5.0,-909.0
-64.0,-64.0,-946.0
78.0,105.0,-991.0
-56.0,189.0,-1056.0
-3.0,144.0,-1024.0
-78.0,37.0,-1100.0
33.0,-21.0,-1124.0
33.0,-101.0,-1095.0
17.0,-7.0,-841.0
-66.0,-19.0,-800.0
23.0,105.0,-946.0
-54.0,162.0,-1167.0
-31.0,130.0,-1108.0
-60.0,-31.0,-1065.0
66.0,-23.0,-1057.0
46.0,-62.0,-970.0
42.0,-23.0,-895.0
-66.0,-33.0,-927.0
0.0,119.0,-1030.0
-5.0,140.0,-1143.0
-35.0,146.0,-1050.0
-44.0,0.0,-1007.0
3.0,-31.0,-1054.0
29.0,-5.0,-1077.0
15.0,-58.0,-964.0
-56.0,-60.0,-936.0
9.0,44.0,-1013.0
-1.0,146.0,-1042.0
-83.0,212.0,-962.0
-37.0,105.0,-1057.0
-27.0,-31.0,-1169.0
81.0,-140.0,-1161.0
-9.0,-97.0,-890.0
-52.0,9.0,-790.0
-33.0,191.0,-933.0
21.0,187.0,-1120.0
-44.0,48.0,-1104.0
-44.0,-35.0,-1054.0
-44.0,15.0,-1042.0
54.0,-3.0,-1067.0
-1.0,3.0,-923.0
-1.0,-37.0,-886.0
1.0,13.0,-991.0
0.0,148.0,-1052.0
-70.0,160.0,-1001.0
-1.0,91.0,-993.0
-25.0,-35.0,-1141.0
78.0,-31.0,-1145.0
19.0,-83.0,-952.0
-42.0,-39.0,-769.0
-35.0,101.0,-901.0
-5.0,171.0,-1106.0
0.0,115.0,-1157.0
-68.0,60.0,-1063.0
-19.0,5.0,-1073.0
-15.0,-29.0,-1036.0
50.0,-64.0,-968.0
-21.0,-37.0,-899.0
-33.0,27.0,-1007.0
17.0,167.0,-1089.0
-42.0,113.0,-1044.0
3.0,40.0,-1028.0
-62.0,-19.0,-1040.0
39.0,13.0,-1059.0
29.0,-37.0,-1024.0
15.0,-52.0,-936.0
-62.0,-60.0,-976.0
15.0,144.0,-970.0
-46.0,193.0,-964.0
-19.0,191.0,-1013.0
-50.0,-42.0,-1167.0
42.0,-91.0,-1200.0
29.0,-175.0,-964.0
-23.0,7.0,-751.0
-56.0,85.0,-872.0
19.0,197.0,-1067.0
-35.0,160.0,-1163.0
-7.0,-21.0,-1079.0
-21.0,-33.0,-1048.0
27.0,15.0,-1026.0
72.0,13.0,-976.0
33.0,-60.0,-897.0
-68.0,-13.0,-974.0
64.0,68.0,-1052.0
-66.0,220.0,-1046.0
0.0,80.0,-968.0
-76.0,85.0,-1095.0
91.0,-76.0,-1149.0
3.0,-35.0,-1050.0
40.0,-64.0,-831.0
-76.0,35.0,-903.0
29.0,130.0,-1044.0
-37.0,185.0,-1151.0
-15.0,68.0,-1067.0
-72.0,31.0,-1032.0
29.0,-31.0,-1022.0
70.0,-37.0,-1013.0
42.0,-76.0,-936.0
-66.0,-3.0,-977.0
7.0,146.0,-1003.0
7.0,140.0,-1057.0
-17.0,95.0,-1015.0
-50.0,0.0,-1013.0
39.0,5.0,-1059.0
15.0,9.0,-1075.0
31.0,-64.0,-985.0
-58.0,-95.0,-966.0
54.0,60.0,-931.0
-31.0,181.0,-985.0
-44.0,183.0,-997.0
-89.0,68.0,-1122.0
31.0,-25.0,-1204.0
66.0,-124.0,-1124.0
27.0,-99.0,-851.0
-89.0,21.0,-732.0
50.0,191.0,-966.0
7.0,191.0,-1173.0
-17.0,13.0,-1155.0
-56.0,-39.0,-1057.0
5.0,19.0,-1028.0
33.0,17.0,-1013.0
21.0,-21.0,-927.0
-50.0,-78.0,-935.0
9.0,39.0,-1018.0
-48.0,167.0,-1079.0
-23.0,169.0,-997.0
-85.0,93.0,-1005.0
39.0,-15.0,-1149.0
44.0,-80.0,-1114.0
42.0,-48.0,-935.0
-83.0,-74.0,-792.0
-5.0,181.0,-942.0
9.0,126.0,-1141.0
-31.0,130.0,-1147.0
-58.0,37.0,-1013.0
0.0,-7.0,-1015.0
27.0,-31.0,-1048.0
21.0,-56.0,-970.0
-40.0,-50.0,-935.0
-40.0,115.0,-1005.0
21.0,177.0,-1079.0
-58.0,78.0,-1022.0
-37.0,17.0,-1003.0
-33.0,15.0,-1089.0
58.0,9.0,-1132.0
9.0,-60.0,-1013.0
-1.0,-56.0,-905.0
-25.0,-37.0,-956.0
-1.0,144.0,-993.0
-66.0,251.0,-993.0
-25.0,119.0,-1046.0
-11.0,-1.0,-1202.0
56.0,-109.0,-1177.0
29.0,-130.0,-909.0
-23.0,-62.0,-747.0
-52.0,156.0,-876.0
0.0,238.0,-1114.0
-33.0,42.0,-1184.0
-39.0,3.0,-1097.0
-48.0,0.0,-1003.0
56.0,0.0,-1020.0
-5.0,7.0,-931.0
54.0,-64.0,-936.0
-74.0,-27.0,-1015.0
25.0,160.0,-1079.0
-66.0,132.0,-1018.0
-15.0,152.0,-985.0
-68.0,-31.0,-1067.0
111.0,-54.0,-1147.0
21.0,-105.0,-1020.0
29.0,3.0,-821.0
-80.0,46.0,-892.0
37.0,177.0,-1073.0
-48.0,117.0,-1153.0
5.0,74.0,-1069.0
-62.0,-46.0,-1024.0
33.0,25.0,-999.0
70.0,-97.0,-1016.0
62.0,-21.0,-954.0
-78.0,7.0,-991.0
46.0,148.0,-1007.0
-33.0,128.0,-1026.0
13.0,97.0,-981.0
-54.0,-37.0,-1073.0
80.0,23.0,-1126.0
25.0,-15.0,-1077.0
54.0,-35.0,-903.0
-68.0,-109.0,-905.0
62.0,136.0,-936.0
-56.0,136.0,-1018.0
-11.0,212.0,-1018.0
-74.0,35.0,-1159.0
62.0,-81.0,-1182.0
31.0,-105.0,-1067.0
39.0,-31.0,-769.0
-44.0,11.0,-810.0
21.0,222.0,-966.0
-9.0,132.0,-1239.0
21.0,-11.0,-1116.0
-44.0,0.0,-1050.0
35.0,9.0,-989.0
66.0,35.0,-985.0
52.0,-54.0,-917.0
-39.0,-68.0,-976.0
13.0,44.0,-1011.0
-7.0,206.0,-1097.0
-44.0,136.0,-948.0
-46.0,85.0,-1028.0
25.0,-29.0,-1132.0
60.0,-78.0,-1132.0
-7.0,-80.0,-872.0
-68.0,23.0,-833.0
1.0,103.0,-989.0
-7.0,165.0,-1165.0
-9.0,89.0,-1108.0
-29.0,54.0,-1005.0
3.0,-17.0,-1005.0
27.0,-39.0,-1048.0
54.0,-101.0,-993.0
-78.0,-7.0,-944.0
44.0,70.0,-1018.0
-46.0,191.0,-1013.0
-25.0,103.0,-985.0
-66.0,9.0,-1028.0
11.0,-13.0,-1138.0
27.0,17.0,-1132.0
21.0,-80.0,-958.0
-44.0,-64.0,-856.0
3.0,31.0,-933.0
-31.0,171.0,-1059.0
-40.0,173.0,-1030.0
-68.0,177.0,-1083.0
-5.0,-39.0,-1208.0
74.0,-111.0,-1130.0
31.0,-119.0,-874.0
-62.0,-25.0,-753.0
-15.0,163.0,-944.0
-37.0,226.0,-1161.0
11.0,13.0,-1190.0
-78.0,13.0,-1065.0
5.0,-25.0,-1028.0
-3.0,54.0,-958.0
33.0,-17.0,-962.0
-31.0,-52.0,-927.0
-35.0,-3.0,-1061.0
-33.0,150.0,-1079.0
-60.0,152.0,-989.0
-56.0,136.0,-960.0
-50.0,-42.0,-1130.0
80.0,-46.0,-1134.0
56.0,-111.0,-1015.0
-27.0,7.0,-817.0
-37.0,89.0,-921.0
39.0,105.0,-1059.0
-23.0,156.0,-1161.0
-21.0,39.0,-1022.0
-42.0,25.0,-1020.0
33.0,-35.0,-1026.0
29.0,-74.0,-1005.0
40.0,-54.0,-948.0
-42.0,35.0,-977.0
48.0,148.0,-1007.0
-68.0,175.0,-1022.0
0.0,11.0,-983.0
-42.0,3.0,-1132.0
70.0,-27.0,-1169.0
5.0,9.0,-1038.0
33.0,-74.0,-831.0
-44.0,-21.0,-884.0
27.0,99.0,-993.0
-7.0,160.0,-1063.0
-33.0,165.0,-1036.0
-50.0,40.0,-1173.0
74.0,-89.0,-1179.0
33.0,-138.0,-960.0
17.0,-39.0,-733.0
-31.0,64.0,-847.0
29.0,255.0,-1116.0
-35.0,97.0,-1202.0
-35.0,0.0,-1075.0
-23.0,-19.0,-1007.0
42.0,27.0,-999.0
64.0,19.0,-962.0
35.0,-31.0,-905.0
-68.0,-72.0,-1026.0
40.0,76.0,-1056.0
-60.0,173.0,-1046.0
-54.0,162.0,-946.0
-66.0,1.0,-1046.0
105.0,-25.0,-1124.0
33.0,-72.0,-1100.0
29.0,-40.0,-864.0
-97.0,9.0,-835.0
80.0,146.0,-1007.0
-44.0,109.0,-1118.0
-5.0,109.0,-1057.0
-87.0,15.0,-1026.0
70.0,17.0,-1052.0
25.0,-50.0,-1016.0
74.0,-66.0,-958.0
-68.0,-52.0,-981.0
46.0,142.0,-991.0
-54.0,171.0,-1015.0
-7.0,80.0,-972.0
-101.0,25.0,-1065.0
70.0,29.0,-1171.0
31.0,-21.0,-1120.0
78.0,-39.0,-890.0
-74.0,-81.0,-790.0
40.0,78.0,-919.0
-58.0,156.0,-1087.0
-39.0,126.0,-1069.0
-89.0,111.0,-1147.0
54.0,-25.0,-1143.0
62.0,-58.0,-1046.0
40.0,-81.0,-794.0
-62.0,-17.0,-833.0
0.0,177.0,-1038.0
0.0,189.0,-1188.0
-35.0,46.0,-1128.0
-50.0,-27.0,-1022.0
23.0,-3.0,-1009.0
66.0,35.0,-968.0
-3.0,-13.0,-942.0
-42.0,-95.0,-987.0
-9.0,31.0,-1050.0
-15.0,144.0,-1046.0
-52.0,189.0,-976.0
-46.0,103.0,-979.0
3.0,-54.0,-1130.0
72.0,-64.0,-1161.0
3.0,-62.0,-952.0
-42.0,-21.0,-839.0
-11.0,119.0,-942.0
-9.0,150.0,-1098.0
-19.0,99.0,-1089.0
-56.0,25.0,-1040.0
-3.0,27.0,-1069.0
0.0,-1.0,-1056.0
17.0,-64.0,-993.0
-21.0,-64.0,-925.0
-23.0,54.0,-995.0
-13.0,193.0,-1022.0
-83.0,115.0,-985.0
0.0,81.0,-1018.0
-21.0,-35.0,-1139.0
76.0,-9.0,-1153.0
7.0,-97.0,-983.0
-9.0,0.0,-817.0
-31.0,54.0,-903.0
-1.0,140.0,-1028.0
-42.0,85.0,-1087.0
-66.0,173.0,-1095.0
11.0,-3.0,-1198.0
37.0,-40.0,-1089.0
42.0,-144.0,-866.0
-39.0,-48.0,-794.0
-17.0,111.0,-962.0
13.0,228.0,-1134.0
-58.0,81.0,-1169.0
-33.0,1.0,-1030.0
-21.0,-48.0,-1020.0
27.0,50.0,-983.0
3.0,37.0,-958.0
23.0,-35.0,-964.0
-46.0,-95.0,-1034.0
7.0,124.0,-1057.0
-64.0,175.0,-979.0
-11.0,165.0,-940.0
-60.0,-33.0,-1110.0
89.0,-46.0,-1153.0
7.0,-80.0,-1042.0
58.0,-39.0,-847.0
-85.0,50.0,-890.0
56.0,177.0,-1020.0
-42.0,122.0,-1093.0
-3.0,19.0,-1056.0
-60.0,-15.0,-1063.0
35.0,0.0,-1050.0
72.0,13.0,-1016.0
76.0,-66.0,-886.0
-62.0,-56.0,-985.0
13.0,115.0,-966.0
-37.0,210.0,-1022.0
-1.0,111.0,-983.0
-87.0,39.0,-1122.0
60.0,-81.0,-1173.0
13.0,-29.0,-1071.0
56.0,-33.0,-831.0
-68.0,31.0,-847.0
27.0,101.0,-968.0
-29.0,99.0,-1106.0
-3.0,99.0,-1083.0
-46.0,46.0,-1138.0
74.0,-39.0,-1108.0
44.0,-39.0,-972.0
50.0,-91.0,-790.0
-64.0,29.0,-868.0
31.0,115.0,-1098.0
-29.0,214.0,-1149.0
-13.0,31.0,-1054.0
-37.0,-44.0,-1001.0
17.0,-3.0,-1011.0
37.0,25.0,-985.0
21.0,15.0,-972.0
-39.0,-80.0,-1007.0
25.0,-5.0,-1052.0
-37.0,167.0,-977.0
-27.0,173.0,-960.0
-60.0,95.0,-1054.0
40.0,-31.0,-1163.0
56.0,-83.0,-1110.0
40.0,-78.0,-935.0
-46.0,-50.0,-831.0
40.0,181.0,-940.0
-31.0,162.0,-1085.0
-11.0,60.0,-1091.0
-78.0,9.0,-1036.0
68.0,1.0,-1075.0
1.0,27.0,-1034.0
78.0,-66.0,-950.0
-52.0,-68.0,-921.0
1.0,95.0,-976.0
-37.0,162.0,-1061.0
-60.0,126.0,-1003.0
-66.0,119.0,-1038.0
37.0,-31.0,-1173.0
46.0,-44.0,-1130.0
23.0,-68.0,-903.0
-33.0,-52.0,-827.0
1.0,103.0,-935.0
-25.0,154.0,-1057.0
-46.0,130.0,-1095.0
-54.0,74.0,-1138.0
3.0,7.0,-1124.0
62.0,-52.0,-1040.0
-5.0,-76.0,-825.0
-42.0,-70.0,-853.0
-44.0,152.0,-1050.0
-19.0,208.0,-1141.0
-48.0,81.0,-1108.0
-35.0,-40.0,-1042.0
-29.0,-23.0,-1009.0
33.0,35.0,-991.0
29.0,21.0,-987.0
1.0,-64.0,-1011.0
-44.0,-31.0,-1028.0
-7.0,113.0,-999.0
-68.0,201.0,-956.0
-37.0,121.0,-974.0
-50.0,-15.0,-1114.0
91.0,-54.0,-1173.0
7.0,-91.0,-1018.0
23.0,-23.0,-815.0
-39.0,70.0,-903.0
33.0,204.0,-1028.0
-68.0,122.0,-1126.0
-33.0,19.0,-1061.0
-52.0,-25.0,-1083.0
72.0,39.0,-1042.0
50.0,-46.0,-1005.0
0.0,-39.0,-890.0
-64.0,1.0,-974.0
46.0,109.0,-1026.0
-35.0,138.0,-1028.0
-64.0,148.0,-977.0
-54.0,-17.0,-1149.0
60.0,-44.0,-1145.0
35.0,-70.0,-1032.0
11.0,-9.0,-796.0
-40.0,37.0,-864.0
40.0,132.0,-1005.0
-72.0,122.0,-1112.0
-23.0,107.0,-1106.0
-37.0,-40.0,-1132.0
60.0,13.0,-1059.0
5.0,-58.0,-907.0
50.0,-39.0,-821.0
-46.0,-1.0,-970.0
25.0,173.0,-1110.0
-66.0,162.0,-1136.0
-3.0,35.0,-1018.0
-46.0,-50.0,-970.0
27.0,37.0,-993.0
27.0,23.0,-1003.0
97.0,-37.0,-1015.0
-70.0,-80.0,-995.0
13.0,72.0,-968.0
-56.0,163.0,-983.0
-11.0,169.0,-935.0
-74.0,40.0,-1089.0
95.0,-23.0,-1177.0
7.0,-74.0,-1081.0
50.0,-93.0,-862.0
-72.0,27.0,-833.0
33.0,169.0,-981.0
-25.0,142.0,-1112.0
-21.0,87.0,-1073.0
-50.0,-23.0,-1087.0
62.0,-7.0,-1056.0
66.0,-11.0,-1024.0
52.0,-25.0,-880.0
-74.0,-54.0,-940.0
56.0,66.0,-1018.0
-33.0,136.0,-1048.0
-21.0,179.0,-1003.0
-85.0,25.0,-1071.0
40.0,23.0,-1145.0
62.0,-80.0,-1110.0
39.0,-52.0,-880.0
-70.0,-29.0,-817.0
19.0,113.0,-962.0
-33.0,169.0,-1124.0
-31.0,130.0,-1079.0
-35.0,25.0,-1102.0
60.0,-40.0,-1079.0
44.0,-25.0,-1013.0
11.0,-37.0,-854.0
-31.0,-44.0,-899.0
-3.0,89.0,-1046.0
-44.0,230.0,-1157.0
-39.0,80.0,-1048.0
-39.0,-39.0,-995.0
-11.0,-13.0,-997.0
1.0,44.0,-1016.0
50.0,-9.0,-1040.0
-54.0,-56.0,-983.0
-13.0,-5.0,-1024.0
-46.0,187.0,-977.0
-9.0,165.0,-935.0
-70.0,140.0,-1036.0
-9.0,-37.0,-1200.0
33.0,-64.0,-1153.0
40.0,-132.0,-960.0
-27.0,-15.0,-806.0
-23.0,130.0,-899.0
11.0,187.0,-1069.0
-33.0,68.0,-1130.0
-48.0,58.0,-1075.0
-11.0,-33.0,-1075.0
31.0,-25.0,-1052.0
21.0,-15.0,-921.0
-11.0,-29.0,-905.0
-23.0,-17.0,-1020.0
-50.0,154.0,-1036.0
-60.0,187.0,-1028.0
-17.0,76.0,-1003.0
-39.0,-25.0,-1155.0
72.0,-31.0,-1139.0
39.0,-72.0,-948.0
-11.0,-31.0,-802.0
-44.0,23.0,-915.0
5.0,193.0,-1069.0
-37.0,148.0,-1124.0
-54.0,76.0,-1081.0
-48.0,-48.0,-1085.0
62.0,-48.0,-1003.0
39.0,-48.0,-925.0
-7.0,-39.0,-888.0
-66.0,42.0,-1016.0
9.0,154.0,-1087.0
-52.0,140.0,-1087.0
-25.0,31.0,-1028.0
-58.0,-23.0,-1015.0
46.0,31.0,-1018.0
56.0,-5.0,-1038.0
54.0,-66.0,-993.0
-66.0,-15.0,-1007.0
13.0,117.0,-960.0
-52.0,165.0,-950.0
-21.0,119.0,-983.0
-93.0,-7.0,-1138.0
111.0,-66.0,-1198.0
13.0,-50.0,-1034.0
66.0,-27.0,-825.0
-81.0,29.0,-821.0
68.0,152.0,-991.0
-54.0,163.0,-1159.0
11.0,13.0,-1098.0
-74.0,-11.0,-1067.0
56.0,7.0,-1032.0
64.0,-3.0,-1007.0
62.0,-35.0,-905.0
-64.0,-35.0,-958.0
76.0,54.0,-1011.0
-58.0,152.0,-1054.0
-27.0,136.0,-987.0
-58.0,23.0,-1093.0
58.0,-11.0,-1136.0
42.0,-50.0,-1065.0
39.0,-50.0,-841.0
-109.0,-7.0,-819.0
74.0,78.0,-995.0
-64.0,189.0,-1155.0
-5.0,128.0,-1102.0
-68.0,0.0,-1048.0
89.0,-15.0,-1028.0
17.0,-60.0,-989.0
91.0,-37.0,-903.0
-58.0,-17.0,-925.0
29.0,128.0,-1048.0
-33.0,160.0,-1126.0
-11.0,74.0,-1038.0
-46.0,-13.0,-995.0
46.0,21.0,-1016.0
37.0,15.0,-1071.0
56.0,-70.0,-1013.0
-68.0,-99.0,-968.0
33.0,56.0,-960.0
-40.0,175.0,-1005.0
-66.0,214.0,-968.0
-78.0,62.0,-1052.0
39.0,-11.0,-1216.0
37.0,-85.0,-1145.0
29.0,-117.0,-901.0
-97.0,13.0,-753.0
19.0,160.0,-958.0
-7.0,156.0,-1171.0
-40.0,111.0,-1134.0
-40.0,-66.0,-1073.0
17.0,1.0,-1034.0
46.0,-25.0,-1046.0
23.0,-7.0,-925.0
-64.0,-37.0,-907.0
19.0,44.0,-1028.0
-48.0,146.0,-1048.0
-62.0,150.0,-993.0
-68.0,87.0,-1022.0
-17.0,25.0,-1128.0
50.0,-56.0,-1126.0
11.0,-64.0,-950.0
-54.0,-83.0,-812.0
-27.0,95.0,-938.0
-31.0,128.0,-1112.0
-5.0,121.0,-1143.0
-76.0,60.0,-1042.0
17.0,37.0,-1052.0
23.0,-40.0,-1013.0
39.0,-46.0,-966.0
-33.0,-66.0,-894.0
-54.0,81.0,-997.0
0.0,177.0,-1097.0
-89.0,91.0,-1054.0
-7.0,7.0,-983.0
-25.0,-13.0,-1048.0
52.0,13.0,-1061.0
35.0,0.0,-1046.0
-1.0,-56.0,-938.0
-42.0,-56.0,-987.0
5.0,126.0,-981.0
-80.0,255.0,-944.0
-13.0,156.0,-1042.0
-62.0,-11.0,-1206.0
89.0,-72.0,-1202.0
39.0,-177.0,-981.0
7.0,39.0,-751.0
-58.0,83.0,-860.0
29.0,226.0,-1077.0
-46.0,95.0,-1169.0
-9.0,-3.0,-1112.0
-46.0,-39.0,-1042.0
66.0,5.0,-1016.0
21.0,-3.0,-942.0
33.0,-54.0,-938.0
-76.0,-48.0,-1001.0
9.0,115.0,-1032.0
-54.0,181.0,-1042.0
-13.0,142.0,-968.0
-66.0,3.0,-1081.0
89.0,-62.0,-1143.0
23.0,-23.0,-1015.0
68.0,-44.0,-829.0
-89.0,13.0,-882.0
35.0,126.0,-1026.0
-3.0,103.0,-1143.0
-13.0,83.0,-1063.0
-56.0,-40.0,-1032.0
58.0,13.0,-1020.0
74.0,-89.0,-1013.0
52.0,-9.0,-874.0
-56.0,-25.0,-962.0
33.0,162.0,-1038.0
-44.0,136.0,-1052.0
-17.0,97.0,-985.0
-60.0,-21.0,-1056.0
68.0,31.0,-1046.0
60.0,-15.0,-1093.0
39.0,-19.0,-935.0
-50.0,-117.0,-968.0
56.0,39.0,-940.0
-33.0,201.0,-1007.0
-11.0,181.0,-981.0
-89.0,62.0,-1141.0
64.0,-56.0,-1175.0
56.0,-87.0,-1108.0
66.0,-62.0,-819.0
-81.0,15.0,-778.0
66.0,171.0,-966.0
-39.0,163.0,-1177.0
21.0,46.0,-1138.0
-60.0,-27.0,-1048.0
37.0,-3.0,-1028.0
17.0,29.0,-987.0
54.0,-37.0,-933.0
-56.0,-54.0,-946.0
31.0,13.0,-1044.0
-74.0,203.0,-1095.0
-35.0,124.0,-962.0
-78.0,130.0,-1020.0
56.0,-37.0,-1128.0
37.0,-58.0,-1102.0
44.0,-78.0,-905.0
-103.0,11.0,-841.0
44.0,50.0,-954.0
-42.0,204.0,-1120.0
9.0,46.0,-1114.0
-74.0,66.0,-1054.0
23.0,-15.0,-1005.0
17.0,-42.0,-1020.0
74.0,-64.0,-976.0
-78.0,-29.0,-962.0
1.0,85.0,-1020.0
-50.0,201.0,-1028.0
-19.0,140.0,-1024.0
-72.0,46.0,-989.0
9.0,-13.0,-1097.0
5.0,-5.0,-1112.0
66.0,-42.0,-1015.0
-35.0,-70.0,-888.0
7.0,0.0,-913.0
-42.0,81.0,-1009.0
-1.0,187.0,-1040.0
-78.0,117.0,-1026.0
27.0,35.0,-1182.0
17.0,-76.0,-1130.0
72.0,-111.0,-950.0
-68.0,-66.0,-767.0
-42.0,169.0,-901.0
-40.0,222.0,-1114.0
-9.0,52.0,-1186.0
-68.0,-54.0,-1085.0
-40.0,27.0,-1016.0
27.0,1.0,-1015.0
11.0,44.0,-938.0
27.0,-81.0,-923.0
-46.0,-23.0,-1026.0
-48.0,105.0,-1077.0
-64.0,210.0,-1003.0
-44.0,132.0,-981.0
-76.0,-17.0,-1095.0
103.0,-83.0,-1136.0
50.0,-72.0,-1024.0
27.0,-27.0,-815.0
-78.0,107.0,-890.0
83.0,134.0,-1052.0
-54.0,142.0,-1136.0
-11.0,113.0,-1063.0
-81.0,15.0,-1044.0
62.0,-9.0,-1063.0
37.0,-64.0,-1001.0
103.0,-74.0,-935.0
-80.0,23.0,-991.0
58.0,119.0,-1016.0
-64.0,193.0,-1042.0
9.0,42.0,-958.0
-83.0,-15.0,-1095.0
103.0,-5.0,-1126.0
7.0,13.0,-1065.0
29.0,-39.0,-882.0
-81.0,-64.0,-895.0
83.0,76.0,-954.0
-33.0,179.0,-1069.0
-39.0,175.0,-1007.0
-78.0,56.0,-1159.0
119.0,-64.0,-1175.0
31.0,-113.0,-1024.0
66.0,-33.0,-769.0
-46.0,13.0,-817.0
39.0,251.0,-1038.0
-25.0,111.0,-1214.0
11.0,-5.0,-1118.0
-44.0,-25.0,-1005.0
66.0,3.0,-999.0
46.0,64.0,-962.0
54.0,-58.0,-925.0
-72.0,-80.0,-1011.0
33.0,70.0,-1030.0
-21.0,152.0,-1057.0
-33.0,199.0,-977.0
-72.0,25.0,-1034.0
54.0,-29.0,-1134.0
31.0,-78.0,-1118.0
17.0,-21.0,-899.0
-76.0,-9.0,-851.0
44.0,107.0,-991.0
-31.0,179.0,-1143.0
-35.0,83.0,-1071.0
-42.0,21.0,-1024.0
21.0,40.0,-1009.0
56.0,-64.0,-1044.0
54.0,-64.0,-964.0
-42.0,-46.0,-948.0
44.0,101.0,-1003.0
-37.0,171.0,-1028.0
-17.0,146.0,-983.0
-74.0,29.0,-1040.0
52.0,13.0,-1145.0
11.0,5.0,-1126.0
62.0,-48.0,-913.0
-80.0,-101.0,-843.0
21.0,80.0,-935.0
-35.0,105.0,-1081.0
-31.0,138.0,-1059.0
-89.0,163.0,-1106.0
58.0,-35.0,-1169.0
80.0,-113.0,-1116.0
44.0,-93.0,-839.0
-66.0,-40.0,-778.0
19.0,144.0,-970.0
-33.0,212.0,-1175.0
-7.0,3.0,-1165.0
-81.0,5.0,-1040.0
15.0,-27.0,-997.0
-7.0,48.0,-981.0
35.0,-40.0,-954.0
-70.0,-40.0,-938.0
1.0,-9.0,-1042.0
-21.0,107.0,-1093.0
-64.0,191.0,-958.0
-35.0,148.0,-952.0
-5.0,-58.0,-1106.0
66.0,-19.0,-1149.0
64.0,-140.0,-970.0
-39.0,25.0,-839.0
-23.0,66.0,-929.0
19.0,165.0,-1081.0
1.0,74.0,-1108.0
-44.0,66.0,-1034.0
-23.0,7.0,-1018.0
17.0,27.0,-1067.0
17.0,-25.0,-1005.0
9.0,-40.0,-942.0
-39.0,-25.0,-1003.0
-3.0,195.0,-999.0
-42.0,154.0,-976.0
-11.0,89.0,-1015.0
-48.0,-3.0,-1157.0
68.0,-48.0,-1186.0
3.0,-37.0,-1016.0
-3.0,15.0,-804.0
-31.0,-33.0,-892.0
7.0,138.0,-1009.0
-44.0,119.0,-1093.0
-31.0,140.0,-1056.0
-48.0,-25.0,-1165.0
78.0,-19.0,-1116.0
40.0,-156.0,-933.0
-7.0,-48.0,-749.0
-39.0,31.0,-907.0
-13.0,257.0,-1124.0
-54.0,81.0,-1190.0
-27.0,58.0,-1032.0
-23.0,-80.0,-1048.0
0.0,29.0,-1005.0
46.0,23.0,-964.0
42.0,-42.0,-929.0
-74.0,-80.0,-1044.0
29.0,54.0,-1075.0
-44.0,175.0,-991.0
-15.0,148.0,-929.0
-70.0,27.0,-1077.0
89.0,-54.0,-1141.0
3.0,-76.0,-1075.0
50.0,-35.0,-847.0
-87.0,52.0,-874.0
89.0,150.0,-1016.0
-68.0,177.0,-1112.0
39.0,21.0,-1065.0
-91.0,25.0,-1038.0
107.0,5.0,-1059.0
11.0,-21.0,-993.0
138.0,-54.0,-952.0
-80.0,-54.0,-976.0
93.0,99.0,-997.0
-78.0,271.0,-993.0
7.0,85.0,-948.0
-103.0,74.0,-1089.0
107.0,-31.0,-1165.0
19.0,5.0,-1075.0
78.0,-83.0,-827.0
-101.0,1.0,-831.0
99.0,31.0,-960.0
-58.0,134.0,-1097.0
3.0,99.0,-1065.0
-101.0,81.0,-1163.0
107.0,-27.0,-1128.0
29.0,-31.0,-1016.0
93.0,-85.0,-798.0
-81.0,-42.0,-851.0
46.0,121.0,-1069.0
-46.0,185.0,-1165.0
-5.0,39.0,-1087.0
-85.0,-31.0,-1034.0
25.0,-5.0,-1005.0
5.0,3.0,-976.0
33.0,7.0,-919.0
-46.0,-109.0,-1016.0
25.0,56.0,-1048.0
-39.0,134.0,-1020.0
-54.0,165.0,-948.0
-80.0,83.0,-1015.0
21.0,29.0,-1128.0
62.0,-78.0,-1155.0
21.0,-68.0,-931.0
-50.0,-85.0,-849.0
25.0,152.0,-936.0
11.0,163.0,-1100.0
-7.0,154.0,-1098.0
-46.0,5.0,-1042.0
29.0,39.0,-1067.0
35.0,-39.0,-1063.0
25.0,-25.0,-999.0
-21.0,-87.0,-923.0
13.0,70.0,-1001.0
-27.0,150.0,-1024.0
-48.0,163.0,-983.0
-72.0,91.0,-1022.0
7.0,1.0,-1180.0
44.0,-48.0,-1163.0
39.0,-105.0,-952.0
-60.0,-19.0,-786.0
-9.0,111.0,-907.0
-7.0,134.0,-1098.0
-52.0,150.0,-1081.0
-56.0,66.0,-1130.0
9.0,15.0,-1124.0
70.0,-39.0,-1050.0
31.0,-121.0,-854.0
-39.0,-83.0,-819.0
-37.0,109.0,-985.0
13.0,158.0,-1151.0
-60.0,111.0,-1122.0
-54.0,19.0,-1034.0
-11.0,-52.0,-1005.0
31.0,9.0,-1013.0
-40.0,3.0,-958.0
0.0,-60.0,-1013.0
-33.0,-44.0,-1056.0
-35.0,113.0,-1036.0
-54.0,160.0,-964.0
-37.0,154.0,-958.0
-31.0,-3.0,-1139.0
78.0,-58.0,-1167.0
3.0,-58.0,-1013.0
56.0,-19.0,-868.0
-46.0,46.0,-899.0
56.0,191.0,-1024.0
-62.0,119.0,-1077.0
1.0,17.0,-1065.0
-68.0,9.0,-1061.0
48.0,27.0,-1040.0
48.0,-44.0,-1015.0
52.0,-50.0,-919.0
-64.0,-33.0,-958.0
33.0,163.0,-989.0
-21.0,146.0,-1026.0
-42.0,169.0,-997.0
-70.0,-3.0,-1134.0
97.0,-46.0,-1188.0
35.0,-52.0,-1048.0
46.0,-44.0,-794.0
-60.0,-13.0,-849.0
50.0,156.0,-972.0
-50.0,121.0,-1128.0
-23.0,142.0,-1087.0
-44.0,-17.0,-1124.0
72.0,-31.0,-1079.0
23.0,-74.0,-911.0
56.0,-50.0,-790.0
-80.0,21.0,-933.0
31.0,113.0,-1118.0
-76.0,154.0,-1147.0
19.0,54.0,-1040.0
-44.0,-46.0,-1009.0
66.0,27.0,-976.0
31.0,-5.0,-1005.0
66.0,-37.0,-976.0
-58.0,-58.0,-1028.0
39.0,31.0,-1030.0
-52.0,193.0,-983.0
0.0,162.0,-931.0
-62.0,54.0,-1063.0
78.0,-13.0,-1136.0
44.0,-74.0,-1112.0
85.0,-103.0,-931.0
-74.0,-21.0,-843.0
50.0,165.0,-940.0
-40.0,189.0,-1081.0
21.0,74.0,-1102.0
-66.0,31.0,-1075.0
80.0,-7.0,-1067.0
-11.0,17.0,-1054.0
109.0,-85.0,-927.0
-76.0,-56.0,-931.0
54.0,76.0,-999.0
-76.0,163.0,-1024.0
5.0,140.0,-981.0
-99.0,117.0,-1052.0
66.0,-19.0,-1177.0
33.0,-40.0,-1143.0
50.0,-111.0,-864.0
-91.0,-3.0,-792.0
37.0,39.0,-933.0
-80.0,212.0,-1097.0
-13.0,99.0,-1095.0
-62.0,105.0,-1139.0
74.0,-21.0,-1098.0
1.0,-39.0,-1011.0
39.0,-91.0,-823.0
-62.0,-58.0,-899.0
-3.0,87.0,-1057.0
-68.0,197.0,-1171.0
-29.0,117.0,-1079.0
-42.0,-9.0,-1015.0
-13.0,-42.0,-1020.0
15.0,29.0,-1013.0
25.0,15.0,-993.0
-46.0,-91.0,-993.0
-23.0,-27.0,-1040.0
-35.0,113.0,-989.0
-27.0,185.0,-929.0
-68.0,181.0,-1003.0
-33.0,-46.0,-1159.0
66.0,-54.0,-1167.0
11.0,-117.0,-968.0
25.0,-19.0,-833.0
-39.0,134.0,-909.0
15.0,197.0,-1042.0
-39.0,78.0,-1116.0
-46.0,19.0,-1054.0
-33.0,17.0,-1095.0
29.0,-11.0,-1038.0
70.0,-9.0,-966.0
7.0,-80.0,-913.0
-56.0,25.0,-1001.0
17.0,70.0,-1032.0
-64.0,210.0,-983.0
-23.0,122.0,-1028.0
-50.0,-17.0,-1165.0
72.0,-44.0,-1167.0
11.0,-66.0,-979.0
25.0,-13.0,-817.0
-66.0,17.0,-909.0
37.0,165.0,-1036.0
-72.0,146.0,-1132.0
-21.0,130.0,-1102.0
-60.0,-11.0,-1108.0
97.0,-50.0,-1048.0
-33.0,-56.0,-897.0
56.0,-46.0,-845.0
-66.0,9.0,-993.0
29.0,146.0,-1087.0
-54.0,162.0,-1110.0
5.0,13.0,-1024.0
-91.0,-23.0,-991.0
89.0,-1.0,-1001.0
0.0,29.0,-1003.0
72.0,-74.0,-989.0
-91.0,-54.0,-1032.0
66.0,66.0,-979.0
-44.0,160.0,-952.0
-29.0,197.0,-954.0
-80.0,11.0,-1132.0
83.0,-46.0,-1175.0
5.0,-76.0,-1091.0
58.0,-76.0,-825.0
-76.0,15.0,-839.0
42.0,177.0,-964.0
-37.0,142.0,-1141.0
-13.0,74.0,-1063.0
-56.0,-21.0,-1077.0
52.0,11.0,-1044.0
44.0,-33.0,-1016.0
21.0,0.0,-882.0
-56.0,-99.0,-956.0
25.0,101.0,-1015.0
-64.0,167.0,-1048.0
-48.0,163.0,-956.0
-48.0,21.0,-1124.0
44.0,13.0,-1112.0
66.0,-97.0,-1128.0
35.0,-46.0,-837.0
-80.0,1.0,-819.0
50.0,81.0,-964.0
-66.0,181.0,-1153.0
-1.0,126.0,-1085.0
-68.0,5.0,-1095.0
78.0,23.0,-1038.0
35.0,-56.0,-960.0
42.0,-50.0,-892.0
-52.0,-58.0,-927.0
11.0,122.0,-1046.0
-21.0,195.0,-1126.0
-29.0,83.0,-1044.0
-42.0,7.0,-970.0
40.0,0.0,-1016.0
25.0,13.0,-1065.0
44.0,-62.0,-1030.0
-58.0,-76.0,-968.0
25.0,-1.0,-989.0
-27.0,154.0,-1007.0
-33.0,169.0,-942.0
-66.0,150.0,-1026.0
56.0,-27.0,-1229.0
9.0,-83.0,-1175.0
52.0,-150.0,-907.0
-89.0,-19.0,-759.0
29.0,150.0,-935.0
-11.0,177.0,-1114.0
-21.0,76.0,-1126.0
-68.0,5.0,-1071.0
27.0,-1.0,-1054.0
29.0,35.0,-1048.0
37.0,-50.0,-936.0
-56.0,-35.0,-884.0
0.0,-25.0,-1015.0
-33.0,158.0,-1061.0
-35.0,171.0,-1020.0
-54.0,107.0,-1009.0
9.0,-3.0,-1122.0
42.0,-56.0,-1167.0
56.0,-107.0,-935.0
-44.0,-25.0,-796.0
3.0,70.0,-938.0
-42.0,187.0,-1079.0
-7.0,117.0,-1145.0
-78.0,99.0,-1075.0
-3.0,-37.0,-1046.0
11.0,-37.0,-1028.0
23.0,-50.0,-919.0
-25.0,-31.0,-917.0
-29.0,21.0,-1015.0
-21.0,208.0,-1108.0
-54.0,68.0,-1052.0
-40.0,56.0,-989.0
-48.0,-23.0,-1032.0
17.0,60.0,-1032.0
56.0,-19.0,-1059.0
0.0,-52.0,-972.0
-54.0,-109.0,-999.0
-1.0,87.0,-958.0
-44.0,245.0,-927.0
-31.0,152.0,-993.0
-66.0,21.0,-1186.0
70.0,-83.0,-1200.0
35.0,-109.0,-1040.0
35.0,-5.0,-751.0
-85.0,80.0,-866.0
64.0,154.0,-1028.0
-72.0,160.0,-1165.0
60.0,19.0,-1089.0
-81.0,-25.0,-1077.0
81.0,35.0,-1026.0
39.0,-9.0,-972.0
76.0,-25.0,-886.0
-93.0,-60.0,-981.0
62.0,76.0,-1005.0
-68.0,232.0,-1071.0
-7.0,99.0,-964.0
-89.0,58.0,-1091.0
99.0,-48.0,-1145.0
21.0,-31.0,-1038.0
81.0,-66.0,-837.0
-132.0,9.0,-856.0
87.0,119.0,-1018.0
-68.0,171.0,-1165.0
33.0,91.0,-1069.0
-89.0,7.0,-1034.0
89.0,5.0,-1024.0
1.0,-25.0,-1024.0
117.0,-50.0,-899.0
-109.0,-31.0,-972.0
72.0,103.0,-1044.0
-56.0,162.0,-1071.0
11.0,95.0,-1007.0
-66.0,-17.0,-1028.0
46.0,13.0,-1046.0
-1.0,-3.0,-1081.0
56.0,-54.0,-968.0
-68.0,-109.0,-981.0
50.0,35.0,-936.0
-46.0,201.0,-981.0
3.0,156.0,-1005.0
-105.0,121.0,-1095.0
66.0,-13.0,-1210.0
48.0,-162.0,-1143.0
35.0,-50.0,-854.0
-95.0,-27.0,-769.0
68.0,165.0,-954.0
-46.0,220.0,-1157.0
23.0,44.0,-1147.0
-85.0,-52.0,-1040.0
35.0,19.0,-1024.0
-7.0,3.0,-1001.0
74.0,-17.0,-942.0
-58.0,-68.0,-903.0
25.0,19.0,-1032.0
-56.0,148.0,-1075.0
-21.0,175.0,-977.0
-76.0,140.0,-1005.0
35.0,-17.0,-1163.0
54.0,-52.0,-1122.0
60.0,-128.0,-948.0
-74.0,-52.0,-794.0
-1.0,163.0,-942.0
13.0,146.0,-1141.0
7.0,150.0,-1134.0
-56.0,52.0,-1028.0
21.0,-1.0,-1018.0
17.0,-64.0,-1042.0
25.0,-35.0,-970.0
-56.0,-68.0,-923.0
1.0,72.0,-1022.0
-21.0,122.0,-1069.0
-42.0,146.0,-1022.0
-44.0,21.0,-974.0
-9.0,21.0,-1079.0
44.0,-3.0,-1126.0
-3.0,-3.0,-1018.0
-7.0,-54.0,-915.0
0.0,-44.0,-956.0
-17.0,130.0,-972.0
-31.0,232.0,-1020.0
-33.0,136.0,-1009.0
-17.0,17.0,-1227.0
48.0,-91.0,-1177.0
40.0,-158.0,-946.0
-15.0,-54.0,-747.0
-56.0,152.0,-892.0
15.0,179.0,-1122.0
-29.0,128.0,-1169.0
-64.0,-31.0,-1077.0
-29.0,7.0,-1020.0
29.0,19.0,-1016.0
40.0,19.0,-962.0
25.0,-72.0,-919.0
-60.0,-31.0,-997.0
13.0,126.0,-1059.0
-46.0,158.0,-1028.0
-25.0,146.0,-1001.0
-62.0,13.0,-1081.0
103.0,-60.0,-1139.0
27.0,-64.0,-1048.0
33.0,-31.0,-815.0
-89.0,21.0,-882.0
60.0,162.0,-1057.0
-19.0,111.0,-1141.0
-54.0,107.0,-1048.0
-76.0,-42.0,-1020.0
40.0,19.0,-1013.0
52.0,-50.0,-993.0
80.0,-35.0,-954.0
-91.0,-21.0,-991.0
60.0,119.0,-1022.0
-54.0,140.0,-1038.0
-15.0,105.0,-966.0
-80.0,-21.0,-1067.0
95.0,46.0,-1141.0
29.0,-11.0,-1085.0
72.0,-42.0,-888.0
-72.0,-105.0,-917.0
74.0,66.0,-946.0
-83.0,191.0,-1032.0
-1.0,148.0,-1009.0
-130.0,107.0,-1120.0
115.0,-29.0,-1180.0
33.0,-138.0,-1059.0
81.0,-54.0,-782.0
-81.0,1.0,-784.0
70.0,224.0,-1011.0
-42.0,154.0,-1212.0
25.0,13.0,-1126.0
-78.0,3.0,-1015.0
89.0,13.0,-993.0
39.0,7.0,-999.0
70.0,-56.0,-919.0
-80.0,-64.0,-977.0
25.0,85.0,-1028.0
-35.0,144.0,-1087.0
-23.0,162.0,-968.0
-95.0,70.0,-997.0
56.0,-35.0,-1132.0
31.0,-39.0,-1128.0
48.0,-115.0,-882.0
-95.0,13.0,-843.0
42.0,72.0,-935.0
-35.0,169.0,-1163.0
19.0,124.0,-1057.0
-56.0,50.0,-1056.0
66.0,-5.0,-1001.0
-19.0,-29.0,-1048.0
89.0,-76.0,-981.0
-109.0,-50.0,-952.0
60.0,70.0,-977.0
-76.0,210.0,-1054.0
-5.0,103.0,-985.0
-95.0,7.0,-1005.0
58.0,29.0,-1110.0
9.0,-25.0,-1171.0
52.0,-68.0,-958.0
-93.0,-50.0,-835.0
74.0,-13.0,-936.0
-76.0,156.0,-1034.0
5.0,177.0,-1022.0
-81.0,173.0,-1069.0
33.0,-3.0,-1200.0
31.0,-99.0,-1134.0
81.0,-124.0,-866.0
-68.0,-50.0,-763.0
-5.0,163.0,-935.0
-27.0,187.0,-1171.0
0.0,74.0,-1177.0
-93.0,0.0,-1046.0
48.0,-19.0,-999.0
-13.0,60.0,-993.0
58.0,-15.0,-977.0
-60.0,-85.0,-940.0
-40.0,-11.0,-1022.0
-11.0,101.0,-1081.0
-62.0,195.0,-964.0
-33.0,154.0,-964.0
-25.0,-15.0,-1132.0
85.0,-70.0,-1161.0
35.0,-117.0,-991.0
-23.0,29.0,-812.0
-48.0,50.0,-931.0
11.0,189.0,-1079.0
-54.0,109.0,-1130.0
-29.0,54.0,-1056.0
-62.0,-3.0,-1032.0
29.0,-3.0,-1024.0
39.0,-35.0,-987.0
48.0,-44.0,-958.0
-44.0,-15.0,-1001.0
11.0,134.0,-983.0
-48.0,199.0,-1003.0
-11.0,31.0,-989.0
-91.0,23.0,-1116.0
81.0,-1.0,-1180.0
21.0,9.0,-1040.0
89.0,-70.0,-868.0
-99.0,-5.0,-890.0
39.0,80.0,-972.0
-54.0,163.0,-1077.0
-25.0,160.0,-1052.0
-56.0,93.0,-1167.0
87.0,-109.0,-1149.0
3.0,-95.0,-1001.0
23.0,-62.0,-745.0
-54.0,76.0,-851.0
13.0,197.0,-1085.0
-48.0,162.0,-1206.0
-13.0,-21.0,-1050.0
-31.0,-13.0,-1022.0
13.0,31.0,-987.0
62.0,60.0,-976.0
21.0,-52.0,-925.0
-64.0,-85.0,-1052.0
21.0,62.0,-1042.0
-40.0,212.0,-1020.0
-27.0,183.0,-962.0
-81.0,33.0,-1067.0
68.0,-29.0,-1132.0
54.0,-99.0,-1098.0
35.0,-40.0,-864.0
-97.0,9.0,-853.0
66.0,119.0,-983.0
-46.0,124.0,-1122.0
11.0,80.0,-1077.0
-68.0,29.0,-1042.0
33.0,-7.0,-1015.0
11.0,-3.0,-1018.0
48.0,-80.0,-952.0
-64.0,-64.0,-985.0
33.0,105.0,-993.0
-52.0,234.0,-1042.0
-37.0,91.0,-952.0
-89.0,15.0,-1063.0
83.0,9.0,-1155.0
15.0,-21.0,-1145.0
66.0,-48.0,-903.0
-95.0,-80.0,-815.0
87.0,46.0,-917.0
-46.0,163.0,-1104.0
7.0,156.0,-1016.0
-103.0,142.0,-1116.0
80.0,-13.0,-1159.0
52.0,-87.0,-1056.0
76.0,-115.0,-792.0
-70.0,-35.0,-831.0
40.0,160.0,-995.0
-29.0,191.0,-1192.0
-1.0,70.0,-1100.0
-70.0,-7.0,-1052.0
64.0,-9.0,-1005.0
15.0,46.0,-991.0
35.0,-42.0,-946.0
-62.0,-85.0,-981.0
33.0,13.0,-1054.0
-42.0,121.0,-1067.0
-46.0,181.0,-968.0
-60.0,126.0,-940.0
46.0,-31.0,-1124.0
50.0,-62.0,-1184.0
44.0,-105.0,-970.0
-60.0,-48.0,-829.0
19.0,95.0,-917.0
-13.0,179.0,-1081.0
-7.0,105.0,-1104.0
-81.0,58.0,-1063.0
0.0,13.0,-1044.0
-7.0,-27.0,-1050.0
64.0,-62.0,-972.0
-21.0,-40.0,-950.0
35.0,3.0,-993.0
-46.0,204.0,-1009.0
-15.0,115.0,-995.0
-66.0,76.0,-1022.0
-9.0,-3.0,-1145.0
13.0,-19.0,-1173.0
44.0,-83.0,-1007.0
-13.0,-21.0,-796.0
-19.0,21.0,-897.0
-25.0,144.0,-1036.0
-35.0,103.0,-1104.0
-66.0,181.0,-1085.0
-21.0,3.0,-1169.0
62.0,-52.0,-1081.0
50.0,-146.0,-919.0
-37.0,-29.0,-780.0
-15.0,74.0,-972.0
-1.0,265.0,-1130.0
-70.0,80.0,-1179.0
-42.0,0.0,-1046.0
-13.0,-19.0,-1011.0
27.0,42.0,-977.0
35.0,9.0,-974.0
15.0,-44.0,-962.0
-54.0,-95.0,-1069.0
-5.0,97.0,-1020.0
-56.0,187.0,-1003.0
-1.0,183.0,-907.0
-78.0,1.0,-1116.0
115.0,-50.0,-1145.0
-7.0,-78.0,-1054.0
70.0,-40.0,-866.0
-91.0,37.0,-886.0
72.0,162.0,-997.0
-46.0,117.0,-1128.0
5.0,80.0,-1052.0
-80.0,7.0,-1059.0
93.0,5.0,-1034.0
25.0,-5.0,-1022.0
103.0,-81.0,-923.0
-81.0,-85.0,-974.0
81.0,134.0,-979.0
-76.0,181.0,-1009.0
3.0,117.0,-979.0
-97.0,50.0,-1108.0
87.0,-46.0,-1155.0
-7.0,-15.0,-1110.0
70.0,-60.0,-815.0
-113.0,-15.0,-853.0
72.0,72.0,-938.0
-68.0,189.0,-1132.0
-3.0,95.0,-1061.0
-99.0,124.0,-1128.0
101.0,-37.0,-1097.0
35.0,-60.0,-1016.0
97.0,-124.0,-771.0
-91.0,17.0,-882.0
48.0,134.0,-1071.0
-46.0,195.0,-1192.0
-7.0,64.0,-1046.0
-50.0,-31.0,-1030.0
66.0,-17.0,-1022.0
-19.0,64.0,-968.0
80.0,-39.0,-944.0
-78.0,-78.0,-1011.0
31.0,17.0,-1052.0
-70.0,171.0,-1009.0
-5.0,167.0,-942.0
-81.0,117.0,-1015.0
80.0,-19.0,-1141.0
35.0,-89.0,-1149.0
46.0,-70.0,-968.0
-91.0,-74.0,-841.0
46.0,156.0,-948.0
-64.0,197.0,-1071.0
25.0,68.0,-1089.0
-91.0,17.0,-1052.0
64.0,19.0,-1089.0
-17.0,-21.0,-1042.0
81.0,-78.0,-936.0
-66.0,-80.0,-899.0
33.0,64.0,-993.0
-58.0,162.0,-1048.0
-39.0,169.0,-989.0
-78.0,95.0,-1022.0
35.0,-31.0,-1182.0
21.0,-40.0,-1139.0
72.0,-78.0,-938.0
-68.0,-44.0,-794.0
35.0,80.0,-929.0
-48.0,128.0,-1063.0
-11.0,156.0,-1087.0
-74.0,121.0,-1104.0
66.0,15.0,-1136.0
33.0,-56.0,-1042.0
68.0,-119.0,-849.0
-91.0,-64.0,-813.0
35.0,122.0,-1030.0
-42.0,203.0,-1169.0
-27.0,148.0,-1112.0
-72.0,-39.0,-1028.0
-1.0,13.0,-993.0
1.0,-5.0,-976.0
31.0,74.0,-1005.0
-40.0,-66.0,-1007.0
-7.0,-58.0,-1048.0
-52.0,95.0,-995.0
-21.0,234.0,-966.0
-50.0,158.0,-956.0
-29.0,19.0,-1141.0
35.0,-91.0,-1169.0
11.0,-72.0,-1024.0
5.0,-64.0,-827.0
-25.0,115.0,-907.0
3.0,171.0,-991.0
-13.0,122.0,-1098.0
-68.0,17.0,-1065.0
-56.0,17.0,-1085.0
44.0,13.0,-1052.0
83.0,-13.0,-987.0
11.0,-68.0,-913.0
-66.0,-33.0,-958.0
31.0,113.0,-1030.0
-15.0,183.0,-1018.0
-64.0,152.0,-995.0
-42.0,-9.0,-1147.0
54.0,-64.0,-1169.0
33.0,-54.0,-1030.0
17.0,-13.0,-788.0
-54.0,-3.0,-856.0
52.0,103.0,-1015.0
-76.0,177.0,-1104.0
1.0,78.0,-1089.0
-60.0,29.0,-1112.0
81.0,-15.0,-1085.0
19.0,-68.0,-901.0
48.0,-44.0,-813.0
-64.0,-23.0,-960.0
46.0,181.0,-1122.0
-39.0,179.0,-1159.0
-9.0,56.0,-1030.0
-56.0,-64.0,-989.0
74.0,35.0,-991.0
27.0,13.0,-1001.0
80.0,-39.0,-1007.0
-74.0,-99.0,-1040.0
64.0,25.0,-974.0
-44.0,136.0,-962.0
-11.0,222.0,-929.0
-91.0,60.0,-1098.0
119.0,-35.0,-1171.0
9.0,-126.0,-1083.0
101.0,-85.0,-895.0
-105.0,-35.0,-835.0
85.0,185.0,-974.0
-74.0,171.0,-1114.0
9.0,64.0,-1083.0
-87.0,-19.0,-1085.0
93.0,39.0,-1052.0
0.0,-23.0,-1063.0
81.0,-52.0,-892.0
-64.0,-64.0,-931.0
56.0,35.0,-999.0
-64.0,150.0,-1067.0
-29.0,179.0,-966.0
-78.0,72.0,-1091.0
81.0,-1.0,-1130.0
37.0,-81.0,-1120.0
33.0,-76.0,-833.0
-83.0,-29.0,-823.0
64.0,105.0,-958.0
-66.0,162.0,-1122.0
-31.0,97.0,-1079.0
-91.0,89.0,-1122.0
101.0,1.0,-1052.0
-3.0,-31.0,-1024.0
56.0,-81.0,-847.0
-70.0,-76.0,-897.0
37.0,72.0,-1042.0
-78.0,232.0,-1157.0
13.0,111.0,-1059.0
-66.0,9.0,-995.0
31.0,-31.0,-983.0
-19.0,17.0,-1042.0
60.0,-52.0,-1001.0
-64.0,-42.0,-976.0
21.0,-44.0,-1007.0
-42.0,148.0,-1015.0
-58.0,162.0,-903.0
-46.0,152.0,-1013.0
17.0,-17.0,-1179.0
37.0,-35.0,-1184.0
29.0,-189.0,-991.0
-52.0,11.0,-810.0
-19.0,115.0,-892.0
15.0,187.0,-1087.0
-40.0,93.0,-1116.0
-83.0,72.0,-1054.0
0.0,-50.0,-1097.0
-5.0,23.0,-1061.0
44.0,-56.0,-923.0
-3.0,-23.0,-890.0
-21.0,-19.0,-1003.0
-9.0,119.0,-1036.0
-52.0,138.0,-1022.0
-48.0,175.0,-1036.0
-39.0,-19.0,-1159.0
68.0,-3.0,-1165.0
52.0,-124.0,-952.0
11.0,-11.0,-813.0
-35.0,23.0,-919.0
-5.0,171.0,-1075.0
-37.0,160.0,-1139.0
-68.0,85.0,-1073.0
9.0,-40.0,-1097.0
31.0,-40.0,-1013.0
9.0,-50.0,-936.0
-19.0,-40.0,-876.0
-21.0,1.0,-1001.0
-25.0,163.0,-1085.0
-46.0,136.0,-1122.0
-19.0,52.0,-1005.0
-52.0,-3.0,-1016.0
68.0,44.0,-989.0
42.0,9.0,-1054.0
31.0,-87.0,-1005.0
-91.0,-33.0,-1052.0
52.0,83.0,-962.0
-23.0,183.0,-938.0
-37.0,181.0,-970.0
-89.0,54.0,-1145.0
101.0,-78.0,-1223.0
-3.0,-54.0,-1069.0
107.0,-103.0,-792.0
-103.0,46.0,-802.0
81.0,146.0,-1005.0
-64.0,160.0,-1126.0
0.0,60.0,-1085.0
-83.0,-21.0,-1095.0
56.0,-7.0,-1022.0
33.0,-11.0,-981.0
37.0,-17.0,-899.0
-74.0,-42.0,-968.0
48.0,70.0,-1024.0
-74.0,181.0,-1054.0
-21.0,142.0,-979.0
-66.0,23.0,-1093.0
62.0,19.0,-1155.0
46.0,-56.0,-1054.0
46.0,-64.0,-835.0
-80.0,-33.0,-829.0
40.0,54.0,-987.0
-60.0,216.0,-1143.0
11.0,111.0,-1079.0
-97.0,37.0,-1081.0
85.0,-48.0,-1028.0
7.0,-29.0,-954.0
72.0,-25.0,-895.0
-78.0,-44.0,-974.0
37.0,119.0,-1052.0
-64.0,152.0,-1083.0
39.0,99.0,-1015.0
-72.0,1.0,-1007.0
68.0,29.0,-1009.0
-13.0,-5.0,-1059.0
89.0,-56.0,-1001.0
-83.0,-105.0,-970.0
85.0,-3.0,-970.0
-52.0,181.0,-974.0
-23.0,230.0,-917.0
-74.0,44.0,-1063.0
66.0,-39.0,-1182.0
60.0,-78.0,-1180.0
83.0,-99.0,-866.0
-85.0,-9.0,-796.0
52.0,117.0,-895.0
-25.0,177.0,-1145.0
17.0,126.0,-1126.0
-62.0,-15.0,-1083.0
64.0,9.0,-1030.0
31.0,-9.0,-1046.0
56.0,-44.0,-925.0
-56.0,-56.0,-913.0
72.0,11.0,-1020.0
-54.0,115.0,-1042.0
-21.0,177.0,-993.0
-56.0,91.0,-1030.0
40.0,-11.0,-1114.0
33.0,-64.0,-1143.0
70.0,-72.0,-952.0
-74.0,-54.0,-780.0
39.0,74.0,-921.0
-48.0,138.0,-1126.0
-1.0,208.0,-1132.0
-81.0,35.0,-1057.0
17.0,37.0,-1020.0
0.0,-56.0,-1052.0
81.0,-68.0,-946.0
-39.0,-35.0,-903.0
-7.0,46.0,-1011.0
-19.0,177.0,-1093.0
-60.0,113.0,-1069.0
-27.0,29.0,-991.0
-44.0,5.0,-1018.0
37.0,31.0,-1073.0
62.0,-19.0,-1030.0
11.0,-56.0,-970.0
-31.0,-76.0,-1005.0
3.0,134.0,-970.0
-39.0,199.0,-956.0
-40.0,171.0,-1013.0
-54.0,-13.0,-1204.0
54.0,-64.0,-1218.0
17.0,-152.0,-1011.0
-15.0,5.0,-753.0
-50.0,78.0,-858.0
46.0,214.0,-1075.0
-27.0,113.0,-1169.0
-5.0,9.0,-1106.0
-21.0,-25.0,-1057.0
31.0,50.0,-1028.0
37.0,-31.0,-979.0
50.0,-35.0,-888.0
-78.0,-70.0,-985.0
23.0,115.0,-1034.0
-89.0,189.0,-1071.0
-44.0,121.0,-1011.0
-105.0,95.0,-1097.0
404.0,-66.0,-1110.0
17.0,33.0,-1149.0
862.0,-89.0,-605.0
245.0,126.0,-1005.0
917.0,105.0,-972.0
659.0,142.0,-1104.0
1005.0,-78.0,-1153.0
1155.0,136.0,-1018.0
946.0,134.0,-1223.0
1370.0,-173.0,-1046.0
1134.0,-103.0,-903.0
1358.0,80.0,-921.0
1077.0,281.0,-1073.0
1329.0,46.0,-1079.0
1046.0,-25.0,-991.0
1214.0,54.0,-964.0
1167.0,175.0,-995.0
1167.0,-181.0,-1034.0
1132.0,-130.0,-821.0
974.0,-27.0,-876.0
1112.0,201.0,-843.0
827.0,130.0,-974.0
1036.0,101.0,-907.0
702.0,203.0,-1212.0
1028.0,121.0,-1141.0
786.0,-247.0,-1151.0
985.0,-206.0,-763.0
718.0,132.0,-812.0
936.0,361.0,-981.0
919.0,154.0,-1204.0
936.0,-48.0,-1216.0
979.0,76.0,-1069.0
999.0,185.0,-1024.0
1235.0,-54.0,-935.0
1102.0,-80.0,-968.0
1218.0,25.0,-983.0
1139.0,226.0,-1108.0
1210.0,72.0,-1136.0
1202.0,-33.0,-1081.0
1210.0,222.0,-976.0
1276.0,189.0,-1077.0
1227.0,-146.0,-1067.0
1368.0,-265.0,-923.0
1266.0,-13.0,-827.0
1321.0,220.0,-915.0
1315.0,134.0,-1081.0
1469.0,-76.0,-1052.0
1259.0,218.0,-1009.0
1364.0,39.0,-899.0
1278.0,-119.0,-958.0
1311.0,-279.0,-948.0
1091.0,134.0,-993.0
1110.0,216.0,-1052.0
1065.0,35.0,-1081.0
1102.0,-162.0,-1038.0
1016.0,199.0,-944.0
1139.0,376.0,-991.0
1177.0,-54.0,-1028.0
1251.0,-245.0,-1089.0
1169.0,-60.0,-958.0
1106.0,230.0,-958.0
1202.0,37.0,-925.0
1243.0,158.0,-942.0
1298.0,267.0,-1134.0
1163.0,165.0,-1305.0
1370.0,-288.0,-1186.0
1245.0,-206.0,-981.0
1257.0,122.0,-735.0
1196.0,244.0,-769.0
1372.0,122.0,-1071.0
1301.0,-40.0,-1259.0
1350.0,105.0,-1184.0
1401.0,218.0,-974.0
1473.0,-13.0,-946.0
1440.0,-33.0,-804.0
1510.0,76.0,-823.0
1421.0,271.0,-936.0
1622.0,-185.0,-1151.0
1274.0,27.0,-1298.0
1510.0,148.0,-995.0
1112.0,206.0,-1040.0
1464.0,-189.0,-872.0
1159.0,-19.0,-972.0
1440.0,99.0,-813.0
1204.0,50.0,-989.0
1288.0,85.0,-1056.0
1110.0,87.0,-1075.0
1438.0,146.0,-1100.0
1179.0,306.0,-925.0
1374.0,-181.0,-950.0
1434.0,-232.0,-1056.0
1327.0,39.0,-1095.0
1272.0,347.0,-977.0
1200.0,-25.0,-1124.0
1346.0,-62.0,-1077.0
1249.0,121.0,-1003.0
1262.0,331.0,-1022.0
1282.0,23.0,-1009.0
1335.0,-78.0,-1095.0
1464.0,-105.0,-931.0
1102.0,105.0,-1030.0
1532.0,-17.0,-792.0
1212.0,167.0,-1038.0
1458.0,93.0,-843.0
950.0,42.0,-1210.0
1423.0,-60.0,-1128.0
1249.0,-191.0,-1184.0
1538.0,1.0,-755.0
1122.0,390.0,-813.0
1491.0,78.0,-909.0
1300.0,15.0,-1054.0
1403.0,40.0,-1046.0
1184.0,29.0,-1128.0
1471.0,85.0,-1132.0
1393.0,-249.0,-1015.0
1362.0,-44.0,-786.0
1311.0,136.0,-827.0
1259.0,201.0,-1052.0
1399.0,74.0,-1022.0
1233.0,91.0,-1001.0
1212.0,39.0,-1020.0
1179.0,0.0,-1282.0
1253.0,-25.0,-972.0
1190.0,9.0,-897.0
1089.0,210.0,-769.0
1251.0,-76.0,-929.0
1157.0,42.0,-1046.0
1450.0,-11.0,-1147.0
1206.0,501.0,-1167.0
1627.0,-169.0,-813.0
1409.0,-5.0,-1089.0
1922.0,-363.0,-905.0
1231.0,263.0,-1089.0
1540.0,163.0,-929.0
1098.0,322.0,-1067.0
1661.0,5.0,-1026.0
931.0,-5.0,-1083.0
1464.0,115.0,-858.0
1087.0,99.0,-1153.0
1424.0,-236.0,-897.0
675.0,216.0,-866.0
1434.0,-247.0,-739.0
987.0,320.0,-950.0
1171.0,193.0,-903.0
962.0,263.0,-1071.0
1186.0,-105.0,-1171.0
714.0,-261.0,-1161.0
696.0,-193.0,-1069.0
983.0,134.0,-552.0
638.0,312.0,-933.0
519.0,-42.0,-1206.0
821.0,-124.0,-1231.0
404.0,171.0,-987.0
468.0,261.0,-997.0
622.0,-48.0,-956.0
571.0,91.0,-827.0
435.0,-103.0,-917.0
203.0,15.0,-878.0
400.0,599.0,-1198.0
417.0,-44.0,-1179.0
150.0,-72.0,-1030.0
195.0,-35.0,-979.0
394.0,271.0,-1048.0
251.0,-56.0,-1007.0
87.0,-66.0,-884.0
191.0,-226.0,-913.0
169.0,-85.0,-1126.0
245.0,519.0,-1188.0
101.0,300.0,-851.0
173.0,-238.0,-884.0
341.0,-99.0,-1102.0
25.0,357.0,-1032.0
267.0,-122.0,-708.0
54.0,-349.0,-981.0
333.0,-93.0,-1323.0
-3.0,121.0,-1075.0
103.0,458.0,-735.0
72.0,91.0,-1007.0
435.0,-419.0,-1221.0
136.0,87.0,-1028.0
238.0,-70.0,-874.0
-17.0,232.0,-804.0
404.0,23.0,-866.0
226.0,44.0,-1097.0
294.0,398.0,-1046.0
-42.0,37.0,-1011.0
236.0,121.0,-1290.0
-17.0,-382.0,-1077.0
365.0,-167.0,-632.0
-181.0,62.0,-519.0
353.0,443.0,-1071.0
39.0,265.0,-1124.0
150.0,-195.0,-1032.0
-31.0,-87.0,-1056.0
249.0,9.0,-1091.0
228.0,40.0,-991.0
247.0,249.0,-880.0
17.0,-175.0,-927.0
29.0,85.0,-854.0
52.0,13.0,-1071.0
353.0,-19.0,-1188.0
-85.0,138.0,-1098.0
74.0,70.0,-964.0
115.0,343.0,-977.0
372.0,-232.0,-983.0
-60.0,-103.0,-661.0
134.0,-173.0,-913.0
81.0,382.0,-1173.0
185.0,19.0,-1067.0
66.0,68.0,-1136.0
19.0,-95.0,-958.0
78.0,429.0,-983.0
247.0,-83.0,-991.0
-183.0,-392.0,-1007.0
37.0,134.0,-892.0
-5.0,-119.0,-1100.0
54.0,423.0,-935.0
-238.0,-25.0,-1116.0
132.0,113.0,-979.0
-27.0,-199.0,-1034.0
33.0,-148.0,-776.0
-66.0,-31.0,-907.0
60.0,165.0,-911.0
80.0,380.0,-1075.0
-44.0,-130.0,-1134.0
122.0,-60.0,-1186.0
119.0,304.0,-1134.0
-54.0,302.0,-1108.0
105.0,-384.0,-831.0
-31.0,-458.0,-854.0
11.0,128.0,-952.0
-89.0,216.0,-1024.0
-134.0,417.0,-815.0
-5.0,-70.0,-1063.0
105.0,27.0,-1188.0
-76.0,-208.0,-1050.0
-40.0,206.0,-800.0
1.0,306.0,-858.0
206.0,-150.0,-1110.0
-64.0,-19.0,-1028.0
-17.0,136.0,-1013.0
103.0,17.0,-1069.0
17.0,189.0,-1112.0
-101.0,-81.0,-1056.0
162.0,-263.0,-870.0
-66.0,134.0,-634.0
81.0,-93.0,-964.0
-50.0,179.0,-1069.0
62.0,39.0,-976.0
-89.0,134.0,-1122.0
-245.0,37.0,-991.0
-35.0,-441.0,-1005.0
87.0,464.0,-907.0
-283.0,-162.0,-843.0
-253.0,109.0,-847.0
-64.0,-115.0,-1097.0
-220.0,156.0,-1163.0
-234.0,156.0,-886.0
-368.0,-80.0,-991.0
-3.0,76.0,-993.0
-107.0,179.0,-907.0
-355.0,208.0,-911.0
-527.0,-548.0,-942.0
-581.0,156.0,-827.0
-710.0,136.0,-1249.0
-398.0,497.0,-800.0
-1487.0,185.0,-1210.0
-1087.0,-337.0,-1518.0
-1085.0,0.0,-929.0
-1702.0,-265.0,-732.0
-1321.0,93.0,-573.0
-1788.0,447.0,-1126.0
-1245.0,-560.0,-833.0
-1969.0,404.0,-1264.0
-1054.0,-201.0,-858.0
-1864.0,327.0,-1173.0
-1151.0,-17.0,-802.0
-1450.0,-255.0,-1157.0
-1218.0,300.0,-864.0
-1202.0,-322.0,-944.0
-1089.0,333.0,-1106.0
-812.0,113.0,-1120.0
-1444.0,3.0,-1301.0
-706.0,-466.0,-1136.0
-1159.0,3.0,-1042.0
-942.0,427.0,-899.0
-1264.0,-44.0,-909.0
-866.0,-109.0,-851.0
-607.0,-165.0,-1067.0
-976.0,460.0,-1108.0
-989.0,103.0,-1093.0
-960.0,-368.0,-1151.0
-472.0,-52.0,-1003.0
-1227.0,398.0,-917.0
-730.0,-117.0,-853.0
-1270.0,-257.0,-890.0
-661.0,-167.0,-1001.0
-1139.0,540.0,-1069.0
-1036.0,324.0,-1044.0
-1147.0,-35.0,-1122.0
-1071.0,-378.0,-890.0
-1026.0,244.0,-718.0
-1383.0,-130.0,-669.0
-1296.0,-374.0,-954.0
-1303.0,68.0,-1153.0
-1434.0,653.0,-1370.0
-1627.0,-347.0,-1063.0
-1290.0,-72.0,-1122.0
-1536.0,634.0,-771.0
-1233.0,-325.0,-722.0
-1489.0,167.0,-1087.0
-1024.0,-388.0,-1159.0
-1581.0,417.0,-1136.0
-1190.0,214.0,-1073.0
-1192.0,-226.0,-1227.0
-1087.0,-130.0,-1063.0
-1204.0,189.0,-854.0
-1200.0,222.0,-845.0
-819.0,-437.0,-948.0
-1382.0,300.0,-1303.0
-974.0,265.0,-974.0
-1342.0,-13.0,-1128.0
-1048.0,-464.0,-1171.0
-1399.0,113.0,-1251.0
-1161.0,230.0,-704.0
-1395.0,-162.0,-765.0
-1309.0,50.0,-913.0
-1249.0,-25.0,-1100.0
-1512.0,226.0,-970.0
-1323.0,-134.0,-997.0
-1395.0,13.0,-1182.0
-1223.0,0.0,-1122.0
-1380.0,425.0,-927.0
-1438.0,-423.0,-923.0
-1385.0,-19.0,-1003.0
-1270.0,46.0,-991.0
-1411.0,236.0,-981.0
-1436.0,-115.0,-954.0
-1315.0,-39.0,-1286.0
-1247.0,95.0,-1177.0
-1557.0,253.0,-966.0
-1399.0,-130.0,-767.0
-1356.0,-286.0,-1044.0
-1218.0,60.0,-1159.0
-1430.0,261.0,-1069.0
-1331.0,232.0,-907.0
-1301.0,-81.0,-1233.0
-1116.0,87.0,-1075.0
-1317.0,142.0,-1056.0
-1341.0,-220.0,-876.0
-1401.0,-327.0,-989.0
-1315.0,93.0,-890.0
-1309.0,343.0,-1061.0
-1249.0,52.0,-1046.0
-1319.0,-146.0,-1071.0
-1190.0,85.0,-1126.0
-1188.0,308.0,-1073.0
-1274.0,-42.0,-767.0
-1190.0,-513.0,-823.0
-1192.0,136.0,-1124.0
-1266.0,140.0,-1098.0
-1413.0,-1.0,-1042.0
-1350.0,-72.0,-1128.0
-1212.0,-70.0,-1255.0
-1354.0,480.0,-970.0
-1360.0,-76.0,-757.0
-1467.0,-158.0,-839.0
-1278.0,-101.0,-1067.0
-1497.0,224.0,-1194.0
-1237.0,23.0,-936.0
-1405.0,-89.0,-1122.0
-1190.0,40.0,-1188.0
-1376.0,281.0,-1130.0
-1270.0,-89.0,-769.0
-1387.0,-101.0,-886.0
-1272.0,-1.0,-1032.0
-1432.0,251.0,-1169.0
-1352.0,40.0,-1065.0
-1442.0,-107.0,-1114.0
-1264.0,44.0,-1286.0
-1383.0,206.0,-1052.0
-1372.0,-48.0,-759.0
-1399.0,-286.0,-722.0
-1225.0,-48.0,-1020.0
-1364.0,421.0,-1056.0
-1333.0,-19.0,-1048.0
-1434.0,-167.0,-1100.0
-1204.0,17.0,-1300.0
-1376.0,273.0,-1153.0
-1362.0,185.0,-759.0
-1382.0,-423.0,-827.0
-1210.0,89.0,-1005.0
-1163.0,101.0,-1001.0
-1233.0,191.0,-981.0
-1079.0,-128.0,-1132.0
-1018.0,-121.0,-1286.0
-976.0,294.0,-1079.0
-974.0,-99.0,-798.0
-993.0,-124.0,-800.0
-784.0,-29.0,-1040.0
-909.0,269.0,-1075.0
-837.0,81.0,-1044.0
-956.0,-117.0,-1227.0
-618.0,150.0,-1253.0
-796.0,175.0,-1089.0
-714.0,-15.0,-745.0
-796.0,-351.0,-790.0
-540.0,39.0,-970.0
-632.0,181.0,-1052.0
-560.0,101.0,-1056.0
-599.0,-83.0,-1104.0
-417.0,156.0,-1180.0
-365.0,329.0,-1015.0
-339.0,-68.0,-866.0
-370.0,-331.0,-888.0
-214.0,-1.0,-940.0
-357.0,242.0,-1050.0
-212.0,-5.0,-1069.0
-400.0,-105.0,-1167.0
-85.0,113.0,-1143.0
-257.0,247.0,-1038.0
-87.0,58.0,-812.0
-306.0,-247.0,-796.0
-105.0,9.0,-923.0
-201.0,216.0,-1054.0
-121.0,142.0,-1136.0
-179.0,-142.0,-1155.0
-130.0,144.0,-1102.0
-50.0,128.0,-1075.0
-105.0,-1.0,-944.0
-189.0,-162.0,-847.0
-85.0,-29.0,-870.0
-187.0,244.0,-1011.0
-66.0,29.0,-1118.0
-257.0,-62.0,-1098.0
-113.0,163.0,-1095.0
-138.0,126.0,-1087.0
-89.0,17.0,-964.0
-204.0,-197.0,-845.0
-165.0,3.0,-847.0
-201.0,111.0,-1046.0
-181.0,64.0,-1098.0
-224.0,-15.0,-1163.0
-148.0,165.0,-1151.0
-115.0,124.0,-1120.0
-111.0,-7.0,-972.0
-253.0,-107.0,-794.0
-156.0,46.0,-829.0
-134.0,40.0,-1042.0
-134.0,0.0,-1141.0
-160.0,-19.0,-1104.0
-128.0,167.0,-1085.0
-60.0,91.0,-1106.0
-76.0,-7.0,-1022.0
-130.0,-99.0,-903.0
-111.0,0.0,-872.0
-103.0,33.0,-999.0
-85.0,70.0,-1081.0
-87.0,5.0,-1098.0
-128.0,138.0,-1106.0
-39.0,103.0,-1143.0
-58.0,-33.0,-1005.0
-72.0,-66.0,-806.0
-89.0,-3.0,-829.0
-60.0,-9.0,-1011.0
-64.0,9.0,-1134.0
-66.0,29.0,-1097.0
-83.0,201.0,-1075.0
-15.0,117.0,-1126.0
-31.0,3.0,-1042.0
-66.0,-52.0,-854.0
-111.0,-13.0,-839.0
-15.0,11.0,-979.0
-68.0,-15.0,-1032.0
-81.0,76.0,-1052.0
-89.0,105.0,-1126.0
-1.0,136.0,-1186.0
-35.0,17.0,-1026.0
-37.0,-48.0,-853.0
-83.0,-1.0,-837.0
-11.0,-13.0,-981.0
-48.0,3.0,-1077.0
-15.0,64.0,-1089.0
-74.0,152.0,-1180.0
-5.0,93.0,-1159.0
15.0,-35.0,-1042.0
-46.0,-35.0,-784.0
-50.0,-19.0,-837.0
39.0,29.0,-972.0
11.0,-11.0,-1114.0
42.0,9.0,-1087.0
-33.0,128.0,-1136.0
144.0,152.0,-1106.0
158.0,31.0,-1013.0
150.0,-29.0,-888.0
66.0,-81.0,-948.0
148.0,-9.0,-936.0
89.0,-3.0,-1057.0
68.0,52.0,-1097.0
11.0,81.0,-1138.0
72.0,152.0,-1130.0
95.0,25.0,-1083.0
62.0,-42.0,-837.0
-66.0,-35.0,-798.0
29.0,-9.0,-895.0
-29.0,-39.0,-1063.0
-37.0,62.0,-1081.0
-107.0,132.0,-1120.0
-60.0,150.0,-1108.0
-21.0,0.0,-1061.0
-54.0,-25.0,-909.0
-138.0,-42.0,-851.0
-7.0,3.0,-903.0
-58.0,13.0,-1052.0
-54.0,78.0,-1069.0
-146.0,115.0,-1120.0
25.0,95.0,-1179.0
-23.0,46.0,-1108.0
13.0,-37.0,-895.0
-105.0,-48.0,-819.0
-37.0,0.0,-899.0
-60.0,-40.0,-1059.0
-83.0,85.0,-1079.0
-105.0,126.0,-1143.0
-27.0,130.0,-1169.0
-5.0,21.0,-1095.0
-31.0,-60.0,-870.0
-119.0,-19.0,-794.0
-13.0,9.0,-905.0
-46.0,-9.0,-1054.0
-46.0,27.0,-1100.0
-89.0,72.0,-1116.0
29.0,83.0,-1100.0
-3.0,99.0,-1081.0
33.0,1.0,-974.0
-62.0,-78.0,-901.0
17.0,5.0,-911.0
-1.0,-7.0,-1048.0
-21.0,19.0,-1054.0
-68.0,105.0,-1063.0
9.0,105.0,-1139.0
23.0,85.0,-1143.0
50.0,-19.0,-962.0
-48.0,-48.0,-813.0
0.0,27.0,-876.0
-29.0,5.0,-1063.0
15.0,29.0,-1091.0
-44.0,97.0,-1048.0
58.0,148.0,-1126.0
3.0,122.0,-1128.0
80.0,-11.0,-976.0
-76.0,-40.0,-841.0
54.0,-15.0,-915.0
-15.0,-35.0,-1001.0
-19.0,74.0,-1022.0
-56.0,74.0,-1042.0
33.0,134.0,-1141.0
37.0,46.0,-1194.0
21.0,1.0,-976.0
-54.0,-52.0,-819.0
-17.0,31.0,-872.0
11.0,-11.0,-1009.0
-33.0,7.0,-1042.0
-46.0,81.0,-1083.0
1.0,136.0,-1163.0
11.0,78.0,-1161.0
7.0,25.0,-956.0
-31.0,-56.0,-815.0
-29.0,-9.0,-915.0
-11.0,21.0,-1054.0
7.0,-19.0,-1063.0
-23.0,37.0,-1044.0
-39.0,126.0,-1141.0
23.0,81.0,-1104.0
21.0,60.0,-1018.0
5.0,-42.0,-913.0
-46.0,-64.0,-892.0
0.0,-31.0,-962.0
-56.0,0.0,-1009.0
-9.0,78.0,-1065.0
-56.0,148.0,-1134.0
13.0,103.0,-1157.0
11.0,-27.0,-1046.0
-15.0,-25.0,-833.0
-66.0,-11.0,-858.0
33.0,7.0,-976.0
-11.0,-9.0,-1063.0
-11.0,25.0,-1085.0
-95.0,138.0,-1104.0
39.0,138.0,-1130.0
11.0,25.0,-1016.0
54.0,-46.0,-876.0
-72.0,-68.0,-895.0
54.0,0.0,-956.0
-31.0,5.0,-999.0
-13.0,83.0,-1052.0
-89.0,117.0,-1134.0
70.0,93.0,-1177.0
9.0,37.0,-1075.0
42.0,-21.0,-884.0
-76.0,-40.0,-839.0
66.0,21.0,-936.0
-11.0,-35.0,-1061.0
-5.0,89.0,-1073.0
-58.0,115.0,-1167.0
15.0,138.0,-1128.0
48.0,-7.0,-1042.0
27.0,-17.0,-884.0
-66.0,-42.0,-884.0
78.0,-9.0,-946.0
-44.0,-13.0,-1036.0
15.0,42.0,-1093.0
-85.0,99.0,-1108.0
21.0,142.0,-1085.0
27.0,42.0,-1071.0
35.0,-9.0,-944.0
-60.0,-64.0,-909.0
37.0,19.0,-888.0
-17.0,-21.0,-1009.0
-56.0,78.0,-1052.0
-99.0,122.0,-1114.0
54.0,128.0,-1132.0
56.0,13.0,-1122.0
35.0,-19.0,-925.0
-52.0,-66.0,-827.0
-23.0,44.0,-876.0
31.0,-39.0,-1095.0
-29.0,15.0,-1071.0
-74.0,121.0,-1061.0
-1.0,136.0,-1126.0
48.0,31.0,-1100.0
21.0,-21.0,-929.0
-44.0,-66.0,-880.0
31.0,3.0,-905.0
-33.0,-5.0,-1040.0
-68.0,72.0,-1057.0
-40.0,70.0,-1077.0
3.0,146.0,-1145.0
66.0,54.0,-1155.0
23.0,-19.0,-960.0
-42.0,-60.0,-812.0
5.0,-3.0,-866.0
-25.0,19.0,-1052.0
-39.0,5.0,-1093.0
-76.0,97.0,-1097.0
5.0,117.0,-1098.0
74.0,44.0,-1126.0
9.0,29.0,-950.0
-25.0,-44.0,-858.0
-5.0,-27.0,-886.0
-7.0,37.0,-1057.0
-25.0,-19.0,-1069.0
-58.0,99.0,-1059.0
5.0,130.0,-1112.0
33.0,81.0,-1155.0
17.0,-1.0,-1011.0
-19.0,-33.0,-870.0
-13.0,-31.0,-866.0
0.0,-9.0,-991.0
-64.0,-3.0,-1050.0
-31.0,99.0,-1059.0
-11.0,152.0,-1143.0
68.0,91.0,-1175.0
29.0,-42.0,-993.0
-40.0,-25.0,-790.0
-23.0,0.0,-843.0
7.0,3.0,-1030.0
-23.0,13.0,-1110.0
-23.0,29.0,-1075.0
-46.0,148.0,-1085.0
33.0,111.0,-1128.0
21.0,25.0,-993.0
-1.0,-29.0,-874.0
0.0,-70.0,-911.0
-21.0,31.0,-991.0
-29.0,-35.0,-1020.0
-21.0,105.0,-1065.0
-50.0,136.0,-1114.0
50.0,74.0,-1171.0
-15.0,42.0,-1040.0
3.0,-42.0,-837.0
-54.0,-3.0,-853.0
11.0,-7.0,-970.0
0.0,1.0,-1081.0
-76.0,78.0,-1079.0
-33.0,111.0,-1141.0
-11.0,140.0,-1085.0
74.0,33.0,-1048.0
11.0,-31.0,-880.0
-70.0,-23.0,-899.0
46.0,-35.0,-1001.0
-23.0,-5.0,-1040.0
-9.0,50.0,-1054.0
-54.0,134.0,-1108.0
27.0,160.0,-1151.0
48.0,-5.0,-1071.0
44.0,-48.0,-915.0
-68.0,-33.0,-847.0
37.0,-21.0,-921.0
-29.0,-42.0,-1036.0
-21.0,74.0,-1069.0
-80.0,201.0,-1118.0
253.0,95.0,-1138.0
101.0,95.0,-1122.0
347.0,-76.0,-837.0
177.0,-44.0,-853.0
435.0,177.0,-888.0
445.0,-136.0,-1112.0
583.0,-9.0,-1097.0
546.0,222.0,-1040.0
634.0,163.0,-1196.0
687.0,-52.0,-1087.0
694.0,-39.0,-976.0
657.0,-29.0,-968.0
657.0,117.0,-866.0
628.0,-74.0,-976.0
632.0,-3.0,-1026.0
546.0,169.0,-1083.0
579.0,206.0,-1052.0
585.0,-21.0,-1147.0
585.0,-109.0,-931.0
284.0,29.0,-808.0
415.0,101.0,-796.0
269.0,-40.0,-1003.0
370.0,-35.0,-1097.0
122.0,169.0,-1095.0
210.0,273.0,-1122.0
177.0,-70.0,-1132.0
148.0,-89.0,-995.0
-21.0,-50.0,-827.0
35.0,189.0,-823.0
-29.0,-46.0,-1044.0
-44.0,-33.0,-1056.0
-124.0,154.0,-1065.0
-42.0,204.0,-1151.0
-52.0,-3.0,-1218.0
-37.0,-44.0,-997.0
-132.0,-5.0,-821.0
-15.0,50.0,-856.0
-58.0,-33.0,-1048.0
-58.0,15.0,-1081.0
-68.0,99.0,-1118.0
13.0,177.0,-1179.0
103.0,-37.0,-1206.0
74.0,-35.0,-933.0
-42.0,-23.0,-761.0
54.0,27.0,-853.0
117.0,-29.0,-1073.0
113.0,-21.0,-1102.0
64.0,60.0,-1087.0
111.0,122.0,-1091.0
126.0,21.0,-1161.0
150.0,21.0,-962.0
107.0,-17.0,-882.0
140.0,5.0,-870.0
89.0,-39.0,-1001.0
11.0,7.0,-997.0
68.0,50.0,-1073.0
25.0,150.0,-1106.0
76.0,91.0,-1190.0
-13.0,23.0,-1003.0
31.0,21.0,-815.0
-1.0,-1.0,-878.0
13.0,-17.0,-1046.0
-35.0,-19.0,-1024.0
-13.0,81.0,-1018.0
-19.0,109.0,-1095.0
-11.0,105.0,-1141.0
-11.0,74.0,-1032.0
27.0,33.0,-874.0
-29.0,15.0,-958.0
54.0,-44.0,-995.0
-23.0,1.0,-931.0
78.0,60.0,-995.0
-19.0,119.0,-1132.0
81.0,87.0,-1237.0
46.0,19.0,-1052.0
113.0,31.0,-929.0
50.0,27.0,-921.0
140.0,5.0,-944.0
40.0,-58.0,-946.0
95.0,68.0,-1016.0
80.0,183.0,-1182.0
111.0,21.0,-1200.0
52.0,-9.0,-997.0
109.0,9.0,-884.0
11.0,48.0,-936.0
95.0,-3.0,-956.0
9.0,-80.0,-966.0
33.0,-15.0,-1046.0
-56.0,156.0,-1143.0
-13.0,89.0,-1130.0
1.0,33.0,-1036.0
44.0,19.0,-983.0
-7.0,11.0,-1011.0
-62.0,-35.0,-899.0
-46.0,-56.0,-925.0
-42.0,39.0,-974.0
-44.0,72.0,-1212.0
-87.0,85.0,-1106.0
19.0,-11.0,-1108.0
-29.0,89.0,-935.0
-66.0,29.0,-960.0
-25.0,-35.0,-894.0
-29.0,-50.0,-960.0
-50.0,124.0,-1032.0
-95.0,80.0,-1141.0
5.0,46.0,-1075.0
7.0,-19.0,-1071.0
21.0,99.0,-981.0
-85.0,-3.0,-946.0
113.0,-21.0,-909.0
31.0,-50.0,-956.0
0.0,91.0,-964.0
-58.0,99.0,-1087.0
126.0,54.0,-1147.0
62.0,15.0,-1149.0
93.0,105.0,-997.0
-52.0,-27.0,-868.0
156.0,-37.0,-895.0
-21.0,-62.0,-991.0
76.0,33.0,-1003.0
-113.0,99.0,-1059.0
140.0,33.0,-1151.0
-9.0,13.0,-1147.0
72.0,54.0,-954.0
-97.0,25.0,-884.0
140.0,-7.0,-956.0
-85.0,3.0,-1063.0
-15.0,-9.0,-1028.0
-148.0,105.0,-979.0
167.0,23.0,-1120.0
-44.0,91.0,-1157.0
17.0,93.0,-1044.0
-60.0,-31.0,-958.0
56.0,-39.0,-925.0
-109.0,-13.0,-970.0
95.0,81.0,-936.0
-60.0,33.0,-1005.0
1.0,117.0,-1073.0
-15.0,29.0,-1212.0
101.0,60.0,-1061.0
-68.0,87.0,-890.0
15.0,27.0,-866.0
70.0,-56.0,-1024.0
66.0,-50.0,-968.0
-107.0,23.0,-991.0
58.0,74.0,-1038.0
-11.0,89.0,-1202.0
1.0,195.0,-1091.0
-15.0,3.0,-981.0
39.0,0.0,-921.0
64.0,44.0,-882.0
48.0,-48.0,-936.0
-17.0,-3.0,-964.0
66.0,72.0,-1054.0
-66.0,31.0,-1247.0
-40.0,165.0,-1122.0
40.0,-66.0,-1016.0
-66.0,83.0,-782.0
64.0,-13.0,-894.0
0.0,9.0,-1016.0
-105.0,64.0,-1067.0
1.0,111.0,-1042.0
-78.0,46.0,-1171.0
97.0,3.0,-1136.0
-78.0,21.0,-1030.0
48.0,35.0,-913.0
-25.0,-33.0,-901.0
35.0,-138.0,-1015.0
-224.0,0.0,-1020.0
54.0,85.0,-1056.0
-21.0,167.0,-1079.0
150.0,193.0,-1227.0
-37.0,1.0,-989.0
33.0,-103.0,-892.0
-81.0,187.0,-763.0
181.0,-97.0,-1059.0
-122.0,-21.0,-972.0
95.0,-40.0,-1071.0
-39.0,76.0,-1192.0
50.0,111.0,-1198.0
0.0,40.0,-958.0
11.0,-23.0,-890.0
-78.0,-13.0,-892.0
62.0,76.0,-948.0
-46.0,54.0,-1046.0
-44.0,46.0,-1180.0
19.0,35.0,-1091.0
52.0,101.0,-1057.0
99.0,60.0,-987.0
-52.0,-40.0,-985.0
3.0,-83.0,-851.0
0.0,-11.0,-921.0
5.0,58.0,-1032.0
-162.0,37.0,-1102.0
-70.0,152.0,-1098.0
-11.0,70.0,-1102.0
169.0,142.0,-1106.0
-281.0,3.0,-954.0
68.0,-48.0,-798.0
-33.0,17.0,-911.0
19.0,44.0,-1180.0
-93.0,85.0,-1069.0
103.0,-85.0,-1052.0
-95.0,95.0,-1067.0
46.0,13.0,-1157.0
-46.0,56.0,-913.0
146.0,-35.0,-876.0
-87.0,3.0,-935.0
52.0,105.0,-1044.0
33.0,27.0,-1028.0
-25.0,9.0,-1143.0
-42.0,124.0,-1091.0
242.0,3.0,-1120.0
-58.0,58.0,-895.0
-50.0,-42.0,-858.0
-58.0,15.0,-880.0
56.0,21.0,-1126.0
-132.0,72.0,-1056.0
17.0,31.0,-1071.0
156.0,85.0,-1122.0
54.0,72.0,-1032.0
-54.0,3.0,-903.0
-50.0,-13.0,-839.0
-23.0,-42.0,-999.0
-31.0,-21.0,-1011.0
-39.0,-21.0,-1087.0
-44.0,101.0,-1048.0
-27.0,60.0,-1108.0
0.0,201.0,-1040.0
-54.0,-33.0,-1016.0
-60.0,-19.0,-894.0
-37.0,9.0,-925.0
23.0,78.0,-1005.0
-72.0,66.0,-1067.0
-23.0,-15.0,-1073.0
-97.0,64.0,-1114.0
64.0,105.0,-1071.0
33.0,33.0,-989.0
-44.0,-80.0,-921.0
-44.0,35.0,-843.0
78.0,27.0,-976.0
-9.0,107.0,-1083.0
-9.0,19.0,-1159.0
-7.0,5.0,-1028.0
13.0,228.0,-1003.0
85.0,-39.0,-1093.0
-95.0,-35.0,-958.0
97.0,-40.0,-854.0
-21.0,105.0,-972.0
76.0,9.0,-958.0
101.0,-39.0,-1134.0
-1.0,199.0,-1065.0
240.0,46.0,-1155.0
-46.0,185.0,-1050.0
-64.0,-19.0,-960.0
-169.0,-29.0,-825.0
113.0,-111.0,-929.0
-58.0,7.0,-1024.0
-5.0,109.0,-1139.0
-87.0,29.0,-1139.0
15.0,78.0,-1095.0
74.0,95.0,-964.0
-35.0,64.0,-962.0
-89.0,-109.0,-915.0
-113.0,99.0,-938.0
72.0,-60.0,-1122.0
-101.0,126.0,-1052.0
39.0,195.0,-1069.0
80.0,64.0,-1048.0
7.0,-50.0,-1083.0
25.0,-70.0,-950.0
23.0,-39.0,-901.0
-25.0,134.0,-897.0
1.0,40.0,-1089.0
-44.0,35.0,-1056.0
101.0,58.0,-1110.0
-11.0,175.0,-1018.0
136.0,58.0,-1087.0
-5.0,-11.0,-940.0
-21.0,-76.0,-769.0
83.0,39.0,-917.0
-5.0,35.0,-1139.0
-70.0,39.0,-1114.0
-29.0,-76.0,-1016.0
3.0,81.0,-1112.0
-3.0,117.0,-1034.0
-25.0,7.0,-974.0
-27.0,21.0,-866.0
29.0,-97.0,-1046.0
-236.0,165.0,-997.0
91.0,23.0,-1112.0
-23.0,17.0,-1192.0
-56.0,-9.0,-1063.0
23.0,119.0,-1005.0
-46.0,37.0,-913.0
-15.0,-130.0,-876.0
-136.0,91.0,-903.0
193.0,54.0,-1077.0
-173.0,-3.0,-1126.0
-124.0,74.0,-1030.0
76.0,3.0,-1157.0
21.0,138.0,-1028.0
1.0,-72.0,-956.0
48.0,-3.0,-933.0
-23.0,29.0,-1001.0
-23.0,-3.0,-1018.0
-58.0,-5.0,-1155.0
42.0,15.0,-1020.0
40.0,197.0,-981.0
134.0,142.0,-1081.0
-25.0,-74.0,-1083.0
31.0,-29.0,-845.0
-56.0,31.0,-853.0
44.0,99.0,-1036.0
-29.0,-9.0,-1044.0
80.0,-42.0,-1075.0
-56.0,87.0,-1141.0
-132.0,214.0,-1009.0
240.0,-21.0,-1048.0
-52.0,-37.0,-1005.0
-142.0,19.0,-815.0
95.0,-13.0,-960.0
-62.0,175.0,-1126.0
-5.0,3.0,-1141.0
-74.0,19.0,-1003.0
29.0,66.0,-1030.0
35.0,31.0,-1061.0
-97.0,-17.0,-950.0
-11.0,-175.0,-921.0
-46.0,206.0,-860.0
29.0,37.0,-1054.0
113.0,66.0,-1173.0
-35.0,3.0,-1165.0
95.0,29.0,-1042.0
-140.0,203.0,-993.0
15.0,17.0,-899.0
-97.0,-66.0,-845.0
193.0,-56.0,-886.0
23.0,13.0,-1184.0
-58.0,25.0,-1210.0
-191.0,58.0,-993.0
0.0,101.0,-1018.0
83.0,230.0,-1073.0
5.0,-156.0,-936.0
134.0,-64.0,-903.0
-1.0,46.0,-1001.0
48.0,107.0,-1171.0
-58.0,144.0,-1042.0
-44.0,-31.0,-925.0
115.0,169.0,-989.0
81.0,-5.0,-1221.0
-113.0,-31.0,-1016.0
-42.0,-109.0,-708.0
58.0,115.0,-911.0
-40.0,177.0,-1120.0
-44.0,-44.0,-1124.0
-29.0,-60.0,-946.0
25.0,117.0,-1118.0
-19.0,175.0,-1167.0
-7.0,-54.0,-1050.0
-68.0,-154.0,-753.0
119.0,44.0,-894.0
-119.0,238.0,-1171.0
150.0,-50.0,-1132.0
-42.0,-91.0,-958.0
-68.0,179.0,-958.0
87.0,136.0,-1128.0
-3.0,70.0,-1044.0
-40.0,-167.0,-925.0
-83.0,17.0,-772.0
56.0,171.0,-1013.0
-13.0,95.0,-1194.0
31.0,-54.0,-1134.0
0.0,-11.0,-948.0
91.0,107.0,-1040.0
-124.0,156.0,-1177.0
40.0,-111.0,-919.0
-208.0,-68.0,-685.0
240.0,148.0,-991.0
-40.0,144.0,-1313.0
37.0,-29.0,-1188.0
-121.0,-72.0,-823.0
306.0,187.0,-911.0
-56.0,150.0,-1262.0
111.0,-146.0,-1001.0
-128.0,31.0,-605.0
234.0,-31.0,-1024.0
-255.0,378.0,-1344.0
314.0,-154.0,-1059.0
-134.0,33.0,-794.0
115.0,19.0,-1067.0
-263.0,366.0,-1284.0
201.0,-316.0,-929.0
-359.0,-253.0,-661.0
-33.0,257.0,-938.0
11.0,421.0,-1376.0
388.0,-314.0,-1175.0
-579.0,-99.0,-862.0
-17.0,115.0,-1089.0
-7.0,409.0,-1204.0
431.0,-312.0,-952.0
-661.0,-5.0,-659.0
472.0,-52.0,-952.0
-68.0,402.0,-1325.0
-3.0,15.0,-1141.0
-345.0,-261.0,-919.0
290.0,85.0,-790.0
-9.0,429.0,-1374.0
-17.0,-124.0,-1097.0
-197.0,-247.0,-679.0
283.0,44.0,-694.0
-122.0,505.0,-1438.0
60.0,-158.0,-1155.0
-244.0,-109.0,-940.0
121.0,99.0,-798.0
11.0,329.0,-1421.0
146.0,-72.0,-983.0
-103.0,-296.0,-726.0
17.0,99.0,-728.0
-27.0,132.0,-1368.0
-54.0,117.0,-1075.0
-113.0,-128.0,-1003.0
160.0,195.0,-839.0
-224.0,300.0,-1270.0
167.0,119.0,-1173.0
-66.0,-277.0,-806.0
19.0,148.0,-732.0
-111.0,-31.0,-1118.0
-23.0,294.0,-1098.0
46.0,-255.0,-1165.0
-175.0,144.0,-915.0
-245.0,300.0,-1093.0
368.0,148.0,-1262.0
-85.0,-251.0,-899.0
-122.0,-150.0,-609.0
-189.0,218.0,-1001.0
273.0,210.0,-1313.0
-95.0,-156.0,-1319.0
-163.0,0.0,-878.0
-42.0,40.0,-954.0
281.0,370.0,-1194.0
-97.0,-199.0,-1091.0
-163.0,-283.0,-634.0
-117.0,130.0,-821.0
396.0,257.0,-1331.0
-177.0,39.0,-1411.0
-167.0,-271.0,-925.0
156.0,156.0,-644.0
257.0,415.0,-1268.0
-201.0,-66.0,-1153.0
1.0,-558.0,-714.0
-33.0,201.0,-497.0
300.0,331.0,-1479.0
-212.0,126.0,-1374.0
-99.0,-462.0,-942.0
224.0,101.0,-552.0
-9.0,501.0,-1218.0
56.0,-150.0,-1182.0
-310.0,-273.0,-691.0
365.0,-29.0,-614.0
-111.0,564.0,-1385.0
-17.0,5.0,-1454.0
-115.0,-314.0,-782.0
300.0,81.0,-800.0
-259.0,484.0,-1114.0
257.0,-197.0,-1218.0
-242.0,-232.0,-630.0
372.0,-5.0,-821.0
-300.0,593.0,-1122.0
279.0,-122.0,-1356.0
-66.0,-199.0,-917.0
179.0,-9.0,-864.0
-111.0,382.0,-952.0
245.0,-21.0,-1126.0
-58.0,-327.0,-823.0
52.0,-5.0,-913.0
-199.0,437.0,-1022.0
302.0,-109.0,-1227.0
40.0,-134.0,-1128.0
66.0,25.0,-1056.0
-191.0,302.0,-858.0
281.0,111.0,-769.0
58.0,-128.0,-1124.0
85.0,-95.0,-1063.0
-130.0,99.0,-942.0
97.0,171.0,-938.0
-31.0,7.0,-1346.0
1.0,29.0,-1038.0
-3.0,17.0,-835.0
-9.0,128.0,-849.0
21.0,-17.0,-1159.0
27.0,3.0,-954.0
-85.0,3.0,-993.0
33.0,68.0,-977.0
-91.0,353.0,-1120.0
210.0,-119.0,-1255.0
-249.0,9.0,-970.0
-107.0,-89.0,-749.0
81.0,187.0,-983.0
169.0,-5.0,-1171.0
-294.0,-177.0,-968.0
-27.0,136.0,-845.0
304.0,187.0,-1218.0
-89.0,31.0,-1288.0
-380.0,3.0,-913.0
113.0,29.0,-710.0
445.0,87.0,-1104.0
-251.0,-13.0,-1075.0
-124.0,-70.0,-897.0
13.0,165.0,-890.0
201.0,158.0,-1311.0
-210.0,42.0,-1350.0
103.0,-44.0,-802.0
-37.0,-54.0,-665.0
132.0,204.0,-1079.0
-167.0,-156.0,-1251.0
-19.0,-9.0,-862.0
-85.0,72.0,-854.0
136.0,261.0,-1313.0
101.0,54.0,-1383.0
-31.0,-253.0,-786.0
-132.0,17.0,-694.0
33.0,251.0,-1005.0
128.0,-54.0,-1319.0
-9.0,-74.0,-856.0
-40.0,-9.0,-913.0
-31.0,363.0,-1122.0
48.0,-68.0,-1350.0
-9.0,-56.0,-905.0
-121.0,-35.0,-810.0
-7.0,232.0,-976.0
29.0,-54.0,-1194.0
78.0,-85.0,-866.0
-210.0,25.0,-981.0
-46.0,312.0,-1167.0
-56.0,111.0,-1280.0
199.0,-300.0,-905.0
-136.0,121.0,-780.0
27.0,66.0,-987.0
56.0,0.0,-1151.0
-7.0,-40.0,-882.0
-103.0,93.0,-991.0
-269.0,162.0,-1089.0
87.0,3.0,-1309.0
66.0,-70.0,-927.0
-148.0,29.0,-862.0
-17.0,148.0,-931.0
292.0,-35.0,-1126.0
163.0,-136.0,-919.0
-273.0,142.0,-853.0
54.0,126.0,-1225.0
-115.0,78.0,-1169.0
505.0,-60.0,-1157.0
-283.0,128.0,-741.0
257.0,-74.0,-1005.0
-197.0,169.0,-853.0
456.0,-251.0,-1155.0
-210.0,292.0,-872.0
-70.0,-27.0,-1237.0
-1.0,74.0,-999.0
415.0,-66.0,-1108.0
-33.0,113.0,-903.0
-206.0,15.0,-925.0
142.0,25.0,-903.0
425.0,-333.0,-1061.0
-587.0,454.0,-1124.0
-162.0,-33.0,-991.0
216.0,-17.0,-958.0
236.0,0.0,-1243.0
-407.0,230.0,-1161.0
-154.0,-56.0,-751.0
468.0,-119.0,-862.0
-128.0,54.0,-1214.0
-314.0,210.0,-995.0
-144.0,95.0,-769.0
337.0,-81.0,-1177.0
62.0,-144.0,-1368.0
-407.0,238.0,-966.0
101.0,33.0,-665.0
130.0,80.0,-925.0
130.0,-126.0,-1235.0
-279.0,62.0,-950.0
21.0,163.0,-909.0
329.0,21.0,-1079.0
58.0,-64.0,-1397.0
-429.0,152.0,-962.0
148.0,87.0,-630.0
265.0,13.0,-999.0
-11.0,-156.0,-1282.0
-353.0,87.0,-802.0
136.0,134.0,-772.0
245.0,72.0,-1249.0
-42.0,-17.0,-1364.0
-320.0,56.0,-864.0
85.0,162.0,-609.0
380.0,3.0,-1087.0
-224.0,-56.0,-1198.0
-165.0,119.0,-913.0
17.0,242.0,-763.0
329.0,-5.0,-1290.0
-154.0,-165.0,-1253.0
-163.0,99.0,-897.0
-31.0,183.0,-603.0
267.0,39.0,-1128.0
-162.0,-119.0,-1233.0
-15.0,-97.0,-812.0
89.0,230.0,-737.0
275.0,140.0,-1376.0
-325.0,-150.0,-1268.0
122.0,-44.0,-862.0
13.0,189.0,-769.0
265.0,107.0,-1260.0
-329.0,-216.0,-1036.0
242.0,11.0,-778.0
89.0,165.0,-827.0
199.0,138.0,-1383.0
-255.0,-177.0,-1147.0
267.0,37.0,-837.0
-111.0,255.0,-821.0
99.0,117.0,-1151.0
-175.0,-251.0,-1036.0
230.0,64.0,-794.0
101.0,117.0,-1013.0
-58.0,197.0,-1368.0
-122.0,-318.0,-1184.0
251.0,99.0,-679.0
-31.0,222.0,-987.0
-105.0,195.0,-1112.0
-113.0,-472.0,-1015.0
203.0,97.0,-753.0
-81.0,296.0,-1007.0
48.0,294.0,-1274.0
-357.0,-380.0,-1175.0
210.0,23.0,-884.0
-249.0,298.0,-931.0
-56.0,185.0,-1138.0
-101.0,-292.0,-1003.0
550.0,-95.0,-894.0
-388.0,232.0,-1106.0
-216.0,353.0,-1204.0
-66.0,-206.0,-995.0
425.0,29.0,-1069.0
-361.0,245.0,-915.0
58.0,-48.0,-1018.0
-95.0,3.0,-796.0
462.0,-126.0,-1134.0
-423.0,234.0,-985.0
-13.0,-48.0,-1087.0
201.0,64.0,-1018.0
171.0,81.0,-1210.0
-169.0,-134.0,-950.0
-122.0,189.0,-732.0
390.0,-113.0,-1136.0
-165.0,101.0,-1116.0
-134.0,80.0,-929.0
146.0,81.0,-970.0
244.0,203.0,-1225.0
56.0,-206.0,-1173.0
-245.0,78.0,-796.0
-126.0,74.0,-679.0
224.0,142.0,-1212.0
-124.0,-95.0,-1231.0
-11.0,-9.0,-810.0
-35.0,156.0,-886.0
310.0,179.0,-1311.0
-160.0,-15.0,-1260.0
-15.0,-60.0,-630.0
-54.0,128.0,-763.0
132.0,162.0,-1298.0
-179.0,-66.0,-1151.0
29.0,-203.0,-759.0
-267.0,263.0,-890.0
277.0,91.0,-1333.0
1.0,62.0,-1165.0
-50.0,-224.0,-813.0
-201.0,68.0,-724.0
257.0,115.0,-1239.0
-97.0,68.0,-1245.0
-5.0,-54.0,-851.0
-191.0,109.0,-819.0
249.0,39.0,-1315.0
-31.0,128.0,-1239.0
97.0,-87.0,-837.0
-136.0,42.0,-655.0
175.0,115.0,-1196.0
-66.0,19.0,-1147.0
117.0,-156.0,-810.0
-267.0,111.0,-890.0
150.0,83.0,-1301.0
-58.0,144.0,-1272.0
11.0,-80.0,-825.0
-179.0,19.0,-776.0
58.0,19.0,-1175.0
1.0,0.0,-1143.0
54.0,-44.0,-798.0
-220.0,40.0,-948.0
-15.0,189.0,-1253.0
103.0,-39.0,-1274.0
-31.0,-89.0,-788.0
-281.0,42.0,-751.0
25.0,187.0,-1061.0
78.0,-52.0,-1214.0
-1.0,-39.0,-888.0
-175.0,66.0,-946.0
136.0,220.0,-1182.0
93.0,3.0,-1260.0
31.0,-109.0,-872.0
-238.0,66.0,-772.0
81.0,165.0,-999.0
121.0,-29.0,-1229.0
-15.0,-70.0,-884.0
-302.0,101.0,-823.0
212.0,173.0,-1061.0
78.0,-25.0,-1360.0
68.0,-134.0,-983.0
-226.0,74.0,-659.0
234.0,107.0,-987.0
29.0,70.0,-1339.0
179.0,-249.0,-1005.0
-302.0,140.0,-737.0
119.0,101.0,-1026.0
148.0,150.0,-1331.0
27.0,39.0,-1097.0
-101.0,21.0,-757.0
-19.0,5.0,-854.0
111.0,222.0,-1225.0
70.0,-107.0,-1046.0
-251.0,58.0,-735.0
113.0,-89.0,-1011.0
177.0,204.0,-1354.0
-29.0,25.0,-1141.0
-222.0,-66.0,-763.0
-72.0,13.0,-792.0
325.0,99.0,-1210.0
-42.0,37.0,-1069.0
-187.0,91.0,-808.0
39.0,-33.0,-897.0
249.0,136.0,-1358.0
-83.0,-81.0,-1190.0
-195.0,70.0,-655.0
-46.0,-101.0,-745.0
222.0,181.0,-1331.0
-158.0,-33.0,-1257.0
-62.0,62.0,-685.0
91.0,-13.0,-841.0
242.0,203.0,-1452.0
-115.0,-25.0,-1214.0
68.0,33.0,-698.0
-37.0,109.0,-802.0
267.0,115.0,-1319.0
-87.0,-70.0,-1042.0
29.0,-103.0,-657.0
-222.0,85.0,-851.0
232.0,115.0,-1446.0
39.0,130.0,-1200.0
-58.0,-115.0,-847.0
-208.0,128.0,-609.0
259.0,119.0,-1235.0
-76.0,40.0,-1229.0
-11.0,-144.0,-763.0
-185.0,17.0,-833.0
226.0,208.0,-1401.0
-132.0,3.0,-1290.0
-99.0,-72.0,-741.0
-70.0,-48.0,-769.0
185.0,76.0,-1294.0
-152.0,93.0,-1079.0
89.0,40.0,-728.0
-93.0,66.0,-911.0
122.0,167.0,-1405.0
-42.0,13.0,-1221.0
33.0,-3.0,-735.0
-212.0,19.0,-753.0
152.0,109.0,-1169.0
80.0,-35.0,-1141.0
-7.0,-95.0,-759.0
-87.0,121.0,-874.0
78.0,115.0,-1448.0
-9.0,17.0,-1208.0
23.0,-25.0,-716.0
-78.0,72.0,-778.0
58.0,162.0,-1175.0
158.0,-29.0,-1184.0
97.0,-56.0,-831.0
-167.0,62.0,-886.0
128.0,132.0,-1227.0
27.0,-91.0,-1241.0
113.0,-35.0,-843.0
-204.0,99.0,-831.0
150.0,31.0,-1157.0
-111.0,191.0,-1153.0
181.0,-81.0,-819.0
-193.0,152.0,-843.0
-72.0,11.0,-1210.0
1.0,101.0,-1311.0
-11.0,122.0,-960.0
-46.0,-31.0,-710.0
-91.0,-62.0,-1104.0
7.0,13.0,-1167.0
122.0,46.0,-927.0
-251.0,99.0,-864.0
-191.0,-48.0,-1149.0
103.0,83.0,-1259.0
64.0,195.0,-940.0
-230.0,-68.0,-907.0
-232.0,-39.0,-1028.0
355.0,-31.0,-1153.0
-21.0,286.0,-931.0
-275.0,-44.0,-929.0
-146.0,-39.0,-1050.0
339.0,-62.0,-1270.0
-72.0,220.0,-1059.0
-146.0,40.0,-745.0
-29.0,-136.0,-972.0
226.0,132.0,-1147.0
80.0,242.0,-1028.0
-214.0,3.0,-892.0
-195.0,27.0,-1081.0
327.0,-162.0,-1184.0
42.0,263.0,-1083.0
-101.0,-74.0,-817.0
-105.0,-13.0,-911.0
333.0,11.0,-1034.0
-21.0,140.0,-1153.0
-298.0,128.0,-884.0
-5.0,-107.0,-976.0
376.0,-56.0,-1100.0
-33.0,226.0,-1194.0
-121.0,56.0,-882.0
-160.0,-13.0,-825.0
349.0,-97.0,-1098.0
-158.0,165.0,-1177.0
-89.0,-33.0,-843.0
-160.0,17.0,-933.0
406.0,-48.0,-1188.0
-83.0,220.0,-1249.0
-83.0,60.0,-862.0
-230.0,76.0,-667.0
417.0,-156.0,-1118.0
-78.0,195.0,-1245.0
-21.0,-17.0,-921.0
-173.0,115.0,-753.0
384.0,-169.0,-1130.0
-81.0,212.0,-1311.0
-78.0,-19.0,-919.0
-263.0,64.0,-599.0
579.0,-300.0,-1177.0
-310.0,435.0,-1266.0
70.0,-64.0,-979.0
-316.0,195.0,-585.0
546.0,-277.0,-1210.0
0.0,191.0,-1440.0
-296.0,78.0,-1015.0
-7.0,-35.0,-468.0
552.0,-216.0,-1065.0
-136.0,281.0,-1465.0
-187.0,29.0,-979.0
-33.0,74.0,-476.0
466.0,-244.0,-1266.0
-173.0,199.0,-1508.0
-462.0,273.0,-864.0
300.0,-107.0,-558.0
89.0,-83.0,-1136.0
-134.0,218.0,-1477.0
-187.0,80.0,-767.0
173.0,-40.0,-562.0
187.0,-99.0,-1253.0
-232.0,46.0,-1536.0
-286.0,275.0,-813.0
257.0,-193.0,-650.0
-74.0,35.0,-1163.0
-183.0,-3.0,-1438.0
-187.0,306.0,-655.0
359.0,-253.0,-642.0
-66.0,128.0,-1344.0
-224.0,-9.0,-1557.0
48.0,107.0,-796.0
76.0,-87.0,-581.0
-146.0,132.0,-1180.0
-52.0,-5.0,-1319.0
197.0,9.0,-757.0
83.0,-9.0,-737.0
-152.0,81.0,-1370.0
-81.0,19.0,-1399.0
294.0,76.0,-853.0
13.0,33.0,-632.0
-167.0,95.0,-1192.0
-191.0,39.0,-1147.0
365.0,3.0,-774.0
-91.0,44.0,-819.0
-134.0,46.0,-1448.0
-81.0,-78.0,-1175.0
337.0,-35.0,-870.0
-288.0,175.0,-722.0
-146.0,121.0,-1100.0
60.0,-142.0,-1087.0
314.0,-9.0,-866.0
-154.0,119.0,-935.0
-93.0,244.0,-1290.0
-44.0,-269.0,-1106.0
152.0,103.0,-938.0
-234.0,163.0,-847.0
-58.0,99.0,-1061.0
83.0,-165.0,-1057.0
306.0,-76.0,-966.0
-374.0,292.0,-905.0
-78.0,171.0,-1202.0
11.0,-177.0,-1061.0
417.0,56.0,-1001.0
-230.0,130.0,-892.0
-85.0,124.0,-979.0
113.0,-183.0,-952.0
316.0,37.0,-1075.0
-347.0,212.0,-911.0
-97.0,62.0,-1022.0
179.0,-56.0,-1054.0
302.0,-40.0,-1284.0
-320.0,208.0,-841.0
-46.0,-87.0,-817.0
130.0,117.0,-1015.0
318.0,-42.0,-1272.0
-394.0,201.0,-983.0
-128.0,-156.0,-890.0
300.0,150.0,-1020.0
341.0,-19.0,-1327.0
-341.0,134.0,-948.0
-327.0,-107.0,-749.0
544.0,25.0,-983.0
37.0,107.0,-1249.0
-423.0,78.0,-909.0
-60.0,-35.0,-692.0
712.0,80.0,-1108.0
21.0,113.0,-1479.0
-468.0,54.0,-895.0
-58.0,13.0,-478.0
772.0,5.0,-1083.0
-503.0,292.0,-1434.0
-134.0,-210.0,-831.0
21.0,-56.0,-488.0
681.0,142.0,-1370.0
-390.0,169.0,-1471.0
-290.0,-107.0,-653.0
195.0,-35.0,-591.0
546.0,105.0,-1327.0
-421.0,134.0,-1327.0
-25.0,-56.0,-577.0
240.0,-1.0,-546.0
452.0,121.0,-1596.0
-433.0,64.0,-1419.0
48.0,-56.0,-624.0
124.0,-33.0,-562.0
320.0,103.0,-1440.0
-312.0,-115.0,-1268.0
-95.0,310.0,-472.0
398.0,-195.0,-700.0
56.0,199.0,-1678.0
-292.0,-89.0,-1428.0
-44.0,191.0,-540.0
126.0,-7.0,-671.0
240.0,134.0,-1305.0
-257.0,-42.0,-1290.0
66.0,-48.0,-694.0
-64.0,-60.0,-737.0
201.0,197.0,-1286.0
-179.0,40.0,-1495.0
-154.0,117.0,-657.0
175.0,-363.0,-790.0
-76.0,238.0,-1235.0
-113.0,85.0,-1438.0
-95.0,165.0,-452.0
318.0,-163.0,-866.0
-212.0,-40.0,-1434.0
-212.0,29.0,-1462.0
-115.0,355.0,-677.0
423.0,-240.0,-874.0
-359.0,-31.0,-1157.0
33.0,-44.0,-1210.0
-72.0,320.0,-568.0
148.0,25.0,-1065.0
-489.0,-23.0,-1161.0
626.0,-148.0,-1440.0
-384.0,302.0,-739.0
185.0,-27.0,-866.0
-425.0,109.0,-966.0
593.0,-132.0,-1395.0
-292.0,306.0,-571.0
193.0,-132.0,-1079.0
-493.0,175.0,-1077.0
290.0,-214.0,-1426.0
-68.0,292.0,-835.0
7.0,-101.0,-849.0
-212.0,25.0,-903.0
201.0,-83.0,-1124.0
-240.0,316.0,-997.0
37.0,-60.0,-981.0
-230.0,39.0,-1050.0
363.0,-60.0,-1257.0
-78.0,134.0,-989.0
-68.0,136.0,-757.0
-191.0,-74.0,-1069.0
46.0,0.0,-1200.0
31.0,212.0,-966.0
-111.0,48.0,-936.0
-283.0,-70.0,-1147.0
427.0,-195.0,-1030.0
-15.0,513.0,-1048.0
-103.0,42.0,-894.0
-130.0,-99.0,-1081.0
228.0,-7.0,-935.0
208.0,144.0,-1098.0
-304.0,111.0,-833.0
-163.0,-134.0,-1136.0
419.0,-99.0,-1106.0
-40.0,283.0,-1124.0
-197.0,-91.0,-749.0
-72.0,-27.0,-929.0
279.0,-72.0,-1102.0
-154.0,99.0,-1186.0
-413.0,121.0,-880.0
-232.0,64.0,-851.0
454.0,-60.0,-1212.0
-382.0,201.0,-1165.0
-232.0,-261.0,-870.0
-581.0,232.0,-716.0
302.0,-64.0,-1141.0
-333.0,121.0,-1192.0
-478.0,-212.0,-827.0
-267.0,245.0,-753.0
312.0,-19.0,-1350.0
-573.0,203.0,-1266.0
-587.0,-322.0,-778.0
-415.0,244.0,-603.0
247.0,-40.0,-1276.0
-646.0,206.0,-1274.0
-497.0,-136.0,-749.0
-222.0,99.0,-714.0
25.0,-50.0,-1411.0
-665.0,142.0,-1257.0
-519.0,-80.0,-628.0
-300.0,21.0,-673.0
78.0,91.0,-1331.0
-324.0,-93.0,-1333.0
-488.0,44.0,-585.0
-175.0,-130.0,-819.0
-277.0,284.0,-1358.0
-470.0,117.0,-1352.0
-244.0,-232.0,-691.0
-341.0,83.0,-745.0
-150.0,169.0,-1278.0
-413.0,-3.0,-1262.0
-171.0,-167.0,-581.0
-302.0,-115.0,-774.0
-327.0,341.0,-1368.0
-419.0,158.0,-1294.0
-89.0,-240.0,-778.0
-507.0,78.0,-712.0
-101.0,177.0,-1327.0
-230.0,15.0,-1208.0
-130.0,-119.0,-730.0
-413.0,-25.0,-743.0
-195.0,302.0,-1405.0
-265.0,-19.0,-1249.0
31.0,-126.0,-845.0
-476.0,80.0,-786.0
-42.0,122.0,-1208.0
-138.0,52.0,-1118.0
-48.0,-117.0,-806.0
-482.0,74.0,-792.0
-78.0,216.0,-1288.0
13.0,50.0,-1262.0
292.0,-107.0,-917.0
-320.0,42.0,-794.0
312.0,173.0,-1077.0
333.0,85.0,-1163.0
359.0,-113.0,-894.0
-44.0,-15.0,-726.0
214.0,148.0,-1173.0
484.0,48.0,-1179.0
298.0,113.0,-1122.0
-19.0,-70.0,-847.0
193.0,152.0,-999.0
384.0,62.0,-1155.0
177.0,-33.0,-1040.0
-203.0,-101.0,-786.0
39.0,105.0,-935.0
279.0,52.0,-1262.0
89.0,48.0,-1100.0
-261.0,-76.0,-856.0
-62.0,130.0,-804.0
105.0,50.0,-1134.0
-87.0,-31.0,-1005.0
-355.0,31.0,-776.0
-40.0,66.0,-936.0
158.0,0.0,-1385.0
-160.0,85.0,-1190.0
-292.0,-31.0,-851.0
-107.0,105.0,-804.0
167.0,-23.0,-1243.0
-191.0,27.0,-1073.0
-238.0,-3.0,-771.0
-76.0,21.0,-876.0
163.0,111.0,-1358.0
-169.0,68.0,-1237.0
-222.0,-19.0,-810.0
-146.0,93.0,-774.0
197.0,80.0,-1282.0
-144.0,-44.0,-1114.0
-128.0,-99.0,-704.0
-68.0,31.0,-845.0
284.0,160.0,-1385.0
-91.0,115.0,-1311.0
-91.0,-111.0,-753.0
-169.0,95.0,-722.0
271.0,136.0,-1268.0
-72.0,-25.0,-1169.0
-42.0,-144.0,-687.0
-132.0,-9.0,-733.0
316.0,181.0,-1368.0
-72.0,52.0,-1360.0
-126.0,-50.0,-815.0
-179.0,50.0,-772.0
310.0,93.0,-1284.0
-60.0,58.0,-1167.0
-23.0,-138.0,-665.0
-158.0,72.0,-755.0
245.0,128.0,-1354.0
-156.0,140.0,-1403.0
-122.0,-19.0,-833.0
-193.0,-11.0,-774.0
238.0,134.0,-1194.0
-76.0,60.0,-1112.0
50.0,-111.0,-663.0
-130.0,7.0,-800.0
240.0,76.0,-1356.0
-72.0,185.0,-1401.0
-64.0,-21.0,-839.0
-105.0,-5.0,-741.0
195.0,162.0,-1130.0
17.0,70.0,-1175.0
15.0,-111.0,-685.0
-111.0,-13.0,-821.0
138.0,80.0,-1317.0
-80.0,85.0,-1411.0
-52.0,-99.0,-792.0
-103.0,56.0,-784.0
136.0,201.0,-1153.0
50.0,46.0,-1208.0
-50.0,-101.0,-687.0
-163.0,46.0,-864.0
89.0,105.0,-1339.0
-21.0,74.0,-1424.0
7.0,-119.0,-806.0
-144.0,44.0,-753.0
148.0,130.0,-1141.0
11.0,-5.0,-1206.0
-21.0,-163.0,-733.0
-261.0,78.0,-806.0
19.0,119.0,-1276.0
-23.0,121.0,-1364.0
0.0,-70.0,-927.0
-234.0,81.0,-802.0
152.0,158.0,-1118.0
70.0,29.0,-1184.0
40.0,-244.0,-732.0
-296.0,-17.0,-765.0
62.0,146.0,-1262.0
-29.0,91.0,-1423.0
56.0,-87.0,-923.0
-212.0,44.0,-761.0
160.0,193.0,-1048.0
97.0,46.0,-1147.0
37.0,-60.0,-792.0
-238.0,-60.0,-841.0
56.0,167.0,-1245.0
-7.0,13.0,-1350.0
101.0,-128.0,-899.0
-201.0,15.0,-700.0
117.0,152.0,-1052.0
33.0,89.0,-1196.0
85.0,-76.0,-866.0
-222.0,-44.0,-835.0
33.0,249.0,-1179.0
52.0,-1.0,-1286.0
152.0,3.0,-952.0
-226.0,-29.0,-780.0
165.0,101.0,-1065.0
13.0,50.0,-1132.0
126.0,-72.0,-899.0
-249.0,-40.0,-845.0
42.0,109.0,-1163.0
72.0,25.0,-1272.0
150.0,46.0,-954.0
-191.0,21.0,-749.0
128.0,99.0,-983.0
46.0,111.0,-1177.0
122.0,-80.0,-1011.0
-283.0,-3.0,-821.0
58.0,58.0,-1063.0
146.0,31.0,-1241.0
128.0,23.0,-1018.0
-175.0,-25.0,-798.0
27.0,126.0,-958.0
115.0,70.0,-1212.0
33.0,-5.0,-977.0
-263.0,13.0,-815.0
42.0,78.0,-1028.0
212.0,46.0,-1284.0
101.0,-9.0,-1013.0
-162.0,-27.0,-780.0
-17.0,89.0,-892.0
173.0,9.0,-1245.0
-23.0,25.0,-1034.0
-208.0,29.0,-813.0
19.0,66.0,-1011.0
245.0,40.0,-1262.0
52.0,50.0,-1067.0
-160.0,-7.0,-759.0
-33.0,91.0,-925.0
179.0,95.0,-1262.0
-42.0,-17.0,-1126.0
-201.0,-19.0,-772.0
-11.0,-7.0,-913.0
222.0,146.0,-1231.0
-21.0,40.0,-1139.0
-177.0,-39.0,-829.0
-122.0,80.0,-884.0
203.0,85.0,-1208.0
-56.0,33.0,-1097.0
-179.0,-21.0,-788.0
-42.0,17.0,-872.0
251.0,91.0,-1276.0
19.0,46.0,-1227.0
-232.0,-68.0,-747.0
-495.0,40.0,-835.0
-80.0,62.0,-1106.0
-452.0,19.0,-1247.0
-212.0,17.0,-657.0
-1108.0,89.0,-1069.0
-597.0,78.0,-1288.0
-983.0,-64.0,-1192.0
-1372.0,87.0,-870.0
-1458.0,-42.0,-708.0
-1116.0,91.0,-1108.0
-1079.0,-50.0,-1007.0
-1770.0,97.0,-829.0
-1389.0,206.0,-851.0
-1167.0,-121.0,-1372.0
-1274.0,-72.0,-1210.0
-1704.0,64.0,-819.0
-1266.0,281.0,-712.0
-1044.0,-105.0,-1231.0
-1171.0,-97.0,-1262.0
-1259.0,124.0,-907.0
-1136.0,318.0,-882.0
-704.0,-130.0,-1491.0
-1032.0,-197.0,-1432.0
-935.0,-121.0,-714.0
-1208.0,296.0,-568.0
-482.0,19.0,-1286.0
-630.0,-76.0,-1491.0
-735.0,-70.0,-716.0
-1036.0,253.0,-665.0
-259.0,76.0,-1415.0
-692.0,-105.0,-1532.0
-724.0,-146.0,-673.0
-1065.0,253.0,-509.0
-427.0,1.0,-1247.0
-706.0,-154.0,-1303.0
-999.0,0.0,-692.0
-1057.0,296.0,-636.0
-790.0,-31.0,-1378.0
-1132.0,-66.0,-1284.0
-1354.0,-35.0,-632.0
-1366.0,222.0,-583.0
-1110.0,-54.0,-1239.0
-1260.0,-46.0,-1229.0
-1456.0,101.0,-843.0
-1464.0,331.0,-774.0
-1089.0,-115.0,-1366.0
-1401.0,-115.0,-1278.0
-1380.0,-21.0,-767.0
-1520.0,316.0,-796.0
-1155.0,-177.0,-1233.0
-1518.0,-99.0,-1182.0
-1286.0,162.0,-892.0
-1534.0,351.0,-940.0
-1040.0,-160.0,-1378.0
-1180.0,-113.0,-1380.0
-1005.0,154.0,-790.0
-1370.0,271.0,-579.0
-886.0,-277.0,-1102.0
-849.0,-191.0,-1305.0
-911.0,105.0,-931.0
-1282.0,357.0,-782.0
-995.0,-122.0,-1380.0
-792.0,-183.0,-1436.0
-1009.0,25.0,-806.0
-1387.0,230.0,-476.0
-1098.0,15.0,-989.0
-942.0,-310.0,-1327.0
-1155.0,-48.0,-884.0
-1590.0,257.0,-706.0
-1108.0,-54.0,-1286.0
-997.0,-203.0,-1563.0
-1243.0,13.0,-853.0
-1612.0,216.0,-419.0
-1249.0,160.0,-940.0
-987.0,-402.0,-1327.0
-1348.0,80.0,-954.0
-1545.0,320.0,-761.0
-1274.0,-15.0,-1424.0
-1229.0,-48.0,-1499.0
-1372.0,27.0,-954.0
-1627.0,171.0,-376.0
-1333.0,-126.0,-929.0
-1139.0,-109.0,-1325.0
-1311.0,150.0,-1171.0
-1618.0,226.0,-694.0
-1300.0,27.0,-1264.0
-952.0,-97.0,-1421.0
-1015.0,-81.0,-936.0
-1364.0,288.0,-480.0
-1165.0,-50.0,-942.0
-991.0,-105.0,-1296.0
-1026.0,261.0,-1046.0
-1569.0,288.0,-763.0
-1210.0,-150.0,-1208.0
-931.0,-372.0,-1413.0
-1110.0,142.0,-972.0
-1446.0,1.0,-425.0
-1132.0,271.0,-890.0
-886.0,-302.0,-1387.0
-1237.0,-56.0,-1057.0
-1342.0,113.0,-605.0
-958.0,119.0,-1141.0
-976.0,-35.0,-1467.0
-821.0,-11.0,-1106.0
-1298.0,236.0,-497.0
-843.0,99.0,-882.0
-622.0,-136.0,-1284.0
-663.0,286.0,-1184.0
-761.0,-234.0,-739.0
-692.0,144.0,-1100.0
-261.0,-39.0,-1352.0
-501.0,91.0,-1239.0
-448.0,-72.0,-667.0
-310.0,66.0,-894.0
-267.0,101.0,-1126.0
-355.0,105.0,-1048.0
-130.0,-165.0,-999.0
-1.0,150.0,-1073.0
31.0,9.0,-1344.0
150.0,136.0,-958.0
66.0,-204.0,-895.0
177.0,-17.0,-612.0
42.0,-76.0,-1065.0
406.0,165.0,-976.0
-7.0,119.0,-1114.0
195.0,113.0,-940.0
240.0,126.0,-1382.0
792.0,5.0,-1040.0
208.0,62.0,-872.0
905.0,68.0,-597.0
558.0,-87.0,-1292.0
1665.0,-122.0,-677.0
1214.0,181.0,-997.0
1477.0,450.0,-1253.0
1676.0,-304.0,-1186.0
1643.0,29.0,-972.0
1655.0,-105.0,-782.0
1200.0,544.0,-1036.0
1805.0,-95.0,-1018.0
1110.0,-169.0,-1186.0
1430.0,189.0,-1083.0
989.0,284.0,-1282.0
1335.0,7.0,-1114.0
985.0,-80.0,-895.0
1034.0,-160.0,-843.0
847.0,353.0,-589.0
763.0,-78.0,-894.0
776.0,-130.0,-927.0
595.0,-39.0,-1165.0
732.0,566.0,-1122.0
560.0,238.0,-1169.0
759.0,-214.0,-1063.0
587.0,25.0,-895.0
669.0,144.0,-718.0
579.0,232.0,-864.0
683.0,-324.0,-1081.0
591.0,-54.0,-1167.0
562.0,388.0,-1206.0
636.0,181.0,-1276.0
769.0,-322.0,-1054.0
698.0,-99.0,-831.0
931.0,259.0,-669.0
878.0,122.0,-962.0
1147.0,37.0,-1116.0
1221.0,-226.0,-1179.0
1128.0,396.0,-1169.0
1257.0,111.0,-1165.0
1446.0,-216.0,-1036.0
1378.0,-185.0,-952.0
1264.0,56.0,-854.0
1251.0,220.0,-876.0
1419.0,-378.0,-1016.0
1200.0,154.0,-1098.0
1497.0,409.0,-1077.0
1266.0,325.0,-1110.0
1469.0,-421.0,-1083.0
1280.0,-308.0,-819.0
1270.0,286.0,-714.0
1249.0,312.0,-907.0
1239.0,-415.0,-1065.0
1194.0,-197.0,-1227.0
1024.0,632.0,-1212.0
874.0,306.0,-997.0
1079.0,-273.0,-1001.0
1075.0,-228.0,-929.0
911.0,404.0,-884.0
972.0,238.0,-788.0
1040.0,-306.0,-1083.0
1147.0,48.0,-1210.0
931.0,304.0,-983.0
1100.0,322.0,-993.0
1335.0,-322.0,-1065.0
1278.0,-144.0,-1028.0
1093.0,527.0,-796.0
1204.0,-19.0,-925.0
1383.0,-206.0,-1108.0
1221.0,13.0,-1214.0
1081.0,638.0,-1024.0
1325.0,117.0,-1063.0
1434.0,-443.0,-1097.0
1335.0,-80.0,-979.0
1212.0,378.0,-732.0
1301.0,177.0,-804.0
1440.0,-503.0,-1126.0
1403.0,-74.0,-1149.0
1329.0,583.0,-929.0
1358.0,271.0,-1024.0
1385.0,-431.0,-1139.0
1423.0,-154.0,-1075.0
1122.0,450.0,-825.0
1202.0,136.0,-895.0
1245.0,-312.0,-1145.0
1237.0,-91.0,-1114.0
1065.0,452.0,-929.0
1085.0,283.0,-985.0
1204.0,-413.0,-1165.0
1128.0,-183.0,-1044.0
892.0,372.0,-823.0
931.0,175.0,-868.0
890.0,-228.0,-1095.0
888.0,-197.0,-1186.0
718.0,569.0,-1024.0
720.0,249.0,-1030.0
737.0,-281.0,-1130.0
669.0,-138.0,-1042.0
583.0,253.0,-835.0
497.0,247.0,-813.0
669.0,-327.0,-1057.0
581.0,-93.0,-1038.0
519.0,456.0,-931.0
556.0,228.0,-1065.0
599.0,-156.0,-1212.0
581.0,-89.0,-1028.0
470.0,216.0,-829.0
427.0,95.0,-886.0
521.0,-325.0,-1112.0
404.0,-3.0,-1083.0
353.0,398.0,-1032.0
347.0,173.0,-1177.0
429.0,-146.0,-1216.0
396.0,-95.0,-942.0
253.0,189.0,-694.0
271.0,39.0,-808.0
318.0,-150.0,-1067.0
259.0,-5.0,-1134.0
177.0,216.0,-1124.0
245.0,160.0,-1179.0
263.0,-128.0,-1153.0
201.0,5.0,-999.0
185.0,103.0,-905.0
132.0,-9.0,-995.0
206.0,-70.0,-1073.0
134.0,-29.0,-1128.0
78.0,199.0,-1153.0
54.0,111.0,-1190.0
132.0,-25.0,-1249.0
142.0,5.0,-1159.0
113.0,80.0,-976.0
15.0,-3.0,-960.0
122.0,-44.0,-1112.0
132.0,-40.0,-1257.0
130.0,222.0,-1278.0
95.0,95.0,-1321.0
109.0,107.0,-1298.0
208.0,11.0,-1223.0
154.0,17.0,-1034.0
58.0,31.0,-1026.0
242.0,-64.0,-1147.0
140.0,11.0,-1245.0
162.0,183.0,-1198.0
80.0,5.0,-1376.0
210.0,76.0,-1350.0
220.0,19.0,-1264.0
191.0,0.0,-1048.0
89.0,-60.0,-1061.0
201.0,-31.0,-1075.0
115.0,9.0,-1237.0
105.0,183.0,-1274.0
21.0,72.0,-1393.0
124.0,44.0,-1372.0
101.0,-11.0,-1175.0
80.0,72.0,-993.0
15.0,-89.0,-991.0
33.0,35.0,-1089.0
54.0,3.0,-1280.0
48.0,85.0,-1364.0
7.0,91.0,-1380.0
87.0,52.0,-1305.0
11.0,122.0,-1138.0
113.0,-25.0,-1087.0
-52.0,-42.0,-1104.0
89.0,15.0,-1130.0
19.0,33.0,-1237.0
33.0,35.0,-1284.0
-39.0,1.0,-1303.0
9.0,117.0,-1249.0
58.0,105.0,-1237.0
122.0,-48.0,-1128.0
-78.0,-42.0,-1067.0
93.0,1.0,-1071.0
1.0,15.0,-1264.0
56.0,56.0,-1335.0
-19.0,56.0,-1342.0
60.0,175.0,-1243.0
58.0,7.0,-1268.0
78.0,-50.0,-1110.0
-56.0,-93.0,-1042.0
70.0,40.0,-1126.0
-25.0,13.0,-1296.0
21.0,37.0,-1259.0
-76.0,62.0,-1307.0
83.0,136.0,-1350.0
56.0,15.0,-1370.0
76.0,-5.0,-1214.0
-76.0,-85.0,-1108.0
68.0,21.0,-1124.0
-1.0,15.0,-1298.0
64.0,58.0,-1360.0
-60.0,70.0,-1397.0
33.0,122.0,-1434.0
5.0,17.0,-1350.0
0.0,5.0,-1149.0
-134.0,-21.0,-1042.0
-33.0,56.0,-1081.0
-105.0,93.0,-1315.0
-62.0,5.0,-1360.0
-132.0,3.0,-1370.0
-35.0,81.0,-1303.0
-46.0,80.0,-1288.0
-29.0,68.0,-1136.0
-81.0,-70.0,-1048.0
-11.0,-3.0,-1075.0
-74.0,31.0,-1233.0
-33.0,40.0,-1223.0
-87.0,11.0,-1313.0
-7.0,72.0,-1348.0
19.0,85.0,-1335.0
66.0,15.0,-1184.0
-58.0,-31.0,-1057.0
27.0,-13.0,-1028.0
29.0,0.0,-1260.0
91.0,31.0,-1344.0
44.0,9.0,-1393.0
21.0,177.0,-1382.0
60.0,40.0,-1442.0
68.0,25.0,-1249.0
-3.0,-62.0,-1093.0
40.0,-17.0,-1149.0
19.0,42.0,-1286.0
17.0,31.0,-1358.0
40.0,35.0,-1378.0
21.0,93.0,-1421.0
89.0,52.0,-1436.0
83.0,35.0,-1251.0
44.0,-56.0,-1077.0
11.0,-42.0,-1091.0
58.0,7.0,-1235.0
46.0,46.0,-1366.0
-23.0,80.0,-1423.0
39.0,40.0,-1475.0
17.0,99.0,-1362.0
66.0,23.0,-1196.0
-35.0,-52.0,-1071.0
-15.0,23.0,-1098.0
31.0,9.0,-1282.0
13.0,9.0,-1385.0
-31.0,0.0,-1393.0
-39.0,76.0,-1378.0
0.0,179.0,-1321.0
39.0,136.0,-1239.0
7.0,-39.0,-1132.0
-42.0,-50.0,-1155.0
-33.0,5.0,-1239.0
1.0,44.0,-1327.0
11.0,3.0,-1362.0
-72.0,72.0,-1417.0
17.0,85.0,-1385.0
-21.0,95.0,-1301.0
27.0,-21.0,-1124.0
-83.0,-31.0,-1100.0
31.0,50.0,-1196.0
-13.0,-1.0,-1372.0
-37.0,72.0,-1383.0
-101.0,72.0,-1380.0
-17.0,134.0,-1374.0
64.0,-31.0,-1335.0
11.0,-74.0,-1192.0
-46.0,-48.0,-1175.0
-7.0,50.0,-1192.0
-11.0,39.0,-1350.0
-19.0,81.0,-1382.0
-68.0,95.0,-1442.0
19.0,124.0,-1421.0
48.0,60.0,-1415.0
95.0,-78.0,-1186.0
-87.0,-39.0,-1100.0
70.0,21.0,-1145.0
-1.0,-27.0,-1407.0
-13.0,76.0,-1421.0
-72.0,46.0,-1477.0
0.0,134.0,-1385.0
23.0,40.0,-1333.0
13.0,-21.0,-1104.0
-64.0,-50.0,-1075.0
17.0,89.0,-1153.0
-11.0,56.0,-1344.0
-21.0,-48.0,-1393.0
-62.0,5.0,-1387.0
35.0,140.0,-1319.0
27.0,146.0,-1319.0
21.0,9.0,-1196.0
-54.0,-66.0,-1130.0
7.0,-1.0,-1097.0
-37.0,13.0,-1296.0
-3.0,13.0,-1327.0
-68.0,99.0,-1405.0
9.0,148.0,-1413.0
60.0,-11.0,-1399.0
76.0,-60.0,-1247.0
-52.0,-58.0,-1046.0
-15.0,144.0,-1102.0
50.0,46.0,-1358.0
-11.0,-1.0,-1452.0
-62.0,62.0,-1370.0
31.0,132.0,-1382.0
91.0,40.0,-1389.0
25.0,-62.0,-1260.0
-31.0,-121.0,-1087.0
25.0,29.0,-1167.0
25.0,29.0,-1329.0
-40.0,40.0,-1354.0
-56.0,60.0,-1358.0
5.0,121.0,-1423.0
42.0,60.0,-1458.0
44.0,-31.0,-1270.0
-85.0,-31.0,-1116.0
13.0,-42.0,-1130.0
-64.0,109.0,-1305.0
-17.0,37.0,-1428.0
-68.0,11.0,-1397.0
-1.0,152.0,-1403.0
29.0,140.0,-1428.0
39.0,19.0,-1268.0
-42.0,-124.0,-1108.0
-35.0,-5.0,-1180.0
42.0,37.0,-1331.0
7.0,-5.0,-1352.0
-39.0,31.0,-1358.0
25.0,179.0,-1417.0
25.0,126.0,-1399.0
21.0,70.0,-1309.0
-48.0,-70.0,-1147.0
-19.0,-25.0,-1145.0
-31.0,3.0,-1235.0
-11.0,-17.0,-1317.0
-21.0,50.0,-1354.0
-11.0,201.0,-1473.0
7.0,150.0,-1503.0
78.0,-46.0,-1370.0
-91.0,-68.0,-1081.0
-15.0,3.0,-1050.0
33.0,121.0,-1243.0
7.0,70.0,-1346.0
-11.0,-39.0,-1456.0
-52.0,121.0,-1436.0
25.0,29.0,-1456.0
-5.0,85.0,-1303.0
46.0,-44.0,-1132.0
-68.0,13.0,-1097.0
44.0,105.0,-1202.0
-33.0,19.0,-1341.0
27.0,21.0,-1409.0
-101.0,85.0,-1477.0
109.0,21.0,-1526.0
-11.0,40.0,-1325.0
89.0,-76.0,-1063.0
-62.0,62.0,-1050.0
11.0,99.0,-1151.0
11.0,-60.0,-1428.0
1.0,-39.0,-1524.0
-48.0,80.0,-1489.0
-17.0,105.0,-1366.0
25.0,37.0,-1303.0
1.0,29.0,-1061.0
-66.0,-56.0,-1081.0
23.0,19.0,-1280.0
5.0,-35.0,-1436.0
-29.0,13.0,-1421.0
-81.0,158.0,-1440.0
-33.0,226.0,-1389.0
78.0,-11.0,-1313.0
-5.0,-39.0,-1139.0
-87.0,-85.0,-1136.0
113.0,-42.0,-1239.0
-9.0,9.0,-1372.0
-1.0,72.0,-1438.0
-74.0,124.0,-1471.0
89.0,152.0,-1419.0
78.0,-3.0,-1331.0
37.0,-35.0,-1098.0
-60.0,-23.0,-1057.0
33.0,60.0,-1179.0
9.0,9.0,-1446.0
-21.0,31.0,-1458.0
-89.0,66.0,-1446.0
9.0,128.0,-1382.0
-33.0,54.0,-1262.0
29.0,-66.0,-1139.0
-76.0,-68.0,-1227.0
35.0,148.0,-1179.0
-1.0,9.0,-1325.0
21.0,-27.0,-1407.0
-95.0,60.0,-1428.0
85.0,58.0,-1364.0
37.0,-19.0,-1387.0
54.0,-60.0,-1253.0
-64.0,9.0,-1093.0
74.0,74.0,-1122.0
-11.0,-9.0,-1383.0
-1.0,-3.0,-1432.0
-50.0,40.0,-1366.0
5.0,267.0,-1356.0
66.0,11.0,-1401.0
42.0,-39.0,-1259.0
-95.0,-66.0,-1180.0
-35.0,152.0,-1210.0
-54.0,37.0,-1348.0
-48.0,-3.0,-1346.0
-142.0,81.0,-1360.0
1.0,87.0,-1411.0
-3.0,37.0,-1491.0
44.0,-3.0,-1280.0
-72.0,21.0,-1163.0
29.0,91.0,-1095.0
23.0,-48.0,-1327.0
29.0,40.0,-1317.0
-70.0,132.0,-1358.0
44.0,181.0,-1458.0
66.0,-9.0,-1397.0
7.0,-105.0,-1216.0
-11.0,-76.0,-1073.0
-42.0,160.0,-1087.0
89.0,70.0,-1270.0
13.0,-68.0,-1415.0
-44.0,52.0,-1382.0
40.0,115.0,-1405.0
-13.0,195.0,-1366.0
29.0,-5.0,-1245.0
-21.0,-89.0,-1145.0
-21.0,11.0,-1175.0
-3.0,-23.0,-1286.0
-46.0,58.0,-1358.0
-25.0,19.0,-1358.0
7.0,5.0,-1465.0
31.0,201.0,-1473.0
54.0,89.0,-1311.0
-35.0,0.0,-1161.0
19.0,-99.0,-1159.0
-37.0,25.0,-1257.0
25.0,29.0,-1428.0
-17.0,76.0,-1469.0
-70.0,140.0,-1417.0
15.0,-21.0,-1415.0
-33.0,15.0,-1309.0
-9.0,85.0,-1128.0
-58.0,-29.0,-1169.0
-58.0,-3.0,-1212.0
-21.0,-121.0,-1337.0
-23.0,80.0,-1354.0
-31.0,195.0,-1434.0
19.0,142.0,-1417.0
33.0,-130.0,-1313.0
23.0,-93.0,-1056.0
-15.0,76.0,-1036.0
5.0,54.0,-1173.0
15.0,-81.0,-1319.0
-60.0,83.0,-1417.0
-5.0,154.0,-1487.0
-48.0,179.0,-1393.0
54.0,5.0,-1227.0
0.0,-115.0,-1042.0
-89.0,31.0,-1059.0
19.0,111.0,-1260.0
-56.0,-11.0,-1438.0
-15.0,-11.0,-1483.0
-80.0,111.0,-1473.0
56.0,138.0,-1339.0
7.0,150.0,-1298.0
50.0,-54.0,-1122.0
-56.0,-74.0,-1218.0
83.0,29.0,-1262.0
0.0,-115.0,-1376.0
33.0,40.0,-1391.0
-42.0,124.0,-1442.0
35.0,214.0,-1378.0
35.0,9.0,-1296.0
62.0,-19.0,-1239.0
-66.0,11.0,-1077.0
64.0,13.0,-1138.0
0.0,-37.0,-1424.0
19.0,-56.0,-1395.0
-119.0,142.0,-1333.0
76.0,152.0,-1374.0
21.0,80.0,-1344.0
64.0,-83.0,-1159.0
-162.0,33.0,-1143.0
97.0,25.0,-1198.0
-39.0,-95.0,-1348.0
-27.0,-11.0,-1296.0
-115.0,33.0,-1344.0
66.0,230.0,-1426.0
62.0,50.0,-1399.0
27.0,9.0,-1253.0
-97.0,-17.0,-1054.0
80.0,-48.0,-1155.0
27.0,0.0,-1270.0
17.0,-23.0,-1421.0
-42.0,261.0,-1462.0
44.0,199.0,-1520.0
81.0,-25.0,-1452.0
-25.0,17.0,-1167.0
-136.0,-25.0,-944.0
72.0,-11.0,-1116.0
-81.0,-9.0,-1335.0
23.0,0.0,-1380.0
-78.0,99.0,-1495.0
101.0,212.0,-1501.0
-54.0,58.0,-1356.0
60.0,-7.0,-1153.0
-60.0,-70.0,-1075.0
60.0,3.0,-1104.0
-68.0,3.0,-1243.0
-21.0,-85.0,-1307.0
-87.0,91.0,-1469.0
89.0,70.0,-1483.0
25.0,138.0,-1405.0
93.0,-40.0,-1223.0
-66.0,1.0,-974.0
-25.0,72.0,-1052.0
54.0,-31.0,-1346.0
-11.0,-33.0,-1419.0
13.0,19.0,-1409.0
17.0,167.0,-1465.0
31.0,76.0,-1460.0
-15.0,15.0,-1163.0
13.0,-50.0,-1030.0
-44.0,5.0,-1095.0
13.0,-23.0,-1315.0
-68.0,99.0,-1323.0
52.0,83.0,-1407.0
-56.0,105.0,-1481.0
9.0,117.0,-1442.0
11.0,-103.0,-1237.0
-35.0,56.0,-1054.0
11.0,-17.0,-1110.0
3.0,70.0,-1245.0
-27.0,76.0,-1309.0
5.0,42.0,-1512.0
-56.0,126.0,-1434.0
70.0,-56.0,-1370.0
13.0,31.0,-1190.0
-7.0,-60.0,-1057.0
-70.0,109.0,-1145.0
50.0,154.0,-1317.0
-56.0,76.0,-1395.0
13.0,-25.0,-1346.0
-48.0,83.0,-1462.0
-23.0,115.0,-1290.0
-33.0,-37.0,-1175.0
3.0,-29.0,-1153.0
-19.0,-35.0,-1210.0
-21.0,0.0,-1237.0
74.0,-25.0,-1284.0
-3.0,122.0,-1380.0
13.0,179.0,-1380.0
-1.0,154.0,-1337.0
99.0,23.0,-1294.0
35.0,9.0,-1136.0
-66.0,-54.0,-1095.0
60.0,-40.0,-1180.0
-27.0,-103.0,-1329.0
13.0,-66.0,-1403.0
-95.0,232.0,-1423.0
66.0,206.0,-1387.0
78.0,64.0,-1333.0
13.0,-50.0,-1202.0
-80.0,-40.0,-1116.0
80.0,19.0,-1182.0
-42.0,-31.0,-1335.0
-9.0,-1.0,-1356.0
-113.0,78.0,-1464.0
13.0,52.0,-1448.0
-72.0,146.0,-1362.0
128.0,-150.0,-1139.0
-91.0,-58.0,-1048.0
5.0,162.0,-935.0
19.0,146.0,-1214.0
-7.0,224.0,-1341.0
-68.0,91.0,-1344.0
33.0,3.0,-1259.0
54.0,-160.0,-1173.0
17.0,39.0,-772.0
-35.0,117.0,-704.0
54.0,5.0,-817.0
-50.0,-33.0,-1075.0
-42.0,9.0,-1100.0
-87.0,111.0,-1018.0
-1.0,152.0,-878.0
21.0,62.0,-862.0
-23.0,-85.0,-675.0
3.0,-130.0,-706.0
5.0,105.0,-714.0
5.0,-85.0,-827.0
-35.0,-1.0,-931.0
3.0,-9.0,-946.0
72.0,286.0,-894.0
78.0,121.0,-847.0
91.0,54.0,-806.0
-76.0,-144.0,-673.0
29.0,1.0,-769.0
-21.0,66.0,-1034.0
25.0,107.0,-1089.0
-162.0,148.0,-942.0
60.0,95.0,-987.0
13.0,181.0,-1081.0
27.0,-54.0,-907.0
-91.0,-228.0,-935.0
-17.0,37.0,-958.0
-64.0,17.0,-1022.0
-1.0,56.0,-1026.0
42.0,140.0,-1138.0
35.0,50.0,-1188.0
62.0,-58.0,-1046.0
-48.0,-89.0,-858.0
27.0,124.0,-790.0
-19.0,35.0,-989.0
-1.0,-40.0,-1065.0
-81.0,-27.0,-1106.0
-33.0,-21.0,-1106.0
-25.0,130.0,-1262.0
33.0,101.0,-1024.0
-56.0,29.0,-813.0
0.0,-39.0,-866.0
9.0,-3.0,-1089.0
-33.0,-91.0,-1132.0
-15.0,-13.0,-1188.0
-7.0,167.0,-1264.0
62.0,140.0,-1307.0
-5.0,146.0,-1116.0
-37.0,-39.0,-927.0
-27.0,-97.0,-981.0
0.0,-56.0,-1069.0
-11.0,-15.0,-1206.0
-23.0,78.0,-1309.0
1.0,212.0,-1335.0
5.0,302.0,-1356.0
78.0,-27.0,-1169.0
-50.0,-78.0,-958.0
-97.0,74.0,-931.0
9.0,-87.0,-1089.0
-13.0,-27.0,-1200.0
15.0,44.0,-1253.0
-64.0,165.0,-1288.0
-31.0,224.0,-1200.0
54.0,31.0,-1028.0
21.0,64.0,-894.0
-81.0,-5.0,-870.0
99.0,-21.0,-913.0
-7.0,5.0,-1034.0
-1.0,0.0,-1059.0
-81.0,179.0,-1173.0
48.0,150.0,-1200.0
0.0,19.0,-942.0
40.0,-25.0,-794.0
-39.0,-35.0,-767.0
48.0,50.0,-788.0
0.0,15.0,-1020.0
0.0,60.0,-1108.0
-44.0,91.0,-1169.0
35.0,177.0,-1098.0
70.0,-52.0,-919.0
52.0,-40.0,-714.0
-58.0,-177.0,-692.0
29.0,93.0,-823.0
0.0,44.0,-1054.0
-44.0,130.0,-1097.0
-44.0,64.0,-1114.0
0.0,83.0,-1057.0
48.0,95.0,-950.0
52.0,-25.0,-761.0
-95.0,76.0,-679.0
-29.0,-60.0,-730.0
-62.0,-25.0,-931.0
-5.0,-50.0,-1018.0
-117.0,144.0,-1003.0
-33.0,189.0,-966.0
9.0,-5.0,-890.0
66.0,-80.0,-591.0
-70.0,39.0,-607.0
31.0,185.0,-685.0
48.0,-179.0,-927.0
-5.0,-17.0,-954.0
-95.0,119.0,-890.0
40.0,228.0,-868.0
25.0,5.0,-735.0
46.0,-91.0,-648.0
-101.0,-160.0,-616.0
-7.0,-64.0,-642.0
-19.0,162.0,-825.0
-56.0,95.0,-849.0
-68.0,66.0,-886.0
103.0,66.0,-981.0
19.0,103.0,-966.0
56.0,-60.0,-691.0
-81.0,-175.0,-603.0
48.0,-9.0,-642.0
-62.0,50.0,-829.0
-9.0,162.0,-917.0
-40.0,17.0,-995.0
1.0,-5.0,-974.0
-9.0,-29.0,-962.0
17.0,-15.0,-765.0
-21.0,62.0,-614.0
15.0,126.0,-642.0
-48.0,185.0,-895.0
13.0,-95.0,-931.0
-62.0,-13.0,-1018.0
-42.0,130.0,-1005.0
33.0,-50.0,-917.0
40.0,-91.0,-755.0
-72.0,39.0,-589.0
-21.0,89.0,-554.0
15.0,54.0,-812.0
-58.0,91.0,-895.0
0.0,19.0,-1030.0
25.0,126.0,-1028.0
33.0,111.0,-927.0
-5.0,31.0,-663.0
-56.0,-5.0,-505.0
-33.0,-60.0,-661.0
0.0,-97.0,-812.0
1.0,15.0,-954.0
-3.0,148.0,-1009.0
11.0,109.0,-876.0
1.0,89.0,-827.0
40.0,3.0,-737.0
-42.0,99.0,-622.0
0.0,-70.0,-730.0
0.0,103.0,-841.0
-11.0,13.0,-927.0
-58.0,-15.0,-849.0
-60.0,146.0,-894.0
-44.0,150.0,-841.0
9.0,-54.0,-767.0
-9.0,-35.0,-665.0
15.0,44.0,-700.0
-1.0,-42.0,-849.0
25.0,48.0,-929.0
-42.0,109.0,-835.0
9.0,107.0,-845.0
-27.0,105.0,-845.0
25.0,60.0,-815.0
9.0,-37.0,-694.0
-66.0,-93.0,-712.0
13.0,-40.0,-735.0
17.0,-17.0,-730.0
1.0,76.0,-733.0
-48.0,101.0,-845.0
52.0,171.0,-876.0
25.0,152.0,-829.0
27.0,-29.0,-671.0
-66.0,-134.0,-640.0
13.0,-3.0,-612.0
0.0,66.0,-685.0
-52.0,39.0,-765.0
-95.0,93.0,-911.0
-48.0,169.0,-884.0
19.0,7.0,-802.0
-9.0,-136.0,-620.0
-64.0,-130.0,-595.0
54.0,99.0,-683.0
39.0,138.0,-837.0
17.0,29.0,-868.0
-72.0,187.0,-845.0
111.0,80.0,-884.0
50.0,-35.0,-817.0
78.0,-89.0,-663.0
-78.0,-42.0,-612.0
9.0,-56.0,-581.0
-68.0,42.0,-778.0
-1.0,130.0,-802.0
-72.0,206.0,-868.0
15.0,97.0,-888.0
21.0,68.0,-868.0
25.0,-56.0,-603.0
-54.0,-206.0,-568.0
33.0,64.0,-648.0
-35.0,7.0,-714.0
-1.0,13.0,-823.0
-87.0,-27.0,-917.0
62.0,226.0,-839.0
27.0,148.0,-808.0
37.0,5.0,-685.0
-85.0,-185.0,-532.0
15.0,-72.0,-513.0
-76.0,21.0,-696.0
29.0,27.0,-849.0
-122.0,150.0,-909.0
85.0,162.0,-968.0
21.0,72.0,-917.0
95.0,5.0,-665.0
-101.0,-50.0,-495.0
-11.0,17.0,-482.0
-21.0,-31.0,-743.0
-66.0,171.0,-831.0
-80.0,44.0,-931.0
58.0,68.0,-1013.0
-27.0,148.0,-915.0
111.0,-64.0,-597.0
-68.0,-91.0,-484.0
-3.0,31.0,-579.0
-7.0,7.0,-778.0
-27.0,148.0,-884.0
-15.0,19.0,-909.0
5.0,119.0,-936.0
-13.0,169.0,-821.0
-7.0,60.0,-618.0
-33.0,-185.0,-552.0
-13.0,39.0,-472.0
-11.0,9.0,-698.0
-19.0,-31.0,-854.0
-17.0,1.0,-911.0
-21.0,76.0,-843.0
78.0,177.0,-907.0
91.0,236.0,-651.0
-25.0,-44.0,-460.0
-23.0,-76.0,-491.0
-58.0,-23.0,-792.0
21.0,91.0,-806.0
-39.0,-31.0,-853.0
-37.0,42.0,-856.0
7.0,25.0,-827.0
13.0,44.0,-716.0
-64.0,21.0,-552.0
-5.0,15.0,-587.0
23.0,78.0,-749.0
-33.0,101.0,-819.0
50.0,52.0,-862.0
-19.0,81.0,-876.0
64.0,-5.0,-894.0
23.0,-17.0,-728.0
-9.0,-136.0,-581.0
-58.0,0.0,-583.0
0.0,154.0,-683.0
-46.0,187.0,-772.0
0.0,99.0,-831.0
-66.0,25.0,-849.0
-17.0,58.0,-866.0
-11.0,0.0,-700.0
-33.0,-62.0,-509.0
-60.0,-56.0,-562.0
11.0,-9.0,-733.0
0.0,17.0,-767.0
-31.0,83.0,-802.0
-66.0,191.0,-858.0
39.0,76.0,-798.0
7.0,99.0,-702.0
27.0,-27.0,-560.0
-39.0,-107.0,-568.0
9.0,-23.0,-634.0
-42.0,-40.0,-776.0
5.0,80.0,-812.0
-25.0,160.0,-915.0
0.0,195.0,-874.0
15.0,-9.0,-771.0
-1.0,-27.0,-542.0
-81.0,-40.0,-532.0
31.0,25.0,-609.0
11.0,-48.0,-823.0
-25.0,11.0,-894.0
-91.0,124.0,-880.0
-13.0,255.0,-856.0
11.0,19.0,-763.0
11.0,-142.0,-587.0
-64.0,-87.0,-538.0
19.0,17.0,-599.0
7.0,58.0,-751.0
-35.0,89.0,-813.0
-68.0,50.0,-892.0
101.0,60.0,-903.0
78.0,35.0,-812.0
58.0,3.0,-548.0
-66.0,27.0,-452.0
39.0,-58.0,-532.0
17.0,-33.0,-780.0
-39.0,-15.0,-827.0
-70.0,109.0,-897.0
-15.0,212.0,-825.0
31.0,29.0,-821.0
-9.0,3.0,-573.0
-89.0,0.0,-530.0
0.0,-21.0,-560.0
-40.0,-56.0,-771.0
-37.0,-64.0,-827.0
-70.0,103.0,-868.0
56.0,187.0,-936.0
42.0,150.0,-895.0
58.0,-74.0,-646.0
-48.0,-80.0,-505.0
46.0,9.0,-525.0
11.0,68.0,-702.0
-33.0,50.0,-761.0
-80.0,37.0,-888.0
52.0,142.0,-911.0
78.0,25.0,-831.0
37.0,-40.0,-638.0
-87.0,-37.0,-447.0
21.0,95.0,-488.0
-11.0,19.0,-757.0
-19.0,27.0,-851.0
-93.0,109.0,-813.0
72.0,134.0,-853.0
-29.0,121.0,-813.0
48.0,-91.0,-595.0
-80.0,-44.0,-466.0
19.0,31.0,-523.0
-17.0,21.0,-698.0
5.0,-40.0,-788.0
-29.0,39.0,-868.0
9.0,281.0,-870.0
31.0,107.0,-923.0
21.0,29.0,-671.0
-56.0,-44.0,-495.0
42.0,-21.0,-552.0
-66.0,-39.0,-772.0
37.0,-44.0,-847.0
-64.0,23.0,-849.0
5.0,255.0,-876.0
-7.0,132.0,-851.0
58.0,27.0,-716.0
-40.0,-7.0,-540.0
-17.0,5.0,-618.0
-29.0,-21.0,-749.0
-40.0,-19.0,-749.0
-52.0,56.0,-790.0
-15.0,171.0,-868.0
3.0,95.0,-929.0
13.0,-52.0,-714.0
-58.0,-66.0,-489.0
-25.0,17.0,-503.0
11.0,-25.0,-618.0
-15.0,21.0,-675.0
-29.0,97.0,-786.0
-9.0,177.0,-895.0
33.0,68.0,-907.0
25.0,-56.0,-685.0
19.0,-56.0,-486.0
-35.0,74.0,-472.0
29.0,5.0,-616.0
-17.0,-31.0,-772.0
-9.0,23.0,-841.0
-37.0,134.0,-927.0
19.0,138.0,-870.0
-7.0,-13.0,-720.0
17.0,-15.0,-564.0
-48.0,52.0,-562.0
13.0,35.0,-607.0
-44.0,-39.0,-765.0
-54.0,35.0,-880.0
-39.0,162.0,-952.0
11.0,60.0,-919.0
5.0,-35.0,-784.0
-5.0,5.0,-488.0
-85.0,-15.0,-476.0
68.0,-19.0,-663.0
-25.0,-46.0,-792.0
-7.0,56.0,-874.0
-58.0,181.0,-888.0
39.0,146.0,-878.0
54.0,-25.0,-677.0
17.0,-19.0,-538.0
-74.0,19.0,-525.0
56.0,-40.0,-589.0
-46.0,-70.0,-730.0
-21.0,31.0,-782.0
-91.0,181.0,-884.0
54.0,128.0,-833.0
-13.0,-9.0,-741.0
62.0,-27.0,-532.0
-83.0,76.0,-482.0
50.0,1.0,-568.0
-17.0,-119.0,-749.0
-58.0,70.0,-786.0
-80.0,140.0,-870.0
40.0,89.0,-890.0
11.0,-23.0,-767.0
-9.0,-25.0,-548.0
-64.0,31.0,-530.0
60.0,31.0,-661.0
-29.0,-7.0,-790.0
-7.0,19.0,-853.0
-48.0,91.0,-882.0
56.0,130.0,-862.0
27.0,3.0,-794.0
31.0,29.0,-644.0
-52.0,-66.0,-610.0
48.0,-21.0,-599.0
-52.0,19.0,-708.0
-37.0,105.0,-745.0
-97.0,152.0,-819.0
23.0,162.0,-847.0
0.0,-19.0,-804.0
44.0,-31.0,-632.0
-64.0,-44.0,-466.0
7.0,7.0,-519.0
-1.0,-76.0,-767.0
-31.0,21.0,-774.0
-72.0,103.0,-790.0
58.0,175.0,-845.0
7.0,111.0,-812.0
25.0,-21.0,-638.0
-39.0,-52.0,-568.0
33.0,-13.0,-573.0
-11.0,-44.0,-728.0
-25.0,58.0,-732.0
15.0,60.0,-839.0
21.0,126.0,-909.0
21.0,15.0,-944.0
33.0,9.0,-677.0
-81.0,-13.0,-542.0
13.0,9.0,-542.0
-40.0,-19.0,-691.0
0.0,33.0,-763.0
-74.0,105.0,-835.0
13.0,124.0,-923.0
-3.0,17.0,-868.0
-9.0,3.0,-628.0
-68.0,-25.0,-486.0
-33.0,-5.0,-546.0
-9.0,-3.0,-687.0
-27.0,-15.0,-771.0
-46.0,54.0,-845.0
9.0,130.0,-874.0
-11.0,140.0,-815.0
35.0,56.0,-683.0
-13.0,-39.0,-550.0
3.0,-60.0,-542.0
-35.0,-35.0,-626.0
17.0,3.0,-716.0
-1.0,121.0,-817.0
11.0,95.0,-921.0
3.0,70.0,-856.0
17.0,52.0,-710.0
-29.0,31.0,-521.0
-19.0,-54.0,-538.0
-31.0,-25.0,-671.0
17.0,19.0,-796.0
-31.0,81.0,-866.0
-44.0,117.0,-905.0
-3.0,27.0,-878.0
66.0,80.0,-702.0
-7.0,-3.0,-585.0
-27.0,-27.0,-609.0
-5.0,-33.0,-644.0
21.0,11.0,-733.0
-40.0,134.0,-851.0
-42.0,107.0,-917.0
-9.0,66.0,-862.0
17.0,46.0,-747.0
64.0,5.0,-544.0
-52.0,-66.0,-538.0
40.0,-33.0,-612.0
80.0,-21.0,-780.0
9.0,117.0,-872.0
-17.0,107.0,-907.0
-5.0,109.0,-864.0
78.0,29.0,-796.0
0.0,-25.0,-630.0
-17.0,0.0,-636.0
171.0,-54.0,-735.0
173.0,-40.0,-888.0
431.0,117.0,-845.0
185.0,122.0,-1056.0
733.0,212.0,-776.0
612.0,11.0,-868.0
681.0,-78.0,-792.0
771.0,-103.0,-677.0
858.0,80.0,-763.0
808.0,-50.0,-917.0
716.0,64.0,-1052.0
936.0,144.0,-1040.0
829.0,281.0,-1015.0
931.0,9.0,-901.0
981.0,-126.0,-767.0
954.0,-101.0,-667.0
888.0,162.0,-704.0
923.0,-50.0,-919.0
981.0,-91.0,-956.0
860.0,83.0,-1054.0
884.0,374.0,-925.0
831.0,130.0,-964.0
1009.0,-203.0,-798.0
712.0,-42.0,-765.0
835.0,210.0,-751.0
638.0,35.0,-915.0
681.0,-99.0,-977.0
618.0,46.0,-1038.0
599.0,390.0,-983.0
554.0,74.0,-985.0
554.0,-167.0,-851.0
443.0,-31.0,-702.0
456.0,261.0,-687.0
402.0,109.0,-849.0
474.0,-138.0,-1071.0
394.0,25.0,-1075.0
413.0,400.0,-999.0
486.0,37.0,-1030.0
413.0,-115.0,-964.0
376.0,-163.0,-784.0
296.0,302.0,-718.0
372.0,-19.0,-933.0
263.0,-74.0,-1001.0
251.0,-29.0,-954.0
244.0,284.0,-1011.0
206.0,148.0,-1071.0
204.0,-130.0,-933.0
39.0,-91.0,-757.0
23.0,-15.0,-677.0
-76.0,40.0,-895.0
-44.0,-9.0,-915.0
-154.0,-9.0,-1018.0
-156.0,230.0,-1044.0
-167.0,105.0,-1190.0
-97.0,-62.0,-913.0
-275.0,-52.0,-694.0
-121.0,-54.0,-661.0
-144.0,89.0,-907.0
-468.0,-58.0,-1079.0
-23.0,-150.0,-796.0
-566.0,322.0,-1180.0
-886.0,66.0,-1239.0
-558.0,-138.0,-882.0
-933.0,128.0,-911.0
-1052.0,-263.0,-792.0
-1524.0,228.0,-1050.0
-1044.0,39.0,-737.0
-1333.0,91.0,-944.0
-1440.0,58.0,-1095.0
-1309.0,70.0,-1153.0
-1210.0,160.0,-878.0
-1210.0,-99.0,-689.0
-1358.0,-103.0,-853.0
-897.0,60.0,-835.0
-1003.0,17.0,-1054.0
-776.0,150.0,-1009.0
-751.0,11.0,-1239.0
-503.0,204.0,-1190.0
-605.0,111.0,-1106.0
-398.0,-91.0,-831.0
-281.0,-247.0,-796.0
-374.0,154.0,-931.0
-245.0,-5.0,-917.0
-234.0,-35.0,-1016.0
-138.0,-39.0,-1161.0
-203.0,222.0,-1192.0
-44.0,72.0,-1015.0
-122.0,-3.0,-884.0
-95.0,-156.0,-817.0
-81.0,-31.0,-827.0
-15.0,144.0,-942.0
-44.0,27.0,-1085.0
-97.0,58.0,-1114.0
15.0,68.0,-1073.0
1.0,150.0,-1013.0
27.0,-78.0,-769.0
-101.0,-165.0,-655.0
3.0,46.0,-732.0
-40.0,62.0,-999.0
-31.0,91.0,-1063.0
-134.0,66.0,-1136.0
-48.0,165.0,-1067.0
-68.0,105.0,-1048.0
-78.0,-25.0,-866.0
-284.0,-80.0,-843.0
-160.0,9.0,-839.0
-312.0,156.0,-1013.0
-240.0,40.0,-1069.0
-370.0,44.0,-1165.0
-212.0,146.0,-1052.0
-160.0,117.0,-1120.0
-158.0,-5.0,-868.0
-222.0,-124.0,-767.0
-85.0,39.0,-782.0
-99.0,95.0,-1026.0
-37.0,-31.0,-1138.0
-140.0,-31.0,-1177.0
-7.0,165.0,-1126.0
-13.0,89.0,-1118.0
-1.0,-39.0,-966.0
-101.0,-179.0,-802.0
-42.0,52.0,-786.0
-72.0,46.0,-976.0
-81.0,25.0,-1030.0
-148.0,3.0,-1075.0
-66.0,68.0,-1141.0
-72.0,95.0,-1153.0
-54.0,-66.0,-958.0
-167.0,-87.0,-788.0
-72.0,-1.0,-771.0
-80.0,3.0,-1016.0
-68.0,17.0,-1052.0
-107.0,99.0,-1132.0
-19.0,126.0,-1147.0
0.0,72.0,-1149.0
15.0,-76.0,-858.0
-136.0,-58.0,-749.0
-60.0,-1.0,-753.0
-66.0,-3.0,-993.0
-54.0,23.0,-1067.0
-99.0,15.0,-1138.0
-27.0,185.0,-1063.0
-29.0,156.0,-1128.0
21.0,13.0,-960.0
-66.0,-54.0,-829.0
5.0,-21.0,-825.0
-74.0,35.0,-974.0
-11.0,40.0,-993.0
-54.0,64.0,-1081.0
-35.0,165.0,-1087.0
-7.0,146.0,-1128.0
-29.0,21.0,-1005.0
-62.0,-83.0,-765.0
-70.0,-3.0,-745.0
3.0,21.0,-966.0
11.0,13.0,-1075.0
-54.0,76.0,-1081.0
-15.0,140.0,-1161.0
-1.0,140.0,-1132.0
89.0,5.0,-1020.0
-31.0,-60.0,-843.0
-25.0,-19.0,-839.0
-31.0,-21.0,-960.0
3.0,-1.0,-1057.0
-46.0,76.0,-1093.0
-44.0,158.0,-1159.0
15.0,126.0,-1220.0
66.0,-19.0,-1030.0
48.0,-21.0,-849.0
21.0,-39.0,-837.0
46.0,15.0,-913.0
97.0,-21.0,-1052.0
33.0,87.0,-1122.0
52.0,142.0,-1229.0
89.0,107.0,-1202.0
101.0,21.0,-1005.0
50.0,-64.0,-806.0
-17.0,-21.0,-843.0
23.0,21.0,-923.0
39.0,-1.0,-1087.0
-40.0,15.0,-1098.0
-54.0,152.0,-1124.0
0.0,154.0,-1083.0
7.0,31.0,-1005.0
-15.0,-48.0,-870.0
-80.0,-64.0,-858.0
-21.0,-21.0,-864.0
-58.0,15.0,-989.0
-50.0,40.0,-1063.0
-107.0,146.0,-1108.0
-44.0,169.0,-1112.0
-9.0,31.0,-1093.0
-13.0,-54.0,-862.0
-95.0,-56.0,-798.0
-21.0,-31.0,-856.0
-42.0,-3.0,-1044.0
-31.0,42.0,-1097.0
-119.0,122.0,-1118.0
11.0,142.0,-1157.0
-15.0,19.0,-1091.0
-17.0,-56.0,-954.0
-121.0,-60.0,-823.0
-27.0,-17.0,-878.0
-60.0,-11.0,-1032.0
-74.0,60.0,-1052.0
-109.0,150.0,-1098.0
13.0,95.0,-1165.0
-21.0,42.0,-1155.0
39.0,-60.0,-915.0
-95.0,-62.0,-796.0
13.0,37.0,-823.0
-39.0,-21.0,-1024.0
-44.0,58.0,-1079.0
-68.0,99.0,-1132.0
42.0,124.0,-1190.0
42.0,35.0,-1132.0
23.0,-42.0,-864.0
-68.0,-39.0,-782.0
15.0,-21.0,-872.0
-37.0,-13.0,-1044.0
-3.0,23.0,-1077.0
-37.0,80.0,-1093.0
21.0,152.0,-1102.0
11.0,91.0,-1100.0
48.0,9.0,-960.0
-52.0,-68.0,-878.0
46.0,-7.0,-876.0
-33.0,-1.0,-966.0
15.0,33.0,-1044.0
-40.0,99.0,-1122.0
46.0,158.0,-1147.0
40.0,93.0,-1153.0
40.0,-29.0,-999.0
-56.0,-85.0,-776.0
-5.0,3.0,-792.0
-11.0,3.0,-1038.0
21.0,17.0,-1081.0
-78.0,128.0,-1085.0
7.0,111.0,-1169.0
-11.0,78.0,-1136.0
17.0,-1.0,-970.0
-21.0,-56.0,-854.0
-13.0,-9.0,-858.0
-23.0,-19.0,-979.0
-44.0,50.0,-1018.0
0.0,85.0,-1067.0
-25.0,156.0,-1159.0
-5.0,103.0,-1206.0
17.0,-29.0,-1005.0
-48.0,-39.0,-825.0
-17.0,-39.0,-810.0
-23.0,0.0,-938.0
11.0,-1.0,-1052.0
-25.0,91.0,-1138.0
-9.0,138.0,-1165.0
11.0,64.0,-1151.0
25.0,5.0,-995.0
-40.0,-35.0,-804.0
-21.0,-9.0,-841.0
-1.0,5.0,-983.0
11.0,-35.0,-1054.0
-39.0,74.0,-1083.0
1.0,150.0,-1145.0
-39.0,138.0,-1138.0
56.0,23.0,-1038.0
17.0,-39.0,-899.0
-19.0,-37.0,-870.0
5.0,-15.0,-892.0
13.0,25.0,-964.0
-29.0,72.0,-1089.0
-39.0,136.0,-1182.0
-9.0,146.0,-1173.0
95.0,0.0,-1065.0
9.0,-40.0,-815.0
-40.0,-21.0,-790.0
5.0,-1.0,-903.0
54.0,-5.0,-1077.0
-3.0,60.0,-1122.0
-72.0,150.0,-1128.0
29.0,138.0,-1132.0
91.0,-3.0,-1069.0
11.0,-42.0,-905.0
-35.0,-56.0,-845.0
25.0,17.0,-901.0
9.0,0.0,-1024.0
-13.0,35.0,-1069.0
-87.0,171.0,-1134.0
46.0,83.0,-1196.0
17.0,42.0,-1108.0
29.0,-35.0,-894.0
-78.0,-54.0,-798.0
13.0,15.0,-843.0
9.0,-11.0,-1057.0
-35.0,81.0,-1124.0
-99.0,109.0,-1161.0
-7.0,128.0,-1126.0
31.0,7.0,-1106.0
31.0,-42.0,-913.0
-85.0,-37.0,-831.0
33.0,-25.0,-878.0
-33.0,-1.0,-1020.0
-35.0,44.0,-1075.0
-74.0,91.0,-1138.0
0.0,152.0,-1120.0
27.0,27.0,-1155.0
11.0,-42.0,-952.0
-56.0,-76.0,-833.0
25.0,0.0,-810.0
-31.0,5.0,-1016.0
-33.0,29.0,-1061.0
-109.0,140.0,-1114.0
48.0,140.0,-1155.0
33.0,33.0,-1151.0
21.0,-31.0,-960.0
-48.0,-76.0,-780.0
-13.0,40.0,-810.0
-15.0,-11.0,-1071.0
-33.0,19.0,-1097.0
-78.0,128.0,-1124.0
54.0,136.0,-1120.0
17.0,37.0,-1128.0
48.0,-56.0,-946.0
-56.0,-54.0,-864.0
11.0,37.0,-833.0
-23.0,5.0,-1015.0
-29.0,13.0,-1026.0
-39.0,89.0,-1067.0
23.0,136.0,-1159.0
13.0,89.0,-1186.0
58.0,-50.0,-958.0
-52.0,-50.0,-821.0
13.0,-3.0,-808.0
-42.0,31.0,-999.0
17.0,3.0,-1091.0
-33.0,72.0,-1120.0
25.0,140.0,-1106.0
21.0,81.0,-1161.0
62.0,3.0,-1005.0
-23.0,-48.0,-843.0
0.0,-27.0,-843.0
-9.0,0.0,-987.0
27.0,-13.0,-1018.0
-56.0,111.0,-1075.0
29.0,171.0,-1139.0
-1.0,122.0,-1196.0
50.0,-15.0,-1036.0
-58.0,-54.0,-825.0
-11.0,-19.0,-819.0
-21.0,-5.0,-948.0
0.0,19.0,-1032.0
-54.0,121.0,-1095.0
-13.0,163.0,-1192.0
3.0,113.0,-1198.0
31.0,-54.0,-1020.0
-50.0,-31.0,-810.0
-33.0,11.0,-821.0
3.0,-13.0,-960.0
-44.0,11.0,-1077.0
19.0,35.0,-1122.0
-33.0,162.0,-1120.0
0.0,150.0,-1143.0
3.0,9.0,-1007.0
5.0,-50.0,-880.0
-31.0,-37.0,-856.0
-17.0,35.0,-909.0
-3.0,-5.0,-1024.0
7.0,68.0,-1091.0
-64.0,134.0,-1116.0
5.0,107.0,-1177.0
7.0,66.0,-1075.0
1.0,-56.0,-876.0
-54.0,-52.0,-837.0
9.0,-5.0,-899.0
31.0,-5.0,-1065.0
-35.0,74.0,-1106.0
-40.0,126.0,-1141.0
-29.0,156.0,-1114.0
78.0,-3.0,-1093.0
42.0,-56.0,-901.0
-89.0,-31.0,-833.0
74.0,-35.0,-923.0
-23.0,-7.0,-1005.0
-9.0,101.0,-1075.0
-78.0,105.0,-1124.0
9.0,179.0,-1194.0
39.0,-23.0,-1108.0
33.0,-37.0,-942.0
-56.0,-64.0,-802.0
33.0,11.0,-858.0
-21.0,-15.0,-1009.0
-7.0,70.0,-1097.0
-91.0,171.0,-1157.0
66.0,101.0,-1192.0
44.0,11.0,-1083.0
27.0,-42.0,-876.0
-48.0,-39.0,-790.0
11.0,19.0,-892.0
1.0,-19.0,-1089.0
-40.0,39.0,-1097.0
-60.0,115.0,-1128.0
21.0,132.0,-1112.0
-17.0,40.0,-1089.0
15.0,-27.0,-944.0
-60.0,-64.0,-897.0
31.0,-11.0,-866.0
-42.0,37.0,-1013.0
-29.0,27.0,-1057.0
-68.0,87.0,-1100.0
29.0,175.0,-1141.0
13.0,62.0,-1169.0
72.0,-31.0,-966.0
-72.0,-81.0,-817.0
23.0,0.0,-835.0
-54.0,-1.0,-1024.0
29.0,25.0,-1087.0
-87.0,105.0,-1097.0
50.0,187.0,-1122.0
23.0,39.0,-1147.0
35.0,-42.0,-993.0
-62.0,-85.0,-839.0
21.0,0.0,-829.0
-46.0,33.0,-1034.0
-31.0,3.0,-1022.0
-80.0,132.0,-1069.0
35.0,148.0,-1169.0
17.0,70.0,-1202.0
31.0,-3.0,-987.0
-56.0,-109.0,-819.0
31.0,29.0,-798.0
-58.0,-17.0,-976.0
11.0,23.0,-1052.0
-87.0,124.0,-1114.0
44.0,162.0,-1194.0
7.0,62.0,-1180.0
40.0,-44.0,-919.0
-64.0,-48.0,-798.0
3.0,15.0,-874.0
13.0,-15.0,-1028.0
-5.0,46.0,-1063.0
19.0,25.0,-1132.0
9.0,154.0,-1112.0
17.0,138.0,-1139.0
87.0,19.0,-972.0
3.0,-48.0,-894.0
37.0,-44.0,-878.0
-72.0,-31.0,-950.0
27.0,25.0,-1007.0
140.0,99.0,-1057.0
66.0,208.0,-1184.0
261.0,60.0,-1147.0
296.0,-31.0,-1081.0
366.0,40.0,-815.0
366.0,-56.0,-786.0
456.0,-72.0,-995.0
675.0,-7.0,-1001.0
450.0,156.0,-1186.0
507.0,191.0,-1186.0
550.0,60.0,-1169.0
698.0,-31.0,-1079.0
575.0,17.0,-899.0
509.0,23.0,-827.0
640.0,-78.0,-895.0
560.0,-7.0,-1024.0
534.0,144.0,-1046.0
443.0,220.0,-1116.0
542.0,-3.0,-1180.0
482.0,-37.0,-1030.0
460.0,29.0,-864.0
292.0,52.0,-739.0
380.0,-35.0,-843.0
298.0,-39.0,-1071.0
228.0,148.0,-1143.0
144.0,251.0,-1159.0
212.0,-40.0,-1151.0
156.0,-31.0,-1052.0
124.0,29.0,-821.0
-13.0,50.0,-813.0
52.0,-27.0,-925.0
17.0,-39.0,-1097.0
-60.0,128.0,-1089.0
-44.0,154.0,-1136.0
-11.0,76.0,-1097.0
33.0,-9.0,-1124.0
-29.0,29.0,-923.0
-54.0,-66.0,-929.0
11.0,-44.0,-911.0
11.0,46.0,-1018.0
-31.0,89.0,-1056.0
-66.0,121.0,-1122.0
0.0,42.0,-1151.0
105.0,42.0,-1173.0
99.0,-46.0,-927.0
-35.0,-40.0,-819.0
105.0,-60.0,-856.0
19.0,-13.0,-1087.0
103.0,95.0,-1083.0
1.0,97.0,-1093.0
140.0,93.0,-1145.0
115.0,58.0,-1128.0
105.0,-56.0,-974.0
-11.0,-15.0,-849.0
107.0,-87.0,-890.0
21.0,7.0,-1016.0
-13.0,58.0,-991.0
-31.0,117.0,-1052.0
64.0,31.0,-1145.0
0.0,148.0,-1147.0
72.0,21.0,-974.0
-62.0,-60.0,-858.0
23.0,-15.0,-862.0
-1.0,-1.0,-1032.0
11.0,72.0,-1052.0
-89.0,74.0,-1061.0
39.0,44.0,-1104.0
33.0,91.0,-1139.0
21.0,68.0,-981.0
-52.0,-48.0,-897.0
42.0,-17.0,-917.0
11.0,60.0,-1009.0
54.0,-11.0,-1005.0
-25.0,60.0,-1016.0
111.0,35.0,-1083.0
62.0,171.0,-1147.0
199.0,56.0,-1052.0
-29.0,-64.0,-956.0
167.0,-23.0,-876.0
31.0,13.0,-950.0
101.0,31.0,-999.0
48.0,46.0,-997.0
111.0,85.0,-1122.0
97.0,105.0,-1190.0
99.0,1.0,-1089.0
13.0,-31.0,-870.0
42.0,-15.0,-841.0
66.0,-44.0,-981.0
60.0,-15.0,-1026.0
-33.0,62.0,-1044.0
35.0,60.0,-1085.0
-37.0,58.0,-1177.0
15.0,40.0,-1044.0
-39.0,-15.0,-974.0
-44.0,58.0,-884.0
-1.0,-33.0,-972.0
-48.0,13.0,-925.0
-74.0,46.0,-1044.0
-48.0,62.0,-1098.0
-23.0,64.0,-1184.0
-11.0,35.0,-1073.0
-68.0,31.0,-970.0
-33.0,-1.0,-892.0
-25.0,5.0,-923.0
5.0,-29.0,-993.0
-29.0,52.0,-1048.0
-27.0,99.0,-1097.0
-1.0,74.0,-1114.0
23.0,70.0,-1061.0
-40.0,11.0,-964.0
-7.0,-11.0,-962.0
33.0,-3.0,-927.0
60.0,-33.0,-936.0
-7.0,85.0,-981.0
25.0,60.0,-1104.0
-7.0,124.0,-1145.0
101.0,13.0,-1120.0
-40.0,103.0,-960.0
52.0,-44.0,-968.0
17.0,-33.0,-909.0
72.0,5.0,-901.0
-39.0,66.0,-968.0
-46.0,87.0,-1108.0
21.0,46.0,-1208.0
25.0,0.0,-1100.0
-1.0,19.0,-929.0
-60.0,19.0,-901.0
39.0,-9.0,-981.0
-37.0,-74.0,-944.0
-31.0,113.0,-985.0
-109.0,134.0,-1075.0
78.0,93.0,-1223.0
-39.0,60.0,-1063.0
58.0,-31.0,-1009.0
-99.0,66.0,-901.0
134.0,0.0,-1022.0
-35.0,-62.0,-911.0
-58.0,-13.0,-919.0
-103.0,109.0,-1009.0
33.0,126.0,-1227.0
48.0,95.0,-1182.0
48.0,-42.0,-987.0
-99.0,58.0,-870.0
105.0,37.0,-899.0
5.0,-64.0,-995.0
1.0,23.0,-950.0
-64.0,-1.0,-1091.0
31.0,245.0,-1050.0
40.0,9.0,-1214.0
39.0,-25.0,-1036.0
-119.0,-42.0,-929.0
117.0,37.0,-919.0
5.0,-60.0,-968.0
5.0,-3.0,-962.0
-126.0,68.0,-979.0
101.0,146.0,-1124.0
-29.0,80.0,-1194.0
35.0,19.0,-1177.0
-228.0,-35.0,-853.0
99.0,-42.0,-778.0
27.0,54.0,-938.0
-21.0,11.0,-1016.0
-25.0,-9.0,-1013.0
-44.0,70.0,-1085.0
87.0,91.0,-1268.0
-128.0,167.0,-1044.0
99.0,-122.0,-884.0
-58.0,44.0,-806.0
87.0,-31.0,-1022.0
-89.0,54.0,-1026.0
1.0,-3.0,-1116.0
-3.0,58.0,-1042.0
-60.0,163.0,-1161.0
105.0,40.0,-1015.0
97.0,-111.0,-962.0
146.0,-48.0,-839.0
-191.0,81.0,-913.0
54.0,83.0,-1030.0
42.0,107.0,-1093.0
-62.0,3.0,-1093.0
56.0,109.0,-1116.0
136.0,19.0,-1038.0
7.0,-15.0,-1059.0
-72.0,-19.0,-876.0
-89.0,3.0,-851.0
31.0,46.0,-985.0
0.0,5.0,-1098.0
152.0,64.0,-1098.0
-54.0,140.0,-1015.0
-54.0,62.0,-1128.0
9.0,83.0,-1013.0
-60.0,-89.0,-882.0
23.0,39.0,-974.0
35.0,-60.0,-958.0
-13.0,56.0,-989.0
64.0,58.0,-1091.0
-181.0,206.0,-1124.0
60.0,87.0,-1104.0
19.0,-31.0,-1089.0
-95.0,-23.0,-808.0
-17.0,29.0,-843.0
-23.0,113.0,-956.0
19.0,37.0,-1065.0
-81.0,35.0,-1116.0
-56.0,-29.0,-1159.0
121.0,70.0,-1052.0
-33.0,87.0,-1028.0
103.0,-171.0,-933.0
46.0,50.0,-936.0
-50.0,5.0,-921.0
87.0,156.0,-1077.0
-31.0,33.0,-1157.0
-40.0,89.0,-1091.0
11.0,162.0,-958.0
187.0,-44.0,-1011.0
-78.0,-31.0,-1034.0
35.0,-121.0,-858.0
-27.0,25.0,-895.0
33.0,19.0,-1028.0
-64.0,74.0,-1081.0
-31.0,113.0,-1077.0
85.0,101.0,-1120.0
64.0,138.0,-1132.0
-107.0,-35.0,-946.0
-126.0,-25.0,-743.0
56.0,-29.0,-977.0
122.0,64.0,-1046.0
-111.0,-89.0,-1071.0
-269.0,3.0,-1048.0
54.0,-5.0,-1116.0
39.0,206.0,-1155.0
-11.0,-56.0,-952.0
21.0,-115.0,-792.0
60.0,173.0,-899.0
-160.0,162.0,-1153.0
-7.0,134.0,-1102.0
-60.0,-72.0,-1038.0
56.0,140.0,-1126.0
130.0,-25.0,-1175.0
-167.0,-66.0,-1069.0
-33.0,-58.0,-706.0
-21.0,35.0,-856.0
33.0,142.0,-964.0
40.0,-87.0,-1241.0
-117.0,138.0,-1065.0
17.0,150.0,-1106.0
128.0,177.0,-1067.0
-31.0,-21.0,-983.0
35.0,-80.0,-839.0
74.0,-64.0,-911.0
-39.0,-9.0,-1091.0
54.0,1.0,-1059.0
-11.0,-62.0,-1048.0
-5.0,124.0,-1044.0
-29.0,300.0,-1134.0
-50.0,-31.0,-1147.0
-136.0,-15.0,-845.0
-64.0,0.0,-765.0
167.0,126.0,-1026.0
-101.0,5.0,-1132.0
0.0,-83.0,-1028.0
-44.0,160.0,-1067.0
101.0,91.0,-1249.0
-52.0,-1.0,-946.0
68.0,-91.0,-872.0
-70.0,-39.0,-864.0
-58.0,46.0,-1003.0
-48.0,199.0,-1126.0
169.0,23.0,-1132.0
-81.0,134.0,-1059.0
134.0,124.0,-1089.0
39.0,-29.0,-1030.0
-62.0,-95.0,-929.0
-3.0,-66.0,-837.0
-9.0,130.0,-972.0
132.0,72.0,-1122.0
-201.0,19.0,-1106.0
-126.0,66.0,-997.0
138.0,183.0,-1132.0
169.0,105.0,-940.0
142.0,-109.0,-884.0
-132.0,70.0,-776.0
39.0,-195.0,-1048.0
-179.0,203.0,-1104.0
35.0,-7.0,-1132.0
11.0,13.0,-1059.0
136.0,-15.0,-1040.0
-48.0,140.0,-997.0
-29.0,-19.0,-1061.0
-50.0,-42.0,-923.0
-66.0,169.0,-913.0
115.0,29.0,-1050.0
-54.0,19.0,-1159.0
-29.0,31.0,-1050.0
-56.0,13.0,-985.0
37.0,138.0,-1075.0
-89.0,-91.0,-1050.0
52.0,-48.0,-837.0
50.0,0.0,-839.0
21.0,62.0,-1022.0
-56.0,126.0,-1169.0
-9.0,105.0,-1126.0
121.0,5.0,-1016.0
-66.0,158.0,-1085.0
39.0,-74.0,-907.0
117.0,-206.0,-903.0
-179.0,105.0,-913.0
-81.0,150.0,-1046.0
121.0,101.0,-1013.0
-5.0,-64.0,-1108.0
50.0,72.0,-1114.0
107.0,128.0,-962.0
183.0,76.0,-1026.0
-179.0,-15.0,-913.0
85.0,-93.0,-895.0
11.0,134.0,-1032.0
-21.0,130.0,-1169.0
-17.0,-68.0,-1026.0
140.0,13.0,-1067.0
-68.0,121.0,-1118.0
80.0,105.0,-985.0
-89.0,-171.0,-866.0
-48.0,23.0,-771.0
23.0,124.0,-1044.0
171.0,121.0,-1194.0
-7.0,15.0,-1120.0
-54.0,-23.0,-944.0
76.0,11.0,-1098.0
-179.0,247.0,-1005.0
181.0,-173.0,-1001.0
-128.0,-44.0,-860.0
-66.0,78.0,-972.0
179.0,105.0,-1056.0
35.0,70.0,-1288.0
-179.0,54.0,-974.0
29.0,130.0,-964.0
17.0,39.0,-1034.0
-66.0,-103.0,-991.0
-56.0,-64.0,-798.0
23.0,105.0,-933.0
-52.0,105.0,-1126.0
-7.0,-13.0,-1028.0
64.0,44.0,-1184.0
0.0,54.0,-1034.0
46.0,31.0,-1015.0
15.0,5.0,-878.0
-54.0,-19.0,-1042.0
35.0,23.0,-925.0
-1.0,124.0,-1075.0
81.0,42.0,-1114.0
-64.0,13.0,-1102.0
-76.0,183.0,-1009.0
181.0,-44.0,-1028.0
62.0,-19.0,-936.0
27.0,3.0,-880.0
-44.0,-13.0,-874.0
33.0,91.0,-1112.0
-13.0,5.0,-1112.0
-138.0,134.0,-1067.0
-66.0,39.0,-964.0
273.0,35.0,-1116.0
-156.0,-80.0,-1122.0
-56.0,-33.0,-771.0
-78.0,66.0,-839.0
44.0,165.0,-1175.0
-33.0,-29.0,-1229.0
-42.0,40.0,-972.0
-31.0,39.0,-960.0
-42.0,154.0,-1108.0
-35.0,-119.0,-1069.0
101.0,-105.0,-778.0
-247.0,64.0,-851.0
148.0,234.0,-1028.0
140.0,48.0,-1264.0
-66.0,-11.0,-1081.0
-134.0,-48.0,-895.0
132.0,212.0,-1001.0
89.0,72.0,-1221.0
-33.0,-189.0,-931.0
-265.0,-9.0,-624.0
320.0,60.0,-956.0
-54.0,277.0,-1444.0
54.0,-163.0,-1192.0
-144.0,-15.0,-669.0
400.0,187.0,-1042.0
-68.0,81.0,-1307.0
-68.0,-171.0,-958.0
-271.0,35.0,-464.0
409.0,255.0,-1052.0
-37.0,220.0,-1516.0
-35.0,-187.0,-1157.0
-224.0,-160.0,-445.0
392.0,169.0,-1108.0
-156.0,267.0,-1450.0
54.0,-365.0,-878.0
-341.0,-21.0,-413.0
368.0,91.0,-1087.0
-138.0,501.0,-1526.0
146.0,-181.0,-884.0
-93.0,-255.0,-774.0
-15.0,185.0,-1061.0
247.0,421.0,-1368.0
-42.0,-177.0,-987.0
-185.0,-755.0,-667.0
-54.0,327.0,-886.0
402.0,527.0,-1366.0
-60.0,-117.0,-1143.0
-421.0,-331.0,-511.0
478.0,173.0,-1114.0
-39.0,763.0,-1532.0
85.0,-447.0,-1112.0
-710.0,-119.0,-361.0
614.0,-81.0,-870.0
17.0,493.0,-1342.0
-11.0,-171.0,-1139.0
-232.0,-304.0,-661.0
206.0,15.0,-1102.0
-21.0,679.0,-1536.0
117.0,-325.0,-1057.0
-517.0,-177.0,-400.0
638.0,-187.0,-716.0
-204.0,872.0,-1448.0
66.0,-203.0,-1257.0
-530.0,-236.0,-735.0
425.0,68.0,-1015.0
158.0,497.0,-1421.0
-91.0,-327.0,-1108.0
-325.0,-124.0,-406.0
181.0,-39.0,-792.0
93.0,519.0,-1358.0
152.0,-347.0,-1354.0
-257.0,160.0,-642.0
249.0,-11.0,-1005.0
-238.0,482.0,-1360.0
78.0,-115.0,-1122.0
-42.0,-294.0,-605.0
107.0,19.0,-730.0
-68.0,142.0,-1220.0
3.0,42.0,-1208.0
66.0,-152.0,-999.0
-35.0,171.0,-946.0
-160.0,277.0,-1305.0
-23.0,210.0,-1038.0
150.0,-206.0,-772.0
-134.0,9.0,-655.0
-40.0,152.0,-1173.0
128.0,247.0,-1159.0
115.0,-210.0,-1259.0
-263.0,105.0,-938.0
-124.0,17.0,-991.0
290.0,238.0,-1036.0
83.0,-286.0,-1067.0
-247.0,74.0,-663.0
-56.0,46.0,-909.0
255.0,396.0,-1278.0
31.0,-134.0,-1471.0
-335.0,-74.0,-942.0
-99.0,105.0,-774.0
402.0,242.0,-1139.0
-124.0,-204.0,-1114.0
-85.0,-335.0,-655.0
-169.0,134.0,-769.0
228.0,450.0,-1440.0
-146.0,-136.0,-1454.0
-93.0,-210.0,-854.0
21.0,87.0,-569.0
83.0,564.0,-1227.0
-132.0,-70.0,-1179.0
-85.0,-392.0,-812.0
-78.0,64.0,-677.0
230.0,345.0,-1423.0
-95.0,13.0,-1354.0
-76.0,-343.0,-831.0
103.0,-31.0,-624.0
-25.0,491.0,-1175.0
58.0,-122.0,-1257.0
-136.0,-263.0,-823.0
89.0,-9.0,-583.0
-42.0,443.0,-1300.0
80.0,111.0,-1309.0
0.0,-220.0,-938.0
238.0,-29.0,-845.0
-318.0,269.0,-1050.0
214.0,-101.0,-1077.0
-97.0,-134.0,-774.0
421.0,-93.0,-1005.0
-478.0,548.0,-1073.0
392.0,-29.0,-1093.0
-124.0,15.0,-966.0
497.0,-97.0,-1136.0
-450.0,316.0,-977.0
331.0,-222.0,-884.0
-392.0,173.0,-901.0
363.0,-124.0,-1157.0
-148.0,181.0,-933.0
152.0,5.0,-1032.0
-218.0,1.0,-1161.0
179.0,54.0,-1177.0
-119.0,105.0,-901.0
-150.0,-89.0,-897.0
-162.0,42.0,-864.0
327.0,9.0,-1126.0
-224.0,150.0,-1079.0
-154.0,27.0,-1057.0
115.0,35.0,-1069.0
185.0,31.0,-1180.0
-339.0,-15.0,-946.0
-72.0,-150.0,-915.0
234.0,232.0,-854.0
148.0,-78.0,-1262.0
-337.0,187.0,-1057.0
-298.0,-124.0,-841.0
392.0,236.0,-1079.0
44.0,165.0,-1329.0
-11.0,-124.0,-936.0
-163.0,40.0,-749.0
419.0,-9.0,-944.0
-5.0,-95.0,-1173.0
-281.0,13.0,-985.0
66.0,31.0,-895.0
177.0,302.0,-1139.0
-93.0,-99.0,-1419.0
-93.0,62.0,-874.0
87.0,-138.0,-634.0
234.0,138.0,-1059.0
-240.0,-11.0,-1173.0
-44.0,-7.0,-968.0
-95.0,50.0,-810.0
70.0,283.0,-1290.0
50.0,-66.0,-1319.0
-152.0,-183.0,-810.0
-255.0,-39.0,-724.0
245.0,134.0,-1159.0
-187.0,201.0,-1212.0
-1.0,-165.0,-815.0
-314.0,31.0,-778.0
349.0,343.0,-1331.0
-50.0,107.0,-1311.0
-72.0,-134.0,-851.0
-101.0,-138.0,-683.0
167.0,286.0,-1044.0
-111.0,81.0,-1167.0
-3.0,-300.0,-888.0
-99.0,74.0,-847.0
365.0,203.0,-1237.0
-253.0,154.0,-1331.0
-13.0,-66.0,-884.0
-42.0,-101.0,-767.0
146.0,263.0,-1048.0
-74.0,11.0,-1218.0
21.0,-165.0,-767.0
-37.0,101.0,-960.0
124.0,169.0,-1198.0
-78.0,171.0,-1321.0
80.0,-216.0,-784.0
31.0,111.0,-851.0
146.0,187.0,-1057.0
48.0,-255.0,-1147.0
-191.0,-3.0,-681.0
290.0,191.0,-950.0
185.0,331.0,-1253.0
-201.0,-70.0,-1288.0
93.0,-234.0,-804.0
-134.0,322.0,-790.0
60.0,89.0,-1073.0
-5.0,-263.0,-1069.0
171.0,-107.0,-808.0
15.0,154.0,-890.0
37.0,267.0,-1268.0
-306.0,-267.0,-1227.0
183.0,-62.0,-813.0
0.0,310.0,-933.0
42.0,54.0,-1223.0
-183.0,-62.0,-946.0
341.0,-169.0,-763.0
-187.0,382.0,-1059.0
-117.0,39.0,-1278.0
-242.0,-152.0,-1063.0
415.0,-35.0,-892.0
-167.0,327.0,-1106.0
-9.0,-15.0,-1040.0
-42.0,-146.0,-796.0
388.0,-64.0,-878.0
-382.0,351.0,-1124.0
5.0,152.0,-1221.0
-115.0,-242.0,-960.0
456.0,-56.0,-1030.0
-476.0,337.0,-1028.0
87.0,68.0,-1089.0
-42.0,-277.0,-772.0
306.0,-158.0,-1028.0
-587.0,409.0,-1022.0
185.0,50.0,-1216.0
-154.0,-5.0,-897.0
540.0,-247.0,-1245.0
-679.0,427.0,-1003.0
247.0,-40.0,-993.0
-97.0,-83.0,-671.0
327.0,-185.0,-1225.0
-556.0,298.0,-997.0
236.0,156.0,-1057.0
-72.0,-58.0,-993.0
302.0,-181.0,-1344.0
-618.0,228.0,-993.0
208.0,37.0,-763.0
56.0,21.0,-835.0
244.0,-210.0,-1266.0
-532.0,376.0,-1069.0
284.0,-11.0,-905.0
50.0,124.0,-960.0
173.0,-117.0,-1411.0
-454.0,74.0,-970.0
244.0,-78.0,-718.0
40.0,54.0,-958.0
-11.0,11.0,-1288.0
-218.0,109.0,-882.0
165.0,31.0,-774.0
226.0,-48.0,-1268.0
-169.0,42.0,-1270.0
-240.0,146.0,-892.0
165.0,156.0,-640.0
238.0,-95.0,-1179.0
-134.0,-66.0,-1130.0
-126.0,128.0,-938.0
-5.0,269.0,-702.0
236.0,-5.0,-1305.0
-15.0,-128.0,-1210.0
-138.0,-23.0,-890.0
-40.0,347.0,-616.0
327.0,-91.0,-1218.0
-169.0,-66.0,-1231.0
-175.0,-39.0,-849.0
48.0,310.0,-648.0
431.0,33.0,-1403.0
-368.0,-83.0,-1321.0
-80.0,-109.0,-964.0
56.0,99.0,-527.0
327.0,234.0,-1280.0
-370.0,-271.0,-1179.0
-87.0,11.0,-767.0
216.0,95.0,-819.0
-31.0,284.0,-1372.0
-191.0,-216.0,-1294.0
-35.0,-15.0,-804.0
-9.0,128.0,-815.0
42.0,171.0,-1138.0
-95.0,-212.0,-1186.0
150.0,54.0,-794.0
144.0,33.0,-899.0
46.0,361.0,-1280.0
-169.0,-230.0,-1231.0
140.0,-1.0,-769.0
-140.0,150.0,-761.0
19.0,95.0,-1257.0
33.0,-113.0,-1067.0
201.0,-279.0,-802.0
-265.0,117.0,-917.0
-167.0,175.0,-1196.0
142.0,322.0,-1182.0
244.0,-314.0,-1075.0
-445.0,31.0,-853.0
140.0,35.0,-931.0
142.0,261.0,-1095.0
-78.0,-21.0,-1079.0
-240.0,-144.0,-964.0
101.0,105.0,-899.0
261.0,121.0,-1262.0
-101.0,-1.0,-1005.0
-97.0,-81.0,-819.0
52.0,54.0,-944.0
103.0,101.0,-1239.0
-76.0,52.0,-958.0
-185.0,76.0,-808.0
210.0,-3.0,-968.0
267.0,165.0,-1383.0
-109.0,-40.0,-1141.0
-214.0,-1.0,-718.0
7.0,60.0,-733.0
97.0,13.0,-1339.0
-62.0,-44.0,-1059.0
-111.0,-78.0,-663.0
140.0,134.0,-927.0
9.0,113.0,-1452.0
-40.0,74.0,-1241.0
-42.0,-42.0,-597.0
99.0,29.0,-815.0
76.0,245.0,-1331.0
80.0,-222.0,-1145.0
-85.0,31.0,-694.0
1.0,7.0,-989.0
148.0,199.0,-1313.0
-74.0,-17.0,-1153.0
-19.0,-58.0,-698.0
-1.0,-91.0,-892.0
62.0,281.0,-1221.0
1.0,109.0,-1005.0
-33.0,-70.0,-749.0
-66.0,39.0,-917.0
199.0,181.0,-1321.0
-44.0,7.0,-1225.0
-46.0,-105.0,-769.0
-212.0,-62.0,-812.0
85.0,124.0,-1245.0
33.0,7.0,-1081.0
-60.0,-52.0,-765.0
-11.0,91.0,-858.0
259.0,115.0,-1432.0
-203.0,117.0,-1145.0
60.0,-128.0,-788.0
-171.0,199.0,-735.0
244.0,39.0,-1284.0
-144.0,99.0,-1081.0
281.0,-216.0,-812.0
-236.0,126.0,-794.0
113.0,163.0,-1382.0
-37.0,60.0,-1270.0
193.0,-40.0,-767.0
-165.0,0.0,-784.0
101.0,163.0,-1153.0
101.0,50.0,-1065.0
23.0,-80.0,-851.0
-236.0,109.0,-927.0
201.0,85.0,-1311.0
15.0,111.0,-1192.0
83.0,-193.0,-833.0
-308.0,40.0,-823.0
230.0,44.0,-1040.0
-11.0,81.0,-1179.0
33.0,1.0,-911.0
-234.0,74.0,-913.0
27.0,117.0,-1210.0
-87.0,-15.0,-1214.0
13.0,89.0,-895.0
-117.0,-21.0,-911.0
132.0,158.0,-1059.0
52.0,-19.0,-1118.0
1.0,-74.0,-772.0
-271.0,121.0,-979.0
-19.0,60.0,-1216.0
97.0,115.0,-1180.0
189.0,-58.0,-970.0
-298.0,95.0,-767.0
111.0,46.0,-931.0
247.0,-9.0,-1138.0
-74.0,-13.0,-962.0
-263.0,80.0,-901.0
56.0,142.0,-1052.0
341.0,44.0,-1294.0
-121.0,-132.0,-1011.0
-187.0,52.0,-798.0
115.0,5.0,-905.0
220.0,109.0,-1298.0
-148.0,-39.0,-1018.0
-208.0,50.0,-732.0
187.0,142.0,-1073.0
158.0,76.0,-1432.0
19.0,-39.0,-1040.0
-95.0,-81.0,-771.0
-130.0,103.0,-810.0
58.0,220.0,-1169.0
142.0,13.0,-1126.0
-331.0,-1.0,-763.0
140.0,27.0,-1005.0
224.0,175.0,-1305.0
95.0,-130.0,-1192.0
-493.0,93.0,-632.0
87.0,-81.0,-853.0
134.0,242.0,-1264.0
-27.0,-3.0,-1157.0
-195.0,-60.0,-790.0
117.0,25.0,-944.0
197.0,35.0,-1255.0
-95.0,175.0,-1180.0
-119.0,-54.0,-812.0
99.0,-52.0,-870.0
124.0,68.0,-1184.0
-70.0,21.0,-1100.0
-173.0,46.0,-743.0
150.0,7.0,-911.0
218.0,117.0,-1401.0
-115.0,52.0,-1216.0
-179.0,-44.0,-700.0
101.0,64.0,-730.0
329.0,121.0,-1348.0
-11.0,11.0,-1151.0
-148.0,-62.0,-675.0
52.0,163.0,-817.0
259.0,23.0,-1430.0
-64.0,134.0,-1274.0
-115.0,-203.0,-651.0
11.0,89.0,-735.0
253.0,70.0,-1278.0
-91.0,85.0,-1165.0
-35.0,-240.0,-696.0
-83.0,228.0,-776.0
370.0,83.0,-1374.0
-121.0,87.0,-1337.0
-148.0,-236.0,-747.0
13.0,107.0,-685.0
177.0,21.0,-1198.0
-136.0,140.0,-1239.0
-167.0,74.0,-782.0
162.0,-33.0,-882.0
72.0,-29.0,-1305.0
-189.0,193.0,-1300.0
-132.0,-9.0,-733.0
78.0,25.0,-737.0
247.0,-173.0,-1169.0
-89.0,292.0,-1237.0
-56.0,7.0,-761.0
-39.0,39.0,-851.0
46.0,-136.0,-1257.0
-109.0,76.0,-1276.0
-54.0,208.0,-755.0
179.0,-103.0,-837.0
85.0,-109.0,-1202.0
-128.0,-31.0,-1214.0
-70.0,349.0,-714.0
103.0,-50.0,-819.0
-128.0,-25.0,-1339.0
62.0,-103.0,-1296.0
11.0,404.0,-821.0
156.0,-238.0,-827.0
-277.0,74.0,-1114.0
216.0,-242.0,-1241.0
-93.0,505.0,-741.0
56.0,-95.0,-899.0
-240.0,68.0,-1216.0
224.0,-189.0,-1311.0
-158.0,382.0,-870.0
-35.0,-189.0,-831.0
-224.0,83.0,-1081.0
163.0,-124.0,-1145.0
-103.0,357.0,-796.0
-19.0,-117.0,-909.0
-296.0,101.0,-1198.0
163.0,-210.0,-1239.0
-37.0,376.0,-1018.0
-81.0,-64.0,-819.0
-95.0,3.0,-1046.0
62.0,-136.0,-1077.0
66.0,322.0,-915.0
-3.0,-80.0,-888.0
-253.0,175.0,-1186.0
251.0,-244.0,-1153.0
136.0,255.0,-1007.0
-156.0,66.0,-749.0
-111.0,-35.0,-1030.0
89.0,-7.0,-1042.0
413.0,93.0,-1028.0
-146.0,115.0,-831.0
-179.0,-21.0,-1120.0
283.0,15.0,-925.0
245.0,247.0,-1139.0
19.0,62.0,-1030.0
-398.0,-171.0,-929.0
568.0,-181.0,-890.0
142.0,97.0,-1169.0
-366.0,370.0,-1030.0
-109.0,-224.0,-782.0
716.0,50.0,-981.0
48.0,187.0,-1286.0
-230.0,78.0,-1153.0
-380.0,23.0,-534.0
716.0,-165.0,-983.0
-111.0,197.0,-1313.0
-255.0,109.0,-1110.0
-134.0,-31.0,-489.0
663.0,-121.0,-1077.0
-247.0,81.0,-1432.0
-286.0,121.0,-1106.0
-80.0,-54.0,-458.0
599.0,-21.0,-1063.0
-357.0,74.0,-1460.0
-292.0,298.0,-907.0
210.0,-199.0,-538.0
302.0,33.0,-1190.0
-304.0,85.0,-1608.0
-392.0,226.0,-882.0
281.0,-191.0,-448.0
382.0,7.0,-1085.0
-144.0,13.0,-1491.0
-191.0,244.0,-853.0
167.0,-150.0,-579.0
167.0,165.0,-1270.0
-316.0,13.0,-1592.0
70.0,259.0,-718.0
165.0,-320.0,-528.0
173.0,281.0,-1149.0
-396.0,-13.0,-1485.0
93.0,130.0,-733.0
85.0,-249.0,-655.0
-105.0,236.0,-1348.0
-435.0,48.0,-1516.0
203.0,-39.0,-833.0
-42.0,-35.0,-564.0
89.0,85.0,-1335.0
-376.0,156.0,-1192.0
419.0,-171.0,-739.0
-210.0,304.0,-720.0
144.0,31.0,-1569.0
-435.0,-68.0,-1282.0
142.0,3.0,-698.0
146.0,76.0,-689.0
-5.0,115.0,-1255.0
-224.0,-80.0,-1171.0
302.0,-253.0,-841.0
-324.0,423.0,-765.0
-97.0,33.0,-1401.0
-197.0,9.0,-1177.0
433.0,-119.0,-827.0
-162.0,132.0,-884.0
-70.0,181.0,-1180.0
-78.0,-144.0,-1081.0
230.0,-99.0,-825.0
-298.0,185.0,-917.0
17.0,15.0,-1294.0
-72.0,130.0,-1046.0
423.0,-189.0,-1003.0
-152.0,121.0,-806.0
-48.0,-50.0,-1145.0
-101.0,169.0,-976.0
398.0,7.0,-966.0
-224.0,193.0,-981.0
-167.0,-42.0,-1157.0
181.0,187.0,-946.0
417.0,-111.0,-1120.0
-404.0,214.0,-960.0
-216.0,-218.0,-964.0
324.0,74.0,-991.0
345.0,-210.0,-968.0
-667.0,284.0,-1034.0
-204.0,-54.0,-843.0
628.0,31.0,-1093.0
95.0,111.0,-1278.0
-445.0,74.0,-1056.0
-298.0,-165.0,-544.0
810.0,181.0,-1093.0
-240.0,158.0,-1307.0
-380.0,-19.0,-868.0
42.0,-228.0,-564.0
829.0,66.0,-1241.0
-384.0,427.0,-1510.0
-255.0,-386.0,-868.0
-97.0,119.0,-427.0
728.0,74.0,-1239.0
-407.0,357.0,-1341.0
33.0,-370.0,-821.0
42.0,244.0,-544.0
778.0,9.0,-1346.0
-382.0,363.0,-1411.0
-130.0,-398.0,-784.0
103.0,-50.0,-581.0
421.0,81.0,-1179.0
-119.0,17.0,-1346.0
-136.0,105.0,-568.0
183.0,-3.0,-648.0
394.0,-103.0,-1514.0
-460.0,316.0,-1370.0
89.0,-122.0,-716.0
-103.0,160.0,-618.0
571.0,-218.0,-1292.0
-372.0,175.0,-1139.0
68.0,80.0,-772.0
60.0,89.0,-712.0
257.0,-238.0,-1444.0
-415.0,204.0,-1358.0
-15.0,40.0,-692.0
-9.0,119.0,-591.0
443.0,-66.0,-1184.0
-244.0,99.0,-1298.0
-29.0,13.0,-685.0
60.0,163.0,-720.0
199.0,-144.0,-1475.0
-355.0,134.0,-1403.0
-76.0,187.0,-663.0
244.0,-103.0,-694.0
78.0,-284.0,-1247.0
-421.0,259.0,-1257.0
283.0,95.0,-659.0
91.0,203.0,-886.0
-228.0,-212.0,-1366.0
-35.0,93.0,-1305.0
-35.0,212.0,-650.0
210.0,-62.0,-853.0
-163.0,-212.0,-1108.0
294.0,44.0,-1317.0
-359.0,156.0,-685.0
113.0,177.0,-966.0
-7.0,-101.0,-1216.0
247.0,-29.0,-1251.0
-204.0,89.0,-778.0
99.0,183.0,-954.0
-109.0,-99.0,-1057.0
83.0,68.0,-1253.0
-347.0,290.0,-612.0
394.0,-134.0,-946.0
-337.0,66.0,-1196.0
101.0,-113.0,-1278.0
-81.0,173.0,-831.0
99.0,44.0,-821.0
-214.0,-9.0,-1134.0
140.0,-68.0,-1204.0
-146.0,204.0,-739.0
212.0,-27.0,-1001.0
-355.0,204.0,-1239.0
283.0,-302.0,-1173.0
-72.0,327.0,-845.0
-85.0,35.0,-876.0
-105.0,-83.0,-1169.0
21.0,3.0,-1075.0
244.0,130.0,-897.0
-160.0,40.0,-815.0
-154.0,122.0,-1243.0
257.0,-247.0,-1179.0
17.0,310.0,-1018.0
-310.0,37.0,-833.0
-247.0,46.0,-1151.0
1.0,-99.0,-1081.0
-37.0,325.0,-892.0
-204.0,-158.0,-851.0
-343.0,191.0,-1190.0
187.0,-216.0,-1067.0
-226.0,320.0,-1052.0
-509.0,-103.0,-829.0
-337.0,85.0,-1016.0
-117.0,-40.0,-1028.0
-97.0,271.0,-1022.0
-493.0,-242.0,-936.0
-585.0,286.0,-1034.0
163.0,-245.0,-1141.0
-456.0,337.0,-1153.0
-431.0,-286.0,-946.0
-589.0,302.0,-931.0
111.0,-189.0,-1083.0
-384.0,150.0,-1112.0
-622.0,-226.0,-841.0
-439.0,404.0,-782.0
169.0,-253.0,-1257.0
-505.0,201.0,-1327.0
-585.0,-74.0,-790.0
-409.0,347.0,-747.0
95.0,-156.0,-1192.0
-400.0,-64.0,-1272.0
-527.0,-121.0,-751.0
-204.0,472.0,-718.0
117.0,-93.0,-1405.0
-421.0,1.0,-1296.0
-569.0,-83.0,-716.0
-312.0,134.0,-728.0
-152.0,183.0,-1245.0
-122.0,-232.0,-1290.0
-394.0,-17.0,-513.0
-111.0,158.0,-856.0
-247.0,111.0,-1313.0
-435.0,19.0,-1426.0
-286.0,-165.0,-669.0
-220.0,31.0,-843.0
-158.0,267.0,-1227.0
-138.0,-111.0,-1288.0
-255.0,-76.0,-618.0
-310.0,19.0,-931.0
-218.0,283.0,-1294.0
-201.0,-44.0,-1319.0
-134.0,-124.0,-702.0
-359.0,9.0,-835.0
-83.0,337.0,-1251.0
-70.0,-64.0,-1249.0
-85.0,-105.0,-710.0
-359.0,-70.0,-854.0
-33.0,345.0,-1266.0
27.0,-13.0,-1233.0
158.0,-17.0,-942.0
-89.0,-54.0,-841.0
429.0,300.0,-1179.0
224.0,-21.0,-1130.0
345.0,-122.0,-718.0
-154.0,-111.0,-788.0
404.0,333.0,-1188.0
76.0,-5.0,-1300.0
470.0,21.0,-1044.0
-162.0,-117.0,-837.0
347.0,337.0,-1132.0
68.0,-78.0,-1155.0
234.0,1.0,-878.0
-312.0,-148.0,-765.0
122.0,271.0,-1153.0
31.0,-68.0,-1218.0
255.0,-9.0,-1032.0
-470.0,-3.0,-806.0
95.0,163.0,-1056.0
-76.0,13.0,-1011.0
11.0,46.0,-837.0
-476.0,-39.0,-813.0
27.0,169.0,-1155.0
11.0,-91.0,-1329.0
7.0,128.0,-1042.0
-415.0,-3.0,-882.0
83.0,119.0,-989.0
-56.0,40.0,-1071.0
-15.0,5.0,-956.0
-417.0,-72.0,-825.0
23.0,103.0,-1059.0
46.0,13.0,-1301.0
42.0,115.0,-1102.0
-327.0,-35.0,-849.0
68.0,132.0,-913.0
83.0,89.0,-1192.0
-9.0,-146.0,-1026.0
-365.0,-66.0,-692.0
122.0,78.0,-970.0
144.0,126.0,-1346.0
68.0,76.0,-1182.0
-249.0,-64.0,-792.0
64.0,160.0,-823.0
162.0,-7.0,-1204.0
-15.0,-17.0,-999.0
-271.0,-175.0,-648.0
109.0,107.0,-856.0
197.0,154.0,-1387.0
105.0,13.0,-1260.0
-294.0,-81.0,-739.0
37.0,101.0,-804.0
175.0,40.0,-1208.0
44.0,-74.0,-1075.0
-249.0,-76.0,-626.0
-15.0,-13.0,-810.0
156.0,175.0,-1290.0
17.0,81.0,-1233.0
-244.0,-60.0,-813.0
-35.0,58.0,-825.0
224.0,89.0,-1134.0
-11.0,-5.0,-1011.0
-257.0,-72.0,-650.0
97.0,-78.0,-839.0
257.0,171.0,-1366.0
83.0,140.0,-1307.0
-132.0,-39.0,-839.0
-37.0,35.0,-749.0
257.0,97.0,-1155.0
13.0,80.0,-1073.0
-140.0,-111.0,-726.0
-33.0,-56.0,-843.0
255.0,162.0,-1290.0
105.0,64.0,-1272.0
-183.0,-5.0,-847.0
-27.0,27.0,-780.0
265.0,140.0,-1182.0
66.0,-17.0,-1093.0
-249.0,-66.0,-692.0
68.0,-19.0,-858.0
300.0,232.0,-1356.0
46.0,56.0,-1335.0
-179.0,-46.0,-825.0
-58.0,44.0,-743.0
279.0,15.0,-1190.0
-78.0,-33.0,-1120.0
-148.0,-58.0,-681.0
-48.0,0.0,-829.0
284.0,171.0,-1372.0
-103.0,50.0,-1362.0
-206.0,3.0,-786.0
-128.0,72.0,-749.0
261.0,91.0,-1249.0
-107.0,-21.0,-1136.0
-177.0,-144.0,-689.0
-105.0,-7.0,-782.0
255.0,191.0,-1309.0
-44.0,37.0,-1342.0
-169.0,46.0,-831.0
-15.0,0.0,-808.0
244.0,121.0,-1233.0
-78.0,37.0,-1067.0
-80.0,-81.0,-667.0
-60.0,-13.0,-843.0
290.0,140.0,-1397.0
-83.0,72.0,-1317.0
-152.0,-11.0,-812.0
-122.0,-17.0,-761.0
236.0,95.0,-1182.0
-46.0,72.0,-1104.0
-64.0,-37.0,-718.0
-70.0,-5.0,-851.0
259.0,150.0,-1364.0
-91.0,109.0,-1294.0
-124.0,-44.0,-794.0
-74.0,27.0,-806.0
302.0,62.0,-1218.0
-56.0,7.0,-1095.0
-46.0,-74.0,-726.0
-87.0,39.0,-933.0
269.0,91.0,-1397.0
-95.0,56.0,-1278.0
-140.0,-13.0,-743.0
-87.0,66.0,-739.0
245.0,101.0,-1204.0
-21.0,-21.0,-1138.0
-80.0,-66.0,-722.0
-56.0,72.0,-952.0
281.0,89.0,-1366.0
-83.0,21.0,-1239.0
-152.0,-33.0,-692.0
-66.0,56.0,-798.0
244.0,150.0,-1241.0
-31.0,3.0,-1223.0
-39.0,-64.0,-716.0
-83.0,115.0,-903.0
224.0,101.0,-1301.0
-144.0,78.0,-1220.0
-87.0,-130.0,-745.0
-87.0,56.0,-845.0
212.0,134.0,-1266.0
-19.0,-35.0,-1155.0
-72.0,-76.0,-673.0
-95.0,124.0,-895.0
203.0,140.0,-1360.0
-140.0,85.0,-1264.0
-54.0,-99.0,-735.0
-101.0,17.0,-788.0
197.0,134.0,-1239.0
-11.0,31.0,-1188.0
-70.0,-95.0,-732.0
-158.0,76.0,-860.0
150.0,109.0,-1333.0
-158.0,89.0,-1237.0
-60.0,-134.0,-767.0
-179.0,21.0,-815.0
214.0,142.0,-1255.0
-19.0,39.0,-1155.0
-52.0,-31.0,-694.0
-162.0,80.0,-868.0
122.0,80.0,-1358.0
-87.0,37.0,-1262.0
-308.0,-74.0,-774.0
-156.0,-126.0,-610.0
-109.0,206.0,-1237.0
-759.0,111.0,-1239.0
-638.0,-33.0,-851.0
-1034.0,66.0,-868.0
-689.0,13.0,-1335.0
-1301.0,107.0,-1430.0
-853.0,-81.0,-562.0
-1479.0,-35.0,-610.0
-1081.0,124.0,-1182.0
-1471.0,-85.0,-1212.0
-1227.0,197.0,-671.0
-1499.0,-21.0,-915.0
-1257.0,91.0,-1288.0
-1143.0,-97.0,-1233.0
-1282.0,156.0,-794.0
-1300.0,-68.0,-804.0
-1138.0,-72.0,-1290.0
-991.0,91.0,-1210.0
-1120.0,115.0,-938.0
-1188.0,11.0,-856.0
-1030.0,-81.0,-1405.0
-712.0,130.0,-1411.0
-888.0,-7.0,-895.0
-1227.0,-74.0,-470.0
-607.0,-23.0,-1075.0
-593.0,171.0,-1586.0
-640.0,-107.0,-987.0
-1249.0,40.0,-599.0
-650.0,37.0,-1235.0
-571.0,113.0,-1616.0
-739.0,-33.0,-792.0
-1116.0,-54.0,-507.0
-687.0,11.0,-993.0
-776.0,-39.0,-1417.0
-950.0,158.0,-735.0
-1329.0,-52.0,-646.0
-1149.0,66.0,-1188.0
-985.0,-48.0,-1352.0
-1190.0,214.0,-823.0
-1442.0,-117.0,-589.0
-1341.0,-27.0,-1073.0
-1138.0,138.0,-1221.0
-1346.0,234.0,-956.0
-1399.0,19.0,-835.0
-1362.0,-130.0,-1257.0
-966.0,5.0,-1278.0
-1274.0,230.0,-979.0
-1493.0,-85.0,-792.0
-1358.0,-283.0,-1005.0
-1112.0,74.0,-1157.0
-1085.0,347.0,-1081.0
-1504.0,101.0,-903.0
-1180.0,-324.0,-1180.0
-784.0,140.0,-1374.0
-915.0,550.0,-1083.0
-1368.0,-306.0,-646.0
-985.0,-257.0,-829.0
-704.0,-19.0,-1274.0
-954.0,349.0,-1126.0
-1452.0,-23.0,-782.0
-1095.0,-154.0,-1122.0
-786.0,156.0,-1489.0
-901.0,165.0,-1024.0
-1610.0,-74.0,-474.0
-1202.0,-232.0,-706.0
-1032.0,-48.0,-1348.0
-1030.0,263.0,-1180.0
-1770.0,-46.0,-724.0
-1249.0,-203.0,-940.0
-812.0,80.0,-1586.0
-1167.0,144.0,-1206.0
-1834.0,-44.0,-394.0
-1327.0,-189.0,-655.0
-946.0,126.0,-1426.0
-1264.0,210.0,-1225.0
-1618.0,-46.0,-702.0
-1300.0,-195.0,-1192.0
-1110.0,409.0,-1627.0
-1372.0,238.0,-1067.0
-1694.0,-232.0,-409.0
-1323.0,-472.0,-687.0
-1091.0,238.0,-1413.0
-1221.0,325.0,-1341.0
-1565.0,31.0,-798.0
-1303.0,-322.0,-956.0
-827.0,283.0,-1403.0
-1095.0,162.0,-1237.0
-1348.0,-140.0,-421.0
-1346.0,-320.0,-638.0
-808.0,388.0,-1382.0
-1374.0,413.0,-1323.0
-1415.0,-163.0,-642.0
-1407.0,-267.0,-964.0
-733.0,72.0,-1544.0
-1313.0,128.0,-1141.0
-1401.0,27.0,-376.0
-1311.0,-197.0,-665.0
-782.0,23.0,-1352.0
-1231.0,296.0,-1262.0
-1366.0,-156.0,-708.0
-1143.0,-66.0,-913.0
-694.0,64.0,-1563.0
-1163.0,392.0,-1360.0
-1112.0,-150.0,-439.0
-1030.0,-105.0,-696.0
-316.0,212.0,-1417.0
-763.0,-48.0,-1342.0
-694.0,-142.0,-610.0
-710.0,111.0,-974.0
-115.0,124.0,-1391.0
-468.0,177.0,-1270.0
-447.0,9.0,-815.0
-503.0,-204.0,-854.0
-42.0,23.0,-1097.0
-302.0,152.0,-1056.0
-117.0,-33.0,-944.0
40.0,-5.0,-1005.0
23.0,113.0,-1296.0
163.0,126.0,-1180.0
152.0,-183.0,-749.0
93.0,-242.0,-714.0
91.0,-13.0,-1015.0
212.0,236.0,-1016.0
171.0,267.0,-923.0
-31.0,19.0,-1059.0
310.0,201.0,-1292.0
792.0,-15.0,-1145.0
421.0,91.0,-845.0
732.0,-136.0,-769.0
794.0,-136.0,-1030.0
1514.0,115.0,-771.0
1290.0,109.0,-1018.0
1180.0,423.0,-1208.0
1877.0,-298.0,-1122.0
1667.0,226.0,-1194.0
1598.0,-124.0,-977.0
997.0,386.0,-1007.0
1952.0,-230.0,-866.0
1184.0,23.0,-1093.0
1276.0,152.0,-1155.0
919.0,62.0,-1239.0
1313.0,218.0,-1143.0
1087.0,-234.0,-1007.0
995.0,99.0,-800.0
999.0,70.0,-493.0
581.0,19.0,-831.0
864.0,31.0,-845.0
577.0,199.0,-1202.0
929.0,495.0,-1104.0
618.0,-167.0,-1184.0
796.0,107.0,-972.0
810.0,76.0,-952.0
609.0,347.0,-706.0
784.0,-302.0,-892.0
659.0,-286.0,-1059.0
640.0,156.0,-1005.0
651.0,583.0,-1057.0
702.0,-167.0,-1260.0
800.0,-201.0,-1212.0
804.0,-113.0,-968.0
819.0,378.0,-702.0
972.0,-13.0,-919.0
1034.0,-58.0,-1040.0
1188.0,-140.0,-1206.0
1141.0,376.0,-1169.0
1249.0,74.0,-1163.0
1391.0,-146.0,-1184.0
1206.0,-253.0,-1048.0
1229.0,85.0,-794.0
1335.0,70.0,-790.0
1342.0,-236.0,-1061.0
1202.0,152.0,-1081.0
1247.0,462.0,-985.0
1419.0,13.0,-1098.0
1368.0,-257.0,-1153.0
1337.0,-245.0,-1015.0
1179.0,429.0,-691.0
1309.0,-58.0,-786.0
1118.0,-439.0,-1016.0
1018.0,134.0,-1188.0
1030.0,685.0,-1056.0
972.0,42.0,-1180.0
1165.0,-142.0,-1122.0
981.0,-206.0,-1052.0
882.0,474.0,-618.0
909.0,7.0,-763.0
1134.0,-81.0,-1110.0
1093.0,72.0,-1194.0
952.0,318.0,-1005.0
1212.0,-11.0,-1042.0
1216.0,-70.0,-1151.0
1348.0,111.0,-983.0
1136.0,366.0,-835.0
1264.0,-271.0,-1009.0
1311.0,-48.0,-1011.0
1329.0,255.0,-1097.0
1184.0,421.0,-895.0
1251.0,-185.0,-1132.0
1364.0,-220.0,-1223.0
1337.0,210.0,-1081.0
1231.0,564.0,-753.0
1331.0,-339.0,-794.0
1464.0,-353.0,-950.0
1436.0,117.0,-1034.0
1292.0,581.0,-983.0
1350.0,-5.0,-1075.0
1421.0,-244.0,-1237.0
1360.0,54.0,-1097.0
1182.0,386.0,-751.0
1233.0,-208.0,-933.0
1327.0,-130.0,-1026.0
1155.0,19.0,-1016.0
1079.0,470.0,-890.0
1042.0,31.0,-1112.0
1245.0,-245.0,-1237.0
1071.0,101.0,-1104.0
976.0,206.0,-829.0
796.0,-181.0,-911.0
919.0,-267.0,-966.0
815.0,226.0,-1108.0
712.0,587.0,-1003.0
648.0,-85.0,-1212.0
747.0,-199.0,-1262.0
681.0,-46.0,-1089.0
532.0,421.0,-677.0
560.0,-146.0,-743.0
581.0,70.0,-1091.0
507.0,404.0,-1020.0
595.0,19.0,-1136.0
585.0,-70.0,-1091.0
558.0,44.0,-966.0
493.0,261.0,-843.0
450.0,-222.0,-1011.0
499.0,-193.0,-1050.0
392.0,83.0,-1102.0
341.0,325.0,-1032.0
284.0,-89.0,-1085.0
361.0,50.0,-1057.0
376.0,74.0,-1100.0
277.0,124.0,-866.0
216.0,-251.0,-892.0
279.0,-95.0,-954.0
226.0,177.0,-1061.0
265.0,222.0,-1087.0
165.0,-7.0,-1169.0
271.0,9.0,-1141.0
201.0,35.0,-1167.0
177.0,148.0,-1007.0
124.0,-162.0,-977.0
183.0,-70.0,-1016.0
103.0,144.0,-1157.0
78.0,99.0,-1079.0
-11.0,44.0,-1177.0
189.0,35.0,-1253.0
117.0,76.0,-1266.0
150.0,15.0,-1077.0
5.0,-121.0,-1003.0
189.0,-5.0,-989.0
78.0,117.0,-1139.0
105.0,140.0,-1175.0
80.0,44.0,-1309.0
169.0,111.0,-1372.0
185.0,95.0,-1274.0
212.0,-5.0,-1046.0
44.0,-111.0,-923.0
160.0,9.0,-977.0
169.0,109.0,-1157.0
152.0,130.0,-1270.0
136.0,-29.0,-1333.0
175.0,91.0,-1264.0
191.0,154.0,-1239.0
208.0,35.0,-1089.0
177.0,-165.0,-1071.0
156.0,-7.0,-1063.0
136.0,64.0,-1196.0
111.0,99.0,-1264.0
87.0,-7.0,-1290.0
101.0,121.0,-1305.0
83.0,162.0,-1284.0
122.0,7.0,-1177.0
-13.0,-169.0,-1034.0
33.0,-5.0,-991.0
5.0,152.0,-1177.0
113.0,17.0,-1331.0
-21.0,25.0,-1366.0
46.0,162.0,-1303.0
29.0,177.0,-1319.0
122.0,-56.0,-1220.0
1.0,-93.0,-1085.0
48.0,-13.0,-1091.0
3.0,111.0,-1196.0
21.0,21.0,-1272.0
25.0,-29.0,-1294.0
-1.0,156.0,-1309.0
33.0,132.0,-1360.0
81.0,-11.0,-1204.0
17.0,-152.0,-1028.0
3.0,-27.0,-1048.0
11.0,52.0,-1128.0
29.0,33.0,-1249.0
25.0,99.0,-1321.0
17.0,111.0,-1376.0
80.0,156.0,-1372.0
66.0,-46.0,-1221.0
11.0,-142.0,-1005.0
-44.0,7.0,-977.0
13.0,91.0,-1200.0
37.0,-7.0,-1352.0
-40.0,5.0,-1383.0
0.0,111.0,-1368.0
-3.0,158.0,-1339.0
78.0,33.0,-1231.0
19.0,-119.0,-1134.0
-39.0,-70.0,-1173.0
40.0,85.0,-1257.0
-15.0,31.0,-1331.0
19.0,-19.0,-1352.0
-105.0,85.0,-1440.0
-23.0,187.0,-1364.0
-62.0,62.0,-1329.0
-81.0,-64.0,-1155.0
-138.0,-91.0,-1069.0
-74.0,68.0,-1132.0
-58.0,80.0,-1298.0
-58.0,3.0,-1344.0
-146.0,136.0,-1311.0
-21.0,191.0,-1350.0
52.0,13.0,-1253.0
-21.0,-115.0,-1102.0
-83.0,-113.0,-1044.0
19.0,91.0,-1095.0
23.0,64.0,-1262.0
-23.0,23.0,-1255.0
-103.0,117.0,-1311.0
85.0,109.0,-1387.0
70.0,97.0,-1344.0
91.0,-134.0,-1083.0
-54.0,-74.0,-1050.0
56.0,58.0,-1077.0
35.0,40.0,-1300.0
9.0,105.0,-1368.0
-37.0,60.0,-1458.0
83.0,152.0,-1458.0
62.0,46.0,-1399.0
70.0,-62.0,-1165.0
-50.0,-85.0,-1061.0
87.0,99.0,-1177.0
42.0,39.0,-1354.0
11.0,15.0,-1409.0
-27.0,72.0,-1378.0
78.0,183.0,-1360.0
146.0,58.0,-1354.0
56.0,-70.0,-1180.0
-42.0,-136.0,-1110.0
80.0,-9.0,-1141.0
3.0,74.0,-1305.0
35.0,33.0,-1376.0
-89.0,35.0,-1395.0
37.0,210.0,-1417.0
60.0,128.0,-1382.0
91.0,-80.0,-1223.0
-68.0,-146.0,-1007.0
19.0,-1.0,-1079.0
-3.0,74.0,-1335.0
-3.0,48.0,-1385.0
-83.0,78.0,-1352.0
74.0,167.0,-1366.0
31.0,146.0,-1387.0
56.0,-58.0,-1186.0
-48.0,-144.0,-1077.0
42.0,3.0,-1126.0
5.0,19.0,-1333.0
-33.0,56.0,-1350.0
-56.0,74.0,-1356.0
21.0,181.0,-1417.0
50.0,80.0,-1450.0
39.0,-42.0,-1225.0
-74.0,-81.0,-1057.0
5.0,35.0,-1073.0
-35.0,99.0,-1278.0
-21.0,44.0,-1376.0
-52.0,60.0,-1428.0
29.0,124.0,-1436.0
42.0,64.0,-1467.0
7.0,-29.0,-1188.0
-33.0,-111.0,-1067.0
-46.0,9.0,-1104.0
-7.0,56.0,-1333.0
-15.0,0.0,-1391.0
-66.0,56.0,-1397.0
19.0,163.0,-1411.0
-5.0,150.0,-1389.0
52.0,-25.0,-1268.0
-21.0,-91.0,-1130.0
-3.0,-7.0,-1159.0
-29.0,-17.0,-1284.0
-21.0,0.0,-1329.0
-13.0,27.0,-1380.0
5.0,183.0,-1417.0
0.0,160.0,-1458.0
11.0,5.0,-1301.0
-60.0,-83.0,-1040.0
-68.0,3.0,-1057.0
13.0,68.0,-1259.0
-56.0,-29.0,-1383.0
-35.0,39.0,-1393.0
-48.0,124.0,-1432.0
17.0,173.0,-1424.0
5.0,1.0,-1223.0
-11.0,-83.0,-1087.0
-31.0,3.0,-1159.0
33.0,31.0,-1229.0
-21.0,35.0,-1296.0
-3.0,5.0,-1372.0
-13.0,91.0,-1432.0
42.0,89.0,-1452.0
50.0,-29.0,-1309.0
15.0,-46.0,-1091.0
-42.0,-27.0,-1085.0
-13.0,81.0,-1190.0
1.0,7.0,-1329.0
23.0,58.0,-1403.0
-46.0,152.0,-1467.0
33.0,111.0,-1409.0
17.0,-23.0,-1309.0
21.0,-105.0,-1124.0
-56.0,-5.0,-1108.0
62.0,46.0,-1237.0
-3.0,15.0,-1372.0
-25.0,9.0,-1366.0
-64.0,163.0,-1403.0
23.0,204.0,-1405.0
31.0,-9.0,-1348.0
-3.0,-136.0,-1190.0
-66.0,-134.0,-1184.0
31.0,29.0,-1157.0
-19.0,64.0,-1270.0
-19.0,1.0,-1356.0
-99.0,144.0,-1428.0
25.0,234.0,-1432.0
58.0,-1.0,-1417.0
87.0,-101.0,-1179.0
-78.0,-46.0,-1052.0
64.0,33.0,-1128.0
-7.0,70.0,-1356.0
17.0,58.0,-1382.0
-70.0,146.0,-1411.0
33.0,203.0,-1421.0
33.0,-48.0,-1344.0
40.0,-117.0,-1180.0
-74.0,-144.0,-1087.0
62.0,54.0,-1151.0
-40.0,138.0,-1305.0
0.0,46.0,-1321.0
-80.0,128.0,-1421.0
44.0,177.0,-1489.0
39.0,91.0,-1430.0
44.0,-85.0,-1231.0
-117.0,-130.0,-1069.0
21.0,35.0,-1036.0
-29.0,66.0,-1284.0
-17.0,91.0,-1446.0
-113.0,113.0,-1458.0
27.0,85.0,-1469.0
19.0,-44.0,-1442.0
33.0,13.0,-1165.0
-29.0,-25.0,-1048.0
21.0,95.0,-1114.0
-11.0,80.0,-1296.0
3.0,-15.0,-1409.0
-72.0,-1.0,-1464.0
66.0,99.0,-1423.0
13.0,121.0,-1409.0
62.0,0.0,-1163.0
-62.0,-60.0,-1075.0
21.0,7.0,-1061.0
-50.0,33.0,-1268.0
-11.0,-42.0,-1411.0
-89.0,58.0,-1448.0
19.0,134.0,-1436.0
31.0,117.0,-1415.0
23.0,31.0,-1198.0
-48.0,-50.0,-1022.0
0.0,13.0,-1095.0
-3.0,31.0,-1395.0
-7.0,-13.0,-1469.0
-81.0,70.0,-1387.0
-13.0,177.0,-1376.0
-42.0,101.0,-1333.0
29.0,-66.0,-1216.0
-68.0,-152.0,-1134.0
27.0,-15.0,-1227.0
-17.0,40.0,-1372.0
-44.0,31.0,-1354.0
-17.0,27.0,-1301.0
29.0,122.0,-1399.0
1.0,203.0,-1409.0
115.0,-21.0,-1239.0
-19.0,-72.0,-1126.0
-21.0,15.0,-1110.0
40.0,-31.0,-1251.0
19.0,23.0,-1378.0
-33.0,29.0,-1380.0
-29.0,119.0,-1341.0
-7.0,117.0,-1337.0
-11.0,52.0,-1241.0
-15.0,-33.0,-1134.0
-40.0,-11.0,-1180.0
-35.0,23.0,-1260.0
-11.0,-81.0,-1327.0
-31.0,21.0,-1329.0
-39.0,162.0,-1413.0
27.0,138.0,-1450.0
39.0,95.0,-1354.0
54.0,-91.0,-1179.0
-44.0,-39.0,-1143.0
17.0,-5.0,-1200.0
21.0,-7.0,-1264.0
-19.0,70.0,-1350.0
-62.0,163.0,-1444.0
35.0,144.0,-1464.0
62.0,-27.0,-1382.0
42.0,-103.0,-1175.0
-62.0,13.0,-1052.0
62.0,101.0,-1147.0
11.0,95.0,-1376.0
-50.0,46.0,-1413.0
-40.0,95.0,-1382.0
-19.0,124.0,-1436.0
0.0,-15.0,-1342.0
-33.0,-64.0,-1118.0
-124.0,35.0,-1134.0
78.0,-29.0,-1167.0
-78.0,39.0,-1307.0
-33.0,15.0,-1352.0
-70.0,58.0,-1407.0
78.0,165.0,-1415.0
42.0,60.0,-1395.0
93.0,-40.0,-1188.0
-25.0,-50.0,-1038.0
60.0,13.0,-1138.0
-9.0,70.0,-1315.0
33.0,56.0,-1407.0
-122.0,203.0,-1342.0
66.0,158.0,-1376.0
0.0,-13.0,-1292.0
37.0,-70.0,-1194.0
-76.0,-115.0,-1075.0
15.0,124.0,-1194.0
-21.0,-29.0,-1372.0
-21.0,21.0,-1378.0
-78.0,107.0,-1403.0
80.0,119.0,-1405.0
7.0,122.0,-1417.0
83.0,-42.0,-1196.0
-64.0,-165.0,-1079.0
72.0,-27.0,-1130.0
-17.0,78.0,-1319.0
-1.0,66.0,-1321.0
-68.0,181.0,-1426.0
15.0,216.0,-1378.0
40.0,-80.0,-1387.0
66.0,-46.0,-1216.0
-115.0,-27.0,-1001.0
60.0,-15.0,-1108.0
-56.0,-13.0,-1380.0
27.0,13.0,-1458.0
-62.0,224.0,-1364.0
27.0,128.0,-1399.0
62.0,-44.0,-1358.0
27.0,-78.0,-1169.0
-11.0,-44.0,-1075.0
-11.0,142.0,-1153.0
-48.0,-9.0,-1296.0
1.0,-169.0,-1313.0
-48.0,35.0,-1352.0
23.0,232.0,-1346.0
-13.0,294.0,-1389.0
31.0,-50.0,-1270.0
-25.0,-300.0,-1108.0
-66.0,76.0,-1056.0
-50.0,64.0,-1288.0
15.0,115.0,-1372.0
-58.0,-17.0,-1389.0
-35.0,89.0,-1385.0
-5.0,208.0,-1426.0
105.0,-40.0,-1301.0
3.0,-99.0,-1165.0
7.0,-58.0,-1159.0
60.0,160.0,-1218.0
-13.0,99.0,-1319.0
15.0,78.0,-1313.0
-25.0,66.0,-1450.0
33.0,117.0,-1444.0
-35.0,5.0,-1303.0
-39.0,-85.0,-1112.0
-33.0,-50.0,-1061.0
-21.0,9.0,-1097.0
-27.0,5.0,-1241.0
1.0,33.0,-1428.0
-33.0,236.0,-1364.0
76.0,-15.0,-1362.0
25.0,31.0,-1262.0
17.0,115.0,-1220.0
-81.0,-87.0,-1057.0
-31.0,103.0,-1139.0
72.0,-37.0,-1337.0
-50.0,-66.0,-1358.0
-17.0,-25.0,-1432.0
9.0,281.0,-1450.0
80.0,70.0,-1333.0
54.0,-39.0,-1202.0
-27.0,-7.0,-1216.0
80.0,148.0,-1177.0
-17.0,70.0,-1247.0
21.0,-74.0,-1321.0
-113.0,117.0,-1436.0
39.0,218.0,-1344.0
-17.0,5.0,-1481.0
17.0,-121.0,-1167.0
-136.0,-42.0,-1057.0
-17.0,130.0,-1036.0
-66.0,76.0,-1288.0
-56.0,85.0,-1397.0
-142.0,220.0,-1311.0
-7.0,89.0,-1329.0
15.0,13.0,-1313.0
54.0,-191.0,-1179.0
-44.0,-181.0,-1138.0
44.0,35.0,-1112.0
13.0,54.0,-1313.0
-11.0,183.0,-1301.0
-54.0,99.0,-1317.0
70.0,140.0,-1446.0
117.0,99.0,-1434.0
130.0,-74.0,-1149.0
-95.0,-101.0,-1056.0
109.0,-78.0,-1120.0
78.0,-60.0,-1298.0
-25.0,175.0,-1405.0
-81.0,255.0,-1464.0
42.0,46.0,-1446.0
13.0,-17.0,-1387.0
33.0,-85.0,-1046.0
-105.0,13.0,-981.0
17.0,48.0,-1173.0
-62.0,44.0,-1407.0
-15.0,-103.0,-1403.0
-78.0,40.0,-1419.0
5.0,214.0,-1350.0
11.0,19.0,-1305.0
19.0,-19.0,-1114.0
-70.0,-54.0,-1134.0
19.0,19.0,-1169.0
-17.0,128.0,-1290.0
-52.0,-7.0,-1342.0
-27.0,23.0,-1352.0
54.0,58.0,-1333.0
76.0,76.0,-1360.0
54.0,113.0,-1235.0
-64.0,-39.0,-1057.0
31.0,-66.0,-1089.0
-13.0,44.0,-1352.0
-15.0,58.0,-1335.0
-39.0,78.0,-1303.0
21.0,105.0,-1333.0
42.0,-3.0,-1380.0
35.0,29.0,-1253.0
-48.0,-64.0,-1009.0
27.0,-33.0,-1165.0
-33.0,150.0,-1298.0
-68.0,-29.0,-1247.0
-66.0,156.0,-1290.0
25.0,175.0,-1454.0
1.0,-29.0,-1557.0
-15.0,-72.0,-1270.0
1.0,-33.0,-1093.0
48.0,39.0,-1061.0
-1.0,-29.0,-1262.0
-42.0,218.0,-1270.0
142.0,68.0,-1454.0
27.0,201.0,-1499.0
40.0,138.0,-1473.0
1.0,-66.0,-1212.0
3.0,-152.0,-989.0
-42.0,-107.0,-1081.0
-68.0,-23.0,-1163.0
9.0,78.0,-1292.0
-48.0,203.0,-1419.0
-54.0,251.0,-1417.0
-11.0,56.0,-1331.0
-11.0,0.0,-1216.0
-5.0,11.0,-1110.0
-48.0,-80.0,-1048.0
-27.0,7.0,-1180.0
-15.0,-46.0,-1309.0
-56.0,64.0,-1362.0
-31.0,203.0,-1401.0
-37.0,165.0,-1395.0
46.0,-40.0,-1296.0
-35.0,-42.0,-1001.0
-29.0,-52.0,-1056.0
27.0,66.0,-1188.0
15.0,11.0,-1372.0
29.0,54.0,-1442.0
-7.0,33.0,-1444.0
15.0,185.0,-1383.0
48.0,89.0,-1280.0
29.0,-146.0,-1098.0
-80.0,-33.0,-1057.0
21.0,68.0,-1110.0
-72.0,35.0,-1294.0
35.0,40.0,-1352.0
-101.0,154.0,-1489.0
33.0,103.0,-1399.0
40.0,-13.0,-1286.0
103.0,148.0,-1120.0
-58.0,-128.0,-1003.0
48.0,-199.0,-1057.0
15.0,-128.0,-1317.0
78.0,150.0,-1450.0
-134.0,398.0,-1473.0
83.0,136.0,-1383.0
1.0,-199.0,-1255.0
42.0,-39.0,-1040.0
-85.0,87.0,-993.0
105.0,195.0,-1182.0
-11.0,-103.0,-1335.0
-39.0,-60.0,-1342.0
-62.0,130.0,-1462.0
68.0,121.0,-1428.0
9.0,119.0,-1262.0
72.0,-54.0,-1177.0
-97.0,-83.0,-1167.0
40.0,187.0,-1044.0
0.0,23.0,-1227.0
66.0,-83.0,-1356.0
-130.0,-29.0,-1417.0
15.0,259.0,-1348.0
33.0,78.0,-1403.0
70.0,-3.0,-1184.0
-87.0,-119.0,-976.0
109.0,17.0,-1032.0
-29.0,42.0,-1255.0
-33.0,249.0,-1298.0
-74.0,93.0,-1235.0
13.0,-11.0,-1223.0
23.0,-9.0,-1134.0
40.0,3.0,-827.0
-58.0,-97.0,-692.0
23.0,25.0,-794.0
3.0,148.0,-915.0
9.0,136.0,-849.0
-99.0,115.0,-911.0
107.0,128.0,-864.0
15.0,-11.0,-794.0
-5.0,-21.0,-571.0
-115.0,-109.0,-421.0
31.0,46.0,-448.0
-81.0,-44.0,-671.0
39.0,52.0,-632.0
-64.0,144.0,-732.0
21.0,255.0,-780.0
23.0,107.0,-694.0
109.0,-132.0,-532.0
-46.0,-109.0,-484.0
115.0,70.0,-528.0
52.0,-126.0,-702.0
-19.0,115.0,-751.0
9.0,115.0,-784.0
76.0,187.0,-853.0
-3.0,83.0,-905.0
39.0,160.0,-726.0
-39.0,-23.0,-597.0
19.0,-128.0,-614.0
-74.0,74.0,-710.0
48.0,-68.0,-812.0
-62.0,-78.0,-966.0
15.0,60.0,-976.0
37.0,140.0,-1134.0
33.0,99.0,-839.0
-42.0,54.0,-648.0
-9.0,-23.0,-640.0
31.0,-15.0,-769.0
-42.0,-7.0,-903.0
-33.0,31.0,-942.0
11.0,21.0,-1114.0
-52.0,181.0,-1024.0
-56.0,17.0,-847.0
-31.0,-251.0,-702.0
-48.0,-87.0,-663.0
-58.0,115.0,-763.0
-40.0,158.0,-925.0
0.0,130.0,-1087.0
-25.0,44.0,-1192.0
-29.0,128.0,-1102.0
101.0,-19.0,-913.0
-17.0,-91.0,-726.0
-37.0,-183.0,-714.0
-9.0,-99.0,-815.0
62.0,-21.0,-1028.0
-13.0,206.0,-1126.0
-87.0,220.0,-1122.0
54.0,167.0,-1040.0
17.0,-11.0,-966.0
-7.0,5.0,-800.0
-74.0,-156.0,-706.0
-13.0,1.0,-812.0
15.0,74.0,-950.0
-64.0,-42.0,-999.0
-66.0,148.0,-1018.0
-5.0,132.0,-1015.0
-13.0,89.0,-882.0
105.0,-81.0,-772.0
-50.0,46.0,-669.0
11.0,142.0,-663.0
-81.0,97.0,-827.0
15.0,-27.0,-991.0
-99.0,58.0,-1003.0
-23.0,115.0,-987.0
23.0,113.0,-913.0
81.0,-76.0,-630.0
-107.0,-64.0,-468.0
17.0,-1.0,-610.0
25.0,0.0,-876.0
19.0,185.0,-1009.0
-107.0,87.0,-977.0
115.0,177.0,-1005.0
60.0,50.0,-851.0
72.0,-44.0,-669.0
-74.0,-111.0,-528.0
101.0,-64.0,-601.0
-46.0,68.0,-835.0
-17.0,128.0,-936.0
-62.0,64.0,-958.0
23.0,167.0,-977.0
-5.0,87.0,-815.0
74.0,-85.0,-663.0
-115.0,-70.0,-484.0
29.0,87.0,-591.0
-50.0,72.0,-819.0
-7.0,-9.0,-1011.0
-93.0,17.0,-925.0
21.0,175.0,-858.0
-52.0,85.0,-780.0
103.0,-111.0,-595.0
-122.0,-62.0,-523.0
78.0,-29.0,-528.0
-52.0,152.0,-819.0
25.0,-29.0,-880.0
-91.0,-52.0,-825.0
56.0,156.0,-897.0
64.0,232.0,-870.0
21.0,142.0,-609.0
-62.0,-199.0,-493.0
-29.0,-85.0,-564.0
-7.0,0.0,-794.0
-35.0,-1.0,-806.0
-91.0,99.0,-837.0
5.0,81.0,-923.0
29.0,171.0,-851.0
29.0,91.0,-724.0
-37.0,-191.0,-577.0
-25.0,-40.0,-583.0
-5.0,56.0,-800.0
40.0,23.0,-870.0
-21.0,210.0,-837.0
62.0,46.0,-890.0
5.0,72.0,-936.0
76.0,-91.0,-728.0
-81.0,-56.0,-575.0
31.0,-50.0,-616.0
0.0,95.0,-708.0
-13.0,7.0,-745.0
-44.0,11.0,-866.0
-31.0,255.0,-931.0
9.0,148.0,-970.0
7.0,-66.0,-728.0
-31.0,-128.0,-538.0
-13.0,13.0,-525.0
-31.0,5.0,-702.0
83.0,-72.0,-841.0
3.0,93.0,-884.0
-35.0,222.0,-892.0
23.0,134.0,-921.0
21.0,97.0,-771.0
66.0,-228.0,-573.0
-66.0,-134.0,-546.0
60.0,27.0,-710.0
-15.0,81.0,-757.0
-46.0,93.0,-825.0
-21.0,240.0,-950.0
17.0,148.0,-997.0
-1.0,-40.0,-780.0
-13.0,-138.0,-601.0
-78.0,15.0,-538.0
7.0,-13.0,-605.0
-89.0,128.0,-718.0
-11.0,-19.0,-862.0
-105.0,175.0,-931.0
31.0,74.0,-1028.0
1.0,146.0,-772.0
21.0,-66.0,-583.0
-64.0,44.0,-530.0
-21.0,-23.0,-638.0
42.0,-99.0,-765.0
-19.0,-35.0,-854.0
-62.0,273.0,-849.0
39.0,206.0,-806.0
83.0,-11.0,-782.0
27.0,-31.0,-689.0
-23.0,-138.0,-591.0
-5.0,31.0,-624.0
-35.0,-21.0,-677.0
-29.0,35.0,-767.0
-70.0,179.0,-843.0
40.0,283.0,-940.0
-9.0,15.0,-864.0
3.0,-177.0,-650.0
-121.0,-42.0,-562.0
66.0,105.0,-577.0
-33.0,-27.0,-745.0
-1.0,-76.0,-841.0
-72.0,103.0,-884.0
-17.0,275.0,-872.0
111.0,83.0,-864.0
46.0,-115.0,-683.0
-19.0,-160.0,-556.0
44.0,122.0,-558.0
-19.0,35.0,-694.0
-13.0,-85.0,-745.0
-124.0,68.0,-821.0
128.0,197.0,-917.0
11.0,191.0,-925.0
50.0,19.0,-665.0
-109.0,-115.0,-474.0
-15.0,-58.0,-439.0
-3.0,-107.0,-706.0
-46.0,29.0,-825.0
-101.0,76.0,-843.0
11.0,109.0,-962.0
33.0,72.0,-936.0
3.0,-15.0,-648.0
-83.0,9.0,-423.0
42.0,60.0,-525.0
-42.0,7.0,-724.0
-17.0,-40.0,-784.0
-44.0,-19.0,-909.0
50.0,206.0,-950.0
21.0,146.0,-866.0
60.0,-97.0,-655.0
-78.0,-66.0,-519.0
21.0,80.0,-429.0
-27.0,-56.0,-655.0
-27.0,-3.0,-765.0
-50.0,40.0,-899.0
13.0,242.0,-936.0
80.0,109.0,-976.0
25.0,-64.0,-673.0
-56.0,-144.0,-448.0
-40.0,19.0,-466.0
-3.0,-23.0,-708.0
-11.0,117.0,-796.0
-70.0,33.0,-804.0
9.0,132.0,-989.0
80.0,-13.0,-915.0
9.0,54.0,-696.0
-21.0,40.0,-482.0
0.0,-9.0,-571.0
-1.0,-37.0,-665.0
-68.0,50.0,-759.0
-42.0,136.0,-854.0
15.0,109.0,-977.0
-11.0,97.0,-936.0
56.0,-105.0,-704.0
-83.0,80.0,-447.0
11.0,50.0,-441.0
-5.0,-156.0,-679.0
-5.0,-33.0,-767.0
-11.0,89.0,-872.0
13.0,302.0,-954.0
21.0,169.0,-950.0
44.0,-13.0,-653.0
-64.0,-46.0,-491.0
3.0,-21.0,-521.0
-37.0,-37.0,-648.0
-48.0,-11.0,-737.0
-60.0,126.0,-798.0
-19.0,195.0,-962.0
-19.0,113.0,-903.0
21.0,31.0,-704.0
0.0,21.0,-562.0
-15.0,-27.0,-534.0
-35.0,-3.0,-614.0
-11.0,-33.0,-726.0
-25.0,68.0,-841.0
-44.0,208.0,-960.0
19.0,33.0,-888.0
33.0,-17.0,-749.0
-3.0,-7.0,-491.0
-52.0,-15.0,-493.0
21.0,-44.0,-595.0
-48.0,-29.0,-772.0
13.0,40.0,-897.0
-54.0,165.0,-897.0
80.0,130.0,-890.0
83.0,-58.0,-808.0
27.0,9.0,-587.0
-33.0,66.0,-525.0
5.0,-50.0,-573.0
-23.0,-39.0,-726.0
-66.0,70.0,-755.0
-58.0,80.0,-864.0
3.0,39.0,-911.0
31.0,81.0,-780.0
0.0,-40.0,-552.0
-66.0,-29.0,-507.0
-21.0,-11.0,-538.0
25.0,-54.0,-730.0
-44.0,58.0,-819.0
-74.0,154.0,-874.0
13.0,136.0,-892.0
19.0,13.0,-780.0
3.0,21.0,-568.0
-87.0,-111.0,-491.0
39.0,-111.0,-581.0
-54.0,-13.0,-675.0
-27.0,115.0,-813.0
-42.0,99.0,-878.0
19.0,148.0,-921.0
66.0,66.0,-849.0
25.0,-29.0,-692.0
-35.0,-17.0,-534.0
23.0,-78.0,-552.0
-52.0,-35.0,-702.0
-31.0,66.0,-796.0
-48.0,195.0,-872.0
52.0,124.0,-890.0
35.0,-50.0,-890.0
25.0,-27.0,-669.0
-76.0,-60.0,-454.0
39.0,-3.0,-489.0
-27.0,-21.0,-751.0
-5.0,27.0,-813.0
-72.0,122.0,-858.0
46.0,105.0,-913.0
-29.0,68.0,-858.0
60.0,3.0,-665.0
-97.0,-37.0,-482.0
9.0,-52.0,-507.0
-35.0,-35.0,-609.0
-46.0,93.0,-696.0
-48.0,144.0,-829.0
11.0,91.0,-936.0
29.0,56.0,-907.0
39.0,66.0,-642.0
-21.0,11.0,-505.0
-19.0,-52.0,-480.0
-27.0,-54.0,-655.0
-40.0,58.0,-815.0
19.0,113.0,-882.0
0.0,169.0,-927.0
27.0,19.0,-907.0
31.0,50.0,-704.0
-37.0,-5.0,-488.0
-19.0,-35.0,-521.0
-35.0,-19.0,-657.0
-7.0,-13.0,-741.0
-64.0,134.0,-821.0
29.0,103.0,-948.0
-31.0,99.0,-923.0
27.0,111.0,-702.0
-33.0,-5.0,-513.0
-29.0,-40.0,-534.0
-31.0,-91.0,-632.0
-17.0,44.0,-702.0
-7.0,150.0,-853.0
-1.0,101.0,-983.0
-1.0,97.0,-892.0
29.0,19.0,-671.0
0.0,23.0,-515.0
-48.0,-60.0,-497.0
19.0,-85.0,-630.0
-21.0,5.0,-774.0
33.0,105.0,-890.0
-56.0,136.0,-870.0
13.0,115.0,-845.0
13.0,107.0,-708.0
9.0,3.0,-595.0
-62.0,-103.0,-528.0
-19.0,-103.0,-568.0
-39.0,-1.0,-677.0
-15.0,156.0,-815.0
-64.0,81.0,-907.0
15.0,33.0,-935.0
-9.0,89.0,-778.0
78.0,37.0,-581.0
-81.0,-29.0,-538.0
5.0,-68.0,-556.0
-17.0,-15.0,-733.0
-23.0,89.0,-854.0
-60.0,113.0,-907.0
-21.0,142.0,-819.0
62.0,-3.0,-804.0
-5.0,-35.0,-605.0
-66.0,-85.0,-515.0
54.0,-50.0,-511.0
-27.0,68.0,-671.0
-3.0,132.0,-765.0
-52.0,17.0,-890.0
33.0,121.0,-905.0
33.0,85.0,-806.0
64.0,-13.0,-622.0
-64.0,-126.0,-480.0
7.0,-99.0,-474.0
-21.0,-7.0,-698.0
-33.0,136.0,-823.0
-93.0,136.0,-931.0
7.0,85.0,-923.0
81.0,48.0,-835.0
27.0,-31.0,-612.0
-62.0,-60.0,-489.0
15.0,-44.0,-530.0
-19.0,5.0,-798.0
-40.0,64.0,-874.0
-89.0,89.0,-938.0
58.0,101.0,-870.0
3.0,105.0,-843.0
42.0,50.0,-648.0
-44.0,-81.0,-548.0
1.0,-37.0,-505.0
-21.0,27.0,-702.0
-37.0,50.0,-771.0
-21.0,15.0,-868.0
11.0,121.0,-849.0
39.0,132.0,-856.0
40.0,7.0,-640.0
-78.0,-111.0,-448.0
-13.0,-54.0,-454.0
-81.0,40.0,-691.0
27.0,-3.0,-823.0
-89.0,56.0,-856.0
33.0,160.0,-837.0
-19.0,179.0,-802.0
62.0,37.0,-685.0
-87.0,-111.0,-511.0
11.0,-35.0,-521.0
-48.0,19.0,-708.0
-7.0,56.0,-757.0
-35.0,66.0,-825.0
9.0,109.0,-925.0
21.0,158.0,-944.0
42.0,74.0,-685.0
-44.0,-83.0,-507.0
-11.0,-54.0,-528.0
-17.0,15.0,-677.0
-25.0,54.0,-786.0
-19.0,1.0,-886.0
-13.0,121.0,-923.0
37.0,148.0,-915.0
5.0,76.0,-667.0
-60.0,-60.0,-495.0
-5.0,-50.0,-548.0
-35.0,31.0,-687.0
-15.0,54.0,-792.0
-23.0,15.0,-837.0
11.0,122.0,-886.0
-17.0,181.0,-853.0
74.0,81.0,-720.0
0.0,-97.0,-573.0
21.0,-95.0,-562.0
-7.0,-15.0,-628.0
95.0,54.0,-741.0
27.0,42.0,-862.0
11.0,111.0,-921.0
-17.0,167.0,-962.0
35.0,13.0,-847.0
-7.0,-31.0,-618.0
144.0,-70.0,-564.0
85.0,21.0,-833.0
398.0,7.0,-782.0
304.0,119.0,-1032.0
583.0,171.0,-897.0
589.0,121.0,-938.0
679.0,-29.0,-925.0
985.0,-103.0,-610.0
667.0,91.0,-772.0
874.0,-146.0,-802.0
823.0,19.0,-936.0
1026.0,130.0,-997.0
710.0,325.0,-1063.0
958.0,91.0,-1026.0
1061.0,-87.0,-958.0
1056.0,-3.0,-728.0
782.0,9.0,-607.0
942.0,0.0,-636.0
1020.0,-173.0,-854.0
825.0,81.0,-1054.0
774.0,388.0,-1001.0
870.0,117.0,-1050.0
931.0,-81.0,-997.0
780.0,0.0,-792.0
659.0,199.0,-618.0
726.0,-37.0,-769.0
710.0,-163.0,-997.0
655.0,72.0,-1003.0
538.0,335.0,-1018.0
610.0,132.0,-950.0
579.0,-126.0,-1007.0
593.0,37.0,-806.0
384.0,68.0,-737.0
556.0,56.0,-702.0
480.0,-87.0,-890.0
466.0,105.0,-1009.0
361.0,236.0,-1067.0
470.0,171.0,-1114.0
523.0,-93.0,-1200.0
441.0,-50.0,-870.0
259.0,72.0,-634.0
347.0,-50.0,-700.0
327.0,-85.0,-968.0
298.0,-7.0,-1013.0
140.0,245.0,-993.0
279.0,191.0,-1077.0
218.0,-85.0,-1071.0
124.0,-39.0,-856.0
-60.0,-95.0,-661.0
-5.0,83.0,-730.0
-78.0,-91.0,-940.0
-201.0,3.0,-970.0
-187.0,91.0,-979.0
-148.0,216.0,-1163.0
-113.0,21.0,-1180.0
-150.0,-89.0,-866.0
-236.0,-89.0,-644.0
-95.0,46.0,-677.0
-679.0,-33.0,-987.0
-23.0,-191.0,-792.0
-669.0,115.0,-1233.0
-571.0,181.0,-1184.0
-1143.0,136.0,-1180.0
-936.0,-144.0,-1007.0
-1067.0,-113.0,-673.0
-1575.0,191.0,-946.0
-1120.0,-56.0,-771.0
-1534.0,-25.0,-915.0
-1257.0,-101.0,-1032.0
-1524.0,224.0,-1054.0
-1050.0,249.0,-911.0
-1184.0,-177.0,-968.0
-1169.0,-103.0,-825.0
-995.0,7.0,-728.0
-1038.0,152.0,-940.0
-782.0,-31.0,-958.0
-776.0,-33.0,-1192.0
-396.0,316.0,-1186.0
-607.0,142.0,-1227.0
-396.0,-48.0,-1050.0
-372.0,-162.0,-812.0
-316.0,130.0,-724.0
-242.0,-13.0,-823.0
-206.0,-29.0,-1007.0
-150.0,-25.0,-1034.0
-204.0,265.0,-1116.0
-89.0,144.0,-1155.0
-37.0,33.0,-1015.0
-83.0,-89.0,-837.0
-122.0,-39.0,-774.0
-74.0,132.0,-845.0
35.0,-37.0,-964.0
-60.0,66.0,-1011.0
-52.0,156.0,-1056.0
-33.0,154.0,-1155.0
25.0,-5.0,-925.0
-54.0,-121.0,-724.0
-74.0,-44.0,-657.0
-144.0,70.0,-810.0
-89.0,-9.0,-997.0
-162.0,44.0,-1130.0
-206.0,244.0,-1147.0
-183.0,281.0,-1157.0
-78.0,64.0,-1083.0
-134.0,-91.0,-841.0
-347.0,-11.0,-776.0
-146.0,72.0,-806.0
-208.0,-37.0,-1042.0
-142.0,-39.0,-1056.0
-273.0,177.0,-1102.0
-113.0,259.0,-1169.0
-37.0,-19.0,-1122.0
-66.0,-80.0,-901.0
-115.0,-13.0,-790.0
-11.0,9.0,-862.0
25.0,-50.0,-1044.0
5.0,-11.0,-1163.0
-52.0,74.0,-1173.0
-5.0,165.0,-1227.0
101.0,-44.0,-1130.0
-81.0,-58.0,-872.0
-119.0,-76.0,-687.0
-140.0,17.0,-796.0
-97.0,-25.0,-1073.0
-146.0,-17.0,-1126.0
-171.0,119.0,-1132.0
-60.0,128.0,-1161.0
-25.0,-19.0,-1114.0
-13.0,-105.0,-917.0
-115.0,-80.0,-778.0
1.0,-44.0,-806.0
-60.0,-27.0,-1018.0
-66.0,40.0,-1071.0
-132.0,81.0,-1095.0
-25.0,138.0,-1190.0
-21.0,21.0,-1179.0
-39.0,-64.0,-854.0
-185.0,-78.0,-687.0
-56.0,-39.0,-761.0
-76.0,-13.0,-993.0
-52.0,33.0,-1085.0
-105.0,115.0,-1083.0
-3.0,177.0,-1145.0
1.0,52.0,-1145.0
5.0,-9.0,-927.0
-109.0,-52.0,-771.0
-23.0,9.0,-806.0
-68.0,40.0,-991.0
-54.0,19.0,-1005.0
-121.0,158.0,-1050.0
50.0,162.0,-1153.0
0.0,105.0,-1153.0
21.0,-40.0,-909.0
-93.0,-48.0,-726.0
-21.0,-13.0,-739.0
-54.0,-35.0,-985.0
-64.0,50.0,-1022.0
-56.0,122.0,-1120.0
-7.0,195.0,-1192.0
17.0,113.0,-1223.0
29.0,-42.0,-933.0
-93.0,-40.0,-732.0
-25.0,3.0,-800.0
-33.0,-31.0,-991.0
-27.0,-11.0,-1075.0
-40.0,111.0,-1110.0
15.0,169.0,-1161.0
13.0,150.0,-1184.0
5.0,21.0,-958.0
-11.0,-54.0,-845.0
15.0,-33.0,-858.0
-9.0,19.0,-974.0
0.0,25.0,-1013.0
-9.0,83.0,-1114.0
-3.0,144.0,-1161.0
-3.0,115.0,-1216.0
19.0,13.0,-1005.0
-35.0,-52.0,-806.0
-60.0,-7.0,-798.0
-48.0,7.0,-936.0
7.0,-3.0,-1050.0
-31.0,111.0,-1114.0
-29.0,185.0,-1175.0
7.0,126.0,-1139.0
83.0,1.0,-1038.0
56.0,-62.0,-833.0
-15.0,-19.0,-817.0
50.0,-21.0,-942.0
1.0,-11.0,-958.0
29.0,89.0,-1040.0
-1.0,132.0,-1171.0
48.0,163.0,-1194.0
42.0,-19.0,-1030.0
-9.0,-15.0,-874.0
-68.0,-95.0,-808.0
-11.0,-21.0,-854.0
-9.0,-5.0,-1007.0
-3.0,50.0,-1132.0
-105.0,201.0,-1184.0
21.0,93.0,-1241.0
17.0,-3.0,-1040.0
-5.0,-76.0,-823.0
-85.0,-42.0,-796.0
-44.0,-13.0,-878.0
-1.0,-35.0,-1028.0
-58.0,64.0,-1112.0
-68.0,89.0,-1180.0
-31.0,171.0,-1120.0
54.0,21.0,-1059.0
3.0,-52.0,-895.0
-58.0,-99.0,-847.0
7.0,-33.0,-843.0
-58.0,62.0,-1003.0
-42.0,70.0,-1075.0
-66.0,89.0,-1157.0
21.0,185.0,-1169.0
44.0,3.0,-1149.0
0.0,-35.0,-895.0
-99.0,-74.0,-759.0
64.0,-33.0,-823.0
-11.0,-7.0,-1022.0
5.0,39.0,-1108.0
-97.0,152.0,-1132.0
93.0,142.0,-1163.0
70.0,27.0,-1104.0
62.0,-37.0,-948.0
-56.0,-60.0,-796.0
42.0,-9.0,-823.0
0.0,-13.0,-1028.0
-7.0,35.0,-1046.0
-74.0,181.0,-1091.0
78.0,121.0,-1216.0
11.0,74.0,-1177.0
85.0,-40.0,-936.0
-66.0,-74.0,-782.0
0.0,-3.0,-796.0
-31.0,-11.0,-999.0
-52.0,21.0,-1075.0
-72.0,126.0,-1149.0
52.0,154.0,-1192.0
25.0,58.0,-1175.0
1.0,-52.0,-882.0
-70.0,-64.0,-780.0
17.0,0.0,-843.0
-58.0,11.0,-1005.0
-23.0,42.0,-1057.0
-64.0,105.0,-1114.0
35.0,150.0,-1143.0
0.0,107.0,-1159.0
21.0,15.0,-958.0
-62.0,-89.0,-864.0
0.0,-31.0,-831.0
-68.0,9.0,-960.0
-9.0,11.0,-1016.0
-80.0,101.0,-1122.0
5.0,152.0,-1171.0
21.0,66.0,-1212.0
39.0,-13.0,-1003.0
-48.0,-76.0,-780.0
-33.0,15.0,-776.0
-25.0,-15.0,-995.0
21.0,-11.0,-1069.0
-60.0,124.0,-1108.0
25.0,165.0,-1175.0
-15.0,117.0,-1175.0
56.0,0.0,-1013.0
-40.0,-48.0,-825.0
5.0,-37.0,-829.0
-17.0,-23.0,-968.0
-33.0,39.0,-993.0
0.0,89.0,-1075.0
15.0,165.0,-1182.0
17.0,121.0,-1245.0
54.0,-37.0,-1024.0
-46.0,-35.0,-794.0
-5.0,-21.0,-798.0
-17.0,-29.0,-897.0
5.0,-3.0,-1028.0
-3.0,99.0,-1126.0
7.0,140.0,-1214.0
13.0,97.0,-1184.0
27.0,29.0,-979.0
21.0,-31.0,-823.0
-39.0,-23.0,-823.0
7.0,-9.0,-962.0
5.0,-31.0,-1011.0
-15.0,93.0,-1116.0
-15.0,156.0,-1169.0
-11.0,148.0,-1153.0
60.0,25.0,-1052.0
23.0,-40.0,-897.0
-13.0,-66.0,-843.0
-39.0,-9.0,-837.0
-21.0,15.0,-1007.0
-25.0,66.0,-1093.0
-33.0,146.0,-1198.0
-9.0,162.0,-1182.0
81.0,-9.0,-1112.0
-21.0,-44.0,-827.0
-68.0,-25.0,-786.0
-3.0,-9.0,-870.0
5.0,-23.0,-1050.0
-27.0,68.0,-1130.0
-64.0,142.0,-1147.0
-1.0,167.0,-1184.0
39.0,1.0,-1067.0
0.0,-46.0,-917.0
-74.0,-56.0,-829.0
1.0,-25.0,-864.0
-27.0,-1.0,-1013.0
-33.0,64.0,-1065.0
-85.0,156.0,-1157.0
11.0,109.0,-1198.0
9.0,54.0,-1116.0
42.0,-56.0,-913.0
-99.0,-37.0,-788.0
5.0,-1.0,-815.0
-5.0,-15.0,-1042.0
-52.0,81.0,-1108.0
-56.0,130.0,-1171.0
11.0,160.0,-1155.0
37.0,25.0,-1138.0
13.0,-40.0,-913.0
-62.0,-66.0,-819.0
40.0,-33.0,-866.0
-21.0,35.0,-1016.0
3.0,39.0,-1073.0
-66.0,109.0,-1124.0
29.0,148.0,-1159.0
25.0,66.0,-1163.0
27.0,-44.0,-968.0
-42.0,-95.0,-837.0
21.0,-15.0,-790.0
-19.0,15.0,-999.0
-31.0,19.0,-1063.0
-85.0,156.0,-1114.0
78.0,134.0,-1206.0
33.0,29.0,-1198.0
70.0,-29.0,-970.0
-66.0,-54.0,-769.0
5.0,0.0,-819.0
-9.0,-15.0,-1038.0
21.0,3.0,-1087.0
-70.0,111.0,-1110.0
50.0,171.0,-1145.0
-1.0,91.0,-1143.0
74.0,-56.0,-972.0
-66.0,-56.0,-839.0
40.0,-13.0,-821.0
-44.0,-7.0,-983.0
-31.0,62.0,-1026.0
-44.0,76.0,-1097.0
13.0,150.0,-1171.0
15.0,105.0,-1237.0
17.0,-39.0,-1001.0
-74.0,-48.0,-784.0
11.0,-19.0,-812.0
-54.0,-5.0,-977.0
-1.0,-9.0,-1083.0
-52.0,81.0,-1132.0
-7.0,173.0,-1128.0
-17.0,105.0,-1163.0
48.0,29.0,-1003.0
-35.0,-54.0,-841.0
-11.0,-42.0,-853.0
-78.0,-15.0,-950.0
29.0,0.0,-997.0
-66.0,87.0,-1075.0
-5.0,162.0,-1182.0
-21.0,146.0,-1214.0
40.0,-5.0,-1059.0
-33.0,-50.0,-841.0
-35.0,-21.0,-800.0
-13.0,-40.0,-923.0
-11.0,-5.0,-1003.0
-42.0,115.0,-1118.0
-5.0,160.0,-1216.0
-3.0,136.0,-1208.0
70.0,-40.0,-1028.0
-23.0,-25.0,-827.0
-7.0,-29.0,-782.0
-5.0,-7.0,-927.0
-11.0,-5.0,-1046.0
-5.0,35.0,-1145.0
-50.0,169.0,-1145.0
17.0,171.0,-1182.0
42.0,31.0,-1016.0
40.0,-60.0,-892.0
-44.0,-35.0,-839.0
-3.0,-7.0,-913.0
0.0,-15.0,-987.0
-7.0,91.0,-1110.0
-42.0,122.0,-1147.0
33.0,140.0,-1210.0
50.0,46.0,-1077.0
64.0,-44.0,-903.0
-58.0,-62.0,-794.0
9.0,-11.0,-853.0
23.0,-5.0,-1032.0
-11.0,56.0,-1128.0
-39.0,140.0,-1128.0
-33.0,204.0,-1141.0
99.0,-25.0,-1110.0
17.0,-40.0,-933.0
-72.0,-44.0,-804.0
52.0,-35.0,-866.0
-42.0,19.0,-1007.0
-1.0,64.0,-1102.0
-95.0,121.0,-1122.0
23.0,173.0,-1223.0
66.0,5.0,-1136.0
33.0,-40.0,-935.0
-44.0,-64.0,-792.0
27.0,-33.0,-819.0
-17.0,-9.0,-995.0
-21.0,37.0,-1097.0
-83.0,167.0,-1165.0
48.0,146.0,-1210.0
60.0,29.0,-1124.0
11.0,-44.0,-917.0
-56.0,-76.0,-771.0
-3.0,13.0,-839.0
-9.0,-27.0,-1046.0
-56.0,31.0,-1138.0
-93.0,138.0,-1120.0
64.0,134.0,-1157.0
0.0,83.0,-1114.0
37.0,-52.0,-970.0
-56.0,-93.0,-862.0
-5.0,-15.0,-827.0
-33.0,7.0,-987.0
-31.0,37.0,-1071.0
-52.0,80.0,-1098.0
3.0,160.0,-1159.0
11.0,83.0,-1208.0
21.0,-29.0,-948.0
-60.0,-80.0,-806.0
3.0,-15.0,-776.0
-56.0,31.0,-1005.0
7.0,-11.0,-1087.0
-46.0,109.0,-1130.0
5.0,183.0,-1116.0
25.0,64.0,-1194.0
11.0,-21.0,-1003.0
-50.0,-48.0,-819.0
0.0,-35.0,-833.0
-44.0,-13.0,-1005.0
9.0,-19.0,-995.0
-50.0,152.0,-1061.0
56.0,148.0,-1204.0
15.0,111.0,-1202.0
70.0,-40.0,-1013.0
-68.0,-80.0,-813.0
13.0,9.0,-774.0
0.0,-23.0,-954.0
21.0,7.0,-1024.0
-5.0,140.0,-1122.0
89.0,169.0,-1237.0
105.0,101.0,-1200.0
122.0,0.0,-942.0
83.0,-56.0,-798.0
144.0,-42.0,-835.0
206.0,17.0,-987.0
193.0,37.0,-1050.0
253.0,64.0,-1130.0
253.0,124.0,-1153.0
310.0,130.0,-1149.0
363.0,83.0,-977.0
355.0,-87.0,-894.0
347.0,-85.0,-841.0
378.0,-5.0,-931.0
423.0,87.0,-993.0
419.0,117.0,-1065.0
433.0,29.0,-1159.0
460.0,140.0,-1218.0
505.0,130.0,-1052.0
464.0,-58.0,-825.0
392.0,-109.0,-819.0
435.0,-3.0,-935.0
497.0,117.0,-1042.0
361.0,105.0,-1075.0
355.0,50.0,-1173.0
415.0,122.0,-1139.0
462.0,103.0,-1040.0
353.0,5.0,-856.0
306.0,-175.0,-821.0
392.0,-19.0,-927.0
316.0,111.0,-972.0
236.0,142.0,-1042.0
218.0,15.0,-1155.0
240.0,124.0,-1220.0
253.0,117.0,-1116.0
171.0,-21.0,-890.0
72.0,-121.0,-815.0
150.0,-39.0,-870.0
85.0,105.0,-1020.0
76.0,95.0,-1093.0
7.0,64.0,-1180.0
58.0,97.0,-1221.0
124.0,132.0,-1038.0
81.0,-52.0,-866.0
5.0,-134.0,-841.0
72.0,-27.0,-901.0
19.0,60.0,-1015.0
44.0,78.0,-1098.0
-50.0,56.0,-1145.0
70.0,136.0,-1143.0
0.0,132.0,-1104.0
54.0,-66.0,-999.0
-50.0,-117.0,-866.0
11.0,-19.0,-856.0
-15.0,29.0,-954.0
-44.0,105.0,-1032.0
-66.0,27.0,-1124.0
1.0,130.0,-1200.0
37.0,105.0,-1177.0
11.0,-23.0,-960.0
-60.0,-115.0,-823.0
5.0,-25.0,-829.0
-54.0,66.0,-999.0
27.0,-25.0,-1065.0
-54.0,101.0,-1097.0
21.0,160.0,-1126.0
-5.0,66.0,-1171.0
68.0,21.0,-976.0
-46.0,-87.0,-862.0
56.0,15.0,-847.0
-58.0,-17.0,-997.0
0.0,-5.0,-977.0
-27.0,31.0,-1075.0
33.0,165.0,-1173.0
0.0,167.0,-1192.0
117.0,-13.0,-1024.0
11.0,-42.0,-882.0
72.0,25.0,-825.0
19.0,5.0,-936.0
103.0,-27.0,-981.0
31.0,46.0,-1112.0
56.0,156.0,-1139.0
97.0,78.0,-1157.0
162.0,5.0,-970.0
52.0,-7.0,-946.0
58.0,17.0,-862.0
83.0,-35.0,-940.0
93.0,13.0,-987.0
35.0,21.0,-1112.0
11.0,162.0,-1098.0
62.0,81.0,-1149.0
111.0,99.0,-1069.0
23.0,-56.0,-1009.0
-1.0,-5.0,-856.0
1.0,-42.0,-854.0
58.0,15.0,-974.0
-11.0,0.0,-1112.0
-42.0,130.0,-1120.0
46.0,50.0,-1196.0
56.0,101.0,-1079.0
-9.0,-37.0,-954.0
-46.0,19.0,-813.0
-42.0,-35.0,-913.0
64.0,-40.0,-1032.0
-91.0,9.0,-1085.0
-39.0,95.0,-1059.0
-40.0,76.0,-1173.0
95.0,124.0,-1102.0
-35.0,-25.0,-989.0
-78.0,5.0,-856.0
25.0,-70.0,-907.0
44.0,-3.0,-1024.0
-58.0,93.0,-1018.0
-50.0,74.0,-1065.0
21.0,111.0,-1167.0
78.0,-23.0,-1169.0
-54.0,39.0,-977.0
-95.0,19.0,-749.0
111.0,-72.0,-890.0
46.0,-23.0,-1028.0
-48.0,39.0,-1075.0
-60.0,165.0,-1034.0
0.0,103.0,-1151.0
68.0,66.0,-1141.0
-46.0,-25.0,-1024.0
-42.0,3.0,-829.0
80.0,-23.0,-907.0
0.0,-5.0,-1009.0
-91.0,21.0,-1026.0
-68.0,76.0,-1001.0
21.0,117.0,-1169.0
21.0,91.0,-1194.0
-21.0,11.0,-1046.0
-40.0,-64.0,-817.0
33.0,40.0,-856.0
-5.0,7.0,-1001.0
-46.0,52.0,-1009.0
-74.0,54.0,-1013.0
111.0,136.0,-1202.0
72.0,11.0,-1229.0
-83.0,52.0,-993.0
-46.0,0.0,-769.0
134.0,-13.0,-903.0
-3.0,3.0,-1013.0
15.0,21.0,-1061.0
-11.0,107.0,-1028.0
-21.0,150.0,-1126.0
13.0,42.0,-1196.0
-13.0,40.0,-1040.0
134.0,-66.0,-878.0
89.0,21.0,-880.0
-33.0,-52.0,-1026.0
-27.0,-15.0,-958.0
27.0,9.0,-981.0
0.0,56.0,-1126.0
80.0,271.0,-1231.0
-35.0,62.0,-1130.0
62.0,-42.0,-815.0
-52.0,-11.0,-843.0
111.0,-21.0,-993.0
-56.0,27.0,-987.0
-62.0,-5.0,-1016.0
-101.0,60.0,-1077.0
85.0,40.0,-1237.0
29.0,128.0,-1026.0
128.0,-138.0,-1011.0
-173.0,132.0,-839.0
1.0,19.0,-892.0
91.0,-27.0,-983.0
-80.0,99.0,-1083.0
-21.0,37.0,-1104.0
-31.0,136.0,-1151.0
0.0,9.0,-1153.0
7.0,-52.0,-979.0
-19.0,-85.0,-878.0
-46.0,-44.0,-806.0
87.0,-1.0,-993.0
-85.0,80.0,-1052.0
-58.0,83.0,-1200.0
-99.0,179.0,-1085.0
177.0,105.0,-1175.0
-97.0,52.0,-958.0
-3.0,-70.0,-821.0
58.0,-3.0,-815.0
37.0,-124.0,-1093.0
-60.0,44.0,-1044.0
33.0,-50.0,-1167.0
-78.0,163.0,-1032.0
85.0,181.0,-1097.0
54.0,62.0,-1028.0
-80.0,-37.0,-862.0
1.0,-27.0,-817.0
54.0,68.0,-956.0
17.0,21.0,-1083.0
-66.0,91.0,-1036.0
-148.0,37.0,-1192.0
19.0,-1.0,-1126.0
97.0,31.0,-1003.0
-27.0,-40.0,-829.0
29.0,23.0,-839.0
60.0,-19.0,-993.0
-29.0,91.0,-1171.0
-76.0,160.0,-1077.0
-37.0,134.0,-1034.0
124.0,150.0,-1122.0
-111.0,7.0,-1126.0
23.0,-210.0,-903.0
150.0,-7.0,-804.0
-46.0,138.0,-954.0
85.0,-5.0,-1005.0
-56.0,-19.0,-1054.0
-56.0,142.0,-1143.0
187.0,64.0,-1188.0
1.0,171.0,-1069.0
-9.0,-46.0,-915.0
-5.0,-60.0,-845.0
83.0,17.0,-913.0
-13.0,83.0,-1005.0
48.0,19.0,-1024.0
-35.0,-5.0,-1153.0
156.0,37.0,-1192.0
11.0,74.0,-1112.0
-93.0,-21.0,-780.0
80.0,46.0,-763.0
-44.0,37.0,-1003.0
23.0,11.0,-1128.0
-81.0,3.0,-1005.0
48.0,95.0,-1097.0
-89.0,290.0,-1075.0
62.0,-13.0,-1155.0
-17.0,-173.0,-897.0
44.0,-103.0,-892.0
-130.0,105.0,-897.0
-9.0,31.0,-1050.0
29.0,60.0,-1022.0
-72.0,72.0,-1139.0
11.0,162.0,-1132.0
11.0,95.0,-1089.0
-37.0,-46.0,-972.0
-54.0,-68.0,-813.0
9.0,21.0,-938.0
-5.0,80.0,-985.0
5.0,-74.0,-1138.0
-80.0,148.0,-1075.0
142.0,-56.0,-1128.0
-44.0,210.0,-1038.0
35.0,-58.0,-944.0
-11.0,-25.0,-956.0
-113.0,23.0,-884.0
-3.0,3.0,-964.0
35.0,103.0,-997.0
42.0,58.0,-1188.0
39.0,27.0,-1167.0
-76.0,68.0,-1032.0
115.0,-21.0,-946.0
105.0,-44.0,-966.0
-99.0,-50.0,-858.0
206.0,-39.0,-874.0
-29.0,113.0,-1192.0
7.0,175.0,-1145.0
-48.0,175.0,-1122.0
130.0,13.0,-964.0
-39.0,-46.0,-1077.0
-218.0,64.0,-866.0
-140.0,-31.0,-788.0
181.0,138.0,-1020.0
-78.0,-80.0,-1139.0
-58.0,-216.0,-1081.0
-107.0,259.0,-977.0
35.0,89.0,-1136.0
33.0,197.0,-1130.0
-17.0,-115.0,-991.0
85.0,5.0,-825.0
-17.0,70.0,-837.0
-9.0,156.0,-1114.0
64.0,31.0,-1139.0
-44.0,-48.0,-1044.0
158.0,60.0,-1110.0
-72.0,140.0,-1071.0
-21.0,-50.0,-927.0
-56.0,-158.0,-728.0
181.0,64.0,-985.0
-138.0,152.0,-1173.0
52.0,76.0,-1056.0
11.0,160.0,-1007.0
132.0,64.0,-1212.0
-70.0,68.0,-1069.0
78.0,-121.0,-919.0
-58.0,-35.0,-833.0
-44.0,-68.0,-999.0
-165.0,19.0,-983.0
40.0,-48.0,-1032.0
33.0,128.0,-1134.0
-76.0,152.0,-1196.0
-107.0,158.0,-1030.0
163.0,-95.0,-905.0
1.0,68.0,-935.0
-103.0,60.0,-903.0
-64.0,-7.0,-1026.0
11.0,62.0,-1124.0
-13.0,-54.0,-1249.0
-89.0,150.0,-1040.0
58.0,-39.0,-1018.0
-179.0,-33.0,-927.0
-78.0,-48.0,-872.0
115.0,158.0,-917.0
72.0,7.0,-1061.0
19.0,80.0,-1052.0
11.0,31.0,-1157.0
-40.0,121.0,-1073.0
-37.0,33.0,-1048.0
68.0,-15.0,-1016.0
39.0,-23.0,-927.0
-64.0,-70.0,-825.0
-64.0,-15.0,-917.0
201.0,101.0,-1116.0
-11.0,156.0,-1190.0
-113.0,101.0,-1097.0
70.0,162.0,-946.0
134.0,1.0,-956.0
-42.0,46.0,-886.0
58.0,-167.0,-837.0
11.0,-111.0,-1013.0
3.0,150.0,-1192.0
-124.0,130.0,-1204.0
25.0,-54.0,-1009.0
152.0,21.0,-977.0
115.0,64.0,-1110.0
-66.0,66.0,-933.0
-25.0,-72.0,-763.0
17.0,134.0,-960.0
31.0,173.0,-1153.0
-66.0,9.0,-1104.0
-7.0,-80.0,-1079.0
0.0,156.0,-983.0
62.0,56.0,-1114.0
-44.0,-64.0,-884.0
17.0,-40.0,-782.0
80.0,33.0,-925.0
0.0,142.0,-1188.0
31.0,87.0,-1155.0
-31.0,-5.0,-1044.0
64.0,142.0,-1024.0
-15.0,91.0,-1015.0
-66.0,-140.0,-905.0
-74.0,-101.0,-829.0
-17.0,-58.0,-1057.0
105.0,222.0,-1059.0
21.0,-25.0,-1151.0
-132.0,140.0,-960.0
156.0,138.0,-1108.0
44.0,189.0,-1083.0
-3.0,-160.0,-1028.0
-29.0,-17.0,-796.0
48.0,29.0,-925.0
-25.0,134.0,-1042.0
-83.0,-27.0,-1126.0
-37.0,66.0,-1048.0
72.0,-56.0,-1095.0
-13.0,165.0,-1112.0
-80.0,-33.0,-966.0
93.0,-179.0,-808.0
-146.0,220.0,-890.0
89.0,109.0,-1120.0
-83.0,95.0,-1118.0
-21.0,-85.0,-1095.0
-80.0,156.0,-1061.0
95.0,5.0,-1108.0
-37.0,-62.0,-936.0
-99.0,39.0,-821.0
115.0,-158.0,-936.0
-163.0,122.0,-1042.0
-33.0,107.0,-1112.0
5.0,130.0,-1095.0
97.0,111.0,-1079.0
-97.0,93.0,-1122.0
1.0,5.0,-944.0
46.0,-167.0,-808.0
19.0,31.0,-876.0
-111.0,80.0,-1159.0
154.0,-7.0,-1139.0
-39.0,11.0,-1030.0
-132.0,146.0,-1030.0
58.0,13.0,-1013.0
136.0,-23.0,-1050.0
35.0,-17.0,-935.0
-156.0,54.0,-798.0
42.0,78.0,-976.0
76.0,76.0,-1317.0
-136.0,15.0,-1206.0
-138.0,9.0,-888.0
160.0,124.0,-968.0
21.0,35.0,-1305.0
-173.0,-208.0,-954.0
5.0,-66.0,-540.0
134.0,279.0,-854.0
-80.0,177.0,-1475.0
-124.0,-19.0,-1169.0
-33.0,-134.0,-769.0
238.0,121.0,-886.0
-158.0,203.0,-1327.0
78.0,-160.0,-925.0
-21.0,-245.0,-564.0
142.0,146.0,-927.0
-72.0,363.0,-1528.0
132.0,-17.0,-1118.0
-83.0,-146.0,-749.0
234.0,140.0,-946.0
-126.0,437.0,-1428.0
298.0,-277.0,-827.0
-226.0,-380.0,-636.0
19.0,220.0,-868.0
70.0,503.0,-1477.0
167.0,-314.0,-1098.0
-406.0,-230.0,-751.0
142.0,191.0,-1163.0
-17.0,472.0,-1301.0
271.0,-396.0,-876.0
-556.0,-175.0,-642.0
320.0,107.0,-933.0
44.0,437.0,-1481.0
-117.0,-87.0,-1108.0
-286.0,-154.0,-870.0
378.0,46.0,-858.0
-181.0,447.0,-1434.0
-80.0,-146.0,-1018.0
-107.0,-388.0,-636.0
158.0,234.0,-769.0
-42.0,423.0,-1473.0
-23.0,-126.0,-1087.0
-140.0,-80.0,-851.0
-60.0,195.0,-929.0
-9.0,306.0,-1432.0
117.0,-89.0,-1016.0
-91.0,-325.0,-661.0
-122.0,70.0,-702.0
54.0,193.0,-1262.0
60.0,40.0,-1194.0
-169.0,-138.0,-972.0
42.0,177.0,-870.0
-126.0,445.0,-1284.0
197.0,99.0,-1147.0
-99.0,-290.0,-862.0
-40.0,25.0,-597.0
101.0,-68.0,-1196.0
-111.0,433.0,-1192.0
187.0,-257.0,-1128.0
-251.0,247.0,-810.0
-136.0,105.0,-1143.0
234.0,247.0,-1243.0
76.0,-189.0,-909.0
-169.0,-9.0,-612.0
-224.0,-13.0,-970.0
351.0,257.0,-1126.0
134.0,-138.0,-1358.0
-269.0,204.0,-829.0
-163.0,-74.0,-1069.0
413.0,366.0,-1231.0
21.0,-288.0,-1143.0
-247.0,-124.0,-546.0
-124.0,-13.0,-864.0
470.0,298.0,-1300.0
-136.0,-9.0,-1464.0
-294.0,-78.0,-901.0
93.0,40.0,-749.0
425.0,322.0,-1235.0
-173.0,-21.0,-1216.0
-101.0,-521.0,-646.0
-29.0,126.0,-464.0
564.0,363.0,-1421.0
-378.0,128.0,-1397.0
-165.0,-556.0,-1052.0
48.0,160.0,-489.0
308.0,474.0,-1366.0
-171.0,15.0,-1218.0
-203.0,-548.0,-630.0
173.0,9.0,-331.0
146.0,554.0,-1530.0
-156.0,48.0,-1506.0
-179.0,-450.0,-870.0
175.0,66.0,-562.0
13.0,513.0,-1272.0
93.0,-58.0,-1223.0
-163.0,-431.0,-655.0
292.0,-13.0,-585.0
-66.0,599.0,-1333.0
81.0,-13.0,-1442.0
-128.0,-281.0,-909.0
234.0,105.0,-735.0
-19.0,353.0,-1087.0
156.0,-80.0,-1216.0
-101.0,-349.0,-722.0
257.0,-3.0,-685.0
-152.0,528.0,-1175.0
97.0,-21.0,-1313.0
-152.0,-124.0,-1005.0
269.0,-56.0,-1013.0
-154.0,247.0,-985.0
245.0,9.0,-917.0
-206.0,-152.0,-882.0
124.0,-101.0,-1016.0
-115.0,308.0,-1077.0
134.0,31.0,-1175.0
-245.0,99.0,-1122.0
210.0,-191.0,-1003.0
-122.0,238.0,-1046.0
-107.0,-35.0,-1003.0
-76.0,66.0,-866.0
300.0,-74.0,-976.0
-429.0,113.0,-1038.0
-29.0,3.0,-1089.0
93.0,216.0,-1024.0
392.0,15.0,-1290.0
-542.0,89.0,-929.0
122.0,-109.0,-774.0
177.0,121.0,-866.0
134.0,-64.0,-1218.0
-398.0,-31.0,-1005.0
105.0,81.0,-938.0
277.0,171.0,-1177.0
-83.0,222.0,-1337.0
-146.0,-136.0,-890.0
37.0,-76.0,-638.0
253.0,54.0,-1020.0
-142.0,99.0,-1231.0
-167.0,-89.0,-1038.0
-42.0,78.0,-843.0
271.0,212.0,-1173.0
-148.0,142.0,-1296.0
-85.0,-136.0,-981.0
-48.0,-31.0,-689.0
193.0,169.0,-1042.0
-232.0,66.0,-1188.0
-101.0,-165.0,-954.0
-103.0,103.0,-798.0
165.0,218.0,-1292.0
-113.0,93.0,-1288.0
-195.0,-253.0,-964.0
-72.0,-1.0,-593.0
368.0,101.0,-1015.0
-234.0,140.0,-1220.0
-115.0,-245.0,-913.0
169.0,46.0,-843.0
212.0,324.0,-1313.0
-249.0,95.0,-1391.0
-19.0,-56.0,-712.0
138.0,-281.0,-841.0
-121.0,548.0,-1020.0
95.0,-308.0,-1284.0
-111.0,-152.0,-679.0
78.0,11.0,-940.0
97.0,419.0,-1220.0
-148.0,160.0,-1395.0
-76.0,-347.0,-786.0
33.0,134.0,-712.0
218.0,302.0,-1040.0
-29.0,-17.0,-1223.0
83.0,-212.0,-683.0
121.0,-121.0,-970.0
-181.0,491.0,-1204.0
-64.0,-9.0,-1389.0
224.0,-89.0,-595.0
76.0,-105.0,-839.0
66.0,195.0,-1196.0
-191.0,-81.0,-1075.0
245.0,-70.0,-728.0
-101.0,122.0,-983.0
42.0,271.0,-1290.0
-191.0,-5.0,-1098.0
530.0,-208.0,-944.0
-218.0,327.0,-837.0
365.0,-3.0,-1153.0
-386.0,-19.0,-812.0
515.0,-402.0,-878.0
-337.0,488.0,-917.0
136.0,11.0,-1315.0
-425.0,31.0,-991.0
667.0,-13.0,-966.0
-162.0,185.0,-1048.0
-173.0,44.0,-1052.0
-91.0,-62.0,-679.0
558.0,-160.0,-983.0
-546.0,415.0,-1227.0
-17.0,-66.0,-1153.0
78.0,-148.0,-866.0
472.0,40.0,-1198.0
-509.0,275.0,-1120.0
146.0,-191.0,-903.0
-99.0,58.0,-710.0
579.0,-273.0,-1186.0
-605.0,544.0,-1056.0
158.0,-126.0,-1175.0
70.0,87.0,-835.0
470.0,-142.0,-1383.0
-628.0,409.0,-985.0
152.0,-212.0,-813.0
29.0,80.0,-823.0
240.0,-267.0,-1274.0
-521.0,355.0,-954.0
148.0,-35.0,-989.0
3.0,70.0,-929.0
201.0,-5.0,-1432.0
-532.0,232.0,-968.0
7.0,21.0,-747.0
58.0,13.0,-847.0
128.0,-66.0,-1264.0
-316.0,89.0,-1024.0
50.0,-19.0,-884.0
105.0,39.0,-1046.0
-23.0,-85.0,-1319.0
-488.0,220.0,-999.0
316.0,42.0,-657.0
212.0,-37.0,-1100.0
-163.0,-11.0,-1116.0
-216.0,197.0,-913.0
144.0,230.0,-884.0
78.0,-99.0,-1307.0
19.0,21.0,-1188.0
-89.0,64.0,-976.0
-3.0,208.0,-663.0
175.0,-136.0,-1095.0
-91.0,-81.0,-1095.0
-95.0,-39.0,-974.0
-52.0,378.0,-735.0
439.0,-146.0,-1354.0
-91.0,-70.0,-1118.0
-113.0,-21.0,-972.0
50.0,365.0,-733.0
158.0,1.0,-1210.0
-244.0,-210.0,-1065.0
-124.0,31.0,-819.0
177.0,204.0,-780.0
339.0,46.0,-1321.0
-138.0,-197.0,-1245.0
-64.0,-17.0,-976.0
-74.0,228.0,-741.0
78.0,201.0,-1118.0
-74.0,-316.0,-1106.0
-9.0,144.0,-782.0
318.0,62.0,-976.0
48.0,245.0,-1333.0
-347.0,-331.0,-1192.0
271.0,87.0,-774.0
95.0,251.0,-962.0
-60.0,162.0,-1184.0
-353.0,-433.0,-870.0
312.0,89.0,-739.0
85.0,101.0,-1102.0
-224.0,372.0,-1233.0
-201.0,-448.0,-1147.0
177.0,160.0,-798.0
-124.0,265.0,-1028.0
-74.0,160.0,-1091.0
-56.0,-443.0,-927.0
333.0,-85.0,-739.0
-142.0,382.0,-1204.0
-204.0,269.0,-1337.0
-83.0,-228.0,-946.0
573.0,-9.0,-866.0
-156.0,232.0,-1018.0
-81.0,35.0,-1073.0
0.0,-128.0,-716.0
370.0,-107.0,-1120.0
-450.0,464.0,-1063.0
-5.0,-146.0,-1167.0
23.0,80.0,-958.0
158.0,-89.0,-999.0
-136.0,-42.0,-954.0
-101.0,181.0,-1011.0
206.0,5.0,-1013.0
68.0,-134.0,-970.0
-349.0,306.0,-962.0
156.0,-11.0,-1100.0
54.0,89.0,-1124.0
80.0,-267.0,-1208.0
-329.0,218.0,-829.0
46.0,-25.0,-796.0
181.0,240.0,-1042.0
58.0,-226.0,-1276.0
-355.0,132.0,-759.0
236.0,1.0,-853.0
183.0,312.0,-1251.0
-56.0,-31.0,-1262.0
-35.0,-158.0,-757.0
-29.0,119.0,-761.0
132.0,216.0,-1206.0
-115.0,-109.0,-1122.0
111.0,19.0,-689.0
-23.0,-54.0,-991.0
29.0,277.0,-1274.0
-9.0,46.0,-1237.0
-7.0,40.0,-802.0
-121.0,-179.0,-761.0
191.0,121.0,-1139.0
-44.0,85.0,-1136.0
-72.0,-40.0,-843.0
-134.0,-42.0,-849.0
284.0,160.0,-1401.0
-115.0,103.0,-1229.0
-93.0,-35.0,-771.0
-167.0,-21.0,-714.0
216.0,101.0,-1237.0
-121.0,171.0,-1114.0
146.0,-152.0,-819.0
-191.0,201.0,-831.0
234.0,15.0,-1395.0
-119.0,121.0,-1139.0
11.0,-70.0,-812.0
-163.0,-19.0,-851.0
144.0,54.0,-1227.0
-25.0,111.0,-1007.0
179.0,-160.0,-890.0
-368.0,175.0,-936.0
134.0,52.0,-1190.0
68.0,247.0,-1200.0
134.0,-124.0,-936.0
-230.0,-111.0,-819.0
156.0,183.0,-1034.0
29.0,-15.0,-1157.0
-109.0,0.0,-884.0
-60.0,-68.0,-911.0
111.0,140.0,-1218.0
115.0,181.0,-1143.0
78.0,-52.0,-923.0
-101.0,87.0,-927.0
189.0,68.0,-1059.0
91.0,115.0,-1067.0
-23.0,-40.0,-870.0
-224.0,81.0,-919.0
23.0,117.0,-1091.0
122.0,3.0,-1325.0
-54.0,-48.0,-841.0
-70.0,-37.0,-831.0
3.0,150.0,-1009.0
150.0,-48.0,-1110.0
-27.0,27.0,-829.0
-179.0,54.0,-999.0
-62.0,175.0,-1169.0
146.0,-3.0,-1255.0
-54.0,27.0,-991.0
-199.0,140.0,-843.0
48.0,-21.0,-950.0
210.0,-54.0,-1198.0
-122.0,-91.0,-931.0
-183.0,89.0,-913.0
-39.0,138.0,-1061.0
302.0,31.0,-1339.0
-64.0,27.0,-993.0
-81.0,78.0,-810.0
187.0,-52.0,-936.0
109.0,247.0,-1149.0
11.0,-132.0,-1001.0
-234.0,74.0,-806.0
142.0,-31.0,-1079.0
52.0,167.0,-1225.0
308.0,-56.0,-1180.0
-298.0,-3.0,-702.0
-62.0,-140.0,-892.0
122.0,160.0,-1126.0
48.0,-97.0,-1208.0
-267.0,259.0,-776.0
122.0,-68.0,-1001.0
171.0,212.0,-1298.0
-134.0,-105.0,-1216.0
-89.0,31.0,-788.0
3.0,-39.0,-847.0
216.0,181.0,-1138.0
-40.0,-89.0,-1085.0
-134.0,15.0,-698.0
48.0,62.0,-915.0
160.0,46.0,-1342.0
-224.0,236.0,-1229.0
-99.0,-72.0,-782.0
-124.0,85.0,-730.0
214.0,25.0,-1210.0
-78.0,-33.0,-1085.0
-156.0,15.0,-780.0
-66.0,42.0,-1015.0
226.0,122.0,-1385.0
-17.0,15.0,-1257.0
-111.0,-19.0,-657.0
-7.0,-54.0,-810.0
91.0,130.0,-1163.0
-95.0,74.0,-1182.0
113.0,-83.0,-796.0
-242.0,136.0,-911.0
173.0,107.0,-1288.0
29.0,197.0,-1194.0
64.0,-273.0,-792.0
58.0,3.0,-837.0
249.0,0.0,-1221.0
-11.0,212.0,-1079.0
-1.0,-130.0,-771.0
-111.0,271.0,-882.0
234.0,0.0,-1399.0
-119.0,111.0,-1141.0
-56.0,-70.0,-882.0
25.0,154.0,-763.0
290.0,-175.0,-1210.0
-269.0,91.0,-974.0
74.0,-158.0,-839.0
-111.0,171.0,-878.0
83.0,-40.0,-1380.0
-265.0,146.0,-1157.0
97.0,-52.0,-813.0
15.0,15.0,-942.0
-144.0,-109.0,-1239.0
-17.0,93.0,-1032.0
-21.0,283.0,-784.0
-37.0,-1.0,-872.0
-203.0,-126.0,-1358.0
80.0,40.0,-1188.0
-83.0,245.0,-868.0
66.0,29.0,-962.0
-144.0,-175.0,-1177.0
5.0,23.0,-1018.0
-46.0,314.0,-730.0
39.0,-85.0,-964.0
-183.0,9.0,-1309.0
208.0,-99.0,-1220.0
-50.0,331.0,-829.0
-54.0,-44.0,-962.0
-224.0,-68.0,-1077.0
226.0,-60.0,-1052.0
-64.0,210.0,-778.0
-91.0,-95.0,-995.0
-302.0,74.0,-1118.0
249.0,-29.0,-1231.0
-83.0,365.0,-1022.0
42.0,-101.0,-1013.0
-216.0,-13.0,-1077.0
271.0,-130.0,-1011.0
-103.0,316.0,-864.0
-56.0,-121.0,-940.0
-236.0,66.0,-1108.0
310.0,-31.0,-1202.0
-80.0,329.0,-1085.0
-11.0,-29.0,-847.0
-181.0,-99.0,-1003.0
212.0,25.0,-884.0
121.0,183.0,-991.0
-288.0,50.0,-895.0
-162.0,-74.0,-1050.0
351.0,19.0,-1102.0
-9.0,288.0,-1235.0
-68.0,9.0,-843.0
-130.0,-210.0,-995.0
283.0,33.0,-919.0
-80.0,64.0,-1087.0
-179.0,238.0,-862.0
19.0,-156.0,-1028.0
263.0,29.0,-1149.0
25.0,226.0,-1282.0
89.0,105.0,-763.0
-81.0,-111.0,-835.0
214.0,-101.0,-952.0
56.0,203.0,-1139.0
-23.0,128.0,-940.0
-167.0,-29.0,-983.0
599.0,3.0,-931.0
175.0,173.0,-1206.0
11.0,-5.0,-1028.0
-388.0,91.0,-696.0
585.0,-173.0,-970.0
-21.0,197.0,-1249.0
-144.0,83.0,-935.0
-44.0,-13.0,-737.0
546.0,-31.0,-991.0
-62.0,25.0,-1442.0
-365.0,214.0,-999.0
-33.0,-195.0,-638.0
609.0,-146.0,-1007.0
-464.0,247.0,-1309.0
-35.0,150.0,-843.0
-5.0,-105.0,-665.0
550.0,-80.0,-1186.0
-257.0,154.0,-1448.0
-325.0,255.0,-999.0
89.0,35.0,-525.0
423.0,-277.0,-1083.0
-279.0,-3.0,-1374.0
-206.0,257.0,-843.0
183.0,-62.0,-614.0
220.0,-37.0,-1323.0
-361.0,179.0,-1485.0
142.0,292.0,-763.0
134.0,-261.0,-714.0
-40.0,142.0,-1106.0
-162.0,7.0,-1262.0
224.0,113.0,-730.0
-33.0,-33.0,-745.0
165.0,-42.0,-1368.0
-183.0,-95.0,-1356.0
70.0,255.0,-837.0
-117.0,-115.0,-659.0
99.0,5.0,-1175.0
-242.0,99.0,-1173.0
132.0,68.0,-843.0
-220.0,35.0,-835.0
169.0,93.0,-1405.0
-302.0,-15.0,-1311.0
150.0,136.0,-819.0
-56.0,-134.0,-724.0
91.0,134.0,-1229.0
-220.0,-3.0,-1069.0
230.0,-66.0,-853.0
-224.0,134.0,-788.0
167.0,44.0,-1465.0
-351.0,64.0,-1225.0
167.0,9.0,-796.0
-15.0,115.0,-759.0
44.0,142.0,-1272.0
-183.0,-244.0,-1026.0
152.0,29.0,-726.0
-99.0,109.0,-909.0
-25.0,210.0,-1415.0
-144.0,-107.0,-1184.0
255.0,-152.0,-831.0
-183.0,290.0,-878.0
-54.0,195.0,-1050.0
70.0,-165.0,-1075.0
234.0,-70.0,-829.0
-78.0,136.0,-1044.0
-167.0,247.0,-1196.0
-15.0,-138.0,-1145.0
337.0,-56.0,-954.0
-187.0,134.0,-929.0
-35.0,83.0,-1093.0
33.0,-48.0,-942.0
232.0,-52.0,-886.0
-345.0,185.0,-1077.0
-154.0,187.0,-1139.0
177.0,-113.0,-1005.0
353.0,150.0,-1073.0
-322.0,142.0,-1030.0
-122.0,-177.0,-936.0
156.0,48.0,-862.0
257.0,-128.0,-1114.0
-622.0,327.0,-1091.0
-64.0,-167.0,-966.0
351.0,78.0,-974.0
206.0,11.0,-1229.0
-292.0,162.0,-1046.0
-298.0,-175.0,-858.0
441.0,70.0,-970.0
-27.0,101.0,-1136.0
-398.0,136.0,-948.0
-25.0,-93.0,-800.0
735.0,-33.0,-1057.0
-132.0,15.0,-579.0
833.0,58.0,-1007.0
-368.0,306.0,-1300.0
-208.0,-115.0,-849.0
216.0,19.0,-638.0
646.0,13.0,-1380.0
-392.0,281.0,-1383.0
-117.0,-310.0,-726.0
70.0,111.0,-603.0
462.0,-56.0,-1212.0
-316.0,148.0,-1239.0
-62.0,-50.0,-765.0
35.0,91.0,-624.0
495.0,121.0,-1356.0
-249.0,76.0,-1264.0
83.0,-91.0,-853.0
-175.0,74.0,-646.0
513.0,-101.0,-1239.0
-327.0,130.0,-1225.0
-83.0,35.0,-669.0
93.0,-87.0,-655.0
298.0,-87.0,-1417.0
-372.0,187.0,-1415.0
-107.0,365.0,-835.0
201.0,-171.0,-640.0
302.0,-103.0,-1260.0
-470.0,204.0,-1085.0
163.0,152.0,-724.0
1.0,-11.0,-808.0
169.0,-257.0,-1446.0
-269.0,142.0,-1290.0
-13.0,195.0,-689.0
329.0,-121.0,-739.0
111.0,-136.0,-1282.0
-384.0,78.0,-1122.0
122.0,160.0,-628.0
40.0,220.0,-911.0
-44.0,-181.0,-1504.0
-46.0,85.0,-1259.0
-56.0,64.0,-712.0
154.0,-27.0,-876.0
-107.0,-150.0,-1067.0
115.0,0.0,-1136.0
-226.0,240.0,-663.0
80.0,25.0,-1120.0
11.0,-80.0,-1329.0
203.0,70.0,-1233.0
-236.0,230.0,-702.0
167.0,-33.0,-872.0
-130.0,-23.0,-1020.0
115.0,-144.0,-1235.0
-341.0,372.0,-689.0
349.0,-115.0,-1098.0
-281.0,91.0,-1192.0
310.0,-181.0,-1216.0
-288.0,185.0,-732.0
179.0,214.0,-890.0
-226.0,-70.0,-1155.0
193.0,-97.0,-1173.0
-208.0,148.0,-673.0
269.0,81.0,-983.0
-324.0,80.0,-1323.0
208.0,-314.0,-1177.0
-140.0,308.0,-771.0
212.0,48.0,-952.0
-292.0,42.0,-1081.0
72.0,-66.0,-1067.0
-39.0,160.0,-806.0
187.0,11.0,-1128.0
-495.0,117.0,-1200.0
-7.0,50.0,-1015.0
189.0,165.0,-923.0
-148.0,60.0,-921.0
-384.0,-140.0,-1292.0
97.0,0.0,-849.0
0.0,171.0,-837.0
-388.0,212.0,-1011.0
-396.0,-89.0,-1292.0
302.0,-37.0,-944.0
-288.0,197.0,-1005.0
-507.0,203.0,-976.0
-294.0,-171.0,-1030.0
132.0,-66.0,-882.0
-396.0,199.0,-935.0
-534.0,-21.0,-999.0
-429.0,121.0,-1071.0
132.0,-156.0,-1223.0
-488.0,111.0,-1093.0
-638.0,15.0,-774.0
-290.0,136.0,-960.0
7.0,-68.0,-1171.0
-489.0,101.0,-1180.0
-470.0,-165.0,-862.0
-372.0,353.0,-819.0
25.0,-128.0,-1194.0
-333.0,121.0,-1206.0
-597.0,-9.0,-784.0
-169.0,70.0,-909.0
-101.0,-3.0,-1151.0
-281.0,-148.0,-1208.0
-610.0,74.0,-651.0
-255.0,238.0,-810.0
3.0,72.0,-1251.0
-339.0,-56.0,-1290.0
-409.0,80.0,-765.0
-370.0,5.0,-950.0
-242.0,70.0,-1100.0
-115.0,-150.0,-1259.0
-306.0,11.0,-519.0
-226.0,50.0,-909.0
-261.0,89.0,-1210.0
-454.0,15.0,-1434.0
-273.0,-13.0,-792.0
-281.0,21.0,-923.0
-134.0,119.0,-1198.0
-175.0,11.0,-1143.0
-177.0,-130.0,-569.0
-273.0,83.0,-868.0
-177.0,109.0,-1397.0
-249.0,46.0,-1237.0
-52.0,-85.0,-866.0
-335.0,163.0,-909.0
-70.0,87.0,-1204.0
-122.0,-23.0,-1016.0
-62.0,-70.0,-739.0
-337.0,37.0,-942.0
-44.0,160.0,-1337.0
60.0,115.0,-1108.0
130.0,-85.0,-1005.0
-89.0,99.0,-907.0
450.0,107.0,-1157.0
244.0,81.0,-987.0
333.0,-275.0,-759.0
-89.0,40.0,-911.0
404.0,113.0,-1163.0
101.0,195.0,-1235.0
454.0,-97.0,-1098.0
-97.0,93.0,-1005.0
314.0,165.0,-1081.0
48.0,64.0,-987.0
193.0,-56.0,-812.0
-269.0,-64.0,-849.0
50.0,109.0,-1151.0
-7.0,42.0,-1188.0
193.0,89.0,-1038.0
-374.0,13.0,-950.0
89.0,121.0,-958.0
-85.0,42.0,-895.0
19.0,-13.0,-909.0
-441.0,58.0,-935.0
33.0,-50.0,-1188.0
-44.0,85.0,-1165.0
-40.0,62.0,-1065.0
-366.0,121.0,-1011.0
56.0,27.0,-962.0
-5.0,7.0,-1007.0
-107.0,-50.0,-895.0
-382.0,60.0,-839.0
72.0,15.0,-1050.0
76.0,105.0,-1298.0
-5.0,54.0,-1157.0
-259.0,66.0,-936.0
35.0,85.0,-882.0
115.0,9.0,-1108.0
-78.0,-119.0,-1024.0
-269.0,-29.0,-798.0
52.0,54.0,-923.0
183.0,89.0,-1329.0
-64.0,0.0,-1179.0
-181.0,-5.0,-817.0
-29.0,165.0,-784.0
165.0,66.0,-1198.0
-85.0,-122.0,-1059.0
-173.0,-87.0,-728.0
74.0,56.0,-833.0
187.0,197.0,-1321.0
-42.0,101.0,-1286.0
-128.0,-46.0,-972.0
3.0,17.0,-858.0
150.0,119.0,-1147.0
-62.0,-74.0,-1042.0
-195.0,-27.0,-659.0
27.0,-76.0,-841.0
134.0,242.0,-1317.0
-83.0,158.0,-1313.0
-132.0,-11.0,-866.0
-29.0,-1.0,-827.0
163.0,54.0,-1151.0
-56.0,-3.0,-1036.0
-89.0,-72.0,-696.0
81.0,-70.0,-864.0
228.0,154.0,-1298.0
-3.0,136.0,-1309.0
-76.0,33.0,-845.0
48.0,-58.0,-886.0
146.0,117.0,-1122.0
-50.0,72.0,-968.0
-29.0,-64.0,-694.0
56.0,-44.0,-925.0
189.0,162.0,-1329.0
-27.0,29.0,-1276.0
-19.0,33.0,-851.0
-7.0,-44.0,-843.0
199.0,56.0,-1130.0
-54.0,109.0,-1038.0
66.0,-93.0,-778.0
-33.0,46.0,-938.0
183.0,111.0,-1278.0
-62.0,130.0,-1241.0
-111.0,-19.0,-827.0
-17.0,-31.0,-862.0
107.0,128.0,-1167.0
-3.0,-13.0,-1083.0
-35.0,-113.0,-726.0
-68.0,89.0,-915.0
121.0,115.0,-1325.0
-85.0,83.0,-1300.0
-35.0,-23.0,-843.0
-35.0,-13.0,-897.0
158.0,142.0,-1165.0
-25.0,-25.0,-1026.0
9.0,-87.0,-648.0
-175.0,31.0,-892.0
85.0,111.0,-1313.0
-103.0,105.0,-1247.0
1.0,-40.0,-845.0
-163.0,64.0,-886.0
64.0,126.0,-1171.0
7.0,7.0,-1104.0
21.0,-91.0,-675.0
-136.0,29.0,-907.0
76.0,140.0,-1239.0
-81.0,83.0,-1274.0
7.0,-11.0,-936.0
-163.0,31.0,-985.0
119.0,126.0,-1163.0
3.0,9.0,-997.0
46.0,-111.0,-663.0
-187.0,44.0,-888.0
85.0,117.0,-1305.0
-66.0,87.0,-1294.0
56.0,-15.0,-936.0
-124.0,39.0,-915.0
117.0,130.0,-1087.0
50.0,62.0,-1030.0
78.0,-70.0,-772.0
-218.0,39.0,-929.0
42.0,93.0,-1255.0
-60.0,111.0,-1212.0
150.0,-109.0,-956.0
-203.0,85.0,-890.0
150.0,132.0,-1087.0
46.0,39.0,-1034.0
64.0,-81.0,-767.0
-228.0,0.0,-952.0
72.0,152.0,-1264.0
1.0,85.0,-1235.0
140.0,-50.0,-944.0
-230.0,39.0,-876.0
160.0,105.0,-1030.0
-21.0,58.0,-991.0
54.0,-76.0,-888.0
-249.0,-11.0,-960.0
54.0,142.0,-1233.0
37.0,39.0,-1221.0
105.0,-50.0,-933.0
-245.0,107.0,-821.0
163.0,156.0,-1044.0
52.0,11.0,-1108.0
78.0,-97.0,-960.0
-281.0,40.0,-938.0
89.0,136.0,-1130.0
7.0,0.0,-1177.0
97.0,-31.0,-958.0
-245.0,3.0,-884.0
158.0,134.0,-1015.0
-9.0,95.0,-1071.0
42.0,-91.0,-966.0
-316.0,0.0,-862.0
101.0,109.0,-1110.0
66.0,105.0,-1218.0
89.0,-5.0,-1046.0
-230.0,-23.0,-845.0
111.0,126.0,-938.0
56.0,46.0,-1145.0
46.0,-87.0,-1032.0
-288.0,-23.0,-849.0
89.0,103.0,-1026.0
56.0,138.0,-1200.0
70.0,-35.0,-1071.0
-230.0,-23.0,-849.0
95.0,101.0,-950.0
136.0,37.0,-1139.0
-35.0,-19.0,-1013.0
-236.0,-76.0,-847.0
76.0,44.0,-993.0
146.0,128.0,-1288.0
-1.0,62.0,-1091.0
-162.0,-21.0,-864.0
40.0,42.0,-876.0
163.0,80.0,-1134.0
-50.0,-21.0,-1042.0
-175.0,-42.0,-862.0
42.0,87.0,-993.0
220.0,56.0,-1296.0
-40.0,48.0,-1067.0
-152.0,-15.0,-798.0
33.0,74.0,-884.0
167.0,72.0,-1192.0
-37.0,-48.0,-1075.0
-193.0,-19.0,-815.0
46.0,27.0,-974.0
132.0,177.0,-1210.0
-72.0,54.0,-1143.0
-167.0,-48.0,-843.0
13.0,50.0,-919.0
134.0,126.0,-1161.0
-78.0,3.0,-1020.0
-99.0,-70.0,-772.0
17.0,-19.0,-985.0
-126.0,292.0,-1262.0
-400.0,-29.0,-1198.0
-677.0,-249.0,-825.0
-281.0,89.0,-698.0
-763.0,150.0,-1364.0
-854.0,115.0,-960.0
-999.0,-204.0,-812.0
-1067.0,160.0,-1050.0
-1221.0,226.0,-1257.0
-1397.0,9.0,-1052.0
-1190.0,-392.0,-720.0
-1547.0,9.0,-806.0
-1175.0,329.0,-1059.0
-1542.0,130.0,-1085.0
-1317.0,-259.0,-884.0
-1547.0,44.0,-1089.0
-1036.0,386.0,-1344.0
-1366.0,19.0,-1313.0
-1239.0,-376.0,-800.0
-1405.0,-70.0,-749.0
-913.0,439.0,-1169.0
-1091.0,62.0,-1362.0
-1145.0,-419.0,-897.0
-1239.0,5.0,-776.0
-804.0,548.0,-1415.0
-884.0,197.0,-1434.0
-1057.0,-622.0,-722.0
-1251.0,-54.0,-382.0
-712.0,589.0,-1249.0
-595.0,99.0,-1547.0
-1061.0,-651.0,-778.0
-1128.0,3.0,-603.0
-700.0,607.0,-1360.0
-1013.0,261.0,-1452.0
-1155.0,-706.0,-648.0
-1385.0,-150.0,-464.0
-862.0,509.0,-1102.0
-1344.0,220.0,-1276.0
-1323.0,-396.0,-751.0
-1446.0,-169.0,-782.0
-1216.0,577.0,-1411.0
-1475.0,230.0,-1331.0
-1434.0,-443.0,-683.0
-1495.0,-220.0,-597.0
-1221.0,472.0,-1216.0
-1286.0,177.0,-1204.0
-1356.0,-335.0,-921.0
-1430.0,-80.0,-972.0
-1288.0,447.0,-1415.0
-1397.0,292.0,-1251.0
-1200.0,-427.0,-819.0
-1438.0,-318.0,-776.0
-1274.0,443.0,-1138.0
-1081.0,363.0,-1186.0
-1011.0,-195.0,-985.0
-1259.0,-162.0,-913.0
-1061.0,181.0,-1305.0
-985.0,251.0,-1229.0
-1020.0,-394.0,-800.0
-1475.0,-132.0,-616.0
-1050.0,316.0,-1071.0
-989.0,304.0,-1319.0
-1155.0,-236.0,-999.0
-1569.0,-175.0,-821.0
-1198.0,394.0,-1136.0
-1122.0,-50.0,-1233.0
-1307.0,-222.0,-767.0
-1659.0,-407.0,-607.0
-1290.0,417.0,-1177.0
-1177.0,162.0,-1444.0
-1493.0,-163.0,-968.0
-1653.0,-126.0,-722.0
-1415.0,548.0,-1153.0
-1044.0,56.0,-1335.0
-1350.0,-445.0,-911.0
-1637.0,-488.0,-772.0
-1676.0,917.0,-1087.0
-1276.0,-29.0,-1327.0
-1499.0,-216.0,-1024.0
-1704.0,-300.0,-704.0
-1458.0,417.0,-1169.0
-1260.0,290.0,-1397.0
-1327.0,-415.0,-1065.0
-1653.0,-208.0,-527.0
-1245.0,341.0,-909.0
-1153.0,162.0,-1376.0
-1243.0,-281.0,-1020.0
-1665.0,-263.0,-743.0
-1358.0,650.0,-1038.0
-1368.0,454.0,-1352.0
-1368.0,-195.0,-1122.0
-1772.0,-854.0,-732.0
-1411.0,138.0,-755.0
-1266.0,534.0,-1208.0
-1374.0,13.0,-1052.0
-1639.0,-464.0,-728.0
-1300.0,415.0,-958.0
-1065.0,152.0,-1430.0
-1356.0,-320.0,-1079.0
-1626.0,-357.0,-616.0
-1272.0,372.0,-882.0
-1212.0,480.0,-1303.0
-1489.0,-115.0,-1151.0
-1485.0,-349.0,-968.0
-1290.0,181.0,-1030.0
-1260.0,283.0,-1382.0
-1341.0,136.0,-979.0
-1417.0,-538.0,-788.0
-1413.0,66.0,-790.0
-1370.0,259.0,-1097.0
-1356.0,93.0,-976.0
-1114.0,-417.0,-1040.0
-1274.0,204.0,-1069.0
-1044.0,242.0,-1364.0
-1280.0,-62.0,-956.0
-1298.0,-228.0,-892.0
-1227.0,-3.0,-786.0
-1423.0,3.0,-1095.0
-1415.0,109.0,-1016.0
-1280.0,-136.0,-1020.0
-1481.0,261.0,-1001.0
-1356.0,279.0,-1333.0
-1432.0,-15.0,-944.0
-1551.0,-312.0,-673.0
-1335.0,121.0,-866.0
-1462.0,46.0,-1044.0
-1512.0,-1.0,-974.0
-1237.0,-29.0,-1005.0
-1464.0,214.0,-1227.0
-1247.0,-50.0,-1235.0
-1231.0,1.0,-1046.0
-1116.0,-283.0,-835.0
-1358.0,220.0,-909.0
-1251.0,169.0,-812.0
-1370.0,165.0,-909.0
-1403.0,-72.0,-1198.0
-1530.0,212.0,-1292.0
-1389.0,-91.0,-1262.0
-1368.0,382.0,-835.0
-1026.0,-304.0,-946.0
-1339.0,177.0,-1063.0
-927.0,-187.0,-757.0
-1147.0,-267.0,-913.0
-794.0,-33.0,-1098.0
-1155.0,343.0,-1231.0
-823.0,124.0,-1009.0
-739.0,-306.0,-1286.0
-1097.0,296.0,-909.0
-880.0,-179.0,-788.0
-1081.0,-111.0,-911.0
-589.0,-128.0,-825.0
-905.0,-29.0,-1108.0
-607.0,747.0,-1251.0
-534.0,7.0,-1216.0
-579.0,97.0,-911.0
-359.0,-130.0,-974.0
-322.0,68.0,-771.0
-347.0,-99.0,-782.0
-331.0,-409.0,-972.0
-466.0,476.0,-1243.0
-130.0,40.0,-1204.0
-255.0,296.0,-1028.0
-185.0,226.0,-1071.0
95.0,-324.0,-1114.0
-277.0,-93.0,-767.0
-331.0,-91.0,-687.0
-78.0,240.0,-1016.0
115.0,138.0,-1132.0
-441.0,39.0,-1239.0
-136.0,-91.0,-1192.0
101.0,126.0,-1009.0
15.0,-130.0,-907.0
-474.0,382.0,-864.0
353.0,-173.0,-741.0
-148.0,-230.0,-1061.0
-15.0,-27.0,-993.0
-327.0,83.0,-1223.0
93.0,423.0,-1182.0
-25.0,121.0,-1128.0
-271.0,-142.0,-925.0
-162.0,-150.0,-737.0
-368.0,201.0,-765.0
-87.0,62.0,-847.0
-177.0,-271.0,-1413.0
-242.0,275.0,-1093.0
-263.0,392.0,-964.0
11.0,105.0,-1124.0
-119.0,-148.0,-987.0
-173.0,105.0,-708.0
-220.0,-312.0,-806.0
-216.0,-76.0,-1163.0
-56.0,249.0,-1098.0
-320.0,115.0,-1052.0
-187.0,54.0,-1266.0
-56.0,-322.0,-1180.0
-105.0,91.0,-966.0
-154.0,425.0,-558.0
-179.0,-216.0,-1001.0
-136.0,162.0,-1038.0
-324.0,-425.0,-1116.0
-33.0,257.0,-950.0
-195.0,78.0,-1247.0
-5.0,-70.0,-1216.0
-394.0,105.0,-845.0
-74.0,-72.0,-724.0
-306.0,162.0,-847.0
-95.0,245.0,-1081.0
-111.0,-91.0,-1157.0
-44.0,-115.0,-960.0
-271.0,185.0,-1071.0
121.0,583.0,-1102.0
-162.0,-109.0,-849.0
33.0,-265.0,-878.0
-206.0,-271.0,-991.0
-89.0,44.0,-901.0
21.0,105.0,-878.0
-76.0,234.0,-1139.0
-83.0,-111.0,-1385.0
152.0,101.0,-1106.0
-70.0,-54.0,-815.0
-158.0,255.0,-806.0
283.0,226.0,-1024.0
-17.0,-347.0,-878.0
134.0,-150.0,-974.0
-366.0,294.0,-1235.0
218.0,267.0,-958.0
99.0,-193.0,-1245.0
72.0,7.0,-1081.0
-113.0,-60.0,-718.0
193.0,46.0,-880.0
-68.0,329.0,-1050.0
91.0,-93.0,-935.0
-107.0,283.0,-997.0
171.0,13.0,-1424.0
142.0,56.0,-1309.0
-195.0,284.0,-753.0
156.0,-171.0,-665.0
33.0,-156.0,-946.0
60.0,-204.0,-1054.0
70.0,292.0,-827.0
-1.0,40.0,-1077.0
76.0,21.0,-1241.0
-37.0,152.0,-1323.0
-64.0,21.0,-923.0
156.0,5.0,-706.0
23.0,95.0,-749.0
-25.0,-240.0,-1106.0
-165.0,163.0,-1188.0
-64.0,-203.0,-970.0
-44.0,242.0,-1208.0
-101.0,13.0,-1151.0
-5.0,-68.0,-1022.0
11.0,-33.0,-609.0
-121.0,-40.0,-825.0
-158.0,183.0,-1114.0
68.0,-13.0,-1057.0
-109.0,284.0,-970.0
-17.0,201.0,-1179.0
-142.0,5.0,-1397.0
132.0,29.0,-907.0
-48.0,-68.0,-644.0
-197.0,-80.0,-856.0
122.0,-66.0,-1085.0
-115.0,39.0,-1081.0
-119.0,35.0,-1015.0
-304.0,-33.0,-1098.0
-23.0,236.0,-1259.0
142.0,322.0,-724.0
11.0,-251.0,-735.0
-156.0,-271.0,-890.0
-25.0,316.0,-966.0
126.0,25.0,-1069.0
-154.0,329.0,-1046.0
-60.0,-224.0,-1235.0
-103.0,83.0,-1161.0
99.0,-83.0,-954.0
-99.0,175.0,-648.0
-167.0,-189.0,-804.0
-17.0,-109.0,-825.0
-11.0,185.0,-1200.0
-29.0,74.0,-1083.0
-50.0,361.0,-1120.0
72.0,83.0,-1040.0
288.0,-97.0,-1175.0
-9.0,273.0,-767.0
5.0,-263.0,-792.0
81.0,245.0,-1065.0
140.0,-187.0,-1097.0
-39.0,3.0,-1079.0
-68.0,216.0,-948.0
95.0,222.0,-1093.0
101.0,-21.0,-1139.0
-52.0,-183.0,-894.0
-44.0,-228.0,-694.0
62.0,329.0,-884.0
-64.0,17.0,-1175.0
74.0,175.0,-1005.0
-60.0,-56.0,-1026.0
119.0,29.0,-1194.0
220.0,52.0,-1208.0
21.0,15.0,-925.0
-46.0,-54.0,-692.0
78.0,-179.0,-878.0
144.0,-189.0,-1163.0
-76.0,366.0,-1022.0
-107.0,331.0,-1130.0
62.0,80.0,-1028.0
31.0,-206.0,-1196.0
138.0,-13.0,-864.0
-204.0,115.0,-782.0
99.0,216.0,-882.0
-132.0,-222.0,-1179.0
25.0,-50.0,-1081.0
-23.0,134.0,-1011.0
1.0,226.0,-1015.0
-83.0,119.0,-1292.0
9.0,-247.0,-1122.0
-230.0,-76.0,-511.0
-72.0,-173.0,-745.0
-277.0,554.0,-1165.0
9.0,95.0,-1093.0
-29.0,128.0,-972.0
-97.0,-140.0,-1057.0
-19.0,-93.0,-1239.0
109.0,44.0,-1015.0
3.0,-64.0,-722.0
-33.0,-89.0,-882.0
0.0,-169.0,-1143.0
-39.0,279.0,-1098.0
-134.0,251.0,-1003.0
-64.0,193.0,-1145.0
3.0,31.0,-1136.0
101.0,-21.0,-1028.0
-107.0,-9.0,-730.0
-19.0,177.0,-755.0
-78.0,-298.0,-892.0
140.0,-25.0,-1104.0
-126.0,306.0,-1081.0
87.0,183.0,-1169.0
-150.0,0.0,-1167.0
210.0,-150.0,-901.0
46.0,-33.0,-841.0
91.0,-9.0,-800.0
-64.0,187.0,-985.0
132.0,95.0,-1124.0
-126.0,-9.0,-1065.0
48.0,23.0,-1155.0
-68.0,-35.0,-1005.0
85.0,-66.0,-849.0
85.0,117.0,-925.0
13.0,-56.0,-774.0
27.0,29.0,-960.0
175.0,93.0,-1169.0
-21.0,456.0,-1196.0
103.0,216.0,-1081.0
162.0,-101.0,-1036.0
117.0,-281.0,-1032.0
-99.0,-89.0,-780.0
-3.0,81.0,-798.0
-54.0,83.0,-853.0
121.0,128.0,-1319.0
-111.0,25.0,-976.0
-257.0,-126.0,-1042.0
56.0,437.0,-888.0
218.0,197.0,-1116.0
95.0,-396.0,-935.0
-255.0,-193.0,-880.0
146.0,-9.0,-751.0
-21.0,320.0,-1216.0
-11.0,115.0,-1075.0
-85.0,15.0,-1075.0
78.0,-257.0,-1073.0
-40.0,54.0,-1186.0
-132.0,35.0,-763.0
-128.0,1.0,-878.0
152.0,-185.0,-841.0
-122.0,181.0,-1065.0
-1.0,183.0,-1046.0
-281.0,199.0,-1247.0
142.0,187.0,-1044.0
21.0,-312.0,-1138.0
29.0,-195.0,-837.0
-140.0,-177.0,-829.0
74.0,546.0,-919.0
-163.0,-33.0,-1106.0
85.0,46.0,-1163.0
-83.0,-228.0,-1063.0
-70.0,366.0,-1024.0
105.0,70.0,-1054.0
46.0,58.0,-993.0
25.0,-538.0,-954.0
-91.0,-199.0,-714.0
-39.0,439.0,-1005.0
128.0,322.0,-1153.0
-60.0,165.0,-1130.0
27.0,-427.0,-1079.0
-80.0,-70.0,-1106.0
148.0,-7.0,-892.0
-87.0,236.0,-782.0
-17.0,117.0,-847.0
-29.0,-447.0,-1233.0
11.0,325.0,-1147.0
-60.0,281.0,-1015.0
-44.0,304.0,-1179.0
-165.0,-37.0,-1036.0
148.0,-378.0,-997.0
40.0,-62.0,-669.0
167.0,308.0,-854.0
-136.0,204.0,-1067.0
191.0,146.0,-1216.0
-23.0,-355.0,-936.0
113.0,365.0,-1057.0
0.0,-7.0,-1057.0
25.0,-9.0,-1136.0
-64.0,-284.0,-685.0
-48.0,-54.0,-989.0
122.0,341.0,-1118.0
-208.0,421.0,-1102.0
-87.0,187.0,-1134.0
107.0,-187.0,-1095.0
1.0,-140.0,-987.0
78.0,-126.0,-823.0
-152.0,15.0,-938.0
136.0,83.0,-784.0
-113.0,-5.0,-936.0
220.0,35.0,-1177.0
-214.0,347.0,-1075.0
109.0,-9.0,-972.0
-83.0,191.0,-972.0
179.0,-31.0,-1134.0
-148.0,-226.0,-911.0
130.0,-70.0,-812.0
-103.0,509.0,-784.0
76.0,-7.0,-1079.0
-19.0,-33.0,-1018.0
44.0,21.0,-1071.0
-40.0,134.0,-1130.0
-74.0,122.0,-970.0
56.0,-653.0,-829.0
-35.0,80.0,-892.0
-23.0,128.0,-940.0
-132.0,536.0,-1128.0
-140.0,245.0,-1122.0
-80.0,-271.0,-1110.0
37.0,-212.0,-956.0
25.0,0.0,-1089.0
132.0,95.0,-772.0
25.0,-83.0,-866.0
-9.0,-134.0,-886.0
15.0,138.0,-962.0
-89.0,376.0,-1159.0
-115.0,206.0,-1151.0
83.0,-17.0,-1204.0
-52.0,-251.0,-972.0
33.0,-195.0,-776.0
148.0,238.0,-819.0
-146.0,230.0,-1077.0
33.0,148.0,-1018.0
-58.0,-60.0,-1069.0
185.0,31.0,-1270.0
-74.0,5.0,-1024.0
3.0,74.0,-784.0
54.0,19.0,-767.0
142.0,-376.0,-1028.0
35.0,238.0,-1122.0
-134.0,76.0,-1046.0
29.0,122.0,-1126.0
-19.0,72.0,-983.0
230.0,29.0,-1003.0
-68.0,54.0,-1024.0
158.0,-144.0,-1026.0
46.0,-134.0,-936.0
126.0,39.0,-907.0
-93.0,-3.0,-923.0
21.0,271.0,-962.0
-5.0,452.0,-1231.0
-13.0,-42.0,-1225.0
89.0,-115.0,-958.0
-7.0,-283.0,-860.0
189.0,-66.0,-825.0
-87.0,263.0,-933.0
113.0,437.0,-1048.0
-78.0,-3.0,-1165.0
-89.0,-91.0,-1028.0
-83.0,3.0,-1077.0
70.0,140.0,-964.0
15.0,-281.0,-897.0
-117.0,-44.0,-853.0
-33.0,-40.0,-827.0
191.0,146.0,-1098.0
-244.0,458.0,-952.0
0.0,115.0,-1097.0
193.0,70.0,-1032.0
-165.0,-232.0,-1151.0
113.0,-308.0,-917.0
-42.0,-80.0,-802.0
138.0,283.0,-837.0
-251.0,171.0,-1097.0
-27.0,124.0,-1132.0
-210.0,181.0,-1075.0
7.0,138.0,-1046.0
119.0,35.0,-1026.0
19.0,-152.0,-812.0
-216.0,-306.0,-776.0
60.0,48.0,-956.0
72.0,501.0,-1130.0
-72.0,222.0,-1030.0
-60.0,-76.0,-1009.0
122.0,-167.0,-1028.0
105.0,-181.0,-1108.0
-132.0,150.0,-929.0
-39.0,-27.0,-872.0
1.0,105.0,-915.0
42.0,-140.0,-1079.0
-142.0,300.0,-874.0
177.0,345.0,-925.0
35.0,173.0,-1282.0
-68.0,-48.0,-1118.0
17.0,-706.0,-884.0
25.0,-119.0,-726.0
76.0,236.0,-958.0
89.0,288.0,-1013.0
-93.0,230.0,-1028.0
-19.0,-83.0,-1108.0
78.0,0.0,-985.0
7.0,228.0,-1171.0
-107.0,-5.0,-913.0
37.0,-177.0,-974.0
142.0,-128.0,-944.0
-23.0,392.0,-1075.0
-39.0,333.0,-899.0
-78.0,-126.0,-1054.0
91.0,-130.0,-1235.0
-150.0,-140.0,-1124.0
187.0,169.0,-919.0
-126.0,5.0,-800.0
136.0,-187.0,-812.0
-35.0,415.0,-886.0
124.0,-15.0,-1202.0
-292.0,300.0,-1163.0
31.0,-5.0,-1046.0
-89.0,-64.0,-1057.0
136.0,-152.0,-890.0
-66.0,60.0,-726.0
140.0,-160.0,-1050.0
-68.0,142.0,-1100.0
148.0,-35.0,-1001.0
-76.0,263.0,-856.0
-68.0,-27.0,-1028.0
-19.0,292.0,-1229.0
119.0,-195.0,-938.0
99.0,-222.0,-970.0
56.0,-372.0,-940.0
-103.0,308.0,-909.0
122.0,759.0,-876.0
-89.0,76.0,-1122.0
21.0,-281.0,-1177.0
-19.0,-105.0,-1155.0
35.0,40.0,-966.0
-78.0,-7.0,-804.0
107.0,54.0,-864.0
25.0,187.0,-968.0
74.0,124.0,-1050.0
-11.0,-52.0,-1091.0
-144.0,-68.0,-1157.0
101.0,-253.0,-1038.0
42.0,52.0,-936.0
-9.0,300.0,-839.0
-238.0,95.0,-938.0
197.0,-261.0,-974.0
-105.0,39.0,-1013.0
163.0,72.0,-1069.0
-329.0,523.0,-1098.0
255.0,-19.0,-1184.0
-31.0,-40.0,-962.0
119.0,-327.0,-774.0
-140.0,89.0,-851.0
201.0,156.0,-1024.0
21.0,398.0,-1262.0
-52.0,3.0,-956.0
-52.0,-42.0,-1095.0
-121.0,-17.0,-1120.0
89.0,64.0,-798.0
148.0,-146.0,-800.0
-206.0,-17.0,-1069.0
-64.0,52.0,-1171.0
101.0,296.0,-952.0
42.0,146.0,-915.0
-163.0,-15.0,-966.0
156.0,-140.0,-1136.0
-17.0,-39.0,-1075.0
132.0,-35.0,-1083.0
-140.0,-37.0,-1018.0
230.0,60.0,-970.0
-1.0,-80.0,-825.0
-89.0,456.0,-800.0
-1.0,95.0,-1122.0
136.0,33.0,-1409.0
-95.0,-175.0,-1098.0
-64.0,-208.0,-804.0
29.0,111.0,-745.0
121.0,177.0,-909.0
-56.0,388.0,-1024.0
-54.0,101.0,-1190.0
-91.0,-64.0,-1114.0
48.0,-158.0,-1013.0
-109.0,-48.0,-1034.0
124.0,60.0,-905.0
-269.0,-58.0,-968.0
167.0,130.0,-921.0
-89.0,290.0,-935.0
-13.0,126.0,-985.0
-109.0,74.0,-1214.0
175.0,-89.0,-1155.0
5.0,117.0,-1184.0
189.0,-163.0,-655.0
-25.0,-232.0,-749.0
456.0,-70.0,-901.0
-158.0,308.0,-1309.0
286.0,310.0,-1155.0
146.0,175.0,-1022.0
269.0,-199.0,-976.0
-23.0,179.0,-1016.0
489.0,-126.0,-700.0
-56.0,-111.0,-960.0
257.0,35.0,-1057.0
197.0,163.0,-1110.0
706.0,281.0,-673.0
343.0,39.0,-1081.0
940.0,320.0,-853.0
800.0,-324.0,-1036.0
1167.0,-304.0,-1046.0
1255.0,9.0,-925.0
972.0,-1.0,-1272.0
1596.0,411.0,-648.0
1460.0,31.0,-981.0
1547.0,162.0,-1126.0
1237.0,-81.0,-1278.0
1393.0,-244.0,-1165.0
1516.0,-99.0,-917.0
1362.0,-245.0,-726.0
1208.0,121.0,-856.0
1241.0,548.0,-1015.0
1274.0,302.0,-921.0
847.0,42.0,-1073.0
1374.0,-199.0,-966.0
810.0,54.0,-927.0
1436.0,-292.0,-858.0
897.0,421.0,-751.0
1221.0,222.0,-905.0
694.0,142.0,-1120.0
1001.0,126.0,-979.0
929.0,-165.0,-1089.0
1098.0,83.0,-1229.0
960.0,99.0,-1098.0
1067.0,62.0,-983.0
1190.0,-105.0,-892.0
1202.0,-216.0,-1057.0
1028.0,503.0,-940.0
1270.0,431.0,-1270.0
1278.0,456.0,-1128.0
1278.0,-13.0,-1069.0
1216.0,-206.0,-938.0
1585.0,95.0,-913.0
1241.0,-345.0,-1005.0
1389.0,-208.0,-1095.0
1249.0,251.0,-1054.0
1409.0,5.0,-1054.0
1214.0,238.0,-964.0
1380.0,17.0,-804.0
1091.0,64.0,-972.0
1247.0,42.0,-1069.0
1155.0,-464.0,-1016.0
1348.0,-177.0,-956.0
1313.0,130.0,-831.0
1303.0,245.0,-819.0
1331.0,480.0,-774.0
1444.0,91.0,-1100.0
1292.0,-220.0,-1257.0
1311.0,-700.0,-1095.0
1223.0,-372.0,-804.0
1177.0,124.0,-938.0
1120.0,624.0,-1028.0
1145.0,534.0,-1093.0
1083.0,-54.0,-1052.0
1151.0,-15.0,-1003.0
1175.0,-312.0,-1040.0
1196.0,-245.0,-1221.0
1194.0,29.0,-970.0
1329.0,162.0,-862.0
1335.0,277.0,-837.0
1278.0,290.0,-944.0
1469.0,-121.0,-966.0
1243.0,19.0,-1335.0
1348.0,-89.0,-1097.0
1282.0,91.0,-1083.0
1592.0,-17.0,-901.0
1350.0,-13.0,-927.0
1577.0,302.0,-831.0
1220.0,386.0,-1083.0
1715.0,234.0,-1122.0
1356.0,173.0,-1249.0
1510.0,-396.0,-1005.0
1419.0,-277.0,-868.0
1592.0,-48.0,-802.0
1159.0,9.0,-905.0
1354.0,165.0,-1016.0
1378.0,384.0,-1091.0
1389.0,314.0,-987.0
1385.0,142.0,-819.0
1315.0,68.0,-1040.0
1339.0,-42.0,-1093.0
1504.0,-101.0,-1077.0
1413.0,-103.0,-1032.0
1333.0,-101.0,-960.0
1331.0,286.0,-790.0
1462.0,472.0,-897.0
1280.0,351.0,-1292.0
1223.0,103.0,-1378.0
1530.0,-585.0,-1120.0
1298.0,-503.0,-905.0
1573.0,-68.0,-679.0
1370.0,425.0,-1067.0
1524.0,806.0,-1067.0
1391.0,216.0,-1221.0
1335.0,-126.0,-1098.0
1426.0,-314.0,-1048.0
1405.0,-138.0,-950.0
1350.0,89.0,-944.0
1382.0,3.0,-1030.0
1456.0,138.0,-997.0
1376.0,322.0,-946.0
1413.0,228.0,-1024.0
1360.0,148.0,-999.0
1294.0,-42.0,-1108.0
1294.0,-191.0,-966.0
1223.0,-95.0,-1028.0
1311.0,-201.0,-829.0
1220.0,183.0,-901.0
1401.0,251.0,-974.0
1243.0,230.0,-1011.0
1352.0,101.0,-1052.0
1315.0,-78.0,-1110.0
1409.0,-185.0,-946.0
1421.0,-247.0,-903.0
1378.0,60.0,-921.0
1372.0,187.0,-1095.0
1374.0,482.0,-1057.0
1499.0,140.0,-1048.0
1395.0,-5.0,-919.0
1401.0,-132.0,-1001.0
1444.0,-13.0,-1052.0
1417.0,1.0,-1216.0
1444.0,-169.0,-1100.0
1368.0,-83.0,-1001.0
1419.0,78.0,-802.0
1245.0,244.0,-878.0
1290.0,386.0,-895.0
1112.0,238.0,-1268.0
1272.0,-60.0,-1212.0
1206.0,-353.0,-1124.0
1288.0,-423.0,-691.0
1016.0,33.0,-706.0
1307.0,378.0,-886.0
905.0,579.0,-1186.0
1026.0,191.0,-1143.0
735.0,-119.0,-1243.0
1057.0,-253.0,-970.0
823.0,-228.0,-948.0
1054.0,-66.0,-808.0
706.0,21.0,-1038.0
997.0,351.0,-1040.0
767.0,392.0,-1108.0
835.0,201.0,-1016.0
650.0,-7.0,-1143.0
819.0,-195.0,-1097.0
636.0,-316.0,-1097.0
659.0,-185.0,-903.0
499.0,9.0,-919.0
661.0,466.0,-907.0
370.0,458.0,-1130.0
458.0,169.0,-1108.0
302.0,-121.0,-1192.0
521.0,-284.0,-1028.0
325.0,-265.0,-1005.0
429.0,-199.0,-839.0
80.0,245.0,-925.0
357.0,400.0,-954.0
64.0,417.0,-1163.0
251.0,-87.0,-1028.0
7.0,-245.0,-1024.0
234.0,-199.0,-927.0
52.0,58.0,-1091.0
240.0,-56.0,-987.0
-7.0,0.0,-1018.0
253.0,25.0,-925.0
-39.0,197.0,-1015.0
165.0,177.0,-888.0
-58.0,31.0,-1102.0
132.0,-68.0,-1145.0
35.0,-226.0,-1221.0
156.0,-267.0,-872.0
11.0,-64.0,-780.0
244.0,189.0,-821.0
17.0,419.0,-1132.0
162.0,195.0,-1106.0
-39.0,33.0,-1097.0
257.0,-187.0,-1075.0
29.0,-160.0,-1059.0
236.0,-185.0,-866.0
78.0,-19.0,-892.0
265.0,154.0,-968.0
44.0,388.0,-1034.0
201.0,228.0,-1007.0
-29.0,50.0,-1034.0
230.0,-378.0,-1161.0
21.0,-480.0,-1126.0
283.0,-548.0,-979.0
81.0,-267.0,-837.0
284.0,-19.0,-946.0
17.0,251.0,-1077.0
187.0,121.0,-1091.0
0.0,-39.0,-1149.0
245.0,-439.0,-1192.0
11.0,-380.0,-1073.0
210.0,-388.0,-925.0
-33.0,-72.0,-843.0
197.0,46.0,-946.0
-64.0,154.0,-1091.0
70.0,-105.0,-1122.0
-52.0,-337.0,-1073.0
130.0,-569.0,-1038.0
-68.0,-361.0,-1028.0
162.0,-283.0,-991.0
44.0,-216.0,-911.0
173.0,-302.0,-954.0
0.0,-91.0,-981.0
177.0,-105.0,-987.0
-25.0,-89.0,-970.0
68.0,-431.0,-1145.0
-50.0,-577.0,-1157.0
107.0,-642.0,-985.0
105.0,-530.0,-747.0
111.0,-325.0,-812.0
25.0,-7.0,-952.0
101.0,-99.0,-1153.0
46.0,-245.0,-1061.0
37.0,-536.0,-1098.0
42.0,-569.0,-1013.0
121.0,-507.0,-1018.0
142.0,-474.0,-868.0
33.0,-277.0,-966.0
134.0,-85.0,-972.0
56.0,-54.0,-1063.0
62.0,-220.0,-1003.0
-23.0,-589.0,-1134.0
21.0,-577.0,-1067.0
99.0,-542.0,-1056.0
117.0,-404.0,-817.0
39.0,-275.0,-901.0
101.0,-33.0,-913.0
56.0,117.0,-1065.0
25.0,-46.0,-1069.0
-56.0,-427.0,-1167.0
64.0,-534.0,-1106.0
97.0,-523.0,-1026.0
162.0,-277.0,-761.0
1.0,-152.0,-872.0
111.0,83.0,-977.0
25.0,142.0,-1192.0
60.0,-173.0,-1052.0
-66.0,-458.0,-1038.0
40.0,-407.0,-923.0
-15.0,-140.0,-989.0
117.0,-44.0,-933.0
-56.0,-130.0,-1028.0
107.0,-236.0,-999.0
-44.0,-62.0,-976.0
81.0,72.0,-915.0
-87.0,-56.0,-1063.0
33.0,-136.0,-1180.0
-19.0,-341.0,-1196.0
93.0,-419.0,-956.0
-148.0,-251.0,-815.0
54.0,5.0,-866.0
-134.0,316.0,-1110.0
-19.0,206.0,-1188.0
-195.0,-48.0,-1186.0
-13.0,-203.0,-1108.0
-171.0,-247.0,-1026.0
68.0,-290.0,-894.0
-191.0,-115.0,-938.0
17.0,-35.0,-1063.0
-191.0,265.0,-1106.0
27.0,224.0,-985.0
-206.0,-11.0,-1065.0
-3.0,-386.0,-1138.0
-167.0,-458.0,-1081.0
42.0,-298.0,-880.0
-121.0,21.0,-837.0
29.0,121.0,-942.0
-171.0,283.0,-1036.0
7.0,171.0,-1016.0
-156.0,-121.0,-1059.0
50.0,-421.0,-1093.0
-111.0,-488.0,-995.0
163.0,-488.0,-895.0
-101.0,-109.0,-853.0
154.0,128.0,-927.0
-124.0,269.0,-1073.0
95.0,19.0,-1138.0
-58.0,-361.0,-1087.0
122.0,-404.0,-977.0
-68.0,-286.0,-985.0
162.0,-130.0,-1020.0
-31.0,-251.0,-1054.0
128.0,-443.0,-1048.0
-50.0,-181.0,-1009.0
126.0,-48.0,-940.0
-70.0,29.0,-923.0
21.0,-234.0,-1198.0
-46.0,-433.0,-1280.0
56.0,-402.0,-1087.0
-50.0,-437.0,-812.0
40.0,-146.0,-813.0
-29.0,56.0,-999.0
48.0,-31.0,-1163.0
-72.0,-195.0,-1095.0
-17.0,-488.0,-1147.0
-58.0,-573.0,-1028.0
148.0,-552.0,-935.0
23.0,-517.0,-876.0
40.0,-316.0,-1042.0
78.0,-103.0,-942.0
113.0,-58.0,-936.0
3.0,-156.0,-960.0
1.0,-464.0,-1139.0
0.0,-603.0,-1089.0
93.0,-552.0,-1009.0
72.0,-456.0,-761.0
66.0,-255.0,-872.0
62.0,-189.0,-927.0
52.0,-222.0,-1098.0
0.0,-464.0,-1034.0
-1.0,-628.0,-1153.0
72.0,-685.0,-1052.0
117.0,-554.0,-1036.0
117.0,-363.0,-847.0
44.0,-216.0,-981.0
66.0,-33.0,-991.0
58.0,-132.0,-1122.0
50.0,-361.0,-1036.0
-37.0,-489.0,-1106.0
-13.0,-480.0,-1015.0
46.0,-423.0,-1093.0
52.0,-407.0,-942.0
-21.0,-419.0,-1001.0
33.0,-351.0,-901.0
5.0,-134.0,-1013.0
-66.0,-23.0,-899.0
-89.0,-146.0,-1169.0
-39.0,-359.0,-1198.0
35.0,-562.0,-1138.0
70.0,-577.0,-730.0
-56.0,-245.0,-753.0
35.0,-23.0,-868.0
-66.0,185.0,-1145.0
-23.0,-56.0,-1091.0
-101.0,-316.0,-1083.0
46.0,-532.0,-915.0
-15.0,-542.0,-956.0
72.0,-499.0,-864.0
-64.0,-318.0,-1020.0
89.0,-23.0,-972.0
-33.0,115.0,-1009.0
39.0,66.0,-940.0
-107.0,-124.0,-1081.0
25.0,-425.0,-1159.0
-33.0,-384.0,-1149.0
83.0,-265.0,-849.0
-42.0,-203.0,-851.0
31.0,-52.0,-915.0
-56.0,19.0,-1157.0
11.0,-5.0,-1139.0
-83.0,-245.0,-1145.0
62.0,-466.0,-1075.0
-44.0,-296.0,-1046.0
134.0,-294.0,-950.0
-80.0,-97.0,-977.0
66.0,33.0,-1030.0
-87.0,126.0,-1098.0
-33.0,5.0,-1024.0
-144.0,-130.0,-1048.0
-5.0,-230.0,-1091.0
-89.0,-195.0,-1057.0
66.0,-290.0,-995.0
-115.0,-396.0,-938.0
50.0,-407.0,-972.0
-72.0,11.0,-917.0
54.0,247.0,-938.0
-128.0,162.0,-1046.0
-1.0,-201.0,-1202.0
-50.0,-464.0,-1204.0
70.0,-607.0,-903.0
-78.0,-242.0,-677.0
7.0,78.0,-812.0
-109.0,203.0,-1120.0
21.0,64.0,-1200.0
-101.0,-267.0,-1069.0
93.0,-538.0,-1028.0
-121.0,-431.0,-933.0
134.0,-374.0,-952.0
-87.0,-146.0,-985.0
64.0,-124.0,-1114.0
-122.0,50.0,-1052.0
105.0,-40.0,-940.0
-109.0,-236.0,-1009.0
33.0,-499.0,-1200.0
-101.0,-427.0,-1171.0
122.0,-394.0,-1024.0
-72.0,-105.0,-862.0
40.0,-130.0,-854.0
-66.0,-21.0,-991.0
56.0,-130.0,-1169.0
-91.0,-296.0,-1106.0
1.0,-486.0,-1056.0
-72.0,-493.0,-1020.0
89.0,-370.0,-981.0
-7.0,-296.0,-903.0
5.0,-339.0,-1011.0
-35.0,-64.0,-964.0
76.0,-316.0,-1018.0
-54.0,-261.0,-977.0
1.0,-472.0,-1095.0
-31.0,-316.0,-1067.0
89.0,-386.0,-1026.0
-13.0,-497.0,-849.0
17.0,-521.0,-905.0
97.0,-263.0,-907.0
81.0,-48.0,-956.0
0.0,15.0,-952.0
-46.0,-390.0,-1208.0
40.0,-569.0,-1182.0
66.0,-778.0,-1032.0
111.0,-691.0,-704.0
37.0,-296.0,-849.0
68.0,-64.0,-972.0
50.0,146.0,-1194.0
87.0,-269.0,-1104.0
-29.0,-548.0,-1139.0
72.0,-575.0,-919.0
46.0,-616.0,-1032.0
103.0,-329.0,-931.0
-5.0,-368.0,-1079.0
128.0,-58.0,-993.0
-21.0,-5.0,-1024.0
83.0,-121.0,-929.0
-128.0,-308.0,-1147.0
60.0,-605.0,-1143.0
-29.0,-480.0,-1139.0
50.0,-388.0,-829.0
-58.0,-259.0,-854.0
130.0,-42.0,-890.0
-78.0,25.0,-1163.0
39.0,-136.0,-1050.0
-124.0,-366.0,-1128.0
97.0,-573.0,-948.0
-13.0,-394.0,-1011.0
111.0,-396.0,-907.0
-128.0,-206.0,-991.0
97.0,-91.0,-956.0
-21.0,-80.0,-1061.0
60.0,-58.0,-880.0
-165.0,-316.0,-1030.0
17.0,-255.0,-1110.0
-81.0,-230.0,-1145.0
124.0,-468.0,-938.0
-78.0,-374.0,-907.0
122.0,-435.0,-952.0
-66.0,58.0,-989.0
50.0,181.0,-948.0
-115.0,-72.0,-1200.0
29.0,-339.0,-1225.0
-27.0,-622.0,-1153.0
68.0,-528.0,-812.0
-105.0,-253.0,-819.0
105.0,126.0,-892.0
-132.0,187.0,-1198.0
7.0,-21.0,-1182.0
-158.0,-302.0,-1102.0
103.0,-470.0,-966.0
-146.0,-380.0,-1046.0
66.0,-296.0,-913.0
-78.0,-265.0,-1056.0
7.0,-206.0,-1030.0
-83.0,66.0,-966.0
56.0,7.0,-927.0
-85.0,-193.0,-1050.0
-54.0,-363.0,-1190.0
-66.0,-411.0,-1114.0
91.0,-423.0,-901.0
-11.0,-279.0,-808.0
-15.0,-50.0,-894.0
-78.0,-17.0,-1018.0
1.0,-48.0,-1122.0
-60.0,-318.0,-1118.0
-11.0,-392.0,-1003.0
-27.0,-411.0,-1003.0
52.0,-228.0,-1015.0
-3.0,-210.0,-925.0
33.0,-259.0,-970.0
-40.0,-23.0,-1015.0
3.0,-74.0,-1011.0
-35.0,-115.0,-962.0
-13.0,-263.0,-1151.0
-5.0,-392.0,-1145.0
33.0,-349.0,-1011.0
9.0,-478.0,-847.0
19.0,-443.0,-995.0
27.0,-91.0,-950.0
60.0,-25.0,-1065.0
-31.0,39.0,-1036.0
-50.0,-296.0,-1223.0
1.0,-407.0,-1145.0
37.0,-558.0,-999.0
91.0,-370.0,-759.0
1.0,-48.0,-847.0
-23.0,40.0,-999.0
7.0,76.0,-1182.0
-25.0,-284.0,-1077.0
-33.0,-558.0,-1069.0
-7.0,-528.0,-933.0
81.0,-452.0,-960.0
107.0,-240.0,-907.0
-37.0,-316.0,-1069.0
39.0,1.0,-950.0
80.0,-175.0,-1005.0
-11.0,-140.0,-907.0
-48.0,-312.0,-1124.0
-23.0,-398.0,-1159.0
37.0,-370.0,-1128.0
46.0,-521.0,-854.0
-3.0,-349.0,-808.0
-11.0,-132.0,-919.0
35.0,-64.0,-1177.0
-60.0,-163.0,-1077.0
-35.0,-417.0,-1132.0
21.0,-462.0,-1054.0
17.0,-409.0,-1052.0
33.0,-347.0,-853.0
-15.0,-324.0,-1009.0
11.0,-101.0,-995.0
7.0,-218.0,-1052.0
-17.0,13.0,-880.0
-101.0,-380.0,-1120.0
-3.0,-386.0,-1122.0
-15.0,-482.0,-1097.0
52.0,-456.0,-856.0
-50.0,-349.0,-872.0
95.0,-240.0,-886.0
-23.0,0.0,-1036.0
56.0,3.0,-1030.0
-160.0,-130.0,-1155.0
91.0,-505.0,-1130.0
-27.0,-554.0,-1057.0
169.0,-624.0,-808.0
-107.0,-363.0,-837.0
146.0,117.0,-935.0
-70.0,208.0,-1186.0
80.0,-124.0,-1104.0
-111.0,-478.0,-1098.0
119.0,-650.0,-960.0
-74.0,-337.0,-1026.0
117.0,-300.0,-970.0
-101.0,-197.0,-1044.0
111.0,-273.0,-1028.0
-76.0,-29.0,-1034.0
97.0,-19.0,-858.0
-173.0,-261.0,-1075.0
39.0,-347.0,-1188.0
-74.0,-322.0,-1149.0
146.0,-464.0,-911.0
-93.0,-257.0,-810.0
121.0,-298.0,-915.0
-134.0,64.0,-1056.0
95.0,-169.0,-1087.0
-121.0,-279.0,-1171.0
122.0,-419.0,-1054.0
-95.0,-400.0,-1034.0
156.0,-363.0,-911.0
-103.0,-277.0,-1009.0
124.0,-208.0,-952.0
-140.0,-40.0,-1028.0
103.0,0.0,-927.0
-197.0,-156.0,-1046.0
46.0,-372.0,-1143.0
-152.0,-407.0,-1171.0
130.0,-468.0,-921.0
-64.0,-372.0,-827.0
97.0,-314.0,-892.0
-87.0,1.0,-1020.0
134.0,76.0,-1005.0
-126.0,-58.0,-1097.0
21.0,-411.0,-1169.0
-130.0,-603.0,-1132.0
140.0,-507.0,-923.0
-58.0,-253.0,-819.0
33.0,21.0,-876.0
-119.0,210.0,-1065.0
74.0,-46.0,-1141.0
-80.0,-255.0,-1077.0
42.0,-488.0,-1057.0
-105.0,-308.0,-938.0
148.0,-206.0,-974.0
-46.0,-179.0,-999.0
128.0,-119.0,-1026.0
-52.0,39.0,-931.0
93.0,91.0,-954.0
-81.0,-52.0,-905.0
-13.0,-156.0,-1138.0
-21.0,-177.0,-1190.0
119.0,-177.0,-1069.0
-44.0,-193.0,-767.0
74.0,-169.0,-845.0
-40.0,245.0,-944.0
111.0,193.0,-1171.0
-78.0,160.0,-1077.0
9.0,-48.0,-1171.0
-19.0,-58.0,-1057.0
146.0,-140.0,-1007.0
-13.0,-121.0,-864.0
5.0,-35.0,-1052.0
-1.0,206.0,-997.0
42.0,396.0,-995.0
-56.0,240.0,-993.0
-70.0,220.0,-1184.0
-42.0,-134.0,-1130.0
27.0,-162.0,-1108.0
-35.0,-165.0,-827.0
-40.0,27.0,-917.0
37.0,337.0,-956.0
-15.0,411.0,-1132.0
-72.0,267.0,-1052.0
-99.0,117.0,-1196.0
17.0,-9.0,-1059.0
33.0,-134.0,-1030.0
37.0,-167.0,-786.0
-91.0,33.0,-938.0
-5.0,415.0,-964.0
-52.0,353.0,-1165.0
-33.0,160.0,-1054.0
-81.0,-265.0,-1044.0
-17.0,-99.0,-958.0
1.0,126.0,-1016.0
19.0,126.0,-977.0
-95.0,56.0,-1005.0
25.0,5.0,-968.0
-23.0,191.0,-1020.0
-37.0,230.0,-915.0
-122.0,210.0,-1069.0
13.0,-128.0,-1169.0
13.0,-199.0,-1188.0
68.0,-271.0,-831.0
5.0,-122.0,-843.0
81.0,126.0,-897.0
-19.0,269.0,-1130.0
39.0,195.0,-1081.0
-91.0,-60.0,-1151.0
64.0,-58.0,-1079.0
15.0,-247.0,-1040.0
42.0,-152.0,-903.0
-35.0,-244.0,-958.0
56.0,-37.0,-1030.0
-72.0,212.0,-1075.0
66.0,136.0,-962.0
-95.0,11.0,-1048.0
13.0,-386.0,-1182.0
-29.0,-339.0,-1188.0
74.0,-384.0,-897.0
-33.0,-50.0,-819.0
121.0,126.0,-901.0
-56.0,204.0,-1059.0
-11.0,111.0,-1026.0
-78.0,-185.0,-1149.0
58.0,-386.0,-1098.0
-44.0,-355.0,-997.0
107.0,-294.0,-835.0
-37.0,-87.0,-853.0
64.0,171.0,-895.0
-78.0,195.0,-1081.0
19.0,-40.0,-1059.0
-62.0,-411.0,-1028.0
101.0,-437.0,-1003.0
-93.0,-197.0,-1005.0
134.0,-48.0,-1001.0
-35.0,-97.0,-991.0
101.0,-277.0,-1036.0
-56.0,-21.0,-976.0
95.0,64.0,-962.0
-78.0,-9.0,-991.0
11.0,-191.0,-1239.0
-25.0,-185.0,-1216.0
152.0,-286.0,-987.0
-52.0,-124.0,-778.0
23.0,-177.0,-843.0
-23.0,292.0,-997.0
44.0,109.0,-1163.0
-80.0,93.0,-1100.0
13.0,-386.0,-1085.0
-80.0,-208.0,-1015.0
93.0,-216.0,-909.0
9.0,-183.0,-940.0
-7.0,29.0,-1022.0
15.0,193.0,-1005.0
80.0,271.0,-958.0
-78.0,263.0,-981.0
17.0,-66.0,-1171.0
-52.0,-337.0,-1155.0
19.0,-160.0,-993.0
0.0,-193.0,-798.0
-9.0,203.0,-931.0
-29.0,368.0,-974.0
-13.0,433.0,-1075.0
-52.0,117.0,-1057.0
-60.0,-251.0,-1200.0
-70.0,-85.0,-1009.0
33.0,-117.0,-991.0
-7.0,167.0,-841.0
-33.0,150.0,-1003.0
-39.0,478.0,-1034.0
21.0,329.0,-1104.0
-25.0,220.0,-1042.0
-19.0,-103.0,-1052.0
-60.0,-54.0,-1009.0
-11.0,-25.0,-1098.0
62.0,150.0,-1005.0
-56.0,19.0,-1011.0
29.0,265.0,-958.0
27.0,361.0,-972.0
-19.0,394.0,-901.0
-117.0,230.0,-1147.0
13.0,80.0,-1235.0
19.0,-181.0,-1169.0
19.0,-255.0,-812.0
-52.0,-7.0,-786.0
103.0,325.0,-925.0
-35.0,493.0,-1139.0
39.0,357.0,-1116.0
-124.0,25.0,-1159.0
107.0,-236.0,-1044.0
-15.0,-124.0,-1009.0
124.0,-251.0,-849.0
-113.0,70.0,-1059.0
175.0,175.0,-1001.0
-64.0,396.0,-1059.0
95.0,185.0,-921.0
-152.0,138.0,-1145.0
68.0,-111.0,-1120.0
-50.0,-117.0,-1136.0
109.0,-220.0,-776.0
-111.0,25.0,-905.0
105.0,286.0,-890.0
-83.0,363.0,-1116.0
27.0,201.0,-1026.0
-85.0,-136.0,-1149.0
95.0,-288.0,-1028.0
-68.0,-187.0,-1042.0
113.0,-58.0,-876.0
-74.0,-132.0,-958.0
83.0,261.0,-999.0
-66.0,224.0,-1124.0
52.0,74.0,-1028.0
-113.0,-148.0,-1098.0
66.0,-128.0,-1028.0
-62.0,-72.0,-1050.0
81.0,-58.0,-987.0
-126.0,-101.0,-1020.0
95.0,-216.0,-974.0
-89.0,130.0,-1007.0
83.0,201.0,-892.0
-191.0,121.0,-1073.0
48.0,-76.0,-1188.0
-64.0,-267.0,-1233.0
54.0,-353.0,-905.0
-72.0,-87.0,-782.0
21.0,158.0,-845.0
-40.0,281.0,-1100.0
29.0,93.0,-1143.0
-70.0,-128.0,-1087.0
21.0,-216.0,-1005.0
11.0,-162.0,-976.0
42.0,-68.0,-935.0
-3.0,-193.0,-950.0
-11.0,31.0,-991.0
-52.0,216.0,-983.0
-3.0,325.0,-970.0
-44.0,-46.0,-940.0
-21.0,-242.0,-1171.0
-3.0,-290.0,-1175.0
25.0,-89.0,-981.0
74.0,-160.0,-837.0
-7.0,162.0,-936.0
52.0,81.0,-993.0
21.0,226.0,-1171.0
-31.0,-40.0,-1108.0
-13.0,-78.0,-1124.0
-7.0,-261.0,-962.0
54.0,-60.0,-1028.0
-15.0,-74.0,-915.0
-17.0,179.0,-993.0
-31.0,208.0,-931.0
56.0,76.0,-1083.0
-44.0,-54.0,-993.0
17.0,-122.0,-1110.0
-52.0,37.0,-1052.0
87.0,-40.0,-1040.0
-37.0,-33.0,-890.0
33.0,-197.0,-997.0
-3.0,228.0,-938.0
93.0,236.0,-993.0
-87.0,404.0,-983.0
-64.0,122.0,-1159.0
-27.0,-95.0,-1243.0
58.0,-259.0,-1022.0
17.0,-179.0,-774.0
7.0,95.0,-784.0
23.0,376.0,-1030.0
-5.0,386.0,-1216.0
-33.0,64.0,-1139.0
-68.0,-95.0,-1046.0
-19.0,-91.0,-1011.0
27.0,15.0,-979.0
35.0,42.0,-952.0
-91.0,251.0,-1042.0
46.0,222.0,-995.0
-17.0,482.0,-993.0
-48.0,185.0,-909.0
-81.0,52.0,-1147.0
-44.0,-204.0,-1190.0
23.0,-130.0,-1118.0
31.0,-27.0,-854.0
-48.0,214.0,-851.0
76.0,300.0,-936.0
-54.0,392.0,-1169.0
-17.0,144.0,-1065.0
-87.0,31.0,-1087.0
44.0,-105.0,-1003.0
7.0,-142.0,-1065.0
35.0,-42.0,-882.0
-74.0,148.0,-983.0
56.0,318.0,-913.0
-1.0,300.0,-1050.0
0.0,68.0,-956.0
-97.0,-40.0,-1114.0
19.0,-89.0,-1108.0
-29.0,-80.0,-1124.0
91.0,-76.0,-909.0
-74.0,-162.0,-974.0
87.0,42.0,-938.0
-52.0,255.0,-1069.0
54.0,390.0,-942.0
-81.0,107.0,-1104.0
17.0,-60.0,-1179.0
-21.0,-296.0,-1155.0
42.0,-220.0,-837.0
-68.0,-70.0,-790.0
25.0,308.0,-903.0
-50.0,357.0,-1155.0
-17.0,185.0,-1136.0
-70.0,-177.0,-1050.0
15.0,-359.0,-1026.0
-31.0,-312.0,-1001.0
70.0,-101.0,-1015.0
-78.0,146.0,-952.0
105.0,177.0,-1005.0
-66.0,333.0,-1011.0
76.0,175.0,-948.0
-93.0,3.0,-997.0
7.0,-195.0,-1171.0
-39.0,-226.0,-1145.0
128.0,-290.0,-948.0
-44.0,-66.0,-841.0
19.0,99.0,-903.0
-52.0,261.0,-1087.0
83.0,245.0,-1091.0
-64.0,-33.0,-1079.0
39.0,-183.0,-1059.0
-74.0,-142.0,-1028.0
111.0,-13.0,-960.0
-78.0,-89.0,-950.0
58.0,115.0,-997.0
-81.0,175.0,-995.0
60.0,259.0,-987.0
-48.0,-130.0,-993.0
0.0,-87.0,-1114.0
-70.0,-83.0,-1139.0
109.0,-37.0,-1018.0
-74.0,-122.0,-897.0
39.0,-109.0,-915.0
-44.0,201.0,-942.0
105.0,429.0,-1009.0
-107.0,337.0,-1057.0
-35.0,-124.0,-1214.0
-81.0,-281.0,-1165.0
109.0,-419.0,-985.0
-25.0,-91.0,-749.0
23.0,87.0,-894.0
-78.0,392.0,-1071.0
72.0,253.0,-1180.0
-37.0,146.0,-1081.0
9.0,-269.0,-1065.0
-85.0,-107.0,-977.0
101.0,-203.0,-1005.0
-76.0,126.0,-958.0
11.0,23.0,-1009.0
-50.0,267.0,-979.0
60.0,204.0,-956.0
-58.0,142.0,-954.0
0.0,-54.0,-1132.0
-48.0,-56.0,-1124.0
111.0,-240.0,-1063.0
-33.0,-23.0,-847.0
11.0,-60.0,-854.0
17.0,425.0,-997.0
3.0,365.0,-1118.0
15.0,140.0,-1118.0
-68.0,13.0,-1069.0
44.0,-107.0,-966.0
21.0,-13.0,-1016.0
83.0,-74.0,-974.0
-81.0,-44.0,-1005.0
74.0,122.0,-966.0
-27.0,331.0,-1046.0
52.0,228.0,-913.0
-162.0,169.0,-1149.0
70.0,-80.0,-1163.0
-46.0,-31.0,-1153.0
78.0,-126.0,-841.0
-78.0,11.0,-913.0
105.0,206.0,-938.0
-58.0,363.0,-1118.0
5.0,402.0,-925.0
-93.0,191.0,-1180.0
70.0,-95.0,-1104.0
17.0,-359.0,-1106.0
83.0,-253.0,-771.0
-103.0,64.0,-923.0
99.0,425.0,-936.0
-50.0,466.0,-1159.0
37.0,103.0,-1040.0
-101.0,-19.0,-1132.0
99.0,-126.0,-942.0
-50.0,-19.0,-1050.0
105.0,-60.0,-880.0
-62.0,-13.0,-1085.0
101.0,181.0,-925.0
-85.0,226.0,-1048.0
105.0,124.0,-913.0
-138.0,-29.0,-1079.0
62.0,-89.0,-1134.0
-54.0,-162.0,-1218.0
109.0,-3.0,-901.0
-37.0,-240.0,-858.0
33.0,195.0,-897.0
-56.0,171.0,-1136.0
11.0,294.0,-1106.0
-68.0,46.0,-1093.0
-1.0,-76.0,-1030.0
-35.0,-160.0,-1009.0
48.0,-81.0,-962.0
-58.0,-169.0,-929.0
21.0,83.0,-1026.0
-33.0,212.0,-972.0
33.0,162.0,-942.0
-103.0,89.0,-1018.0
-31.0,-122.0,-1200.0
-17.0,-146.0,-1134.0
66.0,-130.0,-958.0
-5.0,-91.0,-798.0
25.0,68.0,-919.0
-23.0,333.0,-1046.0
3.0,238.0,-1075.0
-89.0,134.0,-1114.0
-17.0,-212.0,-1157.0
3.0,-374.0,-1063.0
66.0,-273.0,-899.0
19.0,-165.0,-880.0
15.0,325.0,-944.0
-58.0,468.0,-1077.0
7.0,267.0,-1136.0
-74.0,-136.0,-1052.0
39.0,-302.0,-1042.0
-66.0,-169.0,-1015.0
56.0,204.0,-997.0
-3.0,-29.0,-989.0
3.0,27.0,-1026.0
-44.0,70.0,-962.0
93.0,115.0,-970.0
-99.0,185.0,-962.0
-5.0,-121.0,-1155.0
-72.0,-146.0,-1175.0
107.0,-64.0,-1034.0
-23.0,-46.0,-812.0
56.0,103.0,-854.0
-58.0,318.0,-981.0
60.0,56.0,-1145.0
-117.0,158.0,-1093.0
11.0,-142.0,-1075.0
-72.0,-39.0,-1026.0
134.0,-208.0,-1003.0
-39.0,-204.0,-936.0
11.0,-40.0,-1030.0
-46.0,329.0,-979.0
97.0,160.0,-991.0
-122.0,363.0,-991.0
-11.0,-150.0,-1128.0
-89.0,-35.0,-1165.0
128.0,-230.0,-1036.0
-35.0,-144.0,-833.0
87.0,1.0,-843.0
-39.0,310.0,-979.0
66.0,267.0,-1077.0
-119.0,257.0,-1030.0
-25.0,-103.0,-1118.0
-23.0,-177.0,-1091.0
68.0,-195.0,-974.0
70.0,-177.0,-853.0
-74.0,173.0,-901.0
15.0,452.0,-1005.0
3.0,452.0,-1118.0
33.0,111.0,-1030.0
-74.0,-212.0,-1097.0
35.0,-257.0,-1005.0
-1.0,54.0,-1052.0
48.0,-39.0,-962.0
-60.0,130.0,-1028.0
39.0,136.0,-954.0
-17.0,251.0,-1038.0
-19.0,273.0,-917.0
-81.0,40.0,-1118.0
-7.0,-64.0,-1190.0
-1.0,-39.0,-1169.0
40.0,-189.0,-909.0
-81.0,83.0,-825.0
64.0,284.0,-909.0
-21.0,312.0,-1128.0
11.0,259.0,-1065.0
-97.0,-60.0,-1143.0
15.0,-87.0,-1052.0
-87.0,-60.0,-1028.0
113.0,-167.0,-866.0
-70.0,70.0,-983.0
160.0,150.0,-977.0
-83.0,392.0,-1059.0
85.0,396.0,-894.0
-148.0,-1.0,-1126.0
101.0,-162.0,-1110.0
-89.0,-218.0,-1188.0
158.0,-216.0,-866.0
-74.0,-46.0,-849.0
111.0,259.0,-909.0
-111.0,277.0,-1139.0
58.0,359.0,-1050.0
-134.0,-35.0,-1145.0
111.0,-238.0,-1114.0
-81.0,-263.0,-1054.0
142.0,-269.0,-895.0
-121.0,121.0,-915.0
93.0,325.0,-991.0
-162.0,382.0,-1106.0
91.0,230.0,-1038.0
-134.0,-142.0,-1061.0
74.0,-275.0,-989.0
-156.0,-33.0,-1032.0
130.0,-181.0,-979.0
-117.0,52.0,-981.0
111.0,-56.0,-981.0
-91.0,204.0,-1003.0
156.0,228.0,-888.0
-111.0,76.0,-1011.0
1.0,-54.0,-1151.0
-56.0,-74.0,-1198.0
124.0,-267.0,-968.0
-56.0,-107.0,-843.0
56.0,13.0,-831.0
3.0,128.0,-1056.0
40.0,390.0,-1116.0
-64.0,-64.0,-1138.0
-21.0,-35.0,-1079.0
-27.0,-128.0,-1030.0
89.0,-144.0,-970.0
15.0,-193.0,-974.0
1.0,64.0,-1005.0
-44.0,222.0,-1026.0
13.0,458.0,-989.0
-42.0,126.0,-952.0
-23.0,-105.0,-1196.0
-42.0,-267.0,-1196.0
33.0,-251.0,-1003.0
40.0,-42.0,-806.0
-39.0,199.0,-917.0
44.0,273.0,-966.0
11.0,347.0,-1100.0
-40.0,126.0,-1065.0
-35.0,-150.0,-1194.0
-27.0,-101.0,-997.0
17.0,-261.0,-991.0
48.0,-60.0,-831.0
-11.0,195.0,-981.0
-9.0,296.0,-995.0
44.0,341.0,-1102.0
-33.0,-31.0,-1018.0
-44.0,-290.0,-1098.0
-33.0,5.0,-985.0
66.0,-193.0,-1063.0
-25.0,95.0,-970.0
-19.0,-87.0,-1036.0
7.0,87.0,-942.0
62.0,271.0,-989.0
-83.0,281.0,-960.0
-39.0,17.0,-1114.0
-52.0,117.0,-1180.0
113.0,-404.0,-1128.0
-80.0,-130.0,-808.0
48.0,-124.0,-790.0
19.0,228.0,-976.0
66.0,458.0,-1116.0
-56.0,171.0,-1095.0
-29.0,-56.0,-1106.0
-21.0,-7.0,-993.0
91.0,-238.0,-985.0
23.0,-60.0,-915.0
-21.0,62.0,-985.0
25.0,158.0,-1020.0
42.0,429.0,-1040.0
-48.0,253.0,-892.0
-42.0,-15.0,-1138.0
-29.0,-50.0,-1180.0
74.0,-378.0,-1104.0
-17.0,-111.0,-876.0
33.0,19.0,-866.0
25.0,273.0,-948.0
11.0,566.0,-1095.0
-97.0,206.0,-1106.0
-44.0,-15.0,-1143.0
-42.0,-66.0,-1056.0
64.0,-226.0,-1013.0
-5.0,-3.0,-874.0
-60.0,60.0,-960.0
-19.0,179.0,-983.0
7.0,349.0,-1081.0
-46.0,103.0,-1042.0
-52.0,-35.0,-1022.0
-11.0,23.0,-991.0
0.0,-48.0,-1067.0
54.0,39.0,-989.0
-39.0,-46.0,-983.0
52.0,-99.0,-962.0
-39.0,269.0,-966.0
52.0,284.0,-936.0
-95.0,126.0,-1050.0
0.0,103.0,-1171.0
9.0,-257.0,-1204.0
37.0,-226.0,-929.0
-31.0,-121.0,-759.0
37.0,-99.0,-946.0
19.0,421.0,-1069.0
-13.0,245.0,-1175.0
-33.0,39.0,-1085.0
-9.0,-64.0,-1085.0
-5.0,-314.0,-1015.0
40.0,-142.0,-966.0
-15.0,81.0,-903.0
27.0,11.0,-1085.0
-93.0,493.0,-974.0
42.0,89.0,-983.0
-95.0,76.0,-987.0
-13.0,-216.0,-1167.0
-46.0,-292.0,-1151.0
74.0,-179.0,-964.0
-35.0,33.0,-794.0
70.0,39.0,-895.0
-80.0,460.0,-1016.0
3.0,226.0,-1073.0
-48.0,31.0,-1130.0
31.0,-146.0,-1073.0
-48.0,-261.0,-997.0
83.0,-99.0,-936.0
-76.0,111.0,-915.0
56.0,9.0,-983.0
-105.0,236.0,-1077.0
107.0,83.0,-1081.0
-33.0,-111.0,-1009.0
64.0,-52.0,-1034.0
-72.0,-64.0,-1069.0
95.0,165.0,-1075.0
-33.0,15.0,-1001.0
5.0,-175.0,-999.0
-48.0,126.0,-892.0
64.0,206.0,-950.0
-89.0,320.0,-991.0
-89.0,199.0,-1192.0
-37.0,-230.0,-1227.0
78.0,-292.0,-1048.0
52.0,-185.0,-708.0
0.0,13.0,-819.0
42.0,464.0,-997.0
-44.0,308.0,-1237.0
1.0,165.0,-1087.0
-76.0,-48.0,-1040.0
76.0,-191.0,-954.0
52.0,-97.0,-1024.0
52.0,-39.0,-911.0
-62.0,-81.0,-1075.0
29.0,347.0,-974.0
17.0,216.0,-1005.0
-5.0,177.0,-954.0
-89.0,-48.0,-1149.0
-31.0,-240.0,-1188.0
25.0,-288.0,-1108.0
35.0,15.0,-804.0
-15.0,0.0,-897.0
21.0,392.0,-956.0
-7.0,251.0,-1112.0
-11.0,126.0,-1075.0
-64.0,-54.0,-1069.0
11.0,-171.0,-1015.0
19.0,-81.0,-1022.0
72.0,95.0,-890.0
-56.0,-132.0,-962.0
89.0,294.0,-935.0
19.0,226.0,-1065.0
95.0,-31.0,-1001.0
-158.0,103.0,-1054.0
40.0,-208.0,-1059.0
-60.0,48.0,-1104.0
128.0,54.0,-909.0
-80.0,-39.0,-976.0
144.0,163.0,-942.0
-44.0,165.0,-1011.0
-1.0,292.0,-903.0
-138.0,210.0,-1130.0
76.0,-208.0,-1255.0
-9.0,-257.0,-1216.0
103.0,-242.0,-819.0
-76.0,-68.0,-804.0
68.0,493.0,-905.0
-46.0,458.0,-1171.0
9.0,318.0,-1136.0
-134.0,-11.0,-1145.0
62.0,-261.0,-987.0
-97.0,-93.0,-1022.0
124.0,-87.0,-919.0
-78.0,7.0,-1038.0
105.0,242.0,-948.0
-119.0,351.0,-1034.0
62.0,290.0,-917.0
-144.0,39.0,-1042.0
44.0,-234.0,-1102.0
-44.0,-177.0,-1202.0
68.0,-52.0,-894.0
-76.0,-109.0,-831.0
68.0,372.0,-847.0
-33.0,345.0,-1056.0
56.0,273.0,-1134.0
-99.0,-40.0,-1124.0
-1.0,-353.0,-1048.0
-52.0,-257.0,-1036.0
101.0,-39.0,-958.0
-44.0,-40.0,-958.0
44.0,197.0,-1016.0
-80.0,216.0,-1052.0
64.0,44.0,-1044.0
-97.0,150.0,-1009.0
42.0,-232.0,-1095.0
-85.0,93.0,-1118.0
107.0,-132.0,-1040.0
-85.0,-101.0,-913.0
58.0,-97.0,-946.0
-9.0,238.0,-958.0
107.0,304.0,-976.0
-124.0,292.0,-1001.0
-42.0,-181.0,-1214.0
-50.0,-314.0,-1221.0
93.0,-294.0,-927.0
13.0,-173.0,-778.0
29.0,240.0,-853.0
-52.0,349.0,-1052.0
21.0,322.0,-1165.0
-58.0,121.0,-1075.0
13.0,-208.0,-1036.0
-105.0,-253.0,-1005.0
97.0,-140.0,-935.0
-17.0,-228.0,-1009.0
52.0,95.0,-1018.0
-48.0,216.0,-989.0
103.0,292.0,-999.0
-58.0,165.0,-933.0
-37.0,-136.0,-1124.0
-58.0,-109.0,-1204.0
105.0,-93.0,-1054.0
-33.0,-97.0,-856.0
-29.0,167.0,-878.0
-33.0,163.0,-931.0
50.0,206.0,-1136.0
-50.0,226.0,-1061.0
-7.0,-126.0,-1106.0
-74.0,-130.0,-950.0
56.0,-111.0,-1015.0
-23.0,-150.0,-942.0
3.0,150.0,-1011.0
-23.0,234.0,-938.0
99.0,318.0,-1040.0
-60.0,134.0,-976.0
-40.0,-31.0,-1093.0
-42.0,48.0,-1120.0
44.0,-76.0,-1120.0
-35.0,-177.0,-933.0
-13.0,-236.0,-915.0
52.0,76.0,-917.0
64.0,292.0,-1046.0
-103.0,480.0,-983.0
-23.0,107.0,-1179.0
-60.0,-171.0,-1216.0
103.0,-365.0,-1065.0
35.0,-380.0,-806.0
-7.0,46.0,-796.0
-17.0,409.0,-970.0
13.0,585.0,-1179.0
-46.0,175.0,-1108.0
-74.0,-138.0,-1024.0
87.0,-279.0,-981.0
21.0,-66.0,-983.0
76.0,-136.0,-972.0
-48.0,171.0,-997.0
33.0,105.0,-1011.0
-33.0,253.0,-1009.0
-3.0,277.0,-929.0
-62.0,56.0,-1091.0
-27.0,-93.0,-1163.0
9.0,-115.0,-1108.0
42.0,-203.0,-933.0
-70.0,111.0,-831.0
60.0,140.0,-882.0
-83.0,322.0,-1177.0
33.0,236.0,-1122.0
-58.0,-64.0,-1095.0
27.0,-50.0,-1013.0
-33.0,-25.0,-1042.0
93.0,-101.0,-956.0
-121.0,99.0,-1009.0
93.0,15.0,-985.0
-72.0,275.0,-1050.0
48.0,234.0,-948.0
-136.0,3.0,-1046.0
25.0,83.0,-1098.0
-68.0,-37.0,-1180.0
97.0,-68.0,-954.0
-44.0,-89.0,-868.0
21.0,-54.0,-931.0
-78.0,300.0,-1003.0
80.0,413.0,-964.0
-103.0,148.0,-1061.0
-3.0,35.0,-1171.0
-23.0,-193.0,-1157.0
60.0,-341.0,-903.0
-58.0,11.0,-796.0
64.0,193.0,-892.0
-58.0,468.0,-1110.0
31.0,238.0,-1141.0
-78.0,-60.0,-1157.0
50.0,-353.0,-1003.0
-105.0,-150.0,-995.0
121.0,-99.0,-989.0
-78.0,121.0,-1020.0
46.0,-40.0,-1015.0
-107.0,253.0,-1036.0
58.0,232.0,-907.0
-40.0,5.0,-1005.0
-72.0,-56.0,-1155.0
-11.0,-101.0,-1169.0
76.0,-212.0,-1044.0
1.0,-27.0,-829.0
1.0,5.0,-804.0
27.0,177.0,-1003.0
39.0,247.0,-1098.0
-1.0,-9.0,-1106.0
-68.0,-46.0,-1095.0
-35.0,-105.0,-991.0
42.0,-115.0,-1001.0
46.0,-74.0,-931.0
11.0,-101.0,-960.0
-60.0,203.0,-997.0
81.0,347.0,-1044.0
-21.0,17.0,-946.0
-66.0,13.0,-1097.0
15.0,-122.0,-1175.0
23.0,-195.0,-1069.0
11.0,-138.0,-837.0
-29.0,-107.0,-917.0
107.0,267.0,-964.0
1.0,363.0,-1097.0
-72.0,263.0,-1026.0
-76.0,99.0,-1184.0
23.0,-247.0,-1106.0
80.0,-310.0,-1052.0
35.0,-162.0,-788.0
-64.0,74.0,-905.0
48.0,353.0,-976.0
-29.0,478.0,-1139.0
29.0,-40.0,-1056.0
-122.0,-201.0,-1091.0
37.0,-171.0,-966.0
11.0,-138.0,-1026.0
74.0,119.0,-895.0
-83.0,140.0,-1067.0
87.0,234.0,-977.0
13.0,249.0,-981.0
48.0,142.0,-933.0
-132.0,5.0,-1093.0
37.0,-124.0,-1106.0
-17.0,-216.0,-1180.0
39.0,-29.0,-890.0
-35.0,-175.0,-833.0
52.0,232.0,-901.0
-19.0,351.0,-1165.0
1.0,109.0,-1073.0
-117.0,-5.0,-1139.0
52.0,-113.0,-1059.0
-68.0,-93.0,-1046.0
101.0,-105.0,-874.0
-74.0,0.0,-983.0
85.0,189.0,-1013.0
-15.0,363.0,-1040.0
-5.0,167.0,-886.0
-121.0,105.0,-1059.0
5.0,-206.0,-1157.0
23.0,-169.0,-1159.0
-19.0,-33.0,-853.0
72.0,136.0,-913.0
-44.0,409.0,-1034.0
-5.0,357.0,-1001.0
-91.0,150.0,-1141.0
29.0,-107.0,-1141.0
-23.0,-320.0,-1054.0
44.0,-306.0,-876.0
-54.0,-48.0,-874.0
33.0,404.0,-970.0
-52.0,437.0,-1095.0
-5.0,220.0,-1097.0
-76.0,-89.0,-1118.0
68.0,-193.0,-1013.0
-33.0,-126.0,-1046.0
21.0,101.0,-985.0
-37.0,3.0,-1018.0
0.0,121.0,-983.0
-44.0,302.0,-1018.0
31.0,245.0,-954.0
-72.0,74.0,-991.0
-37.0,-46.0,-1149.0
-42.0,-89.0,-1182.0
78.0,-64.0,-968.0
-15.0,-214.0,-841.0
21.0,109.0,-845.0
13.0,298.0,-995.0
33.0,366.0,-1134.0
-40.0,206.0,-1097.0
-31.0,-74.0,-1073.0
23.0,-162.0,-1016.0
37.0,-58.0,-972.0
21.0,-140.0,-890.0
9.0,9.0,-1022.0
-42.0,343.0,-1048.0
70.0,187.0,-1016.0
-74.0,165.0,-964.0
-25.0,-165.0,-1143.0
-46.0,-236.0,-1177.0
81.0,-222.0,-1032.0
-56.0,-160.0,-839.0
5.0,101.0,-917.0
-25.0,421.0,-993.0
29.0,242.0,-1104.0
-140.0,273.0,-1069.0
5.0,-206.0,-1169.0
-70.0,-298.0,-1046.0
95.0,-181.0,-960.0
1.0,-132.0,-854.0
17.0,121.0,-925.0
-64.0,329.0,-1024.0
44.0,279.0,-1141.0
-15.0,25.0,-1032.0
7.0,-191.0,-995.0
-72.0,-189.0,-1001.0
87.0,44.0,-1016.0
-13.0,-33.0,-1022.0
-27.0,87.0,-1009.0
0.0,46.0,-950.0
35.0,117.0,-958.0
-39.0,175.0,-933.0
-46.0,-50.0,-1116.0
-1.0,-52.0,-1202.0
89.0,-146.0,-1143.0
-23.0,-224.0,-870.0
0.0,3.0,-819.0
3.0,261.0,-964.0
-19.0,423.0,-1159.0
-42.0,189.0,-1054.0
-54.0,35.0,-1143.0
13.0,-216.0,-1048.0
-23.0,-146.0,-1013.0
58.0,-263.0,-858.0
-109.0,46.0,-1003.0
111.0,181.0,-985.0
-46.0,337.0,-976.0
-9.0,324.0,-888.0
-91.0,-17.0,-1145.0
21.0,-138.0,-1169.0
-27.0,-234.0,-1136.0
60.0,-80.0,-847.0
-52.0,-17.0,-862.0
64.0,353.0,-935.0
-39.0,324.0,-1069.0
25.0,294.0,-1054.0
-72.0,-39.0,-1138.0
78.0,-191.0,-1114.0
-44.0,-267.0,-1061.0
80.0,-277.0,-841.0
-130.0,-54.0,-927.0
111.0,273.0,-970.0
-109.0,417.0,-1157.0
83.0,165.0,-1075.0
-199.0,-109.0,-1108.0
121.0,-220.0,-985.0
-107.0,3.0,-1038.0
160.0,54.0,-938.0
-117.0,33.0,-1024.0
121.0,-3.0,-970.0
-78.0,181.0,-1018.0
117.0,242.0,-856.0
-132.0,148.0,-1057.0
15.0,-60.0,-1188.0
-33.0,-183.0,-1202.0
124.0,-203.0,-901.0
-37.0,-31.0,-772.0
56.0,183.0,-856.0
-27.0,310.0,-1124.0
-3.0,390.0,-1093.0
-70.0,70.0,-1143.0
7.0,-148.0,-1026.0
-21.0,-230.0,-1050.0
60.0,-152.0,-851.0
-23.0,-62.0,-1003.0
54.0,154.0,-1052.0
-56.0,331.0,-1063.0
27.0,347.0,-983.0
-68.0,78.0,-1022.0
35.0,-46.0,-1139.0
-39.0,-156.0,-1216.0
80.0,-101.0,-931.0
-7.0,-83.0,-878.0
-33.0,277.0,-944.0
-23.0,318.0,-1009.0
-1.0,273.0,-1081.0
-78.0,21.0,-1091.0
-1.0,-197.0,-1112.0
-7.0,-171.0,-987.0
58.0,-42.0,-935.0
3.0,19.0,-876.0
23.0,142.0,-997.0
-72.0,300.0,-1071.0
35.0,187.0,-1071.0
-29.0,52.0,-997.0
40.0,-173.0,-997.0
-93.0,95.0,-1052.0
181.0,-13.0,-1093.0
-78.0,-50.0,-1007.0
60.0,-117.0,-1018.0
-62.0,54.0,-927.0
103.0,185.0,-915.0
-99.0,187.0,-1005.0
-64.0,-7.0,-1184.0
-64.0,-81.0,-1241.0
101.0,-257.0,-1083.0
-44.0,-201.0,-790.0
7.0,-31.0,-786.0
-9.0,259.0,-981.0
-5.0,437.0,-1171.0
-66.0,169.0,-1085.0
-60.0,-111.0,-1085.0
-7.0,-208.0,-1013.0
33.0,-265.0,-972.0
40.0,-134.0,-929.0
-54.0,56.0,-938.0
31.0,216.0,-981.0
72.0,325.0,-983.0
-60.0,103.0,-954.0
-68.0,-25.0,-1155.0
-80.0,-130.0,-1216.0
78.0,-183.0,-1022.0
5.0,-115.0,-815.0
0.0,-1.0,-858.0
11.0,195.0,-927.0
29.0,296.0,-1124.0
-89.0,134.0,-1091.0
-23.0,-95.0,-1163.0
-25.0,-226.0,-1040.0
115.0,-163.0,-1050.0
5.0,21.0,-843.0
-21.0,191.0,-962.0
17.0,265.0,-985.0
9.0,257.0,-1151.0
-29.0,23.0,-1073.0
-54.0,-83.0,-1044.0
-7.0,-17.0,-972.0
39.0,-81.0,-1071.0
-37.0,46.0,-942.0
-5.0,-64.0,-1007.0
-5.0,42.0,-925.0
39.0,232.0,-995.0
-66.0,331.0,-923.0
-78.0,162.0,-1110.0
-33.0,-56.0,-1233.0
17.0,-253.0,-1141.0
64.0,-222.0,-815.0
40.0,-58.0,-765.0
25.0,310.0,-977.0
-42.0,448.0,-1202.0
-44.0,191.0,-1136.0
-40.0,-35.0,-1067.0
-11.0,-261.0,-985.0
17.0,-267.0,-983.0
37.0,-150.0,-983.0
-101.0,76.0,-1030.0
27.0,185.0,-1065.0
-52.0,407.0,-1018.0
-29.0,222.0,-876.0
-85.0,39.0,-1046.0
-62.0,-224.0,-1130.0
7.0,-126.0,-1141.0
29.0,-183.0,-933.0
-25.0,124.0,-829.0
66.0,138.0,-921.0
-64.0,437.0,-1044.0
31.0,222.0,-1046.0
-40.0,-40.0,-1059.0
17.0,-199.0,-1077.0
-7.0,-277.0,-1085.0
37.0,-111.0,-979.0
-15.0,134.0,-921.0
46.0,232.0,-925.0
-37.0,402.0,-1059.0
0.0,152.0,-1032.0
-56.0,-66.0,-1046.0
17.0,-171.0,-1057.0
-66.0,-115.0,-1097.0
46.0,-33.0,-1042.0
-48.0,-105.0,-1018.0
39.0,35.0,-931.0
-46.0,245.0,-966.0
76.0,392.0,-931.0
-64.0,220.0,-1030.0
-39.0,21.0,-1272.0
-31.0,-203.0,-1235.0
27.0,-265.0,-987.0
0.0,-119.0,-759.0
-35.0,130.0,-821.0
19.0,447.0,-1024.0
7.0,368.0,-1169.0
-31.0,85.0,-1128.0
-40.0,-232.0,-1001.0
-27.0,-156.0,-1005.0
48.0,-162.0,-1005.0
-70.0,48.0,-935.0
-17.0,80.0,-983.0
-15.0,363.0,-995.0
68.0,347.0,-968.0
-29.0,105.0,-976.0
-48.0,-66.0,-1177.0
33.0,-230.0,-1175.0
-13.0,-150.0,-1054.0
72.0,-105.0,-825.0
-60.0,50.0,-866.0
91.0,251.0,-993.0
-11.0,226.0,-1163.0
11.0,121.0,-1093.0
-103.0,-107.0,-1149.0
-1.0,-162.0,-979.0
13.0,-144.0,-987.0
25.0,-21.0,-909.0
-68.0,35.0,-972.0
42.0,222.0,-968.0
25.0,212.0,-1075.0
58.0,17.0,-991.0
-89.0,-39.0,-1052.0
-9.0,-39.0,-1032.0
7.0,-74.0,-1087.0
72.0,-156.0,-938.0
-11.0,-132.0,-954.0
56.0,119.0,-938.0
-40.0,320.0,-1020.0
-11.0,349.0,-954.0
-107.0,146.0,-1134.0
33.0,-124.0,-1196.0
78.0,-368.0,-1085.0
21.0,-292.0,-794.0
-44.0,-134.0,-800.0
-1.0,312.0,-1007.0
-48.0,433.0,-1223.0
21.0,201.0,-1110.0
-74.0,-62.0,-1065.0
83.0,-249.0,-952.0
-46.0,-113.0,-1007.0
66.0,-3.0,-936.0
-76.0,-7.0,-1067.0
95.0,322.0,-976.0
-48.0,212.0,-1030.0
29.0,292.0,-909.0
-101.0,-19.0,-1081.0
9.0,-138.0,-1110.0
-27.0,-206.0,-1141.0
60.0,-115.0,-882.0
-60.0,-62.0,-864.0
50.0,210.0,-884.0
-35.0,347.0,-1122.0
21.0,224.0,-1069.0
-103.0,124.0,-1102.0
35.0,-95.0,-976.0
-44.0,-111.0,-1097.0
138.0,-165.0,-968.0
-74.0,-91.0,-970.0
56.0,183.0,-936.0
-44.0,302.0,-1087.0
44.0,163.0,-993.0
-130.0,13.0,-1071.0
58.0,-140.0,-1110.0
-66.0,-72.0,-1169.0
87.0,-64.0,-962.0
-48.0,-158.0,-917.0
25.0,1.0,-976.0
-37.0,314.0,-993.0
0.0,411.0,-915.0
-89.0,259.0,-1079.0
-44.0,-189.0,-1184.0
1.0,-288.0,-1200.0
56.0,-365.0,-851.0
-23.0,80.0,-753.0
21.0,312.0,-870.0
-19.0,398.0,-1098.0
29.0,251.0,-1124.0
-23.0,-105.0,-1132.0
17.0,-175.0,-985.0
-11.0,-117.0,-999.0
64.0,-15.0,-950.0
5.0,40.0,-1018.0
13.0,150.0,-985.0
-31.0,234.0,-972.0
56.0,199.0,-976.0
-76.0,-40.0,-1018.0
-17.0,-74.0,-1147.0
-66.0,-126.0,-1204.0
81.0,-19.0,-983.0
33.0,-60.0,-813.0
21.0,136.0,-886.0
-17.0,263.0,-1032.0
33.0,232.0,-1177.0
-68.0,95.0,-1095.0
-5.0,-76.0,-1071.0
-42.0,-50.0,-995.0
70.0,5.0,-970.0
0.0,-64.0,-976.0
-25.0,11.0,-1016.0
-60.0,210.0,-1007.0
89.0,140.0,-958.0
-105.0,201.0,-991.0
7.0,-39.0,-1089.0
-72.0,19.0,-1155.0
132.0,-13.0,-1048.0
-72.0,-154.0,-882.0
25.0,-109.0,-915.0
7.0,201.0,-948.0
27.0,423.0,-1056.0
-91.0,333.0,-1052.0
-87.0,17.0,-1167.0
19.0,-245.0,-1175.0
76.0,-402.0,-999.0
52.0,-257.0,-841.0
-27.0,78.0,-862.0
3.0,413.0,-1028.0
70.0,374.0,-1171.0
-42.0,126.0,-1089.0
-56.0,-197.0,-1056.0
-15.0,-290.0,-991.0
21.0,-85.0,-968.0
27.0,-74.0,-972.0
-37.0,111.0,-1007.0
17.0,214.0,-991.0
17.0,245.0,-987.0
-5.0,66.0,-923.0
-39.0,-74.0,-1089.0
-7.0,-158.0,-1141.0
39.0,-70.0,-1104.0
9.0,-93.0,-890.0
-33.0,-3.0,-839.0
23.0,195.0,-913.0
0.0,261.0,-1126.0
-62.0,222.0,-1120.0
-13.0,-56.0,-1116.0
-33.0,-181.0,-1007.0
5.0,-138.0,-1087.0
39.0,-134.0,-931.0
-66.0,13.0,-979.0
25.0,115.0,-946.0
-29.0,245.0,-1083.0
-37.0,257.0,-983.0
-111.0,-15.0,-1061.0
-5.0,25.0,-1145.0
-23.0,-163.0,-1139.0
74.0,-103.0,-913.0
-9.0,-46.0,-837.0
62.0,126.0,-940.0
-54.0,363.0,-1085.0
-7.0,353.0,-991.0
-99.0,124.0,-1059.0
60.0,-169.0,-1136.0
-13.0,-316.0,-1132.0
105.0,-322.0,-819.0
-80.0,70.0,-819.0
66.0,386.0,-940.0
-93.0,558.0,-1159.0
19.0,162.0,-1038.0
-25.0,-89.0,-1097.0
81.0,-253.0,-977.0
-29.0,-130.0,-1028.0
78.0,-35.0,-952.0
-83.0,50.0,-1034.0
97.0,27.0,-1030.0
-44.0,255.0,-1011.0
66.0,119.0,-931.0
-91.0,3.0,-1069.0
-50.0,-111.0,-1161.0
-48.0,-87.0,-1208.0
68.0,-72.0,-974.0
-29.0,-21.0,-839.0
-5.0,87.0,-835.0
-35.0,308.0,-1067.0
31.0,251.0,-1081.0
-60.0,-3.0,-1097.0
-37.0,-101.0,-1056.0
-13.0,-146.0,-1054.0
66.0,-42.0,-901.0
27.0,-76.0,-915.0
39.0,39.0,-958.0
-9.0,232.0,-1065.0
-17.0,341.0,-958.0
-3.0,99.0,-972.0
-21.0,17.0,-1141.0
11.0,-199.0,-1204.0
25.0,-93.0,-960.0
11.0,-199.0,-819.0
-23.0,50.0,-942.0
37.0,296.0,-1015.0
11.0,331.0,-1079.0
-15.0,197.0,-1028.0
-58.0,-54.0,-1204.0
5.0,-290.0,-1112.0
44.0,-230.0,-956.0
7.0,-95.0,-821.0
-56.0,230.0,-1003.0
27.0,515.0,-1016.0
21.0,320.0,-1141.0
23.0,7.0,-1079.0
-68.0,-290.0,-1048.0
-31.0,-128.0,-993.0
33.0,40.0,-1026.0
-5.0,56.0,-960.0
-33.0,31.0,-1046.0
-13.0,195.0,-958.0
70.0,208.0,-981.0
-78.0,179.0,-905.0
-42.0,-9.0,-1147.0
-37.0,-85.0,-1165.0
31.0,-109.0,-1132.0
17.0,-144.0,-825.0
-31.0,19.0,-835.0
64.0,378.0,-958.0
-17.0,318.0,-1126.0
-68.0,138.0,-1100.0
-103.0,-152.0,-1182.0
74.0,-224.0,-1016.0
56.0,-193.0,-991.0
44.0,-101.0,-942.0
-58.0,-42.0,-1016.0
27.0,263.0,-977.0
-7.0,353.0,-999.0
-5.0,212.0,-952.0
-124.0,70.0,-1100.0
3.0,-204.0,-1186.0
31.0,-244.0,-1065.0
21.0,-271.0,-870.0
-19.0,-13.0,-862.0
66.0,284.0,-936.0
-1.0,359.0,-1059.0
-42.0,216.0,-1015.0
-60.0,0.0,-1136.0
54.0,-236.0,-1097.0
13.0,-240.0,-1034.0
13.0,-183.0,-833.0
-52.0,-1.0,-938.0
39.0,390.0,-944.0
5.0,394.0,-1130.0
-27.0,195.0,-1073.0
-87.0,-226.0,-1132.0
-15.0,-220.0,-972.0
-35.0,-163.0,-1022.0
31.0,-13.0,-983.0
-56.0,-74.0,-1046.0
33.0,158.0,-993.0
-19.0,208.0,-1028.0
-62.0,347.0,-933.0
-64.0,152.0,-1042.0
-56.0,-62.0,-1147.0
17.0,-187.0,-1190.0
60.0,-245.0,-925.0
-13.0,-78.0,-812.0
3.0,162.0,-905.0
-11.0,361.0,-1057.0
-11.0,324.0,-1075.0
-95.0,142.0,-1089.0
0.0,-99.0,-1048.0
1.0,-206.0,-1034.0
50.0,-220.0,-935.0
0.0,-66.0,-921.0
-5.0,204.0,-1007.0
-23.0,324.0,-1038.0
23.0,370.0,-948.0
-13.0,140.0,-1005.0
21.0,-212.0,-1167.0
-11.0,-222.0,-1161.0
29.0,-257.0,-977.0
3.0,-33.0,-851.0
35.0,74.0,-958.0
-21.0,404.0,-1057.0
13.0,247.0,-1044.0
-68.0,140.0,-1100.0
3.0,-232.0,-1153.0
-50.0,-232.0,-1110.0
91.0,-169.0,-901.0
-76.0,52.0,-886.0
31.0,249.0,-942.0
-62.0,310.0,-1054.0
29.0,208.0,-1097.0
-46.0,-74.0,-1063.0
-15.0,-171.0,-987.0
-40.0,-56.0,-991.0
64.0,95.0,-1005.0
25.0,-64.0,-1018.0
0.0,-46.0,-989.0
-23.0,72.0,-946.0
66.0,257.0,-972.0
-78.0,283.0,-948.0
-40.0,74.0,-1167.0
-33.0,-60.0,-1237.0
72.0,-124.0,-1044.0
-21.0,-312.0,-788.0
-1.0,-19.0,-831.0
-40.0,245.0,-1032.0
42.0,347.0,-1147.0
-72.0,177.0,-1104.0
-5.0,-56.0,-1143.0
-29.0,-83.0,-1009.0
87.0,-80.0,-956.0
-9.0,-60.0,-925.0
-50.0,-25.0,-1042.0
-5.0,271.0,-1005.0
7.0,372.0,-977.0
-33.0,232.0,-956.0
-76.0,-105.0,-1149.0
-29.0,-111.0,-1186.0
64.0,-210.0,-1061.0
21.0,-87.0,-819.0
-54.0,76.0,-886.0
27.0,273.0,-983.0
-25.0,357.0,-1081.0
-1.0,183.0,-1040.0
-74.0,-83.0,-1169.0
-11.0,-193.0,-1036.0
-9.0,-138.0,-966.0
62.0,-56.0,-853.0
-74.0,148.0,-1009.0
33.0,181.0,-989.0
-7.0,283.0,-1120.0
54.0,-52.0,-1057.0
-89.0,-218.0,-1073.0
-11.0,-111.0,-993.0
-19.0,19.0,-1083.0
50.0,-39.0,-1005.0
-74.0,-78.0,-1001.0
68.0,-13.0,-944.0
-21.0,296.0,-981.0
-39.0,232.0,-909.0
-81.0,150.0,-1116.0
-37.0,-87.0,-1194.0
78.0,-222.0,-1128.0
72.0,-306.0,-813.0
-52.0,-40.0,-796.0
52.0,171.0,-882.0
-29.0,398.0,-1126.0
21.0,212.0,-1106.0
-54.0,-87.0,-1093.0
48.0,-187.0,-1016.0
23.0,-169.0,-1038.0
5.0,-37.0,-903.0
-9.0,-39.0,-1009.0
54.0,232.0,-1015.0
-5.0,230.0,-1011.0
-17.0,247.0,-935.0
-76.0,-128.0,-1091.0
-37.0,-175.0,-1194.0
37.0,-265.0,-1143.0
9.0,-187.0,-946.0
-13.0,74.0,-843.0
33.0,302.0,-915.0
-27.0,472.0,-1042.0
-7.0,255.0,-1087.0
-95.0,-52.0,-1139.0
-15.0,-277.0,-1063.0
-54.0,-236.0,-1052.0
105.0,-126.0,-911.0
-89.0,160.0,-888.0
99.0,292.0,-966.0
-50.0,316.0,-1097.0
11.0,50.0,-1040.0
-74.0,-87.0,-1013.0
-21.0,-33.0,-1046.0
-58.0,81.0,-1056.0
97.0,-25.0,-1003.0
-7.0,-13.0,-946.0
56.0,-78.0,-936.0
-50.0,249.0,-954.0
68.0,261.0,-940.0
-66.0,142.0,-1044.0
-52.0,13.0,-1239.0
27.0,-263.0,-1196.0
19.0,-242.0,-976.0
9.0,-152.0,-743.0
-11.0,128.0,-856.0
70.0,368.0,-1104.0
1.0,337.0,-1218.0
-44.0,11.0,-1083.0
-35.0,-134.0,-1063.0
3.0,-265.0,-1009.0
52.0,-124.0,-964.0
-11.0,48.0,-974.0
-15.0,191.0,-997.0
-35.0,359.0,-991.0
19.0,259.0,-960.0
-50.0,29.0,-968.0
-58.0,-109.0,-1116.0
-46.0,-226.0,-1220.0
48.0,-169.0,-1036.0
11.0,-99.0,-839.0
9.0,212.0,-892.0
35.0,394.0,-995.0
21.0,378.0,-1124.0
-23.0,121.0,-1071.0
-66.0,-117.0,-1095.0
-25.0,-294.0,-1036.0
56.0,-185.0,-1028.0
-25.0,5.0,-905.0
-9.0,121.0,-981.0
-21.0,286.0,-1005.0
78.0,249.0,-1056.0
-68.0,101.0,-1018.0
-27.0,-31.0,-1048.0
-46.0,-15.0,-1056.0
35.0,-44.0,-1052.0
-40.0,39.0,-954.0
-17.0,-97.0,-962.0
-5.0,140.0,-974.0
109.0,372.0,-966.0
-83.0,333.0,-923.0
-62.0,179.0,-1159.0
-29.0,-203.0,-1216.0
93.0,-365.0,-1122.0
21.0,-171.0,-786.0
13.0,95.0,-792.0
-46.0,409.0,-958.0
5.0,558.0,-1165.0
-54.0,236.0,-1134.0
-74.0,29.0,-1054.0
0.0,-232.0,-993.0
37.0,-169.0,-1009.0
-17.0,-9.0,-991.0
-13.0,122.0,-979.0
-11.0,306.0,-1042.0
3.0,394.0,-1013.0
-33.0,197.0,-911.0
-72.0,62.0,-1083.0
-56.0,-130.0,-1237.0
83.0,-119.0,-1110.0
11.0,-109.0,-872.0
-11.0,111.0,-854.0
9.0,351.0,-938.0
-11.0,583.0,-1112.0
-50.0,402.0,-1048.0
-64.0,122.0,-1093.0
-11.0,-130.0,-981.0
0.0,-40.0,-993.0
11.0,40.0,-917.0
-33.0,15.0,-989.0
15.0,160.0,-1003.0
17.0,277.0,-1032.0
-48.0,353.0,-991.0
-60.0,296.0,-1038.0
-25.0,320.0,-1065.0
35.0,333.0,-1065.0
23.0,366.0,-946.0
-3.0,251.0,-888.0
13.0,245.0,-915.0
-48.0,523.0,-1015.0
40.0,566.0,-942.0
-113.0,583.0,-1110.0
-11.0,234.0,-1204.0
11.0,58.0,-1218.0
3.0,-27.0,-913.0
5.0,370.0,-815.0
1.0,749.0,-942.0
-9.0,899.0,-1192.0
-46.0,665.0,-1171.0
-85.0,376.0,-1177.0
35.0,124.0,-1067.0
-52.0,368.0,-1038.0
99.0,292.0,-1030.0
-58.0,470.0,-1050.0
21.0,577.0,-1009.0
-46.0,704.0,-1036.0
58.0,698.0,-911.0
-83.0,409.0,-1005.0
-40.0,361.0,-1143.0
21.0,189.0,-1180.0
-25.0,337.0,-1018.0
64.0,271.0,-843.0
-60.0,497.0,-845.0
66.0,700.0,-1022.0
-31.0,698.0,-1097.0
39.0,429.0,-1052.0
-54.0,193.0,-1028.0
54.0,175.0,-1015.0
48.0,298.0,-921.0
62.0,253.0,-888.0
56.0,228.0,-952.0
-1.0,437.0,-1020.0
91.0,448.0,-1034.0
-33.0,474.0,-1026.0
-35.0,341.0,-1128.0
13.0,179.0,-1182.0
99.0,204.0,-1059.0
1.0,11.0,-882.0
-48.0,148.0,-962.0
35.0,286.0,-1013.0
-44.0,548.0,-1085.0
11.0,353.0,-1075.0
-121.0,64.0,-1216.0
44.0,-251.0,-1180.0
19.0,-183.0,-1050.0
78.0,50.0,-827.0
-74.0,226.0,-892.0
5.0,501.0,-1034.0
-58.0,380.0,-1147.0
-52.0,163.0,-1056.0
-97.0,-66.0,-1018.0
-46.0,-201.0,-968.0
5.0,-138.0,-1003.0
-37.0,-13.0,-923.0
-56.0,39.0,-972.0
-13.0,300.0,-1009.0
-31.0,292.0,-983.0
-25.0,171.0,-884.0
-115.0,15.0,-1112.0
-11.0,-177.0,-1136.0
9.0,-13.0,-1067.0
81.0,-136.0,-845.0
-72.0,169.0,-845.0
78.0,333.0,-899.0
-11.0,370.0,-1132.0
11.0,284.0,-1050.0
-163.0,72.0,-1093.0
25.0,9.0,-993.0
-68.0,142.0,-1018.0
122.0,-7.0,-909.0
-78.0,177.0,-972.0
44.0,322.0,-964.0
-40.0,491.0,-1069.0
66.0,505.0,-933.0
-78.0,169.0,-1095.0
1.0,76.0,-1143.0
-25.0,199.0,-1171.0
93.0,160.0,-919.0
-7.0,320.0,-853.0
85.0,417.0,-942.0
-56.0,513.0,-1038.0
-21.0,833.0,-1003.0
-74.0,390.0,-1145.0
7.0,189.0,-1202.0
35.0,-58.0,-1081.0
21.0,109.0,-895.0
9.0,357.0,-870.0
-33.0,755.0,-1022.0
7.0,796.0,-1194.0
-27.0,577.0,-1104.0
-124.0,327.0,-1065.0
21.0,216.0,-983.0
-42.0,466.0,-1044.0
-1.0,392.0,-976.0
-62.0,499.0,-1048.0
-7.0,439.0,-1030.0
-35.0,505.0,-964.0
27.0,763.0,-895.0
-58.0,439.0,-1104.0
-89.0,447.0,-1163.0
0.0,318.0,-1196.0
0.0,341.0,-977.0
52.0,386.0,-792.0
-31.0,513.0,-858.0
31.0,630.0,-1083.0
3.0,605.0,-1128.0
-52.0,349.0,-1073.0
-25.0,437.0,-1073.0
21.0,392.0,-1028.0
150.0,353.0,-958.0
-9.0,421.0,-929.0
105.0,296.0,-979.0
-37.0,689.0,-1024.0
107.0,700.0,-931.0
-62.0,478.0,-1042.0
-17.0,347.0,-1182.0
7.0,56.0,-1235.0
56.0,242.0,-901.0
48.0,310.0,-854.0
11.0,488.0,-921.0
19.0,659.0,-1042.0
68.0,577.0,-1069.0
-78.0,423.0,-1110.0
-9.0,181.0,-1122.0
-23.0,-39.0,-1083.0
64.0,115.0,-936.0
-27.0,191.0,-927.0
40.0,417.0,-936.0
-35.0,616.0,-1083.0
64.0,413.0,-1124.0
-66.0,136.0,-1067.0
-29.0,60.0,-1056.0
-48.0,122.0,-1110.0
80.0,251.0,-1030.0
-62.0,218.0,-993.0
7.0,111.0,-1013.0
-83.0,454.0,-954.0
42.0,325.0,-960.0
-158.0,331.0,-993.0
-72.0,193.0,-1143.0
-74.0,-72.0,-1188.0
74.0,25.0,-1042.0
-46.0,-78.0,-843.0
-37.0,275.0,-827.0
11.0,448.0,-964.0
-29.0,566.0,-1106.0
-72.0,232.0,-1061.0
-105.0,177.0,-1075.0
54.0,-54.0,-1013.0
-19.0,-40.0,-999.0
-7.0,50.0,-933.0
-62.0,165.0,-989.0
64.0,534.0,-979.0
-5.0,476.0,-997.0
-74.0,376.0,-938.0
-78.0,189.0,-1095.0
-29.0,70.0,-1171.0
101.0,-54.0,-1071.0
9.0,-29.0,-913.0
-21.0,271.0,-845.0
7.0,587.0,-956.0
78.0,601.0,-1065.0
-56.0,368.0,-1050.0
-78.0,253.0,-1182.0
52.0,9.0,-1126.0
11.0,201.0,-1009.0
93.0,64.0,-847.0
-68.0,302.0,-935.0
68.0,595.0,-977.0
-23.0,679.0,-1132.0
0.0,347.0,-1057.0
-85.0,113.0,-1050.0
-5.0,146.0,-991.0
15.0,361.0,-1095.0
-27.0,407.0,-1009.0
-50.0,304.0,-1022.0
50.0,327.0,-944.0
19.0,530.0,-1001.0
-68.0,579.0,-917.0
-78.0,462.0,-1106.0
-46.0,320.0,-1171.0
46.0,208.0,-1192.0
-11.0,169.0,-888.0
-3.0,234.0,-817.0
-42.0,396.0,-944.0
27.0,671.0,-1075.0
-64.0,704.0,-1102.0
-62.0,532.0,-1126.0
-33.0,275.0,-1069.0
11.0,197.0,-1030.0
7.0,261.0,-931.0
-13.0,421.0,-897.0
0.0,583.0,-1024.0
-40.0,618.0,-1087.0
0.0,558.0,-987.0
-54.0,445.0,-1024.0
5.0,263.0,-1143.0
23.0,193.0,-1175.0
60.0,91.0,-989.0
-25.0,357.0,-860.0
35.0,669.0,-911.0
-23.0,872.0,-1026.0
-5.0,683.0,-1050.0
-21.0,265.0,-1139.0
-29.0,160.0,-1139.0
7.0,251.0,-1024.0
27.0,349.0,-892.0
-25.0,378.0,-892.0
27.0,400.0,-991.0
11.0,605.0,-1106.0
-17.0,544.0,-1061.0
-7.0,335.0,-997.0
-29.0,210.0,-995.0
-3.0,316.0,-1061.0
15.0,407.0,-1038.0
-7.0,316.0,-1016.0
-21.0,251.0,-948.0
13.0,341.0,-976.0
9.0,501.0,-966.0
-54.0,515.0,-997.0
-89.0,392.0,-1208.0
9.0,162.0,-1255.0
25.0,126.0,-976.0
62.0,72.0,-792.0
-72.0,407.0,-884.0
78.0,622.0,-1018.0
-58.0,560.0,-1184.0
11.0,265.0,-1095.0
-146.0,140.0,-1089.0
56.0,85.0,-1046.0
11.0,109.0,-1024.0
42.0,126.0,-933.0
-44.0,214.0,-1030.0
50.0,568.0,-1007.0
-15.0,626.0,-954.0
-29.0,376.0,-974.0
-78.0,81.0,-1143.0
-35.0,-52.0,-1151.0
29.0,-9.0,-1063.0
-5.0,158.0,-847.0
-46.0,343.0,-870.0
52.0,493.0,-956.0
15.0,569.0,-1067.0
-33.0,331.0,-1046.0
-103.0,201.0,-1120.0
-27.0,19.0,-1028.0
35.0,9.0,-972.0
19.0,111.0,-864.0
-21.0,320.0,-972.0
-5.0,511.0,-1007.0
37.0,413.0,-1112.0
-19.0,163.0,-991.0
-35.0,124.0,-1026.0
-40.0,261.0,-1065.0
27.0,302.0,-1124.0
-15.0,152.0,-1007.0
-17.0,126.0,-950.0
9.0,359.0,-935.0
5.0,528.0,-976.0
-97.0,605.0,-936.0
-78.0,347.0,-1149.0
-39.0,152.0,-1247.0
83.0,-13.0,-1138.0
27.0,13.0,-833.0
-33.0,275.0,-794.0
54.0,581.0,-954.0
3.0,745.0,-1194.0
-48.0,517.0,-1124.0
-87.0,244.0,-1018.0
33.0,115.0,-1018.0
31.0,91.0,-1075.0
-9.0,222.0,-919.0
-13.0,300.0,-1007.0
19.0,536.0,-1030.0
5.0,612.0,-1016.0
-33.0,589.0,-948.0
-76.0,433.0,-1098.0
-9.0,302.0,-1157.0
-25.0,187.0,-1128.0
27.0,234.0,-913.0
-42.0,273.0,-821.0
42.0,558.0,-964.0
-54.0,675.0,-1081.0
-13.0,548.0,-1079.0
-76.0,314.0,-1112.0
25.0,232.0,-1044.0
3.0,296.0,-1026.0
81.0,341.0,-950.0
-56.0,431.0,-948.0
19.0,521.0,-981.0
-39.0,620.0,-1093.0
-17.0,462.0,-1001.0
-60.0,331.0,-1011.0
-29.0,374.0,-1052.0
9.0,365.0,-1138.0
58.0,347.0,-1018.0
44.0,242.0,-960.0
33.0,351.0,-935.0
-5.0,534.0,-993.0
-7.0,722.0,-935.0
-72.0,581.0,-1089.0
-52.0,388.0,-1208.0
27.0,44.0,-1184.0
1.0,85.0,-882.0
15.0,273.0,-767.0
-25.0,562.0,-929.0
-13.0,759.0,-1143.0
3.0,558.0,-1149.0
-19.0,197.0,-1052.0
-11.0,158.0,-1001.0
23.0,175.0,-1026.0
40.0,324.0,-968.0
1.0,230.0,-1015.0
-40.0,398.0,-1007.0
1.0,544.0,-1011.0
-29.0,534.0,-933.0
-31.0,353.0,-993.0
-68.0,175.0,-1147.0
25.0,95.0,-1227.0
33.0,175.0,-981.0
70.0,154.0,-841.0
-42.0,427.0,-886.0
13.0,484.0,-1028.0
-23.0,499.0,-1134.0
-31.0,275.0,-1116.0
-103.0,175.0,-1048.0
-3.0,138.0,-1028.0
48.0,154.0,-989.0
48.0,189.0,-962.0
-33.0,327.0,-997.0
-5.0,466.0,-1011.0
3.0,433.0,-1015.0
-13.0,255.0,-989.0
-80.0,232.0,-1093.0
5.0,203.0,-1106.0
-5.0,169.0,-1054.0
31.0,29.0,-936.0
-83.0,107.0,-950.0
68.0,406.0,-954.0
-29.0,630.0,-991.0
-46.0,478.0,-981.0
-124.0,312.0,-1194.0
19.0,3.0,-1169.0
66.0,-44.0,-1061.0
85.0,-7.0,-794.0
-52.0,398.0,-839.0
40.0,640.0,-981.0
-11.0,620.0,-1233.0
-48.0,275.0,-1095.0
-81.0,109.0,-1028.0
52.0,68.0,-985.0
52.0,195.0,-1024.0
89.0,197.0,-983.0
-31.0,310.0,-1009.0
115.0,527.0,-989.0
31.0,476.0,-1024.0
-13.0,452.0,-911.0
-72.0,253.0,-1093.0
-33.0,101.0,-1225.0
1.0,109.0,-1161.0
-33.0,105.0,-905.0
-39.0,351.0,-819.0
275.0,488.0,-843.0
173.0,669.0,-1136.0
694.0,441.0,-946.0
320.0,388.0,-1182.0
739.0,121.0,-1114.0
1001.0,99.0,-905.0
837.0,-19.0,-1106.0
1327.0,181.0,-843.0
847.0,620.0,-1120.0
1323.0,544.0,-1026.0
968.0,347.0,-1016.0
1108.0,378.0,-1108.0
1089.0,206.0,-1134.0
1190.0,212.0,-1175.0
1155.0,-62.0,-964.0
1149.0,13.0,-874.0
1296.0,378.0,-712.0
956.0,583.0,-1009.0
1229.0,550.0,-769.0
772.0,571.0,-1147.0
1184.0,-13.0,-1118.0
778.0,-97.0,-1179.0
1262.0,-308.0,-714.0
882.0,15.0,-794.0
1081.0,593.0,-862.0
854.0,648.0,-1286.0
1050.0,230.0,-1167.0
907.0,89.0,-1095.0
1052.0,-89.0,-1038.0
1028.0,109.0,-954.0
1134.0,103.0,-956.0
1143.0,136.0,-1063.0
1054.0,286.0,-1097.0
1245.0,261.0,-1054.0
1216.0,156.0,-946.0
1251.0,101.0,-1069.0
1253.0,-60.0,-1198.0
1335.0,50.0,-1216.0
1454.0,-101.0,-1054.0
1370.0,3.0,-977.0
1352.0,165.0,-862.0
1317.0,247.0,-1067.0
1300.0,187.0,-1048.0
1153.0,31.0,-1098.0
1241.0,-25.0,-925.0
1044.0,-78.0,-1042.0
1403.0,-263.0,-829.0
1095.0,-64.0,-919.0
1305.0,89.0,-827.0
1073.0,359.0,-985.0
1464.0,66.0,-819.0
968.0,-33.0,-1005.0
1251.0,-66.0,-1040.0
1050.0,78.0,-1216.0
1321.0,-111.0,-974.0
1091.0,-322.0,-936.0
1169.0,-105.0,-862.0
1260.0,343.0,-853.0
1221.0,505.0,-1001.0
1139.0,277.0,-1081.0
1202.0,-66.0,-1284.0
1249.0,-304.0,-1171.0
1356.0,-298.0,-972.0
1301.0,-212.0,-769.0
1200.0,226.0,-847.0
1413.0,544.0,-1061.0
1329.0,564.0,-1180.0
1220.0,130.0,-1136.0
1434.0,-124.0,-1054.0
1204.0,-128.0,-1104.0
1577.0,-212.0,-927.0
1407.0,33.0,-936.0
1487.0,124.0,-933.0
1348.0,382.0,-1024.0
1520.0,425.0,-847.0
1190.0,177.0,-1036.0
1581.0,-66.0,-1046.0
1260.0,-121.0,-1286.0
1532.0,-199.0,-1056.0
1292.0,35.0,-858.0
1547.0,197.0,-659.0
1247.0,480.0,-970.0
1602.0,406.0,-1046.0
1104.0,495.0,-1239.0
1428.0,-9.0,-1097.0
1278.0,-39.0,-1169.0
1452.0,-64.0,-878.0
1270.0,-80.0,-722.0
1467.0,189.0,-921.0
1321.0,448.0,-1071.0
1378.0,372.0,-1177.0
1360.0,386.0,-1034.0
1268.0,87.0,-1044.0
1382.0,72.0,-1120.0
1405.0,27.0,-1036.0
1547.0,-251.0,-851.0
1097.0,136.0,-1069.0
1446.0,353.0,-1097.0
1374.0,907.0,-1100.0
1104.0,310.0,-919.0
1255.0,-7.0,-1122.0
1360.0,-81.0,-1057.0
1383.0,81.0,-1005.0
1321.0,111.0,-933.0
1411.0,25.0,-821.0
1206.0,353.0,-1054.0
1586.0,536.0,-901.0
1173.0,253.0,-1145.0
1479.0,23.0,-1028.0
1161.0,-72.0,-1182.0
1694.0,5.0,-981.0
1266.0,349.0,-987.0
1477.0,-199.0,-880.0
1280.0,386.0,-985.0
1661.0,165.0,-974.0
1110.0,447.0,-1108.0
1231.0,117.0,-968.0
1182.0,-19.0,-1056.0
1397.0,-195.0,-1067.0
1196.0,-19.0,-923.0
1380.0,-83.0,-716.0
1438.0,46.0,-874.0
1122.0,366.0,-1112.0
1467.0,316.0,-987.0
1233.0,-68.0,-1171.0
1405.0,-44.0,-1069.0
1251.0,-144.0,-1145.0
1629.0,-113.0,-835.0
1491.0,-54.0,-841.0
1657.0,70.0,-974.0
1237.0,222.0,-976.0
1721.0,37.0,-935.0
1405.0,-72.0,-1216.0
1210.0,-265.0,-1130.0
1520.0,-13.0,-1083.0
1298.0,-44.0,-864.0
1544.0,-216.0,-864.0
1180.0,435.0,-804.0
1229.0,7.0,-974.0
1065.0,230.0,-1083.0
1298.0,76.0,-1177.0
940.0,-50.0,-1044.0
1173.0,25.0,-940.0
976.0,-224.0,-890.0
1046.0,-253.0,-745.0
841.0,251.0,-897.0
1077.0,421.0,-1003.0
630.0,251.0,-1241.0
976.0,148.0,-1016.0
677.0,-283.0,-1007.0
919.0,115.0,-878.0
601.0,140.0,-1061.0
909.0,31.0,-1214.0
511.0,-76.0,-1169.0
476.0,368.0,-987.0
448.0,316.0,-884.0
610.0,247.0,-942.0
240.0,1.0,-1087.0
466.0,-296.0,-1227.0
337.0,-341.0,-1190.0
439.0,-267.0,-823.0
275.0,-50.0,-776.0
253.0,464.0,-843.0
273.0,189.0,-1063.0
193.0,253.0,-1095.0
179.0,-195.0,-1165.0
111.0,-302.0,-1104.0
113.0,-31.0,-987.0
204.0,-126.0,-812.0
300.0,-33.0,-868.0
95.0,519.0,-925.0
175.0,-60.0,-979.0
56.0,345.0,-1015.0
251.0,-261.0,-921.0
78.0,-245.0,-1196.0
54.0,-193.0,-927.0
380.0,-400.0,-833.0
122.0,249.0,-712.0
113.0,267.0,-1079.0
156.0,-15.0,-1067.0
201.0,232.0,-1009.0
156.0,-1.0,-1001.0
23.0,-42.0,-1216.0
212.0,-199.0,-989.0
105.0,-247.0,-798.0
201.0,169.0,-673.0
54.0,382.0,-977.0
193.0,9.0,-1208.0
-54.0,60.0,-1184.0
173.0,-60.0,-1001.0
124.0,89.0,-1081.0
398.0,-56.0,-886.0
101.0,58.0,-866.0
357.0,-234.0,-872.0
175.0,171.0,-1206.0
290.0,195.0,-1036.0
-81.0,374.0,-1192.0
365.0,214.0,-780.0
62.0,122.0,-1235.0
193.0,-201.0,-1087.0
33.0,-308.0,-958.0
206.0,148.0,-757.0
33.0,343.0,-870.0
156.0,392.0,-1046.0
76.0,42.0,-950.0
78.0,31.0,-1050.0
245.0,74.0,-1298.0
19.0,-27.0,-841.0
267.0,-267.0,-888.0
35.0,-81.0,-901.0
224.0,212.0,-1050.0
-9.0,503.0,-1106.0
29.0,152.0,-970.0
-11.0,33.0,-1151.0
52.0,-78.0,-991.0
-68.0,-121.0,-1075.0
162.0,-302.0,-888.0
-33.0,111.0,-806.0
212.0,238.0,-1007.0
25.0,251.0,-1063.0
-111.0,284.0,-1024.0
-15.0,-89.0,-1130.0
39.0,-154.0,-1038.0
-21.0,132.0,-1032.0
70.0,60.0,-858.0
-44.0,-54.0,-991.0
-146.0,177.0,-854.0
-17.0,208.0,-1048.0
-52.0,80.0,-1036.0
-54.0,-150.0,-866.0
-128.0,-156.0,-946.0
103.0,50.0,-1028.0
40.0,124.0,-1073.0
23.0,-325.0,-915.0
33.0,-40.0,-933.0
97.0,-105.0,-796.0
62.0,450.0,-1073.0
-76.0,423.0,-1065.0
40.0,11.0,-1192.0
13.0,44.0,-1089.0
-42.0,-185.0,-936.0
44.0,-80.0,-769.0
11.0,80.0,-681.0
17.0,329.0,-1022.0
-54.0,302.0,-1155.0
40.0,-85.0,-1145.0
-62.0,242.0,-999.0
48.0,130.0,-1052.0
152.0,-54.0,-989.0
177.0,-56.0,-1009.0
-124.0,11.0,-882.0
179.0,212.0,-1118.0
23.0,226.0,-1022.0
58.0,203.0,-1098.0
-56.0,-171.0,-987.0
201.0,-245.0,-1259.0
-78.0,206.0,-991.0
150.0,154.0,-728.0
-21.0,244.0,-843.0
29.0,-80.0,-1081.0
91.0,128.0,-1063.0
-7.0,306.0,-948.0
13.0,74.0,-1225.0
40.0,-226.0,-1018.0
152.0,-19.0,-1034.0
5.0,-81.0,-747.0
-40.0,68.0,-913.0
58.0,62.0,-1016.0
76.0,199.0,-1163.0
-5.0,204.0,-991.0
-93.0,70.0,-1020.0
76.0,306.0,-991.0
-7.0,117.0,-976.0
-44.0,-1.0,-854.0
-31.0,-290.0,-981.0
0.0,-35.0,-1128.0
-5.0,91.0,-946.0
-68.0,158.0,-874.0
206.0,-203.0,-1097.0
-201.0,58.0,-1245.0
68.0,60.0,-987.0
238.0,-40.0,-819.0
-101.0,-204.0,-794.0
-29.0,37.0,-866.0
39.0,95.0,-944.0
-85.0,216.0,-1114.0
-152.0,216.0,-1188.0
175.0,-95.0,-1110.0
-7.0,-509.0,-901.0
-111.0,-163.0,-747.0
-72.0,-138.0,-755.0
83.0,327.0,-935.0
-40.0,103.0,-946.0
-296.0,117.0,-1163.0
56.0,46.0,-931.0
-9.0,66.0,-1108.0
128.0,40.0,-1175.0
-310.0,19.0,-806.0
74.0,-62.0,-815.0
50.0,-5.0,-999.0
64.0,191.0,-1179.0
-212.0,-7.0,-958.0
-44.0,39.0,-1098.0
11.0,-87.0,-1013.0
238.0,81.0,-1085.0
-109.0,105.0,-751.0
9.0,46.0,-856.0
224.0,195.0,-956.0
-46.0,-126.0,-1216.0
-134.0,19.0,-1016.0
-124.0,-97.0,-1091.0
83.0,423.0,-1108.0
85.0,42.0,-1124.0
-21.0,-177.0,-936.0
25.0,-335.0,-845.0
1.0,-136.0,-913.0
-13.0,298.0,-999.0
-50.0,251.0,-956.0
-50.0,185.0,-981.0
60.0,220.0,-1186.0
242.0,-66.0,-1167.0
60.0,-134.0,-907.0
62.0,-122.0,-788.0
-56.0,121.0,-847.0
201.0,-68.0,-1139.0
-101.0,212.0,-1028.0
-37.0,-3.0,-970.0
-54.0,31.0,-1042.0
-21.0,78.0,-872.0
109.0,-640.0,-927.0
111.0,162.0,-856.0
-204.0,138.0,-909.0
-1.0,269.0,-1075.0
-138.0,-81.0,-1028.0
169.0,-142.0,-903.0
-93.0,269.0,-1032.0
-208.0,99.0,-1179.0
105.0,-177.0,-1056.0
15.0,-158.0,-774.0
-93.0,-222.0,-843.0
-80.0,206.0,-995.0
-19.0,132.0,-1227.0
154.0,74.0,-1095.0
-208.0,80.0,-919.0
50.0,62.0,-890.0
138.0,-3.0,-1042.0
95.0,19.0,-970.0
68.0,5.0,-872.0
60.0,122.0,-964.0
138.0,5.0,-1007.0
-11.0,117.0,-1098.0
-68.0,279.0,-935.0
-39.0,-1.0,-1106.0
83.0,-357.0,-1042.0
-109.0,-191.0,-1005.0
-74.0,48.0,-687.0
5.0,509.0,-866.0
-144.0,283.0,-1054.0
154.0,-107.0,-1157.0
-333.0,-44.0,-1003.0
105.0,156.0,-983.0
152.0,19.0,-1124.0
-29.0,-411.0,-940.0
39.0,-19.0,-605.0
13.0,173.0,-952.0
83.0,439.0,-1319.0
48.0,-52.0,-1198.0
-122.0,74.0,-888.0
64.0,-124.0,-952.0
-54.0,316.0,-1116.0
245.0,136.0,-876.0
-181.0,99.0,-872.0
119.0,62.0,-921.0
-103.0,-35.0,-1210.0
62.0,249.0,-1013.0
-171.0,-19.0,-868.0
234.0,-11.0,-1042.0
37.0,89.0,-1220.0
-46.0,-568.0,-931.0
-78.0,185.0,-802.0
15.0,85.0,-823.0
122.0,366.0,-1315.0
-122.0,25.0,-962.0
179.0,-13.0,-983.0
-64.0,201.0,-1007.0
83.0,31.0,-1239.0
50.0,107.0,-913.0
-31.0,-273.0,-919.0
-54.0,-284.0,-925.0
80.0,261.0,-1024.0
113.0,388.0,-960.0
-302.0,-29.0,-1054.0
44.0,-44.0,-1114.0
-17.0,40.0,-1052.0
33.0,-35.0,-1003.0
-87.0,68.0,-839.0
-144.0,117.0,-903.0
39.0,189.0,-991.0
-89.0,115.0,-1110.0
-105.0,177.0,-1013.0
-48.0,126.0,-1159.0
-3.0,-415.0,-1097.0
-11.0,-259.0,-817.0
124.0,-85.0,-632.0
-52.0,148.0,-755.0
-107.0,349.0,-1139.0
15.0,204.0,-1194.0
109.0,-249.0,-1186.0
-117.0,189.0,-985.0
35.0,-169.0,-981.0
-1.0,290.0,-917.0
97.0,-234.0,-894.0
-105.0,-206.0,-1106.0
-95.0,1.0,-843.0
29.0,201.0,-1030.0
-3.0,505.0,-1005.0
42.0,-433.0,-1161.0
105.0,-144.0,-897.0
-21.0,156.0,-958.0
132.0,421.0,-804.0
-99.0,-48.0,-870.0
130.0,-50.0,-979.0
-31.0,308.0,-1159.0
162.0,-187.0,-1046.0
-263.0,655.0,-966.0
290.0,-212.0,-878.0
-122.0,-380.0,-1159.0
298.0,-427.0,-931.0
-189.0,165.0,-966.0
195.0,216.0,-800.0
-105.0,474.0,-1028.0
173.0,-142.0,-936.0
7.0,52.0,-1216.0
78.0,-121.0,-1032.0
11.0,230.0,-1138.0
39.0,39.0,-894.0
-165.0,-318.0,-854.0
76.0,-271.0,-915.0
-140.0,372.0,-954.0
81.0,325.0,-1057.0
-130.0,13.0,-1134.0
0.0,-58.0,-1186.0
29.0,-72.0,-921.0
-60.0,158.0,-708.0
54.0,-31.0,-772.0
-93.0,273.0,-977.0
56.0,85.0,-1192.0
-111.0,111.0,-1149.0
144.0,195.0,-1141.0
-35.0,-99.0,-1089.0
165.0,-91.0,-940.0
-80.0,-179.0,-903.0
7.0,-21.0,-962.0
-9.0,-95.0,-1011.0
-54.0,347.0,-989.0
-156.0,288.0,-966.0
-19.0,150.0,-1054.0
15.0,-27.0,-1057.0
-39.0,-21.0,-946.0
66.0,-70.0,-702.0
78.0,-50.0,-888.0
-183.0,-163.0,-895.0
167.0,13.0,-1134.0
-144.0,327.0,-1118.0
31.0,169.0,-1075.0
9.0,66.0,-1001.0
-25.0,-169.0,-917.0
177.0,15.0,-1032.0
-107.0,109.0,-977.0
21.0,46.0,-870.0
-140.0,327.0,-1050.0
236.0,-85.0,-907.0
-204.0,146.0,-1138.0
80.0,111.0,-1126.0
-37.0,11.0,-1108.0
119.0,-146.0,-798.0
-66.0,-318.0,-919.0
62.0,-39.0,-851.0
5.0,-50.0,-962.0
-85.0,612.0,-1024.0
-119.0,121.0,-1011.0
29.0,214.0,-1141.0
78.0,-429.0,-1038.0
-156.0,-5.0,-792.0
-60.0,62.0,-776.0
83.0,177.0,-862.0
105.0,-341.0,-1165.0
-105.0,46.0,-960.0
70.0,142.0,-1032.0
115.0,230.0,-1202.0
48.0,105.0,-1093.0
-72.0,-72.0,-784.0
146.0,-15.0,-864.0
-66.0,-19.0,-1161.0
76.0,83.0,-895.0
-199.0,242.0,-876.0
-56.0,148.0,-1153.0
17.0,74.0,-1225.0
-50.0,93.0,-1034.0
54.0,-175.0,-827.0
-111.0,-228.0,-872.0
121.0,-29.0,-837.0
-93.0,-140.0,-1028.0
105.0,179.0,-1046.0
-236.0,503.0,-976.0
68.0,378.0,-1237.0
-11.0,-240.0,-1044.0
-35.0,-199.0,-968.0
126.0,-17.0,-646.0
-64.0,99.0,-1016.0
111.0,160.0,-946.0
-144.0,-249.0,-1044.0
-83.0,271.0,-964.0
68.0,222.0,-1093.0
179.0,83.0,-1239.0
21.0,-534.0,-1040.0
11.0,78.0,-743.0
124.0,156.0,-772.0
37.0,415.0,-1052.0
-58.0,181.0,-1042.0
0.0,-140.0,-1097.0
-42.0,89.0,-1245.0
-25.0,93.0,-1198.0
1.0,9.0,-772.0
-148.0,-126.0,-488.0
7.0,-251.0,-1005.0
-113.0,-181.0,-1204.0
-13.0,-119.0,-966.0
-232.0,437.0,-1057.0
-40.0,650.0,-1052.0
181.0,-74.0,-1089.0
107.0,-89.0,-890.0
-97.0,-378.0,-950.0
5.0,230.0,-1024.0
238.0,56.0,-972.0
37.0,-40.0,-942.0
-284.0,-56.0,-1024.0
33.0,136.0,-972.0
39.0,204.0,-1218.0
220.0,-324.0,-964.0
-324.0,0.0,-878.0
113.0,-91.0,-782.0
-91.0,388.0,-772.0
27.0,204.0,-977.0
-29.0,183.0,-1169.0
-66.0,-146.0,-940.0
87.0,58.0,-1126.0
-66.0,251.0,-1130.0
218.0,-244.0,-936.0
-154.0,-101.0,-753.0
60.0,-242.0,-929.0
-97.0,-37.0,-1044.0
-31.0,134.0,-909.0
-222.0,515.0,-936.0
-58.0,72.0,-1243.0
-15.0,13.0,-1212.0
-33.0,-107.0,-767.0
-341.0,130.0,-769.0
-169.0,-222.0,-737.0
-142.0,-158.0,-1223.0
-27.0,-308.0,-1085.0
-544.0,648.0,-1122.0
52.0,212.0,-1030.0
-179.0,-25.0,-1202.0
-101.0,-357.0,-1007.0
-987.0,17.0,-714.0
-238.0,406.0,-595.0
-651.0,76.0,-1415.0
-519.0,5.0,-970.0
-1385.0,-136.0,-1184.0
-1138.0,363.0,-1153.0
-1057.0,87.0,-1026.0
-1321.0,35.0,-862.0
-1202.0,-450.0,-819.0
-1770.0,-167.0,-901.0
-1171.0,76.0,-911.0
-1688.0,245.0,-1116.0
-1430.0,201.0,-1038.0
-1633.0,3.0,-1032.0
-1136.0,130.0,-1296.0
-1288.0,138.0,-1005.0
-1446.0,-191.0,-944.0
-1278.0,-163.0,-581.0
-1284.0,-212.0,-1426.0
-1077.0,74.0,-897.0
-1309.0,195.0,-1147.0
-935.0,263.0,-1167.0
-1186.0,-210.0,-1241.0
-897.0,109.0,-796.0
-1057.0,273.0,-935.0
-954.0,-247.0,-858.0
-1134.0,-497.0,-1116.0
-985.0,277.0,-880.0
-1056.0,614.0,-1007.0
-936.0,-3.0,-1169.0
-728.0,-486.0,-1225.0
-1071.0,-89.0,-976.0
-983.0,683.0,-655.0
-1034.0,-124.0,-868.0
-1124.0,-310.0,-909.0
-1366.0,39.0,-923.0
-976.0,478.0,-866.0
-1210.0,267.0,-1329.0
-1462.0,-632.0,-1303.0
-1305.0,105.0,-753.0
-1274.0,83.0,-720.0
-1208.0,-23.0,-997.0
-1477.0,-366.0,-956.0
-1067.0,-17.0,-886.0
-1311.0,513.0,-1249.0
-1198.0,185.0,-1282.0
-1385.0,-76.0,-1149.0
-1227.0,-242.0,-1018.0
-1600.0,312.0,-1034.0
-1350.0,-204.0,-837.0
-1631.0,-5.0,-966.0
-1190.0,-253.0,-1073.0
-1497.0,607.0,-1245.0
-1208.0,-162.0,-1085.0
-1196.0,-21.0,-1206.0
-1122.0,130.0,-1011.0
-1143.0,195.0,-677.0
-1188.0,-130.0,-689.0
-927.0,-507.0,-1100.0
-1147.0,263.0,-1110.0
-1044.0,513.0,-1151.0
-1344.0,126.0,-1184.0
-925.0,-464.0,-1050.0
-1286.0,-11.0,-1007.0
-1186.0,402.0,-853.0
-1596.0,-187.0,-854.0
-1097.0,-421.0,-813.0
-1469.0,372.0,-1159.0
-1325.0,554.0,-1097.0
-1528.0,-407.0,-1126.0
-1383.0,-39.0,-1218.0
-1432.0,290.0,-958.0
-1725.0,394.0,-831.0
-1436.0,-456.0,-808.0
-1610.0,-197.0,-1079.0
-1202.0,35.0,-987.0
-1717.0,411.0,-1296.0
-1452.0,-136.0,-1040.0
-1583.0,-66.0,-1085.0
-1301.0,357.0,-1042.0
-1508.0,-50.0,-1097.0
-1653.0,-228.0,-815.0
-1454.0,126.0,-894.0
-1241.0,95.0,-1114.0
-1323.0,206.0,-1212.0
-1489.0,134.0,-1050.0
-1284.0,-113.0,-995.0
-1104.0,-56.0,-1206.0
-1171.0,40.0,-981.0
-1387.0,-222.0,-696.0
-1438.0,-74.0,-813.0
-1081.0,-89.0,-1165.0
-1305.0,519.0,-1145.0
-1325.0,222.0,-958.0
-1331.0,-48.0,-1132.0
-1065.0,-267.0,-1192.0
-1282.0,230.0,-853.0
-1348.0,-50.0,-687.0
-1317.0,-402.0,-856.0
-1159.0,-156.0,-1138.0
-1292.0,452.0,-1204.0
-1469.0,13.0,-1034.0
-1401.0,-39.0,-1194.0
-1260.0,-134.0,-1120.0
-1366.0,468.0,-1048.0
-1516.0,-78.0,-759.0
-1506.0,-244.0,-862.0
-1325.0,-124.0,-1056.0
-1473.0,476.0,-1180.0
-1483.0,-17.0,-1067.0
-1383.0,-146.0,-1091.0
-1223.0,-66.0,-1216.0
-1278.0,247.0,-993.0
-1444.0,-150.0,-751.0
-1358.0,-144.0,-868.0
-1268.0,31.0,-1106.0
-1339.0,376.0,-1190.0
-1424.0,31.0,-1069.0
-1401.0,-160.0,-1097.0
-1245.0,0.0,-1218.0
-1309.0,324.0,-1005.0
-1465.0,-173.0,-765.0
-1307.0,-175.0,-696.0
-1251.0,-107.0,-1087.0
-1344.0,345.0,-1081.0
-1434.0,40.0,-983.0
-1358.0,-46.0,-1149.0
-1212.0,-54.0,-1290.0
-1417.0,335.0,-1079.0
-1450.0,-21.0,-698.0
-1401.0,-195.0,-819.0
-1227.0,-171.0,-1116.0
-1245.0,314.0,-1067.0
-1325.0,134.0,-999.0
-1079.0,-105.0,-1153.0
-1085.0,-162.0,-1323.0
-1059.0,347.0,-925.0
-1233.0,-124.0,-692.0
-1040.0,-173.0,-839.0
-929.0,-78.0,-1188.0
-1050.0,407.0,-1126.0
-972.0,31.0,-1089.0
-925.0,-29.0,-1200.0
-665.0,44.0,-1266.0
-802.0,150.0,-948.0
-806.0,-130.0,-726.0
-720.0,-353.0,-798.0
-673.0,150.0,-1009.0
-653.0,304.0,-997.0
-653.0,122.0,-1032.0
-499.0,-99.0,-1186.0
-423.0,35.0,-1286.0
-425.0,226.0,-935.0
-396.0,-99.0,-743.0
-312.0,-163.0,-841.0
-236.0,23.0,-1054.0
-277.0,203.0,-1073.0
-253.0,109.0,-1079.0
-206.0,-80.0,-1179.0
-111.0,72.0,-1190.0
-142.0,138.0,-977.0
-167.0,70.0,-774.0
-175.0,-228.0,-851.0
-150.0,-11.0,-989.0
-175.0,224.0,-1005.0
-154.0,99.0,-1071.0
-140.0,-37.0,-1216.0
-52.0,56.0,-1266.0
-89.0,169.0,-1022.0
-105.0,0.0,-800.0
-152.0,-261.0,-843.0
-103.0,-21.0,-936.0
-146.0,197.0,-983.0
-121.0,197.0,-1057.0
-158.0,-37.0,-1227.0
-136.0,70.0,-1210.0
-130.0,105.0,-1005.0
-154.0,-17.0,-810.0
-142.0,-185.0,-856.0
-167.0,-13.0,-923.0
-181.0,150.0,-1046.0
-130.0,68.0,-1128.0
-199.0,62.0,-1202.0
-154.0,111.0,-1149.0
-119.0,109.0,-1044.0
-124.0,-74.0,-940.0
-156.0,-132.0,-890.0
-185.0,40.0,-856.0
-144.0,105.0,-958.0
-220.0,95.0,-1110.0
-163.0,-5.0,-1167.0
-134.0,115.0,-1192.0
-68.0,64.0,-1120.0
-113.0,-29.0,-913.0
-193.0,-95.0,-804.0
-140.0,-9.0,-882.0
-138.0,81.0,-995.0
-134.0,99.0,-1112.0
-165.0,81.0,-1143.0
-122.0,128.0,-1141.0
-50.0,7.0,-1079.0
-78.0,-46.0,-960.0
-121.0,-101.0,-813.0
-111.0,9.0,-829.0
-78.0,19.0,-977.0
-81.0,113.0,-1093.0
-103.0,81.0,-1161.0
-54.0,124.0,-1216.0
0.0,50.0,-1143.0
-5.0,-56.0,-956.0
-83.0,-85.0,-798.0
-68.0,-15.0,-808.0
-70.0,33.0,-976.0
-72.0,68.0,-1075.0
-128.0,142.0,-1151.0
-50.0,81.0,-1200.0
23.0,7.0,-1138.0
-35.0,-40.0,-901.0
-83.0,-50.0,-808.0
-74.0,1.0,-829.0
5.0,19.0,-1028.0
-81.0,72.0,-1132.0
-25.0,58.0,-1167.0
-56.0,130.0,-1126.0
48.0,35.0,-1128.0
-19.0,-35.0,-989.0
-3.0,-97.0,-862.0
-21.0,-7.0,-849.0
7.0,44.0,-991.0
-48.0,89.0,-1057.0
40.0,80.0,-1102.0
0.0,97.0,-1190.0
220.0,56.0,-1175.0
138.0,-13.0,-989.0
132.0,-40.0,-806.0
25.0,-29.0,-806.0
156.0,-7.0,-1016.0
93.0,17.0,-1067.0
101.0,152.0,-1110.0
89.0,134.0,-1165.0
113.0,81.0,-1159.0
99.0,-29.0,-1030.0
19.0,-62.0,-817.0
0.0,-27.0,-833.0
21.0,25.0,-958.0
-56.0,52.0,-995.0
5.0,115.0,-1024.0
-37.0,87.0,-1204.0
1.0,101.0,-1208.0
-56.0,-39.0,-1028.0
-99.0,-23.0,-798.0
-87.0,-31.0,-810.0
-60.0,17.0,-940.0
-93.0,35.0,-1022.0
-52.0,119.0,-1106.0
-70.0,152.0,-1216.0
-19.0,83.0,-1212.0
-23.0,-62.0,-1007.0
-81.0,-35.0,-804.0
-81.0,-15.0,-860.0
-62.0,25.0,-972.0
-44.0,-11.0,-1056.0
-78.0,60.0,-1112.0
-109.0,140.0,-1184.0
-48.0,130.0,-1153.0
-37.0,21.0,-1042.0
-64.0,-74.0,-880.0
-81.0,-76.0,-856.0
-68.0,21.0,-858.0
-52.0,56.0,-977.0
-64.0,64.0,-1071.0
-122.0,124.0,-1173.0
-5.0,80.0,-1192.0
5.0,5.0,-1104.0
17.0,-35.0,-833.0
-80.0,0.0,-788.0
23.0,3.0,-933.0
-37.0,-15.0,-1052.0
-9.0,91.0,-1108.0
-48.0,130.0,-1149.0
35.0,130.0,-1169.0
23.0,3.0,-1067.0
48.0,-76.0,-913.0
-80.0,-39.0,-837.0
66.0,-40.0,-907.0
-25.0,68.0,-1003.0
3.0,113.0,-1063.0
-40.0,117.0,-1128.0
62.0,99.0,-1229.0
42.0,31.0,-1098.0
74.0,-50.0,-892.0
-62.0,-60.0,-806.0
58.0,25.0,-866.0
23.0,-21.0,-1018.0
-11.0,122.0,-1085.0
-85.0,146.0,-1155.0
68.0,80.0,-1179.0
87.0,7.0,-1089.0
39.0,-39.0,-872.0
-44.0,-40.0,-817.0
40.0,-5.0,-919.0
-3.0,-3.0,-1038.0
-40.0,89.0,-1089.0
-68.0,97.0,-1124.0
39.0,117.0,-1134.0
56.0,35.0,-1098.0
37.0,-27.0,-985.0
-42.0,-122.0,-882.0
-17.0,-1.0,-866.0
-58.0,21.0,-995.0
-66.0,91.0,-1061.0
-56.0,107.0,-1108.0
7.0,126.0,-1180.0
81.0,0.0,-1163.0
-7.0,-35.0,-938.0
-58.0,-50.0,-806.0
-21.0,-17.0,-854.0
1.0,-9.0,-1054.0
-70.0,52.0,-1093.0
-72.0,105.0,-1073.0
-33.0,111.0,-1122.0
83.0,39.0,-1128.0
-1.0,-48.0,-985.0
-33.0,-72.0,-835.0
-25.0,-5.0,-874.0
0.0,13.0,-1016.0
-95.0,44.0,-1034.0
-31.0,144.0,-1067.0
-27.0,91.0,-1167.0
95.0,64.0,-1198.0
29.0,-27.0,-958.0
-40.0,-48.0,-815.0
-33.0,-31.0,-839.0
-15.0,29.0,-1005.0
-60.0,39.0,-1067.0
-1.0,89.0,-1089.0
-39.0,150.0,-1130.0
83.0,40.0,-1173.0
-5.0,5.0,-977.0
25.0,-68.0,-845.0
-33.0,-23.0,-876.0
17.0,37.0,-1015.0
-56.0,-5.0,-1052.0
-33.0,128.0,-1050.0
-29.0,109.0,-1153.0
78.0,101.0,-1149.0
3.0,29.0,-1024.0
33.0,-44.0,-866.0
-33.0,-42.0,-880.0
-11.0,-1.0,-940.0
-60.0,33.0,-1016.0
0.0,117.0,-1048.0
-37.0,130.0,-1165.0
72.0,91.0,-1198.0
35.0,-31.0,-1052.0
-11.0,-13.0,-792.0
-70.0,-15.0,-827.0
42.0,-13.0,-991.0
-62.0,-5.0,-1059.0
-7.0,134.0,-1073.0
-39.0,130.0,-1134.0
21.0,117.0,-1161.0
0.0,-7.0,-1024.0
56.0,-35.0,-901.0
-64.0,-48.0,-876.0
25.0,9.0,-964.0
-35.0,27.0,-1001.0
5.0,80.0,-1044.0
-62.0,132.0,-1155.0
19.0,107.0,-1208.0
23.0,11.0,-1044.0
29.0,-29.0,-854.0
-42.0,-74.0,-843.0
-23.0,35.0,-897.0
-13.0,-21.0,-1044.0
-33.0,113.0,-1091.0
-54.0,122.0,-1134.0
7.0,117.0,-1126.0
42.0,33.0,-1075.0
17.0,-54.0,-901.0
-56.0,-60.0,-854.0
23.0,-15.0,-938.0
-21.0,-5.0,-1022.0
-35.0,91.0,-1046.0
-44.0,130.0,-1141.0
-5.0,121.0,-1180.0
66.0,-9.0,-1087.0
29.0,-33.0,-909.0
-56.0,-70.0,-864.0
33.0,-17.0,-882.0
-17.0,9.0,-1009.0
-42.0,101.0,-1071.0
-74.0,158.0,-1128.0
37.0,109.0,-1186.0
64.0,-15.0,-1128.0
44.0,-35.0,-892.0
-48.0,-25.0,-802.0
-13.0,0.0,-897.0
5.0,-17.0,-1083.0
-11.0,46.0,-1093.0
-64.0,154.0,-1089.0
0.0,132.0,-1138.0
72.0,-5.0,-1089.0
21.0,-50.0,-950.0
-31.0,-91.0,-878.0
31.0,5.0,-895.0
-21.0,5.0,-1015.0
-58.0,81.0,-1048.0
-68.0,119.0,-1073.0
19.0,83.0,-1169.0
48.0,68.0,-1157.0
29.0,-48.0,-958.0
-50.0,-40.0,-823.0
-7.0,-29.0,-858.0
-17.0,25.0,-1030.0
-52.0,54.0,-1081.0
-44.0,93.0,-1106.0
-29.0,158.0,-1130.0
60.0,0.0,-1126.0
21.0,-9.0,-964.0
-37.0,-62.0,-847.0
9.0,-31.0,-903.0
-27.0,15.0,-1001.0
-56.0,31.0,-1032.0
-83.0,109.0,-1057.0
-9.0,121.0,-1155.0
31.0,62.0,-1157.0
44.0,-35.0,-1015.0
-37.0,-54.0,-825.0
-21.0,-15.0,-856.0
-21.0,-21.0,-983.0
-56.0,48.0,-1042.0
-58.0,148.0,-1067.0
-17.0,140.0,-1188.0
58.0,54.0,-1200.0
1.0,-74.0,-987.0
-25.0,-40.0,-782.0
-31.0,19.0,-833.0
29.0,19.0,-1038.0
-40.0,-23.0,-1110.0
83.0,76.0,-1063.0
66.0,173.0,-1139.0
201.0,142.0,-1106.0
312.0,-25.0,-977.0
370.0,-72.0,-901.0
365.0,-31.0,-862.0
380.0,35.0,-976.0
489.0,0.0,-974.0
476.0,60.0,-1073.0
480.0,146.0,-1214.0
552.0,160.0,-1251.0
571.0,-19.0,-1079.0
587.0,-85.0,-866.0
501.0,-3.0,-812.0
577.0,93.0,-880.0
610.0,-68.0,-999.0
530.0,35.0,-1048.0
509.0,187.0,-1139.0
497.0,189.0,-1106.0
505.0,-78.0,-1048.0
474.0,-99.0,-880.0
351.0,46.0,-821.0
404.0,83.0,-909.0
294.0,-13.0,-960.0
325.0,0.0,-1075.0
212.0,152.0,-1159.0
255.0,277.0,-1184.0
257.0,-93.0,-1075.0
189.0,-83.0,-894.0
66.0,-1.0,-815.0
93.0,56.0,-862.0
15.0,1.0,-976.0
81.0,19.0,-1147.0
-33.0,181.0,-1237.0
66.0,173.0,-1243.0
56.0,-42.0,-1089.0
76.0,-76.0,-890.0
-46.0,25.0,-817.0
87.0,11.0,-903.0
-1.0,-3.0,-1063.0
33.0,-1.0,-1134.0
-60.0,136.0,-1141.0
35.0,244.0,-1143.0
101.0,-50.0,-1054.0
66.0,-52.0,-976.0
0.0,-58.0,-845.0
60.0,81.0,-880.0
42.0,13.0,-944.0
-7.0,29.0,-1085.0
-31.0,122.0,-1095.0
23.0,154.0,-1214.0
134.0,13.0,-1143.0
54.0,-29.0,-936.0
-54.0,-48.0,-774.0
-15.0,-5.0,-808.0
-23.0,-33.0,-1016.0
-101.0,101.0,-1091.0
-70.0,117.0,-1089.0
-54.0,181.0,-1149.0
91.0,-29.0,-1169.0
-81.0,-21.0,-976.0
-23.0,-44.0,-806.0
-52.0,-19.0,-868.0
0.0,3.0,-1020.0
-66.0,42.0,-1052.0
-40.0,152.0,-1087.0
15.0,111.0,-1231.0
126.0,44.0,-1200.0
46.0,-48.0,-981.0
-1.0,-52.0,-772.0
74.0,29.0,-831.0
111.0,-62.0,-991.0
11.0,66.0,-1036.0
89.0,64.0,-1075.0
115.0,126.0,-1198.0
212.0,3.0,-1173.0
119.0,0.0,-962.0
89.0,39.0,-790.0
111.0,0.0,-892.0
130.0,-9.0,-1050.0
121.0,-29.0,-1011.0
103.0,56.0,-1009.0
105.0,117.0,-1116.0
95.0,21.0,-1149.0
99.0,31.0,-1028.0
76.0,-15.0,-901.0
31.0,-19.0,-905.0
-13.0,7.0,-948.0
-1.0,-39.0,-946.0
-21.0,109.0,-1005.0
-44.0,76.0,-1198.0
19.0,64.0,-1221.0
-19.0,66.0,-1063.0
-44.0,-39.0,-864.0
-87.0,27.0,-895.0
-11.0,-42.0,-958.0
-66.0,-3.0,-1020.0
-62.0,89.0,-1001.0
-74.0,134.0,-1149.0
21.0,17.0,-1190.0
-54.0,31.0,-1073.0
-1.0,3.0,-907.0
-64.0,3.0,-907.0
58.0,-11.0,-962.0
-35.0,-52.0,-952.0
-52.0,146.0,-964.0
-21.0,64.0,-1130.0
50.0,97.0,-1221.0
3.0,-31.0,-1091.0
0.0,35.0,-870.0
-62.0,31.0,-827.0
76.0,-15.0,-929.0
-27.0,-25.0,-964.0
-17.0,70.0,-1026.0
-31.0,117.0,-1120.0
27.0,50.0,-1194.0
-7.0,48.0,-1052.0
-37.0,23.0,-929.0
-56.0,13.0,-872.0
109.0,27.0,-958.0
-37.0,-7.0,-1015.0
9.0,-37.0,-1015.0
-85.0,101.0,-1054.0
95.0,152.0,-1116.0
39.0,74.0,-1139.0
-42.0,-3.0,-991.0
-5.0,-111.0,-921.0
130.0,44.0,-864.0
-15.0,91.0,-987.0
0.0,27.0,-983.0
0.0,25.0,-1061.0
134.0,91.0,-1206.0
60.0,44.0,-1220.0
-42.0,52.0,-909.0
5.0,-50.0,-845.0
130.0,13.0,-903.0
62.0,-50.0,-1046.0
-27.0,56.0,-962.0
-17.0,105.0,-1011.0
103.0,115.0,-1192.0
56.0,122.0,-1132.0
44.0,-33.0,-991.0
-40.0,-48.0,-903.0
140.0,33.0,-946.0
-25.0,3.0,-942.0
33.0,11.0,-894.0
-58.0,-13.0,-1085.0
0.0,183.0,-1188.0
-33.0,134.0,-1163.0
35.0,15.0,-1069.0
-99.0,-29.0,-860.0
124.0,3.0,-935.0
-105.0,-44.0,-974.0
-48.0,37.0,-960.0
-171.0,21.0,-1011.0
-3.0,134.0,-1200.0
-25.0,9.0,-1173.0
-3.0,66.0,-1001.0
-42.0,-13.0,-946.0
-37.0,-46.0,-1083.0
-171.0,-21.0,-874.0
29.0,80.0,-917.0
-54.0,60.0,-1005.0
-29.0,91.0,-1167.0
-19.0,72.0,-1175.0
-54.0,58.0,-1106.0
-101.0,-9.0,-972.0
9.0,-13.0,-911.0
37.0,3.0,-911.0
-81.0,-13.0,-874.0
-76.0,-5.0,-956.0
17.0,183.0,-1136.0
76.0,-44.0,-1321.0
-52.0,181.0,-1098.0
111.0,-1.0,-839.0
21.0,83.0,-936.0
-66.0,-107.0,-956.0
122.0,-117.0,-856.0
-62.0,144.0,-958.0
-33.0,46.0,-1229.0
42.0,60.0,-1153.0
189.0,17.0,-1061.0
-3.0,76.0,-1001.0
-189.0,122.0,-931.0
119.0,-150.0,-903.0
-93.0,-5.0,-858.0
-37.0,44.0,-1016.0
40.0,78.0,-1177.0
72.0,91.0,-1221.0
-5.0,68.0,-1114.0
37.0,-54.0,-1009.0
-122.0,25.0,-765.0
150.0,11.0,-870.0
-9.0,-39.0,-946.0
23.0,25.0,-1026.0
-42.0,76.0,-1098.0
13.0,121.0,-1171.0
1.0,64.0,-1161.0
-101.0,39.0,-972.0
21.0,-70.0,-870.0
189.0,-15.0,-935.0
-56.0,5.0,-936.0
-56.0,-1.0,-991.0
78.0,158.0,-1089.0
83.0,148.0,-1204.0
101.0,91.0,-1177.0
-60.0,-3.0,-944.0
-13.0,15.0,-845.0
121.0,-48.0,-843.0
3.0,-3.0,-983.0
-42.0,3.0,-985.0
-111.0,85.0,-1065.0
130.0,130.0,-1186.0
156.0,-25.0,-1202.0
-78.0,107.0,-927.0
-23.0,-3.0,-849.0
64.0,76.0,-909.0
-19.0,-89.0,-1132.0
-208.0,105.0,-974.0
140.0,46.0,-845.0
89.0,130.0,-1247.0
9.0,46.0,-1223.0
-54.0,-122.0,-966.0
-85.0,-7.0,-808.0
-103.0,103.0,-929.0
130.0,35.0,-1063.0
-109.0,-15.0,-942.0
-130.0,72.0,-987.0
142.0,185.0,-1087.0
78.0,113.0,-1303.0
-54.0,-21.0,-1048.0
-107.0,-68.0,-810.0
66.0,0.0,-862.0
-72.0,-15.0,-1036.0
-54.0,126.0,-979.0
87.0,-40.0,-944.0
-58.0,162.0,-1120.0
-105.0,89.0,-1198.0
169.0,-1.0,-1048.0
-46.0,39.0,-903.0
33.0,-23.0,-933.0
-64.0,35.0,-950.0
17.0,33.0,-890.0
-78.0,37.0,-1077.0
52.0,93.0,-1210.0
156.0,-21.0,-1188.0
60.0,40.0,-1052.0
-105.0,109.0,-806.0
195.0,-121.0,-913.0
-25.0,-5.0,-938.0
27.0,13.0,-935.0
-33.0,185.0,-987.0
9.0,95.0,-1253.0
-1.0,7.0,-1216.0
163.0,46.0,-1001.0
-50.0,-95.0,-835.0
-148.0,68.0,-936.0
64.0,-25.0,-1022.0
60.0,-9.0,-1087.0
-156.0,27.0,-993.0
-46.0,3.0,-1044.0
130.0,117.0,-1159.0
-19.0,136.0,-1087.0
-58.0,-33.0,-952.0
-23.0,-13.0,-874.0
-44.0,3.0,-958.0
-162.0,138.0,-956.0
60.0,-11.0,-1022.0
-31.0,27.0,-1102.0
5.0,85.0,-1098.0
46.0,158.0,-1141.0
9.0,-23.0,-1003.0
-163.0,-42.0,-847.0
60.0,-54.0,-884.0
5.0,60.0,-1036.0
-66.0,171.0,-1020.0
-1.0,76.0,-1077.0
93.0,46.0,-1180.0
-35.0,29.0,-1143.0
13.0,48.0,-970.0
11.0,-19.0,-880.0
78.0,-128.0,-987.0
-66.0,52.0,-954.0
101.0,162.0,-936.0
-48.0,56.0,-1116.0
23.0,44.0,-1167.0
201.0,39.0,-1089.0
-89.0,31.0,-1059.0
-247.0,-33.0,-817.0
62.0,81.0,-853.0
117.0,56.0,-1015.0
-72.0,-56.0,-989.0
-97.0,58.0,-1034.0
167.0,-21.0,-1192.0
-93.0,206.0,-1192.0
33.0,-68.0,-995.0
-150.0,-42.0,-835.0
171.0,-7.0,-991.0
-62.0,39.0,-1013.0
-74.0,130.0,-1013.0
-25.0,58.0,-1054.0
87.0,-105.0,-1147.0
-40.0,189.0,-1122.0
-21.0,103.0,-1005.0
-17.0,-52.0,-929.0
72.0,-37.0,-899.0
-1.0,-19.0,-993.0
-122.0,134.0,-956.0
-40.0,46.0,-1015.0
-15.0,50.0,-1247.0
66.0,134.0,-1005.0
11.0,-33.0,-794.0
42.0,-31.0,-915.0
-97.0,-3.0,-979.0
152.0,-66.0,-1016.0
-204.0,115.0,-991.0
107.0,136.0,-1104.0
-48.0,40.0,-1196.0
203.0,62.0,-977.0
-81.0,-80.0,-886.0
-156.0,3.0,-985.0
-21.0,21.0,-995.0
-11.0,263.0,-950.0
-11.0,-87.0,-1001.0
148.0,93.0,-1153.0
162.0,-23.0,-1249.0
-158.0,169.0,-1022.0
-113.0,48.0,-837.0
-21.0,-99.0,-882.0
21.0,50.0,-956.0
21.0,-15.0,-987.0
-80.0,60.0,-1036.0
37.0,128.0,-1114.0
-9.0,-64.0,-1278.0
19.0,74.0,-989.0
-9.0,-66.0,-802.0
-148.0,175.0,-843.0
152.0,-54.0,-1147.0
-48.0,33.0,-1005.0
56.0,46.0,-1042.0
50.0,60.0,-1026.0
-109.0,136.0,-1145.0
17.0,105.0,-1075.0
87.0,39.0,-931.0
-33.0,-29.0,-899.0
58.0,-25.0,-915.0
46.0,19.0,-933.0
-25.0,37.0,-1015.0
-146.0,101.0,-1104.0
-74.0,31.0,-1145.0
265.0,95.0,-1087.0
-115.0,40.0,-997.0
-25.0,-5.0,-874.0
40.0,-39.0,-825.0
91.0,80.0,-1073.0
-126.0,177.0,-1040.0
-11.0,3.0,-1106.0
62.0,64.0,-1097.0
89.0,-85.0,-1091.0
-58.0,66.0,-921.0
-33.0,0.0,-917.0
191.0,-72.0,-935.0
-126.0,40.0,-993.0
-31.0,93.0,-983.0
64.0,107.0,-1118.0
-74.0,83.0,-1272.0
85.0,-56.0,-1186.0
-89.0,37.0,-888.0
17.0,-44.0,-833.0
-19.0,17.0,-968.0
1.0,11.0,-1081.0
-7.0,-54.0,-966.0
-167.0,195.0,-987.0
85.0,89.0,-1255.0
89.0,9.0,-1124.0
19.0,-19.0,-936.0
-121.0,74.0,-774.0
154.0,54.0,-1038.0
97.0,1.0,-1126.0
-105.0,27.0,-954.0
-48.0,-25.0,-907.0
-11.0,156.0,-1198.0
150.0,156.0,-1227.0
-11.0,-103.0,-1143.0
-351.0,-25.0,-659.0
212.0,40.0,-866.0
142.0,169.0,-1114.0
-80.0,-177.0,-1087.0
-273.0,25.0,-761.0
-21.0,255.0,-1102.0
290.0,91.0,-1536.0
-203.0,-107.0,-1110.0
-142.0,-201.0,-452.0
44.0,245.0,-769.0
146.0,216.0,-1460.0
-44.0,-138.0,-1040.0
-87.0,-52.0,-722.0
-173.0,320.0,-1016.0
281.0,101.0,-1645.0
-187.0,-52.0,-1005.0
156.0,-361.0,-542.0
-300.0,206.0,-765.0
97.0,220.0,-1467.0
35.0,-87.0,-1028.0
-44.0,-335.0,-671.0
-341.0,327.0,-1093.0
308.0,484.0,-1508.0
97.0,-169.0,-1243.0
-255.0,-281.0,-523.0
-193.0,183.0,-813.0
363.0,497.0,-1378.0
130.0,-398.0,-1161.0
-199.0,-308.0,-562.0
-281.0,327.0,-798.0
614.0,610.0,-1526.0
-103.0,-257.0,-1270.0
-201.0,-191.0,-620.0
-171.0,142.0,-751.0
374.0,525.0,-1473.0
-46.0,-267.0,-1073.0
-101.0,-499.0,-472.0
-173.0,181.0,-808.0
411.0,653.0,-1491.0
-247.0,27.0,-1497.0
-113.0,-488.0,-716.0
-152.0,148.0,-745.0
187.0,337.0,-1323.0
-15.0,-95.0,-1065.0
146.0,-745.0,-610.0
-355.0,609.0,-655.0
199.0,378.0,-1653.0
-203.0,261.0,-1438.0
204.0,-552.0,-692.0
-179.0,201.0,-767.0
3.0,201.0,-1260.0
320.0,-191.0,-1009.0
7.0,-337.0,-718.0
-314.0,269.0,-692.0
-29.0,171.0,-1567.0
87.0,472.0,-1184.0
359.0,-566.0,-936.0
-478.0,226.0,-794.0
40.0,-9.0,-1091.0
316.0,181.0,-919.0
80.0,-372.0,-868.0
-316.0,-58.0,-843.0
-204.0,376.0,-1214.0
437.0,320.0,-1399.0
341.0,-407.0,-1057.0
-421.0,40.0,-716.0
40.0,177.0,-763.0
353.0,290.0,-1138.0
140.0,-333.0,-1054.0
-363.0,-42.0,-839.0
-148.0,318.0,-954.0
591.0,257.0,-1426.0
93.0,-345.0,-1206.0
-365.0,-113.0,-626.0
13.0,150.0,-628.0
361.0,378.0,-1184.0
11.0,-349.0,-1186.0
-365.0,-11.0,-792.0
-11.0,257.0,-854.0
433.0,339.0,-1481.0
60.0,-183.0,-1382.0
-374.0,-259.0,-566.0
27.0,158.0,-583.0
179.0,390.0,-1202.0
56.0,-333.0,-1342.0
-417.0,-37.0,-765.0
132.0,115.0,-915.0
232.0,534.0,-1368.0
146.0,-197.0,-1407.0
-359.0,-220.0,-517.0
105.0,154.0,-509.0
138.0,439.0,-1342.0
-1.0,-204.0,-1403.0
-134.0,-191.0,-718.0
44.0,115.0,-833.0
255.0,452.0,-1333.0
-136.0,-1.0,-1419.0
-72.0,-458.0,-679.0
-111.0,81.0,-642.0
111.0,365.0,-1266.0
-122.0,162.0,-1163.0
220.0,-388.0,-913.0
-214.0,158.0,-933.0
105.0,318.0,-1378.0
-286.0,99.0,-1136.0
341.0,-480.0,-882.0
-390.0,89.0,-831.0
122.0,136.0,-1024.0
-273.0,306.0,-960.0
472.0,-413.0,-1124.0
-478.0,327.0,-1052.0
255.0,72.0,-1206.0
-329.0,314.0,-940.0
320.0,-339.0,-1009.0
-366.0,111.0,-999.0
345.0,7.0,-851.0
-216.0,306.0,-792.0
302.0,-337.0,-1149.0
-136.0,212.0,-1192.0
163.0,-95.0,-1077.0
-384.0,322.0,-991.0
271.0,-179.0,-1036.0
23.0,21.0,-931.0
85.0,-70.0,-890.0
-191.0,165.0,-823.0
314.0,15.0,-1044.0
119.0,146.0,-1317.0
-160.0,-70.0,-1173.0
-171.0,5.0,-888.0
363.0,-27.0,-989.0
31.0,80.0,-1067.0
-160.0,-103.0,-853.0
-7.0,156.0,-780.0
226.0,13.0,-1182.0
52.0,148.0,-1313.0
-366.0,46.0,-960.0
152.0,103.0,-835.0
193.0,42.0,-1155.0
35.0,-167.0,-1200.0
-361.0,31.0,-704.0
218.0,-40.0,-708.0
-9.0,156.0,-1202.0
-56.0,-103.0,-1339.0
-304.0,31.0,-884.0
304.0,167.0,-876.0
140.0,195.0,-1294.0
-64.0,-218.0,-1161.0
-325.0,-35.0,-583.0
193.0,76.0,-763.0
-42.0,210.0,-1409.0
7.0,-97.0,-1169.0
-78.0,-76.0,-872.0
193.0,124.0,-952.0
-64.0,185.0,-1260.0
76.0,-179.0,-1145.0
-283.0,-33.0,-653.0
183.0,105.0,-747.0
76.0,376.0,-1216.0
167.0,-132.0,-1309.0
-304.0,11.0,-841.0
148.0,-54.0,-942.0
7.0,402.0,-1319.0
52.0,-333.0,-1132.0
-64.0,-142.0,-601.0
-48.0,140.0,-640.0
35.0,208.0,-1335.0
-9.0,-50.0,-1298.0
-99.0,-64.0,-923.0
111.0,105.0,-862.0
35.0,339.0,-1309.0
13.0,-150.0,-1075.0
-146.0,-99.0,-755.0
-78.0,70.0,-751.0
97.0,247.0,-1179.0
42.0,-224.0,-1262.0
-203.0,-15.0,-892.0
197.0,35.0,-892.0
-78.0,316.0,-1329.0
35.0,-35.0,-1143.0
-9.0,-121.0,-661.0
62.0,216.0,-708.0
-101.0,81.0,-1301.0
-64.0,-33.0,-1165.0
183.0,-29.0,-778.0
281.0,286.0,-1063.0
-325.0,-27.0,-1337.0
91.0,-245.0,-1097.0
-40.0,39.0,-470.0
298.0,294.0,-954.0
-357.0,134.0,-1190.0
95.0,-261.0,-1173.0
117.0,-56.0,-771.0
156.0,423.0,-1270.0
-417.0,191.0,-1212.0
361.0,-316.0,-1020.0
-7.0,-9.0,-558.0
486.0,156.0,-1056.0
-683.0,232.0,-1015.0
409.0,-187.0,-1034.0
136.0,-210.0,-972.0
0.0,304.0,-1350.0
-400.0,324.0,-1147.0
294.0,-257.0,-847.0
64.0,-76.0,-677.0
-93.0,210.0,-1030.0
-515.0,236.0,-1059.0
470.0,-267.0,-942.0
-48.0,-150.0,-1061.0
-21.0,288.0,-1274.0
-347.0,191.0,-956.0
437.0,-206.0,-915.0
-191.0,-50.0,-874.0
-11.0,111.0,-1122.0
-312.0,298.0,-851.0
534.0,-230.0,-1104.0
-249.0,-23.0,-1102.0
-33.0,187.0,-1147.0
-343.0,372.0,-825.0
515.0,-203.0,-1163.0
-150.0,-181.0,-1028.0
35.0,163.0,-890.0
-146.0,286.0,-667.0
527.0,-203.0,-1231.0
-273.0,39.0,-1171.0
-33.0,89.0,-1143.0
-294.0,378.0,-782.0
441.0,-206.0,-1128.0
-78.0,-95.0,-1059.0
187.0,-3.0,-974.0
-269.0,203.0,-646.0
308.0,-99.0,-1184.0
-247.0,7.0,-1231.0
80.0,68.0,-1159.0
-212.0,273.0,-743.0
458.0,-105.0,-1163.0
-259.0,-46.0,-1288.0
1.0,-25.0,-853.0
15.0,263.0,-651.0
234.0,35.0,-1122.0
-296.0,-163.0,-1444.0
-83.0,206.0,-866.0
189.0,74.0,-915.0
56.0,150.0,-1139.0
-113.0,-497.0,-1341.0
-101.0,222.0,-624.0
156.0,124.0,-782.0
-3.0,337.0,-1145.0
-89.0,-491.0,-1454.0
-244.0,251.0,-747.0
193.0,304.0,-913.0
54.0,89.0,-1231.0
-304.0,-468.0,-1309.0
-80.0,99.0,-452.0
402.0,206.0,-929.0
-183.0,242.0,-1204.0
-122.0,-435.0,-1315.0
-122.0,156.0,-655.0
238.0,271.0,-1042.0
-294.0,318.0,-1237.0
142.0,-435.0,-1255.0
152.0,37.0,-702.0
70.0,296.0,-735.0
-64.0,195.0,-1159.0
-29.0,-197.0,-1214.0
152.0,-115.0,-829.0
126.0,359.0,-853.0
13.0,122.0,-1393.0
-175.0,-281.0,-1067.0
101.0,-78.0,-646.0
74.0,337.0,-899.0
-230.0,191.0,-1147.0
-128.0,-300.0,-1192.0
39.0,-165.0,-843.0
142.0,329.0,-1097.0
-175.0,353.0,-1227.0
158.0,-376.0,-1288.0
-124.0,3.0,-579.0
-60.0,27.0,-915.0
-279.0,503.0,-1032.0
376.0,-240.0,-1192.0
-64.0,-105.0,-1022.0
-275.0,115.0,-1036.0
146.0,183.0,-1038.0
222.0,-40.0,-1182.0
-146.0,-220.0,-882.0
-109.0,111.0,-696.0
191.0,208.0,-915.0
144.0,179.0,-1268.0
-21.0,-201.0,-1192.0
-244.0,83.0,-772.0
308.0,105.0,-1071.0
-35.0,288.0,-1262.0
46.0,-388.0,-942.0
-195.0,42.0,-532.0
177.0,72.0,-989.0
113.0,165.0,-1335.0
-44.0,-128.0,-1151.0
-199.0,40.0,-751.0
325.0,142.0,-1036.0
76.0,121.0,-1401.0
-5.0,-162.0,-1030.0
-245.0,64.0,-431.0
308.0,132.0,-911.0
-50.0,175.0,-1426.0
-5.0,-87.0,-1139.0
-126.0,-165.0,-810.0
148.0,308.0,-979.0
29.0,91.0,-1329.0
-68.0,-126.0,-917.0
-199.0,-64.0,-515.0
78.0,191.0,-870.0
167.0,204.0,-1387.0
78.0,-70.0,-1391.0
-308.0,-66.0,-675.0
185.0,33.0,-929.0
-255.0,281.0,-1292.0
218.0,-187.0,-1069.0
76.0,-181.0,-687.0
29.0,128.0,-810.0
-95.0,107.0,-1247.0
81.0,132.0,-1204.0
-124.0,-171.0,-821.0
52.0,220.0,-1003.0
-66.0,158.0,-1196.0
201.0,-83.0,-1020.0
-134.0,17.0,-712.0
150.0,33.0,-948.0
-122.0,193.0,-1262.0
158.0,-39.0,-1069.0
-35.0,-13.0,-894.0
81.0,64.0,-1048.0
-40.0,107.0,-1163.0
187.0,-107.0,-970.0
-60.0,80.0,-776.0
-97.0,35.0,-964.0
-83.0,152.0,-1145.0
167.0,-148.0,-1034.0
56.0,162.0,-903.0
-195.0,39.0,-1087.0
-33.0,56.0,-1276.0
78.0,-115.0,-981.0
42.0,-11.0,-772.0
-245.0,146.0,-874.0
17.0,31.0,-1120.0
175.0,37.0,-1147.0
17.0,-17.0,-1005.0
-271.0,148.0,-1018.0
187.0,119.0,-1122.0
163.0,-50.0,-1069.0
-117.0,-31.0,-798.0
-162.0,146.0,-800.0
189.0,99.0,-1130.0
87.0,11.0,-1245.0
13.0,-17.0,-1038.0
-216.0,-117.0,-917.0
54.0,347.0,-993.0
257.0,-210.0,-1180.0
-50.0,-89.0,-962.0
-286.0,56.0,-726.0
37.0,201.0,-960.0
199.0,109.0,-1202.0
-19.0,-56.0,-1204.0
-240.0,46.0,-899.0
181.0,-9.0,-1016.0
144.0,124.0,-1175.0
-216.0,-13.0,-940.0
-163.0,-17.0,-720.0
74.0,146.0,-989.0
245.0,5.0,-1342.0
-74.0,210.0,-1190.0
-355.0,-111.0,-786.0
359.0,183.0,-872.0
66.0,-105.0,-1301.0
-107.0,-62.0,-1061.0
-48.0,95.0,-564.0
-74.0,224.0,-987.0
191.0,80.0,-1151.0
-93.0,-187.0,-1255.0
-277.0,220.0,-874.0
363.0,-68.0,-958.0
0.0,54.0,-1239.0
-119.0,-5.0,-1042.0
-226.0,-9.0,-663.0
171.0,195.0,-825.0
156.0,-111.0,-1399.0
-247.0,122.0,-1243.0
-136.0,-95.0,-835.0
121.0,249.0,-841.0
331.0,31.0,-1260.0
-89.0,-99.0,-1175.0
-343.0,40.0,-562.0
228.0,42.0,-925.0
1.0,300.0,-1354.0
87.0,-242.0,-1280.0
-232.0,150.0,-632.0
355.0,9.0,-989.0
-162.0,193.0,-1342.0
7.0,-267.0,-1145.0
-232.0,56.0,-577.0
201.0,249.0,-866.0
121.0,81.0,-1309.0
-52.0,-204.0,-1212.0
-210.0,81.0,-841.0
284.0,144.0,-944.0
-5.0,95.0,-1284.0
-56.0,-117.0,-1085.0
-107.0,-220.0,-638.0
40.0,378.0,-776.0
72.0,83.0,-1380.0
-66.0,-52.0,-1210.0
66.0,-66.0,-833.0
25.0,76.0,-800.0
-83.0,286.0,-1262.0
292.0,-169.0,-1114.0
-76.0,21.0,-728.0
42.0,54.0,-691.0
-58.0,281.0,-1268.0
132.0,-152.0,-1342.0
-126.0,-37.0,-786.0
19.0,-21.0,-903.0
93.0,398.0,-1208.0
165.0,-308.0,-1243.0
-210.0,21.0,-540.0
150.0,17.0,-714.0
48.0,349.0,-1212.0
40.0,-224.0,-1544.0
-132.0,-19.0,-630.0
91.0,-85.0,-968.0
0.0,503.0,-1204.0
74.0,-284.0,-1149.0
93.0,-181.0,-640.0
25.0,245.0,-823.0
290.0,203.0,-1325.0
-150.0,25.0,-1249.0
35.0,-374.0,-743.0
-29.0,105.0,-888.0
31.0,605.0,-1372.0
101.0,-372.0,-1180.0
-124.0,-148.0,-564.0
230.0,103.0,-804.0
-199.0,558.0,-1264.0
-62.0,-322.0,-1235.0
-109.0,-458.0,-665.0
89.0,345.0,-1052.0
-80.0,513.0,-1342.0
37.0,-329.0,-1143.0
-230.0,-265.0,-445.0
222.0,160.0,-964.0
-417.0,696.0,-1264.0
167.0,-456.0,-1303.0
-148.0,-245.0,-669.0
179.0,193.0,-1190.0
-226.0,513.0,-1186.0
228.0,-325.0,-1214.0
-325.0,-214.0,-507.0
236.0,128.0,-1089.0
-452.0,650.0,-1141.0
325.0,-398.0,-1233.0
-97.0,-156.0,-767.0
146.0,156.0,-1177.0
-224.0,536.0,-1139.0
105.0,-109.0,-1190.0
-179.0,-427.0,-609.0
210.0,156.0,-970.0
-409.0,491.0,-1139.0
222.0,-185.0,-1145.0
130.0,-316.0,-890.0
23.0,169.0,-1175.0
-275.0,538.0,-1093.0
97.0,-261.0,-1028.0
-72.0,-255.0,-864.0
50.0,87.0,-1057.0
-468.0,542.0,-1165.0
448.0,-437.0,-1075.0
-66.0,-80.0,-970.0
-273.0,80.0,-1102.0
25.0,554.0,-1073.0
-109.0,-273.0,-1030.0
169.0,-308.0,-1114.0
-370.0,134.0,-835.0
-50.0,482.0,-1020.0
156.0,-201.0,-899.0
-3.0,-44.0,-1134.0
-234.0,35.0,-1091.0
33.0,374.0,-1018.0
-35.0,-66.0,-958.0
218.0,-366.0,-1138.0
-575.0,279.0,-880.0
249.0,130.0,-890.0
167.0,191.0,-872.0
119.0,-138.0,-1300.0
-445.0,105.0,-1110.0
89.0,236.0,-780.0
253.0,-17.0,-989.0
-7.0,-177.0,-1298.0
-169.0,91.0,-813.0
236.0,150.0,-609.0
242.0,76.0,-1132.0
-78.0,-109.0,-1354.0
-11.0,-5.0,-925.0
167.0,372.0,-698.0
236.0,-216.0,-1288.0
-119.0,111.0,-1192.0
19.0,44.0,-720.0
54.0,126.0,-671.0
226.0,-64.0,-1159.0
25.0,105.0,-1298.0
-56.0,78.0,-936.0
165.0,-124.0,-757.0
78.0,56.0,-1050.0
9.0,-17.0,-1288.0
-292.0,11.0,-774.0
15.0,253.0,-694.0
341.0,7.0,-1132.0
-60.0,201.0,-1231.0
78.0,-148.0,-999.0
-122.0,66.0,-728.0
214.0,11.0,-1173.0
-72.0,-80.0,-1243.0
-148.0,44.0,-802.0
193.0,50.0,-616.0
189.0,46.0,-1157.0
-179.0,87.0,-1403.0
70.0,-105.0,-931.0
54.0,187.0,-798.0
212.0,269.0,-1210.0
-175.0,-160.0,-1204.0
72.0,-85.0,-661.0
31.0,177.0,-769.0
185.0,80.0,-1325.0
-189.0,-19.0,-1186.0
312.0,-48.0,-833.0
115.0,109.0,-843.0
-31.0,25.0,-1161.0
-136.0,-138.0,-1171.0
85.0,-42.0,-753.0
66.0,421.0,-837.0
-74.0,189.0,-1200.0
-44.0,-204.0,-1218.0
206.0,-210.0,-913.0
-144.0,292.0,-956.0
-21.0,64.0,-1141.0
25.0,-187.0,-1173.0
76.0,-165.0,-636.0
31.0,267.0,-913.0
-263.0,306.0,-1165.0
-54.0,-255.0,-1264.0
113.0,27.0,-897.0
-40.0,124.0,-1052.0
-64.0,136.0,-983.0
-97.0,-74.0,-1260.0
-130.0,-35.0,-739.0
136.0,39.0,-1056.0
-203.0,368.0,-1075.0
5.0,-273.0,-1255.0
-64.0,-5.0,-907.0
-183.0,37.0,-1056.0
142.0,298.0,-1118.0
-201.0,80.0,-1132.0
78.0,-197.0,-854.0
-210.0,130.0,-899.0
56.0,244.0,-1202.0
-353.0,-169.0,-1212.0
-64.0,-66.0,-946.0
-80.0,58.0,-1046.0
480.0,185.0,-1208.0
-443.0,-64.0,-1100.0
85.0,-286.0,-870.0
-308.0,398.0,-763.0
302.0,236.0,-1233.0
-255.0,-3.0,-1305.0
-87.0,-257.0,-894.0
85.0,245.0,-759.0
417.0,335.0,-1184.0
-372.0,-265.0,-1335.0
-144.0,-253.0,-745.0
128.0,99.0,-788.0
163.0,501.0,-1122.0
-374.0,-25.0,-1339.0
66.0,-304.0,-769.0
-21.0,40.0,-905.0
296.0,294.0,-1180.0
-259.0,158.0,-1196.0
165.0,-230.0,-882.0
-33.0,29.0,-653.0
156.0,150.0,-1075.0
-368.0,394.0,-1227.0
279.0,-423.0,-892.0
-140.0,-9.0,-804.0
404.0,62.0,-1216.0
-370.0,306.0,-1122.0
267.0,-218.0,-933.0
-236.0,150.0,-714.0
392.0,-68.0,-1159.0
-290.0,333.0,-1138.0
458.0,-269.0,-970.0
-185.0,230.0,-817.0
419.0,-121.0,-1333.0
-306.0,212.0,-1054.0
488.0,-322.0,-905.0
-228.0,314.0,-663.0
341.0,23.0,-1065.0
-136.0,197.0,-1085.0
374.0,-351.0,-1077.0
-167.0,288.0,-720.0
236.0,-85.0,-1360.0
-212.0,197.0,-1005.0
378.0,-251.0,-819.0
-359.0,76.0,-796.0
152.0,122.0,-1204.0
-181.0,113.0,-979.0
474.0,-183.0,-1030.0
-349.0,29.0,-1050.0
-89.0,-148.0,-1155.0
-46.0,335.0,-950.0
351.0,29.0,-1009.0
-306.0,-177.0,-921.0
54.0,109.0,-977.0
70.0,224.0,-952.0
130.0,-50.0,-1034.0
-257.0,-124.0,-1106.0
-64.0,-40.0,-1106.0
167.0,230.0,-995.0
39.0,103.0,-851.0
-109.0,-201.0,-952.0
156.0,119.0,-1016.0
124.0,70.0,-1067.0
-83.0,208.0,-1020.0
-93.0,-281.0,-1149.0
-286.0,208.0,-907.0
218.0,267.0,-1122.0
101.0,0.0,-938.0
-165.0,-353.0,-913.0
-203.0,163.0,-909.0
56.0,259.0,-1118.0
-78.0,-58.0,-1013.0
-421.0,-212.0,-1130.0
-384.0,130.0,-907.0
212.0,325.0,-1157.0
-238.0,-27.0,-1173.0
-439.0,-263.0,-903.0
-437.0,195.0,-757.0
-269.0,398.0,-1128.0
-48.0,-3.0,-1159.0
-413.0,-261.0,-1198.0
-560.0,83.0,-868.0
105.0,398.0,-958.0
-404.0,-218.0,-1235.0
-677.0,-210.0,-940.0
-474.0,148.0,-784.0
56.0,478.0,-1116.0
-634.0,89.0,-1245.0
-525.0,-372.0,-1091.0
-478.0,81.0,-823.0
165.0,238.0,-1038.0
-650.0,56.0,-1231.0
-345.0,-365.0,-1036.0
-558.0,201.0,-772.0
31.0,173.0,-1126.0
-772.0,156.0,-1175.0
-203.0,-448.0,-1098.0
-462.0,279.0,-790.0
148.0,320.0,-1241.0
-655.0,54.0,-1155.0
-380.0,-242.0,-892.0
-419.0,134.0,-792.0
-121.0,284.0,-1186.0
-447.0,-13.0,-1134.0
-156.0,-366.0,-958.0
-443.0,201.0,-776.0
-1.0,76.0,-1165.0
-605.0,134.0,-1177.0
-232.0,-109.0,-1005.0
-384.0,81.0,-833.0
-152.0,226.0,-1020.0
-345.0,25.0,-1151.0
-99.0,-68.0,-946.0
-283.0,-44.0,-874.0
-70.0,169.0,-1048.0
-234.0,40.0,-1231.0
-89.0,-99.0,-952.0
-234.0,-109.0,-882.0
-292.0,236.0,-956.0
-126.0,54.0,-1190.0
-74.0,-13.0,-987.0
-74.0,-111.0,-983.0
-220.0,210.0,-1015.0
-52.0,121.0,-1149.0
115.0,-15.0,-1034.0
33.0,-107.0,-987.0
89.0,70.0,-841.0
296.0,115.0,-1024.0
304.0,-95.0,-1030.0
245.0,-111.0,-882.0
39.0,222.0,-1028.0
411.0,124.0,-1159.0
253.0,60.0,-1210.0
302.0,-50.0,-1016.0
42.0,113.0,-866.0
185.0,107.0,-1028.0
218.0,-78.0,-1056.0
126.0,-19.0,-1036.0
-163.0,54.0,-1007.0
85.0,91.0,-1100.0
54.0,-17.0,-1009.0
-5.0,-1.0,-923.0
-292.0,42.0,-755.0
-7.0,109.0,-960.0
66.0,15.0,-1083.0
-62.0,-66.0,-1104.0
-429.0,40.0,-972.0
60.0,101.0,-1048.0
-17.0,11.0,-1216.0
-58.0,-64.0,-1097.0
-425.0,1.0,-767.0
54.0,162.0,-888.0
-21.0,-58.0,-1198.0
-74.0,17.0,-1075.0
-394.0,50.0,-1003.0
111.0,163.0,-1054.0
-58.0,58.0,-1218.0
-1.0,-7.0,-1001.0
-296.0,19.0,-792.0
191.0,33.0,-913.0
-42.0,-66.0,-1180.0
21.0,-31.0,-1130.0
-341.0,66.0,-1009.0
171.0,144.0,-991.0
-68.0,99.0,-1139.0
50.0,9.0,-1003.0
-228.0,72.0,-774.0
179.0,-27.0,-907.0
-89.0,-66.0,-1089.0
66.0,-50.0,-1044.0
-419.0,163.0,-913.0
290.0,87.0,-1079.0
-46.0,-5.0,-1282.0
163.0,-48.0,-1102.0
-324.0,99.0,-735.0
236.0,-1.0,-868.0
-89.0,-72.0,-1091.0
85.0,-74.0,-1186.0
-413.0,201.0,-890.0
263.0,160.0,-1102.0
-83.0,76.0,-1188.0
105.0,-111.0,-1079.0
-244.0,5.0,-655.0
179.0,44.0,-870.0
-54.0,44.0,-1134.0
146.0,-101.0,-1204.0
-312.0,58.0,-938.0
263.0,165.0,-976.0
-15.0,156.0,-1225.0
210.0,-42.0,-1179.0
-197.0,0.0,-679.0
191.0,58.0,-757.0
-11.0,78.0,-1100.0
150.0,-93.0,-1216.0
-312.0,1.0,-911.0
238.0,105.0,-938.0
-3.0,173.0,-1218.0
206.0,-115.0,-1112.0
-236.0,42.0,-726.0
204.0,39.0,-843.0
-25.0,85.0,-1198.0
115.0,-33.0,-1301.0
-284.0,13.0,-876.0
226.0,126.0,-938.0
-78.0,128.0,-1210.0
134.0,-60.0,-1145.0
-212.0,-13.0,-759.0
146.0,-25.0,-856.0
-124.0,50.0,-1108.0
171.0,-1.0,-1169.0
-218.0,74.0,-827.0
210.0,70.0,-1032.0
-128.0,228.0,-1259.0
126.0,-117.0,-1198.0
-253.0,39.0,-706.0
85.0,-9.0,-823.0
-87.0,54.0,-1069.0
17.0,-52.0,-1139.0
-208.0,21.0,-886.0
103.0,160.0,-1059.0
-89.0,187.0,-1221.0
76.0,-64.0,-1083.0
-136.0,-13.0,-765.0
58.0,29.0,-872.0
1.0,50.0,-1128.0
87.0,-21.0,-1079.0
-97.0,-15.0,-929.0
39.0,101.0,-1032.0
-68.0,163.0,-1245.0
105.0,-113.0,-1136.0
-50.0,-25.0,-800.0
-35.0,150.0,-825.0
-31.0,62.0,-1052.0
80.0,-29.0,-1077.0
-42.0,-54.0,-968.0
-29.0,185.0,-1040.0
-13.0,144.0,-1179.0
132.0,-121.0,-1081.0
-91.0,-42.0,-794.0
48.0,160.0,-882.0
23.0,103.0,-1104.0
169.0,-101.0,-1104.0
-66.0,-21.0,-919.0
-101.0,185.0,-1061.0
66.0,150.0,-1104.0
132.0,-146.0,-1122.0
-83.0,3.0,-812.0
40.0,105.0,-856.0
9.0,101.0,-1042.0
144.0,-148.0,-1171.0
-21.0,-23.0,-940.0
-140.0,206.0,-1042.0
74.0,165.0,-1114.0
111.0,-126.0,-1116.0
-42.0,-50.0,-849.0
-35.0,181.0,-856.0
-19.0,136.0,-1044.0
124.0,-85.0,-1180.0
7.0,-46.0,-1005.0
-160.0,126.0,-1007.0
70.0,169.0,-1057.0
58.0,-56.0,-1034.0
-13.0,-64.0,-940.0
-109.0,119.0,-913.0
78.0,171.0,-1059.0
128.0,-72.0,-1136.0
7.0,-68.0,-1020.0
-302.0,165.0,-931.0
206.0,85.0,-1067.0
-11.0,29.0,-1081.0
40.0,-107.0,-1009.0
-203.0,163.0,-819.0
44.0,113.0,-993.0
81.0,-105.0,-1157.0
-60.0,-52.0,-1050.0
-290.0,163.0,-989.0
163.0,134.0,-1042.0
-5.0,1.0,-1112.0
-9.0,-124.0,-972.0
-214.0,134.0,-849.0
91.0,148.0,-1013.0
37.0,-68.0,-1192.0
-27.0,-70.0,-1050.0
-325.0,58.0,-923.0
214.0,154.0,-991.0
-99.0,66.0,-1110.0
-162.0,-160.0,-1063.0
-665.0,80.0,-769.0
-400.0,42.0,-1015.0
-132.0,126.0,-987.0
-839.0,-136.0,-1409.0
-1165.0,46.0,-884.0
-681.0,95.0,-972.0
-1042.0,240.0,-1167.0
-1182.0,-327.0,-1005.0
-1629.0,101.0,-665.0
-763.0,130.0,-808.0
-1376.0,234.0,-1262.0
-1188.0,-160.0,-1272.0
-1661.0,-163.0,-872.0
-1013.0,183.0,-829.0
-1411.0,0.0,-1274.0
-1167.0,-7.0,-1061.0
-1471.0,-42.0,-868.0
-964.0,156.0,-1075.0
-1180.0,169.0,-1358.0
-929.0,-115.0,-1169.0
-1301.0,42.0,-936.0
-755.0,1.0,-1067.0
-991.0,21.0,-1155.0
-966.0,13.0,-907.0
-946.0,85.0,-821.0
-577.0,-35.0,-1233.0
-860.0,-25.0,-1134.0
-899.0,-17.0,-1052.0
-944.0,177.0,-956.0
-542.0,-29.0,-1112.0
-897.0,3.0,-972.0
-837.0,-1.0,-771.0
-952.0,117.0,-786.0
-755.0,29.0,-1048.0
-938.0,-60.0,-1179.0
-960.0,25.0,-999.0
-1241.0,33.0,-862.0
-956.0,-17.0,-903.0
-1243.0,-5.0,-1106.0
-1153.0,-64.0,-976.0
-1581.0,70.0,-817.0
-1212.0,52.0,-1036.0
-1247.0,269.0,-1339.0
-1221.0,7.0,-1241.0
-1504.0,-130.0,-870.0
-1075.0,-27.0,-903.0
-1184.0,167.0,-1243.0
-1175.0,-87.0,-1005.0
-1399.0,-156.0,-772.0
-1040.0,62.0,-964.0
-1048.0,247.0,-1389.0
-1149.0,140.0,-1153.0
-1280.0,-261.0,-895.0
-1044.0,-15.0,-1056.0
-1030.0,413.0,-1198.0
-872.0,35.0,-1015.0
-1141.0,-66.0,-761.0
-772.0,-169.0,-907.0
-1028.0,97.0,-1268.0
-985.0,48.0,-1015.0
-1270.0,-212.0,-837.0
-942.0,50.0,-1018.0
-1097.0,193.0,-1350.0
-1151.0,64.0,-866.0
-1389.0,35.0,-784.0
-1143.0,-56.0,-909.0
-1333.0,160.0,-1235.0
-1210.0,-140.0,-962.0
-1545.0,40.0,-964.0
-1141.0,-56.0,-997.0
-1300.0,9.0,-1259.0
-1397.0,117.0,-1009.0
-1477.0,-136.0,-796.0
-1311.0,103.0,-913.0
-1134.0,11.0,-1139.0
-1257.0,144.0,-1177.0
-1278.0,-95.0,-952.0
-1305.0,37.0,-1161.0
-1171.0,269.0,-1385.0
-1417.0,-95.0,-979.0
-1364.0,-206.0,-659.0
-1253.0,175.0,-849.0
-1175.0,124.0,-1333.0
-1280.0,-7.0,-1102.0
-1300.0,-259.0,-991.0
-1257.0,238.0,-1046.0
-907.0,273.0,-1139.0
-1141.0,-68.0,-739.0
-1223.0,-343.0,-651.0
-1153.0,-15.0,-913.0
-1054.0,407.0,-1333.0
-1188.0,244.0,-1108.0
-1280.0,-144.0,-1112.0
-1132.0,-206.0,-1013.0
-1028.0,72.0,-1278.0
-1186.0,105.0,-667.0
-1389.0,-404.0,-837.0
-1124.0,117.0,-806.0
-1093.0,509.0,-1305.0
-1040.0,115.0,-1077.0
-1417.0,-552.0,-1065.0
-958.0,204.0,-1040.0
-1026.0,478.0,-1241.0
-1229.0,-286.0,-942.0
-1393.0,-292.0,-825.0
-1044.0,189.0,-905.0
-650.0,304.0,-1210.0
-1147.0,95.0,-1339.0
-964.0,-234.0,-966.0
-722.0,-27.0,-1001.0
-765.0,298.0,-1069.0
-1069.0,76.0,-899.0
-901.0,-415.0,-757.0
-667.0,85.0,-1077.0
-708.0,532.0,-1179.0
-856.0,95.0,-1098.0
-499.0,-308.0,-1120.0
-404.0,-134.0,-1104.0
-376.0,150.0,-1034.0
-448.0,-50.0,-778.0
-437.0,-9.0,-735.0
-238.0,-210.0,-936.0
-204.0,91.0,-1145.0
-130.0,193.0,-1067.0
-44.0,378.0,-1184.0
154.0,-35.0,-1233.0
162.0,-138.0,-1026.0
167.0,70.0,-759.0
177.0,89.0,-772.0
329.0,-390.0,-1024.0
23.0,247.0,-1132.0
210.0,165.0,-1136.0
140.0,29.0,-1141.0
134.0,13.0,-1249.0
275.0,31.0,-917.0
245.0,124.0,-745.0
341.0,-74.0,-782.0
648.0,52.0,-866.0
732.0,372.0,-1073.0
566.0,-234.0,-1194.0
1177.0,322.0,-913.0
1508.0,85.0,-1268.0
1028.0,-357.0,-1192.0
1350.0,-212.0,-739.0
1421.0,78.0,-895.0
1462.0,134.0,-985.0
970.0,-150.0,-1163.0
1397.0,341.0,-1083.0
1413.0,488.0,-1221.0
1382.0,70.0,-1249.0
1118.0,-91.0,-977.0
1368.0,-173.0,-579.0
950.0,42.0,-780.0
1042.0,273.0,-808.0
950.0,-204.0,-977.0
878.0,-136.0,-1116.0
771.0,70.0,-1220.0
853.0,304.0,-1171.0
784.0,-13.0,-972.0
778.0,-214.0,-677.0
747.0,158.0,-856.0
771.0,191.0,-886.0
493.0,-81.0,-925.0
862.0,60.0,-1081.0
671.0,199.0,-1352.0
607.0,222.0,-1284.0
817.0,-218.0,-1016.0
942.0,-162.0,-895.0
853.0,66.0,-845.0
960.0,109.0,-991.0
1003.0,-240.0,-960.0
1071.0,181.0,-1247.0
1126.0,220.0,-1257.0
1071.0,509.0,-1368.0
1216.0,-255.0,-935.0
1026.0,-126.0,-878.0
1235.0,347.0,-813.0
1097.0,136.0,-938.0
1247.0,-407.0,-950.0
1339.0,-93.0,-1038.0
1241.0,454.0,-1188.0
1300.0,341.0,-1083.0
1331.0,-333.0,-895.0
1227.0,-40.0,-853.0
1097.0,111.0,-864.0
974.0,148.0,-821.0
1208.0,3.0,-925.0
1016.0,-115.0,-1239.0
962.0,507.0,-1192.0
983.0,150.0,-1042.0
1065.0,-314.0,-964.0
1112.0,-204.0,-841.0
989.0,187.0,-743.0
952.0,339.0,-837.0
1124.0,-345.0,-1122.0
1159.0,85.0,-1180.0
1034.0,468.0,-1231.0
1128.0,370.0,-1134.0
1190.0,-374.0,-1057.0
1298.0,-201.0,-1044.0
1091.0,177.0,-960.0
1169.0,363.0,-833.0
1239.0,-257.0,-1022.0
1452.0,-81.0,-1122.0
1249.0,409.0,-1110.0
1383.0,421.0,-962.0
1506.0,-283.0,-1075.0
1604.0,-273.0,-972.0
1301.0,169.0,-714.0
1241.0,197.0,-728.0
1391.0,-236.0,-1065.0
1399.0,-52.0,-1262.0
1245.0,286.0,-1173.0
1165.0,497.0,-1079.0
1473.0,-273.0,-1093.0
1335.0,-201.0,-989.0
1200.0,158.0,-653.0
1108.0,206.0,-776.0
1300.0,-288.0,-1005.0
1200.0,-136.0,-1218.0
1100.0,363.0,-1056.0
1020.0,605.0,-1075.0
1259.0,-318.0,-1149.0
1167.0,-327.0,-1079.0
1071.0,21.0,-839.0
1081.0,320.0,-829.0
1169.0,-138.0,-1015.0
1165.0,-81.0,-1167.0
995.0,382.0,-1182.0
1093.0,384.0,-1143.0
1128.0,-226.0,-1161.0
1069.0,-257.0,-909.0
802.0,136.0,-704.0
948.0,245.0,-710.0
923.0,-206.0,-1198.0
991.0,29.0,-1204.0
786.0,392.0,-1091.0
864.0,368.0,-1030.0
1016.0,-366.0,-1042.0
935.0,-191.0,-894.0
769.0,152.0,-747.0
737.0,210.0,-919.0
769.0,-144.0,-1052.0
683.0,31.0,-1091.0
644.0,300.0,-1065.0
591.0,265.0,-1081.0
691.0,-236.0,-1054.0
571.0,-80.0,-960.0
458.0,44.0,-851.0
353.0,212.0,-839.0
466.0,-191.0,-1081.0
310.0,56.0,-1167.0
374.0,316.0,-1098.0
251.0,195.0,-1065.0
281.0,-115.0,-1046.0
253.0,-76.0,-991.0
226.0,-15.0,-874.0
56.0,89.0,-866.0
185.0,-74.0,-1038.0
54.0,-39.0,-1061.0
134.0,158.0,-1020.0
68.0,238.0,-1030.0
167.0,74.0,-1097.0
163.0,-44.0,-1024.0
142.0,-37.0,-872.0
111.0,-35.0,-847.0
142.0,-31.0,-870.0
191.0,85.0,-911.0
183.0,173.0,-968.0
80.0,195.0,-1075.0
244.0,13.0,-1112.0
238.0,-134.0,-948.0
169.0,-13.0,-706.0
113.0,74.0,-657.0
257.0,0.0,-800.0
189.0,25.0,-933.0
230.0,119.0,-966.0
146.0,199.0,-954.0
263.0,85.0,-964.0
279.0,-101.0,-878.0
191.0,-37.0,-669.0
130.0,-31.0,-657.0
189.0,44.0,-732.0
148.0,19.0,-839.0
134.0,148.0,-866.0
35.0,167.0,-936.0
177.0,19.0,-1032.0
132.0,-17.0,-915.0
107.0,-25.0,-657.0
-31.0,-37.0,-550.0
97.0,-13.0,-694.0
78.0,5.0,-870.0
35.0,105.0,-946.0
-21.0,119.0,-981.0
64.0,144.0,-956.0
160.0,-80.0,-894.0
66.0,-29.0,-669.0
-42.0,-66.0,-579.0
81.0,44.0,-722.0
68.0,-50.0,-823.0
0.0,66.0,-911.0
-33.0,124.0,-931.0
76.0,165.0,-1013.0
150.0,33.0,-909.0
76.0,-138.0,-692.0
-31.0,-95.0,-571.0
25.0,-15.0,-659.0
50.0,52.0,-808.0
25.0,111.0,-929.0
-33.0,122.0,-1038.0
78.0,105.0,-1071.0
83.0,-46.0,-925.0
23.0,-33.0,-599.0
-17.0,-52.0,-548.0
62.0,44.0,-675.0
39.0,3.0,-911.0
0.0,33.0,-921.0
-50.0,169.0,-958.0
68.0,156.0,-989.0
113.0,3.0,-870.0
58.0,-126.0,-671.0
-21.0,-64.0,-610.0
44.0,85.0,-677.0
48.0,44.0,-806.0
-31.0,89.0,-913.0
-42.0,46.0,-931.0
46.0,146.0,-997.0
154.0,23.0,-917.0
68.0,-46.0,-646.0
-31.0,-31.0,-538.0
39.0,7.0,-636.0
11.0,31.0,-815.0
-15.0,76.0,-925.0
-7.0,126.0,-956.0
21.0,204.0,-935.0
121.0,-9.0,-944.0
31.0,-62.0,-726.0
-60.0,-39.0,-571.0
60.0,13.0,-642.0
-5.0,74.0,-796.0
-31.0,31.0,-864.0
-80.0,80.0,-911.0
46.0,167.0,-1018.0
42.0,39.0,-917.0
23.0,-78.0,-685.0
-68.0,-83.0,-482.0
0.0,40.0,-556.0
5.0,-1.0,-776.0
-87.0,60.0,-808.0
-105.0,124.0,-872.0
-19.0,138.0,-970.0
7.0,19.0,-890.0
-60.0,-74.0,-597.0
-171.0,-44.0,-468.0
-80.0,52.0,-573.0
-37.0,19.0,-780.0
-150.0,9.0,-829.0
-101.0,48.0,-874.0
-21.0,144.0,-917.0
25.0,72.0,-905.0
-31.0,-39.0,-710.0
-52.0,-95.0,-560.0
-46.0,-3.0,-585.0
5.0,46.0,-749.0
-70.0,39.0,-827.0
-11.0,85.0,-856.0
9.0,132.0,-950.0
109.0,83.0,-958.0
-15.0,-27.0,-692.0
5.0,-54.0,-488.0
-17.0,27.0,-556.0
40.0,-19.0,-735.0
-42.0,-13.0,-810.0
17.0,54.0,-815.0
35.0,175.0,-950.0
74.0,99.0,-936.0
0.0,-68.0,-745.0
1.0,-78.0,-548.0
-31.0,7.0,-579.0
87.0,68.0,-728.0
-31.0,15.0,-761.0
19.0,121.0,-825.0
21.0,117.0,-972.0
107.0,95.0,-976.0
60.0,-74.0,-706.0
-9.0,-70.0,-486.0
-21.0,21.0,-536.0
29.0,21.0,-702.0
-27.0,13.0,-774.0
13.0,68.0,-868.0
0.0,173.0,-997.0
68.0,66.0,-940.0
21.0,-44.0,-700.0
-7.0,-58.0,-476.0
-21.0,9.0,-554.0
27.0,66.0,-679.0
-17.0,-1.0,-784.0
7.0,66.0,-823.0
-25.0,103.0,-911.0
39.0,126.0,-874.0
5.0,9.0,-700.0
27.0,-27.0,-552.0
-44.0,-42.0,-566.0
7.0,-13.0,-650.0
-31.0,7.0,-706.0
-40.0,152.0,-802.0
-29.0,171.0,-927.0
-5.0,107.0,-917.0
35.0,-42.0,-772.0
-29.0,-25.0,-525.0
-76.0,-11.0,-532.0
-13.0,-23.0,-644.0
-33.0,-27.0,-755.0
11.0,54.0,-810.0
-64.0,204.0,-919.0
15.0,150.0,-929.0
23.0,-9.0,-778.0
-17.0,-35.0,-577.0
-74.0,-29.0,-527.0
39.0,-33.0,-581.0
3.0,3.0,-706.0
-35.0,134.0,-769.0
-50.0,124.0,-882.0
1.0,66.0,-974.0
42.0,-60.0,-819.0
37.0,-54.0,-587.0
-46.0,5.0,-489.0
3.0,44.0,-591.0
1.0,-13.0,-720.0
-62.0,95.0,-819.0
-50.0,138.0,-940.0
-23.0,132.0,-976.0
78.0,-44.0,-821.0
-25.0,-83.0,-583.0
-42.0,-56.0,-568.0
-42.0,-15.0,-628.0
37.0,5.0,-743.0
-39.0,212.0,-847.0
-52.0,183.0,-940.0
5.0,91.0,-890.0
80.0,-39.0,-845.0
3.0,0.0,-638.0
-44.0,-85.0,-564.0
-11.0,-70.0,-566.0
-7.0,-50.0,-671.0
-50.0,122.0,-796.0
-66.0,238.0,-856.0
21.0,109.0,-936.0
62.0,-31.0,-843.0
-33.0,-72.0,-655.0
-19.0,-29.0,-448.0
-7.0,-42.0,-550.0
-11.0,-37.0,-747.0
-60.0,33.0,-792.0
-39.0,204.0,-833.0
0.0,171.0,-909.0
78.0,31.0,-854.0
9.0,-66.0,-638.0
-15.0,-54.0,-558.0
-15.0,-7.0,-558.0
3.0,-60.0,-667.0
-54.0,85.0,-726.0
-15.0,212.0,-817.0
17.0,136.0,-921.0
89.0,35.0,-901.0
5.0,-56.0,-642.0
-44.0,-80.0,-528.0
-29.0,-40.0,-515.0
-7.0,-19.0,-650.0
-89.0,40.0,-737.0
-33.0,179.0,-796.0
-37.0,179.0,-907.0
60.0,3.0,-897.0
-40.0,-44.0,-689.0
-17.0,-74.0,-530.0
-52.0,-21.0,-560.0
5.0,21.0,-679.0
-78.0,11.0,-743.0
-48.0,212.0,-810.0
-25.0,148.0,-913.0
42.0,50.0,-968.0
-9.0,-81.0,-763.0
13.0,-62.0,-544.0
-44.0,-39.0,-515.0
0.0,31.0,-575.0
-83.0,134.0,-657.0
9.0,150.0,-845.0
-23.0,115.0,-1001.0
70.0,-3.0,-958.0
35.0,-91.0,-753.0
-21.0,21.0,-417.0
-35.0,-19.0,-427.0
-15.0,37.0,-601.0
-52.0,5.0,-772.0
23.0,119.0,-884.0
-44.0,89.0,-976.0
5.0,85.0,-915.0
-19.0,17.0,-646.0
9.0,11.0,-495.0
-56.0,-83.0,-542.0
13.0,-39.0,-638.0
15.0,1.0,-757.0
3.0,146.0,-888.0
-46.0,197.0,-940.0
37.0,60.0,-892.0
-21.0,15.0,-702.0
62.0,-5.0,-497.0
-35.0,-81.0,-499.0
0.0,-21.0,-605.0
7.0,-48.0,-759.0
-21.0,314.0,-823.0
-33.0,128.0,-938.0
-7.0,46.0,-847.0
31.0,-37.0,-749.0
72.0,-39.0,-566.0
-85.0,0.0,-511.0
62.0,-39.0,-612.0
-33.0,-13.0,-716.0
15.0,39.0,-853.0
-66.0,148.0,-938.0
27.0,162.0,-890.0
46.0,40.0,-774.0
7.0,-44.0,-562.0
-68.0,-126.0,-536.0
-33.0,-48.0,-554.0
-17.0,97.0,-698.0
-23.0,210.0,-841.0
-117.0,152.0,-888.0
87.0,0.0,-991.0
11.0,-23.0,-812.0
66.0,11.0,-593.0
-66.0,-46.0,-474.0
-9.0,29.0,-569.0
-17.0,-29.0,-753.0
-25.0,80.0,-853.0
-48.0,122.0,-851.0
1.0,40.0,-880.0
60.0,-33.0,-806.0
-3.0,60.0,-593.0
-42.0,-103.0,-552.0
19.0,-37.0,-569.0
-9.0,33.0,-675.0
-80.0,179.0,-761.0
-21.0,134.0,-831.0
-29.0,208.0,-940.0
52.0,-33.0,-858.0
7.0,-35.0,-626.0
-85.0,-80.0,-413.0
-7.0,-58.0,-521.0
-44.0,13.0,-679.0
-35.0,44.0,-819.0
-50.0,66.0,-888.0
15.0,105.0,-913.0
48.0,107.0,-831.0
62.0,-42.0,-687.0
-3.0,-35.0,-536.0
-19.0,66.0,-536.0
31.0,39.0,-728.0
-44.0,56.0,-784.0
-74.0,52.0,-872.0
11.0,40.0,-954.0
9.0,119.0,-868.0
21.0,-15.0,-616.0
-56.0,-144.0,-489.0
-52.0,-11.0,-523.0
27.0,-33.0,-749.0
-107.0,249.0,-794.0
-35.0,201.0,-841.0
37.0,25.0,-956.0
11.0,40.0,-895.0
-13.0,-25.0,-564.0
-68.0,-56.0,-425.0
-13.0,-117.0,-544.0
-19.0,-37.0,-689.0
-80.0,163.0,-735.0
15.0,126.0,-804.0
-46.0,156.0,-837.0
83.0,-60.0,-876.0
-15.0,-13.0,-653.0
64.0,46.0,-585.0
-3.0,15.0,-607.0
33.0,-44.0,-671.0
-25.0,-40.0,-749.0
-9.0,193.0,-802.0
-74.0,257.0,-911.0
31.0,-25.0,-892.0
5.0,-179.0,-767.0
3.0,-44.0,-513.0
-119.0,175.0,-509.0
1.0,95.0,-692.0
-7.0,-126.0,-804.0
33.0,21.0,-870.0
1.0,265.0,-917.0
-3.0,279.0,-870.0
60.0,-74.0,-739.0
-5.0,-216.0,-577.0
-56.0,-31.0,-542.0
-50.0,107.0,-560.0
-25.0,-31.0,-648.0
-66.0,62.0,-761.0
-54.0,191.0,-858.0
21.0,148.0,-888.0
64.0,15.0,-784.0
-3.0,-138.0,-552.0
-9.0,-27.0,-515.0
33.0,119.0,-632.0
62.0,-66.0,-735.0
-17.0,11.0,-798.0
-33.0,245.0,-909.0
39.0,236.0,-888.0
62.0,-91.0,-698.0
31.0,-228.0,-538.0
-44.0,46.0,-519.0
48.0,142.0,-659.0
5.0,64.0,-821.0
-31.0,7.0,-837.0
-128.0,206.0,-851.0
42.0,83.0,-839.0
31.0,-68.0,-819.0
56.0,-208.0,-595.0
-56.0,-117.0,-573.0
13.0,226.0,-638.0
-3.0,134.0,-716.0
-60.0,37.0,-829.0
-70.0,40.0,-825.0
29.0,111.0,-849.0
33.0,152.0,-732.0
0.0,-93.0,-587.0
-89.0,-109.0,-427.0
46.0,-97.0,-640.0
1.0,23.0,-819.0
3.0,19.0,-831.0
-101.0,156.0,-821.0
83.0,136.0,-913.0
13.0,242.0,-782.0
48.0,37.0,-591.0
-83.0,-169.0,-579.0
46.0,-95.0,-587.0
-5.0,-99.0,-747.0
-109.0,228.0,-739.0
-39.0,101.0,-853.0
-5.0,107.0,-903.0
37.0,1.0,-866.0
33.0,-66.0,-648.0
-70.0,-40.0,-488.0
17.0,-21.0,-599.0
-46.0,76.0,-733.0
-56.0,179.0,-755.0
-58.0,46.0,-829.0
66.0,23.0,-958.0
11.0,35.0,-774.0
64.0,-78.0,-573.0
-35.0,-54.0,-556.0
-1.0,150.0,-569.0
46.0,56.0,-759.0
-39.0,74.0,-817.0
-56.0,158.0,-833.0
54.0,-95.0,-864.0
29.0,-35.0,-870.0
21.0,40.0,-691.0
-21.0,91.0,-597.0
-40.0,-7.0,-585.0
-11.0,3.0,-745.0
-68.0,124.0,-788.0
-54.0,56.0,-772.0
-17.0,40.0,-929.0
46.0,68.0,-853.0
19.0,35.0,-671.0
-58.0,-42.0,-503.0
21.0,-91.0,-642.0
-31.0,-48.0,-751.0
3.0,-17.0,-833.0
-29.0,273.0,-864.0
60.0,259.0,-831.0
-19.0,185.0,-827.0
21.0,-107.0,-671.0
5.0,-169.0,-618.0
-7.0,-201.0,-612.0
-27.0,-11.0,-689.0
-87.0,140.0,-685.0
27.0,40.0,-815.0
-103.0,292.0,-866.0
93.0,142.0,-874.0
-39.0,-58.0,-763.0
62.0,-74.0,-575.0
-78.0,-3.0,-632.0
15.0,-5.0,-749.0
-74.0,-33.0,-862.0
3.0,158.0,-911.0
-78.0,154.0,-1007.0
17.0,107.0,-1020.0
-31.0,-31.0,-966.0
74.0,-68.0,-772.0
-66.0,-25.0,-847.0
91.0,-23.0,-991.0
-25.0,66.0,-1091.0
54.0,83.0,-1083.0
-21.0,134.0,-1214.0
33.0,87.0,-1282.0
111.0,-40.0,-1110.0
7.0,-29.0,-993.0
-33.0,15.0,-874.0
-15.0,50.0,-950.0
-54.0,-13.0,-1022.0
-46.0,171.0,-1141.0
-111.0,54.0,-1243.0
-29.0,72.0,-1266.0
19.0,1.0,-1116.0
39.0,-85.0,-913.0
-103.0,-5.0,-772.0
58.0,3.0,-936.0
-29.0,78.0,-1108.0
42.0,97.0,-1173.0
-124.0,152.0,-1118.0
101.0,95.0,-1100.0
-3.0,-83.0,-962.0
9.0,-76.0,-835.0
-60.0,-72.0,-808.0
33.0,144.0,-864.0
85.0,-9.0,-987.0
-109.0,183.0,-1089.0
-29.0,121.0,-1067.0
13.0,35.0,-1120.0
156.0,3.0,-981.0
27.0,-13.0,-866.0
-37.0,46.0,-702.0
85.0,99.0,-892.0
-21.0,146.0,-938.0
35.0,50.0,-1034.0
-66.0,124.0,-1032.0
15.0,162.0,-950.0
37.0,-83.0,-895.0
74.0,-101.0,-858.0
-99.0,-15.0,-802.0
48.0,58.0,-819.0
-3.0,-21.0,-962.0
17.0,76.0,-958.0
-68.0,175.0,-972.0
35.0,347.0,-989.0
52.0,165.0,-1028.0
-5.0,-167.0,-866.0
-62.0,-230.0,-708.0
-64.0,-173.0,-700.0
-3.0,56.0,-897.0
-122.0,115.0,-911.0
-78.0,220.0,-952.0
-7.0,103.0,-1081.0
76.0,-17.0,-1165.0
-17.0,-54.0,-876.0
-11.0,-60.0,-737.0
-15.0,-21.0,-794.0
40.0,27.0,-942.0
-56.0,31.0,-979.0
-56.0,119.0,-964.0
-1.0,29.0,-1116.0
19.0,-23.0,-1134.0
-5.0,0.0,-892.0
-15.0,-91.0,-759.0
-31.0,31.0,-741.0
-17.0,132.0,-938.0
-48.0,-15.0,-964.0
-37.0,122.0,-1106.0
-42.0,50.0,-1223.0
33.0,-1.0,-1136.0
-3.0,-111.0,-880.0
0.0,-99.0,-714.0
-35.0,124.0,-726.0
42.0,-21.0,-905.0
-23.0,-29.0,-1097.0
19.0,158.0,-1136.0
31.0,109.0,-1210.0
50.0,325.0,-1079.0
56.0,66.0,-956.0
-128.0,-87.0,-778.0
-29.0,-206.0,-765.0
-27.0,-199.0,-960.0
-23.0,39.0,-1054.0
-29.0,236.0,-1120.0
-25.0,197.0,-1188.0
54.0,154.0,-1210.0
60.0,-9.0,-1003.0
66.0,-29.0,-839.0
37.0,-46.0,-870.0
3.0,-74.0,-911.0
21.0,58.0,-1036.0
27.0,113.0,-1083.0
-37.0,122.0,-1206.0
146.0,31.0,-1227.0
-27.0,-72.0,-1056.0
27.0,-31.0,-812.0
-56.0,46.0,-845.0
25.0,91.0,-974.0
7.0,89.0,-1085.0
-9.0,85.0,-1212.0
-101.0,290.0,-1180.0
-21.0,54.0,-1274.0
27.0,-91.0,-1057.0
3.0,-105.0,-899.0
-101.0,-68.0,-886.0
37.0,105.0,-993.0
-46.0,70.0,-1097.0
-11.0,5.0,-1143.0
-56.0,89.0,-1344.0
89.0,214.0,-1276.0
48.0,130.0,-1202.0
56.0,9.0,-919.0
-89.0,-126.0,-895.0
37.0,-78.0,-1028.0
-33.0,52.0,-1177.0
-1.0,134.0,-1284.0
-60.0,140.0,-1286.0
-80.0,232.0,-1315.0
93.0,-105.0,-1151.0
11.0,-156.0,-1005.0
-40.0,-62.0,-1001.0
68.0,-19.0,-1081.0
-50.0,115.0,-1231.0
39.0,142.0,-1262.0
-48.0,162.0,-1339.0
21.0,138.0,-1376.0
33.0,-39.0,-1286.0
111.0,-134.0,-1083.0
-126.0,-74.0,-935.0
3.0,25.0,-997.0
33.0,-3.0,-1282.0
-42.0,99.0,-1303.0
-85.0,138.0,-1380.0
11.0,296.0,-1399.0
83.0,19.0,-1274.0
-7.0,-56.0,-1059.0
-72.0,-85.0,-991.0
15.0,-117.0,-1112.0
44.0,-29.0,-1257.0
-97.0,35.0,-1305.0
-27.0,115.0,-1307.0
46.0,171.0,-1315.0
33.0,140.0,-1303.0
0.0,101.0,-1063.0
5.0,-206.0,-1028.0
-3.0,142.0,-1073.0
-27.0,-7.0,-1194.0
-33.0,1.0,-1221.0
-27.0,-33.0,-1344.0
21.0,124.0,-1374.0
54.0,48.0,-1376.0
15.0,122.0,-1221.0
9.0,-15.0,-995.0
-35.0,66.0,-997.0
-29.0,64.0,-1173.0
-33.0,33.0,-1278.0
-81.0,78.0,-1208.0
0.0,191.0,-1362.0
7.0,-60.0,-1409.0
27.0,-212.0,-1184.0
-68.0,-251.0,-1032.0
-5.0,154.0,-1032.0
21.0,107.0,-1194.0
-33.0,91.0,-1196.0
-15.0,269.0,-1321.0
17.0,187.0,-1438.0
66.0,83.0,-1493.0
-1.0,-136.0,-1192.0
-70.0,-126.0,-974.0
-62.0,-23.0,-944.0
-15.0,-136.0,-1118.0
-46.0,-54.0,-1270.0
-27.0,95.0,-1415.0
31.0,199.0,-1512.0
29.0,163.0,-1497.0
50.0,29.0,-1122.0
-15.0,-5.0,-1003.0
-21.0,226.0,-1022.0
-7.0,-21.0,-1196.0
-33.0,-195.0,-1337.0
-42.0,-78.0,-1393.0
-50.0,124.0,-1372.0
-13.0,300.0,-1282.0
-29.0,115.0,-1179.0
-19.0,-103.0,-1118.0
-60.0,-85.0,-1057.0
-23.0,3.0,-1163.0
9.0,3.0,-1329.0
54.0,107.0,-1344.0
-33.0,197.0,-1387.0
122.0,107.0,-1477.0
78.0,25.0,-1331.0
78.0,-48.0,-1052.0
-68.0,-40.0,-1044.0
122.0,-35.0,-1184.0
0.0,-25.0,-1319.0
-44.0,144.0,-1309.0
-42.0,165.0,-1378.0
21.0,109.0,-1426.0
46.0,-142.0,-1305.0
-13.0,-15.0,-1143.0
-5.0,66.0,-1149.0
-5.0,-25.0,-1278.0
-11.0,39.0,-1317.0
-39.0,179.0,-1313.0
-101.0,197.0,-1362.0
-23.0,138.0,-1407.0
-11.0,-5.0,-1260.0
1.0,-124.0,-1134.0
-78.0,-91.0,-1147.0
11.0,19.0,-1179.0
-7.0,3.0,-1292.0
21.0,56.0,-1288.0
-15.0,128.0,-1403.0
81.0,208.0,-1426.0
89.0,255.0,-1301.0
66.0,-9.0,-1151.0
-11.0,-218.0,-1153.0
-11.0,-121.0,-1233.0
1.0,-15.0,-1260.0
-29.0,5.0,-1300.0
-134.0,228.0,-1333.0
-33.0,210.0,-1356.0
11.0,39.0,-1368.0
-50.0,50.0,-1274.0
-89.0,-72.0,-1231.0
27.0,-56.0,-1143.0
-9.0,-37.0,-1251.0
-23.0,42.0,-1303.0
-39.0,150.0,-1352.0
66.0,255.0,-1553.0
78.0,11.0,-1481.0
85.0,-271.0,-1155.0
-52.0,-76.0,-1013.0
70.0,218.0,-1118.0
-29.0,169.0,-1204.0
7.0,-29.0,-1321.0
-89.0,25.0,-1436.0
0.0,19.0,-1454.0
-17.0,-15.0,-1421.0
15.0,23.0,-1214.0
-74.0,-25.0,-1052.0
-15.0,7.0,-1138.0
-62.0,-60.0,-1288.0
-89.0,60.0,-1296.0
-17.0,197.0,-1383.0
15.0,78.0,-1522.0
29.0,97.0,-1434.0
13.0,46.0,-1145.0
-39.0,11.0,-1013.0
-19.0,-9.0,-1048.0
11.0,-146.0,-1241.0
-5.0,-87.0,-1380.0
-11.0,234.0,-1436.0
23.0,343.0,-1499.0
132.0,-64.0,-1417.0
48.0,-124.0,-1276.0
23.0,-121.0,-1141.0
27.0,89.0,-1056.0
-21.0,210.0,-1305.0
21.0,-187.0,-1356.0
-29.0,226.0,-1526.0
-48.0,60.0,-1428.0
-7.0,173.0,-1436.0
1.0,-144.0,-1335.0
25.0,-286.0,-1122.0
-201.0,162.0,-1149.0
56.0,191.0,-1200.0
-109.0,242.0,-1407.0
40.0,-126.0,-1342.0
-154.0,11.0,-1503.0
171.0,136.0,-1475.0
-74.0,105.0,-1235.0
85.0,66.0,-970.0
-56.0,-253.0,-1149.0
101.0,-234.0,-1198.0
-17.0,95.0,-1421.0
-23.0,423.0,-1366.0
-11.0,206.0,-1337.0
52.0,1.0,-1426.0
5.0,-40.0,-1278.0
5.0,76.0,-1093.0
-48.0,-101.0,-1145.0
-25.0,-91.0,-1270.0
-27.0,-115.0,-1362.0
-29.0,97.0,-1335.0
-44.0,365.0,-1479.0
29.0,146.0,-1448.0
31.0,-50.0,-1290.0
19.0,-119.0,-1118.0
-68.0,140.0,-1124.0
64.0,74.0,-1241.0
-50.0,-136.0,-1426.0
78.0,97.0,-1368.0
-50.0,70.0,-1479.0
1.0,238.0,-1366.0
21.0,-39.0,-1327.0
37.0,1.0,-1100.0
-56.0,-130.0,-1190.0
50.0,66.0,-1249.0
-17.0,56.0,-1325.0
33.0,87.0,-1352.0
-62.0,44.0,-1434.0
72.0,-5.0,-1434.0
11.0,95.0,-1298.0
52.0,13.0,-1180.0
-40.0,-78.0,-1153.0
19.0,-31.0,-1204.0
-15.0,-19.0,-1315.0
-33.0,156.0,-1319.0
-87.0,206.0,-1452.0
21.0,173.0,-1442.0
29.0,-56.0,-1405.0
31.0,-74.0,-1177.0
-87.0,-9.0,-1065.0
-3.0,93.0,-1165.0
29.0,-68.0,-1364.0
-21.0,81.0,-1407.0
-35.0,220.0,-1438.0
39.0,91.0,-1450.0
3.0,91.0,-1356.0
33.0,-7.0,-1163.0
-44.0,-138.0,-1120.0
37.0,-85.0,-1198.0
-23.0,74.0,-1251.0
-9.0,154.0,-1362.0
-44.0,44.0,-1495.0
0.0,138.0,-1436.0
95.0,-81.0,-1475.0
23.0,13.0,-1262.0
-74.0,42.0,-1075.0
60.0,-7.0,-1087.0
-72.0,56.0,-1298.0
46.0,50.0,-1413.0
-70.0,68.0,-1444.0
-3.0,95.0,-1446.0
-39.0,0.0,-1360.0
60.0,15.0,-1210.0
-44.0,-128.0,-1126.0
-21.0,-21.0,-1200.0
-25.0,11.0,-1321.0
-29.0,107.0,-1382.0
-66.0,173.0,-1380.0
11.0,138.0,-1483.0
3.0,78.0,-1426.0
80.0,-113.0,-1292.0
-54.0,-97.0,-1157.0
3.0,-66.0,-1136.0
-1.0,42.0,-1262.0
-31.0,195.0,-1346.0
-13.0,121.0,-1430.0
7.0,130.0,-1473.0
91.0,37.0,-1450.0
35.0,-48.0,-1257.0
-72.0,0.0,-1081.0
-13.0,-54.0,-1118.0
0.0,0.0,-1290.0
-31.0,50.0,-1465.0
-31.0,44.0,-1471.0
-60.0,103.0,-1366.0
-33.0,70.0,-1339.0
-9.0,62.0,-1212.0
-39.0,-48.0,-1098.0
-35.0,-35.0,-1192.0
-23.0,-33.0,-1313.0
-17.0,-29.0,-1354.0
-5.0,44.0,-1397.0
-35.0,152.0,-1391.0
83.0,97.0,-1450.0
58.0,85.0,-1319.0
29.0,-52.0,-1171.0
-40.0,-101.0,-1120.0
62.0,1.0,-1264.0
15.0,78.0,-1376.0
-1.0,128.0,-1374.0
-60.0,163.0,-1387.0
-21.0,103.0,-1393.0
48.0,0.0,-1354.0
1.0,-99.0,-1208.0
-105.0,-46.0,-1151.0
19.0,105.0,-1229.0
-21.0,40.0,-1313.0
-23.0,99.0,-1358.0
-83.0,121.0,-1458.0
5.0,115.0,-1524.0
25.0,-25.0,-1387.0
3.0,-62.0,-1179.0
-44.0,-48.0,-1089.0
27.0,31.0,-1128.0
0.0,111.0,-1276.0
3.0,150.0,-1407.0
-29.0,60.0,-1553.0
39.0,46.0,-1504.0
87.0,-62.0,-1315.0
42.0,-13.0,-1057.0
-37.0,27.0,-1063.0
48.0,44.0,-1182.0
-3.0,33.0,-1364.0
19.0,9.0,-1483.0
-62.0,80.0,-1475.0
-7.0,142.0,-1407.0
9.0,66.0,-1264.0
50.0,-58.0,-1147.0
-68.0,-101.0,-1145.0
-5.0,35.0,-1220.0
17.0,54.0,-1352.0
-11.0,85.0,-1452.0
-72.0,35.0,-1493.0
7.0,144.0,-1444.0
58.0,78.0,-1385.0
58.0,-19.0,-1206.0
-78.0,-50.0,-1081.0
52.0,-21.0,-1186.0
-7.0,33.0,-1389.0
19.0,105.0,-1469.0
-78.0,89.0,-1442.0
-3.0,140.0,-1370.0
72.0,-44.0,-1376.0
64.0,-76.0,-1225.0
-76.0,-66.0,-1116.0
11.0,72.0,-1200.0
-5.0,130.0,-1327.0
-13.0,19.0,-1370.0
-122.0,117.0,-1368.0
11.0,119.0,-1436.0
83.0,-15.0,-1397.0
42.0,-66.0,-1233.0
-76.0,-85.0,-1110.0
19.0,-27.0,-1118.0
-11.0,64.0,-1333.0
-17.0,111.0,-1415.0
-85.0,165.0,-1444.0
37.0,171.0,-1503.0
80.0,-1.0,-1368.0
11.0,-58.0,-1221.0
-70.0,-89.0,-1089.0
-15.0,21.0,-1192.0
13.0,29.0,-1378.0
-60.0,39.0,-1464.0
-68.0,52.0,-1409.0
-33.0,158.0,-1407.0
9.0,121.0,-1374.0
-9.0,-15.0,-1262.0
-27.0,-87.0,-1145.0
-11.0,-15.0,-1175.0
-1.0,64.0,-1300.0
-42.0,46.0,-1397.0
-29.0,9.0,-1391.0
-56.0,142.0,-1426.0
93.0,66.0,-1452.0
44.0,25.0,-1300.0
5.0,-72.0,-1108.0
-27.0,-17.0,-1112.0
7.0,35.0,-1325.0
1.0,25.0,-1436.0
-9.0,60.0,-1385.0
-25.0,224.0,-1374.0
62.0,72.0,-1430.0
11.0,-54.0,-1294.0
-15.0,-124.0,-1120.0
-33.0,-35.0,-1186.0
7.0,52.0,-1296.0
-56.0,19.0,-1348.0
-39.0,97.0,-1329.0
-52.0,171.0,-1469.0
52.0,105.0,-1493.0
-33.0,-29.0,-1337.0
-21.0,-89.0,-1124.0
-50.0,3.0,-1120.0
39.0,-5.0,-1255.0
-35.0,31.0,-1329.0
0.0,150.0,-1419.0
-3.0,160.0,-1506.0
56.0,89.0,-1467.0
15.0,-78.0,-1274.0
-11.0,-91.0,-1081.0
-42.0,54.0,-1122.0
37.0,52.0,-1298.0
-11.0,-58.0,-1378.0
-48.0,44.0,-1407.0
-29.0,130.0,-1430.0
11.0,142.0,-1424.0
-9.0,13.0,-1300.0
31.0,-111.0,-1194.0
-58.0,-40.0,-1167.0
33.0,74.0,-1255.0
-13.0,44.0,-1317.0
11.0,91.0,-1354.0
-68.0,113.0,-1448.0
35.0,171.0,-1415.0
37.0,0.0,-1290.0
83.0,-74.0,-1141.0
-62.0,-85.0,-1034.0
87.0,70.0,-1139.0
68.0,-39.0,-1296.0
37.0,37.0,-1352.0
-39.0,201.0,-1311.0
56.0,169.0,-1368.0
68.0,-29.0,-1264.0
-1.0,-171.0,-1112.0
-99.0,-39.0,-1085.0
60.0,148.0,-1169.0
263.0,-3.0,-1288.0
121.0,83.0,-1268.0
443.0,76.0,-1286.0
392.0,288.0,-1460.0
1028.0,-3.0,-1112.0
730.0,-87.0,-1147.0
843.0,-144.0,-997.0
1128.0,80.0,-1001.0
890.0,156.0,-1362.0
1138.0,-81.0,-1274.0
911.0,169.0,-1465.0
1266.0,255.0,-1323.0
954.0,68.0,-1266.0
1266.0,-201.0,-870.0
952.0,-154.0,-974.0
1270.0,206.0,-958.0
917.0,74.0,-1167.0
1149.0,-72.0,-1171.0
913.0,-5.0,-1196.0
1022.0,368.0,-1143.0
948.0,169.0,-1075.0
974.0,-140.0,-1003.0
925.0,-173.0,-923.0
858.0,204.0,-1020.0
884.0,83.0,-1102.0
821.0,-173.0,-1155.0
860.0,81.0,-1229.0
862.0,386.0,-1221.0
929.0,140.0,-1198.0
919.0,-304.0,-1030.0
829.0,-134.0,-901.0
884.0,349.0,-913.0
907.0,140.0,-1202.0
976.0,-345.0,-1313.0
851.0,171.0,-1311.0
1032.0,396.0,-1298.0
948.0,296.0,-1280.0
1118.0,-425.0,-1102.0
919.0,-181.0,-970.0
1024.0,283.0,-989.0
989.0,95.0,-1180.0
942.0,-136.0,-1165.0
936.0,-66.0,-1182.0
983.0,448.0,-1235.0
999.0,216.0,-1245.0
970.0,-247.0,-1069.0
946.0,-253.0,-772.0
864.0,244.0,-894.0
897.0,101.0,-952.0
767.0,-162.0,-1151.0
737.0,-35.0,-1204.0
632.0,398.0,-1262.0
706.0,179.0,-1208.0
458.0,-142.0,-970.0
452.0,-300.0,-796.0
333.0,341.0,-854.0
382.0,136.0,-1016.0
226.0,-58.0,-1139.0
171.0,-91.0,-1214.0
146.0,156.0,-1229.0
27.0,310.0,-1145.0
23.0,-76.0,-1075.0
-68.0,-81.0,-950.0
-115.0,-9.0,-989.0
-169.0,101.0,-1034.0
-191.0,130.0,-1116.0
-126.0,29.0,-1202.0
-201.0,316.0,-1245.0
-39.0,97.0,-1245.0
-50.0,-21.0,-1130.0
-64.0,-185.0,-810.0
-163.0,35.0,-815.0
-320.0,-5.0,-1116.0
-93.0,-89.0,-1061.0
-525.0,109.0,-1202.0
-683.0,171.0,-1335.0
-724.0,19.0,-1352.0
-884.0,107.0,-1040.0
-874.0,1.0,-858.0
-1173.0,-261.0,-1056.0
-940.0,40.0,-837.0
-1214.0,156.0,-935.0
-1218.0,76.0,-1083.0
-1309.0,-29.0,-1214.0
-1081.0,109.0,-1186.0
-1276.0,0.0,-1108.0
-1260.0,35.0,-903.0
-1102.0,-355.0,-936.0
-1245.0,185.0,-1036.0
-1069.0,81.0,-1075.0
-1165.0,158.0,-1280.0
-960.0,-56.0,-1321.0
-993.0,50.0,-1321.0
-895.0,302.0,-1097.0
-829.0,-238.0,-911.0
-894.0,-185.0,-950.0
-671.0,-56.0,-946.0
-825.0,249.0,-1077.0
-603.0,33.0,-1093.0
-845.0,-72.0,-1333.0
-527.0,206.0,-1198.0
-712.0,193.0,-1173.0
-607.0,5.0,-954.0
-743.0,-327.0,-886.0
-683.0,-3.0,-868.0
-733.0,210.0,-935.0
-741.0,107.0,-1087.0
-689.0,-119.0,-1081.0
-753.0,148.0,-1188.0
-605.0,138.0,-979.0
-712.0,-25.0,-823.0
-673.0,-304.0,-716.0
-732.0,91.0,-892.0
-642.0,181.0,-1032.0
-718.0,39.0,-1147.0
-728.0,15.0,-1163.0
-650.0,95.0,-1235.0
-642.0,187.0,-1093.0
-622.0,-111.0,-972.0
-653.0,-208.0,-917.0
-560.0,-83.0,-925.0
-595.0,247.0,-1032.0
-493.0,95.0,-1139.0
-515.0,-5.0,-1206.0
-314.0,117.0,-1218.0
-304.0,142.0,-1253.0
-156.0,-52.0,-1026.0
-281.0,-228.0,-915.0
-160.0,-21.0,-936.0
-142.0,138.0,-1108.0
-119.0,113.0,-1204.0
-119.0,-21.0,-1206.0
-72.0,101.0,-1136.0
-68.0,142.0,-1112.0
-66.0,46.0,-938.0
-93.0,-238.0,-802.0
-68.0,-13.0,-853.0
-119.0,105.0,-1003.0
-105.0,76.0,-1097.0
-109.0,52.0,-1046.0
-62.0,48.0,-1163.0
-39.0,136.0,-1177.0
-58.0,9.0,-1020.0
-80.0,-156.0,-841.0
-124.0,-9.0,-831.0
-93.0,72.0,-1020.0
-167.0,83.0,-1056.0
-169.0,95.0,-1114.0
-138.0,103.0,-1169.0
-107.0,156.0,-1147.0
-97.0,-21.0,-989.0
-175.0,-119.0,-806.0
-234.0,-15.0,-827.0
-122.0,19.0,-1036.0
-165.0,52.0,-1175.0
-122.0,70.0,-1190.0
-197.0,175.0,-1171.0
-87.0,140.0,-1192.0
-101.0,-19.0,-1052.0
-146.0,-52.0,-899.0
-132.0,-40.0,-880.0
-130.0,52.0,-960.0
-105.0,44.0,-1050.0
-68.0,19.0,-1104.0
-138.0,160.0,-1173.0
-37.0,81.0,-1216.0
-56.0,-9.0,-1046.0
-46.0,-74.0,-829.0
-66.0,-54.0,-819.0
-72.0,91.0,-940.0
0.0,-31.0,-1120.0
-80.0,136.0,-1126.0
-89.0,109.0,-1147.0
-66.0,91.0,-1141.0
-21.0,-9.0,-1036.0
-58.0,-74.0,-874.0
-134.0,-35.0,-804.0
-44.0,-11.0,-962.0
-54.0,15.0,-1011.0
-44.0,111.0,-1075.0
-68.0,160.0,-1192.0
13.0,136.0,-1216.0
50.0,-17.0,-1097.0
-5.0,-40.0,-886.0
-74.0,-60.0,-812.0
3.0,-11.0,-897.0
7.0,7.0,-1054.0
-33.0,132.0,-1097.0
-87.0,162.0,-1198.0
-9.0,101.0,-1186.0
21.0,-37.0,-1081.0
-11.0,-39.0,-812.0
-66.0,-39.0,-792.0
-5.0,48.0,-901.0
13.0,-15.0,-1114.0
-9.0,80.0,-1139.0
-103.0,156.0,-1167.0
56.0,132.0,-1157.0
56.0,13.0,-1046.0
91.0,-85.0,-892.0
-31.0,-89.0,-878.0
115.0,17.0,-892.0
54.0,29.0,-995.0
42.0,105.0,-1071.0
-1.0,101.0,-1136.0
126.0,136.0,-1153.0
165.0,0.0,-1108.0
101.0,-15.0,-929.0
-31.0,-91.0,-813.0
66.0,-29.0,-895.0
9.0,21.0,-1073.0
0.0,111.0,-1145.0
-76.0,132.0,-1141.0
-1.0,162.0,-1136.0
44.0,-13.0,-1093.0
-7.0,-64.0,-960.0
-109.0,-85.0,-829.0
-23.0,-9.0,-874.0
-58.0,33.0,-1034.0
-39.0,68.0,-1065.0
-122.0,152.0,-1079.0
0.0,105.0,-1196.0
-9.0,25.0,-1163.0
11.0,-46.0,-981.0
-72.0,-91.0,-813.0
-3.0,50.0,-853.0
13.0,0.0,-1001.0
-78.0,105.0,-1065.0
-76.0,150.0,-1130.0
-48.0,113.0,-1194.0
29.0,23.0,-1151.0
-58.0,-44.0,-923.0
-101.0,-70.0,-788.0
-66.0,15.0,-854.0
-5.0,7.0,-1077.0
-93.0,23.0,-1126.0
-23.0,130.0,-1126.0
11.0,76.0,-1126.0
-27.0,-39.0,-958.0
-56.0,-66.0,-882.0
-25.0,-15.0,-884.0
-46.0,29.0,-995.0
-64.0,39.0,-1063.0
-48.0,58.0,-1081.0
-44.0,148.0,-1159.0
13.0,95.0,-1196.0
-27.0,-29.0,-1028.0
5.0,-113.0,-819.0
-37.0,-7.0,-845.0
-11.0,31.0,-1016.0
-52.0,19.0,-1122.0
-42.0,99.0,-1083.0
-37.0,163.0,-1155.0
54.0,74.0,-1151.0
-13.0,-52.0,-1022.0
-13.0,-66.0,-817.0
-62.0,-17.0,-866.0
56.0,17.0,-1005.0
-44.0,15.0,-1003.0
5.0,156.0,-1048.0
-7.0,121.0,-1177.0
72.0,130.0,-1179.0
35.0,-50.0,-1024.0
0.0,-44.0,-847.0
-44.0,-25.0,-843.0
62.0,-5.0,-923.0
-56.0,81.0,-1016.0
33.0,81.0,-1120.0
-39.0,158.0,-1184.0
60.0,85.0,-1190.0
-3.0,-48.0,-979.0
-3.0,-50.0,-796.0
-54.0,13.0,-825.0
44.0,21.0,-993.0
-37.0,0.0,-1079.0
-5.0,56.0,-1093.0
-58.0,128.0,-1139.0
52.0,162.0,-1145.0
0.0,-5.0,-1005.0
48.0,-68.0,-931.0
-58.0,-66.0,-888.0
35.0,40.0,-925.0
-42.0,13.0,-983.0
-15.0,81.0,-1089.0
-74.0,111.0,-1147.0
52.0,117.0,-1184.0
23.0,27.0,-1087.0
66.0,-46.0,-880.0
-91.0,-70.0,-800.0
56.0,-21.0,-919.0
-37.0,19.0,-1052.0
13.0,81.0,-1093.0
-54.0,165.0,-1138.0
25.0,160.0,-1145.0
48.0,-58.0,-1098.0
5.0,-64.0,-892.0
-80.0,-35.0,-845.0
80.0,15.0,-929.0
-39.0,25.0,-1016.0
-19.0,101.0,-1042.0
-76.0,117.0,-1118.0
52.0,140.0,-1216.0
27.0,0.0,-1106.0
62.0,-54.0,-933.0
-72.0,-56.0,-786.0
46.0,5.0,-853.0
-37.0,35.0,-1016.0
-5.0,87.0,-1075.0
-76.0,152.0,-1157.0
33.0,91.0,-1210.0
48.0,-17.0,-1061.0
21.0,-42.0,-849.0
-48.0,-37.0,-829.0
50.0,13.0,-901.0
7.0,-13.0,-1042.0
-52.0,89.0,-1073.0
-33.0,95.0,-1141.0
33.0,128.0,-1126.0
21.0,31.0,-1108.0
39.0,-23.0,-952.0
-66.0,-66.0,-890.0
19.0,-9.0,-849.0
-52.0,29.0,-991.0
-23.0,68.0,-1050.0
-60.0,107.0,-1104.0
-9.0,146.0,-1151.0
19.0,33.0,-1194.0
29.0,-33.0,-960.0
-56.0,-64.0,-788.0
-3.0,-17.0,-853.0
-33.0,29.0,-1028.0
0.0,46.0,-1089.0
-60.0,97.0,-1108.0
-19.0,160.0,-1157.0
52.0,13.0,-1163.0
-9.0,-44.0,-979.0
-27.0,-66.0,-839.0
-3.0,3.0,-886.0
-1.0,25.0,-1005.0
-56.0,19.0,-1020.0
-60.0,152.0,-1077.0
-19.0,89.0,-1196.0
54.0,74.0,-1177.0
11.0,-39.0,-995.0
-46.0,-48.0,-817.0
-44.0,-13.0,-817.0
17.0,-3.0,-987.0
-42.0,68.0,-1052.0
-13.0,109.0,-1095.0
-25.0,126.0,-1167.0
23.0,60.0,-1192.0
7.0,-25.0,-979.0
-7.0,-60.0,-831.0
-23.0,-1.0,-868.0
9.0,25.0,-989.0
-42.0,-11.0,-1059.0
-11.0,80.0,-1087.0
-48.0,152.0,-1153.0
50.0,99.0,-1161.0
-23.0,21.0,-1013.0
33.0,-64.0,-870.0
-35.0,-50.0,-872.0
3.0,39.0,-907.0
13.0,1.0,-1011.0
-35.0,121.0,-1071.0
-76.0,119.0,-1179.0
23.0,93.0,-1210.0
25.0,7.0,-1069.0
42.0,-52.0,-812.0
-70.0,-21.0,-827.0
44.0,-25.0,-938.0
-3.0,19.0,-1073.0
-11.0,91.0,-1104.0
-46.0,136.0,-1163.0
0.0,122.0,-1118.0
64.0,-9.0,-1071.0
21.0,-60.0,-882.0
-76.0,-29.0,-854.0
78.0,-27.0,-927.0
-39.0,66.0,-1013.0
1.0,113.0,-1024.0
-60.0,119.0,-1167.0
21.0,117.0,-1188.0
15.0,13.0,-1087.0
25.0,-40.0,-874.0
-70.0,-56.0,-823.0
40.0,0.0,-858.0
0.0,-7.0,-1069.0
-7.0,130.0,-1120.0
-76.0,138.0,-1128.0
29.0,105.0,-1169.0
48.0,0.0,-1042.0
54.0,-48.0,-897.0
-54.0,-40.0,-849.0
33.0,5.0,-909.0
3.0,-35.0,-1028.0
-29.0,87.0,-1061.0
-78.0,126.0,-1122.0
33.0,169.0,-1124.0
33.0,29.0,-1120.0
78.0,-44.0,-950.0
-66.0,-87.0,-843.0
29.0,-29.0,-854.0
-29.0,56.0,-991.0
-33.0,111.0,-1077.0
-81.0,124.0,-1139.0
5.0,126.0,-1177.0
66.0,-15.0,-1167.0
13.0,-40.0,-921.0
-46.0,-40.0,-757.0
21.0,-13.0,-862.0
-9.0,-7.0,-1071.0
-50.0,70.0,-1118.0
-70.0,126.0,-1087.0
33.0,148.0,-1136.0
21.0,17.0,-1098.0
35.0,-56.0,-964.0
-68.0,-56.0,-829.0
35.0,5.0,-895.0
-39.0,21.0,-1016.0
-23.0,50.0,-1048.0
-93.0,121.0,-1073.0
29.0,117.0,-1212.0
0.0,64.0,-1155.0
44.0,-31.0,-987.0
-68.0,-62.0,-817.0
-1.0,-15.0,-821.0
0.0,-27.0,-1007.0
-37.0,70.0,-1100.0
-37.0,107.0,-1100.0
-3.0,154.0,-1122.0
17.0,46.0,-1167.0
33.0,-72.0,-983.0
-50.0,-40.0,-829.0
13.0,-9.0,-874.0
-39.0,17.0,-1015.0
-35.0,23.0,-1042.0
-31.0,80.0,-1091.0
-11.0,175.0,-1147.0
33.0,83.0,-1192.0
1.0,-33.0,-1032.0
-21.0,-76.0,-847.0
-21.0,-31.0,-825.0
1.0,5.0,-983.0
-29.0,15.0,-1036.0
-66.0,173.0,-1073.0
-21.0,124.0,-1206.0
56.0,33.0,-1192.0
-5.0,-39.0,-1003.0
-13.0,-72.0,-786.0
-54.0,39.0,-833.0
35.0,15.0,-1015.0
-62.0,-15.0,-1083.0
-13.0,80.0,-1077.0
-15.0,165.0,-1145.0
21.0,117.0,-1153.0
0.0,-11.0,-991.0
0.0,-60.0,-880.0
-50.0,-35.0,-890.0
27.0,-19.0,-968.0
-21.0,62.0,-987.0
42.0,103.0,-1059.0
-44.0,89.0,-1182.0
15.0,136.0,-1198.0
1.0,-19.0,-1030.0
33.0,-23.0,-866.0
-42.0,-48.0,-815.0
19.0,19.0,-919.0
-15.0,-25.0,-1052.0
31.0,101.0,-1095.0
-85.0,177.0,-1126.0
52.0,99.0,-1145.0
5.0,33.0,-1048.0
70.0,-74.0,-880.0
-56.0,-66.0,-888.0
3.0,44.0,-919.0
13.0,-17.0,-1015.0
-7.0,138.0,-1050.0
-70.0,128.0,-1167.0
37.0,130.0,-1188.0
21.0,-13.0,-1087.0
40.0,-27.0,-892.0
-80.0,-56.0,-806.0
72.0,-37.0,-874.0
-1.0,15.0,-989.0
15.0,126.0,-1077.0
-48.0,148.0,-1184.0
11.0,124.0,-1179.0
87.0,-54.0,-1083.0
19.0,-31.0,-833.0
-56.0,-35.0,-833.0
56.0,29.0,-919.0
70.0,-48.0,-1077.0
142.0,152.0,-1104.0
124.0,119.0,-1153.0
251.0,124.0,-1116.0
392.0,-5.0,-1016.0
439.0,-3.0,-935.0
370.0,-74.0,-870.0
493.0,-78.0,-862.0
482.0,23.0,-1052.0
560.0,150.0,-1075.0
415.0,206.0,-1149.0
616.0,11.0,-1177.0
620.0,39.0,-1104.0
599.0,9.0,-952.0
452.0,-37.0,-796.0
571.0,-89.0,-817.0
554.0,-31.0,-1059.0
493.0,150.0,-1083.0
390.0,261.0,-1054.0
460.0,7.0,-1102.0
476.0,-27.0,-1116.0
423.0,35.0,-935.0
306.0,-5.0,-821.0
310.0,-48.0,-845.0
363.0,-27.0,-1050.0
195.0,138.0,-1059.0
185.0,228.0,-1052.0
195.0,3.0,-1100.0
230.0,-9.0,-1202.0
148.0,27.0,-976.0
13.0,-3.0,-776.0
78.0,-60.0,-872.0
-3.0,-25.0,-1018.0
0.0,136.0,-1079.0
-48.0,175.0,-1104.0
31.0,119.0,-1227.0
89.0,-54.0,-1175.0
-21.0,19.0,-976.0
-21.0,-31.0,-806.0
3.0,-42.0,-909.0
27.0,64.0,-1061.0
-42.0,25.0,-1097.0
-11.0,99.0,-1063.0
15.0,111.0,-1163.0
50.0,37.0,-1102.0
17.0,68.0,-995.0
50.0,-111.0,-856.0
23.0,-13.0,-917.0
52.0,3.0,-966.0
-21.0,58.0,-1022.0
21.0,138.0,-1022.0
-25.0,70.0,-1196.0
111.0,126.0,-1180.0
39.0,-33.0,-1044.0
11.0,-25.0,-853.0
-25.0,-44.0,-829.0
9.0,5.0,-958.0
-35.0,42.0,-1052.0
3.0,109.0,-1052.0
-27.0,165.0,-1130.0
21.0,80.0,-1167.0
3.0,25.0,-1028.0
25.0,-80.0,-845.0
-25.0,-80.0,-899.0
35.0,72.0,-940.0
-1.0,15.0,-1009.0
29.0,142.0,-1016.0
-23.0,115.0,-1173.0
126.0,105.0,-1202.0
33.0,3.0,-1102.0
80.0,-39.0,-876.0
17.0,-46.0,-860.0
134.0,-3.0,-925.0
46.0,-9.0,-1007.0
72.0,93.0,-1028.0
76.0,74.0,-1161.0
152.0,95.0,-1180.0
111.0,35.0,-1040.0
126.0,-13.0,-843.0
72.0,-17.0,-897.0
163.0,-1.0,-976.0
58.0,-31.0,-1022.0
72.0,31.0,-1022.0
0.0,87.0,-1089.0
56.0,134.0,-1110.0
39.0,39.0,-1071.0
85.0,-33.0,-983.0
-56.0,-40.0,-936.0
5.0,-17.0,-917.0
-25.0,7.0,-938.0
37.0,37.0,-1003.0
-121.0,160.0,-1108.0
-1.0,138.0,-1194.0
-46.0,7.0,-1112.0
48.0,-52.0,-991.0
-148.0,-21.0,-870.0
25.0,-17.0,-925.0
-40.0,-35.0,-987.0
-44.0,58.0,-1022.0
-113.0,140.0,-1081.0
-21.0,117.0,-1098.0
31.0,3.0,-1139.0
11.0,7.0,-976.0
-105.0,-5.0,-894.0
66.0,5.0,-940.0
-19.0,0.0,-983.0
-15.0,74.0,-979.0
-83.0,66.0,-1083.0
42.0,150.0,-1100.0
113.0,-52.0,-1155.0
81.0,83.0,-1020.0
-68.0,-31.0,-853.0
119.0,0.0,-866.0
-5.0,48.0,-979.0
39.0,35.0,-1018.0
-80.0,66.0,-1057.0
54.0,78.0,-1102.0
42.0,46.0,-1153.0
15.0,40.0,-995.0
-76.0,-66.0,-903.0
72.0,40.0,-890.0
3.0,-3.0,-1061.0
9.0,37.0,-1028.0
-99.0,29.0,-997.0
40.0,126.0,-1073.0
-9.0,101.0,-1182.0
72.0,5.0,-1136.0
-85.0,-56.0,-884.0
60.0,21.0,-866.0
-7.0,13.0,-997.0
11.0,15.0,-1003.0
-111.0,29.0,-981.0
103.0,81.0,-1073.0
21.0,163.0,-1239.0
21.0,-40.0,-1106.0
-72.0,-9.0,-849.0
46.0,5.0,-794.0
0.0,48.0,-1059.0
58.0,-11.0,-1030.0
-3.0,23.0,-1024.0
-19.0,121.0,-1036.0
33.0,46.0,-1194.0
56.0,23.0,-1098.0
19.0,-74.0,-940.0
29.0,3.0,-895.0
-42.0,50.0,-933.0
23.0,15.0,-1005.0
-80.0,74.0,-1001.0
1.0,19.0,-1134.0
-89.0,152.0,-1104.0
35.0,60.0,-1147.0
-37.0,-33.0,-950.0
-81.0,-66.0,-847.0
-68.0,42.0,-841.0
-56.0,-7.0,-1079.0
-64.0,31.0,-1067.0
-48.0,76.0,-1048.0
-72.0,179.0,-1128.0
21.0,15.0,-1069.0
1.0,-19.0,-1013.0
-80.0,39.0,-929.0
27.0,-72.0,-979.0
-25.0,9.0,-944.0
85.0,-40.0,-976.0
-89.0,187.0,-1089.0
-54.0,111.0,-1153.0
31.0,-15.0,-1104.0
95.0,7.0,-989.0
5.0,42.0,-950.0
0.0,-27.0,-819.0
29.0,-62.0,-888.0
58.0,85.0,-1069.0
-212.0,156.0,-1112.0
64.0,111.0,-1085.0
179.0,101.0,-1151.0
113.0,-60.0,-1005.0
68.0,-42.0,-835.0
93.0,23.0,-976.0
-46.0,-99.0,-987.0
-25.0,173.0,-938.0
93.0,101.0,-1097.0
107.0,136.0,-1141.0
17.0,-29.0,-1061.0
134.0,-7.0,-989.0
-121.0,160.0,-1013.0
46.0,-99.0,-862.0
122.0,0.0,-895.0
-160.0,-52.0,-1091.0
-111.0,64.0,-1015.0
27.0,222.0,-1124.0
5.0,144.0,-1196.0
-11.0,-19.0,-1020.0
-181.0,-74.0,-917.0
224.0,121.0,-839.0
126.0,-130.0,-1050.0
-245.0,122.0,-977.0
-33.0,-5.0,-1042.0
-46.0,83.0,-1098.0
58.0,87.0,-1266.0
-19.0,54.0,-1013.0
-130.0,25.0,-733.0
234.0,-144.0,-1005.0
-78.0,128.0,-1024.0
54.0,-11.0,-1013.0
-263.0,175.0,-890.0
-44.0,40.0,-1182.0
261.0,31.0,-1288.0
-21.0,-13.0,-1028.0
-64.0,-13.0,-796.0
-78.0,109.0,-841.0
156.0,-115.0,-1163.0
-249.0,58.0,-897.0
99.0,40.0,-936.0
93.0,212.0,-1214.0
81.0,50.0,-1276.0
-72.0,-23.0,-991.0
-62.0,39.0,-772.0
167.0,64.0,-890.0
39.0,-3.0,-1065.0
-101.0,-101.0,-1003.0
-60.0,60.0,-909.0
50.0,177.0,-1118.0
-150.0,130.0,-1182.0
76.0,-138.0,-1106.0
-169.0,89.0,-704.0
165.0,15.0,-1030.0
-91.0,105.0,-1081.0
56.0,-199.0,-970.0
-185.0,185.0,-813.0
46.0,171.0,-1212.0
-76.0,64.0,-1190.0
204.0,-83.0,-1153.0
-95.0,89.0,-866.0
156.0,54.0,-938.0
-183.0,-29.0,-993.0
9.0,-83.0,-972.0
-3.0,119.0,-860.0
-3.0,138.0,-1069.0
31.0,81.0,-1309.0
-46.0,-60.0,-1061.0
-74.0,-46.0,-903.0
29.0,19.0,-952.0
105.0,83.0,-1106.0
109.0,-111.0,-858.0
-21.0,58.0,-847.0
40.0,220.0,-1173.0
0.0,152.0,-1321.0
27.0,3.0,-1067.0
52.0,-7.0,-878.0
-64.0,35.0,-942.0
113.0,-91.0,-936.0
17.0,-183.0,-890.0
-76.0,206.0,-874.0
132.0,136.0,-1153.0
39.0,220.0,-1432.0
29.0,-136.0,-1044.0
7.0,-117.0,-821.0
-87.0,316.0,-858.0
122.0,5.0,-1054.0
-25.0,-48.0,-936.0
-39.0,-121.0,-948.0
-224.0,189.0,-1114.0
0.0,214.0,-1233.0
-54.0,-76.0,-1079.0
15.0,-54.0,-872.0
-171.0,-68.0,-956.0
64.0,220.0,-1028.0
68.0,-101.0,-946.0
-208.0,21.0,-952.0
-132.0,228.0,-1106.0
62.0,124.0,-1286.0
111.0,105.0,-1095.0
-58.0,-183.0,-1005.0
-230.0,60.0,-790.0
310.0,-37.0,-923.0
0.0,5.0,-1057.0
-21.0,-25.0,-1001.0
-199.0,142.0,-946.0
150.0,169.0,-1052.0
103.0,115.0,-1282.0
-33.0,-68.0,-979.0
-58.0,-167.0,-847.0
91.0,212.0,-915.0
173.0,-54.0,-1169.0
-62.0,-19.0,-915.0
-17.0,19.0,-1001.0
171.0,165.0,-1098.0
-5.0,121.0,-1335.0
-27.0,-56.0,-970.0
-117.0,-33.0,-704.0
187.0,81.0,-915.0
-62.0,126.0,-1118.0
-142.0,-21.0,-890.0
-50.0,-46.0,-874.0
80.0,208.0,-1225.0
187.0,29.0,-1272.0
-31.0,-66.0,-974.0
-214.0,-89.0,-733.0
195.0,68.0,-1018.0
-89.0,216.0,-1136.0
-27.0,-105.0,-1044.0
-107.0,44.0,-813.0
191.0,105.0,-1145.0
-154.0,201.0,-1259.0
-27.0,-99.0,-1112.0
-111.0,-42.0,-757.0
68.0,19.0,-854.0
173.0,148.0,-1186.0
-7.0,-208.0,-936.0
21.0,-23.0,-858.0
39.0,265.0,-1116.0
-46.0,162.0,-1366.0
66.0,95.0,-999.0
140.0,-183.0,-870.0
-33.0,156.0,-829.0
9.0,-1.0,-1056.0
54.0,-15.0,-962.0
46.0,-1.0,-958.0
-72.0,89.0,-1052.0
-33.0,126.0,-1200.0
29.0,-15.0,-1059.0
-85.0,-7.0,-854.0
31.0,-58.0,-866.0
119.0,39.0,-1200.0
-39.0,5.0,-940.0
-148.0,173.0,-851.0
64.0,191.0,-1065.0
46.0,9.0,-1411.0
23.0,-44.0,-1009.0
0.0,-66.0,-823.0
-169.0,140.0,-823.0
101.0,-9.0,-1079.0
11.0,21.0,-981.0
-9.0,-146.0,-919.0
-203.0,197.0,-997.0
52.0,218.0,-1333.0
158.0,-19.0,-1175.0
15.0,-171.0,-823.0
-165.0,-13.0,-866.0
39.0,284.0,-1081.0
167.0,-50.0,-1188.0
-138.0,-206.0,-956.0
-136.0,58.0,-870.0
312.0,329.0,-1138.0
163.0,54.0,-1206.0
-189.0,-173.0,-995.0
-187.0,-35.0,-788.0
177.0,50.0,-974.0
132.0,232.0,-1143.0
-89.0,-40.0,-968.0
-85.0,11.0,-880.0
167.0,134.0,-1114.0
-31.0,122.0,-1444.0
-126.0,31.0,-968.0
-11.0,-199.0,-747.0
68.0,124.0,-964.0
50.0,62.0,-1126.0
-193.0,-46.0,-966.0
-140.0,111.0,-847.0
29.0,83.0,-1149.0
27.0,126.0,-1317.0
-50.0,-146.0,-946.0
-136.0,31.0,-753.0
80.0,119.0,-1030.0
189.0,66.0,-1157.0
-124.0,-46.0,-935.0
-175.0,72.0,-778.0
222.0,238.0,-1177.0
122.0,78.0,-1395.0
-62.0,-216.0,-1046.0
-318.0,7.0,-610.0
236.0,193.0,-755.0
156.0,179.0,-1286.0
-89.0,-429.0,-1054.0
-206.0,54.0,-704.0
240.0,292.0,-1122.0
60.0,234.0,-1518.0
44.0,-230.0,-1050.0
-142.0,-167.0,-528.0
113.0,236.0,-931.0
185.0,175.0,-1382.0
-44.0,-138.0,-1087.0
-46.0,-80.0,-601.0
201.0,284.0,-974.0
27.0,183.0,-1506.0
-87.0,-42.0,-1194.0
-78.0,-259.0,-521.0
-40.0,117.0,-827.0
-40.0,302.0,-1376.0
183.0,-320.0,-1048.0
-78.0,-74.0,-548.0
-286.0,208.0,-1013.0
48.0,413.0,-1661.0
78.0,-154.0,-1151.0
42.0,-286.0,-474.0
-245.0,169.0,-911.0
-68.0,294.0,-1333.0
372.0,-218.0,-1102.0
-66.0,-267.0,-630.0
-489.0,279.0,-854.0
302.0,382.0,-1409.0
185.0,-64.0,-1173.0
40.0,-333.0,-802.0
-468.0,212.0,-853.0
394.0,308.0,-1360.0
281.0,-169.0,-940.0
-66.0,-265.0,-636.0
-97.0,162.0,-772.0
113.0,472.0,-1405.0
11.0,115.0,-1380.0
-64.0,-560.0,-819.0
-171.0,52.0,-743.0
257.0,333.0,-1097.0
365.0,-23.0,-1233.0
-154.0,-392.0,-601.0
-269.0,89.0,-677.0
70.0,398.0,-1464.0
162.0,283.0,-1536.0
70.0,-447.0,-812.0
-329.0,175.0,-772.0
48.0,107.0,-1194.0
253.0,5.0,-1136.0
-31.0,-218.0,-653.0
-302.0,29.0,-644.0
-181.0,238.0,-1364.0
224.0,218.0,-1413.0
300.0,-160.0,-1020.0
-556.0,60.0,-694.0
39.0,-181.0,-964.0
187.0,347.0,-1069.0
415.0,-204.0,-813.0
-329.0,-249.0,-841.0
-384.0,495.0,-999.0
552.0,130.0,-1657.0
234.0,-171.0,-1079.0
-320.0,-158.0,-745.0
-72.0,236.0,-585.0
474.0,247.0,-1196.0
138.0,-392.0,-1114.0
-484.0,76.0,-669.0
3.0,206.0,-938.0
560.0,427.0,-1452.0
46.0,-187.0,-1350.0
-320.0,-203.0,-618.0
-138.0,191.0,-628.0
443.0,339.0,-1227.0
-13.0,-409.0,-1237.0
-368.0,-37.0,-665.0
56.0,70.0,-897.0
277.0,730.0,-1344.0
89.0,-359.0,-1694.0
-470.0,-156.0,-513.0
35.0,124.0,-530.0
142.0,439.0,-1268.0
-93.0,-284.0,-1378.0
-74.0,-206.0,-743.0
-128.0,230.0,-771.0
353.0,493.0,-1528.0
-273.0,-197.0,-1473.0
-115.0,-318.0,-603.0
-29.0,70.0,-540.0
167.0,544.0,-1319.0
-31.0,-99.0,-1286.0
70.0,-308.0,-714.0
-318.0,146.0,-808.0
193.0,386.0,-1503.0
-138.0,117.0,-1280.0
197.0,-577.0,-872.0
-443.0,169.0,-460.0
201.0,288.0,-1147.0
60.0,78.0,-1216.0
199.0,-488.0,-976.0
-476.0,232.0,-778.0
33.0,341.0,-1434.0
70.0,193.0,-1255.0
171.0,-488.0,-872.0
-417.0,216.0,-636.0
222.0,197.0,-966.0
181.0,130.0,-1241.0
85.0,-437.0,-1153.0
-370.0,144.0,-780.0
-15.0,308.0,-1018.0
345.0,279.0,-1266.0
80.0,-411.0,-1013.0
-212.0,39.0,-817.0
-9.0,222.0,-767.0
357.0,162.0,-1169.0
-91.0,-253.0,-1130.0
-329.0,13.0,-901.0
115.0,175.0,-923.0
273.0,400.0,-1141.0
160.0,-456.0,-1278.0
-361.0,27.0,-798.0
210.0,-115.0,-665.0
-27.0,571.0,-1054.0
85.0,-263.0,-1268.0
-66.0,-29.0,-985.0
-74.0,58.0,-858.0
-7.0,349.0,-1106.0
76.0,-72.0,-1296.0
-136.0,-169.0,-979.0
-220.0,-242.0,-813.0
85.0,411.0,-931.0
206.0,17.0,-1136.0
-64.0,35.0,-1079.0
-236.0,-138.0,-882.0
191.0,269.0,-1061.0
-97.0,279.0,-1294.0
-222.0,-152.0,-1175.0
-191.0,-109.0,-569.0
491.0,81.0,-821.0
-148.0,212.0,-1163.0
103.0,-158.0,-1296.0
-95.0,-80.0,-925.0
122.0,138.0,-1054.0
-128.0,105.0,-1243.0
-9.0,-107.0,-1052.0
0.0,136.0,-624.0
224.0,-9.0,-853.0
-226.0,124.0,-1282.0
66.0,-78.0,-1179.0
-78.0,132.0,-911.0
17.0,107.0,-977.0
-195.0,-11.0,-1206.0
109.0,-122.0,-1063.0
21.0,44.0,-737.0
31.0,95.0,-843.0
-236.0,60.0,-1177.0
316.0,-70.0,-1138.0
-44.0,199.0,-938.0
-208.0,122.0,-1106.0
-76.0,222.0,-1079.0
267.0,-236.0,-1052.0
-245.0,68.0,-870.0
-206.0,-169.0,-757.0
132.0,44.0,-1052.0
210.0,-19.0,-1245.0
-146.0,152.0,-1057.0
-113.0,13.0,-899.0
72.0,261.0,-1036.0
206.0,-25.0,-1206.0
-101.0,-33.0,-977.0
-138.0,-31.0,-712.0
85.0,220.0,-960.0
212.0,-11.0,-1179.0
-85.0,-33.0,-1098.0
-187.0,-85.0,-970.0
23.0,144.0,-1112.0
298.0,119.0,-1120.0
-60.0,-64.0,-872.0
-44.0,-103.0,-679.0
-46.0,228.0,-890.0
298.0,212.0,-1354.0
-72.0,76.0,-1233.0
-288.0,-11.0,-892.0
109.0,39.0,-899.0
269.0,-50.0,-1179.0
-122.0,-101.0,-954.0
-142.0,-7.0,-675.0
-44.0,107.0,-981.0
230.0,3.0,-1311.0
-39.0,11.0,-1143.0
-173.0,152.0,-870.0
-13.0,220.0,-987.0
175.0,70.0,-1227.0
109.0,-179.0,-1110.0
-259.0,60.0,-751.0
-56.0,7.0,-845.0
363.0,-48.0,-1136.0
25.0,-13.0,-1214.0
-167.0,15.0,-968.0
-126.0,236.0,-903.0
335.0,72.0,-1130.0
21.0,-150.0,-1059.0
-236.0,95.0,-763.0
-142.0,132.0,-792.0
423.0,9.0,-1136.0
15.0,103.0,-1202.0
-290.0,89.0,-1044.0
42.0,5.0,-851.0
349.0,-74.0,-1169.0
-103.0,-236.0,-1196.0
-224.0,171.0,-829.0
5.0,273.0,-642.0
448.0,-173.0,-1247.0
-388.0,25.0,-1327.0
-191.0,218.0,-977.0
169.0,183.0,-843.0
277.0,54.0,-1229.0
-128.0,-398.0,-1243.0
-134.0,64.0,-648.0
-160.0,257.0,-726.0
322.0,-93.0,-1327.0
-218.0,-58.0,-1300.0
-44.0,35.0,-948.0
255.0,257.0,-808.0
-277.0,121.0,-1165.0
42.0,-169.0,-1237.0
-306.0,76.0,-732.0
281.0,-7.0,-882.0
-173.0,238.0,-1104.0
54.0,-203.0,-1471.0
-240.0,15.0,-655.0
68.0,187.0,-878.0
33.0,44.0,-1149.0
-23.0,-191.0,-1493.0
-335.0,111.0,-544.0
201.0,31.0,-913.0
-308.0,361.0,-1087.0
93.0,-325.0,-1354.0
-152.0,150.0,-724.0
146.0,210.0,-1114.0
-138.0,37.0,-1141.0
103.0,-269.0,-1186.0
-179.0,134.0,-685.0
199.0,290.0,-854.0
-122.0,109.0,-1091.0
93.0,-279.0,-1292.0
-74.0,224.0,-757.0
195.0,187.0,-1048.0
-46.0,154.0,-1221.0
0.0,-413.0,-1151.0
15.0,101.0,-681.0
201.0,249.0,-839.0
-220.0,146.0,-1114.0
193.0,-462.0,-1225.0
-60.0,111.0,-845.0
-68.0,302.0,-1011.0
56.0,206.0,-1284.0
-9.0,-363.0,-1032.0
80.0,-48.0,-864.0
-146.0,372.0,-737.0
9.0,25.0,-1192.0
-29.0,-183.0,-1120.0
93.0,-70.0,-1081.0
-56.0,242.0,-911.0
-9.0,206.0,-1104.0
91.0,-417.0,-1161.0
181.0,0.0,-958.0
-162.0,220.0,-776.0
-29.0,341.0,-1057.0
163.0,-290.0,-1095.0
74.0,-115.0,-1106.0
-245.0,183.0,-890.0
-60.0,320.0,-1050.0
218.0,-366.0,-1165.0
-64.0,-31.0,-999.0
-142.0,40.0,-804.0
-103.0,277.0,-827.0
308.0,-234.0,-1202.0
-121.0,83.0,-1122.0
-91.0,187.0,-979.0
165.0,191.0,-987.0
-78.0,-85.0,-1190.0
179.0,-218.0,-1087.0
-216.0,130.0,-817.0
-29.0,177.0,-831.0
150.0,-105.0,-1243.0
-54.0,-58.0,-1272.0
-257.0,165.0,-714.0
296.0,208.0,-938.0
1.0,-33.0,-1259.0
-35.0,-251.0,-1134.0
-316.0,302.0,-538.0
462.0,-99.0,-948.0
-288.0,368.0,-1237.0
111.0,-464.0,-1216.0
-365.0,306.0,-702.0
489.0,-3.0,-1085.0
-193.0,121.0,-1339.0
-5.0,-324.0,-1009.0
-46.0,148.0,-573.0
60.0,140.0,-1013.0
-228.0,351.0,-1360.0
158.0,-382.0,-1011.0
-56.0,138.0,-808.0
173.0,37.0,-1077.0
-269.0,216.0,-1331.0
195.0,-284.0,-897.0
-21.0,64.0,-696.0
13.0,244.0,-1016.0
-27.0,-52.0,-1313.0
117.0,1.0,-1020.0
25.0,13.0,-749.0
-11.0,353.0,-1079.0
-64.0,7.0,-1380.0
117.0,-234.0,-1003.0
-136.0,50.0,-653.0
-48.0,226.0,-917.0
72.0,42.0,-1163.0
177.0,-269.0,-1100.0
-154.0,138.0,-780.0
-33.0,99.0,-1083.0
-203.0,220.0,-1276.0
273.0,-203.0,-1089.0
-105.0,-19.0,-716.0
-50.0,220.0,-874.0
-97.0,58.0,-1151.0
165.0,-19.0,-1143.0
-42.0,-5.0,-837.0
-191.0,99.0,-1089.0
-68.0,39.0,-1108.0
175.0,-83.0,-1122.0
-66.0,76.0,-815.0
-56.0,35.0,-901.0
-9.0,160.0,-981.0
298.0,-35.0,-1112.0
5.0,101.0,-1011.0
-320.0,68.0,-1050.0
179.0,54.0,-1138.0
267.0,-81.0,-1048.0
-52.0,72.0,-868.0
-158.0,11.0,-753.0
62.0,-13.0,-1056.0
392.0,-40.0,-1218.0
-150.0,27.0,-1077.0
-431.0,277.0,-858.0
476.0,-128.0,-1020.0
130.0,103.0,-1145.0
-9.0,-204.0,-1046.0
-177.0,201.0,-636.0
95.0,52.0,-1087.0
107.0,76.0,-1241.0
-140.0,42.0,-1139.0
-236.0,44.0,-794.0
308.0,105.0,-933.0
204.0,-68.0,-1362.0
-156.0,15.0,-981.0
-259.0,56.0,-525.0
167.0,160.0,-940.0
76.0,39.0,-1301.0
-31.0,89.0,-1147.0
-324.0,-99.0,-851.0
365.0,35.0,-936.0
-42.0,58.0,-1259.0
39.0,-40.0,-972.0
-265.0,-31.0,-737.0
105.0,64.0,-935.0
113.0,119.0,-1325.0
-1.0,64.0,-1229.0
-320.0,50.0,-737.0
353.0,46.0,-888.0
-21.0,-78.0,-1372.0
-52.0,76.0,-981.0
-162.0,7.0,-632.0
257.0,99.0,-993.0
-60.0,0.0,-1327.0
13.0,15.0,-1136.0
-173.0,148.0,-765.0
409.0,70.0,-1042.0
-146.0,-33.0,-1337.0
-11.0,-105.0,-899.0
-259.0,203.0,-632.0
154.0,193.0,-1022.0
-21.0,13.0,-1383.0
31.0,-150.0,-1073.0
-242.0,121.0,-673.0
234.0,83.0,-1044.0
-191.0,7.0,-1401.0
23.0,-181.0,-944.0
-119.0,42.0,-692.0
66.0,267.0,-995.0
-15.0,-68.0,-1292.0
89.0,-25.0,-1128.0
-95.0,87.0,-808.0
31.0,134.0,-1057.0
-244.0,101.0,-1309.0
195.0,-150.0,-948.0
0.0,-80.0,-771.0
-62.0,271.0,-835.0
39.0,44.0,-1301.0
-31.0,1.0,-1057.0
-72.0,83.0,-876.0
46.0,-29.0,-1052.0
-119.0,179.0,-1208.0
156.0,-199.0,-991.0
-122.0,109.0,-804.0
-3.0,171.0,-948.0
121.0,-66.0,-1229.0
-50.0,40.0,-1112.0
78.0,-15.0,-837.0
-31.0,121.0,-1020.0
-152.0,-19.0,-1169.0
302.0,-218.0,-1056.0
-60.0,191.0,-745.0
249.0,150.0,-901.0
-113.0,60.0,-1175.0
105.0,-210.0,-1216.0
-89.0,56.0,-735.0
-56.0,226.0,-1171.0
-122.0,296.0,-1149.0
302.0,-447.0,-1190.0
-261.0,19.0,-634.0
56.0,181.0,-847.0
7.0,308.0,-1151.0
171.0,-253.0,-1323.0
-105.0,-78.0,-702.0
-169.0,148.0,-1040.0
23.0,298.0,-1161.0
134.0,-195.0,-1163.0
-99.0,-226.0,-663.0
81.0,130.0,-847.0
-152.0,366.0,-1237.0
48.0,-113.0,-1239.0
-64.0,-261.0,-737.0
-56.0,128.0,-1063.0
-15.0,386.0,-1300.0
11.0,-230.0,-1169.0
-238.0,-185.0,-636.0
122.0,173.0,-974.0
-308.0,560.0,-1208.0
33.0,-472.0,-1093.0
31.0,-185.0,-892.0
109.0,306.0,-1173.0
-115.0,493.0,-1108.0
68.0,-464.0,-1188.0
-208.0,-162.0,-599.0
269.0,368.0,-1095.0
-378.0,382.0,-1163.0
68.0,-431.0,-995.0
185.0,-281.0,-931.0
-165.0,519.0,-1206.0
-140.0,327.0,-1050.0
-11.0,-402.0,-1071.0
-27.0,-238.0,-843.0
-95.0,292.0,-1081.0
-400.0,464.0,-993.0
402.0,-462.0,-913.0
-17.0,-50.0,-1026.0
-173.0,228.0,-1229.0
-191.0,454.0,-1061.0
146.0,-271.0,-1028.0
66.0,-343.0,-962.0
-304.0,177.0,-946.0
60.0,324.0,-831.0
509.0,-109.0,-983.0
-85.0,66.0,-1130.0
-247.0,-121.0,-1157.0
-21.0,468.0,-954.0
247.0,-181.0,-1044.0
-3.0,-212.0,-1063.0
-206.0,101.0,-864.0
97.0,366.0,-753.0
388.0,72.0,-1013.0
-132.0,-220.0,-1266.0
-355.0,-85.0,-1005.0
226.0,284.0,-972.0
195.0,95.0,-1046.0
163.0,-296.0,-1136.0
-439.0,70.0,-804.0
290.0,212.0,-675.0
169.0,296.0,-1052.0
122.0,-281.0,-1399.0
-324.0,21.0,-946.0
277.0,247.0,-815.0
413.0,119.0,-1020.0
-113.0,-290.0,-1262.0
-388.0,113.0,-749.0
398.0,136.0,-659.0
201.0,470.0,-1165.0
58.0,-460.0,-1477.0
-318.0,115.0,-710.0
376.0,85.0,-720.0
370.0,347.0,-1233.0
-333.0,-310.0,-1327.0
-134.0,76.0,-724.0
247.0,23.0,-585.0
236.0,472.0,-1192.0
-158.0,-488.0,-1497.0
-222.0,56.0,-671.0
411.0,64.0,-755.0
284.0,245.0,-1300.0
-407.0,-175.0,-1307.0
-62.0,-31.0,-534.0
382.0,89.0,-755.0
121.0,324.0,-1274.0
-286.0,-136.0,-1442.0
-132.0,-70.0,-618.0
435.0,-117.0,-917.0
-44.0,201.0,-1264.0
-300.0,72.0,-1383.0
54.0,-247.0,-474.0
458.0,212.0,-786.0
-89.0,327.0,-1296.0
-302.0,-25.0,-1423.0
122.0,-195.0,-583.0
339.0,15.0,-979.0
42.0,411.0,-1218.0
-15.0,-165.0,-1288.0
-52.0,-245.0,-515.0
-3.0,353.0,-774.0
-162.0,199.0,-1325.0
-134.0,-177.0,-1325.0
177.0,-156.0,-796.0
121.0,167.0,-851.0
-76.0,203.0,-1204.0
-318.0,-7.0,-1157.0
105.0,-136.0,-749.0
54.0,283.0,-915.0
-113.0,-66.0,-1298.0
-259.0,-44.0,-1124.0
357.0,-158.0,-915.0
-279.0,210.0,-1067.0
-169.0,99.0,-1257.0
-327.0,-27.0,-983.0
437.0,-107.0,-862.0
-87.0,454.0,-991.0
-76.0,-56.0,-1024.0
-5.0,-208.0,-1028.0
150.0,136.0,-999.0
-234.0,327.0,-1214.0
-78.0,-25.0,-1130.0
83.0,-245.0,-936.0
249.0,-7.0,-841.0
-136.0,329.0,-921.0
-162.0,93.0,-1202.0
-39.0,-76.0,-1071.0
275.0,-80.0,-1044.0
-224.0,283.0,-1110.0
-269.0,52.0,-1009.0
204.0,-214.0,-985.0
281.0,-44.0,-1020.0
-277.0,191.0,-1057.0
-242.0,195.0,-839.0
329.0,-152.0,-1050.0
122.0,44.0,-1180.0
-417.0,89.0,-1081.0
-87.0,163.0,-946.0
66.0,-13.0,-987.0
240.0,-257.0,-1139.0
-384.0,271.0,-989.0
-23.0,119.0,-854.0
-134.0,74.0,-1075.0
48.0,-44.0,-1270.0
-378.0,-39.0,-1054.0
113.0,263.0,-894.0
-11.0,-42.0,-981.0
195.0,-271.0,-1241.0
-515.0,320.0,-981.0
288.0,29.0,-874.0
-267.0,195.0,-997.0
333.0,-275.0,-1190.0
-275.0,212.0,-966.0
269.0,128.0,-985.0
-140.0,-126.0,-1050.0
144.0,-247.0,-1048.0
-95.0,210.0,-1026.0
197.0,265.0,-819.0
-169.0,-81.0,-1149.0
294.0,-91.0,-974.0
-48.0,162.0,-1077.0
300.0,242.0,-1015.0
-193.0,-93.0,-1071.0
204.0,-253.0,-812.0
-162.0,183.0,-954.0
163.0,160.0,-1073.0
-249.0,154.0,-1007.0
511.0,-298.0,-935.0
-308.0,130.0,-936.0
341.0,146.0,-1097.0
-267.0,150.0,-956.0
482.0,-244.0,-1083.0
-564.0,121.0,-862.0
423.0,152.0,-1063.0
-220.0,220.0,-872.0
468.0,-322.0,-1153.0
-464.0,29.0,-890.0
288.0,68.0,-1145.0
-169.0,152.0,-1069.0
191.0,-185.0,-1173.0
-378.0,-70.0,-749.0
253.0,253.0,-989.0
-25.0,177.0,-1102.0
121.0,-111.0,-1114.0
-275.0,-72.0,-817.0
187.0,-7.0,-1153.0
-158.0,121.0,-1112.0
247.0,15.0,-1052.0
-398.0,-162.0,-831.0
224.0,220.0,-1100.0
-68.0,0.0,-993.0
163.0,148.0,-1007.0
-89.0,-156.0,-1081.0
-230.0,177.0,-977.0
269.0,111.0,-1128.0
27.0,197.0,-1001.0
-128.0,-382.0,-1034.0
-138.0,230.0,-819.0
224.0,74.0,-1057.0
-62.0,76.0,-972.0
-203.0,-290.0,-1227.0
-226.0,206.0,-866.0
448.0,177.0,-1175.0
-156.0,85.0,-933.0
-52.0,-242.0,-983.0
-203.0,255.0,-776.0
376.0,-60.0,-1221.0
-279.0,181.0,-950.0
15.0,-212.0,-1233.0
-283.0,39.0,-847.0
316.0,407.0,-1054.0
27.0,-310.0,-1134.0
-78.0,-56.0,-1011.0
-197.0,70.0,-732.0
199.0,540.0,-1288.0
-81.0,-146.0,-1042.0
-87.0,-165.0,-1052.0
-107.0,-56.0,-866.0
370.0,484.0,-1128.0
-31.0,-226.0,-1272.0
-179.0,-111.0,-813.0
-160.0,-160.0,-788.0
232.0,532.0,-1190.0
-140.0,-158.0,-1153.0
-25.0,33.0,-866.0
-74.0,-199.0,-1046.0
189.0,474.0,-1104.0
-148.0,-138.0,-1221.0
-224.0,31.0,-858.0
-234.0,-195.0,-884.0
179.0,515.0,-1005.0
-115.0,-292.0,-1227.0
-423.0,70.0,-817.0
-201.0,-163.0,-1001.0
42.0,460.0,-1200.0
-415.0,-89.0,-1268.0
-400.0,-54.0,-673.0
-136.0,-76.0,-813.0
-74.0,312.0,-1015.0
-445.0,165.0,-1311.0
-324.0,-208.0,-845.0
-388.0,-44.0,-1052.0
-257.0,300.0,-1089.0
-534.0,138.0,-1171.0
-433.0,-165.0,-776.0
-132.0,-171.0,-897.0
-263.0,407.0,-1059.0
-450.0,107.0,-1262.0
-288.0,-173.0,-874.0
-421.0,-9.0,-886.0
-169.0,265.0,-1216.0
-482.0,60.0,-1089.0
-286.0,-89.0,-854.0
-261.0,-130.0,-913.0
-396.0,265.0,-1114.0
-220.0,-107.0,-1108.0
-351.0,103.0,-841.0
-259.0,-62.0,-977.0
-400.0,107.0,-1169.0
-392.0,183.0,-1098.0
-78.0,19.0,-831.0
-437.0,-21.0,-942.0
-388.0,11.0,-1028.0
-171.0,46.0,-1069.0
-193.0,146.0,-907.0
-400.0,-140.0,-1075.0
-497.0,76.0,-1030.0
-247.0,132.0,-1052.0
-124.0,40.0,-1020.0
-325.0,-91.0,-1042.0
-325.0,37.0,-876.0
-17.0,146.0,-958.0
-101.0,9.0,-1020.0
-156.0,-89.0,-1052.0
-380.0,64.0,-1018.0
68.0,113.0,-1083.0
-212.0,39.0,-1143.0
-183.0,-85.0,-1020.0
-294.0,21.0,-849.0
95.0,136.0,-940.0
-76.0,-7.0,-1188.0
-40.0,-76.0,-1065.0
-226.0,122.0,-958.0
173.0,130.0,-1028.0
185.0,21.0,-1139.0
322.0,25.0,-1036.0
-33.0,21.0,-874.0
417.0,-17.0,-780.0
247.0,-33.0,-1167.0
411.0,-66.0,-1005.0
-177.0,111.0,-976.0
448.0,117.0,-1100.0
167.0,85.0,-1317.0
236.0,23.0,-1075.0
-171.0,48.0,-771.0
343.0,64.0,-798.0
87.0,-50.0,-1108.0
85.0,-35.0,-1071.0
-400.0,78.0,-901.0
277.0,150.0,-1028.0
-113.0,-44.0,-1317.0
-44.0,-9.0,-979.0
-316.0,78.0,-661.0
113.0,60.0,-841.0
-136.0,7.0,-1245.0
-44.0,-21.0,-1179.0
-493.0,33.0,-864.0
162.0,107.0,-1032.0
-210.0,130.0,-1342.0
-11.0,-35.0,-1102.0
-411.0,-54.0,-628.0
107.0,23.0,-866.0
-220.0,85.0,-1165.0
1.0,-11.0,-1186.0
-513.0,85.0,-899.0
253.0,42.0,-1122.0
-238.0,238.0,-1262.0
148.0,-11.0,-1097.0
-296.0,-23.0,-630.0
136.0,-29.0,-952.0
-214.0,35.0,-1186.0
117.0,15.0,-1157.0
-363.0,56.0,-901.0
228.0,31.0,-1011.0
-191.0,204.0,-1161.0
232.0,-27.0,-1061.0
-245.0,5.0,-685.0
142.0,0.0,-942.0
-107.0,-21.0,-1112.0
173.0,21.0,-1102.0
-341.0,101.0,-858.0
195.0,142.0,-1050.0
-97.0,66.0,-1298.0
193.0,-121.0,-1134.0
-261.0,29.0,-716.0
74.0,54.0,-884.0
-56.0,27.0,-1102.0
105.0,-72.0,-1087.0
-306.0,115.0,-913.0
158.0,195.0,-1038.0
13.0,17.0,-1262.0
117.0,-68.0,-1093.0
-146.0,-74.0,-714.0
83.0,189.0,-856.0
21.0,87.0,-1136.0
189.0,-48.0,-1145.0
-167.0,-89.0,-933.0
152.0,154.0,-968.0
-52.0,206.0,-1212.0
226.0,-95.0,-1138.0
-173.0,-72.0,-737.0
89.0,183.0,-794.0
33.0,140.0,-1120.0
146.0,-105.0,-1173.0
-124.0,-119.0,-897.0
83.0,165.0,-1016.0
17.0,204.0,-1206.0
156.0,-72.0,-1153.0
-42.0,-93.0,-769.0
46.0,134.0,-825.0
19.0,95.0,-1147.0
140.0,-76.0,-1138.0
-80.0,-21.0,-923.0
-25.0,134.0,-987.0
-56.0,212.0,-1145.0
101.0,-48.0,-1098.0
-113.0,-99.0,-868.0
-105.0,99.0,-819.0
35.0,1.0,-1114.0
44.0,-29.0,-1063.0
-64.0,-58.0,-911.0
-206.0,253.0,-993.0
111.0,126.0,-1218.0
40.0,-78.0,-1206.0
-52.0,-46.0,-864.0
-107.0,91.0,-753.0
-5.0,87.0,-993.0
95.0,-101.0,-1106.0
-21.0,-13.0,-940.0
-144.0,169.0,-1057.0
60.0,64.0,-1161.0
37.0,-68.0,-1077.0
19.0,-50.0,-833.0
-107.0,187.0,-847.0
56.0,142.0,-1030.0
66.0,-87.0,-1171.0
15.0,-21.0,-989.0
-187.0,101.0,-1059.0
107.0,124.0,-1079.0
19.0,-81.0,-1091.0
78.0,-44.0,-892.0
-142.0,134.0,-833.0
54.0,128.0,-981.0
85.0,-128.0,-1182.0
54.0,-1.0,-1013.0
-183.0,119.0,-1030.0
150.0,185.0,-1052.0
29.0,-56.0,-1108.0
97.0,-72.0,-866.0
-154.0,132.0,-843.0
99.0,132.0,-1028.0
5.0,-136.0,-1216.0
144.0,-89.0,-1016.0
-277.0,183.0,-968.0
167.0,177.0,-1007.0
-1.0,-48.0,-1093.0
105.0,-81.0,-954.0
-179.0,160.0,-882.0
66.0,85.0,-1015.0
23.0,-74.0,-1216.0
148.0,-56.0,-1022.0
-273.0,130.0,-948.0
171.0,158.0,-1009.0
-7.0,-48.0,-1149.0
150.0,-126.0,-999.0
-261.0,144.0,-808.0
113.0,140.0,-944.0
-19.0,17.0,-1167.0
167.0,-91.0,-1116.0
-355.0,162.0,-958.0
201.0,85.0,-976.0
-76.0,87.0,-1081.0
160.0,-181.0,-1018.0
-234.0,150.0,-890.0
99.0,101.0,-993.0
-33.0,70.0,-1204.0
179.0,-117.0,-1138.0
-368.0,85.0,-886.0
197.0,162.0,-962.0
-68.0,85.0,-1110.0
195.0,-146.0,-1097.0
-351.0,175.0,-796.0
191.0,27.0,-987.0
-56.0,60.0,-1122.0
212.0,-183.0,-1208.0
-448.0,144.0,-858.0
255.0,185.0,-993.0
-78.0,29.0,-1147.0
191.0,-169.0,-1075.0
-347.0,162.0,-798.0
199.0,128.0,-1020.0
-72.0,27.0,-1147.0
197.0,-169.0,-1204.0
-431.0,134.0,-796.0
302.0,140.0,-954.0
-126.0,58.0,-1161.0
199.0,-171.0,-1118.0
-320.0,58.0,-772.0
163.0,130.0,-974.0
-56.0,31.0,-1141.0
162.0,-105.0,-1145.0
-402.0,115.0,-845.0
240.0,165.0,-976.0
-113.0,54.0,-1239.0
134.0,-152.0,-1104.0
-335.0,3.0,-739.0
171.0,244.0,-901.0
-52.0,35.0,-1179.0
134.0,-99.0,-1175.0
-306.0,13.0,-909.0
-191.0,204.0,-999.0
-109.0,27.0,-1005.0
-105.0,-230.0,-1134.0
-800.0,130.0,-786.0
-677.0,230.0,-1003.0
-841.0,95.0,-1212.0
-710.0,-226.0,-1147.0
-1341.0,-23.0,-1024.0
-862.0,257.0,-704.0
-1221.0,124.0,-1075.0
-1013.0,-345.0,-1040.0
-1565.0,-109.0,-792.0
-1243.0,534.0,-685.0
-1331.0,91.0,-1266.0
-1188.0,-283.0,-1286.0
-1370.0,-189.0,-997.0
-1325.0,573.0,-921.0
-1210.0,85.0,-1221.0
-1182.0,-542.0,-1165.0
-1149.0,7.0,-769.0
-1200.0,513.0,-960.0
-878.0,40.0,-1264.0
-1075.0,-443.0,-1249.0
-878.0,64.0,-940.0
-942.0,478.0,-1116.0
-819.0,-19.0,-1054.0
-843.0,-425.0,-964.0
-817.0,52.0,-843.0
-815.0,486.0,-1075.0
-747.0,-50.0,-1173.0
-706.0,-431.0,-1093.0
-786.0,115.0,-1003.0
-794.0,495.0,-1015.0
-704.0,35.0,-1016.0
-806.0,-550.0,-870.0
-968.0,11.0,-724.0
-966.0,556.0,-774.0
-919.0,109.0,-1132.0
-856.0,-542.0,-1171.0
-1118.0,-62.0,-929.0
-1270.0,579.0,-876.0
-1091.0,81.0,-1052.0
-1186.0,-568.0,-1100.0
-1307.0,-150.0,-843.0
-1504.0,665.0,-808.0
-1149.0,320.0,-1149.0
-1059.0,-519.0,-1424.0
-1247.0,-294.0,-935.0
-1487.0,603.0,-856.0
-1061.0,271.0,-1093.0
-1237.0,-513.0,-1243.0
-1196.0,-409.0,-845.0
-1485.0,698.0,-835.0
-1042.0,368.0,-1198.0
-1179.0,-544.0,-1399.0
-987.0,-316.0,-1093.0
-1190.0,671.0,-983.0
-864.0,372.0,-1093.0
-985.0,-450.0,-1044.0
-970.0,-460.0,-767.0
-1180.0,491.0,-739.0
-874.0,95.0,-1104.0
-1114.0,-242.0,-1272.0
-1061.0,-310.0,-1114.0
-1294.0,614.0,-911.0
-1009.0,177.0,-1046.0
-1251.0,-349.0,-1069.0
-1290.0,-167.0,-702.0
-1434.0,261.0,-757.0
-1124.0,368.0,-1073.0
-1221.0,-478.0,-1237.0
-1165.0,-265.0,-1138.0
-1436.0,562.0,-1052.0
-1165.0,169.0,-1063.0
-1382.0,-361.0,-970.0
-1294.0,-308.0,-714.0
-1542.0,503.0,-733.0
-948.0,273.0,-1083.0
-1276.0,-345.0,-1524.0
-1190.0,-283.0,-1262.0
-1641.0,741.0,-970.0
-1182.0,160.0,-970.0
-1503.0,-314.0,-1087.0
-1139.0,-583.0,-726.0
-1544.0,644.0,-825.0
-1122.0,286.0,-1171.0
-1303.0,-507.0,-1407.0
-1030.0,-56.0,-1083.0
-1305.0,571.0,-761.0
-981.0,107.0,-1095.0
-1235.0,-482.0,-1097.0
-1085.0,-195.0,-798.0
-1255.0,484.0,-618.0
-1108.0,294.0,-1286.0
-1110.0,-212.0,-1380.0
-1057.0,-614.0,-1198.0
-1436.0,716.0,-829.0
-1218.0,-37.0,-991.0
-1206.0,-193.0,-925.0
-931.0,-275.0,-757.0
-1292.0,259.0,-847.0
-1223.0,308.0,-1120.0
-999.0,-324.0,-1407.0
-1143.0,163.0,-993.0
-1385.0,253.0,-999.0
-1075.0,-1.0,-1102.0
-1001.0,-136.0,-1138.0
-964.0,-279.0,-923.0
-1143.0,251.0,-780.0
-784.0,247.0,-1093.0
-874.0,52.0,-1216.0
-962.0,-169.0,-1122.0
-1057.0,232.0,-1063.0
-718.0,-1.0,-1009.0
-718.0,-76.0,-954.0
-853.0,197.0,-999.0
-710.0,-56.0,-915.0
-638.0,-19.0,-991.0
-431.0,-56.0,-1126.0
-552.0,169.0,-1216.0
-378.0,15.0,-993.0
-380.0,-130.0,-938.0
-265.0,150.0,-1038.0
-255.0,-179.0,-888.0
-204.0,107.0,-843.0
-33.0,9.0,-976.0
23.0,160.0,-1186.0
50.0,148.0,-1059.0
177.0,60.0,-1022.0
206.0,312.0,-1216.0
372.0,-437.0,-972.0
46.0,-101.0,-804.0
187.0,64.0,-890.0
31.0,204.0,-1044.0
308.0,39.0,-1018.0
-78.0,68.0,-1192.0
169.0,327.0,-1147.0
636.0,-236.0,-958.0
210.0,203.0,-944.0
618.0,-105.0,-813.0
550.0,244.0,-831.0
1559.0,-126.0,-778.0
1011.0,238.0,-1296.0
907.0,-13.0,-1290.0
1735.0,-72.0,-895.0
1335.0,136.0,-1274.0
1358.0,-206.0,-1052.0
964.0,-107.0,-880.0
1850.0,-5.0,-794.0
1063.0,247.0,-1249.0
1329.0,425.0,-1083.0
1042.0,-19.0,-1038.0
1274.0,56.0,-1030.0
1083.0,-109.0,-1093.0
1054.0,312.0,-825.0
880.0,-91.0,-624.0
810.0,-245.0,-761.0
829.0,-247.0,-1153.0
769.0,398.0,-1122.0
815.0,288.0,-1177.0
784.0,-214.0,-1052.0
692.0,-31.0,-1112.0
790.0,402.0,-687.0
585.0,-183.0,-745.0
757.0,-21.0,-917.0
638.0,-144.0,-1216.0
718.0,374.0,-1106.0
692.0,78.0,-1075.0
739.0,121.0,-1108.0
866.0,-25.0,-1153.0
1013.0,60.0,-901.0
905.0,-107.0,-948.0
1007.0,-70.0,-1013.0
1067.0,21.0,-1015.0
1116.0,286.0,-1233.0
999.0,181.0,-1233.0
1126.0,-109.0,-1087.0
1100.0,331.0,-1175.0
1241.0,154.0,-940.0
1020.0,-400.0,-761.0
1426.0,-230.0,-737.0
1350.0,199.0,-1075.0
1325.0,525.0,-1024.0
1177.0,-156.0,-997.0
1383.0,-111.0,-1038.0
1409.0,81.0,-1139.0
1165.0,386.0,-884.0
989.0,-179.0,-847.0
1221.0,-286.0,-888.0
1073.0,124.0,-1061.0
901.0,609.0,-946.0
989.0,-70.0,-991.0
1182.0,-226.0,-1130.0
1208.0,-33.0,-1169.0
1042.0,437.0,-862.0
1011.0,-210.0,-800.0
1126.0,-316.0,-890.0
1206.0,146.0,-1028.0
921.0,669.0,-1069.0
1157.0,-101.0,-1227.0
1194.0,-138.0,-1220.0
1241.0,-85.0,-1270.0
1097.0,663.0,-958.0
1190.0,-267.0,-761.0
1329.0,-277.0,-925.0
1327.0,-33.0,-1040.0
1221.0,466.0,-954.0
1321.0,156.0,-929.0
1491.0,-404.0,-1196.0
1444.0,308.0,-1196.0
1331.0,261.0,-870.0
1259.0,-109.0,-833.0
1434.0,-421.0,-921.0
1278.0,70.0,-1124.0
1235.0,486.0,-913.0
1165.0,54.0,-1077.0
1389.0,-224.0,-1247.0
1255.0,136.0,-1216.0
1235.0,327.0,-749.0
1085.0,-222.0,-667.0
1231.0,-462.0,-864.0
1134.0,146.0,-1032.0
1073.0,614.0,-991.0
1075.0,56.0,-1161.0
1194.0,-152.0,-1229.0
1214.0,-107.0,-1180.0
1097.0,573.0,-913.0
1180.0,-277.0,-829.0
1163.0,-242.0,-1022.0
1202.0,-91.0,-1104.0
995.0,560.0,-1026.0
1048.0,76.0,-1085.0
1046.0,-105.0,-1175.0
1020.0,-17.0,-1085.0
872.0,447.0,-851.0
958.0,-150.0,-819.0
905.0,-286.0,-960.0
917.0,148.0,-1036.0
812.0,450.0,-1001.0
847.0,52.0,-1102.0
936.0,-324.0,-1108.0
804.0,242.0,-1048.0
866.0,244.0,-843.0
710.0,-44.0,-897.0
763.0,-327.0,-966.0
691.0,158.0,-1054.0
673.0,363.0,-1005.0
587.0,-48.0,-1067.0
605.0,-66.0,-997.0
573.0,121.0,-1016.0
480.0,372.0,-1028.0
532.0,-216.0,-1015.0
357.0,-286.0,-1052.0
437.0,29.0,-958.0
232.0,411.0,-921.0
316.0,-39.0,-954.0
169.0,-15.0,-1108.0
281.0,136.0,-1149.0
204.0,160.0,-1134.0
148.0,-95.0,-868.0
33.0,-195.0,-790.0
185.0,64.0,-892.0
119.0,177.0,-972.0
101.0,109.0,-1015.0
64.0,-19.0,-1077.0
154.0,160.0,-1118.0
208.0,27.0,-993.0
163.0,-85.0,-870.0
113.0,-144.0,-808.0
191.0,93.0,-849.0
146.0,156.0,-907.0
122.0,48.0,-915.0
78.0,13.0,-1007.0
183.0,132.0,-1085.0
204.0,132.0,-995.0
251.0,-119.0,-819.0
78.0,-111.0,-677.0
257.0,39.0,-702.0
216.0,124.0,-890.0
236.0,87.0,-946.0
124.0,60.0,-1022.0
269.0,115.0,-1034.0
261.0,81.0,-944.0
247.0,-64.0,-726.0
113.0,-101.0,-671.0
189.0,19.0,-698.0
175.0,21.0,-839.0
74.0,40.0,-888.0
52.0,81.0,-960.0
89.0,185.0,-956.0
103.0,105.0,-913.0
101.0,-111.0,-743.0
-5.0,-121.0,-665.0
95.0,-35.0,-673.0
56.0,156.0,-776.0
35.0,81.0,-853.0
-25.0,87.0,-966.0
56.0,124.0,-1003.0
95.0,1.0,-970.0
81.0,-35.0,-671.0
-56.0,-83.0,-519.0
93.0,-37.0,-614.0
-19.0,72.0,-819.0
74.0,87.0,-935.0
-33.0,109.0,-931.0
35.0,136.0,-925.0
107.0,-68.0,-866.0
40.0,0.0,-712.0
11.0,-105.0,-642.0
48.0,7.0,-706.0
0.0,29.0,-851.0
-13.0,64.0,-884.0
-44.0,111.0,-919.0
80.0,101.0,-997.0
78.0,70.0,-917.0
76.0,-9.0,-755.0
-33.0,-72.0,-599.0
27.0,-25.0,-610.0
23.0,0.0,-843.0
35.0,103.0,-907.0
-11.0,117.0,-946.0
50.0,126.0,-938.0
25.0,31.0,-923.0
91.0,-52.0,-735.0
-31.0,-39.0,-597.0
25.0,-40.0,-659.0
11.0,9.0,-790.0
3.0,52.0,-849.0
-11.0,89.0,-868.0
0.0,183.0,-913.0
56.0,62.0,-948.0
17.0,0.0,-772.0
1.0,-81.0,-595.0
1.0,-66.0,-655.0
15.0,31.0,-763.0
5.0,76.0,-841.0
-5.0,210.0,-927.0
-31.0,89.0,-1011.0
122.0,0.0,-972.0
-13.0,7.0,-755.0
21.0,-31.0,-581.0
-66.0,15.0,-568.0
54.0,-7.0,-794.0
-13.0,23.0,-886.0
-56.0,111.0,-888.0
-37.0,167.0,-940.0
5.0,48.0,-882.0
33.0,-1.0,-767.0
-56.0,-62.0,-585.0
-70.0,-23.0,-605.0
-31.0,-5.0,-704.0
-95.0,44.0,-753.0
-89.0,124.0,-804.0
-74.0,56.0,-958.0
-64.0,115.0,-880.0
-64.0,11.0,-712.0
-78.0,-13.0,-527.0
-91.0,-83.0,-556.0
9.0,-58.0,-644.0
-70.0,80.0,-800.0
-21.0,124.0,-880.0
-78.0,136.0,-927.0
48.0,15.0,-929.0
9.0,70.0,-759.0
66.0,-11.0,-614.0
-33.0,-52.0,-651.0
37.0,-17.0,-692.0
37.0,5.0,-780.0
21.0,148.0,-841.0
-15.0,117.0,-929.0
58.0,68.0,-903.0
37.0,-5.0,-802.0
72.0,-42.0,-583.0
-56.0,-93.0,-544.0
56.0,-35.0,-634.0
3.0,25.0,-753.0
-5.0,197.0,-827.0
-13.0,83.0,-964.0
72.0,13.0,-929.0
58.0,-17.0,-788.0
97.0,-13.0,-546.0
-29.0,-33.0,-540.0
89.0,-25.0,-663.0
-21.0,44.0,-812.0
17.0,124.0,-868.0
-48.0,68.0,-913.0
25.0,171.0,-866.0
99.0,-11.0,-776.0
31.0,-25.0,-618.0
-29.0,-91.0,-632.0
62.0,-46.0,-630.0
11.0,35.0,-757.0
11.0,146.0,-843.0
-58.0,76.0,-903.0
11.0,83.0,-925.0
13.0,78.0,-784.0
66.0,-1.0,-612.0
-60.0,-60.0,-546.0
17.0,-39.0,-587.0
1.0,5.0,-769.0
-64.0,152.0,-829.0
-44.0,68.0,-827.0
11.0,115.0,-796.0
35.0,29.0,-827.0
27.0,-42.0,-638.0
-74.0,-97.0,-569.0
11.0,-62.0,-618.0
-60.0,115.0,-700.0
-33.0,128.0,-745.0
-72.0,109.0,-833.0
11.0,97.0,-880.0
68.0,17.0,-862.0
15.0,-3.0,-653.0
-60.0,-150.0,-548.0
-23.0,-56.0,-558.0
-19.0,39.0,-735.0
-1.0,81.0,-825.0
-81.0,171.0,-892.0
-1.0,72.0,-944.0
66.0,42.0,-856.0
-19.0,60.0,-650.0
-25.0,-64.0,-538.0
-1.0,-31.0,-595.0
-29.0,54.0,-745.0
-62.0,40.0,-827.0
-50.0,9.0,-837.0
-29.0,95.0,-853.0
13.0,64.0,-843.0
11.0,7.0,-702.0
-78.0,-46.0,-525.0
-21.0,-64.0,-540.0
-64.0,44.0,-689.0
-42.0,93.0,-763.0
-27.0,74.0,-839.0
-29.0,91.0,-890.0
48.0,25.0,-915.0
25.0,-15.0,-694.0
0.0,-91.0,-538.0
-52.0,-40.0,-538.0
33.0,76.0,-720.0
1.0,105.0,-774.0
-3.0,68.0,-839.0
-48.0,117.0,-905.0
54.0,89.0,-882.0
7.0,25.0,-737.0
19.0,-128.0,-568.0
-31.0,-109.0,-589.0
-35.0,56.0,-669.0
-17.0,124.0,-743.0
-35.0,138.0,-808.0
-35.0,83.0,-970.0
13.0,89.0,-882.0
-7.0,17.0,-747.0
7.0,-76.0,-566.0
-78.0,-95.0,-525.0
23.0,-17.0,-667.0
-13.0,89.0,-753.0
-3.0,169.0,-851.0
-50.0,124.0,-942.0
17.0,35.0,-911.0
9.0,27.0,-718.0
76.0,-40.0,-525.0
-48.0,-60.0,-583.0
7.0,66.0,-609.0
-9.0,66.0,-722.0
15.0,89.0,-802.0
-70.0,119.0,-894.0
23.0,91.0,-837.0
17.0,21.0,-716.0
54.0,-74.0,-595.0
-74.0,-169.0,-552.0
35.0,25.0,-550.0
15.0,134.0,-694.0
3.0,169.0,-843.0
-89.0,156.0,-907.0
23.0,25.0,-933.0
-11.0,11.0,-772.0
101.0,-83.0,-499.0
-126.0,-76.0,-452.0
37.0,25.0,-548.0
-15.0,31.0,-747.0
-13.0,165.0,-864.0
-74.0,39.0,-948.0
62.0,74.0,-847.0
60.0,-15.0,-788.0
64.0,-39.0,-591.0
-76.0,-35.0,-484.0
44.0,31.0,-610.0
-9.0,52.0,-772.0
1.0,117.0,-878.0
-64.0,50.0,-933.0
9.0,62.0,-931.0
35.0,-9.0,-745.0
9.0,66.0,-505.0
-91.0,-64.0,-491.0
-9.0,19.0,-605.0
0.0,-64.0,-837.0
-7.0,-3.0,-935.0
-136.0,113.0,-911.0
21.0,134.0,-835.0
21.0,113.0,-712.0
25.0,50.0,-603.0
-72.0,-78.0,-564.0
37.0,-11.0,-655.0
-11.0,-15.0,-767.0
-39.0,25.0,-763.0
-91.0,78.0,-772.0
1.0,132.0,-800.0
91.0,46.0,-817.0
25.0,-19.0,-681.0
-23.0,-130.0,-566.0
17.0,-29.0,-560.0
19.0,163.0,-671.0
-19.0,113.0,-800.0
-21.0,66.0,-782.0
13.0,29.0,-890.0
89.0,-15.0,-901.0
17.0,23.0,-626.0
-13.0,-33.0,-458.0
-23.0,21.0,-566.0
-7.0,33.0,-757.0
-50.0,-3.0,-827.0
-101.0,105.0,-813.0
-7.0,195.0,-845.0
5.0,60.0,-849.0
-3.0,-7.0,-761.0
-50.0,-121.0,-581.0
-9.0,-9.0,-599.0
-5.0,-15.0,-737.0
-58.0,39.0,-761.0
-33.0,222.0,-774.0
-29.0,76.0,-938.0
35.0,56.0,-901.0
19.0,-35.0,-692.0
-3.0,1.0,-497.0
-44.0,-17.0,-532.0
27.0,-25.0,-718.0
-42.0,-3.0,-765.0
1.0,85.0,-851.0
-56.0,177.0,-843.0
21.0,146.0,-886.0
-5.0,-9.0,-708.0
-37.0,-85.0,-546.0
-35.0,-35.0,-532.0
-31.0,-13.0,-640.0
-81.0,54.0,-708.0
-35.0,-19.0,-792.0
-29.0,167.0,-907.0
-15.0,136.0,-895.0
15.0,15.0,-749.0
-1.0,-40.0,-534.0
-31.0,-115.0,-515.0
56.0,-52.0,-612.0
13.0,99.0,-745.0
7.0,56.0,-843.0
-64.0,189.0,-956.0
93.0,101.0,-948.0
35.0,-44.0,-790.0
0.0,72.0,-503.0
-87.0,39.0,-505.0
85.0,-70.0,-648.0
-52.0,0.0,-813.0
-23.0,1.0,-880.0
-76.0,193.0,-882.0
-11.0,187.0,-905.0
1.0,-27.0,-733.0
46.0,-136.0,-607.0
-64.0,-27.0,-540.0
1.0,0.0,-634.0
-29.0,91.0,-745.0
-7.0,19.0,-769.0
-13.0,13.0,-894.0
9.0,267.0,-872.0
76.0,95.0,-720.0
76.0,-76.0,-573.0
-76.0,-76.0,-491.0
66.0,-54.0,-538.0
23.0,-7.0,-765.0
-15.0,115.0,-835.0
-33.0,25.0,-892.0
31.0,199.0,-905.0
33.0,134.0,-815.0
54.0,81.0,-603.0
-109.0,-66.0,-530.0
64.0,-60.0,-618.0
-85.0,27.0,-702.0
-40.0,68.0,-804.0
-107.0,80.0,-876.0
11.0,17.0,-987.0
9.0,-64.0,-845.0
60.0,58.0,-685.0
-66.0,117.0,-536.0
46.0,17.0,-542.0
-25.0,-1.0,-759.0
7.0,109.0,-821.0
-89.0,251.0,-882.0
74.0,122.0,-964.0
87.0,-162.0,-892.0
0.0,-58.0,-558.0
-74.0,-121.0,-445.0
1.0,60.0,-509.0
7.0,5.0,-753.0
-40.0,152.0,-804.0
-29.0,105.0,-862.0
46.0,154.0,-895.0
76.0,-54.0,-854.0
33.0,62.0,-706.0
-19.0,9.0,-491.0
40.0,0.0,-538.0
-72.0,-119.0,-710.0
0.0,-89.0,-786.0
-117.0,267.0,-864.0
0.0,197.0,-962.0
-33.0,-48.0,-933.0
-3.0,-35.0,-657.0
-70.0,-11.0,-482.0
-29.0,72.0,-558.0
-15.0,-52.0,-751.0
21.0,-156.0,-897.0
-93.0,39.0,-895.0
74.0,298.0,-954.0
74.0,146.0,-933.0
60.0,-42.0,-696.0
-81.0,-44.0,-439.0
-35.0,40.0,-507.0
-23.0,0.0,-702.0
-91.0,-37.0,-714.0
-21.0,21.0,-819.0
15.0,152.0,-989.0
15.0,83.0,-917.0
-1.0,-42.0,-640.0
-60.0,31.0,-456.0
-7.0,-11.0,-532.0
64.0,3.0,-735.0
-68.0,46.0,-808.0
-39.0,37.0,-839.0
-13.0,146.0,-995.0
27.0,165.0,-929.0
-25.0,-25.0,-583.0
-78.0,-93.0,-476.0
-60.0,-76.0,-575.0
66.0,42.0,-714.0
-5.0,-9.0,-796.0
21.0,-17.0,-936.0
3.0,187.0,-976.0
68.0,136.0,-880.0
9.0,181.0,-749.0
66.0,-83.0,-650.0
-27.0,-42.0,-575.0
-23.0,5.0,-593.0
-25.0,-138.0,-753.0
-13.0,11.0,-823.0
-76.0,97.0,-927.0
37.0,60.0,-901.0
-52.0,62.0,-774.0
31.0,33.0,-532.0
-99.0,60.0,-546.0
21.0,5.0,-694.0
-31.0,54.0,-767.0
-1.0,105.0,-876.0
-163.0,95.0,-854.0
70.0,11.0,-878.0
56.0,-29.0,-782.0
62.0,-40.0,-583.0
-42.0,-31.0,-519.0
76.0,80.0,-618.0
0.0,195.0,-763.0
-5.0,89.0,-808.0
-93.0,87.0,-835.0
115.0,72.0,-954.0
76.0,13.0,-759.0
121.0,-76.0,-583.0
-81.0,-113.0,-603.0
68.0,9.0,-663.0
0.0,-1.0,-765.0
-23.0,331.0,-827.0
-68.0,214.0,-890.0
3.0,17.0,-925.0
-56.0,-11.0,-755.0
39.0,-52.0,-573.0
-80.0,-72.0,-595.0
-17.0,29.0,-741.0
-46.0,-54.0,-817.0
-50.0,93.0,-802.0
-95.0,105.0,-901.0
3.0,124.0,-966.0
60.0,121.0,-767.0
25.0,-52.0,-603.0
-42.0,-208.0,-634.0
39.0,111.0,-634.0
66.0,-87.0,-700.0
-9.0,42.0,-827.0
-66.0,136.0,-933.0
68.0,150.0,-835.0
44.0,58.0,-794.0
15.0,-27.0,-646.0
-48.0,-44.0,-577.0
-17.0,54.0,-568.0
-46.0,-60.0,-769.0
-54.0,-42.0,-866.0
-121.0,117.0,-810.0
9.0,148.0,-831.0
17.0,27.0,-851.0
13.0,3.0,-749.0
-33.0,-52.0,-609.0
21.0,27.0,-636.0
-13.0,44.0,-757.0
-35.0,115.0,-753.0
-23.0,54.0,-780.0
25.0,-33.0,-856.0
50.0,54.0,-935.0
64.0,-5.0,-716.0
-76.0,40.0,-552.0
37.0,-140.0,-657.0
-3.0,175.0,-802.0
-74.0,111.0,-792.0
-27.0,89.0,-843.0
-66.0,187.0,-870.0
54.0,1.0,-915.0
-13.0,-124.0,-718.0
-9.0,-74.0,-589.0
-39.0,-35.0,-661.0
-25.0,0.0,-761.0
0.0,-97.0,-841.0
-15.0,35.0,-935.0
35.0,281.0,-1042.0
87.0,277.0,-1067.0
-7.0,103.0,-1005.0
-81.0,-158.0,-800.0
-74.0,-126.0,-833.0
93.0,-244.0,-977.0
-13.0,-80.0,-1159.0
-37.0,181.0,-1225.0
-60.0,136.0,-1411.0
95.0,269.0,-1387.0
33.0,81.0,-1290.0
23.0,144.0,-1050.0
-89.0,68.0,-1018.0
19.0,-39.0,-1151.0
-70.0,-179.0,-1317.0
50.0,-52.0,-1405.0
-76.0,195.0,-1444.0
-11.0,64.0,-1393.0
21.0,-117.0,-1214.0
-39.0,19.0,-1056.0
-146.0,39.0,-979.0
46.0,195.0,-1038.0
-23.0,31.0,-1218.0
11.0,119.0,-1235.0
-121.0,-3.0,-1303.0
37.0,37.0,-1313.0
35.0,-150.0,-1179.0
0.0,5.0,-890.0
-78.0,-46.0,-858.0
-3.0,0.0,-968.0
64.0,40.0,-1116.0
-27.0,93.0,-1116.0
-72.0,220.0,-1214.0
78.0,224.0,-1180.0
105.0,44.0,-1050.0
109.0,-103.0,-796.0
-37.0,-189.0,-841.0
109.0,-27.0,-931.0
29.0,-50.0,-1015.0
76.0,124.0,-1098.0
-54.0,204.0,-1229.0
50.0,376.0,-1153.0
21.0,179.0,-1032.0
97.0,-40.0,-833.0
-76.0,-115.0,-726.0
31.0,-13.0,-747.0
-81.0,-76.0,-944.0
52.0,1.0,-1098.0
-87.0,115.0,-1110.0
107.0,111.0,-1145.0
9.0,25.0,-1036.0
115.0,33.0,-767.0
-132.0,255.0,-566.0
56.0,-35.0,-722.0
-39.0,-48.0,-1018.0
-46.0,60.0,-993.0
-142.0,39.0,-972.0
-27.0,126.0,-974.0
-56.0,-121.0,-931.0
60.0,-72.0,-798.0
-81.0,-177.0,-751.0
64.0,91.0,-794.0
-21.0,46.0,-921.0
23.0,169.0,-1013.0
-72.0,95.0,-1091.0
103.0,208.0,-1157.0
111.0,-58.0,-1108.0
80.0,-54.0,-913.0
-101.0,40.0,-747.0
89.0,-267.0,-827.0
-29.0,-76.0,-1024.0
-64.0,13.0,-1124.0
-48.0,156.0,-1220.0
-11.0,283.0,-1249.0
13.0,70.0,-1227.0
0.0,-13.0,-979.0
-52.0,-109.0,-948.0
-15.0,70.0,-913.0
-19.0,-91.0,-1124.0
-66.0,64.0,-1177.0
-70.0,-101.0,-1282.0
13.0,140.0,-1329.0
25.0,128.0,-1294.0
83.0,54.0,-1042.0
-81.0,-19.0,-808.0
0.0,-17.0,-876.0
9.0,-44.0,-1102.0
62.0,-78.0,-1286.0
-72.0,197.0,-1323.0
23.0,230.0,-1403.0
70.0,52.0,-1303.0
21.0,-109.0,-1044.0
-105.0,-111.0,-849.0
0.0,83.0,-954.0
76.0,-60.0,-1325.0
-37.0,58.0,-1346.0
-5.0,-33.0,-1362.0
11.0,294.0,-1387.0
81.0,152.0,-1364.0
40.0,64.0,-1194.0
-35.0,-29.0,-1106.0
-19.0,-117.0,-1100.0
11.0,-126.0,-1243.0
-27.0,85.0,-1341.0
-9.0,80.0,-1403.0
-25.0,21.0,-1426.0
-17.0,169.0,-1501.0
27.0,-5.0,-1249.0
1.0,42.0,-1050.0
-44.0,64.0,-1048.0
-13.0,29.0,-1163.0
17.0,-35.0,-1298.0
-78.0,107.0,-1393.0
-19.0,234.0,-1407.0
35.0,-9.0,-1298.0
-15.0,74.0,-1231.0
23.0,-121.0,-1028.0
-101.0,35.0,-997.0
70.0,126.0,-1112.0
-31.0,-3.0,-1300.0
-25.0,81.0,-1270.0
-52.0,140.0,-1464.0
15.0,162.0,-1426.0
27.0,19.0,-1147.0
78.0,-54.0,-946.0
-52.0,9.0,-993.0
74.0,15.0,-1067.0
5.0,-76.0,-1255.0
-76.0,130.0,-1403.0
50.0,21.0,-1354.0
19.0,40.0,-1104.0
44.0,136.0,-952.0
-15.0,-39.0,-1065.0
7.0,-60.0,-1157.0
31.0,-124.0,-1380.0
21.0,27.0,-1415.0
-62.0,130.0,-1325.0
33.0,134.0,-1239.0
13.0,23.0,-1165.0
15.0,-19.0,-1026.0
-91.0,-50.0,-1089.0
7.0,25.0,-1196.0
-39.0,-74.0,-1266.0
-13.0,40.0,-1268.0
-70.0,58.0,-1313.0
25.0,74.0,-1364.0
29.0,103.0,-1237.0
31.0,9.0,-1102.0
-70.0,3.0,-1093.0
19.0,-37.0,-1130.0
44.0,-101.0,-1260.0
-40.0,132.0,-1362.0
-15.0,146.0,-1315.0
54.0,78.0,-1262.0
42.0,44.0,-1342.0
23.0,-15.0,-1169.0
-46.0,-99.0,-1114.0
40.0,70.0,-1180.0
-56.0,87.0,-1227.0
-5.0,-121.0,-1227.0
-134.0,97.0,-1335.0
64.0,126.0,-1385.0
33.0,29.0,-1419.0
17.0,150.0,-1284.0
-97.0,-66.0,-1098.0
0.0,-80.0,-1028.0
-11.0,-56.0,-1229.0
5.0,13.0,-1284.0
-42.0,158.0,-1399.0
78.0,148.0,-1536.0
37.0,105.0,-1405.0
21.0,-44.0,-1212.0
-44.0,83.0,-1097.0
15.0,115.0,-1071.0
-25.0,-101.0,-1227.0
-74.0,-54.0,-1350.0
-62.0,60.0,-1387.0
-23.0,130.0,-1383.0
-42.0,48.0,-1397.0
27.0,68.0,-1333.0
-76.0,-5.0,-1128.0
19.0,-101.0,-1106.0
-25.0,3.0,-1231.0
64.0,97.0,-1286.0
-31.0,126.0,-1337.0
68.0,117.0,-1506.0
62.0,132.0,-1483.0
39.0,-33.0,-1257.0
-40.0,-25.0,-1069.0
-19.0,-144.0,-1050.0
31.0,81.0,-1196.0
-48.0,195.0,-1298.0
-5.0,80.0,-1479.0
-68.0,175.0,-1446.0
23.0,140.0,-1397.0
-1.0,-58.0,-1286.0
-33.0,-128.0,-1104.0
-44.0,-121.0,-1079.0
-7.0,54.0,-1175.0
37.0,-44.0,-1333.0
-40.0,177.0,-1446.0
-58.0,316.0,-1545.0
50.0,163.0,-1411.0
3.0,80.0,-1301.0
-23.0,-58.0,-1018.0
-76.0,-66.0,-979.0
46.0,-68.0,-1149.0
-11.0,-81.0,-1319.0
97.0,-25.0,-1477.0
0.0,150.0,-1569.0
58.0,253.0,-1465.0
56.0,0.0,-1223.0
-9.0,17.0,-968.0
-40.0,3.0,-1028.0
72.0,-9.0,-1223.0
-7.0,66.0,-1405.0
1.0,-56.0,-1481.0
-93.0,17.0,-1499.0
-52.0,167.0,-1346.0
0.0,105.0,-1194.0
13.0,-33.0,-1112.0
-111.0,-111.0,-1110.0
-7.0,11.0,-1149.0
-1.0,40.0,-1364.0
11.0,99.0,-1448.0
-68.0,132.0,-1532.0
25.0,74.0,-1432.0
48.0,39.0,-1278.0
126.0,-122.0,-1097.0
-35.0,-66.0,-1079.0
56.0,76.0,-1212.0
44.0,50.0,-1467.0
7.0,3.0,-1477.0
-89.0,173.0,-1417.0
39.0,165.0,-1358.0
31.0,93.0,-1317.0
-1.0,19.0,-1104.0
-136.0,-160.0,-1116.0
35.0,-3.0,-1268.0
-58.0,-46.0,-1370.0
-11.0,52.0,-1325.0
-80.0,64.0,-1446.0
40.0,220.0,-1411.0
54.0,50.0,-1331.0
91.0,31.0,-1173.0
-111.0,25.0,-1063.0
113.0,-33.0,-1134.0
-33.0,80.0,-1327.0
56.0,-19.0,-1376.0
-68.0,-50.0,-1399.0
78.0,111.0,-1385.0
37.0,62.0,-1382.0
101.0,5.0,-1177.0
-31.0,-210.0,-1136.0
60.0,85.0,-1223.0
-13.0,109.0,-1376.0
13.0,136.0,-1405.0
-68.0,-9.0,-1348.0
25.0,58.0,-1387.0
23.0,97.0,-1362.0
66.0,56.0,-1288.0
-56.0,-68.0,-1151.0
25.0,-40.0,-1241.0
-74.0,0.0,-1280.0
-33.0,15.0,-1321.0
-101.0,156.0,-1382.0
40.0,165.0,-1434.0
1.0,31.0,-1423.0
54.0,-44.0,-1292.0
-113.0,-83.0,-1110.0
5.0,89.0,-1118.0
0.0,17.0,-1331.0
-21.0,-21.0,-1421.0
-68.0,39.0,-1409.0
11.0,267.0,-1385.0
21.0,206.0,-1419.0
15.0,-60.0,-1227.0
-23.0,-148.0,-1145.0
0.0,66.0,-1186.0
33.0,115.0,-1260.0
-11.0,-40.0,-1321.0
9.0,-64.0,-1399.0
31.0,152.0,-1417.0
31.0,175.0,-1399.0
76.0,83.0,-1311.0
-23.0,-99.0,-1087.0
-21.0,-31.0,-1083.0
9.0,27.0,-1270.0
-9.0,39.0,-1403.0
-76.0,91.0,-1354.0
-17.0,52.0,-1421.0
-3.0,117.0,-1407.0
-3.0,-25.0,-1274.0
-42.0,-44.0,-1145.0
-52.0,58.0,-1192.0
27.0,40.0,-1309.0
-19.0,-74.0,-1360.0
-21.0,56.0,-1434.0
-5.0,148.0,-1452.0
23.0,146.0,-1481.0
50.0,33.0,-1280.0
-1.0,-60.0,-1173.0
-40.0,3.0,-1116.0
5.0,-9.0,-1239.0
5.0,-46.0,-1313.0
-1.0,9.0,-1376.0
-64.0,126.0,-1464.0
25.0,169.0,-1508.0
37.0,52.0,-1290.0
0.0,-39.0,-1079.0
-64.0,-21.0,-1097.0
3.0,62.0,-1221.0
21.0,-15.0,-1380.0
-9.0,31.0,-1432.0
-48.0,21.0,-1446.0
35.0,52.0,-1415.0
48.0,37.0,-1303.0
33.0,-3.0,-1108.0
-58.0,-37.0,-1163.0
78.0,142.0,-1231.0
23.0,0.0,-1370.0
11.0,44.0,-1383.0
-91.0,167.0,-1473.0
48.0,136.0,-1444.0
-19.0,9.0,-1378.0
3.0,-64.0,-1149.0
-124.0,-52.0,-1071.0
19.0,5.0,-1175.0
-35.0,-13.0,-1417.0
-33.0,101.0,-1415.0
-72.0,89.0,-1467.0
23.0,226.0,-1317.0
50.0,21.0,-1380.0
138.0,-76.0,-1161.0
-68.0,-105.0,-1132.0
140.0,40.0,-1163.0
-42.0,-76.0,-1360.0
58.0,33.0,-1346.0
-83.0,204.0,-1350.0
83.0,150.0,-1421.0
3.0,7.0,-1424.0
48.0,-50.0,-1218.0
-66.0,-66.0,-1108.0
15.0,140.0,-1118.0
-29.0,-3.0,-1305.0
-3.0,17.0,-1378.0
-117.0,68.0,-1465.0
64.0,111.0,-1544.0
64.0,-31.0,-1454.0
39.0,-23.0,-1179.0
-99.0,-42.0,-1044.0
17.0,134.0,-1134.0
-31.0,76.0,-1366.0
19.0,3.0,-1467.0
-93.0,42.0,-1514.0
33.0,160.0,-1424.0
-9.0,1.0,-1405.0
66.0,-74.0,-1173.0
-66.0,-23.0,-1132.0
64.0,76.0,-1159.0
-25.0,-23.0,-1419.0
5.0,42.0,-1387.0
-80.0,111.0,-1413.0
85.0,171.0,-1452.0
21.0,111.0,-1415.0
17.0,3.0,-1177.0
-89.0,-52.0,-1026.0
-7.0,5.0,-1083.0
-50.0,-33.0,-1346.0
-7.0,-115.0,-1465.0
-56.0,50.0,-1409.0
-54.0,267.0,-1366.0
89.0,40.0,-1370.0
9.0,-17.0,-1257.0
-23.0,5.0,-1093.0
-1.0,54.0,-1206.0
33.0,46.0,-1362.0
-21.0,-27.0,-1415.0
-33.0,29.0,-1341.0
-3.0,165.0,-1450.0
54.0,119.0,-1471.0
-15.0,-40.0,-1282.0
-11.0,-64.0,-1085.0
-25.0,37.0,-1163.0
0.0,13.0,-1317.0
-21.0,13.0,-1356.0
-78.0,95.0,-1413.0
-7.0,154.0,-1518.0
39.0,46.0,-1452.0
9.0,-52.0,-1282.0
-56.0,-81.0,-1042.0
-42.0,91.0,-1126.0
64.0,-5.0,-1286.0
-42.0,-33.0,-1444.0
-39.0,33.0,-1407.0
-17.0,97.0,-1446.0
3.0,111.0,-1378.0
13.0,19.0,-1300.0
19.0,-40.0,-1128.0
-21.0,-11.0,-1223.0
-1.0,29.0,-1259.0
29.0,-50.0,-1362.0
-29.0,76.0,-1356.0
-25.0,197.0,-1467.0
21.0,99.0,-1462.0
3.0,11.0,-1327.0
25.0,-21.0,-1118.0
-60.0,-11.0,-1118.0
3.0,54.0,-1188.0
-7.0,-58.0,-1393.0
-31.0,70.0,-1405.0
-64.0,171.0,-1421.0
23.0,154.0,-1405.0
40.0,-25.0,-1329.0
46.0,-56.0,-1147.0
-54.0,-40.0,-1171.0
46.0,39.0,-1210.0
25.0,-50.0,-1364.0
-44.0,85.0,-1366.0
-62.0,152.0,-1434.0
25.0,167.0,-1462.0
62.0,-33.0,-1421.0
44.0,-56.0,-1155.0
-50.0,-42.0,-1112.0
40.0,17.0,-1206.0
-33.0,-42.0,-1319.0
-37.0,64.0,-1378.0
-74.0,171.0,-1497.0
68.0,126.0,-1465.0
33.0,-48.0,-1368.0
29.0,-33.0,-1126.0
-58.0,1.0,-1089.0
56.0,42.0,-1223.0
-37.0,-39.0,-1393.0
0.0,-29.0,-1421.0
-62.0,74.0,-1426.0
29.0,187.0,-1424.0
15.0,0.0,-1311.0
25.0,-23.0,-1243.0
-66.0,-23.0,-1143.0
31.0,3.0,-1216.0
-42.0,-33.0,-1319.0
-3.0,81.0,-1344.0
-68.0,152.0,-1409.0
52.0,117.0,-1434.0
-13.0,35.0,-1383.0
60.0,-60.0,-1237.0
-76.0,-13.0,-1106.0
23.0,64.0,-1098.0
5.0,-58.0,-1350.0
-23.0,5.0,-1395.0
-52.0,171.0,-1426.0
50.0,171.0,-1424.0
70.0,-3.0,-1434.0
40.0,-54.0,-1227.0
-33.0,-21.0,-1124.0
19.0,48.0,-1177.0
17.0,-23.0,-1329.0
-27.0,33.0,-1344.0
-35.0,99.0,-1358.0
17.0,181.0,-1424.0
33.0,23.0,-1380.0
89.0,-42.0,-1188.0
-42.0,-19.0,-1024.0
60.0,-5.0,-1057.0
3.0,-31.0,-1216.0
66.0,9.0,-1290.0
-23.0,138.0,-1380.0
46.0,121.0,-1421.0
5.0,-7.0,-1360.0
-23.0,27.0,-1120.0
220.0,-83.0,-960.0
-58.0,119.0,-1225.0
470.0,-52.0,-1157.0
380.0,78.0,-1354.0
722.0,91.0,-1264.0
628.0,140.0,-1268.0
763.0,7.0,-1249.0
1028.0,-21.0,-1081.0
905.0,201.0,-1141.0
1077.0,-171.0,-1157.0
911.0,-130.0,-1262.0
1208.0,83.0,-1259.0
919.0,374.0,-1259.0
1147.0,152.0,-1216.0
1061.0,-72.0,-1220.0
1245.0,-44.0,-1138.0
989.0,226.0,-927.0
993.0,-29.0,-933.0
1052.0,-320.0,-1061.0
954.0,33.0,-1208.0
1040.0,366.0,-1095.0
843.0,206.0,-1157.0
1016.0,-25.0,-1145.0
831.0,-35.0,-1141.0
923.0,226.0,-929.0
687.0,-197.0,-1028.0
997.0,-109.0,-1073.0
771.0,-19.0,-1171.0
864.0,411.0,-1130.0
743.0,62.0,-1220.0
942.0,-111.0,-1257.0
913.0,109.0,-1145.0
911.0,351.0,-946.0
899.0,-238.0,-1030.0
940.0,-204.0,-1059.0
995.0,-35.0,-1243.0
938.0,599.0,-1247.0
927.0,39.0,-1395.0
1083.0,-302.0,-1309.0
970.0,66.0,-1149.0
1034.0,349.0,-886.0
847.0,13.0,-974.0
1091.0,-407.0,-1091.0
921.0,-35.0,-1171.0
1042.0,454.0,-1180.0
872.0,5.0,-1251.0
1013.0,-74.0,-1177.0
1032.0,0.0,-1036.0
976.0,376.0,-929.0
780.0,-76.0,-907.0
923.0,-386.0,-977.0
677.0,37.0,-1091.0
679.0,324.0,-1175.0
484.0,156.0,-1231.0
556.0,-62.0,-1136.0
474.0,-136.0,-1143.0
351.0,337.0,-866.0
210.0,-9.0,-796.0
318.0,-160.0,-862.0
150.0,-130.0,-1171.0
191.0,218.0,-1136.0
-74.0,247.0,-1192.0
103.0,-17.0,-1233.0
-103.0,11.0,-1159.0
-50.0,70.0,-962.0
-273.0,13.0,-921.0
-80.0,-3.0,-1028.0
-177.0,-13.0,-1175.0
-203.0,185.0,-1126.0
-156.0,124.0,-1229.0
-37.0,-27.0,-1218.0
-60.0,-21.0,-1085.0
-111.0,103.0,-1030.0
-296.0,-93.0,-911.0
-376.0,-15.0,-942.0
-573.0,-101.0,-1163.0
-398.0,113.0,-1159.0
-919.0,119.0,-1428.0
-942.0,121.0,-1184.0
-987.0,52.0,-1130.0
-1013.0,-93.0,-968.0
-1298.0,3.0,-854.0
-1278.0,97.0,-806.0
-1173.0,-87.0,-989.0
-1272.0,-85.0,-1214.0
-1235.0,74.0,-1136.0
-1305.0,187.0,-1106.0
-1110.0,13.0,-1136.0
-1173.0,-48.0,-1120.0
-1040.0,-5.0,-894.0
-1177.0,245.0,-923.0
-1018.0,-91.0,-1165.0
-968.0,-206.0,-1216.0
-966.0,210.0,-1210.0
-897.0,224.0,-1206.0
-843.0,1.0,-1208.0
-673.0,-240.0,-1087.0
-778.0,87.0,-819.0
-739.0,185.0,-794.0
-646.0,-66.0,-1048.0
-571.0,-115.0,-1225.0
-626.0,126.0,-1175.0
-694.0,333.0,-1202.0
-581.0,-46.0,-1233.0
-577.0,-210.0,-1104.0
-671.0,134.0,-870.0
-714.0,33.0,-843.0
-675.0,-50.0,-976.0
-640.0,-95.0,-1009.0
-724.0,122.0,-1018.0
-739.0,329.0,-1042.0
-661.0,-121.0,-1136.0
-659.0,-163.0,-995.0
-692.0,70.0,-780.0
-813.0,152.0,-845.0
-665.0,-29.0,-917.0
-692.0,-253.0,-1186.0
-751.0,251.0,-1136.0
-854.0,232.0,-1204.0
-673.0,56.0,-1179.0
-612.0,-173.0,-1145.0
-665.0,7.0,-890.0
-648.0,132.0,-821.0
-552.0,-5.0,-1013.0
-409.0,-197.0,-1085.0
-478.0,165.0,-1114.0
-345.0,206.0,-1177.0
-279.0,62.0,-1247.0
-152.0,-136.0,-1204.0
-130.0,39.0,-1011.0
-183.0,81.0,-933.0
-44.0,-74.0,-1022.0
-81.0,-89.0,-1097.0
-52.0,177.0,-1126.0
-156.0,224.0,-1139.0
13.0,48.0,-1196.0
-25.0,-89.0,-1093.0
-39.0,-13.0,-819.0
-162.0,54.0,-761.0
-21.0,-48.0,-897.0
-81.0,-138.0,-1104.0
-37.0,95.0,-1061.0
-177.0,269.0,-1132.0
39.0,126.0,-1204.0
-44.0,-54.0,-1116.0
27.0,-5.0,-864.0
-134.0,31.0,-843.0
62.0,-3.0,-919.0
-95.0,-76.0,-1038.0
-72.0,146.0,-1013.0
-197.0,124.0,-1139.0
-56.0,122.0,-1179.0
-122.0,-27.0,-1155.0
-97.0,46.0,-874.0
-341.0,7.0,-823.0
-87.0,5.0,-972.0
-160.0,-44.0,-1130.0
-179.0,134.0,-1138.0
-257.0,111.0,-1190.0
-124.0,146.0,-1163.0
-95.0,-46.0,-1122.0
-115.0,40.0,-905.0
-236.0,-40.0,-823.0
-121.0,-46.0,-880.0
-162.0,-56.0,-1067.0
-126.0,60.0,-1054.0
-228.0,117.0,-1081.0
-33.0,97.0,-1192.0
-70.0,-1.0,-1147.0
-7.0,78.0,-933.0
-119.0,-97.0,-812.0
-21.0,-7.0,-886.0
-66.0,-58.0,-1057.0
-74.0,95.0,-1052.0
-103.0,117.0,-1100.0
0.0,66.0,-1204.0
-33.0,72.0,-1145.0
-33.0,-1.0,-868.0
-154.0,-39.0,-788.0
-39.0,-17.0,-856.0
-60.0,-13.0,-1079.0
-58.0,64.0,-1093.0
-56.0,58.0,-1143.0
19.0,156.0,-1145.0
3.0,58.0,-1151.0
25.0,15.0,-952.0
-72.0,-35.0,-858.0
37.0,-52.0,-917.0
-56.0,29.0,-1016.0
-23.0,25.0,-1067.0
-66.0,89.0,-1145.0
-33.0,140.0,-1177.0
0.0,29.0,-1157.0
33.0,46.0,-995.0
15.0,-44.0,-798.0
-29.0,13.0,-860.0
150.0,-56.0,-1030.0
117.0,3.0,-1130.0
111.0,74.0,-1120.0
107.0,115.0,-1157.0
167.0,117.0,-1120.0
177.0,9.0,-1003.0
95.0,-48.0,-853.0
78.0,-25.0,-884.0
101.0,-15.0,-1018.0
31.0,39.0,-1061.0
27.0,25.0,-1081.0
-9.0,132.0,-1169.0
21.0,101.0,-1177.0
3.0,27.0,-1026.0
-19.0,-39.0,-839.0
-56.0,-70.0,-872.0
-33.0,-5.0,-970.0
-37.0,0.0,-1061.0
-76.0,113.0,-1132.0
-111.0,156.0,-1190.0
-21.0,68.0,-1182.0
-74.0,-3.0,-1020.0
-42.0,-29.0,-808.0
-89.0,-19.0,-849.0
-7.0,46.0,-981.0
-50.0,-3.0,-1098.0
-27.0,-11.0,-1128.0
-89.0,156.0,-1138.0
9.0,150.0,-1120.0
-39.0,60.0,-1042.0
-27.0,-19.0,-872.0
-105.0,-83.0,-923.0
-42.0,21.0,-927.0
-74.0,-11.0,-1048.0
-91.0,101.0,-1057.0
-74.0,80.0,-1139.0
-44.0,128.0,-1097.0
3.0,-1.0,-1079.0
-56.0,-13.0,-882.0
-101.0,-50.0,-835.0
-13.0,-17.0,-905.0
-44.0,-1.0,-1075.0
-44.0,39.0,-1116.0
-146.0,132.0,-1149.0
-29.0,163.0,-1112.0
29.0,-3.0,-1067.0
9.0,-31.0,-940.0
-107.0,-70.0,-872.0
-5.0,-13.0,-876.0
-29.0,13.0,-1050.0
-23.0,64.0,-1075.0
-107.0,121.0,-1106.0
23.0,109.0,-1169.0
3.0,3.0,-1145.0
35.0,-39.0,-940.0
-99.0,-31.0,-823.0
25.0,-5.0,-874.0
23.0,-56.0,-1042.0
-11.0,103.0,-1102.0
-66.0,117.0,-1147.0
42.0,109.0,-1157.0
64.0,9.0,-1095.0
39.0,-23.0,-878.0
-44.0,-35.0,-810.0
42.0,17.0,-878.0
3.0,-15.0,-1077.0
-37.0,29.0,-1100.0
-40.0,74.0,-1126.0
27.0,121.0,-1093.0
60.0,68.0,-1079.0
52.0,-3.0,-919.0
-35.0,-62.0,-882.0
50.0,-15.0,-890.0
-19.0,-13.0,-1011.0
-25.0,46.0,-1075.0
-39.0,54.0,-1089.0
25.0,165.0,-1116.0
60.0,95.0,-1130.0
60.0,-11.0,-1011.0
-62.0,-64.0,-786.0
23.0,-25.0,-845.0
11.0,13.0,-1065.0
23.0,-3.0,-1106.0
-56.0,107.0,-1075.0
42.0,144.0,-1149.0
37.0,70.0,-1159.0
42.0,-44.0,-979.0
-56.0,-52.0,-804.0
11.0,13.0,-897.0
3.0,-25.0,-1034.0
-50.0,21.0,-1026.0
-39.0,117.0,-1067.0
21.0,107.0,-1167.0
7.0,76.0,-1188.0
-13.0,-1.0,-972.0
-31.0,-48.0,-825.0
-15.0,-11.0,-856.0
-40.0,35.0,-993.0
-31.0,3.0,-1034.0
-39.0,54.0,-1145.0
-21.0,177.0,-1153.0
1.0,74.0,-1169.0
-11.0,-11.0,-946.0
-46.0,-46.0,-817.0
-29.0,9.0,-866.0
-7.0,40.0,-1034.0
-17.0,-19.0,-1081.0
-33.0,40.0,-1098.0
-19.0,111.0,-1126.0
11.0,150.0,-1132.0
-9.0,44.0,-993.0
17.0,-44.0,-897.0
-56.0,-33.0,-899.0
17.0,-7.0,-958.0
-15.0,3.0,-1016.0
-17.0,80.0,-1083.0
-78.0,130.0,-1139.0
35.0,121.0,-1159.0
25.0,7.0,-1081.0
35.0,-39.0,-825.0
-66.0,-23.0,-837.0
56.0,0.0,-958.0
-5.0,-31.0,-1075.0
1.0,117.0,-1087.0
-66.0,150.0,-1143.0
83.0,111.0,-1124.0
19.0,-9.0,-1042.0
50.0,-39.0,-870.0
-60.0,-37.0,-874.0
50.0,-15.0,-931.0
-21.0,-7.0,-1024.0
-5.0,80.0,-1050.0
-74.0,146.0,-1136.0
48.0,117.0,-1192.0
-1.0,11.0,-1059.0
64.0,-39.0,-897.0
-103.0,-74.0,-851.0
39.0,50.0,-868.0
-7.0,-17.0,-1050.0
11.0,72.0,-1102.0
-117.0,107.0,-1145.0
70.0,101.0,-1157.0
7.0,0.0,-1061.0
62.0,-7.0,-868.0
-76.0,-35.0,-854.0
60.0,5.0,-936.0
-27.0,-48.0,-1059.0
-25.0,64.0,-1065.0
-68.0,101.0,-1136.0
5.0,152.0,-1091.0
29.0,27.0,-1097.0
27.0,-35.0,-929.0
-89.0,-52.0,-895.0
60.0,-15.0,-876.0
-46.0,23.0,-1009.0
-29.0,52.0,-1048.0
-97.0,62.0,-1151.0
42.0,162.0,-1106.0
52.0,13.0,-1147.0
44.0,-15.0,-925.0
-91.0,-95.0,-812.0
35.0,-7.0,-845.0
-21.0,-3.0,-1071.0
29.0,46.0,-1091.0
-107.0,122.0,-1065.0
54.0,136.0,-1163.0
15.0,19.0,-1112.0
33.0,-21.0,-948.0
-54.0,-97.0,-856.0
15.0,44.0,-872.0
-19.0,-3.0,-1030.0
-23.0,56.0,-1032.0
-72.0,101.0,-1085.0
17.0,99.0,-1173.0
27.0,66.0,-1169.0
19.0,-15.0,-940.0
-56.0,-74.0,-808.0
13.0,9.0,-851.0
-21.0,7.0,-1020.0
-13.0,54.0,-1087.0
-60.0,64.0,-1128.0
7.0,130.0,-1124.0
27.0,44.0,-1132.0
25.0,21.0,-958.0
-56.0,-46.0,-843.0
19.0,-7.0,-890.0
-33.0,9.0,-1015.0
-23.0,13.0,-1085.0
-44.0,37.0,-1075.0
-13.0,201.0,-1132.0
44.0,95.0,-1165.0
0.0,5.0,-999.0
-39.0,-31.0,-854.0
-23.0,-48.0,-878.0
-21.0,-13.0,-960.0
-7.0,39.0,-1028.0
-48.0,91.0,-1083.0
-11.0,111.0,-1163.0
11.0,109.0,-1167.0
64.0,-5.0,-1050.0
-21.0,-66.0,-784.0
-60.0,40.0,-821.0
29.0,-21.0,-1028.0
-21.0,-3.0,-1079.0
-50.0,124.0,-1087.0
-15.0,124.0,-1161.0
11.0,105.0,-1130.0
13.0,9.0,-1005.0
0.0,-29.0,-880.0
-33.0,-50.0,-882.0
1.0,3.0,-960.0
-21.0,0.0,-1024.0
-5.0,54.0,-1048.0
-44.0,119.0,-1159.0
39.0,101.0,-1171.0
13.0,21.0,-1046.0
9.0,-29.0,-854.0
-39.0,-52.0,-843.0
-19.0,21.0,-897.0
40.0,-40.0,-1100.0
-68.0,99.0,-1098.0
-48.0,117.0,-1132.0
0.0,121.0,-1108.0
42.0,37.0,-1046.0
25.0,-37.0,-894.0
-66.0,-23.0,-872.0
17.0,-15.0,-936.0
-31.0,-33.0,-1034.0
-29.0,54.0,-1061.0
-44.0,146.0,-1134.0
5.0,173.0,-1145.0
48.0,1.0,-1104.0
23.0,-52.0,-888.0
-78.0,-50.0,-860.0
54.0,-40.0,-878.0
-39.0,23.0,-991.0
-39.0,64.0,-1073.0
-87.0,158.0,-1173.0
40.0,128.0,-1179.0
58.0,0.0,-1095.0
15.0,-21.0,-870.0
-58.0,-39.0,-806.0
19.0,9.0,-892.0
-17.0,-9.0,-1087.0
-27.0,15.0,-1104.0
-105.0,156.0,-1122.0
72.0,154.0,-1126.0
29.0,-5.0,-1065.0
40.0,-37.0,-921.0
-68.0,-58.0,-876.0
54.0,31.0,-874.0
-19.0,-35.0,-1020.0
-9.0,70.0,-1079.0
-93.0,101.0,-1108.0
29.0,121.0,-1159.0
9.0,80.0,-1143.0
95.0,-31.0,-942.0
-83.0,-39.0,-810.0
48.0,-31.0,-849.0
-33.0,-1.0,-1052.0
0.0,58.0,-1108.0
-60.0,87.0,-1100.0
9.0,152.0,-1093.0
21.0,7.0,-1132.0
58.0,-3.0,-966.0
-80.0,-54.0,-862.0
72.0,-9.0,-878.0
-56.0,-1.0,-1026.0
-21.0,23.0,-1018.0
-74.0,81.0,-1087.0
40.0,197.0,-1161.0
37.0,40.0,-1171.0
50.0,-21.0,-1001.0
-68.0,-70.0,-817.0
52.0,-3.0,-839.0
-13.0,-15.0,-999.0
21.0,31.0,-1050.0
-76.0,121.0,-1097.0
60.0,148.0,-1194.0
19.0,35.0,-1167.0
62.0,-17.0,-962.0
-9.0,-83.0,-784.0
66.0,44.0,-892.0
122.0,21.0,-1056.0
230.0,9.0,-1085.0
177.0,70.0,-1095.0
435.0,89.0,-1089.0
396.0,171.0,-1114.0
458.0,-5.0,-952.0
472.0,-132.0,-888.0
482.0,-39.0,-948.0
530.0,76.0,-1015.0
454.0,107.0,-1063.0
581.0,-11.0,-1091.0
495.0,117.0,-1161.0
603.0,150.0,-1167.0
530.0,117.0,-948.0
589.0,-115.0,-817.0
515.0,-91.0,-839.0
497.0,138.0,-948.0
491.0,-39.0,-1056.0
437.0,-7.0,-1081.0
374.0,177.0,-1091.0
425.0,185.0,-1087.0
359.0,99.0,-1003.0
370.0,-162.0,-870.0
242.0,-87.0,-886.0
245.0,163.0,-976.0
214.0,-19.0,-993.0
150.0,-21.0,-1018.0
89.0,115.0,-1171.0
126.0,208.0,-1186.0
56.0,101.0,-1034.0
52.0,-140.0,-866.0
-72.0,-25.0,-831.0
33.0,46.0,-938.0
-37.0,21.0,-1026.0
-19.0,42.0,-1118.0
-72.0,95.0,-1204.0
-19.0,197.0,-1192.0
0.0,-37.0,-1054.0
9.0,-62.0,-827.0
-33.0,-13.0,-862.0
23.0,74.0,-946.0
-9.0,31.0,-1059.0
56.0,-35.0,-1104.0
-19.0,54.0,-1165.0
64.0,261.0,-1079.0
101.0,42.0,-1054.0
128.0,-81.0,-929.0
21.0,-99.0,-892.0
121.0,19.0,-874.0
85.0,35.0,-1005.0
113.0,25.0,-1056.0
-25.0,111.0,-1130.0
99.0,150.0,-1139.0
89.0,46.0,-1091.0
115.0,-72.0,-929.0
-80.0,-15.0,-812.0
74.0,-3.0,-837.0
40.0,-35.0,-1042.0
21.0,25.0,-1087.0
-74.0,173.0,-1098.0
56.0,177.0,-1108.0
29.0,35.0,-1097.0
62.0,-64.0,-940.0
-52.0,-78.0,-870.0
50.0,56.0,-909.0
-5.0,-33.0,-1020.0
-44.0,39.0,-1028.0
-62.0,122.0,-1098.0
27.0,183.0,-1122.0
85.0,44.0,-1149.0
81.0,-48.0,-983.0
-56.0,-27.0,-864.0
119.0,-39.0,-856.0
9.0,-40.0,-1009.0
93.0,52.0,-1075.0
-7.0,62.0,-1083.0
85.0,152.0,-1149.0
93.0,-7.0,-1136.0
107.0,19.0,-970.0
21.0,-40.0,-845.0
105.0,50.0,-917.0
29.0,0.0,-1056.0
95.0,-25.0,-1052.0
-50.0,87.0,-1052.0
95.0,81.0,-1073.0
-21.0,117.0,-1114.0
103.0,1.0,-1016.0
-33.0,-70.0,-905.0
33.0,23.0,-938.0
-50.0,-62.0,-995.0
-3.0,64.0,-946.0
-85.0,81.0,-1067.0
-17.0,160.0,-1118.0
-33.0,39.0,-1149.0
58.0,-3.0,-1024.0
-103.0,23.0,-894.0
39.0,-35.0,-895.0
-81.0,-40.0,-989.0
52.0,-1.0,-1018.0
-78.0,95.0,-1024.0
23.0,179.0,-1126.0
-21.0,7.0,-1120.0
105.0,89.0,-1026.0
-54.0,-15.0,-909.0
115.0,-48.0,-944.0
-17.0,-17.0,-985.0
126.0,11.0,-966.0
-68.0,124.0,-991.0
105.0,68.0,-1147.0
50.0,27.0,-1184.0
109.0,80.0,-1007.0
7.0,37.0,-936.0
40.0,0.0,-839.0
78.0,-60.0,-1003.0
35.0,21.0,-970.0
-35.0,152.0,-1081.0
39.0,44.0,-1106.0
46.0,74.0,-1149.0
-1.0,25.0,-1001.0
11.0,56.0,-954.0
-76.0,9.0,-858.0
119.0,-83.0,-995.0
-117.0,11.0,-977.0
11.0,11.0,-1108.0
-78.0,142.0,-1030.0
52.0,124.0,-1120.0
-11.0,56.0,-1077.0
-64.0,85.0,-1050.0
-60.0,-60.0,-919.0
58.0,-70.0,-950.0
-1.0,29.0,-938.0
-48.0,64.0,-1095.0
-60.0,222.0,-1030.0
54.0,-37.0,-1173.0
11.0,101.0,-1177.0
-89.0,89.0,-903.0
134.0,-103.0,-880.0
-15.0,39.0,-913.0
56.0,-23.0,-1106.0
-78.0,83.0,-935.0
37.0,93.0,-1071.0
81.0,126.0,-1132.0
152.0,-5.0,-1161.0
-54.0,25.0,-909.0
35.0,-39.0,-977.0
15.0,0.0,-929.0
99.0,-39.0,-1011.0
-132.0,15.0,-864.0
3.0,74.0,-1097.0
-50.0,142.0,-1182.0
72.0,99.0,-1175.0
-7.0,52.0,-931.0
-81.0,-31.0,-964.0
-70.0,-70.0,-966.0
21.0,-80.0,-962.0
-95.0,113.0,-958.0
-21.0,70.0,-1071.0
-3.0,113.0,-1202.0
-21.0,21.0,-1075.0
-89.0,35.0,-1042.0
-230.0,-5.0,-849.0
187.0,29.0,-936.0
7.0,-58.0,-977.0
-126.0,-21.0,-952.0
-99.0,81.0,-993.0
103.0,33.0,-1202.0
-169.0,154.0,-1229.0
140.0,-27.0,-1024.0
-103.0,39.0,-860.0
91.0,25.0,-1003.0
-17.0,-81.0,-901.0
148.0,0.0,-895.0
-101.0,134.0,-1057.0
-19.0,162.0,-1214.0
78.0,-3.0,-1171.0
56.0,80.0,-1013.0
-48.0,-35.0,-808.0
191.0,0.0,-915.0
33.0,-15.0,-972.0
179.0,-95.0,-952.0
-130.0,99.0,-1016.0
113.0,181.0,-1095.0
13.0,121.0,-1192.0
27.0,46.0,-1073.0
-148.0,70.0,-915.0
158.0,-44.0,-913.0
-60.0,-52.0,-1001.0
52.0,-99.0,-866.0
-156.0,162.0,-979.0
83.0,64.0,-1188.0
17.0,35.0,-1192.0
27.0,72.0,-1147.0
-169.0,64.0,-858.0
-1.0,33.0,-763.0
103.0,-19.0,-976.0
-1.0,-29.0,-1048.0
-62.0,87.0,-979.0
-3.0,89.0,-1112.0
-9.0,87.0,-1216.0
-40.0,13.0,-1077.0
-46.0,9.0,-905.0
107.0,3.0,-845.0
101.0,13.0,-1011.0
80.0,-11.0,-915.0
-134.0,85.0,-1079.0
-48.0,187.0,-1085.0
0.0,46.0,-1198.0
160.0,-9.0,-1134.0
-130.0,117.0,-872.0
179.0,-122.0,-841.0
-74.0,-62.0,-997.0
-81.0,-31.0,-1009.0
62.0,158.0,-948.0
0.0,93.0,-1102.0
42.0,70.0,-1249.0
62.0,40.0,-1069.0
-119.0,95.0,-901.0
-101.0,33.0,-853.0
126.0,103.0,-935.0
247.0,-111.0,-1042.0
-255.0,-74.0,-1040.0
-156.0,136.0,-970.0
140.0,-13.0,-1218.0
-105.0,181.0,-1175.0
107.0,-124.0,-901.0
-56.0,-17.0,-864.0
66.0,31.0,-985.0
-56.0,-15.0,-1102.0
-95.0,134.0,-938.0
1.0,50.0,-1018.0
39.0,117.0,-1268.0
-31.0,-1.0,-1128.0
-48.0,46.0,-938.0
-17.0,-33.0,-839.0
-13.0,-80.0,-1005.0
-48.0,-66.0,-1015.0
19.0,39.0,-938.0
-142.0,136.0,-1034.0
-11.0,204.0,-1171.0
136.0,56.0,-1102.0
70.0,0.0,-1038.0
-283.0,66.0,-950.0
251.0,-29.0,-987.0
0.0,-48.0,-950.0
11.0,-9.0,-913.0
-89.0,54.0,-1007.0
39.0,124.0,-1098.0
-27.0,0.0,-1218.0
60.0,33.0,-1028.0
-162.0,-25.0,-833.0
220.0,21.0,-921.0
76.0,-46.0,-1016.0
-25.0,35.0,-991.0
-130.0,191.0,-968.0
158.0,122.0,-1196.0
52.0,-19.0,-1245.0
-44.0,-35.0,-993.0
-44.0,13.0,-815.0
132.0,70.0,-911.0
-115.0,-17.0,-1028.0
66.0,-150.0,-983.0
-134.0,173.0,-915.0
105.0,70.0,-1202.0
-74.0,111.0,-1128.0
-64.0,-5.0,-993.0
-115.0,9.0,-921.0
78.0,0.0,-1022.0
-154.0,-15.0,-977.0
95.0,-40.0,-917.0
-66.0,91.0,-1075.0
-33.0,101.0,-1163.0
-167.0,109.0,-1093.0
177.0,64.0,-1087.0
-33.0,78.0,-892.0
-23.0,-35.0,-903.0
187.0,-44.0,-935.0
7.0,-111.0,-1057.0
-70.0,152.0,-1050.0
-105.0,146.0,-999.0
195.0,91.0,-1149.0
128.0,101.0,-1087.0
70.0,-76.0,-979.0
37.0,81.0,-895.0
212.0,-89.0,-983.0
-97.0,5.0,-974.0
17.0,-19.0,-935.0
0.0,152.0,-1063.0
83.0,44.0,-1151.0
-23.0,-5.0,-1114.0
-134.0,35.0,-936.0
132.0,13.0,-872.0
134.0,-1.0,-1026.0
-101.0,-9.0,-907.0
-177.0,72.0,-1048.0
5.0,220.0,-1089.0
35.0,11.0,-1319.0
-80.0,109.0,-1059.0
-60.0,-134.0,-823.0
-3.0,-7.0,-825.0
-33.0,101.0,-1007.0
-21.0,-95.0,-1083.0
-68.0,33.0,-927.0
-42.0,52.0,-993.0
-39.0,128.0,-1286.0
-9.0,103.0,-1128.0
33.0,-25.0,-915.0
33.0,-80.0,-899.0
-72.0,152.0,-1034.0
128.0,-83.0,-1024.0
-37.0,21.0,-979.0
-44.0,19.0,-1046.0
5.0,169.0,-1138.0
218.0,60.0,-1132.0
-9.0,7.0,-958.0
-68.0,-21.0,-853.0
-7.0,-5.0,-798.0
251.0,39.0,-1136.0
-119.0,15.0,-1059.0
-31.0,173.0,-1011.0
-21.0,126.0,-1028.0
97.0,-48.0,-1225.0
-203.0,19.0,-960.0
130.0,-144.0,-890.0
113.0,95.0,-974.0
-21.0,-9.0,-1040.0
-281.0,27.0,-964.0
25.0,97.0,-993.0
175.0,197.0,-1079.0
35.0,76.0,-1214.0
11.0,-95.0,-972.0
-76.0,91.0,-839.0
21.0,83.0,-958.0
-1.0,-13.0,-1102.0
91.0,-85.0,-946.0
-107.0,3.0,-927.0
173.0,222.0,-1112.0
144.0,5.0,-1247.0
-95.0,-39.0,-960.0
-31.0,-27.0,-745.0
95.0,183.0,-1032.0
-40.0,-5.0,-1091.0
-9.0,-27.0,-1030.0
-23.0,40.0,-880.0
128.0,89.0,-1108.0
-50.0,162.0,-1212.0
27.0,-91.0,-1054.0
19.0,-81.0,-903.0
-48.0,64.0,-878.0
93.0,52.0,-1128.0
-11.0,-64.0,-968.0
-42.0,134.0,-897.0
9.0,162.0,-1069.0
54.0,201.0,-1286.0
-134.0,-54.0,-1042.0
60.0,-64.0,-856.0
-54.0,76.0,-866.0
154.0,-13.0,-1034.0
-68.0,-7.0,-960.0
-13.0,-64.0,-1003.0
-189.0,80.0,-1009.0
85.0,201.0,-1280.0
-23.0,-52.0,-1145.0
-124.0,70.0,-841.0
70.0,15.0,-819.0
76.0,-5.0,-1169.0
-158.0,-15.0,-958.0
9.0,46.0,-997.0
-39.0,187.0,-1022.0
50.0,115.0,-1323.0
60.0,15.0,-1087.0
-31.0,-76.0,-866.0
-35.0,-27.0,-812.0
-29.0,85.0,-1013.0
33.0,29.0,-1091.0
-107.0,35.0,-888.0
140.0,76.0,-919.0
33.0,148.0,-1448.0
11.0,-83.0,-1136.0
-29.0,-54.0,-856.0
-146.0,76.0,-741.0
37.0,74.0,-1190.0
277.0,-39.0,-1083.0
-68.0,-126.0,-981.0
-263.0,191.0,-876.0
-37.0,251.0,-1229.0
425.0,105.0,-1268.0
-179.0,-150.0,-1028.0
-269.0,-48.0,-609.0
68.0,214.0,-827.0
419.0,-3.0,-1346.0
-224.0,-136.0,-1003.0
-208.0,-58.0,-685.0
-7.0,456.0,-1016.0
427.0,27.0,-1612.0
-292.0,-136.0,-1048.0
-228.0,-216.0,-409.0
197.0,331.0,-794.0
218.0,130.0,-1569.0
-187.0,-222.0,-1161.0
-212.0,-29.0,-548.0
-72.0,230.0,-987.0
347.0,368.0,-1624.0
-175.0,-314.0,-1128.0
-1.0,-154.0,-368.0
-19.0,95.0,-952.0
185.0,363.0,-1583.0
-126.0,-242.0,-1013.0
-3.0,-140.0,-407.0
-236.0,247.0,-1087.0
363.0,546.0,-1464.0
210.0,-300.0,-1235.0
-302.0,-154.0,-497.0
-203.0,74.0,-897.0
292.0,513.0,-1469.0
109.0,-425.0,-1079.0
-273.0,-271.0,-443.0
-222.0,261.0,-874.0
589.0,706.0,-1567.0
81.0,-388.0,-1368.0
-447.0,-169.0,-624.0
-122.0,46.0,-728.0
409.0,612.0,-1526.0
-58.0,-185.0,-1071.0
-93.0,-411.0,-388.0
-361.0,91.0,-765.0
650.0,640.0,-1561.0
-329.0,-1.0,-1489.0
-193.0,-357.0,-751.0
-255.0,89.0,-595.0
511.0,447.0,-1383.0
-267.0,-1.0,-1089.0
23.0,-722.0,-525.0
-316.0,212.0,-716.0
404.0,753.0,-1680.0
-165.0,-39.0,-1633.0
-5.0,-396.0,-558.0
-234.0,175.0,-646.0
230.0,267.0,-1331.0
-101.0,-158.0,-1167.0
162.0,-550.0,-655.0
-386.0,575.0,-558.0
384.0,119.0,-1875.0
-296.0,167.0,-1309.0
154.0,-329.0,-735.0
-327.0,300.0,-601.0
156.0,167.0,-1282.0
249.0,-165.0,-974.0
52.0,-382.0,-776.0
-290.0,320.0,-704.0
64.0,148.0,-1590.0
-39.0,421.0,-1284.0
388.0,-610.0,-929.0
-488.0,257.0,-609.0
99.0,121.0,-1026.0
197.0,83.0,-1145.0
91.0,-314.0,-946.0
-238.0,-134.0,-876.0
-281.0,525.0,-1126.0
503.0,109.0,-1450.0
76.0,-216.0,-940.0
-353.0,-9.0,-689.0
29.0,251.0,-827.0
390.0,126.0,-1171.0
136.0,-376.0,-1052.0
-396.0,-25.0,-849.0
-148.0,292.0,-956.0
435.0,267.0,-1524.0
97.0,-169.0,-1120.0
-314.0,-240.0,-655.0
13.0,204.0,-624.0
359.0,220.0,-1264.0
-62.0,-122.0,-1233.0
-363.0,-87.0,-759.0
58.0,119.0,-927.0
404.0,300.0,-1380.0
144.0,-228.0,-1356.0
-388.0,-52.0,-476.0
58.0,72.0,-628.0
165.0,312.0,-1327.0
56.0,-271.0,-1342.0
-175.0,-17.0,-782.0
17.0,93.0,-858.0
339.0,456.0,-1259.0
-39.0,-81.0,-1407.0
-165.0,-228.0,-642.0
-54.0,103.0,-675.0
122.0,386.0,-1212.0
-68.0,-154.0,-1239.0
167.0,-273.0,-810.0
-122.0,132.0,-927.0
230.0,306.0,-1274.0
-429.0,122.0,-1268.0
199.0,-398.0,-733.0
-236.0,99.0,-796.0
140.0,302.0,-1085.0
-191.0,-44.0,-1155.0
175.0,-179.0,-1016.0
-378.0,40.0,-1046.0
185.0,396.0,-1145.0
-169.0,1.0,-1040.0
99.0,-296.0,-890.0
-253.0,111.0,-981.0
167.0,60.0,-987.0
-179.0,228.0,-997.0
80.0,-253.0,-1071.0
-85.0,220.0,-1016.0
249.0,185.0,-1077.0
-81.0,93.0,-1104.0
109.0,-220.0,-946.0
-40.0,128.0,-935.0
64.0,-68.0,-819.0
-156.0,109.0,-1042.0
201.0,-105.0,-1073.0
119.0,142.0,-1165.0
-111.0,-35.0,-1097.0
-224.0,99.0,-995.0
253.0,13.0,-960.0
11.0,23.0,-966.0
-3.0,62.0,-882.0
-29.0,-19.0,-954.0
150.0,-17.0,-1212.0
-40.0,72.0,-1167.0
-314.0,152.0,-925.0
89.0,193.0,-882.0
347.0,-144.0,-1143.0
-152.0,-9.0,-1065.0
-160.0,-13.0,-741.0
81.0,60.0,-870.0
35.0,87.0,-1253.0
-74.0,56.0,-1138.0
-103.0,121.0,-860.0
234.0,35.0,-987.0
31.0,130.0,-1110.0
62.0,-216.0,-1139.0
-259.0,99.0,-560.0
7.0,-23.0,-1013.0
21.0,214.0,-1184.0
46.0,-101.0,-1223.0
-146.0,142.0,-753.0
224.0,54.0,-962.0
68.0,150.0,-1225.0
52.0,-109.0,-1163.0
-132.0,-156.0,-659.0
76.0,130.0,-892.0
93.0,162.0,-1198.0
195.0,-46.0,-1190.0
-113.0,-5.0,-812.0
296.0,11.0,-1044.0
-97.0,251.0,-1274.0
39.0,-35.0,-1022.0
-167.0,-83.0,-628.0
-15.0,37.0,-815.0
279.0,201.0,-1161.0
31.0,0.0,-1298.0
-271.0,-74.0,-851.0
42.0,11.0,-948.0
165.0,322.0,-1262.0
-109.0,-156.0,-1057.0
33.0,-78.0,-687.0
-15.0,81.0,-743.0
165.0,177.0,-1395.0
-165.0,-81.0,-1233.0
-33.0,-111.0,-806.0
-13.0,226.0,-813.0
140.0,201.0,-1450.0
-33.0,-124.0,-1116.0
-9.0,-177.0,-698.0
52.0,290.0,-755.0
199.0,17.0,-1145.0
46.0,-185.0,-1210.0
-283.0,-21.0,-868.0
179.0,226.0,-1024.0
-54.0,322.0,-1401.0
-78.0,-132.0,-1196.0
-25.0,-89.0,-450.0
208.0,284.0,-776.0
-122.0,9.0,-1315.0
-150.0,-56.0,-1204.0
48.0,-89.0,-772.0
257.0,361.0,-1071.0
-277.0,162.0,-1393.0
1.0,-320.0,-1059.0
-19.0,-83.0,-515.0
267.0,304.0,-911.0
-382.0,138.0,-1251.0
124.0,-169.0,-1177.0
158.0,-109.0,-858.0
33.0,425.0,-1159.0
-374.0,187.0,-1300.0
109.0,-220.0,-919.0
167.0,-181.0,-737.0
-140.0,99.0,-979.0
-452.0,320.0,-1112.0
435.0,-255.0,-1028.0
-3.0,-19.0,-1098.0
19.0,173.0,-1196.0
-325.0,249.0,-991.0
257.0,-220.0,-935.0
-175.0,40.0,-812.0
-13.0,191.0,-1032.0
-152.0,167.0,-1067.0
351.0,-376.0,-1038.0
-236.0,-39.0,-1005.0
19.0,203.0,-1098.0
-296.0,294.0,-966.0
359.0,-345.0,-1016.0
-216.0,5.0,-940.0
156.0,201.0,-1038.0
-269.0,214.0,-854.0
407.0,-394.0,-1091.0
-148.0,81.0,-1132.0
-97.0,361.0,-1048.0
-56.0,210.0,-960.0
308.0,-236.0,-1124.0
-9.0,-89.0,-985.0
7.0,158.0,-854.0
-226.0,165.0,-876.0
448.0,-187.0,-1104.0
-119.0,-33.0,-1106.0
-21.0,277.0,-1057.0
-245.0,386.0,-831.0
489.0,-435.0,-1188.0
-300.0,39.0,-1102.0
146.0,109.0,-931.0
-277.0,263.0,-683.0
376.0,-247.0,-1112.0
-204.0,-46.0,-1229.0
21.0,156.0,-1091.0
-128.0,263.0,-810.0
325.0,-214.0,-1274.0
-312.0,-31.0,-1149.0
-64.0,35.0,-790.0
-89.0,277.0,-667.0
286.0,-105.0,-1128.0
-189.0,-89.0,-1430.0
-40.0,124.0,-933.0
167.0,62.0,-882.0
58.0,95.0,-1130.0
-152.0,-349.0,-1255.0
-130.0,288.0,-657.0
210.0,21.0,-802.0
56.0,220.0,-1179.0
-50.0,-419.0,-1434.0
-83.0,361.0,-540.0
183.0,140.0,-1009.0
-72.0,169.0,-1339.0
-181.0,-488.0,-1147.0
72.0,101.0,-513.0
132.0,281.0,-878.0
142.0,50.0,-1245.0
-162.0,-290.0,-1194.0
83.0,46.0,-726.0
181.0,325.0,-1015.0
-23.0,284.0,-1432.0
-23.0,-283.0,-1036.0
179.0,-76.0,-568.0
-68.0,382.0,-757.0
179.0,189.0,-1370.0
-83.0,-175.0,-1143.0
109.0,-240.0,-802.0
-210.0,242.0,-936.0
-48.0,374.0,-1218.0
290.0,-347.0,-1173.0
-105.0,21.0,-732.0
-199.0,5.0,-806.0
-134.0,327.0,-1077.0
203.0,9.0,-1288.0
-31.0,-142.0,-958.0
-162.0,144.0,-944.0
58.0,150.0,-1081.0
236.0,-113.0,-1200.0
-236.0,-64.0,-794.0
-97.0,-56.0,-691.0
64.0,197.0,-1046.0
183.0,0.0,-1317.0
-93.0,31.0,-1057.0
-267.0,81.0,-890.0
261.0,150.0,-1013.0
183.0,-29.0,-1204.0
-81.0,35.0,-991.0
-109.0,19.0,-665.0
214.0,15.0,-1020.0
171.0,78.0,-1288.0
-29.0,-42.0,-1116.0
-398.0,177.0,-749.0
363.0,-25.0,-999.0
122.0,187.0,-1309.0
-17.0,-224.0,-944.0
-222.0,109.0,-577.0
185.0,40.0,-917.0
58.0,68.0,-1405.0
-162.0,31.0,-1163.0
-351.0,13.0,-790.0
201.0,97.0,-991.0
107.0,-15.0,-1325.0
-74.0,-54.0,-1040.0
-122.0,15.0,-513.0
144.0,81.0,-935.0
50.0,158.0,-1430.0
-64.0,76.0,-1177.0
-316.0,-40.0,-737.0
351.0,56.0,-886.0
-89.0,68.0,-1352.0
11.0,-7.0,-1032.0
-167.0,35.0,-651.0
152.0,9.0,-890.0
-56.0,89.0,-1282.0
62.0,27.0,-1214.0
-23.0,-11.0,-749.0
204.0,95.0,-1016.0
-62.0,76.0,-1317.0
83.0,0.0,-936.0
-87.0,33.0,-569.0
76.0,25.0,-993.0
48.0,7.0,-1385.0
81.0,0.0,-1102.0
-35.0,29.0,-704.0
76.0,39.0,-1077.0
-25.0,62.0,-1255.0
121.0,-60.0,-1020.0
-99.0,78.0,-804.0
93.0,56.0,-968.0
-54.0,31.0,-1251.0
95.0,54.0,-999.0
-177.0,76.0,-776.0
144.0,134.0,-1056.0
-146.0,103.0,-1387.0
25.0,-162.0,-942.0
-201.0,39.0,-632.0
72.0,134.0,-901.0
-23.0,54.0,-1260.0
119.0,-70.0,-1042.0
-52.0,-85.0,-892.0
-72.0,185.0,-1124.0
-80.0,142.0,-1260.0
167.0,-165.0,-993.0
-117.0,15.0,-720.0
-83.0,113.0,-901.0
-3.0,126.0,-1272.0
224.0,-152.0,-1192.0
-136.0,64.0,-864.0
-195.0,142.0,-923.0
148.0,142.0,-1171.0
193.0,-117.0,-1044.0
-111.0,3.0,-821.0
-7.0,25.0,-845.0
21.0,165.0,-1180.0
124.0,0.0,-1143.0
-124.0,109.0,-935.0
21.0,-31.0,-1001.0
37.0,173.0,-1134.0
146.0,-74.0,-1169.0
-89.0,27.0,-759.0
-146.0,9.0,-812.0
58.0,103.0,-1108.0
103.0,-19.0,-1249.0
-17.0,15.0,-974.0
-298.0,13.0,-909.0
140.0,93.0,-1071.0
105.0,-91.0,-1153.0
-111.0,48.0,-890.0
-95.0,7.0,-819.0
52.0,27.0,-1100.0
115.0,40.0,-1188.0
-56.0,130.0,-1052.0
-275.0,81.0,-954.0
154.0,81.0,-1038.0
156.0,-40.0,-1155.0
-160.0,-44.0,-948.0
-146.0,99.0,-708.0
126.0,119.0,-1061.0
48.0,-15.0,-1264.0
-130.0,35.0,-995.0
-103.0,50.0,-907.0
337.0,-21.0,-936.0
78.0,-35.0,-1260.0
-179.0,54.0,-880.0
-187.0,62.0,-720.0
242.0,81.0,-1067.0
-52.0,-58.0,-1504.0
0.0,17.0,-935.0
-121.0,15.0,-782.0
191.0,335.0,-1032.0
66.0,-197.0,-1280.0
97.0,-212.0,-979.0
-283.0,249.0,-692.0
7.0,296.0,-1075.0
78.0,-52.0,-1247.0
80.0,-341.0,-1093.0
-204.0,189.0,-776.0
136.0,382.0,-1081.0
-44.0,-52.0,-1247.0
-66.0,-226.0,-970.0
-160.0,83.0,-683.0
130.0,386.0,-935.0
109.0,-148.0,-1307.0
-111.0,-56.0,-1061.0
-111.0,17.0,-813.0
97.0,261.0,-913.0
-33.0,-78.0,-1268.0
-50.0,-201.0,-1036.0
-29.0,163.0,-749.0
19.0,171.0,-790.0
158.0,-60.0,-1282.0
-117.0,11.0,-1136.0
87.0,29.0,-913.0
39.0,103.0,-903.0
11.0,122.0,-1262.0
193.0,-187.0,-1077.0
-193.0,206.0,-644.0
201.0,-117.0,-698.0
140.0,197.0,-1098.0
199.0,-128.0,-1469.0
-240.0,146.0,-691.0
286.0,-25.0,-942.0
89.0,273.0,-1139.0
113.0,-146.0,-1145.0
-199.0,46.0,-638.0
261.0,128.0,-753.0
353.0,17.0,-1241.0
-148.0,140.0,-1405.0
-78.0,-310.0,-681.0
140.0,109.0,-854.0
91.0,421.0,-1303.0
42.0,-206.0,-1157.0
-105.0,-222.0,-599.0
191.0,206.0,-718.0
111.0,283.0,-1387.0
-134.0,39.0,-1237.0
-160.0,-462.0,-698.0
191.0,341.0,-911.0
27.0,345.0,-1399.0
11.0,-222.0,-1149.0
-228.0,-257.0,-460.0
341.0,316.0,-903.0
-366.0,505.0,-1411.0
-56.0,-464.0,-1233.0
-163.0,-269.0,-612.0
419.0,368.0,-1114.0
-273.0,450.0,-1315.0
126.0,-325.0,-1186.0
-386.0,-189.0,-433.0
497.0,347.0,-1151.0
-515.0,322.0,-1239.0
68.0,-419.0,-1102.0
89.0,-259.0,-655.0
150.0,439.0,-1356.0
-318.0,456.0,-1227.0
68.0,-290.0,-1214.0
-119.0,-263.0,-421.0
292.0,230.0,-1087.0
-458.0,614.0,-1186.0
212.0,-521.0,-1206.0
3.0,-87.0,-780.0
-60.0,134.0,-1344.0
-224.0,597.0,-1208.0
-80.0,-431.0,-983.0
95.0,-277.0,-667.0
-19.0,136.0,-1108.0
-349.0,599.0,-1253.0
115.0,-493.0,-1020.0
-72.0,-5.0,-997.0
-201.0,-48.0,-1204.0
-167.0,665.0,-1128.0
-193.0,-240.0,-913.0
380.0,-247.0,-956.0
-476.0,46.0,-976.0
40.0,413.0,-1026.0
130.0,-283.0,-888.0
-81.0,201.0,-1149.0
-322.0,-5.0,-1202.0
56.0,363.0,-931.0
115.0,-370.0,-796.0
177.0,-25.0,-1180.0
-482.0,150.0,-940.0
226.0,144.0,-798.0
81.0,46.0,-1048.0
23.0,21.0,-1300.0
-128.0,-25.0,-1089.0
85.0,146.0,-679.0
251.0,-277.0,-1079.0
5.0,204.0,-1225.0
-68.0,13.0,-1001.0
173.0,103.0,-622.0
222.0,-70.0,-1124.0
19.0,228.0,-1198.0
-80.0,-48.0,-995.0
64.0,85.0,-798.0
386.0,-111.0,-972.0
80.0,91.0,-1262.0
-306.0,206.0,-835.0
220.0,-173.0,-605.0
175.0,261.0,-1098.0
-19.0,-42.0,-1442.0
-199.0,-121.0,-866.0
85.0,-60.0,-714.0
302.0,271.0,-1024.0
103.0,-62.0,-1284.0
-224.0,3.0,-829.0
206.0,-50.0,-698.0
144.0,300.0,-1159.0
-1.0,-37.0,-1393.0
-183.0,-5.0,-796.0
173.0,-62.0,-743.0
154.0,214.0,-1106.0
-144.0,-35.0,-1407.0
-56.0,0.0,-769.0
109.0,89.0,-681.0
253.0,232.0,-1056.0
-93.0,-298.0,-1362.0
-85.0,214.0,-806.0
171.0,-1.0,-845.0
13.0,189.0,-1188.0
-163.0,-245.0,-1198.0
111.0,21.0,-692.0
320.0,128.0,-776.0
-80.0,222.0,-1237.0
-117.0,-292.0,-1259.0
163.0,19.0,-839.0
-62.0,167.0,-936.0
-27.0,265.0,-1149.0
-66.0,-407.0,-1268.0
87.0,158.0,-743.0
171.0,183.0,-853.0
-56.0,296.0,-1100.0
-142.0,-304.0,-1225.0
206.0,-144.0,-942.0
-216.0,269.0,-958.0
39.0,275.0,-1098.0
-83.0,-158.0,-1237.0
130.0,-156.0,-796.0
-48.0,183.0,-819.0
-162.0,368.0,-1122.0
-236.0,-267.0,-1233.0
0.0,-99.0,-1065.0
-87.0,44.0,-897.0
177.0,413.0,-1071.0
-357.0,-72.0,-1147.0
103.0,-290.0,-954.0
-171.0,230.0,-837.0
-81.0,191.0,-1305.0
-306.0,-124.0,-1102.0
70.0,-19.0,-981.0
-148.0,91.0,-899.0
281.0,284.0,-1196.0
-390.0,-74.0,-1221.0
136.0,-279.0,-960.0
-279.0,333.0,-782.0
421.0,95.0,-1177.0
-284.0,-101.0,-1147.0
48.0,15.0,-936.0
-80.0,238.0,-831.0
404.0,162.0,-1307.0
-314.0,-56.0,-1171.0
107.0,-290.0,-796.0
-76.0,249.0,-655.0
343.0,304.0,-1243.0
-314.0,-54.0,-1294.0
9.0,-165.0,-788.0
27.0,-44.0,-812.0
204.0,368.0,-1235.0
-468.0,160.0,-1194.0
226.0,-306.0,-831.0
64.0,162.0,-786.0
175.0,-19.0,-1114.0
-417.0,372.0,-1251.0
306.0,-267.0,-757.0
-99.0,5.0,-835.0
283.0,105.0,-1292.0
-380.0,343.0,-1079.0
482.0,-474.0,-864.0
-409.0,261.0,-726.0
306.0,-46.0,-1233.0
-259.0,605.0,-1036.0
515.0,-573.0,-1007.0
-437.0,361.0,-759.0
450.0,-296.0,-1380.0
-173.0,495.0,-936.0
368.0,-441.0,-1018.0
-394.0,154.0,-790.0
353.0,-40.0,-1118.0
-154.0,495.0,-1040.0
411.0,-421.0,-1040.0
-255.0,322.0,-761.0
374.0,-255.0,-1305.0
-142.0,288.0,-1007.0
294.0,-238.0,-927.0
-327.0,126.0,-813.0
181.0,-1.0,-1145.0
87.0,91.0,-1048.0
152.0,-160.0,-1044.0
-333.0,117.0,-849.0
35.0,-44.0,-1206.0
-1.0,222.0,-1050.0
134.0,80.0,-899.0
-154.0,-126.0,-892.0
0.0,130.0,-1081.0
72.0,76.0,-1102.0
115.0,13.0,-1022.0
-199.0,-158.0,-935.0
-203.0,74.0,-1085.0
144.0,199.0,-1046.0
134.0,50.0,-944.0
-126.0,-222.0,-1036.0
-64.0,99.0,-981.0
97.0,265.0,-1005.0
27.0,130.0,-1026.0
-115.0,-271.0,-1120.0
-210.0,130.0,-977.0
392.0,206.0,-1011.0
121.0,33.0,-974.0
-230.0,-325.0,-1042.0
-203.0,156.0,-907.0
197.0,204.0,-1102.0
-85.0,101.0,-989.0
-199.0,-281.0,-1192.0
-216.0,132.0,-819.0
404.0,212.0,-1130.0
-201.0,111.0,-1145.0
-304.0,-337.0,-1036.0
-351.0,329.0,-806.0
99.0,83.0,-1104.0
-214.0,42.0,-1059.0
-370.0,-222.0,-1126.0
-532.0,255.0,-819.0
249.0,216.0,-1134.0
-437.0,-25.0,-1227.0
-503.0,-279.0,-972.0
-562.0,255.0,-706.0
72.0,201.0,-1120.0
-517.0,21.0,-1208.0
-597.0,-255.0,-1136.0
-497.0,236.0,-854.0
121.0,156.0,-1130.0
-782.0,39.0,-1266.0
-511.0,-249.0,-995.0
-470.0,169.0,-722.0
103.0,187.0,-1085.0
-468.0,122.0,-1200.0
-386.0,-396.0,-1124.0
-587.0,189.0,-737.0
44.0,177.0,-1083.0
-597.0,121.0,-1294.0
-484.0,-316.0,-1065.0
-374.0,72.0,-669.0
-11.0,269.0,-1067.0
-605.0,122.0,-1210.0
-349.0,-388.0,-1089.0
-562.0,146.0,-761.0
97.0,322.0,-1171.0
-599.0,124.0,-1239.0
-378.0,-181.0,-888.0
-489.0,-152.0,-718.0
-212.0,341.0,-1056.0
-404.0,-9.0,-1282.0
-359.0,-101.0,-974.0
-363.0,-70.0,-788.0
-128.0,281.0,-1028.0
-357.0,111.0,-1253.0
-121.0,-136.0,-1003.0
-175.0,-156.0,-812.0
-136.0,222.0,-962.0
-142.0,95.0,-1175.0
-62.0,-66.0,-981.0
-152.0,-154.0,-935.0
-253.0,251.0,-1052.0
-142.0,132.0,-1307.0
-95.0,-29.0,-997.0
-107.0,-218.0,-810.0
-152.0,222.0,-876.0
107.0,74.0,-1159.0
103.0,19.0,-1048.0
201.0,-191.0,-886.0
115.0,277.0,-968.0
222.0,99.0,-1237.0
333.0,78.0,-995.0
327.0,-154.0,-909.0
230.0,160.0,-812.0
284.0,-35.0,-1136.0
394.0,-23.0,-1079.0
277.0,-89.0,-913.0
-37.0,300.0,-1104.0
210.0,25.0,-1218.0
117.0,29.0,-1083.0
126.0,-27.0,-815.0
-162.0,162.0,-800.0
64.0,42.0,-942.0
103.0,-33.0,-1018.0
-21.0,-23.0,-989.0
-329.0,165.0,-1069.0
21.0,-25.0,-1106.0
-21.0,52.0,-1106.0
-134.0,-50.0,-841.0
-288.0,56.0,-769.0
-56.0,121.0,-981.0
50.0,0.0,-1233.0
-126.0,-52.0,-1013.0
-448.0,85.0,-1022.0
81.0,122.0,-1046.0
-44.0,-64.0,-1169.0
-111.0,76.0,-890.0
-322.0,-23.0,-839.0
60.0,52.0,-940.0
-5.0,-163.0,-1167.0
-83.0,66.0,-1044.0
-361.0,54.0,-1085.0
185.0,142.0,-1077.0
-74.0,-80.0,-1145.0
-39.0,119.0,-835.0
-124.0,-3.0,-819.0
158.0,46.0,-940.0
-50.0,-191.0,-1151.0
37.0,19.0,-1011.0
-298.0,122.0,-1009.0
199.0,109.0,-1028.0
-17.0,-83.0,-1106.0
81.0,37.0,-915.0
-113.0,85.0,-851.0
156.0,35.0,-997.0
50.0,-122.0,-1120.0
95.0,-3.0,-997.0
-353.0,191.0,-989.0
187.0,142.0,-1102.0
-21.0,-64.0,-1229.0
80.0,-76.0,-981.0
-212.0,113.0,-763.0
101.0,56.0,-862.0
91.0,-130.0,-1116.0
42.0,13.0,-1042.0
-312.0,136.0,-999.0
228.0,148.0,-1083.0
9.0,62.0,-1208.0
130.0,-83.0,-977.0
-197.0,101.0,-765.0
193.0,31.0,-858.0
62.0,-40.0,-1169.0
119.0,-80.0,-1081.0
-329.0,46.0,-1001.0
226.0,197.0,-999.0
50.0,-1.0,-1255.0
130.0,-37.0,-1040.0
-257.0,56.0,-743.0
173.0,91.0,-827.0
52.0,-62.0,-1139.0
80.0,-56.0,-1132.0
-363.0,91.0,-1016.0
236.0,126.0,-1077.0
-17.0,83.0,-1210.0
119.0,-44.0,-1003.0
-286.0,58.0,-689.0
206.0,23.0,-841.0
-9.0,-58.0,-1177.0
33.0,-3.0,-1169.0
-425.0,97.0,-983.0
259.0,101.0,-1024.0
-80.0,140.0,-1177.0
115.0,-25.0,-1030.0
-284.0,111.0,-786.0
165.0,-50.0,-894.0
-78.0,-17.0,-1149.0
173.0,-105.0,-1192.0
-429.0,150.0,-911.0
259.0,138.0,-1003.0
-58.0,33.0,-1192.0
183.0,-44.0,-1059.0
-355.0,121.0,-696.0
179.0,50.0,-829.0
-46.0,5.0,-1108.0
193.0,-99.0,-1237.0
-425.0,150.0,-923.0
306.0,91.0,-1022.0
-85.0,46.0,-1102.0
173.0,-72.0,-1059.0
-308.0,117.0,-737.0
232.0,40.0,-942.0
-35.0,21.0,-1157.0
175.0,-66.0,-1221.0
-404.0,97.0,-895.0
277.0,142.0,-972.0
-39.0,44.0,-1100.0
187.0,-81.0,-1098.0
-318.0,97.0,-767.0
210.0,37.0,-905.0
-21.0,-21.0,-1159.0
156.0,-74.0,-1239.0
-404.0,66.0,-913.0
281.0,165.0,-958.0
-44.0,81.0,-1128.0
132.0,-52.0,-1081.0
-296.0,80.0,-753.0
206.0,54.0,-921.0
-35.0,21.0,-1214.0
144.0,-109.0,-1245.0
-361.0,64.0,-812.0
281.0,134.0,-894.0
-56.0,91.0,-1153.0
156.0,-85.0,-1116.0
-269.0,46.0,-810.0
199.0,85.0,-938.0
-39.0,52.0,-1173.0
156.0,-62.0,-1202.0
-341.0,74.0,-800.0
284.0,109.0,-933.0
-50.0,97.0,-1227.0
91.0,-66.0,-1122.0
-251.0,-19.0,-735.0
142.0,121.0,-894.0
0.0,15.0,-1192.0
56.0,0.0,-1186.0
-251.0,37.0,-876.0
253.0,144.0,-962.0
-68.0,105.0,-1210.0
70.0,-44.0,-1067.0
-156.0,-48.0,-769.0
148.0,152.0,-927.0
-50.0,40.0,-1229.0
42.0,-54.0,-1112.0
-226.0,19.0,-837.0
187.0,91.0,-923.0
-74.0,218.0,-1221.0
70.0,-103.0,-1102.0
-101.0,-58.0,-792.0
66.0,210.0,-868.0
11.0,44.0,-1239.0
3.0,-3.0,-1087.0
-78.0,-111.0,-903.0
89.0,193.0,-958.0
-37.0,185.0,-1231.0
40.0,-185.0,-1073.0
-126.0,-40.0,-737.0
70.0,165.0,-868.0
-11.0,124.0,-1259.0
44.0,-70.0,-1102.0
-81.0,-107.0,-823.0
21.0,201.0,-950.0
-50.0,218.0,-1231.0
44.0,-183.0,-1108.0
-115.0,-54.0,-784.0
76.0,140.0,-907.0
-95.0,191.0,-1192.0
81.0,-165.0,-1139.0
-122.0,-40.0,-825.0
-25.0,142.0,-1001.0
-66.0,257.0,-1235.0
60.0,-234.0,-1122.0
-156.0,0.0,-724.0
-9.0,144.0,-851.0
-35.0,173.0,-1186.0
37.0,-183.0,-1157.0
-320.0,21.0,-917.0
-384.0,99.0,-954.0
-556.0,89.0,-1204.0
-56.0,-150.0,-853.0
-1009.0,-11.0,-987.0
-983.0,214.0,-854.0
-942.0,119.0,-1188.0
-1009.0,-21.0,-1260.0
-1411.0,-64.0,-868.0
-1684.0,152.0,-868.0
-1120.0,-9.0,-946.0
-1514.0,-253.0,-1126.0
-1452.0,146.0,-802.0
-1745.0,191.0,-866.0
-1292.0,46.0,-1091.0
-1370.0,-220.0,-1403.0
-1249.0,197.0,-923.0
-1629.0,169.0,-956.0
-1038.0,-80.0,-1077.0
-1264.0,-242.0,-1192.0
-1097.0,247.0,-882.0
-1280.0,126.0,-972.0
-878.0,-99.0,-1227.0
-977.0,-212.0,-1325.0
-976.0,212.0,-935.0
-1063.0,236.0,-1003.0
-759.0,-126.0,-1071.0
-808.0,-263.0,-976.0
-1009.0,380.0,-897.0
-735.0,124.0,-1034.0
-642.0,-154.0,-1179.0
-687.0,-279.0,-1139.0
-802.0,370.0,-979.0
-917.0,226.0,-936.0
-774.0,-210.0,-989.0
-977.0,-310.0,-1036.0
-1079.0,175.0,-718.0
-1370.0,333.0,-757.0
-1075.0,-70.0,-1028.0
-1239.0,-300.0,-1344.0
-1292.0,331.0,-977.0
-1700.0,85.0,-753.0
-1245.0,103.0,-931.0
-1409.0,-437.0,-1177.0
-1341.0,152.0,-940.0
-1700.0,226.0,-763.0
-1264.0,23.0,-1126.0
-1360.0,-48.0,-1434.0
-1303.0,101.0,-1198.0
-1854.0,109.0,-718.0
-1216.0,-52.0,-1007.0
-1346.0,-148.0,-1323.0
-1272.0,64.0,-1065.0
-1542.0,277.0,-683.0
-991.0,113.0,-1143.0
-1046.0,-124.0,-1262.0
-1188.0,-156.0,-1124.0
-1368.0,115.0,-810.0
-964.0,-160.0,-1095.0
-1165.0,74.0,-1239.0
-1319.0,-7.0,-1011.0
-1311.0,163.0,-774.0
-1009.0,5.0,-1104.0
-1282.0,-134.0,-1253.0
-1417.0,314.0,-901.0
-1510.0,50.0,-728.0
-1136.0,-124.0,-1005.0
-1259.0,-429.0,-1243.0
-1426.0,156.0,-946.0
-1485.0,156.0,-819.0
-1239.0,-21.0,-1118.0
-1415.0,-3.0,-1139.0
-1311.0,162.0,-915.0
-1479.0,300.0,-808.0
-1216.0,-199.0,-1104.0
-1567.0,-339.0,-1421.0
-1454.0,320.0,-974.0
-1706.0,-13.0,-724.0
-1545.0,242.0,-1046.0
-1255.0,-322.0,-1301.0
-1342.0,269.0,-981.0
-1602.0,181.0,-884.0
-1415.0,-81.0,-1032.0
-1182.0,19.0,-1223.0
-1235.0,19.0,-958.0
-1465.0,13.0,-728.0
-1266.0,-148.0,-1081.0
-1260.0,103.0,-1403.0
-1426.0,306.0,-1001.0
-1524.0,83.0,-981.0
-1430.0,117.0,-1026.0
-1145.0,-505.0,-1179.0
-1387.0,56.0,-796.0
-1559.0,189.0,-610.0
-1331.0,46.0,-874.0
-1288.0,-42.0,-1319.0
-1182.0,23.0,-1163.0
-1475.0,-56.0,-1046.0
-1524.0,197.0,-882.0
-952.0,-19.0,-1173.0
-1233.0,-27.0,-849.0
-1508.0,21.0,-827.0
-1487.0,-101.0,-1061.0
-1206.0,226.0,-1280.0
-1235.0,27.0,-1210.0
-1514.0,197.0,-966.0
-1319.0,-113.0,-905.0
-1208.0,-3.0,-1134.0
-1612.0,-165.0,-880.0
-1407.0,193.0,-761.0
-1446.0,74.0,-952.0
-1151.0,105.0,-1257.0
-1547.0,17.0,-1177.0
-1259.0,122.0,-1102.0
-1409.0,-240.0,-1126.0
-1235.0,189.0,-936.0
-1401.0,19.0,-894.0
-1428.0,-162.0,-841.0
-1346.0,-275.0,-1040.0
-1202.0,91.0,-1253.0
-1378.0,320.0,-1026.0
-1368.0,538.0,-1011.0
-1147.0,-396.0,-997.0
-1342.0,-128.0,-933.0
-1264.0,-50.0,-757.0
-1657.0,70.0,-1036.0
-1327.0,-95.0,-1126.0
-1311.0,76.0,-1011.0
-1491.0,193.0,-1208.0
-1464.0,238.0,-1091.0
-1329.0,-81.0,-958.0
-1095.0,-97.0,-804.0
-1540.0,48.0,-936.0
-1192.0,-17.0,-878.0
-1311.0,-162.0,-1046.0
-1520.0,210.0,-1237.0
-1382.0,0.0,-1065.0
-1440.0,581.0,-1274.0
-1128.0,-288.0,-1020.0
-1165.0,-58.0,-948.0
-1075.0,-517.0,-886.0
-1186.0,589.0,-936.0
-1030.0,-314.0,-843.0
-800.0,-31.0,-1235.0
-954.0,175.0,-1095.0
-843.0,81.0,-989.0
-940.0,95.0,-1091.0
-679.0,21.0,-1032.0
-931.0,-72.0,-979.0
-933.0,-189.0,-683.0
-806.0,74.0,-1110.0
-351.0,-347.0,-1061.0
-833.0,577.0,-1145.0
-474.0,409.0,-1069.0
-351.0,-93.0,-1216.0
-105.0,99.0,-952.0
-607.0,-189.0,-720.0
-400.0,218.0,-792.0
-50.0,-482.0,-1015.0
-406.0,722.0,-1136.0
-284.0,-111.0,-1145.0
-220.0,-335.0,-907.0
-19.0,66.0,-1153.0
-171.0,201.0,-999.0
-128.0,366.0,-907.0
-222.0,-281.0,-730.0
-148.0,-240.0,-1069.0
-132.0,382.0,-993.0
-308.0,240.0,-1067.0
-187.0,128.0,-1239.0
74.0,-300.0,-1200.0
-27.0,-162.0,-866.0
-489.0,503.0,-802.0
187.0,-193.0,-854.0
-240.0,-167.0,-987.0
-40.0,-204.0,-1016.0
-488.0,210.0,-1081.0
42.0,173.0,-1153.0
-197.0,35.0,-1198.0
-240.0,648.0,-901.0
-158.0,-448.0,-892.0
-407.0,95.0,-802.0
-234.0,-23.0,-854.0
-224.0,-124.0,-1069.0
-97.0,283.0,-1266.0
-484.0,-128.0,-1143.0
-109.0,181.0,-968.0
-240.0,64.0,-952.0
29.0,-204.0,-895.0
-290.0,306.0,-698.0
-331.0,-50.0,-1122.0
-72.0,-46.0,-1159.0
-64.0,95.0,-1018.0
-407.0,220.0,-1069.0
-111.0,-46.0,-1249.0
-68.0,-314.0,-1028.0
-191.0,152.0,-817.0
-244.0,363.0,-640.0
72.0,-40.0,-1089.0
-103.0,-253.0,-1169.0
-111.0,-23.0,-944.0
-163.0,206.0,-1102.0
218.0,58.0,-1159.0
-42.0,126.0,-1057.0
-52.0,72.0,-566.0
-146.0,29.0,-987.0
146.0,-29.0,-1108.0
-128.0,-85.0,-1083.0
-3.0,154.0,-796.0
-17.0,13.0,-1177.0
-91.0,448.0,-1163.0
-17.0,13.0,-1015.0
9.0,-48.0,-691.0
-101.0,-167.0,-913.0
150.0,-121.0,-964.0
-236.0,146.0,-956.0
156.0,220.0,-1015.0
-115.0,-220.0,-1280.0
259.0,-70.0,-1130.0
-491.0,175.0,-1138.0
486.0,-70.0,-677.0
-286.0,103.0,-919.0
134.0,245.0,-806.0
-103.0,-146.0,-1120.0
76.0,-169.0,-1149.0
-158.0,269.0,-1149.0
-7.0,230.0,-1050.0
39.0,-353.0,-997.0
50.0,13.0,-876.0
-171.0,-173.0,-952.0
138.0,183.0,-607.0
-105.0,160.0,-1044.0
97.0,-117.0,-1118.0
-329.0,335.0,-1221.0
179.0,144.0,-1095.0
-126.0,27.0,-1149.0
80.0,19.0,-788.0
-214.0,-329.0,-892.0
-56.0,261.0,-710.0
165.0,-7.0,-1075.0
-9.0,-3.0,-1196.0
-290.0,-294.0,-1132.0
5.0,275.0,-1079.0
29.0,273.0,-831.0
173.0,-288.0,-1034.0
-337.0,-111.0,-882.0
70.0,162.0,-757.0
23.0,206.0,-765.0
-132.0,154.0,-1241.0
-156.0,-245.0,-1417.0
-21.0,216.0,-989.0
136.0,-160.0,-825.0
-95.0,54.0,-1073.0
-80.0,72.0,-800.0
144.0,-109.0,-747.0
-152.0,-76.0,-987.0
-9.0,25.0,-1251.0
-29.0,620.0,-1167.0
218.0,122.0,-1018.0
-70.0,-9.0,-1184.0
148.0,-236.0,-940.0
-165.0,0.0,-714.0
144.0,130.0,-778.0
39.0,327.0,-1126.0
25.0,-247.0,-1237.0
-134.0,40.0,-1054.0
-37.0,-314.0,-1020.0
-21.0,335.0,-929.0
93.0,91.0,-882.0
40.0,-204.0,-870.0
27.0,121.0,-907.0
42.0,105.0,-1087.0
-44.0,511.0,-956.0
56.0,-210.0,-1007.0
89.0,39.0,-1249.0
19.0,-64.0,-1149.0
-81.0,3.0,-923.0
89.0,-144.0,-638.0
-44.0,-54.0,-915.0
-83.0,-150.0,-1044.0
-111.0,76.0,-1079.0
27.0,415.0,-888.0
-66.0,206.0,-1214.0
-7.0,302.0,-1165.0
242.0,-74.0,-843.0
-17.0,-134.0,-815.0
15.0,-208.0,-923.0
56.0,60.0,-958.0
-167.0,117.0,-956.0
-93.0,-99.0,-1274.0
89.0,-169.0,-1260.0
1.0,226.0,-700.0
-115.0,-214.0,-710.0
17.0,171.0,-933.0
-87.0,66.0,-1069.0
-111.0,437.0,-948.0
-17.0,130.0,-1036.0
156.0,9.0,-1426.0
111.0,-312.0,-1079.0
-152.0,-203.0,-788.0
105.0,-158.0,-702.0
142.0,220.0,-911.0
-35.0,101.0,-1114.0
-103.0,-113.0,-1120.0
-31.0,121.0,-997.0
-35.0,158.0,-1044.0
148.0,388.0,-952.0
-78.0,80.0,-1005.0
93.0,-85.0,-936.0
31.0,-148.0,-884.0
130.0,35.0,-1034.0
-19.0,169.0,-1097.0
-11.0,56.0,-960.0
-52.0,-1.0,-1171.0
-29.0,-273.0,-1157.0
111.0,382.0,-981.0
-48.0,-124.0,-733.0
-158.0,-148.0,-874.0
-162.0,70.0,-1030.0
158.0,251.0,-1048.0
-54.0,329.0,-862.0
-142.0,-74.0,-1145.0
-99.0,5.0,-1169.0
144.0,-226.0,-1134.0
103.0,-181.0,-700.0
-58.0,50.0,-935.0
76.0,132.0,-1153.0
-42.0,31.0,-1063.0
-25.0,95.0,-874.0
17.0,310.0,-1175.0
-9.0,234.0,-1286.0
-25.0,-89.0,-1044.0
66.0,-203.0,-790.0
-115.0,-201.0,-694.0
-21.0,222.0,-892.0
-48.0,316.0,-960.0
109.0,134.0,-1073.0
-126.0,25.0,-1235.0
9.0,-357.0,-1061.0
76.0,74.0,-1046.0
-40.0,238.0,-745.0
-66.0,-140.0,-870.0
203.0,27.0,-940.0
7.0,21.0,-1241.0
-56.0,117.0,-933.0
-171.0,355.0,-935.0
203.0,-95.0,-1173.0
-56.0,-244.0,-1259.0
144.0,-255.0,-663.0
-111.0,80.0,-700.0
97.0,148.0,-1016.0
-275.0,327.0,-1098.0
281.0,9.0,-935.0
-140.0,-5.0,-1061.0
119.0,19.0,-1196.0
-113.0,236.0,-1054.0
80.0,-121.0,-739.0
-224.0,-111.0,-745.0
208.0,39.0,-892.0
-121.0,277.0,-1237.0
3.0,212.0,-1050.0
-179.0,294.0,-972.0
68.0,-138.0,-1110.0
1.0,-175.0,-1067.0
37.0,-101.0,-778.0
-89.0,9.0,-769.0
48.0,-249.0,-1069.0
11.0,140.0,-1130.0
-97.0,511.0,-890.0
107.0,152.0,-997.0
-76.0,-29.0,-1206.0
126.0,-318.0,-1202.0
-46.0,-173.0,-796.0
-56.0,-240.0,-724.0
-56.0,376.0,-1077.0
74.0,247.0,-1194.0
-89.0,-152.0,-1026.0
35.0,48.0,-960.0
-21.0,122.0,-1073.0
25.0,72.0,-1134.0
89.0,-17.0,-776.0
-66.0,-130.0,-847.0
173.0,-158.0,-940.0
-25.0,154.0,-1149.0
-224.0,411.0,-1136.0
19.0,386.0,-835.0
226.0,-306.0,-993.0
-15.0,-253.0,-1221.0
201.0,-312.0,-1069.0
-228.0,244.0,-735.0
44.0,1.0,-874.0
124.0,-3.0,-1015.0
-29.0,296.0,-958.0
-173.0,353.0,-1030.0
64.0,156.0,-1179.0
152.0,-409.0,-1301.0
68.0,-292.0,-833.0
-62.0,-214.0,-702.0
-105.0,269.0,-778.0
93.0,212.0,-1235.0
-7.0,124.0,-1149.0
-281.0,140.0,-987.0
-9.0,78.0,-1104.0
72.0,-288.0,-1138.0
95.0,201.0,-901.0
-115.0,76.0,-712.0
85.0,-95.0,-931.0
-117.0,134.0,-1016.0
195.0,156.0,-936.0
-152.0,390.0,-1036.0
31.0,-91.0,-1233.0
64.0,-220.0,-1110.0
206.0,-359.0,-946.0
-48.0,-187.0,-677.0
-214.0,605.0,-897.0
107.0,-60.0,-1204.0
-76.0,-74.0,-1243.0
-111.0,509.0,-960.0
-142.0,306.0,-829.0
138.0,-64.0,-1167.0
-23.0,-493.0,-938.0
54.0,-70.0,-819.0
81.0,-29.0,-788.0
15.0,466.0,-1149.0
33.0,68.0,-938.0
-134.0,-101.0,-974.0
-40.0,187.0,-1079.0
66.0,-54.0,-1093.0
89.0,-25.0,-1077.0
-89.0,23.0,-815.0
156.0,163.0,-913.0
-35.0,-113.0,-954.0
35.0,359.0,-1048.0
-218.0,318.0,-977.0
208.0,148.0,-1116.0
15.0,-185.0,-1108.0
35.0,-708.0,-1042.0
-54.0,111.0,-675.0
11.0,101.0,-886.0
-115.0,472.0,-1015.0
119.0,-74.0,-1202.0
-5.0,25.0,-1081.0
-76.0,177.0,-936.0
-66.0,111.0,-1120.0
212.0,-214.0,-1034.0
-54.0,-126.0,-966.0
42.0,-177.0,-780.0
-189.0,351.0,-927.0
191.0,17.0,-1177.0
-201.0,163.0,-974.0
48.0,-52.0,-958.0
60.0,97.0,-1177.0
-72.0,-187.0,-1171.0
173.0,140.0,-796.0
-121.0,183.0,-671.0
162.0,78.0,-997.0
-31.0,35.0,-1305.0
62.0,333.0,-1036.0
-187.0,35.0,-1015.0
-1.0,76.0,-1085.0
163.0,-210.0,-1063.0
-17.0,-263.0,-845.0
-72.0,58.0,-788.0
-13.0,95.0,-948.0
115.0,-21.0,-1192.0
-195.0,197.0,-1132.0
-7.0,220.0,-864.0
121.0,251.0,-1118.0
44.0,1.0,-1305.0
21.0,-622.0,-907.0
-81.0,-122.0,-597.0
89.0,185.0,-948.0
25.0,628.0,-1264.0
29.0,81.0,-1083.0
-111.0,-115.0,-944.0
80.0,-296.0,-1145.0
142.0,99.0,-1036.0
56.0,-50.0,-749.0
-119.0,173.0,-751.0
91.0,42.0,-1180.0
15.0,290.0,-1118.0
91.0,-81.0,-954.0
-107.0,242.0,-1050.0
31.0,29.0,-1087.0
-19.0,-95.0,-981.0
93.0,-210.0,-897.0
-99.0,-46.0,-952.0
107.0,245.0,-892.0
-134.0,122.0,-1009.0
117.0,-122.0,-1065.0
-173.0,128.0,-974.0
156.0,-54.0,-1091.0
-138.0,579.0,-1075.0
312.0,-378.0,-958.0
-142.0,-230.0,-782.0
199.0,-44.0,-880.0
-216.0,318.0,-1165.0
85.0,-35.0,-1165.0
-269.0,341.0,-948.0
-21.0,-87.0,-927.0
-183.0,156.0,-1138.0
171.0,21.0,-810.0
-3.0,103.0,-815.0
80.0,39.0,-763.0
-78.0,-7.0,-1223.0
-13.0,224.0,-1020.0
-64.0,228.0,-1046.0
29.0,62.0,-1065.0
113.0,-121.0,-1173.0
35.0,-447.0,-1032.0
-109.0,-54.0,-751.0
128.0,80.0,-890.0
134.0,253.0,-983.0
-247.0,111.0,-1124.0
39.0,-13.0,-1126.0
-101.0,27.0,-1294.0
58.0,105.0,-888.0
-111.0,136.0,-853.0
203.0,-296.0,-819.0
-199.0,-21.0,-985.0
134.0,212.0,-977.0
-52.0,158.0,-1192.0
165.0,-175.0,-1083.0
-363.0,333.0,-927.0
316.0,-345.0,-917.0
-68.0,204.0,-925.0
134.0,46.0,-1028.0
-203.0,31.0,-997.0
81.0,226.0,-1085.0
1.0,-9.0,-964.0
-11.0,214.0,-989.0
-136.0,201.0,-1104.0
44.0,-29.0,-1167.0
167.0,-54.0,-964.0
-206.0,-263.0,-960.0
81.0,-212.0,-847.0
78.0,95.0,-1011.0
-152.0,345.0,-1071.0
-33.0,64.0,-1159.0
76.0,-78.0,-962.0
111.0,31.0,-956.0
-138.0,146.0,-1042.0
-17.0,74.0,-1122.0
-25.0,-244.0,-835.0
121.0,-31.0,-847.0
0.0,310.0,-991.0
-64.0,132.0,-1225.0
-99.0,-17.0,-1044.0
-19.0,-113.0,-979.0
134.0,-50.0,-1098.0
27.0,0.0,-989.0
25.0,-206.0,-757.0
78.0,484.0,-724.0
-15.0,126.0,-1061.0
46.0,136.0,-1264.0
-27.0,-83.0,-903.0
9.0,273.0,-1077.0
167.0,-183.0,-1091.0
-89.0,-204.0,-802.0
146.0,81.0,-747.0
119.0,171.0,-1009.0
7.0,244.0,-1249.0
-271.0,-144.0,-1020.0
206.0,-318.0,-954.0
-167.0,-121.0,-1091.0
56.0,271.0,-981.0
5.0,622.0,-944.0
121.0,-281.0,-1009.0
-142.0,-296.0,-882.0
-46.0,-281.0,-771.0
-39.0,314.0,-1024.0
-25.0,509.0,-1179.0
-50.0,156.0,-1151.0
33.0,-134.0,-1188.0
115.0,-273.0,-872.0
50.0,-15.0,-700.0
42.0,290.0,-771.0
-113.0,150.0,-1253.0
154.0,-11.0,-1190.0
-83.0,165.0,-1151.0
-83.0,245.0,-929.0
3.0,-81.0,-1071.0
183.0,-210.0,-888.0
-193.0,-175.0,-833.0
64.0,-148.0,-913.0
-115.0,452.0,-1194.0
-50.0,530.0,-849.0
-103.0,-128.0,-1100.0
142.0,-306.0,-1015.0
23.0,-407.0,-1132.0
128.0,197.0,-854.0
-52.0,431.0,-841.0
150.0,-107.0,-970.0
-93.0,185.0,-1061.0
177.0,-126.0,-981.0
-37.0,124.0,-1065.0
56.0,-296.0,-997.0
-56.0,-224.0,-1044.0
128.0,175.0,-1028.0
42.0,283.0,-905.0
-78.0,167.0,-917.0
15.0,327.0,-1052.0
95.0,-286.0,-1067.0
-101.0,-31.0,-923.0
42.0,-142.0,-944.0
-95.0,363.0,-1022.0
234.0,228.0,-1169.0
-25.0,-357.0,-1042.0
-58.0,9.0,-950.0
-44.0,-206.0,-970.0
-23.0,357.0,-927.0
-3.0,222.0,-808.0
-117.0,-136.0,-1065.0
23.0,85.0,-1288.0
-62.0,163.0,-1179.0
58.0,-113.0,-845.0
-21.0,46.0,-702.0
91.0,-185.0,-847.0
62.0,140.0,-1052.0
-19.0,201.0,-1175.0
-5.0,27.0,-1046.0
-44.0,150.0,-1138.0
-85.0,-210.0,-1050.0
39.0,-80.0,-854.0
119.0,19.0,-866.0
-146.0,-27.0,-825.0
-25.0,368.0,-946.0
-1.0,208.0,-938.0
-95.0,245.0,-1075.0
-3.0,-187.0,-1120.0
-66.0,-5.0,-1095.0
138.0,-218.0,-882.0
-171.0,-40.0,-815.0
83.0,-109.0,-921.0
-80.0,187.0,-1130.0
111.0,433.0,-1042.0
-156.0,121.0,-1100.0
167.0,-382.0,-1073.0
-48.0,-165.0,-1009.0
179.0,3.0,-856.0
-56.0,5.0,-911.0
64.0,54.0,-1083.0
-144.0,312.0,-1073.0
245.0,44.0,-958.0
-21.0,117.0,-913.0
101.0,-179.0,-827.0
-9.0,-13.0,-952.0
132.0,39.0,-936.0
-33.0,189.0,-1091.0
-42.0,-134.0,-929.0
126.0,-13.0,-903.0
-115.0,251.0,-1050.0
-50.0,-140.0,-888.0
-128.0,325.0,-903.0
245.0,78.0,-1030.0
-167.0,-193.0,-1303.0
122.0,33.0,-899.0
-62.0,-130.0,-872.0
124.0,234.0,-1042.0
-191.0,488.0,-1130.0
177.0,105.0,-878.0
-195.0,-27.0,-1056.0
144.0,-263.0,-1110.0
-130.0,-83.0,-1173.0
46.0,-76.0,-841.0
31.0,-44.0,-1093.0
50.0,101.0,-935.0
-115.0,163.0,-944.0
23.0,-76.0,-925.0
-148.0,398.0,-1059.0
78.0,-50.0,-1077.0
-134.0,-97.0,-1165.0
89.0,-25.0,-954.0
52.0,-115.0,-839.0
91.0,35.0,-815.0
-9.0,306.0,-892.0
39.0,257.0,-1151.0
-29.0,50.0,-1040.0
-46.0,-95.0,-1126.0
78.0,-21.0,-1013.0
136.0,-212.0,-950.0
109.0,-37.0,-888.0
-56.0,-78.0,-985.0
33.0,175.0,-1056.0
-15.0,407.0,-1110.0
-1.0,206.0,-1063.0
1.0,-62.0,-954.0
-29.0,-171.0,-837.0
-1.0,35.0,-1177.0
-74.0,27.0,-993.0
-103.0,21.0,-962.0
115.0,-189.0,-890.0
11.0,111.0,-936.0
54.0,130.0,-970.0
-210.0,388.0,-991.0
52.0,-150.0,-1262.0
-87.0,15.0,-1091.0
109.0,-122.0,-1001.0
17.0,-191.0,-888.0
42.0,179.0,-837.0
144.0,351.0,-1024.0
-7.0,99.0,-1303.0
81.0,9.0,-929.0
-7.0,-220.0,-970.0
121.0,101.0,-1036.0
-115.0,-83.0,-1005.0
101.0,130.0,-913.0
-64.0,-56.0,-997.0
-13.0,115.0,-1087.0
-169.0,501.0,-964.0
44.0,1.0,-780.0
-111.0,-31.0,-1200.0
-17.0,-257.0,-1018.0
0.0,191.0,-1124.0
81.0,-121.0,-929.0
-124.0,-210.0,-979.0
156.0,11.0,-790.0
-218.0,201.0,-1009.0
62.0,259.0,-1089.0
-152.0,318.0,-1065.0
89.0,-304.0,-993.0
-58.0,21.0,-995.0
103.0,-220.0,-1028.0
-81.0,177.0,-917.0
-154.0,122.0,-962.0
290.0,107.0,-1001.0
-87.0,-25.0,-1093.0
56.0,230.0,-999.0
0.0,-13.0,-1061.0
-62.0,111.0,-991.0
-9.0,-97.0,-1036.0
105.0,-15.0,-1018.0
-111.0,-175.0,-919.0
87.0,29.0,-1034.0
-23.0,341.0,-966.0
66.0,165.0,-1011.0
-165.0,261.0,-968.0
39.0,-374.0,-1112.0
-156.0,-56.0,-1153.0
150.0,-68.0,-979.0
-21.0,-62.0,-751.0
-3.0,-35.0,-981.0
-29.0,353.0,-1054.0
228.0,322.0,-929.0
-122.0,76.0,-968.0
3.0,-222.0,-1052.0
-40.0,-175.0,-1028.0
193.0,54.0,-974.0
-21.0,64.0,-907.0
-95.0,-78.0,-1052.0
109.0,232.0,-888.0
-1.0,386.0,-1005.0
-23.0,162.0,-1026.0
-191.0,25.0,-1132.0
128.0,-80.0,-1063.0
-68.0,-160.0,-1081.0
105.0,-121.0,-788.0
-99.0,-19.0,-882.0
130.0,195.0,-931.0
-122.0,550.0,-993.0
91.0,48.0,-1179.0
-54.0,-91.0,-1028.0
78.0,-421.0,-911.0
5.0,169.0,-1124.0
-29.0,80.0,-1013.0
11.0,156.0,-931.0
39.0,-263.0,-991.0
-39.0,158.0,-1091.0
5.0,27.0,-1024.0
68.0,212.0,-981.0
-195.0,-66.0,-890.0
60.0,-15.0,-892.0
-33.0,113.0,-1067.0
81.0,9.0,-942.0
-122.0,21.0,-1034.0
107.0,29.0,-919.0
54.0,-89.0,-946.0
-17.0,302.0,-833.0
-148.0,101.0,-1180.0
21.0,171.0,-1153.0
-68.0,74.0,-1040.0
-89.0,-318.0,-974.0
124.0,-236.0,-794.0
115.0,13.0,-929.0
7.0,614.0,-1069.0
-148.0,322.0,-1114.0
54.0,-25.0,-903.0
-44.0,-253.0,-1020.0
-37.0,-300.0,-1087.0
5.0,40.0,-1020.0
89.0,76.0,-901.0
-134.0,56.0,-1052.0
122.0,119.0,-1016.0
-85.0,286.0,-1042.0
52.0,-58.0,-948.0
-269.0,134.0,-993.0
107.0,-40.0,-1134.0
103.0,9.0,-976.0
33.0,1.0,-825.0
29.0,-117.0,-950.0
66.0,-99.0,-974.0
-122.0,302.0,-970.0
148.0,81.0,-1116.0
13.0,165.0,-1042.0
-144.0,177.0,-958.0
93.0,70.0,-1091.0
60.0,-117.0,-1032.0
-39.0,-87.0,-946.0
-78.0,95.0,-983.0
222.0,140.0,-968.0
-101.0,134.0,-1009.0
80.0,-181.0,-1020.0
-44.0,-5.0,-925.0
66.0,7.0,-950.0
-95.0,187.0,-1157.0
148.0,-230.0,-1036.0
-52.0,-25.0,-935.0
-25.0,-165.0,-1056.0
-42.0,156.0,-911.0
17.0,44.0,-903.0
-269.0,300.0,-1038.0
-85.0,226.0,-1208.0
19.0,197.0,-1042.0
76.0,-44.0,-1034.0
126.0,-443.0,-839.0
-193.0,-175.0,-868.0
76.0,240.0,-931.0
111.0,366.0,-1106.0
62.0,25.0,-1048.0
-138.0,142.0,-1026.0
74.0,-11.0,-1007.0
-1.0,111.0,-915.0
0.0,-31.0,-1083.0
-117.0,-7.0,-1081.0
11.0,-91.0,-1001.0
-5.0,228.0,-989.0
-54.0,275.0,-1026.0
56.0,-165.0,-827.0
-111.0,142.0,-952.0
109.0,-117.0,-1005.0
-60.0,13.0,-1083.0
-9.0,-130.0,-847.0
119.0,-95.0,-923.0
0.0,119.0,-935.0
21.0,25.0,-1087.0
-11.0,-54.0,-1036.0
-40.0,402.0,-958.0
13.0,-5.0,-1153.0
37.0,331.0,-999.0
-46.0,74.0,-981.0
111.0,-333.0,-935.0
-11.0,-74.0,-950.0
-46.0,-169.0,-936.0
-31.0,378.0,-1098.0
21.0,171.0,-903.0
-74.0,183.0,-931.0
37.0,292.0,-913.0
124.0,-294.0,-1095.0
-13.0,-296.0,-1050.0
-33.0,-361.0,-956.0
64.0,-203.0,-1028.0
-19.0,419.0,-796.0
-101.0,195.0,-1173.0
-13.0,650.0,-966.0
-167.0,121.0,-1067.0
169.0,-390.0,-1138.0
-115.0,-197.0,-966.0
167.0,-583.0,-745.0
-31.0,255.0,-940.0
56.0,415.0,-956.0
97.0,279.0,-1077.0
-177.0,263.0,-1184.0
1.0,-212.0,-987.0
-101.0,-126.0,-921.0
42.0,-60.0,-1015.0
-154.0,-15.0,-1104.0
160.0,-39.0,-919.0
144.0,226.0,-882.0
-226.0,271.0,-1054.0
119.0,101.0,-985.0
-64.0,121.0,-899.0
40.0,-31.0,-933.0
31.0,126.0,-1147.0
-25.0,-58.0,-1016.0
54.0,-304.0,-946.0
240.0,44.0,-825.0
-60.0,93.0,-1087.0
74.0,169.0,-1042.0
121.0,-54.0,-1087.0
298.0,464.0,-977.0
60.0,68.0,-942.0
312.0,-206.0,-1018.0
-17.0,-150.0,-1056.0
345.0,-314.0,-1018.0
-5.0,130.0,-1005.0
189.0,298.0,-935.0
667.0,142.0,-802.0
415.0,-39.0,-1059.0
238.0,331.0,-956.0
730.0,216.0,-929.0
1331.0,-347.0,-1139.0
919.0,169.0,-1257.0
864.0,-433.0,-1036.0
1862.0,-308.0,-771.0
1013.0,794.0,-1036.0
1143.0,113.0,-1009.0
1770.0,220.0,-737.0
956.0,443.0,-1237.0
1604.0,-562.0,-1335.0
1116.0,214.0,-1005.0
1801.0,-749.0,-712.0
1255.0,-50.0,-1024.0
1317.0,534.0,-648.0
1038.0,206.0,-1026.0
1292.0,122.0,-1038.0
903.0,376.0,-1034.0
1007.0,-532.0,-1009.0
976.0,130.0,-862.0
1097.0,-462.0,-983.0
817.0,99.0,-962.0
1024.0,499.0,-683.0
886.0,458.0,-1126.0
925.0,290.0,-1126.0
817.0,-392.0,-1112.0
1108.0,-117.0,-958.0
718.0,366.0,-1253.0
1362.0,-247.0,-1147.0
542.0,327.0,-983.0
1756.0,-470.0,-772.0
786.0,185.0,-1071.0
1303.0,122.0,-1116.0
954.0,310.0,-1202.0
1360.0,-13.0,-1241.0
979.0,464.0,-935.0
1454.0,-124.0,-888.0
1280.0,162.0,-968.0
1483.0,-312.0,-970.0
1370.0,48.0,-1102.0
1196.0,165.0,-1020.0
1376.0,-39.0,-1093.0
1311.0,-19.0,-987.0
1479.0,236.0,-813.0
1167.0,40.0,-976.0
1206.0,337.0,-884.0
1212.0,-251.0,-819.0
1303.0,-378.0,-995.0
1200.0,-97.0,-802.0
1122.0,-85.0,-987.0
1378.0,169.0,-956.0
1249.0,425.0,-927.0
1321.0,316.0,-886.0
1274.0,331.0,-940.0
1458.0,-261.0,-1173.0
1180.0,-68.0,-1028.0
1438.0,-575.0,-1018.0
1179.0,175.0,-1192.0
1458.0,376.0,-1005.0
1210.0,429.0,-1028.0
1432.0,-17.0,-895.0
1245.0,181.0,-981.0
1471.0,-216.0,-929.0
1106.0,181.0,-1350.0
1272.0,70.0,-1200.0
1305.0,-199.0,-1024.0
1604.0,-105.0,-743.0
1370.0,13.0,-987.0
1561.0,390.0,-1013.0
1446.0,234.0,-1030.0
847.0,-11.0,-1245.0
1467.0,329.0,-1227.0
1268.0,-40.0,-1104.0
1510.0,-66.0,-864.0
1270.0,-390.0,-784.0
1407.0,-134.0,-862.0
1446.0,185.0,-892.0
1397.0,257.0,-1015.0
1286.0,197.0,-1225.0
1239.0,154.0,-1120.0
1405.0,-46.0,-866.0
1370.0,-308.0,-866.0
1358.0,-169.0,-780.0
1237.0,113.0,-1007.0
1487.0,58.0,-1059.0
1274.0,388.0,-1071.0
1600.0,-81.0,-1061.0
1130.0,460.0,-1108.0
1713.0,56.0,-989.0
1208.0,-31.0,-1054.0
1651.0,-325.0,-935.0
1118.0,158.0,-1147.0
1557.0,-318.0,-821.0
1169.0,15.0,-1009.0
1344.0,193.0,-1022.0
1436.0,361.0,-1106.0
1354.0,452.0,-936.0
1362.0,-48.0,-940.0
1426.0,-236.0,-1136.0
1376.0,-107.0,-1097.0
1446.0,15.0,-940.0
1354.0,103.0,-950.0
1462.0,206.0,-1089.0
1253.0,556.0,-1104.0
1477.0,115.0,-979.0
1300.0,-150.0,-974.0
1257.0,-343.0,-987.0
1221.0,115.0,-1059.0
1329.0,19.0,-956.0
1385.0,146.0,-981.0
1438.0,-50.0,-950.0
1286.0,111.0,-1009.0
1563.0,44.0,-853.0
1415.0,-60.0,-1036.0
1520.0,19.0,-1061.0
1253.0,302.0,-1052.0
1342.0,247.0,-970.0
1518.0,-80.0,-1083.0
1307.0,-203.0,-1044.0
1405.0,-199.0,-931.0
1407.0,-68.0,-931.0
1198.0,247.0,-1057.0
1465.0,158.0,-1003.0
1114.0,452.0,-1052.0
1442.0,50.0,-884.0
1325.0,-70.0,-907.0
1430.0,-236.0,-995.0
1360.0,-9.0,-1097.0
1399.0,-46.0,-1032.0
1506.0,163.0,-1015.0
1362.0,201.0,-1106.0
1315.0,281.0,-1026.0
1155.0,-52.0,-843.0
1098.0,-167.0,-1069.0
1071.0,175.0,-1126.0
940.0,165.0,-1149.0
1173.0,-68.0,-977.0
1073.0,-142.0,-917.0
1177.0,-78.0,-936.0
1020.0,294.0,-962.0
964.0,226.0,-938.0
829.0,50.0,-991.0
806.0,7.0,-1151.0
761.0,261.0,-1136.0
739.0,-19.0,-1028.0
860.0,-355.0,-813.0
689.0,-181.0,-1040.0
599.0,265.0,-1056.0
521.0,370.0,-1036.0
511.0,93.0,-1077.0
527.0,-31.0,-1186.0
433.0,46.0,-1036.0
527.0,56.0,-864.0
374.0,-29.0,-962.0
443.0,-203.0,-1083.0
277.0,-56.0,-1018.0
208.0,134.0,-915.0
269.0,177.0,-979.0
189.0,40.0,-1114.0
284.0,107.0,-1001.0
210.0,27.0,-931.0
290.0,-3.0,-995.0
193.0,-13.0,-1116.0
173.0,-80.0,-1120.0
193.0,-62.0,-981.0
95.0,21.0,-938.0
320.0,115.0,-1030.0
54.0,314.0,-1034.0
263.0,-27.0,-948.0
140.0,-50.0,-921.0
230.0,21.0,-997.0
154.0,11.0,-1052.0
109.0,-68.0,-1038.0
224.0,-68.0,-981.0
156.0,95.0,-1009.0
320.0,226.0,-1015.0
150.0,132.0,-931.0
210.0,-68.0,-979.0
162.0,9.0,-1067.0
130.0,85.0,-1056.0
150.0,187.0,-1042.0
136.0,-48.0,-1057.0
283.0,-226.0,-1028.0
181.0,-85.0,-921.0
214.0,52.0,-936.0
169.0,261.0,-997.0
111.0,107.0,-1069.0
152.0,154.0,-1016.0
74.0,60.0,-1026.0
152.0,42.0,-1097.0
162.0,-97.0,-1079.0
128.0,-154.0,-1020.0
144.0,-64.0,-950.0
19.0,199.0,-1028.0
156.0,277.0,-1061.0
21.0,214.0,-1061.0
177.0,-146.0,-1059.0
105.0,-130.0,-999.0
64.0,60.0,-997.0
85.0,95.0,-1032.0
-25.0,-91.0,-1079.0
158.0,-46.0,-987.0
-15.0,138.0,-964.0
160.0,187.0,-958.0
-7.0,-5.0,-1077.0
83.0,-95.0,-1022.0
31.0,80.0,-1001.0
40.0,126.0,-995.0
50.0,70.0,-1061.0
40.0,-83.0,-1028.0
117.0,-121.0,-1003.0
76.0,-54.0,-942.0
5.0,191.0,-997.0
21.0,173.0,-1009.0
7.0,31.0,-1087.0
87.0,1.0,-964.0
21.0,0.0,-981.0
60.0,91.0,-981.0
29.0,-21.0,-1050.0
1.0,-81.0,-1067.0
105.0,-25.0,-995.0
-17.0,255.0,-979.0
154.0,148.0,-1001.0
21.0,0.0,-1015.0
72.0,-101.0,-1011.0
3.0,103.0,-983.0
-33.0,189.0,-1048.0
60.0,99.0,-1063.0
-48.0,-91.0,-1024.0
130.0,-234.0,-958.0
-42.0,76.0,-936.0
-13.0,181.0,-1036.0
-56.0,146.0,-1061.0
-91.0,13.0,-995.0
-52.0,3.0,-1003.0
-66.0,142.0,-1011.0
-119.0,68.0,-1069.0
-101.0,-74.0,-1028.0
-146.0,-191.0,-1001.0
-124.0,72.0,-938.0
-78.0,214.0,-970.0
0.0,142.0,-997.0
-111.0,-29.0,-1075.0
-50.0,-97.0,-1061.0
-89.0,44.0,-999.0
-89.0,142.0,-1018.0
-31.0,21.0,-1011.0
1.0,-111.0,-1098.0
76.0,-81.0,-979.0
-25.0,99.0,-997.0
11.0,175.0,-1081.0
39.0,40.0,-1061.0
39.0,-13.0,-1001.0
76.0,-17.0,-981.0
97.0,146.0,-1003.0
17.0,60.0,-1067.0
87.0,-89.0,-1024.0
-3.0,-163.0,-995.0
85.0,-13.0,-968.0
7.0,201.0,-938.0
99.0,191.0,-981.0
56.0,68.0,-1022.0
56.0,-81.0,-1044.0
40.0,66.0,-989.0
-27.0,50.0,-989.0
156.0,0.0,-1052.0
74.0,-64.0,-1036.0
121.0,15.0,-1030.0
0.0,89.0,-974.0
1.0,218.0,-1007.0
121.0,-80.0,-1052.0
60.0,-46.0,-1005.0
19.0,31.0,-1005.0
-9.0,238.0,-991.0
-50.0,140.0,-1095.0
31.0,-5.0,-1073.0
-27.0,-181.0,-1044.0
81.0,-121.0,-942.0
-35.0,150.0,-999.0
-17.0,142.0,-1038.0
13.0,74.0,-1087.0
-58.0,95.0,-970.0
21.0,21.0,-1003.0
-40.0,107.0,-1054.0
-25.0,-68.0,-1108.0
0.0,-76.0,-1028.0
-39.0,-109.0,-954.0
25.0,85.0,-956.0
-27.0,197.0,-985.0
-7.0,103.0,-1032.0
-37.0,-46.0,-1036.0
-72.0,-31.0,-1046.0
-7.0,13.0,-989.0
-54.0,150.0,-1009.0
11.0,17.0,-1032.0
-9.0,-76.0,-991.0
-17.0,-74.0,-964.0
-42.0,119.0,-1001.0
-56.0,156.0,-1050.0
56.0,-58.0,-1024.0
5.0,3.0,-979.0
-9.0,-5.0,-997.0
-19.0,179.0,-960.0
-64.0,156.0,-1046.0
3.0,-44.0,-1081.0
-13.0,-148.0,-1013.0
0.0,-60.0,-966.0
7.0,171.0,-993.0
-44.0,230.0,-1011.0
0.0,21.0,-1079.0
-15.0,39.0,-1030.0
-13.0,-64.0,-1016.0
9.0,173.0,-995.0
-72.0,25.0,-1024.0
93.0,-80.0,-1081.0
-29.0,21.0,-1005.0
13.0,40.0,-977.0
-44.0,136.0,-1011.0
-23.0,33.0,-1026.0
9.0,-81.0,-1034.0
-9.0,21.0,-979.0
0.0,136.0,-991.0
-25.0,226.0,-1034.0
-52.0,23.0,-1065.0
21.0,-126.0,-1059.0
-3.0,-156.0,-979.0
17.0,40.0,-944.0
-35.0,201.0,-1020.0
-7.0,91.0,-1032.0
29.0,-35.0,-1022.0
17.0,35.0,-966.0
17.0,5.0,-1003.0
-46.0,191.0,-1018.0
-62.0,-46.0,-1081.0
11.0,-107.0,-1061.0
-11.0,29.0,-966.0
44.0,-9.0,-956.0
-37.0,201.0,-1001.0
-37.0,56.0,-1063.0
-1.0,-85.0,-1071.0
-3.0,95.0,-1015.0
23.0,19.0,-970.0
-7.0,132.0,-1016.0
-58.0,56.0,-1046.0
3.0,-85.0,-1040.0
-68.0,7.0,-985.0
70.0,85.0,-948.0
-21.0,27.0,-1065.0
-1.0,89.0,-1022.0
-50.0,-23.0,-1018.0
29.0,17.0,-1009.0
-33.0,183.0,-970.0
1.0,40.0,-1089.0
-111.0,29.0,-1028.0
66.0,-39.0,-1028.0
-9.0,-81.0,-1018.0
3.0,140.0,-936.0
5.0,44.0,-1024.0
0.0,154.0,-1028.0
9.0,-17.0,-1030.0
3.0,-7.0,-1020.0
-42.0,56.0,-970.0
44.0,-21.0,-1038.0
-60.0,162.0,-1042.0
31.0,-66.0,-1036.0
-40.0,27.0,-1032.0
-27.0,1.0,-974.0
78.0,31.0,-1048.0
58.0,122.0,-985.0
-11.0,-80.0,-1034.0
-19.0,191.0,-989.0
-56.0,-19.0,-997.0
56.0,126.0,-1042.0
-87.0,-23.0,-1065.0
5.0,-95.0,-1024.0
13.0,13.0,-952.0
1.0,-1.0,-942.0
9.0,185.0,-1024.0
-13.0,21.0,-1059.0
-27.0,3.0,-1048.0
-1.0,42.0,-987.0
19.0,74.0,-1003.0
-9.0,64.0,-1022.0
-89.0,46.0,-1095.0
7.0,-93.0,-1009.0
35.0,-25.0,-1016.0
40.0,99.0,-925.0
-56.0,101.0,-1046.0
50.0,165.0,-981.0
-46.0,-56.0,-1075.0
76.0,-15.0,-993.0
-101.0,-29.0,-1013.0
19.0,173.0,-952.0
-80.0,80.0,-1052.0
29.0,27.0,-1054.0
-1.0,-132.0,-1020.0
-3.0,80.0,-950.0
-44.0,44.0,-1018.0
39.0,146.0,-1032.0
-11.0,3.0,-1048.0
-52.0,11.0,-966.0
19.0,17.0,-983.0
-58.0,181.0,-1003.0
83.0,-50.0,-1046.0
-9.0,134.0,-1028.0
83.0,-204.0,-1001.0
-78.0,115.0,-991.0
23.0,-3.0,-948.0
-33.0,171.0,-1077.0
15.0,56.0,-1030.0
-89.0,-5.0,-1013.0
95.0,-107.0,-991.0
-1.0,181.0,-968.0
74.0,-23.0,-1005.0
-117.0,177.0,-1095.0
15.0,-101.0,-1028.0
0.0,-54.0,-970.0
37.0,33.0,-968.0
-72.0,111.0,-1016.0
23.0,111.0,-1026.0
-29.0,-13.0,-1026.0
46.0,-58.0,-1022.0
-29.0,132.0,-956.0
-35.0,126.0,-1042.0
3.0,-33.0,-1065.0
39.0,-9.0,-1050.0
97.0,-191.0,-977.0
-60.0,187.0,-942.0
7.0,107.0,-997.0
-3.0,113.0,-1048.0
33.0,85.0,-1005.0
-64.0,-193.0,-1003.0
1.0,148.0,-979.0
11.0,103.0,-987.0
-31.0,83.0,-1028.0
-1.0,60.0,-1042.0
-39.0,-119.0,-1046.0
87.0,-42.0,-981.0
-35.0,138.0,-997.0
42.0,113.0,-1065.0
-11.0,134.0,-1032.0
-48.0,-58.0,-1018.0
99.0,-126.0,-983.0
-21.0,175.0,-960.0
64.0,48.0,-968.0
-42.0,140.0,-1044.0
-31.0,-3.0,-997.0
-46.0,-163.0,-981.0
-9.0,152.0,-923.0
50.0,46.0,-979.0
-25.0,21.0,-976.0
-44.0,103.0,-993.0
-50.0,-91.0,-1001.0
-13.0,109.0,-962.0
-19.0,124.0,-1001.0
-68.0,19.0,-1038.0
23.0,17.0,-1061.0
5.0,-124.0,-1026.0
21.0,-60.0,-976.0
-33.0,220.0,-1009.0
-19.0,115.0,-1056.0
35.0,119.0,-1050.0
-21.0,-64.0,-1056.0
-11.0,-171.0,-1036.0
40.0,195.0,-1020.0
17.0,130.0,-1042.0
-33.0,40.0,-1085.0
-56.0,-15.0,-1038.0
29.0,-165.0,-1020.0
40.0,35.0,-1009.0
-3.0,206.0,-1026.0
-29.0,81.0,-1065.0
-1.0,35.0,-1067.0
-50.0,-134.0,-1013.0
7.0,-39.0,-1005.0
44.0,220.0,-1013.0
11.0,130.0,-1016.0
-7.0,-70.0,-1098.0
-37.0,-87.0,-1042.0
-25.0,-70.0,-972.0
29.0,87.0,-974.0
-19.0,210.0,-1015.0
-21.0,1.0,-1077.0
17.0,-87.0,-1032.0
35.0,-97.0,-987.0
11.0,-15.0,-1003.0
-27.0,179.0,-995.0
-48.0,105.0,-1050.0
9.0,-74.0,-1030.0
-23.0,-68.0,-993.0
-11.0,-46.0,-976.0
31.0,119.0,-1005.0
-17.0,193.0,-1003.0
-3.0,-7.0,-1016.0
-7.0,11.0,-1013.0
21.0,-72.0,-1067.0
3.0,62.0,-970.0
9.0,294.0,-972.0
-13.0,56.0,-1048.0
-3.0,-62.0,-1079.0
-19.0,-74.0,-1007.0
-46.0,39.0,-999.0
21.0,171.0,-1018.0
-37.0,93.0,-993.0
-7.0,-56.0,-1024.0
-39.0,-35.0,-1020.0
9.0,-76.0,-1018.0
9.0,109.0,-1007.0
-58.0,284.0,-985.0
-5.0,60.0,-1034.0
-35.0,-81.0,-1042.0
9.0,-21.0,-1015.0
-68.0,48.0,-991.0
17.0,152.0,-968.0
-56.0,121.0,-989.0
23.0,-83.0,-1001.0
-37.0,25.0,-1026.0
33.0,-117.0,-1009.0
37.0,128.0,-1018.0
66.0,232.0,-1013.0
101.0,103.0,-1079.0
7.0,-58.0,-1042.0
56.0,-29.0,-1032.0
-52.0,29.0,-1005.0
19.0,72.0,-1001.0
-72.0,85.0,-999.0
-39.0,-48.0,-989.0
-56.0,-97.0,-1005.0
21.0,40.0,-1007.0
44.0,134.0,-1067.0
35.0,255.0,-997.0
3.0,37.0,-1044.0
-9.0,-150.0,-1044.0
1.0,-72.0,-952.0
-37.0,-74.0,-966.0
-33.0,165.0,-997.0
-33.0,236.0,-1036.0
56.0,60.0,-1054.0
-13.0,-68.0,-1034.0
42.0,-39.0,-1015.0
-9.0,-39.0,-985.0
-11.0,134.0,-966.0
-78.0,128.0,-1028.0
-33.0,-23.0,-1065.0
91.0,-66.0,-1030.0
-9.0,60.0,-993.0
27.0,70.0,-995.0
3.0,81.0,-1046.0
0.0,74.0,-960.0
-27.0,-72.0,-1054.0
-11.0,21.0,-1071.0
27.0,44.0,-1016.0
37.0,142.0,-958.0
-27.0,76.0,-1009.0
-29.0,-40.0,-1042.0
-60.0,-83.0,-1013.0
5.0,42.0,-987.0
-5.0,154.0,-1036.0
-17.0,56.0,-1007.0
7.0,64.0,-995.0
-48.0,-11.0,-1005.0
23.0,-52.0,-1024.0
44.0,107.0,-1036.0
44.0,60.0,-989.0
-13.0,87.0,-995.0
-33.0,52.0,-1030.0
11.0,-103.0,-1065.0
-11.0,5.0,-1034.0
-9.0,44.0,-991.0
13.0,85.0,-974.0
-31.0,175.0,-1032.0
-21.0,21.0,-1001.0
-19.0,-99.0,-1063.0
13.0,17.0,-1036.0
21.0,21.0,-958.0
-1.0,195.0,-993.0
-11.0,105.0,-1050.0
11.0,-81.0,-1057.0
21.0,-91.0,-958.0
-17.0,0.0,-1007.0
27.0,152.0,-1026.0
-76.0,156.0,-993.0
54.0,-29.0,-1048.0
-85.0,11.0,-1026.0
11.0,-101.0,-1011.0
3.0,119.0,-1011.0
9.0,115.0,-972.0
-39.0,93.0,-1022.0
5.0,44.0,-1040.0
1.0,-144.0,-1073.0
-39.0,-13.0,-972.0
-19.0,25.0,-981.0
58.0,169.0,-1026.0
-3.0,162.0,-1009.0
-3.0,-31.0,-1052.0
-56.0,-60.0,-1024.0
0.0,-50.0,-1001.0
56.0,146.0,-1013.0
-62.0,124.0,-987.0
-44.0,56.0,-1056.0
-33.0,39.0,-1040.0
64.0,-128.0,-987.0
-56.0,-3.0,-991.0
0.0,101.0,-1034.0
-7.0,208.0,-1016.0
31.0,40.0,-1013.0
-31.0,-56.0,-1034.0
0.0,-74.0,-1044.0
21.0,19.0,-1001.0
19.0,124.0,-962.0
-56.0,128.0,-1030.0
-7.0,83.0,-1046.0
-9.0,-78.0,-1040.0
29.0,-42.0,-997.0
-1.0,23.0,-1018.0
21.0,136.0,-960.0
-44.0,9.0,-995.0
-42.0,58.0,-1024.0
13.0,1.0,-1073.0
-3.0,-54.0,-1026.0
-25.0,35.0,-995.0
103.0,183.0,-993.0
-74.0,146.0,-970.0
-35.0,-107.0,-1056.0
-33.0,5.0,-1075.0
37.0,-52.0,-1005.0
-66.0,101.0,-950.0
31.0,117.0,-1020.0
9.0,177.0,-1038.0
-31.0,-85.0,-987.0
-29.0,31.0,-1065.0
48.0,-42.0,-1067.0
-48.0,11.0,-942.0
25.0,171.0,-991.0
-7.0,187.0,-1065.0
-56.0,-87.0,-1028.0
-25.0,9.0,-1034.0
89.0,-17.0,-1013.0
-39.0,39.0,-936.0
9.0,111.0,-1038.0
-1.0,111.0,-1059.0
-64.0,-54.0,-977.0
25.0,11.0,-1069.0
33.0,-31.0,-1016.0
-29.0,-19.0,-927.0
39.0,195.0,-1022.0
-19.0,124.0,-1050.0
-66.0,-72.0,-1018.0
39.0,-62.0,-1102.0
-23.0,-39.0,-987.0
-35.0,17.0,-962.0
33.0,244.0,-1036.0
-58.0,-1.0,-1013.0
-27.0,46.0,-1032.0
56.0,-35.0,-1089.0
-50.0,-48.0,-968.0
103.0,25.0,-997.0
-29.0,171.0,-1003.0
-35.0,101.0,-1005.0
19.0,64.0,-1089.0
-11.0,-107.0,-1024.0
-3.0,-72.0,-976.0
35.0,122.0,-1022.0
-54.0,105.0,-1011.0
40.0,152.0,-1018.0
-25.0,15.0,-1048.0
-33.0,-74.0,-1009.0
46.0,-66.0,-993.0
-15.0,62.0,-1046.0
31.0,136.0,-938.0
-29.0,136.0,-1024.0
-70.0,60.0,-1081.0
-19.0,-138.0,-1028.0
7.0,-9.0,-1026.0
-29.0,5.0,-964.0
-33.0,50.0,-974.0
35.0,148.0,-1042.0
-48.0,40.0,-1009.0
-17.0,64.0,-1052.0
0.0,-101.0,-1030.0
-19.0,-3.0,-989.0
70.0,99.0,-1011.0
-81.0,132.0,-1003.0
27.0,107.0,-1030.0
-7.0,-115.0,-1022.0
17.0,-42.0,-1040.0
46.0,-39.0,-935.0
-93.0,115.0,-1022.0
37.0,154.0,-1013.0
-33.0,33.0,-1028.0
42.0,109.0,-1077.0
-60.0,-175.0,-923.0
64.0,9.0,-1112.0
-29.0,76.0,-942.0
-44.0,144.0,-1001.0
31.0,204.0,-1052.0
-121.0,-76.0,-1052.0
107.0,-70.0,-1022.0
-76.0,-64.0,-938.0
138.0,124.0,-1013.0
-52.0,42.0,-940.0
33.0,195.0,-1112.0
-66.0,-13.0,-977.0
-23.0,21.0,-1091.0
40.0,-101.0,-972.0
19.0,-7.0,-1022.0
21.0,160.0,-1001.0
-29.0,117.0,-950.0
15.0,109.0,-1108.0
-107.0,-66.0,-1026.0
122.0,-103.0,-1050.0
-72.0,-29.0,-950.0
62.0,142.0,-991.0
-23.0,109.0,-974.0
25.0,169.0,-1118.0
-70.0,-54.0,-935.0
27.0,-42.0,-1098.0
-68.0,-66.0,-968.0
93.0,117.0,-1046.0
-97.0,124.0,-979.0
66.0,144.0,-1042.0
-11.0,-44.0,-1024.0
78.0,-62.0,-1067.0
0.0,-50.0,-919.0
68.0,101.0,-1050.0
-64.0,46.0,-993.0
58.0,175.0,-1098.0
-78.0,54.0,-1013.0
62.0,3.0,-1007.0
-160.0,-40.0,-1022.0
0.0,-140.0,-1046.0
-66.0,132.0,-987.0
111.0,298.0,-995.0
19.0,91.0,-981.0
-48.0,-70.0,-1104.0
-54.0,-128.0,-1003.0
60.0,0.0,-1036.0
31.0,115.0,-1024.0
-74.0,78.0,-972.0
-3.0,148.0,-1005.0
-13.0,15.0,-1056.0
83.0,-17.0,-1067.0
-50.0,-50.0,-1048.0
62.0,-50.0,-976.0
29.0,62.0,-991.0
-60.0,175.0,-968.0
-17.0,132.0,-1009.0
-85.0,3.0,-1108.0
66.0,-74.0,-1026.0
-13.0,-70.0,-960.0
68.0,-13.0,-958.0
-66.0,122.0,-979.0
-9.0,197.0,-1079.0
-21.0,113.0,-1046.0
-17.0,-111.0,-1057.0
5.0,-74.0,-1050.0
15.0,-50.0,-989.0
11.0,56.0,-1075.0
-29.0,173.0,-1056.0
-1.0,173.0,-1122.0
31.0,31.0,-1046.0
0.0,-113.0,-1126.0
-39.0,-52.0,-1122.0
-78.0,0.0,-1046.0
66.0,113.0,-1143.0
0.0,160.0,-1161.0
19.0,134.0,-1163.0
9.0,-33.0,-1153.0
-25.0,-109.0,-1139.0
-15.0,3.0,-1214.0
-39.0,111.0,-1188.0
3.0,121.0,-1210.0
0.0,107.0,-1124.0
70.0,-35.0,-1196.0
40.0,-115.0,-1264.0
-46.0,-70.0,-1204.0
-50.0,23.0,-1247.0
64.0,142.0,-1231.0
-31.0,187.0,-1274.0
-21.0,68.0,-1225.0
29.0,-66.0,-1239.0
3.0,-105.0,-1260.0
29.0,-81.0,-1225.0
3.0,-35.0,-1311.0
-80.0,72.0,-1270.0
-48.0,66.0,-1223.0
-19.0,99.0,-1274.0
9.0,-40.0,-1239.0
66.0,-230.0,-1196.0
72.0,-142.0,-1260.0
7.0,19.0,-1188.0
-48.0,93.0,-1245.0
-17.0,7.0,-1260.0
-107.0,-58.0,-1206.0
68.0,-140.0,-1204.0
-35.0,-126.0,-1223.0
27.0,-95.0,-1132.0
35.0,-42.0,-1280.0
3.0,93.0,-1196.0
-31.0,-70.0,-1175.0
-21.0,-158.0,-1235.0
-9.0,-136.0,-1175.0
-5.0,-126.0,-1237.0
37.0,17.0,-1202.0
13.0,5.0,-1177.0
-15.0,-60.0,-1169.0
-19.0,-25.0,-1173.0
-11.0,-35.0,-1227.0
-3.0,-91.0,-1221.0
-68.0,-109.0,-1204.0
42.0,-72.0,-1241.0
-60.0,54.0,-1167.0
21.0,60.0,-1188.0
-81.0,0.0,-1212.0
-74.0,-76.0,-1229.0
105.0,-197.0,-1243.0
-64.0,-101.0,-1165.0
54.0,-52.0,-1249.0
39.0,142.0,-1169.0
29.0,87.0,-1212.0
3.0,-87.0,-1266.0
-74.0,-52.0,-1204.0
136.0,-240.0,-1218.0
-109.0,17.0,-1202.0
-37.0,15.0,-1274.0
19.0,60.0,-1284.0
-35.0,126.0,-1280.0
35.0,-64.0,-1264.0
-83.0,-111.0,-1243.0
212.0,-251.0,-1282.0
-50.0,48.0,-1286.0
13.0,105.0,-1286.0
1.0,101.0,-1294.0
62.0,44.0,-1321.0
-21.0,-29.0,-1311.0
-52.0,-62.0,-1303.0
85.0,-40.0,-1350.0
-78.0,58.0,-1305.0
29.0,144.0,-1370.0
-81.0,44.0,-1218.0
126.0,29.0,-1337.0
-40.0,-29.0,-1249.0
-1.0,-50.0,-1364.0
1.0,-80.0,-1290.0
13.0,48.0,-1274.0
11.0,74.0,-1221.0
-48.0,-1.0,-1309.0
-58.0,105.0,-1212.0
5.0,5.0,-1303.0
-35.0,-74.0,-1272.0
-42.0,-107.0,-1262.0
-64.0,152.0,-1259.0
80.0,-60.0,-1249.0
21.0,50.0,-1307.0
13.0,66.0,-1218.0
-46.0,29.0,-1319.0
58.0,-130.0,-1286.0
-11.0,72.0,-1376.0
46.0,15.0,-1249.0
-35.0,134.0,-1278.0
3.0,27.0,-1245.0
31.0,93.0,-1380.0
-3.0,-115.0,-1253.0
-40.0,35.0,-1255.0
-9.0,-3.0,-1249.0
21.0,-56.0,-1276.0
-54.0,31.0,-1255.0
-163.0,78.0,-1276.0
13.0,-56.0,-1382.0
7.0,-15.0,-1194.0
97.0,-95.0,-1255.0
-39.0,-119.0,-1296.0
27.0,5.0,-1323.0
-17.0,23.0,-1305.0
-54.0,-23.0,-1329.0
70.0,-31.0,-1253.0
23.0,29.0,-1257.0
23.0,-158.0,-1274.0
-60.0,-39.0,-1342.0
46.0,-35.0,-1294.0
-3.0,-107.0,-1223.0
3.0,-33.0,-1317.0
-19.0,-119.0,-1268.0
-19.0,-70.0,-1313.0
-72.0,13.0,-1251.0
31.0,-103.0,-1362.0
115.0,-130.0,-1341.0
-35.0,-31.0,-1272.0
0.0,-99.0,-1315.0
-54.0,-15.0,-1274.0
66.0,39.0,-1346.0
85.0,-87.0,-1309.0
-60.0,-60.0,-1276.0
99.0,-261.0,-1315.0
-126.0,-130.0,-1284.0
35.0,-29.0,-1317.0
-91.0,-11.0,-1341.0
56.0,-19.0,-1309.0
1.0,-60.0,-1331.0
-13.0,-165.0,-1241.0
21.0,-78.0,-1319.0
-23.0,-111.0,-1286.0
35.0,21.0,-1311.0
-46.0,13.0,-1272.0
54.0,-138.0,-1260.0
-40.0,25.0,-1339.0
31.0,-101.0,-1311.0
-50.0,-50.0,-1331.0
-46.0,-60.0,-1317.0
-48.0,-91.0,-1288.0
0.0,85.0,-1290.0
89.0,-3.0,-1309.0
-80.0,-5.0,-1331.0
21.0,5.0,-1346.0
5.0,-74.0,-1354.0
-46.0,9.0,-1344.0
21.0,-62.0,-1395.0
-23.0,27.0,-1307.0
101.0,81.0,-1264.0
-80.0,17.0,-1352.0
33.0,13.0,-1288.0
-37.0,0.0,-1389.0
87.0,-23.0,-1268.0
-122.0,-39.0,-1319.0
115.0,-74.0,-1264.0
-97.0,103.0,-1360.0
93.0,-29.0,-1300.0
-70.0,66.0,-1301.0
66.0,-208.0,-1225.0
-68.0,-74.0,-1288.0
80.0,19.0,-1290.0
46.0,9.0,-1313.0
-83.0,89.0,-1262.0
37.0,-121.0,-1313.0
-11.0,-9.0,-1257.0
105.0,-9.0,-1333.0
-64.0,64.0,-1319.0
19.0,-23.0,-1305.0
-37.0,-7.0,-1247.0
76.0,115.0,-1262.0
-23.0,-33.0,-1346.0
-60.0,60.0,-1298.0
9.0,-126.0,-1370.0
13.0,-85.0,-1331.0
27.0,-48.0,-1335.0
-1.0,-3.0,-1323.0
17.0,25.0,-1329.0
7.0,33.0,-1374.0
134.0,87.0,-1309.0
-99.0,-158.0,-1385.0
111.0,-7.0,-1284.0
-113.0,-3.0,-1380.0
142.0,152.0,-1257.0
-103.0,-72.0,-1415.0
89.0,29.0,-1223.0
-142.0,-87.0,-1339.0
99.0,-29.0,-1268.0
-136.0,-85.0,-1417.0
44.0,-54.0,-1262.0
-115.0,0.0,-1323.0
119.0,85.0,-1227.0
-93.0,54.0,-1339.0
50.0,-81.0,-1225.0
-109.0,-68.0,-1342.0
44.0,-119.0,-1288.0
-72.0,-3.0,-1311.0
13.0,-101.0,-1272.0
0.0,-19.0,-1278.0
50.0,-195.0,-1245.0
70.0,-115.0,-1259.0
-66.0,-193.0,-1290.0
-31.0,-60.0,-1313.0
-17.0,-83.0,-1364.0
72.0,81.0,-1337.0
9.0,-119.0,-1323.0
-15.0,-37.0,-1192.0
21.0,-181.0,-1329.0
37.0,31.0,-1329.0
-48.0,-197.0,-1380.0
31.0,76.0,-1300.0
-89.0,-165.0,-1346.0
72.0,-46.0,-1237.0
-128.0,-138.0,-1348.0
15.0,-19.0,-1268.0
-162.0,-80.0,-1383.0
21.0,97.0,-1262.0
-119.0,-68.0,-1329.0
46.0,117.0,-1221.0
-56.0,-117.0,-1301.0
3.0,33.0,-1272.0
-103.0,-130.0,-1356.0
29.0,3.0,-1280.0
-74.0,66.0,-1311.0
130.0,113.0,-1294.0
-115.0,80.0,-1301.0
97.0,-111.0,-1319.0
-52.0,-148.0,-1329.0
224.0,-204.0,-1300.0
-48.0,134.0,-1344.0
167.0,-19.0,-1321.0
-58.0,163.0,-1317.0
140.0,-214.0,-1362.0
-7.0,-33.0,-1327.0
64.0,-238.0,-1341.0
-115.0,171.0,-1294.0
-52.0,-124.0,-1329.0
-21.0,-3.0,-1286.0
-48.0,-11.0,-1235.0
-15.0,150.0,-1225.0
-21.0,107.0,-1298.0
105.0,-78.0,-1346.0
-29.0,40.0,-1335.0
134.0,-160.0,-1296.0
-1.0,95.0,-1305.0
81.0,-156.0,-1346.0
-3.0,64.0,-1372.0
56.0,-97.0,-1311.0
-33.0,-60.0,-1286.0
-66.0,-85.0,-1212.0
-85.0,-119.0,-1300.0
-121.0,201.0,-1255.0
-13.0,13.0,-1333.0
-66.0,179.0,-1315.0
136.0,-187.0,-1331.0
27.0,-23.0,-1342.0
0.0,-52.0,-1313.0
25.0,-44.0,-1350.0
-44.0,81.0,-1284.0
-91.0,-60.0,-1409.0
-33.0,251.0,-1247.0
-83.0,-105.0,-1329.0
93.0,-85.0,-1264.0
-33.0,-189.0,-1335.0
146.0,-228.0,-1380.0
-95.0,21.0,-1331.0
95.0,-35.0,-1356.0
-81.0,76.0,-1278.0
5.0,9.0,-1266.0
11.0,19.0,-1247.0
-17.0,17.0,-1290.0
132.0,-208.0,-1380.0
-58.0,1.0,-1282.0
13.0,-152.0,-1327.0
-46.0,40.0,-1309.0
-80.0,195.0,-1262.0
17.0,-93.0,-1309.0
-31.0,72.0,-1276.0
87.0,-206.0,-1260.0
74.0,-91.0,-1290.0
-13.0,19.0,-1227.0
3.0,-224.0,-1360.0
-54.0,44.0,-1282.0
23.0,-89.0,-1348.0
70.0,-19.0,-1288.0
60.0,95.0,-1221.0
48.0,-105.0,-1329.0
-56.0,89.0,-1278.0
-56.0,-50.0,-1286.0
3.0,-52.0,-1319.0
-13.0,-31.0,-1342.0
70.0,-226.0,-1352.0
-58.0,-150.0,-1348.0
-5.0,0.0,-1231.0
-11.0,68.0,-1337.0
121.0,25.0,-1292.0
-15.0,-25.0,-1337.0
23.0,-81.0,-1294.0
-68.0,-13.0,-1260.0
-95.0,-66.0,-1331.0
56.0,-286.0,-1342.0
-56.0,-197.0,-1362.0
48.0,-230.0,-1350.0
-121.0,126.0,-1237.0
64.0,130.0,-1206.0
29.0,-156.0,-1337.0
101.0,-107.0,-1337.0
-44.0,-203.0,-1329.0
-66.0,23.0,-1280.0
0.0,7.0,-1286.0
-27.0,-66.0,-1303.0
122.0,-138.0,-1290.0
-89.0,76.0,-1260.0
15.0,-35.0,-1241.0
56.0,-37.0,-1278.0
42.0,-54.0,-1315.0
29.0,-74.0,-1296.0
-74.0,25.0,-1301.0
-33.0,54.0,-1212.0
27.0,-80.0,-1284.0
9.0,-35.0,-1327.0
-58.0,21.0,-1239.0
-46.0,-40.0,-1276.0
46.0,-101.0,-1358.0
1.0,-5.0,-1286.0
19.0,-46.0,-1173.0
-60.0,-15.0,-1270.0
35.0,101.0,-1341.0
-9.0,21.0,-1331.0
-33.0,5.0,-1307.0
-21.0,64.0,-1268.0
29.0,64.0,-1276.0
58.0,-11.0,-1366.0
-66.0,0.0,-1280.0
-48.0,-37.0,-1274.0
70.0,-210.0,-1382.0
33.0,-44.0,-1376.0
35.0,126.0,-1262.0
19.0,-21.0,-1331.0
78.0,37.0,-1419.0
-17.0,29.0,-1292.0
-46.0,-124.0,-1280.0
-1.0,-148.0,-1307.0
11.0,-177.0,-1335.0
0.0,-76.0,-1307.0
-1.0,-19.0,-1319.0
-11.0,185.0,-1341.0
56.0,210.0,-1221.0
-31.0,160.0,-1259.0
25.0,-201.0,-1278.0
0.0,-257.0,-1288.0
87.0,-191.0,-1311.0
-13.0,-46.0,-1358.0
23.0,33.0,-1346.0
-39.0,-9.0,-1278.0
-27.0,-48.0,-1237.0
-46.0,56.0,-1286.0
21.0,83.0,-1167.0
35.0,9.0,-1292.0
-7.0,-152.0,-1346.0
-33.0,0.0,-1348.0
11.0,-5.0,-1253.0
-31.0,-105.0,-1309.0
-85.0,-78.0,-1268.0
-33.0,-60.0,-1169.0
-1.0,39.0,-1235.0
-11.0,-138.0,-1301.0
-31.0,42.0,-1342.0
50.0,-74.0,-1341.0
-7.0,19.0,-1280.0
64.0,-13.0,-1272.0
21.0,-60.0,-1239.0
-44.0,-117.0,-1241.0
-80.0,-3.0,-1243.0
-42.0,-148.0,-1350.0
7.0,-85.0,-1411.0
83.0,7.0,-1298.0
44.0,-54.0,-1237.0
-39.0,-23.0,-1210.0
-62.0,50.0,-1245.0
-23.0,-89.0,-1296.0
-58.0,-21.0,-1333.0
66.0,21.0,-1346.0
-44.0,-9.0,-1382.0
50.0,64.0,-1229.0
-117.0,66.0,-1208.0
95.0,-107.0,-1259.0
-1.0,-3.0,-1331.0
146.0,-160.0,-1342.0
33.0,31.0,-1356.0
-66.0,85.0,-1333.0
-15.0,121.0,-1249.0
-11.0,160.0,-1227.0
128.0,-64.0,-1284.0
25.0,-210.0,-1305.0
-35.0,-115.0,-1335.0
-54.0,111.0,-1319.0
-103.0,302.0,-1253.0
113.0,296.0,-1180.0
5.0,-25.0,-1372.0
-1.0,-83.0,-1319.0
-89.0,-175.0,-1260.0
111.0,103.0,-1251.0
101.0,286.0,-1315.0
119.0,35.0,-1333.0
-95.0,64.0,-1352.0
-40.0,158.0,-1259.0
64.0,337.0,-1200.0
33.0,148.0,-1182.0
17.0,-226.0,-1370.0
-130.0,-152.0,-1370.0
-37.0,-62.0,-1296.0
81.0,271.0,-1255.0
70.0,333.0,-1231.0
33.0,31.0,-1292.0
-80.0,83.0,-1278.0
11.0,185.0,-1229.0
128.0,286.0,-1233.0
0.0,60.0,-1202.0
-76.0,-29.0,-1192.0
21.0,122.0,-1093.0
74.0,236.0,-1044.0
93.0,126.0,-1005.0
0.0,-101.0,-940.0
-111.0,185.0,-870.0
48.0,78.0,-827.0
60.0,-5.0,-833.0
-91.0,-40.0,-704.0
-62.0,324.0,-564.0
-27.0,269.0,-517.0
15.0,-105.0,-593.0
-99.0,-25.0,-474.0
-78.0,150.0,-327.0
-9.0,-31.0,-407.0
39.0,-372.0,-448.0
-80.0,-60.0,-390.0
13.0,427.0,-349.0
62.0,91.0,-447.0
95.0,-349.0,-435.0
27.0,255.0,-363.0
25.0,325.0,-419.0
171.0,-121.0,-638.0
-93.0,177.0,-605.0
13.0,667.0,-509.0
64.0,-68.0,-749.0
54.0,-593.0,-784.0
-50.0,240.0,-607.0
37.0,384.0,-784.0
210.0,-402.0,-958.0
-169.0,525.0,-772.0
9.0,696.0,-735.0
136.0,-374.0,-981.0
-35.0,-99.0,-829.0
-175.0,771.0,-782.0
136.0,-122.0,-1007.0
-83.0,-195.0,-905.0
-251.0,806.0,-646.0
80.0,-214.0,-876.0
-64.0,-689.0,-874.0
-312.0,681.0,-505.0
115.0,-9.0,-771.0
-95.0,-566.0,-808.0
-218.0,509.0,-472.0
23.0,-169.0,-722.0
-3.0,-638.0,-810.0
-232.0,765.0,-478.0
187.0,-50.0,-681.0
97.0,-517.0,-622.0
-128.0,587.0,-419.0
245.0,-322.0,-706.0
1.0,-411.0,-661.0
-122.0,903.0,-499.0
228.0,-513.0,-825.0
-13.0,169.0,-486.0
-103.0,474.0,-521.0
374.0,-751.0,-841.0
-269.0,488.0,-523.0
212.0,126.0,-751.0
85.0,-191.0,-849.0
-134.0,784.0,-618.0
355.0,-130.0,-854.0
-177.0,292.0,-685.0
23.0,564.0,-671.0
236.0,-509.0,-927.0
-224.0,612.0,-593.0
177.0,-50.0,-858.0
-50.0,19.0,-722.0
-93.0,720.0,-618.0
267.0,-431.0,-872.0
-296.0,667.0,-519.0
134.0,-163.0,-833.0
54.0,39.0,-708.0
-327.0,665.0,-632.0
388.0,-484.0,-815.0
-501.0,825.0,-503.0
382.0,-407.0,-794.0
-302.0,113.0,-612.0
42.0,189.0,-759.0
115.0,-417.0,-901.0
-347.0,960.0,-507.0
304.0,-556.0,-903.0
-349.0,657.0,-552.0
179.0,-468.0,-952.0
-17.0,-83.0,-823.0
-191.0,201.0,-942.0
345.0,-581.0,-1130.0
-370.0,1061.0,-772.0
419.0,-607.0,-1186.0
-208.0,1056.0,-708.0
341.0,-564.0,-1186.0
-136.0,386.0,-905.0
-17.0,-76.0,-1138.0
203.0,-212.0,-1073.0
-292.0,614.0,-1011.0
361.0,-480.0,-1149.0
-374.0,1013.0,-815.0
292.0,-780.0,-1241.0
-290.0,983.0,-669.0
228.0,-870.0,-1202.0
-240.0,858.0,-739.0
109.0,-454.0,-1186.0
-148.0,858.0,-753.0
-11.0,-238.0,-936.0
-11.0,573.0,-732.0
54.0,-312.0,-882.0
-93.0,238.0,-747.0
-1.0,-130.0,-851.0
-91.0,208.0,-732.0
109.0,206.0,-663.0
-78.0,130.0,-626.0
191.0,255.0,-730.0
-148.0,-52.0,-577.0
212.0,257.0,-696.0
-107.0,122.0,-655.0
193.0,382.0,-714.0
-154.0,42.0,-528.0
271.0,247.0,-655.0
-142.0,62.0,-546.0
228.0,-54.0,-698.0
-179.0,171.0,-601.0
251.0,7.0,-847.0
-224.0,548.0,-536.0
357.0,-89.0,-825.0
-281.0,765.0,-431.0
425.0,-669.0,-868.0
-407.0,841.0,-421.0
474.0,-944.0,-1026.0
-509.0,1229.0,-503.0
538.0,-1237.0,-1052.0
-503.0,1586.0,-464.0
470.0,-1268.0,-940.0
-361.0,1456.0,-521.0
244.0,-1204.0,-854.0
-197.0,892.0,-575.0
-52.0,-683.0,-730.0
132.0,304.0,-839.0
-402.0,443.0,-497.0
404.0,-569.0,-981.0
-579.0,1294.0,-372.0
493.0,-1612.0,-1024.0
-521.0,1592.0,-263.0
427.0,-1825.0,-1079.0
-374.0,1600.0,-505.0
33.0,-874.0,-743.0
95.0,605.0,-774.0
-409.0,327.0,-489.0
530.0,-870.0,-954.0
-597.0,1663.0,-228.0
495.0,-1725.0,-997.0
-478.0,1569.0,-507.0
146.0,-1126.0,-753.0
148.0,517.0,-753.0
-404.0,593.0,-538.0
501.0,-1016.0,-995.0
-388.0,1573.0,-325.0
306.0,-1274.0,-905.0
-50.0,987.0,-737.0
-132.0,-1.0,-585.0
441.0,-733.0,-1015.0
-407.0,1471.0,-478.0
376.0,-1034.0,-1028.0
-72.0,1153.0,-689.0
-162.0,181.0,-499.0
437.0,-730.0,-1052.0
-427.0,1354.0,-519.0
203.0,-1065.0,-958.0
89.0,605.0,-782.0
-177.0,591.0,-560.0
333.0,-691.0,-1020.0
-204.0,1411.0,-527.0
50.0,-331.0,-765.0
238.0,-177.0,-935.0
-372.0,923.0,-532.0
236.0,-812.0,-927.0
11.0,464.0,-786.0
-163.0,569.0,-472.0
242.0,-724.0,-854.0
-76.0,644.0,-741.0
-191.0,111.0,-650.0
298.0,-575.0,-839.0
-136.0,839.0,-636.0
11.0,-66.0,-605.0
136.0,-267.0,-929.0
-162.0,884.0,-605.0
5.0,-197.0,-655.0
163.0,-277.0,-923.0
-193.0,669.0,-650.0
11.0,-185.0,-644.0
144.0,-273.0,-993.0
-146.0,794.0,-595.0
62.0,-162.0,-593.0
83.0,-232.0,-1059.0
-171.0,784.0,-714.0
-46.0,39.0,-601.0
183.0,-290.0,-952.0
-101.0,813.0,-671.0
-15.0,160.0,-478.0
72.0,-396.0,-954.0
-136.0,454.0,-853.0
-74.0,415.0,-458.0
68.0,-515.0,-829.0
-37.0,286.0,-917.0
-87.0,651.0,-433.0
50.0,-263.0,-644.0
-11.0,-1.0,-1026.0
-103.0,601.0,-536.0
89.0,21.0,-431.0
27.0,-245.0,-993.0
-99.0,491.0,-767.0
103.0,411.0,-286.0
-5.0,-300.0,-810.0
-103.0,3.0,-1028.0
15.0,421.0,-374.0
138.0,-37.0,-460.0
-74.0,-179.0,-1054.0
46.0,273.0,-718.0
122.0,425.0,-324.0
37.0,-144.0,-771.0
-64.0,-255.0,-1044.0
89.0,267.0,-566.0
83.0,294.0,-407.0
-95.0,-117.0,-933.0
-40.0,-279.0,-933.0
136.0,212.0,-528.0
23.0,249.0,-544.0
-113.0,-136.0,-972.0
-33.0,-124.0,-956.0
74.0,236.0,-569.0
111.0,361.0,-456.0
-87.0,-99.0,-884.0
-31.0,-312.0,-1016.0
56.0,208.0,-651.0
83.0,374.0,-499.0
-91.0,-27.0,-823.0
-132.0,-288.0,-1040.0
95.0,-101.0,-728.0
154.0,331.0,-396.0
-58.0,163.0,-704.0
-179.0,-126.0,-1079.0
-21.0,29.0,-886.0
208.0,284.0,-460.0
126.0,359.0,-445.0
-183.0,3.0,-892.0
-160.0,-175.0,-987.0
50.0,35.0,-636.0
195.0,327.0,-468.0
-11.0,415.0,-566.0
-234.0,7.0,-880.0
-142.0,-160.0,-905.0
142.0,-35.0,-583.0
242.0,251.0,-413.0
-46.0,400.0,-585.0
-275.0,162.0,-917.0
-101.0,-56.0,-936.0
142.0,42.0,-585.0
320.0,251.0,-413.0
11.0,355.0,-558.0
-195.0,197.0,-847.0
-220.0,-33.0,-940.0
42.0,-76.0,-747.0
158.0,72.0,-546.0
177.0,333.0,-509.0
-78.0,427.0,-648.0
-212.0,175.0,-829.0
-197.0,-25.0,-866.0
80.0,-124.0,-718.0
261.0,33.0,-593.0
93.0,279.0,-530.0
-44.0,267.0,-700.0
-249.0,212.0,-931.0
-64.0,-27.0,-913.0
-21.0,-56.0,-747.0
236.0,29.0,-646.0
163.0,216.0,-595.0
21.0,232.0,-657.0
-134.0,284.0,-827.0
-119.0,103.0,-886.0
-85.0,9.0,-831.0
156.0,-74.0,-663.0
105.0,17.0,-661.0
58.0,95.0,-687.0
17.0,226.0,-694.0
-25.0,187.0,-716.0
-80.0,115.0,-763.0
-48.0,80.0,-765.0
15.0,35.0,-767.0
27.0,89.0,-722.0
83.0,103.0,-667.0
1.0,89.0,-650.0
5.0,134.0,-712.0
-33.0,181.0,-698.0
15.0,183.0,-708.0
-7.0,150.0,-694.0
-29.0,105.0,-706.0
19.0,163.0,-722.0
46.0,132.0,-696.0
-50.0,72.0,-665.0
58.0,-15.0,-704.0
-9.0,126.0,-722.0
27.0,171.0,-733.0
21.0,261.0,-679.0
3.0,171.0,-679.0
5.0,189.0,-733.0
0.0,201.0,-663.0
-21.0,93.0,-675.0
0.0,95.0,-671.0
-15.0,35.0,-671.0
-31.0,66.0,-694.0
-64.0,107.0,-657.0
-7.0,19.0,-667.0
-39.0,76.0,-685.0
60.0,81.0,-665.0
-33.0,132.0,-685.0
1.0,72.0,-706.0
0.0,62.0,-712.0
-29.0,111.0,-706.0
56.0,39.0,-728.0
9.0,58.0,-704.0
64.0,3.0,-665.0
-7.0,56.0,-749.0
39.0,87.0,-804.0
-3.0,56.0,-739.0
-5.0,56.0,-691.0
33.0,56.0,-706.0
-62.0,54.0,-790.0
-23.0,68.0,-733.0
9.0,64.0,-751.0
-39.0,146.0,-726.0
37.0,91.0,-726.0
11.0,105.0,-722.0
-3.0,95.0,-724.0
29.0,113.0,-671.0
-13.0,117.0,-716.0
-46.0,99.0,-732.0
21.0,117.0,-650.0
-44.0,101.0,-655.0
-50.0,105.0,-669.0
29.0,115.0,-653.0
-37.0,48.0,-630.0
19.0,105.0,-650.0
29.0,187.0,-659.0
-40.0,115.0,-632.0
9.0,72.0,-661.0
25.0,121.0,-698.0
-37.0,124.0,-708.0
3.0,124.0,-692.0
-7.0,203.0,-706.0
23.0,245.0,-691.0
37.0,167.0,-714.0
5.0,165.0,-718.0
-23.0,152.0,-720.0
9.0,119.0,-753.0
-48.0,154.0,-786.0
-44.0,179.0,-790.0
7.0,97.0,-751.0
-40.0,140.0,-792.0
0.0,150.0,-847.0
19.0,78.0,-837.0
-39.0,89.0,-845.0
15.0,136.0,-849.0
5.0,130.0,-833.0
-3.0,99.0,-884.0
-5.0,85.0,-931.0
-19.0,97.0,-864.0
9.0,78.0,-880.0
0.0,74.0,-929.0
-33.0,15.0,-917.0
-39.0,91.0,-911.0
-13.0,103.0,-913.0
-56.0,35.0,-942.0
-1.0,13.0,-929.0
-3.0,52.0,-935.0
27.0,52.0,-954.0
0.0,121.0,-921.0
52.0,11.0,-872.0
-37.0,19.0,-931.0
25.0,50.0,-942.0
80.0,-5.0,-899.0
-58.0,3.0,-907.0
33.0,7.0,-909.0
21.0,15.0,-907.0
-31.0,21.0,-923.0
-33.0,87.0,-921.0
-9.0,74.0,-919.0
-21.0,56.0,-845.0
-23.0,9.0,-915.0
33.0,60.0,-948.0
39.0,52.0,-892.0
17.0,50.0,-845.0
54.0,39.0,-895.0
29.0,-21.0,-909.0
25.0,31.0,-909.0
-13.0,19.0,-927.0
-15.0,44.0,-884.0
-29.0,56.0,-921.0
-15.0,68.0,-923.0
-31.0,31.0,-931.0
19.0,52.0,-913.0
3.0,7.0,-897.0
-33.0,80.0,-901.0
70.0,-17.0,-927.0
13.0,33.0,-944.0
-60.0,80.0,-940.0
-11.0,95.0,-929.0
-56.0,29.0,-950.0
-1.0,-11.0,-919.0
56.0,-9.0,-940.0
50.0,62.0,-931.0
-3.0,60.0,-913.0
-21.0,40.0,-923.0
5.0,46.0,-892.0
-78.0,-29.0,-960.0
-64.0,105.0,-974.0
17.0,-37.0,-976.0
21.0,52.0,-854.0
56.0,-46.0,-856.0
5.0,91.0,-964.0
-7.0,78.0,-987.0
-46.0,13.0,-1003.0
-35.0,76.0,-952.0
40.0,-48.0,-903.0
-66.0,144.0,-895.0
-31.0,76.0,-997.0
-17.0,130.0,-1007.0
56.0,52.0,-935.0
-1.0,-27.0,-913.0
-19.0,70.0,-882.0
3.0,25.0,-997.0
-33.0,107.0,-1015.0
5.0,-5.0,-950.0
-35.0,17.0,-927.0
15.0,89.0,-933.0
21.0,31.0,-962.0
15.0,35.0,-936.0
-39.0,-62.0,-977.0
-21.0,97.0,-960.0
0.0,158.0,-927.0
-9.0,-5.0,-929.0
-13.0,-3.0,-929.0
64.0,-29.0,-966.0
0.0,58.0,-974.0
-48.0,54.0,-913.0
-15.0,46.0,-983.0
66.0,-42.0,-962.0
-83.0,29.0,-944.0
42.0,-39.0,-970.0
0.0,40.0,-1007.0
35.0,46.0,-968.0
-37.0,11.0,-979.0
-5.0,19.0,-976.0
1.0,-40.0,-1015.0
-33.0,46.0,-1003.0
40.0,-39.0,-993.0
3.0,89.0,-989.0
-5.0,-33.0,-972.0
-56.0,39.0,-993.0
37.0,35.0,-1015.0
-54.0,21.0,-1044.0
-7.0,-5.0,-985.0
-17.0,46.0,-966.0
-17.0,64.0,-972.0
7.0,-29.0,-1046.0
3.0,56.0,-1003.0
-40.0,-3.0,-993.0
-29.0,54.0,-1024.0
52.0,-15.0,-931.0
0.0,111.0,-976.0
-3.0,81.0,-995.0
-62.0,27.0,-997.0
17.0,9.0,-972.0
-7.0,78.0,-962.0
31.0,54.0,-921.0
-78.0,124.0,-985.0
19.0,83.0,-950.0
-31.0,23.0,-985.0
64.0,76.0,-970.0
-35.0,89.0,-995.0
-1.0,39.0,-905.0
-39.0,91.0,-950.0
40.0,158.0,-1026.0
-37.0,81.0,-1009.0
-31.0,5.0,-956.0
13.0,85.0,-991.0
23.0,111.0,-966.0
-25.0,83.0,-977.0
-37.0,37.0,-1020.0
13.0,31.0,-1038.0
13.0,105.0,-997.0
-25.0,107.0,-944.0
9.0,-60.0,-1024.0
-5.0,140.0,-1056.0
-7.0,107.0,-993.0
-21.0,48.0,-962.0
-9.0,-99.0,-1118.0
-25.0,136.0,-1005.0
25.0,40.0,-923.0
-7.0,54.0,-1026.0
-19.0,0.0,-1040.0
13.0,19.0,-1011.0
-9.0,40.0,-999.0
21.0,-48.0,-1018.0
7.0,99.0,-966.0
-48.0,42.0,-985.0
56.0,-64.0,-1009.0
-23.0,150.0,-1036.0
-9.0,-37.0,-991.0
-11.0,-15.0,-976.0
19.0,25.0,-1005.0
-29.0,103.0,-987.0
11.0,39.0,-983.0
-37.0,-52.0,-1030.0
-9.0,44.0,-958.0
0.0,25.0,-981.0
7.0,-25.0,-1016.0
-25.0,142.0,-995.0
-5.0,35.0,-958.0
33.0,-85.0,-972.0
-33.0,169.0,-1032.0
-21.0,-1.0,-1007.0
29.0,-54.0,-958.0
-50.0,150.0,-1018.0
-7.0,19.0,-962.0
17.0,-7.0,-1018.0
-42.0,126.0,-1034.0
-13.0,-33.0,-927.0
-7.0,-21.0,-958.0
-39.0,126.0,-1057.0
-19.0,15.0,-1046.0
11.0,-37.0,-952.0
1.0,117.0,-962.0
-42.0,0.0,-1005.0
-9.0,-99.0,-964.0
-40.0,204.0,-1048.0
3.0,-5.0,-989.0
-17.0,-85.0,-1030.0
-15.0,140.0,-1009.0
-11.0,-80.0,-919.0
-31.0,40.0,-1028.0
-23.0,171.0,-1065.0
1.0,-42.0,-903.0
-42.0,-5.0,-989.0
-11.0,46.0,-1081.0
13.0,-78.0,-1022.0
-17.0,107.0,-952.0
-54.0,56.0,-950.0
13.0,-48.0,-995.0
-27.0,193.0,-1102.0
-13.0,-103.0,-1003.0
17.0,-93.0,-977.0
-21.0,136.0,-995.0
23.0,-56.0,-942.0
-35.0,201.0,-1089.0
-7.0,97.0,-1036.0
-46.0,-70.0,-956.0
25.0,80.0,-1007.0
-1.0,-83.0,-1005.0
-21.0,23.0,-1009.0
-7.0,199.0,-1036.0
31.0,150.0,-1057.0
-46.0,-17.0,-1069.0
-3.0,-165.0,-976.0
-5.0,158.0,-1071.0
1.0,0.0,-972.0
-19.0,216.0,-1085.0
-11.0,103.0,-1077.0
-27.0,-93.0,-958.0
46.0,152.0,-1038.0
3.0,-122.0,-1024.0
-72.0,136.0,-1032.0
40.0,39.0,-1073.0
-50.0,23.0,-1015.0
58.0,195.0,-1009.0
-7.0,-70.0,-981.0
-17.0,115.0,-1038.0
-11.0,-83.0,-1075.0
-62.0,-19.0,-970.0
29.0,183.0,-1036.0
-7.0,-17.0,-989.0
-29.0,206.0,-1036.0
52.0,-113.0,-979.0
-95.0,58.0,-970.0
93.0,15.0,-1038.0
-56.0,9.0,-1001.0
21.0,130.0,-995.0
-1.0,-54.0,-999.0
-29.0,195.0,-1001.0
35.0,-64.0,-1015.0
-101.0,132.0,-999.0
85.0,-44.0,-1030.0
-60.0,-25.0,-997.0
64.0,113.0,-977.0
-21.0,0.0,-954.0
-31.0,277.0,-1040.0
11.0,-175.0,-1026.0
-68.0,117.0,-1032.0
87.0,-130.0,-1003.0
-42.0,124.0,-972.0
56.0,124.0,-1007.0
-25.0,29.0,-995.0
-35.0,111.0,-1042.0
50.0,-126.0,-1018.0
-95.0,201.0,-1036.0
122.0,-148.0,-970.0
-134.0,257.0,-1024.0
146.0,-121.0,-948.0
-134.0,183.0,-1061.0
142.0,-74.0,-1015.0
-87.0,103.0,-1036.0
95.0,-11.0,-985.0
-33.0,-7.0,-981.0
3.0,130.0,-1044.0
25.0,-50.0,-991.0
-87.0,204.0,-1089.0
142.0,-136.0,-927.0
-148.0,187.0,-1054.0
177.0,-226.0,-944.0
-189.0,263.0,-1083.0
183.0,-183.0,-958.0
-183.0,300.0,-1089.0
195.0,-206.0,-942.0
-150.0,189.0,-1042.0
162.0,-191.0,-954.0
-134.0,185.0,-1052.0
107.0,-81.0,-987.0
-60.0,162.0,-1028.0
25.0,-105.0,-999.0
-11.0,107.0,-1022.0
-9.0,-52.0,-1038.0
37.0,109.0,-968.0
-80.0,-5.0,-1046.0
122.0,74.0,-968.0
-146.0,0.0,-1069.0
122.0,66.0,-948.0
-119.0,5.0,-1095.0
136.0,54.0,-929.0
-156.0,9.0,-1104.0
156.0,89.0,-935.0
-167.0,19.0,-1098.0
138.0,89.0,-935.0
-132.0,-3.0,-1104.0
126.0,89.0,-903.0
-144.0,-23.0,-1095.0
113.0,109.0,-954.0
-122.0,-3.0,-1102.0
122.0,107.0,-954.0
-109.0,-89.0,-1071.0
111.0,138.0,-923.0
-103.0,-68.0,-1069.0
111.0,206.0,-991.0
-101.0,-76.0,-1077.0
78.0,158.0,-962.0
-58.0,-162.0,-1038.0
66.0,222.0,-985.0
-42.0,-109.0,-1024.0
-5.0,259.0,-1030.0
21.0,-138.0,-1020.0
-25.0,193.0,-1028.0
81.0,-130.0,-976.0
-58.0,150.0,-1054.0
72.0,-54.0,-962.0
-89.0,156.0,-1098.0
99.0,33.0,-956.0
-80.0,9.0,-1102.0
99.0,54.0,-917.0
-87.0,-70.0,-1059.0
68.0,191.0,-977.0
-72.0,-35.0,-1106.0
42.0,218.0,-987.0
-35.0,-107.0,-1003.0
-9.0,136.0,-993.0
25.0,-99.0,-1011.0
-52.0,124.0,-1069.0
95.0,5.0,-991.0
-83.0,76.0,-1067.0
109.0,74.0,-921.0
-95.0,-40.0,-1067.0
87.0,136.0,-977.0
-83.0,-78.0,-1083.0
62.0,156.0,-974.0
-60.0,-39.0,-1018.0
33.0,58.0,-1005.0
-25.0,64.0,-995.0
-11.0,-19.0,-1028.0
13.0,150.0,-993.0
-46.0,-99.0,-1044.0
17.0,146.0,-976.0
-48.0,-74.0,-1018.0
11.0,109.0,-1036.0
-21.0,62.0,-985.0
-9.0,0.0,-1040.0
5.0,142.0,-966.0
-11.0,-138.0,-1059.0
3.0,162.0,-979.0
-33.0,-83.0,-1050.0
-7.0,119.0,-1005.0
-17.0,42.0,-976.0
-46.0,-25.0,-1052.0
7.0,148.0,-1015.0
-29.0,-117.0,-1063.0
-3.0,140.0,-962.0
-7.0,-60.0,-1007.0
-5.0,40.0,-1036.0
-5.0,119.0,-979.0
-29.0,-85.0,-1048.0
0.0,126.0,-1018.0
-48.0,-64.0,-1026.0
17.0,64.0,-983.0
-44.0,115.0,-1001.0
15.0,-83.0,-1048.0
-42.0,150.0,-997.0
3.0,-87.0,-1009.0
-17.0,56.0,-1011.0
-15.0,70.0,-1005.0
-13.0,-60.0,-1042.0
-21.0,165.0,-1020.0
1.0,-58.0,-1024.0
-7.0,52.0,-993.0
-7.0,72.0,-989.0
-42.0,-80.0,-1038.0
0.0,136.0,-1018.0
-21.0,-27.0,-1044.0
-7.0,25.0,-1009.0
-11.0,132.0,-987.0
-11.0,-52.0,-1036.0
-9.0,99.0,-1001.0
-29.0,-9.0,-1022.0
-23.0,-29.0,-1036.0
-21.0,148.0,-997.0
-9.0,-29.0,-1046.0
-17.0,105.0,-1015.0
1.0,80.0,-993.0
-23.0,-93.0,-1046.0
11.0,83.0,-1011.0
-19.0,3.0,-1016.0
-7.0,15.0,-1028.0
-29.0,169.0,-1003.0
-3.0,-66.0,-1034.0
-17.0,21.0,-1016.0
-27.0,93.0,-997.0
-15.0,-60.0,-1016.0
-17.0,152.0,-997.0
-3.0,40.0,-1013.0
-21.0,-35.0,-1032.0
-17.0,109.0,-1003.0
-13.0,-48.0,-1048.0
-13.0,29.0,-1016.0
-7.0,156.0,-977.0
-27.0,-44.0,-1048.0
-21.0,70.0,-1022.0
0.0,33.0,-1009.0
-15.0,-62.0,-1022.0
-15.0,76.0,-985.0
1.0,23.0,-1036.0
-13.0,21.0,-1042.0
-7.0,136.0,-987.0
-13.0,-40.0,-1026.0
-9.0,-15.0,-1028.0
-13.0,60.0,-999.0
-5.0,-15.0,-1018.0
-13.0,68.0,-1007.0
-17.0,87.0,-1024.0
-7.0,-15.0,-1044.0
-25.0,37.0,-995.0
-13.0,0.0,-1011.0
-11.0,-3.0,-1038.0
7.0,56.0,-1011.0
-11.0,46.0,-1005.0
-21.0,54.0,-1001.0
-35.0,25.0,-1005.0
-29.0,0.0,-1034.0
-23.0,21.0,-1046.0
-19.0,5.0,-1013.0
-5.0,23.0,-991.0
0.0,81.0,-991.0
-15.0,31.0,-1032.0
-5.0,31.0,-1026.0
-46.0,13.0,-1032.0
-9.0,-39.0,-1022.0
-15.0,0.0,-1016.0
-15.0,56.0,-1007.0
-11.0,66.0,-1022.0
-13.0,46.0,-1016.0
-33.0,17.0,-1009.0
-5.0,-17.0,-1005.0
-19.0,-5.0,-1024.0
-3.0,17.0,-1036.0
-21.0,62.0,-1016.0
-1.0,42.0,-1003.0
-23.0,9.0,-1020.0
-3.0,21.0,-1016.0
-21.0,-5.0,-1015.0
-11.0,13.0,-1028.0
-23.0,56.0,-1020.0
-9.0,13.0,-1003.0
-7.0,7.0,-1016.0
-15.0,33.0,-1015.0
-19.0,33.0,-1005.0
-15.0,3.0,-1026.0
-17.0,7.0,-1024.0
-9.0,25.0,-1018.0
-3.0,9.0,-1013.0
-21.0,56.0,-1003.0
5.0,56.0,-1001.0
-11.0,11.0,-1022.0
-23.0,-5.0,-1026.0
-21.0,5.0,-1011.0
-15.0,29.0,-1003.0
-17.0,39.0,-1022.0
-5.0,27.0,-1001.0
-27.0,44.0,-1028.0
-3.0,-3.0,-1007.0
-5.0,21.0,-997.0
-1.0,17.0,-993.0
-23.0,46.0,-1011.0
-3.0,3.0,-1032.0
-25.0,13.0,-1030.0
-5.0,58.0,-1011.0
-7.0,40.0,-1015.0
-23.0,13.0,-1024.0
-9.0,0.0,-1009.0
-21.0,44.0,-1013.0
-1.0,7.0,-1026.0
-25.0,46.0,-1016.0
-1.0,29.0,-1007.0
-21.0,31.0,-1026.0
-3.0,5.0,-1026.0
-11.0,5.0,-1003.0
-27.0,46.0,-1024.0
-11.0,17.0,-1011.0
-13.0,3.0,-1015.0
-9.0,5.0,-1020.0
-21.0,44.0,-1028.0
-9.0,7.0,-1005.0
-21.0,25.0,-1009.0
0.0,15.0,-1016.0
-9.0,37.0,-1015.0
-19.0,9.0,-1018.0
-17.0,5.0,-1005.0
-11.0,50.0,-1020.0
-13.0,35.0,-1022.0
-23.0,9.0,-1011.0
-7.0,-7.0,-1022.0
-13.0,31.0,-1024.0
-13.0,31.0,-1011.0
-9.0,29.0,-1013.0
-3.0,9.0,-1016.0
-15.0,39.0,-1026.0
-25.0,9.0,-1015.0
-15.0,7.0,-1030.0
-17.0,15.0,-1015.0
-23.0,23.0,-1015.0
7.0,40.0,-1016.0
-9.0,21.0,-1005.0
-23.0,13.0,-1011.0
-13.0,21.0,-1024.0
-11.0,37.0,-1020.0
-15.0,13.0,-1018.0
-7.0,17.0,-1016.0
-25.0,39.0,-1024.0
-1.0,35.0,-1005.0
-17.0,17.0,-1018.0
1.0,15.0,-1013.0
-17.0,5.0,-1024.0
-19.0,46.0,-1022.0
0.0,40.0,-1020.0
3.0,7.0,-1024.0
-29.0,3.0,-1015.0
-3.0,46.0,-1013.0
-17.0,25.0,-1016.0
-21.0,27.0,-1022.0
-15.0,3.0,-1016.0
-15.0,29.0,-1016.0
-15.0,39.0,-1022.0
-25.0,39.0,-1022.0
3.0,21.0,-1013.0
-5.0,21.0,-1018.0
-21.0,40.0,-1011.0
-5.0,9.0,-1026.0
-11.0,21.0,-1020.0
-3.0,11.0,-1011.0
-11.0,25.0,-999.0
-15.0,60.0,-1016.0
-35.0,27.0,-1026.0
-23.0,9.0,-1016.0
-5.0,9.0,-1020.0
-9.0,23.0,-1009.0
-23.0,35.0,-1015.0
-23.0,37.0,-1024.0
-11.0,33.0,-1013.0
-21.0,9.0,-1013.0
0.0,19.0,-1011.0
-5.0,17.0,-1011.0
-31.0,19.0,-1009.0
-9.0,31.0,-1020.0
-9.0,44.0,-1030.0
-19.0,44.0,-1015.0
-11.0,0.0,-1026.0
-7.0,9.0,-999.0
-1.0,15.0,-1005.0
-19.0,39.0,-1016.0
-5.0,50.0,-1015.0
-11.0,21.0,-1013.0
-15.0,7.0,-1016.0
-19.0,9.0,-1013.0
-19.0,7.0,-1001.0
-19.0,40.0,-1020.0
-13.0,46.0,-1018.0
5.0,27.0,-1011.0
-15.0,3.0,-1026.0
-1.0,9.0,-1007.0
-11.0,17.0,-1022.0
-7.0,31.0,-1020.0
-11.0,35.0,-1018.0
-11.0,31.0,-1018.0
-19.0,9.0,-1018.0
0.0,35.0,-1009.0
-15.0,29.0,-1024.0
-19.0,25.0,-1022.0
-11.0,19.0,-1015.0
-21.0,19.0,-1013.0
-11.0,31.0,-1022.0
-11.0,35.0,-1015.0
-21.0,11.0,-1015.0
-9.0,9.0,-1020.0
-11.0,27.0,-1011.0
-21.0,21.0,-1007.0
-13.0,44.0,-1022.0
-11.0,27.0,-1020.0
-17.0,17.0,-1020.0
-11.0,9.0,-1015.0
-11.0,19.0,-1009.0
-1.0,23.0,-1009.0
-19.0,39.0,-1024.0
-7.0,21.0,-1015.0
-11.0,25.0,-1009.0
-13.0,17.0,-1015.0
-9.0,15.0,-1016.0
-29.0,21.0,-1015.0
-15.0,37.0,-1020.0
-27.0,46.0,-1024.0
0.0,37.0,-1007.0
-17.0,13.0,-1016.0
-7.0,5.0,-1011.0
-13.0,-1.0,-1022.0
-11.0,39.0,-1009.0
-19.0,56.0,-1022.0
-13.0,19.0,-1018.0
-15.0,21.0,-1022.0
-25.0,-3.0,-1013.0
-11.0,9.0,-1016.0
-21.0,42.0,-1016.0
-9.0,40.0,-1009.0
-7.0,25.0,-1003.0
-37.0,15.0,-1024.0
-13.0,5.0,-1013.0
-15.0,25.0,-1020.0
-19.0,25.0,-1022.0
-19.0,42.0,-1020.0
-11.0,25.0,-1022.0
-27.0,31.0,-1018.0
-17.0,3.0,-1003.0
-17.0,9.0,-1018.0
-13.0,29.0,-1018.0
-7.0,39.0,-1015.0
0.0,37.0,-1007.0
-23.0,35.0,-1018.0
-25.0,25.0,-1007.0
0.0,7.0,-1013.0
-23.0,19.0,-1026.0
-13.0,21.0,-1018.0
-7.0,37.0,-1018.0
-15.0,40.0,-1015.0
-21.0,25.0,-1016.0
3.0,-3.0,-1022.0
-27.0,-3.0,-1015.0
-3.0,35.0,-1026.0
-7.0,42.0,-1016.0
-1.0,39.0,-1011.0
-29.0,25.0,-1007.0
5.0,5.0,-1032.0
-17.0,11.0,-1018.0
-27.0,9.0,-1020.0
-11.0,19.0,-1018.0
-5.0,60.0,-1022.0
-11.0,33.0,-1005.0
-7.0,17.0,-1016.0
-19.0,21.0,-1026.0
-21.0,1.0,-1015.0
11.0,13.0,-1022.0
-19.0,29.0,-1015.0
0.0,39.0,-1011.0
-11.0,42.0,-1011.0
-15.0,40.0,-1028.0
-11.0,3.0,-1015.0
-19.0,-3.0,-1005.0
-9.0,-3.0,-1015.0
-5.0,35.0,-1009.0
-27.0,56.0,-1024.0
-7.0,62.0,-1024.0
-3.0,21.0,-1013.0
-15.0,1.0,-1016.0
-19.0,7.0,-1015.0
0.0,19.0,-1016.0
-15.0,27.0,-1013.0
-13.0,31.0,-1018.0
-7.0,35.0,-1016.0
-17.0,25.0,-1016.0
-21.0,25.0,-1030.0
-11.0,5.0,-1009.0
-13.0,17.0,-1009.0
-17.0,25.0,-1026.0
-9.0,21.0,-1011.0
-21.0,15.0,-1013.0
-5.0,40.0,-1016.0
-5.0,31.0,-1011.0
-11.0,21.0,-1020.0
-19.0,21.0,-1022.0
-23.0,23.0,-1005.0
-1.0,15.0,-1015.0
-21.0,25.0,-1018.0
-11.0,29.0,-1016.0
-7.0,21.0,-1016.0
-5.0,35.0,-1015.0
-5.0,35.0,-1028.0
-9.0,25.0,-1020.0
-19.0,15.0,-1026.0
-9.0,9.0,-1024.0
-17.0,40.0,-1005.0
-11.0,31.0,-1026.0
-15.0,42.0,-1015.0
-5.0,17.0,-1015.0
-11.0,23.0,-1013.0
-11.0,17.0,-1011.0
-19.0,23.0,-1020.0
-15.0,21.0,-1016.0
-9.0,11.0,-1007.0
-11.0,15.0,-1016.0
-15.0,29.0,-1016.0
-17.0,35.0,-1007.0
0.0,17.0,-1016.0
-15.0,31.0,-1016.0
-15.0,13.0,-1009.0
-19.0,33.0,-1018.0
-7.0,44.0,-1026.0
-7.0,25.0,-1013.0
-11.0,13.0,-1009.0
-19.0,9.0,-1020.0
-9.0,25.0,-1015.0
-19.0,25.0,-1018.0
-23.0,35.0,-1015.0
-13.0,21.0,-1009.0
-17.0,17.0,-1015.0
-19.0,21.0,-1009.0
-23.0,39.0,-1026.0
-17.0,25.0,-1016.0
-29.0,17.0,-1020.0
-9.0,5.0,-1018.0
-13.0,19.0,-1018.0
-25.0,39.0,-1013.0
-27.0,35.0,-1013.0
-17.0,13.0,-1018.0
-15.0,15.0,-1016.0
-17.0,23.0,-1013.0
0.0,21.0,-1020.0
-21.0,31.0,-1015.0
-29.0,19.0,-1001.0
-5.0,9.0,-1016.0
-13.0,25.0,-1016.0
-17.0,29.0,-1003.0
-11.0,31.0,-1015.0
-17.0,17.0,-1016.0
-21.0,21.0,-1009.0
-9.0,25.0,-1022.0
-11.0,29.0,-1015.0
-17.0,29.0,-1013.0
-7.0,25.0,-1018.0
-11.0,9.0,-1024.0
-13.0,5.0,-1013.0
-13.0,21.0,-1020.0
-7.0,37.0,-1022.0
-15.0,35.0,-1015.0
-1.0,19.0,-1022.0
-17.0,15.0,-1011.0
-9.0,19.0,-1013.0
-11.0,33.0,-1016.0
-3.0,23.0,-1020.0
-21.0,27.0,-1018.0
-17.0,13.0,-1018.0
-21.0,27.0,-1022.0
-1.0,40.0,-1026.0
-5.0,27.0,-1011.0
-15.0,21.0,-1016.0
-7.0,17.0,-1018.0
-3.0,25.0,-1026.0
-15.0,31.0,-1009.0
-9.0,39.0,-1005.0
-9.0,19.0,-1024.0
-15.0,27.0,-1016.0
-17.0,31.0,-1018.0
-11.0,27.0,-1016.0
-9.0,31.0,-1022.0
-11.0,9.0,-1022.0
-21.0,23.0,-1022.0
-13.0,21.0,-1009.0
-19.0,31.0,-1024.0
-17.0,35.0,-1028.0
-9.0,29.0,-1013.0
-13.0,15.0,-1005.0
-25.0,19.0,-1024.0
-15.0,40.0,-1015.0
-13.0,25.0,-1020.0
-13.0,33.0,-1015.0
-13.0,21.0,-1018.0
-11.0,9.0,-1015.0
-1.0,33.0,-1013.0
-21.0,39.0,-1015.0
-5.0,15.0,-1009.0
-29.0,21.0,-1015.0
-17.0,19.0,-1013.0
-21.0,29.0,-1013.0
-11.0,15.0,-1007.0
-15.0,35.0,-1015.0
-1.0,13.0,-1020.0
-13.0,27.0,-1013.0
-11.0,31.0,-1011.0
-11.0,27.0,-1009.0
-7.0,19.0,-1016.0
-13.0,25.0,-1018.0
-23.0,15.0,-1018.0
-3.0,19.0,-1016.0
-7.0,29.0,-1016.0
-7.0,23.0,-1016.0
-15.0,15.0,-1016.0
-11.0,21.0,-1028.0
-9.0,7.0,-1020.0
-29.0,25.0,-1013.0
-11.0,31.0,-1022.0
-5.0,27.0,-1015.0
-15.0,21.0,-1020.0
-21.0,13.0,-1009.0
-7.0,25.0,-1005.0
-13.0,25.0,-1024.0
-13.0,33.0,-1016.0
-17.0,19.0,-1011.0
-1.0,19.0,-1024.0
-13.0,33.0,-1018.0
-9.0,23.0,-1022.0
-15.0,29.0,-1018.0
-11.0,25.0,-1013.0
-19.0,17.0,-1005.0
-3.0,27.0,-1018.0
-25.0,35.0,-1026.0
-5.0,15.0,-1018.0
-15.0,21.0,-1026.0
-21.0,27.0,-1016.0
-21.0,21.0,-1016.0
-9.0,35.0,-1016.0
-23.0,35.0,-1011.0
-11.0,13.0,-1011.0
-11.0,11.0,-1026.0
-19.0,29.0,-1016.0
-9.0,27.0,-1013.0
-11.0,33.0,-1028.0
-11.0,29.0,-1018.0
-15.0,13.0,-1011.0
-5.0,17.0,-1015.0
-17.0,35.0,-1013.0
-11.0,21.0,-1020.0
-15.0,15.0,-1009.0
-11.0,23.0,-1009.0
-19.0,15.0,-1013.0
-13.0,33.0,-1018.0
-21.0,33.0,-1020.0
-19.0,11.0,-1013.0
-3.0,31.0,-1011.0
-11.0,9.0,-1013.0
-15.0,25.0,-1015.0
-13.0,31.0,-1018.0
-5.0,29.0,-1020.0
1.0,9.0,-1009.0
-21.0,13.0,-1022.0
-15.0,23.0,-1013.0
-15.0,25.0,-1020.0
-15.0,23.0,-1022.0
-19.0,17.0,-1016.0
-17.0,19.0,-1016.0
-21.0,31.0,-1015.0
-17.0,37.0,-1018.0
-21.0,23.0,-1007.0
-15.0,17.0,-1022.0
-23.0,21.0,-1015.0
-11.0,21.0,-1018.0
-23.0,39.0,-1016.0
-17.0,25.0,-1016.0
-9.0,25.0,-1011.0
-5.0,13.0,-1024.0
-25.0,21.0,-1015.0
-9.0,19.0,-1024.0
-17.0,37.0,-1015.0
-7.0,25.0,-1015.0
-15.0,15.0,-1016.0
-5.0,21.0,-1016.0
-17.0,21.0,-1007.0
-1.0,25.0,-1011.0
-21.0,25.0,-1013.0
-13.0,25.0,-1011.0
-15.0,19.0,-1011.0
-13.0,35.0,-1016.0
-11.0,25.0,-1003.0
-25.0,19.0,-1016.0
-7.0,17.0,-1028.0
-15.0,33.0,-1015.0
-11.0,29.0,-1009.0
-7.0,17.0,-1020.0
-15.0,25.0,-1009.0
-11.0,15.0,-1015.0
-9.0,25.0,-1016.0
-23.0,37.0,-1011.0
-5.0,23.0,-1007.0
-15.0,25.0,-1015.0
-19.0,25.0,-1013.0
-7.0,19.0,-1022.0
-11.0,25.0,-1015.0
-17.0,31.0,-1016.0
-19.0,21.0,-1020.0
-17.0,29.0,-1015.0
-13.0,25.0,-1007.0
-15.0,21.0,-1018.0
-13.0,27.0,-1015.0
-15.0,29.0,-1022.0
-15.0,13.0,-1015.0
-9.0,19.0,-1026.0
-13.0,33.0,-1005.0
-17.0,19.0,-1009.0
-17.0,31.0,-1018.0
-15.0,21.0,-1018.0
-11.0,21.0,-1007.0
-7.0,19.0,-1016.0
-19.0,29.0,-1026.0
-15.0,15.0,-1024.0
-23.0,37.0,-1018.0
-3.0,13.0,-1013.0
-17.0,19.0,-1020.0
-17.0,31.0,-1020.0
-13.0,31.0,-1018.0
-7.0,19.0,-1015.0
-19.0,19.0,-1030.0
-17.0,29.0,-1013.0
-9.0,27.0,-1020.0
-7.0,33.0,-1022.0
-7.0,21.0,-1024.0
-3.0,19.0,-1016.0
-27.0,23.0,-1020.0
-9.0,40.0,-1016.0
-3.0,15.0,-1016.0
-15.0,23.0,-1022.0
-13.0,19.0,-1011.0
-9.0,21.0,-1015.0
-9.0,29.0,-1022.0
-1.0,21.0,-1009.0
-3.0,21.0,-1016.0
-17.0,29.0,-1022.0
-11.0,29.0,-1013.0
-7.0,23.0,-1011.0
-13.0,29.0,-1018.0
-15.0,19.0,-1011.0
-5.0,23.0,-1020.0
-13.0,25.0,-1018.0
-13.0,31.0,-1009.0
-13.0,27.0,-1003.0
-11.0,39.0,-1013.0
-21.0,21.0,-1015.0
-11.0,11.0,-1011.0
-11.0,21.0,-1015.0
-17.0,35.0,-1020.0
-13.0,17.0,-1016.0
-13.0,29.0,-1011.0
-19.0,29.0,-1013.0
-13.0,29.0,-1015.0
-17.0,33.0,-1015.0
-15.0,15.0,-1015.0
-11.0,9.0,-1016.0
-17.0,23.0,-1022.0
-9.0,31.0,-1013.0
-21.0,25.0,-1011.0
-21.0,31.0,-1028.0
-11.0,19.0,-1005.0
-19.0,19.0,-1018.0
-25.0,31.0,-1020.0
-21.0,27.0,-1011.0
-15.0,21.0,-1011.0
-29.0,27.0,-1013.0
-15.0,17.0,-1005.0
-31.0,19.0,-1015.0
-11.0,25.0,-1020.0
-7.0,17.0,-1016.0
-7.0,21.0,-1015.0
-11.0,17.0,-1024.0
-5.0,21.0,-1009.0
-1.0,23.0,-1011.0
-11.0,29.0,-1016.0
-9.0,15.0,-1013.0
-17.0,13.0,-1020.0
-13.0,19.0,-1013.0
-23.0,29.0,-1011.0
-3.0,17.0,-1016.0
-19.0,31.0,-1022.0
-9.0,15.0,-1020.0
-5.0,21.0,-1011.0
-17.0,37.0,-1024.0
-21.0,23.0,-1013.0
-9.0,13.0,-1020.0
-13.0,23.0,-1026.0
-9.0,17.0,-1018.0
-17.0,25.0,-1018.0
-17.0,29.0,-1030.0
-17.0,33.0,-1013.0
-9.0,19.0,-1009.0
-17.0,19.0,-1015.0
-17.0,25.0,-1018.0
-17.0,25.0,-1009.0
-15.0,29.0,-1034.0
-13.0,21.0,-1015.0
-15.0,19.0,-1001.0
-11.0,27.0,-1007.0
-21.0,21.0,-1009.0
-21.0,19.0,-1018.0
-21.0,27.0,-1009.0
-21.0,29.0,-1016.0
-17.0,15.0,-1007.0
-15.0,37.0,-1024.0
-5.0,19.0,-1016.0
-9.0,15.0,-1015.0
-21.0,25.0,-1022.0
-13.0,31.0,-1011.0
-11.0,35.0,-1018.0
-9.0,27.0,-1016.0
-23.0,27.0,-1011.0
-21.0,11.0,-1022.0
-17.0,21.0,-1026.0
-15.0,21.0,-1026.0
-13.0,19.0,-1020.0
-21.0,35.0,-1022.0
-9.0,7.0,-1013.0
-13.0,15.0,-1015.0
-23.0,25.0,-1022.0
-11.0,23.0,-1015.0
-7.0,15.0,-1026.0
-15.0,21.0,-1024.0
-11.0,15.0,-1015.0
-9.0,19.0,-1015.0
-23.0,35.0,-1024.0
-7.0,25.0,-1007.0
-7.0,15.0,-1016.0
-11.0,21.0,-1022.0
0.0,25.0,-1013.0
-7.0,19.0,-1022.0
-3.0,31.0,-1015.0
-13.0,25.0,-1013.0
-5.0,19.0,-1020.0
-3.0,17.0,-1016.0
-3.0,37.0,-1013.0
-17.0,29.0,-1013.0
-13.0,29.0,-1011.0
-7.0,13.0,-1013.0
-7.0,17.0,-1015.0
-21.0,39.0,-1022.0
-11.0,29.0,-1009.0
-25.0,19.0,-1013.0
-1.0,15.0,-1022.0
-9.0,19.0,-1018.0
-13.0,25.0,-1024.0
-13.0,21.0,-1016.0
-7.0,21.0,-1018.0
-11.0,17.0,-1026.0
-15.0,25.0,-1022.0
-15.0,27.0,-1013.0
-15.0,15.0,-1026.0
-9.0,25.0,-1015.0
-3.0,13.0,-1013.0
-11.0,23.0,-1015.0
-13.0,31.0,-1020.0
-21.0,15.0,-1016.0
-15.0,15.0,-1011.0
-23.0,25.0,-1015.0
-9.0,21.0,-1013.0
-21.0,17.0,-1016.0
-25.0,29.0,-1018.0
-9.0,15.0,-1020.0
-13.0,13.0,-1007.0
-21.0,23.0,-1016.0
-11.0,15.0,-1013.0
-25.0,19.0,-1015.0
-15.0,31.0,-1015.0
-11.0,25.0,-1007.0
-15.0,15.0,-1028.0
-21.0,27.0,-1020.0
-19.0,23.0,-1013.0
-21.0,19.0,-1005.0
-15.0,15.0,-1020.0
-15.0,9.0,-1020.0
-17.0,21.0,-1022.0
-21.0,31.0,-1022.0
-15.0,19.0,-1016.0
-13.0,19.0,-1013.0
-19.0,19.0,-1015.0
-13.0,25.0,-1016.0
-1.0,25.0,-1024.0
0.0,31.0,-1015.0
-5.0,21.0,-1018.0
-5.0,15.0,-1015.0
-13.0,15.0,-1016.0
-13.0,33.0,-1022.0
-11.0,25.0,-1011.0
-11.0,27.0,-1011.0
-13.0,21.0,-1003.0
-17.0,21.0,-1022.0
-13.0,37.0,-1018.0
-15.0,31.0,-1007.0
-3.0,25.0,-1016.0
-5.0,25.0,-1020.0
-17.0,23.0,-1011.0
-21.0,33.0,-1022.0
-7.0,31.0,-1022.0
-17.0,31.0,-1016.0
-7.0,17.0,-1020.0
-9.0,25.0,-1018.0
-11.0,21.0,-1011.0
-17.0,33.0,-1011.0
-17.0,31.0,-1020.0
-5.0,15.0,-1016.0
-29.0,9.0,-1018.0
-19.0,33.0,-1020.0
-17.0,37.0,-1018.0
-21.0,27.0,-1018.0
-11.0,31.0,-1020.0
-23.0,21.0,-1011.0
-11.0,31.0,-1020.0
-17.0,31.0,-1018.0
-11.0,21.0,-1015.0
-5.0,21.0,-1013.0
-11.0,23.0,-1018.0
-15.0,27.0,-1005.0
-13.0,31.0,-1018.0
-9.0,25.0,-1011.0
-5.0,19.0,-1013.0
-13.0,17.0,-1020.0
-11.0,31.0,-1020.0
0.0,25.0,-1018.0
-3.0,31.0,-1015.0
-11.0,25.0,-1009.0
-13.0,9.0,-1009.0
-17.0,23.0,-1020.0
-13.0,31.0,-1015.0
-21.0,35.0,-1011.0
-17.0,19.0,-1013.0
-9.0,23.0,-1018.0
-13.0,23.0,-1016.0
-15.0,19.0,-1020.0
-13.0,23.0,-1022.0
-13.0,11.0,-1007.0
-13.0,13.0,-1018.0
-17.0,23.0,-1022.0
-29.0,19.0,-1015.0
-9.0,21.0,-1016.0
-5.0,31.0,-1015.0
-9.0,15.0,-1020.0
-13.0,15.0,-1028.0
-9.0,33.0,-1015.0
-11.0,25.0,-1013.0
-15.0,19.0,-1018.0
-19.0,13.0,-1013.0
-19.0,9.0,-1005.0
-23.0,27.0,-1016.0
-15.0,29.0,-1015.0
-17.0,11.0,-1016.0
-5.0,11.0,-1015.0
-11.0,15.0,-1018.0
-13.0,13.0,-1007.0
-17.0,19.0,-1016.0
-7.0,29.0,-1020.0
-9.0,15.0,-1013.0
-17.0,17.0,-1018.0
-7.0,23.0,-1018.0
-19.0,21.0,-1011.0
-19.0,21.0,-1022.0
-19.0,31.0,-1016.0
5.0,19.0,-1007.0
-15.0,21.0,-1018.0
-15.0,33.0,-1011.0
-17.0,25.0,-1007.0
-15.0,19.0,-1024.0
-11.0,13.0,-1024.0
-11.0,13.0,-1016.0
-17.0,35.0,-1016.0
-15.0,27.0,-1028.0
-7.0,17.0,-1011.0
-9.0,15.0,-1024.0
-15.0,21.0,-1016.0
-11.0,31.0,-1015.0
-5.0,27.0,-1020.0
-13.0,37.0,-1016.0
-17.0,19.0,-1011.0
-13.0,35.0,-1026.0
-11.0,35.0,-1018.0
-9.0,23.0,-1013.0
-13.0,25.0,-1024.0
-21.0,35.0,-1005.0
-13.0,21.0,-1005.0
-11.0,35.0,-1013.0
-21.0,35.0,-1016.0
-5.0,23.0,-1005.0
-9.0,15.0,-1018.0
-15.0,29.0,-1016.0
-13.0,29.0,-1013.0
-13.0,25.0,-1028.0
-15.0,31.0,-1015.0
-15.0,21.0,-1013.0
-3.0,23.0,-1022.0
-19.0,31.0,-1013.0
-11.0,27.0,-1015.0
-5.0,33.0,-1018.0
-7.0,25.0,-1024.0
-15.0,21.0,-1013.0
-17.0,29.0,-1032.0
-21.0,33.0,-1020.0
-11.0,23.0,-1009.0
-21.0,21.0,-1024.0
-11.0,13.0,-1020.0
-15.0,13.0,-1018.0
-5.0,15.0,-1028.0
-9.0,27.0,-1016.0
-17.0,25.0,-1013.0
-11.0,7.0,-1013.0
-23.0,35.0,-1015.0
-19.0,19.0,-1015.0
-19.0,37.0,-1022.0
-7.0,19.0,-1013.0
-21.0,23.0,-1011.0
-13.0,17.0,-1013.0
-15.0,29.0,-1016.0
-7.0,19.0,-1009.0
-17.0,17.0,-1009.0
-13.0,17.0,-1013.0
-13.0,15.0,-1009.0
-25.0,27.0,-1018.0
-9.0,35.0,-1013.0
-15.0,25.0,-1016.0
-15.0,19.0,-1016.0
0.0,21.0,-1016.0
-9.0,19.0,-1015.0
-19.0,25.0,-1024.0
-15.0,25.0,-1018.0
-11.0,15.0,-1009.0
-9.0,25.0,-1020.0
-9.0,35.0,-1013.0
-21.0,17.0,-1016.0
-15.0,25.0,-1024.0
-9.0,21.0,-1016.0
-13.0,17.0,-1024.0
-13.0,31.0,-1009.0
-5.0,40.0,-1009.0
-3.0,25.0,-1016.0
-13.0,31.0,-1022.0
-1.0,19.0,-1018.0
-9.0,13.0,-1018.0
-21.0,31.0,-1018.0
-17.0,33.0,-1015.0
-11.0,31.0,-1013.0
-9.0,19.0,-1016.0
-15.0,29.0,-1018.0
-17.0,17.0,-1013.0
-21.0,31.0,-1011.0
-17.0,21.0,-1013.0
-7.0,29.0,-1016.0
-15.0,21.0,-1020.0
-3.0,25.0,-1018.0
-17.0,31.0,-1013.0
-15.0,29.0,-1020.0
-11.0,21.0,-1018.0
-15.0,21.0,-1011.0
-17.0,35.0,-1024.0
-15.0,25.0,-1011.0
-23.0,15.0,-1013.0
-21.0,19.0,-1026.0
-5.0,29.0,-1015.0
-11.0,33.0,-1018.0
-13.0,33.0,-1028.0
-25.0,27.0,-1011.0
-11.0,25.0,-1020.0
-11.0,21.0,-1011.0
-19.0,31.0,-1011.0
-7.0,29.0,-1011.0
-15.0,42.0,-1024.0
-9.0,29.0,-1022.0
-17.0,15.0,-1020.0
-7.0,23.0,-1013.0
-13.0,23.0,-1013.0
-1.0,25.0,-1016.0
-13.0,19.0,-1016.0
-3.0,29.0,-1020.0
-7.0,17.0,-1022.0
-13.0,31.0,-1013.0
-15.0,31.0,-1020.0
-7.0,19.0,-1016.0
-9.0,19.0,-1020.0
-17.0,25.0,-1020.0
-17.0,23.0,-1007.0
-15.0,23.0,-1024.0
-7.0,25.0,-1007.0
-13.0,-3.0,-1015.0
-11.0,17.0,-1022.0
-17.0,29.0,-1015.0
-15.0,21.0,-1016.0
-7.0,31.0,-1020.0
-15.0,19.0,-1015.0
-15.0,17.0,-1013.0
-5.0,21.0,-1028.0
-7.0,19.0,-1013.0
-13.0,19.0,-1028.0
-13.0,17.0,-1024.0
-15.0,21.0,-1018.0
-23.0,15.0,-1013.0
-13.0,25.0,-1024.0
-15.0,25.0,-1020.0
-1.0,15.0,-1016.0
-11.0,31.0,-1022.0
0.0,27.0,-1013.0
-9.0,25.0,-1016.0
-11.0,27.0,-1020.0
-9.0,27.0,-1013.0
-11.0,23.0,-1020.0
-15.0,33.0,-1026.0
-13.0,31.0,-1018.0
-15.0,21.0,-1005.0
-13.0,25.0,-1018.0
-15.0,21.0,-1018.0
-25.0,21.0,-1009.0
-19.0,35.0,-1022.0
-17.0,21.0,-1020.0
-9.0,31.0,-1015.0
-11.0,19.0,-1020.0
-17.0,29.0,-1013.0
-13.0,21.0,-1018.0
-15.0,35.0,-1020.0
-21.0,27.0,-1015.0
-13.0,11.0,-1020.0
-17.0,23.0,-1020.0
-13.0,35.0,-1015.0
-21.0,25.0,-1013.0
-5.0,25.0,-1024.0
-15.0,29.0,-1020.0
-15.0,19.0,-1015.0
-13.0,35.0,-1011.0
-27.0,27.0,-1015.0
-5.0,25.0,-1016.0
-13.0,21.0,-1022.0
-19.0,17.0,-1015.0
-5.0,31.0,-1016.0
-19.0,31.0,-1015.0
-17.0,33.0,-1009.0
-13.0,19.0,-1020.0
-7.0,23.0,-1016.0
-3.0,31.0,-1013.0
-13.0,21.0,-1013.0
-15.0,27.0,-1028.0
-7.0,27.0,-1016.0
-13.0,17.0,-1015.0
-11.0,31.0,-1011.0
-5.0,29.0,-1022.0
-13.0,15.0,-1013.0
-19.0,25.0,-1020.0
-9.0,17.0,-1011.0
-15.0,29.0,-1020.0
-19.0,33.0,-1020.0
-7.0,19.0,-1018.0
-15.0,11.0,-1018.0
-11.0,15.0,-1018.0
-11.0,29.0,-1005.0
-9.0,23.0,-1015.0
-19.0,27.0,-1022.0
-17.0,25.0,-1018.0
-11.0,5.0,-1018.0
-11.0,25.0,-1018.0
-21.0,29.0,-1016.0
-23.0,19.0,-1018.0
-19.0,29.0,-1018.0
-11.0,17.0,-1009.0
-13.0,17.0,-1018.0
-13.0,35.0,-1020.0
-5.0,29.0,-1007.0
-17.0,19.0,-1022.0
-17.0,17.0,-1018.0
-19.0,21.0,-1013.0
-9.0,31.0,-1015.0
-11.0,31.0,-1020.0
-11.0,23.0,-1011.0
-11.0,13.0,-1013.0
-15.0,17.0,-1005.0
-7.0,27.0,-1005.0
-13.0,25.0,-1016.0
-13.0,29.0,-1015.0
-19.0,15.0,-1009.0
-11.0,7.0,-1013.0
-7.0,31.0,-1013.0
1.0,33.0,-1016.0
-9.0,23.0,-1015.0
-15.0,25.0,-1007.0
-9.0,9.0,-1016.0
-17.0,29.0,-1015.0
-5.0,39.0,-1020.0
-11.0,27.0,-1015.0
-5.0,25.0,-1018.0
-13.0,21.0,-1020.0
-1.0,29.0,-1022.0
-11.0,29.0,-1015.0
-21.0,31.0,-1018.0
-9.0,17.0,-1013.0
-13.0,15.0,-1018.0
-15.0,19.0,-1013.0
-17.0,27.0,-1024.0
-17.0,21.0,-1016.0
-13.0,35.0,-1018.0
-25.0,21.0,-1011.0
-19.0,17.0,-1020.0
-23.0,27.0,-1024.0
-17.0,19.0,-1016.0
-19.0,23.0,-1020.0
-13.0,21.0,-1009.0
-7.0,31.0,-1007.0
-13.0,21.0,-1022.0
-9.0,29.0,-1013.0
-13.0,23.0,-1013.0
-7.0,15.0,-1015.0
-13.0,25.0,-1018.0
-17.0,23.0,-1015.0
-13.0,23.0,-1022.0
-21.0,23.0,-1022.0
-21.0,15.0,-1015.0
-13.0,17.0,-1018.0
-21.0,33.0,-1015.0
-5.0,27.0,-1015.0
-15.0,19.0,-1015.0
-17.0,27.0,-1020.0
-13.0,13.0,-1005.0
-19.0,17.0,-1022.0
-15.0,29.0,-1016.0
-1.0,25.0,-1009.0
-13.0,19.0,-1015.0
-17.0,21.0,-1018.0
-7.0,25.0,-1013.0
-15.0,29.0,-1015.0
-9.0,25.0,-1016.0
-17.0,21.0,-1015.0
-11.0,17.0,-1018.0
-13.0,27.0,-1009.0
-21.0,27.0,-1005.0
-21.0,25.0,-1020.0
-15.0,27.0,-1022.0
-21.0,19.0,-1018.0
-11.0,19.0,-1018.0
-11.0,37.0,-1015.0
-9.0,31.0,-1007.0
-7.0,25.0,-1018.0
-13.0,19.0,-1018.0
-7.0,17.0,-1016.0
-15.0,33.0,-1020.0
-21.0,33.0,-1024.0
-13.0,21.0,-1007.0
-23.0,17.0,-1015.0
-19.0,21.0,-1028.0
-5.0,27.0,-1020.0
-7.0,29.0,-1022.0
-17.0,35.0,-1022.0
-5.0,21.0,-1015.0
-21.0,27.0,-1013.0
-13.0,23.0,-1022.0
-7.0,27.0,-1009.0
-17.0,31.0,-1016.0
-13.0,25.0,-1011.0
-21.0,19.0,-1013.0
-15.0,31.0,-1022.0
-5.0,33.0,-1022.0
-11.0,15.0,-1016.0
-13.0,17.0,-1018.0
-13.0,23.0,-1015.0
-9.0,23.0,-1016.0
-25.0,31.0,-1011.0
-5.0,25.0,-1015.0
-13.0,13.0,-1015.0
-11.0,13.0,-1018.0
-21.0,31.0,-1018.0
-13.0,23.0,-1030.0
-15.0,23.0,-1026.0
-11.0,29.0,-1024.0
-13.0,19.0,-1005.0
-21.0,21.0,-1016.0
-7.0,40.0,-1022.0
-5.0,21.0,-1009.0
-11.0,29.0,-1028.0
-13.0,21.0,-1016.0
-13.0,21.0,-1005.0
-17.0,25.0,-1026.0
-19.0,17.0,-1022.0
-17.0,19.0,-1009.0
-19.0,15.0,-1018.0
-19.0,19.0,-1020.0
-15.0,29.0,-1007.0
-15.0,21.0,-1011.0
-15.0,23.0,-1013.0
-17.0,11.0,-1016.0
-11.0,17.0,-1022.0
-5.0,25.0,-1016.0
-13.0,23.0,-1005.0
-17.0,23.0,-1022.0
-9.0,19.0,-1016.0
-11.0,21.0,-1007.0
-17.0,23.0,-1015.0
-5.0,31.0,-1016.0
-11.0,27.0,-1009.0
-17.0,15.0,-1015.0
-15.0,23.0,-1024.0
-13.0,21.0,-1015.0
-19.0,23.0,-1011.0
-19.0,25.0,-1007.0
-9.0,13.0,-1018.0
-15.0,17.0,-1016.0
-19.0,29.0,-1016.0
-15.0,17.0,-1018.0
-5.0,25.0,-1018.0
-15.0,33.0,-1020.0
-9.0,13.0,-1009.0
-13.0,35.0,-1026.0
-13.0,39.0,-1016.0
-15.0,27.0,-1009.0
-7.0,15.0,-1016.0
-7.0,21.0,-1016.0
-29.0,23.0,-1020.0
-11.0,25.0,-1011.0
-17.0,25.0,-1015.0
-15.0,19.0,-1005.0
-11.0,19.0,-1022.0
-15.0,29.0,-1015.0
-17.0,23.0,-1013.0
-13.0,27.0,-1026.0
-21.0,27.0,-1005.0
-5.0,15.0,-1015.0
-11.0,17.0,-1022.0
-1.0,35.0,-1015.0
-9.0,23.0,-1011.0
-21.0,29.0,-1032.0
-13.0,21.0,-1015.0
-3.0,15.0,-1016.0
-17.0,29.0,-1024.0
-15.0,37.0,-1015.0
-11.0,19.0,-1015.0
-7.0,21.0,-1024.0
-19.0,23.0,-1007.0
-5.0,21.0,-1009.0
-17.0,33.0,-1022.0
-5.0,23.0,-1022.0
-23.0,15.0,-1005.0
-7.0,19.0,-1020.0
-9.0,23.0,-1013.0
-23.0,23.0,-1015.0
-21.0,29.0,-1015.0
-15.0,21.0,-1011.0
-15.0,19.0,-1005.0
-19.0,29.0,-1009.0
-13.0,31.0,-1013.0
-9.0,23.0,-1013.0
-15.0,31.0,-1020.0
-17.0,21.0,-1011.0
-15.0,19.0,-1011.0
-21.0,31.0,-1022.0
-15.0,21.0,-1009.0
-17.0,19.0,-1013.0
-21.0,17.0,-1016.0
-19.0,33.0,-1020.0
-11.0,27.0,-1016.0
-13.0,19.0,-1011.0
-23.0,25.0,-1026.0
-11.0,13.0,-1022.0
-17.0,29.0,-1026.0
-7.0,29.0,-1022.0
-9.0,23.0,-1015.0
-11.0,31.0,-1024.0
-3.0,17.0,-1015.0
-11.0,21.0,-1013.0
-19.0,29.0,-1020.0
-21.0,27.0,-1013.0
-13.0,21.0,-1005.0
-17.0,15.0,-1013.0
-15.0,19.0,-1018.0
-11.0,25.0,-1020.0
-7.0,31.0,-1022.0
-21.0,29.0,-1013.0
-7.0,5.0,-1018.0
-13.0,17.0,-1018.0
-17.0,25.0,-1013.0
-17.0,21.0,-1015.0
-15.0,29.0,-1020.0
-5.0,31.0,-1018.0
-7.0,21.0,-1011.0
-21.0,25.0,-1011.0
-15.0,27.0,-1009.0
-11.0,19.0,-1016.0
-19.0,27.0,-1020.0
-11.0,21.0,-1018.0
-13.0,25.0,-1016.0
-9.0,31.0,-1024.0
-11.0,21.0,-1028.0
-9.0,19.0,-1018.0
-11.0,19.0,-1028.0
-17.0,35.0,-1020.0
-13.0,27.0,-1011.0
-25.0,27.0,-1020.0
-13.0,25.0,-1016.0
-15.0,13.0,-1018.0
-17.0,25.0,-1018.0
-21.0,31.0,-1016.0
-13.0,25.0,-1013.0
-11.0,25.0,-1009.0
-21.0,31.0,-1015.0
-19.0,15.0,-1011.0
-17.0,27.0,-1015.0
-23.0,25.0,-1020.0
-9.0,31.0,-1013.0
-11.0,25.0,-1018.0
-11.0,23.0,-1018.0
-15.0,27.0,-1015.0
-23.0,31.0,-1013.0
-19.0,21.0,-1022.0
-13.0,17.0,-1020.0
-19.0,21.0,-1020.0
-9.0,37.0,-1007.0
-7.0,21.0,-1015.0
-5.0,25.0,-1024.0
-11.0,25.0,-1011.0
-13.0,15.0,-1018.0
-21.0,25.0,-1022.0
-15.0,21.0,-1020.0
-13.0,15.0,-1022.0
-15.0,25.0,-1020.0
-25.0,13.0,-1022.0
-23.0,21.0,-1024.0
-13.0,31.0,-1022.0
-3.0,37.0,-1024.0
-7.0,17.0,-1018.0
-15.0,19.0,-1015.0
-11.0,27.0,-1015.0
-13.0,23.0,-1022.0
-21.0,25.0,-1024.0
-11.0,15.0,-1024.0
-13.0,15.0,-1020.0
-17.0,29.0,-1028.0
-13.0,33.0,-1015.0
-11.0,19.0,-1018.0
-11.0,13.0,-1020.0
-1.0,17.0,-1013.0
-19.0,15.0,-1011.0
-15.0,29.0,-1026.0
-11.0,25.0,-1009.0
-7.0,11.0,-1009.0
-9.0,15.0,-1018.0
-23.0,9.0,-1018.0
-15.0,21.0,-1005.0
-11.0,27.0,-1020.0
-11.0,25.0,-1028.0
-15.0,11.0,-1013.0
-21.0,23.0,-1028.0
-13.0,25.0,-1013.0
-19.0,19.0,-1026.0
-15.0,31.0,-1024.0
-7.0,19.0,-1013.0
-17.0,15.0,-1016.0
-17.0,31.0,-1028.0
-17.0,27.0,-1015.0
-13.0,17.0,-1013.0
-23.0,17.0,-1016.0
-7.0,31.0,-1018.0
-9.0,31.0,-1015.0
-13.0,35.0,-1022.0
-25.0,31.0,-1022.0
-3.0,19.0,-1018.0
-19.0,13.0,-1018.0
-17.0,25.0,-1018.0
-17.0,29.0,-1007.0
-21.0,31.0,-1011.0
-13.0,23.0,-1007.0
-17.0,7.0,-1011.0
-11.0,31.0,-1022.0
-19.0,33.0,-1016.0
-23.0,23.0,-1015.0
-11.0,23.0,-1024.0
-15.0,13.0,-1015.0
-11.0,17.0,-1016.0
-13.0,29.0,-1026.0
-9.0,19.0,-1020.0
-13.0,15.0,-1016.0
-21.0,17.0,-1016.0
-11.0,11.0,-1022.0
-19.0,29.0,-1026.0
-21.0,23.0,-1032.0
-11.0,15.0,-1024.0
11.0,7.0,-1032.0
-15.0,11.0,-1056.0
3.0,40.0,-1038.0
0.0,50.0,-1065.0
-39.0,13.0,-1083.0
0.0,-40.0,-1057.0
-35.0,50.0,-1052.0
232.0,117.0,-1038.0
9.0,81.0,-1128.0
722.0,13.0,-823.0
1235.0,-35.0,-812.0
437.0,222.0,-1464.0
1506.0,-165.0,-974.0
1438.0,103.0,-1079.0
1713.0,11.0,-1147.0
1684.0,-7.0,-1239.0
1577.0,146.0,-1177.0
1901.0,-31.0,-907.0
1682.0,7.0,-1102.0
1717.0,-74.0,-1024.0
1458.0,81.0,-1128.0
1731.0,27.0,-952.0
1262.0,33.0,-1063.0
1626.0,-62.0,-802.0
1237.0,130.0,-958.0
1389.0,115.0,-792.0
1153.0,-74.0,-747.0
1155.0,-44.0,-870.0
1044.0,115.0,-917.0
1005.0,113.0,-927.0
1112.0,5.0,-825.0
1016.0,-21.0,-1007.0
1108.0,132.0,-972.0
1015.0,60.0,-1020.0
1147.0,33.0,-1001.0
1056.0,31.0,-1141.0
1134.0,173.0,-1169.0
1067.0,66.0,-1118.0
1061.0,-5.0,-1075.0
1245.0,-15.0,-1054.0
1087.0,238.0,-1081.0
1177.0,175.0,-1044.0
1040.0,81.0,-1095.0
1264.0,-72.0,-1059.0
1091.0,228.0,-1180.0
1333.0,230.0,-997.0
1262.0,19.0,-1013.0
1477.0,-68.0,-970.0
1393.0,183.0,-1063.0
1407.0,154.0,-1042.0
1348.0,-48.0,-1032.0
1382.0,-167.0,-1071.0
1255.0,52.0,-1036.0
1173.0,-89.0,-872.0
1200.0,-68.0,-741.0
1339.0,-17.0,-767.0
1188.0,201.0,-854.0
1266.0,236.0,-823.0
1339.0,-62.0,-862.0
1249.0,-171.0,-1020.0
1253.0,39.0,-1003.0
1214.0,-29.0,-870.0
1167.0,-9.0,-790.0
1346.0,-122.0,-823.0
1182.0,310.0,-895.0
1212.0,378.0,-935.0
1194.0,58.0,-1095.0
1167.0,-191.0,-1171.0
1056.0,-162.0,-1208.0
1061.0,39.0,-1042.0
1085.0,9.0,-936.0
1059.0,163.0,-952.0
946.0,333.0,-1022.0
821.0,425.0,-995.0
648.0,152.0,-1169.0
661.0,-169.0,-1260.0
484.0,158.0,-1216.0
437.0,124.0,-1073.0
347.0,64.0,-915.0
448.0,-81.0,-960.0
265.0,85.0,-981.0
335.0,242.0,-972.0
224.0,134.0,-1163.0
169.0,-35.0,-1221.0
203.0,-29.0,-1130.0
171.0,0.0,-972.0
224.0,-52.0,-936.0
232.0,-95.0,-847.0
89.0,-64.0,-964.0
152.0,236.0,-1063.0
19.0,138.0,-1085.0
19.0,-48.0,-1116.0
122.0,165.0,-1005.0
177.0,-70.0,-993.0
167.0,-52.0,-866.0
195.0,-89.0,-884.0
310.0,-54.0,-1075.0
134.0,204.0,-1038.0
212.0,80.0,-1046.0
179.0,-27.0,-1046.0
275.0,-50.0,-1038.0
195.0,-249.0,-983.0
162.0,-185.0,-960.0
167.0,-7.0,-993.0
132.0,136.0,-1054.0
74.0,357.0,-1036.0
111.0,261.0,-1007.0
212.0,-152.0,-997.0
169.0,-81.0,-997.0
185.0,46.0,-1032.0
87.0,70.0,-1042.0
230.0,-5.0,-999.0
72.0,113.0,-991.0
27.0,142.0,-987.0
-50.0,-122.0,-1042.0
-42.0,103.0,-1032.0
-62.0,-31.0,-1054.0
-124.0,85.0,-1065.0
-58.0,70.0,-952.0
39.0,103.0,-958.0
15.0,191.0,-999.0
-25.0,210.0,-1042.0
-15.0,-97.0,-1056.0
23.0,-11.0,-1030.0
-31.0,-44.0,-1034.0
-66.0,23.0,-1022.0
-64.0,134.0,-987.0
-97.0,58.0,-1013.0
-35.0,-60.0,-1036.0
-232.0,-1.0,-1052.0
-95.0,-80.0,-1020.0
-85.0,87.0,-1016.0
-81.0,121.0,-989.0
-56.0,146.0,-976.0
-76.0,54.0,-1018.0
-107.0,-124.0,-1075.0
-91.0,-37.0,-1026.0
-181.0,-214.0,-1048.0
-132.0,-44.0,-1013.0
-124.0,263.0,-921.0
-124.0,-13.0,-1001.0
-183.0,111.0,-995.0
-78.0,52.0,-1009.0
-347.0,-163.0,-1071.0
-187.0,-109.0,-1007.0
-333.0,-111.0,-1118.0
-443.0,50.0,-987.0
-445.0,218.0,-866.0
-540.0,171.0,-1046.0
-642.0,204.0,-1024.0
-607.0,-70.0,-958.0
-507.0,-136.0,-974.0
-568.0,62.0,-1059.0
-581.0,31.0,-1056.0
-413.0,121.0,-915.0
-417.0,136.0,-1013.0
-269.0,37.0,-1013.0
-370.0,216.0,-1038.0
-173.0,-13.0,-1059.0
-242.0,-91.0,-1110.0
-177.0,-89.0,-1061.0
-226.0,35.0,-1091.0
-150.0,242.0,-1048.0
-259.0,173.0,-1036.0
-101.0,-50.0,-1020.0
-263.0,58.0,-1038.0
-60.0,-40.0,-948.0
-191.0,85.0,-985.0
-78.0,-19.0,-1003.0
-212.0,74.0,-977.0
-140.0,60.0,-950.0
-113.0,138.0,-917.0
-80.0,-152.0,-936.0
-214.0,-29.0,-958.0
-101.0,-52.0,-895.0
-148.0,29.0,-1048.0
-224.0,122.0,-981.0
-128.0,-39.0,-999.0
-244.0,126.0,-1040.0
-283.0,-46.0,-1046.0
-214.0,-54.0,-976.0
-259.0,-81.0,-1022.0
-283.0,-62.0,-1036.0
-343.0,197.0,-1038.0
-249.0,99.0,-1030.0
-320.0,-25.0,-1036.0
-331.0,-42.0,-1065.0
-427.0,-33.0,-1036.0
-263.0,-7.0,-1059.0
-341.0,62.0,-1083.0
-368.0,70.0,-1071.0
-437.0,191.0,-1093.0
-271.0,113.0,-1093.0
-335.0,109.0,-1114.0
-329.0,-15.0,-1073.0
-294.0,-111.0,-1016.0
-138.0,-3.0,-1018.0
-259.0,146.0,-1087.0
-253.0,11.0,-1030.0
-265.0,91.0,-993.0
-83.0,-62.0,-958.0
-396.0,21.0,-1059.0
-341.0,70.0,-956.0
-255.0,-29.0,-933.0
-341.0,109.0,-1009.0
-355.0,62.0,-1016.0
-339.0,52.0,-964.0
-269.0,-25.0,-944.0
-325.0,-89.0,-952.0
-232.0,130.0,-977.0
-349.0,-5.0,-954.0
-310.0,54.0,-981.0
-226.0,15.0,-972.0
-361.0,136.0,-1011.0
-349.0,-54.0,-962.0
-306.0,-48.0,-997.0
-298.0,-72.0,-1026.0
-448.0,91.0,-1085.0
-273.0,128.0,-1009.0
-339.0,107.0,-1046.0
-390.0,11.0,-1044.0
-255.0,-48.0,-1056.0
-394.0,39.0,-1081.0
-314.0,21.0,-1038.0
-325.0,1.0,-1046.0
-273.0,83.0,-1018.0
-290.0,111.0,-997.0
-218.0,35.0,-989.0
-277.0,-9.0,-1056.0
-195.0,0.0,-1067.0
-269.0,-9.0,-1065.0
-218.0,-9.0,-1032.0
-214.0,-54.0,-1028.0
-327.0,132.0,-1032.0
-226.0,74.0,-1009.0
-265.0,-13.0,-1003.0
-316.0,-50.0,-1015.0
-318.0,-17.0,-1015.0
-261.0,101.0,-931.0
-318.0,64.0,-987.0
-281.0,23.0,-983.0
-216.0,124.0,-966.0
-265.0,72.0,-1028.0
-286.0,15.0,-991.0
-224.0,-95.0,-979.0
-298.0,-29.0,-1052.0
-242.0,56.0,-1050.0
-325.0,21.0,-1050.0
-253.0,-25.0,-1018.0
-296.0,52.0,-1061.0
-267.0,62.0,-1057.0
-388.0,64.0,-1028.0
-353.0,0.0,-1026.0
-333.0,74.0,-1061.0
-361.0,124.0,-1015.0
-363.0,64.0,-979.0
-324.0,5.0,-983.0
-343.0,-17.0,-1034.0
-329.0,9.0,-1024.0
-363.0,17.0,-1054.0
-279.0,-7.0,-1028.0
-306.0,74.0,-1034.0
-277.0,50.0,-1018.0
-290.0,-17.0,-1016.0
-245.0,-33.0,-1022.0
-314.0,29.0,-1056.0
-245.0,35.0,-1059.0
-267.0,62.0,-1005.0
-271.0,-33.0,-1007.0
-279.0,68.0,-1003.0
-269.0,89.0,-997.0
-335.0,37.0,-985.0
-281.0,-48.0,-983.0
-388.0,-7.0,-1026.0
-351.0,35.0,-977.0
-363.0,91.0,-989.0
-308.0,-40.0,-993.0
-376.0,-29.0,-1020.0
-286.0,-15.0,-1013.0
-327.0,3.0,-1009.0
-269.0,35.0,-1028.0
-310.0,128.0,-1057.0
-251.0,128.0,-1034.0
-269.0,81.0,-1020.0
-290.0,-40.0,-987.0
-236.0,3.0,-1016.0
-298.0,60.0,-1056.0
-267.0,52.0,-1013.0
-259.0,-31.0,-1016.0
-310.0,89.0,-1063.0
-294.0,85.0,-997.0
-281.0,13.0,-995.0
-275.0,-117.0,-1028.0
-327.0,-7.0,-1040.0
-265.0,85.0,-997.0
-335.0,115.0,-1015.0
-244.0,-19.0,-993.0
-363.0,31.0,-1032.0
-275.0,48.0,-966.0
-322.0,42.0,-997.0
-316.0,-68.0,-1011.0
-337.0,31.0,-1024.0
-284.0,146.0,-1044.0
-284.0,132.0,-993.0
-240.0,-44.0,-1024.0
-245.0,-48.0,-1046.0
-275.0,1.0,-1028.0
-253.0,7.0,-1028.0
-261.0,-39.0,-1038.0
-300.0,60.0,-1063.0
-251.0,146.0,-1034.0
-284.0,109.0,-989.0
-281.0,-62.0,-1022.0
-320.0,-31.0,-1052.0
-286.0,-3.0,-1009.0
-306.0,-15.0,-1007.0
-314.0,-78.0,-1016.0
-341.0,89.0,-1040.0
-324.0,136.0,-993.0
-374.0,81.0,-1001.0
-331.0,-46.0,-987.0
-402.0,1.0,-1024.0
-357.0,81.0,-1001.0
-394.0,76.0,-1018.0
-335.0,-27.0,-991.0
-370.0,91.0,-1020.0
-302.0,83.0,-999.0
-341.0,58.0,-989.0
-257.0,-64.0,-1003.0
-302.0,-21.0,-1046.0
-277.0,46.0,-1022.0
-288.0,70.0,-1036.0
-236.0,-25.0,-1030.0
-277.0,48.0,-1056.0
-255.0,85.0,-1013.0
-283.0,85.0,-995.0
-236.0,-40.0,-1026.0
-263.0,66.0,-1032.0
-238.0,62.0,-1016.0
-273.0,40.0,-997.0
-204.0,-58.0,-1011.0
-279.0,-25.0,-1036.0
-257.0,1.0,-997.0
-325.0,5.0,-997.0
-275.0,-35.0,-993.0
-329.0,70.0,-1013.0
-300.0,97.0,-991.0
-324.0,19.0,-1013.0
-290.0,-23.0,-1007.0
-316.0,5.0,-1061.0
-312.0,81.0,-1038.0
-314.0,37.0,-991.0
-308.0,-40.0,-1022.0
-345.0,89.0,-1050.0
-337.0,39.0,-1038.0
-359.0,9.0,-1018.0
-325.0,-44.0,-1028.0
-351.0,1.0,-1071.0
-320.0,95.0,-1022.0
-325.0,29.0,-991.0
-306.0,-19.0,-1032.0
-308.0,76.0,-1054.0
-302.0,76.0,-1036.0
-316.0,35.0,-1007.0
-265.0,-48.0,-1030.0
-281.0,42.0,-1034.0
-273.0,89.0,-995.0
-310.0,46.0,-1009.0
-228.0,-44.0,-1005.0
-302.0,60.0,-1016.0
-273.0,58.0,-1005.0
-304.0,7.0,-991.0
-259.0,-40.0,-970.0
-298.0,39.0,-1007.0
-290.0,99.0,-989.0
-331.0,78.0,-985.0
-273.0,-50.0,-991.0
-318.0,40.0,-1022.0
-286.0,46.0,-999.0
-335.0,23.0,-985.0
-277.0,-44.0,-993.0
-316.0,19.0,-1042.0
-306.0,91.0,-1024.0
-327.0,31.0,-1013.0
-284.0,-31.0,-1022.0
-302.0,19.0,-1044.0
-308.0,74.0,-1040.0
-312.0,40.0,-1016.0
-292.0,-39.0,-1038.0
-286.0,7.0,-1059.0
-302.0,101.0,-1030.0
-298.0,27.0,-1011.0
-267.0,-39.0,-1036.0
-277.0,31.0,-1059.0
-296.0,35.0,-1048.0
-314.0,29.0,-1022.0
-255.0,-40.0,-1007.0
-322.0,52.0,-1048.0
-290.0,76.0,-1013.0
-339.0,35.0,-1001.0
-271.0,-39.0,-987.0
-333.0,37.0,-1040.0
-308.0,70.0,-1007.0
-329.0,25.0,-989.0
-283.0,-21.0,-991.0
-298.0,19.0,-1028.0
-300.0,62.0,-1005.0
-296.0,5.0,-991.0
-277.0,-29.0,-1009.0
-290.0,31.0,-1042.0
-290.0,76.0,-1022.0
-308.0,19.0,-1013.0
-281.0,-25.0,-1013.0
-273.0,54.0,-1030.0
-284.0,80.0,-1026.0
-281.0,27.0,-1001.0
-247.0,-42.0,-1016.0
-236.0,50.0,-1040.0
-236.0,76.0,-1024.0
-238.0,37.0,-999.0
-195.0,-44.0,-1011.0
-189.0,17.0,-1038.0
-181.0,76.0,-1034.0
-199.0,33.0,-1005.0
-136.0,-42.0,-1022.0
-124.0,46.0,-1042.0
-128.0,76.0,-1028.0
-130.0,15.0,-1005.0
-89.0,-35.0,-1015.0
-97.0,39.0,-1036.0
-101.0,42.0,-1024.0
-107.0,21.0,-997.0
-74.0,-33.0,-1005.0
-68.0,21.0,-1005.0
-74.0,56.0,-997.0
-68.0,0.0,-1003.0
-56.0,-25.0,-1016.0
-50.0,3.0,-1024.0
-60.0,52.0,-1013.0
-58.0,21.0,-1015.0
-33.0,-42.0,-1026.0
-50.0,31.0,-1032.0
-54.0,52.0,-1026.0
-60.0,29.0,-1016.0
-44.0,-13.0,-1009.0
-56.0,15.0,-1009.0
-50.0,17.0,-1013.0
-64.0,-54.0,-1024.0
-58.0,-70.0,-1018.0
-25.0,-117.0,-1030.0
-60.0,-109.0,-1054.0
-54.0,-156.0,-1036.0
-62.0,-175.0,-1044.0
-33.0,-181.0,-1046.0
-52.0,-117.0,-1059.0
-31.0,-158.0,-1036.0
-56.0,-201.0,-1042.0
-21.0,-240.0,-1052.0
-54.0,-201.0,-1044.0
-44.0,-187.0,-1011.0
-56.0,-210.0,-1013.0
-44.0,-251.0,-1015.0
-56.0,-271.0,-1011.0
-68.0,-300.0,-983.0
-52.0,-286.0,-981.0
-56.0,-306.0,-985.0
-56.0,-312.0,-987.0
-48.0,-347.0,-976.0
-66.0,-327.0,-977.0
-35.0,-320.0,-983.0
-44.0,-325.0,-989.0
-46.0,-353.0,-966.0
-33.0,-366.0,-985.0
-27.0,-322.0,-987.0
-33.0,-325.0,-993.0
-44.0,-339.0,-981.0
-46.0,-345.0,-987.0
-37.0,-351.0,-987.0
-48.0,-353.0,-1001.0
-50.0,-339.0,-1007.0
-42.0,-327.0,-1013.0
-33.0,-296.0,-1018.0
-42.0,-288.0,-1024.0
-33.0,-306.0,-1011.0
-37.0,-304.0,-1026.0
-25.0,-277.0,-1024.0
-27.0,-257.0,-1030.0
-33.0,-263.0,-1024.0
-42.0,-249.0,-1022.0
-31.0,-240.0,-1009.0
-27.0,-245.0,-1005.0
-27.0,-255.0,-1011.0
-21.0,-265.0,-1009.0
-7.0,-247.0,-1015.0
-11.0,-220.0,-1013.0
0.0,-212.0,-1009.0
-3.0,-204.0,-1013.0
-1.0,-181.0,-997.0
0.0,-181.0,-1005.0
0.0,-181.0,-1007.0
-7.0,-165.0,-1001.0
-5.0,-128.0,-1001.0
-5.0,-117.0,-1007.0
-13.0,-122.0,-1003.0
-13.0,-144.0,-993.0
3.0,-150.0,-1009.0
3.0,-134.0,-1007.0
-11.0,-126.0,-1009.0
-11.0,-122.0,-1018.0
-3.0,-101.0,-1016.0
-3.0,-70.0,-1020.0
11.0,-78.0,-1022.0
17.0,-44.0,-1020.0
19.0,-44.0,-1018.0
35.0,-48.0,-1018.0
21.0,-48.0,-1016.0
15.0,-56.0,-1032.0
19.0,-44.0,-1028.0
13.0,-50.0,-1028.0
5.0,-80.0,-1032.0
-3.0,-78.0,-1036.0
1.0,-58.0,-1024.0
1.0,-54.0,-1028.0
-5.0,-62.0,-1020.0
-11.0,-81.0,-1030.0
-17.0,-81.0,-1018.0
-15.0,-95.0,-1024.0
-23.0,-111.0,-1020.0
-29.0,-99.0,-1011.0
-17.0,-121.0,-1015.0
-42.0,-99.0,-1018.0
-37.0,-122.0,-1018.0
-42.0,-144.0,-1026.0
-31.0,-160.0,-1026.0
-39.0,-181.0,-1020.0
-33.0,-208.0,-1018.0
-44.0,-185.0,-1022.0
-31.0,-160.0,-1028.0
-27.0,-201.0,-1024.0
-37.0,-226.0,-1020.0
-33.0,-265.0,-1013.0
-39.0,-277.0,-1005.0
-33.0,-267.0,-1022.0
-40.0,-304.0,-1009.0
-29.0,-322.0,-1020.0
-17.0,-337.0,-1026.0
-33.0,-296.0,-1016.0
-23.0,-296.0,-1009.0
-19.0,-296.0,-1003.0
-15.0,-320.0,-999.0
-17.0,-374.0,-993.0
-21.0,-386.0,-1005.0
-27.0,-374.0,-1005.0
-27.0,-337.0,-1015.0
-27.0,-341.0,-1005.0
-31.0,-398.0,-1009.0
-7.0,-425.0,-1005.0
0.0,-406.0,-1005.0
-3.0,-386.0,-997.0
1.0,-398.0,-1001.0
0.0,-366.0,-1003.0
-3.0,-343.0,-1011.0
-5.0,-316.0,-995.0
-11.0,-308.0,-1001.0
-17.0,-333.0,-995.0
-17.0,-349.0,-1001.0
-1.0,-376.0,-993.0
-9.0,-388.0,-1022.0
23.0,-347.0,-1016.0
11.0,-322.0,-1009.0
9.0,-329.0,-1003.0
9.0,-372.0,-995.0
11.0,-366.0,-1015.0
21.0,-294.0,-1011.0
9.0,-234.0,-1001.0
9.0,-271.0,-1003.0
21.0,-284.0,-1013.0
11.0,-294.0,-1005.0
3.0,-253.0,-1003.0
13.0,-247.0,-995.0
-1.0,-261.0,-1015.0
7.0,-283.0,-1005.0
-15.0,-271.0,-1030.0
11.0,-279.0,-1028.0
-5.0,-259.0,-1018.0
1.0,-255.0,-1009.0
-19.0,-259.0,-1020.0
-13.0,-267.0,-1007.0
-27.0,-240.0,-1022.0
-13.0,-193.0,-1020.0
-40.0,-177.0,-1016.0
-19.0,-247.0,-1015.0
-17.0,-267.0,-1015.0
-19.0,-220.0,-1007.0
-29.0,-156.0,-1015.0
-29.0,-128.0,-1009.0
-37.0,-156.0,-1013.0
-27.0,-160.0,-1020.0
-52.0,-154.0,-1024.0
-29.0,-185.0,-1007.0
-56.0,-230.0,-1018.0
-39.0,-226.0,-1018.0
-37.0,-122.0,-1011.0
-23.0,-52.0,-1009.0
-1.0,-64.0,-1022.0
-15.0,-130.0,-1024.0
-3.0,-193.0,-1015.0
-5.0,-169.0,-1024.0
-7.0,-103.0,-1026.0
-5.0,-101.0,-1022.0
-1.0,-85.0,-1007.0
-17.0,-124.0,-1015.0
-11.0,-169.0,-1018.0
-9.0,-197.0,-1016.0
-5.0,-226.0,-1020.0
-7.0,-255.0,-1026.0
-1.0,-212.0,-1016.0
-1.0,-124.0,-1018.0
7.0,-81.0,-1030.0
3.0,-97.0,-1011.0
3.0,-165.0,-1015.0
0.0,-218.0,-1020.0
-15.0,-236.0,-1013.0
-9.0,-251.0,-1007.0
-13.0,-251.0,-1011.0
-13.0,-259.0,-1032.0
-17.0,-261.0,-1026.0
-7.0,-292.0,-1022.0
-7.0,-331.0,-1040.0
0.0,-325.0,-1028.0
0.0,-327.0,-1013.0
-1.0,-322.0,-1011.0
-11.0,-318.0,-1016.0
-15.0,-257.0,-1024.0
-17.0,-271.0,-1013.0
-33.0,-320.0,-999.0
-39.0,-441.0,-1001.0
-29.0,-427.0,-1001.0
-39.0,-322.0,-987.0
-27.0,-304.0,-1009.0
-15.0,-343.0,-1001.0
-15.0,-318.0,-1001.0
-1.0,-353.0,-1026.0
-13.0,-343.0,-1013.0
-13.0,-345.0,-1003.0
-23.0,-402.0,-1009.0
-7.0,-316.0,-1005.0
-31.0,-318.0,-991.0
-7.0,-281.0,-993.0
-29.0,-271.0,-1003.0
-3.0,-296.0,-983.0
-5.0,-384.0,-997.0
-11.0,-368.0,-1032.0
-1.0,-316.0,-1015.0
11.0,-234.0,-1007.0
15.0,-273.0,-1013.0
17.0,-357.0,-1011.0
9.0,-368.0,-1009.0
-13.0,-281.0,-1015.0
-13.0,-218.0,-1015.0
0.0,-259.0,-1003.0
1.0,-296.0,-989.0
-11.0,-292.0,-1026.0
0.0,-261.0,-1016.0
5.0,-220.0,-999.0
-9.0,-253.0,-1007.0
13.0,-353.0,-1016.0
-5.0,-349.0,-1022.0
15.0,-283.0,-1018.0
-27.0,-197.0,-1013.0
-1.0,-244.0,-1013.0
-33.0,-325.0,-1016.0
-15.0,-388.0,-1015.0
-40.0,-302.0,-1018.0
0.0,-203.0,-983.0
-29.0,-183.0,-1034.0
-21.0,-224.0,-1038.0
-13.0,-267.0,-1005.0
-9.0,-214.0,-1003.0
19.0,-222.0,-1009.0
-29.0,-261.0,-1026.0
-7.0,-320.0,-1028.0
-39.0,-245.0,-1036.0
-3.0,-111.0,-1020.0
-31.0,-144.0,-1015.0
-23.0,-230.0,-1013.0
-31.0,-302.0,-1020.0
-39.0,-259.0,-1024.0
11.0,-253.0,-1015.0
-39.0,-109.0,-1028.0
31.0,-187.0,-1022.0
-23.0,-85.0,-1013.0
17.0,-165.0,-997.0
-27.0,-253.0,-1026.0
21.0,-283.0,-1018.0
-44.0,-240.0,-1020.0
-15.0,-189.0,-993.0
-33.0,-169.0,-1024.0
-25.0,-204.0,-1007.0
-25.0,-214.0,-1011.0
-13.0,-214.0,-1018.0
0.0,-263.0,-1007.0
-9.0,-302.0,-989.0
13.0,-327.0,-1038.0
9.0,-216.0,-1016.0
5.0,-204.0,-1007.0
0.0,-206.0,-1016.0
21.0,-337.0,-1007.0
-27.0,-396.0,-1011.0
11.0,-411.0,-1013.0
-35.0,-251.0,-1007.0
-3.0,-286.0,-1011.0
-44.0,-324.0,-1030.0
5.0,-296.0,-997.0
-29.0,-314.0,-1036.0
0.0,-261.0,-1003.0
-17.0,-366.0,-1005.0
-5.0,-450.0,-1013.0
-9.0,-329.0,-1034.0
-13.0,-253.0,-1001.0
-7.0,-193.0,-1007.0
-5.0,-275.0,-1007.0
-27.0,-482.0,-1005.0
15.0,-478.0,-1011.0
-48.0,-279.0,-1020.0
33.0,-236.0,-1011.0
-21.0,-156.0,-1009.0
48.0,-345.0,-1016.0
-25.0,-392.0,-1016.0
31.0,-335.0,-995.0
11.0,-374.0,-1013.0
-3.0,-290.0,-993.0
-17.0,-376.0,-1015.0
-56.0,-320.0,-999.0
19.0,-259.0,-979.0
-78.0,-238.0,-1015.0
33.0,-298.0,-981.0
-66.0,-298.0,-991.0
39.0,-290.0,-991.0
-42.0,-232.0,-1009.0
56.0,-191.0,-991.0
-21.0,-232.0,-1048.0
9.0,-247.0,-1040.0
33.0,-337.0,-1011.0
-3.0,-316.0,-1009.0
27.0,-288.0,-1030.0
-29.0,-238.0,-1011.0
-11.0,-160.0,-1015.0
-46.0,-249.0,-1036.0
-29.0,-185.0,-1009.0
-9.0,-290.0,-1007.0
-44.0,-122.0,-1020.0
21.0,-294.0,-1022.0
-60.0,-212.0,-1013.0
35.0,-242.0,-1020.0
-23.0,-165.0,-1048.0
52.0,-232.0,-1007.0
-39.0,-300.0,-1018.0
9.0,-372.0,-1011.0
-21.0,-257.0,-1026.0
-23.0,-165.0,-1026.0
-54.0,-128.0,-1005.0
5.0,-247.0,-1013.0
-56.0,-290.0,-1016.0
11.0,-341.0,-999.0
-33.0,-226.0,-1007.0
-13.0,-158.0,-1013.0
-21.0,-138.0,-1026.0
21.0,-218.0,-997.0
-29.0,-320.0,-1030.0
-11.0,-308.0,-997.0
-11.0,-158.0,-1020.0
-31.0,-175.0,-1042.0
-13.0,-242.0,-1011.0
-48.0,-242.0,-1024.0
11.0,-283.0,-1022.0
-5.0,-154.0,-991.0
39.0,-261.0,-1003.0
-31.0,-257.0,-1018.0
44.0,-251.0,-995.0
-11.0,-253.0,-1032.0
21.0,-253.0,-999.0
-15.0,-298.0,-1009.0
1.0,-277.0,-1005.0
11.0,-261.0,-1001.0
-33.0,-316.0,-1024.0
1.0,-423.0,-1028.0
-13.0,-275.0,-1005.0
-13.0,-187.0,-1013.0
-37.0,-212.0,-985.0
21.0,-292.0,-997.0
-15.0,-419.0,-1013.0
-39.0,-224.0,-1015.0
39.0,-191.0,-993.0
-46.0,-273.0,-1018.0
15.0,-300.0,-1032.0
-21.0,-445.0,-1022.0
-13.0,-255.0,-1009.0
-33.0,-341.0,-1030.0
-35.0,-273.0,-1009.0
39.0,-400.0,-1015.0
-68.0,-310.0,-1059.0
25.0,-271.0,-989.0
0.0,-218.0,-997.0
-15.0,-284.0,-1005.0
-37.0,-324.0,-997.0
27.0,-464.0,-997.0
-48.0,-226.0,-1020.0
-3.0,-228.0,-1001.0
-13.0,-163.0,-1003.0
19.0,-343.0,-995.0
-66.0,-363.0,-1034.0
-1.0,-306.0,-1003.0
-1.0,-230.0,-989.0
15.0,-183.0,-1007.0
-50.0,-201.0,-1016.0
48.0,-382.0,-999.0
-64.0,-214.0,-1038.0
17.0,-171.0,-989.0
-17.0,-201.0,-1015.0
19.0,-218.0,-983.0
-37.0,-376.0,-1026.0
7.0,-302.0,-1013.0
-44.0,-210.0,-1016.0
17.0,-91.0,-1016.0
-5.0,-292.0,-1022.0
-23.0,-337.0,-1013.0
-3.0,-333.0,-1038.0
-42.0,-99.0,-1013.0
25.0,-111.0,-985.0
-56.0,-228.0,-1016.0
19.0,-347.0,-1001.0
-46.0,-267.0,-1032.0
21.0,-74.0,-1011.0
-62.0,-81.0,-1022.0
48.0,-267.0,-999.0
-62.0,-294.0,-1036.0
21.0,-283.0,-981.0
-21.0,-124.0,-1018.0
21.0,-50.0,-1007.0
-23.0,-206.0,-1022.0
-3.0,-195.0,-995.0
-40.0,-117.0,-993.0
25.0,-97.0,-989.0
5.0,-74.0,-1003.0
-17.0,-93.0,-1001.0
5.0,-199.0,-991.0
-21.0,-39.0,-1005.0
17.0,15.0,-1005.0
-35.0,-19.0,-1011.0
1.0,-15.0,-1003.0
-37.0,-89.0,-985.0
-7.0,-23.0,-989.0
-9.0,-39.0,-1032.0
-33.0,19.0,-1018.0
7.0,23.0,-1034.0
-60.0,146.0,-1028.0
52.0,101.0,-995.0
-40.0,60.0,-1028.0
13.0,93.0,-1024.0
-3.0,-3.0,-1022.0
-58.0,179.0,-1024.0
23.0,64.0,-1032.0
-78.0,220.0,-1046.0
31.0,31.0,-1050.0
-66.0,124.0,-1032.0
56.0,87.0,-997.0
-52.0,35.0,-1052.0
23.0,218.0,-1020.0
-1.0,27.0,-1056.0
-48.0,179.0,-1054.0
35.0,109.0,-1020.0
-58.0,222.0,-1022.0
95.0,136.0,-1024.0
-68.0,115.0,-1018.0
54.0,111.0,-995.0
-31.0,76.0,-1032.0
1.0,277.0,-1005.0
11.0,91.0,-1032.0
-66.0,204.0,-993.0
42.0,27.0,-991.0
-56.0,33.0,-1018.0
64.0,105.0,-976.0
-39.0,-5.0,-1015.0
27.0,140.0,-1022.0
5.0,31.0,-1020.0
-5.0,3.0,-1024.0
40.0,3.0,-1056.0
-39.0,72.0,-1007.0
66.0,3.0,-1003.0
-31.0,-54.0,-1034.0
39.0,-15.0,-1024.0
-33.0,-101.0,-1052.0
-7.0,126.0,-1028.0
25.0,-81.0,-1046.0
-64.0,-74.0,-1024.0
27.0,-126.0,-1005.0
-68.0,-117.0,-1050.0
68.0,-35.0,-1011.0
-25.0,-140.0,-1038.0
17.0,-91.0,-1028.0
-44.0,-136.0,-1042.0
-5.0,-44.0,-985.0
5.0,-111.0,-1009.0
-58.0,-109.0,-997.0
0.0,-199.0,-1005.0
-56.0,-210.0,-1034.0
3.0,-119.0,-991.0
-15.0,-242.0,-1011.0
-25.0,-158.0,-999.0
15.0,-273.0,-993.0
-37.0,-175.0,-976.0
-19.0,-195.0,-1011.0
11.0,-195.0,-1011.0
11.0,-238.0,-1015.0
-11.0,-142.0,-995.0
46.0,-224.0,-1005.0
-66.0,-179.0,-999.0
11.0,-185.0,-997.0
-42.0,-154.0,-989.0
9.0,-80.0,-999.0
-19.0,-288.0,-1007.0
-35.0,-204.0,-1016.0
9.0,-222.0,-1016.0
-52.0,-58.0,-1005.0
46.0,-31.0,-993.0
-35.0,-228.0,-1009.0
66.0,-160.0,-1013.0
-15.0,-148.0,-1042.0
-29.0,40.0,-997.0
0.0,-42.0,-1007.0
-39.0,-31.0,-997.0
15.0,-74.0,-1005.0
-50.0,-44.0,-1005.0
5.0,46.0,-979.0
-50.0,13.0,-1024.0
-19.0,21.0,-993.0
-23.0,-117.0,-1032.0
19.0,-17.0,-1015.0
1.0,13.0,-1016.0
-44.0,117.0,-1044.0
21.0,70.0,-1040.0
-9.0,122.0,-1022.0
33.0,42.0,-1022.0
-27.0,160.0,-1020.0
15.0,160.0,-1016.0
-37.0,167.0,-1040.0
-27.0,163.0,-1011.0
-17.0,80.0,-1030.0
-39.0,134.0,-1030.0
-15.0,109.0,-1044.0
-48.0,195.0,-1022.0
7.0,220.0,-1015.0
-33.0,193.0,-1003.0
-1.0,177.0,-1028.0
9.0,93.0,-1022.0
-56.0,201.0,-1063.0
11.0,201.0,-1030.0
-46.0,199.0,-1015.0
52.0,175.0,-1011.0
-31.0,23.0,-1030.0
3.0,121.0,-1001.0
-7.0,64.0,-1044.0
-13.0,187.0,-1032.0
52.0,-13.0,-1024.0
-54.0,13.0,-1052.0
68.0,35.0,-1007.0
-50.0,64.0,-1032.0
35.0,109.0,-1013.0
3.0,50.0,-1026.0
-7.0,70.0,-1005.0
11.0,50.0,-1028.0
-66.0,134.0,-1005.0
13.0,167.0,-989.0
-46.0,142.0,-1026.0
-3.0,134.0,-989.0
-39.0,15.0,-1005.0
17.0,-25.0,-1005.0
-21.0,83.0,-1038.0
11.0,72.0,-1015.0
-9.0,132.0,-991.0
-21.0,-21.0,-1020.0
7.0,-48.0,-1013.0
-35.0,-48.0,-1013.0
-1.0,60.0,-1028.0
-42.0,66.0,-1042.0
-5.0,39.0,-1001.0
-33.0,-62.0,-1022.0
-19.0,-3.0,-1024.0
-1.0,37.0,-1028.0
-44.0,175.0,-1018.0
0.0,95.0,-1007.0
-35.0,-54.0,-1040.0
15.0,-1.0,-989.0
-19.0,-19.0,-1018.0
-31.0,87.0,-1030.0
-11.0,-13.0,-1030.0
-50.0,19.0,-1016.0
-7.0,-91.0,-1038.0
-25.0,-66.0,-1018.0
3.0,-46.0,-1034.0
-39.0,-50.0,-1032.0
7.0,-46.0,-1015.0
15.0,-76.0,-1024.0
0.0,-3.0,-972.0
13.0,-31.0,-1018.0
-15.0,-11.0,-974.0
-11.0,13.0,-1018.0
-23.0,-13.0,-977.0
0.0,-111.0,-989.0
-15.0,-27.0,-1024.0
-35.0,-109.0,-1018.0
-39.0,5.0,-997.0
-3.0,-91.0,-1024.0
-13.0,-95.0,-1005.0
1.0,-236.0,-1026.0
-17.0,-150.0,-1028.0
-21.0,-35.0,-1016.0
3.0,-19.0,-1022.0
-11.0,-66.0,-1007.0
27.0,-124.0,-1036.0
5.0,-101.0,-1003.0
-19.0,-78.0,-1003.0
-7.0,-78.0,-1016.0
0.0,-70.0,-1022.0
-5.0,-89.0,-1013.0
-44.0,-54.0,-1026.0
-1.0,-9.0,-1007.0
-23.0,-97.0,-1001.0
-50.0,-11.0,-999.0
5.0,-152.0,-1018.0
-42.0,21.0,-999.0
-7.0,-52.0,-1007.0
-62.0,81.0,-1024.0
33.0,-13.0,-991.0
-19.0,5.0,-1005.0
-23.0,-3.0,-993.0
0.0,-5.0,-981.0
-1.0,-50.0,-1020.0
-1.0,0.0,-1020.0
-9.0,-3.0,-1028.0
-1.0,-3.0,-1001.0
3.0,23.0,-1044.0
-37.0,15.0,-1042.0
-15.0,40.0,-985.0
-1.0,80.0,-1030.0
-42.0,203.0,-1032.0
-31.0,140.0,-1013.0
-29.0,187.0,-1020.0
-37.0,115.0,-1044.0
-27.0,169.0,-1005.0
-31.0,40.0,-1003.0
-35.0,169.0,-1036.0
-21.0,136.0,-1036.0
-42.0,136.0,-1005.0
27.0,103.0,-1026.0
-33.0,91.0,-1036.0
17.0,60.0,-1018.0
-9.0,148.0,-1005.0
-1.0,208.0,-1028.0
-9.0,193.0,-1044.0
-9.0,142.0,-999.0
-9.0,107.0,-1028.0
-5.0,117.0,-1016.0
-29.0,109.0,-1007.0
1.0,19.0,-1015.0
-21.0,128.0,-1028.0
23.0,85.0,-1024.0
-31.0,99.0,-1011.0
19.0,29.0,-1028.0
-1.0,-35.0,-1044.0
29.0,0.0,-1020.0
11.0,33.0,-1036.0
11.0,130.0,-1011.0
7.0,66.0,-997.0
-23.0,99.0,-1026.0
-1.0,136.0,-991.0
0.0,121.0,-1005.0
-35.0,78.0,-1020.0
-23.0,25.0,-1005.0
-21.0,60.0,-1007.0
1.0,58.0,-1018.0
-37.0,78.0,-1038.0
35.0,27.0,-997.0
-33.0,-21.0,-1020.0
-3.0,46.0,-1052.0
-11.0,3.0,-1011.0
17.0,46.0,-1005.0
-29.0,76.0,-1057.0
-46.0,40.0,-1015.0
3.0,101.0,-1005.0
-19.0,1.0,-1024.0
-29.0,101.0,-1011.0
-9.0,-54.0,-1016.0
-44.0,150.0,-1018.0
11.0,-17.0,-1024.0
-54.0,91.0,-1020.0
46.0,-78.0,-981.0
-54.0,23.0,-1024.0
25.0,-39.0,-1024.0
-52.0,-11.0,-1015.0
21.0,40.0,-1009.0
-35.0,-11.0,-1042.0
5.0,-3.0,-987.0
-15.0,-25.0,-1007.0
-29.0,60.0,-991.0
0.0,-29.0,-1013.0
-27.0,-33.0,-979.0
9.0,-31.0,-999.0
-17.0,-25.0,-1003.0
19.0,23.0,-995.0
1.0,29.0,-1007.0
-1.0,-9.0,-1013.0
-1.0,-50.0,-1015.0
-1.0,-76.0,-1030.0
7.0,-13.0,-1013.0
-9.0,-70.0,-1022.0
-11.0,-64.0,-1052.0
-19.0,-42.0,-1026.0
-11.0,-39.0,-1013.0
-3.0,-76.0,-1022.0
-15.0,-58.0,-1032.0
7.0,-13.0,-995.0
-21.0,-64.0,-1015.0
0.0,-60.0,-1028.0
-1.0,-62.0,-1024.0
-7.0,-31.0,-1015.0
5.0,-35.0,-1028.0
-23.0,11.0,-1005.0
21.0,-87.0,-1001.0
-3.0,-85.0,-1030.0
-11.0,-40.0,-1028.0
-11.0,21.0,-1003.0
-7.0,-11.0,-976.0
-35.0,-7.0,-1028.0
-19.0,-37.0,-1003.0
3.0,-9.0,-995.0
-42.0,0.0,-1005.0
19.0,56.0,-1007.0
-7.0,-40.0,-997.0
7.0,46.0,-997.0
1.0,-19.0,-1024.0
13.0,13.0,-983.0
-1.0,-60.0,-1016.0
-48.0,35.0,-1052.0
25.0,5.0,-987.0
-42.0,5.0,-1013.0
-19.0,35.0,-1038.0
-68.0,66.0,-1026.0
-3.0,66.0,-1016.0
-56.0,117.0,-1036.0
-17.0,130.0,-1009.0
-60.0,40.0,-1009.0
-17.0,101.0,-1003.0
-68.0,183.0,-1073.0
-19.0,185.0,-979.0
-17.0,46.0,-1030.0
-15.0,87.0,-1044.0
-33.0,85.0,-1015.0
11.0,56.0,-1001.0
-29.0,154.0,-1061.0
-11.0,197.0,-1024.0
7.0,91.0,-997.0
-33.0,126.0,-1009.0
13.0,158.0,-1028.0
-40.0,122.0,-981.0
5.0,60.0,-1028.0
-44.0,121.0,-1042.0
21.0,101.0,-993.0
-17.0,121.0,-1009.0
21.0,37.0,-1036.0
-5.0,68.0,-1024.0
35.0,29.0,-993.0
-11.0,81.0,-1038.0
15.0,35.0,-1032.0
9.0,107.0,-999.0
13.0,111.0,-1005.0
-21.0,173.0,-1030.0
52.0,134.0,-989.0
-42.0,103.0,-987.0
-3.0,91.0,-1026.0
-48.0,156.0,-1028.0
-11.0,208.0,-970.0
-42.0,130.0,-1026.0
-5.0,154.0,-1034.0
-19.0,91.0,-1005.0
-42.0,193.0,-1028.0
-13.0,150.0,-1048.0
0.0,113.0,-1022.0
0.0,160.0,-1030.0
-50.0,318.0,-1034.0
0.0,396.0,-997.0
-29.0,423.0,-991.0
-60.0,458.0,-995.0
-13.0,230.0,-1003.0
-70.0,281.0,-993.0
-40.0,363.0,-1044.0
-64.0,353.0,-1015.0
-13.0,302.0,-1015.0
-25.0,283.0,-1040.0
-33.0,288.0,-1016.0
37.0,212.0,-1026.0
-74.0,443.0,-1056.0
44.0,388.0,-1036.0
-50.0,419.0,-1024.0
33.0,488.0,-1026.0
-46.0,447.0,-1026.0
11.0,480.0,-1015.0
0.0,448.0,-1024.0
-35.0,452.0,-1030.0
29.0,304.0,-1003.0
-50.0,341.0,-1018.0
25.0,417.0,-1040.0
-40.0,443.0,-1013.0
13.0,538.0,-1018.0
-21.0,329.0,-1024.0
0.0,382.0,-1028.0
29.0,331.0,-1001.0
-50.0,419.0,-1050.0
80.0,427.0,-1015.0
-40.0,458.0,-1022.0
56.0,480.0,-1013.0
-13.0,355.0,-1024.0
21.0,398.0,-1001.0
19.0,220.0,-1034.0
-25.0,423.0,-1038.0
89.0,236.0,-993.0
-52.0,304.0,-1040.0
78.0,324.0,-1013.0
-54.0,259.0,-1032.0
56.0,318.0,-1015.0
-42.0,210.0,-1056.0
0.0,304.0,-999.0
-13.0,185.0,-1015.0
-37.0,357.0,-1020.0
50.0,181.0,-1001.0
-66.0,298.0,-1034.0
83.0,111.0,-1028.0
-85.0,134.0,-1042.0
119.0,40.0,-1009.0
-58.0,95.0,-1052.0
70.0,220.0,-997.0
-17.0,126.0,-1046.0
21.0,220.0,-1015.0
0.0,64.0,-1036.0
-39.0,163.0,-1016.0
1.0,148.0,-1030.0
-72.0,156.0,-1009.0
1.0,89.0,-1007.0
-60.0,162.0,-1024.0
-9.0,115.0,-993.0
-64.0,85.0,-1007.0
-46.0,-27.0,-1020.0
-66.0,19.0,-1016.0
-54.0,113.0,-997.0
-60.0,185.0,-993.0
-29.0,132.0,-991.0
-64.0,124.0,-1003.0
-17.0,31.0,-987.0
-54.0,117.0,-1015.0
-17.0,236.0,-1016.0
-70.0,171.0,-1020.0
-21.0,195.0,-993.0
-33.0,158.0,-1018.0
-23.0,220.0,-1015.0
-25.0,181.0,-1003.0
-48.0,160.0,-1013.0
-33.0,175.0,-1034.0
-31.0,203.0,-989.0
-42.0,288.0,-1007.0
-1.0,253.0,-1015.0
-35.0,343.0,-1013.0
0.0,333.0,-1018.0
-19.0,341.0,-1003.0
3.0,316.0,-1003.0
-15.0,271.0,-1020.0
9.0,277.0,-1018.0
-1.0,388.0,-1022.0
-7.0,357.0,-1032.0
11.0,359.0,-1038.0
-3.0,265.0,-1001.0
25.0,296.0,-1013.0
-3.0,306.0,-1044.0
-7.0,363.0,-1026.0
0.0,464.0,-1040.0
-3.0,478.0,-1046.0
-25.0,466.0,-1018.0
25.0,394.0,-1016.0
-17.0,433.0,-1036.0
27.0,388.0,-1034.0
-54.0,528.0,-1026.0
29.0,472.0,-1026.0
-33.0,437.0,-1052.0
1.0,423.0,-1032.0
7.0,370.0,-1024.0
0.0,448.0,-1052.0
11.0,452.0,-1042.0
-44.0,407.0,-1059.0
29.0,380.0,-1028.0
-48.0,402.0,-1054.0
7.0,497.0,-1026.0
-19.0,488.0,-1007.0
15.0,489.0,-1022.0
0.0,357.0,-1040.0
-15.0,495.0,-993.0
35.0,421.0,-999.0
-70.0,521.0,-1028.0
66.0,429.0,-972.0
-64.0,347.0,-1022.0
39.0,413.0,-995.0
-35.0,368.0,-1020.0
19.0,427.0,-995.0
-5.0,368.0,-1016.0
-21.0,433.0,-1003.0
21.0,355.0,-1011.0
-19.0,421.0,-1001.0
48.0,376.0,-1036.0
-44.0,396.0,-1032.0
54.0,359.0,-1015.0
-15.0,353.0,-1046.0
7.0,388.0,-1028.0
1.0,306.0,-1024.0
15.0,339.0,-1034.0
9.0,292.0,-1046.0
-37.0,329.0,-1044.0
-19.0,300.0,-1036.0
-7.0,277.0,-1036.0
-21.0,294.0,-1038.0
-39.0,171.0,-1020.0
-27.0,189.0,-1024.0
-1.0,201.0,-1056.0
-68.0,314.0,-1052.0
-7.0,290.0,-1013.0
-37.0,281.0,-1034.0
-3.0,228.0,-1016.0
-40.0,162.0,-1028.0
-44.0,206.0,-1005.0
-27.0,281.0,-1016.0
-40.0,277.0,-1015.0
-46.0,277.0,-987.0
-29.0,89.0,-989.0
-52.0,226.0,-987.0
-15.0,160.0,-995.0
-78.0,265.0,-1005.0
-13.0,177.0,-985.0
-37.0,189.0,-1005.0
1.0,208.0,-1007.0
-27.0,156.0,-1005.0
-11.0,242.0,-1001.0
1.0,271.0,-1024.0
-50.0,302.0,-1034.0
7.0,201.0,-1005.0
-37.0,271.0,-1007.0
37.0,222.0,-1042.0
-64.0,308.0,-1007.0
37.0,199.0,-993.0
-40.0,255.0,-1034.0
-1.0,308.0,-1024.0
-25.0,238.0,-1016.0
-13.0,294.0,-1005.0
-9.0,263.0,-1022.0
-39.0,325.0,-999.0
-1.0,236.0,-989.0
-25.0,306.0,-1046.0
13.0,306.0,-1054.0
-46.0,396.0,-1016.0
35.0,316.0,-1011.0
-39.0,337.0,-1034.0
15.0,265.0,-997.0
-35.0,273.0,-995.0
11.0,357.0,-1032.0
-5.0,359.0,-1059.0
-39.0,372.0,-999.0
1.0,329.0,-1007.0
-1.0,283.0,-1030.0
5.0,304.0,-1005.0
-11.0,286.0,-1003.0
0.0,368.0,-1054.0
5.0,419.0,-1050.0
-37.0,437.0,-1034.0
-11.0,357.0,-1005.0
-3.0,337.0,-1028.0
3.0,351.0,-1016.0
-17.0,366.0,-1015.0
-15.0,390.0,-1044.0
-21.0,488.0,-1042.0
-15.0,480.0,-1015.0
-29.0,402.0,-1009.0
-7.0,312.0,-1016.0
-17.0,302.0,-1020.0
-37.0,380.0,-1034.0
-21.0,462.0,-1015.0
-5.0,484.0,-1044.0
-33.0,515.0,-1011.0
-23.0,394.0,-1003.0
-27.0,325.0,-1024.0
1.0,351.0,-1032.0
-17.0,425.0,-1032.0
-13.0,478.0,-1028.0
-15.0,452.0,-1026.0
-19.0,468.0,-999.0
-11.0,423.0,-999.0
-21.0,386.0,-1016.0
0.0,296.0,-1022.0
-17.0,361.0,-1016.0
-15.0,456.0,-1011.0
-33.0,464.0,-1005.0
-11.0,433.0,-1007.0
-25.0,413.0,-991.0
-1.0,355.0,-1013.0
-29.0,306.0,-1028.0
0.0,306.0,-1015.0
-3.0,402.0,-1038.0
11.0,482.0,-1036.0
-11.0,466.0,-1005.0
7.0,337.0,-999.0
9.0,257.0,-1032.0
-11.0,265.0,-1048.0
-17.0,302.0,-1028.0
-19.0,404.0,-1016.0
-17.0,394.0,-1032.0
-39.0,380.0,-1020.0
-17.0,286.0,-991.0
-17.0,185.0,-1032.0
-29.0,271.0,-1050.0
-42.0,286.0,-1022.0
-11.0,329.0,-1026.0
1.0,343.0,-1026.0
-15.0,314.0,-1024.0
0.0,304.0,-1007.0
-13.0,226.0,-1020.0
-1.0,236.0,-1050.0
-25.0,318.0,-1007.0
-31.0,363.0,-1003.0
-25.0,277.0,-1011.0
-31.0,265.0,-1005.0
-21.0,193.0,-1005.0
-40.0,281.0,-1024.0
-17.0,290.0,-1020.0
-33.0,281.0,-993.0
-13.0,257.0,-993.0
-44.0,283.0,-1015.0
-13.0,259.0,-1003.0
-31.0,230.0,-1020.0
0.0,230.0,-1046.0
-9.0,244.0,-1028.0
0.0,286.0,-999.0
-15.0,279.0,-1013.0
-17.0,308.0,-1028.0
-11.0,284.0,-1028.0
-37.0,242.0,-1022.0
-23.0,197.0,-1040.0
-35.0,216.0,-1028.0
-17.0,308.0,-1007.0
-27.0,320.0,-1007.0
-23.0,281.0,-1036.0
-23.0,245.0,-1032.0
-11.0,242.0,-1026.0
-9.0,294.0,-1032.0
-13.0,302.0,-1028.0
-3.0,327.0,-997.0
-11.0,308.0,-1016.0
-19.0,357.0,-1018.0
-5.0,341.0,-1003.0
-31.0,333.0,-1032.0
-15.0,318.0,-1024.0
-11.0,273.0,-1009.0
-19.0,335.0,-1009.0
-19.0,382.0,-1011.0
-13.0,423.0,-1018.0
-19.0,353.0,-1022.0
-44.0,318.0,-1028.0
-21.0,312.0,-1028.0
-23.0,320.0,-1015.0
-15.0,363.0,-1016.0
-31.0,378.0,-1020.0
-7.0,378.0,-1007.0
-7.0,425.0,-1028.0
-13.0,409.0,-1028.0
-13.0,322.0,-1028.0
-25.0,337.0,-1020.0
-5.0,384.0,-1007.0
-21.0,411.0,-1028.0
-23.0,429.0,-1024.0
-25.0,402.0,-1028.0
-17.0,406.0,-1034.0
-27.0,402.0,-1028.0
-19.0,333.0,-1015.0
-11.0,351.0,-1020.0
-1.0,402.0,-1028.0
-11.0,411.0,-1036.0
-1.0,392.0,-1042.0
-3.0,409.0,-1032.0
5.0,400.0,-1022.0
-7.0,366.0,-1007.0
1.0,320.0,-1022.0
-1.0,374.0,-1028.0
3.0,439.0,-1038.0
-33.0,456.0,-1038.0
-13.0,411.0,-1011.0
-19.0,368.0,-1005.0
-5.0,368.0,-1009.0
-25.0,316.0,-1013.0
-19.0,306.0,-1028.0
-19.0,396.0,-1040.0
-33.0,458.0,-1028.0
-21.0,447.0,-1003.0
-21.0,343.0,-997.0
-11.0,312.0,-995.0
-15.0,304.0,-1024.0
-44.0,351.0,-1034.0
-3.0,345.0,-1028.0
-33.0,372.0,-1034.0
-13.0,380.0,-1007.0
-15.0,316.0,-997.0
-13.0,269.0,-1011.0
-15.0,312.0,-1022.0
-15.0,353.0,-1028.0
-39.0,347.0,-1034.0
-37.0,345.0,-1015.0
-31.0,304.0,-1007.0
-27.0,329.0,-1005.0
-29.0,290.0,-1022.0
-29.0,251.0,-1028.0
-23.0,277.0,-1022.0
-21.0,345.0,-1022.0
-9.0,324.0,-1015.0
-11.0,253.0,-1020.0
-7.0,257.0,-1016.0
-9.0,300.0,-1028.0
-7.0,312.0,-1034.0
-21.0,316.0,-1016.0
-15.0,283.0,-1013.0
-31.0,298.0,-1015.0
-33.0,318.0,-1016.0
-42.0,298.0,-1016.0
-15.0,279.0,-1032.0
-29.0,300.0,-1036.0
-19.0,271.0,-1013.0
-7.0,261.0,-1016.0
-7.0,290.0,-1016.0
-7.0,318.0,-1020.0
-11.0,277.0,-1028.0
3.0,253.0,-1036.0
-3.0,263.0,-1024.0
-13.0,329.0,-1015.0
-21.0,345.0,-1009.0
-13.0,298.0,-1016.0
-46.0,286.0,-1011.0
21.0,331.0,-1003.0
-7.0,333.0,-1034.0
-27.0,292.0,-1032.0
-31.0,339.0,-1015.0
3.0,359.0,-1013.0
-3.0,298.0,-1018.0
-11.0,284.0,-1016.0
-9.0,275.0,-1022.0
-13.0,329.0,-1040.0
1.0,357.0,-1034.0
-23.0,329.0,-1032.0
-3.0,325.0,-1016.0
-3.0,351.0,-1015.0
-1.0,331.0,-1015.0
-19.0,341.0,-1022.0
-23.0,363.0,-1034.0
-35.0,361.0,-1028.0
-19.0,365.0,-1013.0
-17.0,314.0,-1011.0
-33.0,296.0,-1005.0
-29.0,298.0,-1015.0
-29.0,316.0,-1013.0
-17.0,316.0,-1026.0
-17.0,300.0,-1036.0
-15.0,308.0,-1026.0
-13.0,283.0,-1018.0
1.0,267.0,-1026.0
-7.0,292.0,-1024.0
-5.0,294.0,-1020.0
3.0,281.0,-1032.0
-11.0,271.0,-1034.0
0.0,253.0,-1022.0
-1.0,222.0,-1013.0
-15.0,216.0,-1016.0
-7.0,181.0,-1026.0
-9.0,195.0,-1034.0
-9.0,206.0,-1026.0
-21.0,197.0,-1026.0
-3.0,165.0,-1022.0
-15.0,154.0,-1013.0
0.0,142.0,-1020.0
-9.0,144.0,-1016.0
0.0,134.0,-1016.0
-11.0,128.0,-1030.0
-5.0,121.0,-1022.0
-3.0,111.0,-1018.0
-1.0,74.0,-1013.0
-11.0,70.0,-1011.0
-11.0,78.0,-1016.0
-21.0,70.0,-1016.0
-25.0,40.0,-1018.0
-27.0,25.0,-1013.0
-19.0,7.0,-1001.0
-21.0,3.0,-1005.0
-35.0,3.0,-1013.0
-19.0,3.0,-1016.0
-39.0,13.0,-1024.0
-35.0,33.0,-1018.0
-29.0,3.0,-1003.0
-33.0,3.0,-1015.0
-29.0,25.0,-999.0
-17.0,25.0,-1005.0
-23.0,31.0,-1015.0
-33.0,68.0,-1009.0
-33.0,76.0,-1009.0
-29.0,70.0,-1015.0
-35.0,74.0,-995.0
-42.0,62.0,-991.0
-31.0,126.0,-997.0
-33.0,144.0,-1003.0
-39.0,117.0,-1003.0
-42.0,91.0,-1018.0
-35.0,81.0,-1013.0
-17.0,64.0,-1005.0
-9.0,64.0,-1018.0
3.0,60.0,-1016.0
1.0,19.0,-1028.0
9.0,-5.0,-1042.0
7.0,-25.0,-1052.0
21.0,-31.0,-1036.0
11.0,-21.0,-1038.0
9.0,15.0,-1022.0
7.0,31.0,-1026.0
3.0,80.0,-1026.0
-1.0,72.0,-1028.0
-17.0,50.0,-1016.0
-3.0,21.0,-1020.0
-17.0,13.0,-1001.0
0.0,15.0,-999.0
-17.0,39.0,-1015.0
-7.0,70.0,-1003.0
-3.0,46.0,-1011.0
1.0,25.0,-1005.0
0.0,-3.0,-993.0
1.0,-5.0,-995.0
9.0,42.0,-987.0
9.0,83.0,-993.0
7.0,97.0,-1003.0
-13.0,93.0,-1011.0
-3.0,60.0,-999.0
-29.0,39.0,-1003.0
-23.0,23.0,-1007.0
-23.0,39.0,-1015.0
-23.0,74.0,-1020.0
-23.0,111.0,-1034.0
-31.0,111.0,-1036.0
-21.0,81.0,-1028.0
-23.0,39.0,-1032.0
-25.0,52.0,-1016.0
-27.0,68.0,-1028.0
-29.0,126.0,-1034.0
-35.0,160.0,-1028.0
-39.0,162.0,-1034.0
-39.0,150.0,-1036.0
-29.0,132.0,-1013.0
-23.0,99.0,-1020.0
-21.0,119.0,-1026.0
-15.0,152.0,-1018.0
-11.0,173.0,-1022.0
-11.0,175.0,-1024.0
-19.0,169.0,-1013.0
-23.0,142.0,-1001.0
-7.0,148.0,-999.0
-15.0,148.0,-1015.0
-15.0,167.0,-1015.0
-7.0,191.0,-1020.0
-13.0,191.0,-1016.0
-13.0,160.0,-1003.0
-7.0,138.0,-1011.0
-3.0,128.0,-1003.0
-5.0,117.0,-1015.0
-9.0,122.0,-1018.0
1.0,138.0,-1018.0
-5.0,119.0,-1030.0
-5.0,107.0,-1016.0
3.0,95.0,-1022.0
0.0,95.0,-1032.0
-1.0,109.0,-1028.0
-7.0,124.0,-1028.0
-9.0,134.0,-1026.0
-17.0,138.0,-1032.0
-7.0,111.0,-1022.0
0.0,81.0,-1028.0
-13.0,46.0,-1028.0
-9.0,52.0,-1018.0
-11.0,58.0,-1026.0
-7.0,60.0,-1028.0
1.0,44.0,-1028.0
-9.0,17.0,-1028.0
1.0,9.0,-1024.0
0.0,3.0,-1018.0
-1.0,15.0,-1028.0
-7.0,29.0,-1030.0
-1.0,44.0,-1024.0
-3.0,11.0,-1020.0
-23.0,7.0,-1007.0
-23.0,5.0,-1009.0
-17.0,-17.0,-1009.0
-21.0,-7.0,-1011.0
-33.0,-9.0,-1011.0
-25.0,0.0,-1015.0
-35.0,0.0,-1007.0
-17.0,0.0,-1015.0
-25.0,-21.0,-1001.0
-31.0,-5.0,-1009.0
-31.0,0.0,-1013.0
-29.0,-3.0,-1009.0
-13.0,5.0,-1013.0
-19.0,-5.0,-1005.0
-27.0,-25.0,-1005.0
-29.0,-31.0,-1015.0
-17.0,-19.0,-997.0
-31.0,-25.0,-1013.0
-23.0,-15.0,-1013.0
-23.0,-21.0,-1007.0
-29.0,-31.0,-1005.0
-27.0,-19.0,-1003.0
-31.0,-25.0,-1005.0
-23.0,-19.0,-1018.0
-21.0,-13.0,-1015.0
-21.0,-13.0,-1016.0
-21.0,-17.0,-1011.0
-23.0,-21.0,-1015.0
-21.0,-23.0,-997.0
-7.0,-40.0,-1022.0
-11.0,-17.0,-1011.0
-11.0,-3.0,-1005.0
-7.0,1.0,-1016.0
-3.0,-5.0,-1015.0
-11.0,-15.0,-1011.0
0.0,-19.0,-1016.0
-7.0,1.0,-1013.0
-11.0,25.0,-1020.0
-9.0,21.0,-1007.0
-13.0,35.0,-1026.0
-1.0,21.0,-1018.0
-3.0,29.0,-1013.0
-1.0,44.0,-1022.0
-5.0,54.0,-1020.0
0.0,40.0,-1016.0
-3.0,66.0,-1026.0
-1.0,72.0,-1028.0
1.0,78.0,-1018.0
-3.0,80.0,-1020.0
-5.0,74.0,-1022.0
-1.0,85.0,-1020.0
-13.0,87.0,-1016.0
-9.0,101.0,-1013.0
-15.0,109.0,-1016.0
-21.0,105.0,-1011.0
-23.0,97.0,-1015.0
-11.0,81.0,-1018.0
-19.0,105.0,-1016.0
-21.0,101.0,-1009.0
-15.0,109.0,-1013.0
-13.0,105.0,-1013.0
-19.0,105.0,-1015.0
-15.0,91.0,-1009.0
-27.0,99.0,-1007.0
-19.0,99.0,-1011.0
-15.0,101.0,-1009.0
-17.0,113.0,-1026.0
-17.0,107.0,-1013.0
-13.0,85.0,-1018.0
-9.0,95.0,-1016.0
-17.0,70.0,-1015.0
-19.0,72.0,-1011.0
-17.0,93.0,-1007.0
-13.0,87.0,-1015.0
-19.0,76.0,-1005.0
-17.0,66.0,-1013.0
-27.0,48.0,-1013.0
-17.0,58.0,-1015.0
-13.0,64.0,-1013.0
-23.0,68.0,-1018.0
-17.0,46.0,-1024.0
-21.0,56.0,-1024.0
-11.0,52.0,-1013.0
-19.0,39.0,-1016.0
-5.0,46.0,-1020.0
-11.0,35.0,-1016.0
-9.0,35.0,-1015.0
-11.0,31.0,-1022.0
-13.0,33.0,-1020.0
-15.0,25.0,-1009.0
-15.0,23.0,-1013.0
-11.0,7.0,-1024.0
-7.0,0.0,-1005.0
-17.0,25.0,-1009.0
-19.0,11.0,-1022.0
-11.0,0.0,-1020.0
-9.0,0.0,-1007.0
-21.0,1.0,-1015.0
-7.0,-17.0,-1016.0
-15.0,3.0,-1016.0
-13.0,3.0,-1016.0
-9.0,-21.0,-1022.0
-3.0,-13.0,-1016.0
-11.0,-13.0,-1005.0
-13.0,-19.0,-1024.0
-5.0,-13.0,-1022.0
-21.0,-19.0,-1007.0
-19.0,-19.0,-1018.0
-1.0,-19.0,-1018.0
-3.0,-11.0,-1009.0
-11.0,-25.0,-1007.0
-3.0,-25.0,-1024.0
-21.0,-29.0,-1013.0
-21.0,-17.0,-1005.0
-11.0,-11.0,-1022.0
-9.0,-21.0,-1013.0
-19.0,-17.0,-1015.0
-21.0,-27.0,-1016.0
-17.0,-13.0,-1003.0
-13.0,-11.0,-1016.0
-11.0,9.0,-1009.0
-1.0,5.0,-1005.0
-7.0,-9.0,-1018.0
-33.0,3.0,-1005.0
-27.0,-1.0,-1028.0
-5.0,0.0,-1026.0
-17.0,13.0,-1001.0
-17.0,15.0,-1013.0
-7.0,9.0,-1013.0
-33.0,19.0,-1015.0
-29.0,19.0,-1009.0
-11.0,11.0,-1015.0
-21.0,15.0,-1026.0
-15.0,25.0,-1005.0
-7.0,27.0,-1018.0
-3.0,46.0,-1016.0
-11.0,35.0,-993.0
-3.0,21.0,-1034.0
-3.0,37.0,-1028.0
-25.0,50.0,-1009.0
-9.0,54.0,-1018.0
-25.0,60.0,-1018.0
-11.0,60.0,-1011.0
-11.0,46.0,-1016.0
-5.0,66.0,-1016.0
-29.0,64.0,-1016.0
-31.0,70.0,-1026.0
-33.0,72.0,-1030.0
-5.0,74.0,-1003.0
-17.0,78.0,-1020.0
9.0,78.0,-1016.0
1.0,62.0,-1016.0
-13.0,64.0,-1028.0
-27.0,70.0,-1024.0
-11.0,76.0,-1020.0
0.0,80.0,-1028.0
-9.0,89.0,-1020.0
-3.0,74.0,-1028.0
-11.0,46.0,-1022.0
-21.0,60.0,-1026.0
-21.0,81.0,-1018.0
-11.0,70.0,-1016.0
-11.0,70.0,-1016.0
-21.0,64.0,-1007.0
-19.0,52.0,-1024.0
-13.0,58.0,-1020.0
-27.0,68.0,-1001.0
1.0,52.0,-1026.0
-5.0,50.0,-1018.0
-5.0,37.0,-1005.0
-13.0,39.0,-1020.0
-1.0,50.0,-1018.0
-5.0,39.0,-1024.0
-7.0,19.0,-1034.0
-9.0,25.0,-1015.0
-9.0,25.0,-1020.0
-21.0,29.0,-1022.0
-13.0,29.0,-1016.0
-15.0,15.0,-1007.0
-17.0,9.0,-1028.0
-13.0,25.0,-1011.0
-21.0,5.0,-1011.0
-11.0,11.0,-1015.0
-17.0,5.0,-1018.0
-19.0,-5.0,-1011.0
-17.0,-3.0,-1020.0
-17.0,5.0,-1028.0
-15.0,-7.0,-1005.0
-21.0,-17.0,-1016.0
-9.0,0.0,-1034.0
-3.0,-7.0,-1007.0
-1.0,-17.0,-1009.0
-11.0,-5.0,-1032.0
-11.0,-25.0,-1016.0
-25.0,-7.0,-997.0
-17.0,0.0,-1013.0
-9.0,-11.0,-1018.0
-13.0,-9.0,-1003.0
-23.0,-11.0,-1028.0
-5.0,-17.0,-1024.0
-21.0,-13.0,-1005.0
-27.0,1.0,-1005.0
-7.0,5.0,-1016.0
-7.0,-5.0,-1016.0
-21.0,0.0,-1026.0
5.0,-1.0,-1007.0
-19.0,-7.0,-1026.0
-1.0,21.0,-1024.0
-3.0,-5.0,-1013.0
-1.0,11.0,-1015.0
-23.0,13.0,-1026.0
-5.0,21.0,-1011.0
-15.0,3.0,-1005.0
-17.0,23.0,-1013.0
-7.0,3.0,-1016.0
-19.0,9.0,-1005.0
-29.0,27.0,-1013.0
-11.0,40.0,-1011.0
-25.0,33.0,-1009.0
-15.0,33.0,-1015.0
0.0,9.0,-1015.0
-15.0,29.0,-1009.0
-17.0,46.0,-1018.0
0.0,27.0,-1028.0
-5.0,39.0,-1022.0
-27.0,40.0,-1009.0
-13.0,35.0,-1032.0
-15.0,44.0,-1007.0
-13.0,58.0,-1007.0
-11.0,37.0,-1020.0
-9.0,44.0,-1007.0
-33.0,54.0,-1005.0
-21.0,64.0,-1020.0
-17.0,60.0,-1007.0
-11.0,56.0,-1022.0
-7.0,44.0,-1018.0
-3.0,46.0,-1018.0
-23.0,58.0,-1030.0
-13.0,56.0,-1016.0
-17.0,40.0,-1011.0
-9.0,54.0,-1032.0
3.0,44.0,-1018.0
11.0,56.0,-1020.0
-7.0,64.0,-1022.0
-19.0,64.0,-1020.0
-23.0,39.0,-1020.0
-15.0,56.0,-1005.0
-17.0,44.0,-1026.0
-11.0,33.0,-1024.0
-21.0,42.0,-1005.0
-19.0,33.0,-1013.0
-29.0,40.0,-1016.0
-7.0,40.0,-1007.0
-25.0,31.0,-1026.0
25.0,29.0,-1015.0
-48.0,27.0,-1022.0
7.0,35.0,-989.0
-21.0,46.0,-1015.0
5.0,11.0,-1018.0
-1.0,35.0,-1003.0
-13.0,13.0,-1007.0
-29.0,35.0,-1022.0
-7.0,11.0,-1020.0
-31.0,25.0,-1016.0
-21.0,13.0,-1005.0
-15.0,31.0,-1024.0
-11.0,-9.0,-1032.0
-31.0,25.0,-1018.0
-21.0,9.0,-1020.0
-3.0,-9.0,-1050.0
0.0,29.0,-1005.0
11.0,1.0,-1011.0
-5.0,11.0,-1046.0
0.0,13.0,-1011.0
-42.0,-9.0,-1026.0
5.0,-13.0,-1036.0
-27.0,13.0,-1005.0
-11.0,-11.0,-1005.0
-27.0,25.0,-1028.0
-17.0,19.0,-1077.0
-101.0,-93.0,-946.0
13.0,-39.0,-933.0
-91.0,130.0,-1056.0
146.0,-185.0,-1063.0
-17.0,265.0,-1011.0
13.0,-66.0,-1015.0
42.0,-46.0,-991.0
-66.0,140.0,-981.0
-31.0,-50.0,-1024.0
66.0,19.0,-1052.0
23.0,201.0,-1091.0
-482.0,-66.0,-1016.0
788.0,-117.0,-901.0
-288.0,-236.0,-1102.0
314.0,363.0,-806.0
-400.0,7.0,-1083.0
341.0,269.0,-1095.0
-581.0,-21.0,-1159.0
612.0,-324.0,-847.0
-521.0,48.0,-1048.0
538.0,5.0,-878.0
-470.0,325.0,-1214.0
515.0,21.0,-890.0
-501.0,130.0,-1206.0
470.0,15.0,-819.0
-378.0,-48.0,-1136.0
320.0,-154.0,-843.0
-503.0,-52.0,-1126.0
314.0,160.0,-944.0
-269.0,388.0,-1163.0
117.0,39.0,-858.0
-189.0,-85.0,-1085.0
181.0,-54.0,-964.0
-115.0,-109.0,-1003.0
58.0,-3.0,-1069.0
-17.0,152.0,-1139.0
91.0,253.0,-981.0
-5.0,265.0,-1013.0
39.0,64.0,-979.0
-54.0,-177.0,-1052.0
68.0,-199.0,-1036.0
-11.0,-25.0,-1028.0
-31.0,177.0,-1005.0
11.0,234.0,-968.0
-25.0,206.0,-979.0
-13.0,-15.0,-993.0
-64.0,-136.0,-1044.0
-56.0,-54.0,-1050.0
-15.0,31.0,-1028.0
-27.0,152.0,-1007.0
-29.0,91.0,-997.0
3.0,160.0,-985.0
-37.0,142.0,-1052.0
9.0,-39.0,-1056.0
27.0,-81.0,-1013.0
21.0,-105.0,-997.0
25.0,25.0,-985.0
27.0,199.0,-1001.0
-9.0,206.0,-1038.0
19.0,91.0,-1040.0
-35.0,-58.0,-1042.0
25.0,-130.0,-1016.0
-11.0,-7.0,-1011.0
21.0,60.0,-981.0
-21.0,119.0,-1038.0
13.0,158.0,-1032.0
-11.0,52.0,-1015.0
-25.0,-39.0,-1036.0
-5.0,-66.0,-1003.0
-13.0,-62.0,-1020.0
1.0,56.0,-1011.0
3.0,150.0,-1001.0
-3.0,56.0,-1007.0
-27.0,-13.0,-1011.0
-27.0,-46.0,-1016.0
-27.0,-35.0,-1052.0
-31.0,27.0,-1016.0
-44.0,-17.0,-1005.0
-11.0,17.0,-1013.0
-27.0,101.0,-997.0
-54.0,109.0,-1005.0
-42.0,-5.0,-1036.0
-40.0,-81.0,-1024.0
-21.0,-56.0,-1028.0
-19.0,56.0,-1016.0
-3.0,136.0,-1015.0
-21.0,70.0,-1005.0
-25.0,-7.0,-1005.0
-9.0,-29.0,-1016.0
-7.0,-13.0,-1020.0
-13.0,-7.0,-1016.0
0.0,-5.0,-1013.0
-15.0,40.0,-987.0
-25.0,83.0,-1020.0
-15.0,46.0,-1022.0
-42.0,-7.0,-1011.0
-7.0,-35.0,-1015.0
-31.0,-29.0,-1005.0
-15.0,54.0,-999.0
-25.0,76.0,-1011.0
-17.0,81.0,-1009.0
-40.0,58.0,-1028.0
-23.0,0.0,-1020.0
5.0,-23.0,-1018.0
3.0,-21.0,-1022.0
-7.0,5.0,-1013.0
5.0,76.0,-1024.0
11.0,105.0,-1022.0
3.0,35.0,-1020.0
13.0,-29.0,-1009.0
-5.0,-37.0,-1030.0
13.0,5.0,-1028.0
-7.0,50.0,-1020.0
-11.0,80.0,-1018.0
-1.0,58.0,-1013.0
5.0,46.0,-1015.0
-23.0,35.0,-1020.0
-27.0,-17.0,-1028.0
-44.0,-11.0,-1020.0
-27.0,27.0,-1001.0
-7.0,68.0,-1016.0
1.0,115.0,-1020.0
0.0,56.0,-1011.0
-21.0,9.0,-1018.0
-29.0,-25.0,-1034.0
-13.0,-9.0,-1016.0
1.0,31.0,-999.0
-21.0,85.0,-1018.0
-13.0,101.0,-1020.0
-5.0,33.0,-997.0
-25.0,15.0,-1020.0
-13.0,-1.0,-1018.0
-9.0,0.0,-1013.0
-33.0,46.0,-1011.0
-21.0,52.0,-1018.0
-17.0,50.0,-1011.0
-19.0,52.0,-1001.0
-5.0,35.0,-1005.0
5.0,-9.0,-1015.0
-19.0,0.0,-1016.0
-25.0,29.0,-1015.0
-11.0,29.0,-1009.0
1.0,64.0,-1013.0
-5.0,50.0,-1013.0
3.0,-3.0,-1001.0
-13.0,1.0,-1032.0
-27.0,5.0,-1013.0
-19.0,11.0,-1005.0
-19.0,31.0,-1018.0
-17.0,39.0,-1005.0
-11.0,46.0,-1015.0
-23.0,29.0,-1022.0
-15.0,3.0,-1011.0
-1.0,0.0,-1032.0
-7.0,11.0,-1007.0
-9.0,15.0,-999.0
-27.0,15.0,-1024.0
-19.0,39.0,-1026.0
-19.0,35.0,-1016.0
3.0,-7.0,-1013.0
-11.0,-15.0,-1005.0
-460.0,-39.0,-1069.0
212.0,119.0,-940.0
-331.0,9.0,-1130.0
99.0,81.0,-1024.0
-148.0,-1.0,-966.0
452.0,29.0,-976.0
429.0,-33.0,-1087.0
355.0,-7.0,-886.0
-817.0,142.0,-1104.0
700.0,-95.0,-835.0
-530.0,95.0,-1378.0
173.0,31.0,-810.0
-238.0,150.0,-942.0
228.0,-21.0,-958.0
-245.0,-107.0,-1153.0
121.0,68.0,-878.0
-15.0,60.0,-1102.0
0.0,113.0,-1007.0
-19.0,17.0,-1015.0
25.0,-23.0,-1011.0
25.0,29.0,-1061.0
-25.0,3.0,-976.0
1.0,-17.0,-1079.0
17.0,89.0,-1020.0
5.0,66.0,-1018.0
-27.0,11.0,-1030.0
9.0,39.0,-1022.0
31.0,19.0,-1034.0
3.0,19.0,-1044.0
-9.0,42.0,-981.0
5.0,-11.0,-1007.0
-1.0,39.0,-1009.0
-3.0,40.0,-1003.0
-56.0,27.0,-1011.0
1.0,46.0,-1015.0
-48.0,9.0,-1030.0
-29.0,3.0,-1001.0
-46.0,37.0,-1005.0
5.0,54.0,-1011.0
-56.0,81.0,-1034.0
23.0,3.0,-1013.0
-33.0,11.0,-1038.0
11.0,21.0,-999.0
-25.0,35.0,-1015.0
29.0,31.0,-1015.0
-15.0,42.0,-1016.0
-11.0,15.0,-1001.0
-42.0,13.0,-1022.0
3.0,21.0,-1011.0
-56.0,35.0,-1028.0
-9.0,42.0,-1005.0
-31.0,27.0,-1007.0
-5.0,27.0,-1034.0
-42.0,35.0,-1028.0
-11.0,19.0,-1009.0
-21.0,11.0,-1022.0
-9.0,9.0,-1026.0
-17.0,35.0,-1018.0
7.0,29.0,-1001.0
-25.0,50.0,-1026.0
0.0,25.0,-1020.0
-27.0,9.0,-1007.0
-5.0,0.0,-1013.0
-7.0,15.0,-1020.0
3.0,31.0,-1015.0
-11.0,39.0,-1026.0
13.0,21.0,-1020.0
-7.0,-1.0,-1001.0
-11.0,15.0,-1016.0
-3.0,17.0,-1024.0
-11.0,7.0,-1003.0
-33.0,31.0,-1013.0
-13.0,5.0,-1026.0
-19.0,25.0,-1016.0
-25.0,21.0,-1005.0
-9.0,3.0,-1024.0
1.0,9.0,-1016.0
-33.0,9.0,-1009.0
-15.0,21.0,-1032.0
9.0,29.0,-1032.0
9.0,19.0,-1028.0
-9.0,25.0,-1030.0
0.0,5.0,-1020.0
-9.0,31.0,-1028.0
-9.0,17.0,-1028.0
-19.0,13.0,-1007.0
1.0,21.0,-1009.0
-15.0,17.0,-1015.0
-19.0,3.0,-1016.0
-15.0,37.0,-1009.0
-23.0,23.0,-1015.0
-29.0,17.0,-1016.0
-13.0,23.0,-1016.0
-21.0,23.0,-1022.0
-11.0,29.0,-1026.0
-7.0,29.0,-1018.0
-5.0,25.0,-1007.0
-13.0,21.0,-1020.0
-15.0,31.0,-1005.0
-11.0,31.0,-1001.0
-19.0,31.0,-1020.0
0.0,25.0,-1028.0
0.0,9.0,-1007.0
-31.0,15.0,-1001.0
-21.0,29.0,-1020.0
-9.0,35.0,-1020.0
-1.0,35.0,-1005.0
-17.0,31.0,-1013.0
-3.0,31.0,-1030.0
-7.0,31.0,-1011.0
-5.0,33.0,-995.0
-17.0,23.0,-1028.0
-1.0,21.0,-1018.0
-35.0,23.0,-983.0
-9.0,35.0,-1036.0
-11.0,25.0,-1024.0
-27.0,29.0,-1007.0
-15.0,19.0,-1009.0
-15.0,11.0,-1020.0
-13.0,37.0,-1016.0
-11.0,46.0,-1003.0
0.0,27.0,-1034.0
-11.0,33.0,-1020.0
-31.0,11.0,-989.0
-23.0,21.0,-1056.0
-5.0,44.0,-1011.0
-40.0,21.0,-1009.0
15.0,5.0,-1015.0
-21.0,13.0,-1013.0
-19.0,19.0,-1007.0
-27.0,25.0,-1020.0
-19.0,40.0,-1011.0
-11.0,25.0,-995.0
-23.0,5.0,-1013.0
-13.0,3.0,-1040.0
-17.0,35.0,-993.0
-40.0,31.0,-1011.0
-3.0,15.0,-1036.0
-15.0,9.0,-1009.0
-33.0,7.0,-1011.0
-5.0,15.0,-1020.0
-19.0,27.0,-1009.0
0.0,9.0,-1026.0
-19.0,19.0,-1005.0
-5.0,13.0,-1030.0
-7.0,25.0,-1020.0
-17.0,27.0,-1005.0
-3.0,13.0,-1022.0
0.0,3.0,-1022.0
-21.0,15.0,-1007.0
-7.0,23.0,-1013.0
3.0,19.0,-1030.0
1.0,27.0,-1013.0
-31.0,27.0,-993.0
-21.0,9.0,-1050.0
1.0,25.0,-1018.0
-13.0,25.0,-991.0
-5.0,35.0,-1032.0
-7.0,33.0,-1015.0
-33.0,11.0,-1007.0
-11.0,31.0,-1036.0
-9.0,1.0,-1007.0
-15.0,27.0,-1013.0
-19.0,29.0,-1022.0
1.0,31.0,-1032.0
19.0,19.0,-1026.0
-3.0,21.0,-995.0
-21.0,15.0,-1016.0
-15.0,33.0,-1024.0
-19.0,21.0,-1030.0
-23.0,23.0,-1003.0
-27.0,31.0,-1018.0
3.0,19.0,-1020.0
-9.0,33.0,-993.0
-3.0,13.0,-1016.0
-3.0,15.0,-1026.0
-25.0,21.0,-997.0
-33.0,31.0,-1024.0
0.0,19.0,-1020.0
-27.0,29.0,-1005.0
-19.0,15.0,-1005.0
-11.0,13.0,-1028.0
3.0,37.0,-1026.0
-19.0,27.0,-1026.0
-21.0,46.0,-970.0
11.0,-5.0,-1052.0
-15.0,64.0,-1020.0
-3.0,15.0,-997.0
-5.0,40.0,-1016.0
-21.0,39.0,-1013.0
11.0,0.0,-1016.0
-23.0,29.0,-1028.0
-3.0,29.0,-1015.0
-25.0,25.0,-1015.0
-1.0,31.0,-1009.0
-21.0,9.0,-1024.0
-19.0,13.0,-1007.0
-15.0,33.0,-1016.0
-17.0,21.0,-1013.0
-13.0,23.0,-1024.0
-17.0,19.0,-1011.0
-9.0,15.0,-1020.0
-7.0,15.0,-1016.0
-7.0,33.0,-1016.0
-1.0,33.0,-1018.0
-9.0,17.0,-1009.0
-23.0,15.0,-1013.0
-9.0,15.0,-1018.0
-15.0,33.0,-1007.0
-21.0,23.0,-1011.0
-13.0,19.0,-1007.0
-19.0,5.0,-1018.0
-15.0,25.0,-1009.0
-15.0,21.0,-1013.0
-15.0,21.0,-1015.0
-19.0,19.0,-1020.0
-23.0,9.0,-1011.0
-7.0,21.0,-1013.0
-7.0,37.0,-1011.0
-11.0,21.0,-1011.0
-7.0,17.0,-1011.0
-13.0,23.0,-1018.0
-9.0,13.0,-1011.0
-15.0,17.0,-1020.0
-3.0,31.0,-1016.0
-15.0,21.0,-1009.0
-13.0,19.0,-1007.0
-13.0,27.0,-1022.0
-15.0,19.0,-1018.0
-11.0,31.0,-1005.0
-17.0,27.0,-1009.0
-15.0,23.0,-1020.0
-21.0,15.0,-1013.0
-25.0,25.0,-1013.0
-9.0,23.0,-1009.0
-9.0,33.0,-1015.0
-27.0,21.0,-1020.0
-21.0,11.0,-1016.0
-11.0,33.0,-1013.0
-11.0,46.0,-1011.0
-7.0,19.0,-1013.0
-15.0,27.0,-1022.0
-17.0,25.0,-1015.0
-7.0,29.0,-1011.0
-17.0,37.0,-1020.0
-17.0,33.0,-1009.0
-17.0,11.0,-1016.0
-11.0,7.0,-1022.0
-19.0,19.0,-1020.0
-23.0,25.0,-1018.0
-11.0,19.0,-1015.0
-15.0,29.0,-1020.0
-11.0,23.0,-1011.0
-17.0,15.0,-1015.0
-7.0,33.0,-1011.0
-5.0,31.0,-1018.0
3.0,15.0,-1015.0
-27.0,19.0,-1016.0
-7.0,9.0,-1026.0
-23.0,23.0,-1020.0
-15.0,25.0,-1022.0
-15.0,15.0,-1005.0
-3.0,17.0,-1009.0
-9.0,29.0,-1016.0
-11.0,23.0,-1016.0
-21.0,21.0,-1022.0
-11.0,29.0,-1013.0
-17.0,21.0,-1026.0
-9.0,21.0,-1015.0
-17.0,31.0,-1016.0
-11.0,39.0,-1028.0
3.0,21.0,-1028.0
-5.0,23.0,-1020.0
-11.0,17.0,-1011.0
-9.0,23.0,-1016.0
-19.0,39.0,-1011.0
3.0,25.0,-1015.0
-5.0,23.0,-1026.0
-19.0,21.0,-1018.0
-21.0,23.0,-1015.0
-3.0,29.0,-1009.0
-17.0,25.0,-1007.0
-21.0,23.0,-1011.0
-19.0,13.0,-1018.0
-19.0,37.0,-1015.0
-21.0,25.0,-1015.0
-17.0,9.0,-1011.0
-27.0,19.0,-1013.0
-25.0,9.0,-1013.0
-27.0,21.0,-1007.0
-11.0,29.0,-1018.0
-5.0,23.0,-1015.0
-7.0,21.0,-1016.0
-21.0,19.0,-1016.0
-7.0,13.0,-1018.0
-13.0,21.0,-1018.0
-7.0,33.0,-1020.0
-3.0,17.0,-1011.0
-25.0,7.0,-1020.0
-11.0,25.0,-1016.0
-21.0,21.0,-1011.0
-17.0,21.0,-1026.0
-11.0,33.0,-1020.0
-23.0,13.0,-1028.0
-15.0,9.0,-1020.0
-11.0,35.0,-1016.0
-3.0,25.0,-1015.0
-7.0,33.0,-1018.0
-13.0,15.0,-1015.0
-7.0,13.0,-1016.0
-5.0,21.0,-1013.0
-13.0,31.0,-1016.0
-11.0,19.0,-1015.0
-11.0,23.0,-1022.0
-3.0,25.0,-1016.0
-11.0,9.0,-1015.0
-11.0,31.0,-1016.0
-11.0,35.0,-1011.0
-21.0,21.0,-1015.0
-21.0,23.0,-1020.0
-15.0,31.0,-1015.0
-17.0,27.0,-1020.0
-11.0,29.0,-1016.0
-25.0,21.0,-1003.0
-19.0,21.0,-1013.0
-23.0,27.0,-1016.0
-19.0,37.0,-1024.0
-5.0,13.0,-1020.0
-17.0,15.0,-1018.0
-5.0,23.0,-1013.0
-3.0,17.0,-1015.0
-13.0,31.0,-1007.0
-7.0,35.0,-1013.0
-7.0,15.0,-1016.0
-11.0,15.0,-1020.0
-13.0,23.0,-1015.0
-21.0,23.0,-1026.0
-13.0,31.0,-1018.0
-15.0,33.0,-1020.0
-11.0,13.0,-1028.0
-13.0,23.0,-1020.0
-13.0,27.0,-1007.0
-15.0,21.0,-1024.0
-15.0,15.0,-1015.0
-11.0,21.0,-1020.0
-7.0,21.0,-1020.0
0.0,35.0,-1024.0
-9.0,33.0,-1016.0
-5.0,7.0,-1015.0
-3.0,15.0,-1026.0
-7.0,21.0,-1016.0
-25.0,29.0,-1022.0
-19.0,31.0,-1018.0
-7.0,35.0,-1013.0
-11.0,13.0,-1015.0
-25.0,13.0,-1016.0
-13.0,25.0,-1005.0
-17.0,29.0,-1018.0
-5.0,33.0,-1015.0
-23.0,33.0,-1016.0
-7.0,9.0,-1009.0
-7.0,17.0,-1011.0
-19.0,35.0,-1015.0
-1.0,15.0,-1013.0
-7.0,27.0,-1016.0
-13.0,31.0,-1018.0
-3.0,23.0,-1018.0
-19.0,31.0,-1018.0
-15.0,17.0,-1018.0
-13.0,19.0,-1024.0
-7.0,19.0,-1022.0
-11.0,25.0,-1009.0
-9.0,25.0,-1018.0
-21.0,21.0,-1018.0
-21.0,23.0,-1015.0
-27.0,19.0,-1016.0
0.0,17.0,-1022.0
-21.0,31.0,-1018.0
-9.0,25.0,-1024.0
-15.0,23.0,-1009.0
-13.0,21.0,-1018.0
-15.0,17.0,-1024.0
-1.0,23.0,-1016.0
-23.0,35.0,-1015.0
-1.0,15.0,-1016.0
-17.0,17.0,-1011.0
-23.0,17.0,-1003.0
-13.0,21.0,-1007.0
-13.0,40.0,-1018.0
-23.0,21.0,-1015.0
-19.0,15.0,-1024.0
-17.0,23.0,-1013.0
-23.0,37.0,-1011.0
-21.0,39.0,-1013.0
-13.0,15.0,-1013.0
-23.0,17.0,-1011.0
-11.0,25.0,-1013.0
-13.0,31.0,-1011.0
-5.0,37.0,-1013.0
-7.0,21.0,-1016.0
-15.0,23.0,-1015.0
-17.0,13.0,-1015.0
-21.0,21.0,-1016.0
-19.0,27.0,-1016.0
-7.0,17.0,-1015.0
-21.0,5.0,-1016.0
-17.0,21.0,-1013.0
-19.0,15.0,-1011.0
-17.0,27.0,-1015.0
-5.0,29.0,-1022.0
-11.0,29.0,-1007.0
-25.0,9.0,-1018.0
-1.0,17.0,-1018.0
-25.0,33.0,-1020.0
-11.0,21.0,-1009.0
-17.0,23.0,-1020.0
0.0,17.0,-1018.0
-15.0,15.0,-1013.0
-13.0,27.0,-1005.0
-7.0,23.0,-1009.0
-1.0,7.0,-1013.0
-13.0,9.0,-1003.0
-11.0,19.0,-1005.0
-19.0,23.0,-1013.0
-19.0,21.0,-1013.0
-7.0,23.0,-1009.0
-23.0,17.0,-1020.0
-11.0,25.0,-1022.0
-17.0,21.0,-1009.0
-13.0,15.0,-1011.0
-21.0,19.0,-1030.0
-11.0,31.0,-1011.0
-7.0,15.0,-1024.0
-3.0,31.0,-1022.0
-27.0,29.0,-1015.0
-7.0,13.0,-1015.0
-11.0,23.0,-1018.0
-15.0,21.0,-1016.0
-25.0,15.0,-1020.0
-9.0,33.0,-1013.0
-23.0,25.0,-1018.0
-17.0,15.0,-1007.0
-9.0,23.0,-1022.0
-21.0,31.0,-1009.0
-17.0,21.0,-1009.0
-13.0,31.0,-1009.0
-19.0,27.0,-1015.0
7.0,21.0,-1022.0
-21.0,25.0,-1013.0
-1.0,23.0,-1034.0
-31.0,37.0,-1003.0
0.0,9.0,-1011.0
-245.0,3.0,-946.0
46.0,64.0,-1098.0
661.0,29.0,-968.0
-776.0,17.0,-1061.0
448.0,83.0,-1022.0
-253.0,0.0,-921.0
284.0,-21.0,-1046.0
-298.0,5.0,-1098.0
132.0,203.0,-997.0
-35.0,-128.0,-970.0
-80.0,165.0,-1052.0
124.0,-148.0,-997.0
-124.0,220.0,-1016.0
232.0,-35.0,-1007.0
-245.0,62.0,-1020.0
232.0,-66.0,-1007.0
-208.0,113.0,-1015.0
175.0,-46.0,-1005.0
-142.0,113.0,-1042.0
136.0,-13.0,-974.0
-107.0,46.0,-1022.0
117.0,0.0,-1032.0
-80.0,17.0,-997.0
50.0,25.0,-1034.0
-56.0,66.0,-1050.0
21.0,37.0,-1020.0
-39.0,9.0,-1009.0
5.0,46.0,-1005.0
-29.0,15.0,-1007.0
-13.0,29.0,-1011.0
-25.0,31.0,-1030.0
-9.0,35.0,-1028.0
-29.0,19.0,-1007.0
-9.0,19.0,-987.0
-11.0,21.0,-1030.0
3.0,15.0,-1003.0
-21.0,19.0,-1030.0
-3.0,9.0,-1016.0
-27.0,44.0,-1036.0
7.0,19.0,-983.0
-44.0,27.0,-1026.0
-21.0,25.0,-1013.0
-62.0,40.0,-1034.0
-13.0,25.0,-1001.0
-48.0,29.0,-1048.0
1.0,0.0,-991.0
-46.0,13.0,-1026.0
109.0,29.0,-1007.0
-27.0,54.0,-1034.0
-9.0,54.0,-1016.0
3.0,-11.0,-1024.0
11.0,21.0,-997.0
3.0,56.0,-1046.0
15.0,35.0,-989.0
19.0,-17.0,-1009.0
11.0,13.0,-1024.0
-1.0,81.0,-1034.0
0.0,44.0,-999.0
-40.0,23.0,-1005.0
-17.0,-17.0,-999.0
-19.0,40.0,-1024.0
-9.0,37.0,-1007.0
-31.0,19.0,-1026.0
7.0,9.0,-1011.0
-19.0,29.0,-1009.0
0.0,31.0,-1020.0
-7.0,9.0,-1026.0
-21.0,15.0,-1016.0
-11.0,-5.0,-1024.0
1.0,19.0,-1022.0
-17.0,9.0,-1005.0
11.0,19.0,-1001.0
-9.0,17.0,-1013.0
-9.0,11.0,-1026.0
-15.0,7.0,-1020.0
7.0,27.0,-1013.0
-17.0,13.0,-1015.0
-17.0,11.0,-1015.0
-21.0,15.0,-1016.0
-13.0,39.0,-1009.0
-29.0,29.0,-1009.0
-15.0,1.0,-1011.0
-35.0,-3.0,-1026.0
-17.0,9.0,-1013.0
-27.0,44.0,-1005.0
-15.0,39.0,-1015.0
-17.0,29.0,-1030.0
-3.0,11.0,-1015.0
-31.0,17.0,-1022.0
-5.0,21.0,-1011.0
-13.0,27.0,-1009.0
-17.0,21.0,-1013.0
-7.0,27.0,-1024.0
-1.0,29.0,-1003.0
-27.0,33.0,-1015.0
-9.0,23.0,-1020.0
-13.0,21.0,-1022.0
-23.0,23.0,-1013.0
-19.0,29.0,-1018.0
-1.0,19.0,-1011.0
-21.0,33.0,-1011.0
-3.0,21.0,-1022.0
-11.0,31.0,-1015.0
-17.0,19.0,-1030.0
-19.0,15.0,-1030.0
-7.0,17.0,-1011.0
-23.0,19.0,-1015.0
-1.0,19.0,-1005.0
-19.0,33.0,-1016.0
-15.0,33.0,-1016.0
-11.0,35.0,-1018.0
-3.0,25.0,-1005.0
-1.0,5.0,-1011.0
-13.0,3.0,-1013.0
-9.0,29.0,-1018.0
-7.0,40.0,-1018.0
-5.0,40.0,-1015.0
-3.0,29.0,-1009.0
-19.0,15.0,-1009.0
-15.0,23.0,-1020.0
-23.0,33.0,-1011.0
-19.0,40.0,-1013.0
-5.0,25.0,-1026.0
-7.0,17.0,-1013.0
-21.0,19.0,-1007.0
-9.0,31.0,-1018.0
-7.0,25.0,-1013.0
-17.0,13.0,-1022.0
-5.0,9.0,-1026.0
1.0,27.0,-1028.0
-17.0,31.0,-1013.0
-15.0,31.0,-1018.0
-11.0,23.0,-1026.0
-27.0,7.0,-1016.0
-19.0,15.0,-1003.0
-9.0,31.0,-1015.0
-29.0,23.0,-1026.0
-11.0,15.0,-1020.0
-19.0,11.0,-1011.0
-7.0,9.0,-1001.0
-23.0,29.0,-1016.0
-11.0,37.0,-1009.0
-29.0,29.0,-1015.0
-17.0,21.0,-1026.0
-5.0,15.0,-1009.0
-21.0,19.0,-1015.0
-19.0,23.0,-1028.0
-7.0,29.0,-1013.0
-15.0,31.0,-1020.0
-9.0,23.0,-1028.0
-11.0,29.0,-1016.0
-17.0,17.0,-1007.0
-7.0,25.0,-1024.0
-7.0,31.0,-1009.0
-29.0,29.0,-1018.0
-11.0,37.0,-1016.0
0.0,44.0,-1007.0
-27.0,27.0,-1007.0
-11.0,15.0,-1020.0
-23.0,19.0,-1016.0
-21.0,25.0,-1016.0
-13.0,33.0,-1020.0
-17.0,37.0,-1024.0
-25.0,11.0,-1009.0
-11.0,15.0,-1011.0
-7.0,21.0,-1015.0
-27.0,27.0,-1018.0
-11.0,23.0,-1015.0
-3.0,21.0,-1022.0
-9.0,15.0,-1003.0
-11.0,25.0,-1022.0
0.0,31.0,-1013.0
-17.0,25.0,-1016.0
-11.0,19.0,-1009.0
-11.0,21.0,-1016.0
-19.0,23.0,-1018.0
-13.0,25.0,-1018.0
-3.0,29.0,-1013.0
-25.0,25.0,-1026.0
-9.0,21.0,-1024.0
-11.0,25.0,-1026.0
-25.0,21.0,-1011.0
-23.0,29.0,-1020.0
-13.0,21.0,-1016.0
-29.0,37.0,-1018.0
-5.0,31.0,-1030.0
-3.0,35.0,-1013.0
-19.0,21.0,-1015.0
-17.0,19.0,-1022.0
5.0,13.0,-1015.0
-27.0,27.0,-1015.0
-7.0,29.0,-1018.0
-3.0,33.0,-1015.0
-7.0,21.0,-1009.0
-29.0,17.0,-1016.0
-9.0,13.0,-1009.0
-25.0,13.0,-1015.0
-3.0,29.0,-1018.0
-17.0,39.0,-1016.0
-21.0,23.0,-1007.0
-15.0,17.0,-1018.0
-5.0,25.0,-1011.0
-23.0,15.0,-1007.0
-17.0,21.0,-1026.0
-15.0,19.0,-1015.0
-31.0,27.0,-1016.0
-19.0,31.0,-1013.0
-11.0,44.0,-1015.0
-27.0,9.0,-1013.0
-31.0,15.0,-1022.0
-9.0,15.0,-1009.0
-19.0,27.0,-1020.0
-19.0,29.0,-1018.0
-7.0,31.0,-1007.0
-11.0,31.0,-1015.0
-19.0,21.0,-1022.0
-3.0,11.0,-1016.0
-27.0,19.0,-1007.0
-15.0,19.0,-1024.0
-15.0,25.0,-1007.0
-13.0,13.0,-1009.0
-25.0,13.0,-1022.0
-17.0,29.0,-1022.0
-19.0,35.0,-1011.0
-23.0,23.0,-1024.0
-3.0,19.0,-1009.0
-13.0,13.0,-1015.0
-9.0,31.0,-1020.0
-3.0,37.0,-1009.0
-11.0,29.0,-1020.0
-9.0,19.0,-1020.0
7.0,11.0,-1007.0
-17.0,23.0,-1015.0
-17.0,29.0,-1024.0
3.0,25.0,-1007.0
-19.0,25.0,-1013.0
-17.0,19.0,-1024.0
-15.0,23.0,-1015.0
-23.0,39.0,-1020.0
-29.0,31.0,-1018.0
-5.0,29.0,-1020.0
-21.0,23.0,-1015.0
-13.0,15.0,-1016.0
-11.0,27.0,-1022.0
-21.0,27.0,-1026.0
-27.0,19.0,-1020.0
-5.0,19.0,-1022.0
-37.0,21.0,-1024.0
-29.0,17.0,-1026.0
-48.0,21.0,-1022.0
-64.0,5.0,-1020.0
-70.0,37.0,-1020.0
-56.0,37.0,-1009.0
-72.0,5.0,-1018.0
-70.0,23.0,-1013.0
-62.0,44.0,-991.0
-64.0,54.0,-1005.0
-52.0,-5.0,-1028.0
-60.0,-11.0,-1009.0
-103.0,29.0,-1024.0
-201.0,31.0,-1038.0
-425.0,-17.0,-1040.0
-987.0,-83.0,-1247.0
-306.0,56.0,-854.0
-927.0,163.0,-958.0
-987.0,13.0,-1063.0
-1155.0,56.0,-935.0
-1196.0,-25.0,-942.0
-1081.0,60.0,-936.0
-1520.0,78.0,-1128.0
-1153.0,-101.0,-938.0
-1428.0,25.0,-1030.0
-1198.0,95.0,-962.0
-1399.0,-29.0,-1054.0
-1118.0,-31.0,-946.0
-1356.0,-52.0,-1151.0
-1180.0,99.0,-1159.0
-1221.0,83.0,-1171.0
-1126.0,-33.0,-1161.0
-1016.0,-50.0,-1075.0
-1165.0,46.0,-1122.0
-956.0,21.0,-1015.0
-1159.0,-1.0,-1114.0
-868.0,-37.0,-1018.0
-1155.0,130.0,-1102.0
-833.0,44.0,-909.0
-1097.0,-64.0,-993.0
-796.0,-119.0,-895.0
-1024.0,76.0,-946.0
-841.0,109.0,-899.0
-1132.0,136.0,-995.0
-1003.0,-89.0,-950.0
-1204.0,50.0,-1016.0
-1141.0,15.0,-905.0
-1260.0,-48.0,-909.0
-1264.0,-46.0,-964.0
-1372.0,193.0,-929.0
-1300.0,48.0,-872.0
-1333.0,44.0,-940.0
-1268.0,-39.0,-966.0
-1290.0,132.0,-1001.0
-1214.0,-72.0,-1032.0
-1323.0,39.0,-1057.0
-1206.0,-80.0,-1046.0
-1426.0,107.0,-1106.0
-1276.0,111.0,-1048.0
-1467.0,68.0,-1145.0
-1305.0,-64.0,-1120.0
-1424.0,105.0,-1241.0
-1317.0,247.0,-1079.0
-1243.0,3.0,-1067.0
-989.0,-54.0,-1013.0
-1155.0,72.0,-1132.0
-1202.0,40.0,-1098.0
-1259.0,-35.0,-1116.0
-1200.0,-91.0,-1124.0
-1395.0,-29.0,-1073.0
-1303.0,39.0,-895.0
-1268.0,42.0,-944.0
-1143.0,44.0,-962.0
-1401.0,220.0,-1114.0
-1266.0,5.0,-1044.0
-1327.0,-105.0,-1067.0
-1251.0,-167.0,-1030.0
-1407.0,-89.0,-977.0
-1239.0,-5.0,-767.0
-1370.0,93.0,-876.0
-1389.0,54.0,-960.0
-1569.0,9.0,-1028.0
-1520.0,-39.0,-1011.0
-1485.0,-58.0,-1042.0
-1393.0,-56.0,-1050.0
-1452.0,68.0,-976.0
-1378.0,81.0,-829.0
-1405.0,54.0,-942.0
-1385.0,-85.0,-1073.0
-1424.0,13.0,-1202.0
-1344.0,74.0,-1145.0
-1577.0,310.0,-1116.0
-1364.0,-85.0,-1026.0
-1612.0,160.0,-927.0
-1253.0,-304.0,-843.0
-1653.0,83.0,-1020.0
-1179.0,-3.0,-1046.0
-1524.0,236.0,-1292.0
-1198.0,244.0,-1003.0
-1245.0,-31.0,-1091.0
-1063.0,-117.0,-976.0
-1198.0,-72.0,-954.0
-1266.0,-169.0,-1024.0
-1536.0,-37.0,-1102.0
-1288.0,40.0,-1149.0
-1606.0,300.0,-1091.0
-1438.0,124.0,-987.0
-1508.0,-103.0,-929.0
-1255.0,-199.0,-774.0
-1530.0,121.0,-976.0
-1249.0,91.0,-1020.0
-1385.0,46.0,-1149.0
-1280.0,-101.0,-1046.0
-1456.0,-56.0,-1022.0
-1329.0,35.0,-931.0
-1364.0,-33.0,-993.0
-1120.0,-156.0,-938.0
-1385.0,316.0,-1001.0
-911.0,257.0,-997.0
-1044.0,-95.0,-1124.0
-784.0,-35.0,-1145.0
-737.0,25.0,-1179.0
-636.0,165.0,-1030.0
-554.0,-58.0,-938.0
-353.0,-115.0,-954.0
-210.0,-17.0,-874.0
-142.0,265.0,-1011.0
-298.0,103.0,-1175.0
-111.0,-44.0,-1262.0
-370.0,-13.0,-1179.0
-111.0,-134.0,-923.0
-162.0,7.0,-806.0
-66.0,156.0,-798.0
-122.0,95.0,-942.0
-165.0,242.0,-882.0
-113.0,-183.0,-1056.0
-195.0,267.0,-1204.0
-103.0,-78.0,-977.0
-300.0,64.0,-917.0
-76.0,-212.0,-812.0
-167.0,35.0,-907.0
-259.0,310.0,-942.0
-191.0,126.0,-1018.0
-255.0,105.0,-1202.0
-224.0,-152.0,-1165.0
-314.0,-95.0,-1100.0
-150.0,50.0,-1063.0
-39.0,-93.0,-944.0
-42.0,253.0,-878.0
25.0,31.0,-1001.0
-62.0,300.0,-1130.0
253.0,-85.0,-1159.0
-187.0,-107.0,-1301.0
230.0,140.0,-1110.0
19.0,35.0,-1067.0
271.0,-144.0,-878.0
107.0,160.0,-970.0
201.0,31.0,-1067.0
76.0,267.0,-1077.0
146.0,19.0,-1163.0
226.0,-353.0,-1145.0
150.0,247.0,-888.0
316.0,-25.0,-897.0
392.0,-81.0,-1022.0
714.0,261.0,-624.0
1376.0,-117.0,-573.0
-72.0,165.0,-1356.0
1426.0,44.0,-1132.0
1378.0,-64.0,-806.0
1065.0,-48.0,-1247.0
1811.0,68.0,-952.0
1175.0,-76.0,-956.0
1684.0,255.0,-956.0
1124.0,70.0,-1218.0
1106.0,-50.0,-1036.0
1493.0,-124.0,-899.0
903.0,150.0,-1139.0
1186.0,81.0,-837.0
1200.0,-62.0,-745.0
1362.0,204.0,-853.0
794.0,117.0,-1067.0
1266.0,-81.0,-829.0
743.0,81.0,-1046.0
1011.0,197.0,-1024.0
808.0,40.0,-1079.0
907.0,31.0,-882.0
983.0,-99.0,-895.0
862.0,179.0,-1136.0
1024.0,64.0,-1212.0
968.0,9.0,-1196.0
989.0,117.0,-1169.0
853.0,247.0,-1124.0
1001.0,35.0,-1059.0
1087.0,-17.0,-886.0
1126.0,-122.0,-839.0
1083.0,-50.0,-979.0
1126.0,93.0,-1130.0
743.0,257.0,-1352.0
1274.0,-25.0,-1018.0
1220.0,13.0,-1089.0
1264.0,-81.0,-1005.0
1210.0,-146.0,-933.0
1110.0,121.0,-878.0
1278.0,11.0,-987.0
1139.0,220.0,-1097.0
1300.0,80.0,-1104.0
1210.0,40.0,-1054.0
1286.0,144.0,-940.0
1389.0,-142.0,-983.0
1204.0,-374.0,-940.0
1383.0,-99.0,-778.0
1268.0,195.0,-886.0
1161.0,450.0,-972.0
1130.0,42.0,-1153.0
1087.0,-99.0,-993.0
1128.0,39.0,-972.0
1169.0,152.0,-1030.0
1128.0,-54.0,-981.0
1097.0,9.0,-905.0
1143.0,93.0,-944.0
1100.0,409.0,-1089.0
1083.0,222.0,-1077.0
1155.0,156.0,-999.0
1229.0,-119.0,-907.0
1089.0,39.0,-1001.0
1286.0,-89.0,-989.0
1184.0,83.0,-1028.0
1262.0,193.0,-1030.0
1253.0,290.0,-1112.0
1362.0,-64.0,-1069.0
1237.0,37.0,-1026.0
1454.0,3.0,-989.0
1268.0,111.0,-1026.0
1467.0,0.0,-1052.0
1383.0,-27.0,-1036.0
1423.0,152.0,-1022.0
1385.0,146.0,-1024.0
1342.0,-31.0,-1013.0
1342.0,-206.0,-915.0
1264.0,-3.0,-1003.0
1184.0,148.0,-956.0
1362.0,1.0,-942.0
1313.0,60.0,-987.0
1354.0,185.0,-981.0
1387.0,-44.0,-1022.0
1378.0,-242.0,-1087.0
1329.0,-154.0,-1036.0
1333.0,101.0,-1048.0
1294.0,142.0,-1005.0
1196.0,66.0,-1005.0
1341.0,-54.0,-909.0
1182.0,191.0,-987.0
1245.0,11.0,-1079.0
1249.0,-142.0,-1104.0
1239.0,-1.0,-995.0
1303.0,169.0,-1028.0
1331.0,304.0,-1032.0
1319.0,-52.0,-958.0
1173.0,-136.0,-1001.0
1210.0,121.0,-1054.0
997.0,165.0,-1134.0
1015.0,-39.0,-1081.0
940.0,-13.0,-970.0
985.0,134.0,-946.0
862.0,247.0,-950.0
897.0,-15.0,-948.0
831.0,-31.0,-979.0
833.0,103.0,-987.0
714.0,105.0,-1075.0
765.0,-40.0,-1015.0
704.0,7.0,-950.0
735.0,156.0,-938.0
634.0,163.0,-1001.0
651.0,-66.0,-1044.0
646.0,-62.0,-1028.0
607.0,218.0,-1042.0
548.0,128.0,-1091.0
511.0,-105.0,-1077.0
515.0,-60.0,-1007.0
474.0,91.0,-981.0
407.0,136.0,-1005.0
378.0,-44.0,-999.0
380.0,-60.0,-993.0
325.0,150.0,-1015.0
247.0,152.0,-1044.0
228.0,-29.0,-1028.0
265.0,-62.0,-970.0
226.0,19.0,-958.0
163.0,87.0,-964.0
156.0,-17.0,-1013.0
156.0,19.0,-1032.0
152.0,163.0,-1030.0
148.0,33.0,-1063.0
115.0,-42.0,-1034.0
199.0,-80.0,-968.0
163.0,44.0,-977.0
179.0,83.0,-985.0
122.0,23.0,-1040.0
199.0,29.0,-1022.0
152.0,91.0,-1016.0
156.0,54.0,-1034.0
156.0,-25.0,-1028.0
204.0,-27.0,-1001.0
210.0,85.0,-1005.0
195.0,91.0,-1018.0
167.0,35.0,-1044.0
206.0,54.0,-1026.0
181.0,50.0,-1030.0
173.0,9.0,-1011.0
154.0,-40.0,-1007.0
187.0,-35.0,-995.0
150.0,121.0,-993.0
165.0,44.0,-995.0
124.0,13.0,-1016.0
181.0,3.0,-974.0
126.0,44.0,-1015.0
132.0,39.0,-1016.0
115.0,-48.0,-1032.0
138.0,7.0,-1013.0
126.0,80.0,-1003.0
97.0,74.0,-1052.0
93.0,5.0,-1046.0
101.0,-44.0,-1028.0
97.0,29.0,-1028.0
87.0,-15.0,-1018.0
37.0,11.0,-1042.0
99.0,-7.0,-997.0
17.0,76.0,-1028.0
66.0,15.0,-1032.0
9.0,-9.0,-1040.0
60.0,21.0,-1015.0
48.0,9.0,-1016.0
37.0,35.0,-1018.0
64.0,-27.0,-1032.0
62.0,50.0,-1030.0
72.0,40.0,-1011.0
42.0,-19.0,-1036.0
40.0,-7.0,-1030.0
64.0,-27.0,-997.0
-42.0,39.0,-1050.0
105.0,11.0,-991.0
3.0,54.0,-977.0
70.0,35.0,-966.0
-27.0,56.0,-1028.0
37.0,23.0,-1011.0
33.0,13.0,-997.0
5.0,40.0,-995.0
44.0,25.0,-995.0
17.0,46.0,-1013.0
37.0,44.0,-1005.0
11.0,72.0,-1007.0
23.0,40.0,-1009.0
25.0,11.0,-1007.0
15.0,29.0,-1016.0
29.0,27.0,-1005.0
-39.0,42.0,-1028.0
-33.0,56.0,-1009.0
-56.0,46.0,-1024.0
-81.0,54.0,-1032.0
-103.0,35.0,-1005.0
-80.0,37.0,-1005.0
-85.0,40.0,-999.0
-91.0,37.0,-1015.0
-101.0,54.0,-1011.0
-74.0,3.0,-1015.0
-70.0,40.0,-1040.0
-54.0,17.0,-1028.0
-72.0,15.0,-1050.0
-21.0,-1.0,-1028.0
-46.0,5.0,-1036.0
-29.0,46.0,-1038.0
-3.0,17.0,-1028.0
-3.0,29.0,-1057.0
21.0,23.0,-1042.0
35.0,11.0,-1036.0
50.0,5.0,-1016.0
64.0,5.0,-1020.0
40.0,21.0,-1024.0
48.0,9.0,-1005.0
17.0,7.0,-1007.0
42.0,11.0,-993.0
25.0,13.0,-983.0
23.0,23.0,-987.0
35.0,5.0,-981.0
31.0,7.0,-991.0
52.0,37.0,-997.0
50.0,31.0,-999.0
48.0,35.0,-1005.0
39.0,15.0,-1011.0
33.0,35.0,-1001.0
50.0,31.0,-1003.0
35.0,44.0,-995.0
39.0,54.0,-1003.0
40.0,35.0,-1018.0
37.0,33.0,-1030.0
44.0,23.0,-1016.0
13.0,15.0,-1020.0
19.0,33.0,-1032.0
11.0,25.0,-1024.0
5.0,37.0,-1022.0
5.0,29.0,-1018.0
-11.0,27.0,-1022.0
-5.0,33.0,-1028.0
-11.0,37.0,-1018.0
-9.0,11.0,-1030.0
-13.0,11.0,-1036.0
-11.0,19.0,-1044.0
-11.0,13.0,-1024.0
-19.0,19.0,-1026.0
-19.0,5.0,-1020.0
-23.0,3.0,-1026.0
-37.0,15.0,-1024.0
-33.0,0.0,-1024.0
-29.0,7.0,-1013.0
-17.0,5.0,-1016.0
-27.0,15.0,-1007.0
-27.0,9.0,-1003.0
-33.0,13.0,-1013.0
-29.0,15.0,-1005.0
-29.0,11.0,-1003.0
-21.0,5.0,-1009.0
-25.0,13.0,-1016.0
-25.0,29.0,-1013.0
-21.0,29.0,-1009.0
-7.0,19.0,-1016.0
-21.0,13.0,-1009.0
-21.0,40.0,-1015.0
-19.0,37.0,-1016.0
-31.0,25.0,-1022.0
-17.0,33.0,-1011.0
-23.0,42.0,-999.0
-21.0,52.0,-1003.0
-29.0,44.0,-1022.0
-7.0,39.0,-1007.0
-19.0,39.0,-1011.0
-9.0,44.0,-1013.0
-15.0,46.0,-1018.0
-19.0,33.0,-1016.0
-17.0,39.0,-1034.0
-15.0,25.0,-1013.0
-11.0,29.0,-1024.0
-3.0,25.0,-1016.0
-5.0,35.0,-1013.0
0.0,25.0,-1015.0
-7.0,19.0,-1013.0
-15.0,25.0,-1015.0
-21.0,29.0,-1020.0
-15.0,44.0,-1020.0
-15.0,21.0,-1020.0
-5.0,9.0,-1026.0
-7.0,-1.0,-1022.0
-13.0,-1.0,-1020.0
-21.0,7.0,-1020.0
-15.0,11.0,-1016.0
-13.0,9.0,-1020.0
-13.0,3.0,-1016.0
-3.0,5.0,-1011.0
-11.0,23.0,-1015.0
-15.0,13.0,-1020.0
-17.0,13.0,-1018.0
-21.0,15.0,-1028.0
-7.0,31.0,-1026.0
0.0,27.0,-1016.0
0.0,13.0,-1011.0
-5.0,17.0,-1022.0
-15.0,17.0,-1024.0
-13.0,33.0,-1018.0
0.0,23.0,-1013.0
-25.0,25.0,-1028.0
-11.0,21.0,-1005.0
-21.0,21.0,-1016.0
-13.0,27.0,-1007.0
-27.0,25.0,-1001.0
-27.0,29.0,-1015.0
-23.0,44.0,-1005.0
-11.0,29.0,-999.0
-37.0,27.0,-1020.0
-11.0,40.0,-1007.0
-23.0,27.0,-1011.0
-17.0,33.0,-1018.0
-21.0,27.0,-1007.0
-27.0,25.0,-1005.0
3.0,9.0,-1005.0
-27.0,29.0,-1013.0
5.0,40.0,-1005.0
-7.0,11.0,-1022.0
-23.0,29.0,-1020.0
5.0,3.0,-1001.0
-31.0,46.0,-1020.0
11.0,19.0,-1005.0
-19.0,17.0,-1020.0
-9.0,17.0,-1016.0
-7.0,9.0,-1007.0
-21.0,39.0,-1024.0
-7.0,7.0,-1015.0
-21.0,5.0,-1020.0
-9.0,23.0,-1026.0
1.0,3.0,-1013.0
-21.0,29.0,-1026.0
-3.0,-3.0,-1028.0
-40.0,15.0,-1016.0
3.0,13.0,-1005.0
-11.0,19.0,-1020.0
-3.0,35.0,-1016.0
-23.0,17.0,-1016.0
-1.0,33.0,-1016.0
-1.0,29.0,-1024.0
-19.0,25.0,-1024.0
-11.0,23.0,-1007.0
-13.0,25.0,-1024.0
1.0,21.0,-1011.0
-27.0,15.0,-1016.0
-13.0,21.0,-1015.0
-19.0,27.0,-1016.0
-5.0,37.0,-1018.0
-1.0,27.0,-1011.0
-27.0,27.0,-1026.0
7.0,9.0,-1016.0
-25.0,37.0,-1018.0
-13.0,39.0,-1022.0
-9.0,39.0,-1005.0
0.0,19.0,-1016.0
-5.0,29.0,-1013.0
-21.0,31.0,-1018.0
-11.0,19.0,-1018.0
-21.0,35.0,-1011.0
-7.0,21.0,-999.0
-15.0,21.0,-1020.0
-23.0,33.0,-1020.0
-7.0,19.0,-1001.0
-23.0,31.0,-1001.0
-9.0,23.0,-1018.0
5.0,15.0,-1011.0
-15.0,25.0,-1015.0
1.0,31.0,-1022.0
-25.0,23.0,-1028.0
-23.0,19.0,-1028.0
-13.0,13.0,-1020.0
-21.0,23.0,-1022.0
5.0,21.0,-1007.0
-25.0,39.0,-1026.0
-11.0,19.0,-1018.0
-7.0,7.0,-1022.0
-27.0,27.0,-1026.0
0.0,15.0,-1009.0
-39.0,23.0,-1030.0
-9.0,21.0,-1015.0
-23.0,13.0,-1015.0
-17.0,29.0,-1015.0
-7.0,15.0,-1015.0
-15.0,40.0,-1016.0
15.0,-1.0,-1007.0
-31.0,29.0,-1024.0
-3.0,23.0,-1011.0
-19.0,17.0,-1026.0
-19.0,42.0,-1026.0
-1.0,31.0,-1005.0
-23.0,13.0,-1015.0
-3.0,17.0,-1015.0
-13.0,35.0,-1011.0
-21.0,37.0,-1020.0
-17.0,25.0,-1009.0
-29.0,23.0,-1022.0
5.0,19.0,-1011.0
-29.0,35.0,-1018.0
-13.0,29.0,-1009.0
-21.0,21.0,-1015.0
-11.0,21.0,-1016.0
3.0,15.0,-1009.0
-25.0,27.0,-1020.0
-13.0,15.0,-1020.0
-19.0,13.0,-1015.0
-15.0,27.0,-1020.0
-15.0,29.0,-1015.0
-21.0,13.0,-1020.0
-17.0,25.0,-1013.0
-19.0,44.0,-1011.0
-21.0,13.0,-1026.0
-23.0,29.0,-1024.0
-17.0,21.0,-1020.0
-21.0,25.0,-1020.0
-3.0,25.0,-1015.0
-7.0,9.0,-1016.0
-19.0,27.0,-1020.0
-11.0,3.0,-1020.0
-23.0,23.0,-1016.0
-13.0,29.0,-1015.0
-9.0,17.0,-1020.0
-11.0,31.0,-1022.0
-13.0,25.0,-1007.0
-9.0,39.0,-1016.0
-13.0,33.0,-1013.0
-3.0,27.0,-1018.0
-21.0,25.0,-1016.0
-17.0,13.0,-1016.0
-19.0,19.0,-1016.0
-15.0,29.0,-1011.0
-5.0,33.0,-999.0
-21.0,29.0,-1016.0
-5.0,15.0,-1009.0
-29.0,31.0,-1020.0
-7.0,27.0,-1011.0
-11.0,25.0,-1028.0
-11.0,44.0,-1020.0
-9.0,21.0,-1005.0
-21.0,40.0,-1018.0
-9.0,35.0,-1016.0
-17.0,31.0,-1015.0
-9.0,21.0,-1015.0
-3.0,19.0,-1013.0
-19.0,31.0,-1018.0
-15.0,39.0,-1022.0
-11.0,13.0,-1015.0
-23.0,21.0,-1016.0
-5.0,13.0,-1013.0
-17.0,15.0,-1015.0
-9.0,40.0,-1011.0
-21.0,13.0,-1018.0
-11.0,35.0,-1026.0
-1.0,13.0,-1015.0
-17.0,31.0,-1026.0
-21.0,17.0,-1009.0
-19.0,19.0,-1022.0
-11.0,35.0,-1016.0
-9.0,15.0,-1013.0
-25.0,15.0,-1018.0
-11.0,27.0,-1022.0
-13.0,15.0,-1005.0
-13.0,25.0,-1018.0
3.0,-1.0,-1009.0
-21.0,17.0,-1022.0
-7.0,19.0,-1011.0
-25.0,21.0,-1026.0
-11.0,39.0,-1024.0
-1.0,5.0,-1013.0
-13.0,27.0,-1022.0
-1.0,25.0,-1022.0
-19.0,21.0,-1022.0
-17.0,33.0,-1016.0
-5.0,3.0,-1015.0
-17.0,23.0,-1011.0
0.0,11.0,-1015.0
-25.0,44.0,-1016.0
-11.0,21.0,-1011.0
-31.0,15.0,-1018.0
-13.0,31.0,-1015.0
-11.0,25.0,-1011.0
-13.0,42.0,-1022.0
0.0,17.0,-1007.0
-5.0,23.0,-1022.0
-1.0,21.0,-1015.0
-9.0,31.0,-1013.0
-11.0,37.0,-1018.0
-17.0,23.0,-1020.0
-15.0,25.0,-1015.0
-11.0,17.0,-1007.0
-35.0,27.0,-1024.0
-9.0,35.0,-1009.0
-19.0,15.0,-1016.0
-19.0,27.0,-1007.0
-23.0,9.0,-1026.0
-21.0,23.0,-1028.0
-7.0,23.0,-1020.0
-11.0,35.0,-1016.0
-5.0,23.0,-1016.0
-19.0,13.0,-1028.0
-15.0,21.0,-1016.0
-9.0,27.0,-1016.0
-19.0,29.0,-1015.0
-5.0,13.0,-1009.0
-23.0,17.0,-1028.0
-7.0,17.0,-1016.0
-21.0,29.0,-1015.0
-11.0,31.0,-1022.0
-13.0,9.0,-1016.0
-25.0,29.0,-1015.0
-9.0,19.0,-1015.0
-21.0,19.0,-1026.0
-21.0,27.0,-1020.0
-15.0,15.0,-1020.0
-1.0,31.0,-1013.0
0.0,13.0,-1009.0
-25.0,11.0,-1018.0
-1.0,25.0,-1020.0
-19.0,15.0,-1018.0
-7.0,31.0,-1016.0
-1.0,15.0,-1013.0
-33.0,35.0,-1018.0
-1.0,31.0,-1009.0
-29.0,23.0,-1018.0
-15.0,35.0,-999.0
-7.0,3.0,-1011.0
-27.0,37.0,-1013.0
-3.0,23.0,-1007.0
-19.0,37.0,-1015.0
0.0,25.0,-1011.0
-15.0,13.0,-1011.0
-19.0,25.0,-1022.0
-9.0,23.0,-1020.0
-29.0,35.0,-1020.0
-7.0,21.0,-1020.0
-5.0,25.0,-1020.0
5.0,21.0,-1009.0
-21.0,11.0,-1022.0
-25.0,19.0,-1015.0
-17.0,19.0,-1013.0
-11.0,21.0,-1013.0
0.0,31.0,-1020.0
-11.0,23.0,-1005.0
-21.0,25.0,-1022.0
-13.0,21.0,-1018.0
-21.0,17.0,-1024.0
-7.0,7.0,-1024.0
-13.0,33.0,-1024.0
-11.0,31.0,-1015.0
-21.0,9.0,-1018.0
-5.0,19.0,-1020.0
-5.0,17.0,-1018.0
-13.0,31.0,-1026.0
-11.0,19.0,-1024.0
-29.0,39.0,-1015.0
-3.0,21.0,-1009.0
-19.0,15.0,-1013.0
-15.0,29.0,-1011.0
-21.0,15.0,-1013.0
-33.0,31.0,-1028.0
-7.0,25.0,-1007.0
-35.0,25.0,-1024.0
-7.0,19.0,-1011.0
-19.0,19.0,-1007.0
-7.0,37.0,-1018.0
1.0,21.0,-1018.0
-19.0,25.0,-1015.0
-7.0,21.0,-1013.0
-13.0,31.0,-1018.0
-17.0,46.0,-1013.0
-15.0,3.0,-1013.0
-31.0,31.0,-1026.0
-1.0,11.0,-1001.0
-33.0,40.0,-1020.0
0.0,40.0,-1022.0
-13.0,17.0,-1005.0
-3.0,9.0,-1026.0
-19.0,15.0,-1024.0
-37.0,39.0,-1020.0
-13.0,23.0,-1015.0
-17.0,17.0,-1018.0
-11.0,29.0,-1011.0
-15.0,15.0,-1007.0
-23.0,33.0,-1024.0
-7.0,23.0,-1013.0
-19.0,19.0,-1020.0
5.0,31.0,-1016.0
-11.0,11.0,-1022.0
-9.0,37.0,-1016.0
-15.0,11.0,-1007.0
-31.0,29.0,-1024.0
-11.0,11.0,-1016.0
-33.0,9.0,-1018.0
-9.0,27.0,-1015.0
-29.0,35.0,-1016.0
-19.0,40.0,-1011.0
-21.0,21.0,-1007.0
-9.0,23.0,-1015.0
1.0,21.0,-1013.0
-11.0,21.0,-1016.0
-17.0,19.0,-1022.0
-15.0,29.0,-1018.0
-9.0,15.0,-1016.0
1.0,15.0,-1016.0
-9.0,17.0,-1020.0
-21.0,29.0,-1016.0
-17.0,19.0,-1015.0
-11.0,33.0,-1007.0
-17.0,15.0,-1015.0
-31.0,15.0,-1009.0
-15.0,35.0,-1018.0
-23.0,13.0,-1020.0
-17.0,19.0,-1016.0
-9.0,21.0,-1009.0
-1.0,29.0,-999.0
0.0,33.0,-1013.0
-17.0,27.0,-1020.0
-1.0,11.0,-1016.0
-25.0,7.0,-1024.0
-5.0,31.0,-1015.0
-13.0,44.0,-1011.0
-7.0,15.0,-1020.0
-11.0,23.0,-1013.0
-11.0,17.0,-1016.0
-17.0,17.0,-1020.0
-15.0,19.0,-1018.0
-23.0,17.0,-1015.0
-21.0,27.0,-1016.0
-5.0,31.0,-1018.0
-19.0,33.0,-1016.0
-15.0,19.0,-1015.0
-17.0,15.0,-1022.0
7.0,13.0,-1011.0
-13.0,15.0,-1020.0
-19.0,33.0,-1020.0
-13.0,15.0,-1015.0
-15.0,31.0,-1011.0
-5.0,19.0,-1026.0
-9.0,17.0,-1015.0
-7.0,25.0,-1016.0
-23.0,29.0,-1024.0
-15.0,31.0,-1009.0
-21.0,27.0,-1013.0
-1.0,13.0,-1013.0
-19.0,19.0,-1013.0
-21.0,29.0,-1018.0
-7.0,39.0,-1009.0
-17.0,13.0,-1013.0
-9.0,5.0,-1022.0
-15.0,27.0,-1015.0
-27.0,13.0,-1009.0
-11.0,39.0,-1013.0
-19.0,35.0,-1016.0
-19.0,19.0,-1026.0
-21.0,21.0,-1013.0
-19.0,25.0,-1018.0
0.0,25.0,-1018.0
-21.0,25.0,-1011.0
-15.0,25.0,-1016.0
-25.0,27.0,-1015.0
-21.0,33.0,-1018.0
-13.0,29.0,-1007.0
-7.0,19.0,-1015.0
-15.0,7.0,-1028.0
-19.0,17.0,-1020.0
-15.0,33.0,-1016.0
-9.0,27.0,-1018.0
-21.0,21.0,-1015.0
-19.0,13.0,-1013.0
-7.0,15.0,-1005.0
-11.0,21.0,-1018.0
-11.0,23.0,-1020.0
-23.0,23.0,-1018.0
-17.0,29.0,-1007.0
-17.0,39.0,-1020.0
-9.0,21.0,-1020.0
-21.0,13.0,-1015.0
-7.0,15.0,-1016.0
-11.0,15.0,-1018.0
-21.0,21.0,-1026.0
-15.0,15.0,-1026.0
1.0,23.0,-1011.0
-11.0,35.0,-1009.0
-15.0,15.0,-1005.0
-21.0,13.0,-1020.0
-13.0,19.0,-1026.0
-11.0,21.0,-1022.0
-3.0,37.0,-1024.0
-7.0,21.0,-1011.0
3.0,17.0,-1016.0
-19.0,27.0,-1022.0
-15.0,31.0,-1020.0
-19.0,31.0,-1005.0
-19.0,19.0,-1015.0
