x,y,z
29.0,21.0,-1011.0
19.0,15.0,-1018.0
17.0,17.0,-1015.0
29.0,13.0,-1022.0
29.0,27.0,-1018.0
3.0,15.0,-1028.0
35.0,19.0,-1009.0
29.0,19.0,-1016.0
25.0,7.0,-1022.0
19.0,17.0,-1022.0
23.0,7.0,-1022.0
21.0,13.0,-1022.0
7.0,35.0,-1026.0
29.0,9.0,-1011.0
23.0,37.0,-1024.0
27.0,9.0,-1026.0
23.0,11.0,-1015.0
33.0,25.0,-1018.0
17.0,5.0,-1030.0
29.0,29.0,-1009.0
29.0,23.0,-1024.0
17.0,7.0,-1018.0
29.0,21.0,-1015.0
27.0,5.0,-1030.0
17.0,7.0,-1022.0
27.0,27.0,-1013.0
27.0,9.0,-1020.0
15.0,19.0,-1015.0
25.0,9.0,-1018.0
27.0,17.0,-1013.0
13.0,11.0,-1026.0
11.0,17.0,-1015.0
33.0,11.0,-1011.0
0.0,13.0,-1028.0
27.0,19.0,-1011.0
27.0,15.0,-1018.0
19.0,11.0,-1032.0
37.0,17.0,-1015.0
21.0,9.0,-1018.0
35.0,15.0,-1015.0
25.0,5.0,-1020.0
23.0,25.0,-1015.0
33.0,17.0,-1013.0
11.0,5.0,-1030.0
21.0,40.0,-1024.0
29.0,1.0,-1018.0
9.0,13.0,-1011.0
25.0,21.0,-1028.0
23.0,-1.0,-1011.0
23.0,25.0,-1022.0
31.0,7.0,-1026.0
19.0,23.0,-1015.0
25.0,25.0,-1024.0
23.0,11.0,-1013.0
29.0,25.0,-1024.0
27.0,19.0,-1015.0
31.0,0.0,-1018.0
29.0,37.0,-1024.0
23.0,0.0,-1020.0
17.0,31.0,-1026.0
37.0,17.0,-1018.0
9.0,13.0,-1024.0
33.0,17.0,-1024.0
33.0,29.0,-1013.0
27.0,3.0,-1028.0
9.0,31.0,-1015.0
33.0,27.0,-1018.0
19.0,-3.0,-1036.0
25.0,31.0,-1022.0
19.0,15.0,-1024.0
33.0,13.0,-1011.0
17.0,19.0,-1015.0
17.0,23.0,-1015.0
29.0,13.0,-1015.0
17.0,25.0,-1016.0
27.0,27.0,-1013.0
21.0,17.0,-1018.0
31.0,33.0,-1020.0
13.0,5.0,-1022.0
31.0,25.0,-1011.0
17.0,25.0,-1024.0
11.0,11.0,-1018.0
25.0,25.0,-1005.0
23.0,13.0,-1015.0
21.0,17.0,-1022.0
31.0,1.0,-1018.0
33.0,17.0,-1020.0
15.0,19.0,-1030.0
35.0,15.0,-1001.0
21.0,17.0,-1022.0
19.0,7.0,-1007.0
29.0,21.0,-1020.0
17.0,1.0,-1026.0
17.0,31.0,-1011.0
33.0,31.0,-1022.0
11.0,11.0,-1026.0
23.0,31.0,-1018.0
23.0,19.0,-1020.0
29.0,1.0,-1015.0
21.0,13.0,-1018.0
23.0,35.0,-1024.0
29.0,13.0,-1020.0
25.0,0.0,-1013.0
23.0,21.0,-1024.0
15.0,7.0,-1020.0
29.0,7.0,-1018.0
25.0,25.0,-1018.0
19.0,23.0,-1011.0
29.0,11.0,-1016.0
15.0,1.0,-1024.0
7.0,29.0,-1013.0
23.0,5.0,-1026.0
13.0,11.0,-1028.0
27.0,25.0,-1018.0
25.0,5.0,-1011.0
17.0,13.0,-1013.0
15.0,19.0,-1020.0
27.0,21.0,-1022.0
31.0,7.0,-1015.0
21.0,27.0,-1032.0
29.0,19.0,-1011.0
27.0,5.0,-1022.0
3.0,25.0,-1030.0
27.0,-3.0,-1007.0
23.0,23.0,-1034.0
11.0,-3.0,-1036.0
21.0,21.0,-1013.0
27.0,19.0,-1015.0
15.0,-7.0,-1028.0
21.0,31.0,-1018.0
37.0,19.0,-1026.0
11.0,19.0,-1024.0
33.0,5.0,-1020.0
31.0,35.0,-1015.0
15.0,5.0,-1024.0
37.0,0.0,-1020.0
35.0,39.0,-1015.0
23.0,11.0,-1034.0
31.0,19.0,-1003.0
25.0,29.0,-1018.0
19.0,19.0,-1024.0
23.0,15.0,-1015.0
19.0,3.0,-1030.0
19.0,31.0,-1020.0
21.0,11.0,-1022.0
29.0,17.0,-1007.0
17.0,21.0,-1024.0
9.0,5.0,-1020.0
25.0,23.0,-1009.0
17.0,5.0,-1015.0
21.0,29.0,-1022.0
33.0,19.0,-1024.0
17.0,17.0,-1028.0
31.0,25.0,-1009.0
31.0,1.0,-1022.0
23.0,31.0,-1038.0
29.0,13.0,-1022.0
31.0,21.0,-1013.0
35.0,33.0,-1022.0
15.0,-5.0,-1015.0
21.0,27.0,-1013.0
13.0,25.0,-1034.0
7.0,5.0,-1013.0
23.0,11.0,-1018.0
31.0,25.0,-1020.0
23.0,7.0,-1028.0
31.0,25.0,-1009.0
25.0,17.0,-1024.0
23.0,0.0,-1030.0
23.0,35.0,-1013.0
29.0,13.0,-1024.0
25.0,3.0,-1028.0
31.0,25.0,-1020.0
19.0,13.0,-1018.0
21.0,1.0,-1030.0
21.0,23.0,-1015.0
19.0,13.0,-1018.0
19.0,5.0,-1024.0
9.0,23.0,-1015.0
19.0,27.0,-1018.0
21.0,11.0,-1024.0
25.0,3.0,-1015.0
27.0,21.0,-1015.0
11.0,13.0,-1034.0
21.0,9.0,-1020.0
31.0,21.0,-1015.0
19.0,33.0,-1038.0
33.0,0.0,-1020.0
15.0,21.0,-1024.0
29.0,11.0,-1036.0
15.0,17.0,-1022.0
31.0,13.0,-1013.0
17.0,15.0,-1032.0
37.0,11.0,-1022.0
21.0,17.0,-1015.0
29.0,23.0,-1024.0
27.0,3.0,-1026.0
29.0,21.0,-1003.0
15.0,13.0,-1034.0
29.0,13.0,-1020.0
19.0,17.0,-1015.0
7.0,23.0,-1022.0
29.0,3.0,-1011.0
17.0,31.0,-1024.0
31.0,7.0,-1026.0
21.0,7.0,-1011.0
25.0,33.0,-1015.0
23.0,5.0,-1020.0
29.0,17.0,-1018.0
15.0,17.0,-1026.0
23.0,5.0,-1024.0
15.0,19.0,-1015.0
25.0,23.0,-1018.0
25.0,-1.0,-1011.0
29.0,27.0,-1011.0
27.0,23.0,-1022.0
27.0,17.0,-1020.0
29.0,13.0,-1016.0
27.0,19.0,-1028.0
23.0,9.0,-1018.0
29.0,23.0,-1013.0
37.0,13.0,-1009.0
15.0,0.0,-1028.0
33.0,35.0,-1007.0
23.0,7.0,-1015.0
17.0,11.0,-1022.0
17.0,23.0,-1005.0
35.0,17.0,-1011.0
21.0,11.0,-1024.0
33.0,3.0,-1013.0
25.0,23.0,-1020.0
33.0,-1.0,-1036.0
31.0,15.0,-1013.0
25.0,23.0,-1007.0
23.0,15.0,-1030.0
21.0,19.0,-1020.0
27.0,11.0,-1005.0
15.0,25.0,-1040.0
21.0,-7.0,-1030.0
21.0,44.0,-1015.0
33.0,5.0,-1034.0
17.0,1.0,-1024.0
27.0,42.0,-1005.0
23.0,3.0,-1038.0
15.0,29.0,-1013.0
25.0,11.0,-1007.0
31.0,11.0,-1015.0
27.0,-1.0,-1026.0
21.0,25.0,-1018.0
23.0,21.0,-1015.0
19.0,-5.0,-1028.0
21.0,44.0,-1013.0
15.0,5.0,-1020.0
29.0,11.0,-1015.0
19.0,15.0,-1020.0
19.0,23.0,-1018.0
21.0,23.0,-1015.0
29.0,-1.0,-1013.0
13.0,33.0,-1020.0
19.0,-1.0,-1026.0
27.0,13.0,-1022.0
23.0,11.0,-1028.0
13.0,31.0,-1015.0
27.0,23.0,-1009.0
25.0,5.0,-1018.0
19.0,35.0,-1018.0
27.0,-13.0,-1015.0
17.0,17.0,-1024.0
29.0,27.0,-1020.0
37.0,3.0,-1001.0
29.0,37.0,-1009.0
29.0,0.0,-1026.0
21.0,25.0,-1026.0
21.0,25.0,-1024.0
17.0,7.0,-1024.0
29.0,17.0,-1003.0
15.0,13.0,-1026.0
31.0,17.0,-1013.0
23.0,11.0,-1020.0
25.0,35.0,-1020.0
25.0,-11.0,-1032.0
19.0,39.0,-1026.0
27.0,23.0,-1015.0
25.0,-1.0,-1011.0
33.0,29.0,-1024.0
19.0,11.0,-1028.0
33.0,13.0,-1018.0
31.0,23.0,-1020.0
27.0,5.0,-1013.0
27.0,23.0,-1015.0
29.0,19.0,-1018.0
23.0,19.0,-1018.0
37.0,13.0,-1024.0
19.0,25.0,-1022.0
31.0,9.0,-1020.0
27.0,21.0,-1013.0
15.0,31.0,-1028.0
25.0,7.0,-1018.0
29.0,33.0,-1005.0
15.0,15.0,-1026.0
25.0,17.0,-1009.0
25.0,29.0,-1024.0
21.0,-7.0,-1024.0
13.0,25.0,-1009.0
31.0,15.0,-1018.0
15.0,15.0,-1018.0
29.0,21.0,-1022.0
33.0,13.0,-1015.0
23.0,5.0,-1028.0
17.0,21.0,-1026.0
27.0,21.0,-1018.0
21.0,0.0,-1018.0
3.0,19.0,-1022.0
19.0,3.0,-1013.0
19.0,19.0,-1018.0
17.0,0.0,-1026.0
23.0,25.0,-1018.0
23.0,15.0,-1011.0
9.0,1.0,-1024.0
29.0,25.0,-1005.0
25.0,13.0,-1024.0
17.0,13.0,-1028.0
27.0,35.0,-1011.0
33.0,3.0,-1015.0
7.0,31.0,-1032.0
23.0,5.0,-1011.0
35.0,13.0,-1009.0
15.0,25.0,-1028.0
19.0,21.0,-1015.0
27.0,17.0,-1007.0
7.0,3.0,-1024.0
15.0,29.0,-1018.0
31.0,7.0,-1015.0
15.0,7.0,-1032.0
21.0,29.0,-1011.0
35.0,25.0,-1009.0
25.0,5.0,-1022.0
17.0,19.0,-1026.0
27.0,13.0,-1024.0
31.0,11.0,-1018.0
19.0,23.0,-1024.0
31.0,1.0,-1026.0
27.0,5.0,-1013.0
23.0,29.0,-1042.0
37.0,0.0,-1022.0
21.0,25.0,-1015.0
33.0,23.0,-1026.0
17.0,7.0,-1020.0
37.0,17.0,-1024.0
9.0,9.0,-1020.0
21.0,35.0,-1030.0
33.0,17.0,-1011.0
29.0,27.0,-1018.0
27.0,15.0,-1024.0
37.0,5.0,-1009.0
31.0,25.0,-1020.0
13.0,17.0,-1034.0
31.0,5.0,-1009.0
19.0,19.0,-1026.0
25.0,17.0,-1034.0
35.0,9.0,-1011.0
25.0,23.0,-1020.0
23.0,15.0,-1026.0
25.0,25.0,-1022.0
15.0,13.0,-1009.0
9.0,13.0,-1022.0
27.0,21.0,-1018.0
9.0,13.0,-1013.0
17.0,7.0,-1030.0
15.0,25.0,-1022.0
29.0,17.0,-1011.0
21.0,7.0,-1038.0
25.0,23.0,-1028.0
21.0,27.0,-1015.0
21.0,1.0,-1028.0
31.0,13.0,-1018.0
17.0,25.0,-1020.0
33.0,7.0,-1013.0
15.0,1.0,-1030.0
37.0,23.0,-1020.0
17.0,25.0,-1011.0
19.0,5.0,-1013.0
29.0,19.0,-1013.0
27.0,9.0,-1024.0
11.0,17.0,-1026.0
19.0,7.0,-1013.0
15.0,25.0,-1024.0
33.0,13.0,-1026.0
11.0,1.0,-1022.0
31.0,35.0,-1005.0
29.0,17.0,-1022.0
13.0,7.0,-1028.0
29.0,31.0,-1011.0
3.0,23.0,-1026.0
17.0,19.0,-1020.0
31.0,13.0,-1020.0
17.0,23.0,-1032.0
17.0,23.0,-1015.0
23.0,17.0,-1001.0
21.0,25.0,-1022.0
25.0,13.0,-1013.0
19.0,33.0,-1011.0
33.0,23.0,-1013.0
21.0,9.0,-1020.0
29.0,19.0,-1015.0
25.0,17.0,-1018.0
15.0,23.0,-1018.0
21.0,25.0,-1015.0
37.0,23.0,-1011.0
9.0,7.0,-1032.0
33.0,37.0,-1015.0
27.0,11.0,-1009.0
19.0,17.0,-1026.0
37.0,23.0,-997.0
1.0,1.0,-1028.0
23.0,19.0,-1030.0
25.0,15.0,-1015.0
15.0,21.0,-1032.0
31.0,29.0,-1015.0
1.0,19.0,-1028.0
31.0,13.0,-1011.0
23.0,21.0,-1020.0
11.0,9.0,-1048.0
31.0,19.0,-1022.0
13.0,19.0,-1032.0
33.0,13.0,-1007.0
27.0,21.0,-1011.0
23.0,13.0,-1022.0
25.0,7.0,-1022.0
15.0,25.0,-1022.0
29.0,15.0,-1011.0
25.0,15.0,-1020.0
31.0,13.0,-1007.0
31.0,5.0,-1013.0
13.0,27.0,-1036.0
23.0,-5.0,-1024.0
29.0,29.0,-1026.0
21.0,9.0,-1022.0
19.0,5.0,-1015.0
31.0,27.0,-1011.0
21.0,19.0,-1040.0
27.0,17.0,-1018.0
35.0,15.0,-1022.0
25.0,-1.0,-1036.0
21.0,17.0,-1032.0
39.0,7.0,-1015.0
15.0,21.0,-1026.0
33.0,19.0,-1022.0
15.0,11.0,-1011.0
23.0,29.0,-1028.0
23.0,-1.0,-1018.0
17.0,21.0,-1009.0
33.0,17.0,-1026.0
23.0,15.0,-1024.0
27.0,15.0,-1026.0
17.0,23.0,-1026.0
15.0,9.0,-1015.0
23.0,5.0,-1022.0
29.0,25.0,-1026.0
21.0,13.0,-1022.0
31.0,13.0,-1013.0
29.0,25.0,-1036.0
21.0,11.0,-1022.0
33.0,25.0,-1011.0
11.0,17.0,-1032.0
33.0,3.0,-1020.0
21.0,25.0,-1018.0
27.0,7.0,-1032.0
17.0,31.0,-1015.0
15.0,5.0,-1007.0
11.0,21.0,-1020.0
29.0,21.0,-1034.0
19.0,23.0,-1009.0
33.0,7.0,-1013.0
15.0,7.0,-1022.0
21.0,27.0,-1009.0
31.0,3.0,-1015.0
21.0,25.0,-1034.0
29.0,15.0,-1024.0
15.0,13.0,-1020.0
25.0,9.0,-1030.0
25.0,25.0,-1015.0
19.0,17.0,-1020.0
35.0,9.0,-1032.0
17.0,19.0,-1022.0
31.0,33.0,-1020.0
17.0,-1.0,-1013.0
29.0,13.0,-1018.0
13.0,11.0,-1020.0
15.0,5.0,-1020.0
21.0,15.0,-1018.0
19.0,17.0,-1013.0
29.0,37.0,-1024.0
19.0,7.0,-1011.0
29.0,21.0,-1015.0
29.0,9.0,-1024.0
21.0,11.0,-1022.0
35.0,13.0,-1011.0
27.0,17.0,-1030.0
21.0,29.0,-1034.0
31.0,11.0,-1013.0
27.0,29.0,-1024.0
25.0,13.0,-1034.0
21.0,27.0,-1015.0
29.0,21.0,-1011.0
25.0,11.0,-1024.0
21.0,44.0,-1026.0
29.0,23.0,-1005.0
25.0,23.0,-1013.0
21.0,23.0,-1018.0
25.0,17.0,-1007.0
21.0,29.0,-1015.0
25.0,3.0,-1020.0
23.0,29.0,-1022.0
21.0,23.0,-1024.0
35.0,27.0,-1028.0
35.0,27.0,-1024.0
31.0,19.0,-1028.0
33.0,25.0,-1032.0
19.0,1.0,-1026.0
25.0,25.0,-1022.0
17.0,19.0,-1044.0
15.0,15.0,-1026.0
33.0,31.0,-1015.0
27.0,21.0,-1032.0
23.0,37.0,-1018.0
35.0,23.0,-1005.0
21.0,13.0,-1015.0
29.0,17.0,-1018.0
17.0,-9.0,-1001.0
17.0,23.0,-1013.0
29.0,11.0,-1026.0
5.0,5.0,-1018.0
29.0,27.0,-1020.0
19.0,1.0,-1038.0
29.0,19.0,-1011.0
37.0,15.0,-1013.0
27.0,-11.0,-1020.0
33.0,-1.0,-1013.0
15.0,25.0,-1020.0
21.0,3.0,-1020.0
7.0,13.0,-1018.0
21.0,-5.0,-1009.0
25.0,-17.0,-1018.0
15.0,9.0,-1009.0
23.0,-5.0,-1018.0
15.0,19.0,-1018.0
19.0,5.0,-1022.0
23.0,-1.0,-1011.0
15.0,7.0,-1018.0
29.0,-23.0,-1028.0
33.0,11.0,-1015.0
35.0,15.0,-1030.0
25.0,-11.0,-1015.0
29.0,35.0,-1011.0
23.0,7.0,-1026.0
17.0,25.0,-1018.0
15.0,17.0,-1018.0
9.0,1.0,-1026.0
11.0,31.0,-1034.0
15.0,19.0,-1011.0
25.0,27.0,-1026.0
29.0,25.0,-1036.0
35.0,21.0,-1005.0
37.0,31.0,-1034.0
37.0,25.0,-1028.0
35.0,25.0,-1015.0
35.0,27.0,-1022.0
27.0,23.0,-1024.0
13.0,44.0,-1026.0
15.0,11.0,-1018.0
17.0,13.0,-1022.0
25.0,37.0,-1028.0
37.0,27.0,-999.0
31.0,35.0,-1009.0
31.0,23.0,-1026.0
21.0,33.0,-1009.0
29.0,17.0,-1026.0
25.0,0.0,-1015.0
33.0,19.0,-1024.0
29.0,31.0,-1018.0
31.0,11.0,-1020.0
29.0,37.0,-1013.0
19.0,29.0,-1024.0
25.0,17.0,-1028.0
3.0,5.0,-1018.0
0.0,5.0,-1024.0
9.0,11.0,-1022.0
11.0,-5.0,-1026.0
25.0,29.0,-1028.0
7.0,48.0,-1032.0
21.0,27.0,-1030.0
21.0,21.0,-1030.0
15.0,17.0,-1042.0
27.0,11.0,-1018.0
21.0,-5.0,-1018.0
19.0,25.0,-1015.0
13.0,35.0,-1018.0
15.0,40.0,-1018.0
11.0,23.0,-1018.0
25.0,13.0,-1011.0
23.0,11.0,-995.0
29.0,-3.0,-989.0
33.0,25.0,-985.0
37.0,13.0,-1011.0
27.0,35.0,-997.0
27.0,21.0,-999.0
19.0,-5.0,-1001.0
33.0,-19.0,-999.0
31.0,-15.0,-997.0
29.0,-19.0,-1022.0
33.0,13.0,-1022.0
29.0,33.0,-1032.0
19.0,19.0,-1038.0
27.0,0.0,-1042.0
35.0,1.0,-1038.0
33.0,-27.0,-1024.0
33.0,-27.0,-1022.0
31.0,25.0,-1032.0
29.0,19.0,-1048.0
21.0,39.0,-1044.0
11.0,21.0,-1034.0
7.0,19.0,-1026.0
19.0,-1.0,-1030.0
17.0,11.0,-1011.0
23.0,-3.0,-1018.0
5.0,19.0,-1034.0
13.0,40.0,-1038.0
29.0,54.0,-1032.0
27.0,58.0,-1018.0
27.0,29.0,-1028.0
37.0,11.0,-1011.0
35.0,0.0,-1013.0
33.0,19.0,-1022.0
23.0,17.0,-1020.0
9.0,37.0,-1015.0
15.0,46.0,-1030.0
-7.0,54.0,-1011.0
25.0,9.0,-1009.0
9.0,3.0,-1013.0
21.0,7.0,-1018.0
0.0,27.0,-1013.0
17.0,7.0,-1024.0
15.0,27.0,-1007.0
29.0,33.0,-999.0
27.0,0.0,-1007.0
29.0,1.0,-1005.0
35.0,7.0,-997.0
31.0,19.0,-991.0
35.0,9.0,-1001.0
35.0,19.0,-1011.0
29.0,27.0,-1005.0
29.0,7.0,-997.0
35.0,11.0,-1003.0
21.0,27.0,-1018.0
21.0,0.0,-1015.0
25.0,39.0,-1030.0
25.0,29.0,-1034.0
21.0,11.0,-1040.0
17.0,17.0,-1022.0
23.0,13.0,-1040.0
27.0,19.0,-1044.0
21.0,39.0,-1036.0
11.0,19.0,-1056.0
11.0,7.0,-1056.0
15.0,11.0,-1042.0
29.0,25.0,-1046.0
31.0,17.0,-1018.0
17.0,13.0,-1026.0
35.0,9.0,-1011.0
13.0,23.0,-1005.0
27.0,5.0,-1011.0
23.0,-1.0,-999.0
33.0,1.0,-997.0
25.0,-1.0,-997.0
33.0,9.0,-991.0
35.0,-1.0,-1011.0
31.0,25.0,-1015.0
33.0,19.0,-1011.0
35.0,25.0,-1015.0
33.0,7.0,-1013.0
23.0,13.0,-1020.0
29.0,7.0,-1028.0
11.0,17.0,-1032.0
21.0,25.0,-1020.0
7.0,7.0,-1009.0
15.0,25.0,-1009.0
3.0,31.0,-1009.0
5.0,29.0,-1005.0
5.0,-11.0,-1040.0
1.0,15.0,-1020.0
7.0,17.0,-1026.0
15.0,5.0,-1026.0
25.0,25.0,-1013.0
37.0,23.0,-1018.0
35.0,31.0,-1024.0
29.0,37.0,-1040.0
37.0,11.0,-1036.0
35.0,27.0,-1038.0
29.0,17.0,-1028.0
37.0,17.0,-1026.0
29.0,29.0,-1018.0
29.0,31.0,-1034.0
37.0,17.0,-1034.0
35.0,31.0,-1018.0
31.0,3.0,-1032.0
31.0,-5.0,-1018.0
23.0,46.0,-1003.0
17.0,29.0,-1011.0
9.0,5.0,-1007.0
-3.0,7.0,-1011.0
5.0,-11.0,-1003.0
9.0,19.0,-1018.0
9.0,21.0,-1020.0
17.0,19.0,-1022.0
25.0,23.0,-1028.0
35.0,25.0,-1026.0
37.0,11.0,-1007.0
33.0,1.0,-1024.0
23.0,1.0,-1030.0
21.0,9.0,-1042.0
17.0,40.0,-1034.0
21.0,0.0,-1026.0
13.0,15.0,-1009.0
21.0,25.0,-1020.0
23.0,19.0,-1011.0
27.0,23.0,-989.0
9.0,27.0,-1005.0
15.0,5.0,-995.0
7.0,-7.0,-989.0
-3.0,-13.0,-1001.0
11.0,5.0,-1005.0
9.0,5.0,-1003.0
27.0,42.0,-1020.0
37.0,11.0,-1044.0
37.0,23.0,-1018.0
33.0,23.0,-1032.0
40.0,-1.0,-1034.0
37.0,5.0,-1030.0
35.0,19.0,-1042.0
27.0,19.0,-1036.0
19.0,17.0,-1026.0
19.0,7.0,-1030.0
11.0,-7.0,-1024.0
7.0,23.0,-1024.0
21.0,54.0,-1020.0
17.0,31.0,-1026.0
13.0,31.0,-1020.0
27.0,19.0,-1003.0
19.0,9.0,-1030.0
23.0,31.0,-1013.0
25.0,13.0,-1022.0
31.0,35.0,-1024.0
35.0,11.0,-1009.0
35.0,5.0,-1009.0
33.0,5.0,-1026.0
17.0,17.0,-1015.0
25.0,19.0,-1030.0
25.0,33.0,-1009.0
29.0,7.0,-1024.0
33.0,11.0,-1015.0
37.0,15.0,-1015.0
31.0,19.0,-1015.0
33.0,35.0,-1009.0
33.0,31.0,-1007.0
25.0,15.0,-1034.0
9.0,35.0,-1028.0
7.0,-7.0,-1034.0
0.0,-15.0,-1042.0
7.0,3.0,-1028.0
23.0,5.0,-1036.0
33.0,31.0,-1032.0
35.0,33.0,-1011.0
37.0,23.0,-1007.0
29.0,23.0,-1009.0
21.0,17.0,-1018.0
21.0,1.0,-1013.0
15.0,1.0,-1020.0
11.0,13.0,-1022.0
35.0,3.0,-1011.0
37.0,58.0,-1020.0
37.0,58.0,-1028.0
40.0,52.0,-1011.0
35.0,50.0,-1022.0
31.0,-9.0,-1020.0
33.0,-1.0,-1003.0
25.0,-17.0,-1018.0
1.0,5.0,-1030.0
19.0,19.0,-1020.0
0.0,42.0,-1024.0
-9.0,9.0,-1046.0
7.0,35.0,-1013.0
5.0,17.0,-1018.0
15.0,1.0,-1028.0
19.0,3.0,-1020.0
17.0,-1.0,-1015.0
21.0,-11.0,-1026.0
25.0,11.0,-1009.0
23.0,0.0,-1013.0
5.0,13.0,-1024.0
17.0,3.0,-1011.0
25.0,11.0,-1009.0
13.0,13.0,-1024.0
33.0,11.0,-1020.0
33.0,35.0,-1015.0
35.0,40.0,-1032.0
37.0,0.0,-1026.0
37.0,0.0,-1001.0
33.0,33.0,-995.0
33.0,0.0,-1011.0
31.0,31.0,-993.0
13.0,44.0,-1007.0
19.0,13.0,-1028.0
5.0,46.0,-1020.0
5.0,-17.0,-1015.0
5.0,-1.0,-1015.0
21.0,21.0,-1013.0
23.0,23.0,-1024.0
33.0,31.0,-1022.0
25.0,29.0,-1032.0
31.0,13.0,-1026.0
35.0,13.0,-1026.0
25.0,31.0,-1030.0
37.0,5.0,-1040.0
19.0,5.0,-1034.0
21.0,37.0,-1038.0
13.0,19.0,-1030.0
19.0,42.0,-1015.0
15.0,60.0,-1015.0
31.0,58.0,-1028.0
33.0,19.0,-1026.0
35.0,-9.0,-1009.0
37.0,-17.0,-1001.0
37.0,9.0,-1018.0
29.0,29.0,-1007.0
35.0,17.0,-1005.0
21.0,35.0,-1013.0
21.0,39.0,-1020.0
21.0,15.0,-1005.0
25.0,7.0,-1036.0
31.0,0.0,-1024.0
37.0,19.0,-1022.0
29.0,37.0,-1024.0
37.0,25.0,-1018.0
37.0,5.0,-1015.0
35.0,-3.0,-1032.0
37.0,19.0,-1032.0
21.0,19.0,-1026.0
15.0,23.0,-1026.0
23.0,-1.0,-1024.0
7.0,19.0,-1015.0
21.0,9.0,-1020.0
9.0,3.0,-1003.0
19.0,17.0,-1015.0
9.0,3.0,-1009.0
17.0,0.0,-1009.0
3.0,23.0,-1013.0
23.0,15.0,-1020.0
19.0,15.0,-1018.0
35.0,5.0,-1026.0
21.0,0.0,-1022.0
37.0,1.0,-1022.0
35.0,11.0,-1024.0
29.0,29.0,-1030.0
35.0,25.0,-1005.0
15.0,15.0,-1026.0
19.0,0.0,-1030.0
15.0,-15.0,-1013.0
27.0,-7.0,-1018.0
25.0,-1.0,-1018.0
31.0,5.0,-1005.0
15.0,23.0,-1011.0
13.0,35.0,-1024.0
21.0,-1.0,-1009.0
21.0,1.0,-1011.0
9.0,-17.0,-1018.0
29.0,-9.0,-1030.0
21.0,9.0,-1018.0
21.0,42.0,-1015.0
35.0,27.0,-1018.0
23.0,25.0,-1024.0
15.0,19.0,-1011.0
23.0,-5.0,-1020.0
23.0,19.0,-1018.0
25.0,11.0,-1024.0
33.0,15.0,-1020.0
37.0,31.0,-1032.0
21.0,29.0,-1013.0
35.0,37.0,-1015.0
27.0,25.0,-1022.0
29.0,9.0,-1009.0
25.0,-3.0,-1003.0
9.0,13.0,-1015.0
-3.0,11.0,-1022.0
0.0,37.0,-1024.0
-3.0,46.0,-1046.0
19.0,9.0,-1040.0
35.0,11.0,-1022.0
39.0,21.0,-1030.0
39.0,11.0,-1032.0
37.0,33.0,-1016.0
37.0,52.0,-1026.0
37.0,23.0,-1028.0
23.0,15.0,-1015.0
27.0,-7.0,-1018.0
9.0,7.0,-1011.0
7.0,11.0,-1011.0
13.0,19.0,-1005.0
9.0,31.0,-1034.0
3.0,52.0,-1018.0
27.0,23.0,-1028.0
29.0,46.0,-1046.0
31.0,7.0,-1052.0
35.0,0.0,-1022.0
33.0,35.0,-1026.0
25.0,23.0,-1024.0
35.0,42.0,-1007.0
23.0,42.0,-1034.0
-1.0,17.0,-1038.0
9.0,40.0,-1003.0
7.0,-5.0,-1005.0
11.0,-23.0,-1003.0
17.0,11.0,-989.0
19.0,27.0,-993.0
15.0,39.0,-1024.0
13.0,11.0,-1013.0
17.0,19.0,-1024.0
31.0,-13.0,-1032.0
37.0,3.0,-1026.0
33.0,5.0,-1030.0
35.0,11.0,-1034.0
33.0,25.0,-1036.0
33.0,40.0,-1020.0
35.0,13.0,-1013.0
29.0,7.0,-1022.0
9.0,-7.0,-1007.0
11.0,-11.0,-1001.0
-5.0,-7.0,-1018.0
-5.0,7.0,-1013.0
7.0,15.0,-1003.0
15.0,21.0,-1026.0
15.0,9.0,-1005.0
29.0,-7.0,-1018.0
21.0,0.0,-1024.0
23.0,-1.0,-1026.0
27.0,13.0,-1022.0
37.0,-1.0,-1046.0
33.0,39.0,-1048.0
39.0,19.0,-1042.0
27.0,35.0,-1036.0
35.0,5.0,-1034.0
29.0,0.0,-1011.0
23.0,17.0,-1024.0
9.0,23.0,-1011.0
5.0,23.0,-1013.0
3.0,31.0,-1011.0
1.0,21.0,-1036.0
-1.0,9.0,-1026.0
27.0,1.0,-1018.0
35.0,-5.0,-1007.0
35.0,-3.0,-1009.0
35.0,40.0,-1001.0
33.0,44.0,-1022.0
37.0,17.0,-1018.0
25.0,19.0,-1007.0
23.0,-13.0,-1022.0
15.0,-7.0,-1009.0
29.0,11.0,-997.0
23.0,25.0,-1011.0
37.0,37.0,-1018.0
29.0,42.0,-1003.0
37.0,19.0,-1018.0
31.0,19.0,-1015.0
29.0,-5.0,-1028.0
19.0,-17.0,-1034.0
15.0,11.0,-1032.0
15.0,11.0,-1026.0
19.0,19.0,-1015.0
15.0,58.0,-1034.0
27.0,37.0,-1026.0
15.0,37.0,-1032.0
13.0,29.0,-1030.0
-1.0,7.0,-1018.0
-1.0,15.0,-1016.0
9.0,9.0,-1042.0
-3.0,0.0,-1034.0
19.0,29.0,-1022.0
19.0,52.0,-1036.0
39.0,58.0,-1024.0
35.0,74.0,-1011.0
40.0,23.0,-1018.0
44.0,-7.0,-1011.0
35.0,25.0,-999.0
37.0,-11.0,-1005.0
25.0,7.0,-1007.0
9.0,11.0,-991.0
-1.0,29.0,-1003.0
5.0,40.0,-1011.0
13.0,23.0,-1003.0
13.0,-19.0,-1022.0
27.0,0.0,-1018.0
21.0,17.0,-1018.0
21.0,39.0,-1022.0
15.0,46.0,-1026.0
7.0,13.0,-1028.0
25.0,-1.0,-1038.0
9.0,17.0,-1016.0
27.0,-15.0,-1022.0
25.0,11.0,-1015.0
19.0,3.0,-1028.0
21.0,-5.0,-1034.0
25.0,29.0,-1026.0
19.0,5.0,-1042.0
21.0,-1.0,-1036.0
37.0,1.0,-1011.0
37.0,1.0,-1026.0
39.0,11.0,-1020.0
31.0,50.0,-1007.0
37.0,39.0,-1028.0
33.0,25.0,-1016.0
23.0,44.0,-1015.0
27.0,-7.0,-1022.0
17.0,11.0,-1028.0
19.0,-7.0,-1032.0
17.0,-21.0,-1030.0
33.0,13.0,-1024.0
31.0,5.0,-1026.0
33.0,13.0,-1005.0
29.0,15.0,-1001.0
25.0,-7.0,-1015.0
31.0,-23.0,-1013.0
21.0,0.0,-1018.0
13.0,-21.0,-1026.0
33.0,17.0,-1015.0
19.0,42.0,-1015.0
15.0,39.0,-1026.0
33.0,35.0,-1011.0
7.0,-17.0,-1018.0
29.0,-29.0,-1028.0
21.0,1.0,-1011.0
21.0,-1.0,-1028.0
31.0,9.0,-1026.0
21.0,11.0,-1022.0
33.0,5.0,-1020.0
35.0,19.0,-1022.0
19.0,44.0,-1028.0
23.0,5.0,-1015.0
15.0,3.0,-1015.0
11.0,23.0,-1013.0
9.0,3.0,-1011.0
21.0,29.0,-1011.0
19.0,7.0,-1018.0
27.0,13.0,-1007.0
29.0,40.0,-1009.0
23.0,-5.0,-1015.0
29.0,-1.0,-1022.0
29.0,21.0,-1020.0
27.0,29.0,-1022.0
33.0,23.0,-1026.0
17.0,42.0,-1030.0
29.0,31.0,-1030.0
25.0,19.0,-1024.0
25.0,25.0,-1028.0
35.0,11.0,-1011.0
15.0,23.0,-1007.0
19.0,37.0,-1026.0
7.0,19.0,-1026.0
23.0,21.0,-1026.0
3.0,9.0,-1034.0
35.0,11.0,-1018.0
27.0,23.0,-1011.0
25.0,-1.0,-1007.0
29.0,27.0,-999.0
25.0,62.0,-1013.0
21.0,42.0,-1034.0
21.0,40.0,-1034.0
29.0,19.0,-1022.0
31.0,-13.0,-1024.0
37.0,0.0,-1007.0
35.0,1.0,-1018.0
35.0,35.0,-1042.0
31.0,46.0,-1032.0
27.0,39.0,-1048.0
21.0,35.0,-1038.0
21.0,13.0,-1015.0
15.0,-1.0,-1044.0
13.0,5.0,-1018.0
5.0,-7.0,-1022.0
7.0,17.0,-1022.0
9.0,27.0,-1020.0
7.0,27.0,-1018.0
17.0,25.0,-1011.0
9.0,27.0,-1011.0
17.0,-7.0,-1003.0
33.0,-1.0,-1011.0
25.0,-9.0,-1005.0
35.0,3.0,-1011.0
21.0,33.0,-1009.0
25.0,37.0,-1022.0
37.0,23.0,-1018.0
29.0,35.0,-1020.0
29.0,-5.0,-1015.0
35.0,-7.0,-1018.0
35.0,5.0,-1016.0
29.0,-5.0,-1026.0
29.0,23.0,-1015.0
27.0,31.0,-1015.0
25.0,3.0,-1011.0
15.0,7.0,-1007.0
13.0,5.0,-1022.0
13.0,0.0,-1032.0
-7.0,13.0,-1024.0
13.0,27.0,-1022.0
21.0,-1.0,-1040.0
21.0,19.0,-1034.0
37.0,5.0,-1015.0
37.0,11.0,-1028.0
35.0,7.0,-1028.0
37.0,1.0,-1026.0
35.0,23.0,-1018.0
35.0,11.0,-1018.0
23.0,21.0,-1030.0
9.0,7.0,-1011.0
13.0,27.0,-1024.0
17.0,9.0,-1054.0
23.0,46.0,-1005.0
29.0,17.0,-1022.0
31.0,13.0,-1022.0
33.0,11.0,-1011.0
21.0,19.0,-1040.0
21.0,17.0,-1036.0
23.0,19.0,-1034.0
27.0,-11.0,-1028.0
19.0,7.0,-1011.0
11.0,-3.0,-1018.0
29.0,19.0,-1022.0
7.0,44.0,-1018.0
21.0,17.0,-1040.0
21.0,23.0,-1007.0
35.0,17.0,-1005.0
31.0,-7.0,-995.0
31.0,15.0,-995.0
31.0,29.0,-1013.0
37.0,19.0,-1013.0
27.0,50.0,-1015.0
37.0,23.0,-1015.0
33.0,5.0,-1013.0
27.0,33.0,-1011.0
29.0,11.0,-1022.0
33.0,25.0,-1030.0
9.0,42.0,-1036.0
15.0,17.0,-1036.0
3.0,37.0,-1038.0
13.0,19.0,-1036.0
17.0,3.0,-1026.0
17.0,25.0,-1022.0
21.0,25.0,-1026.0
31.0,9.0,-1030.0
21.0,27.0,-1022.0
21.0,0.0,-1022.0
13.0,-1.0,-1022.0
3.0,33.0,-1022.0
25.0,-9.0,-1011.0
27.0,13.0,-1024.0
21.0,13.0,-1007.0
31.0,-1.0,-1024.0
37.0,21.0,-1011.0
29.0,-3.0,-1013.0
31.0,13.0,-1015.0
31.0,37.0,-1009.0
25.0,33.0,-1009.0
21.0,3.0,-1024.0
-1.0,13.0,-1015.0
17.0,-9.0,-1020.0
23.0,9.0,-1015.0
15.0,52.0,-1018.0
29.0,25.0,-1005.0
31.0,33.0,-1007.0
11.0,21.0,-1015.0
15.0,-5.0,-1018.0
9.0,11.0,-1026.0
15.0,1.0,-1028.0
23.0,5.0,-1020.0
37.0,21.0,-1022.0
35.0,1.0,-1015.0
33.0,11.0,-1020.0
33.0,35.0,-1020.0
37.0,0.0,-1032.0
37.0,-1.0,-1032.0
27.0,17.0,-1015.0
33.0,3.0,-1022.0
29.0,17.0,-1030.0
35.0,27.0,-1026.0
37.0,-1.0,-1028.0
25.0,17.0,-1026.0
35.0,5.0,-1024.0
33.0,5.0,-1015.0
25.0,21.0,-1020.0
1.0,11.0,-1028.0
9.0,1.0,-1026.0
1.0,33.0,-1024.0
13.0,17.0,-1042.0
35.0,15.0,-1026.0
23.0,33.0,-1028.0
35.0,23.0,-1026.0
35.0,27.0,-1005.0
33.0,19.0,-1015.0
25.0,-3.0,-1022.0
25.0,23.0,-1013.0
0.0,3.0,-1018.0
15.0,-1.0,-1020.0
13.0,13.0,-1011.0
25.0,11.0,-1003.0
37.0,9.0,-1011.0
29.0,29.0,-1011.0
35.0,19.0,-1011.0
33.0,-1.0,-1011.0
29.0,3.0,-1009.0
21.0,-5.0,-1018.0
23.0,-19.0,-1018.0
11.0,19.0,-1015.0
17.0,11.0,-1026.0
21.0,25.0,-1020.0
21.0,31.0,-1022.0
27.0,5.0,-1028.0
29.0,23.0,-1020.0
27.0,15.0,-1030.0
21.0,0.0,-1022.0
9.0,17.0,-1030.0
7.0,17.0,-1026.0
17.0,9.0,-1024.0
11.0,40.0,-1020.0
23.0,13.0,-1032.0
21.0,17.0,-1024.0
29.0,42.0,-1028.0
25.0,23.0,-1018.0
29.0,19.0,-1022.0
19.0,17.0,-1009.0
29.0,-5.0,-1016.0
9.0,19.0,-1018.0
31.0,-1.0,-1003.0
11.0,31.0,-1015.0
23.0,13.0,-1009.0
21.0,21.0,-1005.0
37.0,9.0,-1018.0
19.0,25.0,-999.0
25.0,-11.0,-1020.0
31.0,13.0,-1018.0
29.0,9.0,-1020.0
29.0,9.0,-1022.0
29.0,23.0,-1015.0
27.0,31.0,-1020.0
33.0,11.0,-1018.0
35.0,25.0,-1015.0
33.0,11.0,-1030.0
27.0,13.0,-1026.0
15.0,35.0,-1013.0
21.0,13.0,-1028.0
7.0,39.0,-1015.0
29.0,23.0,-1024.0
9.0,23.0,-1020.0
21.0,52.0,-1015.0
17.0,15.0,-1024.0
19.0,11.0,-1026.0
9.0,21.0,-1026.0
21.0,7.0,-1028.0
21.0,9.0,-1022.0
13.0,50.0,-1034.0
29.0,-5.0,-1024.0
29.0,23.0,-1013.0
31.0,19.0,-1038.0
37.0,-1.0,-1020.0
29.0,29.0,-1020.0
33.0,5.0,-1018.0
33.0,5.0,-1001.0
21.0,7.0,-999.0
27.0,-11.0,-1003.0
23.0,1.0,-1018.0
21.0,15.0,-1003.0
31.0,5.0,-1018.0
29.0,0.0,-1018.0
37.0,21.0,-1013.0
37.0,-11.0,-1011.0
27.0,5.0,-1026.0
23.0,5.0,-1020.0
17.0,-7.0,-1046.0
19.0,1.0,-1026.0
27.0,11.0,-1036.0
23.0,19.0,-1020.0
35.0,1.0,-1024.0
25.0,13.0,-1015.0
17.0,-5.0,-1030.0
23.0,19.0,-1018.0
27.0,1.0,-1030.0
21.0,-5.0,-1011.0
21.0,5.0,-1032.0
15.0,1.0,-1018.0
15.0,1.0,-1018.0
17.0,17.0,-1011.0
37.0,9.0,-1018.0
29.0,19.0,-1007.0
35.0,9.0,-1022.0
29.0,31.0,-1013.0
21.0,7.0,-1022.0
15.0,19.0,-1011.0
29.0,11.0,-1024.0
15.0,15.0,-1011.0
31.0,5.0,-1018.0
19.0,39.0,-1018.0
19.0,31.0,-1020.0
11.0,25.0,-1026.0
15.0,40.0,-1034.0
17.0,11.0,-1013.0
21.0,27.0,-1020.0
15.0,23.0,-1030.0
29.0,29.0,-1018.0
21.0,25.0,-1022.0
27.0,39.0,-1020.0
37.0,33.0,-1026.0
27.0,29.0,-1024.0
35.0,21.0,-1020.0
23.0,40.0,-1018.0
23.0,7.0,-1018.0
21.0,29.0,-1015.0
29.0,19.0,-1034.0
27.0,27.0,-1020.0
27.0,17.0,-1020.0
29.0,40.0,-1020.0
13.0,19.0,-1034.0
23.0,9.0,-1018.0
29.0,13.0,-1020.0
23.0,7.0,-1026.0
27.0,17.0,-1013.0
29.0,23.0,-1030.0
21.0,11.0,-1024.0
29.0,7.0,-1026.0
13.0,19.0,-1018.0
29.0,9.0,-1026.0
17.0,29.0,-1015.0
25.0,11.0,-1020.0
9.0,23.0,-1020.0
19.0,-5.0,-1015.0
11.0,17.0,-1020.0
27.0,-1.0,-1018.0
15.0,7.0,-1024.0
19.0,7.0,-1028.0
27.0,9.0,-1018.0
7.0,9.0,-1018.0
33.0,5.0,-1020.0
21.0,3.0,-1009.0
25.0,-11.0,-1020.0
25.0,5.0,-1011.0
27.0,-5.0,-1026.0
25.0,5.0,-1011.0
31.0,-1.0,-1028.0
23.0,29.0,-1007.0
35.0,1.0,-1013.0
13.0,5.0,-1011.0
31.0,-5.0,-1026.0
15.0,7.0,-1015.0
23.0,-9.0,-1028.0
27.0,3.0,-1026.0
15.0,17.0,-1015.0
25.0,5.0,-1011.0
25.0,5.0,-1015.0
29.0,13.0,-1028.0
9.0,19.0,-1015.0
33.0,7.0,-1028.0
15.0,3.0,-1030.0
23.0,15.0,-1024.0
23.0,19.0,-1013.0
29.0,1.0,-1026.0
23.0,39.0,-1030.0
15.0,15.0,-1007.0
29.0,13.0,-1018.0
9.0,19.0,-1028.0
29.0,23.0,-1005.0
31.0,15.0,-1022.0
29.0,13.0,-1028.0
29.0,42.0,-1024.0
27.0,27.0,-1018.0
23.0,3.0,-1018.0
23.0,29.0,-1020.0
23.0,29.0,-1011.0
27.0,11.0,-1020.0
27.0,15.0,-1026.0
31.0,35.0,-1024.0
25.0,17.0,-1018.0
29.0,5.0,-1011.0
17.0,39.0,-1013.0
29.0,13.0,-1011.0
13.0,17.0,-1024.0
35.0,27.0,-1018.0
7.0,35.0,-1013.0
33.0,1.0,-1011.0
11.0,5.0,-1022.0
11.0,40.0,-1022.0
27.0,21.0,-1005.0
27.0,15.0,-1013.0
27.0,21.0,-1024.0
15.0,31.0,-1003.0
29.0,-1.0,-1020.0
11.0,17.0,-1022.0
21.0,31.0,-1028.0
19.0,0.0,-1024.0
21.0,19.0,-1026.0
21.0,21.0,-1013.0
25.0,31.0,-1001.0
29.0,-1.0,-1026.0
25.0,15.0,-1018.0
35.0,35.0,-1030.0
15.0,-9.0,-1015.0
27.0,19.0,-1007.0
19.0,19.0,-1015.0
19.0,11.0,-1015.0
35.0,17.0,-1011.0
7.0,5.0,-1034.0
21.0,39.0,-1028.0
37.0,-5.0,-1003.0
15.0,5.0,-1015.0
23.0,5.0,-1034.0
19.0,3.0,-1011.0
29.0,11.0,-1011.0
25.0,-9.0,-1038.0
11.0,27.0,-1020.0
19.0,-13.0,-1022.0
17.0,7.0,-1024.0
29.0,17.0,-1028.0
7.0,-1.0,-1024.0
29.0,23.0,-1030.0
19.0,7.0,-1026.0
15.0,9.0,-1015.0
29.0,11.0,-1026.0
21.0,-1.0,-1026.0
35.0,11.0,-1005.0
29.0,5.0,-1028.0
29.0,25.0,-1020.0
37.0,13.0,-1009.0
27.0,7.0,-1018.0
23.0,29.0,-1028.0
29.0,0.0,-1011.0
29.0,25.0,-1024.0
27.0,5.0,-1030.0
21.0,21.0,-1015.0
27.0,25.0,-1026.0
19.0,0.0,-1024.0
25.0,29.0,-1011.0
31.0,5.0,-1022.0
21.0,13.0,-1022.0
35.0,3.0,-1018.0
19.0,31.0,-1022.0
33.0,13.0,-1032.0
31.0,5.0,-1020.0
31.0,29.0,-1028.0
25.0,23.0,-1028.0
29.0,-1.0,-1028.0
21.0,23.0,-1026.0
21.0,25.0,-1032.0
21.0,17.0,-1022.0
27.0,21.0,-1028.0
13.0,29.0,-1026.0
33.0,13.0,-1015.0
21.0,9.0,-1018.0
7.0,35.0,-1020.0
33.0,15.0,-1024.0
5.0,31.0,-1026.0
23.0,13.0,-1032.0
19.0,35.0,-1003.0
23.0,17.0,-1018.0
21.0,9.0,-1026.0
19.0,35.0,-1018.0
11.0,25.0,-1018.0
13.0,11.0,-1018.0
25.0,29.0,-1007.0
7.0,31.0,-1011.0
21.0,11.0,-1013.0
17.0,11.0,-1015.0
17.0,29.0,-1018.0
21.0,21.0,-1020.0
25.0,7.0,-1005.0
15.0,29.0,-1020.0
17.0,13.0,-1013.0
13.0,15.0,-1013.0
21.0,7.0,-1022.0
21.0,21.0,-1011.0
19.0,0.0,-1003.0
19.0,29.0,-1003.0
9.0,5.0,-1032.0
25.0,-1.0,-1007.0
17.0,17.0,-1013.0
11.0,-7.0,-1015.0
27.0,25.0,-1018.0
19.0,7.0,-1022.0
15.0,15.0,-1015.0
35.0,19.0,-1018.0
21.0,-15.0,-1015.0
15.0,25.0,-1020.0
29.0,5.0,-1015.0
29.0,19.0,-1007.0
27.0,9.0,-1026.0
35.0,5.0,-995.0
25.0,19.0,-1022.0
23.0,13.0,-1038.0
29.0,27.0,-1005.0
21.0,7.0,-1022.0
35.0,9.0,-1022.0
21.0,15.0,-1013.0
33.0,7.0,-1015.0
33.0,5.0,-1038.0
21.0,27.0,-1026.0
39.0,5.0,-1013.0
17.0,3.0,-1022.0
33.0,13.0,-1026.0
27.0,27.0,-1009.0
29.0,13.0,-1030.0
27.0,0.0,-1026.0
33.0,29.0,-1011.0
29.0,13.0,-1024.0
25.0,-1.0,-1026.0
37.0,25.0,-1020.0
9.0,23.0,-1022.0
25.0,11.0,-1034.0
23.0,19.0,-1018.0
29.0,23.0,-1020.0
19.0,11.0,-1018.0
35.0,11.0,-1018.0
27.0,25.0,-1032.0
25.0,17.0,-1028.0
27.0,7.0,-1022.0
27.0,19.0,-1026.0
21.0,13.0,-1026.0
21.0,9.0,-1015.0
33.0,11.0,-1028.0
23.0,29.0,-1030.0
25.0,25.0,-1015.0
39.0,3.0,-1013.0
15.0,13.0,-1018.0
31.0,29.0,-1030.0
23.0,3.0,-1005.0
21.0,13.0,-1020.0
21.0,23.0,-1024.0
9.0,13.0,-1011.0
27.0,7.0,-1005.0
15.0,5.0,-1028.0
15.0,42.0,-1026.0
33.0,1.0,-1005.0
19.0,9.0,-1015.0
17.0,13.0,-1024.0
15.0,15.0,-997.0
19.0,5.0,-1003.0
17.0,0.0,-1026.0
19.0,25.0,-1011.0
15.0,11.0,-1015.0
13.0,1.0,-1015.0
15.0,13.0,-1015.0
3.0,23.0,-1011.0
21.0,5.0,-1015.0
17.0,3.0,-1020.0
19.0,25.0,-1013.0
29.0,7.0,-1013.0
23.0,5.0,-1028.0
13.0,13.0,-1026.0
17.0,35.0,-1013.0
15.0,5.0,-1030.0
21.0,7.0,-1016.0
15.0,37.0,-1020.0
21.0,11.0,-1015.0
31.0,17.0,-1013.0
31.0,7.0,-1013.0
15.0,31.0,-1020.0
29.0,17.0,-1020.0
19.0,7.0,-1018.0
25.0,31.0,-1024.0
35.0,17.0,-1015.0
31.0,5.0,-1018.0
29.0,19.0,-1034.0
23.0,40.0,-1030.0
37.0,11.0,-1026.0
23.0,15.0,-1028.0
31.0,15.0,-1024.0
23.0,27.0,-1018.0
29.0,17.0,-1034.0
21.0,13.0,-1034.0
29.0,33.0,-1024.0
29.0,19.0,-1020.0
33.0,-5.0,-1018.0
33.0,37.0,-1018.0
35.0,7.0,-1022.0
23.0,5.0,-1032.0
23.0,50.0,-1018.0
37.0,1.0,-1018.0
27.0,17.0,-1026.0
37.0,23.0,-1022.0
27.0,5.0,-1011.0
25.0,35.0,-1032.0
35.0,11.0,-1026.0
23.0,17.0,-1030.0
33.0,35.0,-1030.0
35.0,-1.0,-1003.0
17.0,21.0,-1026.0
29.0,5.0,-1015.0
17.0,23.0,-1020.0
31.0,19.0,-1022.0
27.0,-5.0,-1011.0
15.0,39.0,-1011.0
29.0,-9.0,-1011.0
15.0,5.0,-1013.0
25.0,11.0,-1018.0
17.0,3.0,-1003.0
29.0,21.0,-1026.0
29.0,0.0,-1007.0
19.0,35.0,-1018.0
23.0,-1.0,-1026.0
27.0,11.0,-1013.0
29.0,7.0,-1030.0
21.0,9.0,-1028.0
21.0,11.0,-1011.0
13.0,-11.0,-1024.0
27.0,33.0,-1015.0
21.0,11.0,-1018.0
19.0,7.0,-1022.0
19.0,13.0,-1015.0
1.0,15.0,-1015.0
25.0,3.0,-1011.0
11.0,-7.0,-1022.0
19.0,35.0,-1024.0
23.0,1.0,-1018.0
17.0,3.0,-1018.0
23.0,19.0,-1020.0
13.0,33.0,-1015.0
25.0,9.0,-1011.0
15.0,11.0,-1026.0
23.0,33.0,-1030.0
23.0,19.0,-1005.0
21.0,13.0,-1030.0
25.0,17.0,-1018.0
15.0,31.0,-1018.0
29.0,11.0,-1022.0
17.0,7.0,-1024.0
15.0,44.0,-1026.0
19.0,15.0,-1018.0
23.0,15.0,-1013.0
17.0,17.0,-1020.0
27.0,35.0,-1015.0
33.0,17.0,-1020.0
17.0,1.0,-1024.0
33.0,37.0,-1020.0
23.0,19.0,-1020.0
17.0,3.0,-1013.0
27.0,27.0,-1011.0
23.0,35.0,-1024.0
40.0,19.0,-1020.0
23.0,11.0,-1013.0
19.0,33.0,-1026.0
15.0,21.0,-1015.0
33.0,11.0,-1018.0
19.0,19.0,-1032.0
23.0,23.0,-1022.0
21.0,31.0,-1030.0
29.0,11.0,-1026.0
27.0,29.0,-1013.0
13.0,15.0,-1030.0
21.0,21.0,-1020.0
35.0,31.0,-1005.0
21.0,11.0,-1036.0
31.0,31.0,-1015.0
35.0,5.0,-1013.0
21.0,21.0,-1024.0
29.0,17.0,-1040.0
25.0,21.0,-1011.0
33.0,13.0,-1022.0
15.0,9.0,-1036.0
29.0,29.0,-1015.0
29.0,-1.0,-1009.0
19.0,7.0,-1028.0
19.0,17.0,-1030.0
29.0,19.0,-1011.0
29.0,0.0,-1034.0
29.0,3.0,-1018.0
21.0,31.0,-1011.0
21.0,7.0,-1024.0
29.0,-1.0,-1020.0
27.0,17.0,-1024.0
23.0,21.0,-1028.0
39.0,5.0,-1015.0
19.0,-1.0,-1013.0
7.0,23.0,-1024.0
21.0,5.0,-1024.0
19.0,1.0,-1018.0
7.0,7.0,-1030.0
23.0,9.0,-1011.0
13.0,21.0,-1024.0
29.0,-13.0,-1018.0
21.0,29.0,-1011.0
25.0,5.0,-1032.0
23.0,0.0,-1022.0
21.0,25.0,-1013.0
25.0,-11.0,-1018.0
19.0,29.0,-1018.0
29.0,0.0,-1024.0
27.0,19.0,-1018.0
23.0,17.0,-1030.0
11.0,-11.0,-1013.0
29.0,31.0,-1018.0
23.0,-1.0,-1020.0
19.0,13.0,-1018.0
27.0,19.0,-1026.0
17.0,5.0,-1015.0
19.0,29.0,-1013.0
29.0,-3.0,-1022.0
17.0,19.0,-1022.0
21.0,13.0,-1022.0
29.0,11.0,-1011.0
29.0,17.0,-1022.0
21.0,1.0,-1030.0
31.0,23.0,-1020.0
31.0,17.0,-1026.0
21.0,0.0,-1026.0
27.0,25.0,-1015.0
23.0,15.0,-1024.0
15.0,13.0,-1022.0
27.0,29.0,-1024.0
13.0,15.0,-1018.0
23.0,27.0,-1015.0
29.0,15.0,-1009.0
23.0,31.0,-1026.0
21.0,31.0,-1024.0
21.0,17.0,-1026.0
33.0,27.0,-1015.0
13.0,5.0,-1028.0
29.0,40.0,-1020.0
29.0,23.0,-1022.0
15.0,5.0,-1032.0
29.0,35.0,-1015.0
29.0,0.0,-1022.0
21.0,35.0,-1013.0
35.0,29.0,-1026.0
3.0,11.0,-1024.0
29.0,7.0,-1009.0
25.0,25.0,-1026.0
11.0,19.0,-1018.0
31.0,15.0,-1024.0
15.0,19.0,-1028.0
9.0,23.0,-1015.0
35.0,23.0,-1011.0
5.0,5.0,-1018.0
21.0,23.0,-1030.0
17.0,5.0,-1022.0
15.0,23.0,-1018.0
33.0,9.0,-1018.0
17.0,1.0,-1030.0
21.0,29.0,-1026.0
17.0,15.0,-1032.0
29.0,3.0,-1005.0
23.0,31.0,-1009.0
15.0,-1.0,-1026.0
25.0,15.0,-1015.0
27.0,31.0,-1024.0
11.0,0.0,-1015.0
19.0,9.0,-1007.0
23.0,17.0,-1022.0
31.0,-5.0,-1018.0
17.0,21.0,-1018.0
31.0,11.0,-1007.0
21.0,7.0,-1022.0
23.0,7.0,-1022.0
23.0,15.0,-1001.0
21.0,-7.0,-1034.0
19.0,27.0,-1015.0
33.0,27.0,-1015.0
3.0,-13.0,-1026.0
29.0,23.0,-1018.0
19.0,15.0,-1018.0
21.0,1.0,-1020.0
23.0,15.0,-1015.0
23.0,5.0,-1018.0
25.0,0.0,-1013.0
17.0,17.0,-1020.0
31.0,17.0,-1013.0
25.0,5.0,-1020.0
33.0,17.0,-1018.0
23.0,7.0,-1024.0
33.0,17.0,-1024.0
21.0,15.0,-1020.0
29.0,-11.0,-1026.0
29.0,31.0,-1022.0
33.0,11.0,-1028.0
23.0,13.0,-1024.0
33.0,21.0,-1022.0
29.0,9.0,-1038.0
23.0,23.0,-1015.0
29.0,21.0,-1015.0
31.0,1.0,-1028.0
23.0,35.0,-1022.0
23.0,13.0,-1020.0
27.0,23.0,-1026.0
31.0,27.0,-1034.0
19.0,7.0,-1020.0
37.0,37.0,-1015.0
17.0,13.0,-1020.0
27.0,25.0,-1018.0
31.0,19.0,-1036.0
15.0,5.0,-1030.0
29.0,23.0,-1018.0
19.0,13.0,-1040.0
21.0,33.0,-1026.0
31.0,23.0,-1011.0
19.0,23.0,-1018.0
19.0,29.0,-1032.0
19.0,15.0,-1007.0
17.0,25.0,-1022.0
21.0,0.0,-1030.0
19.0,27.0,-1005.0
21.0,21.0,-1020.0
21.0,-1.0,-1024.0
31.0,40.0,-1003.0
11.0,3.0,-1028.0
19.0,15.0,-1026.0
21.0,13.0,-1013.0
13.0,27.0,-1013.0
9.0,11.0,-1022.0
29.0,1.0,-1009.0
21.0,31.0,-1015.0
11.0,-7.0,-1034.0
23.0,21.0,-997.0
15.0,25.0,-1013.0
13.0,1.0,-1013.0
25.0,29.0,-997.0
3.0,5.0,-1030.0
29.0,11.0,-1026.0
25.0,31.0,-1018.0
21.0,-3.0,-1024.0
17.0,5.0,-1020.0
21.0,31.0,-1016.0
23.0,11.0,-1007.0
9.0,19.0,-1040.0
25.0,1.0,-1022.0
13.0,15.0,-1015.0
17.0,23.0,-1020.0
37.0,-5.0,-1028.0
17.0,21.0,-1020.0
29.0,5.0,-1020.0
29.0,5.0,-1020.0
7.0,23.0,-1030.0
25.0,-7.0,-1018.0
25.0,23.0,-1011.0
33.0,21.0,-1018.0
19.0,0.0,-1011.0
31.0,29.0,-1022.0
37.0,0.0,-1020.0
23.0,17.0,-1026.0
33.0,23.0,-1015.0
37.0,-3.0,-1015.0
17.0,27.0,-1034.0
37.0,15.0,-1011.0
27.0,29.0,-1024.0
29.0,3.0,-1034.0
31.0,1.0,-1015.0
19.0,31.0,-1026.0
25.0,5.0,-1020.0
15.0,21.0,-1020.0
19.0,17.0,-1038.0
25.0,19.0,-1026.0
15.0,29.0,-1032.0
21.0,15.0,-1018.0
21.0,17.0,-1022.0
27.0,15.0,-1030.0
35.0,5.0,-1018.0
27.0,13.0,-1015.0
33.0,13.0,-1042.0
25.0,15.0,-1009.0
35.0,29.0,-1013.0
21.0,11.0,-1022.0
21.0,29.0,-1011.0
29.0,7.0,-1020.0
19.0,13.0,-1034.0
15.0,31.0,-1018.0
17.0,1.0,-1003.0
21.0,37.0,-1013.0
23.0,9.0,-1020.0
13.0,17.0,-1013.0
35.0,23.0,-1024.0
11.0,3.0,-1022.0
27.0,40.0,-1009.0
37.0,5.0,-1013.0
19.0,17.0,-1026.0
29.0,27.0,-1013.0
35.0,7.0,-1015.0
11.0,25.0,-1024.0
31.0,1.0,-1011.0
15.0,9.0,-1009.0
17.0,19.0,-1020.0
17.0,15.0,-1013.0
7.0,25.0,-1022.0
15.0,13.0,-1015.0
17.0,23.0,-1001.0
21.0,7.0,-1013.0
15.0,7.0,-1009.0
13.0,29.0,-1022.0
29.0,-5.0,-1013.0
3.0,23.0,-1028.0
25.0,23.0,-1020.0
25.0,3.0,-1007.0
13.0,31.0,-1026.0
33.0,1.0,-1011.0
21.0,19.0,-1028.0
19.0,11.0,-1030.0
27.0,1.0,-1013.0
13.0,29.0,-1015.0
25.0,-3.0,-1038.0
17.0,19.0,-1024.0
23.0,23.0,-1011.0
27.0,5.0,-1015.0
19.0,37.0,-1024.0
37.0,11.0,-1020.0
21.0,17.0,-1026.0
33.0,29.0,-1018.0
46.0,-1.0,-1011.0
39.0,25.0,-1018.0
39.0,13.0,-1011.0
66.0,1.0,-1020.0
124.0,15.0,-1028.0
179.0,-19.0,-1018.0
193.0,19.0,-1011.0
212.0,33.0,-1026.0
347.0,11.0,-1028.0
386.0,-5.0,-1040.0
374.0,5.0,-1036.0
394.0,33.0,-1018.0
488.0,48.0,-1056.0
566.0,25.0,-1036.0
517.0,-11.0,-1022.0
550.0,-7.0,-999.0
581.0,52.0,-1034.0
681.0,91.0,-1024.0
694.0,-11.0,-981.0
671.0,-66.0,-989.0
771.0,11.0,-1005.0
876.0,132.0,-1001.0
899.0,33.0,-977.0
847.0,-39.0,-960.0
895.0,1.0,-1018.0
1013.0,132.0,-1042.0
1063.0,39.0,-977.0
950.0,-78.0,-929.0
1007.0,-23.0,-1042.0
1085.0,201.0,-1100.0
1073.0,83.0,-993.0
1036.0,-44.0,-944.0
1050.0,-31.0,-1038.0
1177.0,138.0,-1081.0
1192.0,99.0,-983.0
1093.0,-140.0,-952.0
1136.0,-128.0,-1007.0
1227.0,177.0,-1100.0
1220.0,148.0,-1011.0
1130.0,-35.0,-970.0
1190.0,-42.0,-981.0
1159.0,204.0,-1116.0
1253.0,72.0,-1018.0
1075.0,-197.0,-966.0
1032.0,-113.0,-1026.0
1056.0,216.0,-1124.0
1214.0,-11.0,-1026.0
1206.0,-107.0,-997.0
1255.0,-64.0,-940.0
1301.0,156.0,-1038.0
1489.0,128.0,-1081.0
1317.0,-56.0,-1050.0
1434.0,-93.0,-1028.0
1362.0,70.0,-1122.0
1540.0,99.0,-1153.0
1341.0,-80.0,-952.0
1391.0,-230.0,-911.0
1335.0,286.0,-1126.0
1475.0,15.0,-999.0
1274.0,19.0,-960.0
1393.0,-152.0,-1005.0
1307.0,216.0,-1079.0
1563.0,122.0,-987.0
1325.0,-281.0,-966.0
1506.0,-193.0,-981.0
1337.0,17.0,-1044.0
1520.0,136.0,-1040.0
1223.0,306.0,-1052.0
1223.0,-113.0,-888.0
1352.0,171.0,-958.0
1415.0,99.0,-936.0
1417.0,58.0,-976.0
1237.0,-124.0,-1022.0
1210.0,-128.0,-1141.0
1067.0,347.0,-1218.0
1405.0,-216.0,-923.0
1280.0,17.0,-948.0
1421.0,17.0,-989.0
1430.0,89.0,-966.0
1424.0,-93.0,-917.0
1405.0,-259.0,-1139.0
1184.0,-5.0,-1145.0
1553.0,173.0,-1050.0
1303.0,29.0,-1165.0
1551.0,304.0,-772.0
1327.0,-35.0,-741.0
1594.0,1.0,-1122.0
1284.0,103.0,-1235.0
1380.0,-528.0,-958.0
1188.0,-21.0,-1052.0
1684.0,290.0,-1268.0
1264.0,528.0,-866.0
1694.0,-829.0,-792.0
1331.0,56.0,-1087.0
1614.0,124.0,-1038.0
1477.0,-83.0,-1151.0
1104.0,591.0,-1013.0
1253.0,-622.0,-962.0
1255.0,76.0,-1067.0
1464.0,230.0,-911.0
1536.0,48.0,-741.0
1165.0,396.0,-1001.0
1260.0,-33.0,-1243.0
1067.0,284.0,-1132.0
1352.0,-568.0,-936.0
1134.0,-468.0,-1063.0
1300.0,907.0,-966.0
1608.0,-630.0,-962.0
1620.0,437.0,-1028.0
1311.0,253.0,-966.0
1569.0,-554.0,-1100.0
1206.0,831.0,-821.0
1809.0,-665.0,-1292.0
1436.0,911.0,-696.0
1823.0,-503.0,-966.0
1629.0,-322.0,-946.0
1626.0,163.0,-1362.0
1141.0,201.0,-989.0
1247.0,-304.0,-1202.0
1153.0,-54.0,-872.0
1243.0,938.0,-1202.0
1009.0,-794.0,-895.0
1073.0,970.0,-706.0
636.0,-339.0,-1057.0
687.0,-165.0,-1231.0
437.0,7.0,-913.0
331.0,-152.0,-1073.0
653.0,470.0,-897.0
667.0,175.0,-1034.0
89.0,-208.0,-847.0
296.0,197.0,-1018.0
111.0,-425.0,-1235.0
-156.0,310.0,-1097.0
618.0,-452.0,-870.0
-339.0,-99.0,-1214.0
669.0,-249.0,-794.0
-138.0,685.0,-1054.0
187.0,-398.0,-1231.0
136.0,632.0,-1056.0
210.0,255.0,-1272.0
5.0,-208.0,-1050.0
540.0,374.0,-860.0
21.0,-1100.0,-1063.0
242.0,144.0,-835.0
275.0,-107.0,-1128.0
437.0,175.0,-1204.0
3.0,113.0,-940.0
390.0,390.0,-1059.0
-103.0,107.0,-1319.0
142.0,-353.0,-406.0
310.0,-275.0,-1040.0
-267.0,-107.0,-1038.0
160.0,99.0,-849.0
-406.0,101.0,-1110.0
81.0,-624.0,-1309.0
-950.0,1036.0,-1050.0
42.0,80.0,-825.0
-374.0,-134.0,-923.0
128.0,-503.0,-886.0
-972.0,-448.0,-1034.0
-214.0,581.0,-874.0
-1118.0,-486.0,-1368.0
-815.0,1206.0,-993.0
-1126.0,-277.0,-1089.0
-739.0,27.0,-609.0
-880.0,-103.0,-917.0
-851.0,-267.0,-1048.0
-1245.0,238.0,-1042.0
-1325.0,-936.0,-1097.0
-456.0,599.0,-1073.0
-1360.0,21.0,-1243.0
-720.0,609.0,-728.0
-1097.0,48.0,-1015.0
-622.0,-579.0,-841.0
-843.0,-117.0,-1145.0
-1102.0,-468.0,-1270.0
-1003.0,603.0,-1130.0
-853.0,-222.0,-1026.0
-864.0,689.0,-999.0
-1032.0,-158.0,-1149.0
-1139.0,593.0,-771.0
-921.0,-279.0,-1020.0
-1106.0,-763.0,-1159.0
-1331.0,197.0,-999.0
-1104.0,-275.0,-1143.0
-1032.0,169.0,-993.0
-1151.0,15.0,-1171.0
-1153.0,396.0,-817.0
-1239.0,201.0,-966.0
-1093.0,60.0,-849.0
-1044.0,-11.0,-1151.0
-960.0,-224.0,-1046.0
-1255.0,-99.0,-1048.0
-663.0,-60.0,-936.0
-1015.0,-140.0,-1188.0
-1300.0,1227.0,-759.0
-1225.0,-218.0,-1057.0
-1600.0,-236.0,-1214.0
-1013.0,121.0,-956.0
-1389.0,74.0,-989.0
-1030.0,-411.0,-1018.0
-1344.0,17.0,-1009.0
-1007.0,474.0,-936.0
-1364.0,-5.0,-1050.0
-1202.0,318.0,-999.0
-1309.0,-296.0,-909.0
-804.0,-7.0,-1071.0
-1052.0,398.0,-1007.0
-1177.0,-242.0,-921.0
-1173.0,46.0,-1030.0
-1245.0,-589.0,-1132.0
-1465.0,868.0,-1214.0
-1260.0,-183.0,-931.0
-1448.0,-491.0,-1132.0
-948.0,669.0,-936.0
-1091.0,-417.0,-1077.0
-1604.0,87.0,-1141.0
-1182.0,-216.0,-851.0
-1417.0,-25.0,-1294.0
-1147.0,224.0,-960.0
-1432.0,-197.0,-1054.0
-1071.0,538.0,-999.0
-1046.0,-337.0,-886.0
-1073.0,448.0,-1028.0
-1157.0,-42.0,-1015.0
-1530.0,-484.0,-1018.0
-1020.0,3.0,-1198.0
-1282.0,173.0,-1085.0
-1214.0,48.0,-854.0
-1298.0,81.0,-952.0
-1346.0,-136.0,-1136.0
-1315.0,-91.0,-1061.0
-1682.0,-39.0,-960.0
-1493.0,-238.0,-1108.0
-1163.0,117.0,-1083.0
-1270.0,107.0,-972.0
-1128.0,322.0,-860.0
-1495.0,-144.0,-970.0
-1114.0,-107.0,-977.0
-1372.0,23.0,-1266.0
-1112.0,-236.0,-876.0
-1317.0,44.0,-1102.0
-1159.0,93.0,-1120.0
-1155.0,-257.0,-860.0
-1245.0,13.0,-1046.0
-1315.0,134.0,-1026.0
-1280.0,21.0,-987.0
-1313.0,-101.0,-1239.0
-1606.0,99.0,-1110.0
-1309.0,679.0,-964.0
-1315.0,-513.0,-872.0
-1307.0,525.0,-1063.0
-1128.0,-347.0,-868.0
-1782.0,-140.0,-977.0
-1034.0,130.0,-1056.0
-1469.0,-195.0,-1141.0
-970.0,103.0,-808.0
-1448.0,19.0,-1134.0
-1108.0,-68.0,-948.0
-1337.0,163.0,-1134.0
-1122.0,76.0,-1034.0
-1532.0,-160.0,-1136.0
-1167.0,238.0,-1071.0
-1305.0,-58.0,-1155.0
-1165.0,111.0,-894.0
-1056.0,298.0,-880.0
-1005.0,-333.0,-1026.0
-907.0,146.0,-1108.0
-843.0,-50.0,-1022.0
-907.0,-21.0,-929.0
-614.0,-111.0,-1034.0
-609.0,-74.0,-1124.0
-558.0,-224.0,-903.0
-583.0,158.0,-983.0
-474.0,179.0,-1079.0
-466.0,-40.0,-1110.0
-462.0,314.0,-1046.0
-452.0,109.0,-950.0
-435.0,134.0,-1028.0
-378.0,-7.0,-1026.0
-421.0,-83.0,-1026.0
-390.0,33.0,-925.0
-460.0,3.0,-1013.0
-290.0,-171.0,-999.0
-327.0,17.0,-991.0
-374.0,-37.0,-950.0
-284.0,111.0,-954.0
-234.0,162.0,-1063.0
-251.0,83.0,-1036.0
-224.0,179.0,-979.0
-283.0,99.0,-1018.0
-181.0,58.0,-1061.0
-244.0,97.0,-1057.0
-259.0,-46.0,-1026.0
-275.0,52.0,-1071.0
-179.0,-76.0,-1063.0
-203.0,-35.0,-1067.0
-175.0,-81.0,-1007.0
-204.0,-52.0,-1042.0
-101.0,113.0,-1038.0
-156.0,17.0,-1073.0
-101.0,-17.0,-1011.0
-119.0,29.0,-1059.0
-54.0,76.0,-1057.0
-27.0,154.0,-1032.0
-72.0,-31.0,-1011.0
-89.0,13.0,-1020.0
-52.0,-29.0,-1054.0
-95.0,-5.0,-1056.0
-97.0,-54.0,-1040.0
-142.0,-93.0,-1022.0
-68.0,-19.0,-1026.0
-64.0,-5.0,-1040.0
-124.0,-23.0,-1003.0
-105.0,-42.0,-1011.0
-99.0,3.0,-1034.0
-68.0,83.0,-1024.0
-68.0,7.0,-981.0
-66.0,-5.0,-999.0
-29.0,0.0,-999.0
-40.0,72.0,-1005.0
-52.0,17.0,-985.0
-62.0,-35.0,-1024.0
-50.0,-44.0,-1052.0
-52.0,29.0,-1022.0
-52.0,1.0,-1009.0
-42.0,-31.0,-1007.0
-46.0,-15.0,-1022.0
-48.0,50.0,-1032.0
-42.0,23.0,-1009.0
-60.0,-3.0,-1036.0
-29.0,-25.0,-1011.0
-48.0,50.0,-1001.0
-37.0,39.0,-997.0
-50.0,-3.0,-999.0
-39.0,-27.0,-1001.0
-40.0,5.0,-1026.0
-27.0,13.0,-1015.0
-40.0,23.0,-1020.0
-17.0,-19.0,-1034.0
-11.0,29.0,-1024.0
-15.0,35.0,-1026.0
-23.0,9.0,-1038.0
-21.0,-21.0,-1042.0
-11.0,-5.0,-1048.0
-23.0,11.0,-1018.0
-13.0,9.0,-1009.0
-9.0,-27.0,-1022.0
-29.0,13.0,-1011.0
-17.0,25.0,-1015.0
-21.0,31.0,-1007.0
-25.0,31.0,-1024.0
-29.0,9.0,-1013.0
0.0,33.0,-999.0
-15.0,37.0,-1009.0
3.0,13.0,-1013.0
-1.0,9.0,-1022.0
-1.0,17.0,-1034.0
0.0,25.0,-1015.0
3.0,15.0,-1011.0
-15.0,3.0,-1028.0
0.0,29.0,-1022.0
-15.0,37.0,-1013.0
0.0,60.0,-1028.0
7.0,37.0,-1011.0
7.0,60.0,-1003.0
19.0,42.0,-1030.0
23.0,54.0,-1015.0
31.0,35.0,-1022.0
31.0,35.0,-1018.0
31.0,23.0,-1011.0
31.0,39.0,-1011.0
29.0,15.0,-1026.0
27.0,21.0,-1011.0
27.0,29.0,-1013.0
0.0,37.0,-1036.0
15.0,56.0,-1018.0
21.0,48.0,-1018.0
15.0,48.0,-1024.0
19.0,46.0,-1022.0
21.0,25.0,-1013.0
13.0,42.0,-1032.0
21.0,0.0,-1018.0
25.0,7.0,-1024.0
15.0,17.0,-1028.0
15.0,5.0,-1015.0
13.0,-1.0,-1028.0
3.0,7.0,-1042.0
0.0,17.0,-1030.0
15.0,31.0,-1028.0
-1.0,23.0,-1038.0
15.0,13.0,-1026.0
5.0,17.0,-1013.0
5.0,25.0,-1020.0
21.0,-17.0,-1020.0
25.0,-9.0,-1032.0
21.0,-31.0,-1024.0
27.0,-25.0,-1011.0
31.0,-13.0,-1024.0
17.0,-31.0,-1018.0
29.0,-17.0,-1009.0
29.0,-11.0,-1018.0
9.0,3.0,-1026.0
31.0,-11.0,-1011.0
-3.0,17.0,-1018.0
33.0,5.0,-1036.0
15.0,17.0,-1009.0
31.0,15.0,-1015.0
31.0,-9.0,-1026.0
35.0,-3.0,-1009.0
31.0,-15.0,-1024.0
27.0,-17.0,-1022.0
29.0,-13.0,-1011.0
27.0,-17.0,-1028.0
33.0,11.0,-1024.0
21.0,19.0,-1030.0
19.0,15.0,-1028.0
0.0,29.0,-1026.0
15.0,15.0,-1026.0
-1.0,23.0,-1026.0
11.0,7.0,-1032.0
5.0,11.0,-1018.0
13.0,-1.0,-1032.0
-1.0,-1.0,-1015.0
7.0,3.0,-1018.0
-3.0,7.0,-1015.0
13.0,-1.0,-1015.0
1.0,13.0,-1003.0
9.0,19.0,-1022.0
1.0,15.0,-1028.0
-1.0,21.0,-1015.0
0.0,33.0,-1020.0
1.0,17.0,-1011.0
15.0,40.0,-1015.0
9.0,13.0,-1009.0
15.0,13.0,-1011.0
25.0,9.0,-1013.0
15.0,25.0,-1015.0
35.0,17.0,-1005.0
9.0,23.0,-1015.0
19.0,40.0,-1015.0
7.0,42.0,-1003.0
-1.0,37.0,-1018.0
-5.0,46.0,-1030.0
-7.0,33.0,-1015.0
11.0,37.0,-1022.0
-17.0,27.0,-1022.0
11.0,37.0,-1013.0
7.0,23.0,-1022.0
11.0,33.0,-1022.0
7.0,11.0,-1007.0
11.0,25.0,-1011.0
15.0,27.0,-1046.0
19.0,19.0,-1015.0
27.0,50.0,-1018.0
3.0,29.0,-1042.0
27.0,58.0,-1009.0
31.0,25.0,-1015.0
23.0,27.0,-1030.0
33.0,15.0,-1020.0
25.0,15.0,-1022.0
39.0,7.0,-1020.0
9.0,3.0,-1026.0
35.0,1.0,-1007.0
29.0,17.0,-1026.0
29.0,3.0,-1015.0
17.0,5.0,-1009.0
29.0,19.0,-1022.0
23.0,25.0,-1018.0
35.0,17.0,-1015.0
33.0,19.0,-1015.0
25.0,13.0,-1024.0
37.0,0.0,-1018.0
33.0,5.0,-1028.0
23.0,-1.0,-1030.0
27.0,-1.0,-1011.0
35.0,-5.0,-1022.0
11.0,1.0,-1040.0
17.0,0.0,-1018.0
7.0,1.0,-1026.0
-3.0,17.0,-1036.0
21.0,-1.0,-1018.0
17.0,25.0,-1020.0
19.0,-1.0,-1028.0
19.0,9.0,-1015.0
29.0,3.0,-1022.0
27.0,-7.0,-1022.0
33.0,11.0,-1018.0
35.0,-1.0,-1018.0
31.0,5.0,-1020.0
19.0,-13.0,-1022.0
5.0,13.0,-1024.0
29.0,1.0,-1018.0
3.0,9.0,-1022.0
13.0,15.0,-1013.0
0.0,3.0,-1015.0
9.0,21.0,-1015.0
-1.0,13.0,-1018.0
7.0,11.0,-1011.0
11.0,9.0,-1015.0
25.0,-3.0,-1011.0
25.0,3.0,-1020.0
19.0,9.0,-1011.0
25.0,15.0,-1015.0
21.0,13.0,-1020.0
19.0,23.0,-1015.0
17.0,31.0,-1015.0
21.0,9.0,-1007.0
17.0,31.0,-1011.0
23.0,17.0,-1009.0
0.0,19.0,-1013.0
23.0,7.0,-1020.0
13.0,23.0,-1028.0
17.0,9.0,-1011.0
9.0,9.0,-1022.0
29.0,23.0,-1011.0
15.0,11.0,-1024.0
29.0,33.0,-1015.0
13.0,19.0,-1020.0
9.0,31.0,-1022.0
13.0,27.0,-1020.0
15.0,23.0,-1011.0
25.0,37.0,-1018.0
25.0,13.0,-1018.0
21.0,21.0,-1022.0
15.0,13.0,-1026.0
17.0,17.0,-1018.0
29.0,13.0,-1026.0
29.0,9.0,-1024.0
29.0,21.0,-1018.0
17.0,21.0,-1007.0
25.0,21.0,-1024.0
23.0,29.0,-1026.0
19.0,31.0,-1022.0
29.0,23.0,-1020.0
23.0,44.0,-1022.0
33.0,31.0,-1024.0
21.0,13.0,-1022.0
29.0,25.0,-1015.0
7.0,17.0,-1024.0
21.0,5.0,-1020.0
13.0,19.0,-1026.0
19.0,11.0,-1011.0
35.0,23.0,-1018.0
25.0,13.0,-1026.0
21.0,23.0,-1026.0
31.0,25.0,-1018.0
23.0,17.0,-1030.0
29.0,33.0,-1028.0
27.0,17.0,-1028.0
31.0,13.0,-1024.0
27.0,9.0,-1034.0
27.0,15.0,-1020.0
29.0,11.0,-1026.0
29.0,-5.0,-1024.0
15.0,19.0,-1022.0
37.0,-1.0,-1020.0
27.0,19.0,-1024.0
19.0,3.0,-1007.0
21.0,19.0,-1007.0
17.0,19.0,-1026.0
37.0,1.0,-1018.0
21.0,13.0,-1020.0
37.0,-1.0,-1013.0
9.0,-1.0,-1020.0
23.0,3.0,-1018.0
23.0,0.0,-1018.0
27.0,3.0,-1024.0
9.0,7.0,-1020.0
31.0,9.0,-1005.0
15.0,1.0,-1026.0
15.0,13.0,-1015.0
19.0,15.0,-1018.0
13.0,7.0,-1024.0
-1.0,19.0,-1022.0
25.0,0.0,-1003.0
9.0,13.0,-1024.0
25.0,-5.0,-1032.0
11.0,5.0,-1011.0
19.0,13.0,-1020.0
15.0,3.0,-1015.0
15.0,13.0,-1015.0
23.0,0.0,-1005.0
3.0,31.0,-1032.0
11.0,13.0,-1005.0
7.0,17.0,-1013.0
5.0,21.0,-1022.0
5.0,7.0,-999.0
19.0,15.0,-1011.0
13.0,3.0,-1024.0
17.0,23.0,-1018.0
25.0,9.0,-1018.0
25.0,17.0,-1028.0
29.0,31.0,-1020.0
21.0,25.0,-1022.0
35.0,21.0,-1020.0
17.0,17.0,-1032.0
33.0,40.0,-1011.0
25.0,0.0,-1018.0
15.0,25.0,-1028.0
33.0,23.0,-1018.0
27.0,5.0,-1024.0
23.0,35.0,-1024.0
15.0,13.0,-1030.0
29.0,21.0,-1011.0
21.0,19.0,-1036.0
21.0,15.0,-1022.0
31.0,13.0,-1009.0
35.0,23.0,-1032.0
23.0,29.0,-1028.0
42.0,23.0,-1018.0
21.0,35.0,-1032.0
11.0,31.0,-1028.0
39.0,23.0,-989.0
15.0,25.0,-1026.0
27.0,13.0,-1028.0
21.0,23.0,-1020.0
29.0,23.0,-1030.0
0.0,11.0,-1028.0
15.0,15.0,-1009.0
9.0,7.0,-1011.0
9.0,27.0,-1024.0
15.0,11.0,-1022.0
21.0,31.0,-1028.0
21.0,9.0,-1028.0
25.0,27.0,-1015.0
23.0,17.0,-997.0
29.0,7.0,-1011.0
29.0,25.0,-1018.0
19.0,17.0,-1020.0
37.0,15.0,-1018.0
21.0,-5.0,-1040.0
21.0,11.0,-1005.0
29.0,3.0,-1003.0
25.0,3.0,-1026.0
21.0,13.0,-1011.0
11.0,17.0,-1009.0
37.0,-1.0,-1018.0
3.0,3.0,-1026.0
33.0,5.0,-1003.0
5.0,13.0,-1026.0
19.0,13.0,-1018.0
13.0,17.0,-1005.0
9.0,7.0,-1032.0
23.0,-11.0,-1018.0
11.0,5.0,-1015.0
29.0,1.0,-1007.0
15.0,-1.0,-1036.0
35.0,3.0,-1009.0
5.0,7.0,-1022.0
27.0,3.0,-1026.0
23.0,23.0,-1018.0
21.0,15.0,-1024.0
21.0,0.0,-1024.0
17.0,35.0,-1018.0
29.0,0.0,-1009.0
27.0,17.0,-1011.0
21.0,7.0,-1011.0
33.0,13.0,-1013.0
21.0,17.0,-1018.0
17.0,25.0,-1028.0
29.0,17.0,-1011.0
25.0,11.0,-1026.0
19.0,7.0,-1026.0
19.0,7.0,-1011.0
31.0,11.0,-1026.0
19.0,21.0,-1034.0
27.0,15.0,-1005.0
21.0,19.0,-1015.0
19.0,5.0,-1024.0
21.0,25.0,-1015.0
21.0,19.0,-1022.0
19.0,15.0,-1030.0
21.0,25.0,-1020.0
21.0,15.0,-1018.0
15.0,29.0,-1032.0
33.0,15.0,-1009.0
25.0,19.0,-1013.0
21.0,19.0,-1036.0
27.0,23.0,-1026.0
29.0,17.0,-1022.0
33.0,23.0,-1028.0
25.0,21.0,-1009.0
33.0,7.0,-1024.0
25.0,33.0,-1026.0
23.0,23.0,-1022.0
21.0,19.0,-1024.0
19.0,31.0,-1020.0
29.0,13.0,-1018.0
35.0,17.0,-1003.0
21.0,19.0,-1030.0
21.0,25.0,-1018.0
29.0,25.0,-1015.0
37.0,13.0,-1024.0
21.0,19.0,-1022.0
37.0,19.0,-1018.0
23.0,21.0,-1022.0
11.0,13.0,-1013.0
29.0,9.0,-1018.0
21.0,17.0,-1018.0
9.0,5.0,-1020.0
21.0,19.0,-1001.0
35.0,11.0,-1024.0
15.0,19.0,-1020.0
27.0,25.0,-1001.0
21.0,29.0,-1020.0
29.0,0.0,-1020.0
23.0,21.0,-1015.0
21.0,17.0,-1024.0
15.0,15.0,-1022.0
21.0,15.0,-1015.0
15.0,13.0,-1028.0
13.0,5.0,-1015.0
19.0,7.0,-1013.0
17.0,23.0,-1026.0
7.0,3.0,-1028.0
25.0,0.0,-1018.0
9.0,29.0,-1028.0
17.0,0.0,-1020.0
15.0,1.0,-1028.0
9.0,25.0,-1028.0
25.0,5.0,-1020.0
21.0,17.0,-1011.0
21.0,9.0,-1028.0
35.0,-1.0,-1011.0
37.0,1.0,-1009.0
5.0,5.0,-1020.0
3.0,19.0,-1022.0
42.0,11.0,-1015.0
13.0,29.0,-1032.0
17.0,-5.0,-1005.0
37.0,19.0,-1003.0
3.0,-21.0,-1038.0
37.0,-23.0,-1009.0
-1.0,54.0,-1032.0
64.0,11.0,-1020.0
-13.0,21.0,-1020.0
50.0,-5.0,-989.0
-13.0,25.0,-1034.0
11.0,21.0,-1030.0
13.0,31.0,-1009.0
5.0,3.0,-1024.0
25.0,1.0,-1034.0
-5.0,46.0,-1003.0
42.0,11.0,-1018.0
-29.0,25.0,-1034.0
31.0,7.0,-1009.0
3.0,15.0,-1024.0
7.0,19.0,-1036.0
29.0,13.0,-1018.0
19.0,19.0,-1009.0
19.0,21.0,-1026.0
5.0,23.0,-1028.0
17.0,21.0,-1013.0
7.0,-1.0,-1020.0
3.0,25.0,-1030.0
31.0,29.0,-1013.0
5.0,13.0,-1026.0
33.0,19.0,-1011.0
25.0,17.0,-1005.0
31.0,25.0,-1011.0
29.0,17.0,-1028.0
29.0,17.0,-1009.0
35.0,3.0,-1024.0
15.0,33.0,-1040.0
44.0,17.0,-997.0
-1.0,13.0,-1028.0
42.0,23.0,-997.0
31.0,0.0,-1015.0
27.0,17.0,-1054.0
44.0,7.0,-1042.0
78.0,37.0,-1044.0
76.0,9.0,-1036.0
15.0,44.0,-1032.0
0.0,23.0,-979.0
-19.0,-60.0,-999.0
-40.0,-37.0,-997.0
5.0,29.0,-1048.0
-83.0,78.0,-1042.0
81.0,17.0,-1007.0
-103.0,60.0,-1026.0
124.0,5.0,-977.0
-76.0,9.0,-1073.0
119.0,-70.0,-1028.0
33.0,-9.0,-1087.0
-44.0,56.0,-1075.0
240.0,111.0,-919.0
-181.0,60.0,-890.0
68.0,-60.0,-1022.0
-169.0,40.0,-1204.0
-35.0,-5.0,-1079.0
66.0,11.0,-995.0
-7.0,0.0,-929.0
185.0,-11.0,-921.0
-80.0,107.0,-1011.0
70.0,11.0,-1030.0
-109.0,31.0,-1079.0
-25.0,-117.0,-952.0
9.0,-52.0,-964.0
-15.0,13.0,-981.0
48.0,27.0,-981.0
-5.0,13.0,-1009.0
58.0,11.0,-1038.0
-19.0,1.0,-1050.0
44.0,-29.0,-1018.0
23.0,-58.0,-1052.0
31.0,-31.0,-1011.0
33.0,3.0,-997.0
-5.0,13.0,-1024.0
5.0,-13.0,-1054.0
-27.0,40.0,-1059.0
-9.0,72.0,-1065.0
17.0,83.0,-1071.0
29.0,31.0,-1018.0
29.0,27.0,-1011.0
17.0,9.0,-1018.0
0.0,27.0,-1061.0
-11.0,25.0,-1087.0
23.0,-23.0,-1079.0
0.0,9.0,-1065.0
46.0,37.0,-997.0
31.0,52.0,-983.0
40.0,13.0,-1003.0
31.0,44.0,-1003.0
40.0,60.0,-1026.0
25.0,70.0,-1046.0
37.0,31.0,-991.0
19.0,-7.0,-983.0
29.0,19.0,-952.0
19.0,27.0,-950.0
11.0,35.0,-981.0
3.0,27.0,-1007.0
7.0,33.0,-1001.0
27.0,39.0,-1015.0
15.0,42.0,-999.0
25.0,9.0,-981.0
5.0,-13.0,-1005.0
27.0,-7.0,-1032.0
-9.0,-1.0,-1057.0
17.0,17.0,-1057.0
11.0,37.0,-1069.0
37.0,17.0,-1038.0
37.0,42.0,-1022.0
37.0,23.0,-1013.0
35.0,21.0,-1028.0
17.0,9.0,-1034.0
11.0,17.0,-1048.0
0.0,5.0,-1036.0
7.0,13.0,-1013.0
17.0,35.0,-1011.0
9.0,37.0,-1015.0
19.0,21.0,-1005.0
0.0,-9.0,-1026.0
37.0,-15.0,-1024.0
17.0,-11.0,-1018.0
35.0,-11.0,-999.0
33.0,5.0,-993.0
35.0,-13.0,-989.0
35.0,25.0,-1001.0
21.0,17.0,-1001.0
29.0,-1.0,-1018.0
15.0,21.0,-1050.0
13.0,-17.0,-1024.0
-9.0,-15.0,-1026.0
29.0,-11.0,-1032.0
1.0,-5.0,-1026.0
37.0,5.0,-1015.0
29.0,-11.0,-1056.0
35.0,-3.0,-1069.0
37.0,-7.0,-1036.0
33.0,29.0,-1028.0
37.0,25.0,-1032.0
31.0,21.0,-1011.0
21.0,27.0,-1034.0
15.0,37.0,-1032.0
7.0,46.0,-1024.0
3.0,25.0,-1020.0
13.0,17.0,-1011.0
19.0,11.0,-993.0
13.0,5.0,-989.0
15.0,1.0,-1009.0
5.0,-5.0,-1026.0
19.0,7.0,-1018.0
27.0,3.0,-1013.0
31.0,29.0,-1007.0
35.0,13.0,-1009.0
37.0,40.0,-1015.0
37.0,35.0,-1026.0
21.0,42.0,-1032.0
29.0,25.0,-1022.0
-9.0,23.0,-1026.0
37.0,0.0,-1001.0
-7.0,3.0,-1020.0
19.0,-11.0,-1024.0
-15.0,11.0,-1034.0
9.0,27.0,-1034.0
1.0,31.0,-1032.0
19.0,11.0,-997.0
40.0,3.0,-1024.0
7.0,31.0,-1032.0
37.0,44.0,-1026.0
3.0,56.0,-1048.0
37.0,-9.0,-1046.0
7.0,29.0,-1022.0
31.0,-7.0,-1020.0
31.0,44.0,-1024.0
27.0,1.0,-1013.0
31.0,5.0,-1040.0
29.0,13.0,-1018.0
35.0,25.0,-1028.0
29.0,7.0,-1001.0
29.0,29.0,-999.0
29.0,-5.0,-1015.0
27.0,25.0,-1009.0
11.0,21.0,-1013.0
29.0,17.0,-1011.0
7.0,21.0,-1003.0
17.0,17.0,-1016.0
9.0,15.0,-1011.0
19.0,15.0,-1005.0
9.0,19.0,-1020.0
17.0,9.0,-1020.0
11.0,25.0,-1024.0
29.0,-19.0,-1028.0
29.0,23.0,-1024.0
29.0,17.0,-1042.0
27.0,29.0,-1018.0
27.0,27.0,-1030.0
29.0,1.0,-1034.0
19.0,39.0,-1022.0
25.0,0.0,-1020.0
21.0,17.0,-1013.0
15.0,-1.0,-1009.0
27.0,9.0,-1013.0
11.0,33.0,-1026.0
21.0,-1.0,-1020.0
1.0,29.0,-1018.0
13.0,-11.0,-1024.0
13.0,19.0,-1015.0
17.0,1.0,-1018.0
27.0,-3.0,-1024.0
15.0,19.0,-1022.0
29.0,-11.0,-1015.0
27.0,29.0,-1009.0
27.0,-1.0,-1022.0
23.0,15.0,-1011.0
23.0,13.0,-1015.0
15.0,1.0,-1015.0
13.0,29.0,-1020.0
23.0,-3.0,-1020.0
13.0,31.0,-1032.0
23.0,7.0,-1028.0
31.0,21.0,-1020.0
25.0,11.0,-1013.0
31.0,-7.0,-1013.0
3.0,25.0,-1015.0
39.0,7.0,-1036.0
-9.0,42.0,-1034.0
33.0,23.0,-1009.0
13.0,15.0,-1040.0
15.0,25.0,-993.0
37.0,11.0,-1015.0
11.0,35.0,-1020.0
37.0,13.0,-1009.0
9.0,31.0,-1022.0
29.0,5.0,-1028.0
13.0,17.0,-1003.0
25.0,17.0,-1007.0
19.0,5.0,-1026.0
15.0,35.0,-1020.0
37.0,-5.0,-1024.0
19.0,33.0,-1024.0
29.0,11.0,-1020.0
27.0,13.0,-1009.0
25.0,31.0,-1018.0
27.0,-3.0,-1024.0
23.0,27.0,-1011.0
19.0,-5.0,-1026.0
15.0,17.0,-1032.0
25.0,1.0,-1032.0
29.0,5.0,-1018.0
27.0,27.0,-1011.0
29.0,-1.0,-1018.0
31.0,37.0,-1018.0
17.0,1.0,-1018.0
25.0,23.0,-1015.0
25.0,13.0,-1034.0
33.0,15.0,-1015.0
15.0,35.0,-1011.0
31.0,-7.0,-1018.0
21.0,37.0,-1015.0
25.0,-1.0,-1018.0
25.0,19.0,-1018.0
15.0,5.0,-1020.0
35.0,1.0,-1013.0
5.0,37.0,-1018.0
31.0,-1.0,-1018.0
13.0,42.0,-1020.0
25.0,7.0,-1015.0
29.0,27.0,-1028.0
15.0,21.0,-1013.0
35.0,1.0,-1020.0
9.0,35.0,-1022.0
19.0,3.0,-1032.0
21.0,27.0,-1016.0
21.0,0.0,-1018.0
23.0,11.0,-1032.0
17.0,13.0,-1032.0
35.0,-5.0,-1013.0
25.0,31.0,-1018.0
31.0,-5.0,-1015.0
23.0,37.0,-1005.0
23.0,9.0,-1020.0
33.0,11.0,-1024.0
23.0,11.0,-1020.0
29.0,-5.0,-1026.0
33.0,25.0,-1013.0
19.0,-5.0,-1036.0
21.0,23.0,-1018.0
23.0,7.0,-1026.0
29.0,0.0,-1015.0
33.0,23.0,-1020.0
25.0,1.0,-1026.0
25.0,42.0,-1020.0
37.0,0.0,-1026.0
27.0,13.0,-1028.0
19.0,13.0,-1026.0
33.0,17.0,-1028.0
17.0,39.0,-1030.0
31.0,-5.0,-1024.0
25.0,27.0,-1026.0
25.0,3.0,-1030.0
25.0,21.0,-1026.0
17.0,13.0,-1018.0
25.0,1.0,-1020.0
17.0,40.0,-1028.0
27.0,-1.0,-1018.0
19.0,37.0,-1015.0
27.0,3.0,-1026.0
31.0,23.0,-1022.0
15.0,21.0,-1026.0
31.0,11.0,-1022.0
23.0,29.0,-1022.0
25.0,-1.0,-1024.0
21.0,31.0,-1015.0
29.0,13.0,-1016.0
25.0,17.0,-1018.0
21.0,17.0,-1024.0
33.0,0.0,-1024.0
11.0,40.0,-1028.0
23.0,0.0,-1020.0
21.0,27.0,-1015.0
27.0,9.0,-1020.0
23.0,13.0,-1018.0
17.0,27.0,-1030.0
35.0,0.0,-1018.0
19.0,33.0,-1024.0
31.0,-9.0,-1013.0
27.0,29.0,-1018.0
37.0,3.0,-1028.0
25.0,15.0,-1028.0
27.0,21.0,-1020.0
23.0,-5.0,-1026.0
13.0,35.0,-1015.0
29.0,-7.0,-1018.0
17.0,15.0,-1015.0
25.0,-1.0,-1018.0
29.0,3.0,-1020.0
29.0,23.0,-1030.0
19.0,-1.0,-1020.0
21.0,40.0,-1018.0
29.0,-3.0,-1020.0
17.0,31.0,-1026.0
23.0,19.0,-1018.0
27.0,15.0,-1026.0
17.0,25.0,-1024.0
35.0,-1.0,-1026.0
17.0,37.0,-1018.0
35.0,0.0,-1018.0
15.0,31.0,-1009.0
31.0,21.0,-1020.0
17.0,11.0,-1026.0
21.0,37.0,-1022.0
25.0,9.0,-1026.0
29.0,39.0,-1024.0
21.0,19.0,-1020.0
23.0,29.0,-1007.0
27.0,25.0,-1018.0
33.0,13.0,-1024.0
27.0,33.0,-1022.0
31.0,11.0,-1026.0
29.0,35.0,-1007.0
31.0,5.0,-1018.0
31.0,15.0,-1018.0
23.0,17.0,-1024.0
35.0,1.0,-1024.0
27.0,39.0,-1013.0
23.0,0.0,-1011.0
23.0,33.0,-1018.0
27.0,11.0,-1030.0
21.0,23.0,-1018.0
25.0,31.0,-1026.0
31.0,13.0,-1015.0
21.0,35.0,-1018.0
21.0,-5.0,-1007.0
27.0,29.0,-1022.0
25.0,1.0,-1024.0
33.0,11.0,-1026.0
23.0,25.0,-1020.0
27.0,-1.0,-1024.0
23.0,31.0,-1013.0
29.0,-1.0,-1022.0
23.0,19.0,-1022.0
25.0,13.0,-1022.0
25.0,13.0,-1015.0
23.0,29.0,-1020.0
31.0,-7.0,-1018.0
23.0,31.0,-1011.0
25.0,-5.0,-1026.0
27.0,25.0,-1011.0
23.0,11.0,-1020.0
27.0,0.0,-1018.0
21.0,31.0,-1020.0
27.0,-7.0,-1020.0
17.0,19.0,-1018.0
23.0,-13.0,-1024.0
29.0,15.0,-1011.0
11.0,13.0,-1024.0
21.0,-11.0,-1009.0
15.0,17.0,-1020.0
21.0,-9.0,-1026.0
7.0,25.0,-1013.0
21.0,-7.0,-1022.0
25.0,15.0,-1018.0
17.0,21.0,-1011.0
31.0,-11.0,-1015.0
23.0,25.0,-1011.0
27.0,-15.0,-1024.0
17.0,31.0,-1022.0
21.0,5.0,-1034.0
23.0,19.0,-1026.0
13.0,21.0,-1024.0
25.0,-5.0,-1020.0
13.0,31.0,-1018.0
29.0,-7.0,-1024.0
7.0,21.0,-1015.0
13.0,11.0,-1020.0
31.0,19.0,-1022.0
19.0,23.0,-1015.0
23.0,5.0,-1018.0
17.0,17.0,-1018.0
21.0,11.0,-1026.0
25.0,27.0,-1020.0
25.0,29.0,-1018.0
37.0,17.0,-1026.0
33.0,37.0,-1026.0
37.0,9.0,-1022.0
37.0,23.0,-1020.0
64.0,23.0,-1026.0
81.0,15.0,-1028.0
81.0,15.0,-1022.0
15.0,1.0,-1011.0
-76.0,15.0,-1015.0
-181.0,23.0,-1026.0
-349.0,25.0,-1061.0
3.0,11.0,-1007.0
349.0,58.0,-958.0
-80.0,60.0,-1108.0
70.0,-111.0,-946.0
-9.0,81.0,-1093.0
187.0,19.0,-1018.0
-5.0,37.0,-1046.0
21.0,-17.0,-993.0
3.0,-35.0,-1061.0
23.0,128.0,-999.0
46.0,29.0,-1007.0
-62.0,13.0,-1050.0
62.0,-29.0,-1036.0
-15.0,25.0,-1005.0
29.0,52.0,-1005.0
13.0,11.0,-997.0
27.0,-5.0,-983.0
29.0,5.0,-1015.0
3.0,31.0,-1032.0
23.0,39.0,-1001.0
21.0,0.0,-1011.0
9.0,-29.0,-1015.0
19.0,19.0,-1011.0
-11.0,46.0,-1013.0
31.0,3.0,-1026.0
-37.0,-3.0,-1054.0
29.0,9.0,-999.0
-21.0,13.0,-1044.0
29.0,-21.0,-1026.0
17.0,-42.0,-1013.0
33.0,19.0,-1015.0
35.0,35.0,-1026.0
31.0,19.0,-1005.0
37.0,5.0,-1015.0
11.0,5.0,-1028.0
35.0,1.0,-1003.0
9.0,5.0,-1018.0
17.0,-23.0,-1028.0
17.0,-13.0,-1015.0
25.0,9.0,-1007.0
7.0,13.0,-1020.0
21.0,-3.0,-1013.0
11.0,-1.0,-1020.0
11.0,17.0,-1034.0
25.0,25.0,-1018.0
27.0,7.0,-1022.0
19.0,-1.0,-1013.0
21.0,13.0,-1020.0
31.0,13.0,-1016.0
15.0,13.0,-1032.0
19.0,19.0,-1015.0
31.0,15.0,-1024.0
13.0,29.0,-1026.0
29.0,17.0,-1009.0
25.0,3.0,-1028.0
29.0,29.0,-1026.0
11.0,42.0,-1024.0
31.0,35.0,-1011.0
17.0,21.0,-1028.0
21.0,17.0,-1026.0
21.0,31.0,-1013.0
9.0,17.0,-1026.0
33.0,1.0,-1022.0
17.0,23.0,-1020.0
33.0,23.0,-1015.0
25.0,11.0,-1011.0
27.0,37.0,-1020.0
23.0,23.0,-1020.0
27.0,15.0,-1036.0
31.0,52.0,-1015.0
27.0,19.0,-1026.0
25.0,15.0,-1024.0
33.0,35.0,-1007.0
33.0,23.0,-1034.0
35.0,11.0,-1028.0
29.0,19.0,-1020.0
31.0,13.0,-1015.0
27.0,11.0,-1018.0
21.0,23.0,-1024.0
23.0,19.0,-1018.0
25.0,17.0,-1022.0
17.0,40.0,-1013.0
11.0,19.0,-1022.0
15.0,25.0,-1011.0
7.0,44.0,-1015.0
15.0,23.0,-1018.0
21.0,23.0,-1007.0
29.0,23.0,-1028.0
19.0,13.0,-1011.0
23.0,27.0,-1015.0
23.0,5.0,-1018.0
17.0,3.0,-1022.0
31.0,25.0,-1013.0
31.0,7.0,-1015.0
15.0,23.0,-1018.0
25.0,19.0,-1003.0
19.0,-11.0,-1011.0
19.0,19.0,-1009.0
15.0,9.0,-1015.0
27.0,5.0,-1011.0
17.0,9.0,-1009.0
25.0,-1.0,-1011.0
27.0,1.0,-1007.0
7.0,9.0,-1011.0
29.0,-13.0,-1003.0
15.0,3.0,-1013.0
33.0,7.0,-1015.0
21.0,-11.0,-1018.0
27.0,17.0,-1015.0
25.0,1.0,-1011.0
25.0,-3.0,-1013.0
25.0,17.0,-1013.0
17.0,17.0,-1013.0
25.0,-7.0,-1026.0
23.0,17.0,-1024.0
29.0,0.0,-1022.0
29.0,-1.0,-1022.0
23.0,9.0,-1022.0
27.0,3.0,-1022.0
17.0,7.0,-1018.0
29.0,5.0,-1022.0
27.0,15.0,-1022.0
29.0,5.0,-1024.0
25.0,23.0,-1036.0
23.0,11.0,-1026.0
29.0,15.0,-1013.0
21.0,19.0,-1020.0
29.0,17.0,-1030.0
33.0,25.0,-1032.0
29.0,19.0,-1032.0
31.0,7.0,-1015.0
29.0,23.0,-1020.0
31.0,17.0,-1028.0
33.0,1.0,-1028.0
29.0,25.0,-1034.0
35.0,19.0,-1030.0
29.0,25.0,-1026.0
33.0,13.0,-1022.0
27.0,25.0,-1015.0
33.0,5.0,-1022.0
25.0,27.0,-1018.0
23.0,17.0,-1022.0
23.0,27.0,-1020.0
29.0,19.0,-1018.0
21.0,31.0,-1018.0
29.0,23.0,-1015.0
25.0,19.0,-1020.0
29.0,37.0,-1032.0
25.0,13.0,-1036.0
29.0,25.0,-1020.0
29.0,13.0,-1024.0
29.0,23.0,-1018.0
19.0,13.0,-1018.0
29.0,29.0,-1022.0
27.0,13.0,-1026.0
25.0,23.0,-1022.0
25.0,23.0,-1018.0
21.0,15.0,-1015.0
23.0,23.0,-1016.0
23.0,23.0,-1011.0
21.0,17.0,-1022.0
33.0,21.0,-1018.0
19.0,7.0,-1011.0
23.0,9.0,-1005.0
15.0,9.0,-1026.0
15.0,7.0,-1024.0
21.0,11.0,-1003.0
23.0,11.0,-1028.0
25.0,7.0,-1018.0
19.0,13.0,-1007.0
25.0,11.0,-1015.0
1.0,9.0,-1026.0
21.0,25.0,-1018.0
7.0,17.0,-1013.0
29.0,13.0,-1015.0
19.0,5.0,-1011.0
15.0,15.0,-1022.0
11.0,7.0,-1024.0
31.0,1.0,-1015.0
19.0,11.0,-1028.0
21.0,19.0,-1020.0
29.0,11.0,-1026.0
33.0,11.0,-1018.0
25.0,15.0,-1018.0
23.0,17.0,-1020.0
35.0,23.0,-1024.0
23.0,5.0,-1028.0
17.0,19.0,-1011.0
31.0,13.0,-1011.0
29.0,0.0,-1026.0
29.0,23.0,-1018.0
23.0,13.0,-1018.0
27.0,1.0,-1020.0
31.0,5.0,-1020.0
31.0,29.0,-1018.0
37.0,-1.0,-1024.0
15.0,17.0,-1030.0
31.0,31.0,-1026.0
21.0,15.0,-1022.0
23.0,17.0,-1036.0
35.0,15.0,-1022.0
33.0,19.0,-1018.0
27.0,7.0,-1028.0
23.0,29.0,-1022.0
27.0,23.0,-1020.0
21.0,11.0,-1018.0
23.0,23.0,-1018.0
23.0,7.0,-1018.0
27.0,29.0,-1024.0
21.0,15.0,-1009.0
25.0,17.0,-1018.0
15.0,11.0,-1028.0
23.0,11.0,-1018.0
27.0,15.0,-1020.0
31.0,25.0,-1034.0
33.0,25.0,-1018.0
35.0,11.0,-1020.0
35.0,29.0,-1011.0
27.0,21.0,-1018.0
37.0,13.0,-1013.0
29.0,19.0,-1026.0
15.0,17.0,-1030.0
29.0,19.0,-1015.0
27.0,11.0,-1032.0
17.0,23.0,-1028.0
23.0,11.0,-1015.0
29.0,19.0,-1018.0
27.0,5.0,-1026.0
17.0,17.0,-1022.0
27.0,13.0,-1022.0
19.0,13.0,-1022.0
27.0,9.0,-1011.0
25.0,19.0,-1018.0
13.0,13.0,-1020.0
25.0,9.0,-1011.0
23.0,13.0,-1018.0
11.0,11.0,-1015.0
23.0,15.0,-1018.0
15.0,13.0,-1007.0
15.0,17.0,-1018.0
17.0,0.0,-1018.0
11.0,23.0,-1009.0
29.0,13.0,-1015.0
19.0,9.0,-1024.0
31.0,19.0,-1011.0
17.0,19.0,-1013.0
21.0,7.0,-1020.0
17.0,17.0,-1009.0
21.0,23.0,-1011.0
23.0,3.0,-1024.0
19.0,25.0,-1022.0
29.0,15.0,-1013.0
21.0,7.0,-1015.0
15.0,11.0,-1018.0
21.0,9.0,-1022.0
19.0,17.0,-1018.0
29.0,11.0,-1020.0
27.0,11.0,-1018.0
19.0,25.0,-1032.0
29.0,0.0,-1009.0
29.0,25.0,-1022.0
15.0,7.0,-1024.0
21.0,23.0,-1015.0
35.0,5.0,-1020.0
27.0,1.0,-1032.0
37.0,27.0,-1026.0
21.0,9.0,-1018.0
35.0,15.0,-1026.0
29.0,13.0,-1028.0
21.0,29.0,-1015.0
37.0,11.0,-1013.0
17.0,7.0,-1018.0
27.0,17.0,-1026.0
25.0,7.0,-1013.0
31.0,17.0,-1020.0
31.0,17.0,-1024.0
27.0,19.0,-1022.0
37.0,13.0,-1020.0
27.0,17.0,-1036.0
31.0,31.0,-1026.0
25.0,11.0,-1020.0
33.0,27.0,-1028.0
31.0,17.0,-1022.0
29.0,19.0,-1024.0
31.0,27.0,-1026.0
33.0,9.0,-1020.0
33.0,29.0,-1013.0
29.0,5.0,-1026.0
35.0,19.0,-1022.0
19.0,17.0,-1030.0
35.0,15.0,-1020.0
27.0,23.0,-1015.0
23.0,9.0,-1007.0
29.0,25.0,-1018.0
29.0,13.0,-1026.0
21.0,23.0,-1026.0
37.0,9.0,-1018.0
21.0,11.0,-1015.0
21.0,19.0,-1022.0
27.0,15.0,-1015.0
21.0,9.0,-1020.0
23.0,15.0,-1024.0
23.0,23.0,-1022.0
25.0,-1.0,-1026.0
21.0,19.0,-1030.0
21.0,7.0,-1018.0
27.0,11.0,-1018.0
17.0,13.0,-1034.0
13.0,11.0,-1026.0
21.0,15.0,-1015.0
19.0,17.0,-1026.0
27.0,7.0,-1024.0
13.0,13.0,-1015.0
27.0,11.0,-1018.0
25.0,11.0,-1026.0
21.0,19.0,-1015.0
23.0,23.0,-1022.0
23.0,13.0,-1026.0
21.0,9.0,-1018.0
25.0,35.0,-1011.0
29.0,9.0,-1020.0
21.0,19.0,-1015.0
23.0,9.0,-1013.0
23.0,5.0,-1026.0
33.0,29.0,-1026.0
19.0,13.0,-1011.0
23.0,15.0,-1032.0
25.0,11.0,-1030.0
21.0,25.0,-1015.0
21.0,19.0,-1018.0
27.0,1.0,-1020.0
25.0,19.0,-1026.0
15.0,25.0,-1020.0
27.0,9.0,-1018.0
27.0,25.0,-1024.0
19.0,15.0,-1020.0
29.0,27.0,-1018.0
33.0,15.0,-1018.0
15.0,11.0,-1036.0
33.0,15.0,-1020.0
21.0,19.0,-1016.0
29.0,17.0,-1015.0
29.0,29.0,-1013.0
23.0,15.0,-1022.0
21.0,5.0,-1009.0
15.0,13.0,-1020.0
27.0,33.0,-1020.0
21.0,5.0,-1018.0
23.0,21.0,-1018.0
25.0,19.0,-1007.0
15.0,9.0,-1024.0
23.0,27.0,-1015.0
27.0,15.0,-1018.0
27.0,5.0,-1013.0
25.0,25.0,-1016.0
27.0,7.0,-1022.0
23.0,23.0,-1028.0
23.0,13.0,-1026.0
21.0,31.0,-1018.0
17.0,5.0,-1024.0
21.0,19.0,-1024.0
23.0,25.0,-1015.0
27.0,11.0,-1020.0
25.0,27.0,-1011.0
25.0,19.0,-1011.0
21.0,7.0,-1015.0
23.0,19.0,-1005.0
29.0,-3.0,-1015.0
25.0,11.0,-1024.0
27.0,21.0,-1016.0
25.0,19.0,-1009.0
31.0,11.0,-1015.0
33.0,23.0,-1015.0
27.0,0.0,-999.0
25.0,13.0,-1009.0
13.0,13.0,-1024.0
29.0,21.0,-1022.0
23.0,21.0,-1007.0
23.0,17.0,-1018.0
21.0,31.0,-1016.0
21.0,7.0,-1020.0
29.0,19.0,-1024.0
23.0,17.0,-1020.0
33.0,17.0,-1022.0
25.0,19.0,-1024.0
29.0,15.0,-1020.0
35.0,15.0,-1015.0
17.0,19.0,-1024.0
31.0,19.0,-1026.0
21.0,11.0,-1020.0
21.0,27.0,-1026.0
31.0,17.0,-1018.0
31.0,15.0,-1013.0
33.0,9.0,-1011.0
15.0,37.0,-1009.0
35.0,1.0,-1022.0
21.0,15.0,-1013.0
29.0,0.0,-1011.0
29.0,7.0,-1018.0
35.0,11.0,-1028.0
29.0,17.0,-1020.0
33.0,17.0,-1024.0
33.0,11.0,-1018.0
27.0,21.0,-1018.0
29.0,5.0,-1028.0
29.0,11.0,-1020.0
35.0,17.0,-1020.0
19.0,21.0,-1022.0
23.0,19.0,-1022.0
29.0,5.0,-1022.0
27.0,11.0,-1018.0
23.0,11.0,-1015.0
33.0,3.0,-1024.0
13.0,21.0,-1028.0
29.0,17.0,-1015.0
29.0,13.0,-1028.0
33.0,21.0,-1020.0
23.0,23.0,-1018.0
21.0,13.0,-1022.0
29.0,9.0,-1032.0
25.0,29.0,-1013.0
29.0,5.0,-1018.0
33.0,25.0,-1018.0
33.0,17.0,-1011.0
33.0,17.0,-1009.0
31.0,13.0,-1024.0
23.0,11.0,-1005.0
25.0,19.0,-1011.0
23.0,7.0,-1032.0
33.0,11.0,-1018.0
25.0,5.0,-1020.0
27.0,19.0,-1028.0
19.0,15.0,-1022.0
25.0,15.0,-1020.0
19.0,-5.0,-1022.0
29.0,23.0,-1015.0
21.0,13.0,-1018.0
25.0,17.0,-1026.0
33.0,11.0,-1028.0
19.0,13.0,-1015.0
27.0,15.0,-1024.0
17.0,15.0,-1020.0
27.0,15.0,-1020.0
21.0,11.0,-1026.0
23.0,19.0,-1016.0
25.0,11.0,-1015.0
17.0,13.0,-1026.0
23.0,9.0,-1026.0
23.0,21.0,-1011.0
19.0,13.0,-1013.0
21.0,23.0,-1020.0
25.0,5.0,-1022.0
23.0,19.0,-1005.0
33.0,11.0,-1026.0
31.0,13.0,-1013.0
31.0,25.0,-1018.0
17.0,5.0,-1018.0
33.0,9.0,-1020.0
29.0,11.0,-1013.0
19.0,17.0,-1026.0
19.0,9.0,-1026.0
15.0,13.0,-1022.0
27.0,15.0,-1022.0
15.0,13.0,-1034.0
17.0,23.0,-1011.0
29.0,15.0,-1011.0
23.0,13.0,-1024.0
23.0,17.0,-1016.0
23.0,15.0,-1011.0
31.0,13.0,-1018.0
23.0,1.0,-1020.0
25.0,29.0,-1015.0
29.0,11.0,-1007.0
29.0,17.0,-1018.0
31.0,17.0,-1020.0
25.0,13.0,-1015.0
17.0,19.0,-1015.0
31.0,17.0,-1015.0
27.0,21.0,-1026.0
19.0,13.0,-1024.0
21.0,31.0,-1015.0
23.0,11.0,-1018.0
21.0,17.0,-1018.0
17.0,13.0,-1018.0
21.0,9.0,-1022.0
23.0,23.0,-1028.0
13.0,23.0,-1020.0
27.0,13.0,-1011.0
19.0,15.0,-1030.0
25.0,25.0,-1011.0
29.0,19.0,-1015.0
23.0,17.0,-1018.0
27.0,17.0,-1015.0
25.0,11.0,-1020.0
35.0,13.0,-1011.0
19.0,13.0,-1030.0
29.0,13.0,-1020.0
35.0,19.0,-1024.0
29.0,5.0,-1032.0
29.0,25.0,-1016.0
27.0,15.0,-1013.0
33.0,7.0,-1028.0
29.0,21.0,-1024.0
35.0,13.0,-1018.0
15.0,17.0,-1034.0
29.0,11.0,-1026.0
21.0,17.0,-1018.0
21.0,11.0,-1024.0
19.0,11.0,-1026.0
23.0,17.0,-1018.0
19.0,11.0,-1028.0
21.0,3.0,-1020.0
25.0,17.0,-1013.0
17.0,7.0,-1020.0
27.0,23.0,-1020.0
27.0,7.0,-1020.0
21.0,27.0,-1018.0
23.0,9.0,-1015.0
33.0,17.0,-1032.0
29.0,5.0,-1030.0
19.0,19.0,-1020.0
31.0,13.0,-1013.0
37.0,13.0,-1022.0
29.0,13.0,-1022.0
27.0,19.0,-1018.0
31.0,19.0,-1015.0
15.0,17.0,-1020.0
21.0,17.0,-1018.0
21.0,3.0,-1020.0
17.0,15.0,-1013.0
23.0,25.0,-1015.0
23.0,17.0,-1018.0
33.0,11.0,-1015.0
25.0,29.0,-1015.0
23.0,17.0,-1022.0
25.0,7.0,-1011.0
21.0,19.0,-1024.0
23.0,13.0,-1022.0
25.0,7.0,-1018.0
27.0,13.0,-1020.0
23.0,13.0,-1032.0
23.0,15.0,-1022.0
19.0,31.0,-1020.0
17.0,9.0,-1022.0
19.0,19.0,-1020.0
15.0,23.0,-1013.0
15.0,29.0,-1015.0
25.0,9.0,-1009.0
21.0,23.0,-1022.0
29.0,19.0,-1020.0
21.0,5.0,-1011.0
31.0,17.0,-1013.0
33.0,13.0,-1022.0
31.0,23.0,-1013.0
29.0,23.0,-1020.0
19.0,21.0,-1024.0
35.0,13.0,-1015.0
25.0,9.0,-1034.0
17.0,29.0,-1015.0
31.0,7.0,-1018.0
27.0,15.0,-1026.0
23.0,13.0,-1024.0
19.0,17.0,-1015.0
29.0,23.0,-1024.0
23.0,1.0,-1026.0
29.0,25.0,-1020.0
37.0,9.0,-1013.0
29.0,23.0,-1032.0
31.0,19.0,-1020.0
21.0,11.0,-1026.0
19.0,19.0,-1030.0
19.0,7.0,-1018.0
35.0,19.0,-1022.0
13.0,5.0,-1022.0
27.0,17.0,-1018.0
19.0,13.0,-1024.0
11.0,19.0,-1020.0
15.0,15.0,-1015.0
27.0,13.0,-1013.0
15.0,19.0,-1020.0
21.0,11.0,-1009.0
33.0,11.0,-1013.0
17.0,9.0,-1034.0
29.0,3.0,-1011.0
27.0,23.0,-1011.0
25.0,-3.0,-1026.0
29.0,23.0,-1007.0
21.0,9.0,-1013.0
29.0,5.0,-1018.0
17.0,19.0,-1026.0
21.0,0.0,-1024.0
19.0,13.0,-1026.0
29.0,7.0,-1020.0
25.0,15.0,-1011.0
21.0,17.0,-1030.0
31.0,1.0,-1028.0
21.0,37.0,-1013.0
29.0,9.0,-1020.0
31.0,17.0,-1015.0
33.0,17.0,-1015.0
23.0,3.0,-1022.0
21.0,17.0,-1018.0
27.0,-1.0,-1015.0
21.0,21.0,-1024.0
31.0,23.0,-1026.0
25.0,5.0,-1022.0
21.0,17.0,-1024.0
29.0,1.0,-1015.0
11.0,17.0,-1011.0
29.0,11.0,-1011.0
11.0,7.0,-1026.0
33.0,25.0,-1015.0
19.0,7.0,-1015.0
29.0,19.0,-1020.0
33.0,7.0,-1026.0
21.0,25.0,-1011.0
33.0,19.0,-1020.0
19.0,13.0,-1036.0
35.0,9.0,-1020.0
19.0,17.0,-1018.0
33.0,5.0,-1024.0
31.0,11.0,-1032.0
25.0,21.0,-1026.0
25.0,21.0,-1024.0
17.0,23.0,-1026.0
25.0,0.0,-1016.0
23.0,23.0,-1022.0
31.0,19.0,-1024.0
31.0,9.0,-1007.0
17.0,31.0,-1003.0
25.0,15.0,-1024.0
25.0,11.0,-1024.0
35.0,23.0,-1020.0
15.0,13.0,-1013.0
25.0,17.0,-1011.0
27.0,1.0,-1018.0
21.0,19.0,-1018.0
35.0,7.0,-1018.0
29.0,11.0,-1024.0
29.0,15.0,-1028.0
21.0,9.0,-1013.0
27.0,25.0,-1018.0
21.0,17.0,-1022.0
19.0,27.0,-1013.0
25.0,9.0,-1011.0
11.0,15.0,-1026.0
23.0,15.0,-1024.0
7.0,11.0,-1020.0
25.0,13.0,-1015.0
25.0,13.0,-1024.0
15.0,25.0,-1013.0
35.0,7.0,-1020.0
27.0,17.0,-1032.0
33.0,13.0,-1018.0
21.0,13.0,-1009.0
35.0,15.0,-1022.0
25.0,9.0,-1011.0
25.0,25.0,-1005.0
31.0,0.0,-1018.0
21.0,19.0,-1020.0
37.0,11.0,-1020.0
23.0,9.0,-1018.0
25.0,9.0,-1034.0
31.0,1.0,-1013.0
23.0,25.0,-1018.0
23.0,15.0,-1026.0
21.0,7.0,-1005.0
23.0,25.0,-1032.0
17.0,7.0,-1024.0
19.0,7.0,-1018.0
21.0,13.0,-1022.0
27.0,17.0,-1028.0
17.0,0.0,-1022.0
23.0,31.0,-1018.0
23.0,13.0,-1026.0
25.0,11.0,-1022.0
21.0,17.0,-1028.0
21.0,7.0,-1028.0
31.0,7.0,-1026.0
27.0,23.0,-1015.0
17.0,13.0,-1026.0
21.0,15.0,-1018.0
21.0,9.0,-1018.0
17.0,11.0,-1026.0
19.0,23.0,-1013.0
21.0,11.0,-1011.0
19.0,5.0,-1018.0
29.0,11.0,-1024.0
23.0,25.0,-1026.0
33.0,0.0,-1020.0
15.0,21.0,-1011.0
33.0,17.0,-1020.0
19.0,5.0,-1026.0
33.0,11.0,-1022.0
29.0,27.0,-1020.0
31.0,5.0,-1030.0
27.0,3.0,-1024.0
25.0,27.0,-1013.0
23.0,1.0,-1013.0
9.0,25.0,-1015.0
29.0,13.0,-1011.0
11.0,21.0,-1024.0
19.0,17.0,-1013.0
15.0,19.0,-1018.0
29.0,15.0,-1020.0
23.0,15.0,-1018.0
33.0,13.0,-1015.0
31.0,19.0,-1015.0
21.0,5.0,-1034.0
29.0,15.0,-1013.0
29.0,13.0,-1024.0
29.0,9.0,-1011.0
27.0,17.0,-1015.0
27.0,17.0,-1015.0
25.0,13.0,-1018.0
31.0,7.0,-1013.0
19.0,25.0,-1026.0
31.0,0.0,-1020.0
15.0,19.0,-1013.0
19.0,7.0,-1018.0
25.0,15.0,-1022.0
27.0,11.0,-1011.0
21.0,21.0,-1009.0
21.0,15.0,-1020.0
27.0,1.0,-1030.0
23.0,21.0,-1018.0
27.0,15.0,-1026.0
21.0,13.0,-1020.0
21.0,11.0,-1005.0
21.0,17.0,-1015.0
21.0,15.0,-1032.0
33.0,5.0,-1011.0
23.0,15.0,-1020.0
25.0,23.0,-1024.0
27.0,13.0,-1020.0
29.0,23.0,-1013.0
19.0,7.0,-1020.0
29.0,13.0,-1018.0
23.0,13.0,-1018.0
23.0,19.0,-1011.0
27.0,3.0,-1024.0
21.0,15.0,-1024.0
25.0,25.0,-1018.0
23.0,5.0,-1030.0
29.0,23.0,-1011.0
29.0,13.0,-1022.0
21.0,13.0,-1020.0
21.0,23.0,-1024.0
25.0,19.0,-1018.0
29.0,13.0,-1024.0
35.0,5.0,-1022.0
21.0,31.0,-1020.0
35.0,7.0,-1009.0
25.0,11.0,-1022.0
33.0,23.0,-1018.0
29.0,13.0,-1013.0
29.0,17.0,-1016.0
31.0,15.0,-1022.0
21.0,25.0,-1028.0
19.0,5.0,-1024.0
19.0,15.0,-1022.0
21.0,11.0,-1018.0
21.0,13.0,-1026.0
29.0,13.0,-1015.0
13.0,15.0,-1011.0
21.0,7.0,-1020.0
21.0,7.0,-1018.0
21.0,15.0,-1018.0
19.0,15.0,-1026.0
23.0,5.0,-1022.0
29.0,11.0,-1015.0
23.0,17.0,-1022.0
25.0,7.0,-1022.0
27.0,13.0,-1011.0
27.0,15.0,-1032.0
27.0,9.0,-1015.0
21.0,29.0,-1003.0
17.0,0.0,-1020.0
17.0,11.0,-1013.0
31.0,19.0,-1015.0
17.0,13.0,-1022.0
25.0,7.0,-1018.0
17.0,11.0,-1009.0
31.0,21.0,-1020.0
25.0,9.0,-1030.0
23.0,23.0,-1013.0
21.0,11.0,-1024.0
17.0,21.0,-1024.0
31.0,11.0,-1020.0
9.0,17.0,-1015.0
27.0,9.0,-1022.0
25.0,19.0,-1032.0
35.0,19.0,-1020.0
19.0,17.0,-1032.0
21.0,13.0,-1028.0
33.0,17.0,-1026.0
31.0,11.0,-1015.0
29.0,19.0,-1022.0
29.0,17.0,-1022.0
27.0,19.0,-1013.0
31.0,25.0,-1028.0
31.0,17.0,-1015.0
15.0,19.0,-1011.0
35.0,13.0,-1034.0
29.0,13.0,-1020.0
29.0,17.0,-1022.0
27.0,17.0,-1026.0
25.0,13.0,-1024.0
31.0,5.0,-1015.0
23.0,13.0,-1026.0
25.0,15.0,-1022.0
31.0,15.0,-1020.0
25.0,27.0,-1015.0
21.0,15.0,-1022.0
19.0,13.0,-1003.0
25.0,23.0,-1018.0
21.0,7.0,-1028.0
27.0,11.0,-1022.0
27.0,19.0,-1032.0
21.0,25.0,-1013.0
15.0,3.0,-1018.0
29.0,25.0,-1013.0
17.0,1.0,-1028.0
29.0,-1.0,-1018.0
19.0,13.0,-1026.0
23.0,13.0,-1020.0
25.0,13.0,-1013.0
27.0,1.0,-1009.0
23.0,15.0,-1009.0
23.0,3.0,-1015.0
25.0,19.0,-1026.0
25.0,13.0,-1011.0
25.0,11.0,-1013.0
29.0,11.0,-1011.0
23.0,5.0,-1015.0
25.0,5.0,-1009.0
17.0,13.0,-1026.0
15.0,21.0,-1022.0
29.0,13.0,-1007.0
31.0,5.0,-1028.0
19.0,15.0,-1022.0
29.0,13.0,-1009.0
33.0,11.0,-1020.0
19.0,-3.0,-1034.0
19.0,27.0,-1015.0
29.0,9.0,-1013.0
25.0,5.0,-1020.0
29.0,19.0,-1020.0
29.0,5.0,-1011.0
31.0,13.0,-1028.0
29.0,9.0,-1024.0
25.0,29.0,-1020.0
37.0,0.0,-1015.0
11.0,7.0,-1026.0
35.0,31.0,-1022.0
25.0,7.0,-1020.0
33.0,13.0,-1034.0
29.0,9.0,-1024.0
21.0,23.0,-1038.0
25.0,5.0,-1020.0
23.0,13.0,-1032.0
33.0,13.0,-1028.0
23.0,21.0,-1028.0
37.0,23.0,-1018.0
29.0,7.0,-1020.0
27.0,23.0,-1018.0
29.0,11.0,-1018.0
31.0,17.0,-1024.0
37.0,27.0,-1032.0
19.0,13.0,-1011.0
27.0,11.0,-1022.0
25.0,19.0,-1015.0
23.0,31.0,-1028.0
19.0,7.0,-1024.0
23.0,21.0,-1022.0
21.0,21.0,-1024.0
27.0,17.0,-1018.0
29.0,17.0,-1024.0
15.0,13.0,-1028.0
25.0,17.0,-1026.0
19.0,17.0,-1026.0
29.0,17.0,-1022.0
31.0,17.0,-1007.0
23.0,19.0,-1007.0
25.0,7.0,-1020.0
27.0,15.0,-1024.0
11.0,25.0,-1015.0
29.0,13.0,-1026.0
11.0,11.0,-1015.0
17.0,21.0,-1011.0
15.0,3.0,-1018.0
21.0,15.0,-1018.0
23.0,19.0,-1015.0
13.0,13.0,-1022.0
23.0,9.0,-1001.0
19.0,11.0,-1013.0
21.0,17.0,-1011.0
27.0,1.0,-1015.0
19.0,23.0,-1007.0
25.0,21.0,-1013.0
27.0,5.0,-1015.0
21.0,23.0,-1016.0
17.0,17.0,-1011.0
23.0,13.0,-1007.0
21.0,19.0,-1026.0
13.0,29.0,-1015.0
13.0,17.0,-1018.0
19.0,21.0,-1018.0
19.0,9.0,-1018.0
11.0,9.0,-1009.0
23.0,17.0,-1020.0
23.0,11.0,-1013.0
29.0,15.0,-1011.0
23.0,23.0,-1018.0
25.0,13.0,-1011.0
27.0,7.0,-1020.0
21.0,15.0,-1020.0
15.0,13.0,-1026.0
25.0,13.0,-1011.0
35.0,21.0,-1013.0
21.0,9.0,-1015.0
27.0,13.0,-1020.0
27.0,21.0,-1018.0
27.0,11.0,-1022.0
35.0,13.0,-1020.0
33.0,15.0,-1009.0
23.0,21.0,-1020.0
29.0,3.0,-1022.0
29.0,21.0,-1026.0
27.0,9.0,-1020.0
31.0,9.0,-1022.0
31.0,5.0,-1032.0
23.0,25.0,-1020.0
29.0,9.0,-1015.0
29.0,11.0,-1026.0
33.0,13.0,-1034.0
15.0,23.0,-1020.0
35.0,17.0,-1018.0
23.0,7.0,-1034.0
31.0,23.0,-1015.0
35.0,21.0,-1020.0
33.0,11.0,-1040.0
37.0,19.0,-1013.0
33.0,37.0,-1026.0
37.0,0.0,-1026.0
33.0,23.0,-1018.0
27.0,13.0,-1022.0
21.0,11.0,-1026.0
29.0,15.0,-1028.0
19.0,19.0,-1018.0
33.0,23.0,-1026.0
29.0,7.0,-1026.0
27.0,19.0,-1018.0
19.0,13.0,-1015.0
23.0,15.0,-1024.0
21.0,17.0,-1020.0
25.0,19.0,-1013.0
35.0,1.0,-1018.0
27.0,11.0,-1018.0
23.0,21.0,-1020.0
25.0,9.0,-1026.0
35.0,1.0,-1024.0
19.0,15.0,-1011.0
35.0,-5.0,-1015.0
17.0,27.0,-1011.0
23.0,7.0,-1018.0
23.0,11.0,-1015.0
23.0,17.0,-1026.0
27.0,13.0,-1013.0
15.0,17.0,-1020.0
33.0,9.0,-1026.0
19.0,7.0,-1015.0
21.0,7.0,-1022.0
17.0,21.0,-1030.0
19.0,11.0,-1030.0
21.0,13.0,-1009.0
29.0,25.0,-1020.0
21.0,13.0,-1015.0
15.0,17.0,-1011.0
21.0,9.0,-1024.0
23.0,13.0,-1022.0
25.0,15.0,-1018.0
23.0,17.0,-1015.0
19.0,0.0,-1026.0
25.0,19.0,-1013.0
23.0,15.0,-1015.0
31.0,13.0,-1024.0
33.0,17.0,-1026.0
23.0,17.0,-1018.0
27.0,17.0,-1026.0
37.0,11.0,-1018.0
33.0,11.0,-1024.0
23.0,5.0,-1030.0
29.0,19.0,-1034.0
23.0,19.0,-1024.0
25.0,17.0,-1022.0
27.0,5.0,-1024.0
25.0,31.0,-1026.0
21.0,13.0,-1026.0
25.0,7.0,-1018.0
21.0,13.0,-1020.0
29.0,21.0,-1011.0
27.0,17.0,-1013.0
29.0,11.0,-1022.0
23.0,29.0,-1018.0
29.0,5.0,-1015.0
13.0,31.0,-1018.0
25.0,13.0,-1013.0
17.0,13.0,-1018.0
25.0,21.0,-1034.0
25.0,13.0,-1015.0
25.0,17.0,-1020.0
37.0,11.0,-1022.0
25.0,17.0,-1011.0
21.0,21.0,-1020.0
29.0,11.0,-1020.0
21.0,11.0,-1005.0
21.0,25.0,-1009.0
29.0,13.0,-1024.0
25.0,11.0,-1026.0
31.0,21.0,-1011.0
19.0,13.0,-1030.0
21.0,11.0,-1013.0
19.0,29.0,-1018.0
27.0,9.0,-1024.0
19.0,11.0,-1032.0
29.0,5.0,-1022.0
15.0,17.0,-1028.0
31.0,11.0,-1026.0
21.0,17.0,-1013.0
35.0,23.0,-1026.0
33.0,3.0,-1024.0
27.0,27.0,-1011.0
31.0,3.0,-1022.0
27.0,1.0,-1026.0
31.0,13.0,-1026.0
21.0,11.0,-1015.0
33.0,3.0,-1024.0
31.0,17.0,-1015.0
27.0,23.0,-1015.0
29.0,9.0,-1024.0
17.0,13.0,-1026.0
29.0,9.0,-1020.0
21.0,7.0,-1015.0
27.0,17.0,-1013.0
33.0,1.0,-1007.0
13.0,11.0,-1028.0
23.0,15.0,-1028.0
21.0,7.0,-1028.0
23.0,13.0,-1013.0
21.0,15.0,-1032.0
29.0,11.0,-1013.0
17.0,11.0,-1013.0
19.0,17.0,-1015.0
21.0,11.0,-1015.0
21.0,13.0,-1020.0
25.0,33.0,-1011.0
27.0,-3.0,-1020.0
13.0,11.0,-1011.0
21.0,17.0,-1026.0
25.0,15.0,-1028.0
27.0,17.0,-1024.0
7.0,21.0,-1018.0
29.0,7.0,-1013.0
23.0,9.0,-1011.0
17.0,23.0,-1011.0
23.0,9.0,-1011.0
21.0,11.0,-1032.0
27.0,27.0,-1022.0
31.0,21.0,-1013.0
25.0,11.0,-1018.0
23.0,3.0,-1015.0
17.0,29.0,-1020.0
27.0,11.0,-1026.0
11.0,27.0,-1024.0
27.0,17.0,-1018.0
29.0,11.0,-1018.0
19.0,29.0,-1030.0
23.0,11.0,-1009.0
13.0,27.0,-1028.0
27.0,15.0,-1028.0
21.0,11.0,-1011.0
27.0,31.0,-1028.0
29.0,1.0,-1015.0
21.0,21.0,-1018.0
27.0,17.0,-1022.0
19.0,25.0,-1024.0
33.0,17.0,-1015.0
33.0,7.0,-1022.0
23.0,27.0,-1026.0
15.0,3.0,-1011.0
25.0,19.0,-1013.0
21.0,11.0,-1026.0
29.0,25.0,-1011.0
21.0,19.0,-1015.0
21.0,17.0,-1030.0
21.0,13.0,-1018.0
15.0,11.0,-1024.0
31.0,21.0,-1026.0
21.0,23.0,-1020.0
29.0,3.0,-1018.0
25.0,17.0,-1028.0
27.0,7.0,-1028.0
25.0,21.0,-1015.0
27.0,23.0,-1032.0
29.0,5.0,-1022.0
29.0,23.0,-1018.0
27.0,9.0,-1018.0
23.0,11.0,-1024.0
31.0,11.0,-1018.0
21.0,27.0,-1034.0
35.0,19.0,-1024.0
21.0,11.0,-1022.0
33.0,17.0,-1015.0
23.0,9.0,-1024.0
35.0,13.0,-1022.0
29.0,13.0,-1024.0
21.0,19.0,-1022.0
29.0,11.0,-1013.0
15.0,19.0,-1030.0
29.0,5.0,-1011.0
19.0,5.0,-1022.0
25.0,13.0,-1034.0
21.0,9.0,-1026.0
33.0,23.0,-1022.0
25.0,7.0,-1040.0
17.0,21.0,-1020.0
21.0,11.0,-1015.0
21.0,17.0,-1022.0
33.0,13.0,-1026.0
13.0,15.0,-1018.0
37.0,5.0,-1020.0
21.0,1.0,-1034.0
15.0,25.0,-1018.0
17.0,7.0,-1011.0
15.0,17.0,-1026.0
15.0,5.0,-1026.0
17.0,17.0,-1015.0
27.0,11.0,-1011.0
15.0,7.0,-1026.0
25.0,13.0,-1018.0
13.0,17.0,-1015.0
27.0,13.0,-1015.0
33.0,17.0,-1015.0
31.0,15.0,-1013.0
23.0,5.0,-1022.0
23.0,9.0,-1011.0
23.0,17.0,-1018.0
19.0,7.0,-1022.0
21.0,13.0,-1016.0
21.0,11.0,-1005.0
23.0,13.0,-1018.0
29.0,5.0,-1020.0
15.0,13.0,-1013.0
21.0,25.0,-1022.0
27.0,11.0,-1011.0
21.0,19.0,-1020.0
17.0,9.0,-1013.0
27.0,21.0,-1020.0
37.0,9.0,-1020.0
15.0,23.0,-1022.0
15.0,11.0,-1013.0
37.0,9.0,-1022.0
27.0,17.0,-1018.0
7.0,15.0,-1018.0
21.0,5.0,-1011.0
29.0,11.0,-1022.0
25.0,19.0,-1015.0
25.0,17.0,-1011.0
29.0,9.0,-1020.0
17.0,13.0,-1018.0
25.0,31.0,-1018.0
35.0,13.0,-1011.0
19.0,19.0,-1028.0
31.0,23.0,-1018.0
33.0,17.0,-1015.0
27.0,17.0,-1036.0
31.0,23.0,-1018.0
13.0,31.0,-1020.0
35.0,0.0,-1011.0
25.0,23.0,-1011.0
29.0,17.0,-1022.0
19.0,5.0,-1015.0
13.0,11.0,-1032.0
29.0,15.0,-1007.0
19.0,29.0,-1022.0
15.0,7.0,-1020.0
17.0,13.0,-1011.0
17.0,15.0,-1026.0
23.0,5.0,-1015.0
25.0,11.0,-1013.0
29.0,23.0,-1028.0
27.0,13.0,-1018.0
31.0,17.0,-1015.0
27.0,19.0,-1022.0
29.0,15.0,-1032.0
29.0,15.0,-1015.0
29.0,11.0,-1034.0
31.0,21.0,-1030.0
29.0,17.0,-1015.0
27.0,9.0,-1028.0
35.0,5.0,-1024.0
21.0,21.0,-1022.0
21.0,5.0,-1018.0
23.0,13.0,-1022.0
21.0,23.0,-1013.0
27.0,0.0,-1009.0
27.0,7.0,-1022.0
21.0,15.0,-1026.0
27.0,9.0,-1020.0
31.0,11.0,-1030.0
33.0,27.0,-1011.0
27.0,3.0,-1015.0
37.0,-1.0,-1018.0
29.0,11.0,-1030.0
25.0,11.0,-1020.0
33.0,17.0,-1030.0
27.0,21.0,-1024.0
29.0,25.0,-1007.0
29.0,-1.0,-1020.0
9.0,17.0,-1024.0
21.0,15.0,-1018.0
17.0,7.0,-1018.0
23.0,19.0,-1034.0
19.0,11.0,-1009.0
21.0,19.0,-1015.0
9.0,13.0,-1028.0
15.0,23.0,-1024.0
7.0,7.0,-1024.0
23.0,29.0,-1024.0
17.0,1.0,-1015.0
25.0,25.0,-1011.0
21.0,15.0,-1026.0
23.0,15.0,-1020.0
21.0,23.0,-1020.0
13.0,21.0,-1020.0
25.0,7.0,-1015.0
17.0,21.0,-1005.0
23.0,15.0,-1015.0
15.0,11.0,-1016.0
27.0,27.0,-1011.0
25.0,23.0,-1024.0
21.0,13.0,-1015.0
15.0,21.0,-1013.0
19.0,25.0,-1018.0
17.0,5.0,-1026.0
17.0,29.0,-1011.0
31.0,13.0,-1013.0
15.0,17.0,-1020.0
31.0,21.0,-1026.0
21.0,17.0,-1022.0
27.0,5.0,-1030.0
21.0,21.0,-1020.0
21.0,35.0,-1020.0
21.0,5.0,-1032.0
19.0,17.0,-1028.0
29.0,15.0,-1018.0
7.0,5.0,-1018.0
27.0,17.0,-1034.0
19.0,15.0,-1018.0
27.0,17.0,-1011.0
31.0,19.0,-1026.0
21.0,17.0,-1007.0
23.0,11.0,-1020.0
15.0,13.0,-1026.0
25.0,11.0,-1011.0
27.0,15.0,-1011.0
29.0,9.0,-1013.0
27.0,17.0,-1026.0
35.0,7.0,-1003.0
33.0,27.0,-1015.0
33.0,0.0,-1024.0
25.0,13.0,-1020.0
25.0,7.0,-1022.0
29.0,17.0,-1024.0
31.0,11.0,-1011.0
23.0,19.0,-1018.0
27.0,11.0,-1028.0
27.0,13.0,-1018.0
25.0,19.0,-1030.0
17.0,13.0,-1028.0
29.0,13.0,-1028.0
29.0,19.0,-1026.0
29.0,13.0,-1024.0
29.0,7.0,-1018.0
29.0,21.0,-1024.0
31.0,19.0,-1028.0
31.0,21.0,-1028.0
33.0,29.0,-1024.0
31.0,25.0,-1020.0
37.0,19.0,-1015.0
21.0,50.0,-1013.0
19.0,33.0,-1015.0
33.0,76.0,-1011.0
17.0,66.0,-1015.0
25.0,91.0,-1011.0
17.0,91.0,-1007.0
37.0,97.0,-1005.0
21.0,109.0,-1007.0
29.0,130.0,-1003.0
29.0,146.0,-1001.0
25.0,154.0,-1007.0
31.0,165.0,-1003.0
23.0,177.0,-1007.0
37.0,165.0,-993.0
17.0,193.0,-1007.0
39.0,210.0,-1011.0
11.0,228.0,-1011.0
37.0,238.0,-1003.0
25.0,263.0,-1007.0
33.0,275.0,-1007.0
29.0,279.0,-993.0
27.0,325.0,-1009.0
29.0,325.0,-1011.0
29.0,349.0,-1015.0
27.0,357.0,-1034.0
21.0,349.0,-1028.0
23.0,351.0,-1018.0
35.0,349.0,-1034.0
21.0,380.0,-1040.0
33.0,407.0,-1048.0
13.0,450.0,-1042.0
29.0,468.0,-1040.0
17.0,488.0,-1026.0
15.0,550.0,-1024.0
17.0,521.0,-1034.0
9.0,538.0,-1015.0
1.0,527.0,-1040.0
7.0,554.0,-1042.0
23.0,562.0,-1026.0
7.0,585.0,-1044.0
17.0,593.0,-1032.0
11.0,612.0,-1038.0
21.0,605.0,-1036.0
19.0,595.0,-1036.0
11.0,593.0,-1030.0
19.0,607.0,-1054.0
15.0,638.0,-1056.0
21.0,663.0,-1042.0
17.0,683.0,-1038.0
13.0,718.0,-1030.0
19.0,720.0,-1034.0
19.0,700.0,-1034.0
13.0,659.0,-1038.0
15.0,632.0,-1048.0
17.0,667.0,-1038.0
25.0,651.0,-1056.0
25.0,667.0,-1034.0
19.0,667.0,-1034.0
17.0,646.0,-1044.0
5.0,657.0,-1046.0
15.0,630.0,-1040.0
0.0,626.0,-1059.0
21.0,614.0,-1042.0
9.0,644.0,-1046.0
25.0,593.0,-1044.0
23.0,577.0,-1028.0
21.0,532.0,-1040.0
23.0,538.0,-1048.0
21.0,544.0,-1044.0
13.0,581.0,-1050.0
27.0,595.0,-1032.0
19.0,638.0,-1036.0
33.0,634.0,-1024.0
15.0,618.0,-1020.0
35.0,599.0,-1030.0
31.0,603.0,-1024.0
33.0,595.0,-1026.0
27.0,585.0,-1038.0
37.0,560.0,-1015.0
35.0,550.0,-1022.0
33.0,509.0,-1011.0
27.0,450.0,-1034.0
27.0,439.0,-1018.0
29.0,363.0,-1050.0
27.0,382.0,-1036.0
21.0,355.0,-1042.0
31.0,347.0,-1048.0
21.0,411.0,-1046.0
23.0,468.0,-1044.0
15.0,517.0,-1040.0
21.0,542.0,-1018.0
17.0,530.0,-1034.0
21.0,544.0,-1028.0
19.0,554.0,-1022.0
37.0,560.0,-1020.0
31.0,579.0,-1015.0
33.0,558.0,-1003.0
35.0,499.0,-1001.0
33.0,378.0,-1011.0
33.0,253.0,-1018.0
27.0,214.0,-1022.0
25.0,281.0,-1030.0
23.0,370.0,-1042.0
29.0,527.0,-1007.0
29.0,614.0,-1003.0
23.0,673.0,-983.0
21.0,708.0,-993.0
27.0,648.0,-993.0
27.0,624.0,-1007.0
39.0,564.0,-1026.0
37.0,564.0,-1034.0
46.0,556.0,-1032.0
37.0,538.0,-1015.0
35.0,534.0,-1015.0
33.0,472.0,-1026.0
9.0,468.0,-1040.0
0.0,474.0,-1048.0
-7.0,523.0,-1046.0
-7.0,556.0,-1038.0
5.0,552.0,-1024.0
7.0,591.0,-1013.0
21.0,655.0,-1020.0
11.0,776.0,-1022.0
21.0,823.0,-1042.0
31.0,854.0,-1028.0
33.0,835.0,-1015.0
39.0,745.0,-1011.0
35.0,651.0,-1005.0
35.0,562.0,-1026.0
33.0,548.0,-1059.0
33.0,618.0,-1065.0
31.0,716.0,-1071.0
27.0,815.0,-1046.0
21.0,884.0,-1042.0
15.0,849.0,-1028.0
13.0,778.0,-1034.0
-1.0,671.0,-1054.0
5.0,638.0,-1063.0
19.0,691.0,-1069.0
25.0,804.0,-1079.0
29.0,960.0,-1034.0
29.0,1067.0,-1018.0
31.0,1030.0,-1011.0
15.0,890.0,-1001.0
0.0,661.0,-1032.0
9.0,476.0,-1065.0
-7.0,530.0,-1083.0
23.0,685.0,-1071.0
5.0,940.0,-1056.0
21.0,1028.0,-1022.0
7.0,1034.0,-987.0
17.0,849.0,-987.0
3.0,573.0,-1024.0
-13.0,425.0,-1061.0
-1.0,460.0,-1089.0
13.0,708.0,-1071.0
37.0,921.0,-1022.0
35.0,991.0,-987.0
33.0,917.0,-952.0
31.0,737.0,-987.0
1.0,550.0,-1057.0
1.0,437.0,-1079.0
-1.0,560.0,-1098.0
15.0,696.0,-1071.0
42.0,792.0,-1018.0
33.0,798.0,-993.0
35.0,737.0,-981.0
7.0,733.0,-1015.0
15.0,620.0,-1052.0
-7.0,554.0,-1061.0
0.0,509.0,-1061.0
17.0,607.0,-1022.0
23.0,704.0,-1011.0
31.0,753.0,-1001.0
27.0,796.0,-1003.0
27.0,739.0,-1011.0
17.0,692.0,-1022.0
-7.0,614.0,-1071.0
1.0,610.0,-1054.0
13.0,659.0,-1044.0
33.0,616.0,-1038.0
23.0,638.0,-1018.0
29.0,648.0,-1011.0
27.0,665.0,-1036.0
19.0,626.0,-1065.0
23.0,554.0,-1059.0
11.0,527.0,-1038.0
27.0,548.0,-1013.0
33.0,657.0,-997.0
31.0,702.0,-1015.0
31.0,669.0,-1022.0
33.0,589.0,-1032.0
23.0,548.0,-1046.0
25.0,560.0,-1040.0
35.0,579.0,-1042.0
27.0,618.0,-1026.0
37.0,622.0,-1032.0
44.0,638.0,-1020.0
39.0,610.0,-1030.0
27.0,597.0,-1036.0
37.0,599.0,-1011.0
37.0,585.0,-1022.0
31.0,605.0,-1015.0
29.0,677.0,-1009.0
29.0,708.0,-999.0
25.0,646.0,-1026.0
31.0,581.0,-1030.0
19.0,605.0,-1020.0
15.0,626.0,-1028.0
33.0,669.0,-1032.0
25.0,583.0,-1038.0
35.0,507.0,-1020.0
37.0,491.0,-1040.0
35.0,493.0,-1056.0
13.0,486.0,-1077.0
37.0,472.0,-1085.0
31.0,571.0,-1071.0
25.0,632.0,-1044.0
15.0,634.0,-1038.0
1.0,554.0,-1038.0
7.0,421.0,-1048.0
-7.0,447.0,-1056.0
-7.0,480.0,-1067.0
7.0,544.0,-1063.0
3.0,497.0,-1061.0
15.0,402.0,-1028.0
-7.0,382.0,-1022.0
-29.0,357.0,-1038.0
-44.0,398.0,-1032.0
-15.0,320.0,-1061.0
-27.0,290.0,-1052.0
-7.0,275.0,-1024.0
3.0,302.0,-1018.0
1.0,398.0,-1022.0
1.0,400.0,-1022.0
3.0,411.0,-1013.0
3.0,298.0,-1013.0
9.0,273.0,-997.0
27.0,265.0,-1011.0
35.0,187.0,-999.0
35.0,162.0,-1011.0
37.0,107.0,-1018.0
25.0,195.0,-1015.0
39.0,187.0,-1026.0
27.0,136.0,-1022.0
29.0,78.0,-1011.0
25.0,76.0,-989.0
29.0,183.0,-995.0
23.0,150.0,-999.0
27.0,66.0,-989.0
29.0,11.0,-1011.0
31.0,97.0,-1018.0
13.0,230.0,-1026.0
33.0,261.0,-1013.0
19.0,273.0,-995.0
37.0,150.0,-960.0
19.0,89.0,-972.0
21.0,11.0,-1026.0
19.0,27.0,-1034.0
33.0,39.0,-1028.0
29.0,-1.0,-1040.0
35.0,25.0,-1007.0
31.0,9.0,-1003.0
25.0,81.0,-1003.0
7.0,46.0,-1018.0
0.0,19.0,-1028.0
3.0,-3.0,-1042.0
29.0,-27.0,-1034.0
29.0,64.0,-1026.0
40.0,76.0,-1003.0
31.0,154.0,-1011.0
35.0,173.0,-997.0
37.0,169.0,-1003.0
21.0,142.0,-1009.0
39.0,58.0,-1011.0
33.0,50.0,-1018.0
40.0,-39.0,-1036.0
35.0,-48.0,-1013.0
35.0,-23.0,-1018.0
33.0,105.0,-1028.0
37.0,206.0,-1003.0
31.0,279.0,-1030.0
37.0,288.0,-1022.0
33.0,197.0,-997.0
35.0,62.0,-1009.0
21.0,3.0,-1032.0
37.0,156.0,-1044.0
29.0,388.0,-1050.0
39.0,495.0,-1042.0
35.0,433.0,-1001.0
40.0,353.0,-995.0
13.0,294.0,-989.0
21.0,160.0,-1038.0
21.0,62.0,-1075.0
21.0,48.0,-1104.0
13.0,156.0,-1079.0
37.0,302.0,-1022.0
17.0,355.0,-1015.0
-1.0,341.0,-1003.0
-23.0,247.0,-1018.0
-25.0,185.0,-1048.0
-29.0,165.0,-1089.0
-21.0,236.0,-1069.0
5.0,277.0,-1036.0
33.0,333.0,-1018.0
31.0,398.0,-983.0
21.0,431.0,-974.0
-9.0,349.0,-1011.0
-29.0,228.0,-1036.0
-35.0,80.0,-1056.0
-5.0,21.0,-1048.0
9.0,7.0,-1040.0
29.0,117.0,-999.0
19.0,279.0,-1003.0
21.0,359.0,-1005.0
-9.0,325.0,-991.0
-5.0,212.0,-1024.0
-15.0,111.0,-1034.0
-21.0,46.0,-1040.0
21.0,146.0,-1056.0
1.0,269.0,-1050.0
31.0,384.0,-997.0
37.0,347.0,-983.0
15.0,269.0,-1005.0
11.0,162.0,-1007.0
-15.0,50.0,-1044.0
0.0,0.0,-1079.0
13.0,-74.0,-1056.0
35.0,-19.0,-1015.0
33.0,39.0,-1011.0
33.0,113.0,-999.0
17.0,81.0,-1003.0
31.0,-13.0,-1036.0
3.0,-42.0,-1054.0
13.0,37.0,-1028.0
25.0,44.0,-1034.0
33.0,95.0,-1011.0
37.0,62.0,-983.0
37.0,66.0,-976.0
21.0,91.0,-1015.0
29.0,11.0,-1015.0
3.0,-78.0,-1028.0
35.0,-232.0,-1011.0
13.0,-244.0,-1003.0
35.0,-226.0,-991.0
27.0,-130.0,-1013.0
29.0,-27.0,-1030.0
33.0,-39.0,-1011.0
27.0,-50.0,-999.0
13.0,-126.0,-1009.0
25.0,-105.0,-995.0
7.0,-19.0,-1034.0
21.0,48.0,-1024.0
23.0,70.0,-1015.0
35.0,31.0,-993.0
37.0,-23.0,-999.0
40.0,-54.0,-995.0
33.0,-121.0,-1026.0
23.0,-148.0,-1056.0
35.0,-162.0,-1034.0
39.0,-150.0,-1018.0
40.0,-113.0,-1007.0
39.0,-132.0,-995.0
27.0,-119.0,-1028.0
21.0,-93.0,-1044.0
21.0,-31.0,-1048.0
35.0,25.0,-1032.0
37.0,56.0,-1007.0
40.0,113.0,-997.0
39.0,101.0,-989.0
35.0,85.0,-991.0
35.0,56.0,-1015.0
25.0,1.0,-1032.0
48.0,-40.0,-1007.0
39.0,-58.0,-1005.0
31.0,-56.0,-1005.0
33.0,-31.0,-985.0
3.0,25.0,-1028.0
27.0,40.0,-1028.0
11.0,74.0,-1013.0
25.0,66.0,-1011.0
19.0,78.0,-1030.0
7.0,171.0,-1020.0
-3.0,191.0,-1020.0
-5.0,284.0,-1018.0
11.0,296.0,-987.0
-7.0,218.0,-1011.0
9.0,181.0,-1026.0
13.0,107.0,-1052.0
7.0,85.0,-1075.0
25.0,60.0,-1077.0
25.0,80.0,-1057.0
23.0,105.0,-1011.0
21.0,115.0,-1042.0
-11.0,115.0,-1050.0
-25.0,124.0,-1073.0
-11.0,150.0,-1069.0
-15.0,163.0,-1057.0
15.0,220.0,-1015.0
5.0,327.0,-1018.0
19.0,351.0,-997.0
29.0,265.0,-993.0
31.0,173.0,-1009.0
21.0,103.0,-1022.0
27.0,83.0,-1030.0
33.0,60.0,-1030.0
33.0,31.0,-1032.0
27.0,42.0,-1007.0
23.0,119.0,-1018.0
13.0,175.0,-1013.0
7.0,163.0,-1003.0
-29.0,158.0,-1005.0
-19.0,117.0,-1018.0
-9.0,124.0,-1044.0
-15.0,222.0,-1036.0
-31.0,273.0,-1018.0
17.0,267.0,-985.0
-1.0,204.0,-999.0
-7.0,122.0,-1018.0
-3.0,-9.0,-1018.0
1.0,-42.0,-1056.0
0.0,-72.0,-1071.0
11.0,-44.0,-1034.0
23.0,-5.0,-1026.0
27.0,-44.0,-1015.0
15.0,-37.0,-1013.0
-15.0,-39.0,-1038.0
-3.0,-56.0,-1056.0
-3.0,-19.0,-1034.0
29.0,-11.0,-1013.0
11.0,81.0,-1007.0
44.0,81.0,-983.0
37.0,83.0,-989.0
39.0,35.0,-1007.0
50.0,-99.0,-1005.0
44.0,-158.0,-1013.0
40.0,-208.0,-1036.0
56.0,-197.0,-1011.0
58.0,-230.0,-1022.0
37.0,-224.0,-1024.0
35.0,-167.0,-1011.0
33.0,-93.0,-989.0
15.0,-21.0,-1011.0
29.0,-97.0,-1003.0
0.0,-103.0,-1020.0
1.0,-17.0,-1018.0
-17.0,72.0,-1011.0
29.0,80.0,-993.0
21.0,39.0,-1001.0
37.0,17.0,-1003.0
27.0,-5.0,-1003.0
35.0,-128.0,-1034.0
25.0,-187.0,-1048.0
37.0,-158.0,-1020.0
33.0,-97.0,-1007.0
37.0,-169.0,-1001.0
15.0,-187.0,-1018.0
25.0,-150.0,-1032.0
15.0,-81.0,-1048.0
21.0,-23.0,-1042.0
37.0,17.0,-1005.0
33.0,58.0,-989.0
42.0,23.0,-989.0
58.0,1.0,-999.0
39.0,-1.0,-1030.0
48.0,-37.0,-1036.0
54.0,-80.0,-1036.0
56.0,-95.0,-1026.0
44.0,-136.0,-1009.0
37.0,-115.0,-1007.0
31.0,-78.0,-1042.0
11.0,-31.0,-1034.0
25.0,-15.0,-1032.0
-13.0,52.0,-1046.0
9.0,70.0,-1007.0
-11.0,85.0,-999.0
-3.0,93.0,-1034.0
-29.0,175.0,-1007.0
-25.0,185.0,-1011.0
-15.0,162.0,-1026.0
-9.0,121.0,-1018.0
-7.0,99.0,-1026.0
-5.0,74.0,-1038.0
7.0,39.0,-1040.0
17.0,60.0,-1013.0
-13.0,107.0,-1003.0
3.0,80.0,-1018.0
-13.0,64.0,-1026.0
-9.0,7.0,-1044.0
-5.0,134.0,-1034.0
7.0,210.0,-1028.0
31.0,263.0,-983.0
33.0,232.0,-997.0
33.0,214.0,-997.0
35.0,179.0,-1001.0
29.0,105.0,-1028.0
31.0,72.0,-1036.0
37.0,11.0,-1022.0
35.0,103.0,-997.0
37.0,99.0,-995.0
37.0,64.0,-991.0
19.0,40.0,-1003.0
-1.0,48.0,-1048.0
-11.0,93.0,-1038.0
-13.0,181.0,-1042.0
5.0,236.0,-1028.0
15.0,230.0,-1007.0
21.0,245.0,-1011.0
0.0,269.0,-1036.0
0.0,191.0,-1024.0
0.0,111.0,-1056.0
-21.0,83.0,-1067.0
13.0,83.0,-1048.0
25.0,-11.0,-1046.0
25.0,-62.0,-1028.0
19.0,37.0,-1040.0
0.0,58.0,-1042.0
-9.0,91.0,-1042.0
0.0,-23.0,-1063.0
15.0,-40.0,-1056.0
7.0,7.0,-1036.0
31.0,81.0,-1024.0
37.0,99.0,-1007.0
35.0,117.0,-1013.0
40.0,74.0,-1028.0
37.0,27.0,-1011.0
37.0,-105.0,-1020.0
42.0,-226.0,-1024.0
44.0,-220.0,-1024.0
52.0,-216.0,-1003.0
54.0,-220.0,-1005.0
44.0,-199.0,-1018.0
37.0,-181.0,-1011.0
31.0,-142.0,-989.0
13.0,-78.0,-1005.0
21.0,-66.0,-999.0
5.0,42.0,-981.0
15.0,-19.0,-997.0
9.0,-11.0,-985.0
7.0,-56.0,-985.0
5.0,-66.0,-1020.0
21.0,-68.0,-1018.0
31.0,-68.0,-1015.0
25.0,-107.0,-1013.0
25.0,-187.0,-1007.0
21.0,-212.0,-1018.0
15.0,-163.0,-1013.0
13.0,-85.0,-1038.0
23.0,-35.0,-1030.0
17.0,-44.0,-1026.0
29.0,-40.0,-1032.0
31.0,-33.0,-1009.0
35.0,13.0,-995.0
29.0,-9.0,-1024.0
37.0,-9.0,-1030.0
31.0,25.0,-1018.0
37.0,-33.0,-1042.0
42.0,-35.0,-1009.0
64.0,-136.0,-1001.0
42.0,-124.0,-1018.0
64.0,-148.0,-999.0
40.0,-83.0,-1013.0
27.0,-21.0,-1024.0
35.0,11.0,-1034.0
37.0,-35.0,-1018.0
17.0,0.0,-1015.0
27.0,46.0,-1005.0
9.0,93.0,-981.0
17.0,113.0,-1001.0
-3.0,89.0,-1011.0
19.0,39.0,-1011.0
-17.0,33.0,-1034.0
7.0,44.0,-1038.0
7.0,80.0,-1024.0
21.0,95.0,-1042.0
27.0,37.0,-1034.0
9.0,109.0,-1015.0
19.0,95.0,-1034.0
-7.0,101.0,-1026.0
0.0,95.0,-1034.0
1.0,62.0,-1048.0
3.0,128.0,-1032.0
7.0,216.0,-1030.0
25.0,216.0,-1020.0
31.0,187.0,-1009.0
23.0,146.0,-1026.0
37.0,140.0,-1028.0
29.0,111.0,-1030.0
35.0,68.0,-1044.0
35.0,33.0,-1034.0
33.0,74.0,-1050.0
56.0,78.0,-1015.0
29.0,136.0,-1018.0
35.0,156.0,-1030.0
13.0,119.0,-1018.0
17.0,134.0,-1042.0
-9.0,138.0,-1048.0
-1.0,199.0,-1001.0
-1.0,208.0,-1028.0
7.0,220.0,-1018.0
-29.0,199.0,-1001.0
-1.0,78.0,-1007.0
-35.0,13.0,-1042.0
-23.0,-5.0,-1046.0
-21.0,42.0,-1042.0
-13.0,-42.0,-1054.0
-7.0,-124.0,-1038.0
-21.0,-54.0,-1020.0
-5.0,48.0,-1030.0
-17.0,13.0,-1026.0
-7.0,-81.0,-1032.0
-11.0,-136.0,-1050.0
0.0,-40.0,-1028.0
5.0,-5.0,-1015.0
37.0,-23.0,-1015.0
35.0,-76.0,-1024.0
37.0,-109.0,-1018.0
37.0,-97.0,-1013.0
29.0,-171.0,-1030.0
44.0,-240.0,-1032.0
48.0,-333.0,-1007.0
42.0,-372.0,-1036.0
60.0,-374.0,-999.0
37.0,-308.0,-1003.0
35.0,-337.0,-1034.0
35.0,-341.0,-1020.0
21.0,-329.0,-1009.0
15.0,-331.0,-1016.0
19.0,-300.0,-995.0
23.0,-425.0,-1003.0
-1.0,-386.0,-1003.0
9.0,-443.0,-1018.0
-17.0,-480.0,-1044.0
-17.0,-509.0,-1048.0
1.0,-499.0,-1042.0
13.0,-472.0,-1036.0
9.0,-538.0,-1015.0
17.0,-651.0,-1015.0
7.0,-642.0,-1022.0
-3.0,-630.0,-1011.0
-1.0,-616.0,-1030.0
13.0,-669.0,-1018.0
-1.0,-648.0,-993.0
23.0,-560.0,-983.0
29.0,-488.0,-981.0
29.0,-532.0,-976.0
35.0,-644.0,-989.0
37.0,-677.0,-1011.0
37.0,-669.0,-993.0
50.0,-655.0,-995.0
52.0,-712.0,-1005.0
64.0,-712.0,-991.0
81.0,-626.0,-979.0
81.0,-585.0,-972.0
48.0,-587.0,-962.0
44.0,-648.0,-979.0
37.0,-636.0,-993.0
35.0,-609.0,-991.0
33.0,-569.0,-1001.0
35.0,-476.0,-993.0
31.0,-390.0,-979.0
37.0,-365.0,-974.0
33.0,-464.0,-966.0
25.0,-624.0,-976.0
3.0,-659.0,-999.0
9.0,-624.0,-1026.0
0.0,-568.0,-1054.0
15.0,-515.0,-1038.0
3.0,-409.0,-1005.0
42.0,-386.0,-983.0
1.0,-441.0,-983.0
21.0,-507.0,-997.0
-17.0,-486.0,-1040.0
-5.0,-462.0,-1056.0
1.0,-415.0,-1044.0
23.0,-411.0,-1034.0
39.0,-324.0,-997.0
27.0,-244.0,-991.0
40.0,-234.0,-1003.0
37.0,-284.0,-1030.0
23.0,-361.0,-1052.0
37.0,-472.0,-1052.0
37.0,-513.0,-1044.0
33.0,-491.0,-1054.0
33.0,-433.0,-1034.0
37.0,-327.0,-1013.0
33.0,-259.0,-1030.0
29.0,-228.0,-1018.0
23.0,-267.0,-1011.0
0.0,-284.0,-1022.0
3.0,-351.0,-1018.0
-19.0,-423.0,-1009.0
-21.0,-423.0,-1018.0
9.0,-361.0,-1018.0
5.0,-288.0,-1011.0
1.0,-230.0,-1024.0
7.0,-220.0,-1020.0
-1.0,-238.0,-1030.0
-23.0,-251.0,-1042.0
-17.0,-355.0,-1030.0
-5.0,-443.0,-1026.0
-7.0,-486.0,-1044.0
17.0,-423.0,-1005.0
13.0,-365.0,-1011.0
9.0,-296.0,-1018.0
11.0,-312.0,-1001.0
-1.0,-337.0,-1011.0
-9.0,-448.0,-1026.0
-15.0,-536.0,-1005.0
-29.0,-569.0,-1005.0
-21.0,-536.0,-1011.0
5.0,-523.0,-1015.0
-3.0,-480.0,-1030.0
19.0,-503.0,-1030.0
25.0,-488.0,-1024.0
17.0,-564.0,-1018.0
19.0,-610.0,-1018.0
17.0,-636.0,-1032.0
0.0,-566.0,-1042.0
0.0,-538.0,-1040.0
5.0,-556.0,-1013.0
23.0,-634.0,-1005.0
21.0,-683.0,-987.0
23.0,-771.0,-977.0
-1.0,-825.0,-989.0
1.0,-806.0,-995.0
-13.0,-759.0,-1018.0
11.0,-696.0,-997.0
1.0,-657.0,-983.0
33.0,-626.0,-966.0
37.0,-655.0,-938.0
21.0,-669.0,-966.0
23.0,-710.0,-987.0
25.0,-687.0,-989.0
37.0,-733.0,-979.0
35.0,-796.0,-991.0
50.0,-878.0,-966.0
37.0,-886.0,-995.0
58.0,-878.0,-974.0
37.0,-835.0,-983.0
42.0,-845.0,-1018.0
35.0,-798.0,-1034.0
39.0,-704.0,-1011.0
39.0,-663.0,-1011.0
44.0,-650.0,-991.0
52.0,-667.0,-995.0
62.0,-667.0,-1020.0
44.0,-720.0,-1018.0
62.0,-741.0,-1022.0
60.0,-792.0,-1028.0
58.0,-753.0,-1011.0
48.0,-800.0,-1007.0
37.0,-771.0,-997.0
42.0,-853.0,-1015.0
21.0,-823.0,-1007.0
29.0,-722.0,-993.0
11.0,-673.0,-1018.0
17.0,-548.0,-1013.0
17.0,-476.0,-1018.0
-1.0,-527.0,-1007.0
15.0,-601.0,-1005.0
11.0,-663.0,-1018.0
-7.0,-622.0,-1011.0
37.0,-728.0,-1003.0
-15.0,-550.0,-1042.0
27.0,-435.0,-1020.0
-23.0,-532.0,-1001.0
33.0,-528.0,-1001.0
7.0,-769.0,-1009.0
-9.0,-501.0,-1011.0
37.0,-515.0,-1011.0
-29.0,-384.0,-1034.0
52.0,-372.0,-997.0
-23.0,-368.0,-1022.0
35.0,-325.0,-985.0
19.0,-441.0,-1015.0
13.0,-556.0,-999.0
19.0,-550.0,-1005.0
13.0,-560.0,-1022.0
13.0,-421.0,-1024.0
42.0,-480.0,-989.0
-21.0,-527.0,-1011.0
37.0,-509.0,-993.0
-39.0,-587.0,-1024.0
5.0,-464.0,-1015.0
-7.0,-542.0,-1020.0
-19.0,-415.0,-1028.0
25.0,-306.0,-1024.0
-35.0,-296.0,-999.0
11.0,-409.0,-1015.0
-7.0,-423.0,-1015.0
5.0,-542.0,-1009.0
-7.0,-509.0,-1020.0
7.0,-550.0,-1018.0
-23.0,-544.0,-1018.0
11.0,-454.0,-1018.0
-13.0,-515.0,-1001.0
-27.0,-538.0,-1020.0
-7.0,-630.0,-1018.0
-23.0,-696.0,-1001.0
0.0,-624.0,-1026.0
15.0,-601.0,-1026.0
-23.0,-491.0,-1022.0
33.0,-445.0,-1007.0
-5.0,-470.0,-1028.0
31.0,-550.0,-993.0
0.0,-651.0,-1032.0
25.0,-534.0,-1015.0
15.0,-739.0,-999.0
-11.0,-577.0,-1024.0
62.0,-651.0,-1001.0
-9.0,-622.0,-1016.0
56.0,-620.0,-983.0
-11.0,-837.0,-1022.0
23.0,-749.0,-983.0
37.0,-743.0,-995.0
-5.0,-714.0,-981.0
29.0,-638.0,-983.0
7.0,-628.0,-1001.0
13.0,-562.0,-979.0
58.0,-630.0,-974.0
27.0,-743.0,-997.0
56.0,-673.0,-974.0
39.0,-745.0,-1001.0
39.0,-644.0,-1011.0
62.0,-706.0,-1007.0
13.0,-710.0,-1018.0
68.0,-655.0,-993.0
5.0,-743.0,-997.0
46.0,-710.0,-997.0
13.0,-661.0,-1003.0
21.0,-583.0,-997.0
29.0,-470.0,-1005.0
33.0,-488.0,-999.0
25.0,-433.0,-993.0
44.0,-450.0,-976.0
29.0,-443.0,-981.0
48.0,-480.0,-974.0
19.0,-491.0,-1001.0
50.0,-427.0,-995.0
37.0,-415.0,-1003.0
31.0,-409.0,-989.0
39.0,-448.0,-1011.0
21.0,-413.0,-985.0
37.0,-349.0,-991.0
21.0,-347.0,-1011.0
27.0,-228.0,-1007.0
35.0,-203.0,-1015.0
35.0,-99.0,-1009.0
37.0,-64.0,-1009.0
37.0,-156.0,-1009.0
35.0,-119.0,-1007.0
35.0,-140.0,-1024.0
31.0,-117.0,-1034.0
37.0,-107.0,-1038.0
23.0,-136.0,-1042.0
31.0,-48.0,-1030.0
31.0,-58.0,-1022.0
13.0,-74.0,-1026.0
33.0,-105.0,-1028.0
5.0,-99.0,-1046.0
17.0,-40.0,-1056.0
29.0,-37.0,-1042.0
0.0,31.0,-1046.0
33.0,17.0,-1044.0
1.0,87.0,-1030.0
19.0,62.0,-1036.0
5.0,60.0,-1038.0
1.0,66.0,-1034.0
7.0,50.0,-1056.0
-9.0,68.0,-1046.0
23.0,3.0,-1046.0
-15.0,48.0,-1040.0
9.0,33.0,-1024.0
-1.0,29.0,-1036.0
-11.0,21.0,-1042.0
1.0,19.0,-1042.0
-15.0,72.0,-1040.0
0.0,5.0,-1036.0
-13.0,23.0,-1022.0
-1.0,15.0,-1018.0
-5.0,31.0,-1009.0
-7.0,48.0,-1009.0
-13.0,-15.0,-1013.0
-19.0,25.0,-1001.0
-5.0,1.0,-1011.0
1.0,-7.0,-1003.0
5.0,-42.0,-1011.0
7.0,-60.0,-1011.0
9.0,-19.0,-1011.0
5.0,-74.0,-1022.0
3.0,-66.0,-1015.0
9.0,-111.0,-1018.0
11.0,-111.0,-1018.0
1.0,-140.0,-1011.0
13.0,-199.0,-1007.0
11.0,-189.0,-1015.0
23.0,-212.0,-1015.0
21.0,-199.0,-1011.0
21.0,-218.0,-1015.0
23.0,-208.0,-1011.0
23.0,-191.0,-999.0
29.0,-226.0,-1011.0
19.0,-210.0,-1018.0
21.0,-244.0,-1022.0
15.0,-222.0,-1020.0
21.0,-232.0,-1024.0
33.0,-255.0,-1018.0
25.0,-253.0,-1011.0
33.0,-294.0,-1007.0
25.0,-283.0,-1013.0
33.0,-341.0,-1015.0
31.0,-304.0,-1013.0
35.0,-288.0,-1009.0
35.0,-277.0,-989.0
33.0,-257.0,-997.0
39.0,-288.0,-999.0
29.0,-244.0,-999.0
37.0,-261.0,-1011.0
35.0,-251.0,-1003.0
37.0,-261.0,-1007.0
35.0,-249.0,-1007.0
31.0,-218.0,-1011.0
39.0,-247.0,-1001.0
35.0,-234.0,-1003.0
39.0,-245.0,-1018.0
33.0,-216.0,-1003.0
37.0,-212.0,-1011.0
35.0,-224.0,-1011.0
33.0,-167.0,-1013.0
42.0,-179.0,-1018.0
37.0,-136.0,-1007.0
37.0,-154.0,-1013.0
37.0,-119.0,-1015.0
37.0,-101.0,-1013.0
37.0,-115.0,-1028.0
35.0,-72.0,-1028.0
37.0,-81.0,-1030.0
35.0,-31.0,-1015.0
40.0,-52.0,-1028.0
31.0,-37.0,-1028.0
29.0,-25.0,-1026.0
35.0,-29.0,-1028.0
25.0,-13.0,-1034.0
37.0,-25.0,-1030.0
29.0,42.0,-1034.0
25.0,40.0,-1038.0
27.0,64.0,-1022.0
27.0,80.0,-1028.0
27.0,60.0,-1036.0
15.0,97.0,-1020.0
27.0,62.0,-1032.0
15.0,89.0,-1028.0
15.0,83.0,-1028.0
5.0,109.0,-1018.0
3.0,130.0,-1026.0
11.0,107.0,-1026.0
-3.0,144.0,-1034.0
11.0,89.0,-1030.0
-5.0,146.0,-1030.0
-3.0,132.0,-1032.0
1.0,130.0,-1018.0
-15.0,156.0,-1026.0
5.0,132.0,-1024.0
-7.0,179.0,-1015.0
7.0,134.0,-1024.0
-7.0,163.0,-1020.0
-7.0,146.0,-1026.0
-7.0,136.0,-1024.0
-3.0,152.0,-1026.0
9.0,119.0,-1022.0
-1.0,158.0,-1013.0
-1.0,111.0,-1030.0
3.0,132.0,-1013.0
-1.0,122.0,-1030.0
-1.0,93.0,-1020.0
0.0,119.0,-1020.0
7.0,68.0,-1020.0
1.0,91.0,-1018.0
15.0,44.0,-1015.0
13.0,66.0,-1020.0
7.0,46.0,-1034.0
11.0,19.0,-1022.0
11.0,44.0,-1018.0
21.0,-11.0,-1024.0
25.0,19.0,-1009.0
13.0,-27.0,-1024.0
15.0,-33.0,-1020.0
15.0,-46.0,-1026.0
21.0,-74.0,-1026.0
5.0,-48.0,-1030.0
23.0,-99.0,-1024.0
19.0,-70.0,-1018.0
29.0,-111.0,-1026.0
29.0,-111.0,-1020.0
27.0,-103.0,-1026.0
29.0,-158.0,-1024.0
25.0,-111.0,-1018.0
35.0,-165.0,-1020.0
29.0,-130.0,-1013.0
35.0,-162.0,-1022.0
33.0,-163.0,-1013.0
25.0,-152.0,-1013.0
35.0,-187.0,-1020.0
29.0,-154.0,-1011.0
37.0,-201.0,-1022.0
33.0,-171.0,-1015.0
37.0,-197.0,-1015.0
39.0,-193.0,-997.0
35.0,-169.0,-1011.0
40.0,-191.0,-1011.0
31.0,-146.0,-997.0
37.0,-185.0,-1009.0
33.0,-165.0,-991.0
29.0,-177.0,-1003.0
37.0,-165.0,-1001.0
33.0,-142.0,-1007.0
40.0,-163.0,-995.0
31.0,-128.0,-1011.0
42.0,-154.0,-1018.0
35.0,-119.0,-1011.0
37.0,-134.0,-1011.0
37.0,-140.0,-1011.0
29.0,-95.0,-1013.0
37.0,-119.0,-1020.0
33.0,-64.0,-1011.0
37.0,-80.0,-1018.0
31.0,-48.0,-1020.0
27.0,-52.0,-1020.0
35.0,-46.0,-1022.0
23.0,-15.0,-1015.0
29.0,-42.0,-1026.0
31.0,13.0,-1018.0
33.0,-7.0,-1022.0
29.0,29.0,-1018.0
31.0,39.0,-1032.0
31.0,23.0,-1024.0
27.0,64.0,-1026.0
29.0,35.0,-1036.0
21.0,83.0,-1028.0
23.0,66.0,-1040.0
23.0,89.0,-1026.0
9.0,103.0,-1038.0
21.0,89.0,-1022.0
7.0,132.0,-1024.0
17.0,97.0,-1030.0
9.0,136.0,-1026.0
15.0,119.0,-1026.0
13.0,128.0,-1013.0
9.0,148.0,-1040.0
19.0,126.0,-1015.0
-5.0,163.0,-1026.0
21.0,134.0,-1026.0
15.0,163.0,-1024.0
9.0,154.0,-1026.0
21.0,160.0,-1020.0
5.0,171.0,-1026.0
13.0,140.0,-1022.0
-1.0,173.0,-1011.0
13.0,132.0,-1020.0
7.0,152.0,-1020.0
7.0,142.0,-1032.0
15.0,140.0,-1018.0
11.0,152.0,-1020.0
15.0,115.0,-1018.0
1.0,146.0,-1024.0
21.0,101.0,-1030.0
17.0,119.0,-1022.0
13.0,105.0,-1024.0
17.0,70.0,-1015.0
11.0,105.0,-1013.0
17.0,68.0,-1018.0
17.0,87.0,-1011.0
23.0,54.0,-1026.0
11.0,68.0,-1022.0
17.0,46.0,-1018.0
21.0,25.0,-1020.0
21.0,42.0,-1018.0
23.0,-1.0,-1028.0
31.0,27.0,-1024.0
19.0,-3.0,-1020.0
21.0,0.0,-1018.0
29.0,-19.0,-1026.0
25.0,-35.0,-1030.0
21.0,-29.0,-1024.0
31.0,-72.0,-1030.0
15.0,-40.0,-1032.0
31.0,-74.0,-1022.0
33.0,-66.0,-1022.0
23.0,-68.0,-1030.0
31.0,-99.0,-1030.0
25.0,-68.0,-1020.0
25.0,-115.0,-1015.0
25.0,-93.0,-1007.0
31.0,-113.0,-1022.0
35.0,-115.0,-1018.0
29.0,-111.0,-1018.0
29.0,-144.0,-1013.0
27.0,-113.0,-1005.0
33.0,-152.0,-1009.0
33.0,-134.0,-1005.0
29.0,-144.0,-1011.0
35.0,-152.0,-1007.0
29.0,-130.0,-1013.0
35.0,-150.0,-1007.0
31.0,-101.0,-1001.0
37.0,-142.0,-993.0
33.0,-117.0,-993.0
27.0,-122.0,-1018.0
37.0,-126.0,-1005.0
33.0,-95.0,-1009.0
29.0,-136.0,-1009.0
29.0,-76.0,-1003.0
33.0,-111.0,-1013.0
31.0,-81.0,-1011.0
25.0,-81.0,-1015.0
33.0,-76.0,-1018.0
25.0,-42.0,-1022.0
29.0,-72.0,-1018.0
29.0,-25.0,-1020.0
31.0,-46.0,-1026.0
33.0,-13.0,-1011.0
23.0,-11.0,-1026.0
37.0,-17.0,-1024.0
27.0,19.0,-1015.0
37.0,-9.0,-1020.0
25.0,35.0,-1009.0
27.0,17.0,-1030.0
31.0,44.0,-1022.0
29.0,48.0,-1026.0
29.0,42.0,-1022.0
19.0,95.0,-1020.0
33.0,58.0,-1030.0
15.0,97.0,-1026.0
33.0,87.0,-1028.0
17.0,95.0,-1028.0
25.0,111.0,-1026.0
25.0,89.0,-1032.0
15.0,130.0,-1032.0
19.0,95.0,-1030.0
15.0,140.0,-1015.0
17.0,122.0,-1030.0
15.0,124.0,-1026.0
13.0,140.0,-1026.0
13.0,111.0,-1022.0
0.0,163.0,-1020.0
21.0,130.0,-1024.0
5.0,154.0,-1018.0
11.0,136.0,-1024.0
19.0,138.0,-1015.0
17.0,154.0,-1026.0
21.0,113.0,-1026.0
15.0,148.0,-1013.0
19.0,101.0,-1020.0
9.0,130.0,-1020.0
15.0,115.0,-1022.0
19.0,105.0,-1022.0
17.0,126.0,-1026.0
15.0,78.0,-1026.0
0.0,111.0,-1011.0
13.0,87.0,-1024.0
15.0,97.0,-1015.0
11.0,89.0,-1020.0
17.0,72.0,-1026.0
15.0,95.0,-1024.0
23.0,46.0,-1018.0
21.0,83.0,-1026.0
29.0,33.0,-1026.0
19.0,37.0,-1007.0
27.0,33.0,-1022.0
31.0,5.0,-1022.0
23.0,35.0,-1020.0
29.0,-11.0,-1024.0
25.0,17.0,-1013.0
25.0,-23.0,-1022.0
21.0,-13.0,-1020.0
13.0,-9.0,-1026.0
19.0,-35.0,-1028.0
23.0,-7.0,-1024.0
25.0,-48.0,-1028.0
27.0,-31.0,-1022.0
21.0,-60.0,-1018.0
27.0,-68.0,-1018.0
25.0,-66.0,-1026.0
25.0,-101.0,-1030.0
31.0,-72.0,-1018.0
29.0,-99.0,-1024.0
31.0,-87.0,-1009.0
31.0,-85.0,-1009.0
27.0,-107.0,-1005.0
27.0,-81.0,-1020.0
37.0,-115.0,-1013.0
29.0,-80.0,-1015.0
29.0,-117.0,-1011.0
25.0,-93.0,-997.0
31.0,-109.0,-1007.0
35.0,-113.0,-1011.0
23.0,-93.0,-1011.0
31.0,-130.0,-1007.0
27.0,-85.0,-1007.0
29.0,-111.0,-1015.0
35.0,-64.0,-1011.0
33.0,-60.0,-1011.0
31.0,-70.0,-1007.0
25.0,-42.0,-1011.0
33.0,-72.0,-1015.0
29.0,-31.0,-1022.0
29.0,-56.0,-1018.0
23.0,-31.0,-1013.0
25.0,-21.0,-1020.0
35.0,-29.0,-1026.0
25.0,-9.0,-1022.0
27.0,-33.0,-1015.0
19.0,1.0,-1018.0
29.0,-13.0,-1026.0
29.0,5.0,-1015.0
23.0,29.0,-1020.0
29.0,3.0,-1015.0
15.0,52.0,-1028.0
27.0,15.0,-1018.0
17.0,58.0,-1015.0
27.0,39.0,-1020.0
29.0,48.0,-1011.0
23.0,66.0,-1018.0
33.0,39.0,-1020.0
25.0,99.0,-1018.0
29.0,46.0,-1032.0
25.0,78.0,-1020.0
29.0,60.0,-1032.0
15.0,76.0,-1022.0
11.0,99.0,-1022.0
19.0,68.0,-1011.0
7.0,119.0,-1022.0
15.0,76.0,-1032.0
7.0,115.0,-1015.0
15.0,109.0,-1032.0
15.0,99.0,-1022.0
21.0,121.0,-1022.0
29.0,93.0,-1015.0
13.0,128.0,-1013.0
25.0,99.0,-1020.0
19.0,119.0,-1024.0
25.0,119.0,-1028.0
29.0,95.0,-1018.0
13.0,111.0,-1022.0
27.0,66.0,-1028.0
31.0,89.0,-1034.0
27.0,70.0,-1040.0
29.0,87.0,-1018.0
27.0,91.0,-1028.0
29.0,83.0,-1022.0
21.0,89.0,-1020.0
25.0,56.0,-1020.0
11.0,83.0,-1024.0
17.0,44.0,-1032.0
21.0,64.0,-1020.0
23.0,60.0,-1024.0
21.0,33.0,-1020.0
23.0,64.0,-1028.0
37.0,15.0,-1034.0
23.0,31.0,-1015.0
27.0,3.0,-1034.0
19.0,11.0,-1028.0
23.0,9.0,-1034.0
23.0,-5.0,-1026.0
17.0,19.0,-1022.0
23.0,-17.0,-1032.0
9.0,5.0,-1022.0
11.0,-23.0,-1028.0
21.0,-23.0,-1024.0
9.0,-7.0,-1013.0
27.0,-40.0,-1020.0
11.0,-7.0,-1009.0
19.0,-58.0,-1026.0
15.0,-35.0,-1018.0
17.0,-54.0,-1034.0
25.0,-66.0,-1018.0
11.0,-50.0,-1022.0
33.0,-81.0,-1009.0
23.0,-44.0,-1007.0
35.0,-68.0,-1018.0
33.0,-31.0,-1003.0
29.0,-54.0,-1005.0
33.0,-66.0,-1015.0
15.0,-54.0,-1007.0
25.0,-85.0,-999.0
27.0,-66.0,-1001.0
25.0,-107.0,-1026.0
29.0,-58.0,-1009.0
33.0,-21.0,-1007.0
35.0,-27.0,-1007.0
21.0,-60.0,-1005.0
29.0,-117.0,-1003.0
23.0,-56.0,-1013.0
25.0,-50.0,-1028.0
19.0,-37.0,-1036.0
0.0,-19.0,-1038.0
37.0,-9.0,-1003.0
31.0,25.0,-1003.0
37.0,-37.0,-1011.0
35.0,-25.0,-1018.0
35.0,-27.0,-1044.0
35.0,25.0,-1040.0
31.0,3.0,-1024.0
29.0,-35.0,-1026.0
15.0,7.0,-1022.0
33.0,5.0,-1018.0
29.0,29.0,-1018.0
35.0,1.0,-1038.0
31.0,25.0,-1024.0
21.0,80.0,-1026.0
35.0,39.0,-1015.0
29.0,40.0,-1011.0
23.0,9.0,-1030.0
9.0,78.0,-1024.0
33.0,83.0,-1034.0
29.0,42.0,-1024.0
17.0,0.0,-1013.0
21.0,-7.0,-1009.0
21.0,91.0,-1020.0
23.0,81.0,-1032.0
13.0,97.0,-1024.0
9.0,81.0,-1032.0
25.0,85.0,-1003.0
1.0,78.0,-1015.0
17.0,-11.0,-1015.0
9.0,11.0,-1007.0
9.0,78.0,-1034.0
9.0,183.0,-1028.0
21.0,128.0,-1015.0
29.0,50.0,-1001.0
-3.0,54.0,-1015.0
11.0,66.0,-1009.0
-3.0,113.0,-1036.0
19.0,33.0,-1042.0
21.0,48.0,-1018.0
17.0,89.0,-1018.0
35.0,70.0,-1013.0
25.0,68.0,-1011.0
29.0,33.0,-1024.0
17.0,113.0,-1028.0
37.0,93.0,-1030.0
25.0,46.0,-1013.0
27.0,-15.0,-1011.0
25.0,0.0,-1022.0
7.0,78.0,-1028.0
15.0,42.0,-1034.0
3.0,64.0,-1022.0
15.0,44.0,-1026.0
15.0,52.0,-1005.0
23.0,27.0,-1011.0
17.0,-31.0,-1020.0
3.0,7.0,-1026.0
17.0,11.0,-1040.0
23.0,54.0,-1018.0
25.0,15.0,-1026.0
29.0,-5.0,-1011.0
31.0,-5.0,-1020.0
29.0,-35.0,-1026.0
29.0,5.0,-1026.0
35.0,-33.0,-1034.0
31.0,0.0,-1022.0
31.0,-1.0,-1028.0
31.0,-19.0,-1011.0
27.0,-29.0,-1018.0
33.0,-58.0,-1030.0
19.0,-9.0,-1026.0
23.0,-48.0,-1032.0
21.0,-19.0,-1020.0
15.0,-29.0,-1024.0
21.0,-35.0,-1015.0
25.0,-37.0,-1022.0
21.0,-70.0,-1022.0
23.0,-27.0,-1013.0
27.0,-64.0,-1022.0
33.0,-46.0,-1003.0
29.0,-40.0,-1015.0
33.0,-39.0,-1018.0
35.0,0.0,-1007.0
37.0,-35.0,-1009.0
29.0,-11.0,-1001.0
33.0,-37.0,-1011.0
29.0,-23.0,-995.0
31.0,-25.0,-1013.0
35.0,-33.0,-1018.0
31.0,3.0,-1018.0
27.0,-21.0,-1011.0
29.0,5.0,-1013.0
27.0,-11.0,-1024.0
23.0,-3.0,-1022.0
15.0,7.0,-1032.0
29.0,-15.0,-1030.0
19.0,11.0,-1030.0
29.0,-11.0,-1024.0
25.0,27.0,-1018.0
25.0,-5.0,-1042.0
27.0,13.0,-1030.0
17.0,21.0,-1046.0
23.0,-3.0,-1022.0
27.0,35.0,-1013.0
25.0,-1.0,-1022.0
29.0,31.0,-1018.0
27.0,31.0,-1026.0
31.0,40.0,-1015.0
25.0,44.0,-1028.0
33.0,15.0,-1016.0
23.0,64.0,-1015.0
35.0,29.0,-1030.0
27.0,56.0,-1011.0
21.0,37.0,-1020.0
23.0,19.0,-1009.0
15.0,50.0,-1007.0
23.0,25.0,-1015.0
7.0,70.0,-1015.0
21.0,35.0,-1022.0
17.0,62.0,-1005.0
21.0,58.0,-1024.0
19.0,44.0,-1013.0
17.0,87.0,-1018.0
17.0,50.0,-1026.0
17.0,87.0,-1028.0
29.0,52.0,-1026.0
17.0,66.0,-1018.0
25.0,70.0,-1020.0
21.0,52.0,-1018.0
9.0,81.0,-1024.0
23.0,39.0,-1020.0
21.0,70.0,-1026.0
17.0,33.0,-1030.0
29.0,25.0,-1024.0
17.0,39.0,-1024.0
31.0,17.0,-1016.0
3.0,50.0,-1028.0
21.0,19.0,-1042.0
15.0,48.0,-1036.0
15.0,27.0,-1024.0
25.0,39.0,-1018.0
19.0,46.0,-1013.0
21.0,11.0,-1005.0
19.0,52.0,-1018.0
23.0,-1.0,-1018.0
19.0,31.0,-1011.0
21.0,5.0,-1015.0
25.0,17.0,-1011.0
15.0,31.0,-1022.0
35.0,5.0,-1022.0
25.0,31.0,-1026.0
37.0,-17.0,-1024.0
31.0,13.0,-1011.0
31.0,-23.0,-1020.0
33.0,-11.0,-1011.0
23.0,11.0,-1018.0
25.0,-19.0,-1018.0
15.0,21.0,-1011.0
23.0,-17.0,-1026.0
23.0,-1.0,-1013.0
15.0,-19.0,-1018.0
29.0,-25.0,-1015.0
23.0,-5.0,-1015.0
37.0,-35.0,-1018.0
27.0,-3.0,-1018.0
31.0,-33.0,-1018.0
33.0,-11.0,-1026.0
27.0,-19.0,-1026.0
35.0,-35.0,-1024.0
27.0,0.0,-1026.0
37.0,-39.0,-1024.0
29.0,-3.0,-1020.0
25.0,-33.0,-1026.0
33.0,-15.0,-1016.0
23.0,-15.0,-1024.0
25.0,-15.0,-1013.0
21.0,1.0,-1015.0
23.0,-31.0,-1022.0
13.0,13.0,-1018.0
19.0,-13.0,-1024.0
27.0,0.0,-1022.0
27.0,-1.0,-1030.0
31.0,-11.0,-1020.0
19.0,13.0,-1015.0
29.0,-5.0,-1013.0
27.0,13.0,-1007.0
29.0,3.0,-1024.0
29.0,13.0,-1032.0
21.0,21.0,-1022.0
23.0,-1.0,-1020.0
11.0,40.0,-1022.0
27.0,1.0,-1018.0
25.0,23.0,-1013.0
19.0,17.0,-1020.0
31.0,23.0,-1018.0
23.0,44.0,-1013.0
21.0,19.0,-1018.0
21.0,50.0,-1020.0
23.0,13.0,-1022.0
17.0,42.0,-1018.0
31.0,25.0,-1026.0
17.0,23.0,-1015.0
19.0,50.0,-1015.0
19.0,19.0,-1015.0
15.0,60.0,-1011.0
27.0,35.0,-1020.0
21.0,62.0,-1020.0
29.0,44.0,-1028.0
29.0,37.0,-1011.0
27.0,52.0,-1024.0
37.0,23.0,-1028.0
29.0,64.0,-1024.0
33.0,29.0,-1020.0
29.0,46.0,-1011.0
29.0,46.0,-1020.0
27.0,29.0,-1011.0
11.0,58.0,-1018.0
15.0,29.0,-1022.0
15.0,56.0,-1022.0
15.0,31.0,-1020.0
21.0,37.0,-1015.0
17.0,39.0,-1015.0
27.0,15.0,-1013.0
19.0,46.0,-1020.0
27.0,1.0,-1026.0
23.0,40.0,-1011.0
29.0,15.0,-1030.0
35.0,23.0,-1013.0
23.0,31.0,-1022.0
29.0,1.0,-1028.0
27.0,31.0,-1022.0
33.0,-5.0,-1028.0
19.0,31.0,-1022.0
15.0,1.0,-1024.0
21.0,9.0,-1022.0
21.0,31.0,-1026.0
21.0,-9.0,-1026.0
15.0,33.0,-1024.0
23.0,-13.0,-1024.0
17.0,11.0,-1022.0
27.0,-1.0,-1028.0
31.0,-1.0,-1022.0
21.0,13.0,-1032.0
27.0,-19.0,-1022.0
25.0,17.0,-1020.0
31.0,-19.0,-1026.0
21.0,-1.0,-1005.0
23.0,-3.0,-1024.0
35.0,-13.0,-1018.0
23.0,13.0,-1022.0
33.0,-15.0,-1020.0
29.0,9.0,-1009.0
29.0,-19.0,-1018.0
23.0,5.0,-1015.0
27.0,-3.0,-1018.0
19.0,-13.0,-1015.0
23.0,9.0,-1011.0
27.0,-25.0,-1011.0
23.0,5.0,-1011.0
31.0,-25.0,-1020.0
21.0,-3.0,-1013.0
15.0,3.0,-1024.0
21.0,-19.0,-1022.0
7.0,21.0,-1018.0
31.0,-19.0,-1013.0
21.0,11.0,-1005.0
21.0,-5.0,-1020.0
21.0,11.0,-1020.0
27.0,21.0,-1018.0
29.0,-7.0,-1015.0
29.0,23.0,-1009.0
29.0,-13.0,-1022.0
29.0,17.0,-1013.0
29.0,5.0,-1026.0
21.0,11.0,-1020.0
25.0,29.0,-1018.0
29.0,1.0,-1015.0
29.0,35.0,-1013.0
29.0,1.0,-1018.0
25.0,29.0,-1013.0
27.0,15.0,-1022.0
31.0,19.0,-1020.0
25.0,37.0,-1018.0
33.0,13.0,-1015.0
29.0,54.0,-1020.0
25.0,13.0,-1030.0
23.0,35.0,-1020.0
23.0,31.0,-1026.0
23.0,21.0,-1024.0
27.0,42.0,-1018.0
29.0,15.0,-1026.0
21.0,50.0,-1028.0
35.0,21.0,-1024.0
21.0,48.0,-1024.0
13.0,37.0,-1034.0
23.0,15.0,-1026.0
29.0,42.0,-1022.0
17.0,17.0,-1026.0
19.0,58.0,-1018.0
25.0,25.0,-1024.0
27.0,29.0,-1026.0
21.0,37.0,-1020.0
27.0,17.0,-1018.0
11.0,40.0,-1018.0
21.0,7.0,-1018.0
17.0,42.0,-1015.0
29.0,17.0,-1022.0
31.0,33.0,-1009.0
19.0,42.0,-1015.0
33.0,25.0,-1018.0
25.0,46.0,-1015.0
37.0,0.0,-1022.0
31.0,35.0,-1013.0
29.0,7.0,-1018.0
21.0,21.0,-1013.0
25.0,27.0,-1015.0
27.0,-1.0,-1018.0
17.0,31.0,-1011.0
23.0,-1.0,-1022.0
13.0,29.0,-1003.0
21.0,7.0,-1011.0
15.0,1.0,-1026.0
21.0,19.0,-1028.0
29.0,-3.0,-1026.0
17.0,33.0,-1030.0
29.0,-7.0,-1020.0
23.0,13.0,-1018.0
35.0,-11.0,-1026.0
35.0,-5.0,-1018.0
25.0,21.0,-1018.0
35.0,-9.0,-1030.0
23.0,25.0,-1018.0
35.0,-13.0,-1018.0
23.0,5.0,-1018.0
25.0,-9.0,-1015.0
31.0,-11.0,-1015.0
29.0,13.0,-1028.0
25.0,-15.0,-1028.0
29.0,15.0,-1013.0
35.0,-15.0,-1011.0
25.0,5.0,-1015.0
31.0,-7.0,-1020.0
23.0,-11.0,-1026.0
25.0,21.0,-1024.0
31.0,-7.0,-1015.0
27.0,29.0,-1009.0
31.0,0.0,-1020.0
29.0,13.0,-1011.0
29.0,7.0,-1015.0
21.0,0.0,-1028.0
27.0,31.0,-1034.0
29.0,1.0,-1028.0
23.0,33.0,-1013.0
33.0,1.0,-1020.0
21.0,13.0,-1026.0
25.0,17.0,-1034.0
29.0,1.0,-1034.0
15.0,25.0,-1020.0
29.0,-7.0,-1022.0
21.0,29.0,-1007.0
31.0,9.0,-1018.0
21.0,15.0,-1028.0
23.0,29.0,-1022.0
33.0,5.0,-1011.0
25.0,37.0,-1011.0
27.0,11.0,-1009.0
17.0,31.0,-1018.0
29.0,17.0,-1015.0
29.0,11.0,-1013.0
25.0,31.0,-1009.0
33.0,1.0,-1005.0
17.0,46.0,-1011.0
27.0,1.0,-1018.0
15.0,31.0,-1011.0
21.0,25.0,-1030.0
25.0,19.0,-1016.0
17.0,42.0,-1011.0
23.0,9.0,-1018.0
17.0,44.0,-1003.0
23.0,11.0,-1024.0
13.0,33.0,-1026.0
15.0,35.0,-1020.0
11.0,7.0,-1022.0
23.0,40.0,-1013.0
31.0,5.0,-1011.0
21.0,39.0,-1020.0
29.0,11.0,-1030.0
25.0,27.0,-1018.0
23.0,29.0,-1020.0
17.0,11.0,-1018.0
15.0,46.0,-1013.0
31.0,7.0,-1018.0
17.0,33.0,-1015.0
27.0,17.0,-1018.0
33.0,19.0,-1011.0
21.0,21.0,-1015.0
29.0,-7.0,-1026.0
25.0,31.0,-1013.0
25.0,0.0,-1018.0
29.0,19.0,-1009.0
31.0,5.0,-1022.0
29.0,7.0,-1011.0
21.0,19.0,-1015.0
17.0,-1.0,-1030.0
17.0,25.0,-1018.0
33.0,-1.0,-1038.0
25.0,25.0,-1015.0
23.0,3.0,-1024.0
31.0,5.0,-1015.0
15.0,23.0,-1018.0
31.0,-7.0,-1030.0
23.0,33.0,-1028.0
31.0,-9.0,-1030.0
29.0,11.0,-1018.0
27.0,-3.0,-1024.0
31.0,0.0,-1026.0
27.0,25.0,-1018.0
29.0,0.0,-1022.0
17.0,27.0,-1024.0
31.0,5.0,-1018.0
21.0,23.0,-1015.0
21.0,9.0,-1018.0
23.0,7.0,-1015.0
17.0,31.0,-1013.0
29.0,-15.0,-1026.0
23.0,25.0,-1007.0
27.0,-9.0,-1015.0
27.0,13.0,-1020.0
27.0,11.0,-1022.0
35.0,0.0,-1018.0
21.0,23.0,-1022.0
31.0,-7.0,-1018.0
21.0,17.0,-1011.0
31.0,-9.0,-1026.0
17.0,5.0,-1018.0
23.0,15.0,-1015.0
29.0,1.0,-1015.0
19.0,23.0,-1011.0
31.0,-1.0,-1011.0
15.0,42.0,-1007.0
19.0,23.0,-1009.0
19.0,37.0,-1007.0
21.0,52.0,-997.0
27.0,37.0,-983.0
25.0,78.0,-987.0
29.0,44.0,-989.0
27.0,89.0,-970.0
33.0,78.0,-960.0
27.0,83.0,-962.0
29.0,95.0,-956.0
37.0,83.0,-940.0
29.0,130.0,-938.0
27.0,101.0,-936.0
31.0,146.0,-913.0
29.0,148.0,-917.0
33.0,165.0,-913.0
25.0,203.0,-901.0
35.0,193.0,-903.0
23.0,230.0,-903.0
35.0,222.0,-899.0
29.0,265.0,-890.0
33.0,255.0,-890.0
35.0,271.0,-886.0
23.0,300.0,-894.0
33.0,294.0,-895.0
27.0,337.0,-884.0
29.0,331.0,-892.0
31.0,363.0,-882.0
13.0,363.0,-886.0
33.0,366.0,-880.0
11.0,402.0,-892.0
29.0,396.0,-890.0
21.0,447.0,-895.0
23.0,431.0,-905.0
9.0,466.0,-911.0
21.0,486.0,-903.0
11.0,505.0,-909.0
23.0,534.0,-903.0
21.0,505.0,-909.0
27.0,527.0,-903.0
23.0,482.0,-917.0
19.0,468.0,-907.0
13.0,491.0,-921.0
31.0,507.0,-913.0
15.0,589.0,-915.0
21.0,605.0,-905.0
7.0,665.0,-903.0
31.0,659.0,-899.0
15.0,655.0,-888.0
5.0,665.0,-884.0
35.0,599.0,-876.0
15.0,657.0,-884.0
37.0,651.0,-888.0
15.0,661.0,-872.0
37.0,646.0,-882.0
27.0,605.0,-870.0
19.0,620.0,-872.0
25.0,585.0,-884.0
0.0,605.0,-886.0
15.0,626.0,-894.0
5.0,675.0,-868.0
21.0,669.0,-862.0
17.0,655.0,-868.0
7.0,667.0,-864.0
19.0,655.0,-868.0
7.0,663.0,-882.0
21.0,626.0,-880.0
13.0,620.0,-880.0
21.0,612.0,-862.0
15.0,597.0,-866.0
11.0,554.0,-853.0
11.0,501.0,-856.0
11.0,472.0,-874.0
-5.0,448.0,-897.0
17.0,454.0,-870.0
-1.0,509.0,-874.0
7.0,552.0,-847.0
11.0,616.0,-823.0
11.0,628.0,-835.0
9.0,636.0,-819.0
7.0,634.0,-813.0
3.0,610.0,-823.0
15.0,569.0,-823.0
31.0,562.0,-806.0
27.0,579.0,-815.0
29.0,532.0,-835.0
21.0,497.0,-821.0
19.0,427.0,-839.0
25.0,404.0,-847.0
17.0,372.0,-854.0
23.0,335.0,-870.0
19.0,306.0,-874.0
27.0,407.0,-866.0
35.0,491.0,-858.0
27.0,550.0,-860.0
33.0,616.0,-835.0
35.0,610.0,-829.0
27.0,593.0,-821.0
40.0,540.0,-821.0
21.0,530.0,-827.0
39.0,521.0,-829.0
35.0,495.0,-833.0
37.0,462.0,-821.0
39.0,361.0,-827.0
33.0,329.0,-827.0
29.0,312.0,-829.0
29.0,386.0,-827.0
21.0,501.0,-827.0
25.0,616.0,-812.0
35.0,714.0,-792.0
35.0,737.0,-786.0
35.0,716.0,-780.0
37.0,722.0,-802.0
37.0,648.0,-815.0
48.0,560.0,-839.0
50.0,530.0,-810.0
44.0,530.0,-833.0
40.0,548.0,-823.0
35.0,560.0,-821.0
25.0,548.0,-829.0
-5.0,585.0,-810.0
-5.0,573.0,-810.0
-17.0,568.0,-819.0
-3.0,610.0,-815.0
-7.0,597.0,-815.0
21.0,655.0,-798.0
25.0,706.0,-800.0
35.0,792.0,-784.0
25.0,884.0,-800.0
37.0,866.0,-817.0
31.0,800.0,-815.0
37.0,638.0,-821.0
33.0,579.0,-823.0
35.0,534.0,-843.0
35.0,562.0,-866.0
25.0,650.0,-854.0
1.0,792.0,-870.0
-7.0,895.0,-858.0
0.0,895.0,-835.0
-21.0,741.0,-843.0
-25.0,646.0,-835.0
-21.0,573.0,-843.0
0.0,575.0,-854.0
-21.0,716.0,-862.0
15.0,917.0,-854.0
19.0,1073.0,-823.0
33.0,1098.0,-790.0
3.0,933.0,-774.0
1.0,716.0,-790.0
-21.0,501.0,-870.0
-21.0,400.0,-894.0
-15.0,558.0,-886.0
29.0,782.0,-841.0
37.0,1009.0,-790.0
37.0,1024.0,-737.0
13.0,876.0,-765.0
-1.0,609.0,-815.0
-29.0,454.0,-874.0
-21.0,480.0,-886.0
17.0,691.0,-868.0
46.0,909.0,-810.0
50.0,1030.0,-749.0
50.0,948.0,-710.0
25.0,769.0,-749.0
29.0,564.0,-792.0
-21.0,488.0,-833.0
-13.0,556.0,-849.0
5.0,651.0,-806.0
35.0,733.0,-737.0
44.0,730.0,-692.0
5.0,726.0,-675.0
0.0,667.0,-735.0
-21.0,691.0,-782.0
-21.0,599.0,-821.0
9.0,585.0,-806.0
39.0,581.0,-759.0
74.0,622.0,-730.0
50.0,683.0,-747.0
52.0,753.0,-763.0
40.0,716.0,-806.0
37.0,663.0,-821.0
33.0,632.0,-845.0
35.0,651.0,-841.0
33.0,622.0,-808.0
37.0,564.0,-780.0
17.0,562.0,-802.0
19.0,607.0,-823.0
9.0,669.0,-878.0
9.0,716.0,-921.0
-21.0,667.0,-903.0
23.0,595.0,-894.0
29.0,581.0,-872.0
21.0,612.0,-878.0
35.0,712.0,-895.0
37.0,636.0,-923.0
35.0,544.0,-936.0
37.0,445.0,-890.0
29.0,562.0,-878.0
33.0,687.0,-860.0
-5.0,778.0,-817.0
-7.0,694.0,-794.0
-9.0,609.0,-802.0
-7.0,542.0,-776.0
-11.0,597.0,-808.0
13.0,638.0,-786.0
5.0,650.0,-788.0
39.0,650.0,-745.0
23.0,696.0,-749.0
37.0,677.0,-757.0
48.0,587.0,-806.0
35.0,575.0,-806.0
42.0,597.0,-823.0
54.0,655.0,-786.0
52.0,667.0,-806.0
46.0,609.0,-800.0
35.0,536.0,-800.0
31.0,509.0,-851.0
1.0,495.0,-929.0
-7.0,530.0,-944.0
11.0,525.0,-940.0
23.0,569.0,-909.0
7.0,620.0,-886.0
0.0,634.0,-907.0
-11.0,573.0,-948.0
-31.0,503.0,-1018.0
-25.0,427.0,-1009.0
3.0,388.0,-985.0
29.0,355.0,-983.0
31.0,448.0,-944.0
27.0,530.0,-940.0
15.0,472.0,-991.0
-33.0,417.0,-1009.0
-21.0,273.0,-1003.0
-7.0,220.0,-977.0
7.0,193.0,-944.0
5.0,284.0,-909.0
1.0,363.0,-894.0
-1.0,376.0,-923.0
-15.0,353.0,-936.0
-48.0,255.0,-946.0
-7.0,189.0,-921.0
-7.0,142.0,-935.0
5.0,179.0,-890.0
29.0,255.0,-892.0
29.0,197.0,-936.0
29.0,144.0,-952.0
23.0,76.0,-974.0
13.0,158.0,-991.0
37.0,203.0,-987.0
35.0,158.0,-952.0
33.0,111.0,-907.0
37.0,1.0,-909.0
42.0,33.0,-919.0
29.0,39.0,-983.0
29.0,128.0,-979.0
44.0,142.0,-942.0
37.0,191.0,-909.0
37.0,169.0,-810.0
42.0,158.0,-815.0
19.0,191.0,-870.0
-31.0,122.0,-884.0
15.0,89.0,-884.0
0.0,60.0,-946.0
29.0,11.0,-878.0
37.0,-25.0,-878.0
35.0,40.0,-911.0
33.0,78.0,-917.0
31.0,93.0,-919.0
27.0,165.0,-962.0
27.0,64.0,-964.0
31.0,-13.0,-925.0
64.0,-72.0,-977.0
35.0,-17.0,-1001.0
37.0,109.0,-997.0
15.0,238.0,-1026.0
37.0,302.0,-1030.0
11.0,226.0,-991.0
13.0,218.0,-991.0
37.0,101.0,-985.0
15.0,-64.0,-979.0
17.0,-199.0,-977.0
-7.0,-152.0,-1040.0
15.0,105.0,-1054.0
-1.0,267.0,-1005.0
29.0,347.0,-979.0
42.0,181.0,-929.0
31.0,-7.0,-895.0
31.0,3.0,-935.0
29.0,42.0,-1022.0
35.0,40.0,-1026.0
31.0,255.0,-1028.0
54.0,406.0,-997.0
46.0,558.0,-888.0
60.0,445.0,-866.0
29.0,212.0,-909.0
27.0,23.0,-970.0
-29.0,-23.0,-1063.0
25.0,78.0,-1118.0
9.0,244.0,-1138.0
64.0,359.0,-1013.0
44.0,337.0,-974.0
42.0,302.0,-974.0
15.0,216.0,-1018.0
-52.0,154.0,-1098.0
-35.0,158.0,-1169.0
-39.0,259.0,-1114.0
15.0,370.0,-1003.0
0.0,433.0,-923.0
13.0,486.0,-903.0
-31.0,357.0,-907.0
-95.0,314.0,-989.0
-72.0,234.0,-1032.0
-70.0,199.0,-1013.0
-15.0,42.0,-956.0
15.0,-5.0,-923.0
27.0,140.0,-919.0
11.0,232.0,-927.0
-11.0,312.0,-985.0
13.0,193.0,-1040.0
15.0,56.0,-1030.0
13.0,62.0,-997.0
50.0,111.0,-977.0
44.0,154.0,-925.0
31.0,236.0,-923.0
3.0,325.0,-964.0
23.0,423.0,-983.0
-23.0,298.0,-1009.0
21.0,195.0,-974.0
15.0,-5.0,-958.0
15.0,-78.0,-921.0
21.0,-99.0,-913.0
-27.0,29.0,-972.0
0.0,95.0,-1030.0
-83.0,152.0,-1034.0
7.0,113.0,-995.0
-9.0,58.0,-977.0
37.0,-35.0,-894.0
21.0,-124.0,-919.0
27.0,-19.0,-974.0
11.0,99.0,-1038.0
21.0,203.0,-1054.0
19.0,214.0,-1044.0
68.0,203.0,-1007.0
52.0,40.0,-956.0
58.0,-95.0,-974.0
40.0,-206.0,-1061.0
29.0,-218.0,-1102.0
15.0,-163.0,-1167.0
31.0,-107.0,-1184.0
33.0,-99.0,-1145.0
62.0,-191.0,-1071.0
33.0,-140.0,-1038.0
42.0,-130.0,-997.0
25.0,-179.0,-987.0
9.0,-206.0,-1042.0
-1.0,-81.0,-1077.0
-11.0,89.0,-1020.0
40.0,191.0,-962.0
39.0,99.0,-903.0
48.0,1.0,-845.0
31.0,-134.0,-860.0
7.0,-181.0,-974.0
17.0,-171.0,-1052.0
-25.0,-87.0,-1091.0
56.0,-150.0,-1022.0
40.0,-70.0,-976.0
99.0,-150.0,-917.0
37.0,-128.0,-948.0
60.0,-83.0,-1011.0
0.0,-29.0,-1108.0
13.0,121.0,-1081.0
39.0,175.0,-1050.0
37.0,160.0,-966.0
52.0,201.0,-868.0
35.0,119.0,-894.0
9.0,64.0,-952.0
-7.0,-19.0,-1013.0
-95.0,-46.0,-1079.0
9.0,-1.0,-1036.0
-3.0,-1.0,-976.0
35.0,-23.0,-892.0
42.0,-27.0,-897.0
31.0,-39.0,-933.0
-7.0,1.0,-1032.0
7.0,111.0,-1042.0
31.0,146.0,-1067.0
54.0,206.0,-981.0
74.0,271.0,-913.0
50.0,341.0,-919.0
29.0,337.0,-929.0
19.0,204.0,-1009.0
-19.0,68.0,-1061.0
15.0,29.0,-1118.0
17.0,78.0,-1132.0
15.0,175.0,-1132.0
42.0,218.0,-1073.0
29.0,171.0,-1056.0
-5.0,56.0,-1059.0
-21.0,-3.0,-1097.0
-52.0,37.0,-1184.0
-87.0,251.0,-1198.0
-17.0,284.0,-1102.0
7.0,370.0,-1020.0
-3.0,271.0,-946.0
17.0,267.0,-894.0
-81.0,255.0,-985.0
-64.0,154.0,-1044.0
-78.0,66.0,-1067.0
-50.0,-54.0,-1071.0
7.0,23.0,-1040.0
66.0,70.0,-970.0
42.0,93.0,-987.0
74.0,89.0,-987.0
58.0,-27.0,-1056.0
35.0,-25.0,-1120.0
39.0,1.0,-1097.0
70.0,62.0,-1026.0
56.0,201.0,-958.0
76.0,204.0,-892.0
31.0,275.0,-876.0
17.0,218.0,-901.0
-58.0,128.0,-956.0
-40.0,-58.0,-944.0
-72.0,-146.0,-948.0
-7.0,-146.0,-942.0
-21.0,19.0,-952.0
17.0,33.0,-919.0
21.0,-9.0,-956.0
-9.0,-117.0,-1001.0
-21.0,-158.0,-1003.0
-13.0,-101.0,-1052.0
-40.0,13.0,-1073.0
7.0,107.0,-1016.0
21.0,52.0,-974.0
17.0,40.0,-1003.0
9.0,66.0,-1001.0
9.0,162.0,-991.0
9.0,33.0,-1087.0
9.0,-40.0,-1097.0
39.0,-89.0,-1081.0
46.0,-113.0,-1050.0
85.0,-187.0,-1061.0
66.0,-230.0,-1087.0
37.0,-242.0,-1108.0
81.0,-208.0,-1110.0
39.0,-134.0,-1136.0
54.0,-29.0,-1065.0
62.0,-58.0,-985.0
46.0,-124.0,-964.0
39.0,-119.0,-948.0
19.0,-62.0,-950.0
-11.0,-5.0,-1005.0
-7.0,54.0,-1009.0
29.0,60.0,-952.0
25.0,7.0,-895.0
39.0,-46.0,-936.0
17.0,-89.0,-972.0
11.0,-148.0,-1028.0
-13.0,-191.0,-1114.0
27.0,-70.0,-1122.0
1.0,-35.0,-1085.0
60.0,1.0,-1003.0
44.0,13.0,-1005.0
40.0,-19.0,-985.0
23.0,35.0,-1001.0
27.0,7.0,-1044.0
-11.0,-33.0,-1038.0
31.0,23.0,-960.0
1.0,140.0,-952.0
35.0,128.0,-907.0
-7.0,11.0,-917.0
-5.0,3.0,-993.0
-50.0,1.0,-1038.0
7.0,-70.0,-1020.0
35.0,-158.0,-1048.0
35.0,-160.0,-1040.0
70.0,19.0,-1007.0
42.0,91.0,-1007.0
66.0,181.0,-1024.0
37.0,93.0,-1020.0
13.0,128.0,-1044.0
40.0,160.0,-1036.0
23.0,115.0,-1054.0
35.0,95.0,-1028.0
5.0,42.0,-1018.0
25.0,175.0,-1018.0
-11.0,210.0,-1046.0
-21.0,197.0,-1059.0
-21.0,175.0,-1097.0
-33.0,56.0,-1130.0
-7.0,54.0,-1108.0
-25.0,-101.0,-1063.0
17.0,-11.0,-1075.0
3.0,154.0,-1061.0
-17.0,322.0,-1034.0
-31.0,370.0,-1056.0
-19.0,134.0,-1022.0
-60.0,132.0,-989.0
-7.0,97.0,-954.0
-29.0,148.0,-927.0
-7.0,46.0,-931.0
-11.0,44.0,-958.0
-33.0,179.0,-1040.0
7.0,154.0,-1026.0
23.0,119.0,-1036.0
56.0,-115.0,-1038.0
80.0,-183.0,-995.0
124.0,-40.0,-1005.0
80.0,25.0,-1011.0
62.0,163.0,-1026.0
93.0,148.0,-1032.0
19.0,257.0,-1015.0
62.0,240.0,-952.0
35.0,146.0,-921.0
5.0,19.0,-897.0
-3.0,-136.0,-860.0
-50.0,-105.0,-917.0
-62.0,-78.0,-958.0
-132.0,89.0,-993.0
-48.0,238.0,-1007.0
-95.0,87.0,-1011.0
33.0,-101.0,-938.0
-7.0,-218.0,-977.0
21.0,-201.0,-1038.0
1.0,-25.0,-1073.0
1.0,64.0,-1139.0
27.0,197.0,-1177.0
48.0,146.0,-1067.0
46.0,134.0,-1046.0
93.0,7.0,-999.0
31.0,-119.0,-1026.0
35.0,-300.0,-1077.0
-39.0,-197.0,-1153.0
9.0,-66.0,-1149.0
3.0,-11.0,-1124.0
37.0,-66.0,-1097.0
70.0,-117.0,-1030.0
40.0,-222.0,-1022.0
64.0,-232.0,-1036.0
11.0,-288.0,-1116.0
37.0,-236.0,-1112.0
9.0,-31.0,-1098.0
64.0,60.0,-1003.0
39.0,189.0,-927.0
95.0,27.0,-870.0
0.0,-66.0,-892.0
50.0,-206.0,-925.0
-66.0,-214.0,-1011.0
-23.0,-185.0,-1057.0
-33.0,-103.0,-1038.0
23.0,13.0,-1009.0
35.0,72.0,-956.0
46.0,-19.0,-942.0
27.0,-130.0,-991.0
15.0,-165.0,-1048.0
-9.0,-70.0,-1089.0
27.0,-7.0,-1081.0
21.0,33.0,-1034.0
58.0,103.0,-938.0
33.0,154.0,-882.0
35.0,142.0,-870.0
-15.0,27.0,-921.0
-50.0,1.0,-979.0
-54.0,-27.0,-1011.0
-46.0,-13.0,-1018.0
19.0,27.0,-997.0
29.0,40.0,-954.0
50.0,-23.0,-944.0
39.0,70.0,-997.0
39.0,93.0,-1061.0
-11.0,89.0,-1106.0
66.0,91.0,-1114.0
37.0,81.0,-1104.0
85.0,111.0,-1050.0
80.0,85.0,-1003.0
64.0,35.0,-1018.0
29.0,128.0,-1038.0
19.0,165.0,-1075.0
-25.0,154.0,-1087.0
-5.0,99.0,-1077.0
-29.0,48.0,-1032.0
-37.0,66.0,-1030.0
-58.0,50.0,-1034.0
-33.0,31.0,-1026.0
-80.0,85.0,-1102.0
-37.0,144.0,-1087.0
-23.0,238.0,-1056.0
7.0,134.0,-1036.0
29.0,64.0,-1011.0
37.0,19.0,-977.0
-7.0,68.0,-1009.0
19.0,66.0,-1036.0
-15.0,140.0,-1042.0
31.0,58.0,-1026.0
21.0,89.0,-1020.0
44.0,97.0,-983.0
-7.0,66.0,-997.0
37.0,0.0,-1024.0
7.0,-37.0,-1069.0
25.0,-19.0,-1067.0
33.0,165.0,-1077.0
46.0,150.0,-1030.0
78.0,148.0,-989.0
80.0,126.0,-946.0
99.0,138.0,-946.0
50.0,19.0,-952.0
29.0,-7.0,-976.0
37.0,-58.0,-981.0
-13.0,-7.0,-979.0
15.0,19.0,-909.0
-15.0,0.0,-946.0
-5.0,-13.0,-919.0
-74.0,-19.0,-997.0
-81.0,25.0,-1036.0
-64.0,-37.0,-1077.0
-25.0,-95.0,-1097.0
-23.0,0.0,-1083.0
21.0,124.0,-1061.0
58.0,152.0,-1044.0
35.0,68.0,-1042.0
33.0,1.0,-1071.0
33.0,-68.0,-1079.0
19.0,-119.0,-1104.0
40.0,-142.0,-1083.0
25.0,-117.0,-1050.0
29.0,-99.0,-1015.0
27.0,-80.0,-999.0
-5.0,-95.0,-1015.0
-29.0,-156.0,-1042.0
11.0,-230.0,-1034.0
-11.0,-185.0,-1057.0
9.0,-126.0,-1054.0
39.0,-31.0,-997.0
93.0,3.0,-981.0
70.0,60.0,-940.0
105.0,42.0,-936.0
60.0,-78.0,-987.0
37.0,-121.0,-1007.0
48.0,-76.0,-1026.0
29.0,-5.0,-1011.0
58.0,-37.0,-976.0
37.0,-42.0,-944.0
11.0,44.0,-985.0
13.0,-15.0,-1015.0
-23.0,-89.0,-1032.0
-44.0,-105.0,-1081.0
-17.0,5.0,-1034.0
1.0,128.0,-985.0
9.0,136.0,-960.0
31.0,119.0,-935.0
-21.0,64.0,-981.0
15.0,3.0,-976.0
-11.0,-85.0,-1013.0
-35.0,-126.0,-995.0
-5.0,-83.0,-985.0
27.0,-29.0,-964.0
-13.0,97.0,-997.0
35.0,150.0,-1028.0
15.0,81.0,-1048.0
37.0,-60.0,-1098.0
33.0,-126.0,-1100.0
39.0,-111.0,-1083.0
39.0,-11.0,-1106.0
46.0,83.0,-1073.0
37.0,185.0,-1075.0
62.0,162.0,-1079.0
42.0,105.0,-1036.0
68.0,-13.0,-1063.0
37.0,-3.0,-1087.0
37.0,-5.0,-1036.0
33.0,37.0,-1044.0
29.0,31.0,-1059.0
-11.0,66.0,-1042.0
-1.0,72.0,-1024.0
-17.0,93.0,-1057.0
-40.0,105.0,-1061.0
-37.0,119.0,-1022.0
-37.0,183.0,-1015.0
-33.0,193.0,-1011.0
-19.0,199.0,-974.0
-48.0,140.0,-985.0
-31.0,78.0,-989.0
-23.0,152.0,-1007.0
7.0,70.0,-999.0
15.0,5.0,-989.0
37.0,11.0,-991.0
33.0,7.0,-983.0
64.0,60.0,-995.0
37.0,58.0,-1067.0
37.0,107.0,-1063.0
50.0,113.0,-1028.0
66.0,52.0,-1034.0
72.0,89.0,-997.0
44.0,89.0,-966.0
39.0,130.0,-968.0
33.0,103.0,-964.0
17.0,111.0,-958.0
25.0,72.0,-925.0
29.0,-58.0,-927.0
17.0,-91.0,-938.0
3.0,-113.0,-935.0
-3.0,-46.0,-952.0
0.0,-78.0,-1001.0
-52.0,-40.0,-989.0
-29.0,13.0,-1015.0
-42.0,-1.0,-1057.0
7.0,13.0,-1056.0
-39.0,35.0,-1122.0
9.0,105.0,-1106.0
25.0,89.0,-1087.0
40.0,-5.0,-1108.0
-5.0,-19.0,-1091.0
44.0,-9.0,-1081.0
0.0,31.0,-1106.0
25.0,-107.0,-1100.0
-13.0,-195.0,-1067.0
21.0,-175.0,-1038.0
0.0,-167.0,-1071.0
3.0,-162.0,-1030.0
-37.0,-134.0,-1059.0
-1.0,-99.0,-1085.0
-37.0,39.0,-1071.0
37.0,56.0,-1026.0
33.0,9.0,-1020.0
81.0,-62.0,-981.0
66.0,-48.0,-981.0
68.0,-89.0,-968.0
62.0,-58.0,-1005.0
58.0,-50.0,-1018.0
35.0,17.0,-987.0
81.0,-33.0,-936.0
31.0,-25.0,-960.0
50.0,-46.0,-958.0
3.0,-134.0,-964.0
35.0,-224.0,-1003.0
-37.0,-97.0,-1052.0
15.0,93.0,-1011.0
-15.0,218.0,-997.0
15.0,163.0,-962.0
21.0,179.0,-931.0
25.0,23.0,-931.0
0.0,-68.0,-944.0
9.0,-154.0,-972.0
-40.0,-5.0,-1001.0
-13.0,173.0,-972.0
-35.0,154.0,-966.0
5.0,35.0,-936.0
-15.0,-35.0,-952.0
27.0,-97.0,-968.0
-17.0,-126.0,-1057.0
21.0,-78.0,-1108.0
11.0,78.0,-1141.0
44.0,134.0,-1130.0
58.0,244.0,-1097.0
113.0,162.0,-1091.0
83.0,121.0,-1100.0
76.0,35.0,-1079.0
62.0,-17.0,-1110.0
54.0,-60.0,-1108.0
27.0,-19.0,-1081.0
35.0,54.0,-1050.0
29.0,185.0,-1030.0
1.0,244.0,-1022.0
27.0,74.0,-995.0
-27.0,-95.0,-1003.0
-5.0,-183.0,-1057.0
-66.0,-42.0,-1067.0
-39.0,119.0,-1073.0
-44.0,257.0,-1065.0
21.0,341.0,-999.0
-1.0,312.0,-960.0
35.0,95.0,-952.0
7.0,-50.0,-991.0
19.0,-167.0,-1050.0
-17.0,-29.0,-1077.0
23.0,74.0,-1069.0
3.0,95.0,-1038.0
50.0,124.0,-981.0
37.0,132.0,-997.0
39.0,83.0,-966.0
27.0,-95.0,-1030.0
0.0,-179.0,-1083.0
-19.0,-44.0,-1079.0
-9.0,140.0,-1028.0
19.0,288.0,-966.0
40.0,171.0,-925.0
37.0,109.0,-907.0
44.0,21.0,-895.0
15.0,-91.0,-942.0
29.0,-177.0,-972.0
-21.0,-214.0,-981.0
37.0,-119.0,-950.0
-7.0,42.0,-974.0
44.0,76.0,-931.0
37.0,7.0,-972.0
19.0,-181.0,-1015.0
15.0,-218.0,-1089.0
-11.0,-177.0,-1100.0
-31.0,9.0,-1143.0
-9.0,134.0,-1120.0
21.0,263.0,-1042.0
25.0,203.0,-1061.0
37.0,83.0,-1028.0
-5.0,-48.0,-1048.0
15.0,-183.0,-1106.0
-7.0,-154.0,-1083.0
1.0,-171.0,-1097.0
-19.0,17.0,-1061.0
15.0,101.0,-1001.0
17.0,52.0,-964.0
0.0,-142.0,-999.0
-11.0,-244.0,-1018.0
-39.0,-146.0,-1044.0
-15.0,-50.0,-1075.0
11.0,76.0,-1018.0
44.0,117.0,-974.0
52.0,119.0,-966.0
97.0,78.0,-950.0
99.0,15.0,-997.0
72.0,-68.0,-1036.0
95.0,-134.0,-1044.0
95.0,-158.0,-1022.0
85.0,-40.0,-1013.0
124.0,83.0,-983.0
50.0,40.0,-948.0
60.0,-66.0,-977.0
5.0,-130.0,-1024.0
-3.0,-54.0,-1028.0
-25.0,-46.0,-1013.0
-60.0,-33.0,-983.0
-37.0,113.0,-981.0
-52.0,240.0,-948.0
-29.0,218.0,-950.0
-23.0,35.0,-981.0
-35.0,-72.0,-1015.0
25.0,-97.0,-1003.0
0.0,-46.0,-1034.0
15.0,33.0,-1011.0
21.0,1.0,-1003.0
7.0,9.0,-1011.0
-5.0,29.0,-1044.0
-25.0,1.0,-1073.0
17.0,-3.0,-1108.0
-37.0,-11.0,-1145.0
37.0,70.0,-1118.0
37.0,179.0,-1097.0
58.0,179.0,-1087.0
50.0,130.0,-1071.0
60.0,35.0,-1042.0
76.0,27.0,-1089.0
46.0,13.0,-1091.0
44.0,1.0,-1057.0
52.0,-25.0,-1038.0
25.0,-42.0,-1028.0
37.0,17.0,-942.0
-15.0,70.0,-977.0
-7.0,-1.0,-1024.0
-72.0,-40.0,-1020.0
-27.0,3.0,-1032.0
-54.0,80.0,-1050.0
-1.0,208.0,-1005.0
-1.0,261.0,-952.0
-3.0,234.0,-962.0
17.0,181.0,-983.0
-3.0,11.0,-989.0
-13.0,0.0,-1038.0
29.0,-48.0,-1042.0
0.0,33.0,-1009.0
52.0,-9.0,-952.0
37.0,-46.0,-972.0
21.0,-40.0,-970.0
-23.0,0.0,-1007.0
29.0,-74.0,-1013.0
-15.0,-58.0,-1067.0
15.0,46.0,-1030.0
19.0,251.0,-970.0
48.0,261.0,-952.0
44.0,130.0,-944.0
31.0,31.0,-925.0
29.0,-58.0,-956.0
35.0,-74.0,-991.0
-7.0,-119.0,-1036.0
31.0,-44.0,-983.0
39.0,-17.0,-981.0
29.0,-1.0,-979.0
31.0,48.0,-968.0
17.0,13.0,-1028.0
7.0,-35.0,-1095.0
7.0,-115.0,-1108.0
5.0,0.0,-1153.0
23.0,83.0,-1124.0
40.0,124.0,-1104.0
29.0,181.0,-1065.0
37.0,193.0,-1057.0
21.0,87.0,-1007.0
1.0,-54.0,-1063.0
-21.0,-169.0,-1106.0
0.0,-134.0,-1056.0
-33.0,-93.0,-1063.0
27.0,-78.0,-1015.0
-11.0,-99.0,-976.0
-9.0,-162.0,-972.0
0.0,-134.0,-1018.0
-64.0,-130.0,-1087.0
-7.0,-72.0,-1085.0
7.0,7.0,-1059.0
37.0,93.0,-1024.0
52.0,70.0,-972.0
72.0,7.0,-935.0
60.0,-122.0,-999.0
78.0,-107.0,-1013.0
42.0,-33.0,-1038.0
74.0,-40.0,-1063.0
89.0,29.0,-995.0
81.0,-39.0,-956.0
58.0,-39.0,-940.0
48.0,-93.0,-956.0
37.0,-115.0,-991.0
-1.0,-89.0,-1028.0
-13.0,46.0,-1018.0
13.0,103.0,-997.0
-27.0,220.0,-962.0
-29.0,247.0,-929.0
-37.0,154.0,-919.0
-19.0,97.0,-931.0
-52.0,-1.0,-985.0
-29.0,-76.0,-977.0
-35.0,42.0,-1015.0
23.0,115.0,-1028.0
21.0,140.0,-993.0
-7.0,15.0,-993.0
29.0,-29.0,-1018.0
13.0,-40.0,-1081.0
15.0,-119.0,-1112.0
15.0,-64.0,-1151.0
27.0,1.0,-1163.0
37.0,220.0,-1118.0
29.0,279.0,-1063.0
52.0,142.0,-1048.0
27.0,46.0,-1038.0
37.0,-87.0,-1044.0
17.0,-50.0,-1102.0
44.0,-15.0,-1077.0
19.0,-7.0,-1063.0
40.0,13.0,-1003.0
27.0,52.0,-956.0
15.0,46.0,-960.0
-15.0,27.0,-985.0
-7.0,-35.0,-1026.0
-17.0,-44.0,-1050.0
7.0,37.0,-1036.0
-1.0,173.0,-1022.0
5.0,177.0,-1001.0
-9.0,199.0,-997.0
25.0,121.0,-995.0
-17.0,44.0,-1032.0
37.0,0.0,-1040.0
7.0,-17.0,-1071.0
50.0,13.0,-1030.0
42.0,80.0,-1020.0
27.0,76.0,-977.0
33.0,-3.0,-1001.0
-15.0,-13.0,-1026.0
-25.0,-21.0,-1034.0
-17.0,-126.0,-1015.0
-64.0,-68.0,-1009.0
21.0,33.0,-972.0
-33.0,214.0,-958.0
13.0,284.0,-936.0
-1.0,193.0,-942.0
37.0,-17.0,-935.0
23.0,-160.0,-1007.0
54.0,-177.0,-1001.0
56.0,-58.0,-995.0
76.0,-44.0,-979.0
64.0,-70.0,-987.0
39.0,-68.0,-981.0
15.0,-271.0,-1077.0
23.0,-76.0,-1095.0
-1.0,42.0,-1138.0
19.0,105.0,-1126.0
97.0,-80.0,-1040.0
0.0,283.0,-1083.0
39.0,171.0,-1048.0
-21.0,48.0,-1059.0
-7.0,-29.0,-1118.0
-42.0,-177.0,-1079.0
-37.0,46.0,-1050.0
31.0,35.0,-1003.0
-48.0,42.0,-985.0
35.0,-40.0,-962.0
-74.0,-87.0,-974.0
3.0,-126.0,-1028.0
-101.0,-220.0,-1073.0
-9.0,-132.0,-985.0
11.0,-37.0,-1003.0
7.0,-27.0,-981.0
58.0,72.0,-974.0
0.0,206.0,-1042.0
58.0,212.0,-1048.0
62.0,42.0,-1048.0
81.0,-122.0,-1044.0
93.0,-146.0,-1020.0
72.0,-56.0,-972.0
111.0,33.0,-966.0
46.0,25.0,-1005.0
50.0,0.0,-958.0
23.0,-31.0,-972.0
11.0,-48.0,-999.0
31.0,-29.0,-989.0
-33.0,-78.0,-976.0
46.0,-25.0,-977.0
-19.0,101.0,-991.0
-35.0,236.0,-972.0
-1.0,175.0,-979.0
-58.0,78.0,-997.0
-25.0,74.0,-1022.0
-17.0,-11.0,-995.0
11.0,-21.0,-1040.0
33.0,-122.0,-1052.0
15.0,13.0,-993.0
29.0,70.0,-1048.0
-13.0,-37.0,-1106.0
15.0,-1.0,-1124.0
-72.0,-11.0,-1179.0
31.0,-54.0,-1153.0
17.0,-97.0,-1161.0
25.0,-29.0,-1145.0
29.0,95.0,-1139.0
-5.0,78.0,-1157.0
23.0,95.0,-1169.0
-23.0,-70.0,-1177.0
15.0,-214.0,-1151.0
44.0,-244.0,-1175.0
37.0,-218.0,-1118.0
58.0,-203.0,-1114.0
46.0,-212.0,-1089.0
44.0,-247.0,-1124.0
-21.0,-265.0,-1186.0
9.0,-245.0,-1161.0
3.0,-259.0,-1188.0
0.0,-361.0,-1163.0
29.0,-267.0,-1128.0
21.0,-197.0,-1120.0
-5.0,-267.0,-1151.0
-15.0,-242.0,-1173.0
-21.0,-345.0,-1198.0
-58.0,-378.0,-1212.0
23.0,-484.0,-1161.0
5.0,-476.0,-1161.0
19.0,-437.0,-1126.0
29.0,-349.0,-1100.0
25.0,-378.0,-1114.0
17.0,-470.0,-1169.0
0.0,-644.0,-1151.0
5.0,-683.0,-1145.0
3.0,-628.0,-1141.0
15.0,-525.0,-1087.0
9.0,-421.0,-1067.0
-15.0,-324.0,-1069.0
-7.0,-240.0,-1091.0
0.0,-421.0,-1085.0
7.0,-706.0,-1097.0
33.0,-837.0,-1100.0
40.0,-774.0,-1108.0
46.0,-644.0,-1079.0
91.0,-464.0,-1089.0
64.0,-466.0,-1139.0
89.0,-484.0,-1143.0
25.0,-605.0,-1184.0
50.0,-745.0,-1184.0
35.0,-800.0,-1190.0
29.0,-759.0,-1151.0
21.0,-560.0,-1139.0
37.0,-359.0,-1145.0
-1.0,-253.0,-1175.0
-7.0,-497.0,-1171.0
19.0,-669.0,-1192.0
1.0,-802.0,-1202.0
-5.0,-771.0,-1171.0
37.0,-718.0,-1163.0
15.0,-607.0,-1200.0
27.0,-478.0,-1169.0
37.0,-468.0,-1196.0
15.0,-488.0,-1220.0
15.0,-528.0,-1200.0
15.0,-614.0,-1167.0
31.0,-640.0,-1198.0
7.0,-591.0,-1212.0
39.0,-407.0,-1147.0
17.0,-283.0,-1206.0
35.0,-255.0,-1208.0
37.0,-335.0,-1179.0
37.0,-390.0,-1192.0
42.0,-513.0,-1214.0
33.0,-550.0,-1190.0
39.0,-568.0,-1214.0
46.0,-523.0,-1227.0
42.0,-396.0,-1225.0
46.0,-283.0,-1220.0
52.0,-257.0,-1216.0
52.0,-351.0,-1221.0
35.0,-454.0,-1206.0
27.0,-458.0,-1204.0
13.0,-462.0,-1184.0
0.0,-413.0,-1216.0
-21.0,-324.0,-1200.0
-11.0,-339.0,-1165.0
-13.0,-388.0,-1155.0
-3.0,-361.0,-1167.0
-9.0,-273.0,-1169.0
3.0,-253.0,-1145.0
-15.0,-279.0,-1182.0
1.0,-361.0,-1159.0
-7.0,-454.0,-1165.0
29.0,-439.0,-1171.0
1.0,-448.0,-1165.0
35.0,-368.0,-1143.0
15.0,-425.0,-1184.0
29.0,-456.0,-1190.0
29.0,-437.0,-1198.0
9.0,-437.0,-1188.0
-5.0,-386.0,-1204.0
-9.0,-384.0,-1173.0
-9.0,-425.0,-1210.0
-21.0,-478.0,-1206.0
-25.0,-433.0,-1202.0
-9.0,-501.0,-1251.0
-7.0,-439.0,-1264.0
23.0,-486.0,-1223.0
9.0,-468.0,-1221.0
35.0,-585.0,-1243.0
-9.0,-651.0,-1241.0
1.0,-751.0,-1249.0
-13.0,-640.0,-1259.0
-1.0,-564.0,-1233.0
-23.0,-564.0,-1239.0
29.0,-575.0,-1216.0
-3.0,-607.0,-1212.0
9.0,-612.0,-1200.0
0.0,-636.0,-1239.0
19.0,-757.0,-1235.0
-15.0,-737.0,-1229.0
27.0,-630.0,-1220.0
3.0,-628.0,-1235.0
37.0,-610.0,-1206.0
31.0,-640.0,-1194.0
29.0,-603.0,-1214.0
50.0,-651.0,-1212.0
31.0,-767.0,-1212.0
37.0,-829.0,-1198.0
40.0,-788.0,-1186.0
42.0,-732.0,-1190.0
46.0,-776.0,-1175.0
35.0,-774.0,-1179.0
40.0,-739.0,-1202.0
37.0,-691.0,-1198.0
35.0,-661.0,-1194.0
37.0,-636.0,-1206.0
48.0,-640.0,-1198.0
54.0,-636.0,-1196.0
46.0,-689.0,-1225.0
54.0,-726.0,-1192.0
48.0,-806.0,-1208.0
31.0,-794.0,-1225.0
50.0,-812.0,-1218.0
21.0,-745.0,-1214.0
27.0,-724.0,-1229.0
11.0,-722.0,-1212.0
7.0,-730.0,-1218.0
-29.0,-685.0,-1221.0
-7.0,-679.0,-1175.0
-29.0,-587.0,-1223.0
7.0,-573.0,-1225.0
-5.0,-521.0,-1198.0
15.0,-527.0,-1214.0
31.0,-542.0,-1216.0
40.0,-628.0,-1221.0
29.0,-749.0,-1214.0
46.0,-774.0,-1221.0
40.0,-683.0,-1225.0
39.0,-640.0,-1243.0
31.0,-536.0,-1218.0
29.0,-511.0,-1231.0
37.0,-431.0,-1216.0
37.0,-454.0,-1216.0
31.0,-466.0,-1198.0
33.0,-501.0,-1200.0
25.0,-486.0,-1233.0
31.0,-486.0,-1241.0
21.0,-482.0,-1251.0
29.0,-495.0,-1235.0
27.0,-509.0,-1212.0
37.0,-624.0,-1229.0
19.0,-704.0,-1229.0
27.0,-595.0,-1241.0
-7.0,-450.0,-1253.0
3.0,-384.0,-1262.0
0.0,-460.0,-1247.0
7.0,-564.0,-1221.0
9.0,-607.0,-1204.0
1.0,-556.0,-1227.0
-3.0,-532.0,-1243.0
-15.0,-425.0,-1260.0
3.0,-359.0,-1260.0
0.0,-288.0,-1266.0
21.0,-452.0,-1235.0
29.0,-550.0,-1210.0
21.0,-636.0,-1214.0
19.0,-657.0,-1229.0
-7.0,-671.0,-1260.0
-3.0,-634.0,-1268.0
-9.0,-532.0,-1262.0
7.0,-507.0,-1243.0
9.0,-612.0,-1239.0
-9.0,-661.0,-1214.0
3.0,-585.0,-1208.0
-37.0,-558.0,-1251.0
0.0,-601.0,-1251.0
-25.0,-614.0,-1253.0
15.0,-577.0,-1231.0
23.0,-569.0,-1216.0
37.0,-646.0,-1210.0
33.0,-694.0,-1221.0
39.0,-657.0,-1210.0
33.0,-601.0,-1233.0
39.0,-626.0,-1243.0
33.0,-646.0,-1202.0
37.0,-630.0,-1177.0
21.0,-603.0,-1180.0
19.0,-675.0,-1155.0
-9.0,-710.0,-1171.0
-7.0,-735.0,-1153.0
23.0,-640.0,-1139.0
21.0,-638.0,-1143.0
31.0,-628.0,-1116.0
35.0,-661.0,-1106.0
33.0,-665.0,-1108.0
37.0,-728.0,-1132.0
37.0,-720.0,-1138.0
33.0,-626.0,-1132.0
39.0,-515.0,-1143.0
48.0,-456.0,-1104.0
39.0,-491.0,-1091.0
54.0,-497.0,-1085.0
39.0,-519.0,-1091.0
37.0,-536.0,-1120.0
23.0,-579.0,-1147.0
19.0,-528.0,-1122.0
15.0,-433.0,-1095.0
35.0,-443.0,-1087.0
29.0,-472.0,-1079.0
33.0,-489.0,-1081.0
33.0,-439.0,-1118.0
23.0,-384.0,-1136.0
23.0,-351.0,-1153.0
39.0,-314.0,-1138.0
37.0,-226.0,-1132.0
52.0,-234.0,-1108.0
37.0,-267.0,-1102.0
37.0,-255.0,-1134.0
35.0,-199.0,-1153.0
33.0,-162.0,-1171.0
37.0,-173.0,-1163.0
37.0,-167.0,-1149.0
37.0,-134.0,-1124.0
33.0,-124.0,-1136.0
19.0,-230.0,-1143.0
3.0,-222.0,-1149.0
11.0,-163.0,-1177.0
13.0,-78.0,-1171.0
11.0,-35.0,-1143.0
25.0,-42.0,-1136.0
17.0,17.0,-1120.0
31.0,-1.0,-1124.0
25.0,-25.0,-1126.0
15.0,-64.0,-1151.0
25.0,-48.0,-1122.0
21.0,31.0,-1116.0
35.0,0.0,-1110.0
13.0,-7.0,-1100.0
31.0,-15.0,-1081.0
13.0,44.0,-1100.0
11.0,17.0,-1091.0
1.0,-17.0,-1071.0
-17.0,29.0,-1071.0
1.0,23.0,-1063.0
-15.0,25.0,-1028.0
-21.0,-19.0,-1057.0
-17.0,1.0,-1059.0
-25.0,54.0,-1050.0
5.0,33.0,-1050.0
-11.0,31.0,-1056.0
19.0,-11.0,-1030.0
-17.0,29.0,-1018.0
19.0,-56.0,-1034.0
-21.0,-83.0,-1042.0
-13.0,-99.0,-1054.0
1.0,-76.0,-1059.0
-21.0,-58.0,-1050.0
5.0,-214.0,-1056.0
35.0,-212.0,-1048.0
-21.0,-7.0,-1065.0
-7.0,103.0,-1056.0
33.0,-271.0,-1042.0
-25.0,-103.0,-1089.0
21.0,-156.0,-1077.0
-5.0,-199.0,-1059.0
19.0,-150.0,-1075.0
-25.0,-244.0,-1087.0
13.0,-105.0,-1040.0
40.0,-66.0,-1065.0
-15.0,-212.0,-1095.0
40.0,-247.0,-1056.0
-13.0,-267.0,-1093.0
37.0,-236.0,-1069.0
-7.0,-238.0,-1095.0
31.0,-259.0,-1056.0
29.0,-240.0,-1069.0
9.0,-232.0,-1059.0
21.0,-226.0,-1100.0
-19.0,-296.0,-1042.0
58.0,-228.0,-1052.0
-29.0,-238.0,-1069.0
162.0,-267.0,-987.0
39.0,-230.0,-1114.0
-64.0,-286.0,-1108.0
78.0,-214.0,-976.0
11.0,-173.0,-1163.0
175.0,-273.0,-1013.0
-29.0,-234.0,-1018.0
-29.0,-191.0,-1116.0
230.0,-259.0,-1052.0
-62.0,-214.0,-1056.0
62.0,-324.0,-1026.0
-68.0,-345.0,-1089.0
158.0,-185.0,-1026.0
-7.0,-177.0,-1059.0
0.0,-171.0,-1026.0
111.0,-119.0,-1028.0
9.0,-95.0,-1042.0
48.0,-136.0,-1044.0
1.0,-214.0,-1046.0
81.0,-195.0,-1011.0
25.0,-158.0,-1083.0
19.0,-136.0,-1024.0
97.0,5.0,-1018.0
-33.0,-40.0,-1052.0
89.0,-44.0,-1026.0
23.0,-81.0,-1030.0
-21.0,-154.0,-1097.0
11.0,-175.0,-1087.0
33.0,-5.0,-1001.0
-103.0,130.0,-1061.0
70.0,29.0,-1026.0
37.0,58.0,-1013.0
-68.0,-35.0,-1093.0
44.0,-29.0,-1018.0
-70.0,99.0,-1069.0
39.0,134.0,-1048.0
-52.0,130.0,-1020.0
83.0,17.0,-999.0
-5.0,44.0,-1052.0
31.0,80.0,-1059.0
-29.0,117.0,-1061.0
15.0,78.0,-1079.0
-64.0,7.0,-1013.0
48.0,52.0,-1040.0
-56.0,128.0,-1026.0
140.0,277.0,-1022.0
-224.0,158.0,-1052.0
284.0,27.0,-935.0
-298.0,54.0,-1126.0
249.0,122.0,-981.0
-224.0,261.0,-1071.0
191.0,60.0,-981.0
-150.0,-40.0,-1065.0
74.0,93.0,-968.0
-44.0,255.0,-1075.0
-31.0,181.0,-1005.0
-54.0,-74.0,-1075.0
-33.0,-58.0,-977.0
70.0,197.0,-1089.0
-201.0,165.0,-1011.0
238.0,52.0,-954.0
-232.0,-128.0,-1134.0
220.0,144.0,-974.0
-228.0,286.0,-1081.0
121.0,-78.0,-981.0
-52.0,-111.0,-1079.0
21.0,111.0,-1011.0
-7.0,169.0,-1034.0
37.0,-130.0,-1015.0
-37.0,-117.0,-1114.0
21.0,101.0,-954.0
23.0,216.0,-1044.0
21.0,-284.0,-1040.0
44.0,-83.0,-995.0
17.0,132.0,-1097.0
-7.0,-142.0,-1026.0
31.0,-113.0,-1011.0
11.0,-78.0,-1057.0
44.0,23.0,-1030.0
15.0,-204.0,-1059.0
-1.0,-42.0,-1009.0
35.0,7.0,-1040.0
-31.0,-302.0,-1042.0
89.0,-72.0,-1007.0
-60.0,29.0,-1100.0
42.0,-343.0,-991.0
29.0,-167.0,-1003.0
70.0,42.0,-1073.0
17.0,-251.0,-1054.0
48.0,-236.0,-968.0
29.0,33.0,-1042.0
33.0,-201.0,-1073.0
85.0,-236.0,-1013.0
-33.0,64.0,-1071.0
9.0,-284.0,-1015.0
62.0,-230.0,-991.0
81.0,80.0,-1022.0
97.0,-175.0,-1038.0
-25.0,-220.0,-1026.0
-29.0,-35.0,-1048.0
-50.0,-283.0,-1052.0
25.0,-115.0,-1018.0
1.0,-19.0,-1032.0
97.0,-240.0,-995.0
46.0,1.0,-1022.0
25.0,-44.0,-1036.0
46.0,-212.0,-1015.0
-44.0,42.0,-1048.0
-39.0,-134.0,-1046.0
60.0,-97.0,-981.0
3.0,80.0,-1091.0
58.0,-150.0,-1005.0
37.0,-33.0,-991.0
-42.0,39.0,-1087.0
39.0,-99.0,-977.0
-54.0,-31.0,-1007.0
23.0,50.0,-1085.0
7.0,-99.0,-985.0
17.0,105.0,-1022.0
40.0,50.0,-1056.0
29.0,-25.0,-997.0
33.0,158.0,-1042.0
37.0,-31.0,-997.0
7.0,95.0,-1054.0
23.0,80.0,-1009.0
-66.0,40.0,-1061.0
37.0,95.0,-1013.0
-37.0,25.0,-1011.0
17.0,216.0,-1028.0
0.0,7.0,-981.0
-11.0,214.0,-1063.0
33.0,33.0,-1022.0
-46.0,132.0,-1022.0
37.0,134.0,-1020.0
9.0,13.0,-997.0
68.0,253.0,-1020.0
-5.0,7.0,-1046.0
33.0,271.0,-1011.0
-21.0,-19.0,-1024.0
37.0,242.0,-1011.0
1.0,-31.0,-1018.0
17.0,249.0,-1028.0
-29.0,13.0,-1024.0
17.0,195.0,-1024.0
-40.0,37.0,-1040.0
3.0,230.0,-1001.0
-46.0,39.0,-1032.0
-35.0,183.0,-1032.0
-11.0,-40.0,-1001.0
-29.0,247.0,-987.0
17.0,-78.0,-970.0
3.0,204.0,-976.0
23.0,-68.0,-999.0
-99.0,173.0,-1046.0
7.0,-130.0,-1013.0
-33.0,203.0,-1069.0
44.0,-78.0,-993.0
-99.0,171.0,-1061.0
203.0,-191.0,-1007.0
-203.0,216.0,-1114.0
124.0,-93.0,-974.0
70.0,156.0,-1054.0
9.0,-113.0,-1075.0
-142.0,162.0,-1018.0
220.0,52.0,-981.0
140.0,-101.0,-1089.0
-230.0,238.0,-1040.0
277.0,-284.0,-935.0
-80.0,197.0,-1143.0
308.0,-462.0,-1026.0
-286.0,337.0,-1054.0
470.0,-349.0,-913.0
-236.0,-17.0,-1212.0
234.0,-128.0,-890.0
19.0,-337.0,-1075.0
195.0,263.0,-1018.0
-9.0,-632.0,-948.0
-784.0,474.0,-993.0
528.0,-448.0,-981.0
-376.0,220.0,-1214.0
286.0,130.0,-931.0
-411.0,-349.0,-1110.0
532.0,238.0,-921.0
-21.0,-790.0,-997.0
-337.0,124.0,-917.0
214.0,-448.0,-1013.0
-464.0,-316.0,-1239.0
286.0,445.0,-1016.0
-267.0,-242.0,-1073.0
267.0,394.0,-1063.0
68.0,-154.0,-954.0
-7.0,-204.0,-1018.0
374.0,343.0,-1046.0
-177.0,-511.0,-1011.0
3.0,-179.0,-1020.0
-35.0,93.0,-1059.0
-76.0,-456.0,-952.0
-83.0,343.0,-1009.0
72.0,42.0,-962.0
111.0,-181.0,-983.0
113.0,347.0,-981.0
74.0,-333.0,-931.0
-87.0,-11.0,-1091.0
136.0,152.0,-1007.0
-150.0,-384.0,-993.0
52.0,214.0,-1022.0
52.0,87.0,-966.0
-115.0,-111.0,-966.0
138.0,9.0,-1009.0
-132.0,15.0,-1048.0
0.0,5.0,-1001.0
1.0,-83.0,-1044.0
-83.0,355.0,-1020.0
119.0,175.0,-997.0
-107.0,11.0,-1067.0
31.0,124.0,-1057.0
13.0,15.0,-1015.0
-19.0,-93.0,-1102.0
74.0,-52.0,-1056.0
40.0,271.0,-1022.0
54.0,87.0,-1046.0
70.0,-21.0,-1050.0
21.0,259.0,-1003.0
-1.0,124.0,-1073.0
-40.0,-1.0,-1040.0
40.0,128.0,-1052.0
21.0,312.0,-1059.0
68.0,91.0,-1020.0
-23.0,15.0,-1065.0
91.0,173.0,-1020.0
-66.0,183.0,-1100.0
-25.0,3.0,-1022.0
-11.0,33.0,-1038.0
7.0,302.0,-1005.0
7.0,208.0,-1022.0
-52.0,-42.0,-997.0
81.0,44.0,-1003.0
-122.0,187.0,-1077.0
33.0,201.0,-1030.0
-81.0,-23.0,-1018.0
33.0,93.0,-976.0
7.0,201.0,-968.0
17.0,121.0,-1005.0
46.0,-128.0,-1005.0
-31.0,-121.0,-1011.0
85.0,-31.0,-1022.0
-50.0,154.0,-985.0
103.0,13.0,-925.0
-68.0,122.0,-991.0
142.0,-42.0,-991.0
-60.0,122.0,-935.0
64.0,95.0,-985.0
-80.0,-72.0,-1056.0
56.0,-109.0,-970.0
-44.0,-78.0,-1026.0
29.0,126.0,-936.0
29.0,17.0,-1018.0
-7.0,3.0,-981.0
-7.0,-87.0,-1038.0
17.0,-93.0,-1022.0
-44.0,-74.0,-1024.0
-21.0,25.0,-1005.0
-17.0,13.0,-1034.0
0.0,-89.0,-960.0
-44.0,-158.0,-1022.0
39.0,-189.0,-1034.0
-35.0,-13.0,-1050.0
13.0,54.0,-1124.0
11.0,-95.0,-1091.0
0.0,-35.0,-970.0
167.0,-117.0,-1005.0
21.0,-122.0,-1052.0
91.0,-126.0,-1034.0
-95.0,-27.0,-1130.0
66.0,-99.0,-1145.0
-31.0,-103.0,-1073.0
95.0,83.0,-929.0
54.0,-29.0,-1018.0
37.0,-85.0,-1056.0
29.0,-171.0,-1091.0
-40.0,-101.0,-1139.0
19.0,-103.0,-1063.0
-52.0,-142.0,-1028.0
35.0,107.0,-950.0
21.0,48.0,-1056.0
46.0,-11.0,-999.0
60.0,-195.0,-1003.0
-58.0,-97.0,-1026.0
33.0,46.0,-1034.0
-44.0,66.0,-1040.0
74.0,101.0,-977.0
33.0,-107.0,-977.0
74.0,-31.0,-985.0
62.0,21.0,-1005.0
0.0,113.0,-1026.0
1.0,119.0,-991.0
37.0,5.0,-976.0
13.0,25.0,-1005.0
68.0,-78.0,-1042.0
-23.0,93.0,-1042.0
76.0,33.0,-966.0
9.0,44.0,-952.0
40.0,175.0,-960.0
0.0,66.0,-1034.0
-89.0,78.0,-1077.0
37.0,-31.0,-1130.0
-81.0,-29.0,-993.0
48.0,-5.0,-979.0
3.0,138.0,-950.0
-35.0,218.0,-1028.0
-29.0,169.0,-1093.0
-66.0,163.0,-1073.0
7.0,5.0,-1030.0
-3.0,3.0,-933.0
31.0,97.0,-940.0
-9.0,189.0,-1020.0
25.0,288.0,-1046.0
-15.0,144.0,-1075.0
9.0,117.0,-1040.0
21.0,-21.0,-972.0
-50.0,29.0,-997.0
-21.0,146.0,-1032.0
33.0,134.0,-1042.0
-37.0,158.0,-1059.0
40.0,74.0,-985.0
11.0,87.0,-942.0
-7.0,72.0,-1028.0
-33.0,83.0,-1030.0
35.0,83.0,-1036.0
-33.0,-9.0,-1056.0
42.0,27.0,-972.0
19.0,50.0,-997.0
-23.0,15.0,-993.0
-23.0,27.0,-997.0
-70.0,70.0,-1040.0
23.0,-27.0,-1098.0
-62.0,-25.0,-1011.0
46.0,58.0,-966.0
23.0,-25.0,-981.0
37.0,-13.0,-954.0
-58.0,27.0,-1026.0
15.0,37.0,-1077.0
-29.0,0.0,-1028.0
50.0,0.0,-976.0
3.0,-3.0,-966.0
56.0,-5.0,-981.0
-27.0,9.0,-1005.0
29.0,-42.0,-1069.0
21.0,7.0,-1032.0
27.0,-23.0,-983.0
-9.0,-119.0,-974.0
0.0,-103.0,-1048.0
29.0,-15.0,-1063.0
37.0,68.0,-1015.0
33.0,-52.0,-974.0
5.0,19.0,-987.0
33.0,29.0,-1057.0
33.0,-74.0,-1063.0
60.0,-25.0,-1034.0
74.0,-64.0,-946.0
29.0,-42.0,-1018.0
44.0,-111.0,-1132.0
39.0,-117.0,-1118.0
44.0,-40.0,-1042.0
60.0,-44.0,-979.0
9.0,11.0,-1020.0
31.0,23.0,-1083.0
3.0,72.0,-1015.0
-13.0,-35.0,-946.0
37.0,-185.0,-1011.0
29.0,-146.0,-1098.0
48.0,-72.0,-1141.0
-23.0,-19.0,-1087.0
9.0,48.0,-981.0
42.0,154.0,-915.0
-11.0,85.0,-933.0
19.0,-83.0,-1108.0
-15.0,-206.0,-1161.0
66.0,-101.0,-1079.0
11.0,144.0,-981.0
39.0,93.0,-882.0
-31.0,64.0,-966.0
-50.0,35.0,-1059.0
-17.0,-31.0,-1155.0
37.0,-122.0,-1038.0
44.0,-46.0,-942.0
-35.0,193.0,-954.0
-13.0,191.0,-1028.0
35.0,7.0,-1016.0
-29.0,-11.0,-1056.0
64.0,-74.0,-1061.0
62.0,76.0,-976.0
80.0,175.0,-931.0
-66.0,50.0,-1036.0
-27.0,-64.0,-1026.0
-54.0,66.0,-1048.0
0.0,191.0,-1061.0
15.0,62.0,-958.0
-13.0,29.0,-905.0
31.0,-48.0,-1030.0
9.0,169.0,-1044.0
-29.0,210.0,-1013.0
11.0,-56.0,-1011.0
13.0,-89.0,-1011.0
15.0,101.0,-999.0
-11.0,249.0,-995.0
-35.0,122.0,-1009.0
-31.0,-87.0,-1108.0
42.0,-54.0,-1089.0
-9.0,255.0,-942.0
-31.0,150.0,-901.0
58.0,-199.0,-1048.0
21.0,40.0,-1143.0
21.0,308.0,-1042.0
-46.0,76.0,-929.0
33.0,-253.0,-1067.0
74.0,-107.0,-1097.0
-37.0,489.0,-890.0
-46.0,68.0,-960.0
39.0,-322.0,-1180.0
64.0,72.0,-1118.0
-70.0,402.0,-892.0
29.0,-230.0,-935.0
-23.0,-366.0,-1180.0
-52.0,530.0,-1026.0
-60.0,300.0,-944.0
144.0,-599.0,-1024.0
25.0,3.0,-1061.0
-160.0,646.0,-938.0
93.0,-253.0,-1013.0
191.0,-597.0,-1124.0
-169.0,634.0,-958.0
-103.0,257.0,-923.0
314.0,-845.0,-1063.0
19.0,247.0,-995.0
-240.0,704.0,-995.0
199.0,-788.0,-1153.0
259.0,-329.0,-1018.0
-357.0,972.0,-876.0
105.0,-450.0,-1116.0
288.0,-560.0,-1042.0
-203.0,808.0,-899.0
-122.0,-210.0,-1251.0
349.0,-632.0,-995.0
-101.0,648.0,-769.0
-46.0,-103.0,-1247.0
119.0,-511.0,-1071.0
-203.0,536.0,-710.0
103.0,-284.0,-1417.0
138.0,-206.0,-989.0
-173.0,519.0,-566.0
238.0,-636.0,-1415.0
29.0,175.0,-1067.0
-331.0,400.0,-741.0
259.0,-792.0,-1364.0
25.0,501.0,-821.0
-68.0,189.0,-868.0
232.0,-677.0,-1356.0
-185.0,482.0,-761.0
62.0,-218.0,-1167.0
115.0,-201.0,-1108.0
-206.0,466.0,-655.0
124.0,-421.0,-1436.0
66.0,167.0,-786.0
-72.0,-40.0,-892.0
101.0,-199.0,-1378.0
-52.0,386.0,-659.0
66.0,-286.0,-1245.0
-156.0,101.0,-1011.0
-107.0,-27.0,-817.0
218.0,48.0,-1401.0
-46.0,64.0,-716.0
156.0,-167.0,-921.0
-181.0,249.0,-1206.0
193.0,-206.0,-1028.0
-230.0,304.0,-1087.0
46.0,-181.0,-874.0
119.0,1.0,-1001.0
-52.0,128.0,-1071.0
-3.0,9.0,-1134.0
-68.0,273.0,-854.0
134.0,-261.0,-1173.0
-132.0,286.0,-888.0
68.0,-191.0,-1046.0
-35.0,294.0,-1085.0
126.0,-300.0,-935.0
-126.0,448.0,-1139.0
21.0,-158.0,-901.0
169.0,128.0,-968.0
-230.0,46.0,-1081.0
179.0,-78.0,-1114.0
-181.0,283.0,-853.0
283.0,-216.0,-1180.0
-437.0,466.0,-876.0
423.0,-417.0,-1139.0
-320.0,509.0,-845.0
411.0,-474.0,-1112.0
-458.0,694.0,-938.0
544.0,-626.0,-1194.0
-458.0,737.0,-827.0
407.0,-657.0,-1206.0
-421.0,714.0,-774.0
573.0,-763.0,-1235.0
-583.0,866.0,-858.0
548.0,-780.0,-1235.0
-564.0,892.0,-872.0
548.0,-782.0,-1210.0
-763.0,899.0,-745.0
767.0,-903.0,-1325.0
-800.0,892.0,-772.0
823.0,-794.0,-1276.0
-860.0,876.0,-675.0
993.0,-650.0,-1294.0
-1018.0,548.0,-827.0
931.0,-468.0,-1266.0
-845.0,226.0,-720.0
733.0,1.0,-1253.0
-534.0,-279.0,-854.0
419.0,507.0,-1079.0
-46.0,-776.0,-1042.0
-267.0,911.0,-917.0
538.0,-935.0,-1155.0
-819.0,983.0,-815.0
940.0,-825.0,-1378.0
-1020.0,495.0,-769.0
1120.0,-204.0,-1145.0
-915.0,-279.0,-827.0
579.0,554.0,-1161.0
-136.0,-858.0,-1132.0
-431.0,1077.0,-868.0
685.0,-958.0,-1198.0
-921.0,454.0,-804.0
999.0,-136.0,-1190.0
-921.0,-286.0,-917.0
478.0,675.0,-1059.0
-42.0,-909.0,-1167.0
-435.0,700.0,-858.0
675.0,-372.0,-1081.0
-640.0,-208.0,-1001.0
327.0,620.0,-958.0
52.0,-841.0,-1136.0
-345.0,612.0,-851.0
527.0,-121.0,-1208.0
-402.0,-513.0,-903.0
85.0,847.0,-825.0
320.0,-782.0,-1342.0
-527.0,355.0,-894.0
527.0,337.0,-960.0
-138.0,-903.0,-1184.0
-331.0,679.0,-772.0
665.0,-185.0,-1163.0
-566.0,-415.0,-1100.0
52.0,759.0,-854.0
415.0,-525.0,-1200.0
-571.0,-240.0,-958.0
187.0,810.0,-872.0
320.0,-714.0,-1262.0
-589.0,-11.0,-839.0
359.0,835.0,-952.0
111.0,-999.0,-1378.0
-448.0,370.0,-626.0
394.0,716.0,-997.0
70.0,-1046.0,-1389.0
-380.0,478.0,-667.0
345.0,622.0,-997.0
191.0,-1036.0,-1327.0
-365.0,366.0,-679.0
111.0,689.0,-995.0
384.0,-837.0,-1399.0
-450.0,-1.0,-780.0
-29.0,933.0,-851.0
569.0,-609.0,-1333.0
-398.0,-593.0,-942.0
-279.0,1042.0,-806.0
689.0,-13.0,-1276.0
-238.0,-1001.0,-1056.0
-482.0,618.0,-696.0
435.0,753.0,-1128.0
201.0,-1136.0,-1329.0
-628.0,-173.0,-755.0
169.0,1378.0,-884.0
560.0,-591.0,-1339.0
-343.0,-1042.0,-931.0
-376.0,1122.0,-696.0
322.0,581.0,-1260.0
181.0,-1286.0,-1278.0
-437.0,-206.0,-823.0
15.0,1251.0,-733.0
507.0,-70.0,-1200.0
-68.0,-1206.0,-1237.0
-468.0,431.0,-880.0
25.0,1091.0,-806.0
423.0,-599.0,-1231.0
-212.0,-1046.0,-1231.0
-130.0,620.0,-675.0
62.0,976.0,-917.0
312.0,-495.0,-1331.0
-95.0,-921.0,-1022.0
-242.0,296.0,-849.0
-89.0,847.0,-1073.0
267.0,-130.0,-1026.0
-56.0,-712.0,-1126.0
-29.0,-5.0,-1020.0
-40.0,609.0,-813.0
-11.0,181.0,-968.0
62.0,-423.0,-1259.0
44.0,-325.0,-1069.0
-113.0,171.0,-845.0
-15.0,433.0,-903.0
122.0,93.0,-1095.0
23.0,-290.0,-1124.0
72.0,-345.0,-1093.0
-66.0,37.0,-972.0
-76.0,390.0,-854.0
87.0,177.0,-1028.0
33.0,-261.0,-1198.0
1.0,-312.0,-1083.0
52.0,46.0,-899.0
-13.0,294.0,-993.0
-62.0,195.0,-987.0
-7.0,-245.0,-1005.0
-25.0,-244.0,-1163.0
214.0,85.0,-1015.0
74.0,136.0,-872.0
-148.0,80.0,-1052.0
-78.0,-148.0,-1095.0
-175.0,0.0,-960.0
132.0,163.0,-960.0
103.0,19.0,-1141.0
62.0,-113.0,-1044.0
-136.0,-148.0,-1083.0
19.0,78.0,-936.0
-9.0,115.0,-854.0
60.0,50.0,-1030.0
11.0,48.0,-1122.0
13.0,-31.0,-1050.0
126.0,-117.0,-1095.0
214.0,-175.0,-1048.0
-42.0,-48.0,-958.0
-80.0,89.0,-864.0
-201.0,238.0,-1007.0
-111.0,95.0,-1038.0
121.0,21.0,-1011.0
27.0,132.0,-1128.0
265.0,-134.0,-1095.0
-54.0,-185.0,-1046.0
21.0,-103.0,-1030.0
-128.0,-9.0,-1003.0
-93.0,138.0,-913.0
-80.0,240.0,-981.0
-62.0,142.0,-899.0
-11.0,146.0,-991.0
158.0,68.0,-1114.0
95.0,-103.0,-1155.0
197.0,-60.0,-1124.0
144.0,-193.0,-1110.0
11.0,-193.0,-1009.0
37.0,-5.0,-972.0
-44.0,42.0,-952.0
-117.0,117.0,-964.0
-68.0,111.0,-966.0
-165.0,193.0,-944.0
-1.0,220.0,-944.0
-29.0,113.0,-1003.0
-29.0,27.0,-1061.0
95.0,56.0,-1056.0
-31.0,40.0,-1102.0
83.0,-54.0,-1114.0
-5.0,7.0,-1003.0
78.0,83.0,-985.0
56.0,-72.0,-1048.0
17.0,5.0,-1030.0
15.0,111.0,-1087.0
46.0,23.0,-1018.0
3.0,-54.0,-997.0
122.0,-31.0,-995.0
23.0,42.0,-1003.0
56.0,-111.0,-1028.0
122.0,-23.0,-1106.0
-78.0,-46.0,-1036.0
117.0,-3.0,-989.0
31.0,-66.0,-1022.0
-48.0,-40.0,-1018.0
105.0,-122.0,-1020.0
-37.0,-103.0,-1077.0
74.0,17.0,-1048.0
-40.0,-11.0,-1054.0
78.0,-103.0,-995.0
-48.0,-60.0,-1018.0
11.0,29.0,-1067.0
89.0,-40.0,-1067.0
-23.0,-62.0,-989.0
58.0,-23.0,-1071.0
58.0,-99.0,-1015.0
1.0,-1.0,-989.0
66.0,-1.0,-1044.0
-48.0,-17.0,-1050.0
-3.0,72.0,-1030.0
21.0,80.0,-974.0
-17.0,-50.0,-1013.0
-15.0,48.0,-974.0
60.0,-81.0,-1018.0
-103.0,19.0,-1061.0
66.0,148.0,-1001.0
-185.0,35.0,-1034.0
187.0,-39.0,-1022.0
-111.0,107.0,-1028.0
93.0,-68.0,-997.0
25.0,-89.0,-1056.0
-70.0,89.0,-1052.0
136.0,-54.0,-1048.0
-72.0,40.0,-1024.0
136.0,-93.0,-1034.0
-44.0,1.0,-1013.0
9.0,107.0,-1046.0
40.0,42.0,-989.0
-62.0,-9.0,-1001.0
72.0,-25.0,-1077.0
-17.0,-44.0,-1048.0
109.0,13.0,-897.0
5.0,29.0,-1018.0
-140.0,80.0,-1114.0
128.0,66.0,-1009.0
-154.0,31.0,-1038.0
138.0,-101.0,-952.0
-37.0,15.0,-1018.0
64.0,1.0,-1038.0
27.0,19.0,-1089.0
11.0,105.0,-1042.0
74.0,-70.0,-995.0
-72.0,52.0,-958.0
7.0,40.0,-993.0
-11.0,42.0,-997.0
-15.0,40.0,-1116.0
33.0,-3.0,-1073.0
11.0,44.0,-968.0
44.0,-5.0,-936.0
-15.0,-21.0,-999.0
-76.0,66.0,-1104.0
44.0,105.0,-977.0
-169.0,40.0,-1036.0
245.0,-39.0,-981.0
-111.0,-58.0,-1063.0
111.0,42.0,-1054.0
-78.0,42.0,-1013.0
-44.0,48.0,-989.0
52.0,-13.0,-991.0
-81.0,23.0,-1048.0
218.0,15.0,-1015.0
-163.0,107.0,-1003.0
66.0,19.0,-1038.0
-124.0,5.0,-1052.0
85.0,31.0,-956.0
1.0,-15.0,-1001.0
50.0,-11.0,-1077.0
-3.0,15.0,-1056.0
-101.0,132.0,-997.0
101.0,27.0,-927.0
-15.0,-66.0,-1042.0
83.0,19.0,-1087.0
-39.0,60.0,-1022.0
-29.0,56.0,-1003.0
15.0,-76.0,-1024.0
-29.0,-9.0,-968.0
173.0,60.0,-1042.0
-95.0,132.0,-999.0
39.0,-31.0,-1052.0
-50.0,29.0,-1042.0
60.0,1.0,-1098.0
21.0,7.0,-892.0
-64.0,-42.0,-968.0
124.0,-72.0,-1139.0
-13.0,201.0,-1030.0
103.0,68.0,-948.0
-140.0,-70.0,-1015.0
119.0,-19.0,-1108.0
-89.0,66.0,-979.0
126.0,27.0,-1003.0
-40.0,-46.0,-1003.0
56.0,-21.0,-1048.0
48.0,15.0,-962.0
-122.0,78.0,-1089.0
117.0,62.0,-981.0
-191.0,9.0,-1106.0
288.0,-11.0,-948.0
-183.0,-37.0,-1048.0
183.0,13.0,-901.0
-128.0,3.0,-1198.0
33.0,11.0,-952.0
39.0,52.0,-1089.0
-136.0,39.0,-1020.0
236.0,-87.0,-1001.0
-201.0,66.0,-954.0
236.0,13.0,-1104.0
-234.0,-17.0,-1069.0
220.0,-7.0,-925.0
-169.0,-37.0,-1091.0
128.0,87.0,-995.0
-142.0,80.0,-964.0
89.0,19.0,-1071.0
-44.0,-25.0,-1091.0
70.0,9.0,-860.0
-74.0,-72.0,-1011.0
81.0,107.0,-1073.0
-7.0,0.0,-1122.0
-17.0,89.0,-909.0
81.0,-31.0,-1091.0
-21.0,81.0,-921.0
70.0,-35.0,-1098.0
-89.0,1.0,-1020.0
81.0,9.0,-1063.0
-117.0,-37.0,-995.0
138.0,93.0,-985.0
-97.0,-37.0,-983.0
58.0,95.0,-1042.0
-37.0,40.0,-1079.0
44.0,109.0,-946.0
-101.0,-70.0,-1048.0
119.0,-52.0,-954.0
-144.0,52.0,-1112.0
136.0,-37.0,-983.0
-109.0,177.0,-1028.0
146.0,-33.0,-1015.0
-72.0,31.0,-1056.0
33.0,-76.0,-972.0
23.0,31.0,-1042.0
15.0,17.0,-1007.0
48.0,5.0,-1015.0
-37.0,39.0,-985.0
19.0,72.0,-1059.0
-35.0,122.0,-1018.0
99.0,7.0,-960.0
-78.0,-99.0,-1028.0
109.0,50.0,-1042.0
-42.0,-91.0,-1040.0
5.0,95.0,-993.0
-11.0,50.0,-1024.0
9.0,11.0,-1026.0
62.0,83.0,-1089.0
-40.0,-130.0,-974.0
95.0,109.0,-1038.0
-91.0,-52.0,-972.0
122.0,1.0,-1036.0
-134.0,17.0,-999.0
154.0,42.0,-1044.0
-236.0,146.0,-997.0
281.0,-7.0,-1063.0
-238.0,15.0,-1020.0
294.0,-46.0,-960.0
-193.0,5.0,-1050.0
148.0,-40.0,-946.0
-109.0,249.0,-1102.0
179.0,-97.0,-1026.0
-218.0,103.0,-1079.0
261.0,-101.0,-936.0
-193.0,-35.0,-1048.0
230.0,42.0,-964.0
-146.0,-62.0,-1087.0
148.0,29.0,-960.0
-173.0,189.0,-1056.0
167.0,-13.0,-1013.0
-242.0,5.0,-1036.0
259.0,52.0,-931.0
-173.0,-154.0,-1083.0
158.0,11.0,-985.0
-130.0,95.0,-1126.0
134.0,-9.0,-925.0
-138.0,208.0,-1048.0
218.0,-111.0,-999.0
-78.0,-113.0,-1083.0
78.0,95.0,-968.0
0.0,-46.0,-1091.0
23.0,-52.0,-952.0
-83.0,183.0,-972.0
144.0,46.0,-1059.0
-136.0,-52.0,-1083.0
103.0,152.0,-868.0
-99.0,-142.0,-1067.0
74.0,-81.0,-1059.0
-95.0,101.0,-1028.0
107.0,113.0,-946.0
-29.0,-3.0,-1050.0
-19.0,40.0,-1015.0
117.0,-19.0,-1011.0
-50.0,-132.0,-1071.0
-58.0,81.0,-1003.0
87.0,-23.0,-993.0
-76.0,9.0,-999.0
140.0,115.0,-976.0
-255.0,236.0,-1116.0
378.0,-130.0,-962.0
-511.0,-27.0,-1071.0
447.0,33.0,-901.0
-368.0,-42.0,-1194.0
382.0,1.0,-817.0
-312.0,312.0,-1138.0
310.0,-48.0,-977.0
-109.0,-99.0,-1077.0
-21.0,-31.0,-958.0
78.0,124.0,-1028.0
5.0,-203.0,-1063.0
9.0,68.0,-933.0
33.0,261.0,-1040.0
29.0,46.0,-1063.0
0.0,-128.0,-1024.0
-146.0,93.0,-1022.0
140.0,-7.0,-991.0
-7.0,-105.0,-1050.0
29.0,-9.0,-958.0
-5.0,294.0,-1048.0
74.0,-62.0,-1079.0
40.0,-80.0,-993.0
-70.0,17.0,-1057.0
-17.0,40.0,-952.0
115.0,-95.0,-1042.0
-56.0,-42.0,-1018.0
121.0,132.0,-958.0
-138.0,214.0,-1079.0
99.0,17.0,-1069.0
-154.0,-76.0,-1042.0
-21.0,0.0,-942.0
101.0,74.0,-1001.0
-11.0,-40.0,-1075.0
226.0,-19.0,-983.0
-277.0,173.0,-1083.0
349.0,25.0,-964.0
-341.0,-56.0,-1122.0
275.0,-128.0,-899.0
-245.0,167.0,-1095.0
253.0,40.0,-935.0
-89.0,-17.0,-1100.0
101.0,52.0,-962.0
-83.0,126.0,-1028.0
27.0,-97.0,-1036.0
-33.0,-91.0,-1093.0
-11.0,31.0,-979.0
3.0,286.0,-966.0
142.0,5.0,-1011.0
42.0,-124.0,-1036.0
-50.0,-83.0,-1056.0
76.0,37.0,-976.0
-101.0,42.0,-1059.0
179.0,-40.0,-997.0
-242.0,74.0,-1054.0
261.0,78.0,-940.0
-267.0,185.0,-1079.0
374.0,-175.0,-927.0
-386.0,-130.0,-1155.0
390.0,33.0,-944.0
-388.0,212.0,-1087.0
368.0,17.0,-923.0
-234.0,83.0,-1116.0
199.0,-142.0,-936.0
-74.0,-9.0,-1098.0
37.0,-35.0,-1005.0
76.0,-13.0,-1013.0
-201.0,50.0,-1065.0
238.0,101.0,-909.0
-314.0,247.0,-1120.0
376.0,-87.0,-964.0
-394.0,-76.0,-1149.0
361.0,-122.0,-888.0
-318.0,40.0,-1120.0
244.0,76.0,-911.0
-121.0,152.0,-1108.0
93.0,-9.0,-983.0
66.0,-52.0,-1059.0
-122.0,-29.0,-964.0
263.0,-31.0,-1011.0
-244.0,-1.0,-1093.0
165.0,-31.0,-985.0
-267.0,187.0,-1054.0
191.0,105.0,-1011.0
-80.0,37.0,-1018.0
121.0,-103.0,-944.0
23.0,-93.0,-1042.0
25.0,70.0,-1038.0
15.0,136.0,-1034.0
-44.0,93.0,-1001.0
50.0,-33.0,-1095.0
0.0,-138.0,-958.0
27.0,-31.0,-1056.0
1.0,35.0,-956.0
0.0,99.0,-1116.0
-107.0,109.0,-938.0
68.0,48.0,-1071.0
-87.0,13.0,-1003.0
247.0,-119.0,-989.0
-245.0,31.0,-1030.0
298.0,-9.0,-987.0
-255.0,156.0,-1112.0
201.0,42.0,-956.0
-29.0,29.0,-1132.0
-136.0,-105.0,-979.0
331.0,-142.0,-913.0
-489.0,122.0,-1179.0
605.0,-3.0,-868.0
-527.0,259.0,-1130.0
603.0,-11.0,-880.0
-437.0,-78.0,-1202.0
185.0,-66.0,-876.0
-95.0,-109.0,-1104.0
-74.0,140.0,-1011.0
242.0,148.0,-1048.0
-208.0,50.0,-981.0
306.0,35.0,-1040.0
-279.0,-169.0,-1030.0
232.0,-175.0,-962.0
-255.0,95.0,-1136.0
124.0,25.0,-993.0
-111.0,222.0,-1020.0
95.0,78.0,-911.0
134.0,-68.0,-1073.0
-169.0,-29.0,-979.0
327.0,-148.0,-989.0
-415.0,91.0,-1124.0
542.0,31.0,-905.0
-527.0,183.0,-1163.0
519.0,-99.0,-851.0
-341.0,9.0,-1235.0
140.0,-136.0,-860.0
83.0,27.0,-1042.0
-411.0,17.0,-1044.0
638.0,33.0,-933.0
-657.0,263.0,-1177.0
653.0,-101.0,-909.0
-493.0,-62.0,-1093.0
273.0,-81.0,-913.0
7.0,66.0,-1054.0
-140.0,271.0,-1024.0
400.0,13.0,-1007.0
-349.0,-15.0,-1040.0
435.0,-109.0,-1042.0
-404.0,-76.0,-1046.0
267.0,-60.0,-940.0
-222.0,93.0,-1145.0
-13.0,193.0,-909.0
83.0,130.0,-1083.0
-167.0,-42.0,-1034.0
267.0,-245.0,-929.0
-325.0,64.0,-1102.0
296.0,-40.0,-997.0
-156.0,208.0,-1110.0
126.0,201.0,-892.0
93.0,-62.0,-1104.0
-146.0,-89.0,-956.0
425.0,-214.0,-913.0
-585.0,169.0,-1221.0
644.0,83.0,-872.0
-624.0,189.0,-1239.0
488.0,17.0,-839.0
-341.0,-42.0,-1175.0
107.0,-83.0,-851.0
134.0,-117.0,-1108.0
-267.0,175.0,-1056.0
201.0,222.0,-1020.0
-169.0,21.0,-954.0
76.0,-5.0,-1073.0
195.0,-142.0,-936.0
-281.0,25.0,-1065.0
437.0,-156.0,-1007.0
-368.0,181.0,-1139.0
316.0,126.0,-888.0
-325.0,44.0,-1141.0
97.0,-146.0,-870.0
-7.0,-21.0,-1118.0
-119.0,17.0,-979.0
310.0,122.0,-1052.0
-312.0,183.0,-1069.0
415.0,-64.0,-948.0
-384.0,60.0,-1161.0
445.0,-175.0,-782.0
-312.0,115.0,-1229.0
177.0,17.0,-907.0
-35.0,78.0,-1030.0
-122.0,191.0,-1071.0
95.0,-74.0,-1038.0
-124.0,-95.0,-976.0
46.0,-50.0,-1015.0
62.0,72.0,-1024.0
-199.0,290.0,-1108.0
306.0,-119.0,-913.0
-156.0,23.0,-1100.0
87.0,-95.0,-1009.0
138.0,-267.0,-851.0
-126.0,140.0,-1104.0
265.0,93.0,-1018.0
-234.0,144.0,-1050.0
206.0,58.0,-977.0
-156.0,-165.0,-1034.0
37.0,-60.0,-958.0
44.0,-39.0,-1065.0
25.0,111.0,-974.0
-44.0,271.0,-1163.0
99.0,-140.0,-966.0
-50.0,-83.0,-997.0
48.0,-3.0,-1087.0
-31.0,-70.0,-985.0
-13.0,85.0,-1044.0
52.0,124.0,-1042.0
-222.0,103.0,-1077.0
329.0,5.0,-872.0
-370.0,-160.0,-1093.0
324.0,-72.0,-948.0
-363.0,247.0,-1173.0
230.0,-66.0,-858.0
-76.0,224.0,-1179.0
15.0,-144.0,-907.0
363.0,-70.0,-929.0
-382.0,78.0,-1153.0
468.0,-124.0,-880.0
-398.0,314.0,-1223.0
265.0,-13.0,-929.0
-259.0,70.0,-1108.0
156.0,-50.0,-872.0
-134.0,-169.0,-1147.0
208.0,19.0,-925.0
-201.0,234.0,-1106.0
247.0,-50.0,-925.0
-150.0,142.0,-1108.0
52.0,-179.0,-960.0
23.0,-76.0,-950.0
-103.0,81.0,-1073.0
269.0,0.0,-993.0
-224.0,288.0,-1073.0
267.0,58.0,-979.0
-210.0,-119.0,-1059.0
-40.0,0.0,-1098.0
1.0,122.0,-983.0
101.0,171.0,-1054.0
-21.0,-7.0,-1040.0
76.0,-107.0,-960.0
3.0,-37.0,-1024.0
-80.0,-17.0,-979.0
70.0,175.0,-1065.0
-169.0,173.0,-1091.0
70.0,95.0,-977.0
11.0,-17.0,-989.0
89.0,-290.0,-964.0
39.0,72.0,-1038.0
-68.0,107.0,-1102.0
-19.0,136.0,-1044.0
-15.0,-7.0,-983.0
50.0,-37.0,-1007.0
56.0,-193.0,-948.0
117.0,33.0,-977.0
-85.0,66.0,-1116.0
19.0,124.0,-1030.0
-109.0,142.0,-1036.0
37.0,-13.0,-989.0
-27.0,-162.0,-1024.0
115.0,-25.0,-995.0
-216.0,80.0,-1081.0
290.0,160.0,-956.0
-302.0,58.0,-1126.0
409.0,-93.0,-913.0
-294.0,-81.0,-1081.0
273.0,-68.0,-868.0
-185.0,134.0,-1194.0
-7.0,50.0,-976.0
87.0,228.0,-1030.0
-261.0,-56.0,-1030.0
409.0,-185.0,-860.0
-353.0,46.0,-1198.0
394.0,-25.0,-845.0
-316.0,238.0,-1190.0
226.0,-66.0,-913.0
-21.0,-40.0,-1044.0
-42.0,-62.0,-1018.0
253.0,-144.0,-913.0
-245.0,146.0,-1098.0
201.0,-17.0,-1028.0
-232.0,296.0,-1077.0
25.0,-27.0,-997.0
99.0,-101.0,-972.0
-199.0,-27.0,-1093.0
345.0,0.0,-884.0
-411.0,294.0,-1194.0
386.0,-130.0,-938.0
-95.0,107.0,-1046.0
-68.0,-251.0,-1026.0
294.0,-5.0,-884.0
-394.0,140.0,-1155.0
357.0,17.0,-966.0
-419.0,259.0,-1169.0
304.0,-148.0,-882.0
-144.0,-72.0,-1056.0
103.0,-83.0,-1016.0
70.0,72.0,-989.0
-191.0,304.0,-1132.0
109.0,-91.0,-1001.0
-48.0,107.0,-981.0
109.0,-245.0,-1022.0
46.0,-74.0,-952.0
85.0,76.0,-1018.0
-138.0,83.0,-1190.0
5.0,119.0,-981.0
-44.0,1.0,-989.0
-9.0,-113.0,-1057.0
68.0,-23.0,-958.0
-95.0,206.0,-1063.0
48.0,68.0,-1100.0
-9.0,1.0,-966.0
105.0,-31.0,-1013.0
-103.0,-253.0,-1007.0
119.0,58.0,-936.0
-74.0,97.0,-1042.0
-21.0,177.0,-1147.0
-42.0,107.0,-995.0
93.0,-99.0,-966.0
-203.0,-107.0,-1108.0
370.0,-146.0,-827.0
-343.0,273.0,-1221.0
341.0,-7.0,-936.0
-236.0,224.0,-1067.0
171.0,-212.0,-1026.0
-31.0,-122.0,-987.0
-113.0,103.0,-968.0
245.0,-78.0,-1026.0
-333.0,286.0,-1161.0
257.0,48.0,-915.0
-146.0,-81.0,-1069.0
64.0,-165.0,-979.0
64.0,37.0,-1001.0
-167.0,267.0,-1075.0
244.0,-23.0,-1015.0
-189.0,121.0,-1015.0
236.0,-175.0,-983.0
-158.0,-115.0,-1020.0
150.0,0.0,-940.0
-101.0,134.0,-1112.0
-64.0,134.0,-1091.0
220.0,87.0,-895.0
-267.0,-89.0,-1177.0
277.0,-175.0,-831.0
-283.0,203.0,-1136.0
113.0,80.0,-1042.0
3.0,162.0,-1015.0
1.0,74.0,-1048.0
210.0,-314.0,-954.0
-238.0,81.0,-995.0
204.0,-27.0,-979.0
-251.0,138.0,-1175.0
1.0,142.0,-1026.0
226.0,-58.0,-907.0
-253.0,-101.0,-1110.0
439.0,-87.0,-837.0
-337.0,238.0,-1130.0
179.0,27.0,-1040.0
-124.0,107.0,-1032.0
89.0,-50.0,-960.0
167.0,-236.0,-997.0
-183.0,144.0,-956.0
386.0,48.0,-923.0
-374.0,187.0,-1257.0
128.0,-58.0,-1036.0
25.0,-66.0,-921.0
-302.0,-128.0,-1073.0
409.0,-44.0,-907.0
-236.0,263.0,-1059.0
288.0,56.0,-1075.0
-269.0,130.0,-1042.0
273.0,-121.0,-847.0
-140.0,-238.0,-1130.0
-35.0,124.0,-976.0
273.0,60.0,-935.0
-234.0,160.0,-1184.0
191.0,-117.0,-993.0
-7.0,1.0,-923.0
-89.0,-109.0,-1085.0
0.0,105.0,-1018.0
21.0,121.0,-956.0
160.0,46.0,-1139.0
-238.0,-44.0,-1095.0
366.0,-66.0,-753.0
-294.0,-31.0,-1139.0
50.0,21.0,-1083.0
29.0,263.0,-1011.0
-70.0,46.0,-1065.0
-29.0,-183.0,-1032.0
140.0,-97.0,-880.0
23.0,40.0,-1036.0
85.0,154.0,-1073.0
-70.0,152.0,-1050.0
185.0,-130.0,-952.0
-179.0,-66.0,-1157.0
95.0,-132.0,-860.0
197.0,3.0,-909.0
-218.0,224.0,-1220.0
156.0,42.0,-1054.0
-58.0,76.0,-913.0
-91.0,-134.0,-1116.0
31.0,-78.0,-985.0
7.0,195.0,-1011.0
74.0,52.0,-1069.0
-54.0,148.0,-1001.0
136.0,-3.0,-987.0
42.0,-242.0,-936.0
-83.0,89.0,-1067.0
85.0,11.0,-1067.0
-154.0,201.0,-1083.0
-80.0,105.0,-1036.0
25.0,-177.0,-995.0
27.0,-74.0,-927.0
58.0,48.0,-1042.0
15.0,72.0,-972.0
48.0,193.0,-1132.0
-117.0,-5.0,-1046.0
163.0,-64.0,-876.0
-169.0,-119.0,-1079.0
130.0,-21.0,-958.0
-9.0,271.0,-1052.0
81.0,83.0,-1057.0
-138.0,-91.0,-1106.0
234.0,-93.0,-845.0
-181.0,-46.0,-1079.0
111.0,81.0,-1024.0
-31.0,197.0,-1057.0
56.0,37.0,-1015.0
52.0,-163.0,-1087.0
-70.0,-19.0,-901.0
222.0,-52.0,-874.0
-177.0,152.0,-1161.0
83.0,93.0,-1182.0
1.0,62.0,-899.0
-17.0,-60.0,-1054.0
-140.0,-81.0,-1009.0
249.0,37.0,-888.0
-109.0,218.0,-1151.0
42.0,-3.0,-1057.0
0.0,-15.0,-989.0
85.0,-134.0,-921.0
-83.0,-7.0,-1056.0
119.0,56.0,-974.0
-7.0,124.0,-1116.0
-15.0,115.0,-1040.0
-91.0,-101.0,-1081.0
81.0,-181.0,-909.0
19.0,83.0,-1056.0
-169.0,146.0,-1093.0
265.0,95.0,-923.0
-115.0,99.0,-1069.0
181.0,-277.0,-974.0
-206.0,35.0,-1005.0
140.0,-23.0,-979.0
-113.0,97.0,-1083.0
-83.0,204.0,-1139.0
249.0,-179.0,-897.0
-109.0,-105.0,-1022.0
150.0,-42.0,-1013.0
17.0,175.0,-948.0
40.0,124.0,-1097.0
-5.0,-19.0,-1134.0
-50.0,-95.0,-950.0
191.0,-150.0,-854.0
-175.0,17.0,-1157.0
115.0,165.0,-1034.0
-52.0,218.0,-1018.0
-126.0,-81.0,-1126.0
9.0,-134.0,-917.0
132.0,42.0,-983.0
-33.0,21.0,-1093.0
58.0,175.0,-1011.0
-95.0,76.0,-1106.0
99.0,-163.0,-968.0
-50.0,-33.0,-962.0
44.0,-58.0,-981.0
-11.0,150.0,-1059.0
-35.0,183.0,-1085.0
31.0,-5.0,-1071.0
1.0,-218.0,-952.0
113.0,1.0,-991.0
-78.0,44.0,-1034.0
95.0,140.0,-1003.0
-68.0,124.0,-1114.0
169.0,-142.0,-981.0
-19.0,-146.0,-964.0
68.0,15.0,-1013.0
-101.0,175.0,-1087.0
-23.0,146.0,-974.0
-80.0,29.0,-1130.0
113.0,-230.0,-954.0
171.0,23.0,-991.0
-206.0,46.0,-1083.0
162.0,97.0,-960.0
-162.0,95.0,-1104.0
218.0,-122.0,-987.0
5.0,-27.0,-917.0
46.0,-35.0,-981.0
0.0,136.0,-1052.0
-265.0,234.0,-1182.0
138.0,-101.0,-956.0
-181.0,-37.0,-1022.0
206.0,-70.0,-995.0
64.0,27.0,-958.0
-62.0,160.0,-1116.0
-58.0,58.0,-1054.0
-25.0,17.0,-933.0
87.0,-128.0,-999.0
-52.0,-15.0,-1018.0
121.0,48.0,-931.0
17.0,162.0,-1063.0
-83.0,-15.0,-1143.0
138.0,-115.0,-968.0
-81.0,-33.0,-977.0
-52.0,-17.0,-1015.0
37.0,140.0,-1009.0
74.0,101.0,-1063.0
115.0,15.0,-983.0
62.0,-107.0,-942.0
40.0,-121.0,-964.0
-113.0,169.0,-1102.0
-117.0,181.0,-1126.0
103.0,-72.0,-962.0
-62.0,-91.0,-1089.0
113.0,-33.0,-958.0
95.0,122.0,-942.0
-58.0,105.0,-1116.0
-91.0,105.0,-1118.0
9.0,-76.0,-911.0
140.0,-40.0,-942.0
-62.0,-50.0,-1083.0
185.0,54.0,-958.0
-101.0,189.0,-1089.0
-29.0,-72.0,-1073.0
-46.0,-91.0,-1011.0
29.0,42.0,-950.0
-44.0,42.0,-1026.0
136.0,91.0,-948.0
9.0,138.0,-1124.0
37.0,-107.0,-1083.0
-60.0,-142.0,-923.0
-39.0,13.0,-913.0
-15.0,87.0,-1134.0
-105.0,204.0,-1104.0
156.0,37.0,-938.0
-89.0,-97.0,-997.0
253.0,-97.0,-938.0
-91.0,109.0,-1050.0
52.0,95.0,-997.0
-126.0,54.0,-1108.0
42.0,-140.0,-1032.0
87.0,-93.0,-913.0
29.0,46.0,-981.0
37.0,169.0,-1093.0
-74.0,87.0,-1042.0
-74.0,87.0,-1098.0
-58.0,-167.0,-1032.0
216.0,-68.0,-876.0
-119.0,181.0,-1087.0
105.0,42.0,-1020.0
62.0,81.0,-997.0
83.0,-68.0,-1073.0
-37.0,-163.0,-954.0
68.0,-7.0,-894.0
21.0,163.0,-1110.0
-163.0,89.0,-1198.0
17.0,-21.0,-952.0
-37.0,-54.0,-993.0
-21.0,-101.0,-1024.0
126.0,177.0,-956.0
37.0,191.0,-1065.0
37.0,13.0,-1007.0
-39.0,-74.0,-1026.0
-66.0,-76.0,-944.0
19.0,-9.0,-1044.0
-105.0,130.0,-1057.0
214.0,48.0,-997.0
-44.0,-25.0,-1063.0
95.0,-27.0,-1024.0
-101.0,-3.0,-952.0
25.0,46.0,-952.0
-70.0,165.0,-1180.0
39.0,-64.0,-1079.0
76.0,-56.0,-890.0
-68.0,-44.0,-923.0
167.0,70.0,-1054.0
-66.0,138.0,-1141.0
50.0,48.0,-970.0
-136.0,-40.0,-995.0
201.0,-189.0,-985.0
7.0,93.0,-1085.0
-113.0,115.0,-1056.0
121.0,-5.0,-921.0
-81.0,-7.0,-1100.0
167.0,-124.0,-981.0
17.0,40.0,-958.0
58.0,105.0,-1009.0
-150.0,109.0,-1167.0
-89.0,-19.0,-1059.0
107.0,-62.0,-995.0
-54.0,-64.0,-958.0
134.0,111.0,-999.0
15.0,197.0,-1091.0
40.0,-9.0,-1048.0
-15.0,-76.0,-997.0
-39.0,-83.0,-921.0
72.0,-1.0,-1071.0
-76.0,74.0,-1081.0
169.0,115.0,-952.0
-103.0,-1.0,-1108.0
74.0,-165.0,-981.0
13.0,62.0,-974.0
-54.0,150.0,-1040.0
54.0,-5.0,-1042.0
-37.0,19.0,-1018.0
296.0,-58.0,-966.0
-27.0,-15.0,-1013.0
60.0,42.0,-991.0
-191.0,128.0,-1079.0
-101.0,29.0,-1110.0
89.0,-195.0,-1026.0
42.0,-72.0,-985.0
0.0,136.0,-1038.0
-25.0,144.0,-999.0
-5.0,35.0,-989.0
115.0,-48.0,-1028.0
-31.0,-44.0,-983.0
85.0,-58.0,-1003.0
-66.0,103.0,-995.0
119.0,201.0,-1116.0
-165.0,-83.0,-1085.0
238.0,-122.0,-913.0
-265.0,89.0,-1097.0
193.0,58.0,-946.0
-25.0,81.0,-981.0
136.0,74.0,-1116.0
37.0,-101.0,-1040.0
-44.0,-128.0,-989.0
-167.0,81.0,-950.0
-275.0,244.0,-1194.0
15.0,-25.0,-1009.0
185.0,-81.0,-946.0
-70.0,1.0,-1114.0
128.0,-52.0,-936.0
-91.0,226.0,-974.0
-7.0,177.0,-1138.0
-95.0,-154.0,-1126.0
3.0,-117.0,-831.0
99.0,48.0,-929.0
-33.0,201.0,-1163.0
195.0,0.0,-983.0
-19.0,136.0,-1001.0
-126.0,-181.0,-1087.0
177.0,-150.0,-917.0
-74.0,177.0,-1052.0
-111.0,60.0,-1155.0
13.0,-60.0,-960.0
99.0,-13.0,-854.0
150.0,19.0,-1077.0
-15.0,-74.0,-1011.0
93.0,11.0,-929.0
-185.0,193.0,-1161.0
-27.0,-245.0,-1100.0
259.0,-42.0,-837.0
-247.0,156.0,-1100.0
111.0,130.0,-985.0
58.0,58.0,-913.0
298.0,-25.0,-1073.0
-89.0,-93.0,-1046.0
128.0,-46.0,-913.0
-130.0,181.0,-1011.0
-70.0,152.0,-1173.0
-99.0,-70.0,-1122.0
228.0,-183.0,-831.0
-185.0,78.0,-1138.0
117.0,68.0,-913.0
142.0,142.0,-952.0
-74.0,115.0,-1210.0
-1.0,-173.0,-1042.0
-163.0,-46.0,-829.0
95.0,46.0,-1003.0
-117.0,167.0,-1243.0
-31.0,-1.0,-1067.0
46.0,-62.0,-884.0
-220.0,-35.0,-1056.0
253.0,0.0,-938.0
37.0,197.0,-1038.0
-7.0,93.0,-1177.0
-81.0,-163.0,-977.0
-58.0,-42.0,-837.0
122.0,11.0,-1011.0
11.0,122.0,-1171.0
70.0,87.0,-991.0
-48.0,-19.0,-1007.0
-119.0,-158.0,-1040.0
228.0,-25.0,-942.0
-52.0,259.0,-1057.0
19.0,-11.0,-1042.0
17.0,-48.0,-968.0
103.0,-101.0,-974.0
44.0,19.0,-1098.0
-117.0,117.0,-1026.0
9.0,44.0,-942.0
-66.0,19.0,-1120.0
134.0,-226.0,-1079.0
97.0,17.0,-944.0
-126.0,132.0,-1011.0
-15.0,66.0,-997.0
39.0,76.0,-1093.0
44.0,-136.0,-1079.0
-54.0,-50.0,-946.0
-42.0,78.0,-935.0
23.0,117.0,-1075.0
-33.0,89.0,-1118.0
72.0,-117.0,-1044.0
-35.0,-150.0,-946.0
29.0,11.0,-970.0
29.0,255.0,-1050.0
60.0,78.0,-1118.0
-87.0,-101.0,-1011.0
-78.0,-70.0,-915.0
74.0,40.0,-987.0
122.0,81.0,-1077.0
46.0,148.0,-1024.0
21.0,-48.0,-1005.0
9.0,-183.0,-964.0
111.0,-33.0,-1028.0
-76.0,214.0,-1095.0
39.0,27.0,-1034.0
-76.0,-1.0,-958.0
162.0,-60.0,-907.0
150.0,1.0,-968.0
87.0,95.0,-1102.0
-152.0,37.0,-1108.0
-121.0,-5.0,-987.0
50.0,-121.0,-981.0
50.0,-40.0,-1026.0
124.0,121.0,-1036.0
-119.0,119.0,-1056.0
60.0,-11.0,-985.0
-58.0,-48.0,-985.0
122.0,-35.0,-1005.0
-68.0,72.0,-1097.0
-126.0,87.0,-1065.0
-74.0,64.0,-977.0
0.0,-78.0,-1046.0
126.0,-124.0,-985.0
50.0,60.0,-1040.0
-37.0,138.0,-1030.0
-1.0,21.0,-1052.0
-54.0,-7.0,-974.0
60.0,-37.0,-977.0
-29.0,23.0,-1018.0
15.0,78.0,-1087.0
9.0,46.0,-1042.0
19.0,-87.0,-1048.0
15.0,-154.0,-954.0
-27.0,101.0,-1018.0
-64.0,146.0,-1061.0
144.0,31.0,-1013.0
-37.0,-54.0,-1026.0
42.0,-119.0,-964.0
-64.0,115.0,-1003.0
-35.0,136.0,-1067.0
39.0,83.0,-1007.0
-19.0,-183.0,-1042.0
201.0,-220.0,-917.0
5.0,156.0,-1048.0
-80.0,152.0,-1063.0
117.0,52.0,-979.0
-85.0,-60.0,-1030.0
206.0,-66.0,-981.0
-163.0,68.0,-1056.0
23.0,50.0,-1007.0
-58.0,95.0,-1073.0
21.0,-117.0,-1018.0
230.0,-117.0,-950.0
-126.0,117.0,-1028.0
-9.0,54.0,-1013.0
-37.0,109.0,-1007.0
128.0,-66.0,-1057.0
66.0,-9.0,-972.0
-21.0,23.0,-958.0
-37.0,107.0,-1034.0
-48.0,44.0,-1130.0
19.0,-76.0,-1015.0
183.0,-85.0,-931.0
-29.0,13.0,-1018.0
40.0,140.0,-1003.0
48.0,119.0,-1059.0
-40.0,-60.0,-1098.0
-64.0,-107.0,-987.0
-68.0,85.0,-913.0
101.0,175.0,-1048.0
-3.0,44.0,-1151.0
103.0,-173.0,-952.0
-9.0,-103.0,-962.0
-29.0,1.0,-1030.0
5.0,183.0,-1042.0
0.0,165.0,-1028.0
60.0,-99.0,-979.0
109.0,-171.0,-974.0
58.0,40.0,-999.0
-60.0,208.0,-1139.0
-173.0,128.0,-1069.0
-29.0,-160.0,-983.0
-35.0,-171.0,-991.0
222.0,1.0,-964.0
17.0,244.0,-1038.0
48.0,152.0,-1013.0
-27.0,-107.0,-1009.0
113.0,-146.0,-954.0
39.0,23.0,-1054.0
-72.0,175.0,-1081.0
0.0,101.0,-999.0
-15.0,-136.0,-1030.0
117.0,-154.0,-1005.0
74.0,5.0,-1001.0
-85.0,181.0,-1011.0
3.0,142.0,-1048.0
-87.0,-62.0,-1067.0
109.0,-134.0,-936.0
9.0,29.0,-960.0
111.0,167.0,-1057.0
-95.0,81.0,-1161.0
-58.0,-175.0,-1042.0
-23.0,-78.0,-946.0
15.0,31.0,-944.0
134.0,191.0,-1015.0
99.0,85.0,-1065.0
111.0,-91.0,-1030.0
-31.0,-128.0,-956.0
-89.0,111.0,-976.0
-39.0,201.0,-1128.0
-158.0,13.0,-1143.0
35.0,-189.0,-966.0
42.0,-121.0,-913.0
238.0,80.0,-946.0
40.0,222.0,-1098.0
-44.0,46.0,-1048.0
-85.0,-99.0,-958.0
27.0,-89.0,-919.0
158.0,91.0,-1040.0
39.0,136.0,-1132.0
-46.0,29.0,-1032.0
-66.0,-119.0,-999.0
-9.0,-72.0,-997.0
15.0,62.0,-1081.0
-64.0,122.0,-999.0
70.0,89.0,-935.0
121.0,-56.0,-1001.0
128.0,-11.0,-1026.0
-80.0,40.0,-1073.0
-169.0,83.0,-1022.0
-109.0,27.0,-1022.0
70.0,-121.0,-1056.0
173.0,-42.0,-985.0
-29.0,97.0,-1011.0
-17.0,124.0,-983.0
-62.0,74.0,-1038.0
62.0,-85.0,-1036.0
9.0,-56.0,-991.0
29.0,89.0,-954.0
-52.0,171.0,-1095.0
-25.0,-54.0,-1124.0
13.0,-169.0,-974.0
39.0,-31.0,-927.0
-21.0,146.0,-1057.0
27.0,177.0,-1067.0
-17.0,-46.0,-1050.0
21.0,-150.0,-923.0
72.0,-21.0,-929.0
103.0,208.0,-1063.0
-119.0,140.0,-1218.0
-136.0,-160.0,-1003.0
9.0,-197.0,-882.0
171.0,-68.0,-956.0
261.0,226.0,-1093.0
11.0,218.0,-1073.0
-91.0,-60.0,-1015.0
-150.0,-163.0,-966.0
89.0,-40.0,-995.0
109.0,236.0,-1077.0
-7.0,111.0,-1114.0
-58.0,-158.0,-983.0
-60.0,-208.0,-997.0
50.0,-17.0,-1042.0
23.0,283.0,-1032.0
15.0,126.0,-1001.0
0.0,-109.0,-1013.0
35.0,-169.0,-995.0
78.0,95.0,-993.0
-87.0,220.0,-1143.0
-113.0,0.0,-1083.0
-31.0,-101.0,-979.0
66.0,-165.0,-931.0
160.0,21.0,-970.0
119.0,171.0,-1034.0
95.0,52.0,-1063.0
-27.0,-29.0,-1015.0
-83.0,-48.0,-979.0
-83.0,23.0,-1063.0
-163.0,117.0,-1130.0
37.0,29.0,-974.0
113.0,-91.0,-956.0
169.0,-117.0,-985.0
134.0,81.0,-1007.0
-46.0,191.0,-1063.0
-42.0,-7.0,-1036.0
-89.0,-68.0,-1032.0
-3.0,21.0,-1018.0
-66.0,152.0,-1087.0
-91.0,35.0,-1040.0
87.0,-54.0,-977.0
42.0,-103.0,-995.0
167.0,52.0,-1001.0
-83.0,117.0,-1054.0
-109.0,23.0,-1030.0
-13.0,-83.0,-964.0
132.0,17.0,-936.0
232.0,80.0,-995.0
-50.0,115.0,-1114.0
-78.0,44.0,-1108.0
-169.0,-150.0,-1061.0
15.0,-177.0,-921.0
140.0,50.0,-974.0
50.0,226.0,-1063.0
56.0,117.0,-1032.0
-68.0,-70.0,-1003.0
-27.0,-93.0,-1001.0
-85.0,99.0,-1056.0
-23.0,163.0,-1059.0
-19.0,-15.0,-1071.0
13.0,-175.0,-991.0
-9.0,-72.0,-1009.0
54.0,105.0,-952.0
50.0,173.0,-1013.0
81.0,46.0,-1028.0
25.0,-5.0,-995.0
-76.0,-58.0,-1011.0
-134.0,25.0,-1067.0
-27.0,70.0,-1073.0
39.0,-58.0,-1015.0
128.0,-181.0,-929.0
83.0,-40.0,-981.0
11.0,158.0,-1034.0
-13.0,177.0,-1054.0
-64.0,-5.0,-1015.0
-37.0,-72.0,-1052.0
-81.0,72.0,-983.0
9.0,119.0,-1044.0
-3.0,-33.0,-1069.0
136.0,-95.0,-1003.0
-29.0,-23.0,-997.0
62.0,60.0,-979.0
-111.0,109.0,-1087.0
93.0,17.0,-1011.0
-9.0,58.0,-942.0
99.0,-23.0,-1001.0
-52.0,31.0,-1139.0
-60.0,62.0,-1069.0
27.0,-64.0,-970.0
54.0,-146.0,-966.0
148.0,-44.0,-981.0
-1.0,187.0,-1007.0
40.0,95.0,-1054.0
-1.0,-39.0,-1013.0
29.0,-42.0,-1013.0
-9.0,17.0,-987.0
33.0,50.0,-1057.0
40.0,40.0,-1056.0
52.0,-35.0,-1022.0
15.0,-48.0,-970.0
48.0,42.0,-1028.0
-29.0,142.0,-1075.0
52.0,93.0,-1020.0
-56.0,-25.0,-999.0
83.0,-81.0,-1011.0
-115.0,158.0,-1052.0
31.0,109.0,-1087.0
-81.0,-68.0,-1100.0
56.0,-124.0,-974.0
-21.0,29.0,-950.0
-17.0,113.0,-1007.0
52.0,39.0,-1102.0
-70.0,56.0,-1024.0
42.0,3.0,-948.0
-27.0,-21.0,-989.0
103.0,68.0,-1065.0
-9.0,44.0,-1075.0
70.0,-109.0,-977.0
-29.0,-130.0,-983.0
-21.0,70.0,-995.0
46.0,146.0,-1009.0
132.0,48.0,-970.0
124.0,0.0,-1007.0
-7.0,64.0,-1015.0
-109.0,48.0,-1100.0
-113.0,-52.0,-1120.0
-46.0,-31.0,-1048.0
11.0,-5.0,-952.0
119.0,-7.0,-942.0
39.0,128.0,-1067.0
52.0,58.0,-1030.0
-97.0,17.0,-989.0
66.0,-68.0,-1018.0
-103.0,177.0,-1067.0
-7.0,76.0,-1044.0
-93.0,-204.0,-1048.0
105.0,-163.0,-977.0
17.0,48.0,-1003.0
101.0,134.0,-974.0
60.0,83.0,-1042.0
-37.0,93.0,-997.0
23.0,-11.0,-995.0
-25.0,-48.0,-1034.0
-15.0,138.0,-1139.0
-99.0,-3.0,-1048.0
126.0,-195.0,-929.0
87.0,-40.0,-966.0
76.0,201.0,-1011.0
-66.0,160.0,-1079.0
-72.0,-87.0,-1022.0
-124.0,7.0,-997.0
52.0,27.0,-991.0
76.0,44.0,-999.0
101.0,46.0,-1056.0
44.0,17.0,-1015.0
-58.0,-177.0,-1024.0
-5.0,-136.0,-987.0
-72.0,249.0,-1046.0
83.0,85.0,-1001.0
48.0,-83.0,-964.0
148.0,76.0,-981.0
-68.0,169.0,-1071.0
3.0,9.0,-1126.0
-111.0,-126.0,-1087.0
-17.0,-5.0,-987.0
-50.0,-11.0,-1003.0
109.0,35.0,-989.0
23.0,210.0,-1044.0
-1.0,17.0,-1028.0
58.0,-95.0,-989.0
-56.0,111.0,-1009.0
-42.0,216.0,-1112.0
-70.0,-134.0,-1100.0
109.0,-138.0,-927.0
-40.0,25.0,-981.0
105.0,-3.0,-1028.0
62.0,150.0,-1026.0
37.0,126.0,-1018.0
27.0,-54.0,-987.0
62.0,0.0,-956.0
-15.0,171.0,-1079.0
-85.0,15.0,-1155.0
46.0,-193.0,-1030.0
-19.0,19.0,-917.0
7.0,83.0,-977.0
85.0,134.0,-1020.0
31.0,111.0,-1040.0
-37.0,-3.0,-1028.0
-29.0,-48.0,-1020.0
-48.0,138.0,-1069.0
-146.0,78.0,-1108.0
-29.0,-220.0,-1013.0
44.0,-124.0,-968.0
-7.0,58.0,-1003.0
130.0,101.0,-987.0
56.0,76.0,-1013.0
74.0,3.0,-989.0
5.0,11.0,-989.0
15.0,0.0,-1015.0
-76.0,83.0,-1149.0
-72.0,-115.0,-1077.0
103.0,-195.0,-952.0
11.0,31.0,-958.0
154.0,158.0,-993.0
-9.0,74.0,-1036.0
-39.0,3.0,-1034.0
-85.0,-9.0,-1018.0
-87.0,17.0,-1052.0
-17.0,132.0,-1048.0
-111.0,31.0,-1024.0
208.0,-267.0,-958.0
40.0,-35.0,-999.0
103.0,173.0,-1005.0
-1.0,103.0,-1026.0
21.0,-5.0,-970.0
-15.0,48.0,-1018.0
21.0,9.0,-997.0
56.0,76.0,-1104.0
-80.0,19.0,-1054.0
74.0,-206.0,-1007.0
17.0,-138.0,-974.0
50.0,154.0,-989.0
-11.0,171.0,-1001.0
64.0,0.0,-1024.0
-48.0,-37.0,-1024.0
-11.0,40.0,-1018.0
-17.0,97.0,-1046.0
3.0,54.0,-1054.0
64.0,-177.0,-1007.0
74.0,-167.0,-989.0
19.0,95.0,-1007.0
-11.0,142.0,-1024.0
42.0,78.0,-1022.0
-19.0,93.0,-985.0
9.0,-19.0,-1005.0
11.0,25.0,-1056.0
17.0,76.0,-1089.0
7.0,-107.0,-1034.0
134.0,-212.0,-933.0
-52.0,144.0,-1011.0
-15.0,189.0,-1046.0
44.0,23.0,-1022.0
-1.0,58.0,-956.0
0.0,1.0,-1059.0
-21.0,40.0,-1018.0
31.0,97.0,-1067.0
-46.0,-111.0,-1040.0
193.0,-187.0,-895.0
-13.0,66.0,-1018.0
33.0,148.0,-1061.0
-21.0,80.0,-1061.0
-39.0,70.0,-931.0
-33.0,-17.0,-1048.0
7.0,70.0,-1028.0
60.0,21.0,-1071.0
-3.0,-167.0,-1020.0
132.0,-140.0,-952.0
0.0,87.0,-970.0
-3.0,138.0,-1079.0
-27.0,40.0,-1042.0
-37.0,48.0,-966.0
11.0,19.0,-1001.0
58.0,37.0,-1040.0
-5.0,101.0,-1075.0
50.0,-197.0,-1063.0
-37.0,-171.0,-991.0
13.0,23.0,-927.0
-23.0,117.0,-1087.0
21.0,113.0,-1028.0
-5.0,76.0,-952.0
23.0,-11.0,-991.0
58.0,39.0,-1063.0
-83.0,101.0,-1093.0
37.0,-171.0,-1028.0
33.0,-119.0,-966.0
13.0,27.0,-946.0
111.0,87.0,-1020.0
9.0,165.0,-1048.0
27.0,7.0,-1026.0
-31.0,-21.0,-981.0
-15.0,130.0,-1042.0
-46.0,62.0,-1087.0
72.0,-195.0,-1018.0
74.0,-124.0,-921.0
85.0,25.0,-1015.0
29.0,97.0,-1038.0
21.0,203.0,-991.0
-119.0,-33.0,-1087.0
44.0,-60.0,-1009.0
-132.0,189.0,-1024.0
-17.0,-58.0,-1120.0
-15.0,-126.0,-1042.0
70.0,-107.0,-897.0
105.0,-1.0,-989.0
19.0,140.0,-1034.0
33.0,152.0,-1003.0
-42.0,-21.0,-1030.0
50.0,1.0,-1013.0
-58.0,199.0,-1042.0
-7.0,-29.0,-1077.0
50.0,-115.0,-1018.0
37.0,-150.0,-976.0
158.0,-29.0,-954.0
-21.0,220.0,-1018.0
66.0,78.0,-1034.0
-80.0,35.0,-1015.0
37.0,56.0,-1015.0
-103.0,58.0,-1151.0
-13.0,-74.0,-1050.0
-25.0,-66.0,-923.0
40.0,-101.0,-1020.0
193.0,11.0,-944.0
0.0,206.0,-1001.0
105.0,54.0,-1046.0
-37.0,64.0,-997.0
111.0,42.0,-954.0
-103.0,9.0,-1126.0
17.0,-23.0,-1073.0
-83.0,-232.0,-1061.0
11.0,-66.0,-981.0
-21.0,107.0,-970.0
70.0,165.0,-1001.0
5.0,76.0,-1007.0
13.0,23.0,-995.0
-5.0,33.0,-1079.0
-3.0,50.0,-1056.0
-9.0,-17.0,-1067.0
72.0,-220.0,-1005.0
39.0,-54.0,-923.0
-1.0,81.0,-1050.0
-15.0,136.0,-1050.0
-37.0,146.0,-974.0
-54.0,-31.0,-1024.0
64.0,70.0,-1013.0
-48.0,46.0,-1079.0
37.0,-113.0,-1048.0
1.0,-148.0,-954.0
134.0,-66.0,-981.0
3.0,154.0,-1036.0
15.0,175.0,-966.0
33.0,29.0,-1011.0
7.0,-11.0,-1044.0
11.0,85.0,-1036.0
-85.0,48.0,-1149.0
13.0,-56.0,-1005.0
7.0,-165.0,-929.0
111.0,-99.0,-997.0
60.0,103.0,-964.0
29.0,165.0,-1018.0
11.0,105.0,-1044.0
37.0,31.0,-974.0
-3.0,23.0,-1091.0
-25.0,37.0,-1050.0
-3.0,-150.0,-1034.0
56.0,-113.0,-997.0
15.0,17.0,-966.0
46.0,97.0,-993.0
11.0,136.0,-1024.0
13.0,-7.0,-987.0
40.0,74.0,-1077.0
-39.0,111.0,-1067.0
-15.0,-46.0,-1046.0
-7.0,-150.0,-1015.0
50.0,-156.0,-964.0
33.0,19.0,-1001.0
-5.0,169.0,-1042.0
-7.0,107.0,-944.0
-35.0,15.0,-1067.0
19.0,83.0,-1013.0
-52.0,103.0,-1024.0
29.0,-80.0,-1077.0
21.0,-191.0,-989.0
163.0,-148.0,-935.0
25.0,134.0,-991.0
132.0,185.0,-974.0
-76.0,103.0,-1056.0
93.0,-11.0,-995.0
-83.0,31.0,-1048.0
-9.0,113.0,-1089.0
-128.0,-56.0,-1097.0
25.0,-232.0,-991.0
-3.0,-103.0,-997.0
33.0,80.0,-979.0
27.0,247.0,-1032.0
-25.0,29.0,-991.0
132.0,0.0,-940.0
-44.0,95.0,-1106.0
11.0,9.0,-1091.0
-66.0,-89.0,-1022.0
40.0,-181.0,-1001.0
21.0,-85.0,-929.0
64.0,191.0,-1034.0
-72.0,203.0,-1020.0
35.0,15.0,-1022.0
-66.0,68.0,-1026.0
44.0,46.0,-1063.0
-103.0,13.0,-1073.0
109.0,-167.0,-958.0
58.0,-175.0,-960.0
95.0,33.0,-1005.0
80.0,189.0,-999.0
-1.0,167.0,-979.0
15.0,29.0,-1044.0
-35.0,-15.0,-1052.0
-37.0,122.0,-1138.0
-148.0,-58.0,-1097.0
11.0,-212.0,-964.0
-44.0,-130.0,-981.0
99.0,105.0,-981.0
-21.0,265.0,-1022.0
27.0,15.0,-1007.0
-48.0,-25.0,-1022.0
0.0,44.0,-1071.0
9.0,122.0,-1011.0
33.0,-91.0,-1018.0
52.0,-304.0,-1018.0
72.0,-29.0,-958.0
46.0,283.0,-993.0
-29.0,173.0,-1042.0
-3.0,-5.0,-999.0
40.0,1.0,-1034.0
15.0,189.0,-1091.0
-93.0,48.0,-1106.0
-19.0,-240.0,-997.0
11.0,-212.0,-972.0
29.0,15.0,-989.0
126.0,177.0,-1011.0
-7.0,187.0,-1024.0
78.0,3.0,-1001.0
-25.0,105.0,-1032.0
-13.0,83.0,-1081.0
-29.0,-119.0,-1102.0
-58.0,-222.0,-985.0
99.0,-158.0,-944.0
-46.0,181.0,-1059.0
48.0,203.0,-977.0
-21.0,113.0,-954.0
-3.0,46.0,-1095.0
9.0,17.0,-1102.0
-95.0,121.0,-1026.0
29.0,-216.0,-1013.0
107.0,-271.0,-977.0
121.0,25.0,-942.0
185.0,204.0,-968.0
-27.0,193.0,-999.0
87.0,-29.0,-1018.0
-58.0,99.0,-1054.0
-13.0,132.0,-1079.0
1.0,-113.0,-1075.0
-46.0,-167.0,-1030.0
46.0,-203.0,-987.0
-37.0,81.0,-981.0
21.0,199.0,-997.0
-103.0,216.0,-1056.0
23.0,31.0,-972.0
29.0,-13.0,-1032.0
-27.0,136.0,-1132.0
-3.0,-158.0,-1042.0
70.0,-312.0,-892.0
68.0,-132.0,-985.0
113.0,173.0,-1048.0
-15.0,253.0,-985.0
42.0,42.0,-933.0
-33.0,81.0,-1097.0
17.0,19.0,-1122.0
-89.0,11.0,-1042.0
-7.0,-126.0,-1011.0
-17.0,-181.0,-983.0
62.0,-13.0,-997.0
-44.0,228.0,-1003.0
-11.0,175.0,-972.0
0.0,81.0,-1018.0
15.0,46.0,-1108.0
-31.0,117.0,-1063.0
-27.0,-152.0,-1028.0
115.0,-224.0,-952.0
76.0,-152.0,-997.0
122.0,44.0,-946.0
-17.0,232.0,-1022.0
37.0,169.0,-997.0
-66.0,48.0,-1063.0
50.0,-1.0,-1083.0
-154.0,58.0,-1130.0
19.0,-220.0,-960.0
-83.0,-201.0,-1007.0
111.0,-80.0,-1020.0
-105.0,197.0,-1003.0
46.0,249.0,-954.0
-93.0,124.0,-1061.0
21.0,48.0,-1065.0
-70.0,87.0,-1046.0
56.0,-89.0,-1065.0
19.0,-236.0,-974.0
124.0,-134.0,-966.0
21.0,121.0,-993.0
66.0,140.0,-979.0
-27.0,134.0,-1022.0
54.0,89.0,-1048.0
37.0,66.0,-1071.0
-117.0,23.0,-1071.0
70.0,-169.0,-1046.0
-81.0,-265.0,-981.0
189.0,-111.0,-923.0
-140.0,226.0,-1069.0
121.0,201.0,-1005.0
-150.0,175.0,-991.0
58.0,46.0,-1067.0
-89.0,23.0,-1163.0
-87.0,-37.0,-1046.0
83.0,-247.0,-894.0
29.0,-181.0,-991.0
197.0,113.0,-995.0
-52.0,257.0,-1073.0
85.0,134.0,-927.0
-60.0,52.0,-1048.0
113.0,35.0,-1097.0
-66.0,-29.0,-1145.0
144.0,-126.0,-929.0
-7.0,-214.0,-950.0
214.0,-87.0,-979.0
-101.0,175.0,-1034.0
97.0,183.0,-952.0
-111.0,158.0,-1059.0
95.0,17.0,-1095.0
-132.0,31.0,-1093.0
-15.0,-121.0,-1083.0
37.0,-240.0,-919.0
25.0,-89.0,-944.0
72.0,85.0,-1018.0
-39.0,212.0,-1030.0
-15.0,140.0,-974.0
-17.0,122.0,-1077.0
-29.0,74.0,-1120.0
-39.0,-3.0,-1024.0
-15.0,-175.0,-1013.0
87.0,-208.0,-942.0
126.0,7.0,-958.0
1.0,148.0,-1038.0
37.0,230.0,-993.0
-97.0,76.0,-1042.0
42.0,113.0,-1057.0
-85.0,15.0,-1175.0
54.0,-177.0,-981.0
50.0,-259.0,-909.0
121.0,-80.0,-1001.0
15.0,136.0,-1011.0
7.0,144.0,-985.0
-122.0,160.0,-1054.0
111.0,5.0,-1067.0
-99.0,167.0,-1065.0
66.0,-60.0,-1054.0
-95.0,-232.0,-995.0
95.0,-163.0,-942.0
0.0,-35.0,-1018.0
15.0,249.0,-989.0
-74.0,187.0,-1030.0
52.0,122.0,-1040.0
-46.0,163.0,-1114.0
-21.0,42.0,-1048.0
-68.0,-208.0,-1042.0
80.0,-267.0,-952.0
-15.0,-54.0,-962.0
78.0,175.0,-1034.0
-25.0,210.0,-1022.0
7.0,101.0,-1015.0
-19.0,122.0,-1034.0
7.0,52.0,-1126.0
-76.0,-140.0,-1042.0
60.0,-324.0,-931.0
52.0,-95.0,-966.0
156.0,40.0,-944.0
3.0,267.0,-1013.0
1.0,107.0,-1003.0
1.0,97.0,-1106.0
-35.0,93.0,-1097.0
39.0,-68.0,-1081.0
-33.0,-245.0,-954.0
140.0,-187.0,-913.0
52.0,46.0,-966.0
81.0,160.0,-1015.0
-93.0,222.0,-1073.0
17.0,89.0,-1077.0
-105.0,97.0,-1069.0
-23.0,33.0,-1040.0
-23.0,-146.0,-1073.0
80.0,-279.0,-956.0
83.0,-97.0,-956.0
-15.0,195.0,-983.0
11.0,222.0,-1042.0
-115.0,148.0,-1046.0
91.0,66.0,-1097.0
-169.0,95.0,-1110.0
130.0,-89.0,-995.0
-83.0,-361.0,-1013.0
191.0,-146.0,-940.0
-70.0,95.0,-1016.0
97.0,294.0,-993.0
-76.0,91.0,-1030.0
35.0,134.0,-1032.0
-19.0,37.0,-1120.0
-3.0,-31.0,-1028.0
29.0,-269.0,-977.0
105.0,-105.0,-966.0
62.0,-7.0,-1015.0
21.0,201.0,-884.0
-50.0,154.0,-1015.0
126.0,99.0,-1104.0
-27.0,130.0,-1116.0
19.0,25.0,-1026.0
-117.0,-177.0,-1018.0
154.0,-341.0,-901.0
19.0,-31.0,-977.0
175.0,124.0,-1011.0
-119.0,259.0,-989.0
27.0,152.0,-991.0
-117.0,40.0,-1180.0
-52.0,64.0,-1077.0
-68.0,-167.0,-1013.0
48.0,-189.0,-917.0
103.0,-193.0,-983.0
19.0,216.0,-936.0
9.0,163.0,-1032.0
-81.0,210.0,-1020.0
13.0,122.0,-1126.0
-119.0,115.0,-1179.0
-27.0,-85.0,-970.0
-27.0,-292.0,-942.0
154.0,-158.0,-915.0
134.0,25.0,-1083.0
-13.0,314.0,-927.0
-52.0,160.0,-1042.0
-115.0,97.0,-1077.0
23.0,7.0,-1143.0
-56.0,-15.0,-1013.0
144.0,-220.0,-921.0
115.0,-171.0,-952.0
74.0,-29.0,-999.0
27.0,179.0,-997.0
-181.0,162.0,-1015.0
81.0,191.0,-1026.0
-58.0,29.0,-1149.0
144.0,35.0,-1009.0
-111.0,-212.0,-1026.0
171.0,-265.0,-884.0
29.0,-148.0,-1003.0
126.0,169.0,-989.0
-136.0,240.0,-1026.0
52.0,142.0,-991.0
-103.0,117.0,-1175.0
72.0,-52.0,-1085.0
-46.0,-89.0,-1015.0
122.0,-286.0,-917.0
37.0,-97.0,-972.0
76.0,64.0,-981.0
-136.0,214.0,-1057.0
-66.0,236.0,-1036.0
-25.0,54.0,-1112.0
3.0,134.0,-1056.0
3.0,-163.0,-1087.0
-5.0,-173.0,-936.0
87.0,-199.0,-954.0
48.0,124.0,-1013.0
-58.0,244.0,-993.0
3.0,175.0,-1056.0
-74.0,181.0,-1071.0
54.0,42.0,-1141.0
-80.0,-21.0,-1057.0
64.0,-271.0,-1052.0
60.0,-177.0,-854.0
89.0,-15.0,-989.0
11.0,249.0,-991.0
-134.0,224.0,-1095.0
21.0,126.0,-997.0
-29.0,50.0,-1116.0
142.0,-19.0,-1081.0
-68.0,-240.0,-1018.0
142.0,-212.0,-899.0
21.0,-136.0,-1032.0
-31.0,244.0,-970.0
-19.0,189.0,-999.0
-31.0,187.0,-1013.0
144.0,27.0,-1132.0
-23.0,17.0,-1081.0
31.0,-244.0,-993.0
-3.0,-290.0,-944.0
42.0,-95.0,-976.0
140.0,173.0,-977.0
-162.0,247.0,-956.0
216.0,70.0,-1044.0
-142.0,29.0,-1093.0
152.0,83.0,-1034.0
-158.0,-203.0,-1089.0
76.0,-263.0,-905.0
37.0,-284.0,-1005.0
68.0,91.0,-921.0
39.0,244.0,-1001.0
-91.0,220.0,-1038.0
122.0,121.0,-1126.0
-56.0,44.0,-1106.0
52.0,-76.0,-989.0
-35.0,-355.0,-981.0
74.0,-203.0,-950.0
154.0,87.0,-970.0
-58.0,247.0,-989.0
35.0,208.0,-1005.0
-95.0,46.0,-1065.0
121.0,115.0,-1118.0
-136.0,-52.0,-1116.0
85.0,-290.0,-876.0
-85.0,-203.0,-989.0
197.0,-76.0,-968.0
-62.0,370.0,-981.0
21.0,169.0,-968.0
-48.0,140.0,-1126.0
39.0,-17.0,-1108.0
-9.0,83.0,-1069.0
-31.0,-203.0,-1011.0
37.0,-259.0,-950.0
33.0,-103.0,-946.0
103.0,146.0,-954.0
-56.0,347.0,-1013.0
58.0,187.0,-1085.0
-66.0,50.0,-1161.0
-85.0,-48.0,-1069.0
25.0,-222.0,-979.0
17.0,-224.0,-925.0
132.0,-140.0,-1018.0
5.0,214.0,-995.0
-15.0,294.0,-966.0
-40.0,150.0,-1036.0
44.0,74.0,-1136.0
37.0,-27.0,-1159.0
-83.0,-122.0,-970.0
119.0,-335.0,-897.0
54.0,-83.0,-997.0
245.0,162.0,-993.0
-23.0,277.0,-989.0
204.0,165.0,-966.0
97.0,17.0,-1184.0
275.0,72.0,-1087.0
113.0,-173.0,-1114.0
253.0,-292.0,-876.0
398.0,-169.0,-1011.0
513.0,81.0,-923.0
366.0,368.0,-981.0
464.0,165.0,-1083.0
331.0,97.0,-1173.0
597.0,-50.0,-1059.0
378.0,-3.0,-1075.0
819.0,-255.0,-927.0
609.0,-271.0,-884.0
899.0,-17.0,-958.0
601.0,244.0,-1114.0
708.0,306.0,-911.0
730.0,136.0,-1048.0
897.0,-33.0,-1141.0
675.0,-31.0,-1087.0
952.0,-251.0,-860.0
909.0,-173.0,-966.0
1196.0,-37.0,-1018.0
780.0,388.0,-948.0
940.0,169.0,-892.0
888.0,220.0,-1065.0
1268.0,64.0,-1153.0
915.0,-70.0,-1167.0
1063.0,-335.0,-829.0
1171.0,-333.0,-899.0
1485.0,-37.0,-977.0
1342.0,267.0,-1159.0
1075.0,224.0,-991.0
1220.0,150.0,-1024.0
1268.0,-3.0,-1161.0
1360.0,136.0,-1104.0
1136.0,-275.0,-1011.0
1268.0,-214.0,-911.0
1358.0,-228.0,-962.0
1411.0,236.0,-1013.0
1056.0,431.0,-1026.0
1155.0,183.0,-1018.0
1157.0,162.0,-1081.0
1149.0,-74.0,-1124.0
1079.0,-72.0,-972.0
1278.0,-415.0,-981.0
1259.0,-296.0,-929.0
1538.0,177.0,-966.0
1194.0,407.0,-1057.0
1380.0,406.0,-968.0
1179.0,62.0,-1188.0
1465.0,-40.0,-1157.0
1157.0,-228.0,-1091.0
1491.0,-183.0,-962.0
1342.0,-177.0,-1130.0
1536.0,-11.0,-894.0
915.0,530.0,-894.0
1227.0,294.0,-1052.0
1161.0,216.0,-1171.0
1225.0,-78.0,-1108.0
1268.0,-197.0,-884.0
1305.0,-130.0,-979.0
1614.0,-411.0,-1024.0
1409.0,187.0,-946.0
1253.0,39.0,-995.0
1192.0,249.0,-913.0
1585.0,31.0,-1044.0
1501.0,-74.0,-1202.0
1413.0,9.0,-1009.0
1284.0,107.0,-1116.0
1495.0,-74.0,-1003.0
1551.0,-230.0,-1061.0
1442.0,236.0,-778.0
1153.0,251.0,-1077.0
1296.0,160.0,-999.0
1262.0,64.0,-1177.0
1401.0,87.0,-1034.0
1210.0,37.0,-868.0
1514.0,-587.0,-876.0
1622.0,-206.0,-872.0
1432.0,165.0,-1032.0
1477.0,25.0,-884.0
1177.0,396.0,-1007.0
1631.0,39.0,-1329.0
1358.0,195.0,-1042.0
1596.0,-269.0,-1073.0
1376.0,-5.0,-878.0
1465.0,-314.0,-985.0
1522.0,-390.0,-864.0
913.0,962.0,-958.0
1329.0,163.0,-1216.0
1141.0,31.0,-1071.0
1383.0,255.0,-976.0
1067.0,-696.0,-913.0
1473.0,335.0,-929.0
1407.0,-476.0,-942.0
1645.0,-58.0,-1018.0
1378.0,-284.0,-1138.0
1097.0,431.0,-1063.0
1530.0,435.0,-974.0
1788.0,-333.0,-1180.0
1442.0,292.0,-1110.0
1672.0,-15.0,-769.0
1540.0,31.0,-895.0
1481.0,146.0,-1296.0
1520.0,-361.0,-876.0
1547.0,232.0,-940.0
1637.0,345.0,-1114.0
1380.0,169.0,-1329.0
1436.0,-33.0,-849.0
1085.0,-382.0,-1044.0
1627.0,-320.0,-622.0
1709.0,-525.0,-942.0
1680.0,154.0,-802.0
1423.0,39.0,-1056.0
1358.0,616.0,-1067.0
1452.0,169.0,-1231.0
1272.0,-37.0,-1210.0
1409.0,35.0,-944.0
1280.0,-218.0,-648.0
1866.0,-558.0,-772.0
1268.0,-488.0,-1284.0
1134.0,370.0,-966.0
1397.0,429.0,-1034.0
1460.0,638.0,-1192.0
2100.0,-156.0,-1221.0
720.0,-398.0,-732.0
2238.0,191.0,-884.0
874.0,-558.0,-1268.0
1770.0,-370.0,-730.0
1216.0,-308.0,-1124.0
1243.0,1635.0,-1323.0
1735.0,-484.0,-1104.0
1102.0,318.0,-1054.0
1218.0,31.0,-1229.0
1358.0,-489.0,-956.0
1383.0,316.0,-882.0
1692.0,-607.0,-1225.0
1165.0,33.0,-981.0
1489.0,876.0,-989.0
1440.0,-566.0,-1282.0
1161.0,968.0,-1155.0
1278.0,-58.0,-1077.0
1382.0,-224.0,-1038.0
1352.0,251.0,-759.0
1955.0,-1083.0,-1011.0
995.0,339.0,-942.0
1458.0,-160.0,-868.0
1120.0,214.0,-1091.0
1409.0,687.0,-1108.0
689.0,-52.0,-948.0
868.0,327.0,-913.0
1048.0,-716.0,-854.0
948.0,-651.0,-1139.0
979.0,140.0,-663.0
991.0,542.0,-991.0
860.0,337.0,-903.0
659.0,484.0,-915.0
749.0,454.0,-1026.0
564.0,-720.0,-1270.0
870.0,187.0,-808.0
872.0,-981.0,-841.0
1067.0,-560.0,-993.0
283.0,624.0,-780.0
1134.0,99.0,-901.0
-378.0,236.0,-1491.0
925.0,-642.0,-1104.0
-167.0,445.0,-823.0
935.0,-673.0,-938.0
685.0,-368.0,-767.0
661.0,-107.0,-1026.0
23.0,378.0,-1382.0
564.0,322.0,-513.0
115.0,177.0,-1438.0
454.0,-218.0,-866.0
-89.0,277.0,-1259.0
470.0,-406.0,-927.0
173.0,197.0,-843.0
585.0,3.0,-907.0
195.0,421.0,-1175.0
417.0,-212.0,-874.0
-9.0,201.0,-1235.0
339.0,-244.0,-1102.0
70.0,44.0,-1036.0
603.0,46.0,-544.0
626.0,-827.0,-1085.0
601.0,759.0,-909.0
610.0,-476.0,-1143.0
-341.0,-48.0,-847.0
40.0,1011.0,-1100.0
-382.0,-324.0,-999.0
156.0,507.0,-870.0
208.0,-247.0,-1083.0
320.0,-448.0,-942.0
603.0,288.0,-835.0
-283.0,101.0,-985.0
460.0,653.0,-1044.0
-214.0,-673.0,-1095.0
548.0,-415.0,-810.0
-279.0,597.0,-1341.0
400.0,-1196.0,-532.0
156.0,325.0,-966.0
167.0,95.0,-1206.0
163.0,833.0,-1239.0
-482.0,-191.0,-866.0
-331.0,-468.0,-1118.0
156.0,1428.0,-1001.0
296.0,-1444.0,-909.0
378.0,1046.0,-1100.0
296.0,-445.0,-989.0
-281.0,-681.0,-966.0
447.0,255.0,-983.0
-415.0,-105.0,-1270.0
378.0,-458.0,-780.0
-247.0,1465.0,-944.0
400.0,-794.0,-1175.0
-72.0,603.0,-1274.0
162.0,87.0,-1020.0
58.0,-1520.0,-1130.0
-208.0,751.0,-936.0
-13.0,83.0,-854.0
-70.0,374.0,-1128.0
29.0,-115.0,-903.0
33.0,-474.0,-1003.0
728.0,505.0,-1046.0
-281.0,-380.0,-870.0
702.0,-404.0,-788.0
-218.0,468.0,-1251.0
-64.0,-665.0,-1251.0
-95.0,839.0,-1022.0
-201.0,64.0,-733.0
208.0,115.0,-1491.0
-325.0,244.0,-679.0
659.0,-386.0,-1071.0
-509.0,433.0,-1274.0
37.0,95.0,-667.0
13.0,-573.0,-1124.0
-357.0,616.0,-1138.0
-261.0,-390.0,-831.0
714.0,-146.0,-786.0
-286.0,365.0,-1337.0
513.0,-573.0,-853.0
-130.0,-503.0,-1054.0
281.0,956.0,-897.0
-255.0,-162.0,-1052.0
74.0,314.0,-917.0
-111.0,226.0,-1038.0
310.0,-917.0,-1087.0
-230.0,657.0,-1251.0
407.0,-402.0,-831.0
-386.0,42.0,-1227.0
-185.0,284.0,-835.0
-80.0,48.0,-954.0
175.0,-197.0,-936.0
-52.0,-128.0,-1235.0
64.0,187.0,-655.0
134.0,-283.0,-1159.0
304.0,222.0,-1149.0
-42.0,765.0,-771.0
-148.0,-72.0,-983.0
312.0,-661.0,-1184.0
-692.0,341.0,-1165.0
542.0,62.0,-681.0
-421.0,-238.0,-1229.0
468.0,634.0,-1079.0
-788.0,-181.0,-1229.0
107.0,-751.0,-829.0
-480.0,208.0,-1011.0
27.0,271.0,-1013.0
226.0,620.0,-952.0
0.0,-273.0,-979.0
121.0,417.0,-987.0
517.0,-663.0,-929.0
-603.0,556.0,-1464.0
355.0,-91.0,-488.0
-751.0,-671.0,-1204.0
882.0,140.0,-1048.0
-548.0,443.0,-1026.0
212.0,-105.0,-669.0
-21.0,333.0,-1442.0
-1042.0,-136.0,-999.0
238.0,-66.0,-1063.0
-829.0,-208.0,-1040.0
21.0,476.0,-870.0
-126.0,-476.0,-933.0
-148.0,365.0,-876.0
238.0,15.0,-1225.0
-281.0,507.0,-1018.0
-363.0,-312.0,-675.0
349.0,706.0,-1239.0
-661.0,-1056.0,-1374.0
-87.0,462.0,-443.0
-366.0,-169.0,-1120.0
-384.0,89.0,-1061.0
-83.0,81.0,-821.0
-1112.0,-296.0,-763.0
-400.0,384.0,-1309.0
-929.0,-562.0,-1042.0
-976.0,345.0,-1102.0
-853.0,359.0,-851.0
-732.0,-743.0,-1104.0
-691.0,-66.0,-343.0
-892.0,626.0,-1387.0
-1073.0,-974.0,-1282.0
-954.0,1657.0,-702.0
-1044.0,-1491.0,-1108.0
-1723.0,392.0,-1210.0
-220.0,-351.0,-892.0
-1643.0,-247.0,-782.0
-310.0,564.0,-899.0
-1682.0,-158.0,-1329.0
-765.0,-271.0,-741.0
-1770.0,-501.0,-1247.0
-833.0,708.0,-1192.0
-1649.0,265.0,-929.0
-720.0,-218.0,-714.0
-1370.0,191.0,-1259.0
-694.0,-689.0,-942.0
-1663.0,525.0,-722.0
-1077.0,-856.0,-1565.0
-1456.0,1163.0,-1130.0
-944.0,-1030.0,-614.0
-1514.0,558.0,-1323.0
-1081.0,-177.0,-1257.0
-1413.0,150.0,-696.0
-876.0,-370.0,-595.0
-1434.0,616.0,-1454.0
-1327.0,-308.0,-798.0
-1200.0,312.0,-792.0
-1411.0,-404.0,-1378.0
-1415.0,605.0,-1186.0
-1186.0,-569.0,-753.0
-1448.0,-152.0,-1288.0
-946.0,456.0,-1116.0
-1268.0,-351.0,-667.0
-1034.0,72.0,-895.0
-1571.0,283.0,-1118.0
-1235.0,-48.0,-940.0
-1610.0,206.0,-1161.0
-1528.0,33.0,-1352.0
-1180.0,306.0,-884.0
-1407.0,-587.0,-632.0
-1050.0,201.0,-794.0
-1331.0,-158.0,-1132.0
-1436.0,-9.0,-1190.0
-1380.0,-40.0,-1024.0
-1393.0,158.0,-1200.0
-1294.0,349.0,-1003.0
-1071.0,-491.0,-813.0
-1610.0,-105.0,-1015.0
-804.0,212.0,-940.0
-1686.0,115.0,-1132.0
-1391.0,-1.0,-1081.0
-1489.0,33.0,-1091.0
-1337.0,167.0,-995.0
-1387.0,236.0,-1079.0
-1471.0,-52.0,-952.0
-1141.0,491.0,-841.0
-1456.0,-979.0,-913.0
-1229.0,261.0,-1229.0
-991.0,-294.0,-1202.0
-1700.0,249.0,-780.0
-954.0,179.0,-913.0
-1706.0,-181.0,-1319.0
-987.0,277.0,-905.0
-1421.0,-284.0,-1087.0
-935.0,402.0,-1005.0
-1253.0,-31.0,-995.0
-1098.0,191.0,-706.0
-1460.0,56.0,-1257.0
-1337.0,-13.0,-1108.0
-1516.0,-111.0,-1126.0
-1270.0,70.0,-1143.0
-1403.0,-134.0,-948.0
-1300.0,-17.0,-755.0
-1485.0,-5.0,-997.0
-1432.0,130.0,-1097.0
-1436.0,93.0,-1138.0
-1323.0,-78.0,-835.0
-1506.0,296.0,-1120.0
-1259.0,39.0,-972.0
-1838.0,150.0,-1221.0
-870.0,-304.0,-718.0
-1770.0,-281.0,-1028.0
-892.0,238.0,-946.0
-1750.0,-296.0,-1169.0
-1280.0,283.0,-923.0
-1428.0,-101.0,-1149.0
-1128.0,124.0,-1337.0
-1362.0,66.0,-833.0
-1358.0,-101.0,-921.0
-1504.0,-101.0,-995.0
-1424.0,-183.0,-1266.0
-1372.0,245.0,-999.0
-1561.0,97.0,-976.0
-1436.0,203.0,-923.0
-1413.0,-7.0,-1020.0
-1530.0,-154.0,-1067.0
-1259.0,-76.0,-1011.0
-1471.0,107.0,-905.0
-1153.0,-179.0,-940.0
-1442.0,-81.0,-1093.0
-1182.0,81.0,-946.0
-1421.0,0.0,-1009.0
-1432.0,132.0,-1385.0
-1442.0,-48.0,-1126.0
-1508.0,-29.0,-860.0
-1350.0,74.0,-733.0
-1545.0,60.0,-1143.0
-1401.0,-48.0,-983.0
-1569.0,203.0,-1063.0
-1553.0,-68.0,-1097.0
-1643.0,122.0,-1108.0
-1327.0,-244.0,-958.0
-1528.0,-11.0,-1056.0
-1173.0,-31.0,-802.0
-1532.0,-91.0,-977.0
-995.0,35.0,-1071.0
-1493.0,29.0,-1260.0
-1100.0,189.0,-952.0
-1542.0,154.0,-1128.0
-1173.0,103.0,-999.0
-1413.0,-130.0,-1079.0
-1311.0,140.0,-868.0
-1454.0,-44.0,-1069.0
-1175.0,-187.0,-1015.0
-1280.0,105.0,-1067.0
-1214.0,158.0,-913.0
-1401.0,212.0,-997.0
-1290.0,-111.0,-1175.0
-1280.0,-101.0,-1093.0
-1116.0,-25.0,-909.0
-1262.0,121.0,-1032.0
-1046.0,21.0,-970.0
-1116.0,-39.0,-1013.0
-1190.0,93.0,-1044.0
-1188.0,78.0,-1089.0
-1163.0,21.0,-1108.0
-1013.0,7.0,-1136.0
-993.0,70.0,-979.0
-831.0,-11.0,-913.0
-741.0,15.0,-1001.0
-609.0,-11.0,-981.0
-642.0,83.0,-915.0
-644.0,25.0,-1052.0
-489.0,197.0,-1171.0
-484.0,31.0,-1102.0
-251.0,-124.0,-970.0
-355.0,-52.0,-874.0
-60.0,23.0,-938.0
-199.0,29.0,-1071.0
-97.0,-42.0,-1061.0
-419.0,-17.0,-1038.0
-85.0,91.0,-1042.0
-240.0,87.0,-1141.0
-163.0,-25.0,-970.0
-242.0,-54.0,-917.0
-249.0,23.0,-983.0
-117.0,-105.0,-1028.0
-318.0,40.0,-1001.0
-245.0,-72.0,-927.0
-443.0,187.0,-1042.0
-163.0,68.0,-1069.0
-378.0,40.0,-1138.0
-349.0,-163.0,-954.0
-238.0,5.0,-923.0
-203.0,140.0,-1042.0
-175.0,-11.0,-1048.0
-349.0,60.0,-905.0
-261.0,-39.0,-1102.0
-232.0,218.0,-1118.0
-142.0,54.0,-1157.0
-204.0,-60.0,-940.0
-148.0,-130.0,-1003.0
-72.0,-29.0,-933.0
48.0,7.0,-1069.0
-158.0,72.0,-952.0
-101.0,66.0,-1056.0
-216.0,87.0,-1190.0
11.0,-15.0,-1130.0
-117.0,-89.0,-997.0
-15.0,-76.0,-977.0
46.0,-54.0,-997.0
-44.0,105.0,-1018.0
119.0,-160.0,-1013.0
-292.0,40.0,-1108.0
52.0,25.0,-966.0
-245.0,183.0,-1116.0
115.0,-17.0,-1020.0
-316.0,-138.0,-1011.0
-3.0,-80.0,-917.0
-23.0,-15.0,-1069.0
-40.0,163.0,-970.0
-169.0,-25.0,-952.0
-183.0,78.0,-985.0
-37.0,-15.0,-1145.0
-138.0,148.0,-1102.0
-44.0,-46.0,-999.0
-163.0,-48.0,-915.0
0.0,11.0,-935.0
56.0,60.0,-1038.0
-128.0,42.0,-976.0
-68.0,-23.0,-997.0
-177.0,142.0,-1120.0
44.0,103.0,-1139.0
-224.0,40.0,-1067.0
44.0,-183.0,-956.0
-124.0,-19.0,-974.0
183.0,56.0,-962.0
-35.0,52.0,-1005.0
-40.0,37.0,-1015.0
-142.0,-11.0,-1083.0
13.0,85.0,-1134.0
-76.0,58.0,-1134.0
-39.0,-70.0,-921.0
-11.0,-185.0,-903.0
56.0,-15.0,-964.0
80.0,126.0,-1046.0
-126.0,83.0,-1011.0
-1.0,-7.0,-1007.0
-130.0,52.0,-1104.0
5.0,93.0,-1120.0
-70.0,-76.0,-1005.0
-54.0,-169.0,-868.0
56.0,-13.0,-954.0
60.0,78.0,-1077.0
-97.0,74.0,-985.0
-21.0,-37.0,-979.0
-126.0,119.0,-1147.0
62.0,50.0,-1093.0
-128.0,66.0,-1042.0
23.0,-140.0,-884.0
-5.0,-37.0,-958.0
54.0,27.0,-989.0
31.0,119.0,-1061.0
-132.0,103.0,-1026.0
-50.0,80.0,-1057.0
-70.0,142.0,-1157.0
-58.0,-54.0,-1106.0
44.0,-27.0,-923.0
-60.0,-97.0,-931.0
185.0,93.0,-1009.0
-119.0,152.0,-1056.0
103.0,78.0,-1042.0
-265.0,-7.0,-1036.0
165.0,72.0,-1112.0
-220.0,60.0,-1180.0
171.0,-31.0,-962.0
-76.0,-80.0,-899.0
214.0,40.0,-936.0
29.0,93.0,-1081.0
-21.0,48.0,-1003.0
-15.0,29.0,-1038.0
-56.0,83.0,-1139.0
130.0,23.0,-1106.0
-58.0,-81.0,-977.0
154.0,-132.0,-868.0
85.0,-35.0,-972.0
130.0,193.0,-1003.0
-17.0,15.0,-1056.0
-48.0,11.0,-981.0
3.0,-21.0,-1110.0
-11.0,78.0,-1089.0
15.0,-81.0,-1011.0
40.0,-152.0,-931.0
87.0,-46.0,-958.0
72.0,25.0,-1001.0
-91.0,81.0,-1042.0
-7.0,-3.0,-1065.0
-101.0,50.0,-1038.0
91.0,101.0,-1089.0
-128.0,-97.0,-1077.0
124.0,-203.0,-899.0
-74.0,-78.0,-976.0
136.0,122.0,-1015.0
-83.0,126.0,-1046.0
-27.0,-54.0,-944.0
-111.0,-1.0,-1136.0
21.0,117.0,-1151.0
-103.0,58.0,-1079.0
-9.0,-169.0,-933.0
-17.0,-136.0,-927.0
121.0,142.0,-987.0
-17.0,132.0,-1038.0
-42.0,-5.0,-1034.0
-126.0,-31.0,-1079.0
-50.0,187.0,-1130.0
-7.0,29.0,-1100.0
-25.0,-64.0,-979.0
9.0,-177.0,-936.0
87.0,87.0,-985.0
-40.0,187.0,-1048.0
-17.0,70.0,-1026.0
-119.0,48.0,-1044.0
83.0,48.0,-1124.0
-66.0,128.0,-1100.0
136.0,-70.0,-944.0
-115.0,-70.0,-921.0
206.0,19.0,-987.0
-21.0,189.0,-1050.0
11.0,33.0,-977.0
-50.0,35.0,-962.0
46.0,78.0,-1163.0
-29.0,165.0,-1132.0
13.0,-66.0,-972.0
11.0,-183.0,-853.0
138.0,-48.0,-1001.0
126.0,244.0,-981.0
5.0,0.0,-1015.0
-31.0,29.0,-968.0
-39.0,-21.0,-1110.0
121.0,146.0,-1106.0
-72.0,-11.0,-1050.0
167.0,-152.0,-849.0
-52.0,-91.0,-964.0
187.0,40.0,-968.0
-171.0,171.0,-1083.0
109.0,5.0,-983.0
-177.0,44.0,-1120.0
134.0,50.0,-1034.0
-111.0,-19.0,-1106.0
107.0,-128.0,-872.0
-64.0,-78.0,-979.0
156.0,50.0,-997.0
-115.0,119.0,-1065.0
60.0,-33.0,-960.0
-154.0,21.0,-1112.0
103.0,52.0,-1108.0
-193.0,15.0,-1122.0
119.0,-124.0,-913.0
-144.0,-107.0,-944.0
210.0,83.0,-970.0
-134.0,99.0,-1069.0
39.0,42.0,-993.0
-189.0,31.0,-1108.0
89.0,113.0,-1069.0
-132.0,72.0,-1128.0
19.0,-74.0,-954.0
-13.0,-113.0,-940.0
130.0,23.0,-964.0
-15.0,181.0,-1034.0
21.0,58.0,-1057.0
-80.0,1.0,-1018.0
3.0,97.0,-1102.0
9.0,62.0,-1098.0
-7.0,-50.0,-1038.0
68.0,-103.0,-892.0
74.0,46.0,-981.0
74.0,111.0,-995.0
-52.0,27.0,-1056.0
54.0,5.0,-993.0
-3.0,81.0,-1122.0
48.0,103.0,-1083.0
-27.0,-83.0,-1067.0
15.0,-105.0,-876.0
89.0,-17.0,-954.0
105.0,126.0,-989.0
-15.0,13.0,-1026.0
-3.0,-33.0,-1022.0
-15.0,64.0,-1071.0
113.0,144.0,-1145.0
-89.0,-97.0,-991.0
97.0,-160.0,-892.0
-15.0,-81.0,-936.0
206.0,140.0,-964.0
-83.0,136.0,-1097.0
66.0,-99.0,-1005.0
-154.0,17.0,-1052.0
126.0,72.0,-1030.0
-103.0,52.0,-1130.0
37.0,-208.0,-948.0
-29.0,-48.0,-960.0
46.0,52.0,-972.0
-25.0,111.0,-1011.0
-70.0,-15.0,-1042.0
-42.0,-21.0,-1087.0
-11.0,203.0,-1112.0
-76.0,-25.0,-1071.0
13.0,-136.0,-935.0
-42.0,-101.0,-968.0
121.0,173.0,-1003.0
-122.0,154.0,-1042.0
-27.0,-68.0,-958.0
-101.0,11.0,-1112.0
89.0,197.0,-1132.0
-128.0,121.0,-1093.0
76.0,-140.0,-944.0
-121.0,-154.0,-956.0
216.0,111.0,-970.0
-48.0,181.0,-1024.0
31.0,19.0,-1032.0
-128.0,17.0,-1015.0
70.0,105.0,-1139.0
-48.0,87.0,-1112.0
78.0,-89.0,-970.0
-46.0,-115.0,-919.0
160.0,-15.0,-999.0
15.0,226.0,-1020.0
-1.0,25.0,-1013.0
-13.0,-7.0,-983.0
-1.0,-25.0,-1100.0
78.0,162.0,-1089.0
15.0,-5.0,-979.0
70.0,-162.0,-894.0
78.0,-35.0,-974.0
91.0,93.0,-1028.0
-46.0,117.0,-1001.0
39.0,-50.0,-983.0
-80.0,48.0,-1139.0
91.0,58.0,-1081.0
-87.0,25.0,-1050.0
93.0,-203.0,-878.0
39.0,-117.0,-1024.0
163.0,119.0,-1024.0
-39.0,144.0,-1011.0
89.0,-60.0,-960.0
-29.0,-5.0,-1151.0
238.0,115.0,-1120.0
37.0,56.0,-1095.0
261.0,-183.0,-884.0
216.0,-122.0,-946.0
441.0,81.0,-983.0
236.0,134.0,-1102.0
259.0,70.0,-1028.0
191.0,-70.0,-1079.0
511.0,124.0,-1034.0
240.0,23.0,-1202.0
548.0,-42.0,-899.0
214.0,-64.0,-964.0
751.0,-13.0,-948.0
236.0,222.0,-1069.0
474.0,-13.0,-995.0
171.0,52.0,-991.0
493.0,44.0,-1124.0
269.0,68.0,-1095.0
308.0,-31.0,-948.0
245.0,-113.0,-839.0
312.0,35.0,-948.0
232.0,113.0,-1038.0
56.0,52.0,-1030.0
87.0,40.0,-966.0
42.0,40.0,-1069.0
132.0,60.0,-1079.0
1.0,-99.0,-968.0
40.0,-35.0,-929.0
126.0,-48.0,-979.0
33.0,121.0,-1036.0
-7.0,5.0,-993.0
-95.0,76.0,-1054.0
-25.0,7.0,-1108.0
66.0,23.0,-1126.0
-39.0,27.0,-1056.0
126.0,-105.0,-940.0
-25.0,25.0,-956.0
183.0,-42.0,-1054.0
-138.0,50.0,-1122.0
117.0,27.0,-1042.0
-101.0,5.0,-1081.0
203.0,97.0,-1087.0
-58.0,-83.0,-1114.0
203.0,-42.0,-938.0
9.0,-37.0,-972.0
216.0,85.0,-987.0
-15.0,54.0,-1057.0
50.0,15.0,-979.0
-39.0,50.0,-1095.0
81.0,72.0,-1114.0
-50.0,44.0,-1054.0
64.0,-89.0,-936.0
31.0,23.0,-909.0
160.0,9.0,-944.0
1.0,119.0,-1018.0
-13.0,23.0,-1065.0
-80.0,25.0,-964.0
35.0,95.0,-1034.0
-37.0,5.0,-1075.0
70.0,-107.0,-970.0
-44.0,-11.0,-911.0
144.0,40.0,-923.0
21.0,130.0,-1018.0
-72.0,-17.0,-1022.0
15.0,35.0,-997.0
-66.0,11.0,-1100.0
95.0,105.0,-1083.0
-23.0,-48.0,-1007.0
85.0,-146.0,-901.0
91.0,-23.0,-956.0
158.0,78.0,-1079.0
-62.0,105.0,-1020.0
0.0,-66.0,-1032.0
-122.0,-11.0,-1108.0
89.0,21.0,-1083.0
-37.0,0.0,-1056.0
85.0,-138.0,-931.0
37.0,-23.0,-974.0
17.0,107.0,-974.0
-33.0,33.0,-1018.0
-89.0,-19.0,-1067.0
-70.0,-42.0,-1126.0
-11.0,204.0,-1024.0
-1.0,-25.0,-1036.0
19.0,-117.0,-925.0
11.0,-72.0,-995.0
103.0,101.0,-1018.0
-64.0,212.0,-1001.0
-7.0,5.0,-1015.0
-64.0,3.0,-1036.0
76.0,81.0,-1112.0
-89.0,42.0,-1079.0
126.0,-121.0,-931.0
35.0,-40.0,-895.0
189.0,177.0,-1032.0
29.0,126.0,-1032.0
-115.0,-42.0,-976.0
9.0,-56.0,-1038.0
72.0,142.0,-1134.0
169.0,142.0,-1098.0
21.0,-103.0,-919.0
74.0,-109.0,-897.0
119.0,-21.0,-1005.0
60.0,214.0,-1077.0
9.0,-5.0,-1022.0
-15.0,-13.0,-979.0
19.0,40.0,-1104.0
105.0,17.0,-1093.0
25.0,-17.0,-1054.0
44.0,-226.0,-901.0
87.0,-1.0,-903.0
87.0,124.0,-1048.0
-60.0,93.0,-1081.0
40.0,-54.0,-1009.0
-199.0,-89.0,-1093.0
208.0,42.0,-1003.0
-144.0,7.0,-1132.0
177.0,-48.0,-894.0
-97.0,-60.0,-987.0
64.0,122.0,-997.0
-122.0,3.0,-1038.0
-78.0,31.0,-999.0
9.0,-5.0,-1134.0
-3.0,93.0,-1126.0
-60.0,76.0,-1026.0
-11.0,-136.0,-915.0
17.0,-42.0,-925.0
54.0,-15.0,-1040.0
-107.0,181.0,-1011.0
-31.0,27.0,-1057.0
-136.0,74.0,-1040.0
144.0,83.0,-1110.0
-122.0,9.0,-1057.0
138.0,-136.0,-907.0
40.0,-101.0,-929.0
169.0,52.0,-981.0
113.0,183.0,-1009.0
-121.0,33.0,-1032.0
27.0,-46.0,-944.0
3.0,21.0,-1145.0
132.0,91.0,-1139.0
37.0,-19.0,-987.0
68.0,-107.0,-825.0
58.0,-81.0,-921.0
128.0,109.0,-981.0
-70.0,58.0,-1139.0
3.0,23.0,-983.0
-54.0,99.0,-1126.0
15.0,-1.0,-1069.0
54.0,0.0,-1046.0
-5.0,-236.0,-901.0
171.0,-3.0,-927.0
-81.0,76.0,-1046.0
52.0,107.0,-952.0
-177.0,64.0,-1171.0
-40.0,-9.0,-1052.0
113.0,76.0,-1093.0
-191.0,-17.0,-1091.0
193.0,-42.0,-962.0
-150.0,11.0,-938.0
152.0,-27.0,-970.0
-126.0,46.0,-1067.0
0.0,103.0,-1032.0
11.0,189.0,-1040.0
-81.0,93.0,-1214.0
23.0,-87.0,-1108.0
-163.0,-146.0,-987.0
158.0,-31.0,-806.0
23.0,150.0,-1026.0
87.0,103.0,-952.0
-56.0,39.0,-1042.0
-78.0,7.0,-1063.0
210.0,124.0,-1138.0
-130.0,87.0,-1104.0
124.0,-87.0,-892.0
-33.0,-42.0,-921.0
242.0,-31.0,-897.0
37.0,37.0,-1087.0
-68.0,-19.0,-974.0
54.0,115.0,-1077.0
-204.0,152.0,-1138.0
259.0,78.0,-1050.0
-244.0,-162.0,-1108.0
181.0,-203.0,-868.0
-9.0,29.0,-860.0
247.0,85.0,-946.0
-140.0,81.0,-1124.0
132.0,-7.0,-1022.0
-273.0,31.0,-1231.0
132.0,33.0,-948.0
-242.0,-35.0,-1126.0
169.0,-175.0,-911.0
13.0,-1.0,-954.0
216.0,214.0,-915.0
-107.0,-138.0,-1077.0
-25.0,29.0,-946.0
-3.0,81.0,-1196.0
-181.0,203.0,-1210.0
140.0,-39.0,-938.0
-152.0,-189.0,-942.0
210.0,-29.0,-895.0
44.0,93.0,-1005.0
-50.0,160.0,-991.0
-87.0,-56.0,-1167.0
-185.0,52.0,-1077.0
236.0,175.0,-1026.0
-327.0,158.0,-1157.0
302.0,-175.0,-856.0
-117.0,-144.0,-962.0
267.0,-15.0,-936.0
52.0,134.0,-938.0
-23.0,78.0,-1003.0
-21.0,40.0,-1182.0
-111.0,48.0,-1192.0
167.0,128.0,-1022.0
-121.0,-187.0,-976.0
124.0,-138.0,-788.0
204.0,-3.0,-1007.0
-35.0,204.0,-1138.0
183.0,-5.0,-841.0
-327.0,-95.0,-1034.0
210.0,-1.0,-1061.0
-142.0,195.0,-1294.0
117.0,58.0,-938.0
113.0,-232.0,-894.0
-48.0,-117.0,-876.0
372.0,-19.0,-950.0
-337.0,128.0,-1057.0
171.0,140.0,-1034.0
-212.0,81.0,-1259.0
46.0,158.0,-1139.0
-122.0,-23.0,-979.0
-111.0,-130.0,-872.0
132.0,-208.0,-966.0
-158.0,152.0,-1143.0
87.0,189.0,-894.0
-156.0,3.0,-979.0
-148.0,-27.0,-1118.0
119.0,-5.0,-1124.0
-216.0,144.0,-1184.0
218.0,9.0,-895.0
-81.0,-35.0,-868.0
290.0,-19.0,-979.0
-9.0,-35.0,-999.0
-89.0,115.0,-1007.0
78.0,66.0,-1075.0
-35.0,253.0,-1370.0
119.0,3.0,-1011.0
-68.0,-128.0,-876.0
58.0,-189.0,-815.0
228.0,-25.0,-1040.0
-19.0,158.0,-1011.0
140.0,-1.0,-981.0
-128.0,144.0,-1059.0
136.0,40.0,-1143.0
-66.0,40.0,-1110.0
-13.0,-91.0,-948.0
105.0,-119.0,-804.0
68.0,48.0,-987.0
214.0,-113.0,-1007.0
-277.0,72.0,-1124.0
163.0,44.0,-895.0
-343.0,242.0,-1227.0
275.0,31.0,-1110.0
-269.0,-199.0,-1071.0
93.0,-175.0,-810.0
-62.0,-15.0,-1015.0
23.0,5.0,-1097.0
-101.0,-113.0,-866.0
62.0,17.0,-954.0
-193.0,175.0,-1243.0
-109.0,130.0,-1231.0
-171.0,-19.0,-1071.0
48.0,-154.0,-907.0
126.0,-1.0,-839.0
234.0,19.0,-905.0
-136.0,83.0,-1161.0
0.0,199.0,-1073.0
-107.0,238.0,-1303.0
-68.0,-68.0,-1095.0
13.0,-327.0,-944.0
66.0,-279.0,-708.0
271.0,21.0,-802.0
-203.0,396.0,-1007.0
128.0,195.0,-1167.0
-273.0,113.0,-1290.0
210.0,-33.0,-1098.0
-40.0,-85.0,-915.0
224.0,-126.0,-733.0
23.0,15.0,-925.0
169.0,105.0,-1030.0
33.0,128.0,-1225.0
-97.0,-212.0,-1034.0
191.0,-99.0,-839.0
-193.0,197.0,-1155.0
95.0,300.0,-1095.0
-148.0,-17.0,-1071.0
40.0,-454.0,-888.0
214.0,-25.0,-845.0
62.0,140.0,-1050.0
89.0,99.0,-1028.0
-140.0,33.0,-1013.0
33.0,9.0,-1112.0
-66.0,181.0,-1149.0
37.0,-5.0,-1011.0
-83.0,-230.0,-1059.0
-48.0,-181.0,-913.0
206.0,201.0,-979.0
-320.0,80.0,-1151.0
193.0,19.0,-864.0
-353.0,103.0,-1122.0
210.0,83.0,-1114.0
-204.0,177.0,-1206.0
35.0,-236.0,-962.0
-7.0,-91.0,-866.0
167.0,95.0,-919.0
46.0,173.0,-991.0
-85.0,122.0,-1022.0
-33.0,31.0,-1171.0
33.0,93.0,-1225.0
0.0,81.0,-1085.0
19.0,-113.0,-812.0
70.0,-142.0,-854.0
95.0,40.0,-981.0
78.0,0.0,-1065.0
-83.0,35.0,-1009.0
-27.0,-9.0,-1013.0
21.0,185.0,-1042.0
113.0,146.0,-1065.0
-9.0,-33.0,-999.0
162.0,-81.0,-921.0
109.0,-134.0,-999.0
7.0,-25.0,-936.0
58.0,-31.0,-968.0
-189.0,19.0,-1161.0
152.0,226.0,-1054.0
-234.0,214.0,-1192.0
74.0,-208.0,-954.0
-52.0,-251.0,-938.0
-76.0,-87.0,-876.0
300.0,187.0,-1042.0
-318.0,167.0,-1095.0
267.0,-35.0,-899.0
-443.0,37.0,-1161.0
316.0,54.0,-1042.0
-407.0,-76.0,-1218.0
271.0,-72.0,-827.0
-146.0,-95.0,-966.0
208.0,142.0,-936.0
-17.0,64.0,-1063.0
-177.0,60.0,-1073.0
-23.0,121.0,-1110.0
-21.0,228.0,-1214.0
33.0,62.0,-1005.0
0.0,-191.0,-864.0
91.0,-191.0,-831.0
242.0,3.0,-1075.0
-33.0,187.0,-1108.0
64.0,56.0,-976.0
-189.0,15.0,-974.0
249.0,140.0,-1106.0
-52.0,187.0,-1180.0
76.0,-160.0,-925.0
-70.0,-204.0,-825.0
169.0,-99.0,-981.0
154.0,218.0,-1046.0
-52.0,48.0,-1040.0
-40.0,-44.0,-960.0
-121.0,107.0,-1106.0
148.0,177.0,-1126.0
-13.0,-35.0,-1061.0
81.0,-226.0,-804.0
44.0,-119.0,-899.0
203.0,11.0,-1057.0
-37.0,105.0,-1054.0
-70.0,-1.0,-1003.0
-140.0,40.0,-1159.0
74.0,134.0,-1108.0
-132.0,70.0,-1106.0
144.0,-140.0,-895.0
-99.0,-138.0,-935.0
169.0,72.0,-981.0
-113.0,99.0,-1095.0
15.0,58.0,-970.0
-138.0,83.0,-1079.0
46.0,160.0,-1241.0
-122.0,13.0,-1097.0
39.0,-195.0,-821.0
-95.0,-99.0,-899.0
242.0,64.0,-1063.0
-160.0,203.0,-1079.0
48.0,-7.0,-950.0
-228.0,52.0,-1059.0
107.0,169.0,-1155.0
-50.0,128.0,-1136.0
40.0,-89.0,-929.0
15.0,-195.0,-843.0
154.0,0.0,-993.0
99.0,101.0,-1009.0
-21.0,48.0,-1032.0
-50.0,39.0,-989.0
17.0,95.0,-1098.0
109.0,122.0,-1130.0
15.0,-128.0,-1020.0
76.0,-148.0,-841.0
76.0,-62.0,-952.0
144.0,70.0,-1026.0
-33.0,132.0,-1059.0
-17.0,-83.0,-950.0
-76.0,169.0,-1100.0
62.0,56.0,-1138.0
-58.0,-39.0,-1061.0
64.0,-234.0,-903.0
25.0,11.0,-919.0
93.0,126.0,-968.0
-9.0,-3.0,-1034.0
-78.0,-13.0,-981.0
-97.0,76.0,-1151.0
0.0,206.0,-1206.0
-42.0,-66.0,-1054.0
-81.0,-89.0,-899.0
-60.0,-126.0,-942.0
35.0,17.0,-991.0
-21.0,113.0,-1015.0
-17.0,31.0,-1091.0
-111.0,169.0,-1116.0
-5.0,142.0,-1093.0
-113.0,85.0,-1073.0
80.0,-247.0,-993.0
74.0,-87.0,-897.0
148.0,105.0,-976.0
154.0,72.0,-1018.0
-58.0,23.0,-1011.0
-7.0,23.0,-983.0
35.0,183.0,-1196.0
89.0,56.0,-1132.0
-29.0,-132.0,-977.0
134.0,-183.0,-831.0
70.0,3.0,-958.0
181.0,175.0,-1013.0
-50.0,-83.0,-979.0
-7.0,13.0,-976.0
-66.0,175.0,-1173.0
111.0,175.0,-1116.0
-121.0,-160.0,-1007.0
23.0,-247.0,-854.0
81.0,17.0,-946.0
138.0,54.0,-1018.0
0.0,33.0,-956.0
-124.0,-25.0,-1071.0
-107.0,144.0,-1177.0
35.0,226.0,-1126.0
-81.0,-99.0,-1050.0
48.0,-232.0,-872.0
15.0,-93.0,-923.0
169.0,183.0,-1067.0
-35.0,64.0,-1038.0
-136.0,42.0,-991.0
-91.0,5.0,-1063.0
35.0,177.0,-1173.0
-60.0,27.0,-1122.0
107.0,-163.0,-921.0
-85.0,-19.0,-940.0
208.0,35.0,-981.0
-48.0,146.0,-999.0
-15.0,-60.0,-952.0
-56.0,115.0,-1108.0
-5.0,210.0,-1243.0
81.0,101.0,-1011.0
-29.0,-101.0,-907.0
66.0,-236.0,-890.0
138.0,7.0,-1083.0
31.0,121.0,-1003.0
-23.0,29.0,-927.0
-99.0,87.0,-1034.0
15.0,50.0,-1147.0
60.0,119.0,-1126.0
15.0,-122.0,-946.0
27.0,-117.0,-919.0
58.0,-93.0,-964.0
163.0,122.0,-977.0
-134.0,29.0,-1026.0
58.0,-31.0,-997.0
-119.0,154.0,-1100.0
165.0,152.0,-1116.0
-142.0,-17.0,-1102.0
105.0,-259.0,-817.0
-119.0,-72.0,-1011.0
283.0,64.0,-1007.0
-142.0,105.0,-1075.0
-15.0,9.0,-876.0
-204.0,1.0,-1124.0
173.0,193.0,-1165.0
-162.0,0.0,-1190.0
87.0,-78.0,-831.0
-89.0,-83.0,-884.0
132.0,46.0,-977.0
-25.0,46.0,-1061.0
-42.0,-35.0,-1059.0
-66.0,89.0,-1048.0
-37.0,220.0,-1126.0
1.0,85.0,-1050.0
-81.0,-126.0,-1026.0
44.0,-121.0,-870.0
117.0,-76.0,-962.0
107.0,97.0,-1018.0
-3.0,101.0,-1009.0
-21.0,126.0,-989.0
-44.0,52.0,-1145.0
76.0,0.0,-1134.0
-27.0,-54.0,-1046.0
126.0,-134.0,-847.0
42.0,35.0,-884.0
199.0,40.0,-974.0
-17.0,-48.0,-1044.0
-31.0,-27.0,-1073.0
-13.0,210.0,-1048.0
39.0,199.0,-1175.0
-103.0,-142.0,-1018.0
124.0,-214.0,-872.0
-19.0,-78.0,-976.0
345.0,17.0,-944.0
-95.0,136.0,-1020.0
66.0,-56.0,-993.0
-242.0,181.0,-1175.0
109.0,97.0,-1149.0
-244.0,-66.0,-1087.0
85.0,-206.0,-897.0
9.0,-25.0,-923.0
261.0,78.0,-958.0
-91.0,11.0,-1050.0
-95.0,-37.0,-1093.0
-162.0,113.0,-1044.0
39.0,259.0,-1136.0
-27.0,56.0,-1108.0
-109.0,-152.0,-1018.0
-17.0,-185.0,-872.0
169.0,107.0,-964.0
171.0,119.0,-1048.0
-66.0,11.0,-972.0
-126.0,80.0,-1028.0
-74.0,81.0,-1186.0
62.0,199.0,-1175.0
-105.0,-93.0,-997.0
144.0,-197.0,-825.0
83.0,13.0,-895.0
298.0,76.0,-931.0
-81.0,11.0,-1139.0
-1.0,-25.0,-1075.0
-128.0,261.0,-1085.0
70.0,87.0,-1056.0
-52.0,-40.0,-993.0
126.0,-163.0,-919.0
19.0,-76.0,-1034.0
240.0,-70.0,-901.0
-136.0,72.0,-991.0
-21.0,72.0,-1046.0
-165.0,130.0,-1161.0
103.0,163.0,-1071.0
-165.0,-48.0,-1132.0
78.0,-177.0,-829.0
-21.0,-126.0,-905.0
255.0,-9.0,-958.0
-70.0,107.0,-1151.0
-124.0,-27.0,-958.0
-175.0,40.0,-1091.0
23.0,189.0,-1149.0
-62.0,126.0,-1132.0
-37.0,-119.0,-935.0
-15.0,-279.0,-909.0
177.0,27.0,-983.0
37.0,181.0,-1028.0
-103.0,23.0,-958.0
-226.0,93.0,-1079.0
35.0,140.0,-1208.0
25.0,158.0,-1169.0
-23.0,-128.0,-917.0
95.0,-206.0,-810.0
74.0,-46.0,-950.0
193.0,124.0,-1030.0
-72.0,140.0,-1116.0
-29.0,19.0,-991.0
-130.0,101.0,-1061.0
95.0,152.0,-1059.0
-39.0,-15.0,-1180.0
119.0,-230.0,-792.0
39.0,-81.0,-927.0
193.0,46.0,-977.0
0.0,177.0,-1056.0
-132.0,23.0,-921.0
-3.0,-11.0,-1132.0
3.0,171.0,-1087.0
48.0,66.0,-1259.0
-17.0,-197.0,-817.0
222.0,-273.0,-722.0
58.0,42.0,-942.0
271.0,140.0,-1241.0
-396.0,122.0,-1097.0
349.0,-11.0,-813.0
-257.0,99.0,-1276.0
320.0,42.0,-1079.0
-388.0,5.0,-1052.0
310.0,-271.0,-732.0
-27.0,-140.0,-1161.0
222.0,138.0,-929.0
-242.0,130.0,-1145.0
-210.0,70.0,-968.0
74.0,103.0,-1173.0
-124.0,183.0,-1139.0
58.0,-42.0,-1005.0
-52.0,-115.0,-769.0
214.0,-81.0,-956.0
-1.0,66.0,-1097.0
-70.0,105.0,-1073.0
25.0,60.0,-954.0
-154.0,113.0,-1165.0
181.0,197.0,-1036.0
-119.0,-46.0,-1141.0
37.0,-134.0,-813.0
103.0,-113.0,-946.0
105.0,113.0,-1087.0
-21.0,78.0,-1022.0
-121.0,68.0,-944.0
-21.0,-5.0,-1165.0
142.0,152.0,-1159.0
-95.0,68.0,-1077.0
148.0,-158.0,-778.0
85.0,-138.0,-849.0
154.0,25.0,-1009.0
87.0,113.0,-1077.0
-101.0,-31.0,-1110.0
-76.0,9.0,-962.0
171.0,245.0,-1042.0
-199.0,-39.0,-1204.0
210.0,-185.0,-876.0
-177.0,-140.0,-954.0
275.0,-60.0,-876.0
-80.0,197.0,-1024.0
7.0,13.0,-1130.0
-210.0,-11.0,-1083.0
132.0,167.0,-958.0
-261.0,23.0,-1247.0
259.0,-175.0,-927.0
-124.0,-35.0,-876.0
320.0,9.0,-854.0
-83.0,33.0,-1065.0
-13.0,54.0,-1026.0
-78.0,-27.0,-1134.0
-52.0,242.0,-1120.0
23.0,68.0,-1054.0
-189.0,13.0,-1050.0
177.0,-212.0,-880.0
27.0,-35.0,-979.0
66.0,95.0,-997.0
15.0,81.0,-979.0
-210.0,117.0,-1067.0
68.0,64.0,-1141.0
-175.0,208.0,-1186.0
9.0,-142.0,-944.0
68.0,-199.0,-835.0
93.0,-97.0,-997.0
240.0,74.0,-892.0
-132.0,124.0,-1087.0
-40.0,-81.0,-1052.0
-37.0,171.0,-1079.0
37.0,220.0,-1065.0
111.0,-107.0,-1077.0
-89.0,-175.0,-931.0
132.0,-267.0,-923.0
99.0,197.0,-952.0
-9.0,93.0,-964.0
-156.0,9.0,-1141.0
-156.0,11.0,-1161.0
169.0,214.0,-1046.0
-208.0,113.0,-1157.0
85.0,-244.0,-878.0
-95.0,-160.0,-921.0
341.0,11.0,-954.0
-46.0,126.0,-1116.0
-193.0,46.0,-1022.0
-152.0,25.0,-985.0
25.0,244.0,-1204.0
95.0,50.0,-1108.0
31.0,-60.0,-935.0
-204.0,-208.0,-905.0
312.0,1.0,-946.0
-171.0,162.0,-1093.0
21.0,-40.0,-985.0
-337.0,99.0,-952.0
222.0,81.0,-1186.0
-40.0,218.0,-1225.0
234.0,23.0,-870.0
-160.0,-218.0,-890.0
220.0,-327.0,-952.0
197.0,171.0,-989.0
-87.0,255.0,-1145.0
-11.0,101.0,-956.0
-140.0,-11.0,-1161.0
144.0,124.0,-1095.0
146.0,48.0,-979.0
-212.0,-208.0,-935.0
165.0,-146.0,-899.0
206.0,150.0,-1097.0
74.0,130.0,-1020.0
-42.0,-99.0,-880.0
-281.0,-83.0,-1050.0
378.0,173.0,-1124.0
-95.0,275.0,-1218.0
81.0,-267.0,-954.0
-111.0,-341.0,-741.0
265.0,37.0,-860.0
80.0,121.0,-1235.0
-212.0,117.0,-1057.0
-148.0,-31.0,-981.0
1.0,138.0,-1124.0
193.0,70.0,-1057.0
-244.0,-115.0,-1120.0
-66.0,-306.0,-761.0
302.0,-101.0,-923.0
-109.0,279.0,-1118.0
259.0,130.0,-1077.0
-710.0,15.0,-1046.0
298.0,-76.0,-952.0
-128.0,228.0,-1298.0
97.0,3.0,-1139.0
-132.0,-185.0,-774.0
-17.0,-66.0,-757.0
347.0,54.0,-1065.0
-226.0,286.0,-1196.0
91.0,91.0,-1054.0
-267.0,-60.0,-1079.0
327.0,122.0,-925.0
-107.0,117.0,-1120.0
-66.0,-66.0,-1046.0
70.0,-218.0,-741.0
292.0,-5.0,-1007.0
39.0,68.0,-1052.0
-165.0,117.0,-874.0
-31.0,230.0,-1071.0
83.0,95.0,-1399.0
329.0,-31.0,-1042.0
-201.0,-388.0,-724.0
382.0,-277.0,-525.0
1.0,283.0,-1192.0
439.0,212.0,-1175.0
-554.0,23.0,-1233.0
68.0,-167.0,-753.0
-21.0,50.0,-1126.0
25.0,234.0,-1122.0
17.0,48.0,-979.0
-320.0,-163.0,-1026.0
343.0,-199.0,-1015.0
56.0,85.0,-927.0
54.0,25.0,-923.0
-259.0,-29.0,-1057.0
78.0,210.0,-1110.0
27.0,160.0,-1247.0
-19.0,-121.0,-1024.0
-44.0,-298.0,-841.0
148.0,107.0,-817.0
273.0,251.0,-1048.0
-320.0,294.0,-1087.0
-72.0,-62.0,-1067.0
-242.0,7.0,-1165.0
368.0,83.0,-1116.0
-171.0,23.0,-1026.0
54.0,-171.0,-892.0
-238.0,-107.0,-977.0
376.0,80.0,-927.0
-185.0,208.0,-1067.0
-121.0,39.0,-1081.0
-107.0,101.0,-1114.0
261.0,158.0,-1179.0
-58.0,58.0,-1003.0
89.0,-195.0,-730.0
-185.0,-204.0,-944.0
394.0,40.0,-997.0
-42.0,267.0,-1081.0
23.0,-56.0,-1075.0
-320.0,-142.0,-964.0
376.0,212.0,-907.0
-167.0,99.0,-1294.0
103.0,-152.0,-940.0
-126.0,-214.0,-956.0
267.0,-60.0,-1034.0
171.0,93.0,-897.0
-37.0,62.0,-888.0
-242.0,-56.0,-1075.0
208.0,220.0,-1204.0
-56.0,117.0,-1249.0
99.0,-171.0,-979.0
-238.0,-288.0,-782.0
322.0,-91.0,-802.0
-64.0,343.0,-1190.0
119.0,122.0,-1077.0
-327.0,-37.0,-1138.0
-35.0,29.0,-999.0
142.0,173.0,-1044.0
-249.0,70.0,-1100.0
37.0,-183.0,-997.0
-97.0,-54.0,-1024.0
382.0,62.0,-888.0
-76.0,146.0,-1034.0
-111.0,91.0,-987.0
52.0,132.0,-1159.0
-33.0,171.0,-1284.0
244.0,-76.0,-991.0
-314.0,-150.0,-950.0
177.0,-327.0,-655.0
169.0,111.0,-899.0
-35.0,265.0,-1138.0
52.0,232.0,-1309.0
-357.0,193.0,-1253.0
411.0,-72.0,-876.0
-156.0,0.0,-929.0
277.0,-300.0,-765.0
-179.0,-3.0,-1050.0
439.0,154.0,-1120.0
-15.0,-52.0,-1151.0
-138.0,-181.0,-728.0
-74.0,-89.0,-997.0
-39.0,228.0,-1249.0
275.0,392.0,-1100.0
-335.0,-54.0,-895.0
214.0,-450.0,-751.0
-44.0,-101.0,-968.0
513.0,242.0,-1048.0
-503.0,140.0,-1202.0
230.0,-101.0,-845.0
-450.0,216.0,-1296.0
404.0,64.0,-991.0
-324.0,-101.0,-1059.0
-19.0,-341.0,-888.0
165.0,-11.0,-1075.0
261.0,226.0,-931.0
39.0,169.0,-1018.0
-396.0,93.0,-981.0
93.0,-39.0,-1157.0
-134.0,56.0,-1235.0
275.0,46.0,-1048.0
-318.0,-152.0,-935.0
162.0,-83.0,-743.0
101.0,99.0,-911.0
58.0,130.0,-1036.0
-240.0,152.0,-1276.0
-126.0,87.0,-1257.0
238.0,132.0,-1079.0
-216.0,29.0,-931.0
247.0,-222.0,-673.0
-206.0,-185.0,-1069.0
472.0,29.0,-1011.0
29.0,236.0,-1093.0
-292.0,48.0,-979.0
-29.0,-173.0,-921.0
-148.0,128.0,-1177.0
320.0,101.0,-960.0
-214.0,109.0,-981.0
126.0,-121.0,-960.0
283.0,-201.0,-1071.0
169.0,46.0,-915.0
-72.0,-148.0,-999.0
-195.0,60.0,-921.0
29.0,306.0,-1260.0
11.0,58.0,-1163.0
-60.0,-121.0,-1110.0
-156.0,-423.0,-747.0
314.0,11.0,-892.0
103.0,247.0,-1138.0
-13.0,261.0,-954.0
-304.0,27.0,-1073.0
-140.0,-130.0,-1169.0
290.0,25.0,-1073.0
-349.0,66.0,-1097.0
212.0,-115.0,-847.0
-144.0,126.0,-989.0
443.0,-13.0,-1085.0
-228.0,52.0,-1098.0
-7.0,-27.0,-901.0
-339.0,169.0,-1192.0
300.0,214.0,-1145.0
-107.0,56.0,-1141.0
-25.0,-232.0,-884.0
-91.0,-199.0,-874.0
204.0,17.0,-817.0
23.0,238.0,-1120.0
-257.0,150.0,-1243.0
29.0,64.0,-1059.0
56.0,306.0,-991.0
140.0,-33.0,-1009.0
-5.0,-261.0,-974.0
-52.0,-279.0,-854.0
460.0,9.0,-907.0
21.0,17.0,-1177.0
-148.0,58.0,-1085.0
-325.0,113.0,-1013.0
87.0,68.0,-1032.0
109.0,-13.0,-1022.0
105.0,-81.0,-977.0
-210.0,-169.0,-997.0
445.0,56.0,-925.0
-306.0,11.0,-1180.0
187.0,-42.0,-880.0
-562.0,80.0,-1118.0
244.0,201.0,-1145.0
-214.0,148.0,-1245.0
136.0,-128.0,-919.0
-97.0,-363.0,-833.0
117.0,-150.0,-952.0
115.0,404.0,-1091.0
-21.0,277.0,-1057.0
-244.0,15.0,-1056.0
31.0,-162.0,-1081.0
-48.0,175.0,-1054.0
232.0,56.0,-915.0
-187.0,-91.0,-954.0
232.0,-189.0,-1083.0
87.0,124.0,-1044.0
39.0,185.0,-890.0
-234.0,99.0,-1050.0
-81.0,85.0,-1175.0
271.0,189.0,-1097.0
-195.0,-99.0,-1040.0
294.0,-277.0,-813.0
-421.0,-122.0,-1018.0
470.0,173.0,-991.0
-409.0,210.0,-1132.0
0.0,70.0,-854.0
-398.0,46.0,-1030.0
238.0,277.0,-1155.0
-357.0,13.0,-1188.0
62.0,-206.0,-812.0
-587.0,-193.0,-923.0
271.0,-60.0,-886.0
-579.0,228.0,-1145.0
-87.0,-76.0,-927.0
-663.0,117.0,-1085.0
-230.0,72.0,-1147.0
-468.0,107.0,-1159.0
-197.0,-93.0,-915.0
-316.0,-304.0,-823.0
-95.0,-5.0,-909.0
-329.0,91.0,-1048.0
-191.0,189.0,-1110.0
-441.0,54.0,-1184.0
-259.0,-48.0,-993.0
-277.0,-17.0,-1040.0
-275.0,-29.0,-1147.0
-48.0,-62.0,-964.0
-240.0,48.0,-987.0
-105.0,44.0,-1036.0
-169.0,122.0,-1065.0
-286.0,0.0,-1069.0
-42.0,97.0,-1050.0
-169.0,203.0,-1206.0
-163.0,-130.0,-1034.0
-68.0,-158.0,-886.0
-76.0,-122.0,-935.0
230.0,99.0,-854.0
-144.0,187.0,-1071.0
-37.0,5.0,-1011.0
-171.0,146.0,-1139.0
-37.0,152.0,-1081.0
0.0,-97.0,-970.0
-83.0,-187.0,-853.0
27.0,-203.0,-999.0
64.0,122.0,-940.0
-58.0,72.0,-993.0
-193.0,-17.0,-1030.0
9.0,142.0,-1042.0
-64.0,181.0,-1132.0
17.0,89.0,-1022.0
-37.0,-222.0,-1056.0
-46.0,-214.0,-933.0
224.0,-9.0,-854.0
-74.0,189.0,-1091.0
140.0,-13.0,-1044.0
-404.0,60.0,-1100.0
136.0,78.0,-1034.0
-244.0,150.0,-1255.0
70.0,-140.0,-956.0
-62.0,-183.0,-933.0
66.0,109.0,-952.0
62.0,185.0,-1091.0
-74.0,126.0,-942.0
-130.0,-208.0,-1042.0
-52.0,48.0,-1124.0
-74.0,300.0,-1218.0
-5.0,-9.0,-1009.0
-83.0,-146.0,-790.0
74.0,-46.0,-989.0
140.0,132.0,-1056.0
50.0,103.0,-1028.0
-150.0,56.0,-997.0
3.0,152.0,-1161.0
-181.0,193.0,-1126.0
126.0,-58.0,-966.0
-42.0,-208.0,-944.0
154.0,-257.0,-927.0
95.0,191.0,-981.0
54.0,208.0,-1075.0
-29.0,99.0,-995.0
-148.0,7.0,-974.0
128.0,85.0,-1151.0
-158.0,58.0,-1120.0
283.0,-101.0,-888.0
-156.0,-212.0,-923.0
368.0,-119.0,-849.0
-132.0,201.0,-1116.0
128.0,64.0,-1011.0
-284.0,122.0,-1020.0
31.0,37.0,-1089.0
-148.0,58.0,-1190.0
76.0,-128.0,-929.0
9.0,-210.0,-870.0
134.0,3.0,-976.0
40.0,72.0,-1095.0
-119.0,25.0,-974.0
-156.0,-5.0,-1048.0
-52.0,156.0,-1173.0
-152.0,58.0,-1138.0
103.0,-46.0,-946.0
-111.0,-126.0,-948.0
193.0,-136.0,-854.0
-44.0,46.0,-1097.0
15.0,95.0,-1098.0
-269.0,195.0,-1122.0
44.0,181.0,-970.0
-191.0,48.0,-1145.0
19.0,-162.0,-1030.0
21.0,-169.0,-964.0
68.0,0.0,-972.0
136.0,95.0,-987.0
-7.0,167.0,-1054.0
-103.0,-54.0,-1009.0
-29.0,66.0,-968.0
11.0,203.0,-1167.0
97.0,-23.0,-1147.0
1.0,-109.0,-974.0
132.0,-187.0,-825.0
64.0,91.0,-931.0
85.0,-11.0,-970.0
-140.0,15.0,-1085.0
23.0,165.0,-1128.0
-132.0,214.0,-1145.0
212.0,-7.0,-929.0
-52.0,-322.0,-1009.0
140.0,-224.0,-907.0
208.0,111.0,-958.0
-23.0,195.0,-1024.0
54.0,-5.0,-954.0
-201.0,-17.0,-1130.0
160.0,122.0,-1100.0
-119.0,121.0,-1098.0
85.0,-117.0,-950.0
-58.0,-249.0,-987.0
103.0,37.0,-966.0
-3.0,93.0,-1013.0
-31.0,87.0,-1007.0
-150.0,-23.0,-1079.0
-9.0,191.0,-1048.0
-52.0,267.0,-1177.0
3.0,-150.0,-1059.0
-83.0,-273.0,-866.0
95.0,-42.0,-950.0
89.0,236.0,-1052.0
-25.0,224.0,-1015.0
-128.0,-70.0,-948.0
-148.0,1.0,-1180.0
9.0,183.0,-1114.0
56.0,124.0,-1065.0
15.0,-142.0,-854.0
121.0,-220.0,-919.0
44.0,50.0,-1001.0
64.0,119.0,-1077.0
-208.0,62.0,-987.0
68.0,44.0,-1032.0
-83.0,253.0,-1192.0
113.0,17.0,-976.0
83.0,-208.0,-944.0
-35.0,-341.0,-931.0
296.0,39.0,-917.0
-134.0,244.0,-1093.0
93.0,23.0,-997.0
-222.0,76.0,-993.0
177.0,9.0,-1108.0
-93.0,23.0,-1153.0
181.0,-117.0,-966.0
-124.0,-191.0,-880.0
251.0,-68.0,-919.0
-132.0,115.0,-1149.0
60.0,76.0,-983.0
-156.0,72.0,-1046.0
-111.0,103.0,-1073.0
124.0,68.0,-1136.0
-259.0,-66.0,-1139.0
173.0,-244.0,-845.0
-150.0,17.0,-989.0
210.0,48.0,-1026.0
-146.0,60.0,-1028.0
-103.0,107.0,-1034.0
-48.0,122.0,-1149.0
-93.0,193.0,-1139.0
81.0,-70.0,-1038.0
-40.0,-177.0,-899.0
136.0,-83.0,-956.0
33.0,91.0,-968.0
78.0,158.0,-1097.0
-259.0,46.0,-1093.0
150.0,105.0,-966.0
-126.0,216.0,-1139.0
281.0,-124.0,-970.0
-29.0,-83.0,-1020.0
185.0,-169.0,-899.0
122.0,113.0,-944.0
29.0,103.0,-991.0
5.0,-83.0,-1024.0
-99.0,165.0,-1093.0
-3.0,150.0,-1120.0
-52.0,66.0,-1100.0
-54.0,-261.0,-954.0
-107.0,-203.0,-927.0
66.0,76.0,-977.0
-169.0,130.0,-1026.0
-181.0,15.0,-921.0
-474.0,68.0,-1124.0
-255.0,44.0,-1149.0
-347.0,87.0,-1063.0
-413.0,-154.0,-952.0
-429.0,-138.0,-876.0
-540.0,95.0,-1001.0
-423.0,-31.0,-1001.0
-732.0,119.0,-936.0
-704.0,42.0,-1081.0
-1007.0,136.0,-1194.0
-609.0,81.0,-1069.0
-915.0,-48.0,-1022.0
-704.0,-203.0,-936.0
-1001.0,-31.0,-1061.0
-753.0,85.0,-987.0
-1073.0,201.0,-1095.0
-1079.0,93.0,-1015.0
-1104.0,-27.0,-1106.0
-1020.0,109.0,-1143.0
-968.0,-17.0,-1155.0
-921.0,29.0,-950.0
-1165.0,-148.0,-1001.0
-890.0,-21.0,-886.0
-1138.0,74.0,-1079.0
-985.0,23.0,-1050.0
-1233.0,76.0,-1057.0
-935.0,80.0,-1061.0
-1194.0,1.0,-1128.0
-817.0,-99.0,-899.0
-1366.0,-152.0,-919.0
-825.0,23.0,-925.0
-1274.0,-11.0,-1093.0
-913.0,124.0,-882.0
-1419.0,-5.0,-1046.0
-1095.0,-111.0,-1108.0
-1288.0,40.0,-1095.0
-1098.0,85.0,-991.0
-1485.0,-23.0,-929.0
-1157.0,-189.0,-860.0
-1440.0,-99.0,-948.0
-1177.0,85.0,-1005.0
-1516.0,111.0,-1063.0
-1317.0,33.0,-1040.0
-1456.0,85.0,-1042.0
-1225.0,-136.0,-1073.0
-1440.0,117.0,-853.0
-1229.0,-97.0,-936.0
-1313.0,-50.0,-1057.0
-1036.0,17.0,-1018.0
-1516.0,115.0,-1007.0
-1218.0,89.0,-1048.0
-1401.0,-13.0,-1204.0
-1319.0,222.0,-1212.0
-1255.0,-78.0,-929.0
-1255.0,21.0,-856.0
-1155.0,-99.0,-972.0
-1048.0,175.0,-1065.0
-1376.0,62.0,-1089.0
-1210.0,-19.0,-1106.0
-1259.0,-64.0,-1141.0
-1054.0,-3.0,-1149.0
-995.0,-54.0,-866.0
-1098.0,27.0,-901.0
-800.0,-134.0,-909.0
-823.0,189.0,-997.0
-636.0,58.0,-1097.0
-892.0,255.0,-977.0
-573.0,95.0,-1036.0
-616.0,31.0,-1220.0
-425.0,-52.0,-1110.0
-495.0,-206.0,-837.0
13.0,-206.0,-704.0
-162.0,249.0,-1124.0
111.0,5.0,-1165.0
-437.0,247.0,-1042.0
-68.0,-148.0,-1018.0
-402.0,31.0,-1192.0
44.0,-128.0,-974.0
-324.0,-158.0,-948.0
99.0,134.0,-944.0
-320.0,17.0,-944.0
-23.0,407.0,-950.0
-394.0,-48.0,-1048.0
-95.0,46.0,-1038.0
-288.0,-46.0,-999.0
80.0,78.0,-1003.0
-261.0,70.0,-1112.0
195.0,-140.0,-901.0
-105.0,160.0,-944.0
62.0,-206.0,-1091.0
-261.0,232.0,-1155.0
113.0,-163.0,-1011.0
-267.0,407.0,-1177.0
308.0,46.0,-1040.0
-230.0,97.0,-927.0
335.0,-101.0,-1001.0
-54.0,-130.0,-1122.0
56.0,19.0,-958.0
113.0,29.0,-942.0
310.0,247.0,-1141.0
462.0,146.0,-1159.0
292.0,-325.0,-1013.0
521.0,-23.0,-1059.0
368.0,-62.0,-1057.0
650.0,-122.0,-876.0
642.0,206.0,-1011.0
564.0,-101.0,-1038.0
292.0,121.0,-1042.0
382.0,-111.0,-1149.0
374.0,242.0,-1325.0
431.0,-224.0,-821.0
382.0,-87.0,-782.0
562.0,-255.0,-1020.0
458.0,318.0,-1067.0
482.0,-189.0,-868.0
404.0,167.0,-933.0
591.0,232.0,-1255.0
288.0,-83.0,-1155.0
771.0,-23.0,-903.0
298.0,-95.0,-989.0
747.0,-154.0,-829.0
448.0,-111.0,-966.0
454.0,27.0,-1112.0
425.0,597.0,-1184.0
111.0,-70.0,-1106.0
384.0,203.0,-1054.0
343.0,-415.0,-1013.0
396.0,-13.0,-733.0
556.0,-17.0,-853.0
324.0,11.0,-1270.0
607.0,216.0,-1114.0
470.0,-23.0,-860.0
474.0,388.0,-995.0
683.0,-134.0,-1120.0
452.0,19.0,-1018.0
767.0,25.0,-1001.0
474.0,-220.0,-1214.0
696.0,197.0,-946.0
607.0,-220.0,-913.0
448.0,409.0,-1048.0
599.0,19.0,-1034.0
165.0,154.0,-1114.0
640.0,54.0,-1116.0
421.0,-407.0,-1091.0
667.0,48.0,-718.0
710.0,-267.0,-853.0
443.0,140.0,-1110.0
897.0,175.0,-1024.0
160.0,-95.0,-1007.0
854.0,320.0,-1122.0
325.0,21.0,-1235.0
999.0,21.0,-876.0
472.0,-228.0,-860.0
767.0,17.0,-935.0
616.0,72.0,-1100.0
507.0,-19.0,-1079.0
591.0,361.0,-1159.0
281.0,-27.0,-1106.0
581.0,-11.0,-880.0
450.0,-64.0,-1018.0
741.0,-128.0,-989.0
527.0,48.0,-860.0
534.0,146.0,-991.0
679.0,132.0,-1145.0
380.0,142.0,-1069.0
636.0,0.0,-823.0
347.0,-3.0,-1030.0
927.0,-76.0,-1184.0
503.0,-72.0,-1145.0
823.0,-107.0,-860.0
532.0,312.0,-989.0
780.0,44.0,-1015.0
566.0,-40.0,-997.0
626.0,39.0,-1075.0
624.0,189.0,-1151.0
718.0,13.0,-1052.0
915.0,-126.0,-913.0
532.0,-122.0,-985.0
993.0,5.0,-890.0
511.0,203.0,-1091.0
948.0,-52.0,-981.0
411.0,-124.0,-1167.0
739.0,72.0,-1032.0
519.0,119.0,-1153.0
702.0,-107.0,-942.0
509.0,-249.0,-956.0
593.0,42.0,-983.0
443.0,144.0,-1034.0
603.0,37.0,-960.0
310.0,-42.0,-1038.0
732.0,105.0,-1046.0
427.0,15.0,-1163.0
728.0,-60.0,-952.0
255.0,-226.0,-997.0
794.0,-126.0,-958.0
415.0,294.0,-1134.0
874.0,163.0,-1083.0
267.0,-113.0,-954.0
767.0,-23.0,-929.0
511.0,228.0,-1280.0
829.0,25.0,-1173.0
482.0,-175.0,-843.0
595.0,52.0,-866.0
669.0,33.0,-1071.0
755.0,206.0,-1024.0
525.0,-167.0,-890.0
624.0,-60.0,-1036.0
573.0,175.0,-1087.0
976.0,121.0,-1079.0
443.0,-46.0,-987.0
854.0,-275.0,-767.0
386.0,134.0,-1001.0
1009.0,46.0,-1044.0
335.0,167.0,-1093.0
761.0,13.0,-989.0
212.0,7.0,-1169.0
880.0,-33.0,-907.0
329.0,-83.0,-1118.0
622.0,-89.0,-894.0
368.0,44.0,-981.0
573.0,89.0,-940.0
532.0,0.0,-1048.0
304.0,39.0,-958.0
407.0,33.0,-1124.0
271.0,-33.0,-1171.0
368.0,-31.0,-1020.0
216.0,-101.0,-954.0
396.0,169.0,-960.0
316.0,25.0,-1052.0
119.0,-13.0,-962.0
72.0,-31.0,-1038.0
109.0,195.0,-1196.0
189.0,99.0,-1180.0
62.0,-126.0,-987.0
80.0,-124.0,-806.0
171.0,109.0,-995.0
236.0,212.0,-1052.0
37.0,3.0,-1079.0
-117.0,-19.0,-966.0
230.0,105.0,-1009.0
95.0,224.0,-1120.0
228.0,-9.0,-1104.0
-44.0,-167.0,-1030.0
220.0,-105.0,-858.0
169.0,142.0,-997.0
275.0,93.0,-1065.0
99.0,15.0,-1038.0
5.0,-9.0,-974.0
242.0,42.0,-1018.0
169.0,-83.0,-1161.0
197.0,-230.0,-1028.0
154.0,-169.0,-845.0
226.0,52.0,-929.0
171.0,-46.0,-1026.0
134.0,-146.0,-1040.0
11.0,-279.0,-1026.0
81.0,-130.0,-1130.0
107.0,-81.0,-1079.0
195.0,-245.0,-989.0
17.0,-187.0,-958.0
136.0,-267.0,-987.0
74.0,-261.0,-931.0
44.0,-253.0,-979.0
-7.0,-230.0,-1141.0
33.0,-113.0,-1169.0
-89.0,-228.0,-968.0
76.0,-365.0,-899.0
-21.0,-501.0,-1063.0
189.0,-409.0,-995.0
-21.0,-238.0,-1026.0
50.0,-306.0,-979.0
-136.0,-283.0,-1013.0
52.0,-347.0,-1018.0
-11.0,-265.0,-1136.0
0.0,-464.0,-1079.0
9.0,-521.0,-911.0
-7.0,-523.0,-976.0
195.0,-435.0,-917.0
-39.0,-419.0,-1083.0
52.0,-626.0,-933.0
-124.0,-577.0,-1046.0
238.0,-501.0,-1089.0
-162.0,-456.0,-1223.0
185.0,-644.0,-892.0
-109.0,-739.0,-817.0
363.0,-491.0,-995.0
29.0,-441.0,-1100.0
119.0,-558.0,-907.0
-201.0,-601.0,-1061.0
72.0,-538.0,-1071.0
85.0,-421.0,-1059.0
64.0,-595.0,-985.0
126.0,-735.0,-876.0
52.0,-757.0,-888.0
119.0,-616.0,-1020.0
-58.0,-560.0,-1089.0
23.0,-597.0,-995.0
-87.0,-628.0,-1036.0
9.0,-603.0,-1028.0
87.0,-527.0,-1063.0
-119.0,-601.0,-968.0
230.0,-609.0,-913.0
-140.0,-456.0,-991.0
214.0,-445.0,-991.0
-130.0,-548.0,-1020.0
89.0,-478.0,-987.0
-52.0,-478.0,-1200.0
-33.0,-484.0,-1067.0
163.0,-568.0,-892.0
-89.0,-445.0,-958.0
310.0,-482.0,-983.0
-138.0,-345.0,-1077.0
62.0,-462.0,-938.0
-95.0,-433.0,-1141.0
39.0,-374.0,-1110.0
44.0,-532.0,-1093.0
-3.0,-653.0,-864.0
195.0,-737.0,-931.0
54.0,-482.0,-1001.0
206.0,-544.0,-1083.0
-156.0,-609.0,-1020.0
134.0,-550.0,-977.0
-44.0,-277.0,-1120.0
119.0,-337.0,-1089.0
46.0,-290.0,-991.0
-11.0,-421.0,-927.0
195.0,-415.0,-894.0
23.0,-267.0,-1038.0
197.0,-273.0,-1056.0
-183.0,-322.0,-1071.0
93.0,-407.0,-935.0
-160.0,-411.0,-1175.0
76.0,-632.0,-997.0
-52.0,-689.0,-847.0
93.0,-638.0,-925.0
42.0,-544.0,-1075.0
-52.0,-462.0,-991.0
-152.0,-589.0,-1030.0
-103.0,-448.0,-1069.0
-37.0,-333.0,-1093.0
-140.0,-302.0,-1093.0
35.0,-431.0,-888.0
9.0,-327.0,-899.0
113.0,-300.0,-974.0
-21.0,-341.0,-1048.0
-173.0,-511.0,-1042.0
-13.0,-433.0,-1091.0
-175.0,-376.0,-1100.0
107.0,-624.0,-1018.0
-222.0,-769.0,-964.0
210.0,-854.0,-915.0
-101.0,-624.0,-997.0
130.0,-536.0,-1022.0
-177.0,-527.0,-1087.0
-37.0,-532.0,-940.0
-93.0,-386.0,-1024.0
-7.0,-370.0,-1075.0
74.0,-556.0,-1015.0
-15.0,-735.0,-835.0
286.0,-564.0,-876.0
-46.0,-587.0,-1018.0
226.0,-726.0,-1020.0
-337.0,-843.0,-1102.0
226.0,-796.0,-1011.0
-247.0,-769.0,-1118.0
325.0,-675.0,-950.0
-101.0,-605.0,-999.0
210.0,-642.0,-899.0
-91.0,-603.0,-1054.0
-11.0,-651.0,-987.0
-97.0,-694.0,-1005.0
-17.0,-622.0,-1139.0
-105.0,-655.0,-1120.0
87.0,-687.0,-921.0
-113.0,-743.0,-948.0
259.0,-726.0,-905.0
-81.0,-601.0,-989.0
111.0,-702.0,-1018.0
-238.0,-776.0,-1081.0
136.0,-710.0,-1044.0
-230.0,-691.0,-1165.0
288.0,-577.0,-888.0
-218.0,-661.0,-964.0
415.0,-677.0,-864.0
-70.0,-384.0,-1145.0
251.0,-507.0,-999.0
-193.0,-509.0,-985.0
85.0,-720.0,-886.0
58.0,-491.0,-1126.0
117.0,-366.0,-1136.0
107.0,-417.0,-1007.0
21.0,-488.0,-931.0
89.0,-556.0,-936.0
189.0,-421.0,-976.0
44.0,-413.0,-997.0
107.0,-491.0,-1042.0
-76.0,-361.0,-1208.0
95.0,-253.0,-1057.0
-78.0,-259.0,-1034.0
130.0,-511.0,-831.0
93.0,-325.0,-981.0
54.0,-130.0,-999.0
122.0,-269.0,-1030.0
-255.0,-384.0,-1042.0
232.0,-331.0,-1149.0
-238.0,-136.0,-1145.0
306.0,-154.0,-964.0
-284.0,-74.0,-952.0
253.0,-117.0,-952.0
-83.0,40.0,-1059.0
5.0,81.0,-1073.0
-134.0,-191.0,-1087.0
-35.0,-101.0,-989.0
64.0,58.0,-1112.0
-148.0,183.0,-1194.0
-42.0,-201.0,-940.0
-119.0,-152.0,-880.0
83.0,-11.0,-1057.0
62.0,122.0,-1071.0
-81.0,15.0,-1001.0
7.0,-48.0,-1054.0
-214.0,70.0,-1056.0
193.0,214.0,-1093.0
-269.0,138.0,-1018.0
244.0,187.0,-847.0
-234.0,165.0,-985.0
273.0,93.0,-946.0
-199.0,-40.0,-997.0
117.0,-101.0,-964.0
-72.0,87.0,-1206.0
-132.0,132.0,-1100.0
191.0,-21.0,-917.0
-296.0,-191.0,-1020.0
404.0,-218.0,-890.0
-212.0,134.0,-931.0
273.0,224.0,-935.0
-244.0,183.0,-1233.0
37.0,296.0,-1069.0
-199.0,113.0,-1079.0
-21.0,7.0,-815.0
119.0,-117.0,-892.0
46.0,42.0,-989.0
197.0,-1.0,-1081.0
-216.0,-23.0,-1003.0
156.0,-101.0,-1003.0
-238.0,25.0,-1056.0
232.0,-48.0,-1046.0
-267.0,-126.0,-1169.0
68.0,-177.0,-892.0
21.0,80.0,-979.0
93.0,146.0,-1011.0
85.0,210.0,-1030.0
-298.0,23.0,-952.0
107.0,78.0,-1015.0
-195.0,214.0,-1303.0
95.0,50.0,-1087.0
-66.0,-25.0,-843.0
78.0,-35.0,-833.0
253.0,105.0,-1050.0
-7.0,177.0,-1186.0
93.0,5.0,-1044.0
-288.0,25.0,-997.0
242.0,212.0,-1034.0
-160.0,101.0,-1247.0
244.0,142.0,-915.0
-150.0,232.0,-962.0
325.0,390.0,-774.0
39.0,378.0,-1056.0
46.0,187.0,-1038.0
11.0,210.0,-1134.0
-152.0,329.0,-1034.0
228.0,249.0,-999.0
25.0,226.0,-1052.0
115.0,146.0,-1007.0
165.0,310.0,-903.0
7.0,370.0,-1079.0
253.0,359.0,-1063.0
-177.0,527.0,-1114.0
242.0,425.0,-1018.0
-306.0,431.0,-1169.0
251.0,284.0,-942.0
-193.0,378.0,-1056.0
380.0,568.0,-935.0
-208.0,681.0,-1044.0
259.0,384.0,-872.0
-372.0,349.0,-1196.0
193.0,388.0,-1120.0
-138.0,585.0,-1272.0
31.0,325.0,-938.0
-1.0,310.0,-931.0
-80.0,579.0,-1077.0
228.0,751.0,-1091.0
-195.0,837.0,-1059.0
-19.0,568.0,-933.0
-121.0,630.0,-1038.0
17.0,829.0,-1153.0
21.0,665.0,-1087.0
-119.0,515.0,-940.0
109.0,435.0,-935.0
50.0,825.0,-983.0
124.0,696.0,-1022.0
-107.0,511.0,-956.0
-76.0,484.0,-1077.0
78.0,554.0,-1139.0
46.0,778.0,-1171.0
58.0,534.0,-936.0
-62.0,509.0,-790.0
122.0,712.0,-1032.0
-128.0,835.0,-1118.0
249.0,655.0,-968.0
-390.0,495.0,-886.0
380.0,525.0,-1026.0
-300.0,782.0,-1266.0
343.0,622.0,-952.0
-286.0,534.0,-876.0
136.0,343.0,-911.0
7.0,478.0,-1065.0
-33.0,599.0,-1054.0
-25.0,409.0,-1011.0
-193.0,478.0,-1177.0
13.0,472.0,-1110.0
-89.0,587.0,-1089.0
-72.0,464.0,-899.0
-3.0,425.0,-921.0
-37.0,552.0,-1077.0
46.0,646.0,-1087.0
-134.0,601.0,-995.0
42.0,558.0,-1024.0
-119.0,493.0,-1124.0
87.0,509.0,-1116.0
-222.0,499.0,-1097.0
271.0,519.0,-864.0
-206.0,560.0,-1026.0
316.0,454.0,-911.0
-310.0,480.0,-1196.0
201.0,325.0,-1056.0
-148.0,484.0,-1139.0
74.0,480.0,-1073.0
5.0,374.0,-1009.0
48.0,585.0,-876.0
189.0,618.0,-987.0
19.0,566.0,-1038.0
99.0,413.0,-1015.0
-7.0,396.0,-954.0
122.0,605.0,-1139.0
-1.0,415.0,-1147.0
93.0,341.0,-931.0
-11.0,480.0,-979.0
314.0,589.0,-921.0
156.0,708.0,-1015.0
89.0,413.0,-917.0
144.0,374.0,-1114.0
113.0,597.0,-1190.0
320.0,614.0,-1112.0
144.0,439.0,-981.0
214.0,353.0,-847.0
325.0,612.0,-1020.0
378.0,638.0,-1046.0
474.0,466.0,-1057.0
81.0,464.0,-1036.0
525.0,509.0,-1028.0
341.0,726.0,-1180.0
548.0,556.0,-1126.0
208.0,392.0,-1009.0
575.0,486.0,-907.0
644.0,657.0,-993.0
714.0,778.0,-999.0
421.0,612.0,-1114.0
445.0,620.0,-1093.0
671.0,679.0,-1157.0
622.0,601.0,-1163.0
677.0,349.0,-874.0
579.0,376.0,-884.0
913.0,599.0,-989.0
884.0,780.0,-1161.0
694.0,585.0,-1015.0
691.0,499.0,-923.0
638.0,636.0,-1116.0
858.0,527.0,-1194.0
626.0,562.0,-993.0
691.0,359.0,-853.0
796.0,579.0,-927.0
646.0,564.0,-997.0
622.0,489.0,-942.0
244.0,569.0,-1089.0
478.0,421.0,-1184.0
163.0,404.0,-1155.0
423.0,300.0,-874.0
107.0,306.0,-860.0
458.0,294.0,-976.0
171.0,331.0,-1104.0
117.0,335.0,-1112.0
-44.0,345.0,-1003.0
-35.0,413.0,-1120.0
46.0,261.0,-1141.0
-7.0,177.0,-1040.0
80.0,359.0,-993.0
113.0,374.0,-938.0
130.0,304.0,-997.0
-48.0,265.0,-1046.0
-107.0,105.0,-1095.0
-74.0,288.0,-1112.0
83.0,177.0,-1175.0
0.0,154.0,-1110.0
185.0,48.0,-894.0
156.0,134.0,-921.0
306.0,183.0,-1009.0
81.0,9.0,-1091.0
44.0,62.0,-999.0
40.0,103.0,-1071.0
244.0,206.0,-1188.0
249.0,7.0,-1056.0
171.0,33.0,-870.0
263.0,91.0,-892.0
261.0,195.0,-1018.0
64.0,-13.0,-1013.0
3.0,-140.0,-970.0
-58.0,-21.0,-1116.0
234.0,95.0,-1040.0
40.0,134.0,-1044.0
179.0,-25.0,-825.0
-130.0,-29.0,-952.0
144.0,17.0,-944.0
-37.0,7.0,-1032.0
39.0,37.0,-987.0
-142.0,62.0,-940.0
42.0,122.0,-1007.0
-70.0,128.0,-1067.0
0.0,64.0,-1065.0
-275.0,-23.0,-970.0
-124.0,33.0,-884.0
-318.0,150.0,-989.0
-181.0,27.0,-976.0
-458.0,1.0,-1104.0
-525.0,-15.0,-1046.0
-513.0,136.0,-1157.0
-489.0,162.0,-1079.0
-628.0,115.0,-972.0
-610.0,226.0,-849.0
-772.0,165.0,-1114.0
-595.0,138.0,-1046.0
-938.0,134.0,-1069.0
-603.0,175.0,-1056.0
-1013.0,265.0,-1221.0
-573.0,244.0,-1052.0
-860.0,175.0,-1015.0
-532.0,95.0,-966.0
-698.0,171.0,-991.0
-536.0,142.0,-1046.0
-597.0,249.0,-1147.0
-493.0,224.0,-1069.0
-366.0,374.0,-1056.0
-534.0,203.0,-1138.0
-128.0,126.0,-977.0
-593.0,163.0,-958.0
31.0,292.0,-892.0
-458.0,335.0,-1114.0
37.0,244.0,-968.0
-413.0,156.0,-940.0
-195.0,320.0,-1005.0
-218.0,304.0,-1145.0
-277.0,222.0,-1118.0
-134.0,-11.0,-866.0
-224.0,247.0,-878.0
-66.0,212.0,-1001.0
-136.0,247.0,-1026.0
-370.0,134.0,-960.0
-169.0,224.0,-1071.0
-361.0,407.0,-1198.0
-113.0,203.0,-997.0
-419.0,74.0,-931.0
-80.0,142.0,-868.0
-261.0,259.0,-954.0
-7.0,298.0,-1018.0
-511.0,126.0,-1093.0
-23.0,187.0,-1003.0
-540.0,288.0,-1155.0
89.0,124.0,-1013.0
-374.0,119.0,-1018.0
44.0,17.0,-833.0
-78.0,203.0,-1032.0
-101.0,150.0,-1063.0
-3.0,66.0,-1057.0
-292.0,74.0,-1089.0
121.0,189.0,-1044.0
-197.0,195.0,-1136.0
103.0,-7.0,-997.0
-48.0,-64.0,-944.0
80.0,42.0,-983.0
48.0,58.0,-1085.0
-66.0,19.0,-981.0
-17.0,-60.0,-1018.0
-173.0,89.0,-1218.0
-1.0,95.0,-1106.0
-142.0,-70.0,-946.0
13.0,-177.0,-938.0
39.0,-91.0,-1011.0
95.0,66.0,-966.0
7.0,-40.0,-1048.0
-187.0,-140.0,-1050.0
103.0,29.0,-1085.0
-341.0,126.0,-1132.0
275.0,-122.0,-942.0
-306.0,-253.0,-993.0
335.0,-148.0,-938.0
-138.0,83.0,-1067.0
126.0,15.0,-903.0
-224.0,-80.0,-1095.0
-89.0,23.0,-1061.0
66.0,72.0,-1093.0
-216.0,21.0,-1102.0
191.0,-216.0,-880.0
-181.0,-113.0,-933.0
320.0,-7.0,-995.0
-163.0,152.0,-1161.0
91.0,-29.0,-899.0
-236.0,-23.0,-1089.0
78.0,113.0,-1079.0
15.0,-15.0,-1163.0
-50.0,-101.0,-903.0
210.0,-203.0,-925.0
-29.0,162.0,-1024.0
275.0,142.0,-1040.0
-222.0,-17.0,-1015.0
50.0,-109.0,-1018.0
-169.0,76.0,-1167.0
126.0,115.0,-1093.0
97.0,-1.0,-958.0
-60.0,-99.0,-899.0
275.0,-109.0,-977.0
-201.0,80.0,-1067.0
122.0,74.0,-977.0
-240.0,142.0,-1106.0
99.0,113.0,-1044.0
-167.0,124.0,-1110.0
162.0,15.0,-950.0
-126.0,-121.0,-958.0
175.0,9.0,-913.0
-33.0,204.0,-1149.0
-1.0,175.0,-968.0
-154.0,80.0,-960.0
-183.0,66.0,-1063.0
113.0,72.0,-1151.0
-222.0,203.0,-1091.0
236.0,-52.0,-870.0
-214.0,136.0,-995.0
103.0,163.0,-968.0
-173.0,201.0,-1081.0
-99.0,113.0,-1001.0
-89.0,160.0,-987.0
-35.0,294.0,-1179.0
83.0,169.0,-1122.0
-189.0,40.0,-968.0
83.0,1.0,-905.0
-15.0,191.0,-1013.0
76.0,288.0,-1040.0
-130.0,154.0,-1011.0
95.0,68.0,-1054.0
-126.0,230.0,-1067.0
222.0,163.0,-1052.0
-50.0,93.0,-1081.0
89.0,-39.0,-915.0
21.0,226.0,-854.0
33.0,83.0,-1050.0
72.0,87.0,-1075.0
-160.0,87.0,-989.0
249.0,169.0,-977.0
-185.0,210.0,-1177.0
163.0,-62.0,-1034.0
-203.0,-130.0,-1003.0
81.0,-60.0,-890.0
-19.0,152.0,-966.0
150.0,109.0,-1067.0
-142.0,-5.0,-1065.0
9.0,93.0,-977.0
-42.0,68.0,-1198.0
-91.0,-50.0,-1071.0
25.0,-117.0,-940.0
-76.0,17.0,-964.0
130.0,31.0,-960.0
-185.0,9.0,-1009.0
81.0,-105.0,-1089.0
-66.0,29.0,-1169.0
-58.0,197.0,-1007.0
99.0,9.0,-1005.0
-218.0,-165.0,-981.0
206.0,-119.0,-968.0
-181.0,70.0,-1069.0
245.0,-21.0,-993.0
-275.0,-21.0,-964.0
300.0,33.0,-1024.0
-148.0,140.0,-1180.0
91.0,48.0,-981.0
-21.0,-224.0,-1005.0
-91.0,-232.0,-911.0
363.0,52.0,-974.0
-144.0,115.0,-1056.0
351.0,-111.0,-917.0
-415.0,-150.0,-1065.0
433.0,33.0,-1042.0
-204.0,167.0,-1200.0
275.0,-242.0,-864.0
-66.0,-187.0,-899.0
130.0,-68.0,-981.0
206.0,13.0,-1020.0
-76.0,42.0,-991.0
58.0,-230.0,-1026.0
-152.0,-9.0,-1079.0
185.0,148.0,-1073.0
-52.0,-42.0,-1169.0
-29.0,-275.0,-825.0
81.0,-158.0,-936.0
23.0,136.0,-1018.0
138.0,48.0,-1034.0
-257.0,-107.0,-1034.0
142.0,-40.0,-1138.0
-292.0,122.0,-1091.0
288.0,101.0,-1015.0
-271.0,-109.0,-1007.0
171.0,-165.0,-854.0
-109.0,0.0,-1056.0
171.0,204.0,-1108.0
-54.0,74.0,-964.0
-152.0,89.0,-1005.0
19.0,17.0,-1138.0
-171.0,128.0,-1145.0
158.0,-17.0,-907.0
-48.0,-9.0,-991.0
181.0,23.0,-1003.0
-37.0,160.0,-983.0
85.0,152.0,-989.0
-97.0,-13.0,-1065.0
27.0,105.0,-1102.0
-3.0,195.0,-1114.0
21.0,122.0,-983.0
52.0,-13.0,-917.0
58.0,-56.0,-991.0
115.0,113.0,-999.0
-121.0,177.0,-997.0
144.0,138.0,-1022.0
-150.0,253.0,-1132.0
148.0,-23.0,-1028.0
-204.0,29.0,-1079.0
107.0,21.0,-952.0
56.0,58.0,-905.0
85.0,124.0,-1011.0
-23.0,148.0,-1085.0
-140.0,56.0,-1020.0
48.0,115.0,-954.0
-37.0,171.0,-1206.0
-27.0,42.0,-1093.0
-87.0,7.0,-913.0
-33.0,70.0,-938.0
107.0,17.0,-1011.0
-21.0,76.0,-1015.0
-66.0,103.0,-1048.0
-52.0,212.0,-1077.0
-46.0,232.0,-1108.0
-23.0,-48.0,-1104.0
-121.0,-128.0,-933.0
128.0,-42.0,-899.0
37.0,302.0,-972.0
148.0,35.0,-1067.0
-154.0,-33.0,-1057.0
-5.0,-58.0,-1081.0
-19.0,312.0,-1007.0
119.0,115.0,-1095.0
-52.0,-136.0,-958.0
70.0,-121.0,-1024.0
21.0,-5.0,-882.0
203.0,25.0,-974.0
-29.0,13.0,-1089.0
58.0,-35.0,-1059.0
0.0,208.0,-1011.0
-60.0,17.0,-1089.0
160.0,-181.0,-985.0
-122.0,-216.0,-985.0
308.0,-13.0,-884.0
-42.0,171.0,-1057.0
230.0,-156.0,-921.0
-175.0,-85.0,-1093.0
81.0,-21.0,-1087.0
-111.0,89.0,-1122.0
44.0,-128.0,-1007.0
-52.0,-300.0,-950.0
150.0,-17.0,-976.0
95.0,89.0,-1003.0
72.0,-40.0,-948.0
-126.0,-199.0,-1013.0
-25.0,-42.0,-1208.0
-156.0,197.0,-1214.0
58.0,-3.0,-981.0
-175.0,-261.0,-886.0
230.0,-251.0,-913.0
56.0,89.0,-1018.0
169.0,107.0,-1063.0
-148.0,-5.0,-1083.0
-76.0,-56.0,-976.0
-46.0,78.0,-1136.0
-103.0,44.0,-1091.0
197.0,-146.0,-958.0
-169.0,-140.0,-950.0
376.0,-42.0,-966.0
-89.0,201.0,-1065.0
222.0,29.0,-972.0
-275.0,-11.0,-1079.0
80.0,46.0,-1091.0
-119.0,72.0,-1149.0
113.0,-39.0,-977.0
87.0,-128.0,-841.0
138.0,21.0,-964.0
97.0,136.0,-1071.0
23.0,66.0,-1018.0
-111.0,-29.0,-960.0
-15.0,93.0,-1157.0
-29.0,107.0,-1077.0
42.0,93.0,-999.0
-56.0,-128.0,-909.0
238.0,-87.0,-1005.0
-93.0,78.0,-997.0
56.0,144.0,-983.0
-189.0,29.0,-1046.0
42.0,148.0,-1136.0
-216.0,148.0,-1124.0
160.0,-27.0,-970.0
-218.0,-33.0,-976.0
267.0,-25.0,-911.0
-128.0,134.0,-1126.0
81.0,91.0,-999.0
-216.0,156.0,-1032.0
27.0,72.0,-985.0
-7.0,160.0,-1130.0
-101.0,171.0,-1132.0
37.0,-68.0,-950.0
-105.0,-1.0,-936.0
140.0,76.0,-1028.0
66.0,167.0,-1046.0
-44.0,107.0,-897.0
-40.0,83.0,-1034.0
-15.0,228.0,-1198.0
76.0,140.0,-1145.0
-87.0,-37.0,-894.0
173.0,-144.0,-835.0
89.0,136.0,-1018.0
162.0,197.0,-1071.0
-66.0,3.0,-1032.0
-37.0,-97.0,-960.0
-17.0,171.0,-1075.0
76.0,203.0,-1153.0
54.0,-54.0,-995.0
-35.0,-101.0,-854.0
87.0,-80.0,-952.0
175.0,19.0,-1024.0
-1.0,142.0,-1052.0
-39.0,15.0,-1015.0
-78.0,93.0,-1085.0
-134.0,76.0,-1089.0
33.0,-66.0,-1091.0
-5.0,-224.0,-892.0
124.0,-74.0,-862.0
37.0,95.0,-1093.0
117.0,46.0,-1079.0
-121.0,-40.0,-991.0
-89.0,-17.0,-1038.0
-124.0,19.0,-1095.0
19.0,-11.0,-1089.0
-52.0,-87.0,-956.0
158.0,-48.0,-966.0
-11.0,-40.0,-968.0
31.0,31.0,-1036.0
-146.0,-42.0,-989.0
72.0,-23.0,-1030.0
-177.0,177.0,-1175.0
99.0,-78.0,-1089.0
-42.0,-87.0,-921.0
52.0,-177.0,-882.0
220.0,-7.0,-958.0
44.0,-1.0,-1028.0
78.0,40.0,-1091.0
-146.0,7.0,-1054.0
93.0,80.0,-974.0
-64.0,-9.0,-1106.0
113.0,-142.0,-995.0
64.0,-201.0,-952.0
177.0,-5.0,-905.0
99.0,50.0,-1054.0
-11.0,5.0,-958.0
-35.0,-89.0,-1069.0
-109.0,64.0,-1083.0
163.0,39.0,-1077.0
-64.0,-97.0,-1036.0
97.0,-146.0,-976.0
54.0,-68.0,-936.0
29.0,78.0,-944.0
40.0,-17.0,-1100.0
-203.0,0.0,-1075.0
95.0,52.0,-1046.0
-265.0,195.0,-1098.0
308.0,-37.0,-979.0
-357.0,-197.0,-1048.0
357.0,-80.0,-944.0
-269.0,173.0,-1052.0
238.0,103.0,-888.0
-365.0,-21.0,-1153.0
140.0,13.0,-1001.0
-70.0,189.0,-1128.0
66.0,101.0,-1034.0
74.0,-78.0,-1011.0
-160.0,-48.0,-944.0
208.0,173.0,-991.0
-185.0,146.0,-1065.0
165.0,-25.0,-915.0
-181.0,56.0,-1108.0
210.0,210.0,-1054.0
23.0,238.0,-1136.0
-44.0,-93.0,-948.0
95.0,-163.0,-944.0
-11.0,113.0,-993.0
177.0,189.0,-1079.0
-70.0,95.0,-931.0
46.0,-46.0,-917.0
101.0,136.0,-1153.0
39.0,224.0,-1198.0
201.0,5.0,-933.0
-230.0,-140.0,-839.0
290.0,-15.0,-972.0
-158.0,201.0,-1085.0
267.0,81.0,-1011.0
-283.0,-33.0,-981.0
238.0,0.0,-1003.0
-109.0,218.0,-1143.0
101.0,95.0,-1100.0
-76.0,-189.0,-929.0
-93.0,-93.0,-890.0
44.0,25.0,-1104.0
-15.0,152.0,-993.0
-1.0,56.0,-917.0
-52.0,23.0,-1118.0
7.0,48.0,-1159.0
-7.0,134.0,-1091.0
-146.0,-72.0,-976.0
72.0,-193.0,-876.0
-111.0,68.0,-1007.0
175.0,80.0,-1071.0
-167.0,103.0,-1057.0
76.0,-13.0,-946.0
-48.0,66.0,-1124.0
97.0,60.0,-1081.0
7.0,-80.0,-999.0
-23.0,-95.0,-921.0
103.0,1.0,-1050.0
-21.0,50.0,-979.0
52.0,105.0,-966.0
-29.0,-87.0,-1030.0
138.0,91.0,-1024.0
50.0,0.0,-1139.0
23.0,5.0,-1097.0
-3.0,-214.0,-870.0
58.0,-13.0,-841.0
80.0,-25.0,-1063.0
13.0,42.0,-1112.0
25.0,-1.0,-944.0
-1.0,29.0,-1028.0
13.0,-33.0,-1079.0
31.0,-138.0,-1120.0
-124.0,-142.0,-966.0
204.0,-27.0,-882.0
-107.0,15.0,-1022.0
206.0,1.0,-972.0
-308.0,-62.0,-1081.0
228.0,-9.0,-1003.0
-234.0,93.0,-1216.0
152.0,-54.0,-1026.0
-204.0,-40.0,-997.0
121.0,-50.0,-895.0
-99.0,-68.0,-993.0
81.0,-25.0,-1034.0
-119.0,37.0,-1102.0
74.0,138.0,-1046.0
-144.0,142.0,-1040.0
95.0,27.0,-1046.0
-203.0,-160.0,-1048.0
148.0,-113.0,-970.0
5.0,89.0,-1015.0
148.0,130.0,-954.0
-89.0,60.0,-944.0
74.0,-35.0,-1069.0
-21.0,212.0,-1147.0
93.0,70.0,-1065.0
-31.0,-9.0,-966.0
56.0,-150.0,-915.0
15.0,113.0,-950.0
160.0,52.0,-1001.0
48.0,0.0,-1022.0
-37.0,19.0,-1034.0
72.0,195.0,-1079.0
-62.0,242.0,-1108.0
1.0,-199.0,-968.0
-117.0,-195.0,-917.0
253.0,0.0,-1022.0
7.0,263.0,-1018.0
150.0,64.0,-917.0
-242.0,-74.0,-1073.0
115.0,46.0,-1100.0
-162.0,212.0,-1145.0
142.0,-5.0,-1003.0
-156.0,-158.0,-927.0
150.0,-23.0,-913.0
23.0,140.0,-1071.0
50.0,78.0,-1083.0
-132.0,-50.0,-1009.0
-44.0,111.0,-1020.0
-54.0,269.0,-1132.0
-40.0,111.0,-1138.0
-5.0,-201.0,-938.0
-15.0,-138.0,-960.0
171.0,60.0,-958.0
249.0,269.0,-1034.0
33.0,7.0,-954.0
87.0,80.0,-1081.0
-33.0,122.0,-1208.0
300.0,40.0,-1071.0
236.0,-40.0,-925.0
464.0,-183.0,-878.0
425.0,101.0,-1057.0
394.0,113.0,-1042.0
402.0,46.0,-1018.0
279.0,-42.0,-1024.0
384.0,103.0,-1112.0
431.0,101.0,-1089.0
544.0,-29.0,-983.0
468.0,-140.0,-909.0
579.0,-70.0,-995.0
439.0,58.0,-972.0
366.0,101.0,-962.0
320.0,-1.0,-970.0
279.0,13.0,-1177.0
242.0,74.0,-1034.0
201.0,37.0,-1009.0
234.0,-288.0,-847.0
238.0,-76.0,-925.0
154.0,89.0,-1052.0
80.0,136.0,-1075.0
-128.0,-52.0,-946.0
-87.0,-19.0,-997.0
44.0,-3.0,-1171.0
-23.0,97.0,-1108.0
9.0,-111.0,-919.0
-21.0,-72.0,-952.0
37.0,-19.0,-1044.0
-70.0,144.0,-1093.0
-103.0,-42.0,-997.0
-78.0,25.0,-1089.0
-89.0,48.0,-1186.0
197.0,83.0,-1106.0
-58.0,-25.0,-974.0
138.0,-163.0,-874.0
95.0,-31.0,-1048.0
119.0,109.0,-1132.0
7.0,119.0,-1077.0
9.0,-37.0,-995.0
124.0,7.0,-1059.0
138.0,40.0,-1063.0
263.0,-7.0,-1061.0
48.0,-124.0,-952.0
218.0,-9.0,-854.0
89.0,-27.0,-1001.0
181.0,74.0,-1009.0
-33.0,33.0,-1028.0
199.0,40.0,-1015.0
15.0,11.0,-1075.0
93.0,-52.0,-1009.0
27.0,-117.0,-923.0
122.0,9.0,-866.0
9.0,40.0,-1011.0
40.0,50.0,-1028.0
-29.0,7.0,-960.0
15.0,126.0,-1001.0
-48.0,-1.0,-1171.0
-29.0,-44.0,-1069.0
-146.0,-58.0,-976.0
171.0,27.0,-886.0
-33.0,40.0,-1030.0
132.0,56.0,-944.0
-247.0,46.0,-1116.0
173.0,9.0,-1069.0
-232.0,230.0,-1171.0
124.0,17.0,-1057.0
-214.0,-103.0,-985.0
138.0,-42.0,-938.0
-76.0,117.0,-1028.0
230.0,111.0,-1089.0
-179.0,25.0,-1007.0
78.0,29.0,-1011.0
-87.0,158.0,-1095.0
72.0,109.0,-1106.0
-119.0,-29.0,-1106.0
-5.0,-183.0,-905.0
103.0,74.0,-868.0
99.0,142.0,-1020.0
91.0,35.0,-1040.0
-103.0,-15.0,-1059.0
-15.0,136.0,-1034.0
62.0,66.0,-1077.0
-9.0,-70.0,-987.0
39.0,-142.0,-919.0
130.0,17.0,-956.0
93.0,136.0,-997.0
95.0,42.0,-981.0
-66.0,-13.0,-1046.0
91.0,23.0,-1050.0
-85.0,203.0,-1089.0
107.0,-111.0,-1050.0
-175.0,-150.0,-931.0
281.0,-46.0,-931.0
-109.0,81.0,-1030.0
199.0,103.0,-942.0
-271.0,-27.0,-1132.0
175.0,35.0,-1108.0
-191.0,93.0,-1132.0
97.0,25.0,-966.0
-54.0,-199.0,-956.0
72.0,-29.0,-958.0
140.0,148.0,-1073.0
-52.0,162.0,-1134.0
-39.0,-85.0,-888.0
-138.0,54.0,-1081.0
107.0,48.0,-1169.0
-111.0,152.0,-1188.0
66.0,-97.0,-817.0
-74.0,-154.0,-1009.0
216.0,-3.0,-985.0
23.0,132.0,-1046.0
13.0,-40.0,-976.0
-40.0,-13.0,-1075.0
-1.0,111.0,-1108.0
19.0,117.0,-1124.0
21.0,-154.0,-940.0
48.0,-245.0,-808.0
185.0,23.0,-1013.0
76.0,177.0,-1110.0
-58.0,89.0,-981.0
-66.0,-148.0,-936.0
29.0,-42.0,-1063.0
111.0,46.0,-1143.0
17.0,40.0,-1081.0
-7.0,-117.0,-864.0
52.0,-160.0,-860.0
-1.0,46.0,-1059.0
62.0,97.0,-1091.0
-115.0,136.0,-1018.0
-52.0,46.0,-1032.0
-37.0,-11.0,-1120.0
-29.0,29.0,-1083.0
64.0,-201.0,-921.0
33.0,-58.0,-935.0
50.0,9.0,-987.0
1.0,199.0,-1050.0
-169.0,44.0,-1063.0
-35.0,-9.0,-1009.0
-64.0,72.0,-1163.0
23.0,11.0,-1145.0
-1.0,40.0,-960.0
21.0,-7.0,-919.0
52.0,-13.0,-892.0
62.0,-37.0,-972.0
-126.0,144.0,-1143.0
50.0,121.0,-1124.0
-31.0,201.0,-1063.0
-101.0,-21.0,-1071.0
101.0,-89.0,-991.0
-60.0,-126.0,-979.0
327.0,39.0,-798.0
-37.0,158.0,-1108.0
66.0,39.0,-997.0
-17.0,111.0,-1048.0
-76.0,56.0,-1091.0
203.0,-13.0,-1071.0
-228.0,-9.0,-1052.0
327.0,-152.0,-905.0
-89.0,122.0,-921.0
269.0,-5.0,-890.0
-150.0,25.0,-1122.0
0.0,-3.0,-1018.0
124.0,169.0,-1093.0
-203.0,136.0,-1161.0
244.0,-83.0,-935.0
-335.0,-113.0,-989.0
447.0,-203.0,-860.0
-162.0,167.0,-1118.0
193.0,76.0,-913.0
-298.0,126.0,-1138.0
-148.0,27.0,-1063.0
83.0,72.0,-1112.0
-234.0,48.0,-1104.0
203.0,-193.0,-897.0
-187.0,29.0,-1003.0
177.0,-33.0,-976.0
-206.0,165.0,-993.0
-72.0,-17.0,-1069.0
-37.0,72.0,-1122.0
107.0,284.0,-1061.0
-85.0,70.0,-1110.0
64.0,-177.0,-909.0
-7.0,-218.0,-952.0
224.0,83.0,-962.0
50.0,185.0,-1091.0
7.0,37.0,-935.0
-146.0,48.0,-1015.0
128.0,1.0,-1145.0
-25.0,95.0,-1184.0
208.0,-128.0,-909.0
7.0,-105.0,-854.0
206.0,-25.0,-981.0
50.0,40.0,-985.0
89.0,72.0,-987.0
-275.0,-95.0,-1079.0
314.0,115.0,-1018.0
-206.0,132.0,-1212.0
204.0,-11.0,-962.0
-121.0,-263.0,-854.0
115.0,-189.0,-921.0
66.0,-40.0,-1034.0
64.0,206.0,-1040.0
-271.0,89.0,-1159.0
46.0,42.0,-958.0
-95.0,42.0,-1098.0
23.0,-23.0,-1112.0
37.0,-152.0,-997.0
-3.0,-33.0,-894.0
156.0,-56.0,-1048.0
-232.0,119.0,-1059.0
121.0,-31.0,-962.0
-298.0,169.0,-1091.0
152.0,35.0,-1102.0
-132.0,87.0,-1173.0
128.0,-23.0,-995.0
-21.0,-208.0,-858.0
99.0,-13.0,-913.0
-7.0,99.0,-1095.0
-126.0,212.0,-989.0
91.0,142.0,-1093.0
-187.0,44.0,-1231.0
163.0,-29.0,-991.0
-58.0,-48.0,-909.0
222.0,0.0,-952.0
64.0,58.0,-1028.0
150.0,-66.0,-876.0
-185.0,-54.0,-933.0
244.0,89.0,-1011.0
-72.0,242.0,-1341.0
226.0,140.0,-1003.0
-128.0,-97.0,-976.0
1.0,-279.0,-835.0
267.0,21.0,-888.0
-72.0,52.0,-1069.0
152.0,-13.0,-1050.0
-267.0,206.0,-1067.0
95.0,222.0,-1061.0
-109.0,148.0,-1151.0
25.0,-206.0,-1079.0
-31.0,-357.0,-847.0
44.0,-50.0,-923.0
158.0,206.0,-1013.0
-25.0,160.0,-1132.0
-40.0,-48.0,-907.0
-121.0,111.0,-1194.0
-19.0,214.0,-1112.0
-119.0,42.0,-1233.0
-124.0,-265.0,-810.0
199.0,-50.0,-872.0
-152.0,66.0,-1079.0
331.0,142.0,-1028.0
-308.0,-27.0,-1108.0
115.0,105.0,-1026.0
-341.0,230.0,-1190.0
121.0,78.0,-1003.0
-140.0,-185.0,-1040.0
140.0,-279.0,-944.0
160.0,121.0,-915.0
27.0,224.0,-1003.0
70.0,52.0,-1003.0
-183.0,-13.0,-1104.0
128.0,160.0,-1048.0
-107.0,183.0,-1192.0
103.0,-76.0,-966.0
19.0,-253.0,-888.0
163.0,-163.0,-876.0
244.0,103.0,-890.0
-91.0,189.0,-1097.0
-29.0,11.0,-1093.0
-132.0,134.0,-1290.0
60.0,101.0,-1015.0
103.0,-150.0,-868.0
-13.0,-279.0,-802.0
384.0,-35.0,-966.0
-58.0,97.0,-1100.0
-40.0,93.0,-1138.0
-443.0,-66.0,-921.0
214.0,119.0,-1120.0
-415.0,109.0,-1264.0
575.0,1.0,-772.0
-468.0,-50.0,-993.0
433.0,-372.0,-929.0
-312.0,11.0,-1106.0
226.0,111.0,-1018.0
-413.0,115.0,-1138.0
101.0,267.0,-813.0
-169.0,95.0,-1245.0
-66.0,44.0,-1151.0
165.0,-341.0,-956.0
-44.0,-329.0,-845.0
142.0,134.0,-923.0
-9.0,419.0,-1040.0
-197.0,191.0,-1104.0
66.0,-44.0,-1093.0
-128.0,-122.0,-1200.0
329.0,-56.0,-913.0
-35.0,48.0,-919.0
261.0,52.0,-870.0
15.0,64.0,-1114.0
46.0,-115.0,-1056.0
52.0,-117.0,-970.0
-103.0,111.0,-933.0
201.0,294.0,-1126.0
-37.0,152.0,-1165.0
-7.0,-206.0,-1020.0
31.0,-314.0,-771.0
111.0,-132.0,-970.0
103.0,156.0,-1050.0
-37.0,156.0,-929.0
-126.0,48.0,-1015.0
50.0,128.0,-1083.0
95.0,111.0,-1151.0
-97.0,15.0,-1075.0
19.0,-244.0,-977.0
-89.0,-23.0,-1009.0
167.0,-83.0,-952.0
-74.0,-15.0,-1034.0
-81.0,93.0,-954.0
50.0,240.0,-1075.0
-206.0,277.0,-1284.0
134.0,-140.0,-1136.0
-363.0,-206.0,-974.0
265.0,-44.0,-784.0
-89.0,247.0,-1042.0
382.0,171.0,-892.0
-281.0,-138.0,-1108.0
3.0,11.0,-1100.0
-101.0,206.0,-1206.0
-15.0,156.0,-1102.0
56.0,-109.0,-806.0
91.0,-93.0,-950.0
15.0,128.0,-944.0
251.0,-121.0,-915.0
-302.0,31.0,-1136.0
171.0,111.0,-1145.0
-216.0,515.0,-1177.0
253.0,19.0,-858.0
-76.0,-359.0,-925.0
9.0,-298.0,-985.0
163.0,13.0,-1030.0
-17.0,341.0,-966.0
177.0,-23.0,-921.0
-294.0,-25.0,-1118.0
220.0,58.0,-1079.0
-138.0,158.0,-1159.0
7.0,-60.0,-995.0
144.0,-357.0,-835.0
-31.0,-17.0,-989.0
322.0,56.0,-995.0
-144.0,19.0,-1020.0
-60.0,-72.0,-936.0
-105.0,140.0,-1155.0
105.0,302.0,-1180.0
-35.0,-29.0,-1110.0
-103.0,-298.0,-845.0
48.0,-156.0,-933.0
66.0,97.0,-1100.0
52.0,150.0,-966.0
-160.0,-66.0,-948.0
-216.0,87.0,-1231.0
58.0,156.0,-1151.0
-95.0,191.0,-1091.0
83.0,-236.0,-854.0
-74.0,-115.0,-936.0
158.0,35.0,-1015.0
134.0,97.0,-1042.0
-142.0,113.0,-993.0
56.0,1.0,-1013.0
-70.0,236.0,-1188.0
162.0,11.0,-1071.0
-13.0,-95.0,-991.0
-48.0,-290.0,-899.0
206.0,-39.0,-958.0
74.0,206.0,-1048.0
169.0,95.0,-948.0
-152.0,13.0,-931.0
93.0,35.0,-1155.0
-115.0,136.0,-1210.0
185.0,-39.0,-985.0
251.0,-128.0,-901.0
58.0,68.0,-1100.0
103.0,3.0,-991.0
-146.0,13.0,-1040.0
-121.0,119.0,-1079.0
23.0,91.0,-1235.0
-156.0,29.0,-1036.0
95.0,-206.0,-901.0
-115.0,-5.0,-923.0
244.0,-81.0,-995.0
-74.0,119.0,-1024.0
-154.0,40.0,-1089.0
-72.0,171.0,-1106.0
-261.0,154.0,-1179.0
128.0,-85.0,-964.0
-206.0,-54.0,-1009.0
232.0,-156.0,-921.0
-17.0,115.0,-956.0
167.0,78.0,-989.0
-214.0,-17.0,-1134.0
-3.0,171.0,-995.0
-179.0,203.0,-1179.0
105.0,-33.0,-1042.0
-40.0,-140.0,-979.0
152.0,-64.0,-905.0
167.0,111.0,-952.0
66.0,48.0,-1013.0
-68.0,-74.0,-970.0
-117.0,29.0,-1081.0
-7.0,306.0,-1124.0
80.0,124.0,-1159.0
-3.0,-163.0,-905.0
81.0,-292.0,-876.0
171.0,40.0,-972.0
173.0,122.0,-1015.0
-17.0,-66.0,-979.0
-203.0,17.0,-1024.0
62.0,183.0,-1114.0
-29.0,232.0,-1143.0
95.0,-183.0,-968.0
-111.0,-275.0,-950.0
156.0,-54.0,-935.0
-15.0,173.0,-1022.0
66.0,76.0,-1034.0
-298.0,-171.0,-1054.0
58.0,78.0,-1056.0
-48.0,267.0,-1184.0
181.0,93.0,-1034.0
-156.0,-244.0,-966.0
101.0,-224.0,-944.0
-29.0,156.0,-1026.0
193.0,85.0,-1001.0
-107.0,-37.0,-962.0
-39.0,83.0,-1089.0
19.0,247.0,-1167.0
56.0,152.0,-1175.0
-91.0,-245.0,-909.0
33.0,-187.0,-800.0
31.0,70.0,-1081.0
177.0,144.0,-999.0
-93.0,37.0,-933.0
-58.0,-31.0,-1046.0
-35.0,234.0,-1216.0
-1.0,138.0,-1098.0
-17.0,-99.0,-929.0
-15.0,-195.0,-870.0
109.0,-1.0,-944.0
226.0,3.0,-1050.0
0.0,56.0,-1009.0
7.0,-5.0,-938.0
-134.0,228.0,-1190.0
1.0,40.0,-1169.0
-80.0,-42.0,-974.0
115.0,-208.0,-868.0
81.0,-91.0,-954.0
203.0,78.0,-1011.0
-13.0,17.0,-1059.0
-78.0,62.0,-1007.0
-158.0,122.0,-1077.0
27.0,72.0,-1184.0
-124.0,1.0,-1083.0
52.0,-203.0,-853.0
25.0,-97.0,-907.0
226.0,-11.0,-1079.0
-27.0,103.0,-1024.0
-165.0,17.0,-989.0
-136.0,134.0,-1048.0
-58.0,193.0,-1208.0
-1.0,-37.0,-1098.0
52.0,-109.0,-931.0
1.0,-60.0,-851.0
175.0,76.0,-1005.0
37.0,-21.0,-1100.0
-146.0,5.0,-1022.0
-167.0,148.0,-1093.0
-1.0,257.0,-1108.0
35.0,40.0,-1081.0
1.0,-179.0,-995.0
165.0,-142.0,-936.0
40.0,66.0,-968.0
154.0,7.0,-974.0
-66.0,93.0,-1054.0
-56.0,85.0,-1040.0
-52.0,238.0,-1112.0
50.0,7.0,-1100.0
46.0,-162.0,-999.0
39.0,-165.0,-940.0
191.0,23.0,-925.0
107.0,76.0,-1003.0
-35.0,9.0,-979.0
-81.0,-25.0,-1042.0
-5.0,152.0,-1077.0
-35.0,185.0,-1145.0
204.0,-83.0,-1018.0
-93.0,-195.0,-985.0
232.0,-122.0,-890.0
27.0,105.0,-1022.0
81.0,1.0,-976.0
-304.0,-5.0,-1026.0
89.0,144.0,-1098.0
-117.0,146.0,-1241.0
97.0,31.0,-999.0
-70.0,-277.0,-952.0
39.0,-76.0,-917.0
87.0,117.0,-1022.0
-37.0,119.0,-1022.0
-80.0,-66.0,-1011.0
-156.0,66.0,-1069.0
78.0,234.0,-1151.0
9.0,146.0,-1081.0
-37.0,-99.0,-929.0
27.0,-156.0,-1013.0
60.0,-23.0,-1011.0
66.0,97.0,-952.0
-42.0,25.0,-970.0
31.0,-1.0,-1026.0
-70.0,214.0,-1157.0
140.0,138.0,-1141.0
27.0,-119.0,-1028.0
-44.0,-136.0,-833.0
187.0,-35.0,-964.0
130.0,87.0,-1052.0
39.0,3.0,-936.0
-122.0,11.0,-944.0
91.0,89.0,-1153.0
-1.0,191.0,-1206.0
7.0,42.0,-1009.0
-68.0,-302.0,-839.0
105.0,-181.0,-886.0
119.0,56.0,-1032.0
203.0,91.0,-1026.0
-232.0,-40.0,-974.0
29.0,83.0,-989.0
-40.0,206.0,-1255.0
-7.0,13.0,-1128.0
-44.0,-212.0,-817.0
-31.0,-134.0,-886.0
193.0,-83.0,-1032.0
78.0,160.0,-1038.0
-5.0,-7.0,-985.0
-204.0,169.0,-1011.0
-11.0,163.0,-1161.0
-76.0,121.0,-1220.0
-44.0,-189.0,-981.0
7.0,-130.0,-765.0
130.0,-42.0,-995.0
177.0,111.0,-1130.0
-105.0,93.0,-1028.0
-152.0,15.0,-950.0
-136.0,216.0,-1132.0
99.0,124.0,-1157.0
-11.0,-17.0,-1056.0
93.0,-201.0,-833.0
52.0,-58.0,-854.0
238.0,-44.0,-1073.0
27.0,39.0,-1020.0
-130.0,154.0,-983.0
-39.0,263.0,-1075.0
-29.0,113.0,-1235.0
76.0,-119.0,-958.0
29.0,-187.0,-890.0
245.0,-68.0,-868.0
162.0,105.0,-1015.0
83.0,40.0,-1056.0
-206.0,-23.0,-1065.0
13.0,191.0,-1015.0
-99.0,107.0,-1169.0
199.0,-48.0,-1040.0
-54.0,-140.0,-983.0
187.0,-76.0,-895.0
81.0,52.0,-1028.0
85.0,-37.0,-964.0
-181.0,11.0,-1044.0
15.0,107.0,-1048.0
-126.0,259.0,-1190.0
56.0,56.0,-1083.0
-66.0,-224.0,-1001.0
181.0,-163.0,-853.0
66.0,21.0,-993.0
185.0,66.0,-999.0
-236.0,13.0,-999.0
-107.0,111.0,-1095.0
-171.0,169.0,-1233.0
138.0,99.0,-1026.0
-128.0,-163.0,-976.0
175.0,-214.0,-983.0
-13.0,113.0,-989.0
140.0,142.0,-950.0
-212.0,-33.0,-979.0
-140.0,-1.0,-1136.0
-91.0,156.0,-1182.0
201.0,236.0,-1098.0
0.0,-80.0,-853.0
54.0,-230.0,-1015.0
140.0,-21.0,-1056.0
244.0,35.0,-1083.0
-259.0,-48.0,-743.0
230.0,107.0,-989.0
-398.0,210.0,-1448.0
632.0,78.0,-940.0
-476.0,87.0,-1065.0
316.0,-363.0,-759.0
-304.0,-42.0,-1139.0
462.0,85.0,-858.0
-259.0,81.0,-1114.0
-132.0,-95.0,-819.0
87.0,-58.0,-1163.0
-7.0,284.0,-1206.0
206.0,80.0,-1056.0
-203.0,-115.0,-778.0
111.0,-189.0,-948.0
-72.0,-83.0,-1071.0
325.0,89.0,-968.0
-304.0,25.0,-1077.0
0.0,35.0,-940.0
-15.0,144.0,-1272.0
-136.0,167.0,-1266.0
-97.0,-122.0,-876.0
-165.0,-126.0,-829.0
124.0,-117.0,-1011.0
230.0,162.0,-1089.0
-177.0,29.0,-1011.0
121.0,85.0,-921.0
-378.0,187.0,-1303.0
251.0,99.0,-1095.0
-324.0,128.0,-1136.0
140.0,-242.0,-753.0
83.0,-46.0,-851.0
214.0,-19.0,-1116.0
-1.0,124.0,-1132.0
-152.0,111.0,-1054.0
-257.0,160.0,-997.0
197.0,40.0,-1083.0
-204.0,44.0,-1188.0
267.0,-130.0,-866.0
21.0,-17.0,-792.0
277.0,-117.0,-960.0
111.0,27.0,-1138.0
-230.0,142.0,-1079.0
66.0,152.0,-897.0
-162.0,195.0,-1116.0
222.0,-136.0,-1155.0
0.0,-115.0,-958.0
265.0,-111.0,-765.0
21.0,-25.0,-933.0
183.0,27.0,-1056.0
-312.0,-76.0,-1169.0
105.0,136.0,-981.0
-181.0,263.0,-1124.0
259.0,-39.0,-1048.0
-177.0,-142.0,-1126.0
187.0,-146.0,-890.0
-62.0,68.0,-917.0
58.0,29.0,-987.0
-189.0,15.0,-1098.0
-64.0,138.0,-1147.0
-113.0,189.0,-1034.0
107.0,101.0,-1030.0
-95.0,-210.0,-1018.0
124.0,-124.0,-1067.0
-35.0,95.0,-897.0
142.0,-9.0,-847.0
-244.0,-58.0,-1059.0
81.0,40.0,-1169.0
-15.0,349.0,-1097.0
85.0,154.0,-1065.0
-44.0,-101.0,-1003.0
-64.0,-228.0,-964.0
64.0,0.0,-985.0
48.0,80.0,-1007.0
-29.0,31.0,-933.0
-85.0,-52.0,-977.0
163.0,163.0,-1157.0
52.0,204.0,-1157.0
128.0,-13.0,-991.0
-255.0,-181.0,-899.0
204.0,-218.0,-946.0
101.0,72.0,-993.0
275.0,39.0,-919.0
-72.0,5.0,-927.0
-35.0,-1.0,-1225.0
29.0,179.0,-1220.0
-148.0,173.0,-1104.0
-87.0,-247.0,-772.0
-169.0,-220.0,-960.0
445.0,-134.0,-1013.0
70.0,222.0,-989.0
-31.0,105.0,-1052.0
-359.0,0.0,-1132.0
-29.0,163.0,-1196.0
-122.0,165.0,-1100.0
265.0,-158.0,-868.0
-253.0,-189.0,-880.0
431.0,-83.0,-950.0
-29.0,162.0,-1159.0
3.0,29.0,-1067.0
-339.0,113.0,-1083.0
-74.0,179.0,-1102.0
208.0,1.0,-1075.0
-210.0,187.0,-1056.0
203.0,-130.0,-894.0
-58.0,-148.0,-1036.0
337.0,-21.0,-1042.0
-99.0,66.0,-931.0
-101.0,97.0,-985.0
-306.0,146.0,-1122.0
486.0,111.0,-1173.0
-335.0,-35.0,-1225.0
394.0,-220.0,-669.0
-244.0,40.0,-854.0
562.0,-78.0,-956.0
-152.0,81.0,-1136.0
-87.0,119.0,-1001.0
-105.0,54.0,-1046.0
40.0,54.0,-1073.0
230.0,-17.0,-1011.0
-191.0,58.0,-1087.0
150.0,-62.0,-923.0
115.0,5.0,-1007.0
181.0,-173.0,-864.0
-314.0,7.0,-1087.0
-177.0,255.0,-1044.0
52.0,281.0,-1284.0
148.0,-25.0,-1079.0
-201.0,-257.0,-1048.0
-19.0,-154.0,-720.0
68.0,121.0,-968.0
150.0,50.0,-1040.0
-21.0,-101.0,-1052.0
-353.0,175.0,-1126.0
111.0,208.0,-995.0
255.0,175.0,-1106.0
-167.0,-204.0,-1034.0
31.0,-78.0,-854.0
-121.0,72.0,-981.0
357.0,-42.0,-966.0
-144.0,-46.0,-1079.0
-189.0,31.0,-1085.0
-121.0,245.0,-1100.0
0.0,181.0,-1098.0
136.0,-115.0,-1083.0
-324.0,-189.0,-956.0
251.0,-9.0,-919.0
56.0,-1.0,-989.0
216.0,60.0,-874.0
-296.0,97.0,-1083.0
-44.0,197.0,-1247.0
140.0,265.0,-1073.0
-13.0,-140.0,-1005.0
17.0,-454.0,-843.0
29.0,-46.0,-968.0
343.0,267.0,-976.0
242.0,-25.0,-972.0
-232.0,-9.0,-968.0
-283.0,-93.0,-1132.0
165.0,273.0,-1139.0
-91.0,95.0,-1198.0
230.0,-210.0,-812.0
-343.0,-56.0,-987.0
507.0,-107.0,-872.0
-113.0,154.0,-1204.0
0.0,-37.0,-995.0
-407.0,37.0,-1067.0
-91.0,206.0,-1182.0
224.0,52.0,-1081.0
-177.0,31.0,-1003.0
40.0,-314.0,-737.0
-1.0,-93.0,-1161.0
232.0,195.0,-1036.0
-113.0,154.0,-958.0
-357.0,64.0,-989.0
42.0,0.0,-1251.0
183.0,214.0,-1044.0
89.0,-52.0,-1071.0
-171.0,-210.0,-808.0
62.0,-68.0,-987.0
13.0,-40.0,-1038.0
226.0,154.0,-1114.0
-437.0,70.0,-1065.0
54.0,99.0,-1057.0
-31.0,187.0,-1139.0
181.0,-58.0,-1057.0
-81.0,-204.0,-1015.0
-89.0,-154.0,-874.0
501.0,-7.0,-749.0
-306.0,242.0,-1093.0
253.0,3.0,-1056.0
-489.0,226.0,-1288.0
534.0,95.0,-1044.0
-7.0,-35.0,-962.0
171.0,-261.0,-778.0
-195.0,-64.0,-976.0
261.0,144.0,-1157.0
162.0,-56.0,-1063.0
-83.0,-113.0,-868.0
-154.0,68.0,-1003.0
46.0,242.0,-1098.0
52.0,187.0,-1151.0
-113.0,-232.0,-1089.0
-181.0,-232.0,-899.0
183.0,64.0,-823.0
111.0,122.0,-1067.0
-81.0,-62.0,-1091.0
-185.0,-46.0,-923.0
-54.0,165.0,-1130.0
140.0,93.0,-1108.0
-167.0,-9.0,-1077.0
-281.0,-91.0,-1040.0
-3.0,-119.0,-970.0
337.0,115.0,-929.0
19.0,19.0,-958.0
64.0,27.0,-958.0
-189.0,261.0,-1114.0
257.0,224.0,-1290.0
-218.0,-179.0,-1206.0
-60.0,-388.0,-726.0
-66.0,-35.0,-741.0
372.0,204.0,-862.0
148.0,218.0,-1124.0
-193.0,-35.0,-1141.0
-99.0,-46.0,-1161.0
-7.0,244.0,-1042.0
171.0,91.0,-968.0
-179.0,-52.0,-915.0
72.0,-105.0,-872.0
320.0,-40.0,-1026.0
117.0,-212.0,-1050.0
-27.0,-74.0,-923.0
-189.0,361.0,-1091.0
62.0,419.0,-1383.0
54.0,11.0,-991.0
-40.0,-374.0,-794.0
-193.0,-324.0,-903.0
548.0,78.0,-952.0
15.0,283.0,-1214.0
-44.0,-64.0,-933.0
-271.0,52.0,-950.0
-193.0,70.0,-1372.0
259.0,144.0,-1077.0
-204.0,-7.0,-890.0
-66.0,-181.0,-737.0
150.0,-40.0,-1169.0
255.0,83.0,-1223.0
46.0,-119.0,-931.0
-464.0,-23.0,-860.0
-97.0,257.0,-1050.0
119.0,448.0,-1329.0
-167.0,-140.0,-1192.0
72.0,-540.0,-720.0
-148.0,-42.0,-940.0
511.0,255.0,-979.0
-62.0,384.0,-1087.0
-171.0,-44.0,-1026.0
-152.0,-9.0,-1104.0
244.0,113.0,-1038.0
95.0,-33.0,-1059.0
17.0,-154.0,-917.0
60.0,-76.0,-935.0
212.0,56.0,-989.0
232.0,162.0,-1011.0
-206.0,-29.0,-1083.0
-115.0,158.0,-938.0
56.0,62.0,-1175.0
66.0,140.0,-1130.0
154.0,-171.0,-981.0
-304.0,-195.0,-911.0
415.0,-83.0,-813.0
-115.0,64.0,-1093.0
9.0,58.0,-981.0
-312.0,214.0,-1138.0
64.0,222.0,-1175.0
144.0,-29.0,-1122.0
-25.0,-187.0,-841.0
60.0,-206.0,-776.0
-15.0,60.0,-1034.0
357.0,0.0,-1067.0
-201.0,-109.0,-1145.0
-175.0,3.0,-923.0
-228.0,130.0,-1118.0
208.0,204.0,-993.0
-238.0,-206.0,-1270.0
-93.0,-242.0,-827.0
58.0,-25.0,-886.0
87.0,48.0,-952.0
173.0,199.0,-1091.0
-431.0,160.0,-1266.0
74.0,52.0,-1087.0
-78.0,60.0,-1001.0
154.0,-126.0,-921.0
-251.0,-72.0,-1093.0
242.0,107.0,-909.0
52.0,-48.0,-1161.0
167.0,-31.0,-938.0
-142.0,64.0,-966.0
-197.0,224.0,-966.0
163.0,345.0,-1212.0
-37.0,-40.0,-1134.0
167.0,-310.0,-915.0
-158.0,-99.0,-837.0
445.0,109.0,-936.0
13.0,230.0,-1048.0
-156.0,-160.0,-942.0
-171.0,70.0,-1071.0
-3.0,331.0,-1335.0
284.0,240.0,-1015.0
-7.0,-341.0,-815.0
29.0,-288.0,-776.0
187.0,195.0,-1075.0
218.0,83.0,-1245.0
-163.0,-187.0,-974.0
-158.0,-152.0,-829.0
-19.0,306.0,-1034.0
191.0,218.0,-1221.0
-195.0,-85.0,-1153.0
-81.0,-232.0,-974.0
-29.0,5.0,-913.0
325.0,195.0,-938.0
-74.0,117.0,-1015.0
-214.0,25.0,-1067.0
-119.0,66.0,-1124.0
7.0,158.0,-1251.0
-85.0,-70.0,-1149.0
-25.0,-290.0,-710.0
-279.0,-95.0,-870.0
224.0,115.0,-991.0
-134.0,337.0,-1243.0
-318.0,11.0,-1065.0
-220.0,72.0,-931.0
-230.0,146.0,-1159.0
-27.0,109.0,-989.0
-304.0,-144.0,-870.0
-349.0,-353.0,-897.0
-134.0,-109.0,-1065.0
-288.0,208.0,-1204.0
-378.0,99.0,-831.0
-308.0,236.0,-923.0
-523.0,162.0,-1243.0
119.0,-68.0,-1083.0
-564.0,-208.0,-936.0
70.0,-329.0,-739.0
-435.0,48.0,-1050.0
97.0,193.0,-1085.0
-439.0,66.0,-1161.0
-187.0,0.0,-831.0
-228.0,42.0,-1057.0
-251.0,107.0,-1235.0
-44.0,-111.0,-1110.0
-171.0,-113.0,-851.0
-1.0,-107.0,-960.0
-39.0,58.0,-1026.0
-142.0,99.0,-964.0
-128.0,21.0,-1108.0
-322.0,56.0,-1114.0
62.0,126.0,-1013.0
-402.0,-62.0,-1177.0
214.0,-204.0,-784.0
-273.0,-11.0,-913.0
101.0,130.0,-1022.0
-236.0,206.0,-1067.0
-132.0,-54.0,-958.0
-247.0,72.0,-1091.0
68.0,150.0,-1184.0
-185.0,-31.0,-1048.0
103.0,-203.0,-749.0
-136.0,-42.0,-976.0
169.0,48.0,-1024.0
-91.0,222.0,-1067.0
-181.0,-60.0,-995.0
91.0,134.0,-944.0
-81.0,318.0,-1210.0
83.0,-31.0,-1097.0
-13.0,-154.0,-864.0
-52.0,-257.0,-899.0
253.0,-13.0,-985.0
-25.0,255.0,-1151.0
-5.0,-44.0,-952.0
-81.0,109.0,-913.0
-58.0,107.0,-1145.0
91.0,64.0,-1190.0
-87.0,-146.0,-1085.0
144.0,-302.0,-759.0
66.0,148.0,-895.0
165.0,167.0,-1149.0
-58.0,3.0,-1050.0
-117.0,-81.0,-952.0
-150.0,58.0,-1067.0
138.0,220.0,-1206.0
-240.0,-72.0,-1126.0
195.0,-286.0,-806.0
-140.0,-35.0,-942.0
253.0,115.0,-989.0
-107.0,128.0,-1106.0
-146.0,29.0,-1095.0
-85.0,64.0,-956.0
-95.0,284.0,-1169.0
80.0,-128.0,-1089.0
37.0,-261.0,-915.0
0.0,-97.0,-833.0
101.0,171.0,-1028.0
-66.0,232.0,-1071.0
-122.0,-109.0,-1059.0
-56.0,85.0,-977.0
42.0,212.0,-1138.0
-23.0,122.0,-1059.0
66.0,-199.0,-1018.0
-80.0,-257.0,-884.0
216.0,80.0,-933.0
-132.0,208.0,-1098.0
117.0,-35.0,-981.0
-216.0,128.0,-1065.0
124.0,128.0,-1100.0
21.0,171.0,-1120.0
-40.0,-242.0,-956.0
138.0,-263.0,-866.0
-11.0,29.0,-1020.0
199.0,154.0,-1005.0
-158.0,70.0,-958.0
113.0,-74.0,-987.0
-138.0,128.0,-1204.0
93.0,210.0,-1089.0
-179.0,-169.0,-1048.0
1.0,-333.0,-823.0
103.0,-46.0,-944.0
144.0,146.0,-1026.0
-9.0,117.0,-1024.0
-103.0,-72.0,-966.0
-21.0,23.0,-1163.0
-126.0,216.0,-1167.0
-103.0,-68.0,-1063.0
21.0,-255.0,-831.0
-21.0,-148.0,-938.0
234.0,183.0,-1036.0
-21.0,146.0,-1124.0
-126.0,-60.0,-936.0
-154.0,81.0,-987.0
103.0,220.0,-1274.0
-242.0,158.0,-1218.0
136.0,-203.0,-778.0
-187.0,-216.0,-890.0
302.0,-29.0,-1003.0
-78.0,390.0,-1132.0
5.0,-52.0,-970.0
-171.0,85.0,-1026.0
-103.0,199.0,-1165.0
165.0,134.0,-1141.0
-138.0,-134.0,-895.0
294.0,-273.0,-753.0
-21.0,48.0,-1046.0
277.0,160.0,-1102.0
-232.0,76.0,-1046.0
162.0,9.0,-851.0
-128.0,177.0,-1132.0
156.0,124.0,-1102.0
-42.0,-128.0,-1091.0
93.0,-187.0,-827.0
66.0,-83.0,-921.0
162.0,132.0,-1048.0
-17.0,37.0,-1024.0
-27.0,21.0,-1009.0
-119.0,220.0,-1100.0
119.0,146.0,-1186.0
-259.0,-175.0,-1067.0
331.0,-363.0,-737.0
-193.0,-17.0,-958.0
394.0,152.0,-1087.0
-259.0,117.0,-1153.0
15.0,-35.0,-946.0
-281.0,115.0,-1077.0
138.0,232.0,-1141.0
-160.0,-46.0,-1139.0
111.0,-277.0,-854.0
-70.0,-70.0,-940.0
208.0,109.0,-1003.0
-113.0,162.0,-1048.0
-179.0,-128.0,-1071.0
-54.0,187.0,-1087.0
-64.0,374.0,-1163.0
25.0,-1.0,-997.0
54.0,-314.0,-907.0
0.0,-267.0,-936.0
220.0,142.0,-989.0
-25.0,251.0,-1083.0
-81.0,-19.0,-1050.0
-13.0,62.0,-931.0
31.0,165.0,-1052.0
142.0,97.0,-1110.0
11.0,-226.0,-1065.0
91.0,-279.0,-864.0
136.0,58.0,-936.0
25.0,275.0,-1059.0
27.0,-39.0,-915.0
-111.0,-60.0,-1048.0
-87.0,126.0,-1206.0
152.0,189.0,-1100.0
-99.0,-78.0,-1013.0
113.0,-445.0,-825.0
54.0,76.0,-940.0
68.0,107.0,-1128.0
-72.0,52.0,-1013.0
-177.0,19.0,-993.0
25.0,0.0,-1073.0
-33.0,290.0,-1177.0
21.0,-175.0,-1018.0
-23.0,-253.0,-892.0
-29.0,-124.0,-1018.0
115.0,177.0,-995.0
-97.0,154.0,-983.0
-142.0,-42.0,-1036.0
-33.0,52.0,-1087.0
87.0,253.0,-1186.0
-105.0,0.0,-1081.0
142.0,-128.0,-864.0
-210.0,-156.0,-894.0
320.0,44.0,-1050.0
-275.0,197.0,-1192.0
175.0,17.0,-936.0
-234.0,111.0,-954.0
154.0,187.0,-1106.0
64.0,72.0,-1155.0
-52.0,-181.0,-1024.0
124.0,-249.0,-821.0
105.0,99.0,-987.0
148.0,222.0,-1007.0
-48.0,-3.0,-890.0
-1.0,13.0,-972.0
78.0,91.0,-1311.0
42.0,204.0,-1177.0
11.0,-175.0,-860.0
25.0,-232.0,-745.0
33.0,-40.0,-999.0
177.0,89.0,-1059.0
-122.0,93.0,-1155.0
-37.0,-85.0,-976.0
-117.0,226.0,-1001.0
-81.0,197.0,-1157.0
-320.0,-222.0,-1110.0
-42.0,-277.0,-853.0
-322.0,-130.0,-997.0
33.0,222.0,-979.0
-429.0,167.0,-1059.0
-271.0,-93.0,-925.0
-628.0,107.0,-1151.0
-333.0,154.0,-1143.0
-858.0,56.0,-1175.0
-343.0,-249.0,-745.0
-741.0,-33.0,-946.0
-505.0,152.0,-1042.0
-845.0,113.0,-1116.0
-739.0,-189.0,-972.0
-851.0,183.0,-1011.0
-827.0,347.0,-1212.0
-1001.0,5.0,-1145.0
-950.0,-341.0,-958.0
-870.0,-113.0,-944.0
-755.0,298.0,-987.0
-970.0,169.0,-1091.0
-1104.0,-177.0,-974.0
-1034.0,-11.0,-1073.0
-1050.0,273.0,-1204.0
-1108.0,206.0,-1132.0
-1046.0,-218.0,-964.0
-1067.0,-245.0,-876.0
-847.0,-5.0,-837.0
-1108.0,160.0,-1075.0
-1085.0,-60.0,-1108.0
-1054.0,-64.0,-1032.0
-1239.0,255.0,-974.0
-970.0,134.0,-1034.0
-1419.0,-148.0,-1171.0
-792.0,-423.0,-851.0
-1194.0,154.0,-882.0
-1011.0,154.0,-1085.0
-1235.0,33.0,-960.0
-1341.0,-206.0,-1071.0
-1341.0,39.0,-1046.0
-1198.0,265.0,-1130.0
-1649.0,0.0,-1138.0
-1044.0,-259.0,-796.0
-1432.0,-99.0,-894.0
-1165.0,5.0,-927.0
-1411.0,97.0,-1114.0
-1485.0,-89.0,-991.0
-1104.0,113.0,-948.0
-1540.0,396.0,-1173.0
-1153.0,-146.0,-1034.0
-1518.0,-119.0,-1050.0
-1083.0,-214.0,-921.0
-1278.0,146.0,-1057.0
-1243.0,253.0,-993.0
-1497.0,-181.0,-1022.0
-1280.0,224.0,-966.0
-1395.0,101.0,-1163.0
-1266.0,201.0,-1180.0
-1112.0,-113.0,-1026.0
-1218.0,-244.0,-786.0
-872.0,37.0,-847.0
-1376.0,17.0,-1139.0
-1059.0,-87.0,-1075.0
-1518.0,62.0,-1063.0
-1325.0,160.0,-1020.0
-1391.0,283.0,-1110.0
-1698.0,-165.0,-1118.0
-1192.0,-107.0,-833.0
-1534.0,-160.0,-894.0
-1266.0,277.0,-1036.0
-1622.0,62.0,-931.0
-1424.0,-44.0,-995.0
-1588.0,169.0,-1089.0
-1216.0,93.0,-1171.0
-1464.0,-144.0,-1026.0
-1239.0,-9.0,-825.0
-1300.0,-140.0,-933.0
-1202.0,-11.0,-1122.0
-1077.0,-187.0,-1104.0
-1545.0,124.0,-983.0
-1024.0,142.0,-1040.0
-1419.0,353.0,-1200.0
-862.0,-62.0,-933.0
-1235.0,-193.0,-1020.0
-653.0,171.0,-921.0
-566.0,-136.0,-1141.0
-628.0,210.0,-763.0
-247.0,-81.0,-1089.0
-548.0,134.0,-1087.0
3.0,-298.0,-1159.0
-374.0,9.0,-1270.0
158.0,437.0,-981.0
-400.0,31.0,-868.0
324.0,-417.0,-853.0
-191.0,-206.0,-1069.0
-44.0,214.0,-1100.0
40.0,536.0,-1034.0
140.0,257.0,-1095.0
296.0,-87.0,-1034.0
-39.0,-359.0,-753.0
400.0,-218.0,-851.0
409.0,-11.0,-1063.0
747.0,212.0,-997.0
294.0,-119.0,-853.0
433.0,60.0,-1011.0
880.0,214.0,-1011.0
341.0,-111.0,-1091.0
948.0,40.0,-1020.0
204.0,-52.0,-1026.0
1059.0,5.0,-698.0
552.0,35.0,-1221.0
872.0,-78.0,-1061.0
694.0,40.0,-1040.0
903.0,60.0,-1050.0
911.0,-9.0,-1266.0
573.0,171.0,-964.0
798.0,-618.0,-856.0
806.0,261.0,-1009.0
1452.0,76.0,-935.0
732.0,-156.0,-989.0
1138.0,134.0,-936.0
667.0,132.0,-1264.0
1145.0,271.0,-1091.0
792.0,33.0,-1163.0
905.0,-121.0,-995.0
944.0,56.0,-936.0
1112.0,-35.0,-895.0
1186.0,277.0,-1220.0
667.0,-312.0,-1153.0
921.0,148.0,-907.0
952.0,40.0,-1130.0
804.0,87.0,-1300.0
952.0,-347.0,-821.0
882.0,48.0,-800.0
1600.0,245.0,-995.0
1040.0,275.0,-1282.0
1282.0,-87.0,-659.0
823.0,17.0,-1083.0
1323.0,-27.0,-1155.0
1145.0,427.0,-1335.0
1198.0,-269.0,-812.0
1253.0,91.0,-938.0
1542.0,-345.0,-888.0
1247.0,80.0,-1044.0
968.0,230.0,-923.0
927.0,-132.0,-1034.0
1231.0,169.0,-1106.0
1136.0,-58.0,-1196.0
997.0,-5.0,-929.0
1134.0,5.0,-905.0
1313.0,-331.0,-995.0
1346.0,187.0,-1056.0
979.0,46.0,-1001.0
979.0,298.0,-983.0
1106.0,-181.0,-1071.0
1157.0,64.0,-1114.0
1317.0,81.0,-1079.0
942.0,70.0,-929.0
1464.0,7.0,-841.0
1057.0,-314.0,-1054.0
1161.0,185.0,-1098.0
886.0,236.0,-1116.0
1077.0,-142.0,-1071.0
1223.0,29.0,-1067.0
1036.0,-146.0,-983.0
1147.0,279.0,-1050.0
1268.0,-50.0,-833.0
1212.0,-56.0,-931.0
1274.0,181.0,-1003.0
1011.0,163.0,-1097.0
1239.0,163.0,-981.0
1024.0,-259.0,-1071.0
1337.0,-136.0,-1069.0
1001.0,66.0,-1020.0
1438.0,193.0,-831.0
1223.0,-83.0,-894.0
1180.0,-216.0,-1042.0
894.0,62.0,-1091.0
1079.0,206.0,-1030.0
933.0,37.0,-1116.0
950.0,-101.0,-1032.0
724.0,44.0,-972.0
802.0,121.0,-919.0
702.0,-80.0,-981.0
751.0,-124.0,-1034.0
380.0,21.0,-962.0
646.0,175.0,-970.0
341.0,76.0,-1097.0
482.0,-109.0,-1118.0
132.0,-42.0,-989.0
548.0,117.0,-968.0
230.0,13.0,-1015.0
542.0,76.0,-976.0
-35.0,-48.0,-1026.0
306.0,183.0,-1124.0
5.0,40.0,-1132.0
357.0,64.0,-1138.0
-40.0,-5.0,-1085.0
300.0,-23.0,-985.0
91.0,7.0,-1011.0
365.0,1.0,-1046.0
40.0,226.0,-1026.0
249.0,-17.0,-1020.0
117.0,33.0,-1052.0
333.0,-17.0,-1098.0
261.0,95.0,-1138.0
296.0,-31.0,-1003.0
290.0,-121.0,-944.0
324.0,60.0,-966.0
466.0,140.0,-958.0
150.0,52.0,-1083.0
212.0,-83.0,-1020.0
191.0,-93.0,-1020.0
236.0,119.0,-1056.0
251.0,-13.0,-1069.0
138.0,-201.0,-894.0
189.0,-99.0,-929.0
175.0,189.0,-938.0
199.0,119.0,-1071.0
19.0,-95.0,-1087.0
105.0,-33.0,-1083.0
169.0,97.0,-1161.0
37.0,56.0,-1089.0
117.0,-136.0,-1011.0
-37.0,-154.0,-1061.0
236.0,54.0,-1157.0
-150.0,154.0,-1192.0
236.0,-68.0,-1069.0
-179.0,21.0,-1221.0
122.0,140.0,-1311.0
-89.0,169.0,-1278.0
52.0,-107.0,-1081.0
35.0,-81.0,-1177.0
169.0,165.0,-1319.0
31.0,214.0,-1339.0
-44.0,19.0,-1194.0
-15.0,-1.0,-1243.0
144.0,121.0,-1522.0
-33.0,269.0,-1438.0
284.0,-68.0,-1204.0
-163.0,-25.0,-1186.0
378.0,52.0,-1350.0
-62.0,345.0,-1442.0
261.0,64.0,-1319.0
-189.0,17.0,-1370.0
269.0,64.0,-1395.0
44.0,259.0,-1540.0
109.0,130.0,-1432.0
81.0,-46.0,-1303.0
52.0,23.0,-1276.0
304.0,226.0,-1483.0
-29.0,279.0,-1577.0
177.0,107.0,-1465.0
-160.0,83.0,-1565.0
171.0,242.0,-1544.0
54.0,117.0,-1600.0
97.0,23.0,-1409.0
154.0,144.0,-1440.0
64.0,257.0,-1475.0
126.0,222.0,-1551.0
-132.0,154.0,-1544.0
144.0,203.0,-1577.0
-134.0,244.0,-1604.0
74.0,134.0,-1528.0
-7.0,52.0,-1452.0
60.0,175.0,-1397.0
113.0,288.0,-1487.0
-87.0,201.0,-1446.0
40.0,158.0,-1538.0
-171.0,191.0,-1575.0
99.0,380.0,-1583.0
-142.0,201.0,-1485.0
74.0,5.0,-1446.0
21.0,111.0,-1485.0
191.0,245.0,-1536.0
-29.0,308.0,-1536.0
-17.0,119.0,-1479.0
40.0,208.0,-1510.0
19.0,353.0,-1614.0
121.0,271.0,-1627.0
-66.0,-37.0,-1436.0
126.0,109.0,-1428.0
23.0,236.0,-1544.0
259.0,325.0,-1475.0
-163.0,146.0,-1465.0
103.0,150.0,-1436.0
-42.0,175.0,-1700.0
-7.0,197.0,-1590.0
5.0,39.0,-1465.0
-54.0,64.0,-1305.0
242.0,181.0,-1448.0
-1.0,308.0,-1585.0
40.0,-19.0,-1479.0
-121.0,-7.0,-1442.0
-126.0,126.0,-1557.0
206.0,380.0,-1670.0
-296.0,230.0,-1661.0
208.0,-48.0,-1393.0
-327.0,70.0,-1522.0
361.0,107.0,-1573.0
-247.0,220.0,-1651.0
195.0,52.0,-1559.0
-312.0,144.0,-1653.0
185.0,310.0,-1653.0
-173.0,148.0,-1725.0
66.0,-44.0,-1477.0
25.0,48.0,-1467.0
83.0,279.0,-1637.0
52.0,337.0,-1725.0
-140.0,42.0,-1626.0
31.0,-3.0,-1588.0
-48.0,191.0,-1834.0
-29.0,253.0,-1850.0
80.0,80.0,-1651.0
-140.0,152.0,-1627.0
203.0,140.0,-1692.0
-58.0,193.0,-1747.0
175.0,68.0,-1690.0
-35.0,189.0,-1686.0
115.0,400.0,-1809.0
-150.0,296.0,-1827.0
72.0,74.0,-1590.0
-5.0,-119.0,-1553.0
167.0,42.0,-1653.0
122.0,255.0,-1735.0
-35.0,222.0,-1620.0
111.0,138.0,-1612.0
-222.0,167.0,-1721.0
232.0,169.0,-1752.0
-277.0,40.0,-1655.0
290.0,81.0,-1389.0
-111.0,208.0,-1508.0
296.0,316.0,-1563.0
-50.0,249.0,-1657.0
-35.0,64.0,-1622.0
-1.0,212.0,-1592.0
-17.0,511.0,-1692.0
-31.0,220.0,-1700.0
21.0,52.0,-1592.0
-29.0,35.0,-1545.0
212.0,208.0,-1602.0
7.0,257.0,-1692.0
40.0,234.0,-1700.0
-99.0,388.0,-1670.0
19.0,425.0,-1786.0
-107.0,216.0,-1807.0
115.0,1.0,-1624.0
-111.0,245.0,-1530.0
261.0,443.0,-1583.0
-85.0,333.0,-1670.0
95.0,109.0,-1643.0
-119.0,146.0,-1723.0
5.0,380.0,-1762.0
-31.0,314.0,-1780.0
-76.0,66.0,-1626.0
156.0,81.0,-1579.0
83.0,290.0,-1745.0
201.0,177.0,-1725.0
-66.0,167.0,-1778.0
29.0,142.0,-1754.0
-50.0,413.0,-1891.0
33.0,347.0,-1803.0
44.0,83.0,-1708.0
46.0,162.0,-1631.0
167.0,263.0,-1696.0
66.0,318.0,-1684.0
25.0,58.0,-1745.0
-148.0,80.0,-1745.0
-31.0,300.0,-1756.0
-103.0,468.0,-1770.0
-7.0,152.0,-1670.0
-89.0,58.0,-1661.0
5.0,132.0,-1684.0
150.0,144.0,-1811.0
-193.0,74.0,-1715.0
105.0,48.0,-1567.0
-325.0,355.0,-1741.0
191.0,355.0,-1780.0
-179.0,398.0,-1830.0
93.0,-19.0,-1610.0
-15.0,95.0,-1551.0
206.0,273.0,-1581.0
1.0,249.0,-1649.0
-35.0,130.0,-1633.0
-201.0,46.0,-1774.0
5.0,152.0,-1877.0
-37.0,210.0,-1719.0
-21.0,81.0,-1557.0
158.0,175.0,-1633.0
-27.0,337.0,-1774.0
177.0,441.0,-1733.0
-87.0,-11.0,-1762.0
42.0,93.0,-1581.0
99.0,273.0,-1784.0
-44.0,474.0,-1772.0
294.0,113.0,-1698.0
-156.0,-148.0,-1723.0
240.0,-13.0,-1647.0
103.0,290.0,-1686.0
-128.0,318.0,-1659.0
156.0,265.0,-1678.0
-288.0,162.0,-1928.0
119.0,126.0,-1903.0
-87.0,0.0,-1690.0
25.0,-91.0,-1469.0
66.0,269.0,-1635.0
3.0,552.0,-1969.0
-11.0,173.0,-1784.0
0.0,-111.0,-1581.0
-201.0,105.0,-1774.0
218.0,402.0,-1856.0
-294.0,609.0,-1883.0
259.0,109.0,-1624.0
-121.0,136.0,-1702.0
189.0,142.0,-1706.0
-3.0,265.0,-1723.0
-95.0,273.0,-1719.0
37.0,160.0,-1770.0
-126.0,355.0,-1916.0
128.0,197.0,-1832.0
-132.0,56.0,-1668.0
74.0,134.0,-1555.0
85.0,228.0,-1731.0
19.0,476.0,-1778.0
115.0,-35.0,-1688.0
-117.0,27.0,-1631.0
95.0,339.0,-1768.0
-132.0,468.0,-1969.0
187.0,212.0,-1754.0
-132.0,247.0,-1522.0
318.0,355.0,-1627.0
74.0,400.0,-1891.0
68.0,91.0,-1747.0
13.0,152.0,-1692.0
-109.0,448.0,-1784.0
253.0,267.0,-1912.0
-247.0,7.0,-1717.0
259.0,-95.0,-1565.0
-144.0,52.0,-1768.0
226.0,177.0,-1715.0
-150.0,154.0,-1797.0
-58.0,283.0,-1760.0
-197.0,443.0,-1784.0
-76.0,509.0,-1737.0
-48.0,232.0,-1834.0
-44.0,99.0,-1735.0
124.0,366.0,-1709.0
19.0,530.0,-1711.0
1.0,212.0,-1762.0
-136.0,-13.0,-1776.0
25.0,206.0,-1858.0
-85.0,339.0,-1795.0
44.0,144.0,-1805.0
-50.0,56.0,-1748.0
-52.0,163.0,-1633.0
48.0,322.0,-1768.0
-21.0,42.0,-1758.0
-62.0,80.0,-1733.0
-156.0,78.0,-1696.0
37.0,620.0,-1776.0
-60.0,460.0,-1762.0
117.0,132.0,-1626.0
60.0,273.0,-1626.0
160.0,398.0,-1692.0
89.0,419.0,-1585.0
27.0,-37.0,-1563.0
-7.0,-25.0,-1598.0
95.0,242.0,-1752.0
140.0,171.0,-1698.0
-89.0,-99.0,-1522.0
111.0,-146.0,-1473.0
-97.0,220.0,-1522.0
204.0,472.0,-1506.0
-136.0,87.0,-1485.0
37.0,304.0,-1397.0
-37.0,366.0,-1565.0
44.0,306.0,-1557.0
150.0,-72.0,-1508.0
-238.0,-13.0,-1411.0
298.0,136.0,-1342.0
-93.0,322.0,-1501.0
107.0,165.0,-1307.0
-140.0,-52.0,-1296.0
-80.0,11.0,-1397.0
148.0,-40.0,-1575.0
-185.0,-46.0,-1462.0
62.0,-183.0,-1110.0
-189.0,122.0,-1182.0
97.0,448.0,-1206.0
0.0,320.0,-1229.0
-119.0,152.0,-1208.0
-17.0,-70.0,-1218.0
68.0,19.0,-1446.0
-113.0,42.0,-1393.0
107.0,15.0,-1104.0
-54.0,37.0,-1003.0
119.0,238.0,-1225.0
197.0,244.0,-1255.0
-9.0,-17.0,-1303.0
44.0,-181.0,-1161.0
64.0,-50.0,-1426.0
117.0,245.0,-1350.0
60.0,-81.0,-1227.0
-39.0,72.0,-1132.0
60.0,-9.0,-1192.0
33.0,208.0,-1364.0
15.0,128.0,-1364.0
-89.0,-39.0,-1300.0
-68.0,39.0,-1319.0
-7.0,124.0,-1399.0
-181.0,-31.0,-1307.0
9.0,-441.0,-1290.0
0.0,-9.0,-1210.0
173.0,58.0,-1448.0
17.0,224.0,-1212.0
122.0,331.0,-1243.0
-154.0,-1.0,-1339.0
72.0,60.0,-1356.0
-171.0,-208.0,-1465.0
9.0,-480.0,-1262.0
-37.0,35.0,-1136.0
11.0,150.0,-1218.0
46.0,488.0,-1214.0
-109.0,191.0,-1288.0
-21.0,214.0,-1255.0
-21.0,119.0,-1450.0
-236.0,-329.0,-1311.0
124.0,-191.0,-1177.0
-160.0,70.0,-1108.0
431.0,284.0,-1132.0
-142.0,544.0,-1268.0
144.0,242.0,-1081.0
-220.0,115.0,-1151.0
203.0,99.0,-1116.0
-257.0,-21.0,-1214.0
300.0,-203.0,-882.0
-160.0,-105.0,-974.0
337.0,306.0,-1071.0
-148.0,232.0,-1313.0
81.0,62.0,-1077.0
-89.0,378.0,-1241.0
21.0,158.0,-1266.0
214.0,203.0,-1218.0
-50.0,-103.0,-1141.0
267.0,-249.0,-1130.0
113.0,-46.0,-1233.0
320.0,253.0,-1245.0
-70.0,435.0,-1206.0
95.0,163.0,-1134.0
-226.0,222.0,-1177.0
66.0,19.0,-1179.0
-140.0,-163.0,-1303.0
-21.0,-279.0,-1194.0
-93.0,-48.0,-1180.0
-21.0,704.0,-1067.0
-17.0,154.0,-1167.0
-288.0,359.0,-1038.0
-35.0,-78.0,-1175.0
-191.0,11.0,-1481.0
44.0,-128.0,-1301.0
-56.0,-220.0,-1149.0
78.0,169.0,-1009.0
300.0,195.0,-1085.0
-54.0,191.0,-1169.0
83.0,21.0,-1175.0
-162.0,5.0,-1333.0
74.0,177.0,-1214.0
-15.0,216.0,-1153.0
27.0,-17.0,-1020.0
60.0,-195.0,-1059.0
7.0,44.0,-1157.0
-21.0,179.0,-1132.0
-56.0,42.0,-1100.0
-146.0,-19.0,-1050.0
54.0,203.0,-1155.0
80.0,181.0,-1214.0
29.0,-5.0,-1102.0
85.0,-253.0,-897.0
-121.0,-97.0,-999.0
214.0,74.0,-1011.0
-199.0,25.0,-1124.0
27.0,121.0,-1013.0
-37.0,-83.0,-1059.0
60.0,101.0,-958.0
152.0,-177.0,-1018.0
-35.0,-197.0,-940.0
173.0,-58.0,-929.0
-163.0,204.0,-1026.0
195.0,191.0,-888.0
-181.0,1.0,-862.0
-37.0,-214.0,-1009.0
171.0,7.0,-1052.0
-201.0,-181.0,-1007.0
154.0,99.0,-769.0
-58.0,-327.0,-847.0
33.0,19.0,-823.0
142.0,-74.0,-847.0
-271.0,68.0,-919.0
249.0,-87.0,-868.0
-144.0,-40.0,-1040.0
126.0,173.0,-763.0
-89.0,-126.0,-849.0
46.0,-111.0,-577.0
25.0,-23.0,-825.0
-80.0,39.0,-732.0
15.0,7.0,-741.0
-89.0,-119.0,-661.0
183.0,-27.0,-763.0
-48.0,76.0,-798.0
142.0,-142.0,-767.0
-255.0,-253.0,-544.0
269.0,-220.0,-478.0
0.0,-115.0,-696.0
152.0,-103.0,-503.0
64.0,111.0,-474.0
3.0,-144.0,-810.0
302.0,-17.0,-751.0
-322.0,-314.0,-628.0
277.0,-99.0,-265.0
-136.0,-113.0,-474.0
327.0,-15.0,-441.0
-89.0,-156.0,-661.0
-31.0,-441.0,-638.0
-7.0,-115.0,-692.0
-17.0,255.0,-720.0
-152.0,201.0,-538.0
19.0,-253.0,-447.0
-271.0,-343.0,-511.0
279.0,-579.0,-558.0
-128.0,-35.0,-810.0
3.0,140.0,-710.0
9.0,277.0,-642.0
-152.0,80.0,-605.0
17.0,-257.0,-673.0
-259.0,-644.0,-626.0
-31.0,-415.0,-470.0
66.0,97.0,-702.0
-7.0,183.0,-819.0
124.0,70.0,-560.0
-242.0,-173.0,-511.0
136.0,-163.0,-681.0
-177.0,-95.0,-786.0
44.0,17.0,-681.0
27.0,-124.0,-589.0
142.0,-130.0,-564.0
128.0,-148.0,-468.0
117.0,-171.0,-476.0
-101.0,-93.0,-642.0
46.0,-46.0,-679.0
-169.0,181.0,-757.0
54.0,-81.0,-460.0
-91.0,-167.0,-417.0
275.0,-462.0,-292.0
-11.0,-122.0,-419.0
42.0,9.0,-466.0
-132.0,66.0,-708.0
-15.0,-148.0,-671.0
-3.0,19.0,-525.0
13.0,-31.0,-390.0
183.0,-325.0,-327.0
62.0,-136.0,-277.0
220.0,-181.0,-400.0
-60.0,-148.0,-614.0
-76.0,-275.0,-573.0
39.0,-119.0,-431.0
-62.0,113.0,-513.0
25.0,226.0,-392.0
-7.0,-107.0,-333.0
11.0,-402.0,-283.0
85.0,-11.0,-456.0
-23.0,-177.0,-571.0
-29.0,-111.0,-489.0
-150.0,-80.0,-445.0
80.0,7.0,-544.0
-85.0,-130.0,-462.0
93.0,-154.0,-296.0
-148.0,-107.0,-355.0
275.0,-46.0,-402.0
-130.0,-93.0,-505.0
136.0,-242.0,-472.0
-206.0,-203.0,-593.0
165.0,37.0,-456.0
-130.0,-13.0,-525.0
277.0,-95.0,-349.0
-138.0,-119.0,-413.0
267.0,-54.0,-423.0
64.0,-130.0,-556.0
-3.0,-271.0,-411.0
15.0,-302.0,-404.0
-126.0,-275.0,-550.0
163.0,-107.0,-431.0
-230.0,-11.0,-454.0
179.0,-452.0,-244.0
-107.0,-359.0,-351.0
271.0,-171.0,-306.0
-146.0,68.0,-441.0
48.0,-93.0,-450.0
-138.0,-62.0,-544.0
130.0,-148.0,-527.0
-50.0,-136.0,-384.0
83.0,-214.0,-226.0
-85.0,-468.0,-343.0
185.0,-240.0,-374.0
-173.0,-324.0,-528.0
52.0,-117.0,-419.0
-228.0,-121.0,-417.0
158.0,33.0,-435.0
-187.0,-81.0,-445.0
134.0,-203.0,-226.0
-310.0,-411.0,-314.0
218.0,-187.0,-251.0
-195.0,1.0,-382.0
-48.0,-56.0,-363.0
-83.0,5.0,-456.0
105.0,-42.0,-484.0
-11.0,-42.0,-450.0
142.0,-341.0,-335.0
11.0,-251.0,-230.0
134.0,-304.0,-292.0
60.0,-275.0,-390.0
17.0,-222.0,-407.0
-81.0,-230.0,-406.0
27.0,-134.0,-452.0
185.0,13.0,-441.0
-193.0,-160.0,-447.0
203.0,-142.0,-232.0
-191.0,-425.0,-288.0
267.0,-115.0,-193.0
-195.0,-113.0,-433.0
169.0,126.0,-366.0
-179.0,-195.0,-462.0
156.0,-203.0,-347.0
-107.0,-308.0,-441.0
50.0,-378.0,-251.0
21.0,-277.0,-236.0
122.0,-220.0,-302.0
-46.0,-107.0,-402.0
37.0,-60.0,-382.0
-66.0,-105.0,-365.0
74.0,-66.0,-404.0
-60.0,-257.0,-406.0
35.0,-124.0,-365.0
-134.0,-206.0,-253.0
167.0,101.0,-267.0
-105.0,-31.0,-398.0
-80.0,42.0,-413.0
-89.0,-93.0,-404.0
-1.0,-273.0,-480.0
-52.0,-366.0,-341.0
11.0,-388.0,-189.0
3.0,-72.0,-195.0
212.0,58.0,-300.0
-15.0,177.0,-441.0
52.0,-158.0,-421.0
-163.0,-255.0,-314.0
175.0,-290.0,-433.0
-3.0,-91.0,-462.0
48.0,-87.0,-411.0
11.0,-46.0,-279.0
128.0,-52.0,-216.0
113.0,-154.0,-279.0
-27.0,-122.0,-333.0
-95.0,-283.0,-382.0
50.0,-347.0,-419.0
-52.0,-181.0,-501.0
117.0,-345.0,-325.0
-130.0,-142.0,-253.0
126.0,-21.0,-173.0
3.0,62.0,-409.0
29.0,-210.0,-355.0
-105.0,-349.0,-306.0
-23.0,-240.0,-376.0
97.0,-122.0,-347.0
91.0,-7.0,-388.0
13.0,-347.0,-275.0
93.0,-195.0,-183.0
-52.0,-339.0,-169.0
72.0,-60.0,-284.0
-232.0,-171.0,-431.0
-11.0,-138.0,-366.0
-121.0,-130.0,-380.0
37.0,-177.0,-359.0
-70.0,-81.0,-351.0
-21.0,-124.0,-255.0
46.0,19.0,-306.0
35.0,-72.0,-396.0
89.0,-244.0,-345.0
-76.0,-374.0,-396.0
208.0,-306.0,-349.0
-23.0,95.0,-409.0
203.0,-89.0,-300.0
-60.0,-113.0,-277.0
144.0,-335.0,-201.0
-95.0,-380.0,-259.0
52.0,-238.0,-242.0
-81.0,-27.0,-429.0
15.0,-17.0,-474.0
-95.0,-85.0,-411.0
-7.0,-236.0,-259.0
7.0,-167.0,-238.0
68.0,-365.0,-222.0
163.0,3.0,-261.0
37.0,-193.0,-331.0
52.0,-138.0,-372.0
37.0,-337.0,-439.0
124.0,-232.0,-335.0
-54.0,-355.0,-251.0
103.0,-242.0,-93.0
-29.0,-130.0,-163.0
255.0,-146.0,-247.0
-177.0,-152.0,-269.0
162.0,-333.0,-249.0
-13.0,-154.0,-271.0
312.0,-167.0,-390.0
-52.0,-93.0,-363.0
247.0,-210.0,-204.0
222.0,-290.0,-163.0
667.0,-91.0,-310.0
357.0,-119.0,-433.0
437.0,-269.0,-312.0
339.0,-203.0,-433.0
679.0,-259.0,-534.0
372.0,-148.0,-665.0
673.0,-253.0,-279.0
499.0,76.0,-333.0
931.0,-107.0,-314.0
653.0,-80.0,-491.0
556.0,-162.0,-474.0
519.0,-187.0,-445.0
691.0,-158.0,-413.0
689.0,-204.0,-447.0
540.0,-62.0,-368.0
626.0,-95.0,-277.0
667.0,-288.0,-269.0
772.0,-218.0,-236.0
515.0,-99.0,-361.0
661.0,39.0,-363.0
450.0,-203.0,-456.0
735.0,-310.0,-472.0
419.0,-220.0,-530.0
763.0,-39.0,-382.0
622.0,-11.0,-409.0
794.0,-89.0,-493.0
439.0,-128.0,-560.0
486.0,-25.0,-663.0
392.0,-122.0,-745.0
536.0,-177.0,-763.0
347.0,-195.0,-724.0
488.0,15.0,-626.0
335.0,66.0,-646.0
400.0,-119.0,-653.0
126.0,-83.0,-696.0
81.0,-40.0,-835.0
48.0,-99.0,-919.0
160.0,-138.0,-874.0
1.0,-160.0,-802.0
179.0,25.0,-614.0
60.0,-23.0,-696.0
300.0,-52.0,-737.0
17.0,74.0,-813.0
124.0,50.0,-819.0
-89.0,-7.0,-833.0
193.0,-232.0,-798.0
66.0,-152.0,-821.0
179.0,0.0,-726.0
179.0,60.0,-603.0
220.0,-1.0,-692.0
177.0,-76.0,-687.0
31.0,-19.0,-767.0
93.0,-46.0,-708.0
121.0,-138.0,-810.0
208.0,-140.0,-747.0
144.0,-1.0,-702.0
138.0,1.0,-614.0
230.0,-58.0,-583.0
140.0,1.0,-732.0
40.0,3.0,-691.0
-87.0,87.0,-696.0
-29.0,-126.0,-720.0
-37.0,-76.0,-808.0
-99.0,3.0,-765.0
-193.0,56.0,-653.0
-119.0,25.0,-550.0
-169.0,-35.0,-702.0
-206.0,-119.0,-792.0
-474.0,-80.0,-804.0
-349.0,-58.0,-866.0
-286.0,-91.0,-921.0
-316.0,93.0,-876.0
-486.0,13.0,-757.0
-419.0,-11.0,-692.0
-419.0,35.0,-874.0
-419.0,-29.0,-952.0
-577.0,-46.0,-882.0
-642.0,-115.0,-845.0
-415.0,33.0,-962.0
-482.0,40.0,-966.0
-476.0,-25.0,-815.0
-544.0,-17.0,-808.0
-488.0,-144.0,-868.0
-312.0,-85.0,-837.0
-622.0,-105.0,-952.0
-505.0,-62.0,-894.0
-542.0,-46.0,-972.0
-376.0,7.0,-958.0
-495.0,-21.0,-911.0
-601.0,-54.0,-778.0
-464.0,-50.0,-780.0
-374.0,-9.0,-944.0
-445.0,-46.0,-790.0
-528.0,-103.0,-778.0
-466.0,-91.0,-985.0
-333.0,-46.0,-974.0
-388.0,27.0,-839.0
-374.0,-27.0,-710.0
-386.0,-64.0,-747.0
-173.0,-29.0,-831.0
-392.0,-31.0,-876.0
-361.0,-93.0,-833.0
-560.0,-27.0,-925.0
-56.0,-9.0,-936.0
-482.0,19.0,-958.0
-162.0,-130.0,-700.0
-501.0,-29.0,-798.0
-93.0,-78.0,-843.0
-343.0,37.0,-892.0
-197.0,1.0,-888.0
-277.0,-9.0,-909.0
-95.0,66.0,-919.0
-177.0,-78.0,-974.0
-181.0,17.0,-843.0
-204.0,-37.0,-776.0
11.0,-5.0,-864.0
-40.0,58.0,-1001.0
-138.0,-50.0,-931.0
-105.0,-31.0,-894.0
-109.0,-62.0,-983.0
-19.0,42.0,-995.0
-101.0,42.0,-1036.0
-81.0,39.0,-854.0
-27.0,-121.0,-839.0
42.0,-37.0,-841.0
-11.0,-60.0,-964.0
-95.0,74.0,-956.0
-5.0,46.0,-1067.0
-107.0,15.0,-1073.0
-68.0,-72.0,-884.0
-27.0,-83.0,-821.0
66.0,-5.0,-854.0
165.0,15.0,-894.0
-78.0,35.0,-995.0
-31.0,-150.0,-1022.0
-201.0,-9.0,-1013.0
37.0,19.0,-1032.0
-183.0,56.0,-997.0
50.0,15.0,-847.0
-140.0,-19.0,-931.0
214.0,-64.0,-931.0
-193.0,-31.0,-942.0
-19.0,-70.0,-995.0
-214.0,39.0,-1093.0
17.0,189.0,-1015.0
-132.0,40.0,-1020.0
-78.0,-64.0,-919.0
-13.0,-122.0,-872.0
60.0,119.0,-974.0
111.0,50.0,-1026.0
-158.0,58.0,-905.0
-54.0,-80.0,-991.0
-126.0,78.0,-1065.0
64.0,140.0,-1024.0
-111.0,64.0,-940.0
97.0,-42.0,-835.0
29.0,37.0,-948.0
89.0,76.0,-901.0
-27.0,-33.0,-964.0
-121.0,-56.0,-903.0
72.0,56.0,-1089.0
-80.0,210.0,-1042.0
74.0,13.0,-921.0
-81.0,-144.0,-804.0
130.0,-103.0,-876.0
152.0,160.0,-983.0
-99.0,52.0,-964.0
54.0,-158.0,-860.0
-281.0,-58.0,-1079.0
244.0,70.0,-1048.0
-201.0,117.0,-1050.0
214.0,-89.0,-753.0
-179.0,-121.0,-899.0
247.0,11.0,-935.0
-152.0,-17.0,-1063.0
-1.0,-17.0,-931.0
-156.0,-134.0,-1075.0
13.0,103.0,-1020.0
-42.0,165.0,-1046.0
-21.0,-54.0,-921.0
-60.0,-216.0,-858.0
42.0,-3.0,-999.0
-35.0,109.0,-1085.0
0.0,-13.0,-913.0
-232.0,-7.0,-958.0
109.0,0.0,-1089.0
-206.0,115.0,-1118.0
199.0,11.0,-954.0
-136.0,-60.0,-915.0
173.0,7.0,-929.0
-72.0,134.0,-979.0
40.0,-9.0,-1034.0
-128.0,-89.0,-997.0
19.0,-3.0,-1091.0
5.0,185.0,-1095.0
21.0,-5.0,-964.0
33.0,-3.0,-847.0
11.0,-72.0,-958.0
226.0,11.0,-974.0
-117.0,5.0,-1042.0
111.0,-13.0,-1003.0
-87.0,15.0,-1028.0
158.0,76.0,-1013.0
-50.0,89.0,-1011.0
193.0,-130.0,-946.0
23.0,-23.0,-911.0
177.0,21.0,-968.0
-29.0,-21.0,-991.0
7.0,-173.0,-987.0
-56.0,42.0,-1050.0
126.0,146.0,-1108.0
-85.0,23.0,-1050.0
37.0,-105.0,-899.0
-97.0,-78.0,-884.0
177.0,25.0,-946.0
-105.0,19.0,-1089.0
64.0,-72.0,-948.0
-189.0,3.0,-1044.0
95.0,83.0,-1042.0
-150.0,95.0,-1114.0
39.0,-91.0,-890.0
-81.0,29.0,-944.0
64.0,72.0,-995.0
80.0,1.0,-921.0
-126.0,-72.0,-981.0
39.0,-64.0,-1032.0
-21.0,232.0,-1155.0
-3.0,218.0,-1015.0
-7.0,-25.0,-956.0
-44.0,-122.0,-872.0
175.0,-66.0,-944.0
-13.0,162.0,-1022.0
109.0,-25.0,-1011.0
-124.0,-5.0,-983.0
83.0,58.0,-985.0
31.0,117.0,-1118.0
25.0,-42.0,-1018.0
-13.0,-83.0,-886.0
152.0,72.0,-933.0
113.0,122.0,-1052.0
85.0,13.0,-935.0
-113.0,-185.0,-974.0
-15.0,-13.0,-1056.0
113.0,244.0,-1139.0
-74.0,163.0,-1136.0
37.0,-212.0,-868.0
-56.0,-101.0,-868.0
199.0,7.0,-1020.0
39.0,54.0,-1038.0
-68.0,-40.0,-1052.0
-163.0,-74.0,-1120.0
-93.0,191.0,-1048.0
70.0,25.0,-1052.0
-81.0,-56.0,-1052.0
124.0,-103.0,-880.0
-58.0,128.0,-989.0
68.0,124.0,-1044.0
-187.0,-39.0,-1067.0
3.0,-93.0,-1040.0
-111.0,99.0,-1132.0
66.0,122.0,-1030.0
33.0,89.0,-1024.0
-76.0,-83.0,-979.0
171.0,-33.0,-942.0
-64.0,124.0,-1015.0
99.0,-13.0,-1001.0
-107.0,3.0,-1044.0
19.0,40.0,-1093.0
48.0,138.0,-1110.0
7.0,66.0,-999.0
148.0,-111.0,-909.0
11.0,11.0,-987.0
199.0,76.0,-976.0
-160.0,-23.0,-972.0
50.0,-93.0,-1024.0
-70.0,-23.0,-1141.0
216.0,189.0,-1063.0
-126.0,54.0,-1013.0
148.0,-105.0,-878.0
-150.0,-48.0,-1007.0
275.0,0.0,-935.0
-156.0,50.0,-1085.0
74.0,-113.0,-981.0
-136.0,-31.0,-1036.0
40.0,115.0,-1079.0
-48.0,11.0,-1042.0
-48.0,21.0,-944.0
-7.0,-130.0,-987.0
70.0,95.0,-968.0
-99.0,-66.0,-925.0
27.0,-78.0,-1040.0
-204.0,17.0,-1093.0
171.0,154.0,-1059.0
-236.0,144.0,-1102.0
109.0,-70.0,-890.0
-238.0,-93.0,-915.0
273.0,33.0,-966.0
-144.0,160.0,-1081.0
154.0,-60.0,-911.0
-251.0,-50.0,-1007.0
148.0,109.0,-1075.0
-37.0,175.0,-1120.0
15.0,-50.0,-925.0
54.0,-48.0,-897.0
15.0,48.0,-964.0
259.0,122.0,-901.0
-119.0,-103.0,-1083.0
81.0,-150.0,-940.0
-9.0,58.0,-1052.0
103.0,300.0,-1118.0
74.0,-13.0,-1016.0
-54.0,-152.0,-790.0
128.0,-136.0,-948.0
97.0,148.0,-1083.0
89.0,11.0,-999.0
-93.0,-87.0,-948.0
-39.0,-21.0,-1067.0
76.0,99.0,-1138.0
-119.0,44.0,-1093.0
126.0,-109.0,-874.0
-97.0,-35.0,-913.0
177.0,130.0,-1007.0
-83.0,-5.0,-1139.0
50.0,-152.0,-1026.0
-247.0,-117.0,-1036.0
101.0,253.0,-1059.0
-80.0,183.0,-1155.0
-9.0,-11.0,-1030.0
-62.0,-154.0,-931.0
17.0,-103.0,-935.0
81.0,115.0,-1061.0
23.0,83.0,-1095.0
-33.0,29.0,-1011.0
-117.0,128.0,-1134.0
-35.0,42.0,-1114.0
87.0,-44.0,-1034.0
-52.0,-35.0,-882.0
300.0,60.0,-958.0
-29.0,134.0,-1032.0
117.0,-68.0,-1030.0
-177.0,-83.0,-1081.0
140.0,60.0,-1085.0
-158.0,210.0,-1065.0
181.0,42.0,-948.0
-15.0,-27.0,-997.0
167.0,-39.0,-925.0
156.0,-19.0,-1048.0
5.0,-64.0,-913.0
37.0,5.0,-1063.0
-179.0,117.0,-1165.0
167.0,117.0,-1046.0
-210.0,40.0,-974.0
181.0,-249.0,-948.0
5.0,-40.0,-981.0
199.0,103.0,-954.0
-60.0,103.0,-1054.0
-39.0,-109.0,-1005.0
-167.0,-76.0,-1102.0
-29.0,179.0,-1050.0
60.0,42.0,-1108.0
-113.0,-99.0,-921.0
44.0,-21.0,-946.0
52.0,58.0,-1018.0
56.0,70.0,-1018.0
-197.0,-78.0,-972.0
-13.0,-95.0,-1048.0
-54.0,206.0,-1169.0
-70.0,134.0,-1063.0
142.0,66.0,-913.0
-195.0,-122.0,-917.0
363.0,5.0,-958.0
-220.0,152.0,-1138.0
197.0,-113.0,-876.0
-353.0,3.0,-1054.0
251.0,99.0,-1097.0
-160.0,201.0,-1200.0
191.0,-33.0,-837.0
-40.0,-103.0,-909.0
136.0,-13.0,-966.0
128.0,119.0,-1040.0
-33.0,-9.0,-989.0
37.0,-119.0,-1040.0
-175.0,-1.0,-1093.0
253.0,144.0,-1108.0
-183.0,89.0,-1030.0
222.0,-132.0,-829.0
-158.0,-27.0,-1013.0
316.0,-11.0,-1022.0
-169.0,40.0,-1085.0
87.0,-80.0,-909.0
-160.0,-11.0,-1048.0
93.0,181.0,-1081.0
-25.0,40.0,-1167.0
-7.0,-87.0,-913.0
37.0,-218.0,-872.0
95.0,122.0,-1001.0
42.0,76.0,-1067.0
-91.0,-83.0,-1048.0
-165.0,-25.0,-958.0
56.0,171.0,-1184.0
-107.0,74.0,-1110.0
146.0,-23.0,-921.0
-163.0,-64.0,-884.0
191.0,31.0,-1011.0
-177.0,101.0,-1083.0
132.0,-83.0,-1056.0
-331.0,-13.0,-1020.0
163.0,111.0,-1026.0
-162.0,253.0,-1151.0
158.0,-31.0,-964.0
-1.0,-21.0,-950.0
85.0,-46.0,-931.0
165.0,101.0,-950.0
-85.0,-25.0,-1069.0
124.0,-11.0,-1065.0
-175.0,173.0,-1143.0
230.0,83.0,-970.0
-58.0,-11.0,-1032.0
201.0,-136.0,-927.0
52.0,-29.0,-991.0
165.0,117.0,-985.0
-11.0,5.0,-1034.0
-17.0,-97.0,-950.0
-27.0,62.0,-1122.0
11.0,152.0,-1100.0
80.0,42.0,-1028.0
-37.0,-171.0,-985.0
130.0,-7.0,-940.0
3.0,99.0,-1026.0
23.0,-15.0,-974.0
-76.0,-105.0,-1067.0
-191.0,-5.0,-1095.0
140.0,197.0,-1095.0
-169.0,142.0,-1077.0
142.0,-136.0,-964.0
-173.0,-150.0,-995.0
216.0,29.0,-997.0
-232.0,109.0,-1063.0
52.0,-21.0,-952.0
-265.0,-35.0,-1132.0
181.0,177.0,-1083.0
-76.0,187.0,-1143.0
56.0,-117.0,-948.0
-66.0,-48.0,-956.0
7.0,37.0,-977.0
58.0,136.0,-1038.0
-89.0,-29.0,-1042.0
37.0,-70.0,-979.0
-17.0,171.0,-1087.0
171.0,130.0,-1046.0
-48.0,42.0,-1050.0
117.0,-171.0,-888.0
37.0,21.0,-1020.0
103.0,83.0,-985.0
64.0,-21.0,-987.0
-58.0,-29.0,-948.0
167.0,-25.0,-1069.0
17.0,247.0,-1188.0
62.0,-39.0,-1063.0
-85.0,-99.0,-854.0
-21.0,-42.0,-903.0
189.0,13.0,-1030.0
-52.0,76.0,-1052.0
89.0,-130.0,-942.0
-185.0,66.0,-1079.0
173.0,124.0,-1108.0
-244.0,70.0,-1134.0
93.0,-150.0,-897.0
-195.0,-74.0,-921.0
218.0,95.0,-993.0
-62.0,-27.0,-1098.0
27.0,-62.0,-983.0
-175.0,-37.0,-1077.0
58.0,181.0,-1069.0
-15.0,218.0,-1141.0
-103.0,-56.0,-999.0
5.0,-99.0,-876.0
-33.0,-87.0,-976.0
64.0,76.0,-1016.0
-27.0,52.0,-1077.0
17.0,-7.0,-989.0
-56.0,203.0,-1097.0
-27.0,105.0,-1106.0
17.0,-23.0,-1026.0
-150.0,-113.0,-882.0
240.0,-13.0,-940.0
-13.0,121.0,-1026.0
199.0,-1.0,-950.0
-107.0,-1.0,-1057.0
117.0,35.0,-1087.0
-62.0,279.0,-1151.0
9.0,-83.0,-972.0
101.0,-83.0,-866.0
-1.0,-44.0,-956.0
288.0,37.0,-997.0
-42.0,-52.0,-987.0
23.0,-122.0,-952.0
-35.0,91.0,-1138.0
39.0,212.0,-1126.0
-13.0,70.0,-1018.0
-33.0,-113.0,-890.0
42.0,-224.0,-938.0
107.0,62.0,-958.0
3.0,87.0,-1071.0
27.0,-58.0,-1069.0
-148.0,54.0,-1052.0
80.0,181.0,-1091.0
-185.0,44.0,-1124.0
91.0,-183.0,-892.0
-146.0,-64.0,-956.0
290.0,74.0,-1028.0
-64.0,117.0,-1079.0
103.0,-81.0,-958.0
-201.0,-37.0,-1011.0
93.0,165.0,-1069.0
-169.0,244.0,-1253.0
23.0,-33.0,-997.0
-58.0,-134.0,-860.0
97.0,-37.0,-909.0
119.0,70.0,-1050.0
-1.0,-7.0,-1073.0
-15.0,52.0,-1001.0
-27.0,167.0,-1097.0
5.0,236.0,-1120.0
9.0,-99.0,-1020.0
40.0,-130.0,-882.0
158.0,-76.0,-950.0
158.0,179.0,-1057.0
48.0,-3.0,-1038.0
15.0,-81.0,-958.0
-81.0,80.0,-1093.0
54.0,171.0,-1141.0
11.0,56.0,-1038.0
33.0,-113.0,-911.0
87.0,-171.0,-882.0
150.0,42.0,-991.0
13.0,-1.0,-1116.0
-29.0,13.0,-1102.0
-199.0,1.0,-991.0
56.0,206.0,-1048.0
-105.0,56.0,-1134.0
72.0,-247.0,-1028.0
-64.0,-64.0,-933.0
156.0,72.0,-997.0
17.0,103.0,-964.0
-17.0,-91.0,-1038.0
-91.0,-25.0,-1124.0
95.0,160.0,-1097.0
81.0,83.0,-1073.0
154.0,3.0,-1011.0
122.0,-117.0,-876.0
345.0,-21.0,-903.0
230.0,35.0,-1100.0
283.0,3.0,-1056.0
138.0,58.0,-1042.0
310.0,91.0,-1126.0
343.0,173.0,-1052.0
464.0,-62.0,-981.0
386.0,-72.0,-935.0
585.0,1.0,-1022.0
357.0,58.0,-1038.0
534.0,-27.0,-905.0
206.0,-35.0,-983.0
610.0,62.0,-1192.0
214.0,224.0,-1229.0
497.0,-46.0,-854.0
97.0,-35.0,-864.0
452.0,-109.0,-897.0
286.0,74.0,-1063.0
228.0,-23.0,-1009.0
144.0,0.0,-993.0
44.0,17.0,-1007.0
253.0,154.0,-1132.0
-128.0,35.0,-1050.0
228.0,-91.0,-858.0
-189.0,-52.0,-974.0
380.0,-11.0,-1005.0
-165.0,89.0,-1102.0
60.0,-93.0,-936.0
-259.0,13.0,-1079.0
103.0,148.0,-1108.0
-52.0,162.0,-1210.0
-52.0,0.0,-987.0
-31.0,-130.0,-884.0
21.0,11.0,-977.0
126.0,-1.0,-1112.0
9.0,46.0,-1036.0
-31.0,35.0,-1022.0
58.0,111.0,-1143.0
21.0,58.0,-1143.0
95.0,0.0,-1028.0
-7.0,-58.0,-872.0
283.0,37.0,-976.0
46.0,62.0,-989.0
284.0,-13.0,-1065.0
-158.0,-11.0,-1069.0
249.0,46.0,-1057.0
-44.0,224.0,-1100.0
148.0,-37.0,-1036.0
99.0,5.0,-890.0
15.0,-31.0,-966.0
304.0,-80.0,-944.0
-119.0,-5.0,-1100.0
226.0,-52.0,-977.0
-189.0,152.0,-1069.0
201.0,117.0,-1020.0
-165.0,-25.0,-1093.0
103.0,-93.0,-895.0
29.0,-87.0,-874.0
228.0,144.0,-974.0
29.0,-29.0,-1040.0
-48.0,-39.0,-972.0
-56.0,-3.0,-1098.0
-80.0,128.0,-1120.0
42.0,78.0,-1003.0
-95.0,-42.0,-938.0
130.0,-52.0,-948.0
64.0,23.0,-1040.0
11.0,-99.0,-1009.0
-15.0,-87.0,-1038.0
-193.0,44.0,-1102.0
113.0,312.0,-1106.0
-193.0,99.0,-1091.0
122.0,-150.0,-952.0
-197.0,-136.0,-1018.0
333.0,11.0,-944.0
-146.0,146.0,-1034.0
85.0,5.0,-979.0
-275.0,-27.0,-1175.0
52.0,48.0,-1081.0
-76.0,208.0,-1087.0
111.0,-97.0,-962.0
-17.0,-13.0,-931.0
136.0,-23.0,-952.0
95.0,177.0,-1087.0
-15.0,-89.0,-1009.0
-17.0,-11.0,-985.0
9.0,70.0,-1098.0
68.0,193.0,-1124.0
25.0,44.0,-964.0
113.0,-181.0,-876.0
185.0,-83.0,-970.0
175.0,101.0,-1026.0
37.0,80.0,-1005.0
-91.0,-101.0,-944.0
-21.0,25.0,-1110.0
56.0,130.0,-1208.0
81.0,80.0,-999.0
64.0,-105.0,-817.0
29.0,-119.0,-952.0
150.0,50.0,-1071.0
-148.0,87.0,-1087.0
13.0,-72.0,-1030.0
-222.0,-7.0,-1095.0
232.0,163.0,-1048.0
-154.0,134.0,-1149.0
199.0,-95.0,-905.0
-228.0,-130.0,-940.0
220.0,21.0,-1028.0
-103.0,132.0,-1145.0
11.0,58.0,-1001.0
-175.0,-15.0,-1003.0
33.0,50.0,-1054.0
40.0,152.0,-1114.0
-9.0,52.0,-1067.0
31.0,-128.0,-899.0
-17.0,-15.0,-944.0
37.0,52.0,-1026.0
-78.0,29.0,-1087.0
-52.0,60.0,-972.0
48.0,78.0,-1143.0
17.0,99.0,-1110.0
70.0,-42.0,-976.0
-111.0,-72.0,-909.0
195.0,-87.0,-976.0
-52.0,101.0,-997.0
62.0,1.0,-1034.0
-85.0,-21.0,-1007.0
80.0,74.0,-1026.0
46.0,152.0,-1108.0
13.0,25.0,-1071.0
62.0,-136.0,-878.0
-80.0,-76.0,-899.0
212.0,-21.0,-1026.0
-167.0,-7.0,-1003.0
99.0,11.0,-976.0
-162.0,31.0,-1138.0
203.0,138.0,-1145.0
-238.0,11.0,-1098.0
121.0,-101.0,-868.0
-165.0,-148.0,-905.0
296.0,13.0,-942.0
-113.0,35.0,-1157.0
105.0,7.0,-958.0
-206.0,52.0,-1067.0
74.0,162.0,-1102.0
-136.0,124.0,-1161.0
-29.0,-76.0,-909.0
64.0,-130.0,-843.0
119.0,-5.0,-1007.0
93.0,40.0,-1024.0
-93.0,42.0,-1102.0
-76.0,46.0,-940.0
-48.0,193.0,-1161.0
1.0,187.0,-1100.0
25.0,-40.0,-1089.0
62.0,-130.0,-802.0
187.0,-117.0,-929.0
115.0,23.0,-1015.0
7.0,17.0,-1085.0
-156.0,113.0,-1024.0
156.0,85.0,-1073.0
-78.0,158.0,-1159.0
226.0,-46.0,-948.0
-103.0,-113.0,-938.0
251.0,-163.0,-786.0
44.0,23.0,-1089.0
3.0,39.0,-1097.0
27.0,58.0,-1024.0
-193.0,169.0,-1093.0
132.0,121.0,-1061.0
-197.0,93.0,-1044.0
199.0,-238.0,-958.0
-115.0,-158.0,-1011.0
281.0,-13.0,-872.0
-218.0,15.0,-1110.0
15.0,52.0,-1059.0
-126.0,140.0,-1093.0
68.0,265.0,-1065.0
-105.0,-5.0,-1149.0
99.0,-171.0,-952.0
-142.0,-95.0,-962.0
263.0,1.0,-929.0
-195.0,111.0,-1098.0
62.0,-70.0,-987.0
-247.0,105.0,-1128.0
130.0,218.0,-1132.0
-162.0,210.0,-1159.0
121.0,-93.0,-962.0
-25.0,-199.0,-866.0
230.0,-58.0,-854.0
52.0,42.0,-1077.0
-35.0,39.0,-1067.0
-111.0,76.0,-1126.0
19.0,128.0,-1024.0
0.0,230.0,-1118.0
138.0,-31.0,-929.0
-62.0,-160.0,-974.0
242.0,-117.0,-913.0
3.0,-81.0,-1032.0
58.0,15.0,-897.0
-48.0,27.0,-1030.0
-40.0,255.0,-1229.0
87.0,228.0,-1114.0
-185.0,13.0,-1028.0
119.0,-325.0,-769.0
-44.0,-177.0,-976.0
284.0,72.0,-1005.0
-68.0,119.0,-1069.0
-17.0,-56.0,-997.0
-162.0,-58.0,-1003.0
0.0,245.0,-1169.0
-150.0,93.0,-1151.0
124.0,-35.0,-907.0
-160.0,-156.0,-974.0
263.0,-177.0,-874.0
-105.0,62.0,-1081.0
-52.0,-25.0,-1046.0
-124.0,115.0,-1073.0
-91.0,318.0,-1165.0
-122.0,76.0,-1276.0
-31.0,-48.0,-880.0
-40.0,-226.0,-769.0
230.0,-31.0,-1001.0
39.0,107.0,-1136.0
64.0,-105.0,-968.0
-277.0,46.0,-1018.0
76.0,146.0,-1034.0
-52.0,406.0,-1153.0
140.0,31.0,-1015.0
44.0,-171.0,-825.0
236.0,-251.0,-833.0
0.0,-17.0,-1077.0
83.0,74.0,-1061.0
-210.0,66.0,-1038.0
99.0,208.0,-1042.0
99.0,-193.0,-847.0
-81.0,-191.0,-1032.0
443.0,165.0,-892.0
-210.0,81.0,-1095.0
140.0,-195.0,-915.0
-187.0,-48.0,-1091.0
99.0,277.0,-1122.0
-19.0,279.0,-1268.0
93.0,-111.0,-808.0
-5.0,-347.0,-856.0
39.0,-218.0,-835.0
124.0,140.0,-1034.0
-325.0,181.0,-1309.0
-17.0,167.0,-1223.0
95.0,257.0,-1186.0
-78.0,-19.0,-1018.0
99.0,-169.0,-743.0
-81.0,-261.0,-862.0
103.0,21.0,-1173.0
-50.0,240.0,-1229.0
101.0,-54.0,-987.0
-279.0,-81.0,-919.0
115.0,119.0,-1030.0
-56.0,394.0,-1153.0
78.0,197.0,-1071.0
-138.0,-154.0,-888.0
275.0,-277.0,-817.0
-81.0,-35.0,-1104.0
191.0,0.0,-1046.0
-107.0,126.0,-1015.0
15.0,165.0,-1124.0
-78.0,240.0,-1124.0
-11.0,40.0,-991.0
148.0,-277.0,-901.0
27.0,-201.0,-952.0
390.0,-19.0,-956.0
-214.0,152.0,-1052.0
122.0,122.0,-907.0
-244.0,29.0,-1130.0
206.0,197.0,-1093.0
-160.0,87.0,-1173.0
150.0,-162.0,-940.0
-15.0,-331.0,-706.0
210.0,-56.0,-774.0
-169.0,5.0,-1235.0
72.0,122.0,-1159.0
-329.0,226.0,-1262.0
163.0,119.0,-1028.0
-78.0,-3.0,-1013.0
163.0,-249.0,-784.0
-60.0,-158.0,-925.0
191.0,31.0,-981.0
-66.0,1.0,-1206.0
-325.0,0.0,-1110.0
103.0,-13.0,-858.0
-244.0,288.0,-1190.0
87.0,197.0,-1048.0
-7.0,35.0,-1007.0
-109.0,-167.0,-915.0
298.0,-224.0,-933.0
-140.0,13.0,-1098.0
255.0,-99.0,-1034.0
-341.0,226.0,-1048.0
288.0,234.0,-977.0
-320.0,306.0,-1175.0
140.0,-54.0,-1007.0
1.0,-370.0,-935.0
167.0,-169.0,-966.0
152.0,115.0,-921.0
3.0,199.0,-938.0
-48.0,48.0,-1114.0
-99.0,17.0,-1141.0
64.0,230.0,-1028.0
-39.0,-56.0,-981.0
72.0,-76.0,-894.0
89.0,-95.0,-944.0
15.0,-58.0,-1106.0
56.0,-17.0,-839.0
-70.0,-1.0,-1065.0
-210.0,187.0,-1218.0
275.0,267.0,-1138.0
-238.0,52.0,-1110.0
353.0,-288.0,-732.0
-201.0,-171.0,-952.0
306.0,-35.0,-966.0
-175.0,50.0,-1098.0
-91.0,27.0,-958.0
97.0,35.0,-1112.0
-148.0,335.0,-1282.0
199.0,148.0,-1007.0
-162.0,-17.0,-862.0
39.0,-230.0,-925.0
39.0,-124.0,-1085.0
25.0,13.0,-1073.0
-35.0,-3.0,-985.0
-150.0,89.0,-1034.0
91.0,261.0,-1116.0
-128.0,242.0,-1188.0
70.0,-40.0,-952.0
-13.0,-224.0,-767.0
150.0,-21.0,-1056.0
163.0,111.0,-1091.0
78.0,-40.0,-948.0
-115.0,-93.0,-884.0
-60.0,89.0,-1182.0
85.0,431.0,-1184.0
15.0,105.0,-1106.0
5.0,-247.0,-765.0
173.0,-281.0,-845.0
136.0,-58.0,-1048.0
76.0,105.0,-1093.0
-13.0,97.0,-970.0
-134.0,203.0,-1120.0
136.0,169.0,-1139.0
21.0,-27.0,-1100.0
140.0,-232.0,-749.0
48.0,-181.0,-849.0
208.0,-19.0,-1071.0
74.0,31.0,-1122.0
-173.0,-5.0,-1042.0
-76.0,7.0,-1028.0
-40.0,244.0,-1132.0
0.0,201.0,-1132.0
0.0,-42.0,-931.0
-87.0,-273.0,-825.0
154.0,-193.0,-976.0
-23.0,-1.0,-1155.0
-62.0,101.0,-1106.0
-193.0,197.0,-958.0
-111.0,195.0,-1057.0
7.0,81.0,-1139.0
-54.0,-101.0,-1089.0
101.0,-107.0,-854.0
48.0,-35.0,-880.0
163.0,66.0,-1005.0
-101.0,-40.0,-1100.0
-105.0,78.0,-1032.0
-162.0,156.0,-1091.0
134.0,228.0,-1145.0
-66.0,-9.0,-1054.0
144.0,-117.0,-845.0
3.0,-154.0,-884.0
226.0,-44.0,-927.0
-66.0,-11.0,-1132.0
-9.0,64.0,-1061.0
-54.0,154.0,-1024.0
58.0,244.0,-1056.0
136.0,-21.0,-1034.0
-54.0,-171.0,-972.0
165.0,-148.0,-858.0
29.0,17.0,-966.0
74.0,-56.0,-976.0
-187.0,-40.0,-1163.0
46.0,117.0,-1075.0
-19.0,320.0,-1132.0
37.0,121.0,-979.0
-33.0,-152.0,-940.0
-19.0,-226.0,-903.0
119.0,-33.0,-989.0
-40.0,0.0,-1151.0
-3.0,-130.0,-1038.0
-169.0,80.0,-1016.0
64.0,318.0,-1075.0
-152.0,320.0,-1184.0
25.0,-119.0,-976.0
-136.0,-230.0,-954.0
167.0,-91.0,-956.0
72.0,95.0,-1020.0
76.0,25.0,-958.0
-177.0,37.0,-1097.0
-33.0,245.0,-1198.0
-111.0,247.0,-1202.0
21.0,-44.0,-936.0
15.0,-244.0,-810.0
204.0,-48.0,-954.0
189.0,87.0,-1046.0
5.0,-1.0,-1034.0
-68.0,-17.0,-1036.0
-128.0,119.0,-1200.0
48.0,300.0,-1042.0
-7.0,121.0,-1018.0
122.0,-214.0,-895.0
40.0,-222.0,-946.0
171.0,-62.0,-1003.0
-46.0,-17.0,-1009.0
9.0,31.0,-974.0
-173.0,177.0,-1118.0
68.0,290.0,-1188.0
-144.0,52.0,-1044.0
253.0,-242.0,-876.0
-54.0,-187.0,-903.0
378.0,-80.0,-944.0
-183.0,72.0,-1108.0
17.0,-66.0,-1042.0
-325.0,121.0,-1106.0
142.0,214.0,-1106.0
-128.0,119.0,-1139.0
158.0,-56.0,-821.0
-93.0,-154.0,-905.0
218.0,-97.0,-1079.0
-85.0,-52.0,-1081.0
-126.0,-31.0,-989.0
-257.0,58.0,-1056.0
44.0,279.0,-1149.0
-97.0,232.0,-1136.0
109.0,11.0,-915.0
-167.0,-222.0,-892.0
193.0,-201.0,-981.0
-5.0,19.0,-1067.0
-42.0,23.0,-989.0
-122.0,152.0,-1007.0
-66.0,187.0,-1196.0
111.0,179.0,-1063.0
44.0,3.0,-999.0
95.0,-175.0,-868.0
117.0,-97.0,-950.0
80.0,76.0,-1022.0
40.0,-87.0,-1036.0
-111.0,21.0,-1009.0
0.0,113.0,-1075.0
113.0,253.0,-1147.0
29.0,50.0,-1030.0
58.0,-111.0,-907.0
-13.0,-142.0,-921.0
212.0,-158.0,-946.0
-39.0,-9.0,-1063.0
19.0,-9.0,-1038.0
-122.0,193.0,-1077.0
50.0,177.0,-1134.0
-58.0,44.0,-1110.0
101.0,-154.0,-919.0
-78.0,-113.0,-927.0
222.0,21.0,-962.0
-81.0,-158.0,-1056.0
-37.0,-21.0,-1011.0
-169.0,126.0,-1108.0
91.0,345.0,-1157.0
-83.0,134.0,-1097.0
-25.0,-66.0,-972.0
-60.0,-156.0,-892.0
68.0,-44.0,-964.0
83.0,0.0,-1097.0
-68.0,-1.0,-1007.0
-9.0,89.0,-1026.0
-124.0,302.0,-1132.0
132.0,193.0,-1098.0
-169.0,-37.0,-1024.0
132.0,-142.0,-909.0
17.0,-64.0,-995.0
201.0,42.0,-897.0
-15.0,-144.0,-1057.0
-111.0,46.0,-1059.0
97.0,199.0,-1063.0
-99.0,341.0,-1175.0
216.0,-42.0,-983.0
-185.0,-124.0,-919.0
156.0,-154.0,-899.0
132.0,-78.0,-977.0
81.0,33.0,-991.0
-81.0,-54.0,-1063.0
-74.0,122.0,-1057.0
64.0,306.0,-1143.0
-124.0,68.0,-1098.0
111.0,-222.0,-884.0
-111.0,-148.0,-890.0
343.0,31.0,-942.0
-89.0,-58.0,-1075.0
83.0,-189.0,-952.0
-304.0,23.0,-1161.0
121.0,347.0,-1071.0
-81.0,325.0,-1159.0
-40.0,-81.0,-950.0
-31.0,-286.0,-921.0
33.0,-152.0,-964.0
103.0,1.0,-1005.0
23.0,33.0,-985.0
-122.0,68.0,-1122.0
-52.0,222.0,-1206.0
-175.0,312.0,-1149.0
70.0,-62.0,-944.0
-165.0,-224.0,-890.0
263.0,-189.0,-940.0
72.0,119.0,-1026.0
93.0,-1.0,-1042.0
-146.0,-58.0,-1040.0
-5.0,87.0,-1100.0
-17.0,398.0,-1122.0
9.0,163.0,-1026.0
39.0,-152.0,-919.0
-1.0,-284.0,-960.0
286.0,-93.0,-944.0
21.0,-7.0,-977.0
76.0,1.0,-929.0
-187.0,210.0,-1182.0
124.0,222.0,-1231.0
-220.0,195.0,-1116.0
126.0,-187.0,-747.0
-9.0,-257.0,-849.0
374.0,-124.0,-1015.0
70.0,54.0,-1069.0
5.0,-1.0,-1026.0
-210.0,83.0,-1057.0
35.0,238.0,-1155.0
-66.0,177.0,-1102.0
39.0,13.0,-895.0
46.0,-189.0,-841.0
163.0,-181.0,-1048.0
156.0,-175.0,-1081.0
-165.0,62.0,-1042.0
-95.0,95.0,-981.0
-206.0,366.0,-1153.0
48.0,169.0,-1124.0
-134.0,37.0,-1108.0
119.0,-216.0,-810.0
181.0,-197.0,-841.0
148.0,48.0,-1042.0
-44.0,15.0,-1132.0
-234.0,130.0,-1038.0
-140.0,167.0,-1061.0
119.0,152.0,-1155.0
-48.0,27.0,-1089.0
124.0,-68.0,-888.0
-42.0,-44.0,-884.0
255.0,-33.0,-960.0
-83.0,-78.0,-1100.0
-66.0,11.0,-1052.0
-60.0,162.0,-1085.0
-9.0,302.0,-1098.0
138.0,124.0,-1052.0
-17.0,-119.0,-960.0
158.0,-238.0,-876.0
107.0,-72.0,-944.0
136.0,-85.0,-966.0
-101.0,21.0,-1079.0
-103.0,138.0,-1097.0
95.0,261.0,-1138.0
-37.0,183.0,-1026.0
60.0,-144.0,-915.0
-40.0,-214.0,-944.0
165.0,-99.0,-950.0
-3.0,-31.0,-999.0
5.0,-11.0,-993.0
-138.0,-5.0,-1132.0
31.0,347.0,-1093.0
-15.0,284.0,-1104.0
-29.0,-46.0,-997.0
-126.0,-283.0,-899.0
240.0,-152.0,-890.0
-35.0,48.0,-1124.0
66.0,-52.0,-997.0
-298.0,11.0,-1011.0
60.0,187.0,-1139.0
-119.0,380.0,-1198.0
54.0,101.0,-1091.0
-87.0,-230.0,-763.0
175.0,-181.0,-899.0
80.0,-121.0,-970.0
208.0,109.0,-1116.0
-532.0,40.0,-1153.0
450.0,48.0,-907.0
-357.0,443.0,-1276.0
431.0,101.0,-1057.0
-439.0,-91.0,-936.0
447.0,-407.0,-651.0
-60.0,-29.0,-1169.0
386.0,66.0,-991.0
-179.0,87.0,-1134.0
-60.0,39.0,-958.0
78.0,160.0,-1153.0
-93.0,257.0,-1075.0
171.0,3.0,-985.0
-279.0,-228.0,-868.0
579.0,-322.0,-860.0
-290.0,50.0,-1159.0
263.0,9.0,-981.0
-425.0,148.0,-1071.0
169.0,189.0,-1120.0
-322.0,284.0,-1208.0
220.0,-13.0,-882.0
-148.0,-370.0,-884.0
310.0,-179.0,-862.0
72.0,48.0,-1081.0
-111.0,52.0,-1116.0
-111.0,13.0,-1069.0
-152.0,136.0,-1100.0
117.0,204.0,-1132.0
-80.0,154.0,-1003.0
122.0,-124.0,-858.0
15.0,-169.0,-948.0
113.0,-146.0,-1013.0
-167.0,-9.0,-1163.0
-154.0,37.0,-1061.0
-58.0,214.0,-1087.0
-169.0,300.0,-1108.0
169.0,54.0,-1046.0
-206.0,-19.0,-948.0
396.0,-269.0,-815.0
-44.0,-74.0,-1024.0
165.0,33.0,-1057.0
-226.0,109.0,-1153.0
7.0,146.0,-936.0
-25.0,154.0,-1122.0
56.0,146.0,-1143.0
74.0,-109.0,-956.0
91.0,-130.0,-757.0
203.0,-54.0,-958.0
37.0,-169.0,-1056.0
-23.0,56.0,-1077.0
-201.0,66.0,-1018.0
226.0,343.0,-1087.0
-197.0,183.0,-1169.0
343.0,-187.0,-870.0
-245.0,-169.0,-946.0
583.0,-224.0,-815.0
-320.0,163.0,-1118.0
201.0,-119.0,-1018.0
-341.0,17.0,-1104.0
115.0,203.0,-1077.0
35.0,244.0,-1153.0
87.0,119.0,-960.0
-44.0,-261.0,-882.0
119.0,-101.0,-817.0
-74.0,-56.0,-1147.0
-9.0,-66.0,-1079.0
-208.0,19.0,-1104.0
103.0,160.0,-999.0
-169.0,411.0,-1190.0
132.0,101.0,-905.0
-273.0,-156.0,-1026.0
230.0,-259.0,-849.0
50.0,-25.0,-1067.0
91.0,11.0,-1056.0
-115.0,-9.0,-1011.0
-76.0,148.0,-1110.0
35.0,281.0,-1171.0
-11.0,148.0,-1085.0
7.0,-101.0,-901.0
5.0,-267.0,-892.0
234.0,37.0,-987.0
25.0,-48.0,-983.0
-21.0,-58.0,-997.0
-48.0,111.0,-1075.0
162.0,366.0,-1184.0
-115.0,214.0,-1139.0
-39.0,-113.0,-839.0
-37.0,-304.0,-784.0
298.0,-115.0,-948.0
193.0,1.0,-1054.0
-11.0,119.0,-1097.0
-273.0,31.0,-1022.0
167.0,130.0,-1097.0
-222.0,312.0,-1155.0
146.0,-111.0,-964.0
-275.0,-242.0,-839.0
460.0,-210.0,-847.0
-17.0,5.0,-1202.0
201.0,-5.0,-1046.0
-417.0,-74.0,-919.0
206.0,267.0,-936.0
-183.0,325.0,-1426.0
259.0,148.0,-1001.0
-363.0,-263.0,-905.0
298.0,-384.0,-714.0
134.0,91.0,-1110.0
68.0,103.0,-1116.0
-400.0,81.0,-1130.0
0.0,122.0,-1032.0
-148.0,283.0,-1233.0
119.0,197.0,-946.0
-158.0,-199.0,-935.0
83.0,-226.0,-878.0
349.0,33.0,-1067.0
-48.0,29.0,-1067.0
126.0,-83.0,-946.0
-497.0,87.0,-1143.0
423.0,314.0,-946.0
-255.0,327.0,-1194.0
109.0,-144.0,-1044.0
-121.0,-443.0,-856.0
333.0,-201.0,-718.0
66.0,105.0,-1106.0
-119.0,244.0,-1098.0
-138.0,76.0,-1220.0
-171.0,99.0,-1052.0
302.0,204.0,-933.0
-232.0,-107.0,-1065.0
150.0,-185.0,-874.0
25.0,-113.0,-981.0
349.0,-5.0,-974.0
-314.0,-95.0,-1081.0
-130.0,-78.0,-950.0
-40.0,298.0,-1134.0
183.0,341.0,-1235.0
11.0,-1.0,-1048.0
-103.0,-271.0,-691.0
117.0,-259.0,-927.0
253.0,-91.0,-1028.0
-29.0,216.0,-1093.0
-634.0,42.0,-1194.0
177.0,224.0,-981.0
-58.0,288.0,-1221.0
113.0,-42.0,-1034.0
-52.0,-167.0,-743.0
17.0,-228.0,-864.0
199.0,-5.0,-1069.0
46.0,126.0,-1132.0
-327.0,-64.0,-1204.0
-35.0,58.0,-804.0
212.0,353.0,-1069.0
111.0,171.0,-1159.0
-31.0,-46.0,-952.0
-105.0,-255.0,-833.0
384.0,-242.0,-985.0
25.0,152.0,-1034.0
-37.0,132.0,-1112.0
-226.0,107.0,-1069.0
242.0,163.0,-1018.0
115.0,124.0,-1085.0
27.0,-163.0,-936.0
-81.0,-325.0,-882.0
218.0,-74.0,-972.0
251.0,173.0,-979.0
-122.0,-17.0,-1056.0
-193.0,23.0,-1020.0
179.0,152.0,-1050.0
119.0,341.0,-1120.0
-25.0,-42.0,-993.0
-132.0,-181.0,-981.0
156.0,-226.0,-1020.0
206.0,-148.0,-944.0
-39.0,-83.0,-944.0
-347.0,175.0,-1020.0
15.0,400.0,-1221.0
21.0,163.0,-1280.0
58.0,-42.0,-1036.0
-316.0,-316.0,-784.0
203.0,-277.0,-720.0
21.0,97.0,-1153.0
99.0,193.0,-1169.0
-335.0,27.0,-1161.0
-146.0,64.0,-929.0
128.0,327.0,-1097.0
-78.0,160.0,-1116.0
33.0,-150.0,-919.0
-160.0,-197.0,-860.0
441.0,0.0,-1056.0
-48.0,-13.0,-1149.0
66.0,-35.0,-892.0
-306.0,-7.0,-1087.0
236.0,300.0,-1089.0
-37.0,290.0,-1165.0
42.0,-101.0,-897.0
-201.0,-284.0,-919.0
363.0,-163.0,-800.0
-13.0,89.0,-1110.0
-54.0,62.0,-1007.0
-35.0,218.0,-1083.0
-46.0,230.0,-1313.0
283.0,160.0,-895.0
-122.0,-111.0,-851.0
-64.0,-472.0,-987.0
259.0,-89.0,-999.0
132.0,158.0,-1087.0
-23.0,-124.0,-968.0
-275.0,81.0,-981.0
44.0,175.0,-1063.0
220.0,374.0,-1243.0
-119.0,25.0,-1106.0
27.0,-275.0,-733.0
-72.0,-193.0,-923.0
351.0,-158.0,-985.0
-17.0,128.0,-1095.0
-189.0,-23.0,-1073.0
-111.0,136.0,-1087.0
85.0,384.0,-1143.0
13.0,78.0,-1091.0
-224.0,-162.0,-952.0
39.0,-259.0,-720.0
183.0,124.0,-1132.0
1.0,21.0,-1192.0
-101.0,-60.0,-823.0
-238.0,-50.0,-1003.0
76.0,277.0,-1167.0
33.0,349.0,-1241.0
-175.0,-60.0,-976.0
72.0,-339.0,-827.0
138.0,-136.0,-798.0
318.0,72.0,-1013.0
-382.0,220.0,-1235.0
130.0,74.0,-1095.0
-165.0,206.0,-1274.0
306.0,138.0,-874.0
-134.0,-76.0,-876.0
-29.0,-325.0,-837.0
259.0,-214.0,-1024.0
148.0,103.0,-1052.0
60.0,87.0,-1034.0
-294.0,146.0,-1124.0
163.0,113.0,-956.0
93.0,234.0,-1138.0
7.0,-15.0,-952.0
72.0,-165.0,-854.0
54.0,-179.0,-1015.0
324.0,-154.0,-1042.0
-132.0,-40.0,-1001.0
-284.0,37.0,-1036.0
-44.0,290.0,-1192.0
62.0,347.0,-1126.0
-21.0,27.0,-1056.0
-218.0,-310.0,-796.0
142.0,-163.0,-868.0
46.0,-21.0,-1231.0
101.0,93.0,-1046.0
-261.0,-15.0,-985.0
-206.0,111.0,-1030.0
148.0,226.0,-1151.0
-185.0,247.0,-1190.0
17.0,-64.0,-849.0
-50.0,-206.0,-929.0
314.0,-74.0,-1036.0
185.0,40.0,-1011.0
-242.0,58.0,-1040.0
-134.0,7.0,-1085.0
117.0,347.0,-1095.0
50.0,152.0,-1196.0
5.0,-195.0,-890.0
-50.0,-277.0,-733.0
384.0,-156.0,-874.0
181.0,154.0,-1157.0
-66.0,89.0,-1100.0
-167.0,-37.0,-997.0
-25.0,257.0,-1018.0
234.0,162.0,-1036.0
-99.0,56.0,-1032.0
-31.0,-286.0,-1011.0
220.0,-95.0,-899.0
257.0,-39.0,-1024.0
-109.0,-117.0,-1048.0
-42.0,93.0,-944.0
-146.0,283.0,-1235.0
203.0,203.0,-1108.0
-68.0,89.0,-985.0
-136.0,-273.0,-927.0
60.0,-310.0,-907.0
199.0,13.0,-897.0
-70.0,212.0,-1026.0
-232.0,105.0,-1251.0
-130.0,117.0,-1116.0
29.0,111.0,-1083.0
-78.0,203.0,-962.0
97.0,-169.0,-899.0
-222.0,-122.0,-1069.0
359.0,-97.0,-1015.0
-99.0,-66.0,-1056.0
-197.0,-25.0,-1073.0
-230.0,35.0,-952.0
201.0,491.0,-1061.0
-42.0,249.0,-1179.0
121.0,-89.0,-966.0
-302.0,-351.0,-985.0
427.0,-214.0,-733.0
-128.0,203.0,-1136.0
122.0,17.0,-950.0
-310.0,191.0,-1147.0
177.0,121.0,-1116.0
-29.0,13.0,-1200.0
68.0,39.0,-895.0
-156.0,-279.0,-909.0
322.0,0.0,-864.0
48.0,37.0,-1065.0
60.0,-25.0,-1056.0
-267.0,-60.0,-1001.0
212.0,-54.0,-1054.0
-165.0,347.0,-1067.0
212.0,218.0,-1003.0
-431.0,-162.0,-1073.0
363.0,-452.0,-802.0
-39.0,-70.0,-923.0
275.0,64.0,-903.0
-288.0,482.0,-1272.0
3.0,171.0,-1292.0
173.0,44.0,-1124.0
31.0,-267.0,-964.0
64.0,-365.0,-638.0
78.0,25.0,-796.0
-68.0,220.0,-1276.0
29.0,80.0,-1233.0
-482.0,-156.0,-1177.0
-101.0,-107.0,-767.0
-39.0,386.0,-966.0
-409.0,370.0,-1157.0
-48.0,-23.0,-958.0
-462.0,-245.0,-1081.0
107.0,-269.0,-903.0
-156.0,58.0,-962.0
-450.0,97.0,-989.0
-140.0,185.0,-1044.0
-429.0,349.0,-1301.0
-50.0,-52.0,-1040.0
-507.0,-83.0,-847.0
-126.0,-160.0,-837.0
-206.0,-62.0,-1026.0
-206.0,83.0,-1044.0
-318.0,-66.0,-1028.0
-411.0,163.0,-1097.0
-169.0,269.0,-1159.0
-353.0,216.0,-1077.0
-31.0,-101.0,-923.0
-376.0,-431.0,-929.0
273.0,-244.0,-860.0
-195.0,122.0,-1124.0
21.0,203.0,-1024.0
-448.0,101.0,-1108.0
-44.0,-17.0,-995.0
-158.0,154.0,-1153.0
0.0,27.0,-1007.0
-89.0,-163.0,-856.0
-1.0,-220.0,-907.0
-181.0,-13.0,-1067.0
46.0,0.0,-1036.0
-435.0,19.0,-1139.0
-40.0,60.0,-972.0
-107.0,230.0,-1104.0
-95.0,122.0,-1024.0
81.0,-128.0,-935.0
-171.0,-191.0,-999.0
197.0,-228.0,-999.0
-353.0,261.0,-1050.0
-80.0,11.0,-921.0
-255.0,204.0,-1087.0
7.0,160.0,-1202.0
7.0,93.0,-1087.0
-35.0,-62.0,-876.0
-97.0,-240.0,-917.0
39.0,-60.0,-935.0
-52.0,23.0,-1100.0
-107.0,113.0,-1034.0
9.0,140.0,-1061.0
-19.0,242.0,-1104.0
80.0,169.0,-1061.0
-23.0,-78.0,-989.0
-21.0,-306.0,-860.0
128.0,-46.0,-999.0
9.0,89.0,-1075.0
162.0,23.0,-979.0
-210.0,58.0,-999.0
220.0,78.0,-1011.0
-58.0,277.0,-1188.0
56.0,-58.0,-1100.0
-5.0,-181.0,-876.0
52.0,-132.0,-874.0
44.0,-68.0,-1034.0
103.0,23.0,-1042.0
-124.0,21.0,-1077.0
62.0,169.0,-1040.0
-58.0,363.0,-1200.0
-83.0,-48.0,-1108.0
-7.0,-242.0,-817.0
9.0,-183.0,-901.0
165.0,-44.0,-1020.0
42.0,173.0,-1071.0
-97.0,3.0,-1054.0
-50.0,128.0,-1032.0
-89.0,189.0,-1122.0
-44.0,183.0,-1147.0
-66.0,-117.0,-948.0
-72.0,-204.0,-915.0
29.0,-85.0,-950.0
56.0,85.0,-1061.0
-148.0,74.0,-1079.0
0.0,121.0,-1079.0
-181.0,339.0,-1153.0
11.0,130.0,-1034.0
-115.0,-72.0,-1011.0
21.0,-378.0,-901.0
175.0,-81.0,-901.0
-35.0,126.0,-1087.0
138.0,52.0,-989.0
-195.0,134.0,-1108.0
83.0,158.0,-1069.0
-44.0,163.0,-1079.0
9.0,-113.0,-948.0
50.0,-177.0,-884.0
175.0,-89.0,-968.0
105.0,-89.0,-981.0
56.0,-7.0,-968.0
-146.0,25.0,-1093.0
58.0,238.0,-1098.0
-181.0,322.0,-1122.0
54.0,-107.0,-993.0
-87.0,-253.0,-874.0
216.0,-263.0,-958.0
87.0,-11.0,-1018.0
21.0,115.0,-1005.0
-251.0,62.0,-1112.0
27.0,109.0,-1063.0
-177.0,177.0,-1128.0
78.0,7.0,-981.0
35.0,-154.0,-946.0
81.0,-191.0,-942.0
58.0,-60.0,-1011.0
-70.0,97.0,-1071.0
-140.0,-60.0,-1026.0
-142.0,177.0,-1009.0
-44.0,296.0,-1134.0
66.0,177.0,-1079.0
-107.0,-128.0,-970.0
103.0,-365.0,-894.0
87.0,-58.0,-991.0
-39.0,173.0,-1057.0
-11.0,117.0,-931.0
-187.0,119.0,-1034.0
158.0,165.0,-1112.0
52.0,181.0,-1192.0
247.0,-83.0,-886.0
-124.0,-175.0,-897.0
226.0,-113.0,-913.0
-44.0,17.0,-1065.0
44.0,19.0,-977.0
-54.0,50.0,-1071.0
130.0,240.0,-1114.0
5.0,306.0,-1073.0
80.0,-25.0,-985.0
-50.0,-353.0,-905.0
179.0,-183.0,-841.0
39.0,83.0,-1093.0
171.0,13.0,-1034.0
-156.0,103.0,-1091.0
31.0,48.0,-972.0
58.0,249.0,-1132.0
-27.0,74.0,-1073.0
40.0,-177.0,-954.0
5.0,-244.0,-936.0
58.0,-105.0,-954.0
54.0,60.0,-1022.0
-95.0,-31.0,-1057.0
33.0,201.0,-1081.0
-105.0,335.0,-1196.0
-89.0,140.0,-1114.0
-52.0,-187.0,-843.0
-31.0,-288.0,-917.0
183.0,-31.0,-1005.0
1.0,162.0,-1087.0
-80.0,29.0,-1054.0
-35.0,40.0,-1059.0
-64.0,286.0,-1141.0
37.0,222.0,-1042.0
9.0,-48.0,-948.0
-11.0,-277.0,-977.0
140.0,-74.0,-936.0
103.0,-5.0,-1015.0
-35.0,-29.0,-931.0
46.0,142.0,-1063.0
-7.0,308.0,-1255.0
5.0,218.0,-1089.0
-37.0,-19.0,-940.0
-7.0,-396.0,-825.0
238.0,-232.0,-899.0
60.0,42.0,-1087.0
183.0,95.0,-1093.0
-214.0,115.0,-1018.0
99.0,122.0,-1026.0
-87.0,247.0,-1153.0
35.0,-85.0,-989.0
15.0,-189.0,-819.0
154.0,-175.0,-981.0
193.0,-58.0,-1079.0
-15.0,-25.0,-1026.0
-103.0,-7.0,-1001.0
-46.0,148.0,-1061.0
-31.0,327.0,-1165.0
-35.0,146.0,-1134.0
-39.0,-163.0,-872.0
29.0,-316.0,-862.0
83.0,-255.0,-981.0
91.0,144.0,-1097.0
-244.0,138.0,-1139.0
44.0,249.0,-1042.0
-302.0,269.0,-1138.0
111.0,37.0,-977.0
-39.0,-187.0,-1036.0
105.0,-228.0,-921.0
70.0,11.0,-958.0
17.0,80.0,-1075.0
-111.0,11.0,-1028.0
-56.0,117.0,-1020.0
-68.0,244.0,-1141.0
83.0,181.0,-1079.0
7.0,-80.0,-966.0
60.0,-255.0,-933.0
273.0,-111.0,-888.0
-19.0,80.0,-1032.0
119.0,-13.0,-972.0
-236.0,140.0,-1095.0
152.0,242.0,-1038.0
-35.0,232.0,-1128.0
193.0,-117.0,-999.0
13.0,-298.0,-819.0
107.0,-46.0,-946.0
52.0,5.0,-1046.0
-29.0,46.0,-954.0
-117.0,-19.0,-1112.0
97.0,113.0,-1063.0
44.0,407.0,-1079.0
-25.0,3.0,-1052.0
1.0,-277.0,-899.0
37.0,-251.0,-933.0
42.0,-25.0,-1009.0
66.0,148.0,-1098.0
-259.0,-46.0,-1050.0
-21.0,91.0,-1044.0
-199.0,245.0,-1100.0
81.0,197.0,-1087.0
-226.0,-138.0,-991.0
-44.0,-275.0,-952.0
-154.0,-105.0,-958.0
-132.0,134.0,-993.0
-183.0,39.0,-1030.0
-337.0,93.0,-1040.0
-214.0,298.0,-1161.0
-445.0,122.0,-1157.0
-201.0,-81.0,-886.0
-667.0,-212.0,-868.0
-156.0,-54.0,-936.0
-610.0,91.0,-1069.0
-421.0,7.0,-911.0
-800.0,111.0,-1097.0
-714.0,78.0,-1143.0
-718.0,181.0,-1085.0
-737.0,23.0,-964.0
-722.0,-132.0,-897.0
-878.0,-89.0,-958.0
-804.0,-220.0,-1083.0
-892.0,7.0,-1018.0
-942.0,85.0,-1050.0
-1145.0,247.0,-1118.0
-946.0,156.0,-1098.0
-1149.0,13.0,-1143.0
-913.0,-185.0,-923.0
-964.0,-277.0,-866.0
-1061.0,3.0,-948.0
-810.0,5.0,-1128.0
-1266.0,35.0,-1132.0
-991.0,35.0,-983.0
-1352.0,72.0,-1136.0
-1016.0,48.0,-1169.0
-1095.0,105.0,-903.0
-1173.0,-87.0,-946.0
-1069.0,-240.0,-923.0
-1116.0,-130.0,-1145.0
-1290.0,9.0,-1054.0
-1145.0,183.0,-950.0
-1536.0,366.0,-1243.0
-1284.0,62.0,-1120.0
-1202.0,64.0,-979.0
-1409.0,-263.0,-870.0
-1089.0,-101.0,-860.0
-1452.0,-40.0,-1091.0
-1294.0,21.0,-985.0
-1469.0,134.0,-1048.0
-1551.0,146.0,-1124.0
-1134.0,62.0,-1063.0
-1401.0,126.0,-1015.0
-1024.0,-134.0,-782.0
-1329.0,13.0,-899.0
-1182.0,-212.0,-1071.0
-1290.0,-62.0,-1104.0
-1409.0,83.0,-1032.0
-1383.0,122.0,-1046.0
-1335.0,347.0,-1083.0
-1198.0,0.0,-1061.0
-1264.0,-46.0,-874.0
-1020.0,-257.0,-810.0
-1307.0,81.0,-1040.0
-909.0,-167.0,-1007.0
-1501.0,134.0,-1071.0
-1083.0,-3.0,-1056.0
-1298.0,-17.0,-1153.0
-960.0,117.0,-1106.0
-1098.0,-37.0,-933.0
-1136.0,-48.0,-749.0
-981.0,58.0,-1032.0
-874.0,-124.0,-1065.0
-974.0,-70.0,-1124.0
-724.0,154.0,-972.0
-866.0,279.0,-1118.0
-486.0,124.0,-1143.0
-646.0,-105.0,-1056.0
-238.0,-142.0,-821.0
-347.0,111.0,-915.0
-39.0,74.0,-1097.0
-304.0,81.0,-1216.0
-236.0,-78.0,-1052.0
-130.0,27.0,-1128.0
-169.0,366.0,-1192.0
-126.0,9.0,-858.0
-267.0,158.0,-856.0
-33.0,-242.0,-950.0
-197.0,232.0,-1003.0
126.0,-97.0,-936.0
-413.0,-66.0,-1067.0
290.0,13.0,-974.0
-292.0,146.0,-1132.0
238.0,111.0,-841.0
-232.0,3.0,-985.0
325.0,-103.0,-843.0
52.0,224.0,-1233.0
370.0,-302.0,-1042.0
-249.0,-5.0,-1022.0
136.0,-169.0,-968.0
-245.0,388.0,-1307.0
132.0,509.0,-882.0
-261.0,-5.0,-1013.0
247.0,-199.0,-888.0
-70.0,-429.0,-1005.0
191.0,-52.0,-1071.0
128.0,-40.0,-1038.0
66.0,226.0,-1093.0
413.0,40.0,-1087.0
324.0,228.0,-1118.0
484.0,44.0,-1087.0
388.0,-468.0,-1005.0
657.0,312.0,-915.0
577.0,-279.0,-1116.0
283.0,115.0,-952.0
390.0,115.0,-1186.0
-27.0,81.0,-1354.0
394.0,224.0,-1040.0
238.0,17.0,-884.0
548.0,-263.0,-843.0
396.0,76.0,-993.0
564.0,-372.0,-1048.0
165.0,99.0,-1069.0
603.0,316.0,-976.0
505.0,93.0,-1190.0
614.0,218.0,-1061.0
696.0,-372.0,-923.0
497.0,-181.0,-1018.0
956.0,-13.0,-977.0
345.0,-146.0,-1028.0
675.0,203.0,-854.0
126.0,19.0,-1071.0
569.0,441.0,-1136.0
365.0,-236.0,-1098.0
292.0,35.0,-985.0
593.0,-136.0,-792.0
236.0,21.0,-878.0
550.0,-17.0,-1026.0
312.0,-142.0,-1083.0
474.0,87.0,-1001.0
603.0,142.0,-976.0
675.0,-29.0,-1005.0
667.0,-171.0,-1110.0
464.0,3.0,-1018.0
720.0,-119.0,-962.0
474.0,216.0,-1102.0
640.0,-23.0,-1061.0
339.0,56.0,-931.0
568.0,93.0,-987.0
361.0,-25.0,-1235.0
528.0,130.0,-1132.0
409.0,-11.0,-938.0
452.0,40.0,-841.0
394.0,-83.0,-966.0
564.0,-1.0,-1077.0
439.0,-113.0,-1040.0
759.0,97.0,-1038.0
384.0,220.0,-1143.0
749.0,257.0,-1063.0
517.0,-146.0,-970.0
737.0,-136.0,-956.0
808.0,228.0,-856.0
616.0,70.0,-1089.0
854.0,54.0,-1100.0
431.0,-111.0,-1124.0
851.0,163.0,-919.0
394.0,-35.0,-1116.0
714.0,33.0,-1003.0
509.0,13.0,-970.0
534.0,-29.0,-911.0
601.0,290.0,-880.0
696.0,-23.0,-1052.0
564.0,-23.0,-1048.0
710.0,50.0,-987.0
470.0,165.0,-1163.0
802.0,-142.0,-1024.0
419.0,-119.0,-944.0
929.0,-31.0,-860.0
486.0,177.0,-1067.0
925.0,185.0,-983.0
431.0,-185.0,-1065.0
712.0,-169.0,-1139.0
372.0,267.0,-1163.0
706.0,119.0,-1024.0
493.0,-52.0,-929.0
790.0,-19.0,-944.0
591.0,-1.0,-1040.0
858.0,85.0,-1013.0
486.0,-185.0,-1063.0
817.0,-140.0,-1032.0
454.0,245.0,-1272.0
548.0,265.0,-1093.0
616.0,-115.0,-884.0
493.0,-283.0,-915.0
806.0,91.0,-976.0
517.0,400.0,-1116.0
751.0,35.0,-913.0
327.0,-101.0,-1093.0
534.0,-17.0,-1087.0
564.0,146.0,-1210.0
544.0,-11.0,-870.0
677.0,-113.0,-872.0
675.0,-25.0,-927.0
749.0,50.0,-1122.0
651.0,7.0,-1042.0
542.0,-242.0,-983.0
556.0,134.0,-1069.0
571.0,201.0,-1143.0
728.0,154.0,-1069.0
501.0,-210.0,-854.0
771.0,-19.0,-845.0
661.0,44.0,-1091.0
798.0,11.0,-1020.0
489.0,-130.0,-946.0
579.0,44.0,-976.0
552.0,171.0,-1192.0
732.0,-66.0,-1050.0
642.0,-181.0,-886.0
612.0,-134.0,-868.0
657.0,105.0,-1040.0
610.0,89.0,-1124.0
423.0,-115.0,-1026.0
435.0,-58.0,-1050.0
431.0,214.0,-1138.0
687.0,87.0,-1087.0
388.0,-91.0,-1007.0
568.0,-64.0,-866.0
431.0,160.0,-958.0
626.0,126.0,-1063.0
265.0,-91.0,-1073.0
335.0,-66.0,-1020.0
325.0,197.0,-1046.0
439.0,113.0,-1202.0
298.0,-124.0,-993.0
325.0,-148.0,-876.0
286.0,204.0,-964.0
388.0,130.0,-1077.0
185.0,11.0,-1018.0
115.0,-62.0,-1005.0
191.0,138.0,-1100.0
193.0,130.0,-1138.0
220.0,-81.0,-1007.0
42.0,-136.0,-860.0
372.0,58.0,-872.0
119.0,171.0,-1071.0
283.0,-54.0,-1050.0
-37.0,-101.0,-1007.0
249.0,60.0,-1003.0
44.0,146.0,-1147.0
310.0,95.0,-991.0
33.0,-103.0,-956.0
216.0,-60.0,-952.0
111.0,48.0,-1071.0
185.0,-83.0,-983.0
-15.0,-27.0,-977.0
193.0,9.0,-1079.0
25.0,179.0,-1227.0
199.0,-13.0,-997.0
-87.0,-230.0,-927.0
267.0,-179.0,-880.0
29.0,13.0,-1046.0
292.0,48.0,-1015.0
-128.0,-195.0,-1093.0
197.0,-101.0,-1003.0
-29.0,-35.0,-1161.0
126.0,-9.0,-1059.0
-58.0,-259.0,-1003.0
62.0,-163.0,-907.0
107.0,-60.0,-1067.0
76.0,-154.0,-1011.0
91.0,-308.0,-935.0
-66.0,-308.0,-976.0
140.0,-42.0,-1124.0
-7.0,-158.0,-1151.0
11.0,-320.0,-995.0
13.0,-409.0,-841.0
189.0,-310.0,-911.0
189.0,-279.0,-1038.0
40.0,-363.0,-999.0
21.0,-396.0,-1018.0
-44.0,-300.0,-1136.0
74.0,-290.0,-1087.0
33.0,-411.0,-974.0
42.0,-527.0,-847.0
156.0,-407.0,-968.0
33.0,-450.0,-1046.0
130.0,-603.0,-1040.0
-230.0,-661.0,-977.0
208.0,-542.0,-962.0
-115.0,-407.0,-1171.0
140.0,-614.0,-1046.0
-140.0,-655.0,-999.0
101.0,-677.0,-856.0
156.0,-501.0,-1009.0
-13.0,-468.0,-1059.0
37.0,-614.0,-1036.0
-242.0,-548.0,-1011.0
138.0,-609.0,-1081.0
-17.0,-447.0,-1161.0
113.0,-720.0,-944.0
-17.0,-650.0,-864.0
72.0,-569.0,-983.0
19.0,-519.0,-1063.0
-99.0,-681.0,-979.0
-3.0,-763.0,-995.0
-3.0,-640.0,-1095.0
121.0,-501.0,-1093.0
-31.0,-597.0,-1015.0
56.0,-720.0,-897.0
44.0,-488.0,-892.0
191.0,-380.0,-1040.0
21.0,-511.0,-1024.0
-5.0,-741.0,-1026.0
97.0,-638.0,-968.0
154.0,-370.0,-1093.0
189.0,-439.0,-1030.0
95.0,-591.0,-909.0
109.0,-605.0,-952.0
25.0,-530.0,-964.0
119.0,-392.0,-999.0
-35.0,-573.0,-1005.0
226.0,-409.0,-1018.0
-3.0,-464.0,-1132.0
56.0,-474.0,-1091.0
-99.0,-732.0,-921.0
81.0,-718.0,-833.0
93.0,-603.0,-1038.0
56.0,-532.0,-1067.0
46.0,-692.0,-1013.0
-21.0,-673.0,-1028.0
42.0,-359.0,-1100.0
11.0,-160.0,-1120.0
-68.0,-333.0,-1036.0
25.0,-415.0,-895.0
44.0,-392.0,-958.0
99.0,-308.0,-1050.0
-119.0,-353.0,-1089.0
-17.0,-402.0,-1048.0
-97.0,-335.0,-1089.0
-3.0,-232.0,-1089.0
-52.0,-534.0,-1013.0
-60.0,-667.0,-870.0
56.0,-655.0,-888.0
-7.0,-519.0,-1024.0
44.0,-507.0,-1015.0
-160.0,-661.0,-1089.0
105.0,-441.0,-1011.0
-175.0,-404.0,-1136.0
60.0,-257.0,-997.0
-44.0,-316.0,-952.0
126.0,-169.0,-895.0
76.0,-277.0,-1015.0
-1.0,-361.0,-1005.0
35.0,-431.0,-997.0
39.0,-390.0,-1122.0
-21.0,-441.0,-1095.0
25.0,-650.0,-929.0
-138.0,-706.0,-933.0
169.0,-784.0,-921.0
25.0,-673.0,-989.0
-1.0,-624.0,-1003.0
-179.0,-644.0,-1011.0
-21.0,-433.0,-972.0
-101.0,-312.0,-1190.0
-58.0,-347.0,-1087.0
-64.0,-525.0,-884.0
-21.0,-472.0,-911.0
83.0,-427.0,-1018.0
62.0,-605.0,-1001.0
-95.0,-839.0,-1015.0
-44.0,-886.0,-1042.0
37.0,-726.0,-1073.0
-54.0,-583.0,-1149.0
-134.0,-712.0,-962.0
44.0,-650.0,-847.0
-17.0,-486.0,-964.0
162.0,-351.0,-1097.0
-197.0,-681.0,-1007.0
-78.0,-732.0,-995.0
-109.0,-620.0,-1026.0
222.0,-689.0,-1100.0
-72.0,-689.0,-1042.0
132.0,-767.0,-876.0
-3.0,-556.0,-903.0
152.0,-554.0,-991.0
21.0,-624.0,-1093.0
11.0,-929.0,-995.0
89.0,-895.0,-968.0
42.0,-726.0,-1087.0
171.0,-776.0,-1071.0
-21.0,-720.0,-899.0
224.0,-663.0,-849.0
48.0,-384.0,-1063.0
187.0,-396.0,-1001.0
-95.0,-558.0,-1067.0
74.0,-657.0,-933.0
44.0,-681.0,-1069.0
91.0,-558.0,-1095.0
83.0,-776.0,-993.0
101.0,-534.0,-878.0
39.0,-456.0,-1024.0
103.0,-425.0,-1013.0
-162.0,-544.0,-956.0
105.0,-568.0,-1048.0
-101.0,-396.0,-1223.0
152.0,-400.0,-1059.0
-175.0,-366.0,-970.0
189.0,-495.0,-856.0
52.0,-372.0,-976.0
29.0,-132.0,-1022.0
-23.0,-232.0,-1095.0
-80.0,-318.0,-1052.0
19.0,-372.0,-1038.0
-7.0,-177.0,-1054.0
23.0,-245.0,-1015.0
33.0,-179.0,-938.0
25.0,-37.0,-1036.0
81.0,-74.0,-1009.0
-58.0,70.0,-979.0
54.0,-132.0,-1005.0
-35.0,-17.0,-1126.0
70.0,-25.0,-1085.0
-70.0,-21.0,-1056.0
15.0,-197.0,-929.0
103.0,-95.0,-954.0
97.0,11.0,-1040.0
99.0,-64.0,-1013.0
-101.0,-107.0,-979.0
111.0,-35.0,-1075.0
-138.0,113.0,-1179.0
107.0,76.0,-999.0
-201.0,165.0,-952.0
199.0,331.0,-931.0
7.0,253.0,-1015.0
87.0,140.0,-976.0
-220.0,-212.0,-1032.0
15.0,-7.0,-1067.0
-89.0,74.0,-1206.0
-58.0,156.0,-1134.0
-103.0,-87.0,-915.0
-19.0,-50.0,-923.0
0.0,-3.0,-983.0
19.0,105.0,-1042.0
-222.0,142.0,-1091.0
-56.0,210.0,-1042.0
-226.0,382.0,-1124.0
99.0,296.0,-1077.0
-222.0,173.0,-1018.0
203.0,134.0,-786.0
-119.0,230.0,-987.0
269.0,171.0,-1063.0
-242.0,-54.0,-1015.0
117.0,-101.0,-974.0
-179.0,81.0,-1163.0
132.0,130.0,-1054.0
-66.0,33.0,-987.0
-25.0,-109.0,-931.0
162.0,42.0,-905.0
33.0,169.0,-1013.0
132.0,130.0,-981.0
-204.0,165.0,-1007.0
46.0,245.0,-989.0
39.0,283.0,-1124.0
40.0,113.0,-1063.0
181.0,-17.0,-843.0
35.0,64.0,-903.0
273.0,42.0,-946.0
-103.0,31.0,-1048.0
44.0,-119.0,-1110.0
-124.0,3.0,-1067.0
107.0,236.0,-1028.0
-52.0,175.0,-1089.0
17.0,-7.0,-895.0
3.0,191.0,-919.0
50.0,378.0,-1020.0
37.0,382.0,-1116.0
-208.0,93.0,-962.0
83.0,150.0,-997.0
-152.0,366.0,-1104.0
208.0,322.0,-1100.0
-183.0,173.0,-1089.0
148.0,40.0,-907.0
-33.0,281.0,-974.0
163.0,331.0,-1024.0
-37.0,201.0,-1042.0
-72.0,386.0,-1091.0
40.0,482.0,-1186.0
-15.0,550.0,-1167.0
46.0,343.0,-913.0
-35.0,419.0,-905.0
203.0,519.0,-956.0
56.0,589.0,-1056.0
68.0,437.0,-1093.0
-66.0,162.0,-1100.0
140.0,390.0,-1040.0
3.0,380.0,-1163.0
81.0,421.0,-1009.0
58.0,327.0,-940.0
5.0,431.0,-1030.0
249.0,491.0,-997.0
-91.0,677.0,-1040.0
169.0,538.0,-987.0
-113.0,716.0,-1136.0
76.0,675.0,-1110.0
-33.0,560.0,-1065.0
-40.0,482.0,-858.0
238.0,509.0,-884.0
33.0,675.0,-1114.0
193.0,554.0,-1011.0
-257.0,355.0,-1015.0
52.0,413.0,-1112.0
-119.0,472.0,-1260.0
48.0,609.0,-1013.0
-148.0,591.0,-886.0
52.0,679.0,-931.0
76.0,726.0,-1065.0
-17.0,632.0,-1052.0
-126.0,569.0,-1007.0
-173.0,597.0,-1056.0
21.0,726.0,-1145.0
-144.0,733.0,-1141.0
-13.0,601.0,-903.0
-107.0,607.0,-933.0
83.0,612.0,-944.0
81.0,609.0,-1050.0
-111.0,581.0,-1073.0
3.0,450.0,-1042.0
-183.0,642.0,-1102.0
103.0,634.0,-1122.0
-124.0,538.0,-1007.0
89.0,507.0,-872.0
48.0,771.0,-952.0
158.0,700.0,-1138.0
-31.0,599.0,-952.0
-58.0,488.0,-981.0
-44.0,599.0,-1102.0
87.0,603.0,-1130.0
-7.0,521.0,-985.0
19.0,458.0,-901.0
148.0,585.0,-927.0
99.0,739.0,-1052.0
148.0,480.0,-1007.0
-292.0,413.0,-1024.0
181.0,421.0,-1024.0
-185.0,636.0,-1290.0
236.0,433.0,-1059.0
-179.0,419.0,-888.0
105.0,527.0,-890.0
91.0,642.0,-1009.0
64.0,710.0,-1089.0
-66.0,447.0,-1030.0
-124.0,437.0,-1026.0
-7.0,493.0,-1126.0
-111.0,519.0,-1188.0
80.0,349.0,-968.0
-25.0,448.0,-833.0
220.0,714.0,-1015.0
39.0,692.0,-1138.0
119.0,466.0,-1024.0
-95.0,411.0,-1038.0
138.0,575.0,-1093.0
275.0,724.0,-1149.0
72.0,466.0,-1071.0
478.0,441.0,-823.0
95.0,532.0,-985.0
714.0,581.0,-1040.0
128.0,521.0,-1108.0
447.0,443.0,-952.0
132.0,519.0,-1139.0
605.0,536.0,-1161.0
499.0,509.0,-1063.0
462.0,437.0,-833.0
700.0,591.0,-862.0
517.0,568.0,-1083.0
732.0,618.0,-1106.0
365.0,394.0,-1028.0
784.0,562.0,-1036.0
484.0,655.0,-1097.0
1136.0,513.0,-991.0
353.0,355.0,-1018.0
995.0,279.0,-804.0
583.0,554.0,-1108.0
1063.0,548.0,-1007.0
507.0,573.0,-1087.0
706.0,478.0,-964.0
720.0,478.0,-1147.0
720.0,509.0,-1155.0
786.0,421.0,-981.0
653.0,532.0,-827.0
568.0,607.0,-1013.0
671.0,429.0,-952.0
296.0,472.0,-1079.0
491.0,415.0,-1030.0
310.0,552.0,-1221.0
447.0,337.0,-1085.0
50.0,242.0,-1007.0
281.0,380.0,-808.0
197.0,458.0,-1024.0
234.0,540.0,-1050.0
29.0,144.0,-1042.0
117.0,298.0,-1059.0
60.0,374.0,-1214.0
203.0,249.0,-1175.0
-13.0,288.0,-962.0
83.0,320.0,-913.0
249.0,536.0,-983.0
210.0,347.0,-1032.0
58.0,335.0,-1005.0
-68.0,68.0,-1026.0
212.0,242.0,-1073.0
70.0,238.0,-1188.0
201.0,48.0,-1048.0
-29.0,27.0,-892.0
247.0,277.0,-929.0
126.0,347.0,-997.0
267.0,60.0,-1022.0
-134.0,-87.0,-1065.0
279.0,64.0,-1042.0
17.0,247.0,-1274.0
240.0,68.0,-1056.0
-66.0,70.0,-985.0
224.0,195.0,-823.0
138.0,259.0,-1057.0
66.0,62.0,-1048.0
-56.0,-146.0,-964.0
23.0,81.0,-1104.0
-93.0,66.0,-1239.0
150.0,105.0,-974.0
-232.0,25.0,-884.0
95.0,23.0,-919.0
-50.0,128.0,-1026.0
91.0,199.0,-1026.0
-195.0,35.0,-1026.0
-37.0,9.0,-1022.0
-132.0,103.0,-1108.0
13.0,197.0,-1097.0
-66.0,46.0,-917.0
-58.0,7.0,-839.0
-191.0,183.0,-1042.0
-99.0,83.0,-997.0
-300.0,35.0,-979.0
-450.0,-107.0,-972.0
-275.0,138.0,-1005.0
-566.0,181.0,-1173.0
-419.0,99.0,-970.0
-548.0,-33.0,-882.0
-554.0,58.0,-856.0
-659.0,216.0,-1079.0
-566.0,134.0,-954.0
-808.0,0.0,-962.0
-663.0,212.0,-1063.0
-839.0,158.0,-1225.0
-577.0,40.0,-1034.0
-817.0,171.0,-892.0
-435.0,83.0,-849.0
-761.0,253.0,-1102.0
-521.0,70.0,-1071.0
-747.0,91.0,-1063.0
-409.0,23.0,-1050.0
-689.0,279.0,-1151.0
-283.0,251.0,-1034.0
-607.0,101.0,-1048.0
-277.0,91.0,-858.0
-466.0,218.0,-1013.0
-113.0,236.0,-1028.0
-538.0,255.0,-1157.0
-261.0,62.0,-1026.0
-460.0,261.0,-1087.0
-85.0,423.0,-1050.0
-322.0,122.0,-1186.0
-37.0,-7.0,-858.0
-392.0,234.0,-1028.0
-64.0,325.0,-983.0
-218.0,152.0,-1097.0
-265.0,76.0,-985.0
-162.0,247.0,-1083.0
-189.0,279.0,-1177.0
-158.0,255.0,-997.0
-253.0,152.0,-933.0
-91.0,220.0,-866.0
-148.0,286.0,-1028.0
-165.0,175.0,-1011.0
-85.0,7.0,-1034.0
-162.0,201.0,-1011.0
-169.0,331.0,-1116.0
-5.0,222.0,-1005.0
-191.0,83.0,-925.0
70.0,35.0,-903.0
-93.0,222.0,-1018.0
23.0,148.0,-1020.0
-298.0,107.0,-1026.0
58.0,19.0,-991.0
-156.0,238.0,-1173.0
-29.0,169.0,-1110.0
-128.0,-44.0,-979.0
-101.0,66.0,-888.0
-58.0,140.0,-1003.0
0.0,115.0,-1034.0
-197.0,-44.0,-1065.0
-85.0,29.0,-1018.0
-95.0,191.0,-1202.0
-95.0,93.0,-1085.0
-179.0,35.0,-997.0
-31.0,-39.0,-897.0
11.0,115.0,-987.0
-5.0,58.0,-1069.0
-76.0,-138.0,-1036.0
-35.0,-31.0,-1052.0
-83.0,160.0,-1112.0
93.0,175.0,-1155.0
-165.0,-81.0,-979.0
5.0,-83.0,-942.0
19.0,35.0,-915.0
193.0,9.0,-974.0
-105.0,46.0,-1054.0
115.0,-23.0,-1057.0
-121.0,136.0,-1063.0
52.0,68.0,-1067.0
-1.0,-97.0,-964.0
13.0,-216.0,-886.0
165.0,35.0,-1001.0
39.0,97.0,-1056.0
218.0,-126.0,-987.0
-296.0,-222.0,-952.0
275.0,48.0,-1040.0
-183.0,279.0,-1220.0
132.0,-64.0,-1032.0
-150.0,-181.0,-956.0
115.0,-128.0,-899.0
187.0,134.0,-999.0
-21.0,0.0,-1040.0
-35.0,-263.0,-966.0
-218.0,-11.0,-1075.0
89.0,128.0,-1186.0
-62.0,78.0,-1108.0
-58.0,-218.0,-880.0
52.0,-107.0,-897.0
-7.0,91.0,-1011.0
101.0,99.0,-1102.0
-191.0,-70.0,-993.0
-9.0,-68.0,-1032.0
-152.0,142.0,-1069.0
54.0,245.0,-1188.0
-62.0,-62.0,-981.0
-17.0,-171.0,-888.0
-21.0,62.0,-966.0
74.0,169.0,-1075.0
-27.0,19.0,-987.0
-163.0,-62.0,-1005.0
-17.0,40.0,-1052.0
-15.0,230.0,-1075.0
60.0,150.0,-1081.0
-15.0,-142.0,-911.0
15.0,42.0,-878.0
37.0,93.0,-1036.0
27.0,183.0,-1003.0
-95.0,-23.0,-979.0
21.0,154.0,-1081.0
-103.0,171.0,-1141.0
132.0,134.0,-974.0
-193.0,-15.0,-966.0
257.0,-17.0,-864.0
-109.0,259.0,-1038.0
195.0,91.0,-997.0
-185.0,97.0,-1071.0
111.0,-7.0,-968.0
-95.0,263.0,-1124.0
50.0,201.0,-1042.0
-60.0,58.0,-999.0
-15.0,50.0,-909.0
54.0,13.0,-1022.0
1.0,179.0,-977.0
-107.0,66.0,-1044.0
44.0,103.0,-1048.0
-156.0,230.0,-1184.0
39.0,216.0,-1089.0
-148.0,40.0,-1001.0
132.0,-48.0,-884.0
40.0,175.0,-979.0
132.0,187.0,-1065.0
-115.0,95.0,-1030.0
-78.0,78.0,-1042.0
-11.0,122.0,-1161.0
-13.0,140.0,-1059.0
44.0,74.0,-974.0
-103.0,9.0,-944.0
244.0,1.0,-962.0
-62.0,80.0,-1046.0
93.0,0.0,-987.0
-150.0,48.0,-1042.0
3.0,189.0,-1048.0
60.0,146.0,-1098.0
-11.0,81.0,-1011.0
56.0,-167.0,-942.0
126.0,9.0,-882.0
95.0,70.0,-1050.0
0.0,15.0,-1032.0
-99.0,-56.0,-1050.0
33.0,-76.0,-993.0
48.0,154.0,-1114.0
76.0,-83.0,-1095.0
-68.0,-105.0,-966.0
-33.0,-48.0,-950.0
81.0,31.0,-968.0
81.0,19.0,-1056.0
-113.0,-187.0,-999.0
33.0,-50.0,-1050.0
-81.0,31.0,-1116.0
33.0,103.0,-1108.0
-138.0,-162.0,-1038.0
25.0,-76.0,-923.0
0.0,48.0,-972.0
109.0,-52.0,-972.0
-58.0,-191.0,-1067.0
-48.0,-99.0,-1095.0
-29.0,203.0,-1116.0
33.0,101.0,-1087.0
-66.0,-42.0,-956.0
42.0,-286.0,-966.0
87.0,-48.0,-942.0
162.0,68.0,-983.0
29.0,11.0,-997.0
-15.0,-124.0,-1079.0
-29.0,60.0,-1073.0
37.0,56.0,-1102.0
-31.0,-124.0,-972.0
54.0,-142.0,-911.0
50.0,37.0,-974.0
245.0,-19.0,-1026.0
-89.0,-60.0,-1020.0
93.0,-191.0,-948.0
-39.0,83.0,-1071.0
-23.0,208.0,-1151.0
52.0,19.0,-1065.0
-119.0,-230.0,-897.0
230.0,-136.0,-886.0
25.0,119.0,-1079.0
158.0,-21.0,-1018.0
-259.0,-23.0,-956.0
-7.0,33.0,-1083.0
-23.0,103.0,-1198.0
3.0,81.0,-1063.0
5.0,-128.0,-845.0
-46.0,-7.0,-921.0
107.0,58.0,-1095.0
-81.0,150.0,-1081.0
7.0,-80.0,-993.0
-220.0,-21.0,-1005.0
50.0,185.0,-1057.0
0.0,290.0,-1169.0
-70.0,-21.0,-1040.0
33.0,-87.0,-880.0
-29.0,83.0,-931.0
269.0,142.0,-1034.0
-163.0,171.0,-1052.0
7.0,-42.0,-1059.0
-144.0,115.0,-1054.0
140.0,232.0,-1069.0
95.0,64.0,-1052.0
52.0,-29.0,-897.0
97.0,42.0,-962.0
21.0,171.0,-970.0
44.0,119.0,-1059.0
-83.0,-15.0,-1018.0
72.0,171.0,-1098.0
-52.0,122.0,-1067.0
132.0,191.0,-1020.0
-83.0,-72.0,-1003.0
158.0,-1.0,-890.0
-29.0,150.0,-1042.0
64.0,115.0,-985.0
-52.0,-42.0,-1056.0
-48.0,80.0,-1052.0
-19.0,169.0,-1112.0
-21.0,163.0,-1075.0
-66.0,-113.0,-981.0
154.0,-124.0,-895.0
19.0,191.0,-1001.0
39.0,89.0,-1069.0
-175.0,-19.0,-995.0
-76.0,-23.0,-1001.0
21.0,138.0,-1167.0
-23.0,163.0,-1134.0
13.0,-107.0,-944.0
-56.0,39.0,-921.0
107.0,-52.0,-962.0
27.0,165.0,-1093.0
-140.0,-52.0,-1048.0
37.0,-62.0,-1040.0
-195.0,144.0,-1122.0
203.0,136.0,-1057.0
-140.0,105.0,-1030.0
183.0,-158.0,-862.0
13.0,-1.0,-956.0
154.0,-40.0,-1040.0
54.0,-37.0,-1042.0
-117.0,42.0,-1022.0
52.0,87.0,-1038.0
7.0,89.0,-1071.0
91.0,-126.0,-1071.0
74.0,-201.0,-903.0
175.0,-54.0,-894.0
81.0,60.0,-1036.0
37.0,23.0,-993.0
-117.0,-183.0,-1044.0
-3.0,-44.0,-1040.0
44.0,78.0,-1134.0
87.0,-15.0,-983.0
-48.0,-197.0,-1003.0
93.0,-93.0,-894.0
31.0,17.0,-1018.0
35.0,-46.0,-1026.0
-212.0,-183.0,-1044.0
54.0,-29.0,-1067.0
-232.0,121.0,-1095.0
263.0,35.0,-995.0
-177.0,-126.0,-1048.0
173.0,-181.0,-954.0
-19.0,-11.0,-983.0
46.0,29.0,-987.0
-162.0,-140.0,-1063.0
-83.0,29.0,-1085.0
9.0,128.0,-1091.0
17.0,177.0,-1069.0
-27.0,-163.0,-1009.0
-31.0,-122.0,-974.0
-7.0,91.0,-981.0
93.0,33.0,-1028.0
-105.0,21.0,-987.0
52.0,-124.0,-1028.0
-44.0,216.0,-1095.0
158.0,117.0,-1106.0
-9.0,-27.0,-1007.0
72.0,-169.0,-868.0
173.0,81.0,-993.0
29.0,187.0,-1079.0
121.0,-31.0,-919.0
-197.0,-117.0,-987.0
203.0,80.0,-1085.0
-1.0,269.0,-1208.0
173.0,25.0,-983.0
-40.0,-122.0,-870.0
103.0,29.0,-931.0
121.0,17.0,-1056.0
0.0,81.0,-1020.0
-74.0,-85.0,-1026.0
-33.0,87.0,-1059.0
39.0,228.0,-1087.0
31.0,103.0,-1147.0
-101.0,-134.0,-884.0
-21.0,-50.0,-919.0
-5.0,169.0,-1028.0
128.0,122.0,-1124.0
-265.0,-35.0,-1011.0
-1.0,-76.0,-952.0
-150.0,181.0,-1118.0
152.0,251.0,-1136.0
-136.0,109.0,-1056.0
17.0,-126.0,-868.0
44.0,-19.0,-933.0
74.0,163.0,-1011.0
17.0,23.0,-1056.0
-93.0,70.0,-1048.0
-66.0,216.0,-1171.0
-35.0,195.0,-1067.0
31.0,-27.0,-954.0
-13.0,-148.0,-921.0
171.0,76.0,-938.0
17.0,195.0,-1007.0
99.0,-17.0,-1069.0
-169.0,0.0,-1040.0
130.0,11.0,-995.0
-126.0,238.0,-1130.0
140.0,17.0,-1007.0
-3.0,-40.0,-952.0
107.0,-89.0,-964.0
97.0,-7.0,-929.0
33.0,27.0,-1048.0
-42.0,-58.0,-1030.0
-50.0,119.0,-1079.0
-19.0,134.0,-1063.0
-35.0,81.0,-1067.0
-9.0,-230.0,-940.0
144.0,-160.0,-880.0
25.0,99.0,-1042.0
115.0,39.0,-1032.0
-218.0,-101.0,-991.0
0.0,-27.0,-1081.0
-152.0,48.0,-1147.0
177.0,80.0,-1052.0
-210.0,-56.0,-946.0
238.0,-87.0,-921.0
-150.0,-17.0,-1040.0
224.0,-25.0,-1015.0
-310.0,-87.0,-1073.0
111.0,-46.0,-1003.0
-136.0,167.0,-1139.0
40.0,107.0,-1069.0
13.0,-87.0,-999.0
-66.0,-101.0,-946.0
177.0,-80.0,-974.0
13.0,33.0,-1036.0
-39.0,-27.0,-1009.0
-19.0,-58.0,-1038.0
-23.0,160.0,-1044.0
156.0,35.0,-1112.0
-72.0,13.0,-1013.0
162.0,-214.0,-892.0
-15.0,44.0,-964.0
244.0,19.0,-1071.0
-46.0,-52.0,-993.0
23.0,-64.0,-913.0
-37.0,52.0,-1145.0
132.0,169.0,-1091.0
39.0,21.0,-1063.0
-58.0,-175.0,-899.0
230.0,-158.0,-911.0
-42.0,144.0,-1015.0
210.0,19.0,-1003.0
-220.0,-93.0,-1093.0
3.0,-68.0,-946.0
3.0,249.0,-1128.0
31.0,83.0,-1114.0
81.0,-187.0,-938.0
-95.0,5.0,-892.0
132.0,-29.0,-981.0
-37.0,58.0,-1056.0
-70.0,-1.0,-1048.0
-81.0,25.0,-1077.0
37.0,154.0,-1083.0
-58.0,160.0,-1132.0
-15.0,-64.0,-993.0
-76.0,-72.0,-886.0
72.0,89.0,-942.0
29.0,189.0,-1132.0
-17.0,-101.0,-1024.0
-64.0,-35.0,-987.0
-50.0,154.0,-1032.0
187.0,255.0,-1063.0
-144.0,122.0,-1108.0
117.0,-140.0,-958.0
-87.0,42.0,-888.0
177.0,15.0,-942.0
31.0,68.0,-1030.0
-15.0,-23.0,-1126.0
95.0,212.0,-1054.0
-117.0,302.0,-1114.0
183.0,-62.0,-972.0
-197.0,-124.0,-983.0
255.0,-87.0,-892.0
15.0,183.0,-995.0
220.0,23.0,-1036.0
-138.0,-50.0,-1061.0
81.0,33.0,-1001.0
-136.0,148.0,-1136.0
9.0,91.0,-1056.0
-56.0,-70.0,-958.0
27.0,-31.0,-909.0
126.0,33.0,-1032.0
19.0,-40.0,-1001.0
-58.0,-66.0,-952.0
-29.0,40.0,-1175.0
-156.0,284.0,-1221.0
-44.0,128.0,-1054.0
-158.0,-83.0,-895.0
68.0,-290.0,-935.0
87.0,31.0,-1040.0
80.0,158.0,-1081.0
-58.0,-3.0,-976.0
-175.0,13.0,-1030.0
-29.0,87.0,-1200.0
-91.0,154.0,-1073.0
27.0,-85.0,-895.0
-15.0,-107.0,-942.0
126.0,37.0,-1042.0
117.0,48.0,-1001.0
-48.0,-19.0,-1001.0
15.0,-80.0,-1015.0
-91.0,181.0,-1061.0
175.0,144.0,-1157.0
-142.0,17.0,-1034.0
206.0,-181.0,-823.0
48.0,-76.0,-940.0
298.0,13.0,-1056.0
-58.0,58.0,-1050.0
3.0,-76.0,-907.0
-101.0,81.0,-1034.0
109.0,81.0,-1163.0
-23.0,-7.0,-1143.0
95.0,-175.0,-786.0
-1.0,-27.0,-911.0
163.0,17.0,-1046.0
3.0,-9.0,-1077.0
-128.0,-105.0,-944.0
-70.0,15.0,-1063.0
-37.0,175.0,-1184.0
80.0,46.0,-1028.0
-64.0,-87.0,-974.0
31.0,-119.0,-888.0
74.0,-29.0,-974.0
33.0,21.0,-1104.0
-64.0,-56.0,-1079.0
-115.0,54.0,-1030.0
-56.0,160.0,-1013.0
103.0,105.0,-1085.0
-103.0,-9.0,-1073.0
148.0,-187.0,-977.0
-91.0,0.0,-927.0
130.0,54.0,-919.0
-87.0,35.0,-1114.0
0.0,15.0,-1061.0
-29.0,158.0,-1042.0
11.0,171.0,-1132.0
60.0,-111.0,-1007.0
-5.0,-44.0,-886.0
152.0,60.0,-923.0
148.0,64.0,-1100.0
37.0,19.0,-976.0
13.0,-121.0,-1026.0
7.0,148.0,-1057.0
64.0,169.0,-1108.0
-3.0,142.0,-1032.0
31.0,-220.0,-976.0
89.0,-48.0,-925.0
74.0,132.0,-952.0
144.0,0.0,-1026.0
-212.0,-78.0,-1032.0
50.0,42.0,-1061.0
-70.0,310.0,-1120.0
37.0,11.0,-1050.0
-19.0,-189.0,-936.0
17.0,-60.0,-892.0
107.0,52.0,-993.0
-29.0,122.0,-1065.0
-25.0,-95.0,-1087.0
-152.0,48.0,-1056.0
35.0,154.0,-1013.0
1.0,162.0,-1130.0
-76.0,-117.0,-1034.0
83.0,-160.0,-892.0
-58.0,115.0,-983.0
150.0,76.0,-1077.0
-244.0,11.0,-981.0
78.0,-78.0,-1026.0
-177.0,138.0,-1108.0
95.0,275.0,-1067.0
9.0,-7.0,-1057.0
-76.0,-117.0,-954.0
187.0,-78.0,-884.0
-31.0,62.0,-1003.0
179.0,-15.0,-995.0
-185.0,11.0,-1108.0
158.0,228.0,-1085.0
-103.0,119.0,-1120.0
138.0,17.0,-909.0
-27.0,-267.0,-977.0
226.0,27.0,-964.0
134.0,46.0,-1007.0
208.0,52.0,-954.0
40.0,-124.0,-1083.0
183.0,25.0,-993.0
228.0,236.0,-1108.0
171.0,-9.0,-1104.0
335.0,-68.0,-909.0
220.0,-154.0,-950.0
511.0,-68.0,-940.0
322.0,33.0,-1093.0
394.0,-72.0,-995.0
390.0,72.0,-1073.0
257.0,197.0,-1138.0
468.0,35.0,-1075.0
232.0,-146.0,-970.0
679.0,-122.0,-837.0
429.0,39.0,-1087.0
548.0,78.0,-997.0
119.0,-35.0,-1003.0
378.0,-44.0,-1040.0
109.0,111.0,-1208.0
302.0,81.0,-991.0
101.0,11.0,-921.0
279.0,-48.0,-868.0
232.0,70.0,-1011.0
158.0,46.0,-1052.0
54.0,-119.0,-1005.0
-136.0,23.0,-1003.0
111.0,179.0,-1106.0
-64.0,208.0,-1157.0
62.0,-19.0,-925.0
-58.0,-113.0,-935.0
169.0,-101.0,-972.0
218.0,93.0,-1024.0
-76.0,119.0,-1026.0
31.0,-124.0,-1042.0
-228.0,72.0,-1056.0
230.0,99.0,-1155.0
-25.0,54.0,-1098.0
222.0,-163.0,-825.0
58.0,5.0,-884.0
201.0,101.0,-1087.0
156.0,-68.0,-1085.0
-140.0,-25.0,-995.0
132.0,-54.0,-1054.0
-48.0,165.0,-1147.0
296.0,136.0,-1071.0
-111.0,-124.0,-1013.0
322.0,-167.0,-841.0
1.0,35.0,-1059.0
283.0,130.0,-1048.0
-175.0,-144.0,-1048.0
1.0,70.0,-974.0
-101.0,58.0,-1216.0
130.0,212.0,-1052.0
-33.0,-72.0,-958.0
80.0,-107.0,-872.0
-7.0,37.0,-987.0
44.0,81.0,-1048.0
-163.0,101.0,-1100.0
-80.0,-95.0,-1026.0
-126.0,142.0,-1018.0
72.0,150.0,-1065.0
-23.0,11.0,-1046.0
7.0,-103.0,-913.0
-13.0,7.0,-958.0
48.0,122.0,-1038.0
-25.0,29.0,-1001.0
-42.0,-23.0,-1009.0
-48.0,54.0,-1089.0
111.0,111.0,-1054.0
21.0,150.0,-1083.0
111.0,-169.0,-946.0
70.0,33.0,-903.0
64.0,-39.0,-1032.0
89.0,0.0,-997.0
-95.0,-76.0,-1018.0
165.0,60.0,-1056.0
-64.0,169.0,-1153.0
173.0,-35.0,-1003.0
-171.0,-85.0,-972.0
191.0,-101.0,-903.0
-1.0,101.0,-991.0
154.0,17.0,-1028.0
-177.0,-50.0,-1030.0
121.0,-19.0,-1024.0
-68.0,134.0,-1155.0
126.0,93.0,-1046.0
-128.0,-93.0,-968.0
85.0,-35.0,-897.0
-25.0,-21.0,-1081.0
50.0,42.0,-989.0
-128.0,-54.0,-1050.0
9.0,-1.0,-1040.0
-39.0,234.0,-1083.0
81.0,122.0,-1097.0
-134.0,-29.0,-979.0
62.0,-115.0,-929.0
-13.0,52.0,-1009.0
212.0,56.0,-1042.0
-119.0,62.0,-929.0
25.0,-7.0,-1044.0
-21.0,105.0,-1169.0
121.0,187.0,-1100.0
-1.0,-70.0,-989.0
44.0,-109.0,-854.0
128.0,-9.0,-974.0
132.0,97.0,-1032.0
81.0,25.0,-1108.0
-128.0,-130.0,-991.0
158.0,62.0,-993.0
27.0,173.0,-1126.0
150.0,146.0,-1048.0
-107.0,-158.0,-962.0
126.0,-183.0,-849.0
128.0,60.0,-999.0
119.0,29.0,-1026.0
-23.0,17.0,-1059.0
-58.0,-19.0,-1056.0
-3.0,162.0,-1106.0
9.0,-11.0,-1116.0
-48.0,-146.0,-894.0
144.0,-140.0,-847.0
39.0,42.0,-1009.0
109.0,175.0,-1108.0
-175.0,-60.0,-1085.0
-29.0,-7.0,-1028.0
-119.0,-29.0,-1132.0
-58.0,238.0,-1050.0
19.0,-37.0,-987.0
-15.0,-62.0,-931.0
29.0,-130.0,-976.0
21.0,5.0,-999.0
-177.0,132.0,-1067.0
-27.0,35.0,-1048.0
-132.0,271.0,-1143.0
-76.0,0.0,-1095.0
89.0,17.0,-938.0
-48.0,-169.0,-946.0
363.0,-81.0,-868.0
-58.0,206.0,-1116.0
169.0,17.0,-954.0
-245.0,99.0,-1026.0
105.0,-3.0,-1141.0
-56.0,95.0,-1134.0
140.0,25.0,-933.0
-58.0,-107.0,-895.0
281.0,-54.0,-880.0
58.0,-7.0,-1018.0
48.0,87.0,-948.0
-126.0,-1.0,-1100.0
40.0,119.0,-1005.0
-11.0,140.0,-1235.0
-25.0,-33.0,-954.0
91.0,-169.0,-884.0
132.0,-113.0,-915.0
163.0,50.0,-1100.0
66.0,25.0,-946.0
-271.0,42.0,-1015.0
3.0,21.0,-1124.0
-91.0,169.0,-1186.0
113.0,130.0,-1098.0
-152.0,-121.0,-942.0
97.0,-162.0,-862.0
-21.0,-103.0,-981.0
0.0,162.0,-1165.0
-163.0,17.0,-1087.0
-31.0,119.0,-940.0
-140.0,218.0,-1161.0
136.0,91.0,-1046.0
-76.0,23.0,-1048.0
-48.0,-312.0,-870.0
156.0,11.0,-944.0
-93.0,148.0,-1104.0
132.0,119.0,-981.0
-378.0,35.0,-1104.0
124.0,42.0,-954.0
-66.0,236.0,-1249.0
111.0,11.0,-1001.0
72.0,-124.0,-911.0
-44.0,-193.0,-839.0
156.0,-72.0,-966.0
-87.0,74.0,-1063.0
154.0,152.0,-1071.0
-103.0,134.0,-1112.0
242.0,97.0,-977.0
-109.0,-21.0,-1065.0
132.0,-208.0,-911.0
29.0,-91.0,-876.0
152.0,-21.0,-983.0
25.0,72.0,-1061.0
-64.0,13.0,-1056.0
44.0,-3.0,-1034.0
-52.0,195.0,-1114.0
72.0,60.0,-1052.0
-33.0,-21.0,-1030.0
27.0,-244.0,-954.0
128.0,-66.0,-853.0
42.0,-1.0,-970.0
-23.0,-29.0,-1163.0
-50.0,122.0,-1044.0
74.0,273.0,-1120.0
-247.0,140.0,-1177.0
158.0,-195.0,-872.0
-245.0,-150.0,-944.0
279.0,-162.0,-921.0
-76.0,162.0,-1028.0
119.0,160.0,-952.0
-165.0,99.0,-1206.0
-13.0,140.0,-1097.0
-74.0,58.0,-1134.0
-187.0,13.0,-1015.0
253.0,-189.0,-884.0
50.0,39.0,-897.0
222.0,-136.0,-1054.0
-52.0,-1.0,-985.0
11.0,97.0,-1116.0
-226.0,162.0,-1227.0
148.0,343.0,-987.0
-134.0,-66.0,-1067.0
126.0,-201.0,-860.0
189.0,-163.0,-929.0
156.0,-25.0,-977.0
56.0,40.0,-1020.0
-234.0,13.0,-974.0
42.0,162.0,-1216.0
-242.0,93.0,-1218.0
398.0,144.0,-856.0
-261.0,-154.0,-946.0
423.0,-247.0,-794.0
-152.0,-89.0,-1093.0
50.0,-23.0,-1063.0
-245.0,87.0,-1077.0
58.0,189.0,-1024.0
19.0,261.0,-1116.0
52.0,23.0,-989.0
-48.0,-95.0,-915.0
9.0,-173.0,-1042.0
-54.0,19.0,-1130.0
162.0,62.0,-962.0
-269.0,-173.0,-874.0
74.0,99.0,-981.0
-224.0,216.0,-1223.0
128.0,349.0,-1259.0
-269.0,-130.0,-1056.0
265.0,-220.0,-669.0
-242.0,-27.0,-999.0
351.0,13.0,-1061.0
-150.0,189.0,-1059.0
154.0,-27.0,-895.0
-163.0,253.0,-1130.0
238.0,39.0,-1126.0
-238.0,-1.0,-1194.0
132.0,-181.0,-800.0
81.0,-83.0,-921.0
169.0,91.0,-892.0
193.0,-31.0,-1024.0
-203.0,23.0,-1015.0
169.0,13.0,-1102.0
-218.0,316.0,-1249.0
117.0,111.0,-1116.0
-58.0,-204.0,-745.0
29.0,-74.0,-792.0
119.0,-156.0,-993.0
37.0,163.0,-1139.0
1.0,-1.0,-1114.0
29.0,52.0,-1011.0
-197.0,142.0,-1052.0
-5.0,208.0,-1011.0
-281.0,-119.0,-1087.0
263.0,-249.0,-890.0
-35.0,-76.0,-1095.0
306.0,-48.0,-952.0
-68.0,13.0,-989.0
-21.0,31.0,-1026.0
-132.0,337.0,-1177.0
-74.0,240.0,-1218.0
-107.0,-15.0,-1093.0
115.0,-261.0,-868.0
37.0,-273.0,-800.0
111.0,37.0,-817.0
-132.0,158.0,-1235.0
-152.0,189.0,-1251.0
0.0,402.0,-1177.0
-60.0,136.0,-1163.0
152.0,-351.0,-815.0
185.0,-324.0,-628.0
169.0,87.0,-927.0
226.0,31.0,-1110.0
-11.0,42.0,-1161.0
-296.0,-122.0,-1218.0
-355.0,464.0,-1155.0
265.0,-5.0,-847.0
11.0,-181.0,-938.0
163.0,-417.0,-853.0
193.0,52.0,-1026.0
-242.0,113.0,-1259.0
130.0,-19.0,-1061.0
-357.0,208.0,-1089.0
281.0,13.0,-854.0
-204.0,81.0,-1042.0
273.0,-230.0,-981.0
15.0,-242.0,-1184.0
222.0,76.0,-942.0
-13.0,124.0,-977.0
-308.0,31.0,-933.0
23.0,52.0,-1097.0
-257.0,224.0,-1300.0
288.0,19.0,-1057.0
-185.0,-158.0,-913.0
165.0,-302.0,-874.0
-58.0,1.0,-999.0
44.0,175.0,-1063.0
-281.0,42.0,-1032.0
-44.0,0.0,-1081.0
-146.0,177.0,-1130.0
130.0,284.0,-1073.0
-142.0,101.0,-1061.0
185.0,-136.0,-894.0
-107.0,-140.0,-1005.0
87.0,-39.0,-956.0
-33.0,-85.0,-1038.0
-91.0,0.0,-1046.0
175.0,324.0,-1056.0
-66.0,283.0,-1262.0
150.0,-40.0,-917.0
13.0,-208.0,-872.0
66.0,-181.0,-860.0
320.0,91.0,-1059.0
-95.0,68.0,-1038.0
156.0,13.0,-946.0
-165.0,169.0,-1155.0
222.0,101.0,-1118.0
-292.0,0.0,-1093.0
177.0,-160.0,-739.0
-150.0,-126.0,-1042.0
351.0,89.0,-872.0
83.0,-70.0,-1102.0
-146.0,-142.0,-979.0
121.0,183.0,-1044.0
-158.0,298.0,-1235.0
7.0,124.0,-1116.0
-169.0,-222.0,-849.0
58.0,-230.0,-899.0
87.0,-206.0,-1009.0
144.0,165.0,-948.0
-294.0,165.0,-1134.0
-91.0,191.0,-1171.0
-146.0,288.0,-1225.0
64.0,-17.0,-1057.0
-29.0,-193.0,-917.0
109.0,-185.0,-790.0
50.0,40.0,-1005.0
130.0,78.0,-1157.0
-146.0,-105.0,-1071.0
-74.0,121.0,-997.0
-142.0,185.0,-1108.0
177.0,327.0,-1042.0
-66.0,101.0,-1040.0
7.0,-244.0,-911.0
169.0,-103.0,-911.0
128.0,-93.0,-1087.0
66.0,101.0,-1018.0
-111.0,27.0,-931.0
-103.0,255.0,-1079.0
87.0,48.0,-1190.0
56.0,1.0,-1001.0
66.0,-195.0,-854.0
117.0,-103.0,-892.0
124.0,44.0,-1009.0
31.0,19.0,-1003.0
-132.0,33.0,-1073.0
23.0,17.0,-1056.0
-13.0,290.0,-1108.0
113.0,-7.0,-1018.0
-46.0,-208.0,-974.0
60.0,-93.0,-884.0
87.0,-81.0,-987.0
83.0,60.0,-1030.0
-185.0,-105.0,-1063.0
-58.0,105.0,-1063.0
-140.0,175.0,-1177.0
111.0,142.0,-1052.0
-144.0,-56.0,-1069.0
83.0,-226.0,-843.0
-44.0,-35.0,-917.0
107.0,-21.0,-1036.0
-191.0,-40.0,-1095.0
-21.0,64.0,-1097.0
-173.0,312.0,-1071.0
214.0,257.0,-1083.0
-251.0,-109.0,-1026.0
175.0,-183.0,-892.0
-37.0,-37.0,-966.0
249.0,56.0,-968.0
-93.0,17.0,-1030.0
-13.0,-1.0,-1052.0
-99.0,173.0,-1110.0
-11.0,187.0,-1112.0
-9.0,62.0,-987.0
58.0,-122.0,-862.0
80.0,7.0,-972.0
189.0,-140.0,-999.0
-19.0,-46.0,-915.0
-21.0,-39.0,-1054.0
7.0,206.0,-1134.0
-13.0,398.0,-1171.0
37.0,29.0,-977.0
-58.0,-156.0,-899.0
163.0,-302.0,-892.0
89.0,68.0,-1028.0
146.0,27.0,-1015.0
-171.0,-21.0,-966.0
-25.0,68.0,-1138.0
-99.0,154.0,-1182.0
107.0,197.0,-1026.0
-121.0,-163.0,-909.0
140.0,-136.0,-858.0
23.0,-40.0,-1069.0
158.0,31.0,-1011.0
-179.0,-37.0,-1134.0
-25.0,-74.0,-952.0
-101.0,394.0,-1149.0
-17.0,267.0,-1161.0
-119.0,-5.0,-962.0
23.0,-220.0,-917.0
48.0,-158.0,-981.0
232.0,13.0,-981.0
-179.0,-42.0,-1028.0
35.0,60.0,-1061.0
-181.0,288.0,-1159.0
160.0,230.0,-1136.0
-136.0,-74.0,-1050.0
105.0,-173.0,-798.0
64.0,-62.0,-929.0
257.0,29.0,-1057.0
21.0,21.0,-1036.0
-25.0,-58.0,-997.0
-89.0,181.0,-1120.0
81.0,162.0,-1145.0
42.0,124.0,-972.0
-70.0,-195.0,-960.0
185.0,-230.0,-860.0
105.0,29.0,-966.0
183.0,-83.0,-1038.0
-189.0,-31.0,-1075.0
27.0,78.0,-1001.0
-76.0,398.0,-1167.0
78.0,42.0,-1079.0
-31.0,-232.0,-868.0
37.0,-189.0,-892.0
158.0,-91.0,-983.0
107.0,111.0,-1032.0
-115.0,-85.0,-1108.0
-132.0,89.0,-1056.0
-76.0,179.0,-1194.0
-95.0,181.0,-1065.0
0.0,-119.0,-1030.0
29.0,-185.0,-839.0
95.0,-11.0,-995.0
68.0,13.0,-1089.0
-121.0,-23.0,-1052.0
-105.0,-13.0,-1071.0
-201.0,249.0,-1136.0
216.0,251.0,-1067.0
-242.0,97.0,-1073.0
220.0,-265.0,-892.0
-117.0,-162.0,-966.0
327.0,-42.0,-966.0
-130.0,42.0,-1052.0
-44.0,99.0,-987.0
-154.0,189.0,-1167.0
3.0,204.0,-1130.0
74.0,17.0,-1003.0
-17.0,-189.0,-868.0
222.0,-62.0,-895.0
66.0,-50.0,-1018.0
27.0,85.0,-1050.0
-156.0,-81.0,-1030.0
0.0,142.0,-1100.0
-54.0,163.0,-1122.0
130.0,154.0,-991.0
-54.0,-122.0,-952.0
191.0,-210.0,-860.0
68.0,48.0,-1048.0
78.0,-140.0,-1007.0
-138.0,44.0,-979.0
-105.0,42.0,-1032.0
56.0,253.0,-1192.0
-76.0,218.0,-1104.0
80.0,-222.0,-966.0
-62.0,-95.0,-853.0
165.0,-144.0,-977.0
-42.0,109.0,-1087.0
-89.0,-56.0,-1046.0
-199.0,124.0,-1042.0
13.0,214.0,-1102.0
48.0,201.0,-1175.0
-89.0,-48.0,-999.0
1.0,-183.0,-886.0
27.0,-5.0,-905.0
218.0,-35.0,-1097.0
-167.0,48.0,-968.0
68.0,-83.0,-1040.0
-228.0,288.0,-1095.0
247.0,238.0,-1149.0
-136.0,95.0,-1073.0
134.0,-181.0,-882.0
-27.0,-117.0,-907.0
214.0,-113.0,-987.0
-29.0,-25.0,-1077.0
-56.0,64.0,-997.0
46.0,245.0,-1050.0
-99.0,208.0,-1138.0
134.0,13.0,-1098.0
-103.0,-197.0,-923.0
130.0,-97.0,-835.0
122.0,-89.0,-960.0
193.0,72.0,-1001.0
-130.0,-56.0,-1071.0
19.0,64.0,-1005.0
-39.0,300.0,-1214.0
46.0,121.0,-1046.0
-99.0,-99.0,-948.0
70.0,-271.0,-856.0
83.0,-7.0,-1003.0
156.0,-66.0,-1007.0
-101.0,-152.0,-993.0
-83.0,119.0,-1095.0
-109.0,335.0,-1110.0
119.0,300.0,-1110.0
-210.0,-140.0,-997.0
132.0,-193.0,-944.0
-27.0,-163.0,-983.0
218.0,-7.0,-938.0
-232.0,-1.0,-1077.0
-39.0,33.0,-1106.0
-232.0,335.0,-1169.0
111.0,189.0,-1038.0
-119.0,-3.0,-1026.0
74.0,-238.0,-884.0
-52.0,-5.0,-958.0
275.0,-46.0,-1001.0
-107.0,-68.0,-1063.0
-44.0,-13.0,-938.0
17.0,242.0,-1059.0
58.0,314.0,-1145.0
74.0,40.0,-1054.0
-95.0,-177.0,-905.0
214.0,-310.0,-897.0
122.0,80.0,-981.0
185.0,-23.0,-1022.0
-140.0,-138.0,-958.0
-66.0,201.0,-1036.0
81.0,283.0,-1239.0
11.0,142.0,-1145.0
5.0,-214.0,-823.0
-48.0,-117.0,-839.0
111.0,-91.0,-1022.0
107.0,-17.0,-993.0
-169.0,-74.0,-1071.0
-113.0,29.0,-1054.0
-74.0,318.0,-1143.0
21.0,193.0,-1132.0
-74.0,-109.0,-952.0
-48.0,-171.0,-905.0
103.0,-132.0,-962.0
189.0,9.0,-1063.0
-117.0,-72.0,-997.0
17.0,70.0,-1007.0
-173.0,240.0,-1208.0
185.0,296.0,-1136.0
-244.0,15.0,-1067.0
134.0,-189.0,-819.0
-103.0,-181.0,-958.0
304.0,37.0,-1005.0
-134.0,3.0,-1067.0
19.0,-44.0,-985.0
-249.0,296.0,-1157.0
101.0,259.0,-1188.0
-148.0,130.0,-1034.0
165.0,-281.0,-837.0
33.0,-95.0,-925.0
275.0,25.0,-991.0
48.0,17.0,-1046.0
-142.0,-46.0,-1026.0
-15.0,64.0,-1056.0
-91.0,347.0,-1208.0
134.0,109.0,-1044.0
-66.0,-7.0,-894.0
122.0,-255.0,-886.0
187.0,-191.0,-1028.0
122.0,-1.0,-938.0
-187.0,-54.0,-976.0
48.0,263.0,-1056.0
-154.0,193.0,-1393.0
242.0,148.0,-899.0
-206.0,-78.0,-981.0
214.0,-314.0,-757.0
259.0,95.0,-1087.0
175.0,-95.0,-1009.0
-210.0,11.0,-1061.0
-146.0,-19.0,-876.0
160.0,353.0,-1309.0
-97.0,56.0,-1188.0
281.0,-21.0,-839.0
-378.0,-56.0,-979.0
388.0,-160.0,-895.0
-175.0,7.0,-1059.0
142.0,-199.0,-1020.0
-538.0,150.0,-1149.0
187.0,201.0,-1036.0
-189.0,372.0,-1200.0
52.0,-25.0,-1048.0
-173.0,-267.0,-890.0
230.0,1.0,-749.0
64.0,-89.0,-1097.0
103.0,-29.0,-985.0
-148.0,37.0,-1138.0
-1.0,199.0,-1003.0
39.0,236.0,-1188.0
23.0,1.0,-1056.0
-5.0,-76.0,-936.0
111.0,-146.0,-798.0
62.0,-19.0,-1028.0
220.0,-81.0,-1024.0
-300.0,-21.0,-1132.0
132.0,21.0,-956.0
-66.0,277.0,-1167.0
-58.0,267.0,-1100.0
119.0,-95.0,-929.0
-115.0,-152.0,-888.0
361.0,-269.0,-919.0
-31.0,37.0,-999.0
46.0,-52.0,-1046.0
-195.0,66.0,-1132.0
-95.0,333.0,-1139.0
101.0,124.0,-1077.0
-150.0,13.0,-985.0
203.0,-281.0,-858.0
48.0,-35.0,-936.0
89.0,-87.0,-1050.0
-242.0,-9.0,-1026.0
52.0,-17.0,-1175.0
-281.0,261.0,-1139.0
310.0,349.0,-907.0
-308.0,-5.0,-1114.0
204.0,-163.0,-856.0
60.0,-99.0,-913.0
169.0,-66.0,-1063.0
-52.0,-76.0,-1093.0
-189.0,89.0,-991.0
40.0,290.0,-1098.0
-89.0,191.0,-1169.0
189.0,87.0,-981.0
-167.0,-169.0,-1015.0
281.0,-40.0,-819.0
37.0,-19.0,-1018.0
107.0,-101.0,-958.0
-269.0,-62.0,-1106.0
247.0,232.0,-1013.0
-76.0,320.0,-1311.0
156.0,64.0,-915.0
-21.0,-103.0,-817.0
9.0,-238.0,-940.0
296.0,-101.0,-999.0
-58.0,17.0,-970.0
60.0,-35.0,-1040.0
-339.0,146.0,-1157.0
325.0,236.0,-976.0
-226.0,230.0,-1171.0
144.0,-234.0,-913.0
-60.0,-189.0,-929.0
111.0,-62.0,-964.0
281.0,-29.0,-1009.0
-296.0,-74.0,-1030.0
44.0,-46.0,-970.0
-185.0,370.0,-1145.0
253.0,193.0,-1216.0
-124.0,-11.0,-1083.0
-85.0,-247.0,-897.0
52.0,-99.0,-788.0
193.0,105.0,-1011.0
-97.0,-76.0,-1130.0
-154.0,72.0,-981.0
-44.0,308.0,-1151.0
-21.0,175.0,-1223.0
27.0,44.0,-997.0
-288.0,-124.0,-925.0
296.0,-95.0,-798.0
1.0,-3.0,-1112.0
160.0,-232.0,-966.0
-228.0,60.0,-1089.0
-74.0,238.0,-1054.0
181.0,284.0,-1247.0
-85.0,158.0,-995.0
109.0,-220.0,-800.0
-193.0,-83.0,-942.0
513.0,-214.0,-1030.0
-115.0,91.0,-1110.0
40.0,31.0,-942.0
-261.0,62.0,-1071.0
80.0,265.0,-1108.0
-7.0,134.0,-1091.0
-29.0,-50.0,-946.0
-17.0,-214.0,-972.0
183.0,9.0,-985.0
281.0,27.0,-946.0
-78.0,-214.0,-950.0
-226.0,130.0,-1083.0
68.0,236.0,-1220.0
-13.0,244.0,-1165.0
40.0,-253.0,-962.0
-148.0,-279.0,-769.0
255.0,-54.0,-958.0
91.0,60.0,-1020.0
214.0,54.0,-1011.0
-624.0,-74.0,-1173.0
279.0,152.0,-1048.0
-199.0,312.0,-1221.0
115.0,29.0,-964.0
-218.0,-218.0,-929.0
66.0,-238.0,-860.0
283.0,-13.0,-1030.0
-146.0,40.0,-1071.0
-25.0,54.0,-1108.0
-419.0,206.0,-1184.0
388.0,238.0,-977.0
-93.0,58.0,-989.0
-27.0,-193.0,-985.0
-52.0,-46.0,-864.0
370.0,-35.0,-1157.0
-15.0,-29.0,-1036.0
81.0,-97.0,-870.0
-378.0,238.0,-1052.0
244.0,189.0,-1132.0
35.0,331.0,-1104.0
-46.0,-162.0,-1169.0
-111.0,-283.0,-839.0
406.0,-74.0,-714.0
154.0,-165.0,-1034.0
-15.0,140.0,-927.0
-191.0,204.0,-1159.0
7.0,341.0,-1251.0
290.0,60.0,-1100.0
-220.0,-187.0,-876.0
222.0,-220.0,-689.0
7.0,-60.0,-1063.0
456.0,-95.0,-958.0
-224.0,-44.0,-1196.0
-247.0,35.0,-987.0
-46.0,224.0,-1212.0
-121.0,238.0,-1038.0
288.0,-89.0,-968.0
-448.0,-124.0,-921.0
499.0,-54.0,-845.0
-132.0,-44.0,-1161.0
234.0,-68.0,-976.0
-462.0,0.0,-1132.0
-37.0,318.0,-1003.0
212.0,411.0,-1180.0
-142.0,-124.0,-1059.0
284.0,-392.0,-753.0
-331.0,-76.0,-944.0
771.0,234.0,-960.0
-189.0,179.0,-1253.0
0.0,-214.0,-931.0
-284.0,160.0,-976.0
175.0,265.0,-1106.0
-44.0,212.0,-1290.0
-1.0,-380.0,-874.0
-134.0,-78.0,-925.0
302.0,-95.0,-870.0
169.0,103.0,-1009.0
-349.0,-15.0,-1118.0
-81.0,122.0,-1102.0
-93.0,472.0,-1118.0
335.0,19.0,-1034.0
-101.0,-115.0,-915.0
31.0,-257.0,-872.0
132.0,-85.0,-1005.0
245.0,76.0,-917.0
-144.0,-64.0,-1095.0
-376.0,165.0,-1061.0
294.0,146.0,-1106.0
-212.0,230.0,-1138.0
480.0,-193.0,-985.0
-454.0,-130.0,-854.0
511.0,-167.0,-884.0
-212.0,44.0,-1067.0
244.0,-76.0,-983.0
-530.0,-119.0,-1190.0
31.0,271.0,-1044.0
261.0,335.0,-1145.0
-111.0,119.0,-1001.0
42.0,-134.0,-890.0
-150.0,-203.0,-938.0
355.0,-130.0,-999.0
-193.0,-35.0,-1097.0
7.0,5.0,-1038.0
-491.0,251.0,-1120.0
261.0,347.0,-938.0
-37.0,126.0,-1214.0
33.0,-320.0,-915.0
115.0,-66.0,-909.0
78.0,-25.0,-972.0
244.0,15.0,-968.0
-378.0,-50.0,-1122.0
83.0,109.0,-1056.0
-54.0,329.0,-1202.0
343.0,72.0,-944.0
-81.0,-152.0,-981.0
56.0,-261.0,-786.0
306.0,9.0,-903.0
50.0,13.0,-1167.0
21.0,23.0,-1091.0
-329.0,60.0,-1032.0
279.0,212.0,-977.0
-40.0,210.0,-1056.0
187.0,-9.0,-903.0
-251.0,-240.0,-1065.0
251.0,-193.0,-936.0
70.0,19.0,-960.0
-160.0,-105.0,-1059.0
-189.0,150.0,-1018.0
44.0,181.0,-1274.0
208.0,284.0,-1116.0
72.0,-152.0,-854.0
-312.0,-206.0,-841.0
27.0,-136.0,-985.0
160.0,25.0,-1124.0
29.0,-19.0,-1005.0
-163.0,-1.0,-1075.0
-109.0,267.0,-1030.0
259.0,286.0,-1079.0
-363.0,138.0,-1122.0
169.0,-242.0,-944.0
-380.0,-160.0,-1079.0
741.0,-9.0,-935.0
-273.0,-87.0,-1056.0
197.0,1.0,-735.0
-519.0,169.0,-1136.0
517.0,423.0,-1251.0
-228.0,101.0,-1319.0
177.0,-224.0,-792.0
-245.0,-199.0,-751.0
370.0,-60.0,-849.0
140.0,212.0,-1136.0
-222.0,-66.0,-1184.0
-42.0,56.0,-987.0
-27.0,251.0,-1149.0
156.0,87.0,-1056.0
-138.0,-54.0,-960.0
-85.0,-226.0,-841.0
130.0,81.0,-974.0
240.0,-105.0,-1087.0
-7.0,1.0,-1110.0
-197.0,1.0,-1011.0
115.0,251.0,-1052.0
128.0,214.0,-1032.0
46.0,-46.0,-1065.0
-370.0,-136.0,-895.0
286.0,-339.0,-944.0
-101.0,-7.0,-989.0
267.0,-1.0,-976.0
-456.0,148.0,-1270.0
154.0,160.0,-1026.0
-60.0,300.0,-977.0
-5.0,37.0,-1065.0
-33.0,-296.0,-1007.0
-21.0,-23.0,-933.0
355.0,-29.0,-1069.0
72.0,-83.0,-954.0
-212.0,-121.0,-1026.0
-257.0,124.0,-1046.0
281.0,482.0,-1229.0
-210.0,122.0,-1259.0
138.0,-206.0,-804.0
-222.0,-167.0,-888.0
427.0,-119.0,-897.0
-85.0,124.0,-1054.0
-119.0,-76.0,-997.0
-279.0,234.0,-1260.0
81.0,296.0,-1161.0
193.0,247.0,-976.0
-5.0,-203.0,-790.0
42.0,-130.0,-880.0
99.0,-48.0,-1145.0
249.0,48.0,-1106.0
-273.0,-158.0,-1040.0
62.0,3.0,-749.0
-66.0,277.0,-1132.0
216.0,283.0,-1157.0
-5.0,50.0,-1141.0
-355.0,-376.0,-997.0
333.0,-163.0,-659.0
-37.0,130.0,-1038.0
230.0,35.0,-1071.0
-386.0,80.0,-1274.0
-101.0,17.0,-1091.0
322.0,37.0,-915.0
-269.0,17.0,-1157.0
255.0,-222.0,-767.0
-230.0,-48.0,-1153.0
177.0,-68.0,-991.0
56.0,3.0,-968.0
-366.0,29.0,-1036.0
-40.0,124.0,-1079.0
152.0,417.0,-1200.0
-136.0,-64.0,-1161.0
109.0,-140.0,-718.0
-343.0,-124.0,-860.0
386.0,-162.0,-1026.0
-165.0,93.0,-1161.0
-91.0,68.0,-1020.0
-13.0,83.0,-1011.0
-39.0,312.0,-1194.0
130.0,130.0,-989.0
-109.0,-11.0,-909.0
-23.0,-197.0,-880.0
269.0,-70.0,-995.0
169.0,152.0,-1079.0
-52.0,-222.0,-1059.0
5.0,46.0,-790.0
-44.0,201.0,-1118.0
68.0,394.0,-1143.0
-115.0,-52.0,-1179.0
-203.0,-359.0,-884.0
130.0,-171.0,-810.0
109.0,183.0,-956.0
37.0,66.0,-1011.0
-407.0,138.0,-1132.0
-333.0,281.0,-1130.0
-44.0,9.0,-1122.0
-489.0,-169.0,-1003.0
119.0,-277.0,-681.0
-470.0,-23.0,-1042.0
115.0,191.0,-960.0
-415.0,17.0,-1124.0
-433.0,-156.0,-1057.0
-441.0,-1.0,-1087.0
-333.0,450.0,-1056.0
-390.0,113.0,-1171.0
-269.0,-81.0,-874.0
-382.0,-222.0,-948.0
-21.0,-267.0,-983.0
-337.0,119.0,-1132.0
-269.0,-5.0,-1065.0
-445.0,365.0,-1169.0
-203.0,320.0,-1149.0
-115.0,44.0,-1046.0
1.0,-368.0,-899.0
-111.0,-365.0,-829.0
83.0,158.0,-976.0
-226.0,281.0,-1296.0
-204.0,5.0,-1030.0
-197.0,-31.0,-878.0
-117.0,138.0,-1046.0
44.0,290.0,-1116.0
-60.0,29.0,-981.0
23.0,-294.0,-944.0
21.0,-195.0,-907.0
109.0,124.0,-981.0
-148.0,-58.0,-1003.0
-74.0,85.0,-944.0
-152.0,177.0,-1206.0
5.0,193.0,-1114.0
9.0,-54.0,-882.0
-7.0,-312.0,-776.0
85.0,-48.0,-985.0
0.0,101.0,-1085.0
-97.0,158.0,-977.0
-138.0,-95.0,-1034.0
-113.0,64.0,-1028.0
162.0,226.0,-1120.0
-230.0,54.0,-1145.0
218.0,-251.0,-825.0
-257.0,-234.0,-935.0
179.0,-7.0,-1083.0
-185.0,103.0,-1120.0
-27.0,48.0,-987.0
-249.0,70.0,-1100.0
115.0,273.0,-1048.0
-154.0,134.0,-1155.0
85.0,-236.0,-925.0
-117.0,-220.0,-905.0
44.0,-37.0,-1044.0
-37.0,191.0,-1124.0
-132.0,-52.0,-1018.0
-9.0,70.0,-837.0
-13.0,325.0,-1286.0
25.0,124.0,-1190.0
25.0,-25.0,-976.0
-130.0,-251.0,-845.0
253.0,-58.0,-913.0
-37.0,142.0,-1054.0
95.0,-44.0,-1069.0
-60.0,140.0,-1038.0
95.0,208.0,-1063.0
1.0,263.0,-1157.0
3.0,-206.0,-1007.0
25.0,-242.0,-804.0
128.0,-56.0,-915.0
144.0,99.0,-1139.0
-7.0,-19.0,-1009.0
29.0,-31.0,-1011.0
-156.0,277.0,-1056.0
281.0,191.0,-1054.0
-275.0,50.0,-1106.0
290.0,-374.0,-872.0
-179.0,-48.0,-890.0
242.0,-40.0,-964.0
-27.0,11.0,-1065.0
-72.0,-25.0,-1067.0
19.0,173.0,-1071.0
-115.0,437.0,-1171.0
27.0,-140.0,-1032.0
-107.0,-279.0,-862.0
52.0,-195.0,-938.0
140.0,128.0,-1061.0
-52.0,124.0,-1081.0
-72.0,-216.0,-1003.0
-179.0,128.0,-991.0
40.0,341.0,-1151.0
-162.0,220.0,-1143.0
58.0,-331.0,-942.0
-124.0,-193.0,-831.0
245.0,19.0,-981.0
11.0,113.0,-1056.0
-121.0,-35.0,-987.0
-56.0,48.0,-1044.0
-62.0,359.0,-1177.0
80.0,232.0,-1093.0
-83.0,-124.0,-958.0
64.0,-380.0,-853.0
122.0,-76.0,-938.0
58.0,247.0,-1089.0
50.0,-21.0,-1061.0
-134.0,23.0,-960.0
-19.0,132.0,-1061.0
66.0,294.0,-1112.0
-50.0,11.0,-1024.0
126.0,-374.0,-790.0
15.0,-101.0,-960.0
240.0,-25.0,-1048.0
-54.0,165.0,-1042.0
7.0,-103.0,-977.0
-109.0,175.0,-1020.0
101.0,312.0,-1126.0
-70.0,97.0,-1145.0
162.0,-318.0,-831.0
-52.0,-329.0,-944.0
148.0,13.0,-979.0
-66.0,91.0,-1106.0
-140.0,23.0,-997.0
-44.0,3.0,-1112.0
-35.0,392.0,-1116.0
29.0,23.0,-1093.0
19.0,-179.0,-917.0
-5.0,-212.0,-841.0
152.0,0.0,-1044.0
-107.0,97.0,-1114.0
-35.0,-72.0,-1054.0
-173.0,132.0,-1005.0
27.0,316.0,-1149.0
-15.0,199.0,-1110.0
-21.0,-74.0,-997.0
25.0,-365.0,-905.0
76.0,-19.0,-962.0
50.0,117.0,-1067.0
-93.0,13.0,-1018.0
-11.0,126.0,-1048.0
-21.0,240.0,-1155.0
140.0,331.0,-1091.0
-85.0,-267.0,-1009.0
154.0,-277.0,-784.0
37.0,-64.0,-935.0
251.0,187.0,-1054.0
-68.0,-23.0,-1063.0
40.0,-52.0,-944.0
-117.0,210.0,-1102.0
195.0,204.0,-1139.0
-167.0,0.0,-1052.0
171.0,-345.0,-823.0
-35.0,-58.0,-909.0
244.0,46.0,-1056.0
-87.0,-23.0,-1030.0
-87.0,-29.0,-987.0
-70.0,132.0,-1098.0
0.0,396.0,-1134.0
-33.0,-37.0,-1077.0
101.0,-316.0,-888.0
-144.0,-212.0,-940.0
308.0,35.0,-976.0
-232.0,66.0,-1147.0
31.0,-119.0,-1013.0
-296.0,183.0,-1032.0
167.0,308.0,-1161.0
-204.0,142.0,-1136.0
103.0,-255.0,-940.0
-163.0,-240.0,-892.0
224.0,46.0,-987.0
-142.0,136.0,-1102.0
15.0,-29.0,-972.0
-158.0,60.0,-1081.0
52.0,327.0,-1081.0
122.0,234.0,-1155.0
-117.0,-189.0,-954.0
150.0,-337.0,-812.0
27.0,35.0,-989.0
191.0,121.0,-1032.0
-76.0,-31.0,-1001.0
0.0,-21.0,-931.0
99.0,212.0,-1179.0
40.0,337.0,-1153.0
93.0,-25.0,-964.0
-85.0,-306.0,-819.0
160.0,-167.0,-890.0
140.0,9.0,-1065.0
74.0,78.0,-1061.0
-39.0,-40.0,-1020.0
-58.0,236.0,-1093.0
29.0,242.0,-1151.0
-173.0,3.0,-1057.0
76.0,-312.0,-839.0
-21.0,-189.0,-913.0
195.0,89.0,-1100.0
-48.0,-23.0,-1079.0
-31.0,11.0,-991.0
-265.0,17.0,-1087.0
121.0,406.0,-1110.0
-286.0,179.0,-1202.0
124.0,-284.0,-917.0
-187.0,-224.0,-854.0
292.0,-101.0,-952.0
-107.0,140.0,-1145.0
-37.0,-39.0,-1071.0
-163.0,175.0,-1024.0
-107.0,357.0,-1169.0
-37.0,122.0,-1102.0
33.0,-138.0,-921.0
3.0,-286.0,-890.0
210.0,58.0,-931.0
40.0,111.0,-1136.0
-122.0,-13.0,-1001.0
27.0,48.0,-987.0
-97.0,308.0,-1138.0
148.0,245.0,-1073.0
-13.0,-113.0,-995.0
115.0,-279.0,-858.0
201.0,-162.0,-929.0
81.0,152.0,-1056.0
83.0,-62.0,-1001.0
-132.0,117.0,-1059.0
31.0,204.0,-1063.0
40.0,261.0,-1161.0
-35.0,-78.0,-1030.0
122.0,-407.0,-874.0
-29.0,-31.0,-944.0
199.0,89.0,-1030.0
-111.0,52.0,-1022.0
-39.0,-130.0,-1020.0
-156.0,64.0,-1079.0
128.0,437.0,-1177.0
-201.0,-7.0,-1175.0
113.0,-263.0,-829.0
-234.0,-220.0,-935.0
203.0,70.0,-981.0
-175.0,99.0,-1134.0
-132.0,-183.0,-989.0
-181.0,136.0,-1100.0
-201.0,337.0,-1173.0
-87.0,216.0,-1102.0
-249.0,-304.0,-913.0
-140.0,-255.0,-878.0
-240.0,85.0,-1034.0
-230.0,146.0,-1073.0
-501.0,-134.0,-1005.0
-308.0,54.0,-944.0
-569.0,398.0,-1239.0
-460.0,191.0,-1087.0
-517.0,-101.0,-909.0
-671.0,-236.0,-876.0
-382.0,-17.0,-952.0
-845.0,136.0,-1171.0
-593.0,-195.0,-946.0
-884.0,80.0,-1005.0
-815.0,169.0,-1147.0
-854.0,353.0,-1180.0
-1001.0,-140.0,-1104.0
-841.0,-300.0,-774.0
-829.0,-25.0,-886.0
-931.0,78.0,-1171.0
-919.0,-13.0,-1079.0
-1087.0,-156.0,-966.0
-1032.0,150.0,-925.0
-911.0,296.0,-1268.0
-1368.0,13.0,-1204.0
-620.0,-298.0,-847.0
-1354.0,-97.0,-872.0
-741.0,3.0,-925.0
-1364.0,-1.0,-1182.0
-1069.0,-218.0,-1118.0
-1214.0,158.0,-935.0
-1260.0,378.0,-1169.0
-1239.0,95.0,-1116.0
-1075.0,-122.0,-1003.0
-1231.0,-136.0,-792.0
-1087.0,-62.0,-948.0
-1284.0,-27.0,-1180.0
-1417.0,-193.0,-1161.0
-1157.0,210.0,-884.0
-1590.0,245.0,-1091.0
-1177.0,152.0,-991.0
-1577.0,-39.0,-1208.0
-1221.0,-409.0,-839.0
-1227.0,183.0,-800.0
-1358.0,-83.0,-985.0
-1282.0,162.0,-1116.0
-1311.0,-5.0,-1054.0
-1370.0,156.0,-981.0
-1272.0,312.0,-1075.0
-1424.0,-284.0,-1159.0
-1063.0,-3.0,-913.0
-1270.0,-103.0,-872.0
-1136.0,134.0,-989.0
-1290.0,-142.0,-1032.0
-1329.0,-7.0,-995.0
-1192.0,74.0,-1007.0
-1424.0,286.0,-1163.0
-1089.0,134.0,-1032.0
-1034.0,-105.0,-1026.0
-1182.0,-212.0,-792.0
-1165.0,5.0,-1057.0
-1370.0,-68.0,-972.0
-1460.0,-148.0,-1163.0
-1452.0,19.0,-1067.0
-1567.0,464.0,-1173.0
-1426.0,103.0,-1052.0
-1426.0,-193.0,-856.0
-1284.0,-156.0,-790.0
-1473.0,78.0,-1011.0
-1504.0,-62.0,-1071.0
-1528.0,95.0,-1083.0
-1362.0,64.0,-1018.0
-1313.0,37.0,-1018.0
-1298.0,363.0,-1200.0
-1432.0,-146.0,-1093.0
-1415.0,-136.0,-845.0
-1403.0,-218.0,-1163.0
-1157.0,187.0,-1036.0
-1415.0,187.0,-931.0
-1227.0,0.0,-952.0
-1282.0,81.0,-1290.0
-1056.0,189.0,-1112.0
-1059.0,42.0,-972.0
-648.0,-124.0,-753.0
-813.0,58.0,-948.0
-214.0,-146.0,-966.0
-577.0,273.0,-1214.0
-343.0,-365.0,-952.0
-238.0,-142.0,-1097.0
37.0,199.0,-1108.0
-318.0,415.0,-1151.0
-9.0,214.0,-771.0
-214.0,-519.0,-1077.0
134.0,-191.0,-964.0
-349.0,-99.0,-1059.0
249.0,378.0,-976.0
-107.0,142.0,-1054.0
421.0,-13.0,-942.0
91.0,74.0,-1071.0
413.0,-396.0,-944.0
452.0,-25.0,-757.0
325.0,-134.0,-1020.0
507.0,111.0,-1147.0
327.0,292.0,-1036.0
513.0,-247.0,-940.0
749.0,267.0,-1081.0
349.0,-152.0,-1100.0
499.0,204.0,-1032.0
700.0,31.0,-823.0
614.0,-35.0,-1073.0
1046.0,72.0,-981.0
517.0,-279.0,-1116.0
1145.0,72.0,-1050.0
597.0,-111.0,-1198.0
915.0,247.0,-995.0
677.0,-62.0,-1048.0
905.0,44.0,-769.0
1173.0,290.0,-948.0
839.0,-134.0,-1093.0
927.0,300.0,-1026.0
819.0,-339.0,-1042.0
1005.0,316.0,-1161.0
1089.0,52.0,-1046.0
743.0,-1.0,-1100.0
1303.0,-169.0,-909.0
1048.0,-66.0,-1048.0
1514.0,341.0,-874.0
722.0,-345.0,-1093.0
1009.0,146.0,-1061.0
901.0,-160.0,-1190.0
1046.0,245.0,-1065.0
950.0,210.0,-974.0
964.0,-382.0,-958.0
1259.0,437.0,-794.0
1046.0,-173.0,-1141.0
1153.0,187.0,-1001.0
1020.0,-206.0,-977.0
1292.0,-1.0,-1024.0
1303.0,273.0,-1319.0
1180.0,-210.0,-1100.0
993.0,136.0,-942.0
1428.0,-425.0,-913.0
1214.0,214.0,-1116.0
1216.0,130.0,-888.0
771.0,66.0,-976.0
1342.0,109.0,-1130.0
1061.0,-97.0,-1288.0
1011.0,171.0,-952.0
915.0,-203.0,-991.0
1223.0,189.0,-892.0
1239.0,-39.0,-1057.0
935.0,212.0,-972.0
1056.0,154.0,-1048.0
1098.0,-327.0,-1063.0
1210.0,128.0,-1032.0
1294.0,-208.0,-1034.0
1022.0,257.0,-1046.0
1475.0,-95.0,-950.0
1159.0,-89.0,-915.0
1469.0,232.0,-972.0
931.0,95.0,-1077.0
1319.0,48.0,-962.0
1091.0,-390.0,-1093.0
1149.0,72.0,-1075.0
1169.0,99.0,-1011.0
1159.0,177.0,-802.0
1415.0,-19.0,-874.0
1112.0,-115.0,-966.0
1149.0,152.0,-964.0
1200.0,-122.0,-1001.0
1305.0,-150.0,-1063.0
1344.0,-140.0,-1089.0
997.0,160.0,-1036.0
1307.0,201.0,-895.0
1036.0,-275.0,-890.0
1331.0,-80.0,-987.0
837.0,128.0,-1038.0
1009.0,372.0,-1067.0
767.0,-105.0,-1054.0
886.0,-70.0,-1108.0
427.0,-9.0,-1163.0
778.0,171.0,-876.0
525.0,-124.0,-876.0
741.0,-142.0,-923.0
509.0,144.0,-1093.0
528.0,165.0,-1063.0
484.0,25.0,-966.0
359.0,-44.0,-1098.0
290.0,97.0,-1120.0
402.0,212.0,-1097.0
271.0,-40.0,-927.0
523.0,-40.0,-929.0
283.0,158.0,-1052.0
363.0,203.0,-1124.0
167.0,27.0,-1015.0
185.0,-122.0,-1153.0
27.0,33.0,-1097.0
392.0,122.0,-1048.0
255.0,9.0,-843.0
509.0,-95.0,-876.0
275.0,101.0,-1015.0
337.0,-1.0,-1134.0
193.0,-7.0,-1071.0
308.0,-83.0,-987.0
247.0,179.0,-1136.0
273.0,124.0,-1097.0
437.0,-46.0,-952.0
204.0,-138.0,-952.0
534.0,-60.0,-958.0
52.0,177.0,-1079.0
384.0,-119.0,-1038.0
-109.0,-54.0,-1120.0
160.0,56.0,-1028.0
66.0,103.0,-1087.0
197.0,-113.0,-966.0
214.0,-201.0,-913.0
115.0,203.0,-981.0
122.0,152.0,-1149.0
-66.0,-29.0,-1102.0
-19.0,-136.0,-1042.0
-7.0,99.0,-1130.0
58.0,160.0,-1132.0
181.0,-64.0,-1067.0
-97.0,-56.0,-1065.0
341.0,-81.0,-1044.0
-146.0,251.0,-1102.0
142.0,-64.0,-1059.0
-206.0,-25.0,-1210.0
76.0,136.0,-1286.0
-111.0,220.0,-1225.0
103.0,99.0,-1061.0
52.0,-271.0,-1128.0
236.0,54.0,-1212.0
121.0,253.0,-1294.0
0.0,29.0,-1327.0
9.0,-31.0,-1344.0
19.0,-17.0,-1382.0
154.0,269.0,-1467.0
154.0,-68.0,-1409.0
103.0,-70.0,-1276.0
279.0,-5.0,-1372.0
68.0,314.0,-1512.0
156.0,83.0,-1460.0
-136.0,-76.0,-1465.0
58.0,5.0,-1555.0
119.0,308.0,-1649.0
27.0,279.0,-1508.0
228.0,-46.0,-1378.0
-80.0,5.0,-1440.0
329.0,35.0,-1506.0
-138.0,234.0,-1626.0
140.0,5.0,-1426.0
-206.0,177.0,-1520.0
72.0,314.0,-1573.0
-17.0,162.0,-1542.0
62.0,39.0,-1344.0
81.0,15.0,-1411.0
165.0,374.0,-1438.0
27.0,296.0,-1401.0
-48.0,27.0,-1385.0
-76.0,99.0,-1475.0
103.0,304.0,-1501.0
1.0,404.0,-1434.0
138.0,60.0,-1372.0
-15.0,117.0,-1262.0
195.0,238.0,-1366.0
62.0,300.0,-1508.0
21.0,160.0,-1438.0
-37.0,169.0,-1333.0
93.0,339.0,-1499.0
85.0,324.0,-1633.0
39.0,144.0,-1485.0
138.0,0.0,-1372.0
126.0,244.0,-1389.0
181.0,406.0,-1528.0
50.0,169.0,-1508.0
-29.0,119.0,-1485.0
17.0,201.0,-1633.0
81.0,324.0,-1645.0
74.0,206.0,-1524.0
9.0,48.0,-1366.0
81.0,255.0,-1512.0
70.0,249.0,-1645.0
-58.0,128.0,-1567.0
-3.0,-17.0,-1504.0
-179.0,203.0,-1592.0
117.0,361.0,-1629.0
-124.0,228.0,-1649.0
27.0,-40.0,-1516.0
-85.0,48.0,-1417.0
119.0,308.0,-1493.0
15.0,107.0,-1530.0
-158.0,87.0,-1583.0
-80.0,-31.0,-1633.0
-142.0,402.0,-1618.0
13.0,245.0,-1620.0
-21.0,78.0,-1586.0
-17.0,70.0,-1458.0
81.0,201.0,-1575.0
21.0,191.0,-1653.0
21.0,-95.0,-1614.0
-124.0,109.0,-1510.0
91.0,292.0,-1725.0
-146.0,374.0,-1706.0
95.0,134.0,-1536.0
-68.0,11.0,-1575.0
185.0,85.0,-1506.0
-21.0,234.0,-1612.0
-1.0,11.0,-1622.0
-5.0,17.0,-1670.0
-27.0,236.0,-1743.0
25.0,302.0,-1811.0
-17.0,93.0,-1620.0
50.0,29.0,-1563.0
134.0,46.0,-1782.0
179.0,220.0,-1764.0
-64.0,60.0,-1688.0
66.0,154.0,-1583.0
-109.0,255.0,-1713.0
138.0,415.0,-1801.0
-132.0,210.0,-1762.0
130.0,-162.0,-1514.0
-156.0,29.0,-1536.0
177.0,206.0,-1727.0
-128.0,214.0,-1647.0
15.0,-29.0,-1524.0
-179.0,15.0,-1641.0
115.0,253.0,-1764.0
-39.0,224.0,-1708.0
29.0,183.0,-1547.0
-5.0,60.0,-1454.0
78.0,226.0,-1467.0
74.0,370.0,-1713.0
-5.0,95.0,-1672.0
-187.0,191.0,-1577.0
64.0,208.0,-1651.0
-29.0,462.0,-1768.0
140.0,85.0,-1618.0
-29.0,136.0,-1491.0
162.0,97.0,-1627.0
1.0,361.0,-1637.0
31.0,158.0,-1815.0
-78.0,136.0,-1690.0
169.0,281.0,-1747.0
-66.0,322.0,-1795.0
228.0,286.0,-1665.0
-15.0,175.0,-1577.0
128.0,281.0,-1493.0
162.0,269.0,-1743.0
-66.0,140.0,-1709.0
126.0,40.0,-1581.0
-179.0,185.0,-1807.0
185.0,366.0,-1727.0
-160.0,339.0,-1807.0
105.0,103.0,-1590.0
-29.0,158.0,-1698.0
97.0,230.0,-1706.0
-35.0,154.0,-1780.0
1.0,37.0,-1778.0
-72.0,255.0,-1832.0
9.0,402.0,-1877.0
-56.0,400.0,-1801.0
-37.0,203.0,-1602.0
60.0,197.0,-1604.0
101.0,138.0,-1760.0
19.0,236.0,-1731.0
-58.0,308.0,-1731.0
-122.0,191.0,-1686.0
70.0,484.0,-1708.0
-197.0,322.0,-1797.0
130.0,136.0,-1635.0
-206.0,5.0,-1610.0
222.0,177.0,-1729.0
-95.0,197.0,-1750.0
-81.0,199.0,-1620.0
9.0,238.0,-1573.0
-11.0,513.0,-1805.0
144.0,308.0,-1789.0
-163.0,52.0,-1665.0
167.0,97.0,-1479.0
-70.0,228.0,-1639.0
359.0,421.0,-1649.0
-156.0,117.0,-1708.0
165.0,27.0,-1641.0
-201.0,-68.0,-1844.0
140.0,236.0,-1862.0
-35.0,232.0,-1780.0
-33.0,288.0,-1561.0
238.0,267.0,-1680.0
-54.0,224.0,-1815.0
257.0,-70.0,-1719.0
-107.0,23.0,-1729.0
-23.0,343.0,-1733.0
70.0,548.0,-1729.0
-83.0,396.0,-1821.0
17.0,-179.0,-1727.0
-66.0,-160.0,-1704.0
99.0,-52.0,-1612.0
-132.0,458.0,-1661.0
66.0,203.0,-1739.0
-271.0,146.0,-1977.0
144.0,40.0,-1858.0
-304.0,152.0,-1739.0
238.0,269.0,-1483.0
-234.0,337.0,-1645.0
230.0,435.0,-1641.0
-58.0,-13.0,-1842.0
-64.0,-238.0,-1680.0
-7.0,124.0,-1670.0
-29.0,603.0,-1760.0
-7.0,747.0,-1791.0
3.0,138.0,-1670.0
21.0,-187.0,-1655.0
298.0,-156.0,-1706.0
-7.0,482.0,-1764.0
171.0,452.0,-1663.0
-111.0,244.0,-1670.0
187.0,66.0,-1854.0
-15.0,39.0,-1996.0
74.0,46.0,-1739.0
-5.0,165.0,-1559.0
64.0,370.0,-1612.0
238.0,316.0,-1733.0
-27.0,-140.0,-1778.0
29.0,-78.0,-1629.0
-117.0,238.0,-1821.0
64.0,632.0,-1813.0
-146.0,456.0,-1823.0
156.0,140.0,-1586.0
-50.0,76.0,-1760.0
257.0,349.0,-1737.0
25.0,269.0,-1739.0
5.0,-17.0,-1641.0
-160.0,25.0,-1772.0
111.0,216.0,-1897.0
-228.0,224.0,-1827.0
124.0,70.0,-1641.0
-152.0,169.0,-1557.0
103.0,402.0,-1708.0
-46.0,128.0,-1830.0
-74.0,29.0,-1793.0
-126.0,-37.0,-1708.0
-7.0,591.0,-1776.0
-78.0,640.0,-1953.0
33.0,359.0,-1686.0
-58.0,193.0,-1579.0
124.0,261.0,-1764.0
33.0,521.0,-1866.0
-9.0,226.0,-1721.0
48.0,214.0,-1686.0
54.0,193.0,-1881.0
-35.0,263.0,-1829.0
142.0,152.0,-1803.0
-113.0,5.0,-1577.0
163.0,162.0,-1626.0
21.0,165.0,-1844.0
-50.0,130.0,-1694.0
-1.0,236.0,-1637.0
-244.0,331.0,-1795.0
87.0,548.0,-1758.0
-56.0,452.0,-1627.0
9.0,271.0,-1729.0
216.0,89.0,-1624.0
-44.0,308.0,-1709.0
199.0,105.0,-1596.0
-13.0,40.0,-1702.0
29.0,72.0,-1717.0
115.0,294.0,-1817.0
-21.0,17.0,-1690.0
130.0,76.0,-1514.0
-72.0,78.0,-1528.0
181.0,380.0,-1610.0
-158.0,134.0,-1508.0
-148.0,132.0,-1544.0
-83.0,245.0,-1423.0
-124.0,644.0,-1626.0
-44.0,404.0,-1557.0
-39.0,35.0,-1493.0
-124.0,-195.0,-1311.0
284.0,232.0,-1341.0
29.0,152.0,-1395.0
11.0,52.0,-1296.0
-11.0,-195.0,-1253.0
-107.0,224.0,-1501.0
158.0,220.0,-1397.0
-177.0,115.0,-1274.0
218.0,-142.0,-1007.0
-83.0,154.0,-1171.0
240.0,357.0,-1097.0
-228.0,-33.0,-1364.0
121.0,-130.0,-1124.0
-162.0,64.0,-1423.0
216.0,130.0,-1282.0
-7.0,224.0,-1257.0
173.0,89.0,-1046.0
140.0,40.0,-1169.0
201.0,15.0,-1132.0
11.0,-9.0,-1335.0
0.0,-253.0,-1253.0
-62.0,39.0,-1227.0
29.0,304.0,-1243.0
-58.0,138.0,-1177.0
3.0,-42.0,-1177.0
-126.0,-294.0,-1229.0
144.0,107.0,-1286.0
-89.0,35.0,-1356.0
-95.0,-25.0,-1247.0
91.0,-117.0,-1210.0
-115.0,156.0,-1370.0
140.0,279.0,-1460.0
-113.0,-76.0,-1303.0
-13.0,-23.0,-1251.0
76.0,-17.0,-1350.0
-54.0,31.0,-1194.0
0.0,-212.0,-1292.0
-177.0,-109.0,-1280.0
37.0,320.0,-1311.0
64.0,-247.0,-1458.0
-224.0,107.0,-1397.0
378.0,-42.0,-1091.0
-366.0,320.0,-1364.0
519.0,294.0,-1079.0
-519.0,-95.0,-1346.0
437.0,-146.0,-1214.0
-478.0,-165.0,-1477.0
450.0,329.0,-1401.0
-124.0,121.0,-1341.0
-44.0,300.0,-979.0
400.0,-126.0,-987.0
-189.0,279.0,-1315.0
193.0,-5.0,-1241.0
-138.0,-245.0,-1315.0
-64.0,-52.0,-1370.0
232.0,513.0,-1264.0
-134.0,263.0,-1083.0
224.0,91.0,-1054.0
-27.0,-206.0,-1147.0
101.0,290.0,-1202.0
80.0,-119.0,-1276.0
-179.0,-193.0,-1157.0
130.0,-99.0,-1042.0
-162.0,263.0,-1184.0
150.0,308.0,-1182.0
-109.0,124.0,-1153.0
25.0,72.0,-1067.0
119.0,13.0,-1108.0
-5.0,122.0,-1169.0
3.0,-23.0,-1149.0
-234.0,277.0,-1157.0
136.0,228.0,-1294.0
-251.0,261.0,-1286.0
160.0,0.0,-1011.0
-251.0,-42.0,-1003.0
204.0,290.0,-989.0
-37.0,306.0,-1231.0
-146.0,126.0,-1104.0
85.0,-122.0,-1057.0
-136.0,37.0,-1157.0
156.0,370.0,-1221.0
-80.0,224.0,-1122.0
76.0,132.0,-886.0
56.0,60.0,-1083.0
140.0,-9.0,-1143.0
21.0,-181.0,-1095.0
-109.0,0.0,-1114.0
212.0,134.0,-1169.0
-76.0,341.0,-1206.0
171.0,191.0,-1026.0
46.0,-23.0,-952.0
31.0,206.0,-1056.0
197.0,152.0,-1130.0
-60.0,-23.0,-1177.0
81.0,-220.0,-1112.0
-179.0,17.0,-1124.0
160.0,368.0,-1200.0
-91.0,83.0,-1210.0
-97.0,39.0,-1100.0
64.0,-154.0,-1022.0
-17.0,-119.0,-1122.0
74.0,74.0,-1104.0
-142.0,-25.0,-1093.0
-113.0,95.0,-1106.0
5.0,52.0,-1225.0
-177.0,42.0,-1294.0
39.0,-80.0,-1061.0
-165.0,-15.0,-1032.0
171.0,181.0,-942.0
-42.0,-132.0,-1032.0
-91.0,-113.0,-1097.0
52.0,-222.0,-1157.0
-216.0,187.0,-1149.0
156.0,105.0,-936.0
-95.0,-72.0,-989.0
-60.0,-11.0,-821.0
283.0,-126.0,-868.0
-253.0,-101.0,-1015.0
329.0,-144.0,-864.0
-423.0,-109.0,-858.0
320.0,72.0,-839.0
-148.0,99.0,-987.0
179.0,-370.0,-755.0
19.0,13.0,-646.0
72.0,-206.0,-669.0
292.0,140.0,-620.0
27.0,117.0,-673.0
-58.0,-136.0,-571.0
150.0,-212.0,-616.0
-105.0,-253.0,-679.0
124.0,-167.0,-556.0
19.0,-335.0,-482.0
21.0,21.0,-404.0
372.0,-21.0,-402.0
-169.0,105.0,-421.0
156.0,-156.0,-382.0
-298.0,-195.0,-671.0
177.0,-222.0,-667.0
-158.0,-273.0,-802.0
201.0,-101.0,-368.0
-95.0,-3.0,-486.0
269.0,339.0,-450.0
-21.0,-35.0,-657.0
-13.0,-300.0,-679.0
-148.0,-212.0,-827.0
-37.0,-187.0,-780.0
-85.0,-91.0,-638.0
83.0,115.0,-593.0
-267.0,-267.0,-538.0
206.0,-66.0,-579.0
-148.0,-78.0,-769.0
-111.0,-74.0,-687.0
-187.0,-247.0,-630.0
-160.0,-232.0,-784.0
-25.0,-199.0,-741.0
85.0,-97.0,-538.0
-165.0,62.0,-519.0
279.0,-214.0,-722.0
-9.0,19.0,-663.0
113.0,-134.0,-636.0
-128.0,-138.0,-677.0
175.0,-242.0,-558.0
52.0,-37.0,-778.0
19.0,-191.0,-712.0
105.0,-193.0,-474.0
-68.0,-230.0,-528.0
370.0,52.0,-380.0
-216.0,44.0,-511.0
171.0,-195.0,-441.0
-400.0,-339.0,-589.0
206.0,-216.0,-689.0
-273.0,-19.0,-712.0
60.0,105.0,-378.0
72.0,52.0,-245.0
-85.0,87.0,-402.0
179.0,-89.0,-484.0
-140.0,-304.0,-632.0
-257.0,-226.0,-675.0
171.0,-163.0,-497.0
-242.0,66.0,-579.0
214.0,-66.0,-349.0
-121.0,-101.0,-261.0
87.0,-89.0,-351.0
11.0,-126.0,-550.0
13.0,-126.0,-550.0
-216.0,-37.0,-566.0
206.0,117.0,-538.0
-148.0,169.0,-472.0
210.0,-128.0,-402.0
-21.0,-263.0,-388.0
156.0,9.0,-396.0
70.0,-15.0,-503.0
-122.0,-3.0,-624.0
150.0,-300.0,-527.0
-214.0,-76.0,-425.0
160.0,142.0,-400.0
29.0,-222.0,-419.0
-179.0,-238.0,-368.0
255.0,-286.0,-374.0
-107.0,50.0,-603.0
130.0,5.0,-374.0
13.0,-5.0,-396.0
-173.0,-140.0,-591.0
244.0,191.0,-472.0
-175.0,105.0,-530.0
91.0,-275.0,-355.0
-29.0,-568.0,-396.0
240.0,-232.0,-392.0
11.0,-181.0,-546.0
-142.0,-261.0,-390.0
21.0,-158.0,-464.0
-74.0,-121.0,-599.0
134.0,-31.0,-433.0
-58.0,-154.0,-290.0
-15.0,-417.0,-257.0
142.0,-121.0,-402.0
-11.0,-111.0,-540.0
11.0,-78.0,-509.0
-76.0,-234.0,-407.0
50.0,119.0,-452.0
-54.0,-76.0,-404.0
64.0,-253.0,-347.0
-97.0,-427.0,-232.0
99.0,-515.0,-411.0
7.0,-9.0,-411.0
81.0,-179.0,-464.0
-273.0,-204.0,-409.0
193.0,-224.0,-300.0
-220.0,-144.0,-406.0
236.0,146.0,-345.0
5.0,-177.0,-265.0
-105.0,-140.0,-294.0
273.0,-366.0,-300.0
-115.0,-273.0,-456.0
132.0,-162.0,-343.0
-126.0,-160.0,-546.0
29.0,-83.0,-378.0
46.0,-220.0,-452.0
-72.0,-347.0,-249.0
230.0,-365.0,-284.0
-27.0,-283.0,-308.0
91.0,-236.0,-417.0
21.0,-343.0,-523.0
-230.0,-175.0,-472.0
236.0,-140.0,-419.0
-302.0,-78.0,-384.0
244.0,-165.0,-238.0
-117.0,-158.0,-294.0
210.0,-66.0,-251.0
-130.0,-169.0,-396.0
-52.0,-312.0,-337.0
-97.0,-259.0,-324.0
62.0,-244.0,-448.0
-128.0,-236.0,-536.0
46.0,-290.0,-382.0
-222.0,-109.0,-242.0
284.0,156.0,-240.0
-81.0,-13.0,-456.0
101.0,-113.0,-343.0
-13.0,-191.0,-374.0
3.0,-247.0,-466.0
124.0,-85.0,-501.0
-35.0,-11.0,-448.0
33.0,-17.0,-247.0
111.0,91.0,-300.0
89.0,-113.0,-286.0
97.0,-160.0,-368.0
-156.0,-306.0,-357.0
89.0,-50.0,-384.0
-15.0,-78.0,-433.0
-52.0,-238.0,-337.0
150.0,-17.0,-130.0
-181.0,-247.0,-230.0
310.0,11.0,-179.0
-197.0,-142.0,-402.0
39.0,-46.0,-361.0
-177.0,-132.0,-351.0
126.0,-203.0,-402.0
-169.0,-253.0,-489.0
245.0,-347.0,-290.0
-138.0,11.0,-228.0
456.0,-60.0,-240.0
-160.0,-29.0,-374.0
212.0,-150.0,-292.0
-255.0,-195.0,-525.0
111.0,-171.0,-320.0
29.0,-331.0,-491.0
-201.0,-419.0,-341.0
134.0,-163.0,-156.0
-124.0,78.0,-308.0
130.0,39.0,-409.0
-140.0,-35.0,-472.0
-99.0,-171.0,-331.0
-132.0,-113.0,-419.0
80.0,-337.0,-351.0
-7.0,-355.0,-363.0
-40.0,-218.0,-234.0
253.0,-62.0,-179.0
-162.0,101.0,-283.0
195.0,-115.0,-312.0
-452.0,-146.0,-433.0
232.0,-232.0,-341.0
-292.0,-91.0,-458.0
179.0,-183.0,-191.0
-66.0,-195.0,-314.0
40.0,-183.0,-251.0
224.0,-107.0,-331.0
-146.0,-158.0,-382.0
154.0,-224.0,-345.0
-103.0,-284.0,-361.0
245.0,-101.0,-324.0
5.0,-154.0,-306.0
5.0,-189.0,-181.0
132.0,-310.0,-185.0
39.0,-240.0,-259.0
93.0,-216.0,-232.0
-146.0,-177.0,-320.0
-126.0,-150.0,-425.0
72.0,-107.0,-296.0
-148.0,-99.0,-392.0
101.0,-368.0,-189.0
-68.0,-283.0,-259.0
187.0,-238.0,-292.0
11.0,-181.0,-427.0
-56.0,-228.0,-343.0
-21.0,-273.0,-347.0
74.0,-150.0,-370.0
-144.0,-197.0,-378.0
97.0,-115.0,-199.0
-226.0,-273.0,-175.0
284.0,-78.0,-203.0
-156.0,-222.0,-331.0
81.0,-300.0,-234.0
-251.0,-286.0,-300.0
119.0,-203.0,-448.0
-40.0,3.0,-546.0
85.0,-124.0,-277.0
-37.0,-124.0,-203.0
169.0,-310.0,-244.0
177.0,-163.0,-398.0
-9.0,-201.0,-462.0
70.0,-251.0,-370.0
-103.0,-238.0,-513.0
191.0,-152.0,-489.0
-115.0,-48.0,-447.0
156.0,-83.0,-247.0
-154.0,-160.0,-351.0
294.0,-203.0,-300.0
-107.0,-175.0,-476.0
85.0,-175.0,-318.0
-142.0,-259.0,-448.0
68.0,-197.0,-378.0
-85.0,-179.0,-411.0
35.0,-210.0,-242.0
-15.0,-105.0,-208.0
103.0,-89.0,-318.0
-99.0,-119.0,-382.0
83.0,-210.0,-411.0
-257.0,-150.0,-429.0
148.0,-37.0,-513.0
-183.0,-144.0,-587.0
171.0,-126.0,-507.0
-87.0,-142.0,-429.0
353.0,-163.0,-501.0
-7.0,-76.0,-614.0
261.0,-29.0,-609.0
-56.0,-37.0,-755.0
277.0,-154.0,-714.0
122.0,-195.0,-794.0
310.0,-247.0,-607.0
419.0,19.0,-616.0
296.0,70.0,-691.0
513.0,58.0,-655.0
87.0,23.0,-810.0
564.0,-136.0,-741.0
327.0,-156.0,-843.0
585.0,-58.0,-735.0
456.0,-101.0,-765.0
638.0,-105.0,-661.0
667.0,-64.0,-677.0
644.0,58.0,-671.0
683.0,37.0,-648.0
618.0,-66.0,-720.0
804.0,-105.0,-847.0
640.0,-136.0,-854.0
712.0,-62.0,-698.0
630.0,-42.0,-624.0
839.0,-78.0,-595.0
751.0,183.0,-692.0
556.0,128.0,-687.0
730.0,-117.0,-675.0
427.0,-234.0,-774.0
935.0,-52.0,-712.0
306.0,177.0,-858.0
864.0,-97.0,-609.0
281.0,-150.0,-687.0
935.0,-224.0,-589.0
380.0,242.0,-763.0
585.0,124.0,-681.0
240.0,-39.0,-872.0
378.0,-195.0,-829.0
361.0,72.0,-868.0
345.0,130.0,-724.0
312.0,-81.0,-618.0
337.0,27.0,-671.0
267.0,195.0,-798.0
253.0,169.0,-911.0
62.0,-85.0,-854.0
169.0,-255.0,-892.0
35.0,-23.0,-888.0
337.0,163.0,-919.0
-31.0,48.0,-868.0
308.0,-261.0,-776.0
0.0,52.0,-868.0
267.0,46.0,-894.0
13.0,33.0,-862.0
163.0,-128.0,-1026.0
-17.0,-21.0,-1104.0
115.0,19.0,-847.0
142.0,-19.0,-675.0
177.0,-150.0,-774.0
349.0,7.0,-921.0
21.0,-29.0,-936.0
210.0,-152.0,-813.0
-93.0,-310.0,-917.0
298.0,-85.0,-966.0
-85.0,93.0,-997.0
294.0,-39.0,-735.0
-23.0,-148.0,-759.0
249.0,-148.0,-854.0
-113.0,50.0,-935.0
-134.0,-50.0,-849.0
-177.0,-167.0,-853.0
-158.0,-60.0,-995.0
-167.0,66.0,-952.0
-210.0,56.0,-780.0
-244.0,-230.0,-651.0
-103.0,-208.0,-737.0
-247.0,-3.0,-929.0
-329.0,35.0,-907.0
-466.0,-54.0,-737.0
-386.0,-46.0,-888.0
-419.0,-68.0,-952.0
-400.0,17.0,-872.0
-423.0,-87.0,-636.0
-253.0,-5.0,-730.0
-361.0,46.0,-905.0
-503.0,-37.0,-862.0
-603.0,-76.0,-843.0
-523.0,-189.0,-977.0
-368.0,121.0,-958.0
-523.0,58.0,-888.0
-464.0,19.0,-771.0
-372.0,-191.0,-772.0
-376.0,-23.0,-890.0
-511.0,3.0,-972.0
-589.0,-15.0,-987.0
-532.0,-99.0,-956.0
-423.0,62.0,-981.0
-505.0,-37.0,-917.0
-519.0,-60.0,-925.0
-423.0,-80.0,-880.0
-365.0,85.0,-895.0
-466.0,-48.0,-915.0
-646.0,-72.0,-1018.0
-497.0,-175.0,-1018.0
-474.0,126.0,-1046.0
-407.0,93.0,-1018.0
-466.0,37.0,-944.0
-419.0,-95.0,-851.0
-230.0,19.0,-960.0
-355.0,113.0,-1057.0
-407.0,-64.0,-933.0
-470.0,-37.0,-1007.0
-290.0,62.0,-1069.0
-296.0,175.0,-1026.0
-261.0,52.0,-974.0
-275.0,-109.0,-870.0
-126.0,105.0,-913.0
-240.0,132.0,-905.0
-173.0,-1.0,-915.0
-392.0,-7.0,-1015.0
-93.0,13.0,-1042.0
-173.0,275.0,-1034.0
-62.0,58.0,-882.0
-117.0,-23.0,-812.0
-7.0,-74.0,-917.0
27.0,162.0,-899.0
-140.0,117.0,-979.0
-39.0,-37.0,-919.0
-148.0,-19.0,-989.0
58.0,146.0,-962.0
-148.0,58.0,-991.0
66.0,-80.0,-798.0
-189.0,58.0,-913.0
210.0,58.0,-915.0
-203.0,85.0,-952.0
-1.0,-119.0,-872.0
-197.0,-64.0,-1013.0
76.0,130.0,-1020.0
-169.0,124.0,-1073.0
46.0,-25.0,-847.0
-193.0,-126.0,-866.0
167.0,3.0,-901.0
-93.0,83.0,-1026.0
-11.0,-66.0,-927.0
-275.0,-5.0,-1040.0
39.0,1.0,-1098.0
-181.0,111.0,-1098.0
19.0,-17.0,-905.0
-175.0,-97.0,-895.0
126.0,13.0,-929.0
-74.0,119.0,-1022.0
5.0,-27.0,-1040.0
-218.0,-163.0,-1069.0
-103.0,0.0,-1018.0
-9.0,126.0,-1071.0
-81.0,48.0,-1077.0
-42.0,-80.0,-888.0
25.0,-29.0,-952.0
39.0,17.0,-966.0
-56.0,31.0,-1071.0
-29.0,-113.0,-958.0
-56.0,-33.0,-1056.0
80.0,124.0,-1042.0
-62.0,-1.0,-1151.0
13.0,-134.0,-856.0
0.0,-95.0,-876.0
193.0,52.0,-909.0
33.0,21.0,-1069.0
0.0,-126.0,-979.0
-19.0,-54.0,-1013.0
11.0,39.0,-1089.0
-13.0,21.0,-977.0
29.0,-35.0,-915.0
31.0,-154.0,-913.0
179.0,58.0,-913.0
-50.0,-3.0,-1028.0
7.0,-210.0,-950.0
-140.0,-105.0,-1040.0
-7.0,95.0,-1061.0
-64.0,105.0,-1104.0
-23.0,-66.0,-872.0
-80.0,-115.0,-964.0
103.0,-70.0,-919.0
-39.0,48.0,-979.0
-7.0,-87.0,-1011.0
-105.0,-70.0,-1079.0
9.0,121.0,-1038.0
-167.0,140.0,-1071.0
11.0,-83.0,-935.0
-105.0,-111.0,-886.0
99.0,103.0,-950.0
62.0,124.0,-1038.0
7.0,-56.0,-946.0
-109.0,-163.0,-954.0
1.0,33.0,-1093.0
5.0,245.0,-1116.0
-122.0,58.0,-1042.0
85.0,-117.0,-819.0
-23.0,-74.0,-933.0
247.0,169.0,-960.0
-1.0,37.0,-1040.0
-9.0,-87.0,-948.0
-111.0,-19.0,-1091.0
56.0,232.0,-1124.0
0.0,95.0,-1007.0
9.0,-146.0,-866.0
83.0,-54.0,-895.0
210.0,107.0,-974.0
29.0,165.0,-1003.0
52.0,-107.0,-1007.0
-169.0,-80.0,-1087.0
60.0,111.0,-1034.0
-91.0,226.0,-1089.0
99.0,-44.0,-895.0
-58.0,-11.0,-931.0
197.0,107.0,-1005.0
-17.0,48.0,-1083.0
-15.0,-89.0,-974.0
-97.0,-64.0,-1042.0
44.0,203.0,-1067.0
-54.0,257.0,-1114.0
-39.0,-25.0,-1046.0
-74.0,-175.0,-907.0
66.0,72.0,-929.0
109.0,238.0,-1050.0
17.0,1.0,-977.0
-169.0,-70.0,-985.0
-52.0,60.0,-1157.0
-134.0,222.0,-1177.0
5.0,70.0,-938.0
-44.0,-64.0,-911.0
87.0,-19.0,-944.0
124.0,201.0,-997.0
-46.0,42.0,-1079.0
25.0,-117.0,-1048.0
-148.0,-19.0,-1042.0
85.0,245.0,-1069.0
-66.0,83.0,-1069.0
126.0,-74.0,-872.0
5.0,17.0,-989.0
259.0,13.0,-931.0
-68.0,-3.0,-956.0
124.0,-80.0,-1011.0
-134.0,7.0,-1155.0
35.0,173.0,-1048.0
-124.0,64.0,-1013.0
107.0,-138.0,-892.0
-40.0,-119.0,-907.0
310.0,62.0,-974.0
-109.0,81.0,-1130.0
80.0,-144.0,-905.0
-316.0,-111.0,-1044.0
134.0,72.0,-1124.0
-206.0,72.0,-1108.0
144.0,-50.0,-864.0
-101.0,-111.0,-1007.0
193.0,60.0,-940.0
-54.0,7.0,-1026.0
23.0,-113.0,-995.0
-236.0,-124.0,-1040.0
-9.0,140.0,-1085.0
-101.0,142.0,-1149.0
46.0,-54.0,-962.0
-81.0,-158.0,-874.0
224.0,-35.0,-944.0
58.0,142.0,-1032.0
5.0,7.0,-1026.0
-175.0,-70.0,-1015.0
-1.0,-33.0,-1065.0
-15.0,93.0,-1095.0
124.0,-15.0,-1057.0
37.0,-105.0,-921.0
103.0,17.0,-917.0
169.0,134.0,-1022.0
-35.0,-56.0,-1061.0
1.0,-160.0,-977.0
-87.0,-78.0,-1046.0
154.0,195.0,-1093.0
-46.0,95.0,-1102.0
105.0,-130.0,-921.0
-11.0,-150.0,-878.0
189.0,58.0,-1011.0
-23.0,101.0,-1087.0
-15.0,-105.0,-974.0
-201.0,-93.0,-1022.0
50.0,91.0,-1093.0
66.0,113.0,-1132.0
21.0,-50.0,-936.0
74.0,-101.0,-913.0
21.0,56.0,-1020.0
-9.0,80.0,-1001.0
-66.0,-76.0,-1093.0
-142.0,-183.0,-1034.0
109.0,134.0,-1095.0
-165.0,185.0,-1091.0
222.0,5.0,-1013.0
-292.0,-35.0,-964.0
224.0,13.0,-940.0
-160.0,126.0,-1048.0
87.0,-23.0,-989.0
-169.0,9.0,-1056.0
58.0,54.0,-1081.0
-33.0,173.0,-1042.0
89.0,60.0,-1042.0
29.0,-107.0,-935.0
158.0,54.0,-942.0
35.0,203.0,-1005.0
42.0,-3.0,-1013.0
-115.0,-70.0,-940.0
99.0,-33.0,-1114.0
37.0,251.0,-1145.0
193.0,33.0,-974.0
-58.0,15.0,-884.0
160.0,-25.0,-979.0
33.0,111.0,-1026.0
9.0,95.0,-997.0
9.0,-165.0,-991.0
-121.0,11.0,-997.0
218.0,150.0,-1100.0
-158.0,195.0,-1157.0
119.0,-122.0,-905.0
-181.0,-68.0,-942.0
165.0,58.0,-987.0
-70.0,156.0,-1093.0
-80.0,-93.0,-987.0
-74.0,-105.0,-1034.0
-5.0,87.0,-1069.0
37.0,201.0,-1110.0
-9.0,-17.0,-1100.0
-99.0,-81.0,-919.0
39.0,54.0,-903.0
-27.0,103.0,-1065.0
-7.0,-64.0,-1071.0
-146.0,-46.0,-964.0
40.0,80.0,-1114.0
-81.0,154.0,-1136.0
83.0,29.0,-997.0
-204.0,-54.0,-935.0
275.0,11.0,-913.0
-152.0,152.0,-1044.0
177.0,-52.0,-1009.0
-222.0,-134.0,-1056.0
165.0,-7.0,-1009.0
-11.0,263.0,-1161.0
62.0,54.0,-979.0
107.0,-56.0,-927.0
17.0,-42.0,-944.0
244.0,46.0,-956.0
-64.0,-56.0,-1005.0
115.0,-122.0,-1040.0
-89.0,35.0,-1079.0
126.0,175.0,-1026.0
-15.0,42.0,-1026.0
62.0,-183.0,-985.0
33.0,-70.0,-888.0
134.0,107.0,-970.0
42.0,39.0,-1075.0
-111.0,-171.0,-981.0
-5.0,-85.0,-1040.0
-87.0,60.0,-1138.0
70.0,152.0,-1048.0
-29.0,-72.0,-1005.0
-29.0,-111.0,-958.0
113.0,21.0,-995.0
-124.0,1.0,-1024.0
50.0,-78.0,-1009.0
-298.0,-93.0,-1067.0
126.0,203.0,-1128.0
-214.0,101.0,-1134.0
136.0,-99.0,-909.0
-181.0,-81.0,-946.0
249.0,37.0,-981.0
-62.0,165.0,-1032.0
62.0,-56.0,-948.0
-181.0,-111.0,-1083.0
52.0,25.0,-1087.0
33.0,238.0,-1087.0
52.0,35.0,-997.0
95.0,-81.0,-919.0
44.0,-3.0,-952.0
175.0,111.0,-1071.0
-70.0,-37.0,-1034.0
1.0,-101.0,-944.0
-13.0,23.0,-1061.0
62.0,179.0,-1089.0
91.0,150.0,-1052.0
-7.0,-93.0,-966.0
121.0,-208.0,-868.0
146.0,138.0,-1018.0
19.0,87.0,-1091.0
-46.0,-58.0,-923.0
-169.0,-58.0,-1036.0
81.0,103.0,-1155.0
23.0,150.0,-1130.0
101.0,-74.0,-913.0
-31.0,-5.0,-862.0
130.0,60.0,-1032.0
-74.0,13.0,-1048.0
-48.0,-72.0,-1098.0
-212.0,-128.0,-1056.0
85.0,181.0,-1056.0
-52.0,162.0,-1098.0
74.0,17.0,-1032.0
-68.0,-109.0,-880.0
21.0,33.0,-929.0
21.0,91.0,-1050.0
-138.0,0.0,-1143.0
-72.0,-50.0,-977.0
-60.0,68.0,-1050.0
52.0,165.0,-1048.0
5.0,37.0,-1116.0
31.0,-23.0,-931.0
46.0,-13.0,-942.0
70.0,105.0,-962.0
-15.0,-25.0,-1071.0
-13.0,-46.0,-1009.0
21.0,85.0,-1061.0
52.0,187.0,-1087.0
74.0,50.0,-1057.0
-37.0,-87.0,-944.0
140.0,-19.0,-931.0
52.0,195.0,-985.0
95.0,-58.0,-979.0
-7.0,-66.0,-1003.0
-25.0,-52.0,-1093.0
109.0,210.0,-1042.0
-54.0,105.0,-1095.0
42.0,-117.0,-911.0
1.0,3.0,-944.0
95.0,21.0,-1015.0
0.0,-37.0,-946.0
-64.0,-115.0,-1050.0
-17.0,-9.0,-1122.0
21.0,288.0,-1132.0
-80.0,85.0,-1011.0
-31.0,-146.0,-966.0
-121.0,-177.0,-958.0
134.0,95.0,-976.0
-52.0,121.0,-1085.0
0.0,-117.0,-999.0
-171.0,-128.0,-1013.0
50.0,87.0,-1069.0
-163.0,208.0,-1180.0
95.0,-40.0,-952.0
-216.0,-42.0,-944.0
228.0,11.0,-956.0
-3.0,138.0,-1040.0
64.0,-103.0,-952.0
-130.0,-95.0,-1001.0
27.0,130.0,-1145.0
0.0,255.0,-1173.0
68.0,46.0,-970.0
-35.0,-259.0,-868.0
191.0,-33.0,-964.0
175.0,197.0,-1003.0
121.0,0.0,-989.0
-56.0,-117.0,-1003.0
-54.0,-37.0,-1116.0
64.0,226.0,-1075.0
37.0,103.0,-1026.0
74.0,-160.0,-907.0
89.0,-119.0,-911.0
115.0,60.0,-997.0
93.0,95.0,-1050.0
-66.0,-119.0,-1034.0
-146.0,-85.0,-1042.0
7.0,152.0,-1108.0
-74.0,163.0,-1120.0
48.0,-64.0,-974.0
-76.0,-136.0,-944.0
101.0,-66.0,-1018.0
-58.0,107.0,-1046.0
81.0,-7.0,-976.0
-249.0,-48.0,-1050.0
35.0,81.0,-1167.0
-206.0,144.0,-1171.0
113.0,68.0,-948.0
-193.0,-142.0,-903.0
259.0,15.0,-976.0
-105.0,99.0,-1091.0
74.0,-42.0,-981.0
-230.0,-37.0,-1067.0
37.0,109.0,-1145.0
-52.0,158.0,-1073.0
78.0,160.0,-958.0
3.0,-72.0,-950.0
109.0,-111.0,-956.0
97.0,42.0,-1052.0
-15.0,-7.0,-1081.0
1.0,19.0,-931.0
-37.0,37.0,-1020.0
115.0,220.0,-1130.0
5.0,35.0,-1108.0
93.0,-81.0,-870.0
56.0,-52.0,-880.0
183.0,70.0,-1001.0
25.0,23.0,-1048.0
-33.0,-81.0,-960.0
-23.0,-23.0,-1028.0
42.0,160.0,-1138.0
74.0,85.0,-1100.0
-13.0,-33.0,-933.0
74.0,-105.0,-858.0
62.0,78.0,-1026.0
52.0,-40.0,-1087.0
-62.0,-119.0,-1011.0
-122.0,7.0,-1032.0
58.0,150.0,-1124.0
-152.0,201.0,-1139.0
58.0,-124.0,-1020.0
-152.0,-52.0,-919.0
95.0,-5.0,-935.0
33.0,3.0,-1028.0
-128.0,-81.0,-1104.0
-76.0,-42.0,-1067.0
-136.0,234.0,-1026.0
115.0,158.0,-1079.0
-195.0,-33.0,-1075.0
138.0,-162.0,-897.0
-128.0,76.0,-991.0
222.0,128.0,-991.0
-76.0,-60.0,-1067.0
29.0,-62.0,-966.0
-3.0,23.0,-1083.0
17.0,312.0,-1106.0
74.0,27.0,-1077.0
-68.0,-56.0,-923.0
195.0,-83.0,-917.0
105.0,97.0,-976.0
103.0,-42.0,-995.0
27.0,-148.0,-1048.0
-19.0,66.0,-1093.0
93.0,240.0,-1063.0
-7.0,134.0,-1018.0
99.0,-173.0,-958.0
-64.0,-68.0,-976.0
208.0,70.0,-974.0
-72.0,5.0,-989.0
97.0,-81.0,-968.0
-142.0,-64.0,-1173.0
105.0,204.0,-1112.0
-167.0,158.0,-1073.0
50.0,-140.0,-952.0
-91.0,-89.0,-974.0
119.0,7.0,-997.0
-15.0,31.0,-1003.0
-23.0,-107.0,-1050.0
-152.0,-62.0,-1079.0
19.0,214.0,-1083.0
-89.0,173.0,-1130.0
-68.0,-42.0,-972.0
-109.0,-160.0,-911.0
128.0,46.0,-1018.0
11.0,119.0,-1032.0
31.0,-1.0,-968.0
-144.0,-191.0,-1013.0
103.0,95.0,-1093.0
-29.0,294.0,-1173.0
50.0,78.0,-1048.0
-66.0,-128.0,-821.0
103.0,-68.0,-927.0
197.0,78.0,-1020.0
40.0,29.0,-1079.0
27.0,-113.0,-956.0
-37.0,70.0,-1093.0
80.0,181.0,-1042.0
7.0,150.0,-1089.0
33.0,-162.0,-907.0
56.0,-80.0,-895.0
212.0,107.0,-976.0
107.0,-7.0,-1075.0
23.0,-111.0,-960.0
21.0,-87.0,-1054.0
107.0,203.0,-1141.0
128.0,203.0,-1087.0
138.0,-33.0,-997.0
204.0,-224.0,-915.0
441.0,-23.0,-927.0
259.0,76.0,-1079.0
349.0,-9.0,-1061.0
95.0,3.0,-1075.0
417.0,99.0,-1075.0
273.0,105.0,-1180.0
470.0,-48.0,-958.0
286.0,-81.0,-888.0
618.0,95.0,-976.0
415.0,60.0,-1061.0
380.0,-33.0,-1007.0
148.0,-121.0,-1065.0
351.0,119.0,-1089.0
284.0,201.0,-1122.0
244.0,140.0,-1030.0
244.0,-103.0,-860.0
171.0,0.0,-960.0
374.0,13.0,-991.0
64.0,40.0,-1106.0
99.0,-56.0,-956.0
42.0,66.0,-1085.0
124.0,163.0,-1046.0
122.0,13.0,-1050.0
29.0,-19.0,-901.0
134.0,-25.0,-948.0
154.0,124.0,-962.0
35.0,-13.0,-1061.0
-21.0,-95.0,-995.0
-33.0,-40.0,-1056.0
72.0,119.0,-1155.0
-56.0,148.0,-1083.0
81.0,-11.0,-966.0
-7.0,-62.0,-915.0
314.0,-13.0,-977.0
-60.0,31.0,-1087.0
216.0,-117.0,-999.0
-181.0,-1.0,-1126.0
275.0,5.0,-1116.0
-56.0,148.0,-1179.0
132.0,-29.0,-974.0
37.0,-37.0,-950.0
167.0,21.0,-929.0
105.0,-44.0,-1079.0
19.0,-33.0,-1061.0
-70.0,-93.0,-1083.0
11.0,113.0,-1097.0
-60.0,148.0,-1108.0
40.0,9.0,-1001.0
-91.0,-17.0,-917.0
162.0,-11.0,-960.0
-11.0,35.0,-1005.0
105.0,5.0,-1011.0
-240.0,-78.0,-1026.0
134.0,78.0,-1036.0
-156.0,140.0,-1153.0
54.0,5.0,-993.0
-72.0,-11.0,-913.0
68.0,-13.0,-894.0
185.0,152.0,-989.0
33.0,-93.0,-983.0
-66.0,23.0,-1044.0
111.0,210.0,-1087.0
-15.0,105.0,-1032.0
21.0,-66.0,-964.0
15.0,-130.0,-903.0
206.0,68.0,-936.0
7.0,29.0,-1067.0
1.0,-81.0,-1011.0
-117.0,-25.0,-1079.0
48.0,76.0,-1116.0
-1.0,179.0,-1071.0
95.0,-105.0,-958.0
-44.0,-87.0,-919.0
181.0,25.0,-1013.0
-83.0,7.0,-1057.0
89.0,-31.0,-1022.0
-236.0,-113.0,-1075.0
150.0,162.0,-1063.0
-138.0,171.0,-1118.0
140.0,-58.0,-989.0
-187.0,-76.0,-962.0
269.0,40.0,-977.0
-132.0,132.0,-1087.0
107.0,-56.0,-948.0
-244.0,-87.0,-1083.0
126.0,80.0,-1130.0
-68.0,224.0,-1122.0
109.0,46.0,-976.0
-50.0,-52.0,-905.0
95.0,-29.0,-936.0
119.0,89.0,-1040.0
-13.0,40.0,-1063.0
25.0,-9.0,-952.0
5.0,29.0,-1056.0
126.0,136.0,-1087.0
-9.0,122.0,-1059.0
111.0,-89.0,-890.0
1.0,-72.0,-1003.0
173.0,40.0,-976.0
-27.0,101.0,-1042.0
85.0,-72.0,-944.0
-119.0,-11.0,-1098.0
163.0,107.0,-1091.0
-66.0,169.0,-1169.0
150.0,-81.0,-860.0
-103.0,-111.0,-884.0
308.0,-29.0,-997.0
-33.0,99.0,-1112.0
74.0,-5.0,-1026.0
-115.0,-81.0,-1022.0
91.0,62.0,-1128.0
-52.0,48.0,-1098.0
105.0,31.0,-962.0
-81.0,-74.0,-944.0
199.0,-50.0,-880.0
-15.0,-5.0,-1093.0
-58.0,-1.0,-1108.0
-122.0,5.0,-1093.0
-50.0,134.0,-1093.0
-83.0,15.0,-1095.0
-35.0,37.0,-1007.0
29.0,-48.0,-913.0
74.0,-15.0,-977.0
-62.0,-46.0,-1046.0
17.0,-56.0,-1095.0
-199.0,66.0,-1040.0
15.0,150.0,-1009.0
-42.0,128.0,-1141.0
-74.0,-93.0,-1097.0
105.0,-58.0,-854.0
66.0,-5.0,-872.0
271.0,33.0,-987.0
-124.0,-3.0,-1044.0
81.0,-27.0,-995.0
-286.0,68.0,-1184.0
244.0,148.0,-1018.0
-109.0,66.0,-1075.0
173.0,-138.0,-827.0
81.0,-91.0,-911.0
163.0,37.0,-981.0
31.0,-95.0,-1056.0
-163.0,-40.0,-1030.0
-37.0,113.0,-1079.0
35.0,249.0,-1083.0
44.0,21.0,-1005.0
121.0,-169.0,-929.0
1.0,-87.0,-1018.0
212.0,-39.0,-876.0
-42.0,78.0,-1001.0
-44.0,-48.0,-1075.0
-236.0,58.0,-1122.0
162.0,183.0,-987.0
-167.0,83.0,-1214.0
208.0,-128.0,-923.0
-142.0,-95.0,-999.0
130.0,-62.0,-931.0
64.0,107.0,-997.0
-121.0,-3.0,-1034.0
-27.0,-1.0,-999.0
-23.0,179.0,-1225.0
-11.0,267.0,-1163.0
40.0,21.0,-997.0
-134.0,-259.0,-853.0
245.0,-39.0,-901.0
-37.0,224.0,-1065.0
117.0,-52.0,-977.0
-236.0,-42.0,-968.0
136.0,42.0,-1179.0
-87.0,343.0,-1210.0
257.0,201.0,-897.0
-156.0,-175.0,-833.0
230.0,-242.0,-921.0
-15.0,29.0,-1079.0
169.0,42.0,-1034.0
-111.0,-44.0,-989.0
-11.0,85.0,-1044.0
81.0,251.0,-1179.0
-35.0,275.0,-1077.0
152.0,-255.0,-853.0
-85.0,-201.0,-835.0
314.0,-93.0,-1071.0
-122.0,181.0,-1145.0
158.0,-52.0,-936.0
-331.0,-101.0,-985.0
265.0,169.0,-1083.0
-204.0,320.0,-1276.0
160.0,15.0,-950.0
-89.0,-216.0,-854.0
83.0,-206.0,-991.0
97.0,23.0,-1065.0
-31.0,25.0,-1034.0
-152.0,3.0,-989.0
0.0,232.0,-1202.0
-126.0,220.0,-1218.0
105.0,-52.0,-995.0
-124.0,-101.0,-794.0
279.0,-48.0,-890.0
-150.0,87.0,-1136.0
163.0,-78.0,-1003.0
-201.0,-15.0,-1028.0
39.0,109.0,-1130.0
-111.0,294.0,-1143.0
40.0,220.0,-1075.0
-91.0,-212.0,-917.0
111.0,-232.0,-767.0
54.0,-81.0,-1022.0
9.0,52.0,-1186.0
-97.0,29.0,-1065.0
62.0,93.0,-917.0
17.0,244.0,-1077.0
13.0,72.0,-1087.0
109.0,-122.0,-935.0
44.0,-134.0,-884.0
230.0,-62.0,-1009.0
72.0,-37.0,-966.0
78.0,-105.0,-981.0
-222.0,1.0,-1126.0
240.0,279.0,-1091.0
-187.0,179.0,-1259.0
52.0,-78.0,-886.0
-11.0,-189.0,-757.0
83.0,-62.0,-931.0
31.0,-81.0,-1188.0
-97.0,-25.0,-1026.0
1.0,-21.0,-1028.0
-242.0,253.0,-1093.0
113.0,206.0,-1003.0
-230.0,19.0,-1161.0
66.0,-206.0,-892.0
78.0,-37.0,-948.0
58.0,-35.0,-907.0
70.0,-35.0,-993.0
-245.0,72.0,-1198.0
68.0,72.0,-1262.0
-203.0,357.0,-1100.0
89.0,-19.0,-954.0
-111.0,-44.0,-841.0
355.0,-76.0,-913.0
-187.0,72.0,-1227.0
253.0,-99.0,-897.0
-204.0,-72.0,-989.0
0.0,78.0,-1054.0
91.0,368.0,-1173.0
-117.0,242.0,-1161.0
197.0,-244.0,-794.0
-7.0,-165.0,-853.0
433.0,-64.0,-936.0
-193.0,17.0,-1106.0
64.0,-15.0,-923.0
-247.0,83.0,-1190.0
156.0,277.0,-1143.0
23.0,154.0,-1126.0
162.0,-35.0,-771.0
-3.0,-111.0,-874.0
121.0,-152.0,-976.0
40.0,9.0,-1100.0
-121.0,-191.0,-1124.0
-42.0,-29.0,-890.0
72.0,261.0,-1052.0
-128.0,281.0,-1177.0
122.0,72.0,-1052.0
-154.0,-181.0,-925.0
273.0,-224.0,-835.0
-187.0,-5.0,-946.0
214.0,-13.0,-1077.0
-407.0,193.0,-1280.0
242.0,214.0,-1052.0
-310.0,165.0,-1259.0
230.0,-128.0,-856.0
-72.0,-144.0,-808.0
163.0,-19.0,-956.0
-80.0,40.0,-1118.0
54.0,46.0,-1130.0
-144.0,-142.0,-1077.0
154.0,144.0,-897.0
-158.0,357.0,-1118.0
-76.0,160.0,-1026.0
29.0,-64.0,-925.0
74.0,-228.0,-936.0
238.0,-56.0,-1052.0
-37.0,64.0,-936.0
175.0,-31.0,-970.0
-261.0,163.0,-1180.0
277.0,183.0,-1132.0
-308.0,87.0,-1108.0
220.0,-203.0,-878.0
-44.0,-177.0,-876.0
363.0,54.0,-866.0
-39.0,-122.0,-1136.0
-70.0,-64.0,-985.0
-76.0,107.0,-1141.0
-99.0,370.0,-1167.0
103.0,197.0,-1057.0
-52.0,-187.0,-892.0
76.0,-259.0,-927.0
306.0,-58.0,-993.0
-136.0,1.0,-1093.0
23.0,-93.0,-933.0
-329.0,-17.0,-1128.0
83.0,208.0,-1202.0
-163.0,298.0,-1151.0
167.0,13.0,-948.0
-134.0,-251.0,-849.0
214.0,-31.0,-907.0
-162.0,72.0,-1108.0
105.0,-81.0,-1044.0
-355.0,-39.0,-1093.0
244.0,122.0,-1052.0
-251.0,339.0,-1157.0
230.0,152.0,-854.0
-222.0,-33.0,-1005.0
220.0,-156.0,-1110.0
29.0,105.0,-1114.0
158.0,-138.0,-794.0
-103.0,-152.0,-847.0
54.0,89.0,-1153.0
-15.0,392.0,-1409.0
-23.0,162.0,-1048.0
156.0,-193.0,-720.0
-66.0,-251.0,-831.0
382.0,0.0,-876.0
-23.0,208.0,-1157.0
25.0,-103.0,-1046.0
101.0,-13.0,-1059.0
-111.0,165.0,-1143.0
140.0,181.0,-1034.0
-58.0,48.0,-856.0
95.0,-265.0,-952.0
64.0,-83.0,-1085.0
54.0,21.0,-1069.0
-83.0,-101.0,-1005.0
-191.0,25.0,-946.0
101.0,267.0,-1259.0
-275.0,199.0,-1278.0
167.0,83.0,-843.0
-222.0,-230.0,-847.0
70.0,-238.0,-894.0
83.0,74.0,-1065.0
-140.0,17.0,-1196.0
-93.0,74.0,-1038.0
-142.0,191.0,-1100.0
23.0,160.0,-1130.0
-136.0,169.0,-1005.0
195.0,-179.0,-821.0
-113.0,-148.0,-1118.0
222.0,-195.0,-948.0
-160.0,87.0,-993.0
-111.0,74.0,-1028.0
-89.0,203.0,-1139.0
3.0,253.0,-1116.0
33.0,-11.0,-1056.0
-52.0,54.0,-843.0
288.0,-148.0,-784.0
-48.0,31.0,-1079.0
214.0,-111.0,-1040.0
-218.0,-52.0,-1081.0
72.0,66.0,-1022.0
-5.0,197.0,-1116.0
179.0,154.0,-1018.0
31.0,-81.0,-960.0
-5.0,-60.0,-858.0
263.0,-13.0,-950.0
-35.0,-62.0,-1102.0
-11.0,-117.0,-962.0
-197.0,3.0,-987.0
76.0,277.0,-1175.0
-66.0,140.0,-1165.0
95.0,-83.0,-927.0
-91.0,-179.0,-868.0
208.0,-40.0,-917.0
7.0,0.0,-1089.0
-29.0,-122.0,-1081.0
-185.0,-13.0,-1112.0
31.0,203.0,-1059.0
54.0,284.0,-1153.0
27.0,-33.0,-997.0
-31.0,-185.0,-888.0
42.0,-52.0,-1013.0
50.0,39.0,-1065.0
-37.0,-31.0,-985.0
-171.0,-95.0,-1040.0
-25.0,138.0,-1126.0
-46.0,341.0,-1112.0
39.0,158.0,-1075.0
-89.0,-156.0,-899.0
124.0,-158.0,-870.0
25.0,31.0,-976.0
158.0,1.0,-1079.0
-171.0,-74.0,-1061.0
15.0,42.0,-1087.0
-5.0,349.0,-1122.0
119.0,142.0,-1018.0
25.0,-134.0,-890.0
13.0,-201.0,-981.0
277.0,-19.0,-923.0
-21.0,70.0,-1020.0
156.0,-140.0,-958.0
-193.0,13.0,-1132.0
173.0,212.0,-1139.0
-142.0,259.0,-1112.0
144.0,-70.0,-886.0
-95.0,-214.0,-860.0
216.0,-64.0,-948.0
-23.0,-19.0,-1136.0
3.0,-83.0,-999.0
-167.0,-7.0,-1083.0
3.0,201.0,-1071.0
-58.0,325.0,-1132.0
-39.0,13.0,-983.0
-62.0,-259.0,-919.0
107.0,-144.0,-979.0
15.0,25.0,-1063.0
48.0,7.0,-993.0
-259.0,-31.0,-1026.0
19.0,183.0,-1173.0
-154.0,249.0,-1218.0
109.0,142.0,-1001.0
-130.0,-152.0,-851.0
78.0,-83.0,-899.0
17.0,11.0,-1026.0
27.0,-13.0,-1118.0
-130.0,-95.0,-1056.0
-85.0,142.0,-1054.0
54.0,316.0,-1108.0
11.0,201.0,-1118.0
33.0,-109.0,-911.0
44.0,-226.0,-884.0
234.0,-31.0,-972.0
64.0,-1.0,-1083.0
25.0,-27.0,-993.0
-60.0,23.0,-1050.0
134.0,253.0,-1114.0
13.0,189.0,-1108.0
169.0,-91.0,-876.0
19.0,-70.0,-843.0
242.0,-58.0,-935.0
27.0,-152.0,-1081.0
-56.0,-122.0,-1009.0
-97.0,97.0,-1097.0
-5.0,320.0,-1124.0
-1.0,177.0,-1071.0
-109.0,-76.0,-915.0
-1.0,-234.0,-921.0
148.0,-31.0,-989.0
17.0,7.0,-1087.0
0.0,-115.0,-968.0
-259.0,17.0,-1052.0
72.0,167.0,-1167.0
-132.0,238.0,-1171.0
87.0,-21.0,-974.0
-142.0,-89.0,-911.0
156.0,-76.0,-938.0
60.0,39.0,-997.0
-37.0,-95.0,-1032.0
-160.0,-56.0,-1056.0
-78.0,152.0,-1165.0
-9.0,359.0,-1100.0
-19.0,87.0,-1036.0
17.0,-128.0,-860.0
54.0,-158.0,-946.0
177.0,33.0,-1003.0
29.0,-29.0,-1038.0
-85.0,-5.0,-966.0
-39.0,29.0,-1122.0
128.0,273.0,-1167.0
-9.0,163.0,-1057.0
66.0,-72.0,-862.0
42.0,-193.0,-890.0
201.0,-29.0,-991.0
40.0,3.0,-989.0
48.0,-163.0,-993.0
-136.0,87.0,-1085.0
156.0,222.0,-1132.0
-25.0,302.0,-1050.0
37.0,-138.0,-944.0
-15.0,-214.0,-876.0
154.0,-115.0,-1013.0
66.0,1.0,-1015.0
1.0,5.0,-977.0
-150.0,-66.0,-1007.0
87.0,189.0,-1210.0
-117.0,181.0,-1235.0
58.0,35.0,-952.0
-167.0,-101.0,-821.0
144.0,-109.0,-925.0
87.0,-70.0,-1063.0
-21.0,-62.0,-1089.0
-99.0,-27.0,-1026.0
-64.0,253.0,-1085.0
-62.0,333.0,-1145.0
-62.0,101.0,-1032.0
-52.0,-122.0,-870.0
74.0,-158.0,-942.0
85.0,-54.0,-1057.0
60.0,-27.0,-1040.0
-148.0,-15.0,-1026.0
-29.0,183.0,-1015.0
-3.0,242.0,-1206.0
-44.0,113.0,-1116.0
1.0,-52.0,-929.0
70.0,-64.0,-808.0
273.0,-80.0,-931.0
80.0,-83.0,-1038.0
11.0,-64.0,-1085.0
-111.0,95.0,-1063.0
-19.0,331.0,-1077.0
29.0,152.0,-1100.0
-9.0,-89.0,-983.0
66.0,-154.0,-851.0
199.0,-78.0,-933.0
58.0,-58.0,-1077.0
1.0,-134.0,-1026.0
-154.0,50.0,-1034.0
21.0,245.0,-1175.0
-124.0,267.0,-1169.0
97.0,-19.0,-987.0
-107.0,-175.0,-929.0
253.0,-58.0,-872.0
0.0,-62.0,-1044.0
1.0,-107.0,-1026.0
-253.0,-68.0,-1167.0
9.0,302.0,-1112.0
-80.0,284.0,-1155.0
37.0,70.0,-878.0
-66.0,-128.0,-954.0
31.0,-167.0,-997.0
156.0,29.0,-1018.0
-80.0,-103.0,-1026.0
-68.0,-64.0,-977.0
-138.0,136.0,-1124.0
27.0,409.0,-1126.0
-3.0,158.0,-1149.0
-128.0,-158.0,-917.0
119.0,-197.0,-925.0
48.0,17.0,-991.0
234.0,-7.0,-960.0
-216.0,-58.0,-1071.0
0.0,-52.0,-1073.0
-33.0,310.0,-1124.0
169.0,284.0,-1067.0
-23.0,-52.0,-940.0
66.0,-238.0,-847.0
156.0,-64.0,-1003.0
119.0,-68.0,-976.0
0.0,-64.0,-960.0
-204.0,-42.0,-1093.0
113.0,224.0,-1145.0
-99.0,325.0,-1136.0
70.0,37.0,-944.0
-111.0,-165.0,-915.0
140.0,-228.0,-892.0
39.0,11.0,-999.0
-58.0,-105.0,-1087.0
-126.0,-81.0,-1063.0
-87.0,226.0,-1087.0
99.0,273.0,-1116.0
-60.0,154.0,-981.0
-9.0,-148.0,-810.0
42.0,-162.0,-979.0
150.0,-83.0,-1071.0
-74.0,0.0,-1079.0
-177.0,-66.0,-948.0
-58.0,95.0,-1108.0
1.0,294.0,-1190.0
9.0,197.0,-1143.0
-128.0,25.0,-823.0
83.0,-208.0,-851.0
21.0,-113.0,-1020.0
154.0,-39.0,-1087.0
-204.0,9.0,-1032.0
56.0,56.0,-1040.0
-37.0,212.0,-1126.0
103.0,318.0,-1063.0
1.0,7.0,-952.0
37.0,-204.0,-854.0
234.0,-140.0,-948.0
46.0,-9.0,-1028.0
93.0,-83.0,-929.0
-199.0,35.0,-1079.0
107.0,271.0,-1167.0
-54.0,177.0,-1151.0
89.0,70.0,-909.0
-64.0,-144.0,-833.0
257.0,-130.0,-864.0
-13.0,-52.0,-1102.0
54.0,-105.0,-1095.0
-208.0,-58.0,-1063.0
138.0,134.0,-974.0
-76.0,341.0,-1180.0
107.0,72.0,-1145.0
-95.0,-126.0,-817.0
337.0,-208.0,-802.0
-54.0,-128.0,-1100.0
316.0,39.0,-1097.0
-689.0,-42.0,-1198.0
443.0,-11.0,-782.0
-325.0,365.0,-1239.0
329.0,175.0,-1173.0
-316.0,-35.0,-1007.0
357.0,-175.0,-554.0
-103.0,-7.0,-1157.0
284.0,-189.0,-1024.0
-228.0,-35.0,-1136.0
-132.0,111.0,-1036.0
111.0,269.0,-1184.0
-64.0,247.0,-1081.0
76.0,-19.0,-927.0
-68.0,-156.0,-913.0
300.0,-136.0,-958.0
-154.0,1.0,-1067.0
29.0,-93.0,-1065.0
-290.0,15.0,-1124.0
288.0,310.0,-1007.0
-193.0,281.0,-1214.0
300.0,-27.0,-872.0
-130.0,-130.0,-841.0
290.0,-197.0,-874.0
13.0,-66.0,-1077.0
-29.0,-25.0,-1104.0
-91.0,-39.0,-1054.0
37.0,214.0,-1036.0
3.0,251.0,-1093.0
103.0,50.0,-1038.0
-103.0,-177.0,-905.0
269.0,-150.0,-810.0
-99.0,-31.0,-1130.0
117.0,-165.0,-1024.0
-294.0,13.0,-1067.0
97.0,1.0,-1106.0
-115.0,300.0,-1153.0
31.0,208.0,-1020.0
-132.0,-142.0,-929.0
199.0,-154.0,-817.0
-113.0,-103.0,-1046.0
33.0,-23.0,-1026.0
-136.0,-62.0,-1122.0
-140.0,136.0,-1151.0
95.0,318.0,-1056.0
-154.0,177.0,-1038.0
13.0,-62.0,-958.0
3.0,-134.0,-940.0
187.0,-64.0,-979.0
-99.0,-31.0,-1036.0
-121.0,-35.0,-1085.0
25.0,-11.0,-1071.0
-91.0,343.0,-1108.0
111.0,224.0,-1085.0
-78.0,42.0,-958.0
126.0,-162.0,-810.0
156.0,-54.0,-907.0
175.0,-83.0,-1057.0
-206.0,-48.0,-1114.0
-33.0,-21.0,-991.0
-3.0,284.0,-1139.0
89.0,249.0,-1097.0
23.0,128.0,-942.0
29.0,-226.0,-843.0
136.0,-99.0,-935.0
54.0,-119.0,-1005.0
-21.0,-48.0,-1067.0
-150.0,-27.0,-1097.0
40.0,238.0,-1130.0
93.0,232.0,-1073.0
-62.0,76.0,-954.0
23.0,-130.0,-868.0
146.0,-140.0,-1038.0
66.0,-68.0,-1003.0
-62.0,-15.0,-1003.0
-142.0,-70.0,-1077.0
29.0,107.0,-1153.0
27.0,322.0,-1056.0
74.0,218.0,-1063.0
-191.0,-189.0,-1015.0
68.0,-220.0,-878.0
101.0,-11.0,-950.0
76.0,70.0,-1093.0
-162.0,-70.0,-1059.0
-124.0,68.0,-1067.0
91.0,230.0,-1100.0
-132.0,277.0,-1229.0
-15.0,-1.0,-938.0
-46.0,-242.0,-909.0
226.0,-25.0,-876.0
203.0,-1.0,-993.0
-122.0,7.0,-1050.0
-210.0,-37.0,-1161.0
130.0,244.0,-1108.0
37.0,279.0,-1120.0
-58.0,-3.0,-925.0
-130.0,-144.0,-812.0
300.0,-152.0,-936.0
62.0,-42.0,-1073.0
121.0,-11.0,-966.0
-156.0,-42.0,-1016.0
33.0,156.0,-1239.0
121.0,292.0,-1007.0
58.0,181.0,-1013.0
-150.0,-284.0,-862.0
304.0,-331.0,-892.0
68.0,23.0,-1065.0
195.0,-9.0,-1003.0
-357.0,130.0,-1106.0
66.0,-58.0,-1085.0
-52.0,318.0,-1194.0
-126.0,255.0,-1015.0
-85.0,-163.0,-903.0
-163.0,-226.0,-974.0
370.0,-199.0,-1042.0
-58.0,27.0,-1056.0
-140.0,-87.0,-886.0
-245.0,156.0,-1153.0
-29.0,163.0,-1305.0
169.0,347.0,-1063.0
-368.0,-42.0,-958.0
236.0,-267.0,-733.0
48.0,-187.0,-966.0
300.0,7.0,-1108.0
-443.0,177.0,-1161.0
21.0,74.0,-993.0
-394.0,169.0,-1249.0
433.0,144.0,-864.0
-259.0,193.0,-1063.0
214.0,-329.0,-813.0
80.0,-236.0,-1032.0
238.0,52.0,-923.0
-81.0,-1.0,-1139.0
-359.0,103.0,-1003.0
251.0,91.0,-1071.0
-54.0,277.0,-1206.0
351.0,-95.0,-1077.0
-322.0,-97.0,-704.0
423.0,-64.0,-696.0
-80.0,-7.0,-1284.0
212.0,-60.0,-1093.0
-411.0,-89.0,-1182.0
-48.0,72.0,-849.0
292.0,269.0,-1095.0
-296.0,214.0,-1116.0
189.0,-154.0,-938.0
-249.0,-163.0,-847.0
667.0,-171.0,-929.0
-288.0,62.0,-1145.0
117.0,17.0,-1032.0
-343.0,134.0,-1095.0
263.0,290.0,-1061.0
52.0,81.0,-1155.0
-238.0,-201.0,-856.0
322.0,-244.0,-743.0
-232.0,-128.0,-1106.0
632.0,136.0,-921.0
-753.0,210.0,-1450.0
91.0,-95.0,-1040.0
-177.0,255.0,-991.0
158.0,425.0,-936.0
-111.0,-83.0,-1100.0
1.0,-273.0,-911.0
80.0,-187.0,-1050.0
234.0,99.0,-878.0
-154.0,5.0,-1034.0
-142.0,-48.0,-1083.0
72.0,363.0,-1175.0
286.0,322.0,-1065.0
46.0,-183.0,-882.0
-23.0,-247.0,-776.0
247.0,-128.0,-981.0
244.0,122.0,-1042.0
-119.0,-154.0,-1056.0
-355.0,-25.0,-1089.0
68.0,179.0,-1020.0
103.0,458.0,-1139.0
40.0,126.0,-972.0
-193.0,-214.0,-798.0
271.0,-249.0,-936.0
156.0,-93.0,-1210.0
175.0,23.0,-946.0
-368.0,-107.0,-1030.0
-50.0,-40.0,-960.0
236.0,456.0,-1155.0
-87.0,324.0,-1235.0
33.0,-236.0,-915.0
-113.0,-365.0,-788.0
312.0,-136.0,-942.0
-148.0,201.0,-1050.0
-81.0,105.0,-1112.0
-228.0,29.0,-1303.0
214.0,122.0,-1126.0
132.0,185.0,-931.0
-97.0,-136.0,-819.0
5.0,-251.0,-956.0
187.0,-21.0,-1015.0
140.0,99.0,-1136.0
-292.0,-72.0,-976.0
-160.0,-39.0,-987.0
9.0,234.0,-1155.0
121.0,433.0,-1155.0
46.0,115.0,-917.0
-189.0,-292.0,-874.0
185.0,-238.0,-911.0
185.0,31.0,-1056.0
-83.0,-35.0,-1085.0
-136.0,62.0,-966.0
-66.0,244.0,-1177.0
183.0,306.0,-1169.0
74.0,-128.0,-962.0
5.0,-355.0,-784.0
191.0,-158.0,-851.0
335.0,165.0,-1052.0
-1.0,76.0,-1177.0
-199.0,-101.0,-1065.0
-58.0,31.0,-933.0
150.0,263.0,-1097.0
-126.0,224.0,-1098.0
23.0,-107.0,-909.0
-136.0,-245.0,-907.0
378.0,-117.0,-966.0
-76.0,19.0,-1052.0
-58.0,46.0,-1136.0
-388.0,107.0,-1134.0
318.0,222.0,-997.0
-152.0,0.0,-1104.0
66.0,-95.0,-876.0
-54.0,-85.0,-894.0
255.0,-13.0,-1011.0
-15.0,-48.0,-1132.0
-281.0,-76.0,-1001.0
-93.0,19.0,-1026.0
-83.0,294.0,-1182.0
214.0,363.0,-1030.0
-218.0,66.0,-1067.0
17.0,-238.0,-981.0
181.0,-171.0,-966.0
193.0,-169.0,-954.0
-216.0,-113.0,-948.0
-189.0,195.0,-1093.0
89.0,413.0,-1235.0
228.0,308.0,-1214.0
0.0,-76.0,-839.0
64.0,-314.0,-743.0
97.0,-70.0,-921.0
277.0,81.0,-1048.0
-89.0,-60.0,-1132.0
-269.0,-46.0,-1087.0
42.0,160.0,-1124.0
193.0,380.0,-1020.0
142.0,7.0,-1034.0
-300.0,-154.0,-757.0
368.0,-68.0,-876.0
-163.0,-23.0,-1259.0
286.0,-197.0,-989.0
-474.0,-152.0,-1081.0
128.0,37.0,-1005.0
158.0,443.0,-1141.0
-11.0,261.0,-1048.0
-46.0,-230.0,-907.0
-201.0,-253.0,-874.0
351.0,-169.0,-1091.0
-11.0,152.0,-1073.0
-101.0,83.0,-1057.0
-222.0,1.0,-1098.0
95.0,203.0,-1091.0
-44.0,195.0,-1095.0
-138.0,-103.0,-976.0
-25.0,-296.0,-913.0
128.0,-111.0,-1009.0
117.0,134.0,-919.0
-111.0,17.0,-1081.0
-398.0,35.0,-1132.0
259.0,175.0,-1141.0
42.0,347.0,-1059.0
245.0,40.0,-882.0
-249.0,-255.0,-966.0
359.0,-263.0,-921.0
-39.0,35.0,-1153.0
-27.0,58.0,-1054.0
-245.0,68.0,-1042.0
-85.0,140.0,-1059.0
177.0,238.0,-1106.0
-64.0,169.0,-976.0
64.0,-163.0,-823.0
-89.0,-144.0,-1079.0
327.0,7.0,-929.0
-33.0,-31.0,-981.0
-189.0,-124.0,-974.0
193.0,-11.0,-1087.0
21.0,310.0,-1065.0
70.0,236.0,-1057.0
-230.0,78.0,-987.0
60.0,-232.0,-1018.0
99.0,-267.0,-997.0
109.0,-115.0,-819.0
-300.0,109.0,-1048.0
-140.0,300.0,-1305.0
197.0,310.0,-1298.0
-27.0,-105.0,-991.0
0.0,-402.0,-710.0
-138.0,-177.0,-819.0
306.0,124.0,-1007.0
3.0,189.0,-1247.0
-304.0,-72.0,-1171.0
-66.0,-35.0,-825.0
-21.0,286.0,-1083.0
185.0,80.0,-1163.0
-136.0,171.0,-940.0
-236.0,-183.0,-901.0
136.0,-173.0,-962.0
156.0,-39.0,-1139.0
-72.0,-101.0,-1040.0
-124.0,40.0,-995.0
-35.0,261.0,-1052.0
121.0,347.0,-1134.0
-89.0,-25.0,-1106.0
-21.0,-325.0,-808.0
60.0,-31.0,-860.0
244.0,9.0,-950.0
74.0,113.0,-1079.0
-140.0,39.0,-1130.0
93.0,3.0,-1167.0
1.0,181.0,-942.0
66.0,39.0,-911.0
-175.0,-42.0,-995.0
163.0,-210.0,-1106.0
66.0,-54.0,-915.0
189.0,-240.0,-936.0
-452.0,101.0,-1046.0
97.0,324.0,-1044.0
-472.0,415.0,-1358.0
-158.0,-201.0,-1015.0
-251.0,-232.0,-765.0
-132.0,-160.0,-919.0
-64.0,21.0,-1071.0
-290.0,244.0,-1022.0
-427.0,-175.0,-1083.0
-491.0,-64.0,-1005.0
-138.0,273.0,-1171.0
-650.0,201.0,-1212.0
-78.0,93.0,-843.0
-556.0,-236.0,-921.0
121.0,-148.0,-977.0
-320.0,62.0,-1112.0
-324.0,-46.0,-979.0
-386.0,95.0,-1112.0
-298.0,173.0,-1157.0
-175.0,195.0,-1063.0
-271.0,-23.0,-1009.0
-119.0,-173.0,-909.0
-58.0,-52.0,-935.0
-68.0,70.0,-1052.0
-80.0,37.0,-1069.0
-275.0,-58.0,-1139.0
-121.0,158.0,-1054.0
-40.0,173.0,-1054.0
-187.0,226.0,-1057.0
-29.0,-314.0,-856.0
-56.0,-230.0,-876.0
1.0,-91.0,-1003.0
25.0,150.0,-1034.0
-259.0,64.0,-1015.0
-85.0,-46.0,-974.0
-138.0,230.0,-1083.0
76.0,40.0,-1079.0
-44.0,21.0,-792.0
117.0,-107.0,-862.0
-80.0,-146.0,-1030.0
93.0,-89.0,-1020.0
-380.0,-78.0,-1077.0
124.0,0.0,-1003.0
-247.0,314.0,-1190.0
76.0,165.0,-997.0
-70.0,78.0,-952.0
-48.0,-269.0,-933.0
126.0,-220.0,-956.0
-93.0,33.0,-1048.0
-150.0,19.0,-1067.0
-40.0,208.0,-1073.0
-167.0,214.0,-1143.0
115.0,58.0,-1018.0
-171.0,-27.0,-1038.0
97.0,-203.0,-919.0
-33.0,60.0,-944.0
7.0,21.0,-1067.0
-58.0,-58.0,-1083.0
-132.0,76.0,-1067.0
-40.0,212.0,-1095.0
11.0,247.0,-1126.0
-115.0,-21.0,-1042.0
52.0,-195.0,-868.0
29.0,13.0,-968.0
206.0,-31.0,-1067.0
-19.0,-25.0,-1003.0
-78.0,5.0,-1032.0
11.0,189.0,-1075.0
27.0,302.0,-1173.0
-15.0,-85.0,-1024.0
40.0,-165.0,-821.0
119.0,-11.0,-958.0
119.0,17.0,-966.0
148.0,-105.0,-1026.0
-273.0,-87.0,-1069.0
234.0,130.0,-1038.0
-230.0,439.0,-1151.0
232.0,-15.0,-981.0
-150.0,-148.0,-952.0
165.0,-284.0,-936.0
93.0,19.0,-999.0
50.0,48.0,-1048.0
-154.0,-111.0,-1011.0
-97.0,128.0,-1042.0
-113.0,261.0,-1179.0
-13.0,158.0,-1087.0
-29.0,-163.0,-933.0
-56.0,-218.0,-952.0
156.0,44.0,-929.0
-29.0,56.0,-1093.0
-52.0,-160.0,-954.0
-193.0,76.0,-1149.0
-72.0,214.0,-1153.0
-21.0,320.0,-1089.0
-76.0,-70.0,-956.0
-1.0,-296.0,-956.0
138.0,-66.0,-983.0
-35.0,60.0,-1061.0
42.0,-13.0,-935.0
-318.0,70.0,-1139.0
85.0,163.0,-1110.0
-121.0,288.0,-1128.0
103.0,-13.0,-884.0
21.0,-218.0,-919.0
144.0,-128.0,-946.0
101.0,-37.0,-1048.0
-19.0,9.0,-1022.0
-80.0,-74.0,-1042.0
-27.0,122.0,-1022.0
58.0,337.0,-1102.0
-54.0,148.0,-1065.0
89.0,-146.0,-880.0
-21.0,-290.0,-1007.0
191.0,-105.0,-1007.0
-70.0,66.0,-1044.0
-130.0,-46.0,-944.0
-83.0,64.0,-1079.0
-37.0,222.0,-1196.0
33.0,189.0,-1050.0
107.0,-70.0,-888.0
-80.0,-238.0,-870.0
197.0,-103.0,-976.0
-126.0,40.0,-1132.0
-66.0,-70.0,-979.0
-121.0,105.0,-1050.0
-44.0,236.0,-1138.0
74.0,249.0,-1044.0
-42.0,5.0,-979.0
-50.0,-267.0,-944.0
97.0,-130.0,-954.0
-111.0,46.0,-1093.0
9.0,-1.0,-970.0
-179.0,119.0,-1079.0
17.0,199.0,-1173.0
17.0,222.0,-1147.0
-19.0,40.0,-993.0
54.0,-181.0,-835.0
54.0,-15.0,-948.0
162.0,-66.0,-1042.0
-27.0,-5.0,-1083.0
-17.0,0.0,-1024.0
11.0,232.0,-1020.0
60.0,244.0,-1184.0
-33.0,19.0,-1104.0
80.0,-177.0,-817.0
0.0,-81.0,-952.0
204.0,-72.0,-1032.0
-7.0,-21.0,-1034.0
-122.0,-87.0,-997.0
101.0,173.0,-1052.0
-1.0,335.0,-1167.0
117.0,37.0,-1057.0
-5.0,-39.0,-880.0
121.0,-212.0,-872.0
25.0,-95.0,-974.0
66.0,-31.0,-1147.0
-179.0,-122.0,-1087.0
19.0,173.0,-962.0
-93.0,277.0,-1139.0
80.0,156.0,-1091.0
-80.0,-76.0,-974.0
-21.0,-226.0,-946.0
91.0,-66.0,-981.0
-56.0,23.0,-1015.0
-58.0,-101.0,-1011.0
-148.0,89.0,-1120.0
21.0,284.0,-1145.0
-29.0,247.0,-1120.0
-23.0,-81.0,-935.0
-60.0,-128.0,-907.0
95.0,-85.0,-935.0
58.0,-1.0,-1065.0
-21.0,-87.0,-1007.0
-37.0,83.0,-1104.0
-29.0,281.0,-1059.0
107.0,259.0,-1032.0
-78.0,-29.0,-1067.0
128.0,-238.0,-921.0
48.0,-42.0,-917.0
154.0,-33.0,-956.0
101.0,-54.0,-983.0
-177.0,37.0,-1114.0
144.0,130.0,-1102.0
-101.0,316.0,-1153.0
89.0,52.0,-935.0
-27.0,-150.0,-866.0
177.0,-224.0,-966.0
97.0,-31.0,-999.0
15.0,-31.0,-1095.0
-89.0,-134.0,-985.0
-37.0,160.0,-1057.0
-17.0,281.0,-1138.0
-52.0,124.0,-1100.0
15.0,-171.0,-888.0
-50.0,-187.0,-972.0
247.0,-78.0,-956.0
-111.0,46.0,-1034.0
-17.0,-154.0,-997.0
-138.0,113.0,-1173.0
-31.0,296.0,-1155.0
-19.0,284.0,-1065.0
-74.0,-126.0,-931.0
-7.0,-263.0,-886.0
95.0,-85.0,-981.0
91.0,117.0,-1120.0
-91.0,-23.0,-1009.0
-121.0,95.0,-1005.0
-68.0,146.0,-1091.0
27.0,263.0,-1108.0
-25.0,1.0,-1030.0
80.0,-148.0,-905.0
101.0,-40.0,-909.0
91.0,-19.0,-1011.0
21.0,-13.0,-1030.0
-138.0,-42.0,-1067.0
7.0,251.0,-1065.0
19.0,283.0,-1171.0
3.0,136.0,-981.0
80.0,-220.0,-864.0
130.0,-203.0,-933.0
222.0,-115.0,-1024.0
-11.0,93.0,-1056.0
-60.0,7.0,-1003.0
-33.0,107.0,-1011.0
70.0,244.0,-1097.0
42.0,44.0,-1114.0
163.0,-93.0,-886.0
25.0,-124.0,-911.0
136.0,-80.0,-981.0
-39.0,-52.0,-1034.0
-165.0,-156.0,-1063.0
-31.0,115.0,-1112.0
-89.0,304.0,-1143.0
80.0,230.0,-1015.0
-68.0,-109.0,-1011.0
19.0,-273.0,-897.0
52.0,-56.0,-1020.0
-72.0,0.0,-1116.0
-138.0,-29.0,-970.0
-197.0,48.0,-1059.0
-11.0,267.0,-1145.0
29.0,240.0,-1059.0
-197.0,-31.0,-1001.0
-97.0,-191.0,-921.0
-101.0,-13.0,-968.0
-152.0,-1.0,-983.0
-253.0,-80.0,-1011.0
-407.0,-29.0,-1097.0
-179.0,220.0,-1087.0
-312.0,368.0,-1083.0
-376.0,56.0,-979.0
-642.0,-204.0,-864.0
-347.0,-119.0,-1001.0
-517.0,-72.0,-1075.0
-394.0,37.0,-841.0
-962.0,-64.0,-1050.0
-523.0,76.0,-1116.0
-765.0,306.0,-1218.0
-673.0,37.0,-1030.0
-880.0,-60.0,-819.0
-927.0,-138.0,-976.0
-671.0,-87.0,-977.0
-845.0,1.0,-1073.0
-1118.0,-119.0,-989.0
-972.0,-31.0,-1132.0
-1112.0,236.0,-1210.0
-894.0,271.0,-1036.0
-1194.0,52.0,-1024.0
-1106.0,-402.0,-897.0
-897.0,-156.0,-894.0
-1069.0,146.0,-1182.0
-1161.0,-91.0,-1079.0
-1300.0,42.0,-1038.0
-1233.0,35.0,-1145.0
-1091.0,203.0,-1102.0
-1274.0,124.0,-1030.0
-1241.0,-203.0,-839.0
-972.0,-83.0,-933.0
-1079.0,42.0,-1097.0
-1136.0,48.0,-1034.0
-1485.0,-54.0,-1003.0
-1290.0,-35.0,-1087.0
-1212.0,244.0,-1149.0
-1366.0,234.0,-1124.0
-1380.0,25.0,-769.0
-1251.0,-253.0,-827.0
-1220.0,-208.0,-1001.0
-1251.0,95.0,-1087.0
-1639.0,52.0,-1097.0
-1311.0,-48.0,-942.0
-1260.0,218.0,-1044.0
-1223.0,140.0,-1067.0
-1186.0,68.0,-897.0
-1259.0,-236.0,-884.0
-976.0,-130.0,-933.0
-1216.0,3.0,-1116.0
-1401.0,122.0,-1018.0
-1335.0,-33.0,-942.0
-1383.0,13.0,-1100.0
-1120.0,146.0,-1093.0
-1510.0,52.0,-1095.0
-1007.0,124.0,-755.0
-1247.0,-380.0,-899.0
-1028.0,261.0,-1098.0
-1421.0,-318.0,-1167.0
-1272.0,80.0,-1001.0
-1210.0,91.0,-1073.0
-1118.0,113.0,-1216.0
-1149.0,150.0,-1040.0
-1085.0,-175.0,-854.0
-923.0,138.0,-886.0
-747.0,-197.0,-1015.0
-1044.0,232.0,-1104.0
-700.0,-220.0,-1100.0
-979.0,292.0,-1122.0
-230.0,46.0,-1067.0
-720.0,37.0,-1143.0
52.0,236.0,-849.0
-447.0,-158.0,-860.0
201.0,263.0,-991.0
-396.0,-230.0,-1290.0
-40.0,-122.0,-1202.0
-255.0,126.0,-952.0
-48.0,199.0,-1026.0
-160.0,275.0,-1018.0
-201.0,-230.0,-866.0
48.0,255.0,-944.0
-140.0,-17.0,-1030.0
-99.0,-66.0,-940.0
-193.0,13.0,-954.0
76.0,-400.0,-1028.0
119.0,548.0,-948.0
154.0,-195.0,-1036.0
-81.0,286.0,-968.0
245.0,-64.0,-976.0
-29.0,-306.0,-1075.0
296.0,-15.0,-991.0
-210.0,201.0,-976.0
-31.0,33.0,-974.0
-162.0,316.0,-1251.0
117.0,81.0,-1075.0
-368.0,-162.0,-979.0
103.0,-173.0,-931.0
89.0,208.0,-1026.0
347.0,-128.0,-923.0
163.0,152.0,-970.0
253.0,-302.0,-1225.0
253.0,72.0,-1163.0
462.0,46.0,-1081.0
288.0,78.0,-1292.0
607.0,-78.0,-921.0
482.0,-247.0,-858.0
509.0,366.0,-1093.0
333.0,160.0,-1171.0
171.0,-48.0,-1015.0
261.0,44.0,-1102.0
322.0,31.0,-1364.0
486.0,271.0,-886.0
267.0,-396.0,-792.0
720.0,31.0,-942.0
489.0,136.0,-1124.0
638.0,-158.0,-876.0
312.0,5.0,-1046.0
648.0,-52.0,-1251.0
585.0,9.0,-1100.0
691.0,-60.0,-935.0
661.0,341.0,-931.0
661.0,-443.0,-884.0
532.0,39.0,-944.0
610.0,-60.0,-1003.0
44.0,181.0,-1118.0
589.0,74.0,-874.0
292.0,37.0,-1139.0
708.0,-19.0,-960.0
322.0,-113.0,-892.0
489.0,-89.0,-788.0
513.0,121.0,-1024.0
562.0,-105.0,-1011.0
370.0,-23.0,-1007.0
735.0,64.0,-931.0
257.0,-132.0,-1274.0
921.0,335.0,-1069.0
242.0,-214.0,-1028.0
577.0,136.0,-911.0
431.0,-220.0,-1046.0
679.0,78.0,-1077.0
363.0,222.0,-1056.0
308.0,-5.0,-991.0
368.0,111.0,-1005.0
505.0,-3.0,-1179.0
374.0,-81.0,-1124.0
659.0,31.0,-847.0
329.0,78.0,-950.0
833.0,40.0,-979.0
472.0,-95.0,-1116.0
431.0,40.0,-1083.0
620.0,136.0,-1114.0
730.0,66.0,-1075.0
794.0,128.0,-1046.0
499.0,-62.0,-960.0
774.0,99.0,-876.0
700.0,-101.0,-1052.0
825.0,60.0,-1081.0
622.0,25.0,-997.0
415.0,40.0,-1040.0
595.0,17.0,-1011.0
607.0,81.0,-1007.0
476.0,11.0,-921.0
698.0,122.0,-858.0
538.0,117.0,-1003.0
671.0,-19.0,-1032.0
331.0,-72.0,-950.0
737.0,-128.0,-1024.0
534.0,56.0,-1196.0
864.0,1.0,-1044.0
437.0,-25.0,-905.0
651.0,107.0,-981.0
646.0,-33.0,-1054.0
730.0,21.0,-1024.0
433.0,-1.0,-1044.0
554.0,244.0,-979.0
648.0,146.0,-1167.0
609.0,103.0,-1108.0
558.0,-64.0,-954.0
573.0,-165.0,-788.0
757.0,234.0,-1042.0
876.0,60.0,-1095.0
544.0,-109.0,-1032.0
583.0,-189.0,-962.0
513.0,93.0,-1227.0
851.0,13.0,-1171.0
445.0,83.0,-999.0
589.0,60.0,-874.0
609.0,126.0,-876.0
813.0,187.0,-1020.0
622.0,-72.0,-1063.0
413.0,15.0,-1057.0
610.0,9.0,-1020.0
568.0,76.0,-1104.0
741.0,-66.0,-1056.0
462.0,-189.0,-886.0
675.0,39.0,-884.0
868.0,-107.0,-1044.0
644.0,40.0,-1071.0
624.0,27.0,-936.0
478.0,0.0,-1050.0
749.0,91.0,-1153.0
538.0,-76.0,-1175.0
659.0,17.0,-935.0
646.0,58.0,-831.0
757.0,40.0,-960.0
778.0,-87.0,-1013.0
441.0,-81.0,-1075.0
591.0,-42.0,-987.0
452.0,76.0,-1171.0
806.0,-111.0,-1026.0
316.0,-97.0,-1050.0
737.0,46.0,-833.0
585.0,136.0,-1069.0
732.0,13.0,-1009.0
372.0,-52.0,-1022.0
450.0,15.0,-1011.0
441.0,105.0,-1204.0
528.0,1.0,-1138.0
322.0,-11.0,-987.0
499.0,46.0,-839.0
501.0,107.0,-882.0
675.0,-83.0,-1069.0
255.0,-68.0,-1102.0
310.0,35.0,-1048.0
322.0,160.0,-1032.0
478.0,78.0,-1100.0
253.0,-165.0,-1020.0
415.0,19.0,-892.0
333.0,132.0,-1001.0
517.0,113.0,-1034.0
240.0,-87.0,-1011.0
95.0,-46.0,-940.0
230.0,68.0,-1122.0
111.0,19.0,-1145.0
271.0,-58.0,-1032.0
29.0,-29.0,-938.0
365.0,113.0,-827.0
140.0,37.0,-1011.0
261.0,-91.0,-1040.0
-117.0,40.0,-1116.0
130.0,9.0,-1030.0
-48.0,134.0,-1136.0
230.0,-19.0,-1036.0
-17.0,-1.0,-1020.0
224.0,3.0,-962.0
158.0,-21.0,-1030.0
195.0,29.0,-981.0
-35.0,-54.0,-972.0
56.0,48.0,-1089.0
-23.0,-52.0,-1208.0
58.0,138.0,-1075.0
91.0,-46.0,-944.0
89.0,-7.0,-917.0
201.0,-72.0,-923.0
152.0,-76.0,-1063.0
-7.0,-50.0,-1085.0
-25.0,-162.0,-1057.0
7.0,-31.0,-1087.0
130.0,-74.0,-1075.0
29.0,-23.0,-1005.0
144.0,-208.0,-938.0
109.0,-242.0,-1003.0
187.0,-107.0,-966.0
74.0,-181.0,-958.0
-17.0,-201.0,-995.0
0.0,-310.0,-1126.0
66.0,-214.0,-1079.0
74.0,-122.0,-1057.0
-13.0,-286.0,-892.0
181.0,-409.0,-837.0
39.0,-404.0,-1040.0
130.0,-288.0,-1054.0
-85.0,-363.0,-1015.0
50.0,-435.0,-983.0
-54.0,-372.0,-1098.0
85.0,-275.0,-1061.0
33.0,-437.0,-989.0
70.0,-425.0,-909.0
140.0,-468.0,-995.0
117.0,-486.0,-983.0
-156.0,-517.0,-999.0
48.0,-689.0,-1067.0
-81.0,-610.0,-1132.0
105.0,-454.0,-1110.0
-165.0,-609.0,-1001.0
175.0,-626.0,-845.0
-99.0,-634.0,-970.0
226.0,-472.0,-1075.0
-187.0,-491.0,-1159.0
48.0,-591.0,-913.0
-169.0,-495.0,-1024.0
212.0,-628.0,-1091.0
-185.0,-566.0,-1139.0
181.0,-808.0,-858.0
3.0,-601.0,-905.0
236.0,-560.0,-985.0
-27.0,-601.0,-1024.0
29.0,-858.0,-964.0
-50.0,-700.0,-1081.0
56.0,-603.0,-1120.0
204.0,-548.0,-972.0
17.0,-657.0,-913.0
222.0,-634.0,-837.0
111.0,-575.0,-993.0
113.0,-583.0,-1013.0
-46.0,-521.0,-1048.0
52.0,-593.0,-1046.0
56.0,-544.0,-995.0
121.0,-486.0,-1003.0
31.0,-772.0,-1015.0
193.0,-675.0,-929.0
74.0,-536.0,-960.0
146.0,-447.0,-979.0
-78.0,-468.0,-1061.0
15.0,-585.0,-1042.0
15.0,-425.0,-1026.0
136.0,-462.0,-1095.0
-103.0,-667.0,-1063.0
140.0,-921.0,-919.0
-37.0,-691.0,-925.0
162.0,-528.0,-1112.0
-124.0,-577.0,-1036.0
13.0,-657.0,-966.0
-107.0,-433.0,-1138.0
83.0,-183.0,-1122.0
-5.0,-201.0,-1052.0
-9.0,-388.0,-952.0
103.0,-456.0,-952.0
54.0,-294.0,-974.0
37.0,-433.0,-983.0
-136.0,-400.0,-1122.0
105.0,-433.0,-1124.0
-119.0,-283.0,-1100.0
138.0,-363.0,-843.0
-93.0,-626.0,-940.0
72.0,-771.0,-913.0
66.0,-667.0,-1003.0
-37.0,-573.0,-1057.0
-1.0,-560.0,-1048.0
-58.0,-488.0,-985.0
128.0,-271.0,-1038.0
-124.0,-160.0,-1130.0
113.0,-206.0,-925.0
-91.0,-187.0,-952.0
179.0,-284.0,-942.0
9.0,-210.0,-1028.0
-78.0,-480.0,-985.0
17.0,-527.0,-1028.0
-48.0,-552.0,-1163.0
7.0,-528.0,-1100.0
-119.0,-767.0,-899.0
3.0,-757.0,-806.0
-21.0,-624.0,-1071.0
103.0,-527.0,-1075.0
-169.0,-484.0,-962.0
-97.0,-489.0,-964.0
-29.0,-288.0,-1098.0
-48.0,-126.0,-1112.0
-101.0,-201.0,-1013.0
-3.0,-400.0,-878.0
70.0,-558.0,-860.0
111.0,-558.0,-1007.0
-66.0,-815.0,-1104.0
-37.0,-864.0,-1063.0
-181.0,-796.0,-1022.0
185.0,-566.0,-1132.0
-117.0,-464.0,-1120.0
76.0,-603.0,-903.0
-126.0,-562.0,-897.0
187.0,-521.0,-987.0
-68.0,-378.0,-1095.0
27.0,-753.0,-1013.0
-64.0,-792.0,-985.0
-35.0,-757.0,-1061.0
46.0,-568.0,-1034.0
29.0,-587.0,-958.0
101.0,-628.0,-815.0
95.0,-599.0,-899.0
95.0,-691.0,-999.0
-70.0,-858.0,-1098.0
0.0,-925.0,-1036.0
48.0,-894.0,-1077.0
-3.0,-739.0,-983.0
152.0,-741.0,-989.0
42.0,-544.0,-966.0
173.0,-404.0,-977.0
21.0,-312.0,-977.0
-29.0,-605.0,-974.0
7.0,-730.0,-1087.0
-40.0,-704.0,-1126.0
111.0,-747.0,-1067.0
-150.0,-722.0,-940.0
185.0,-696.0,-962.0
-7.0,-386.0,-989.0
179.0,-372.0,-964.0
-144.0,-480.0,-960.0
46.0,-653.0,-1061.0
-44.0,-552.0,-1091.0
85.0,-402.0,-1102.0
93.0,-513.0,-1022.0
-25.0,-491.0,-935.0
206.0,-308.0,-944.0
111.0,-99.0,-1038.0
126.0,-230.0,-993.0
-132.0,-501.0,-1009.0
144.0,-456.0,-1069.0
60.0,-240.0,-1175.0
119.0,-107.0,-1011.0
81.0,-265.0,-901.0
21.0,-85.0,-958.0
242.0,-99.0,-1042.0
-21.0,-119.0,-1011.0
-25.0,-376.0,-927.0
-89.0,-220.0,-1057.0
121.0,42.0,-1184.0
25.0,89.0,-1112.0
-44.0,-165.0,-868.0
33.0,-259.0,-935.0
31.0,-142.0,-1069.0
117.0,-13.0,-1054.0
-109.0,-162.0,-1046.0
58.0,-80.0,-1044.0
-160.0,146.0,-1153.0
126.0,458.0,-1114.0
-160.0,255.0,-1044.0
-11.0,158.0,-849.0
-52.0,29.0,-997.0
46.0,50.0,-1075.0
-138.0,-33.0,-1110.0
-76.0,-117.0,-993.0
-126.0,54.0,-1118.0
-37.0,126.0,-1106.0
-66.0,126.0,-1069.0
-81.0,3.0,-901.0
-58.0,62.0,-938.0
5.0,222.0,-1048.0
31.0,226.0,-1013.0
-124.0,312.0,-958.0
52.0,310.0,-1134.0
-70.0,421.0,-1186.0
19.0,318.0,-958.0
-60.0,163.0,-839.0
97.0,160.0,-901.0
76.0,160.0,-995.0
68.0,60.0,-1001.0
-52.0,-128.0,-1057.0
-1.0,27.0,-966.0
74.0,124.0,-1100.0
-13.0,117.0,-1044.0
-19.0,93.0,-905.0
62.0,68.0,-845.0
54.0,212.0,-993.0
80.0,298.0,-1048.0
-66.0,310.0,-1052.0
89.0,203.0,-974.0
-107.0,304.0,-1067.0
115.0,271.0,-1100.0
-160.0,103.0,-1063.0
89.0,113.0,-853.0
-25.0,81.0,-989.0
121.0,29.0,-1081.0
-128.0,-81.0,-997.0
-5.0,56.0,-1034.0
-136.0,189.0,-1235.0
-17.0,292.0,-1059.0
-130.0,224.0,-956.0
5.0,273.0,-897.0
-9.0,437.0,-1011.0
83.0,292.0,-997.0
-81.0,189.0,-1005.0
-39.0,181.0,-1077.0
-17.0,394.0,-1126.0
48.0,482.0,-1139.0
-52.0,185.0,-960.0
37.0,87.0,-997.0
113.0,117.0,-970.0
251.0,361.0,-1085.0
-31.0,325.0,-1003.0
87.0,259.0,-1059.0
-85.0,347.0,-1057.0
187.0,546.0,-1155.0
-11.0,501.0,-1081.0
40.0,267.0,-880.0
66.0,456.0,-868.0
165.0,441.0,-1069.0
89.0,384.0,-1040.0
-21.0,134.0,-993.0
66.0,210.0,-1044.0
-9.0,333.0,-1186.0
113.0,474.0,-1104.0
-56.0,286.0,-919.0
132.0,345.0,-950.0
132.0,530.0,-1063.0
142.0,626.0,-1056.0
-33.0,554.0,-909.0
-35.0,491.0,-1079.0
-3.0,532.0,-1245.0
58.0,630.0,-1143.0
-58.0,411.0,-862.0
29.0,421.0,-845.0
9.0,443.0,-1054.0
115.0,542.0,-1112.0
-160.0,409.0,-1052.0
-29.0,253.0,-972.0
-165.0,509.0,-1161.0
60.0,610.0,-1141.0
-181.0,620.0,-1050.0
50.0,421.0,-940.0
-44.0,609.0,-952.0
222.0,763.0,-1003.0
-105.0,771.0,-1061.0
-17.0,655.0,-1013.0
-132.0,585.0,-1114.0
7.0,636.0,-1182.0
-7.0,614.0,-1034.0
-5.0,556.0,-833.0
95.0,591.0,-927.0
50.0,597.0,-1104.0
78.0,558.0,-1081.0
-119.0,421.0,-966.0
-7.0,560.0,-976.0
-42.0,544.0,-1198.0
-23.0,597.0,-1151.0
-25.0,556.0,-921.0
35.0,622.0,-864.0
103.0,788.0,-1018.0
62.0,745.0,-976.0
-78.0,655.0,-1011.0
-46.0,534.0,-1063.0
-87.0,675.0,-1165.0
154.0,480.0,-1069.0
-124.0,515.0,-1011.0
199.0,558.0,-860.0
-87.0,813.0,-1013.0
251.0,706.0,-1087.0
-343.0,505.0,-1067.0
121.0,417.0,-954.0
-318.0,532.0,-1194.0
210.0,571.0,-1097.0
-269.0,564.0,-1138.0
134.0,620.0,-903.0
-109.0,794.0,-944.0
142.0,737.0,-897.0
-150.0,597.0,-1073.0
-60.0,564.0,-1079.0
-5.0,614.0,-1106.0
40.0,610.0,-1143.0
48.0,456.0,-1030.0
40.0,458.0,-907.0
175.0,648.0,-979.0
193.0,759.0,-1079.0
105.0,644.0,-1013.0
44.0,415.0,-989.0
212.0,532.0,-1077.0
267.0,655.0,-1161.0
304.0,634.0,-1106.0
119.0,447.0,-925.0
411.0,532.0,-876.0
402.0,587.0,-956.0
409.0,542.0,-1059.0
222.0,376.0,-1071.0
454.0,456.0,-1067.0
505.0,601.0,-1143.0
511.0,605.0,-1122.0
343.0,431.0,-903.0
571.0,468.0,-931.0
720.0,511.0,-1030.0
786.0,610.0,-1098.0
488.0,505.0,-995.0
659.0,454.0,-1009.0
644.0,437.0,-1171.0
694.0,597.0,-1180.0
519.0,484.0,-960.0
710.0,466.0,-870.0
843.0,372.0,-977.0
845.0,411.0,-1032.0
655.0,415.0,-1089.0
581.0,495.0,-1042.0
659.0,542.0,-1229.0
702.0,519.0,-1102.0
577.0,538.0,-1026.0
683.0,482.0,-862.0
739.0,425.0,-921.0
663.0,439.0,-1057.0
489.0,519.0,-1005.0
286.0,392.0,-1044.0
370.0,388.0,-1130.0
335.0,255.0,-1190.0
314.0,302.0,-952.0
234.0,464.0,-892.0
415.0,283.0,-895.0
156.0,228.0,-1048.0
249.0,87.0,-1005.0
-78.0,292.0,-1132.0
281.0,370.0,-1161.0
-56.0,210.0,-1210.0
267.0,234.0,-874.0
-11.0,333.0,-993.0
320.0,421.0,-940.0
177.0,320.0,-1061.0
101.0,130.0,-1003.0
-50.0,185.0,-1018.0
27.0,109.0,-1104.0
113.0,58.0,-1143.0
109.0,144.0,-1124.0
111.0,146.0,-970.0
146.0,201.0,-923.0
109.0,144.0,-985.0
193.0,27.0,-1044.0
-146.0,3.0,-1083.0
58.0,76.0,-1057.0
66.0,195.0,-1136.0
271.0,247.0,-1120.0
-11.0,160.0,-1050.0
101.0,126.0,-901.0
52.0,136.0,-936.0
197.0,218.0,-1024.0
-87.0,91.0,-983.0
9.0,37.0,-1050.0
-130.0,50.0,-1102.0
121.0,56.0,-1036.0
-15.0,97.0,-966.0
11.0,-58.0,-956.0
60.0,140.0,-913.0
-15.0,154.0,-940.0
48.0,152.0,-919.0
-187.0,52.0,-1108.0
9.0,58.0,-1013.0
-81.0,218.0,-997.0
44.0,107.0,-977.0
-199.0,11.0,-962.0
-204.0,107.0,-923.0
-148.0,122.0,-936.0
-230.0,187.0,-1024.0
-447.0,-3.0,-948.0
-571.0,105.0,-1087.0
-454.0,1.0,-1081.0
-482.0,187.0,-1106.0
-538.0,95.0,-901.0
-710.0,42.0,-985.0
-612.0,136.0,-1001.0
-648.0,74.0,-1032.0
-772.0,122.0,-1003.0
-845.0,83.0,-1085.0
-780.0,228.0,-1180.0
-704.0,286.0,-1069.0
-749.0,152.0,-1001.0
-749.0,52.0,-936.0
-634.0,81.0,-1073.0
-536.0,240.0,-1042.0
-542.0,144.0,-1032.0
-636.0,113.0,-1044.0
-489.0,136.0,-1173.0
-466.0,304.0,-1221.0
-411.0,154.0,-1046.0
-450.0,240.0,-911.0
-312.0,234.0,-1003.0
-257.0,228.0,-1073.0
-318.0,218.0,-1018.0
-378.0,0.0,-985.0
-220.0,302.0,-1052.0
-163.0,249.0,-1192.0
-249.0,247.0,-1128.0
-255.0,35.0,-794.0
-201.0,152.0,-856.0
66.0,210.0,-1054.0
-91.0,183.0,-1077.0
-234.0,97.0,-913.0
-242.0,177.0,-1018.0
-193.0,236.0,-1149.0
-103.0,230.0,-1071.0
-222.0,119.0,-895.0
-76.0,132.0,-778.0
-89.0,224.0,-985.0
-3.0,152.0,-1077.0
-238.0,48.0,-1011.0
-222.0,122.0,-913.0
-173.0,230.0,-1139.0
-60.0,224.0,-1118.0
-185.0,119.0,-983.0
-76.0,81.0,-874.0
-132.0,85.0,-923.0
62.0,128.0,-1028.0
-132.0,72.0,-1095.0
-52.0,99.0,-1026.0
-230.0,212.0,-1114.0
1.0,218.0,-1157.0
-183.0,29.0,-1032.0
-25.0,29.0,-950.0
-31.0,31.0,-989.0
21.0,148.0,-1026.0
-76.0,52.0,-1038.0
-132.0,-17.0,-1106.0
-103.0,111.0,-1102.0
-132.0,152.0,-1100.0
-48.0,87.0,-1020.0
-29.0,-40.0,-981.0
9.0,128.0,-938.0
95.0,46.0,-1003.0
23.0,-76.0,-997.0
-85.0,-64.0,-1020.0
42.0,113.0,-1112.0
-103.0,130.0,-1157.0
95.0,-33.0,-993.0
-142.0,-136.0,-976.0
199.0,-46.0,-892.0
15.0,189.0,-1059.0
134.0,9.0,-989.0
-132.0,-162.0,-968.0
-5.0,-42.0,-1052.0
-23.0,62.0,-1169.0
78.0,126.0,-1046.0
-56.0,-140.0,-897.0
72.0,-44.0,-940.0
78.0,-37.0,-976.0
107.0,29.0,-1005.0
-158.0,-78.0,-1050.0
39.0,-66.0,-1042.0
-109.0,142.0,-1071.0
83.0,152.0,-1141.0
-142.0,-191.0,-999.0
13.0,-220.0,-860.0
0.0,89.0,-1038.0
163.0,158.0,-1091.0
-156.0,-68.0,-985.0
-42.0,-156.0,-942.0
-128.0,5.0,-1126.0
136.0,189.0,-1134.0
-111.0,56.0,-1108.0
105.0,-128.0,-886.0
-60.0,-37.0,-911.0
142.0,99.0,-1013.0
-70.0,-31.0,-1059.0
0.0,-117.0,-1009.0
-158.0,97.0,-1059.0
103.0,163.0,-1128.0
-21.0,60.0,-1038.0
-29.0,-136.0,-899.0
31.0,-52.0,-935.0
60.0,64.0,-987.0
60.0,93.0,-1022.0
-85.0,-46.0,-1020.0
-21.0,-39.0,-1007.0
-93.0,152.0,-1067.0
117.0,179.0,-1089.0
-87.0,-19.0,-1020.0
58.0,-54.0,-854.0
-5.0,13.0,-977.0
35.0,93.0,-1007.0
-107.0,9.0,-1087.0
-103.0,87.0,-1026.0
-64.0,126.0,-1097.0
-85.0,212.0,-1065.0
-25.0,-7.0,-1018.0
-74.0,-37.0,-974.0
29.0,119.0,-901.0
70.0,222.0,-1024.0
-103.0,74.0,-1003.0
-52.0,52.0,-1075.0
-101.0,154.0,-1116.0
21.0,163.0,-1116.0
-109.0,142.0,-966.0
132.0,-19.0,-956.0
0.0,87.0,-977.0
163.0,175.0,-1003.0
-128.0,93.0,-1081.0
-17.0,105.0,-999.0
-52.0,175.0,-1018.0
87.0,251.0,-1221.0
-37.0,50.0,-1067.0
23.0,-19.0,-876.0
58.0,113.0,-933.0
247.0,171.0,-1069.0
-56.0,142.0,-1001.0
66.0,-78.0,-966.0
-132.0,44.0,-1136.0
95.0,189.0,-1108.0
-21.0,220.0,-1124.0
-9.0,-91.0,-886.0
83.0,-23.0,-854.0
91.0,117.0,-1054.0
191.0,76.0,-1056.0
-191.0,7.0,-1020.0
7.0,-31.0,-1015.0
-85.0,165.0,-1120.0
121.0,187.0,-999.0
-99.0,-35.0,-1083.0
115.0,-152.0,-919.0
-37.0,31.0,-936.0
107.0,160.0,-1028.0
-124.0,-87.0,-1108.0
-160.0,-29.0,-1018.0
-85.0,72.0,-1057.0
17.0,165.0,-1130.0
-21.0,1.0,-995.0
39.0,-117.0,-927.0
25.0,-74.0,-974.0
134.0,119.0,-1009.0
-146.0,7.0,-1083.0
52.0,-117.0,-987.0
-193.0,-5.0,-1093.0
165.0,122.0,-1052.0
37.0,56.0,-1097.0
23.0,-101.0,-880.0
115.0,-5.0,-946.0
105.0,5.0,-999.0
76.0,-52.0,-954.0
-81.0,-146.0,-1065.0
72.0,-7.0,-1159.0
23.0,60.0,-1071.0
60.0,142.0,-962.0
60.0,-212.0,-976.0
83.0,-134.0,-938.0
80.0,-40.0,-1009.0
60.0,3.0,-1028.0
-21.0,-81.0,-1028.0
-25.0,-76.0,-983.0
115.0,25.0,-1108.0
-35.0,3.0,-1091.0
68.0,-93.0,-966.0
-7.0,-121.0,-976.0
156.0,0.0,-938.0
-1.0,37.0,-1034.0
-60.0,-124.0,-1005.0
-9.0,-136.0,-1024.0
-72.0,46.0,-1139.0
23.0,87.0,-1188.0
-89.0,-46.0,-952.0
-64.0,-68.0,-862.0
35.0,-23.0,-1015.0
140.0,-40.0,-1087.0
-204.0,-35.0,-974.0
44.0,-83.0,-1011.0
-152.0,119.0,-1161.0
132.0,177.0,-1108.0
-191.0,70.0,-1048.0
97.0,-185.0,-890.0
-81.0,42.0,-915.0
167.0,81.0,-1032.0
-19.0,-13.0,-1071.0
-31.0,-5.0,-1030.0
-99.0,99.0,-1022.0
220.0,119.0,-1042.0
-107.0,121.0,-1104.0
117.0,-74.0,-974.0
-37.0,-37.0,-888.0
201.0,74.0,-911.0
58.0,152.0,-1098.0
44.0,0.0,-1028.0
-56.0,25.0,-931.0
81.0,148.0,-1100.0
66.0,95.0,-1177.0
-1.0,-62.0,-977.0
40.0,87.0,-849.0
68.0,122.0,-915.0
142.0,62.0,-1022.0
-156.0,-48.0,-1089.0
48.0,13.0,-1071.0
-152.0,142.0,-1097.0
56.0,218.0,-1085.0
-115.0,-9.0,-1022.0
35.0,23.0,-925.0
-21.0,42.0,-935.0
50.0,81.0,-1040.0
-162.0,-40.0,-1091.0
-7.0,74.0,-1059.0
-136.0,199.0,-1100.0
85.0,171.0,-1011.0
-146.0,1.0,-1100.0
48.0,-23.0,-966.0
-48.0,54.0,-966.0
66.0,189.0,-1005.0
-25.0,25.0,-1044.0
-76.0,-11.0,-1009.0
-11.0,132.0,-1054.0
-25.0,236.0,-1143.0
29.0,81.0,-1032.0
-115.0,-54.0,-958.0
163.0,-23.0,-907.0
68.0,169.0,-993.0
144.0,9.0,-956.0
-105.0,-66.0,-1085.0
117.0,27.0,-1026.0
-31.0,193.0,-1143.0
156.0,89.0,-983.0
-15.0,-101.0,-946.0
85.0,50.0,-938.0
140.0,29.0,-1032.0
83.0,-31.0,-931.0
-50.0,-177.0,-1024.0
50.0,5.0,-1128.0
-58.0,201.0,-1132.0
25.0,154.0,-1015.0
-97.0,-152.0,-966.0
60.0,-195.0,-948.0
80.0,23.0,-968.0
66.0,81.0,-1104.0
-85.0,-89.0,-1018.0
-85.0,-111.0,-1015.0
-122.0,42.0,-1126.0
78.0,130.0,-1104.0
-122.0,-144.0,-1007.0
44.0,-134.0,-894.0
35.0,27.0,-1065.0
132.0,119.0,-999.0
-89.0,-132.0,-942.0
-85.0,-185.0,-1034.0
-27.0,60.0,-1196.0
-3.0,228.0,-1182.0
-21.0,40.0,-960.0
0.0,-199.0,-868.0
44.0,-95.0,-911.0
212.0,64.0,-1073.0
-13.0,-42.0,-1054.0
19.0,-126.0,-1015.0
-128.0,35.0,-999.0
226.0,122.0,-1122.0
-119.0,37.0,-1087.0
185.0,-251.0,-911.0
-52.0,-78.0,-958.0
261.0,48.0,-952.0
33.0,126.0,-1056.0
25.0,-193.0,-985.0
-23.0,-101.0,-1063.0
-72.0,81.0,-1085.0
175.0,154.0,-1126.0
-162.0,-62.0,-970.0
132.0,-158.0,-858.0
-80.0,-39.0,-1028.0
245.0,74.0,-999.0
-136.0,1.0,-1059.0
-5.0,-76.0,-1026.0
-173.0,54.0,-1184.0
-33.0,119.0,-1052.0
-39.0,-15.0,-1026.0
23.0,-111.0,-936.0
11.0,56.0,-977.0
107.0,83.0,-964.0
-103.0,-29.0,-1034.0
-27.0,-72.0,-1126.0
-150.0,113.0,-1198.0
44.0,232.0,-995.0
-148.0,113.0,-989.0
134.0,-111.0,-964.0
-78.0,-11.0,-1005.0
214.0,179.0,-987.0
-138.0,52.0,-1048.0
103.0,9.0,-917.0
-140.0,132.0,-1169.0
70.0,124.0,-1141.0
25.0,124.0,-1015.0
-58.0,-83.0,-894.0
251.0,78.0,-911.0
72.0,130.0,-1075.0
156.0,93.0,-987.0
-138.0,-58.0,-1001.0
29.0,1.0,-1032.0
44.0,191.0,-1145.0
-17.0,224.0,-1110.0
70.0,-54.0,-868.0
-85.0,-11.0,-915.0
203.0,5.0,-1015.0
3.0,97.0,-1087.0
-29.0,-48.0,-950.0
-99.0,52.0,-997.0
15.0,142.0,-1134.0
81.0,121.0,-1114.0
-163.0,19.0,-1032.0
146.0,-78.0,-853.0
-156.0,23.0,-952.0
244.0,78.0,-1067.0
-197.0,33.0,-1112.0
66.0,-60.0,-942.0
-208.0,150.0,-1122.0
144.0,136.0,-1106.0
-154.0,25.0,-1069.0
64.0,-35.0,-901.0
-11.0,-42.0,-987.0
72.0,107.0,-989.0
-25.0,-93.0,-1095.0
-85.0,-1.0,-999.0
-11.0,80.0,-1063.0
-25.0,163.0,-1120.0
13.0,72.0,-1065.0
-3.0,-46.0,-933.0
-3.0,23.0,-901.0
203.0,-46.0,-1028.0
-39.0,-17.0,-1018.0
78.0,-76.0,-1036.0
-42.0,126.0,-1057.0
78.0,101.0,-1063.0
-23.0,64.0,-1048.0
50.0,-167.0,-962.0
97.0,-74.0,-907.0
144.0,81.0,-962.0
156.0,-80.0,-1028.0
-119.0,-128.0,-1026.0
31.0,-13.0,-1042.0
-23.0,121.0,-1118.0
72.0,109.0,-1042.0
-89.0,-232.0,-950.0
76.0,-46.0,-921.0
15.0,-33.0,-1015.0
93.0,74.0,-1034.0
-99.0,-181.0,-1026.0
-76.0,-162.0,-1030.0
-39.0,175.0,-1056.0
-35.0,160.0,-1192.0
-83.0,-122.0,-1009.0
-54.0,-109.0,-938.0
42.0,-42.0,-927.0
169.0,89.0,-983.0
-156.0,-105.0,-1069.0
48.0,-15.0,-1112.0
-244.0,89.0,-1106.0
113.0,206.0,-1026.0
-163.0,-66.0,-1071.0
113.0,-199.0,-884.0
15.0,58.0,-976.0
220.0,115.0,-1011.0
5.0,7.0,-999.0
-60.0,-171.0,-954.0
31.0,64.0,-1132.0
-1.0,154.0,-1165.0
83.0,142.0,-991.0
27.0,-89.0,-956.0
126.0,-74.0,-897.0
179.0,64.0,-966.0
29.0,-1.0,-1036.0
44.0,-93.0,-1052.0
-87.0,78.0,-1083.0
58.0,187.0,-1097.0
-1.0,169.0,-1032.0
19.0,-146.0,-880.0
56.0,-128.0,-1003.0
140.0,29.0,-1015.0
39.0,89.0,-1032.0
-35.0,-19.0,-950.0
-80.0,-52.0,-1077.0
-25.0,160.0,-1124.0
-70.0,181.0,-1169.0
-3.0,-7.0,-927.0
-93.0,-93.0,-913.0
81.0,-5.0,-1016.0
48.0,115.0,-1048.0
-97.0,-7.0,-1061.0
-99.0,-39.0,-993.0
-48.0,146.0,-1118.0
-21.0,244.0,-1108.0
-66.0,17.0,-1036.0
-17.0,-144.0,-917.0
9.0,42.0,-958.0
134.0,191.0,-1056.0
-66.0,9.0,-987.0
-42.0,-128.0,-966.0
-99.0,111.0,-1093.0
39.0,247.0,-1188.0
33.0,70.0,-999.0
-1.0,-42.0,-882.0
150.0,-89.0,-845.0
183.0,87.0,-1015.0
72.0,78.0,-1098.0
-37.0,-19.0,-1065.0
-62.0,76.0,-938.0
58.0,93.0,-1069.0
72.0,119.0,-1130.0
105.0,-154.0,-954.0
60.0,23.0,-897.0
167.0,39.0,-991.0
193.0,-1.0,-1003.0
40.0,-99.0,-1003.0
70.0,-29.0,-1069.0
66.0,152.0,-1134.0
251.0,72.0,-1108.0
234.0,31.0,-997.0
325.0,-156.0,-858.0
341.0,-17.0,-970.0
357.0,25.0,-1073.0
357.0,-39.0,-1089.0
304.0,-13.0,-987.0
292.0,103.0,-1179.0
372.0,70.0,-1075.0
406.0,-95.0,-985.0
447.0,-76.0,-931.0
507.0,40.0,-991.0
392.0,87.0,-983.0
281.0,-37.0,-1036.0
206.0,-119.0,-1048.0
314.0,31.0,-1071.0
216.0,160.0,-1120.0
171.0,154.0,-966.0
212.0,-91.0,-925.0
111.0,-105.0,-917.0
257.0,33.0,-1024.0
-1.0,15.0,-1057.0
89.0,-46.0,-938.0
-33.0,74.0,-1034.0
95.0,44.0,-1126.0
62.0,85.0,-1089.0
21.0,-95.0,-901.0
126.0,21.0,-909.0
130.0,78.0,-999.0
134.0,46.0,-1054.0
-119.0,-119.0,-985.0
113.0,-87.0,-1048.0
-46.0,130.0,-1192.0
208.0,119.0,-1048.0
-64.0,-37.0,-944.0
142.0,-87.0,-905.0
80.0,-25.0,-1079.0
165.0,-13.0,-1054.0
7.0,-60.0,-1048.0
46.0,-19.0,-1013.0
60.0,126.0,-1124.0
101.0,138.0,-1179.0
-21.0,-122.0,-1026.0
130.0,-70.0,-849.0
105.0,1.0,-956.0
279.0,132.0,-1095.0
-89.0,-78.0,-1069.0
-3.0,-93.0,-1001.0
-103.0,-17.0,-1073.0
130.0,214.0,-1138.0
-134.0,76.0,-1071.0
52.0,-52.0,-856.0
-91.0,-5.0,-921.0
177.0,39.0,-1032.0
-44.0,50.0,-1089.0
-48.0,-105.0,-968.0
-113.0,134.0,-997.0
7.0,128.0,-1141.0
-11.0,113.0,-1081.0
23.0,-81.0,-919.0
80.0,-23.0,-827.0
191.0,66.0,-952.0
74.0,78.0,-1052.0
-39.0,-29.0,-1087.0
-76.0,-5.0,-1044.0
-56.0,85.0,-1052.0
130.0,146.0,-1018.0
-17.0,-17.0,-1013.0
162.0,-25.0,-854.0
9.0,-7.0,-987.0
144.0,-3.0,-989.0
-154.0,-40.0,-1095.0
60.0,1.0,-1044.0
-134.0,93.0,-1120.0
40.0,89.0,-1015.0
-48.0,-76.0,-1042.0
105.0,-46.0,-921.0
91.0,42.0,-931.0
48.0,68.0,-1040.0
-52.0,-29.0,-1038.0
-124.0,-21.0,-1100.0
15.0,11.0,-1089.0
-50.0,162.0,-1132.0
-17.0,-89.0,-929.0
68.0,-21.0,-964.0
48.0,83.0,-985.0
128.0,111.0,-1034.0
-162.0,-56.0,-1026.0
-35.0,-103.0,-1001.0
-27.0,158.0,-1102.0
74.0,165.0,-1153.0
0.0,27.0,-997.0
-39.0,-107.0,-901.0
124.0,-23.0,-921.0
160.0,175.0,-1050.0
-23.0,1.0,-1020.0
-44.0,-66.0,-1032.0
-29.0,50.0,-1075.0
130.0,179.0,-1106.0
5.0,87.0,-1038.0
66.0,-105.0,-876.0
7.0,-80.0,-892.0
228.0,68.0,-989.0
54.0,27.0,-1093.0
5.0,-89.0,-1028.0
-33.0,31.0,-1020.0
119.0,93.0,-1042.0
68.0,122.0,-1126.0
-31.0,-167.0,-983.0
109.0,-113.0,-882.0
93.0,78.0,-1001.0
148.0,76.0,-1059.0
-91.0,-37.0,-1052.0
-21.0,-124.0,-1026.0
-39.0,83.0,-1108.0
46.0,167.0,-1104.0
0.0,-72.0,-987.0
11.0,-93.0,-921.0
91.0,-83.0,-954.0
58.0,80.0,-1057.0
-132.0,-11.0,-1116.0
-89.0,1.0,-987.0
-93.0,91.0,-1151.0
-64.0,136.0,-1122.0
-15.0,-1.0,-1003.0
-101.0,-140.0,-952.0
132.0,-122.0,-915.0
7.0,203.0,-1020.0
-21.0,5.0,-1040.0
-134.0,-105.0,-1136.0
-148.0,27.0,-1052.0
74.0,181.0,-1089.0
-54.0,167.0,-1038.0
117.0,-126.0,-880.0
142.0,-128.0,-915.0
95.0,5.0,-1022.0
105.0,11.0,-1007.0
-162.0,128.0,-1071.0
37.0,62.0,-1024.0
15.0,99.0,-1057.0
76.0,42.0,-1048.0
-35.0,-167.0,-977.0
236.0,-101.0,-829.0
-17.0,-31.0,-1018.0
191.0,5.0,-974.0
-242.0,52.0,-1075.0
9.0,25.0,-956.0
21.0,130.0,-1184.0
-37.0,107.0,-1104.0
132.0,-19.0,-979.0
-107.0,-117.0,-921.0
140.0,-160.0,-931.0
19.0,54.0,-1056.0
-113.0,1.0,-1042.0
-11.0,99.0,-1057.0
-140.0,171.0,-1206.0
107.0,136.0,-1093.0
-283.0,-19.0,-1056.0
113.0,-156.0,-839.0
9.0,-46.0,-970.0
117.0,62.0,-1040.0
-78.0,35.0,-1026.0
-126.0,83.0,-1054.0
-76.0,80.0,-1141.0
1.0,181.0,-1126.0
-42.0,226.0,-1020.0
-37.0,-91.0,-886.0
13.0,-136.0,-911.0
154.0,-152.0,-1015.0
-52.0,103.0,-1100.0
-48.0,-7.0,-972.0
-31.0,171.0,-1026.0
46.0,222.0,-1155.0
-1.0,44.0,-1120.0
130.0,-107.0,-823.0
160.0,-46.0,-1015.0
199.0,25.0,-997.0
-191.0,-23.0,-1046.0
58.0,29.0,-1048.0
-48.0,195.0,-1163.0
40.0,160.0,-1089.0
-60.0,-76.0,-929.0
117.0,-171.0,-858.0
136.0,-115.0,-977.0
70.0,23.0,-1071.0
-70.0,-25.0,-1063.0
-171.0,17.0,-1085.0
48.0,177.0,-1038.0
-68.0,156.0,-1165.0
25.0,-60.0,-1011.0
54.0,-152.0,-903.0
50.0,-60.0,-938.0
146.0,-23.0,-972.0
-126.0,31.0,-1040.0
-50.0,-42.0,-1071.0
-80.0,206.0,-1108.0
-17.0,251.0,-1186.0
-93.0,72.0,-1056.0
-1.0,-150.0,-882.0
9.0,-140.0,-862.0
171.0,19.0,-991.0
-23.0,-42.0,-1122.0
-66.0,-25.0,-1052.0
-21.0,187.0,-1061.0
-81.0,257.0,-1163.0
119.0,76.0,-1057.0
-15.0,-105.0,-831.0
230.0,-201.0,-905.0
52.0,-9.0,-977.0
175.0,23.0,-1005.0
-261.0,-85.0,-1116.0
163.0,29.0,-1018.0
-128.0,296.0,-1221.0
58.0,160.0,-997.0
7.0,-128.0,-849.0
33.0,-255.0,-866.0
228.0,-80.0,-997.0
46.0,64.0,-1122.0
-70.0,-124.0,-1054.0
-13.0,19.0,-905.0
7.0,191.0,-1159.0
17.0,230.0,-1180.0
64.0,-58.0,-968.0
-40.0,-288.0,-876.0
48.0,-158.0,-886.0
89.0,224.0,-1009.0
-68.0,-66.0,-1186.0
-177.0,-7.0,-921.0
83.0,154.0,-1112.0
-318.0,259.0,-1346.0
175.0,62.0,-860.0
-167.0,-119.0,-866.0
81.0,-306.0,-929.0
193.0,83.0,-1034.0
-292.0,154.0,-1153.0
177.0,27.0,-1013.0
-267.0,244.0,-1169.0
160.0,99.0,-1065.0
-62.0,195.0,-1032.0
29.0,-62.0,-858.0
181.0,-150.0,-960.0
-72.0,-5.0,-1087.0
257.0,-19.0,-938.0
-259.0,64.0,-1089.0
195.0,37.0,-1015.0
-70.0,93.0,-1165.0
44.0,220.0,-983.0
-7.0,48.0,-991.0
203.0,-89.0,-847.0
177.0,-275.0,-1003.0
89.0,-35.0,-1001.0
-117.0,95.0,-1001.0
15.0,212.0,-946.0
-163.0,204.0,-1272.0
173.0,0.0,-1126.0
-93.0,-107.0,-983.0
169.0,-113.0,-759.0
81.0,-35.0,-915.0
25.0,0.0,-1093.0
-140.0,-122.0,-1050.0
-238.0,-5.0,-1132.0
-111.0,212.0,-1065.0
124.0,197.0,-1159.0
-286.0,25.0,-1067.0
534.0,-124.0,-618.0
-409.0,-7.0,-1050.0
540.0,-199.0,-960.0
-345.0,68.0,-1212.0
11.0,11.0,-1087.0
-152.0,179.0,-1026.0
83.0,240.0,-1015.0
-29.0,-9.0,-1161.0
-74.0,-158.0,-938.0
251.0,-167.0,-720.0
-214.0,-1.0,-1044.0
191.0,9.0,-1071.0
-284.0,113.0,-1259.0
236.0,204.0,-1026.0
-179.0,181.0,-1034.0
275.0,5.0,-774.0
-105.0,-124.0,-1108.0
204.0,-121.0,-1026.0
60.0,13.0,-1011.0
60.0,-134.0,-958.0
-122.0,-191.0,-942.0
142.0,126.0,-956.0
-81.0,359.0,-1245.0
56.0,249.0,-1118.0
-31.0,-101.0,-962.0
89.0,-249.0,-905.0
220.0,-163.0,-913.0
-93.0,0.0,-895.0
-5.0,-66.0,-977.0
-218.0,109.0,-1333.0
117.0,267.0,-1221.0
-21.0,296.0,-1046.0
21.0,-175.0,-831.0
132.0,-247.0,-806.0
66.0,-29.0,-1145.0
130.0,83.0,-1108.0
-126.0,-181.0,-1026.0
-203.0,-238.0,-903.0
134.0,128.0,-1069.0
-171.0,486.0,-1190.0
158.0,134.0,-1071.0
-283.0,5.0,-942.0
261.0,-269.0,-849.0
-97.0,-11.0,-1050.0
175.0,5.0,-979.0
-76.0,60.0,-1110.0
-37.0,154.0,-1204.0
165.0,204.0,-1122.0
-189.0,158.0,-1059.0
109.0,-249.0,-808.0
-7.0,-105.0,-894.0
236.0,48.0,-1122.0
-5.0,154.0,-1026.0
91.0,-78.0,-888.0
-191.0,-7.0,-1087.0
203.0,48.0,-1255.0
-107.0,394.0,-1155.0
218.0,-13.0,-765.0
-31.0,-150.0,-823.0
298.0,-226.0,-948.0
80.0,-1.0,-1112.0
-169.0,33.0,-1059.0
122.0,83.0,-985.0
-224.0,214.0,-1280.0
204.0,66.0,-1050.0
-185.0,121.0,-905.0
191.0,-154.0,-831.0
-128.0,-175.0,-1026.0
415.0,7.0,-976.0
-445.0,-169.0,-1231.0
124.0,37.0,-851.0
-320.0,222.0,-1210.0
-7.0,236.0,-1132.0
81.0,46.0,-979.0
-167.0,-23.0,-868.0
320.0,-214.0,-845.0
-154.0,-37.0,-1026.0
122.0,-37.0,-1138.0
-370.0,169.0,-1216.0
33.0,279.0,-1030.0
-117.0,9.0,-1056.0
93.0,-46.0,-923.0
5.0,-21.0,-976.0
177.0,-37.0,-925.0
56.0,50.0,-1106.0
-54.0,-76.0,-983.0
-91.0,-11.0,-1022.0
-103.0,175.0,-1042.0
126.0,167.0,-1143.0
-44.0,70.0,-1077.0
138.0,-165.0,-901.0
17.0,3.0,-866.0
271.0,-64.0,-956.0
48.0,-113.0,-1015.0
-70.0,-31.0,-1044.0
-107.0,146.0,-1120.0
11.0,244.0,-1124.0
124.0,78.0,-985.0
58.0,-171.0,-944.0
81.0,-175.0,-911.0
132.0,-60.0,-981.0
31.0,-15.0,-1024.0
-121.0,-89.0,-1007.0
-177.0,42.0,-1112.0
-17.0,146.0,-1139.0
70.0,240.0,-1095.0
40.0,-39.0,-923.0
-1.0,-68.0,-956.0
107.0,-185.0,-913.0
105.0,-31.0,-993.0
-132.0,-72.0,-1100.0
-5.0,42.0,-1116.0
-187.0,234.0,-1175.0
62.0,167.0,-1020.0
-72.0,50.0,-1009.0
21.0,-152.0,-878.0
27.0,-15.0,-1026.0
76.0,44.0,-1071.0
-66.0,-23.0,-974.0
-169.0,-40.0,-976.0
-15.0,99.0,-1091.0
29.0,267.0,-1253.0
-21.0,163.0,-1007.0
81.0,-54.0,-880.0
-50.0,-89.0,-897.0
265.0,-121.0,-942.0
-52.0,-37.0,-1034.0
19.0,-97.0,-1056.0
-87.0,222.0,-1126.0
78.0,267.0,-1147.0
126.0,111.0,-960.0
-29.0,-66.0,-860.0
179.0,-187.0,-911.0
105.0,-56.0,-1056.0
156.0,11.0,-1036.0
-115.0,-66.0,-983.0
39.0,19.0,-987.0
-115.0,177.0,-1175.0
122.0,189.0,-1157.0
-119.0,-11.0,-1024.0
74.0,-148.0,-810.0
5.0,-13.0,-940.0
191.0,-103.0,-1052.0
-111.0,-66.0,-1110.0
-99.0,9.0,-1011.0
-122.0,197.0,-1159.0
-42.0,325.0,-1130.0
-58.0,0.0,-1003.0
-56.0,-152.0,-868.0
19.0,-87.0,-966.0
140.0,50.0,-1046.0
-7.0,-54.0,-1007.0
-163.0,-60.0,-1015.0
-109.0,167.0,-1124.0
-9.0,298.0,-1212.0
-93.0,132.0,-1030.0
-15.0,-93.0,-933.0
42.0,-113.0,-815.0
173.0,-7.0,-954.0
33.0,-31.0,-1122.0
-64.0,-93.0,-1128.0
-62.0,109.0,-1056.0
15.0,314.0,-1022.0
158.0,181.0,-1056.0
-113.0,-105.0,-944.0
234.0,-263.0,-892.0
54.0,13.0,-1016.0
249.0,-13.0,-960.0
-107.0,-50.0,-999.0
15.0,-9.0,-1036.0
-7.0,177.0,-1218.0
5.0,212.0,-1097.0
52.0,-76.0,-913.0
5.0,-113.0,-808.0
144.0,-44.0,-991.0
156.0,-42.0,-1020.0
-91.0,-167.0,-1015.0
-37.0,-19.0,-1093.0
-111.0,296.0,-1175.0
80.0,322.0,-1020.0
-148.0,-74.0,-970.0
97.0,-181.0,-933.0
-70.0,-148.0,-1005.0
273.0,50.0,-1005.0
-185.0,-48.0,-1071.0
-31.0,-33.0,-991.0
-263.0,142.0,-1223.0
37.0,173.0,-1173.0
-85.0,142.0,-1034.0
-27.0,-87.0,-876.0
171.0,-119.0,-866.0
130.0,-9.0,-991.0
27.0,-37.0,-1087.0
-126.0,-29.0,-1098.0
-72.0,162.0,-1075.0
-15.0,226.0,-1138.0
17.0,169.0,-1044.0
130.0,-158.0,-815.0
80.0,-80.0,-888.0
316.0,-60.0,-1102.0
15.0,-17.0,-1042.0
-33.0,-95.0,-921.0
-167.0,54.0,-1069.0
126.0,240.0,-1190.0
1.0,173.0,-1104.0
80.0,-17.0,-868.0
91.0,-117.0,-827.0
25.0,-171.0,-981.0
171.0,-42.0,-1034.0
-210.0,-31.0,-1110.0
27.0,80.0,-1022.0
-195.0,175.0,-1118.0
255.0,173.0,-985.0
-160.0,1.0,-1026.0
253.0,-208.0,-860.0
-83.0,-83.0,-1015.0
218.0,23.0,-1003.0
-181.0,-25.0,-1028.0
-35.0,-60.0,-956.0
-113.0,121.0,-1126.0
76.0,288.0,-1190.0
-70.0,76.0,-1056.0
-23.0,-85.0,-862.0
9.0,-115.0,-909.0
103.0,-19.0,-981.0
-107.0,-9.0,-1059.0
-103.0,-76.0,-1073.0
-81.0,193.0,-1132.0
35.0,216.0,-1112.0
-48.0,199.0,-1024.0
9.0,-156.0,-923.0
1.0,-152.0,-921.0
193.0,25.0,-1022.0
33.0,52.0,-1011.0
-33.0,-68.0,-993.0
-50.0,72.0,-1028.0
111.0,234.0,-1161.0
87.0,232.0,-1104.0
-81.0,-46.0,-946.0
119.0,-173.0,-827.0
-39.0,-119.0,-944.0
218.0,-29.0,-1001.0
-124.0,-5.0,-1116.0
87.0,-56.0,-1013.0
-91.0,290.0,-1063.0
132.0,281.0,-1079.0
-136.0,-56.0,-1046.0
81.0,-240.0,-843.0
13.0,-126.0,-974.0
244.0,44.0,-989.0
-93.0,-60.0,-1046.0
-21.0,-136.0,-1036.0
-89.0,195.0,-1126.0
44.0,269.0,-1175.0
-121.0,103.0,-1011.0
19.0,-111.0,-938.0
-95.0,-124.0,-888.0
267.0,-66.0,-950.0
-152.0,-113.0,-1083.0
25.0,-29.0,-1110.0
-150.0,228.0,-1130.0
52.0,316.0,-1052.0
-134.0,162.0,-1065.0
-44.0,-167.0,-935.0
23.0,-195.0,-923.0
210.0,-33.0,-952.0
21.0,-31.0,-1091.0
11.0,1.0,-1024.0
-197.0,97.0,-1052.0
78.0,175.0,-1100.0
-115.0,218.0,-1161.0
44.0,-52.0,-921.0
44.0,-7.0,-856.0
242.0,-81.0,-977.0
167.0,-154.0,-970.0
-80.0,-89.0,-981.0
-81.0,29.0,-1089.0
87.0,300.0,-1227.0
-42.0,189.0,-1128.0
60.0,0.0,-862.0
-23.0,-154.0,-845.0
310.0,-179.0,-901.0
117.0,-11.0,-1116.0
-11.0,-162.0,-1003.0
-156.0,5.0,-1036.0
-66.0,232.0,-1139.0
140.0,259.0,-1132.0
-99.0,-9.0,-981.0
72.0,-101.0,-864.0
25.0,-142.0,-923.0
240.0,-76.0,-997.0
-148.0,-115.0,-1097.0
-136.0,-31.0,-1034.0
-175.0,148.0,-1116.0
66.0,304.0,-1138.0
-109.0,115.0,-1102.0
5.0,-81.0,-812.0
-58.0,-105.0,-905.0
244.0,-17.0,-1044.0
-44.0,-44.0,-1050.0
-89.0,-42.0,-1018.0
-107.0,58.0,-1098.0
72.0,314.0,-1143.0
-66.0,220.0,-1114.0
31.0,-37.0,-954.0
-50.0,-119.0,-839.0
255.0,-105.0,-925.0
13.0,-11.0,-1056.0
50.0,-122.0,-1026.0
-208.0,105.0,-1095.0
115.0,206.0,-1157.0
-66.0,308.0,-1118.0
35.0,-39.0,-935.0
52.0,-148.0,-847.0
165.0,-136.0,-909.0
214.0,-13.0,-1003.0
11.0,-89.0,-1034.0
-21.0,-13.0,-1116.0
-152.0,185.0,-1112.0
111.0,265.0,-1077.0
-183.0,17.0,-977.0
156.0,-148.0,-890.0
-1.0,-48.0,-1015.0
267.0,-78.0,-956.0
-208.0,-158.0,-921.0
-44.0,-78.0,-1167.0
-115.0,206.0,-1192.0
222.0,433.0,-1145.0
-320.0,-23.0,-952.0
343.0,-124.0,-765.0
-294.0,-68.0,-1155.0
618.0,-109.0,-1001.0
-447.0,-13.0,-991.0
279.0,-162.0,-944.0
-554.0,230.0,-1399.0
571.0,286.0,-942.0
-659.0,249.0,-1257.0
175.0,-271.0,-749.0
-179.0,-93.0,-1003.0
431.0,107.0,-897.0
-13.0,42.0,-1108.0
-109.0,-238.0,-884.0
-44.0,-5.0,-1106.0
27.0,277.0,-1177.0
238.0,279.0,-1139.0
-150.0,39.0,-874.0
154.0,-37.0,-841.0
52.0,-195.0,-976.0
357.0,-40.0,-970.0
-238.0,-105.0,-1132.0
-29.0,-9.0,-1145.0
-163.0,234.0,-1147.0
64.0,366.0,-1061.0
-95.0,33.0,-962.0
115.0,-265.0,-827.0
31.0,-136.0,-940.0
306.0,-23.0,-987.0
-148.0,-40.0,-1079.0
-7.0,-80.0,-1048.0
-105.0,173.0,-1120.0
220.0,238.0,-1052.0
-150.0,150.0,-1081.0
113.0,-197.0,-845.0
-42.0,-201.0,-907.0
136.0,-15.0,-997.0
-119.0,-70.0,-1098.0
17.0,-99.0,-1048.0
-304.0,136.0,-1145.0
197.0,230.0,-1046.0
-322.0,189.0,-1200.0
179.0,-76.0,-815.0
-111.0,-60.0,-862.0
300.0,-163.0,-981.0
-95.0,-23.0,-1020.0
-72.0,19.0,-1052.0
-201.0,25.0,-1155.0
99.0,214.0,-1161.0
-218.0,216.0,-1059.0
206.0,46.0,-854.0
-195.0,-62.0,-970.0
365.0,-232.0,-868.0
-101.0,-3.0,-1032.0
-81.0,-89.0,-1128.0
78.0,152.0,-1067.0
-134.0,218.0,-1163.0
214.0,183.0,-936.0
-183.0,115.0,-972.0
220.0,-234.0,-907.0
37.0,-160.0,-958.0
210.0,21.0,-946.0
-103.0,-124.0,-1108.0
-93.0,5.0,-1028.0
1.0,183.0,-1026.0
35.0,203.0,-1190.0
-35.0,25.0,-925.0
93.0,-81.0,-882.0
109.0,-23.0,-888.0
296.0,-124.0,-1036.0
-263.0,-201.0,-1018.0
117.0,-74.0,-950.0
-292.0,244.0,-1317.0
267.0,365.0,-1108.0
-126.0,95.0,-1038.0
-111.0,-220.0,-862.0
163.0,-126.0,-888.0
85.0,23.0,-1114.0
-29.0,-208.0,-1061.0
-347.0,78.0,-1036.0
-85.0,134.0,-1130.0
29.0,257.0,-1155.0
21.0,244.0,-956.0
29.0,-130.0,-936.0
0.0,-169.0,-903.0
232.0,-40.0,-999.0
40.0,-7.0,-1044.0
-87.0,-31.0,-1042.0
-134.0,42.0,-968.0
236.0,286.0,-1161.0
76.0,318.0,-1143.0
60.0,-70.0,-901.0
-162.0,-259.0,-925.0
132.0,-208.0,-929.0
134.0,259.0,-1030.0
-80.0,-142.0,-1106.0
-99.0,-46.0,-946.0
15.0,191.0,-1122.0
105.0,392.0,-1171.0
162.0,-1.0,-936.0
-171.0,-185.0,-810.0
337.0,-173.0,-864.0
130.0,-66.0,-1087.0
156.0,-50.0,-1011.0
-238.0,-21.0,-1050.0
132.0,245.0,-1130.0
21.0,177.0,-1163.0
17.0,52.0,-1057.0
-169.0,-193.0,-913.0
62.0,-230.0,-808.0
140.0,83.0,-1120.0
66.0,-60.0,-1155.0
-208.0,-60.0,-972.0
-165.0,122.0,-1065.0
181.0,220.0,-1167.0
-204.0,249.0,-1095.0
44.0,-175.0,-915.0
-193.0,-107.0,-808.0
450.0,-130.0,-894.0
-97.0,-62.0,-1145.0
27.0,42.0,-1136.0
-308.0,193.0,-1061.0
89.0,398.0,-1026.0
-42.0,62.0,-1130.0
-95.0,-169.0,-966.0
-56.0,-171.0,-915.0
126.0,9.0,-981.0
261.0,156.0,-962.0
-390.0,-56.0,-1139.0
-72.0,-148.0,-968.0
-187.0,294.0,-1218.0
212.0,259.0,-1124.0
27.0,29.0,-931.0
72.0,-253.0,-761.0
58.0,-105.0,-954.0
407.0,3.0,-931.0
-226.0,-105.0,-1108.0
-37.0,68.0,-1114.0
-105.0,234.0,-1169.0
277.0,288.0,-981.0
-171.0,-23.0,-983.0
35.0,-263.0,-853.0
3.0,-93.0,-1091.0
257.0,-35.0,-989.0
31.0,-111.0,-919.0
-329.0,-101.0,-1044.0
83.0,201.0,-1186.0
204.0,415.0,-1214.0
-17.0,-29.0,-974.0
-97.0,-179.0,-730.0
-183.0,-154.0,-1091.0
409.0,-31.0,-976.0
-189.0,78.0,-1042.0
-52.0,-95.0,-989.0
-259.0,105.0,-1155.0
298.0,466.0,-1048.0
-113.0,119.0,-1122.0
39.0,-191.0,-880.0
-325.0,-87.0,-921.0
560.0,23.0,-1015.0
-35.0,-83.0,-1100.0
111.0,-163.0,-776.0
-462.0,111.0,-1155.0
216.0,271.0,-1202.0
-29.0,396.0,-1259.0
-44.0,25.0,-958.0
-263.0,-238.0,-858.0
357.0,-128.0,-747.0
66.0,-89.0,-1132.0
11.0,-5.0,-1118.0
-302.0,78.0,-1079.0
-15.0,277.0,-1153.0
199.0,187.0,-1075.0
91.0,-48.0,-929.0
-64.0,-271.0,-794.0
177.0,-136.0,-894.0
255.0,201.0,-1020.0
42.0,-56.0,-1138.0
-304.0,-81.0,-1030.0
111.0,-7.0,-958.0
-66.0,310.0,-1229.0
-1.0,167.0,-1042.0
-70.0,-136.0,-733.0
-81.0,-261.0,-913.0
437.0,-175.0,-1011.0
-29.0,37.0,-1159.0
-249.0,52.0,-1161.0
-275.0,175.0,-1015.0
335.0,255.0,-1104.0
-185.0,-37.0,-1149.0
269.0,-244.0,-712.0
-247.0,-144.0,-966.0
427.0,62.0,-1114.0
-83.0,160.0,-1106.0
-134.0,-201.0,-944.0
-415.0,7.0,-1093.0
140.0,329.0,-1034.0
136.0,363.0,-1151.0
-91.0,78.0,-1036.0
-111.0,-208.0,-827.0
179.0,-199.0,-849.0
124.0,-218.0,-1120.0
-58.0,27.0,-1147.0
-206.0,81.0,-938.0
44.0,296.0,-958.0
74.0,199.0,-1024.0
163.0,19.0,-1198.0
-251.0,-187.0,-1110.0
429.0,-130.0,-747.0
35.0,31.0,-849.0
216.0,-101.0,-892.0
-206.0,146.0,-1130.0
191.0,1.0,-1280.0
-15.0,163.0,-1223.0
72.0,35.0,-929.0
-119.0,-181.0,-870.0
66.0,-42.0,-788.0
281.0,-23.0,-921.0
-183.0,-70.0,-1126.0
87.0,-93.0,-1110.0
-325.0,304.0,-1372.0
431.0,302.0,-1085.0
-240.0,95.0,-866.0
-21.0,-249.0,-568.0
-117.0,-72.0,-1089.0
281.0,-13.0,-1272.0
44.0,-113.0,-1114.0
-380.0,-171.0,-948.0
-162.0,48.0,-976.0
142.0,513.0,-1042.0
76.0,236.0,-1235.0
-193.0,-142.0,-1020.0
-107.0,-105.0,-802.0
97.0,-124.0,-919.0
277.0,-3.0,-1020.0
-247.0,37.0,-1208.0
-152.0,185.0,-1026.0
162.0,286.0,-1104.0
17.0,46.0,-1032.0
107.0,-99.0,-997.0
-423.0,-111.0,-1112.0
521.0,-93.0,-862.0
-13.0,117.0,-1018.0
70.0,-144.0,-931.0
-140.0,-5.0,-909.0
-66.0,78.0,-1214.0
203.0,251.0,-1173.0
13.0,228.0,-1020.0
-210.0,-35.0,-872.0
318.0,-171.0,-878.0
72.0,-107.0,-960.0
228.0,-212.0,-880.0
-320.0,158.0,-1139.0
138.0,171.0,-1286.0
78.0,320.0,-1179.0
11.0,11.0,-931.0
-42.0,-509.0,-735.0
-78.0,-70.0,-849.0
368.0,39.0,-1026.0
-5.0,130.0,-1257.0
-148.0,-138.0,-1038.0
-124.0,0.0,-913.0
208.0,302.0,-1048.0
-78.0,173.0,-1132.0
21.0,150.0,-843.0
-222.0,-191.0,-1100.0
361.0,-316.0,-1001.0
7.0,-3.0,-1081.0
-121.0,-81.0,-1050.0
-312.0,286.0,-1059.0
199.0,312.0,-1155.0
-244.0,74.0,-1233.0
130.0,-121.0,-868.0
-425.0,-42.0,-874.0
468.0,-72.0,-974.0
-40.0,142.0,-1132.0
46.0,68.0,-972.0
-343.0,48.0,-1024.0
78.0,103.0,-1145.0
128.0,93.0,-1169.0
-19.0,89.0,-1028.0
-52.0,-140.0,-778.0
115.0,-113.0,-894.0
230.0,-128.0,-1065.0
115.0,-169.0,-1091.0
-284.0,89.0,-1079.0
-183.0,230.0,-1091.0
234.0,425.0,-1007.0
-203.0,-11.0,-1200.0
222.0,-409.0,-653.0
27.0,-208.0,-790.0
232.0,-5.0,-958.0
17.0,171.0,-1262.0
-267.0,58.0,-1225.0
-29.0,-72.0,-1046.0
33.0,74.0,-878.0
320.0,9.0,-942.0
-203.0,109.0,-1116.0
58.0,50.0,-1044.0
37.0,-156.0,-1073.0
80.0,-148.0,-1028.0
-333.0,-162.0,-966.0
-29.0,208.0,-989.0
-11.0,435.0,-1247.0
-39.0,242.0,-1073.0
-66.0,-201.0,-899.0
-148.0,-402.0,-962.0
197.0,-19.0,-1009.0
224.0,253.0,-936.0
-169.0,-37.0,-1022.0
-105.0,218.0,-929.0
39.0,230.0,-1319.0
7.0,224.0,-1259.0
103.0,-292.0,-933.0
-312.0,-201.0,-786.0
468.0,-142.0,-706.0
-154.0,230.0,-1097.0
52.0,74.0,-1161.0
-386.0,72.0,-1309.0
-31.0,187.0,-1163.0
318.0,15.0,-792.0
15.0,105.0,-837.0
81.0,-60.0,-825.0
-1.0,105.0,-1177.0
150.0,-163.0,-1235.0
-15.0,-197.0,-989.0
-238.0,13.0,-960.0
107.0,85.0,-936.0
60.0,411.0,-1149.0
7.0,195.0,-999.0
5.0,-281.0,-876.0
-271.0,-281.0,-985.0
122.0,-169.0,-989.0
-119.0,279.0,-1097.0
-281.0,-121.0,-958.0
-201.0,228.0,-845.0
-218.0,111.0,-1243.0
-210.0,42.0,-1192.0
-411.0,-162.0,-987.0
-359.0,-290.0,-874.0
-119.0,-87.0,-1015.0
-222.0,150.0,-989.0
-292.0,70.0,-956.0
-646.0,-13.0,-1028.0
-257.0,222.0,-1196.0
-425.0,273.0,-1341.0
-136.0,-7.0,-925.0
-482.0,-146.0,-753.0
11.0,-144.0,-765.0
-206.0,107.0,-1177.0
-203.0,-68.0,-1149.0
-329.0,74.0,-1132.0
-226.0,119.0,-1163.0
-60.0,257.0,-976.0
-121.0,126.0,-997.0
-54.0,-257.0,-845.0
-52.0,-224.0,-886.0
-132.0,58.0,-1087.0
40.0,50.0,-1171.0
-329.0,72.0,-1095.0
-21.0,101.0,-792.0
-103.0,269.0,-1067.0
-29.0,70.0,-1042.0
-56.0,-175.0,-960.0
-58.0,-226.0,-933.0
58.0,-163.0,-1013.0
-29.0,111.0,-968.0
-158.0,-48.0,-958.0
-37.0,-31.0,-936.0
-228.0,316.0,-1122.0
70.0,56.0,-1177.0
-99.0,-58.0,-991.0
0.0,-191.0,-825.0
74.0,-17.0,-890.0
1.0,-25.0,-1009.0
-134.0,-101.0,-952.0
-148.0,44.0,-1079.0
-7.0,193.0,-1260.0
-193.0,232.0,-1138.0
74.0,60.0,-927.0
-173.0,-339.0,-876.0
234.0,-52.0,-880.0
-242.0,83.0,-1124.0
89.0,-1.0,-1098.0
-366.0,21.0,-1157.0
109.0,240.0,-1091.0
-72.0,351.0,-1097.0
37.0,-33.0,-919.0
-99.0,-230.0,-819.0
54.0,-152.0,-995.0
21.0,119.0,-1188.0
27.0,19.0,-1061.0
-29.0,-23.0,-972.0
-70.0,99.0,-1052.0
126.0,296.0,-1104.0
-105.0,132.0,-1124.0
132.0,-257.0,-860.0
23.0,-89.0,-909.0
244.0,-46.0,-1038.0
23.0,83.0,-1015.0
-81.0,-29.0,-1042.0
7.0,48.0,-1071.0
1.0,292.0,-1102.0
0.0,89.0,-1087.0
144.0,-142.0,-890.0
-13.0,-247.0,-936.0
160.0,1.0,-985.0
40.0,29.0,-1046.0
-152.0,-74.0,-1018.0
56.0,122.0,-968.0
-54.0,337.0,-1255.0
-64.0,93.0,-1095.0
52.0,-107.0,-917.0
-144.0,-271.0,-890.0
339.0,-54.0,-892.0
-148.0,117.0,-1126.0
0.0,-35.0,-1050.0
-206.0,46.0,-1091.0
-87.0,269.0,-1136.0
95.0,169.0,-1087.0
-199.0,-13.0,-954.0
29.0,-267.0,-870.0
-27.0,-19.0,-1034.0
39.0,60.0,-1120.0
-191.0,-35.0,-1040.0
37.0,40.0,-968.0
-130.0,197.0,-1087.0
206.0,351.0,-1042.0
-189.0,35.0,-1188.0
85.0,-372.0,-841.0
50.0,-109.0,-921.0
39.0,46.0,-995.0
140.0,54.0,-1046.0
-329.0,-35.0,-1093.0
171.0,74.0,-983.0
-93.0,339.0,-1167.0
64.0,95.0,-1056.0
109.0,-206.0,-856.0
-56.0,-218.0,-936.0
292.0,-72.0,-911.0
-48.0,87.0,-1073.0
21.0,-119.0,-1022.0
-76.0,21.0,-1011.0
50.0,359.0,-1132.0
-23.0,91.0,-1130.0
66.0,-109.0,-890.0
-85.0,-240.0,-897.0
261.0,-136.0,-905.0
-113.0,111.0,-1143.0
-1.0,-142.0,-1015.0
-91.0,70.0,-1063.0
-132.0,226.0,-1079.0
109.0,271.0,-1056.0
-128.0,17.0,-1087.0
58.0,-404.0,-854.0
66.0,-80.0,-897.0
-25.0,-13.0,-1044.0
39.0,101.0,-1040.0
-210.0,146.0,-1102.0
80.0,169.0,-1124.0
-105.0,269.0,-1095.0
15.0,-31.0,-989.0
11.0,-230.0,-847.0
99.0,-113.0,-1009.0
-1.0,134.0,-1054.0
121.0,-7.0,-1048.0
-263.0,-27.0,-1013.0
210.0,150.0,-1048.0
-126.0,374.0,-1239.0
126.0,52.0,-966.0
7.0,-117.0,-860.0
105.0,-232.0,-921.0
247.0,-52.0,-1038.0
-99.0,70.0,-1009.0
83.0,-40.0,-1015.0
-206.0,138.0,-1177.0
189.0,320.0,-1093.0
-85.0,76.0,-1079.0
140.0,-208.0,-827.0
1.0,-224.0,-843.0
232.0,37.0,-1015.0
21.0,-17.0,-1177.0
-89.0,-70.0,-977.0
-40.0,83.0,-995.0
15.0,232.0,-1139.0
52.0,230.0,-1044.0
-9.0,-126.0,-1028.0
5.0,-325.0,-866.0
203.0,-58.0,-925.0
-83.0,72.0,-1093.0
-11.0,-29.0,-1098.0
-259.0,56.0,-952.0
78.0,261.0,-1120.0
-99.0,191.0,-1175.0
58.0,-66.0,-999.0
-93.0,-204.0,-853.0
91.0,-78.0,-933.0
-15.0,87.0,-1093.0
17.0,-31.0,-1034.0
-97.0,35.0,-1030.0
-27.0,187.0,-1073.0
27.0,308.0,-1128.0
-42.0,60.0,-1106.0
42.0,-214.0,-845.0
85.0,-113.0,-903.0
42.0,-42.0,-1038.0
83.0,-1.0,-997.0
-230.0,74.0,-1104.0
150.0,138.0,-1106.0
-31.0,279.0,-1046.0
124.0,60.0,-927.0
121.0,-187.0,-940.0
44.0,-244.0,-958.0
185.0,-27.0,-966.0
-130.0,11.0,-1087.0
60.0,-89.0,-1005.0
-74.0,109.0,-1018.0
95.0,407.0,-1114.0
19.0,-5.0,-1077.0
-7.0,-136.0,-942.0
7.0,-230.0,-901.0
210.0,-89.0,-940.0
-87.0,93.0,-1063.0
31.0,-101.0,-1028.0
-128.0,91.0,-1100.0
13.0,199.0,-1141.0
-58.0,214.0,-1112.0
19.0,-111.0,-919.0
-29.0,-279.0,-870.0
58.0,39.0,-1069.0
-27.0,-5.0,-1085.0
-158.0,-58.0,-979.0
-152.0,-37.0,-1001.0
132.0,304.0,-1180.0
-111.0,427.0,-1192.0
40.0,-89.0,-946.0
-103.0,-230.0,-870.0
156.0,-226.0,-938.0
33.0,187.0,-1038.0
78.0,21.0,-993.0
-70.0,-42.0,-1046.0
0.0,189.0,-1134.0
150.0,306.0,-1079.0
-95.0,136.0,-1048.0
204.0,-290.0,-749.0
-21.0,-158.0,-976.0
306.0,-17.0,-1044.0
-46.0,99.0,-1106.0
126.0,-117.0,-921.0
-132.0,78.0,-1003.0
216.0,366.0,-1093.0
-169.0,171.0,-1259.0
185.0,-177.0,-815.0
-132.0,-249.0,-874.0
187.0,-76.0,-970.0
52.0,0.0,-1089.0
-197.0,-58.0,-1057.0
-95.0,78.0,-1052.0
-206.0,363.0,-1177.0
-222.0,142.0,-1124.0
-76.0,-136.0,-915.0
-247.0,-208.0,-864.0
-54.0,-117.0,-948.0
-341.0,17.0,-1136.0
-339.0,-111.0,-1044.0
-482.0,111.0,-1038.0
-550.0,310.0,-1091.0
-521.0,183.0,-1063.0
-581.0,3.0,-952.0
-530.0,-214.0,-976.0
-456.0,-27.0,-925.0
-810.0,-31.0,-1087.0
-648.0,-124.0,-1015.0
-849.0,83.0,-1093.0
-841.0,288.0,-1110.0
-983.0,294.0,-1171.0
-909.0,-74.0,-1110.0
-917.0,-136.0,-868.0
-769.0,-56.0,-888.0
-993.0,144.0,-1097.0
-856.0,-107.0,-1069.0
-1262.0,-85.0,-1126.0
-897.0,52.0,-991.0
-1167.0,398.0,-1190.0
-1138.0,35.0,-1114.0
-827.0,-136.0,-913.0
-1132.0,-181.0,-895.0
-823.0,42.0,-854.0
-1260.0,-54.0,-1180.0
-1165.0,-212.0,-1093.0
-1157.0,25.0,-1011.0
-1300.0,355.0,-1116.0
-1100.0,181.0,-1067.0
-1173.0,-50.0,-944.0
-1063.0,-271.0,-888.0
-1042.0,23.0,-915.0
-1333.0,-19.0,-1151.0
-1284.0,-203.0,-1048.0
-1266.0,87.0,-960.0
-1448.0,113.0,-1093.0
-1440.0,290.0,-1081.0
-1292.0,-19.0,-1046.0
-1473.0,-337.0,-862.0
-1046.0,-46.0,-813.0
-1596.0,64.0,-1153.0
-1163.0,58.0,-1028.0
-1647.0,-80.0,-966.0
-1278.0,76.0,-954.0
-1372.0,206.0,-1206.0
-1415.0,208.0,-1157.0
-1073.0,-124.0,-851.0
-1411.0,-128.0,-915.0
-1116.0,-29.0,-991.0
-1485.0,175.0,-1044.0
-1194.0,-201.0,-894.0
-1387.0,134.0,-1122.0
-1307.0,162.0,-1198.0
-1202.0,220.0,-1145.0
-1138.0,-124.0,-864.0
-976.0,-83.0,-804.0
-1366.0,-173.0,-886.0
-1143.0,72.0,-1210.0
-1485.0,-60.0,-1147.0
-1323.0,60.0,-983.0
-1622.0,122.0,-999.0
-1280.0,167.0,-1221.0
-1477.0,136.0,-977.0
-1253.0,-224.0,-636.0
-1501.0,0.0,-1067.0
-1393.0,-25.0,-1161.0
-1549.0,146.0,-1057.0
-1391.0,-372.0,-882.0
-1516.0,452.0,-1177.0
-1157.0,-128.0,-1139.0
-1514.0,277.0,-1085.0
-1147.0,-228.0,-964.0
-1737.0,54.0,-1050.0
-1061.0,-113.0,-866.0
-1649.0,245.0,-1216.0
-1157.0,-54.0,-985.0
-1827.0,-17.0,-1071.0
-1143.0,-101.0,-1124.0
-1733.0,380.0,-1132.0
-1024.0,66.0,-702.0
-1592.0,177.0,-981.0
-1038.0,-171.0,-989.0
-1608.0,-177.0,-1145.0
-1186.0,-201.0,-972.0
-1376.0,66.0,-1319.0
-1235.0,452.0,-1026.0
-1385.0,-29.0,-1007.0
-1604.0,370.0,-1038.0
-1288.0,-427.0,-1042.0
-1280.0,-271.0,-909.0
-1231.0,257.0,-1071.0
-1180.0,294.0,-1091.0
-1046.0,107.0,-847.0
-1093.0,-452.0,-1061.0
-593.0,304.0,-991.0
-919.0,150.0,-1165.0
-794.0,-532.0,-753.0
-691.0,679.0,-1054.0
-296.0,-528.0,-1122.0
-466.0,302.0,-802.0
-607.0,-368.0,-923.0
-468.0,5.0,-1288.0
5.0,858.0,-1288.0
-484.0,-558.0,-892.0
-3.0,-97.0,-849.0
-83.0,44.0,-870.0
-119.0,-261.0,-1081.0
103.0,232.0,-862.0
-101.0,-382.0,-1163.0
121.0,232.0,-1069.0
-119.0,-146.0,-1042.0
259.0,173.0,-722.0
-99.0,-427.0,-1143.0
663.0,765.0,-935.0
128.0,11.0,-1009.0
445.0,-671.0,-1032.0
222.0,210.0,-1098.0
536.0,-368.0,-1085.0
181.0,571.0,-983.0
741.0,-7.0,-1077.0
499.0,-218.0,-868.0
675.0,607.0,-827.0
979.0,-175.0,-1065.0
341.0,-284.0,-1216.0
1067.0,68.0,-880.0
566.0,-35.0,-1202.0
940.0,-162.0,-974.0
511.0,585.0,-1110.0
1104.0,-460.0,-839.0
823.0,499.0,-960.0
1555.0,146.0,-1061.0
692.0,-31.0,-1136.0
1110.0,-15.0,-788.0
823.0,-458.0,-1151.0
1042.0,249.0,-1112.0
944.0,-302.0,-1093.0
780.0,663.0,-927.0
1214.0,-85.0,-933.0
880.0,-206.0,-979.0
1157.0,83.0,-925.0
831.0,-341.0,-1161.0
1100.0,445.0,-1147.0
1239.0,64.0,-1110.0
1001.0,93.0,-1077.0
1342.0,-300.0,-1034.0
950.0,-290.0,-843.0
1479.0,460.0,-1100.0
753.0,-249.0,-989.0
1352.0,587.0,-1075.0
753.0,-183.0,-1227.0
1052.0,-11.0,-1102.0
1268.0,21.0,-972.0
972.0,-208.0,-1153.0
1483.0,406.0,-841.0
1153.0,-325.0,-927.0
1374.0,620.0,-936.0
1052.0,-124.0,-1225.0
1044.0,-169.0,-950.0
1356.0,249.0,-1126.0
972.0,-163.0,-1180.0
1169.0,89.0,-876.0
1192.0,-117.0,-854.0
1046.0,-296.0,-1077.0
1311.0,525.0,-948.0
1145.0,-23.0,-997.0
1235.0,310.0,-997.0
1257.0,-240.0,-1059.0
1223.0,-193.0,-983.0
1184.0,406.0,-1173.0
1309.0,-419.0,-1026.0
1149.0,173.0,-772.0
1393.0,-232.0,-894.0
1036.0,380.0,-991.0
1467.0,210.0,-913.0
894.0,-312.0,-1210.0
1249.0,11.0,-1136.0
995.0,-226.0,-1056.0
1188.0,101.0,-993.0
1483.0,-152.0,-755.0
1100.0,136.0,-1069.0
1462.0,-91.0,-868.0
1044.0,138.0,-1161.0
1434.0,-111.0,-1077.0
1118.0,-245.0,-1085.0
1145.0,162.0,-1028.0
1469.0,99.0,-1052.0
1218.0,214.0,-905.0
1489.0,-122.0,-858.0
972.0,99.0,-1003.0
1268.0,169.0,-1118.0
1040.0,-284.0,-1149.0
1132.0,19.0,-1130.0
936.0,-152.0,-1087.0
1249.0,353.0,-1030.0
1358.0,-46.0,-819.0
1255.0,0.0,-936.0
1276.0,74.0,-952.0
1044.0,31.0,-1114.0
1342.0,19.0,-897.0
995.0,-23.0,-1161.0
1335.0,124.0,-1042.0
1112.0,240.0,-1083.0
1413.0,117.0,-894.0
1188.0,-31.0,-944.0
1239.0,-122.0,-868.0
1063.0,130.0,-1050.0
1182.0,-29.0,-1114.0
974.0,44.0,-1100.0
1020.0,17.0,-1059.0
968.0,144.0,-1065.0
1061.0,-206.0,-874.0
845.0,-105.0,-835.0
1087.0,91.0,-903.0
579.0,292.0,-1225.0
856.0,40.0,-1052.0
320.0,-169.0,-958.0
784.0,93.0,-974.0
300.0,37.0,-1204.0
796.0,-33.0,-958.0
238.0,70.0,-1036.0
601.0,-21.0,-979.0
245.0,74.0,-1085.0
347.0,-40.0,-1052.0
247.0,35.0,-1065.0
212.0,107.0,-1134.0
247.0,40.0,-1157.0
163.0,29.0,-1169.0
259.0,-93.0,-888.0
244.0,103.0,-942.0
187.0,216.0,-1098.0
288.0,40.0,-1059.0
42.0,3.0,-1034.0
191.0,-58.0,-1161.0
171.0,-17.0,-1104.0
404.0,144.0,-995.0
134.0,3.0,-936.0
513.0,-74.0,-987.0
74.0,29.0,-1032.0
380.0,-25.0,-979.0
9.0,56.0,-1063.0
390.0,-103.0,-1011.0
224.0,171.0,-1085.0
261.0,52.0,-1050.0
234.0,-93.0,-884.0
15.0,-138.0,-903.0
419.0,-40.0,-917.0
-29.0,158.0,-1018.0
331.0,-46.0,-995.0
-126.0,-40.0,-1032.0
402.0,-52.0,-948.0
-105.0,83.0,-1139.0
294.0,-165.0,-864.0
-103.0,-83.0,-950.0
288.0,99.0,-870.0
121.0,169.0,-1116.0
-39.0,-60.0,-905.0
23.0,-152.0,-979.0
-13.0,-60.0,-1106.0
121.0,142.0,-1139.0
25.0,70.0,-1020.0
-81.0,7.0,-868.0
195.0,-177.0,-899.0
-177.0,154.0,-1059.0
259.0,15.0,-1040.0
-335.0,31.0,-1069.0
253.0,9.0,-1069.0
-218.0,97.0,-1200.0
232.0,89.0,-933.0
-93.0,-76.0,-925.0
169.0,13.0,-944.0
142.0,35.0,-1073.0
-58.0,183.0,-987.0
175.0,-9.0,-1067.0
-136.0,-83.0,-1108.0
331.0,85.0,-1026.0
-109.0,93.0,-1118.0
353.0,3.0,-847.0
-17.0,95.0,-1003.0
206.0,111.0,-1042.0
81.0,29.0,-1048.0
-89.0,17.0,-911.0
245.0,27.0,-1018.0
52.0,117.0,-1194.0
181.0,204.0,-1057.0
19.0,-46.0,-956.0
0.0,-25.0,-888.0
368.0,19.0,-958.0
-81.0,292.0,-1108.0
365.0,0.0,-948.0
-380.0,-3.0,-1026.0
493.0,62.0,-1085.0
-308.0,119.0,-1290.0
382.0,58.0,-892.0
-234.0,83.0,-882.0
324.0,124.0,-899.0
23.0,113.0,-1108.0
13.0,152.0,-1097.0
-29.0,-56.0,-1100.0
-152.0,103.0,-1011.0
244.0,253.0,-1061.0
-204.0,117.0,-1200.0
255.0,-31.0,-892.0
-183.0,113.0,-964.0
230.0,101.0,-966.0
-21.0,148.0,-1100.0
-21.0,81.0,-1063.0
99.0,113.0,-1138.0
-238.0,171.0,-1075.0
331.0,46.0,-983.0
-333.0,15.0,-1071.0
450.0,-23.0,-862.0
-171.0,242.0,-1040.0
327.0,68.0,-983.0
-226.0,11.0,-1046.0
119.0,0.0,-1036.0
-72.0,103.0,-1179.0
7.0,76.0,-979.0
148.0,-19.0,-868.0
-78.0,40.0,-1042.0
355.0,76.0,-995.0
-242.0,42.0,-913.0
177.0,-99.0,-935.0
-247.0,-15.0,-1177.0
265.0,177.0,-1071.0
-167.0,251.0,-1138.0
1.0,-130.0,-862.0
-58.0,-150.0,-897.0
-37.0,46.0,-1015.0
158.0,97.0,-1001.0
-238.0,29.0,-1015.0
58.0,-83.0,-1015.0
-169.0,136.0,-1167.0
103.0,130.0,-1007.0
-93.0,-5.0,-1011.0
-154.0,-97.0,-823.0
228.0,-60.0,-1022.0
-85.0,281.0,-1071.0
169.0,111.0,-1091.0
-390.0,-81.0,-897.0
242.0,-124.0,-1036.0
-206.0,220.0,-1188.0
201.0,97.0,-1104.0
-91.0,0.0,-888.0
-29.0,58.0,-933.0
111.0,70.0,-1022.0
-76.0,66.0,-1011.0
115.0,-93.0,-933.0
-83.0,25.0,-1153.0
265.0,113.0,-1116.0
-101.0,240.0,-1145.0
-40.0,3.0,-823.0
109.0,-187.0,-872.0
3.0,78.0,-966.0
335.0,144.0,-1071.0
-72.0,91.0,-1028.0
181.0,-83.0,-1001.0
-142.0,1.0,-1108.0
208.0,128.0,-1071.0
-138.0,-7.0,-997.0
183.0,103.0,-849.0
0.0,17.0,-1036.0
93.0,85.0,-966.0
1.0,-37.0,-1098.0
-48.0,-13.0,-985.0
214.0,111.0,-1077.0
-204.0,189.0,-1182.0
89.0,154.0,-1073.0
-312.0,-19.0,-915.0
148.0,-29.0,-882.0
15.0,85.0,-1122.0
117.0,140.0,-1046.0
31.0,85.0,-989.0
-165.0,146.0,-1126.0
81.0,111.0,-1147.0
-320.0,81.0,-1100.0
185.0,80.0,-856.0
-81.0,152.0,-977.0
255.0,124.0,-919.0
1.0,111.0,-1098.0
-29.0,-44.0,-1093.0
58.0,130.0,-1073.0
-142.0,245.0,-1097.0
167.0,156.0,-1024.0
-183.0,68.0,-974.0
238.0,76.0,-907.0
81.0,46.0,-989.0
189.0,-17.0,-958.0
-39.0,105.0,-1077.0
52.0,148.0,-1132.0
-85.0,261.0,-1100.0
-68.0,23.0,-942.0
23.0,0.0,-976.0
35.0,-83.0,-970.0
402.0,206.0,-905.0
-101.0,150.0,-1052.0
214.0,-27.0,-979.0
-374.0,33.0,-1138.0
134.0,80.0,-1087.0
-337.0,226.0,-1147.0
156.0,-80.0,-812.0
-93.0,27.0,-985.0
222.0,66.0,-1024.0
56.0,163.0,-1071.0
-113.0,5.0,-936.0
-197.0,-52.0,-999.0
-54.0,212.0,-1188.0
-222.0,220.0,-1296.0
9.0,-15.0,-876.0
-177.0,-113.0,-847.0
253.0,81.0,-960.0
66.0,324.0,-1085.0
-7.0,93.0,-1026.0
-302.0,-103.0,-1071.0
-109.0,9.0,-1126.0
-72.0,249.0,-1091.0
105.0,195.0,-983.0
5.0,-48.0,-870.0
119.0,-7.0,-903.0
173.0,203.0,-1073.0
-15.0,156.0,-1093.0
-7.0,-7.0,-944.0
-185.0,-50.0,-1067.0
122.0,58.0,-1050.0
-37.0,212.0,-1126.0
132.0,3.0,-931.0
80.0,-74.0,-880.0
128.0,68.0,-954.0
74.0,91.0,-1061.0
5.0,111.0,-999.0
-162.0,-54.0,-1046.0
78.0,109.0,-1085.0
-132.0,140.0,-1116.0
228.0,-19.0,-925.0
-107.0,-23.0,-905.0
329.0,-44.0,-979.0
-148.0,109.0,-1069.0
101.0,0.0,-970.0
-244.0,-21.0,-1087.0
58.0,66.0,-1180.0
-185.0,93.0,-1098.0
122.0,50.0,-938.0
-99.0,-40.0,-993.0
222.0,128.0,-938.0
11.0,3.0,-1059.0
-95.0,83.0,-1071.0
-91.0,11.0,-1108.0
-103.0,193.0,-1079.0
13.0,128.0,-1095.0
-13.0,60.0,-1038.0
-46.0,1.0,-925.0
204.0,-5.0,-927.0
-17.0,177.0,-1073.0
179.0,9.0,-1056.0
-267.0,83.0,-997.0
109.0,103.0,-1028.0
-87.0,156.0,-1190.0
173.0,93.0,-1028.0
-25.0,0.0,-944.0
193.0,52.0,-856.0
224.0,165.0,-1020.0
-13.0,175.0,-1011.0
72.0,-11.0,-1040.0
-259.0,-11.0,-1087.0
230.0,144.0,-1011.0
-89.0,101.0,-1124.0
300.0,25.0,-847.0
7.0,80.0,-964.0
156.0,99.0,-1024.0
19.0,46.0,-976.0
-185.0,9.0,-976.0
0.0,13.0,-1063.0
-91.0,201.0,-1216.0
15.0,203.0,-1056.0
0.0,-23.0,-999.0
-99.0,-40.0,-882.0
197.0,7.0,-942.0
-156.0,230.0,-1093.0
56.0,27.0,-1061.0
-343.0,35.0,-1087.0
81.0,111.0,-1046.0
-62.0,64.0,-1120.0
103.0,111.0,-956.0
-105.0,-11.0,-923.0
220.0,181.0,-987.0
-185.0,201.0,-1138.0
60.0,54.0,-952.0
-251.0,-46.0,-960.0
113.0,33.0,-1057.0
0.0,370.0,-1223.0
44.0,152.0,-1065.0
-83.0,23.0,-872.0
17.0,-19.0,-929.0
193.0,39.0,-960.0
35.0,165.0,-1048.0
23.0,31.0,-1024.0
-9.0,101.0,-1081.0
29.0,156.0,-1071.0
46.0,134.0,-1077.0
19.0,-74.0,-899.0
95.0,-5.0,-860.0
117.0,220.0,-983.0
111.0,152.0,-1069.0
-76.0,1.0,-1028.0
-97.0,-134.0,-1003.0
68.0,132.0,-1091.0
48.0,169.0,-1071.0
81.0,132.0,-970.0
-117.0,11.0,-987.0
130.0,-85.0,-919.0
-148.0,134.0,-1018.0
121.0,-48.0,-1013.0
-122.0,31.0,-1083.0
103.0,140.0,-1151.0
-247.0,220.0,-1214.0
-1.0,-21.0,-907.0
-222.0,-132.0,-921.0
214.0,142.0,-977.0
-39.0,128.0,-1057.0
109.0,115.0,-974.0
-187.0,-48.0,-1095.0
87.0,39.0,-1061.0
-140.0,226.0,-1106.0
17.0,119.0,-1073.0
-70.0,-13.0,-892.0
78.0,25.0,-942.0
95.0,136.0,-1030.0
160.0,-5.0,-1048.0
-66.0,25.0,-935.0
179.0,48.0,-1056.0
-115.0,320.0,-1239.0
105.0,119.0,-1003.0
-187.0,93.0,-972.0
134.0,-119.0,-847.0
228.0,76.0,-905.0
144.0,204.0,-1104.0
179.0,-17.0,-1005.0
-132.0,35.0,-1065.0
-31.0,37.0,-1132.0
-66.0,52.0,-1069.0
0.0,54.0,-899.0
126.0,-1.0,-892.0
206.0,171.0,-1032.0
62.0,13.0,-1003.0
23.0,-44.0,-993.0
-148.0,48.0,-1130.0
-1.0,173.0,-1112.0
-169.0,195.0,-1151.0
-107.0,-62.0,-968.0
13.0,31.0,-901.0
134.0,93.0,-913.0
191.0,101.0,-1081.0
-144.0,-21.0,-1071.0
-99.0,-60.0,-1028.0
-169.0,214.0,-1130.0
-81.0,154.0,-1134.0
-52.0,60.0,-1001.0
-5.0,-93.0,-868.0
177.0,148.0,-917.0
122.0,263.0,-1071.0
68.0,89.0,-1098.0
-275.0,-46.0,-970.0
-29.0,80.0,-1032.0
-160.0,292.0,-1214.0
210.0,101.0,-1018.0
-76.0,68.0,-903.0
253.0,9.0,-868.0
121.0,286.0,-1036.0
60.0,87.0,-1001.0
-23.0,-7.0,-1020.0
-210.0,25.0,-1134.0
74.0,167.0,-1085.0
-52.0,220.0,-1005.0
185.0,-31.0,-913.0
29.0,-25.0,-931.0
245.0,78.0,-974.0
25.0,189.0,-1007.0
-13.0,56.0,-987.0
-119.0,7.0,-1126.0
-107.0,140.0,-1161.0
17.0,128.0,-964.0
119.0,13.0,-958.0
33.0,-25.0,-976.0
286.0,154.0,-997.0
-140.0,199.0,-1022.0
33.0,-1.0,-1024.0
-404.0,-54.0,-1136.0
195.0,62.0,-1128.0
-376.0,224.0,-1179.0
265.0,48.0,-839.0
-247.0,-25.0,-952.0
294.0,-1.0,-1050.0
-83.0,154.0,-1138.0
-9.0,121.0,-946.0
-220.0,-181.0,-946.0
-3.0,148.0,-1112.0
-3.0,224.0,-1245.0
-5.0,208.0,-1040.0
-1.0,-50.0,-792.0
179.0,-35.0,-940.0
154.0,240.0,-1026.0
85.0,167.0,-1057.0
-134.0,-29.0,-997.0
-78.0,-70.0,-1130.0
-13.0,148.0,-1077.0
181.0,218.0,-1065.0
-11.0,0.0,-854.0
238.0,-80.0,-866.0
46.0,23.0,-1081.0
169.0,197.0,-1073.0
-132.0,1.0,-999.0
31.0,-7.0,-913.0
-66.0,13.0,-1161.0
62.0,165.0,-1067.0
76.0,111.0,-1071.0
-15.0,-105.0,-849.0
253.0,48.0,-870.0
-111.0,136.0,-1073.0
103.0,113.0,-1106.0
-255.0,-5.0,-1093.0
-35.0,13.0,-1089.0
-83.0,48.0,-1061.0
21.0,85.0,-1024.0
15.0,-21.0,-884.0
126.0,48.0,-979.0
7.0,113.0,-1075.0
-68.0,68.0,-1042.0
-189.0,17.0,-993.0
-68.0,142.0,-1104.0
-95.0,109.0,-1159.0
5.0,119.0,-1026.0
13.0,13.0,-921.0
119.0,212.0,-933.0
76.0,62.0,-913.0
-19.0,70.0,-1077.0
-138.0,-21.0,-1116.0
0.0,158.0,-1112.0
-56.0,210.0,-1022.0
138.0,72.0,-950.0
-60.0,58.0,-952.0
251.0,-40.0,-940.0
33.0,253.0,-1073.0
101.0,27.0,-1001.0
-111.0,15.0,-935.0
13.0,83.0,-1015.0
54.0,201.0,-1163.0
42.0,124.0,-1036.0
58.0,-54.0,-958.0
37.0,7.0,-997.0
156.0,124.0,-905.0
46.0,95.0,-954.0
-70.0,-40.0,-1030.0
-58.0,-42.0,-1165.0
-7.0,187.0,-1116.0
15.0,228.0,-1052.0
-60.0,-46.0,-892.0
-7.0,-60.0,-915.0
113.0,160.0,-1097.0
19.0,224.0,-1095.0
-70.0,-15.0,-929.0
-304.0,-66.0,-1009.0
64.0,83.0,-1110.0
-64.0,343.0,-1184.0
52.0,-74.0,-1034.0
-72.0,-5.0,-860.0
72.0,62.0,-933.0
95.0,259.0,-1022.0
-107.0,136.0,-1071.0
-62.0,-35.0,-1026.0
-216.0,175.0,-1093.0
171.0,238.0,-1001.0
-95.0,226.0,-1106.0
109.0,-85.0,-882.0
17.0,-113.0,-936.0
195.0,165.0,-1063.0
29.0,113.0,-1120.0
-17.0,68.0,-870.0
-105.0,-46.0,-1054.0
95.0,162.0,-1161.0
-3.0,183.0,-1091.0
294.0,144.0,-905.0
-44.0,76.0,-933.0
349.0,64.0,-872.0
-156.0,126.0,-1087.0
103.0,70.0,-1098.0
-224.0,83.0,-1075.0
158.0,64.0,-1059.0
-132.0,218.0,-1069.0
271.0,-17.0,-884.0
-177.0,-76.0,-979.0
310.0,-128.0,-995.0
-160.0,97.0,-1134.0
29.0,48.0,-935.0
-218.0,25.0,-1079.0
-44.0,124.0,-1141.0
-11.0,13.0,-1036.0
66.0,163.0,-1032.0
5.0,-1.0,-936.0
269.0,111.0,-890.0
-201.0,87.0,-1083.0
87.0,-1.0,-1071.0
-447.0,40.0,-1132.0
199.0,35.0,-989.0
-167.0,142.0,-1138.0
156.0,-5.0,-974.0
-60.0,-66.0,-968.0
74.0,89.0,-1018.0
35.0,81.0,-1042.0
-58.0,126.0,-936.0
-85.0,-40.0,-977.0
-37.0,29.0,-1108.0
95.0,216.0,-1136.0
78.0,40.0,-1054.0
44.0,11.0,-944.0
148.0,-23.0,-882.0
40.0,179.0,-981.0
44.0,27.0,-1028.0
-150.0,-46.0,-1038.0
52.0,23.0,-1073.0
-15.0,226.0,-1083.0
255.0,195.0,-970.0
-40.0,-11.0,-974.0
39.0,-29.0,-970.0
97.0,31.0,-1044.0
-39.0,160.0,-987.0
27.0,-97.0,-892.0
-148.0,-23.0,-1061.0
197.0,89.0,-1179.0
-144.0,193.0,-1138.0
152.0,13.0,-911.0
-204.0,-136.0,-933.0
122.0,160.0,-956.0
-68.0,136.0,-1071.0
-70.0,44.0,-1063.0
-126.0,-91.0,-1063.0
13.0,191.0,-1015.0
83.0,347.0,-1136.0
-83.0,109.0,-1038.0
-31.0,-68.0,-860.0
-62.0,-29.0,-1063.0
150.0,160.0,-1048.0
-111.0,160.0,-1024.0
-11.0,-107.0,-892.0
-76.0,17.0,-1124.0
80.0,185.0,-1116.0
37.0,247.0,-1159.0
-70.0,13.0,-892.0
89.0,-62.0,-884.0
-40.0,183.0,-968.0
175.0,130.0,-1093.0
-48.0,11.0,-1042.0
46.0,-40.0,-991.0
40.0,130.0,-1063.0
117.0,124.0,-1081.0
21.0,80.0,-948.0
11.0,-156.0,-976.0
109.0,-31.0,-999.0
0.0,23.0,-899.0
115.0,-5.0,-1003.0
-132.0,-3.0,-1192.0
152.0,48.0,-1098.0
-191.0,224.0,-1011.0
181.0,37.0,-901.0
-58.0,9.0,-985.0
111.0,46.0,-977.0
33.0,11.0,-1013.0
-128.0,3.0,-1042.0
21.0,-81.0,-1003.0
-42.0,105.0,-1126.0
91.0,-7.0,-1097.0
-66.0,-76.0,-1005.0
-124.0,13.0,-936.0
128.0,13.0,-1009.0
-113.0,134.0,-1040.0
56.0,-29.0,-997.0
-203.0,0.0,-970.0
136.0,23.0,-1180.0
-242.0,236.0,-1231.0
150.0,115.0,-1007.0
-306.0,-40.0,-868.0
357.0,5.0,-868.0
-78.0,156.0,-1128.0
158.0,60.0,-1077.0
-222.0,-54.0,-997.0
-25.0,-11.0,-968.0
230.0,46.0,-1145.0
-140.0,78.0,-1132.0
363.0,-58.0,-804.0
-251.0,66.0,-981.0
363.0,76.0,-958.0
-111.0,9.0,-1081.0
126.0,-19.0,-905.0
-89.0,-35.0,-1104.0
111.0,169.0,-1026.0
126.0,58.0,-1081.0
-138.0,-78.0,-1020.0
183.0,-148.0,-866.0
5.0,23.0,-903.0
214.0,52.0,-1057.0
-103.0,-50.0,-1114.0
-33.0,-46.0,-1052.0
-130.0,-37.0,-1046.0
134.0,74.0,-1050.0
-5.0,-89.0,-1087.0
37.0,-35.0,-952.0
-11.0,171.0,-1026.0
-80.0,-17.0,-987.0
-85.0,15.0,-968.0
-201.0,-126.0,-1063.0
169.0,113.0,-1153.0
-263.0,201.0,-1177.0
109.0,-64.0,-962.0
-267.0,-83.0,-993.0
128.0,-95.0,-888.0
29.0,203.0,-1011.0
23.0,103.0,-1061.0
-48.0,-72.0,-1022.0
-95.0,35.0,-1063.0
152.0,208.0,-1104.0
-42.0,107.0,-1048.0
66.0,-128.0,-892.0
44.0,-15.0,-935.0
144.0,277.0,-1063.0
-21.0,206.0,-991.0
-21.0,-78.0,-952.0
-54.0,-121.0,-1085.0
204.0,83.0,-1042.0
91.0,244.0,-1130.0
44.0,-13.0,-956.0
5.0,-126.0,-854.0
60.0,9.0,-997.0
42.0,52.0,-1040.0
0.0,134.0,-989.0
15.0,-68.0,-1093.0
66.0,50.0,-1085.0
0.0,195.0,-1034.0
56.0,0.0,-1018.0
-44.0,-89.0,-911.0
68.0,3.0,-1056.0
-97.0,183.0,-1011.0
101.0,35.0,-993.0
-245.0,-124.0,-981.0
290.0,-19.0,-1161.0
-290.0,87.0,-1169.0
308.0,62.0,-890.0
-353.0,40.0,-997.0
244.0,-115.0,-970.0
-204.0,117.0,-1013.0
33.0,124.0,-966.0
-83.0,-7.0,-1003.0
40.0,154.0,-1136.0
3.0,236.0,-1159.0
-85.0,109.0,-1038.0
-95.0,-81.0,-833.0
52.0,-111.0,-915.0
119.0,117.0,-1114.0
58.0,17.0,-1003.0
-25.0,-80.0,-948.0
25.0,-40.0,-1030.0
181.0,52.0,-1100.0
-44.0,261.0,-1202.0
-27.0,-37.0,-901.0
37.0,-3.0,-860.0
-5.0,23.0,-960.0
275.0,111.0,-1075.0
-140.0,-9.0,-1056.0
203.0,-31.0,-936.0
-72.0,206.0,-1149.0
122.0,52.0,-1097.0
-144.0,-95.0,-1011.0
-1.0,-158.0,-810.0
128.0,-33.0,-976.0
37.0,62.0,-1059.0
115.0,-177.0,-1091.0
-105.0,-40.0,-946.0
95.0,52.0,-1054.0
-179.0,109.0,-1202.0
11.0,29.0,-1079.0
-263.0,-19.0,-921.0
136.0,3.0,-823.0
54.0,-23.0,-1061.0
44.0,-52.0,-1024.0
-27.0,-42.0,-1120.0
-156.0,85.0,-1126.0
66.0,109.0,-1091.0
-228.0,-19.0,-1056.0
25.0,-189.0,-917.0
29.0,1.0,-944.0
66.0,50.0,-1001.0
132.0,-35.0,-1050.0
-132.0,-68.0,-1057.0
121.0,101.0,-1083.0
-234.0,240.0,-1159.0
128.0,87.0,-970.0
-220.0,-148.0,-944.0
244.0,-46.0,-950.0
87.0,3.0,-942.0
327.0,99.0,-970.0
-89.0,-119.0,-1042.0
97.0,-21.0,-1050.0
-21.0,212.0,-1194.0
-140.0,11.0,-1102.0
175.0,-64.0,-813.0
-72.0,-72.0,-923.0
454.0,122.0,-1011.0
-23.0,138.0,-1108.0
46.0,-136.0,-925.0
-111.0,-113.0,-1067.0
5.0,195.0,-1128.0
64.0,234.0,-1167.0
-99.0,7.0,-944.0
23.0,-181.0,-892.0
-23.0,-76.0,-968.0
206.0,60.0,-1059.0
-87.0,-23.0,-1026.0
23.0,-29.0,-991.0
-156.0,29.0,-1204.0
-115.0,126.0,-1151.0
-52.0,154.0,-1020.0
-259.0,-212.0,-849.0
322.0,-23.0,-958.0
-148.0,89.0,-1093.0
306.0,111.0,-1022.0
-376.0,-15.0,-1046.0
39.0,-62.0,-1018.0
-138.0,109.0,-1134.0
-19.0,177.0,-1048.0
138.0,-35.0,-886.0
-93.0,-62.0,-952.0
320.0,-37.0,-948.0
-158.0,128.0,-1061.0
121.0,-11.0,-958.0
-197.0,-37.0,-1138.0
91.0,134.0,-1097.0
-7.0,21.0,-1085.0
13.0,-29.0,-866.0
81.0,-95.0,-909.0
124.0,-44.0,-962.0
187.0,23.0,-1040.0
-167.0,17.0,-1018.0
163.0,-107.0,-1065.0
-236.0,-31.0,-1108.0
253.0,50.0,-938.0
-169.0,11.0,-1077.0
242.0,-167.0,-864.0
35.0,25.0,-985.0
-25.0,40.0,-995.0
52.0,-136.0,-1063.0
-322.0,-25.0,-989.0
286.0,48.0,-1097.0
-372.0,144.0,-1214.0
249.0,-183.0,-911.0
-396.0,-93.0,-987.0
267.0,-70.0,-929.0
-99.0,117.0,-1059.0
54.0,-15.0,-977.0
-158.0,-158.0,-1071.0
-97.0,33.0,-1042.0
62.0,52.0,-1151.0
-193.0,40.0,-1061.0
203.0,-142.0,-845.0
-216.0,1.0,-1001.0
314.0,50.0,-987.0
-181.0,-42.0,-1026.0
101.0,-119.0,-983.0
-101.0,-78.0,-1173.0
126.0,204.0,-1038.0
119.0,81.0,-1046.0
-132.0,-167.0,-938.0
267.0,-333.0,-876.0
-15.0,85.0,-1007.0
300.0,64.0,-1093.0
-138.0,-54.0,-977.0
121.0,-124.0,-1007.0
-35.0,29.0,-1124.0
83.0,27.0,-1071.0
85.0,-148.0,-938.0
13.0,-230.0,-894.0
247.0,13.0,-981.0
-9.0,3.0,-1036.0
175.0,-126.0,-1057.0
-316.0,-204.0,-983.0
398.0,-29.0,-1071.0
-349.0,158.0,-1239.0
341.0,-107.0,-948.0
-277.0,-93.0,-899.0
191.0,-119.0,-946.0
29.0,39.0,-1095.0
-103.0,-80.0,-1028.0
54.0,-101.0,-1038.0
-275.0,35.0,-1130.0
185.0,60.0,-1116.0
-292.0,23.0,-1065.0
146.0,-160.0,-868.0
-111.0,-64.0,-979.0
195.0,-58.0,-987.0
-50.0,29.0,-1077.0
-103.0,-42.0,-993.0
58.0,42.0,-1116.0
-216.0,68.0,-1157.0
152.0,81.0,-1030.0
-230.0,-64.0,-911.0
216.0,-48.0,-901.0
-50.0,25.0,-1050.0
224.0,5.0,-1030.0
-95.0,-89.0,-997.0
0.0,21.0,-1042.0
23.0,99.0,-1130.0
-78.0,76.0,-1079.0
19.0,-111.0,-921.0
21.0,-150.0,-895.0
232.0,40.0,-974.0
44.0,-23.0,-976.0
78.0,-64.0,-995.0
-197.0,-160.0,-1124.0
56.0,99.0,-1075.0
-87.0,119.0,-1118.0
-29.0,-126.0,-936.0
64.0,-42.0,-876.0
48.0,-3.0,-950.0
265.0,-5.0,-1007.0
-253.0,-93.0,-1085.0
138.0,-70.0,-1022.0
-294.0,121.0,-1151.0
85.0,-3.0,-1063.0
-191.0,-31.0,-1048.0
-35.0,-128.0,-919.0
128.0,-1.0,-956.0
-13.0,42.0,-1077.0
37.0,-48.0,-983.0
-204.0,-83.0,-1036.0
-74.0,60.0,-1165.0
-87.0,99.0,-1132.0
-44.0,165.0,-991.0
-17.0,-134.0,-929.0
80.0,-66.0,-962.0
138.0,13.0,-972.0
-58.0,99.0,-1063.0
27.0,0.0,-987.0
-253.0,5.0,-1126.0
199.0,99.0,-1089.0
-156.0,-42.0,-1061.0
283.0,-173.0,-757.0
-89.0,-37.0,-1057.0
406.0,64.0,-968.0
-83.0,1.0,-1050.0
-13.0,-142.0,-936.0
-52.0,-162.0,-1081.0
160.0,128.0,-1087.0
-21.0,85.0,-1110.0
189.0,-101.0,-921.0
-93.0,-224.0,-903.0
421.0,-76.0,-878.0
-124.0,115.0,-1179.0
191.0,-187.0,-1018.0
-376.0,-162.0,-1038.0
277.0,-66.0,-1001.0
-165.0,39.0,-1221.0
251.0,-122.0,-979.0
-214.0,-283.0,-977.0
249.0,-62.0,-892.0
-187.0,23.0,-1079.0
152.0,-70.0,-1028.0
-320.0,-183.0,-1141.0
62.0,-144.0,-989.0
-132.0,128.0,-1141.0
111.0,40.0,-1073.0
-121.0,-81.0,-981.0
3.0,-140.0,-895.0
25.0,-142.0,-948.0
-1.0,113.0,-1075.0
-58.0,-58.0,-1095.0
-27.0,46.0,-1050.0
-152.0,-42.0,-1050.0
107.0,-68.0,-993.0
-40.0,-148.0,-1003.0
247.0,-183.0,-942.0
-13.0,117.0,-983.0
154.0,-89.0,-921.0
-195.0,-117.0,-999.0
134.0,-42.0,-1056.0
39.0,146.0,-1249.0
13.0,-19.0,-968.0
189.0,-154.0,-849.0
-140.0,-99.0,-935.0
400.0,11.0,-1016.0
-294.0,68.0,-1087.0
314.0,-224.0,-878.0
-351.0,-48.0,-1044.0
357.0,-46.0,-1079.0
-242.0,158.0,-1229.0
122.0,-199.0,-841.0
-160.0,-242.0,-882.0
216.0,-19.0,-1009.0
-15.0,58.0,-1141.0
-29.0,19.0,-915.0
-226.0,-162.0,-983.0
54.0,-17.0,-1124.0
-107.0,189.0,-1173.0
76.0,13.0,-1015.0
-177.0,-117.0,-823.0
130.0,-165.0,-917.0
-11.0,-3.0,-1132.0
56.0,66.0,-1124.0
-228.0,-136.0,-911.0
54.0,52.0,-1007.0
-122.0,21.0,-1208.0
152.0,95.0,-1116.0
-179.0,-165.0,-929.0
140.0,-154.0,-786.0
11.0,134.0,-1052.0
111.0,121.0,-1112.0
-35.0,-29.0,-989.0
-138.0,-140.0,-993.0
109.0,46.0,-1065.0
115.0,160.0,-1124.0
109.0,-17.0,-976.0
175.0,-128.0,-815.0
52.0,-109.0,-991.0
154.0,-21.0,-1011.0
-111.0,31.0,-1145.0
68.0,-40.0,-1036.0
-66.0,66.0,-1063.0
218.0,-11.0,-1005.0
-42.0,-74.0,-1050.0
136.0,-122.0,-899.0
0.0,25.0,-972.0
66.0,42.0,-987.0
-58.0,-60.0,-1079.0
-156.0,-134.0,-1046.0
148.0,7.0,-1046.0
-156.0,19.0,-1050.0
169.0,-78.0,-1009.0
-158.0,-58.0,-1013.0
183.0,-48.0,-962.0
-189.0,-9.0,-1030.0
-29.0,-134.0,-974.0
-122.0,-136.0,-1087.0
5.0,165.0,-1056.0
111.0,81.0,-1114.0
-167.0,-48.0,-1034.0
21.0,-189.0,-948.0
-39.0,-25.0,-997.0
44.0,85.0,-1030.0
-3.0,-74.0,-954.0
-109.0,-72.0,-964.0
107.0,-89.0,-1149.0
-119.0,87.0,-1130.0
251.0,29.0,-1056.0
-275.0,-173.0,-878.0
316.0,-60.0,-944.0
-154.0,40.0,-1063.0
306.0,-46.0,-884.0
-279.0,-146.0,-1073.0
210.0,-167.0,-1020.0
58.0,152.0,-1139.0
70.0,140.0,-976.0
140.0,-154.0,-936.0
-162.0,-273.0,-954.0
277.0,-134.0,-956.0
-101.0,66.0,-1042.0
179.0,-117.0,-950.0
-158.0,-195.0,-1073.0
107.0,3.0,-1106.0
23.0,80.0,-1130.0
-117.0,-130.0,-958.0
-7.0,-218.0,-944.0
19.0,-154.0,-940.0
105.0,177.0,-1015.0
-58.0,-144.0,-1085.0
-44.0,-177.0,-987.0
-35.0,-70.0,-1114.0
0.0,35.0,-1124.0
13.0,-9.0,-1095.0
-224.0,-212.0,-849.0
158.0,-89.0,-983.0
-138.0,13.0,-1057.0
269.0,-27.0,-1009.0
-341.0,-89.0,-970.0
214.0,-95.0,-1063.0
-251.0,134.0,-1204.0
17.0,124.0,-1106.0
-99.0,-78.0,-907.0
-40.0,-179.0,-847.0
253.0,-40.0,-968.0
0.0,85.0,-1089.0
109.0,-33.0,-1018.0
-210.0,-78.0,-1134.0
187.0,25.0,-1065.0
-107.0,35.0,-1042.0
142.0,-31.0,-913.0
-9.0,-197.0,-972.0
156.0,-58.0,-929.0
89.0,11.0,-1098.0
9.0,31.0,-1044.0
95.0,-29.0,-979.0
-244.0,119.0,-1069.0
226.0,17.0,-1026.0
-222.0,-119.0,-1083.0
185.0,-146.0,-864.0
160.0,-76.0,-931.0
60.0,48.0,-991.0
78.0,-109.0,-1020.0
-353.0,-76.0,-1145.0
148.0,-35.0,-1085.0
-333.0,5.0,-1143.0
290.0,-23.0,-895.0
-228.0,-105.0,-979.0
320.0,-13.0,-950.0
-169.0,15.0,-1106.0
134.0,-42.0,-942.0
-353.0,-70.0,-1132.0
31.0,76.0,-1073.0
-66.0,154.0,-1130.0
-103.0,-74.0,-950.0
144.0,-183.0,-1001.0
-81.0,-70.0,-946.0
290.0,156.0,-1001.0
-232.0,23.0,-1042.0
42.0,-142.0,-1026.0
-247.0,-9.0,-1106.0
56.0,142.0,-1052.0
247.0,89.0,-1034.0
-105.0,-93.0,-919.0
318.0,-103.0,-952.0
-119.0,89.0,-1054.0
255.0,-7.0,-972.0
-281.0,-52.0,-1015.0
185.0,-117.0,-1018.0
-15.0,107.0,-1132.0
93.0,132.0,-1048.0
218.0,-148.0,-946.0
-244.0,-160.0,-905.0
454.0,-39.0,-993.0
-331.0,136.0,-1093.0
316.0,-156.0,-864.0
-497.0,-175.0,-1112.0
349.0,37.0,-1052.0
-169.0,148.0,-1198.0
199.0,-48.0,-860.0
-93.0,-197.0,-933.0
81.0,-87.0,-960.0
54.0,9.0,-1087.0
-140.0,-37.0,-1038.0
-103.0,-204.0,-1005.0
-115.0,-68.0,-1116.0
136.0,195.0,-1085.0
-5.0,-11.0,-1132.0
-101.0,-183.0,-841.0
15.0,-210.0,-1005.0
-119.0,13.0,-1007.0
156.0,81.0,-1044.0
-310.0,-175.0,-999.0
210.0,-115.0,-1052.0
-244.0,-23.0,-1177.0
320.0,111.0,-1026.0
-263.0,-48.0,-952.0
244.0,-167.0,-849.0
-144.0,-11.0,-1089.0
214.0,-25.0,-989.0
-119.0,-121.0,-1013.0
81.0,-152.0,-1046.0
136.0,23.0,-1159.0
-119.0,105.0,-1061.0
263.0,-9.0,-892.0
-244.0,-206.0,-1013.0
413.0,-236.0,-909.0
-195.0,9.0,-1050.0
288.0,-101.0,-944.0
-156.0,-35.0,-1034.0
177.0,15.0,-1122.0
-31.0,-31.0,-1179.0
-78.0,-56.0,-895.0
107.0,-195.0,-817.0
-44.0,-31.0,-1059.0
261.0,-148.0,-1036.0
-195.0,-58.0,-1057.0
99.0,-138.0,-995.0
-111.0,19.0,-1108.0
7.0,109.0,-1089.0
-124.0,-74.0,-1126.0
-148.0,-124.0,-895.0
138.0,-126.0,-917.0
3.0,-21.0,-1032.0
97.0,-31.0,-1102.0
-255.0,-70.0,-970.0
-15.0,74.0,-1089.0
-222.0,52.0,-1194.0
74.0,-33.0,-989.0
-126.0,-56.0,-940.0
152.0,-25.0,-853.0
103.0,19.0,-995.0
-5.0,-42.0,-1071.0
-37.0,-23.0,-1048.0
-140.0,31.0,-1057.0
17.0,128.0,-1052.0
-25.0,23.0,-1077.0
31.0,-31.0,-907.0
122.0,-89.0,-989.0
156.0,37.0,-956.0
119.0,44.0,-964.0
-58.0,-54.0,-1036.0
-91.0,-44.0,-1149.0
56.0,80.0,-1034.0
-39.0,23.0,-1048.0
148.0,-177.0,-966.0
64.0,-138.0,-940.0
142.0,80.0,-958.0
87.0,3.0,-1022.0
-101.0,-107.0,-1020.0
-115.0,-154.0,-1089.0
21.0,95.0,-1056.0
11.0,191.0,-1100.0
74.0,-93.0,-974.0
-109.0,-163.0,-977.0
212.0,-93.0,-927.0
-154.0,126.0,-1057.0
64.0,-33.0,-1007.0
-333.0,-189.0,-1097.0
97.0,-81.0,-1079.0
-163.0,162.0,-1139.0
201.0,0.0,-977.0
-244.0,-203.0,-938.0
222.0,-66.0,-962.0
-163.0,42.0,-1081.0
83.0,40.0,-952.0
-193.0,-189.0,-1079.0
37.0,-91.0,-1052.0
31.0,210.0,-1104.0
23.0,89.0,-1065.0
-23.0,-146.0,-944.0
42.0,-152.0,-923.0
29.0,-48.0,-1057.0
101.0,29.0,-966.0
-78.0,-89.0,-1005.0
64.0,-113.0,-1081.0
85.0,40.0,-1104.0
101.0,56.0,-1038.0
25.0,-40.0,-985.0
29.0,-247.0,-874.0
181.0,44.0,-974.0
-52.0,78.0,-1132.0
156.0,-163.0,-884.0
-179.0,-193.0,-954.0
288.0,-54.0,-1147.0
-124.0,126.0,-1206.0
152.0,-7.0,-927.0
-208.0,-150.0,-866.0
191.0,-167.0,-952.0
15.0,-56.0,-1069.0
44.0,-33.0,-1032.0
-80.0,-165.0,-1018.0
17.0,-23.0,-1077.0
-29.0,66.0,-1184.0
-91.0,-35.0,-1059.0
1.0,-183.0,-823.0
-107.0,-48.0,-974.0
119.0,-91.0,-1030.0
-140.0,-113.0,-1108.0
-93.0,-138.0,-1009.0
-1.0,-50.0,-1081.0
-64.0,122.0,-1141.0
-15.0,21.0,-1057.0
-169.0,-78.0,-972.0
35.0,-222.0,-864.0
138.0,-87.0,-981.0
7.0,74.0,-1167.0
42.0,-107.0,-989.0
-29.0,81.0,-966.0
-31.0,37.0,-1114.0
111.0,-35.0,-1116.0
-74.0,-146.0,-956.0
165.0,-187.0,-868.0
163.0,169.0,-983.0
140.0,-35.0,-1020.0
44.0,-91.0,-983.0
-156.0,-177.0,-1069.0
245.0,58.0,-1071.0
-185.0,181.0,-1151.0
-109.0,-107.0,-946.0
203.0,-87.0,-921.0
42.0,23.0,-972.0
7.0,-50.0,-1079.0
-89.0,-83.0,-1128.0
-122.0,111.0,-1100.0
66.0,21.0,-979.0
-89.0,-48.0,-1042.0
85.0,-220.0,-964.0
136.0,-25.0,-970.0
-29.0,191.0,-999.0
21.0,-52.0,-1042.0
-355.0,-99.0,-1139.0
126.0,-76.0,-1079.0
-286.0,183.0,-1116.0
306.0,7.0,-909.0
-261.0,-46.0,-1059.0
259.0,-72.0,-966.0
-216.0,64.0,-1048.0
72.0,74.0,-995.0
-273.0,-136.0,-1024.0
111.0,78.0,-1075.0
-150.0,121.0,-1180.0
169.0,146.0,-952.0
-119.0,-140.0,-923.0
242.0,-154.0,-981.0
91.0,208.0,-1104.0
-13.0,111.0,-931.0
-87.0,-103.0,-907.0
-138.0,-136.0,-1177.0
130.0,95.0,-1128.0
85.0,193.0,-1020.0
165.0,-78.0,-862.0
80.0,-150.0,-911.0
230.0,-13.0,-1011.0
-11.0,165.0,-1122.0
-101.0,-70.0,-991.0
-193.0,-128.0,-970.0
154.0,0.0,-1056.0
103.0,216.0,-1087.0
169.0,13.0,-1011.0
-66.0,-201.0,-888.0
150.0,-142.0,-972.0
-148.0,177.0,-1108.0
25.0,99.0,-1057.0
-304.0,-105.0,-964.0
60.0,-163.0,-1009.0
27.0,58.0,-1153.0
197.0,130.0,-1093.0
-60.0,-21.0,-878.0
132.0,-80.0,-878.0
-173.0,-19.0,-1108.0
-52.0,48.0,-1046.0
-195.0,-54.0,-979.0
0.0,-17.0,-1061.0
42.0,-19.0,-1122.0
58.0,154.0,-1110.0
9.0,-19.0,-940.0
-39.0,9.0,-894.0
9.0,-70.0,-989.0
0.0,25.0,-1056.0
-103.0,-15.0,-1028.0
74.0,-33.0,-1050.0
93.0,66.0,-1116.0
119.0,27.0,-995.0
17.0,33.0,-1036.0
25.0,-40.0,-942.0
7.0,-23.0,-909.0
39.0,-130.0,-993.0
-21.0,-54.0,-1114.0
160.0,5.0,-985.0
109.0,232.0,-997.0
134.0,-37.0,-1077.0
-91.0,-68.0,-1042.0
-15.0,-119.0,-962.0
87.0,68.0,-956.0
25.0,3.0,-997.0
74.0,-107.0,-974.0
-42.0,-78.0,-1057.0
169.0,60.0,-1038.0
-89.0,122.0,-1208.0
-39.0,-146.0,-1046.0
-126.0,-31.0,-933.0
-33.0,85.0,-936.0
163.0,-50.0,-1011.0
-70.0,-70.0,-974.0
-15.0,-179.0,-1106.0
-1.0,165.0,-1130.0
-31.0,251.0,-1157.0
-99.0,-19.0,-976.0
-132.0,-165.0,-921.0
9.0,-56.0,-1028.0
74.0,134.0,-946.0
158.0,0.0,-1009.0
-171.0,-81.0,-1073.0
83.0,-35.0,-1116.0
-130.0,255.0,-1093.0
80.0,130.0,-1034.0
-156.0,-130.0,-942.0
111.0,-162.0,-921.0
183.0,105.0,-995.0
68.0,117.0,-995.0
156.0,-72.0,-1028.0
-193.0,-81.0,-1098.0
177.0,148.0,-1040.0
-134.0,195.0,-1100.0
81.0,-89.0,-952.0
-50.0,-218.0,-905.0
306.0,50.0,-954.0
-7.0,189.0,-1114.0
179.0,-42.0,-868.0
-259.0,-115.0,-1061.0
95.0,-52.0,-1141.0
-175.0,298.0,-1149.0
138.0,-27.0,-940.0
-72.0,-95.0,-874.0
238.0,-89.0,-985.0
-7.0,115.0,-1048.0
21.0,1.0,-1026.0
-275.0,-89.0,-1011.0
39.0,48.0,-1161.0
-163.0,113.0,-1155.0
95.0,175.0,-925.0
-181.0,-101.0,-931.0
154.0,-210.0,-919.0
-83.0,119.0,-1106.0
-9.0,148.0,-1048.0
-124.0,-19.0,-1015.0
-191.0,-21.0,-1042.0
50.0,42.0,-1067.0
-3.0,208.0,-1126.0
62.0,-42.0,-956.0
109.0,-72.0,-868.0
27.0,64.0,-989.0
68.0,134.0,-1071.0
-103.0,-19.0,-1038.0
-27.0,-17.0,-974.0
154.0,33.0,-1063.0
1.0,150.0,-1130.0
238.0,-31.0,-987.0
-152.0,-15.0,-936.0
265.0,-23.0,-899.0
-17.0,15.0,-1026.0
21.0,17.0,-1034.0
11.0,-101.0,-1030.0
37.0,109.0,-1069.0
81.0,50.0,-1083.0
-27.0,3.0,-1026.0
72.0,-11.0,-970.0
21.0,37.0,-927.0
68.0,-58.0,-940.0
-7.0,-121.0,-1015.0
-31.0,-89.0,-1161.0
29.0,191.0,-1120.0
15.0,160.0,-1040.0
-89.0,11.0,-991.0
-167.0,-191.0,-989.0
130.0,25.0,-999.0
-115.0,7.0,-1015.0
103.0,-7.0,-950.0
-177.0,-117.0,-1093.0
93.0,111.0,-1091.0
-214.0,218.0,-1190.0
29.0,-17.0,-944.0
-212.0,-101.0,-960.0
115.0,11.0,-968.0
111.0,89.0,-1013.0
115.0,-5.0,-956.0
-140.0,-101.0,-983.0
74.0,-13.0,-1141.0
-15.0,314.0,-1192.0
-115.0,72.0,-1059.0
126.0,-132.0,-720.0
-124.0,-54.0,-1048.0
441.0,66.0,-991.0
-33.0,27.0,-1085.0
140.0,-140.0,-870.0
-187.0,-74.0,-1056.0
179.0,245.0,-1145.0
-81.0,177.0,-1184.0
-21.0,-101.0,-843.0
42.0,-271.0,-831.0
230.0,31.0,-997.0
193.0,162.0,-1118.0
-9.0,-33.0,-962.0
-111.0,-183.0,-997.0
-103.0,60.0,-1132.0
50.0,134.0,-1167.0
0.0,58.0,-993.0
-95.0,-162.0,-847.0
181.0,-81.0,-944.0
50.0,66.0,-1083.0
124.0,31.0,-1065.0
-244.0,-35.0,-1020.0
-99.0,-3.0,-1073.0
-142.0,130.0,-1116.0
-48.0,81.0,-1122.0
46.0,-91.0,-886.0
-11.0,25.0,-874.0
240.0,-3.0,-1005.0
-21.0,60.0,-1077.0
-117.0,0.0,-1079.0
-167.0,-15.0,-1104.0
-78.0,97.0,-1087.0
0.0,126.0,-1036.0
78.0,52.0,-950.0
91.0,-163.0,-903.0
167.0,87.0,-946.0
-7.0,37.0,-1132.0
56.0,48.0,-995.0
-199.0,21.0,-1028.0
80.0,70.0,-1100.0
-56.0,107.0,-1020.0
244.0,5.0,-952.0
-21.0,-25.0,-962.0
380.0,-29.0,-958.0
-206.0,107.0,-972.0
230.0,-60.0,-1001.0
-308.0,-74.0,-1147.0
286.0,93.0,-1044.0
-214.0,177.0,-1141.0
316.0,0.0,-837.0
-177.0,-91.0,-997.0
263.0,-1.0,-966.0
-95.0,25.0,-1067.0
37.0,-1.0,-946.0
-185.0,-5.0,-1124.0
132.0,33.0,-1057.0
-117.0,171.0,-1073.0
52.0,-78.0,-1024.0
-115.0,-64.0,-1007.0
121.0,0.0,-927.0
-48.0,91.0,-1015.0
31.0,7.0,-1034.0
-175.0,-226.0,-981.0
60.0,152.0,-1044.0
-128.0,152.0,-1270.0
144.0,146.0,-979.0
-306.0,-13.0,-936.0
179.0,-107.0,-882.0
-46.0,58.0,-1057.0
109.0,23.0,-1028.0
-29.0,13.0,-1022.0
-7.0,21.0,-1009.0
11.0,203.0,-1165.0
-121.0,66.0,-1147.0
50.0,-146.0,-886.0
-44.0,-35.0,-890.0
318.0,136.0,-1011.0
58.0,74.0,-993.0
81.0,-154.0,-1009.0
-140.0,-109.0,-1059.0
204.0,156.0,-1087.0
-48.0,230.0,-1116.0
113.0,-37.0,-925.0
-52.0,-83.0,-927.0
103.0,-58.0,-899.0
162.0,9.0,-1085.0
-37.0,-3.0,-1059.0
87.0,-113.0,-964.0
-179.0,201.0,-1114.0
27.0,89.0,-1124.0
-130.0,-33.0,-1034.0
-95.0,-232.0,-905.0
281.0,-52.0,-909.0
-56.0,201.0,-995.0
290.0,-17.0,-1020.0
-431.0,-97.0,-1087.0
150.0,-37.0,-1069.0
-386.0,119.0,-1186.0
263.0,46.0,-977.0
-208.0,-58.0,-894.0
204.0,80.0,-935.0
-54.0,25.0,-1147.0
40.0,-70.0,-942.0
-169.0,-95.0,-1052.0
-7.0,-5.0,-1081.0
-21.0,324.0,-1169.0
-83.0,150.0,-1069.0
-5.0,-138.0,-913.0
3.0,-124.0,-933.0
230.0,66.0,-946.0
163.0,76.0,-1069.0
-107.0,9.0,-952.0
76.0,-19.0,-1124.0
-177.0,146.0,-1149.0
247.0,122.0,-1013.0
-122.0,-78.0,-905.0
271.0,-206.0,-894.0
132.0,105.0,-1054.0
78.0,126.0,-1075.0
99.0,-115.0,-983.0
-232.0,-89.0,-979.0
208.0,52.0,-1136.0
-251.0,279.0,-1190.0
230.0,-7.0,-942.0
-331.0,-177.0,-958.0
361.0,-121.0,-919.0
-66.0,72.0,-1091.0
144.0,128.0,-974.0
-245.0,-91.0,-1114.0
-150.0,-11.0,-1139.0
-126.0,111.0,-1079.0
9.0,83.0,-1018.0
-13.0,-97.0,-843.0
158.0,-54.0,-974.0
-1.0,121.0,-1102.0
17.0,9.0,-1052.0
-259.0,3.0,-948.0
-11.0,-21.0,-1132.0
-126.0,111.0,-1143.0
62.0,220.0,-983.0
0.0,3.0,-956.0
134.0,-76.0,-923.0
68.0,-78.0,-956.0
35.0,171.0,-1085.0
-126.0,9.0,-1056.0
-62.0,60.0,-1011.0
-83.0,91.0,-1122.0
83.0,-9.0,-1054.0
68.0,52.0,-913.0
175.0,-58.0,-911.0
191.0,42.0,-1048.0
-70.0,48.0,-1009.0
5.0,-42.0,-999.0
-171.0,-29.0,-1003.0
236.0,35.0,-1079.0
-76.0,175.0,-1124.0
255.0,-54.0,-989.0
-124.0,-17.0,-892.0
238.0,-64.0,-936.0
-74.0,21.0,-1098.0
-17.0,-13.0,-1005.0
-132.0,-46.0,-1015.0
15.0,169.0,-1089.0
74.0,23.0,-1141.0
-83.0,-52.0,-1015.0
50.0,-56.0,-929.0
-7.0,17.0,-966.0
-3.0,103.0,-1030.0
-80.0,-144.0,-1087.0
-236.0,-64.0,-1020.0
76.0,37.0,-1007.0
-35.0,314.0,-1165.0
103.0,13.0,-1077.0
-206.0,-99.0,-960.0
37.0,-33.0,-942.0
-37.0,44.0,-976.0
37.0,122.0,-1036.0
-76.0,-132.0,-1085.0
42.0,99.0,-1026.0
-17.0,189.0,-1038.0
169.0,89.0,-1071.0
-109.0,-97.0,-1048.0
113.0,-95.0,-870.0
42.0,224.0,-962.0
162.0,-40.0,-991.0
-29.0,-64.0,-1007.0
37.0,-107.0,-1108.0
76.0,212.0,-1071.0
95.0,189.0,-1048.0
31.0,-48.0,-940.0
72.0,-117.0,-974.0
93.0,-7.0,-983.0
21.0,66.0,-1005.0
52.0,-113.0,-958.0
-9.0,-111.0,-1050.0
146.0,171.0,-1149.0
-27.0,220.0,-1165.0
27.0,-46.0,-894.0
-199.0,-230.0,-938.0
167.0,-39.0,-1018.0
-54.0,152.0,-1065.0
87.0,29.0,-958.0
-158.0,-175.0,-1056.0
97.0,-11.0,-1116.0
-169.0,277.0,-1151.0
103.0,56.0,-1011.0
-308.0,-183.0,-921.0
134.0,-81.0,-950.0
-35.0,111.0,-1091.0
187.0,103.0,-1009.0
-183.0,-97.0,-929.0
35.0,-60.0,-1079.0
-87.0,199.0,-1192.0
-40.0,242.0,-1118.0
-99.0,-66.0,-923.0
-21.0,-177.0,-876.0
140.0,48.0,-976.0
113.0,91.0,-1026.0
11.0,25.0,-1015.0
-40.0,-42.0,-1050.0
5.0,126.0,-1173.0
-3.0,156.0,-1069.0
-13.0,48.0,-839.0
113.0,-128.0,-860.0
208.0,-48.0,-1018.0
132.0,46.0,-1093.0
7.0,25.0,-993.0
72.0,-54.0,-925.0
-3.0,136.0,-1139.0
-50.0,107.0,-1177.0
52.0,1.0,-981.0
-91.0,-64.0,-825.0
271.0,-95.0,-972.0
-7.0,-40.0,-1061.0
113.0,-13.0,-1085.0
-165.0,7.0,-991.0
-5.0,119.0,-1114.0
-27.0,101.0,-1106.0
-138.0,23.0,-1114.0
25.0,-115.0,-854.0
7.0,-1.0,-952.0
97.0,-17.0,-1120.0
29.0,7.0,-1030.0
-177.0,23.0,-931.0
-13.0,89.0,-1104.0
-163.0,124.0,-1235.0
5.0,-13.0,-1046.0
-210.0,1.0,-956.0
242.0,-72.0,-856.0
21.0,101.0,-917.0
224.0,17.0,-1108.0
-238.0,-62.0,-1163.0
46.0,91.0,-981.0
-158.0,206.0,-1056.0
99.0,117.0,-1093.0
-46.0,-121.0,-948.0
85.0,-29.0,-894.0
175.0,31.0,-1020.0
101.0,46.0,-1042.0
19.0,-15.0,-974.0
-25.0,-5.0,-1046.0
-7.0,210.0,-1061.0
80.0,1.0,-1089.0
46.0,13.0,-1034.0
138.0,-183.0,-917.0
134.0,83.0,-843.0
134.0,72.0,-1028.0
-42.0,-130.0,-1042.0
1.0,-17.0,-1108.0
-134.0,72.0,-1145.0
25.0,193.0,-962.0
-27.0,-17.0,-944.0
21.0,-126.0,-954.0
197.0,-52.0,-1063.0
-56.0,42.0,-1034.0
74.0,-27.0,-907.0
-331.0,-109.0,-1073.0
81.0,113.0,-1102.0
-191.0,249.0,-1272.0
40.0,-52.0,-929.0
-62.0,-162.0,-917.0
78.0,-9.0,-983.0
76.0,91.0,-1030.0
-68.0,87.0,-1001.0
-126.0,-85.0,-1079.0
-91.0,-17.0,-1100.0
72.0,244.0,-1061.0
-50.0,163.0,-1065.0
70.0,-134.0,-831.0
-21.0,-66.0,-979.0
242.0,56.0,-1085.0
-46.0,185.0,-1091.0
-11.0,-115.0,-792.0
-74.0,-44.0,-1054.0
56.0,156.0,-1218.0
124.0,156.0,-1097.0
1.0,23.0,-931.0
52.0,-247.0,-886.0
203.0,50.0,-915.0
23.0,81.0,-1081.0
89.0,-19.0,-1024.0
-220.0,-72.0,-1046.0
203.0,72.0,-1050.0
-103.0,197.0,-1157.0
210.0,-35.0,-907.0
-148.0,-126.0,-899.0
206.0,-111.0,-1018.0
-42.0,126.0,-1091.0
91.0,-15.0,-1024.0
-249.0,-76.0,-985.0
101.0,-1.0,-995.0
-39.0,193.0,-1194.0
29.0,101.0,-1132.0
-58.0,-105.0,-886.0
0.0,-89.0,-868.0
95.0,-23.0,-1015.0
-66.0,89.0,-1124.0
-87.0,-54.0,-1093.0
-99.0,42.0,-1059.0
-80.0,189.0,-1050.0
138.0,117.0,-1042.0
-140.0,-66.0,-976.0
191.0,-101.0,-938.0
-119.0,33.0,-1073.0
173.0,60.0,-991.0
-220.0,-13.0,-985.0
142.0,72.0,-1024.0
-122.0,128.0,-1192.0
113.0,66.0,-1015.0
-35.0,-17.0,-1005.0
134.0,-99.0,-890.0
113.0,144.0,-954.0
58.0,-31.0,-1015.0
35.0,-56.0,-1032.0
-35.0,-39.0,-1091.0
68.0,181.0,-1083.0
44.0,142.0,-1075.0
-29.0,-50.0,-936.0
134.0,-181.0,-903.0
91.0,1.0,-1032.0
150.0,70.0,-1026.0
-83.0,9.0,-946.0
-80.0,-72.0,-974.0
21.0,72.0,-1167.0
-64.0,165.0,-1169.0
103.0,-85.0,-987.0
-156.0,-93.0,-872.0
204.0,-5.0,-936.0
-48.0,93.0,-1079.0
3.0,-33.0,-1100.0
-286.0,-158.0,-1063.0
21.0,80.0,-1026.0
-81.0,175.0,-1112.0
58.0,173.0,-1032.0
-103.0,-93.0,-974.0
-37.0,-163.0,-956.0
85.0,-29.0,-1054.0
-40.0,128.0,-1028.0
-15.0,1.0,-931.0
-165.0,83.0,-1095.0
19.0,128.0,-1143.0
-7.0,119.0,-1114.0
-72.0,-62.0,-890.0
169.0,-78.0,-915.0
-7.0,122.0,-954.0
175.0,1.0,-1015.0
-121.0,-15.0,-1095.0
31.0,-60.0,-1083.0
-35.0,119.0,-1063.0
103.0,187.0,-995.0
39.0,-44.0,-985.0
74.0,-37.0,-919.0
208.0,-39.0,-1026.0
72.0,-1.0,-983.0
-21.0,1.0,-989.0
9.0,-40.0,-1011.0
23.0,199.0,-1163.0
-37.0,42.0,-1100.0
29.0,-7.0,-964.0
-35.0,-165.0,-964.0
220.0,-35.0,-907.0
-21.0,83.0,-1040.0
21.0,-60.0,-1050.0
-212.0,-11.0,-1054.0
11.0,76.0,-1065.0
-56.0,181.0,-1169.0
-35.0,-9.0,-1003.0
-58.0,-124.0,-895.0
42.0,-25.0,-1048.0
33.0,19.0,-1087.0
-40.0,72.0,-964.0
-169.0,-121.0,-1007.0
-62.0,113.0,-1126.0
-33.0,189.0,-1165.0
58.0,117.0,-1038.0
-134.0,-158.0,-894.0
117.0,-42.0,-931.0
21.0,136.0,-995.0
140.0,50.0,-1030.0
-185.0,-37.0,-1059.0
-35.0,-76.0,-1106.0
50.0,226.0,-983.0
91.0,224.0,-1054.0
150.0,-87.0,-983.0
7.0,-117.0,-946.0
181.0,1.0,-991.0
-23.0,105.0,-1042.0
126.0,-35.0,-948.0
-191.0,-37.0,-1034.0
261.0,85.0,-1063.0
-58.0,130.0,-1138.0
150.0,-21.0,-954.0
-101.0,-187.0,-944.0
169.0,37.0,-899.0
-3.0,158.0,-1079.0
19.0,-64.0,-993.0
-70.0,-169.0,-1011.0
29.0,-19.0,-1048.0
-19.0,206.0,-1184.0
136.0,83.0,-1024.0
-167.0,-132.0,-880.0
206.0,-83.0,-952.0
-160.0,44.0,-1132.0
111.0,15.0,-940.0
-380.0,-50.0,-1007.0
199.0,5.0,-1089.0
-130.0,140.0,-1233.0
148.0,167.0,-1011.0
-156.0,-66.0,-927.0
13.0,-93.0,-880.0
-70.0,-17.0,-1079.0
-50.0,66.0,-1087.0
-39.0,23.0,-1048.0
-101.0,-5.0,-968.0
199.0,99.0,-1040.0
-78.0,132.0,-1132.0
138.0,17.0,-958.0
-111.0,-81.0,-931.0
105.0,3.0,-997.0
21.0,31.0,-1069.0
5.0,74.0,-954.0
126.0,-48.0,-933.0
70.0,126.0,-1167.0
150.0,31.0,-1136.0
0.0,37.0,-1009.0
-17.0,-46.0,-907.0
115.0,-17.0,-956.0
-15.0,0.0,-966.0
113.0,-138.0,-1018.0
-52.0,13.0,-1059.0
242.0,148.0,-1069.0
-105.0,117.0,-1147.0
44.0,-91.0,-966.0
-179.0,-13.0,-921.0
134.0,70.0,-952.0
3.0,-31.0,-1065.0
99.0,-128.0,-981.0
-195.0,-95.0,-1071.0
220.0,165.0,-1042.0
-156.0,236.0,-1206.0
11.0,-7.0,-1038.0
-230.0,-109.0,-948.0
33.0,-50.0,-907.0
78.0,54.0,-1003.0
-15.0,-42.0,-1110.0
-23.0,-78.0,-1052.0
-103.0,122.0,-1052.0
-58.0,247.0,-1116.0
0.0,101.0,-1118.0
-261.0,-212.0,-919.0
181.0,-42.0,-860.0
-29.0,183.0,-1095.0
281.0,44.0,-1022.0
-232.0,-80.0,-958.0
117.0,-35.0,-1030.0
-203.0,234.0,-1218.0
156.0,154.0,-1024.0
-132.0,-31.0,-938.0
130.0,-220.0,-901.0
154.0,76.0,-1007.0
169.0,136.0,-997.0
66.0,-78.0,-954.0
-179.0,-35.0,-1083.0
103.0,35.0,-1120.0
-109.0,335.0,-1093.0
105.0,-76.0,-923.0
-25.0,-177.0,-936.0
201.0,-117.0,-970.0
99.0,115.0,-979.0
39.0,117.0,-1030.0
-37.0,-156.0,-1056.0
-56.0,25.0,-1145.0
201.0,134.0,-1024.0
140.0,156.0,-1071.0
193.0,-173.0,-862.0
406.0,-191.0,-974.0
372.0,85.0,-1063.0
415.0,115.0,-1085.0
140.0,-19.0,-966.0
390.0,-117.0,-1132.0
396.0,48.0,-1124.0
597.0,232.0,-1087.0
478.0,-17.0,-899.0
663.0,-80.0,-894.0
663.0,-31.0,-1089.0
710.0,48.0,-1022.0
503.0,15.0,-938.0
622.0,19.0,-1034.0
853.0,105.0,-1253.0
765.0,126.0,-1063.0
882.0,17.0,-860.0
825.0,-126.0,-833.0
1102.0,42.0,-1018.0
1036.0,74.0,-1065.0
935.0,81.0,-997.0
927.0,-48.0,-1020.0
958.0,7.0,-1138.0
1280.0,0.0,-1050.0
997.0,39.0,-999.0
1247.0,-31.0,-759.0
1050.0,58.0,-983.0
1317.0,-5.0,-1065.0
944.0,27.0,-1145.0
1180.0,-64.0,-849.0
1184.0,72.0,-1067.0
1419.0,68.0,-1083.0
1130.0,175.0,-1184.0
1264.0,-117.0,-870.0
1223.0,44.0,-952.0
1633.0,-128.0,-993.0
1257.0,48.0,-1059.0
1335.0,-11.0,-948.0
1116.0,76.0,-1145.0
1473.0,-13.0,-1180.0
1122.0,-27.0,-1180.0
1272.0,-35.0,-837.0
1255.0,136.0,-864.0
1385.0,103.0,-995.0
1260.0,37.0,-1188.0
1048.0,-40.0,-981.0
1294.0,-1.0,-1114.0
1276.0,97.0,-1095.0
1503.0,89.0,-1130.0
1165.0,150.0,-1005.0
1432.0,50.0,-925.0
1462.0,-126.0,-966.0
1485.0,-160.0,-901.0
1186.0,226.0,-1067.0
1153.0,60.0,-1159.0
1163.0,136.0,-1274.0
1253.0,-122.0,-1022.0
1171.0,-158.0,-895.0
1362.0,23.0,-794.0
1471.0,253.0,-1044.0
1120.0,54.0,-1056.0
1251.0,224.0,-935.0
741.0,-224.0,-1180.0
1284.0,-13.0,-1054.0
839.0,-85.0,-1048.0
888.0,-56.0,-851.0
712.0,253.0,-968.0
665.0,-140.0,-1104.0
583.0,35.0,-970.0
124.0,-257.0,-989.0
60.0,156.0,-997.0
126.0,230.0,-1216.0
-263.0,-113.0,-1161.0
117.0,283.0,-886.0
-562.0,-415.0,-892.0
105.0,183.0,-940.0
-341.0,3.0,-1130.0
-409.0,-15.0,-991.0
-620.0,277.0,-942.0
-474.0,-136.0,-1095.0
-320.0,11.0,-1118.0
-275.0,-175.0,-1100.0
-450.0,-101.0,-944.0
-456.0,50.0,-1040.0
-484.0,162.0,-1149.0
-497.0,162.0,-1108.0
-794.0,-58.0,-1005.0
-732.0,105.0,-1044.0
-644.0,-113.0,-1147.0
-583.0,189.0,-1186.0
-607.0,-99.0,-1015.0
-665.0,-60.0,-802.0
-622.0,-33.0,-958.0
-644.0,62.0,-1026.0
-712.0,60.0,-946.0
-784.0,-31.0,-1077.0
-659.0,-42.0,-1122.0
-505.0,-62.0,-981.0
-556.0,72.0,-999.0
-489.0,87.0,-892.0
-708.0,13.0,-872.0
-696.0,-33.0,-913.0
-817.0,-35.0,-1120.0
-786.0,-89.0,-999.0
-882.0,-128.0,-974.0
-743.0,103.0,-1034.0
-786.0,50.0,-964.0
-907.0,83.0,-843.0
-956.0,121.0,-847.0
-1011.0,-148.0,-970.0
-870.0,117.0,-942.0
-933.0,-220.0,-970.0
-815.0,40.0,-1116.0
-876.0,-13.0,-1116.0
-786.0,191.0,-954.0
-772.0,29.0,-936.0
-876.0,64.0,-995.0
-753.0,167.0,-936.0
-913.0,-91.0,-1081.0
-739.0,-29.0,-954.0
-958.0,31.0,-1095.0
-636.0,109.0,-1231.0
-993.0,222.0,-1212.0
-683.0,-31.0,-817.0
-1091.0,-23.0,-909.0
-636.0,70.0,-1020.0
-1001.0,68.0,-1161.0
-702.0,-35.0,-944.0
-1048.0,-42.0,-1157.0
-691.0,122.0,-1130.0
-948.0,238.0,-1264.0
-771.0,1.0,-872.0
-972.0,-181.0,-872.0
-712.0,103.0,-1015.0
-694.0,3.0,-1184.0
-778.0,95.0,-909.0
-979.0,-124.0,-989.0
-882.0,113.0,-1141.0
-913.0,146.0,-1200.0
-794.0,171.0,-1056.0
-981.0,-130.0,-876.0
-749.0,-48.0,-853.0
-884.0,15.0,-1036.0
-704.0,1.0,-1132.0
-956.0,-78.0,-1087.0
-817.0,42.0,-1089.0
-923.0,154.0,-1091.0
-517.0,134.0,-1028.0
-806.0,-154.0,-954.0
-443.0,-160.0,-886.0
-589.0,93.0,-1085.0
-300.0,76.0,-1093.0
-728.0,-31.0,-1003.0
-532.0,-29.0,-1003.0
-698.0,72.0,-1143.0
-363.0,121.0,-1098.0
-560.0,21.0,-987.0
-337.0,-11.0,-917.0
-511.0,-68.0,-925.0
-257.0,-58.0,-976.0
-599.0,-48.0,-1097.0
-345.0,-46.0,-1108.0
-566.0,204.0,-1116.0
-183.0,101.0,-983.0
-491.0,-54.0,-938.0
-64.0,-203.0,-860.0
-253.0,72.0,-1067.0
-132.0,37.0,-997.0
-296.0,-48.0,-917.0
-290.0,-83.0,-1020.0
-177.0,52.0,-1147.0
-318.0,58.0,-1065.0
-95.0,-68.0,-946.0
-244.0,-33.0,-899.0
74.0,74.0,-981.0
-242.0,-7.0,-1011.0
-154.0,-160.0,-954.0
-431.0,-130.0,-1079.0
-21.0,83.0,-1126.0
-244.0,197.0,-1141.0
-70.0,17.0,-942.0
-257.0,-187.0,-858.0
-15.0,-107.0,-997.0
-122.0,52.0,-1147.0
-78.0,-17.0,-1001.0
-322.0,-136.0,-927.0
-89.0,99.0,-1093.0
-255.0,113.0,-1260.0
21.0,80.0,-1009.0
-355.0,-76.0,-933.0
93.0,-37.0,-882.0
-119.0,60.0,-1054.0
-13.0,64.0,-1048.0
-234.0,-42.0,-1075.0
-173.0,40.0,-1028.0
-134.0,101.0,-1097.0
-39.0,154.0,-1093.0
-9.0,-40.0,-974.0
7.0,-3.0,-899.0
56.0,111.0,-1071.0
29.0,19.0,-1083.0
-80.0,7.0,-929.0
-54.0,68.0,-944.0
68.0,122.0,-1247.0
3.0,66.0,-1184.0
-39.0,42.0,-993.0
33.0,-31.0,-829.0
58.0,66.0,-935.0
60.0,23.0,-1048.0
5.0,-78.0,-1056.0
-136.0,-1.0,-1073.0
-1.0,167.0,-1067.0
64.0,169.0,-1106.0
-40.0,5.0,-960.0
-15.0,-19.0,-923.0
39.0,-9.0,-981.0
95.0,60.0,-1007.0
-85.0,-66.0,-1063.0
-37.0,-50.0,-987.0
5.0,136.0,-1020.0
-35.0,152.0,-1149.0
5.0,-13.0,-1063.0
-162.0,-54.0,-983.0
0.0,29.0,-905.0
-23.0,19.0,-950.0
-23.0,-37.0,-1026.0
-183.0,-87.0,-1141.0
31.0,138.0,-1018.0
-132.0,195.0,-1100.0
-23.0,115.0,-1042.0
-148.0,-105.0,-997.0
1.0,-80.0,-927.0
31.0,148.0,-1018.0
23.0,-52.0,-1015.0
-56.0,-124.0,-972.0
-76.0,11.0,-1079.0
21.0,234.0,-1116.0
-76.0,138.0,-1093.0
-68.0,-117.0,-956.0
48.0,-91.0,-946.0
0.0,109.0,-946.0
162.0,-31.0,-958.0
-85.0,-107.0,-991.0
-7.0,-148.0,-1095.0
-35.0,255.0,-1097.0
9.0,210.0,-1046.0
15.0,-48.0,-946.0
-44.0,-240.0,-936.0
183.0,-58.0,-952.0
-11.0,89.0,-1011.0
103.0,-37.0,-964.0
-187.0,-78.0,-1007.0
152.0,81.0,-1110.0
-199.0,208.0,-1110.0
201.0,-39.0,-976.0
-259.0,-222.0,-911.0
325.0,-21.0,-936.0
-111.0,144.0,-1145.0
115.0,-39.0,-946.0
-283.0,-189.0,-966.0
52.0,1.0,-1083.0
-17.0,236.0,-1255.0
-48.0,177.0,-1030.0
-7.0,-138.0,-856.0
-111.0,-173.0,-946.0
204.0,35.0,-1054.0
-78.0,103.0,-1124.0
13.0,-44.0,-903.0
-156.0,15.0,-1050.0
111.0,160.0,-1151.0
-31.0,162.0,-1194.0
11.0,-87.0,-841.0
13.0,-105.0,-886.0
80.0,52.0,-1013.0
134.0,97.0,-1110.0
-58.0,-46.0,-1001.0
44.0,-64.0,-976.0
-35.0,134.0,-1087.0
169.0,193.0,-1077.0
-27.0,111.0,-1093.0
113.0,-142.0,-815.0
93.0,-95.0,-913.0
95.0,-37.0,-1054.0
68.0,42.0,-1116.0
-58.0,68.0,-917.0
62.0,119.0,-1048.0
-48.0,52.0,-1130.0
107.0,-60.0,-1136.0
-89.0,-37.0,-866.0
238.0,23.0,-860.0
-64.0,46.0,-1106.0
142.0,-58.0,-1061.0
-249.0,-9.0,-1042.0
121.0,58.0,-991.0
-119.0,146.0,-1198.0
0.0,42.0,-1057.0
-66.0,-31.0,-985.0
46.0,-35.0,-878.0
124.0,-52.0,-966.0
-29.0,21.0,-1091.0
-72.0,-60.0,-1147.0
-111.0,162.0,-1020.0
-58.0,189.0,-1040.0
50.0,39.0,-1100.0
-126.0,-122.0,-987.0
128.0,46.0,-944.0
-17.0,78.0,-964.0
107.0,-46.0,-977.0
-210.0,-74.0,-1057.0
25.0,40.0,-1122.0
-72.0,259.0,-1015.0
9.0,81.0,-1028.0
-3.0,-70.0,-1030.0
29.0,-81.0,-935.0
208.0,64.0,-862.0
-5.0,54.0,-1083.0
83.0,-117.0,-981.0
-148.0,9.0,-1056.0
58.0,171.0,-1063.0
-17.0,85.0,-1100.0
5.0,-48.0,-962.0
-27.0,-163.0,-987.0
160.0,81.0,-952.0
-7.0,44.0,-974.0
83.0,-122.0,-935.0
-265.0,-122.0,-1114.0
162.0,105.0,-1108.0
-314.0,277.0,-1251.0
206.0,-48.0,-874.0
-327.0,-171.0,-960.0
300.0,-50.0,-940.0
-83.0,37.0,-1059.0
52.0,37.0,-946.0
-247.0,-134.0,-1147.0
-15.0,109.0,-1032.0
-58.0,193.0,-1143.0
-89.0,101.0,-1024.0
33.0,-169.0,-933.0
-154.0,-40.0,-960.0
312.0,80.0,-1026.0
-177.0,40.0,-1100.0
52.0,-142.0,-919.0
-179.0,64.0,-1098.0
54.0,228.0,-1067.0
103.0,212.0,-1104.0
-132.0,-74.0,-976.0
228.0,-294.0,-856.0
27.0,150.0,-999.0
245.0,87.0,-1098.0
-85.0,-13.0,-989.0
-56.0,-89.0,-927.0
89.0,132.0,-1128.0
76.0,242.0,-1118.0
199.0,-62.0,-942.0
-17.0,-64.0,-897.0
242.0,-29.0,-995.0
-23.0,83.0,-1005.0
97.0,-81.0,-1063.0
-187.0,-122.0,-1048.0
121.0,124.0,-1063.0
-140.0,208.0,-1132.0
247.0,27.0,-987.0
-183.0,-148.0,-981.0
187.0,-124.0,-936.0
-17.0,21.0,-1063.0
-54.0,0.0,-1018.0
-95.0,-46.0,-1079.0
-134.0,91.0,-1104.0
99.0,83.0,-997.0
-111.0,119.0,-1138.0
81.0,-138.0,-970.0
-70.0,-19.0,-960.0
-7.0,72.0,-999.0
44.0,-56.0,-1063.0
-173.0,-21.0,-999.0
15.0,31.0,-1028.0
-25.0,212.0,-1149.0
50.0,124.0,-1106.0
-146.0,-46.0,-964.0
97.0,-60.0,-923.0
-17.0,46.0,-997.0
162.0,-7.0,-964.0
-134.0,-31.0,-1026.0
78.0,-64.0,-1026.0
21.0,244.0,-1139.0
103.0,122.0,-1097.0
76.0,-15.0,-915.0
-42.0,-27.0,-901.0
210.0,-13.0,-999.0
-21.0,-40.0,-1034.0
21.0,-154.0,-979.0
-31.0,52.0,-1013.0
107.0,162.0,-1104.0
9.0,206.0,-1087.0
-40.0,-15.0,-1042.0
-35.0,-154.0,-894.0
50.0,-42.0,-946.0
54.0,11.0,-1069.0
15.0,-50.0,-1063.0
-144.0,-91.0,-970.0
23.0,175.0,-1054.0
39.0,152.0,-1163.0
-115.0,83.0,-1130.0
-160.0,-222.0,-915.0
35.0,-54.0,-874.0
13.0,-5.0,-1024.0
42.0,111.0,-1118.0
-148.0,-121.0,-1044.0
-103.0,29.0,-966.0
-21.0,201.0,-1061.0
58.0,87.0,-1177.0
-99.0,-46.0,-1003.0
56.0,-19.0,-819.0
29.0,1.0,-944.0
156.0,-39.0,-1042.0
-142.0,-3.0,-1081.0
148.0,0.0,-1054.0
-138.0,238.0,-1067.0
218.0,95.0,-1018.0
-64.0,-35.0,-1048.0
304.0,-101.0,-886.0
105.0,64.0,-944.0
292.0,-33.0,-1046.0
111.0,-56.0,-1052.0
238.0,35.0,-1011.0
341.0,173.0,-1093.0
284.0,117.0,-1046.0
359.0,-1.0,-974.0
283.0,-119.0,-1044.0
630.0,1.0,-960.0
327.0,11.0,-958.0
445.0,-107.0,-976.0
265.0,-60.0,-1069.0
589.0,165.0,-1087.0
433.0,169.0,-1159.0
355.0,-25.0,-981.0
290.0,-70.0,-899.0
333.0,-31.0,-993.0
540.0,-1.0,-1011.0
195.0,5.0,-987.0
224.0,-80.0,-985.0
167.0,87.0,-1110.0
210.0,119.0,-1071.0
156.0,130.0,-1075.0
-126.0,-85.0,-936.0
251.0,-44.0,-935.0
-97.0,117.0,-1030.0
271.0,-105.0,-995.0
-259.0,-44.0,-1050.0
167.0,0.0,-1065.0
-56.0,267.0,-1149.0
0.0,146.0,-1114.0
-37.0,-31.0,-927.0
-97.0,-42.0,-974.0
286.0,-1.0,-995.0
5.0,107.0,-1056.0
169.0,0.0,-966.0
-121.0,-29.0,-1120.0
199.0,130.0,-1112.0
-68.0,122.0,-1184.0
111.0,-33.0,-903.0
56.0,-66.0,-936.0
191.0,89.0,-954.0
218.0,21.0,-1095.0
19.0,-121.0,-1050.0
95.0,-193.0,-1018.0
95.0,136.0,-1015.0
122.0,226.0,-1157.0
134.0,3.0,-1018.0
-93.0,-83.0,-921.0
257.0,-148.0,-911.0
78.0,105.0,-1022.0
261.0,-89.0,-948.0
-179.0,-37.0,-1044.0
142.0,-21.0,-1085.0
-210.0,121.0,-1179.0
124.0,80.0,-985.0
-197.0,-101.0,-895.0
109.0,-19.0,-860.0
9.0,66.0,-1026.0
119.0,11.0,-1054.0
-167.0,-81.0,-1030.0
-54.0,-40.0,-999.0
-95.0,165.0,-1128.0
-58.0,121.0,-1093.0
-7.0,11.0,-913.0
-52.0,-40.0,-927.0
154.0,17.0,-985.0
19.0,46.0,-1034.0
-27.0,-56.0,-1009.0
-113.0,-25.0,-1048.0
11.0,162.0,-1184.0
-19.0,150.0,-1071.0
-19.0,-5.0,-964.0
48.0,-101.0,-860.0
80.0,52.0,-1015.0
121.0,58.0,-1050.0
-21.0,-85.0,-1044.0
1.0,-44.0,-958.0
-5.0,48.0,-1110.0
48.0,97.0,-1145.0
0.0,50.0,-1020.0
-52.0,-50.0,-862.0
253.0,7.0,-958.0
15.0,7.0,-1061.0
191.0,-72.0,-976.0
-220.0,-83.0,-1034.0
220.0,7.0,-1079.0
-42.0,181.0,-1153.0
78.0,122.0,-1061.0
-50.0,-101.0,-915.0
-17.0,-72.0,-860.0
134.0,-42.0,-1011.0
-48.0,95.0,-1175.0
-3.0,-48.0,-997.0
-101.0,111.0,-993.0
54.0,99.0,-1108.0
-74.0,60.0,-1132.0
-37.0,-85.0,-970.0
93.0,-1.0,-862.0
27.0,81.0,-1011.0
142.0,40.0,-1028.0
-146.0,3.0,-1093.0
107.0,27.0,-1067.0
-103.0,181.0,-1124.0
122.0,42.0,-1032.0
-142.0,64.0,-1016.0
183.0,-17.0,-913.0
29.0,19.0,-944.0
148.0,-56.0,-1036.0
-64.0,-15.0,-1108.0
162.0,89.0,-1079.0
-58.0,197.0,-1063.0
70.0,95.0,-987.0
-52.0,-52.0,-1011.0
87.0,-105.0,-966.0
290.0,21.0,-946.0
-1.0,39.0,-1011.0
163.0,-19.0,-968.0
-206.0,-54.0,-1112.0
181.0,156.0,-1093.0
-142.0,107.0,-1112.0
101.0,-58.0,-886.0
-37.0,-160.0,-962.0
206.0,-46.0,-950.0
72.0,46.0,-1048.0
-31.0,-9.0,-1026.0
-177.0,-31.0,-1015.0
-76.0,103.0,-1163.0
-124.0,111.0,-1139.0
1.0,-25.0,-983.0
-128.0,-152.0,-905.0
218.0,-95.0,-972.0
17.0,107.0,-1061.0
11.0,25.0,-999.0
-325.0,-62.0,-997.0
-70.0,40.0,-1114.0
-27.0,191.0,-1180.0
11.0,177.0,-1085.0
-21.0,-134.0,-858.0
5.0,-199.0,-923.0
44.0,-3.0,-1007.0
0.0,119.0,-1073.0
-134.0,1.0,-997.0
-87.0,29.0,-1057.0
58.0,204.0,-1009.0
70.0,146.0,-1134.0
66.0,-117.0,-888.0
85.0,-160.0,-862.0
111.0,-54.0,-1036.0
154.0,87.0,-1034.0
-119.0,95.0,-987.0
56.0,-66.0,-925.0
-15.0,117.0,-1155.0
140.0,163.0,-1114.0
33.0,99.0,-1061.0
11.0,-210.0,-854.0
109.0,-181.0,-917.0
66.0,-29.0,-1032.0
68.0,-1.0,-1038.0
-99.0,103.0,-1030.0
33.0,163.0,-1116.0
-60.0,165.0,-1177.0
33.0,25.0,-1003.0
13.0,-191.0,-878.0
40.0,-122.0,-952.0
107.0,3.0,-985.0
-46.0,40.0,-1108.0
-146.0,13.0,-1095.0
-74.0,142.0,-1026.0
-66.0,199.0,-1130.0
-97.0,21.0,-1104.0
39.0,13.0,-882.0
-31.0,-31.0,-997.0
87.0,-165.0,-1011.0
-35.0,-35.0,-993.0
-132.0,25.0,-1061.0
62.0,261.0,-1054.0
-93.0,300.0,-1165.0
-15.0,52.0,-1118.0
-37.0,-44.0,-944.0
-3.0,-187.0,-884.0
169.0,15.0,-915.0
91.0,52.0,-1069.0
-31.0,9.0,-1042.0
5.0,48.0,-1030.0
-37.0,214.0,-1104.0
124.0,124.0,-1057.0
-66.0,-9.0,-964.0
208.0,-72.0,-927.0
124.0,-54.0,-940.0
191.0,-144.0,-968.0
5.0,-136.0,-954.0
21.0,50.0,-1063.0
37.0,306.0,-1161.0
-11.0,294.0,-1198.0
23.0,-132.0,-905.0
-62.0,-212.0,-819.0
265.0,-124.0,-929.0
0.0,-7.0,-1085.0
132.0,-37.0,-1048.0
-439.0,64.0,-1114.0
199.0,146.0,-974.0
-370.0,204.0,-1175.0
257.0,-13.0,-1007.0
-177.0,-56.0,-1018.0
308.0,-85.0,-847.0
-115.0,-27.0,-1073.0
42.0,-93.0,-960.0
-177.0,-134.0,-1081.0
-228.0,214.0,-1161.0
173.0,224.0,-1114.0
-210.0,247.0,-1083.0
109.0,-156.0,-886.0
-3.0,-154.0,-899.0
130.0,19.0,-989.0
15.0,-11.0,-1143.0
-81.0,-52.0,-970.0
-109.0,-99.0,-970.0
-126.0,206.0,-1075.0
126.0,288.0,-1212.0
74.0,130.0,-1112.0
-13.0,-134.0,-849.0
247.0,-195.0,-702.0
-33.0,-87.0,-979.0
81.0,-72.0,-1059.0
-44.0,37.0,-1180.0
74.0,218.0,-1179.0
-48.0,222.0,-1083.0
107.0,-66.0,-888.0
-7.0,-284.0,-833.0
167.0,-144.0,-894.0
35.0,111.0,-1124.0
52.0,39.0,-1085.0
-156.0,-99.0,-1044.0
-5.0,-39.0,-1073.0
3.0,226.0,-1065.0
-148.0,240.0,-1071.0
-46.0,-93.0,-940.0
181.0,-105.0,-911.0
-72.0,-201.0,-1046.0
138.0,-119.0,-944.0
-206.0,119.0,-1124.0
-56.0,152.0,-1169.0
-62.0,279.0,-1108.0
-7.0,105.0,-1063.0
-95.0,-105.0,-907.0
122.0,-148.0,-907.0
7.0,25.0,-1036.0
66.0,119.0,-1112.0
-201.0,-40.0,-995.0
35.0,-21.0,-1116.0
-122.0,197.0,-1126.0
44.0,286.0,-1116.0
23.0,91.0,-979.0
-68.0,-130.0,-956.0
277.0,-81.0,-886.0
-132.0,-115.0,-1024.0
177.0,-101.0,-858.0
-251.0,144.0,-1264.0
76.0,292.0,-1233.0
-70.0,238.0,-1038.0
27.0,-80.0,-792.0
208.0,-251.0,-802.0
169.0,-89.0,-948.0
130.0,66.0,-1116.0
-187.0,-35.0,-1145.0
93.0,-76.0,-868.0
-148.0,76.0,-1100.0
60.0,154.0,-1071.0
-101.0,191.0,-1186.0
-31.0,-70.0,-817.0
171.0,-97.0,-890.0
-9.0,-109.0,-1089.0
130.0,-44.0,-1032.0
-257.0,58.0,-1057.0
99.0,44.0,-1026.0
-121.0,230.0,-1268.0
-39.0,-1.0,-1081.0
-39.0,-124.0,-944.0
25.0,-76.0,-804.0
146.0,-78.0,-989.0
-111.0,58.0,-1093.0
-13.0,-58.0,-989.0
-187.0,169.0,-1116.0
40.0,189.0,-1175.0
-87.0,160.0,-1087.0
-29.0,7.0,-854.0
-27.0,-70.0,-944.0
195.0,-74.0,-974.0
-21.0,-54.0,-1071.0
9.0,-177.0,-919.0
-115.0,181.0,-1108.0
39.0,361.0,-1134.0
-7.0,236.0,-1274.0
-76.0,-111.0,-876.0
204.0,-208.0,-710.0
-17.0,-54.0,-831.0
378.0,-117.0,-1042.0
-300.0,33.0,-1288.0
171.0,-95.0,-1063.0
-66.0,284.0,-972.0
105.0,271.0,-958.0
128.0,-33.0,-1003.0
-189.0,-76.0,-1044.0
394.0,-187.0,-849.0
-50.0,17.0,-1063.0
255.0,-247.0,-964.0
-220.0,66.0,-1071.0
107.0,308.0,-1136.0
-210.0,224.0,-1282.0
107.0,-62.0,-856.0
-132.0,-296.0,-854.0
214.0,-31.0,-890.0
66.0,97.0,-1124.0
-39.0,40.0,-1009.0
-121.0,-162.0,-1011.0
-245.0,97.0,-1184.0
15.0,300.0,-1163.0
-162.0,220.0,-1126.0
-163.0,-185.0,-853.0
257.0,-68.0,-894.0
0.0,81.0,-1188.0
335.0,-177.0,-913.0
-228.0,-121.0,-884.0
11.0,-33.0,-1153.0
-247.0,521.0,-1206.0
259.0,322.0,-1046.0
-160.0,-189.0,-1020.0
443.0,-277.0,-706.0
1.0,7.0,-929.0
185.0,167.0,-1024.0
-130.0,35.0,-1180.0
-95.0,0.0,-1026.0
201.0,140.0,-1161.0
-199.0,173.0,-1054.0
384.0,68.0,-819.0
-263.0,-216.0,-1034.0
468.0,-136.0,-890.0
-66.0,17.0,-1020.0
44.0,-21.0,-1032.0
-220.0,5.0,-997.0
85.0,185.0,-1097.0
-214.0,197.0,-1327.0
255.0,42.0,-829.0
-154.0,-171.0,-792.0
253.0,-222.0,-868.0
-95.0,48.0,-1218.0
-42.0,39.0,-1032.0
-195.0,-91.0,-1063.0
-148.0,177.0,-1098.0
158.0,150.0,-1126.0
-163.0,255.0,-1132.0
165.0,-208.0,-835.0
-78.0,-206.0,-903.0
89.0,-103.0,-1024.0
81.0,74.0,-1098.0
-277.0,72.0,-1079.0
60.0,-1.0,-964.0
-171.0,247.0,-1177.0
167.0,132.0,-1042.0
-154.0,81.0,-970.0
99.0,-158.0,-894.0
60.0,-89.0,-997.0
46.0,37.0,-1059.0
-46.0,-15.0,-1042.0
-80.0,5.0,-989.0
-37.0,259.0,-1118.0
46.0,169.0,-1157.0
-21.0,-27.0,-993.0
13.0,-113.0,-790.0
165.0,-58.0,-921.0
152.0,-54.0,-1067.0
5.0,-89.0,-1005.0
-107.0,17.0,-1032.0
13.0,236.0,-1108.0
97.0,255.0,-1112.0
11.0,48.0,-966.0
48.0,-203.0,-847.0
70.0,-136.0,-897.0
91.0,-29.0,-1073.0
85.0,-142.0,-1063.0
-275.0,-15.0,-1026.0
148.0,228.0,-1077.0
-183.0,306.0,-1169.0
259.0,68.0,-950.0
-228.0,-83.0,-925.0
245.0,-208.0,-905.0
-15.0,-46.0,-1015.0
60.0,-35.0,-1065.0
-146.0,-115.0,-1108.0
-107.0,146.0,-989.0
-74.0,275.0,-1128.0
-7.0,199.0,-1093.0
-9.0,-87.0,-977.0
-48.0,-85.0,-890.0
124.0,-13.0,-1003.0
-13.0,-83.0,-1073.0
-68.0,-72.0,-954.0
-103.0,39.0,-1069.0
13.0,302.0,-1093.0
9.0,265.0,-1204.0
-35.0,-52.0,-989.0
72.0,-206.0,-790.0
83.0,0.0,-913.0
165.0,-56.0,-1124.0
9.0,-150.0,-1003.0
-115.0,46.0,-960.0
107.0,226.0,-1138.0
103.0,238.0,-1165.0
83.0,17.0,-931.0
29.0,-99.0,-810.0
140.0,-87.0,-944.0
27.0,-66.0,-1007.0
33.0,-76.0,-1042.0
-138.0,-146.0,-1104.0
93.0,224.0,-974.0
-74.0,316.0,-1145.0
154.0,52.0,-1024.0
-89.0,-132.0,-905.0
122.0,-169.0,-876.0
83.0,-124.0,-1034.0
48.0,-25.0,-1040.0
-124.0,-25.0,-1118.0
-113.0,126.0,-1075.0
-44.0,224.0,-1005.0
35.0,140.0,-1093.0
-56.0,-183.0,-1077.0
91.0,-31.0,-892.0
-35.0,-29.0,-970.0
111.0,-66.0,-1007.0
-154.0,-117.0,-1009.0
21.0,76.0,-1114.0
-9.0,349.0,-1169.0
46.0,203.0,-1118.0
-121.0,40.0,-919.0
140.0,-173.0,-892.0
89.0,-54.0,-966.0
130.0,-39.0,-983.0
-13.0,-7.0,-1110.0
-97.0,9.0,-1108.0
113.0,238.0,-1079.0
-121.0,234.0,-1108.0
195.0,-23.0,-907.0
-136.0,-52.0,-911.0
312.0,-150.0,-979.0
5.0,-76.0,-1003.0
44.0,-78.0,-927.0
-93.0,-40.0,-1112.0
13.0,247.0,-1194.0
-1.0,238.0,-1065.0
-48.0,99.0,-933.0
-11.0,-220.0,-894.0
193.0,-150.0,-895.0
81.0,-58.0,-1091.0
46.0,-50.0,-1042.0
-171.0,-15.0,-1038.0
-74.0,122.0,-1134.0
-29.0,195.0,-1122.0
-60.0,134.0,-1054.0
-35.0,-37.0,-899.0
85.0,-126.0,-966.0
44.0,-117.0,-997.0
85.0,-80.0,-1009.0
-214.0,15.0,-1032.0
-64.0,138.0,-1122.0
-126.0,244.0,-1233.0
-39.0,126.0,-1038.0
-5.0,-56.0,-872.0
39.0,-93.0,-878.0
251.0,-64.0,-989.0
-64.0,11.0,-1087.0
-81.0,-31.0,-1038.0
-185.0,37.0,-1079.0
15.0,310.0,-1138.0
81.0,126.0,-1071.0
-42.0,7.0,-989.0
60.0,-167.0,-882.0
85.0,3.0,-977.0
150.0,-95.0,-1040.0
-103.0,-101.0,-1024.0
-50.0,37.0,-1011.0
-11.0,216.0,-1114.0
117.0,220.0,-1138.0
-62.0,31.0,-1040.0
103.0,-160.0,-831.0
103.0,-78.0,-853.0
251.0,-33.0,-1009.0
35.0,-40.0,-1104.0
-156.0,-42.0,-985.0
-15.0,208.0,-1005.0
-9.0,210.0,-1190.0
130.0,27.0,-1085.0
-35.0,-99.0,-950.0
81.0,-99.0,-876.0
48.0,-25.0,-968.0
-21.0,-148.0,-1034.0
-195.0,-72.0,-1081.0
-9.0,109.0,-1112.0
-121.0,355.0,-1167.0
140.0,124.0,-1011.0
-165.0,-70.0,-1016.0
74.0,-171.0,-845.0
-11.0,-40.0,-985.0
25.0,-48.0,-1050.0
-66.0,-80.0,-1083.0
-93.0,158.0,-1102.0
13.0,277.0,-1032.0
109.0,263.0,-1007.0
-130.0,-115.0,-1069.0
179.0,-181.0,-936.0
-76.0,89.0,-999.0
167.0,-56.0,-946.0
-150.0,-95.0,-993.0
11.0,-87.0,-1110.0
78.0,281.0,-1130.0
68.0,308.0,-1108.0
15.0,29.0,-905.0
-68.0,-142.0,-915.0
124.0,-122.0,-940.0
132.0,-78.0,-1009.0
27.0,-56.0,-1005.0
-56.0,-74.0,-997.0
44.0,201.0,-1073.0
29.0,304.0,-1089.0
31.0,121.0,-1063.0
-117.0,-171.0,-917.0
119.0,-150.0,-935.0
140.0,-42.0,-970.0
140.0,-87.0,-913.0
-83.0,-89.0,-991.0
-29.0,103.0,-1235.0
-29.0,304.0,-1218.0
-81.0,201.0,-1022.0
-111.0,-124.0,-860.0
70.0,-247.0,-860.0
160.0,-81.0,-1015.0
113.0,-9.0,-1093.0
-173.0,-13.0,-1063.0
-107.0,9.0,-1032.0
-148.0,238.0,-1159.0
40.0,232.0,-1042.0
-72.0,29.0,-1007.0
81.0,-171.0,-888.0
162.0,-144.0,-995.0
160.0,-46.0,-956.0
-119.0,-19.0,-1042.0
-101.0,78.0,-1089.0
-140.0,228.0,-1171.0
103.0,197.0,-1124.0
-54.0,165.0,-1001.0
160.0,-187.0,-806.0
113.0,-136.0,-888.0
253.0,-126.0,-1081.0
-109.0,42.0,-1114.0
-91.0,-48.0,-997.0
-191.0,242.0,-1026.0
245.0,171.0,-1065.0
-33.0,163.0,-1095.0
238.0,-83.0,-860.0
-25.0,-99.0,-958.0
247.0,-128.0,-886.0
-103.0,-134.0,-1077.0
-191.0,-52.0,-1030.0
58.0,142.0,-1116.0
-128.0,314.0,-1169.0
259.0,99.0,-1007.0
-150.0,13.0,-948.0
214.0,-162.0,-843.0
3.0,-160.0,-1009.0
48.0,-142.0,-1030.0
-181.0,-64.0,-1120.0
-44.0,181.0,-1061.0
-37.0,253.0,-1098.0
95.0,126.0,-1057.0
-175.0,-40.0,-1056.0
144.0,-134.0,-849.0
-31.0,40.0,-931.0
154.0,-56.0,-1024.0
-152.0,-130.0,-1013.0
-128.0,-21.0,-1124.0
-76.0,249.0,-1093.0
158.0,396.0,-1151.0
-167.0,7.0,-995.0
136.0,-154.0,-854.0
-87.0,-70.0,-933.0
197.0,-105.0,-1022.0
-132.0,-105.0,-1087.0
-160.0,-83.0,-1026.0
74.0,331.0,-1034.0
-7.0,306.0,-1143.0
171.0,97.0,-1034.0
-126.0,-189.0,-837.0
249.0,-93.0,-894.0
-7.0,-29.0,-970.0
160.0,-44.0,-1028.0
-312.0,-124.0,-1079.0
351.0,29.0,-1009.0
-64.0,425.0,-1079.0
286.0,253.0,-1225.0
-437.0,-138.0,-946.0
530.0,-325.0,-521.0
-251.0,-40.0,-1104.0
583.0,-62.0,-1139.0
-488.0,23.0,-1165.0
361.0,-37.0,-765.0
-265.0,181.0,-1313.0
347.0,304.0,-1011.0
-388.0,-39.0,-1136.0
95.0,-232.0,-784.0
31.0,-163.0,-974.0
158.0,115.0,-1018.0
-85.0,-158.0,-1132.0
-156.0,-48.0,-884.0
81.0,253.0,-1177.0
-165.0,370.0,-1284.0
156.0,46.0,-948.0
-167.0,-224.0,-763.0
265.0,-165.0,-847.0
23.0,-17.0,-1087.0
29.0,-39.0,-1097.0
-154.0,19.0,-1122.0
-11.0,134.0,-1116.0
-91.0,329.0,-1079.0
-19.0,201.0,-1044.0
-140.0,-191.0,-942.0
294.0,-150.0,-741.0
7.0,-48.0,-1118.0
103.0,-7.0,-1044.0
-146.0,7.0,-1124.0
-87.0,78.0,-1056.0
103.0,187.0,-1075.0
-44.0,325.0,-997.0
169.0,-60.0,-929.0
78.0,-158.0,-853.0
95.0,-226.0,-929.0
0.0,-37.0,-1118.0
-89.0,13.0,-1182.0
-9.0,37.0,-962.0
-27.0,318.0,-1028.0
-87.0,132.0,-1132.0
48.0,-46.0,-981.0
5.0,-181.0,-845.0
204.0,-134.0,-931.0
-9.0,9.0,-989.0
-111.0,-87.0,-1100.0
-76.0,0.0,-1098.0
40.0,191.0,-1179.0
-64.0,259.0,-1040.0
97.0,5.0,-903.0
-21.0,-46.0,-892.0
236.0,-124.0,-913.0
-95.0,-154.0,-1095.0
-175.0,-109.0,-1091.0
-113.0,29.0,-1093.0
-21.0,415.0,-1128.0
35.0,228.0,-1067.0
-44.0,7.0,-938.0
-42.0,-249.0,-921.0
298.0,-99.0,-915.0
-13.0,7.0,-1032.0
58.0,60.0,-1028.0
-296.0,-37.0,-1136.0
175.0,134.0,-1054.0
-136.0,242.0,-1138.0
251.0,89.0,-974.0
-163.0,-146.0,-888.0
275.0,-93.0,-899.0
-50.0,-146.0,-1007.0
68.0,-89.0,-1020.0
-154.0,-25.0,-1089.0
-21.0,171.0,-1089.0
204.0,370.0,-940.0
-142.0,181.0,-1214.0
50.0,-232.0,-917.0
136.0,-292.0,-831.0
119.0,13.0,-1040.0
224.0,-37.0,-981.0
-177.0,-19.0,-1005.0
-124.0,1.0,-1122.0
97.0,310.0,-1104.0
111.0,201.0,-1165.0
-46.0,-64.0,-936.0
105.0,-60.0,-765.0
89.0,-214.0,-899.0
91.0,-31.0,-1114.0
-345.0,13.0,-1184.0
46.0,21.0,-1048.0
-228.0,308.0,-1147.0
296.0,142.0,-936.0
-249.0,93.0,-997.0
9.0,-263.0,-954.0
124.0,-46.0,-1054.0
128.0,-95.0,-1007.0
-126.0,-25.0,-942.0
-189.0,25.0,-1032.0
27.0,111.0,-1132.0
163.0,404.0,-1218.0
-146.0,189.0,-1124.0
121.0,-203.0,-733.0
-191.0,-201.0,-882.0
415.0,-146.0,-954.0
-103.0,35.0,-1161.0
25.0,-33.0,-1093.0
-331.0,165.0,-1110.0
445.0,345.0,-956.0
-331.0,173.0,-1190.0
160.0,-179.0,-862.0
89.0,-89.0,-854.0
378.0,-169.0,-1009.0
35.0,35.0,-1001.0
91.0,-95.0,-974.0
-464.0,50.0,-1221.0
409.0,201.0,-983.0
-206.0,306.0,-1221.0
83.0,-146.0,-849.0
-134.0,-195.0,-810.0
275.0,-183.0,-862.0
187.0,-5.0,-1163.0
-345.0,52.0,-1218.0
-23.0,-99.0,-983.0
-273.0,267.0,-1013.0
126.0,294.0,-1114.0
-244.0,-25.0,-1116.0
40.0,-232.0,-829.0
70.0,-251.0,-792.0
302.0,203.0,-1030.0
-195.0,-42.0,-1206.0
-238.0,-31.0,-1067.0
-78.0,175.0,-1083.0
126.0,312.0,-1116.0
-21.0,154.0,-985.0
-162.0,-197.0,-903.0
249.0,-197.0,-757.0
257.0,-5.0,-1130.0
-81.0,-50.0,-1221.0
-105.0,-37.0,-1007.0
-312.0,212.0,-1009.0
236.0,402.0,-1048.0
-134.0,294.0,-1179.0
-76.0,-234.0,-979.0
259.0,-333.0,-780.0
245.0,-117.0,-927.0
132.0,173.0,-1022.0
-324.0,80.0,-1104.0
50.0,124.0,-1116.0
76.0,54.0,-1208.0
423.0,146.0,-919.0
-81.0,-76.0,-886.0
402.0,-156.0,-667.0
27.0,-87.0,-1165.0
384.0,-81.0,-1122.0
-488.0,-97.0,-1175.0
-3.0,-136.0,-802.0
-255.0,212.0,-1097.0
283.0,636.0,-1050.0
-411.0,85.0,-1280.0
171.0,-392.0,-802.0
89.0,-378.0,-782.0
185.0,183.0,-977.0
-68.0,78.0,-1108.0
-310.0,15.0,-1149.0
44.0,50.0,-1106.0
331.0,216.0,-1139.0
-25.0,25.0,-999.0
56.0,-212.0,-765.0
-56.0,-25.0,-858.0
378.0,31.0,-1057.0
-423.0,-11.0,-1204.0
158.0,-126.0,-1005.0
-419.0,134.0,-1286.0
456.0,365.0,-659.0
-244.0,425.0,-1141.0
-251.0,-103.0,-1114.0
101.0,-191.0,-1056.0
29.0,-249.0,-1026.0
191.0,-126.0,-892.0
-300.0,115.0,-940.0
111.0,111.0,-1149.0
126.0,333.0,-1255.0
83.0,296.0,-1102.0
-72.0,-247.0,-895.0
37.0,-253.0,-796.0
199.0,-109.0,-802.0
236.0,117.0,-977.0
-312.0,46.0,-1153.0
210.0,31.0,-1044.0
-179.0,179.0,-1239.0
433.0,150.0,-940.0
-421.0,78.0,-913.0
138.0,-244.0,-802.0
156.0,-142.0,-1102.0
232.0,-31.0,-1081.0
-136.0,-165.0,-1011.0
-222.0,-218.0,-890.0
101.0,283.0,-1104.0
46.0,491.0,-1341.0
-9.0,158.0,-1091.0
-177.0,-249.0,-712.0
-3.0,-185.0,-794.0
357.0,-52.0,-1024.0
-279.0,1.0,-1186.0
56.0,15.0,-1141.0
-195.0,144.0,-1179.0
374.0,228.0,-993.0
-341.0,136.0,-1079.0
-3.0,-257.0,-878.0
-42.0,-72.0,-903.0
240.0,-7.0,-1071.0
167.0,66.0,-1102.0
-189.0,9.0,-1151.0
-25.0,83.0,-944.0
148.0,300.0,-987.0
-142.0,201.0,-1122.0
97.0,31.0,-962.0
-58.0,-169.0,-1020.0
423.0,-343.0,-833.0
60.0,52.0,-970.0
-91.0,105.0,-1073.0
-111.0,99.0,-1126.0
27.0,220.0,-1145.0
5.0,105.0,-1280.0
-83.0,-81.0,-771.0
138.0,-183.0,-626.0
134.0,-111.0,-1030.0
423.0,81.0,-1067.0
-380.0,-44.0,-1075.0
-1.0,-130.0,-944.0
-208.0,81.0,-1182.0
128.0,345.0,-989.0
-150.0,349.0,-1026.0
40.0,-175.0,-931.0
302.0,-296.0,-864.0
167.0,-167.0,-999.0
-144.0,-167.0,-1087.0
-35.0,183.0,-1182.0
-247.0,292.0,-1296.0
325.0,244.0,-946.0
-234.0,-105.0,-878.0
3.0,-208.0,-954.0
128.0,-169.0,-938.0
226.0,117.0,-985.0
-201.0,83.0,-1147.0
-179.0,111.0,-1151.0
-341.0,121.0,-1083.0
288.0,146.0,-956.0
-169.0,171.0,-1073.0
115.0,-197.0,-981.0
-44.0,-11.0,-921.0
329.0,-109.0,-1100.0
-126.0,-83.0,-1065.0
-185.0,-39.0,-888.0
-283.0,298.0,-1143.0
281.0,316.0,-1212.0
42.0,169.0,-1079.0
5.0,-284.0,-825.0
15.0,-370.0,-765.0
259.0,54.0,-942.0
58.0,226.0,-1204.0
-247.0,-103.0,-1038.0
-97.0,-119.0,-950.0
27.0,83.0,-1065.0
378.0,355.0,-1038.0
-95.0,115.0,-946.0
148.0,-242.0,-935.0
50.0,-181.0,-974.0
204.0,-48.0,-976.0
-351.0,-37.0,-1112.0
83.0,1.0,-991.0
17.0,240.0,-1243.0
296.0,167.0,-987.0
-13.0,-7.0,-913.0
-242.0,-290.0,-991.0
115.0,-99.0,-974.0
148.0,167.0,-1065.0
-255.0,-56.0,-1145.0
-3.0,-54.0,-886.0
-115.0,132.0,-1143.0
247.0,261.0,-1083.0
-195.0,284.0,-1130.0
-126.0,-93.0,-983.0
-58.0,-144.0,-952.0
228.0,-165.0,-983.0
15.0,-93.0,-944.0
-146.0,78.0,-999.0
-121.0,322.0,-1100.0
339.0,275.0,-1286.0
-259.0,89.0,-1128.0
52.0,-273.0,-792.0
-163.0,-95.0,-817.0
402.0,21.0,-962.0
58.0,136.0,-1108.0
-122.0,-99.0,-1132.0
19.0,-103.0,-979.0
23.0,300.0,-954.0
158.0,222.0,-1106.0
-314.0,122.0,-1003.0
85.0,-169.0,-938.0
-3.0,-163.0,-950.0
528.0,-275.0,-991.0
-407.0,7.0,-1071.0
191.0,31.0,-890.0
-81.0,441.0,-1169.0
93.0,115.0,-1202.0
-42.0,-101.0,-1052.0
-232.0,-294.0,-827.0
249.0,-152.0,-831.0
54.0,56.0,-1011.0
-21.0,33.0,-1046.0
-244.0,81.0,-1188.0
-60.0,175.0,-1356.0
68.0,191.0,-972.0
-99.0,9.0,-827.0
-87.0,-130.0,-886.0
304.0,-158.0,-1061.0
-46.0,74.0,-1118.0
138.0,-214.0,-933.0
-415.0,-23.0,-1138.0
19.0,99.0,-981.0
105.0,573.0,-1032.0
-66.0,158.0,-1165.0
40.0,-247.0,-864.0
-7.0,-101.0,-936.0
244.0,-107.0,-1042.0
154.0,5.0,-987.0
-341.0,-29.0,-1093.0
60.0,122.0,-1034.0
-183.0,324.0,-1198.0
-39.0,70.0,-1069.0
29.0,-99.0,-853.0
-171.0,-234.0,-886.0
81.0,66.0,-942.0
-130.0,119.0,-1186.0
-478.0,-19.0,-987.0
-78.0,-48.0,-921.0
-564.0,325.0,-1245.0
48.0,107.0,-936.0
-437.0,93.0,-981.0
-193.0,-357.0,-862.0
-126.0,-206.0,-1024.0
-468.0,154.0,-1011.0
-91.0,-46.0,-1067.0
-675.0,105.0,-1097.0
-44.0,99.0,-1114.0
-468.0,222.0,-1073.0
0.0,-60.0,-995.0
-382.0,-251.0,-903.0
54.0,-58.0,-936.0
-433.0,-40.0,-1108.0
-148.0,70.0,-1015.0
-489.0,74.0,-1233.0
-119.0,136.0,-989.0
-142.0,267.0,-1040.0
-232.0,-31.0,-1134.0
-29.0,-160.0,-964.0
-310.0,-177.0,-919.0
27.0,-44.0,-966.0
-210.0,62.0,-1095.0
-201.0,37.0,-1089.0
-117.0,191.0,-923.0
-11.0,208.0,-1075.0
-146.0,134.0,-1126.0
58.0,-107.0,-950.0
-144.0,-119.0,-917.0
158.0,-187.0,-831.0
-128.0,70.0,-968.0
-142.0,-76.0,-1097.0
21.0,103.0,-1042.0
-156.0,259.0,-1126.0
169.0,76.0,-997.0
-187.0,15.0,-952.0
68.0,-181.0,-837.0
62.0,-48.0,-948.0
-95.0,-66.0,-1059.0
-11.0,-35.0,-991.0
-60.0,138.0,-1095.0
9.0,214.0,-1139.0
40.0,171.0,-964.0
-144.0,-158.0,-1007.0
-13.0,-283.0,-921.0
80.0,5.0,-974.0
-15.0,40.0,-1032.0
80.0,-93.0,-993.0
-206.0,52.0,-1141.0
80.0,146.0,-1089.0
-27.0,324.0,-1138.0
-119.0,5.0,-993.0
5.0,-177.0,-921.0
-124.0,-48.0,-1063.0
162.0,-105.0,-983.0
-101.0,29.0,-1028.0
-99.0,-62.0,-1048.0
-3.0,261.0,-1091.0
-80.0,419.0,-1206.0
-89.0,-25.0,-1102.0
-60.0,-119.0,-870.0
29.0,-130.0,-950.0
238.0,25.0,-1001.0
-21.0,35.0,-1048.0
-1.0,-124.0,-989.0
-68.0,212.0,-1118.0
58.0,294.0,-1139.0
1.0,191.0,-1056.0
37.0,-134.0,-831.0
46.0,-189.0,-894.0
163.0,-70.0,-987.0
101.0,-37.0,-1077.0
-97.0,-37.0,-964.0
48.0,122.0,-972.0
-78.0,357.0,-1223.0
48.0,158.0,-1065.0
-35.0,-91.0,-854.0
46.0,-277.0,-899.0
191.0,-99.0,-995.0
78.0,80.0,-1048.0
-7.0,-107.0,-1026.0
-111.0,44.0,-1026.0
-37.0,191.0,-1151.0
-54.0,197.0,-1083.0
37.0,-42.0,-964.0
-68.0,-234.0,-907.0
177.0,-105.0,-946.0
11.0,-46.0,-1097.0
-23.0,-29.0,-995.0
-201.0,37.0,-1087.0
-103.0,261.0,-1050.0
64.0,228.0,-1120.0
-193.0,-9.0,-1136.0
171.0,-191.0,-890.0
-185.0,-97.0,-935.0
214.0,-80.0,-954.0
-87.0,-66.0,-1102.0
-183.0,40.0,-1100.0
-35.0,203.0,-1042.0
-138.0,331.0,-1083.0
91.0,-1.0,-1069.0
-48.0,-113.0,-966.0
154.0,-142.0,-894.0
29.0,-54.0,-929.0
0.0,29.0,-1044.0
-191.0,-46.0,-1085.0
33.0,152.0,-1011.0
-146.0,238.0,-1182.0
189.0,56.0,-927.0
-105.0,-13.0,-1032.0
103.0,-185.0,-895.0
124.0,-31.0,-972.0
0.0,-103.0,-958.0
15.0,-99.0,-960.0
-13.0,240.0,-1145.0
-46.0,259.0,-1171.0
21.0,224.0,-977.0
-21.0,-206.0,-972.0
80.0,-255.0,-921.0
179.0,-40.0,-952.0
15.0,29.0,-1018.0
-29.0,-52.0,-997.0
-167.0,58.0,-1085.0
-17.0,228.0,-1184.0
33.0,218.0,-1059.0
-29.0,1.0,-960.0
-11.0,-183.0,-921.0
80.0,15.0,-1022.0
33.0,-107.0,-1048.0
-78.0,-64.0,-1005.0
-142.0,-17.0,-1073.0
-21.0,294.0,-1153.0
-142.0,421.0,-1200.0
42.0,29.0,-987.0
-150.0,-154.0,-895.0
169.0,-284.0,-929.0
183.0,-15.0,-1026.0
-44.0,130.0,-1095.0
-130.0,23.0,-1007.0
-169.0,220.0,-1071.0
134.0,187.0,-1138.0
-21.0,183.0,-1044.0
294.0,-134.0,-829.0
-72.0,-58.0,-976.0
286.0,-124.0,-1026.0
-146.0,-48.0,-1083.0
-31.0,-91.0,-1001.0
-33.0,150.0,-1015.0
11.0,316.0,-1143.0
167.0,121.0,-1018.0
25.0,-1.0,-931.0
70.0,-310.0,-936.0
148.0,-169.0,-929.0
31.0,31.0,-1087.0
-158.0,-1.0,-1022.0
35.0,132.0,-977.0
-162.0,136.0,-1145.0
267.0,152.0,-1026.0
-117.0,9.0,-1048.0
83.0,-242.0,-899.0
46.0,-78.0,-995.0
-54.0,-56.0,-1003.0
31.0,-78.0,-966.0
-173.0,9.0,-1108.0
70.0,203.0,-1114.0
0.0,316.0,-1114.0
-35.0,-25.0,-1032.0
54.0,-167.0,-880.0
-39.0,-107.0,-972.0
64.0,-113.0,-989.0
-3.0,-72.0,-1048.0
-197.0,64.0,-1108.0
68.0,179.0,-1063.0
-21.0,363.0,-1077.0
-52.0,-9.0,-1056.0
66.0,-68.0,-878.0
-54.0,-130.0,-1015.0
242.0,-119.0,-948.0
-117.0,46.0,-1057.0
15.0,-103.0,-979.0
29.0,222.0,-1040.0
9.0,314.0,-1184.0
163.0,105.0,-1001.0
-85.0,-66.0,-962.0
163.0,-263.0,-860.0
66.0,-66.0,-974.0
37.0,-3.0,-1069.0
-195.0,-83.0,-983.0
-113.0,132.0,-1087.0
-232.0,203.0,-1145.0
-29.0,220.0,-1077.0
-411.0,-101.0,-960.0
-156.0,-218.0,-864.0
-288.0,-40.0,-1011.0
-152.0,-37.0,-1020.0
-398.0,-64.0,-952.0
-726.0,89.0,-1028.0
-482.0,144.0,-1179.0
-638.0,312.0,-1143.0
-605.0,-1.0,-997.0
-712.0,-203.0,-843.0
-673.0,-105.0,-1013.0
-614.0,-50.0,-1100.0
-810.0,29.0,-979.0
-1077.0,-19.0,-1087.0
-1011.0,128.0,-1120.0
-862.0,324.0,-1212.0
-993.0,101.0,-1104.0
-858.0,7.0,-868.0
-1218.0,-197.0,-929.0
-704.0,-78.0,-977.0
-1128.0,60.0,-1175.0
-1112.0,44.0,-1100.0
-1272.0,95.0,-989.0
-1050.0,171.0,-1124.0
-1069.0,204.0,-1159.0
-1007.0,76.0,-1024.0
-1169.0,-255.0,-858.0
-956.0,-146.0,-897.0
-1083.0,25.0,-1106.0
-1313.0,39.0,-1184.0
-1122.0,72.0,-985.0
-1280.0,103.0,-1087.0
-866.0,232.0,-985.0
-1268.0,74.0,-1077.0
-1253.0,-193.0,-890.0
-1073.0,-152.0,-837.0
-1262.0,-117.0,-1054.0
-1247.0,5.0,-962.0
-1510.0,-64.0,-1005.0
-1374.0,3.0,-1056.0
-1239.0,111.0,-979.0
-1350.0,212.0,-1083.0
-1358.0,-60.0,-905.0
-1171.0,-101.0,-831.0
-1231.0,-70.0,-927.0
-1149.0,-60.0,-929.0
-1512.0,-35.0,-1216.0
-1303.0,-85.0,-1005.0
-1161.0,355.0,-1122.0
-1516.0,93.0,-1190.0
-1114.0,144.0,-927.0
-1684.0,-113.0,-884.0
-882.0,-195.0,-796.0
-1524.0,15.0,-1089.0
-1241.0,-154.0,-1175.0
-1442.0,25.0,-1044.0
-1114.0,169.0,-1100.0
-1255.0,341.0,-1069.0
-1180.0,85.0,-956.0
-1223.0,-109.0,-847.0
-1026.0,-146.0,-1013.0
-1097.0,107.0,-1057.0
-1233.0,-253.0,-1095.0
-1136.0,107.0,-1139.0
-1110.0,199.0,-1081.0
-665.0,171.0,-993.0
-1059.0,220.0,-1180.0
-568.0,-203.0,-739.0
-554.0,-167.0,-864.0
-269.0,294.0,-1020.0
-382.0,-423.0,-1124.0
-437.0,204.0,-954.0
-126.0,-101.0,-1182.0
-300.0,689.0,-1225.0
19.0,-5.0,-1040.0
-193.0,-226.0,-767.0
91.0,5.0,-921.0
-150.0,-361.0,-888.0
-290.0,306.0,-1097.0
-83.0,-300.0,-1231.0
-423.0,238.0,-1106.0
81.0,132.0,-915.0
-515.0,128.0,-989.0
222.0,13.0,-706.0
-294.0,1.0,-892.0
517.0,-27.0,-1073.0
-331.0,-136.0,-1221.0
66.0,-85.0,-964.0
-206.0,93.0,-1167.0
234.0,-117.0,-1018.0
-138.0,503.0,-1063.0
78.0,-138.0,-905.0
7.0,417.0,-1013.0
132.0,-462.0,-1032.0
-267.0,374.0,-1134.0
42.0,-281.0,-958.0
-249.0,-66.0,-1054.0
392.0,232.0,-1044.0
267.0,158.0,-1186.0
349.0,462.0,-749.0
325.0,-115.0,-991.0
593.0,-298.0,-1106.0
517.0,160.0,-1042.0
554.0,-335.0,-1054.0
392.0,-113.0,-1179.0
657.0,-33.0,-1095.0
433.0,39.0,-1093.0
425.0,474.0,-1139.0
396.0,81.0,-901.0
218.0,-146.0,-843.0
685.0,0.0,-1065.0
58.0,-17.0,-1280.0
612.0,-302.0,-882.0
46.0,-128.0,-1018.0
845.0,232.0,-1056.0
255.0,142.0,-1116.0
868.0,-31.0,-728.0
306.0,-117.0,-1057.0
907.0,42.0,-1050.0
271.0,-308.0,-1087.0
530.0,220.0,-983.0
402.0,-347.0,-1198.0
447.0,97.0,-993.0
556.0,130.0,-956.0
220.0,232.0,-1126.0
454.0,107.0,-894.0
288.0,76.0,-864.0
447.0,-245.0,-940.0
349.0,70.0,-1116.0
322.0,-187.0,-981.0
503.0,234.0,-1032.0
626.0,0.0,-995.0
523.0,-56.0,-1069.0
689.0,-156.0,-831.0
448.0,257.0,-1048.0
841.0,101.0,-872.0
384.0,97.0,-1046.0
749.0,-78.0,-1147.0
423.0,7.0,-1264.0
566.0,23.0,-1069.0
425.0,-15.0,-895.0
415.0,140.0,-921.0
523.0,9.0,-882.0
706.0,13.0,-997.0
363.0,-171.0,-1042.0
655.0,-7.0,-1075.0
767.0,-54.0,-960.0
478.0,11.0,-989.0
769.0,-3.0,-880.0
804.0,160.0,-1095.0
710.0,167.0,-1098.0
632.0,-109.0,-919.0
376.0,-39.0,-909.0
694.0,-31.0,-1198.0
558.0,179.0,-1331.0
640.0,-58.0,-1030.0
486.0,-25.0,-854.0
398.0,175.0,-872.0
732.0,-80.0,-1048.0
359.0,122.0,-1020.0
548.0,-171.0,-997.0
238.0,162.0,-1067.0
847.0,210.0,-1141.0
425.0,165.0,-1056.0
786.0,-99.0,-821.0
341.0,-101.0,-901.0
854.0,162.0,-1091.0
593.0,-56.0,-1061.0
511.0,1.0,-987.0
642.0,95.0,-1054.0
564.0,165.0,-1198.0
929.0,152.0,-1089.0
435.0,-160.0,-970.0
653.0,70.0,-853.0
622.0,72.0,-954.0
827.0,171.0,-1044.0
728.0,-35.0,-1163.0
663.0,-9.0,-929.0
845.0,132.0,-997.0
854.0,52.0,-1130.0
681.0,-105.0,-1091.0
530.0,-193.0,-841.0
696.0,17.0,-1032.0
798.0,76.0,-1054.0
610.0,5.0,-931.0
534.0,31.0,-985.0
439.0,-13.0,-1108.0
737.0,222.0,-1104.0
388.0,-142.0,-1143.0
679.0,-119.0,-868.0
445.0,201.0,-915.0
772.0,91.0,-944.0
569.0,-138.0,-1061.0
443.0,-222.0,-1073.0
640.0,-35.0,-1145.0
579.0,226.0,-1198.0
692.0,-15.0,-974.0
376.0,-1.0,-1005.0
673.0,-80.0,-923.0
646.0,109.0,-995.0
655.0,107.0,-1044.0
503.0,-122.0,-1061.0
511.0,132.0,-1028.0
716.0,64.0,-1120.0
501.0,-31.0,-1048.0
677.0,-17.0,-823.0
407.0,97.0,-925.0
968.0,44.0,-997.0
503.0,-5.0,-1089.0
696.0,-228.0,-935.0
493.0,-50.0,-1038.0
759.0,142.0,-1073.0
665.0,185.0,-1087.0
404.0,-76.0,-987.0
616.0,-85.0,-837.0
546.0,113.0,-1044.0
788.0,-5.0,-1044.0
306.0,-101.0,-935.0
519.0,-31.0,-874.0
388.0,29.0,-1255.0
571.0,1.0,-1122.0
251.0,-113.0,-958.0
474.0,-37.0,-767.0
437.0,130.0,-1003.0
605.0,78.0,-1011.0
273.0,-72.0,-1091.0
206.0,-103.0,-1007.0
259.0,109.0,-1087.0
316.0,158.0,-1192.0
52.0,-70.0,-1054.0
238.0,23.0,-866.0
-46.0,23.0,-1042.0
513.0,-81.0,-946.0
-140.0,64.0,-1112.0
325.0,-44.0,-974.0
-261.0,163.0,-1155.0
281.0,78.0,-1040.0
-177.0,40.0,-1161.0
222.0,-27.0,-890.0
97.0,93.0,-911.0
320.0,146.0,-970.0
148.0,35.0,-1065.0
-25.0,-23.0,-1038.0
117.0,37.0,-1097.0
44.0,17.0,-1180.0
169.0,13.0,-1020.0
109.0,17.0,-935.0
193.0,66.0,-899.0
292.0,21.0,-1003.0
212.0,-136.0,-1032.0
95.0,-177.0,-948.0
78.0,1.0,-991.0
152.0,52.0,-1143.0
103.0,31.0,-1116.0
15.0,-124.0,-950.0
171.0,-177.0,-913.0
165.0,-152.0,-933.0
271.0,-158.0,-972.0
-29.0,-148.0,-1114.0
83.0,-185.0,-1073.0
-132.0,-158.0,-1069.0
138.0,-103.0,-1085.0
-128.0,-263.0,-1040.0
99.0,-288.0,-878.0
19.0,-212.0,-966.0
281.0,-244.0,-1079.0
-119.0,-242.0,-1052.0
72.0,-378.0,-942.0
-210.0,-359.0,-1061.0
160.0,-197.0,-1093.0
-238.0,-261.0,-1214.0
144.0,-390.0,-913.0
-140.0,-345.0,-911.0
236.0,-339.0,-915.0
44.0,-413.0,-1018.0
-103.0,-480.0,-1046.0
31.0,-370.0,-1110.0
-76.0,-224.0,-1194.0
58.0,-384.0,-989.0
-66.0,-527.0,-940.0
154.0,-759.0,-866.0
212.0,-587.0,-972.0
70.0,-503.0,-1071.0
72.0,-640.0,-1063.0
-97.0,-689.0,-1054.0
62.0,-603.0,-1063.0
-56.0,-460.0,-1067.0
122.0,-542.0,-942.0
29.0,-630.0,-915.0
208.0,-616.0,-946.0
70.0,-569.0,-1005.0
0.0,-632.0,-1044.0
29.0,-698.0,-983.0
-74.0,-618.0,-983.0
105.0,-536.0,-1042.0
-144.0,-694.0,-1095.0
160.0,-888.0,-866.0
-72.0,-691.0,-944.0
284.0,-618.0,-999.0
-31.0,-609.0,-958.0
37.0,-774.0,-960.0
-136.0,-683.0,-1149.0
50.0,-482.0,-1136.0
-17.0,-499.0,-977.0
35.0,-607.0,-913.0
163.0,-655.0,-876.0
122.0,-437.0,-968.0
15.0,-536.0,-1054.0
-119.0,-702.0,-1075.0
21.0,-618.0,-1011.0
-29.0,-378.0,-1157.0
48.0,-452.0,-981.0
58.0,-589.0,-933.0
-29.0,-538.0,-936.0
331.0,-464.0,-956.0
-93.0,-415.0,-1071.0
134.0,-663.0,-1034.0
-144.0,-702.0,-1032.0
148.0,-646.0,-1030.0
-7.0,-581.0,-1177.0
97.0,-704.0,-972.0
101.0,-708.0,-866.0
150.0,-310.0,-968.0
265.0,-160.0,-1093.0
-99.0,-284.0,-1011.0
44.0,-536.0,-958.0
-146.0,-472.0,-1169.0
197.0,-267.0,-1040.0
-29.0,-370.0,-1020.0
142.0,-497.0,-866.0
42.0,-431.0,-966.0
163.0,-316.0,-970.0
-1.0,-443.0,-1011.0
-124.0,-609.0,-1028.0
-95.0,-648.0,-1159.0
-85.0,-507.0,-1100.0
-50.0,-585.0,-935.0
35.0,-702.0,-1001.0
-52.0,-610.0,-1001.0
187.0,-318.0,-938.0
-201.0,-42.0,-1071.0
113.0,-288.0,-1059.0
-353.0,-210.0,-1100.0
167.0,-140.0,-1048.0
-325.0,-275.0,-1159.0
163.0,-466.0,-860.0
-132.0,-489.0,-1003.0
224.0,-425.0,-989.0
-37.0,-527.0,-1073.0
-201.0,-743.0,-927.0
5.0,-694.0,-1069.0
-163.0,-560.0,-1177.0
13.0,-437.0,-1065.0
-138.0,-616.0,-892.0
35.0,-552.0,-802.0
171.0,-320.0,-1040.0
72.0,-103.0,-1139.0
1.0,-357.0,-892.0
-148.0,-374.0,-880.0
119.0,-431.0,-1100.0
-7.0,-503.0,-1155.0
37.0,-800.0,-946.0
64.0,-1028.0,-862.0
74.0,-817.0,-907.0
222.0,-624.0,-1057.0
-169.0,-515.0,-1079.0
80.0,-624.0,-1001.0
-386.0,-542.0,-1044.0
308.0,-425.0,-1091.0
-318.0,-577.0,-1089.0
267.0,-874.0,-831.0
-275.0,-780.0,-931.0
310.0,-687.0,-989.0
-271.0,-474.0,-1081.0
35.0,-626.0,-979.0
-290.0,-616.0,-981.0
15.0,-618.0,-1007.0
-42.0,-591.0,-1110.0
68.0,-890.0,-989.0
9.0,-1030.0,-839.0
148.0,-872.0,-901.0
89.0,-720.0,-1038.0
-31.0,-730.0,-1069.0
-74.0,-581.0,-1083.0
27.0,-339.0,-1100.0
-15.0,-277.0,-952.0
263.0,-478.0,-958.0
-70.0,-737.0,-929.0
390.0,-774.0,-936.0
-218.0,-708.0,-1061.0
281.0,-603.0,-1018.0
-236.0,-550.0,-1081.0
288.0,-472.0,-1022.0
-66.0,-335.0,-1030.0
162.0,-482.0,-866.0
107.0,-661.0,-985.0
134.0,-538.0,-997.0
156.0,-609.0,-981.0
-126.0,-591.0,-1016.0
177.0,-568.0,-1011.0
50.0,-222.0,-1087.0
87.0,17.0,-1091.0
83.0,-320.0,-974.0
-74.0,-439.0,-915.0
234.0,-548.0,-981.0
105.0,-208.0,-1120.0
105.0,-214.0,-1026.0
-169.0,-216.0,-956.0
93.0,-169.0,-1093.0
-39.0,-48.0,-1188.0
-15.0,-134.0,-1073.0
-52.0,-337.0,-894.0
-89.0,-230.0,-890.0
122.0,1.0,-1091.0
-111.0,-64.0,-1069.0
-19.0,-242.0,-964.0
-238.0,-232.0,-1100.0
103.0,42.0,-1180.0
-80.0,99.0,-1093.0
-15.0,11.0,-936.0
44.0,-60.0,-886.0
46.0,134.0,-1063.0
78.0,259.0,-1024.0
-52.0,353.0,-1081.0
9.0,140.0,-983.0
-44.0,230.0,-1202.0
0.0,150.0,-1071.0
40.0,-128.0,-1003.0
-103.0,-15.0,-833.0
195.0,64.0,-1042.0
-3.0,171.0,-1048.0
19.0,-48.0,-1036.0
-152.0,-105.0,-966.0
68.0,29.0,-1081.0
-122.0,325.0,-1118.0
33.0,298.0,-1013.0
-29.0,292.0,-890.0
39.0,380.0,-880.0
201.0,347.0,-1003.0
-101.0,208.0,-1003.0
91.0,76.0,-921.0
-226.0,199.0,-1143.0
204.0,95.0,-1114.0
-320.0,101.0,-1087.0
105.0,-60.0,-798.0
-48.0,39.0,-925.0
140.0,197.0,-1018.0
-52.0,-27.0,-1077.0
-128.0,-95.0,-1015.0
-85.0,89.0,-1036.0
-152.0,343.0,-1116.0
0.0,343.0,-1083.0
-126.0,284.0,-940.0
76.0,339.0,-825.0
105.0,208.0,-1001.0
37.0,126.0,-1042.0
-48.0,44.0,-1118.0
-119.0,46.0,-1028.0
29.0,236.0,-1089.0
-124.0,70.0,-1089.0
148.0,-46.0,-954.0
-93.0,146.0,-985.0
204.0,160.0,-1028.0
64.0,177.0,-981.0
-80.0,113.0,-952.0
15.0,255.0,-1085.0
-111.0,421.0,-1175.0
187.0,425.0,-1018.0
-208.0,236.0,-962.0
333.0,89.0,-866.0
-66.0,361.0,-1009.0
275.0,343.0,-977.0
-140.0,85.0,-1073.0
31.0,-29.0,-1042.0
-91.0,242.0,-1159.0
226.0,341.0,-1069.0
-17.0,281.0,-1063.0
17.0,230.0,-936.0
158.0,417.0,-985.0
140.0,495.0,-999.0
39.0,493.0,-974.0
-140.0,337.0,-1093.0
-37.0,283.0,-1102.0
-48.0,544.0,-1077.0
3.0,269.0,-1085.0
19.0,130.0,-905.0
29.0,329.0,-935.0
193.0,450.0,-1034.0
-56.0,390.0,-1110.0
-62.0,265.0,-993.0
-142.0,294.0,-1145.0
126.0,548.0,-1161.0
-44.0,659.0,-1118.0
169.0,597.0,-942.0
21.0,593.0,-929.0
238.0,714.0,-944.0
-39.0,747.0,-1057.0
19.0,460.0,-962.0
-13.0,433.0,-1077.0
19.0,404.0,-1233.0
46.0,366.0,-1071.0
7.0,439.0,-858.0
62.0,427.0,-944.0
183.0,538.0,-1048.0
64.0,667.0,-1046.0
-11.0,472.0,-1013.0
-50.0,509.0,-1032.0
15.0,546.0,-1151.0
-21.0,743.0,-1169.0
48.0,628.0,-993.0
15.0,651.0,-894.0
121.0,800.0,-919.0
156.0,753.0,-1067.0
-89.0,558.0,-956.0
-121.0,406.0,-1048.0
-154.0,472.0,-1145.0
156.0,579.0,-1212.0
-193.0,571.0,-1026.0
158.0,550.0,-810.0
-222.0,550.0,-962.0
281.0,622.0,-1042.0
-218.0,491.0,-1184.0
-27.0,472.0,-979.0
-312.0,603.0,-1102.0
5.0,854.0,-1079.0
-39.0,741.0,-1124.0
0.0,650.0,-931.0
99.0,696.0,-853.0
101.0,769.0,-956.0
5.0,655.0,-1001.0
-167.0,488.0,-1143.0
-85.0,550.0,-1087.0
-33.0,745.0,-1177.0
62.0,669.0,-981.0
72.0,491.0,-968.0
-11.0,527.0,-895.0
148.0,622.0,-1056.0
-66.0,569.0,-1116.0
-19.0,415.0,-1005.0
-201.0,523.0,-1022.0
117.0,665.0,-1046.0
-5.0,860.0,-1102.0
42.0,587.0,-948.0
60.0,538.0,-919.0
37.0,642.0,-968.0
177.0,620.0,-987.0
-80.0,402.0,-997.0
13.0,353.0,-1067.0
66.0,536.0,-1157.0
222.0,683.0,-1165.0
95.0,540.0,-970.0
152.0,456.0,-858.0
158.0,583.0,-1007.0
333.0,704.0,-1067.0
21.0,538.0,-1046.0
286.0,271.0,-954.0
152.0,423.0,-1151.0
476.0,638.0,-1028.0
263.0,599.0,-1147.0
226.0,530.0,-942.0
353.0,447.0,-935.0
519.0,646.0,-1005.0
402.0,536.0,-1048.0
431.0,482.0,-985.0
388.0,404.0,-1132.0
776.0,571.0,-1216.0
404.0,728.0,-1118.0
774.0,484.0,-894.0
437.0,536.0,-917.0
1009.0,456.0,-999.0
638.0,519.0,-1038.0
718.0,474.0,-999.0
599.0,495.0,-1052.0
974.0,480.0,-1169.0
716.0,374.0,-1194.0
673.0,460.0,-837.0
720.0,480.0,-864.0
987.0,458.0,-1011.0
870.0,542.0,-1073.0
624.0,486.0,-956.0
626.0,439.0,-954.0
659.0,462.0,-1155.0
648.0,423.0,-1190.0
478.0,355.0,-972.0
333.0,372.0,-819.0
624.0,310.0,-948.0
454.0,298.0,-1081.0
318.0,384.0,-1063.0
222.0,353.0,-997.0
152.0,370.0,-1083.0
267.0,199.0,-1159.0
-70.0,197.0,-1149.0
290.0,226.0,-919.0
52.0,380.0,-964.0
357.0,365.0,-1061.0
11.0,240.0,-1098.0
-21.0,382.0,-993.0
-115.0,300.0,-1163.0
97.0,214.0,-1202.0
-117.0,128.0,-1075.0
72.0,251.0,-987.0
122.0,148.0,-913.0
244.0,253.0,-966.0
78.0,222.0,-1138.0
-15.0,105.0,-1112.0
80.0,199.0,-1015.0
-42.0,167.0,-1126.0
361.0,52.0,-1034.0
-35.0,109.0,-1034.0
374.0,130.0,-839.0
185.0,214.0,-1018.0
302.0,117.0,-991.0
-37.0,167.0,-1085.0
117.0,48.0,-1009.0
39.0,119.0,-1108.0
80.0,154.0,-983.0
179.0,93.0,-989.0
33.0,70.0,-892.0
216.0,91.0,-884.0
58.0,60.0,-974.0
15.0,-5.0,-1026.0
-152.0,87.0,-1059.0
-5.0,23.0,-1087.0
29.0,130.0,-1020.0
-152.0,64.0,-966.0
150.0,42.0,-903.0
-179.0,83.0,-1001.0
140.0,199.0,-927.0
-331.0,3.0,-1003.0
-177.0,64.0,-921.0
-429.0,95.0,-1190.0
-230.0,353.0,-1118.0
-361.0,95.0,-1059.0
-577.0,156.0,-915.0
-400.0,-122.0,-962.0
-488.0,150.0,-958.0
-517.0,142.0,-1034.0
-669.0,64.0,-1091.0
-839.0,89.0,-1100.0
-601.0,136.0,-1073.0
-815.0,308.0,-1143.0
-507.0,19.0,-919.0
-929.0,242.0,-911.0
-583.0,253.0,-1089.0
-669.0,181.0,-989.0
-720.0,150.0,-972.0
-745.0,87.0,-1065.0
-546.0,206.0,-1196.0
-546.0,302.0,-1081.0
-536.0,183.0,-1024.0
-443.0,-3.0,-856.0
-484.0,122.0,-948.0
-261.0,292.0,-1124.0
-400.0,111.0,-1081.0
-411.0,148.0,-974.0
-368.0,163.0,-1110.0
-242.0,269.0,-1173.0
-283.0,140.0,-1009.0
-398.0,101.0,-882.0
-156.0,255.0,-960.0
-189.0,327.0,-1036.0
-183.0,212.0,-991.0
-314.0,-23.0,-981.0
-277.0,48.0,-1077.0
-119.0,247.0,-1136.0
-288.0,191.0,-1143.0
-210.0,44.0,-870.0
-292.0,210.0,-860.0
-31.0,232.0,-1052.0
-255.0,179.0,-1067.0
-275.0,93.0,-962.0
-245.0,95.0,-989.0
-181.0,308.0,-1139.0
-156.0,187.0,-1120.0
-189.0,93.0,-1003.0
-191.0,89.0,-880.0
9.0,304.0,-915.0
-27.0,228.0,-1018.0
-163.0,56.0,-1083.0
-109.0,130.0,-974.0
-113.0,122.0,-1212.0
-7.0,158.0,-1040.0
-144.0,122.0,-1011.0
-70.0,-9.0,-894.0
17.0,70.0,-1013.0
-107.0,138.0,-999.0
56.0,81.0,-1050.0
-163.0,58.0,-1056.0
-50.0,169.0,-1022.0
21.0,97.0,-1126.0
-189.0,-5.0,-1079.0
37.0,17.0,-964.0
-89.0,103.0,-964.0
132.0,33.0,-944.0
-218.0,-11.0,-1015.0
37.0,-7.0,-1108.0
-150.0,68.0,-1208.0
39.0,158.0,-1015.0
-117.0,-50.0,-970.0
-23.0,-87.0,-929.0
-80.0,25.0,-1024.0
140.0,35.0,-985.0
-78.0,-7.0,-1085.0
-66.0,-107.0,-974.0
-37.0,136.0,-1102.0
-119.0,130.0,-1186.0
-1.0,-109.0,-935.0
-128.0,-13.0,-993.0
158.0,-46.0,-995.0
87.0,208.0,-1003.0
-23.0,-83.0,-878.0
11.0,-107.0,-1022.0
-214.0,-5.0,-1171.0
195.0,232.0,-1149.0
-220.0,179.0,-1069.0
156.0,-212.0,-798.0
-163.0,-74.0,-979.0
339.0,-23.0,-1095.0
-31.0,167.0,-1089.0
78.0,-99.0,-831.0
-185.0,-7.0,-1038.0
111.0,66.0,-1175.0
-37.0,163.0,-1145.0
68.0,-146.0,-903.0
29.0,-150.0,-901.0
138.0,58.0,-983.0
230.0,183.0,-1089.0
-179.0,-163.0,-966.0
13.0,-206.0,-925.0
-121.0,148.0,-1177.0
181.0,206.0,-1175.0
-66.0,56.0,-979.0
76.0,-222.0,-765.0
-64.0,-197.0,-970.0
242.0,138.0,-1108.0
-173.0,122.0,-1171.0
-17.0,-72.0,-880.0
-363.0,27.0,-999.0
214.0,76.0,-1118.0
-230.0,105.0,-1227.0
224.0,-156.0,-808.0
-251.0,85.0,-894.0
167.0,95.0,-1038.0
-179.0,124.0,-1097.0
-64.0,-93.0,-1050.0
-281.0,3.0,-1073.0
-21.0,162.0,-1024.0
-25.0,286.0,-1087.0
52.0,76.0,-1018.0
-60.0,-54.0,-911.0
0.0,-27.0,-917.0
37.0,126.0,-1057.0
-58.0,148.0,-1034.0
-58.0,238.0,-997.0
-107.0,126.0,-1136.0
-50.0,29.0,-981.0
85.0,23.0,-1052.0
119.0,72.0,-935.0
177.0,160.0,-919.0
33.0,169.0,-956.0
15.0,-27.0,-1081.0
-64.0,93.0,-1065.0
-29.0,179.0,-1098.0
171.0,146.0,-1044.0
-93.0,54.0,-976.0
281.0,11.0,-874.0
-29.0,175.0,-1032.0
273.0,58.0,-1030.0
-316.0,40.0,-1034.0
140.0,25.0,-968.0
-175.0,208.0,-1145.0
171.0,224.0,-1139.0
-138.0,-87.0,-1046.0
42.0,-66.0,-923.0
54.0,148.0,-960.0
165.0,224.0,-1098.0
-119.0,-25.0,-1001.0
-95.0,-74.0,-1026.0
-158.0,146.0,-1112.0
132.0,242.0,-1124.0
-142.0,158.0,-1065.0
99.0,-150.0,-956.0
-177.0,37.0,-952.0
244.0,122.0,-997.0
-117.0,81.0,-1108.0
68.0,-1.0,-946.0
-216.0,11.0,-1085.0
95.0,203.0,-1069.0
31.0,113.0,-1145.0
-60.0,-70.0,-954.0
126.0,-105.0,-946.0
0.0,80.0,-970.0
113.0,158.0,-1003.0
-50.0,-95.0,-1028.0
-76.0,-144.0,-1056.0
70.0,58.0,-1063.0
44.0,244.0,-1124.0
107.0,-66.0,-964.0
-25.0,-99.0,-862.0
58.0,-40.0,-981.0
179.0,5.0,-977.0
-68.0,-52.0,-1018.0
103.0,-175.0,-1056.0
-64.0,68.0,-1100.0
37.0,107.0,-1079.0
17.0,-46.0,-983.0
44.0,-171.0,-921.0
-40.0,-35.0,-946.0
197.0,122.0,-1022.0
-150.0,-189.0,-1065.0
17.0,-165.0,-952.0
-56.0,-48.0,-1067.0
74.0,154.0,-1100.0
-80.0,128.0,-1108.0
40.0,-197.0,-899.0
0.0,-144.0,-931.0
124.0,21.0,-1011.0
-68.0,31.0,-1083.0
23.0,-138.0,-936.0
-169.0,-5.0,-997.0
204.0,107.0,-1231.0
-177.0,121.0,-1169.0
70.0,-124.0,-847.0
-189.0,-109.0,-860.0
240.0,23.0,-1050.0
-76.0,42.0,-1028.0
154.0,-37.0,-993.0
-181.0,-97.0,-1063.0
156.0,35.0,-1050.0
-64.0,216.0,-1120.0
158.0,-58.0,-974.0
-7.0,-33.0,-866.0
74.0,-122.0,-993.0
162.0,62.0,-1003.0
-89.0,-44.0,-1032.0
74.0,15.0,-972.0
-27.0,46.0,-1204.0
72.0,144.0,-1001.0
-31.0,50.0,-1018.0
23.0,-101.0,-925.0
31.0,-23.0,-927.0
74.0,68.0,-1036.0
-35.0,29.0,-1081.0
7.0,-54.0,-1009.0
-87.0,119.0,-1044.0
99.0,113.0,-1093.0
-175.0,42.0,-1116.0
72.0,-81.0,-907.0
-70.0,74.0,-966.0
181.0,146.0,-1034.0
-101.0,29.0,-1057.0
31.0,-27.0,-970.0
-163.0,54.0,-1071.0
136.0,210.0,-1169.0
-177.0,177.0,-1171.0
56.0,-78.0,-907.0
-70.0,105.0,-862.0
183.0,87.0,-1026.0
31.0,89.0,-1005.0
-93.0,-13.0,-1044.0
21.0,91.0,-1048.0
-56.0,261.0,-1124.0
124.0,140.0,-1011.0
-93.0,-13.0,-1046.0
91.0,-15.0,-903.0
37.0,138.0,-962.0
169.0,150.0,-1061.0
-54.0,-54.0,-1046.0
15.0,31.0,-950.0
-23.0,128.0,-1108.0
121.0,220.0,-1091.0
-66.0,17.0,-1054.0
44.0,-7.0,-911.0
19.0,-17.0,-958.0
163.0,44.0,-921.0
-23.0,-5.0,-1141.0
15.0,-60.0,-1054.0
-105.0,224.0,-1018.0
111.0,162.0,-1056.0
-140.0,1.0,-1077.0
83.0,-195.0,-899.0
-62.0,76.0,-1005.0
124.0,134.0,-1042.0
-101.0,-39.0,-940.0
-119.0,-132.0,-1020.0
-58.0,-44.0,-1198.0
7.0,288.0,-1100.0
-15.0,-1.0,-1026.0
27.0,-37.0,-927.0
-70.0,1.0,-954.0
189.0,56.0,-960.0
-126.0,-35.0,-1122.0
-11.0,-204.0,-1030.0
-99.0,111.0,-1052.0
70.0,247.0,-1042.0
-27.0,109.0,-1065.0
17.0,-242.0,-962.0
-7.0,-144.0,-952.0
218.0,109.0,-985.0
-13.0,128.0,-1046.0
58.0,-150.0,-919.0
-152.0,-76.0,-1028.0
208.0,5.0,-1112.0
-37.0,136.0,-1194.0
220.0,-128.0,-892.0
-89.0,-122.0,-872.0
245.0,23.0,-954.0
29.0,62.0,-1085.0
72.0,-165.0,-987.0
-117.0,-148.0,-1034.0
-5.0,7.0,-1065.0
85.0,214.0,-1114.0
-62.0,-11.0,-1001.0
85.0,-220.0,-923.0
-146.0,-109.0,-995.0
208.0,-66.0,-1018.0
-140.0,15.0,-966.0
11.0,-99.0,-1048.0
-183.0,23.0,-1180.0
-11.0,81.0,-1091.0
-52.0,-40.0,-1005.0
48.0,-89.0,-921.0
15.0,-117.0,-974.0
64.0,81.0,-1046.0
-113.0,-9.0,-1095.0
-81.0,-29.0,-952.0
-81.0,35.0,-1061.0
85.0,117.0,-1124.0
-58.0,74.0,-1067.0
74.0,-66.0,-886.0
-103.0,-33.0,-942.0
286.0,72.0,-1083.0
-214.0,99.0,-1003.0
189.0,-113.0,-913.0
-292.0,-23.0,-1028.0
361.0,152.0,-1130.0
-121.0,197.0,-1155.0
199.0,3.0,-913.0
-15.0,-89.0,-858.0
169.0,5.0,-936.0
218.0,83.0,-1067.0
-144.0,37.0,-1095.0
111.0,-1.0,-946.0
-142.0,39.0,-1079.0
324.0,193.0,-1095.0
-163.0,0.0,-1104.0
203.0,-39.0,-843.0
-119.0,-21.0,-966.0
214.0,142.0,-972.0
-105.0,-9.0,-1110.0
-25.0,-46.0,-970.0
-5.0,99.0,-1100.0
-5.0,160.0,-1114.0
54.0,93.0,-1048.0
-111.0,-31.0,-966.0
95.0,19.0,-864.0
-37.0,111.0,-1056.0
-29.0,-56.0,-1083.0
-37.0,-68.0,-1061.0
-130.0,150.0,-1005.0
156.0,277.0,-1095.0
-183.0,64.0,-1118.0
95.0,-60.0,-968.0
-199.0,-11.0,-989.0
154.0,126.0,-944.0
-89.0,5.0,-977.0
29.0,17.0,-1030.0
-44.0,66.0,-1116.0
56.0,251.0,-1093.0
-37.0,83.0,-1057.0
-37.0,-81.0,-940.0
54.0,9.0,-899.0
44.0,83.0,-1005.0
203.0,78.0,-1005.0
-70.0,-142.0,-1065.0
119.0,0.0,-976.0
-23.0,152.0,-1063.0
177.0,189.0,-1098.0
-85.0,-21.0,-1042.0
25.0,-183.0,-917.0
119.0,64.0,-935.0
81.0,93.0,-1003.0
52.0,-97.0,-938.0
-134.0,-175.0,-1059.0
91.0,70.0,-1145.0
-62.0,257.0,-1139.0
29.0,-40.0,-958.0
-74.0,-140.0,-880.0
15.0,-109.0,-940.0
191.0,3.0,-1028.0
-136.0,1.0,-1118.0
119.0,-175.0,-977.0
-244.0,117.0,-1110.0
197.0,91.0,-1087.0
-290.0,74.0,-1139.0
93.0,-273.0,-878.0
-124.0,-25.0,-970.0
160.0,140.0,-1048.0
-39.0,-33.0,-1063.0
-60.0,-119.0,-923.0
-99.0,-142.0,-1052.0
15.0,261.0,-1167.0
-91.0,103.0,-1147.0
50.0,-29.0,-913.0
-173.0,-87.0,-915.0
275.0,-183.0,-952.0
-66.0,119.0,-1046.0
187.0,-91.0,-993.0
-156.0,124.0,-1024.0
162.0,23.0,-1118.0
-152.0,119.0,-1151.0
126.0,-66.0,-874.0
3.0,-66.0,-917.0
214.0,17.0,-974.0
162.0,-31.0,-1032.0
-39.0,-39.0,-1007.0
42.0,-93.0,-1048.0
-68.0,163.0,-1077.0
132.0,122.0,-1085.0
-81.0,17.0,-1038.0
46.0,-81.0,-884.0
122.0,-140.0,-884.0
162.0,40.0,-1057.0
-56.0,-56.0,-1147.0
-15.0,17.0,-985.0
-156.0,163.0,-1024.0
81.0,91.0,-1104.0
-126.0,-33.0,-1136.0
42.0,-134.0,-917.0
-15.0,58.0,-911.0
171.0,74.0,-1048.0
-25.0,-19.0,-1081.0
-117.0,-54.0,-1026.0
-111.0,-11.0,-1059.0
-44.0,261.0,-1155.0
-56.0,50.0,-1075.0
-1.0,19.0,-974.0
39.0,-80.0,-907.0
74.0,70.0,-940.0
42.0,54.0,-1063.0
-124.0,-46.0,-1100.0
-97.0,193.0,-1077.0
-111.0,146.0,-1079.0
142.0,158.0,-981.0
-80.0,-46.0,-1042.0
189.0,-78.0,-936.0
74.0,35.0,-985.0
105.0,142.0,-977.0
-29.0,-23.0,-1059.0
-37.0,-21.0,-1059.0
52.0,142.0,-1069.0
58.0,175.0,-1013.0
113.0,-50.0,-1020.0
15.0,-42.0,-972.0
124.0,78.0,-933.0
85.0,83.0,-1018.0
-27.0,-124.0,-985.0
-56.0,-11.0,-1016.0
-33.0,103.0,-1118.0
3.0,214.0,-1143.0
-95.0,-40.0,-966.0
35.0,-167.0,-915.0
56.0,-7.0,-1028.0
83.0,173.0,-1018.0
-89.0,-99.0,-1001.0
-134.0,-89.0,-1003.0
-124.0,58.0,-1145.0
66.0,294.0,-1161.0
-99.0,37.0,-1040.0
78.0,-165.0,-864.0
-81.0,-44.0,-962.0
216.0,78.0,-1075.0
-212.0,124.0,-1059.0
46.0,-179.0,-948.0
-318.0,-23.0,-1130.0
245.0,189.0,-1046.0
-95.0,216.0,-1124.0
93.0,-101.0,-905.0
-109.0,-121.0,-989.0
44.0,25.0,-997.0
169.0,91.0,-1040.0
-119.0,-93.0,-1005.0
25.0,-29.0,-1018.0
-39.0,134.0,-1167.0
52.0,226.0,-1056.0
89.0,-56.0,-979.0
-42.0,-183.0,-880.0
294.0,-162.0,-960.0
54.0,216.0,-1030.0
107.0,-46.0,-1005.0
-177.0,-62.0,-1028.0
5.0,33.0,-1052.0
78.0,68.0,-1130.0
62.0,64.0,-942.0
103.0,-152.0,-876.0
-11.0,-19.0,-970.0
169.0,-3.0,-1061.0
-167.0,-27.0,-1063.0
54.0,-72.0,-977.0
-284.0,15.0,-1143.0
212.0,191.0,-1015.0
-220.0,42.0,-1151.0
203.0,-115.0,-899.0
-111.0,-93.0,-974.0
142.0,-39.0,-1024.0
-111.0,89.0,-1085.0
-117.0,-37.0,-1026.0
-179.0,39.0,-1020.0
46.0,81.0,-1184.0
-68.0,85.0,-1032.0
126.0,-25.0,-972.0
-87.0,-37.0,-909.0
220.0,70.0,-974.0
-113.0,-21.0,-1061.0
29.0,-7.0,-1030.0
-187.0,42.0,-1020.0
173.0,173.0,-1085.0
-13.0,83.0,-1132.0
134.0,17.0,-956.0
-70.0,-54.0,-905.0
240.0,-27.0,-948.0
-33.0,76.0,-1071.0
66.0,-83.0,-989.0
-70.0,50.0,-1044.0
58.0,113.0,-1046.0
148.0,124.0,-1052.0
-101.0,3.0,-1069.0
201.0,-128.0,-923.0
-163.0,126.0,-946.0
228.0,-117.0,-952.0
-175.0,19.0,-1110.0
50.0,-48.0,-1011.0
-44.0,191.0,-1052.0
70.0,169.0,-1095.0
-33.0,-138.0,-1091.0
-80.0,-7.0,-948.0
0.0,-40.0,-958.0
62.0,130.0,-1005.0
-33.0,-105.0,-1040.0
-48.0,-74.0,-987.0
-89.0,78.0,-1100.0
3.0,212.0,-1175.0
-37.0,78.0,-1063.0
-103.0,-117.0,-952.0
-5.0,-33.0,-884.0
124.0,124.0,-1026.0
-27.0,-29.0,-991.0
-1.0,-72.0,-1018.0
-199.0,7.0,-1122.0
167.0,283.0,-1089.0
-76.0,177.0,-1069.0
76.0,-105.0,-917.0
-15.0,-109.0,-974.0
163.0,5.0,-985.0
64.0,119.0,-997.0
9.0,-52.0,-1030.0
-42.0,-3.0,-1075.0
80.0,117.0,-1054.0
64.0,210.0,-1069.0
64.0,-50.0,-976.0
17.0,-101.0,-944.0
35.0,-101.0,-950.0
214.0,134.0,-993.0
-9.0,-27.0,-1075.0
111.0,-87.0,-919.0
-33.0,107.0,-1108.0
119.0,121.0,-1122.0
154.0,39.0,-1034.0
66.0,-160.0,-927.0
339.0,-78.0,-948.0
288.0,101.0,-1042.0
325.0,-105.0,-921.0
142.0,-7.0,-1071.0
273.0,1.0,-1145.0
382.0,220.0,-1218.0
333.0,-27.0,-972.0
417.0,-42.0,-886.0
325.0,-97.0,-925.0
556.0,66.0,-1056.0
366.0,27.0,-1081.0
448.0,-119.0,-1040.0
189.0,134.0,-1034.0
486.0,89.0,-1046.0
163.0,148.0,-1104.0
398.0,-134.0,-927.0
214.0,0.0,-944.0
349.0,76.0,-989.0
286.0,29.0,-985.0
62.0,-33.0,-1020.0
162.0,-56.0,-976.0
-3.0,195.0,-1145.0
234.0,91.0,-1083.0
-1.0,-15.0,-1011.0
132.0,-68.0,-841.0
44.0,9.0,-974.0
218.0,113.0,-1065.0
-17.0,-95.0,-1011.0
52.0,5.0,-952.0
-62.0,111.0,-1184.0
78.0,89.0,-1093.0
-17.0,-5.0,-1034.0
52.0,-76.0,-876.0
203.0,124.0,-999.0
122.0,17.0,-981.0
144.0,-136.0,-997.0
-144.0,-103.0,-1138.0
74.0,91.0,-1112.0
81.0,201.0,-1175.0
-21.0,-40.0,-968.0
214.0,-35.0,-964.0
-85.0,-7.0,-981.0
398.0,-25.0,-1034.0
-206.0,-13.0,-1102.0
208.0,-48.0,-1009.0
-296.0,78.0,-1065.0
275.0,154.0,-1081.0
-191.0,-17.0,-1175.0
158.0,-95.0,-880.0
-93.0,50.0,-940.0
265.0,169.0,-938.0
-33.0,42.0,-1044.0
-42.0,-171.0,-911.0
-85.0,-9.0,-1093.0
-54.0,193.0,-1138.0
169.0,128.0,-1036.0
-64.0,-1.0,-919.0
121.0,-101.0,-823.0
66.0,70.0,-1034.0
122.0,19.0,-1056.0
-17.0,7.0,-972.0
-222.0,-17.0,-993.0
87.0,80.0,-1132.0
-117.0,181.0,-1075.0
148.0,-60.0,-929.0
-39.0,-64.0,-942.0
201.0,-23.0,-960.0
29.0,152.0,-946.0
58.0,-107.0,-997.0
-126.0,-87.0,-1136.0
-50.0,13.0,-1091.0
119.0,173.0,-1030.0
-7.0,-13.0,-1009.0
121.0,-109.0,-927.0
-138.0,-5.0,-1011.0
265.0,13.0,-1059.0
-286.0,54.0,-1102.0
121.0,-93.0,-917.0
-271.0,58.0,-1104.0
103.0,78.0,-1093.0
-103.0,70.0,-1126.0
66.0,-52.0,-919.0
81.0,-134.0,-948.0
81.0,152.0,-1007.0
54.0,-31.0,-1020.0
-206.0,1.0,-997.0
13.0,33.0,-1087.0
-7.0,154.0,-1235.0
68.0,117.0,-1001.0
87.0,-70.0,-899.0
-58.0,-19.0,-899.0
240.0,5.0,-1110.0
-189.0,158.0,-1048.0
179.0,-46.0,-972.0
-275.0,29.0,-1032.0
357.0,54.0,-1069.0
-95.0,169.0,-1130.0
224.0,-66.0,-933.0
-115.0,-64.0,-936.0
240.0,-27.0,-884.0
89.0,85.0,-1063.0
-99.0,-11.0,-1073.0
179.0,-64.0,-991.0
-124.0,70.0,-1069.0
376.0,117.0,-989.0
-191.0,13.0,-1116.0
253.0,-162.0,-853.0
-109.0,-29.0,-995.0
249.0,99.0,-1011.0
-25.0,35.0,-1120.0
21.0,-46.0,-856.0
44.0,9.0,-1098.0
13.0,87.0,-1239.0
44.0,46.0,-1095.0
-87.0,-93.0,-878.0
124.0,-87.0,-870.0
19.0,117.0,-1054.0
46.0,31.0,-1054.0
-113.0,-81.0,-1095.0
-81.0,-19.0,-1104.0
-35.0,218.0,-1112.0
-40.0,134.0,-1071.0
-72.0,-58.0,-950.0
-111.0,-115.0,-931.0
126.0,-52.0,-983.0
-37.0,107.0,-1114.0
3.0,-5.0,-1048.0
-150.0,89.0,-997.0
44.0,83.0,-1102.0
-140.0,115.0,-1126.0
19.0,-74.0,-1040.0
33.0,-99.0,-880.0
122.0,-64.0,-890.0
140.0,124.0,-983.0
-62.0,37.0,-1171.0
52.0,13.0,-993.0
-134.0,119.0,-1075.0
89.0,83.0,-1077.0
-150.0,37.0,-995.0
199.0,-140.0,-831.0
50.0,-101.0,-966.0
162.0,13.0,-1026.0
-93.0,-3.0,-1011.0
31.0,29.0,-968.0
-136.0,173.0,-1145.0
56.0,144.0,-1143.0
-128.0,-91.0,-1026.0
95.0,-93.0,-876.0
128.0,-42.0,-882.0
181.0,-54.0,-981.0
-76.0,-9.0,-989.0
-111.0,-37.0,-1202.0
-175.0,146.0,-1179.0
97.0,212.0,-1018.0
-165.0,74.0,-981.0
150.0,-144.0,-895.0
-39.0,-162.0,-942.0
218.0,46.0,-1038.0
-130.0,13.0,-1153.0
-46.0,48.0,-972.0
-206.0,136.0,-1098.0
60.0,224.0,-1097.0
-119.0,31.0,-1114.0
107.0,-111.0,-897.0
81.0,-76.0,-921.0
286.0,27.0,-1003.0
13.0,72.0,-1028.0
-44.0,-95.0,-1009.0
-263.0,54.0,-1042.0
177.0,193.0,-1141.0
-162.0,279.0,-1208.0
197.0,-105.0,-849.0
-64.0,-226.0,-868.0
199.0,-144.0,-966.0
78.0,95.0,-1081.0
-128.0,89.0,-1007.0
-42.0,-19.0,-981.0
-109.0,152.0,-1077.0
275.0,197.0,-1106.0
-52.0,1.0,-1044.0
132.0,-169.0,-909.0
-9.0,-150.0,-936.0
103.0,105.0,-991.0
-74.0,-72.0,-1040.0
-64.0,-23.0,-1075.0
-85.0,54.0,-1143.0
111.0,212.0,-1054.0
-44.0,183.0,-1095.0
103.0,-165.0,-903.0
-105.0,-183.0,-870.0
171.0,-142.0,-942.0
-169.0,56.0,-1180.0
7.0,70.0,-1015.0
-85.0,93.0,-946.0
95.0,191.0,-1153.0
-160.0,35.0,-1165.0
44.0,5.0,-979.0
-122.0,-122.0,-886.0
177.0,-31.0,-923.0
-105.0,-23.0,-1063.0
-7.0,7.0,-1036.0
-74.0,103.0,-1134.0
-68.0,189.0,-1141.0
177.0,177.0,-968.0
-208.0,11.0,-1028.0
226.0,-78.0,-825.0
-5.0,-89.0,-1005.0
81.0,-101.0,-985.0
124.0,-136.0,-1015.0
-97.0,121.0,-1067.0
148.0,126.0,-977.0
-101.0,335.0,-1026.0
52.0,-29.0,-1104.0
-50.0,-107.0,-1057.0
255.0,-191.0,-817.0
11.0,-109.0,-895.0
81.0,42.0,-921.0
-140.0,-23.0,-1264.0
-35.0,171.0,-1151.0
93.0,292.0,-1149.0
-191.0,-78.0,-997.0
333.0,-121.0,-694.0
-103.0,-70.0,-976.0
320.0,-23.0,-1136.0
-158.0,-42.0,-1056.0
35.0,-204.0,-964.0
-175.0,134.0,-1085.0
80.0,370.0,-1139.0
-275.0,216.0,-1147.0
74.0,-214.0,-858.0
-37.0,-187.0,-847.0
199.0,58.0,-1005.0
-89.0,17.0,-1048.0
-99.0,-58.0,-1056.0
-101.0,5.0,-1196.0
81.0,331.0,-1139.0
60.0,210.0,-1034.0
-37.0,-52.0,-868.0
-29.0,-193.0,-847.0
220.0,-109.0,-981.0
-19.0,138.0,-1134.0
140.0,-52.0,-1112.0
-179.0,19.0,-1003.0
242.0,226.0,-942.0
-183.0,329.0,-1147.0
158.0,1.0,-1005.0
-111.0,-201.0,-1018.0
261.0,-208.0,-899.0
193.0,-40.0,-972.0
-54.0,54.0,-897.0
89.0,-15.0,-1001.0
-267.0,222.0,-1266.0
294.0,212.0,-1227.0
-283.0,29.0,-1069.0
425.0,-351.0,-566.0
-74.0,-83.0,-866.0
316.0,46.0,-1087.0
-81.0,-5.0,-1186.0
-150.0,-74.0,-997.0
-144.0,-46.0,-1044.0
-44.0,324.0,-1028.0
29.0,253.0,-1169.0
-138.0,1.0,-997.0
167.0,-242.0,-870.0
-78.0,-171.0,-868.0
46.0,-80.0,-1042.0
-257.0,42.0,-1141.0
-35.0,183.0,-1218.0
-31.0,316.0,-1184.0
126.0,1.0,-938.0
-3.0,-148.0,-812.0
37.0,-99.0,-810.0
160.0,40.0,-1177.0
5.0,130.0,-1132.0
13.0,-64.0,-1073.0
-277.0,-70.0,-872.0
230.0,152.0,-829.0
-244.0,351.0,-1260.0
122.0,-7.0,-1153.0
5.0,-99.0,-981.0
140.0,-142.0,-829.0
220.0,-89.0,-817.0
-37.0,-99.0,-977.0
62.0,64.0,-1167.0
-72.0,255.0,-1274.0
267.0,216.0,-1003.0
-150.0,15.0,-997.0
226.0,-255.0,-862.0
-5.0,-154.0,-886.0
89.0,7.0,-915.0
-19.0,-35.0,-1056.0
-144.0,64.0,-1243.0
5.0,117.0,-1116.0
-78.0,238.0,-1059.0
119.0,-48.0,-907.0
-33.0,-152.0,-868.0
128.0,-60.0,-991.0
-37.0,17.0,-1163.0
-15.0,-101.0,-1003.0
-171.0,-210.0,-997.0
72.0,-5.0,-981.0
-9.0,404.0,-1106.0
-203.0,351.0,-1126.0
9.0,-21.0,-1026.0
-222.0,-255.0,-991.0
275.0,-169.0,-819.0
-171.0,11.0,-1011.0
80.0,-25.0,-1007.0
-17.0,257.0,-1180.0
132.0,236.0,-1274.0
-27.0,142.0,-1005.0
7.0,-142.0,-806.0
-58.0,-222.0,-1015.0
290.0,50.0,-995.0
13.0,130.0,-1020.0
46.0,-97.0,-884.0
-136.0,31.0,-1063.0
5.0,173.0,-1235.0
60.0,306.0,-1233.0
89.0,-13.0,-767.0
58.0,-165.0,-692.0
103.0,-113.0,-913.0
325.0,21.0,-1079.0
-154.0,-11.0,-1165.0
134.0,-107.0,-1007.0
-201.0,171.0,-1136.0
210.0,337.0,-1050.0
-109.0,27.0,-1048.0
171.0,-398.0,-733.0
72.0,-160.0,-899.0
203.0,152.0,-1200.0
-68.0,122.0,-1145.0
-5.0,-169.0,-854.0
-263.0,-95.0,-1024.0
201.0,152.0,-1095.0
-189.0,341.0,-1171.0
148.0,25.0,-876.0
-50.0,-177.0,-931.0
83.0,-189.0,-944.0
107.0,-87.0,-1067.0
-333.0,72.0,-1210.0
126.0,195.0,-940.0
-284.0,384.0,-1272.0
91.0,-78.0,-1005.0
-109.0,-140.0,-958.0
-46.0,-97.0,-880.0
245.0,-31.0,-1048.0
-81.0,177.0,-989.0
91.0,-27.0,-1044.0
-255.0,66.0,-1134.0
126.0,156.0,-1089.0
-39.0,144.0,-1110.0
31.0,17.0,-962.0
179.0,-44.0,-874.0
29.0,-97.0,-905.0
228.0,-226.0,-948.0
-203.0,-76.0,-1132.0
122.0,107.0,-1079.0
-99.0,400.0,-1132.0
58.0,187.0,-1022.0
7.0,-136.0,-950.0
-48.0,-216.0,-933.0
247.0,-64.0,-923.0
89.0,31.0,-1022.0
130.0,-134.0,-987.0
-214.0,-9.0,-1018.0
-21.0,197.0,-1097.0
-48.0,187.0,-1159.0
-37.0,-37.0,-1011.0
9.0,-128.0,-862.0
-1.0,29.0,-964.0
251.0,-54.0,-956.0
-103.0,-152.0,-1032.0
-97.0,-130.0,-1126.0
-193.0,185.0,-1165.0
13.0,478.0,-1098.0
-105.0,40.0,-1065.0
-62.0,-249.0,-909.0
-13.0,-138.0,-964.0
212.0,119.0,-1022.0
39.0,44.0,-1044.0
-169.0,-113.0,-952.0
-167.0,52.0,-1145.0
-56.0,318.0,-1200.0
56.0,179.0,-1036.0
-5.0,-60.0,-870.0
80.0,-146.0,-888.0
185.0,-13.0,-956.0
115.0,0.0,-1054.0
-56.0,-136.0,-1044.0
-99.0,13.0,-1028.0
-33.0,283.0,-1106.0
62.0,337.0,-1108.0
60.0,-33.0,-895.0
54.0,-203.0,-860.0
105.0,-109.0,-1061.0
169.0,3.0,-974.0
-11.0,-64.0,-938.0
-93.0,-42.0,-1032.0
-107.0,193.0,-1235.0
64.0,238.0,-1110.0
0.0,50.0,-981.0
93.0,-122.0,-796.0
109.0,-130.0,-1003.0
126.0,-40.0,-1065.0
-124.0,-121.0,-1015.0
-105.0,-103.0,-1013.0
-189.0,115.0,-1124.0
140.0,345.0,-1130.0
-126.0,132.0,-1015.0
52.0,-152.0,-892.0
-89.0,-189.0,-964.0
197.0,-62.0,-1007.0
-85.0,83.0,-1067.0
-109.0,-68.0,-977.0
-203.0,83.0,-1065.0
62.0,191.0,-1188.0
-40.0,197.0,-1186.0
113.0,-70.0,-862.0
-44.0,-68.0,-894.0
21.0,-21.0,-1001.0
-54.0,-3.0,-1048.0
-95.0,-150.0,-1046.0
1.0,31.0,-1024.0
78.0,284.0,-1171.0
64.0,245.0,-1087.0
3.0,-7.0,-952.0
-13.0,-154.0,-821.0
199.0,-169.0,-976.0
128.0,60.0,-1071.0
140.0,-31.0,-952.0
-83.0,-40.0,-1005.0
37.0,56.0,-1120.0
132.0,286.0,-1143.0
7.0,103.0,-1015.0
111.0,-134.0,-876.0
-31.0,-78.0,-897.0
204.0,-152.0,-946.0
-29.0,-136.0,-1052.0
76.0,-35.0,-1089.0
-72.0,204.0,-1087.0
68.0,372.0,-1126.0
-179.0,-31.0,-1034.0
48.0,-204.0,-882.0
-185.0,-130.0,-954.0
370.0,0.0,-1009.0
-132.0,11.0,-1022.0
99.0,-115.0,-942.0
-327.0,111.0,-1163.0
130.0,220.0,-1169.0
-302.0,201.0,-1159.0
121.0,-70.0,-839.0
-97.0,-44.0,-894.0
267.0,-27.0,-958.0
-7.0,-72.0,-1108.0
-13.0,-177.0,-1048.0
-193.0,58.0,-1083.0
62.0,441.0,-1157.0
-122.0,261.0,-1143.0
91.0,-70.0,-884.0
-148.0,-224.0,-899.0
304.0,-136.0,-936.0
58.0,117.0,-1077.0
97.0,23.0,-1007.0
-183.0,-13.0,-997.0
-9.0,146.0,-1145.0
-119.0,212.0,-1159.0
169.0,-7.0,-948.0
13.0,-115.0,-825.0
244.0,-78.0,-868.0
165.0,9.0,-1063.0
-13.0,-203.0,-1063.0
-23.0,-3.0,-1042.0
-158.0,226.0,-1095.0
117.0,294.0,-1095.0
-156.0,70.0,-1048.0
115.0,-232.0,-860.0
19.0,-76.0,-895.0
238.0,-62.0,-1069.0
-25.0,-31.0,-1036.0
-76.0,-19.0,-950.0
-175.0,126.0,-1085.0
113.0,290.0,-1177.0
-156.0,31.0,-1165.0
138.0,-101.0,-856.0
-95.0,-72.0,-901.0
232.0,27.0,-966.0
-115.0,-64.0,-1095.0
-50.0,-126.0,-1059.0
-204.0,109.0,-1057.0
54.0,394.0,-1112.0
-37.0,154.0,-1132.0
-7.0,-169.0,-929.0
-21.0,-117.0,-868.0
156.0,5.0,-981.0
154.0,19.0,-1085.0
-189.0,-99.0,-981.0
-101.0,-33.0,-1013.0
-37.0,226.0,-1138.0
119.0,261.0,-1134.0
13.0,-9.0,-1001.0
-3.0,-144.0,-854.0
74.0,-76.0,-917.0
109.0,7.0,-966.0
103.0,-177.0,-1065.0
-81.0,19.0,-1034.0
107.0,212.0,-1073.0
-95.0,372.0,-1157.0
74.0,-23.0,-1028.0
-33.0,-279.0,-845.0
152.0,-152.0,-909.0
160.0,93.0,-1036.0
25.0,3.0,-1022.0
-68.0,-162.0,-1042.0
-251.0,17.0,-1091.0
224.0,244.0,-1108.0
-288.0,275.0,-1196.0
298.0,-103.0,-821.0
-281.0,-107.0,-931.0
318.0,-201.0,-952.0
-87.0,-70.0,-1116.0
80.0,-3.0,-970.0
-144.0,124.0,-1114.0
-56.0,404.0,-1153.0
-81.0,99.0,-1124.0
-132.0,-27.0,-964.0
85.0,-244.0,-874.0
177.0,-54.0,-962.0
119.0,85.0,-1052.0
-113.0,-72.0,-1015.0
-99.0,64.0,-1046.0
-80.0,183.0,-1198.0
70.0,218.0,-1052.0
-1.0,72.0,-991.0
-17.0,-99.0,-862.0
177.0,-128.0,-952.0
31.0,-70.0,-958.0
87.0,-99.0,-1116.0
-222.0,115.0,-1061.0
87.0,222.0,-1013.0
-52.0,269.0,-1124.0
60.0,-81.0,-1059.0
111.0,-177.0,-884.0
124.0,-62.0,-866.0
368.0,-23.0,-954.0
-52.0,-72.0,-1050.0
-50.0,-70.0,-997.0
-97.0,146.0,-1126.0
136.0,255.0,-1139.0
0.0,78.0,-1054.0
74.0,-130.0,-874.0
-9.0,-87.0,-884.0
216.0,-56.0,-966.0
-132.0,-128.0,-1104.0
-21.0,-181.0,-1007.0
-283.0,232.0,-1128.0
113.0,378.0,-1091.0
-85.0,130.0,-1067.0
-25.0,-152.0,-936.0
-54.0,-191.0,-950.0
185.0,37.0,-977.0
-21.0,-64.0,-997.0
-58.0,-111.0,-995.0
-251.0,80.0,-1184.0
132.0,300.0,-1095.0
-78.0,308.0,-1122.0
103.0,-107.0,-929.0
-150.0,-81.0,-923.0
171.0,-72.0,-948.0
35.0,-23.0,-976.0
-27.0,-156.0,-1095.0
-171.0,1.0,-1032.0
78.0,259.0,-1143.0
-95.0,298.0,-1126.0
134.0,7.0,-966.0
-156.0,-191.0,-933.0
249.0,-117.0,-878.0
167.0,70.0,-1071.0
81.0,-81.0,-944.0
-33.0,-130.0,-991.0
-83.0,158.0,-1145.0
156.0,308.0,-1227.0
-48.0,218.0,-1003.0
-3.0,-173.0,-812.0
-11.0,-154.0,-962.0
169.0,-101.0,-979.0
7.0,-122.0,-964.0
-134.0,-40.0,-1018.0
-128.0,126.0,-1147.0
5.0,351.0,-1243.0
-35.0,128.0,-962.0
-29.0,-109.0,-847.0
115.0,-201.0,-854.0
232.0,-93.0,-1186.0
201.0,-29.0,-952.0
-327.0,3.0,-1042.0
0.0,-29.0,-997.0
-37.0,324.0,-1325.0
163.0,76.0,-1011.0
-44.0,44.0,-997.0
-81.0,-31.0,-759.0
503.0,-72.0,-966.0
-304.0,-136.0,-1149.0
363.0,-220.0,-952.0
-640.0,212.0,-1098.0
507.0,189.0,-1085.0
-482.0,314.0,-1243.0
400.0,-54.0,-866.0
-470.0,-17.0,-993.0
519.0,-124.0,-810.0
-126.0,11.0,-1134.0
105.0,-89.0,-1030.0
-284.0,-21.0,-1087.0
91.0,171.0,-948.0
15.0,298.0,-1280.0
-25.0,29.0,-1001.0
115.0,-103.0,-897.0
50.0,-74.0,-776.0
337.0,-72.0,-1048.0
-64.0,-165.0,-985.0
44.0,-70.0,-1136.0
-247.0,128.0,-1081.0
240.0,359.0,-1013.0
-122.0,181.0,-1161.0
95.0,-181.0,-925.0
50.0,-169.0,-829.0
95.0,-46.0,-979.0
105.0,-60.0,-1075.0
-238.0,-68.0,-1122.0
58.0,-19.0,-946.0
-91.0,365.0,-1259.0
40.0,183.0,-1046.0
130.0,-17.0,-976.0
-222.0,-210.0,-886.0
335.0,-91.0,-856.0
-236.0,64.0,-1079.0
95.0,-154.0,-1145.0
-304.0,-19.0,-1083.0
156.0,339.0,-1100.0
-308.0,288.0,-1120.0
378.0,21.0,-827.0
-443.0,-119.0,-1032.0
507.0,-165.0,-847.0
-318.0,74.0,-1171.0
148.0,-222.0,-913.0
-132.0,80.0,-1120.0
-105.0,165.0,-1122.0
304.0,363.0,-1013.0
-314.0,171.0,-1116.0
177.0,-325.0,-853.0
148.0,-136.0,-786.0
162.0,-66.0,-1089.0
156.0,-64.0,-1026.0
-126.0,35.0,-1013.0
40.0,76.0,-1100.0
-19.0,245.0,-1132.0
76.0,163.0,-1005.0
-62.0,-148.0,-905.0
140.0,-113.0,-913.0
101.0,-107.0,-948.0
56.0,-46.0,-1110.0
-236.0,-37.0,-1026.0
101.0,83.0,-999.0
-284.0,304.0,-1298.0
121.0,142.0,-1020.0
-44.0,7.0,-895.0
0.0,-265.0,-946.0
283.0,-191.0,-952.0
-80.0,105.0,-1018.0
-99.0,-126.0,-1054.0
-197.0,50.0,-1147.0
85.0,228.0,-1149.0
15.0,247.0,-1069.0
-58.0,-17.0,-958.0
17.0,-259.0,-849.0
-21.0,-23.0,-1011.0
167.0,-119.0,-983.0
-173.0,-72.0,-1208.0
-281.0,121.0,-1114.0
97.0,322.0,-952.0
-50.0,281.0,-1114.0
15.0,-158.0,-1020.0
-9.0,-31.0,-925.0
105.0,-46.0,-1001.0
351.0,-35.0,-866.0
-185.0,11.0,-1085.0
-140.0,-80.0,-1013.0
9.0,265.0,-1124.0
238.0,187.0,-1083.0
119.0,81.0,-1083.0
-91.0,-31.0,-849.0
80.0,-107.0,-847.0
162.0,-130.0,-1015.0
-23.0,-177.0,-1100.0
-46.0,-68.0,-942.0
-52.0,259.0,-1079.0
126.0,296.0,-1149.0
144.0,177.0,-1071.0
-175.0,-187.0,-917.0
212.0,-245.0,-778.0
70.0,-21.0,-987.0
281.0,-11.0,-1067.0
-378.0,81.0,-1190.0
-29.0,-78.0,-1011.0
128.0,163.0,-1104.0
115.0,279.0,-993.0
130.0,40.0,-956.0
-253.0,-72.0,-1124.0
99.0,-259.0,-1009.0
9.0,-54.0,-854.0
-5.0,-56.0,-1024.0
-187.0,138.0,-1167.0
226.0,411.0,-1151.0
-134.0,169.0,-1141.0
-21.0,-97.0,-911.0
-325.0,-191.0,-866.0
314.0,-95.0,-981.0
-7.0,50.0,-1141.0
144.0,-95.0,-849.0
-386.0,13.0,-1097.0
21.0,171.0,-1163.0
259.0,329.0,-1073.0
-31.0,31.0,-1116.0
-19.0,-222.0,-821.0
-21.0,-93.0,-872.0
351.0,-70.0,-1036.0
60.0,-117.0,-1100.0
-122.0,19.0,-936.0
-142.0,183.0,-1104.0
99.0,253.0,-1227.0
-44.0,64.0,-1040.0
0.0,-173.0,-886.0
-195.0,-99.0,-915.0
575.0,72.0,-786.0
21.0,-19.0,-1167.0
-23.0,-224.0,-1073.0
-191.0,-40.0,-989.0
-9.0,329.0,-1093.0
58.0,249.0,-1116.0
-68.0,46.0,-1003.0
-171.0,-181.0,-960.0
450.0,-177.0,-868.0
-15.0,-107.0,-970.0
21.0,-91.0,-1048.0
-437.0,279.0,-1138.0
193.0,269.0,-1202.0
-44.0,27.0,-1067.0
177.0,-121.0,-942.0
-366.0,-103.0,-876.0
489.0,19.0,-862.0
-327.0,-40.0,-1241.0
226.0,-85.0,-936.0
-774.0,68.0,-1065.0
400.0,175.0,-1087.0
-201.0,257.0,-1239.0
351.0,167.0,-890.0
-284.0,-48.0,-812.0
269.0,-197.0,-944.0
163.0,-56.0,-1102.0
124.0,-183.0,-1057.0
-284.0,-60.0,-1011.0
115.0,255.0,-979.0
183.0,491.0,-1264.0
-27.0,70.0,-1071.0
21.0,-304.0,-700.0
-208.0,-150.0,-921.0
478.0,-99.0,-985.0
-37.0,148.0,-1044.0
-40.0,-52.0,-1091.0
-308.0,101.0,-1079.0
300.0,222.0,-936.0
-81.0,42.0,-1122.0
140.0,-130.0,-946.0
-238.0,33.0,-1054.0
193.0,-64.0,-1026.0
185.0,-134.0,-956.0
-204.0,-181.0,-989.0
-283.0,70.0,-979.0
238.0,497.0,-1186.0
-201.0,175.0,-1352.0
253.0,-142.0,-929.0
-447.0,-107.0,-872.0
519.0,-206.0,-765.0
-177.0,95.0,-1044.0
203.0,-107.0,-966.0
-560.0,134.0,-1296.0
165.0,242.0,-1177.0
-39.0,187.0,-1206.0
54.0,5.0,-839.0
-68.0,-130.0,-720.0
126.0,-19.0,-1085.0
173.0,-101.0,-1188.0
-191.0,-191.0,-1073.0
-163.0,-152.0,-890.0
-113.0,238.0,-1075.0
273.0,392.0,-989.0
-68.0,183.0,-1171.0
-72.0,1.0,-927.0
0.0,-46.0,-1056.0
177.0,-111.0,-944.0
234.0,-226.0,-976.0
-368.0,37.0,-983.0
111.0,109.0,-1091.0
-27.0,331.0,-1229.0
171.0,64.0,-1061.0
-122.0,-201.0,-964.0
-15.0,-179.0,-774.0
413.0,-37.0,-849.0
-111.0,23.0,-1108.0
171.0,-7.0,-1083.0
-493.0,208.0,-1147.0
396.0,187.0,-995.0
78.0,83.0,-1110.0
109.0,-199.0,-933.0
-162.0,-83.0,-905.0
212.0,48.0,-882.0
-165.0,-146.0,-1112.0
-105.0,-175.0,-1050.0
-333.0,33.0,-1110.0
304.0,318.0,-1036.0
-111.0,218.0,-1153.0
163.0,5.0,-882.0
-359.0,-126.0,-895.0
203.0,-162.0,-856.0
78.0,-17.0,-1141.0
7.0,-46.0,-1110.0
-216.0,17.0,-1015.0
25.0,214.0,-1001.0
142.0,273.0,-1139.0
-78.0,-3.0,-1093.0
-33.0,-113.0,-944.0
-128.0,44.0,-1048.0
251.0,13.0,-981.0
76.0,-247.0,-956.0
-119.0,-204.0,-841.0
11.0,189.0,-1167.0
169.0,540.0,-1223.0
-52.0,107.0,-1233.0
-99.0,-286.0,-710.0
21.0,-296.0,-694.0
507.0,31.0,-786.0
97.0,171.0,-1266.0
-117.0,33.0,-1182.0
-158.0,11.0,-1134.0
-9.0,154.0,-1059.0
158.0,171.0,-907.0
48.0,-72.0,-901.0
-292.0,-89.0,-1124.0
427.0,-39.0,-950.0
-117.0,-66.0,-1167.0
-48.0,-298.0,-944.0
-269.0,80.0,-944.0
138.0,372.0,-1171.0
-56.0,263.0,-1198.0
95.0,58.0,-892.0
-345.0,-187.0,-970.0
417.0,-226.0,-899.0
29.0,-19.0,-1083.0
-31.0,-50.0,-1022.0
-419.0,191.0,-1032.0
-9.0,232.0,-1204.0
163.0,163.0,-1163.0
-62.0,17.0,-1114.0
-130.0,-234.0,-714.0
242.0,-130.0,-821.0
0.0,31.0,-1157.0
218.0,-25.0,-1056.0
-450.0,-37.0,-1112.0
-33.0,35.0,-1001.0
203.0,388.0,-1013.0
-31.0,160.0,-1223.0
62.0,-58.0,-808.0
11.0,-136.0,-786.0
245.0,-134.0,-1018.0
201.0,-93.0,-1110.0
-421.0,156.0,-1220.0
44.0,89.0,-1054.0
-3.0,298.0,-1122.0
244.0,-37.0,-851.0
-42.0,-197.0,-929.0
-119.0,-29.0,-1007.0
234.0,-44.0,-1091.0
-44.0,81.0,-1102.0
-136.0,-236.0,-940.0
-171.0,267.0,-897.0
62.0,320.0,-1132.0
148.0,140.0,-1048.0
81.0,-35.0,-987.0
-300.0,-259.0,-1100.0
536.0,-204.0,-819.0
-187.0,-66.0,-1028.0
111.0,-60.0,-894.0
-569.0,257.0,-1141.0
224.0,288.0,-1104.0
-87.0,171.0,-1323.0
304.0,-222.0,-933.0
-302.0,-312.0,-802.0
312.0,-3.0,-743.0
-142.0,165.0,-1190.0
101.0,113.0,-1063.0
-400.0,-171.0,-1194.0
46.0,-99.0,-1034.0
318.0,236.0,-972.0
-242.0,212.0,-1149.0
201.0,-35.0,-763.0
-251.0,-81.0,-1005.0
259.0,-134.0,-1057.0
-62.0,-138.0,-1245.0
-175.0,25.0,-962.0
31.0,124.0,-1013.0
23.0,409.0,-1040.0
359.0,48.0,-1026.0
-429.0,-74.0,-1028.0
201.0,-361.0,-919.0
-19.0,-42.0,-1102.0
214.0,-21.0,-917.0
-121.0,177.0,-958.0
-40.0,167.0,-983.0
333.0,165.0,-1171.0
-83.0,142.0,-1175.0
341.0,-197.0,-895.0
-448.0,-201.0,-942.0
409.0,-136.0,-864.0
-148.0,48.0,-1077.0
72.0,-99.0,-956.0
-210.0,-70.0,-987.0
-83.0,324.0,-1065.0
-162.0,304.0,-1239.0
-363.0,99.0,-1132.0
-212.0,-222.0,-776.0
-144.0,-40.0,-784.0
-56.0,-25.0,-1085.0
-378.0,-72.0,-1180.0
-314.0,5.0,-1015.0
-484.0,163.0,-1155.0
-130.0,187.0,-1147.0
-562.0,162.0,-1112.0
-314.0,-203.0,-788.0
-345.0,-44.0,-823.0
23.0,-29.0,-999.0
-300.0,113.0,-1173.0
-275.0,89.0,-1124.0
-488.0,128.0,-1161.0
-103.0,142.0,-935.0
-325.0,64.0,-1013.0
-97.0,-181.0,-854.0
-189.0,-87.0,-1075.0
-111.0,-27.0,-1011.0
35.0,1.0,-1108.0
-532.0,-33.0,-1097.0
163.0,60.0,-923.0
-378.0,425.0,-1145.0
126.0,124.0,-1003.0
-177.0,-83.0,-987.0
-76.0,-320.0,-892.0
117.0,-140.0,-854.0
-64.0,42.0,-1071.0
-54.0,-23.0,-997.0
-222.0,169.0,-999.0
-177.0,247.0,-1104.0
-40.0,83.0,-1065.0
-138.0,-113.0,-1046.0
11.0,-255.0,-823.0
259.0,-7.0,-897.0
-156.0,5.0,-1087.0
76.0,-117.0,-917.0
-431.0,35.0,-1132.0
-15.0,142.0,-1132.0
-165.0,279.0,-1139.0
-121.0,37.0,-1026.0
29.0,-300.0,-763.0
-7.0,7.0,-958.0
101.0,-56.0,-1095.0
-7.0,37.0,-1065.0
-386.0,25.0,-1071.0
89.0,117.0,-1048.0
-242.0,382.0,-1208.0
111.0,-19.0,-979.0
-50.0,-255.0,-862.0
68.0,-162.0,-993.0
27.0,134.0,-1067.0
-25.0,175.0,-1056.0
-257.0,-117.0,-997.0
23.0,122.0,-1022.0
-39.0,345.0,-1218.0
244.0,105.0,-1042.0
-76.0,-142.0,-909.0
74.0,-361.0,-874.0
29.0,40.0,-1108.0
-50.0,87.0,-1122.0
58.0,-40.0,-954.0
-181.0,87.0,-972.0
183.0,286.0,-1056.0
-35.0,267.0,-1143.0
232.0,-124.0,-1056.0
-83.0,-300.0,-839.0
222.0,-72.0,-860.0
27.0,58.0,-1104.0
39.0,-17.0,-989.0
-44.0,11.0,-950.0
-40.0,171.0,-1194.0
113.0,244.0,-1165.0
-103.0,-50.0,-1038.0
62.0,-224.0,-737.0
64.0,-80.0,-913.0
21.0,31.0,-1112.0
68.0,9.0,-1097.0
-226.0,-27.0,-1018.0
103.0,197.0,-1044.0
-124.0,259.0,-1177.0
5.0,-15.0,-1036.0
-81.0,-236.0,-835.0
56.0,-56.0,-964.0
21.0,0.0,-1079.0
21.0,-29.0,-1001.0
-222.0,-91.0,-1132.0
44.0,199.0,-1005.0
-15.0,402.0,-1139.0
-95.0,66.0,-1063.0
83.0,-169.0,-968.0
-204.0,-156.0,-946.0
351.0,-134.0,-933.0
-128.0,74.0,-1095.0
124.0,-66.0,-997.0
-144.0,210.0,-1079.0
-13.0,343.0,-1095.0
44.0,58.0,-1104.0
-148.0,-181.0,-1015.0
185.0,-314.0,-860.0
31.0,126.0,-899.0
191.0,-1.0,-1046.0
-93.0,-138.0,-1054.0
-52.0,-21.0,-1003.0
-78.0,275.0,-1112.0
50.0,249.0,-1106.0
-52.0,-80.0,-1020.0
-64.0,-236.0,-839.0
148.0,-87.0,-942.0
42.0,-35.0,-997.0
74.0,-78.0,-981.0
-193.0,62.0,-1122.0
29.0,269.0,-1095.0
-103.0,279.0,-1155.0
-113.0,-70.0,-997.0
78.0,-271.0,-853.0
-29.0,-99.0,-927.0
236.0,5.0,-1015.0
-109.0,1.0,-1087.0
-95.0,-46.0,-1063.0
-138.0,181.0,-1065.0
1.0,359.0,-1116.0
-177.0,91.0,-1100.0
122.0,-122.0,-769.0
-66.0,-183.0,-948.0
288.0,-48.0,-1040.0
-48.0,111.0,-1124.0
-60.0,-40.0,-950.0
-95.0,163.0,-974.0
-19.0,349.0,-1259.0
0.0,87.0,-1138.0
130.0,-148.0,-890.0
-58.0,-242.0,-882.0
363.0,46.0,-927.0
-66.0,80.0,-1112.0
52.0,-122.0,-964.0
-201.0,89.0,-1114.0
119.0,288.0,-1179.0
-7.0,236.0,-1118.0
128.0,-81.0,-876.0
-15.0,-265.0,-796.0
249.0,-46.0,-964.0
-60.0,-11.0,-1134.0
154.0,-109.0,-1030.0
-204.0,113.0,-1056.0
148.0,240.0,-1030.0
29.0,283.0,-1138.0
-146.0,-144.0,-1122.0
142.0,-279.0,-825.0
-40.0,-11.0,-970.0
230.0,-19.0,-1034.0
-132.0,-19.0,-1069.0
-74.0,-111.0,-993.0
-66.0,247.0,-1108.0
-42.0,372.0,-1206.0
13.0,1.0,-1042.0
-144.0,-206.0,-854.0
93.0,-162.0,-860.0
56.0,27.0,-1024.0
48.0,7.0,-1165.0
-191.0,-95.0,-1036.0
17.0,251.0,-1009.0
-173.0,355.0,-1180.0
70.0,52.0,-1069.0
-83.0,-220.0,-942.0
103.0,-183.0,-884.0
156.0,66.0,-977.0
126.0,25.0,-981.0
-19.0,-138.0,-1079.0
-148.0,81.0,-1163.0
107.0,327.0,-1063.0
-111.0,224.0,-1093.0
185.0,-236.0,-890.0
-11.0,-220.0,-899.0
304.0,-31.0,-892.0
11.0,-25.0,-1104.0
76.0,-62.0,-1022.0
-121.0,95.0,-1044.0
-25.0,294.0,-1042.0
81.0,185.0,-1061.0
-83.0,-181.0,-1069.0
115.0,-259.0,-919.0
109.0,-64.0,-878.0
144.0,31.0,-1059.0
-183.0,-99.0,-1036.0
-25.0,-3.0,-1026.0
-189.0,255.0,-1169.0
-39.0,247.0,-1180.0
-70.0,56.0,-981.0
-150.0,-244.0,-841.0
40.0,-146.0,-968.0
-195.0,-31.0,-1112.0
-85.0,-97.0,-1024.0
-489.0,31.0,-1065.0
-187.0,251.0,-1011.0
-386.0,361.0,-1173.0
-277.0,-3.0,-1042.0
-203.0,-175.0,-843.0
-538.0,-95.0,-958.0
-302.0,-25.0,-1067.0
-628.0,29.0,-985.0
-601.0,-95.0,-1028.0
-778.0,163.0,-1065.0
-591.0,331.0,-1247.0
-845.0,66.0,-1075.0
-482.0,-103.0,-804.0
-962.0,-87.0,-948.0
-562.0,-9.0,-1034.0
-1063.0,-95.0,-1227.0
-845.0,-136.0,-903.0
-935.0,189.0,-1001.0
-1097.0,302.0,-1161.0
-858.0,130.0,-1106.0
-1083.0,-33.0,-1104.0
-831.0,-249.0,-790.0
-972.0,56.0,-907.0
-1165.0,-29.0,-1161.0
-995.0,-173.0,-1095.0
-1091.0,21.0,-946.0
-1165.0,25.0,-1134.0
-1077.0,378.0,-1177.0
-1233.0,-9.0,-1192.0
-1087.0,-44.0,-739.0
-1110.0,-124.0,-853.0
-1235.0,-134.0,-1165.0
-1032.0,-42.0,-1128.0
-1385.0,-91.0,-1015.0
-1161.0,158.0,-903.0
-1268.0,275.0,-1221.0
-1436.0,27.0,-1157.0
-1046.0,-17.0,-794.0
-1627.0,-52.0,-868.0
-1165.0,-107.0,-935.0
-1342.0,-40.0,-1124.0
-1387.0,-142.0,-1009.0
-1260.0,48.0,-886.0
-1528.0,365.0,-1173.0
-1280.0,173.0,-1179.0
-1259.0,31.0,-962.0
-1139.0,-140.0,-772.0
-1210.0,-240.0,-849.0
-1239.0,23.0,-1130.0
-1245.0,-152.0,-1153.0
-1282.0,87.0,-1063.0
-1456.0,349.0,-989.0
-1323.0,298.0,-1087.0
-1307.0,-13.0,-1013.0
-1292.0,-310.0,-815.0
-1083.0,-50.0,-874.0
-1385.0,-42.0,-1067.0
-923.0,93.0,-1028.0
-1551.0,-261.0,-1079.0
-1087.0,234.0,-958.0
-1551.0,150.0,-1173.0
-1270.0,105.0,-1180.0
-1440.0,-130.0,-886.0
-1481.0,-242.0,-843.0
-1417.0,140.0,-1011.0
-1403.0,-58.0,-1048.0
-1743.0,-52.0,-1097.0
-1616.0,48.0,-1118.0
-1538.0,366.0,-1179.0
-1387.0,58.0,-940.0
-1341.0,-70.0,-870.0
-1210.0,-298.0,-899.0
-1385.0,-87.0,-1007.0
-1157.0,415.0,-1122.0
-1471.0,-247.0,-1233.0
-1200.0,105.0,-1167.0
-1278.0,60.0,-962.0
-1153.0,322.0,-1112.0
-1237.0,25.0,-749.0
-1173.0,-244.0,-999.0
-927.0,52.0,-1136.0
-1083.0,146.0,-1231.0
-743.0,78.0,-810.0
-851.0,-37.0,-954.0
-329.0,-81.0,-1079.0
-441.0,450.0,-1063.0
-259.0,-577.0,-802.0
-437.0,290.0,-1126.0
-46.0,-240.0,-1194.0
-206.0,733.0,-1087.0
156.0,-296.0,-673.0
-386.0,-253.0,-991.0
384.0,0.0,-1108.0
-458.0,-191.0,-1194.0
158.0,476.0,-1001.0
-115.0,-48.0,-1034.0
390.0,366.0,-655.0
325.0,-140.0,-1040.0
245.0,-407.0,-944.0
491.0,-9.0,-989.0
212.0,-234.0,-1130.0
733.0,384.0,-1186.0
259.0,81.0,-1100.0
622.0,212.0,-651.0
589.0,-150.0,-843.0
691.0,-189.0,-1126.0
427.0,-259.0,-1212.0
870.0,569.0,-853.0
452.0,-210.0,-1138.0
964.0,488.0,-1173.0
839.0,-544.0,-1054.0
784.0,-70.0,-860.0
1114.0,156.0,-825.0
527.0,-9.0,-1114.0
1075.0,284.0,-1036.0
532.0,-542.0,-1122.0
1032.0,335.0,-1065.0
1011.0,121.0,-1013.0
706.0,-60.0,-1065.0
1024.0,325.0,-962.0
878.0,-406.0,-1063.0
1294.0,427.0,-812.0
1065.0,-298.0,-1110.0
892.0,247.0,-1139.0
1270.0,-33.0,-1194.0
651.0,-50.0,-976.0
1182.0,351.0,-1018.0
767.0,-708.0,-1259.0
1136.0,31.0,-749.0
1153.0,298.0,-872.0
987.0,13.0,-1097.0
1034.0,343.0,-921.0
901.0,-318.0,-1091.0
1138.0,400.0,-1163.0
1143.0,-169.0,-1147.0
1132.0,27.0,-977.0
1405.0,-42.0,-952.0
1354.0,-324.0,-979.0
1276.0,329.0,-1081.0
987.0,-140.0,-1057.0
1054.0,-31.0,-1087.0
1292.0,5.0,-1032.0
835.0,5.0,-1235.0
1128.0,277.0,-936.0
1089.0,-236.0,-888.0
1186.0,11.0,-1042.0
1114.0,121.0,-997.0
917.0,277.0,-870.0
1034.0,-255.0,-1005.0
1268.0,37.0,-1255.0
1052.0,204.0,-1069.0
1110.0,93.0,-1013.0
1239.0,-80.0,-854.0
1354.0,-308.0,-1005.0
1106.0,279.0,-956.0
1282.0,294.0,-991.0
1138.0,154.0,-1157.0
1387.0,-394.0,-1015.0
1108.0,5.0,-1003.0
1200.0,181.0,-1018.0
1259.0,-42.0,-1116.0
1046.0,-99.0,-817.0
1364.0,-226.0,-868.0
1028.0,302.0,-1040.0
1436.0,222.0,-917.0
1016.0,-152.0,-1013.0
1223.0,-44.0,-1054.0
1011.0,-13.0,-1153.0
1245.0,76.0,-958.0
1356.0,-234.0,-806.0
1231.0,58.0,-929.0
1282.0,95.0,-944.0
1075.0,259.0,-1151.0
1218.0,-245.0,-1089.0
927.0,-181.0,-1179.0
948.0,17.0,-1067.0
851.0,333.0,-1061.0
940.0,76.0,-907.0
897.0,-245.0,-952.0
728.0,-60.0,-884.0
794.0,195.0,-1114.0
476.0,15.0,-1163.0
712.0,-3.0,-1018.0
283.0,-5.0,-1065.0
737.0,218.0,-977.0
404.0,81.0,-987.0
607.0,-103.0,-899.0
386.0,-31.0,-1009.0
431.0,91.0,-1093.0
363.0,140.0,-1087.0
267.0,-9.0,-1052.0
269.0,150.0,-1116.0
251.0,152.0,-1124.0
269.0,58.0,-976.0
267.0,-113.0,-933.0
437.0,-21.0,-929.0
242.0,146.0,-1054.0
312.0,23.0,-989.0
50.0,-29.0,-1143.0
230.0,-19.0,-1102.0
245.0,175.0,-1095.0
292.0,-25.0,-913.0
378.0,-124.0,-935.0
339.0,66.0,-1011.0
415.0,121.0,-1063.0
238.0,13.0,-1015.0
165.0,-181.0,-972.0
310.0,-3.0,-1112.0
117.0,230.0,-1235.0
329.0,-27.0,-991.0
-35.0,-173.0,-858.0
372.0,-37.0,-868.0
162.0,130.0,-1028.0
-144.0,-160.0,-1057.0
107.0,-29.0,-1009.0
-9.0,167.0,-1063.0
132.0,93.0,-956.0
-13.0,-115.0,-899.0
119.0,-103.0,-778.0
199.0,226.0,-1007.0
50.0,122.0,-1057.0
-25.0,-113.0,-812.0
-140.0,-111.0,-917.0
91.0,97.0,-1026.0
66.0,169.0,-977.0
35.0,-11.0,-732.0
58.0,-29.0,-718.0
134.0,109.0,-708.0
173.0,146.0,-804.0
-62.0,39.0,-804.0
27.0,-124.0,-813.0
-27.0,134.0,-806.0
126.0,167.0,-815.0
152.0,-13.0,-589.0
64.0,-124.0,-542.0
302.0,134.0,-642.0
78.0,208.0,-648.0
167.0,115.0,-630.0
-144.0,-70.0,-712.0
249.0,-33.0,-694.0
-52.0,169.0,-712.0
261.0,64.0,-536.0
-52.0,3.0,-527.0
283.0,171.0,-454.0
150.0,300.0,-689.0
44.0,99.0,-585.0
-80.0,-23.0,-597.0
72.0,117.0,-679.0
80.0,187.0,-808.0
64.0,167.0,-593.0
39.0,44.0,-404.0
150.0,138.0,-523.0
130.0,331.0,-659.0
44.0,189.0,-716.0
-173.0,83.0,-573.0
33.0,48.0,-648.0
-21.0,228.0,-765.0
119.0,247.0,-720.0
-101.0,181.0,-527.0
132.0,183.0,-495.0
-7.0,263.0,-681.0
56.0,261.0,-638.0
-111.0,169.0,-706.0
-56.0,70.0,-675.0
-29.0,230.0,-673.0
144.0,324.0,-644.0
27.0,185.0,-650.0
58.0,107.0,-468.0
142.0,191.0,-421.0
81.0,244.0,-505.0
74.0,257.0,-573.0
-124.0,124.0,-599.0
87.0,201.0,-544.0
-89.0,189.0,-538.0
134.0,130.0,-472.0
-62.0,150.0,-404.0
247.0,218.0,-300.0
-17.0,267.0,-361.0
115.0,95.0,-484.0
-236.0,175.0,-614.0
247.0,175.0,-489.0
-128.0,310.0,-571.0
212.0,95.0,-312.0
-58.0,167.0,-411.0
259.0,197.0,-427.0
15.0,206.0,-546.0
-54.0,193.0,-443.0
-138.0,70.0,-501.0
62.0,267.0,-636.0
-99.0,277.0,-671.0
64.0,179.0,-470.0
-273.0,76.0,-419.0
267.0,152.0,-396.0
-128.0,310.0,-562.0
148.0,162.0,-476.0
-298.0,121.0,-468.0
62.0,130.0,-472.0
-167.0,298.0,-601.0
128.0,269.0,-456.0
-271.0,70.0,-392.0
78.0,5.0,-292.0
-23.0,216.0,-488.0
119.0,226.0,-460.0
-91.0,140.0,-448.0
-201.0,31.0,-538.0
130.0,93.0,-556.0
-7.0,325.0,-659.0
171.0,169.0,-472.0
-21.0,68.0,-339.0
103.0,81.0,-300.0
175.0,152.0,-411.0
-19.0,193.0,-480.0
48.0,23.0,-489.0
-177.0,95.0,-525.0
162.0,128.0,-324.0
-132.0,257.0,-380.0
44.0,15.0,-230.0
87.0,70.0,-333.0
3.0,111.0,-335.0
85.0,242.0,-421.0
-195.0,238.0,-382.0
201.0,222.0,-495.0
-242.0,99.0,-409.0
310.0,58.0,-238.0
-169.0,9.0,-337.0
284.0,126.0,-267.0
0.0,224.0,-365.0
-21.0,163.0,-363.0
-117.0,181.0,-404.0
-119.0,195.0,-423.0
156.0,238.0,-534.0
-275.0,269.0,-493.0
238.0,173.0,-181.0
-232.0,154.0,-329.0
368.0,177.0,-390.0
-60.0,212.0,-452.0
70.0,154.0,-320.0
-175.0,162.0,-530.0
201.0,234.0,-443.0
19.0,347.0,-544.0
7.0,199.0,-201.0
165.0,101.0,-128.0
-89.0,160.0,-294.0
302.0,142.0,-343.0
-308.0,187.0,-450.0
119.0,103.0,-324.0
-169.0,417.0,-460.0
226.0,253.0,-322.0
-58.0,267.0,-396.0
7.0,158.0,-230.0
208.0,121.0,-255.0
0.0,158.0,-392.0
234.0,183.0,-480.0
-296.0,165.0,-474.0
347.0,136.0,-388.0
-279.0,404.0,-546.0
370.0,197.0,-359.0
-251.0,76.0,-275.0
222.0,175.0,-206.0
-111.0,181.0,-433.0
15.0,165.0,-349.0
-150.0,255.0,-456.0
-163.0,312.0,-294.0
74.0,558.0,-390.0
-216.0,320.0,-365.0
66.0,167.0,-242.0
-85.0,101.0,-288.0
126.0,177.0,-368.0
42.0,236.0,-361.0
-56.0,226.0,-300.0
83.0,407.0,-400.0
-119.0,298.0,-448.0
281.0,204.0,-298.0
-267.0,87.0,-314.0
337.0,89.0,-310.0
-201.0,302.0,-247.0
222.0,384.0,-208.0
-257.0,351.0,-345.0
187.0,226.0,-382.0
-167.0,103.0,-517.0
81.0,191.0,-310.0
1.0,175.0,-363.0
-136.0,148.0,-214.0
312.0,179.0,-242.0
-199.0,203.0,-345.0
376.0,195.0,-279.0
-458.0,154.0,-464.0
349.0,199.0,-255.0
-224.0,325.0,-437.0
39.0,283.0,-310.0
-56.0,146.0,-171.0
33.0,50.0,-220.0
78.0,261.0,-306.0
66.0,245.0,-306.0
-199.0,216.0,-329.0
58.0,167.0,-380.0
-105.0,105.0,-546.0
56.0,140.0,-320.0
-76.0,177.0,-197.0
48.0,197.0,-163.0
156.0,107.0,-281.0
-126.0,130.0,-450.0
-15.0,236.0,-400.0
44.0,277.0,-425.0
-103.0,154.0,-396.0
226.0,87.0,-296.0
-290.0,234.0,-308.0
267.0,519.0,-148.0
-81.0,298.0,-316.0
29.0,122.0,-283.0
11.0,130.0,-306.0
-201.0,154.0,-325.0
244.0,370.0,-314.0
-165.0,78.0,-361.0
31.0,95.0,-300.0
-70.0,-31.0,-261.0
189.0,236.0,-185.0
89.0,304.0,-292.0
169.0,316.0,-199.0
-132.0,76.0,-316.0
249.0,-13.0,-478.0
-95.0,37.0,-499.0
54.0,197.0,-187.0
17.0,376.0,-228.0
134.0,357.0,-271.0
242.0,226.0,-357.0
-126.0,150.0,-267.0
-40.0,189.0,-413.0
58.0,251.0,-431.0
-195.0,363.0,-562.0
193.0,140.0,-218.0
-302.0,101.0,-210.0
204.0,-113.0,-320.0
163.0,29.0,-458.0
-109.0,267.0,-374.0
-44.0,296.0,-294.0
-212.0,277.0,-493.0
42.0,-85.0,-452.0
-85.0,169.0,-351.0
70.0,70.0,-156.0
15.0,281.0,-302.0
222.0,386.0,-242.0
-81.0,532.0,-337.0
-40.0,443.0,-244.0
-230.0,470.0,-292.0
81.0,249.0,-329.0
21.0,132.0,-331.0
-89.0,-9.0,-101.0
74.0,48.0,-224.0
113.0,76.0,-193.0
167.0,509.0,-345.0
-3.0,210.0,-257.0
-111.0,128.0,-302.0
142.0,85.0,-349.0
-48.0,193.0,-478.0
298.0,232.0,-314.0
-48.0,255.0,-294.0
195.0,443.0,-138.0
87.0,404.0,-245.0
-136.0,493.0,-396.0
-27.0,474.0,-372.0
-48.0,312.0,-448.0
-44.0,284.0,-228.0
113.0,117.0,-345.0
-232.0,31.0,-269.0
230.0,-212.0,-257.0
-298.0,-93.0,-505.0
271.0,124.0,-398.0
-318.0,197.0,-628.0
93.0,284.0,-351.0
9.0,460.0,-480.0
-62.0,341.0,-562.0
72.0,52.0,-460.0
-101.0,165.0,-587.0
66.0,257.0,-480.0
-167.0,269.0,-597.0
9.0,189.0,-501.0
-35.0,154.0,-704.0
-42.0,400.0,-868.0
226.0,85.0,-694.0
-386.0,-158.0,-753.0
251.0,-58.0,-556.0
-140.0,91.0,-771.0
206.0,226.0,-829.0
-119.0,74.0,-759.0
58.0,-83.0,-817.0
-29.0,150.0,-1011.0
115.0,320.0,-880.0
-230.0,204.0,-839.0
101.0,89.0,-546.0
17.0,107.0,-749.0
193.0,222.0,-831.0
68.0,-58.0,-819.0
-163.0,-21.0,-915.0
402.0,-292.0,-989.0
-277.0,78.0,-1063.0
361.0,165.0,-720.0
-333.0,251.0,-815.0
253.0,-130.0,-589.0
87.0,17.0,-810.0
80.0,-230.0,-899.0
-93.0,-175.0,-946.0
-50.0,-146.0,-798.0
-165.0,113.0,-936.0
62.0,44.0,-704.0
-140.0,230.0,-636.0
72.0,140.0,-566.0
245.0,91.0,-776.0
-15.0,-165.0,-851.0
52.0,-269.0,-726.0
50.0,97.0,-802.0
-1.0,163.0,-849.0
-15.0,95.0,-757.0
162.0,-181.0,-525.0
-126.0,23.0,-628.0
259.0,253.0,-772.0
-46.0,273.0,-726.0
-44.0,-255.0,-630.0
-78.0,-42.0,-798.0
-72.0,13.0,-800.0
23.0,244.0,-813.0
-68.0,273.0,-605.0
117.0,78.0,-710.0
253.0,124.0,-710.0
-5.0,142.0,-829.0
228.0,37.0,-689.0
-298.0,-83.0,-839.0
109.0,-83.0,-942.0
-1.0,48.0,-1042.0
-62.0,-40.0,-841.0
132.0,247.0,-730.0
230.0,-39.0,-743.0
-111.0,386.0,-927.0
312.0,-17.0,-880.0
-464.0,122.0,-1011.0
210.0,-140.0,-925.0
-238.0,156.0,-1069.0
193.0,-68.0,-831.0
-27.0,3.0,-790.0
247.0,152.0,-607.0
95.0,-70.0,-1001.0
9.0,-80.0,-911.0
-327.0,304.0,-974.0
-119.0,107.0,-1100.0
-238.0,242.0,-1118.0
267.0,-44.0,-671.0
-320.0,-212.0,-942.0
406.0,42.0,-712.0
-327.0,497.0,-1136.0
144.0,195.0,-958.0
-261.0,163.0,-942.0
-42.0,-163.0,-819.0
60.0,140.0,-968.0
54.0,204.0,-858.0
-89.0,251.0,-851.0
154.0,37.0,-929.0
-87.0,35.0,-853.0
236.0,103.0,-831.0
-191.0,31.0,-862.0
-46.0,165.0,-901.0
72.0,70.0,-1067.0
-206.0,302.0,-1005.0
351.0,62.0,-833.0
-187.0,-11.0,-716.0
472.0,62.0,-720.0
-111.0,117.0,-960.0
247.0,230.0,-782.0
-265.0,25.0,-1018.0
72.0,95.0,-981.0
216.0,384.0,-827.0
-191.0,-46.0,-862.0
259.0,222.0,-730.0
-146.0,-158.0,-942.0
60.0,11.0,-944.0
0.0,-208.0,-1016.0
-314.0,136.0,-894.0
103.0,265.0,-1034.0
-341.0,314.0,-1018.0
204.0,-35.0,-894.0
-407.0,-201.0,-1011.0
493.0,-489.0,-890.0
-394.0,419.0,-1245.0
308.0,439.0,-948.0
-480.0,13.0,-1108.0
66.0,81.0,-962.0
-68.0,-259.0,-1288.0
-37.0,68.0,-1161.0
304.0,-136.0,-1081.0
-271.0,-21.0,-993.0
431.0,9.0,-1087.0
-171.0,68.0,-1169.0
1.0,99.0,-1061.0
-56.0,-329.0,-1200.0
-87.0,58.0,-1241.0
158.0,-117.0,-1180.0
-173.0,58.0,-1081.0
226.0,-76.0,-946.0
-130.0,-245.0,-1145.0
310.0,-72.0,-1212.0
-197.0,-115.0,-1288.0
-3.0,-35.0,-1186.0
-11.0,42.0,-1296.0
48.0,-113.0,-1229.0
392.0,-142.0,-1280.0
-179.0,-447.0,-1280.0
335.0,-3.0,-1167.0
33.0,-109.0,-1307.0
-165.0,29.0,-1329.0
115.0,-189.0,-1259.0
-195.0,-335.0,-1596.0
195.0,-101.0,-1487.0
70.0,-283.0,-1503.0
-144.0,-130.0,-1323.0
304.0,89.0,-1354.0
-263.0,39.0,-1547.0
263.0,-228.0,-1499.0
-355.0,-359.0,-1723.0
173.0,-294.0,-1469.0
-199.0,93.0,-1704.0
156.0,-31.0,-1538.0
-263.0,-119.0,-1544.0
265.0,-325.0,-1370.0
-177.0,50.0,-1698.0
132.0,-11.0,-1618.0
-226.0,-210.0,-1426.0
-218.0,-208.0,-1573.0
445.0,-244.0,-1624.0
-359.0,-70.0,-1667.0
394.0,-169.0,-1315.0
-242.0,25.0,-1551.0
91.0,-64.0,-1391.0
163.0,-40.0,-1575.0
-275.0,-388.0,-1438.0
265.0,-349.0,-1506.0
-181.0,19.0,-1475.0
351.0,224.0,-1520.0
-62.0,-93.0,-1483.0
105.0,-228.0,-1247.0
158.0,-156.0,-1413.0
66.0,-111.0,-1387.0
238.0,-304.0,-1196.0
-183.0,-117.0,-1411.0
216.0,-140.0,-1385.0
-245.0,349.0,-1360.0
201.0,-66.0,-1266.0
-160.0,-374.0,-1259.0
37.0,-150.0,-1173.0
37.0,-191.0,-1389.0
-148.0,132.0,-1288.0
-15.0,-117.0,-1339.0
-165.0,-66.0,-1460.0
232.0,-81.0,-1528.0
-210.0,52.0,-1503.0
193.0,-187.0,-1186.0
-87.0,-76.0,-1417.0
121.0,68.0,-1385.0
-95.0,76.0,-1561.0
-40.0,-146.0,-1364.0
-117.0,-300.0,-1649.0
119.0,-58.0,-1635.0
-126.0,-78.0,-1643.0
-152.0,48.0,-1460.0
60.0,-15.0,-1528.0
-91.0,273.0,-1670.0
163.0,-35.0,-1760.0
-83.0,-199.0,-1596.0
-42.0,-318.0,-1745.0
158.0,-25.0,-1788.0
-62.0,-37.0,-1948.0
144.0,-62.0,-1565.0
-80.0,-203.0,-1598.0
33.0,33.0,-1649.0
253.0,-21.0,-1745.0
-286.0,-341.0,-1694.0
193.0,-169.0,-1604.0
-158.0,-247.0,-1842.0
-83.0,195.0,-1821.0
121.0,-208.0,-1715.0
-400.0,-126.0,-1723.0
380.0,-210.0,-1380.0
-253.0,-40.0,-1799.0
316.0,-113.0,-1688.0
-286.0,-234.0,-1760.0
140.0,-185.0,-1530.0
-117.0,-37.0,-1793.0
185.0,-218.0,-1635.0
-76.0,-325.0,-1536.0
128.0,-251.0,-1518.0
21.0,-66.0,-1547.0
29.0,-115.0,-1528.0
-99.0,-288.0,-1641.0
5.0,-29.0,-1616.0
-29.0,40.0,-1676.0
-50.0,-134.0,-1598.0
-1.0,-353.0,-1553.0
-29.0,-208.0,-1483.0
181.0,-117.0,-1567.0
40.0,-245.0,-1596.0
-48.0,-308.0,-1549.0
74.0,-253.0,-1635.0
-109.0,218.0,-1622.0
74.0,-7.0,-1606.0
-66.0,-419.0,-1452.0
105.0,-396.0,-1473.0
158.0,-5.0,-1452.0
-52.0,66.0,-1581.0
89.0,-470.0,-1426.0
-226.0,-242.0,-1514.0
273.0,-187.0,-1670.0
-115.0,244.0,-1829.0
195.0,-474.0,-1444.0
-185.0,-441.0,-1506.0
308.0,-324.0,-1469.0
-66.0,-3.0,-1743.0
269.0,-177.0,-1594.0
-238.0,-575.0,-1729.0
286.0,-91.0,-1620.0
-179.0,-80.0,-1957.0
146.0,-134.0,-1754.0
-117.0,-509.0,-1579.0
29.0,-230.0,-1672.0
160.0,87.0,-1838.0
62.0,13.0,-1715.0
-140.0,-386.0,-1750.0
-29.0,-322.0,-1858.0
-173.0,-46.0,-1840.0
42.0,-117.0,-1711.0
-87.0,-345.0,-1776.0
35.0,-296.0,-1674.0
-83.0,-33.0,-1725.0
105.0,-150.0,-1747.0
-251.0,-337.0,-1793.0
119.0,-277.0,-1708.0
-113.0,52.0,-1905.0
66.0,-48.0,-1770.0
-3.0,-44.0,-1629.0
-66.0,-140.0,-1586.0
224.0,9.0,-1729.0
-173.0,-128.0,-1745.0
224.0,-183.0,-1596.0
-242.0,-189.0,-1754.0
400.0,58.0,-1645.0
-257.0,62.0,-1848.0
214.0,-290.0,-1508.0
-193.0,-480.0,-1536.0
259.0,21.0,-1520.0
105.0,-68.0,-1795.0
-46.0,-93.0,-1585.0
17.0,-281.0,-1559.0
68.0,138.0,-1670.0
70.0,-126.0,-1772.0
25.0,-95.0,-1711.0
-27.0,-411.0,-1534.0
21.0,60.0,-1573.0
148.0,-13.0,-1585.0
25.0,-163.0,-1793.0
-171.0,-363.0,-1604.0
42.0,-54.0,-1686.0
-163.0,-3.0,-1864.0
72.0,-39.0,-1793.0
-136.0,-345.0,-1567.0
-72.0,-140.0,-1653.0
208.0,-78.0,-1661.0
-177.0,-122.0,-1842.0
160.0,-294.0,-1791.0
-298.0,-238.0,-1756.0
-70.0,130.0,-1667.0
-1.0,-31.0,-1770.0
-214.0,-99.0,-1748.0
236.0,-544.0,-1586.0
-177.0,-37.0,-1750.0
214.0,-191.0,-1651.0
-275.0,-23.0,-1719.0
134.0,-167.0,-1702.0
-179.0,13.0,-1938.0
97.0,-160.0,-1735.0
-7.0,-431.0,-1747.0
85.0,-263.0,-1686.0
242.0,-37.0,-1676.0
42.0,-31.0,-1752.0
167.0,-308.0,-1672.0
-173.0,-224.0,-1848.0
199.0,-17.0,-1819.0
-148.0,-68.0,-1858.0
62.0,-355.0,-1516.0
52.0,-343.0,-1581.0
247.0,-195.0,-1698.0
81.0,-13.0,-1770.0
-21.0,-370.0,-1641.0
-206.0,-329.0,-1659.0
11.0,-175.0,-1776.0
19.0,78.0,-1862.0
37.0,-206.0,-1723.0
-21.0,-415.0,-1559.0
132.0,-165.0,-1557.0
74.0,-171.0,-1768.0
48.0,-275.0,-1725.0
-179.0,-460.0,-1715.0
54.0,-208.0,-1725.0
-132.0,208.0,-1813.0
142.0,-70.0,-1657.0
-181.0,-310.0,-1545.0
171.0,-359.0,-1549.0
-85.0,-191.0,-1782.0
140.0,-324.0,-1758.0
-251.0,-437.0,-1678.0
-3.0,-87.0,-1655.0
-136.0,99.0,-1832.0
171.0,78.0,-1733.0
-140.0,-378.0,-1801.0
154.0,-411.0,-1561.0
-103.0,-99.0,-1731.0
195.0,-208.0,-1725.0
-103.0,-331.0,-1747.0
113.0,-214.0,-1819.0
-146.0,216.0,-1852.0
327.0,1.0,-1774.0
-201.0,-283.0,-1788.0
281.0,-460.0,-1616.0
-27.0,-138.0,-1762.0
189.0,-126.0,-1700.0
-7.0,-288.0,-1688.0
-52.0,-201.0,-1610.0
81.0,25.0,-1774.0
-91.0,83.0,-1772.0
7.0,-302.0,-1665.0
-64.0,-343.0,-1471.0
68.0,-56.0,-1581.0
3.0,-103.0,-1643.0
-37.0,-244.0,-1586.0
-85.0,-351.0,-1635.0
70.0,37.0,-1659.0
1.0,191.0,-1737.0
-15.0,-107.0,-1586.0
-29.0,-324.0,-1419.0
-44.0,-144.0,-1489.0
224.0,-27.0,-1606.0
-91.0,-283.0,-1573.0
70.0,-247.0,-1354.0
-136.0,-29.0,-1530.0
126.0,255.0,-1540.0
97.0,101.0,-1585.0
13.0,-232.0,-1303.0
271.0,-101.0,-1298.0
177.0,23.0,-1434.0
482.0,-121.0,-1438.0
242.0,-290.0,-1360.0
300.0,-39.0,-1352.0
429.0,286.0,-1393.0
507.0,136.0,-1460.0
566.0,-99.0,-1317.0
460.0,-279.0,-1182.0
673.0,-93.0,-1161.0
603.0,-146.0,-1300.0
710.0,-148.0,-1292.0
568.0,-115.0,-1251.0
646.0,197.0,-1288.0
503.0,210.0,-1346.0
784.0,-187.0,-1280.0
644.0,-253.0,-1165.0
837.0,-203.0,-1118.0
687.0,85.0,-1233.0
708.0,-31.0,-1313.0
712.0,-1.0,-1270.0
554.0,25.0,-1315.0
683.0,31.0,-1288.0
548.0,-19.0,-1362.0
757.0,-310.0,-1149.0
568.0,-25.0,-1184.0
609.0,-52.0,-1243.0
458.0,-11.0,-1319.0
452.0,-154.0,-1266.0
515.0,-5.0,-1280.0
386.0,142.0,-1475.0
380.0,31.0,-1352.0
353.0,-160.0,-1157.0
320.0,-222.0,-1208.0
515.0,66.0,-1262.0
263.0,203.0,-1356.0
345.0,-35.0,-1307.0
99.0,-117.0,-1323.0
361.0,-52.0,-1397.0
46.0,42.0,-1458.0
314.0,-201.0,-1175.0
126.0,-42.0,-1270.0
386.0,103.0,-1225.0
195.0,130.0,-1356.0
105.0,-169.0,-1344.0
89.0,-288.0,-1378.0
95.0,21.0,-1294.0
251.0,126.0,-1458.0
0.0,19.0,-1321.0
203.0,-173.0,-1165.0
119.0,25.0,-1153.0
230.0,89.0,-1270.0
132.0,-191.0,-1255.0
39.0,-343.0,-1145.0
261.0,-150.0,-1292.0
-21.0,173.0,-1403.0
306.0,0.0,-1212.0
-115.0,-158.0,-1022.0
415.0,-46.0,-1001.0
-21.0,33.0,-1233.0
300.0,-128.0,-1184.0
-220.0,-296.0,-1255.0
140.0,-31.0,-1145.0
-132.0,117.0,-1300.0
-25.0,189.0,-1073.0
-119.0,-146.0,-1083.0
-173.0,-40.0,-1020.0
-11.0,-218.0,-1063.0
-281.0,-42.0,-1095.0
-148.0,-173.0,-1079.0
-314.0,-19.0,-1169.0
-259.0,232.0,-1130.0
-361.0,85.0,-1145.0
-437.0,-78.0,-974.0
-228.0,-109.0,-987.0
-357.0,60.0,-1007.0
-195.0,35.0,-1083.0
-472.0,-39.0,-1050.0
-339.0,-46.0,-1091.0
-423.0,50.0,-1149.0
-501.0,87.0,-1143.0
-486.0,-160.0,-995.0
-400.0,-158.0,-981.0
-175.0,144.0,-1038.0
-407.0,54.0,-1087.0
-513.0,-121.0,-1009.0
-556.0,-238.0,-1003.0
-341.0,158.0,-1286.0
-591.0,165.0,-1321.0
-517.0,-31.0,-1059.0
-636.0,-181.0,-921.0
-329.0,-17.0,-1020.0
-294.0,167.0,-1184.0
-605.0,-142.0,-1192.0
-525.0,-156.0,-1095.0
-614.0,-5.0,-1243.0
-443.0,158.0,-1266.0
-591.0,78.0,-1241.0
-429.0,-224.0,-1013.0
-394.0,48.0,-1042.0
-316.0,81.0,-1198.0
-337.0,93.0,-1239.0
-614.0,-185.0,-1233.0
-493.0,-35.0,-1182.0
-407.0,132.0,-1214.0
-314.0,244.0,-1272.0
-423.0,-44.0,-1116.0
-259.0,-93.0,-1040.0
-335.0,1.0,-1151.0
-152.0,70.0,-1186.0
-388.0,-5.0,-1192.0
-238.0,42.0,-1192.0
-363.0,154.0,-1169.0
-214.0,132.0,-1177.0
-146.0,-13.0,-1153.0
-204.0,-48.0,-1087.0
105.0,-13.0,-1011.0
-136.0,111.0,-1081.0
-27.0,-7.0,-1077.0
-216.0,-81.0,-1153.0
-64.0,93.0,-1157.0
-183.0,42.0,-1093.0
54.0,15.0,-974.0
-95.0,-76.0,-997.0
181.0,142.0,-1013.0
-97.0,13.0,-1034.0
-50.0,-138.0,-905.0
-193.0,-78.0,-1050.0
62.0,74.0,-1151.0
-154.0,253.0,-1151.0
48.0,13.0,-913.0
-247.0,-152.0,-942.0
259.0,-228.0,-870.0
-83.0,124.0,-1034.0
68.0,-21.0,-1040.0
-267.0,-50.0,-1022.0
-111.0,37.0,-1059.0
-52.0,64.0,-1157.0
-113.0,146.0,-1038.0
-7.0,-245.0,-845.0
-78.0,-35.0,-970.0
107.0,40.0,-1093.0
-140.0,130.0,-1089.0
-138.0,-91.0,-997.0
-265.0,-160.0,-1067.0
46.0,160.0,-1116.0
-136.0,173.0,-1220.0
9.0,-3.0,-938.0
-126.0,-183.0,-987.0
83.0,-42.0,-983.0
134.0,111.0,-1194.0
-195.0,0.0,-1063.0
27.0,-25.0,-1024.0
-255.0,72.0,-1169.0
228.0,66.0,-1149.0
-107.0,-50.0,-1163.0
156.0,-175.0,-911.0
93.0,54.0,-1007.0
-7.0,97.0,-1087.0
37.0,-83.0,-1100.0
-273.0,-144.0,-1153.0
95.0,-40.0,-1114.0
-46.0,117.0,-1157.0
134.0,119.0,-1065.0
-37.0,-122.0,-1009.0
91.0,-31.0,-960.0
-52.0,-146.0,-1079.0
54.0,31.0,-1141.0
-165.0,-25.0,-1139.0
25.0,23.0,-1061.0
-81.0,52.0,-1165.0
-21.0,-64.0,-1116.0
80.0,-107.0,-1028.0
-39.0,37.0,-1052.0
56.0,23.0,-1024.0
-126.0,-7.0,-1024.0
-187.0,-183.0,-1077.0
-19.0,40.0,-1132.0
-93.0,199.0,-1163.0
99.0,99.0,-1054.0
-242.0,-29.0,-1001.0
89.0,-101.0,-901.0
-126.0,109.0,-1046.0
91.0,-40.0,-1048.0
-191.0,-37.0,-1001.0
54.0,3.0,-1050.0
-48.0,181.0,-1100.0
181.0,136.0,-1026.0
-107.0,-54.0,-1011.0
62.0,-103.0,-931.0
134.0,89.0,-964.0
0.0,113.0,-983.0
68.0,-117.0,-935.0
-212.0,-58.0,-1061.0
238.0,93.0,-1056.0
-66.0,279.0,-1114.0
185.0,-11.0,-901.0
-119.0,-173.0,-868.0
189.0,64.0,-923.0
39.0,31.0,-1124.0
42.0,21.0,-999.0
-107.0,-175.0,-938.0
144.0,107.0,-1038.0
19.0,179.0,-1171.0
122.0,31.0,-1040.0
-121.0,-56.0,-948.0
140.0,-7.0,-964.0
-83.0,136.0,-1087.0
160.0,-54.0,-999.0
-212.0,-138.0,-1044.0
119.0,48.0,-1075.0
-132.0,253.0,-1210.0
117.0,119.0,-1097.0
-148.0,-93.0,-983.0
50.0,-56.0,-901.0
17.0,17.0,-1085.0
121.0,42.0,-1134.0
-130.0,-17.0,-1042.0
17.0,58.0,-1050.0
-109.0,122.0,-1182.0
54.0,93.0,-1184.0
-87.0,-40.0,-1026.0
81.0,-80.0,-938.0
19.0,124.0,-989.0
183.0,31.0,-1093.0
-119.0,-72.0,-1087.0
5.0,-40.0,-1056.0
-89.0,107.0,-1159.0
91.0,162.0,-1106.0
-52.0,-11.0,-1071.0
15.0,-91.0,-870.0
134.0,-33.0,-977.0
5.0,11.0,-1059.0
144.0,-122.0,-1063.0
-189.0,7.0,-1034.0
95.0,152.0,-1011.0
-37.0,152.0,-1124.0
15.0,-89.0,-1048.0
29.0,-95.0,-948.0
68.0,-27.0,-938.0
122.0,35.0,-981.0
-29.0,-56.0,-1007.0
-115.0,-64.0,-1069.0
23.0,25.0,-1056.0
-109.0,187.0,-1106.0
134.0,-122.0,-1005.0
-201.0,7.0,-958.0
167.0,-87.0,-874.0
-76.0,85.0,-1007.0
115.0,-91.0,-1042.0
-230.0,-134.0,-997.0
64.0,87.0,-1032.0
-185.0,122.0,-1124.0
126.0,122.0,-993.0
-162.0,-70.0,-1020.0
156.0,-72.0,-884.0
62.0,119.0,-991.0
58.0,-27.0,-952.0
-25.0,-78.0,-1003.0
-113.0,-31.0,-1093.0
109.0,216.0,-1124.0
21.0,99.0,-1067.0
40.0,-83.0,-905.0
70.0,-78.0,-913.0
101.0,87.0,-1009.0
101.0,17.0,-1018.0
-23.0,-66.0,-1028.0
-76.0,-48.0,-1079.0
83.0,56.0,-1048.0
-11.0,228.0,-1122.0
140.0,-46.0,-987.0
-58.0,-87.0,-968.0
138.0,-21.0,-1018.0
72.0,83.0,-1030.0
25.0,-25.0,-999.0
-109.0,-185.0,-1018.0
87.0,95.0,-1165.0
-52.0,158.0,-1161.0
117.0,115.0,-1020.0
-146.0,-132.0,-989.0
99.0,-134.0,-958.0
-70.0,89.0,-1048.0
70.0,17.0,-1079.0
-163.0,-48.0,-997.0
-74.0,64.0,-1104.0
-48.0,128.0,-1138.0
-5.0,136.0,-1100.0
-121.0,-121.0,-977.0
68.0,-29.0,-936.0
0.0,99.0,-1036.0
60.0,83.0,-1024.0
-66.0,-42.0,-1011.0
-80.0,0.0,-1036.0
56.0,134.0,-1151.0
52.0,189.0,-1079.0
-44.0,17.0,-1034.0
85.0,-144.0,-866.0
27.0,58.0,-936.0
197.0,66.0,-1056.0
-122.0,64.0,-1022.0
99.0,-40.0,-958.0
-126.0,124.0,-1063.0
167.0,134.0,-1149.0
-111.0,-60.0,-995.0
91.0,-91.0,-854.0
46.0,76.0,-950.0
185.0,68.0,-976.0
-31.0,-87.0,-1020.0
-54.0,-93.0,-1001.0
46.0,136.0,-1110.0
27.0,134.0,-1040.0
74.0,1.0,-1028.0
-89.0,-78.0,-931.0
169.0,-9.0,-876.0
-52.0,17.0,-1069.0
7.0,-105.0,-1069.0
-81.0,-105.0,-1042.0
-85.0,142.0,-1001.0
15.0,154.0,-1071.0
-68.0,-60.0,-1065.0
-35.0,-93.0,-1030.0
-37.0,-39.0,-981.0
81.0,78.0,-950.0
-52.0,-64.0,-1061.0
-134.0,-29.0,-968.0
-85.0,21.0,-1112.0
-1.0,199.0,-1161.0
1.0,50.0,-1167.0
-89.0,-171.0,-890.0
48.0,-15.0,-946.0
-37.0,169.0,-1046.0
171.0,46.0,-1056.0
-197.0,-175.0,-1015.0
46.0,-85.0,-1057.0
-40.0,214.0,-1034.0
244.0,201.0,-1093.0
-95.0,-37.0,-1061.0
70.0,-183.0,-940.0
25.0,44.0,-921.0
204.0,83.0,-997.0
11.0,-48.0,-974.0
-68.0,-60.0,-1104.0
134.0,68.0,-1106.0
-7.0,203.0,-1073.0
183.0,13.0,-991.0
-99.0,-158.0,-929.0
181.0,-93.0,-911.0
0.0,111.0,-1040.0
89.0,-23.0,-1116.0
-103.0,-87.0,-1011.0
46.0,37.0,-999.0
-3.0,99.0,-1139.0
-25.0,50.0,-1040.0
-11.0,-35.0,-952.0
-58.0,-52.0,-985.0
128.0,-35.0,-999.0
-87.0,-29.0,-1028.0
44.0,-52.0,-995.0
-121.0,74.0,-1097.0
39.0,177.0,-1151.0
-160.0,109.0,-1151.0
-44.0,-60.0,-886.0
-21.0,-48.0,-923.0
111.0,48.0,-1040.0
15.0,72.0,-1032.0
-40.0,-95.0,-948.0
-78.0,97.0,-1069.0
119.0,97.0,-1184.0
-117.0,201.0,-1108.0
95.0,-56.0,-888.0
-89.0,-13.0,-909.0
247.0,-9.0,-954.0
66.0,39.0,-1091.0
1.0,-31.0,-1026.0
-48.0,-7.0,-997.0
81.0,226.0,-1022.0
93.0,111.0,-1167.0
-89.0,23.0,-1052.0
23.0,-148.0,-868.0
44.0,-44.0,-919.0
163.0,85.0,-1036.0
52.0,-11.0,-1077.0
-37.0,-13.0,-997.0
-39.0,103.0,-987.0
35.0,136.0,-1118.0
-21.0,5.0,-1134.0
-25.0,-91.0,-929.0
68.0,-35.0,-854.0
89.0,-33.0,-991.0
9.0,66.0,-1087.0
-72.0,-66.0,-1061.0
-81.0,122.0,-1026.0
-44.0,103.0,-1157.0
-117.0,-17.0,-1079.0
-52.0,-60.0,-966.0
-64.0,9.0,-944.0
105.0,27.0,-938.0
54.0,-40.0,-1007.0
-142.0,-33.0,-1108.0
17.0,64.0,-1130.0
-171.0,234.0,-1102.0
56.0,93.0,-972.0
-140.0,-89.0,-1038.0
136.0,-74.0,-946.0
27.0,13.0,-952.0
60.0,66.0,-985.0
-1.0,-70.0,-1093.0
-87.0,78.0,-1048.0
89.0,214.0,-1022.0
-42.0,93.0,-1122.0
78.0,-97.0,-929.0
-39.0,-83.0,-979.0
249.0,78.0,-956.0
70.0,54.0,-1011.0
81.0,-33.0,-915.0
-103.0,-58.0,-1108.0
99.0,167.0,-1098.0
-74.0,142.0,-1132.0
130.0,-70.0,-938.0
-91.0,-122.0,-936.0
261.0,-3.0,-929.0
56.0,113.0,-1065.0
113.0,-162.0,-981.0
-255.0,-146.0,-1034.0
74.0,91.0,-1081.0
-56.0,296.0,-1153.0
7.0,21.0,-1065.0
-115.0,-288.0,-917.0
29.0,-39.0,-944.0
107.0,0.0,-954.0
74.0,105.0,-1005.0
-117.0,-39.0,-1104.0
-95.0,72.0,-1110.0
-80.0,126.0,-1104.0
62.0,35.0,-1052.0
-144.0,-119.0,-952.0
158.0,-52.0,-884.0
-62.0,121.0,-1083.0
199.0,9.0,-1057.0
-175.0,-74.0,-1056.0
27.0,29.0,-997.0
-37.0,204.0,-1098.0
-64.0,236.0,-1106.0
144.0,-103.0,-946.0
-169.0,-5.0,-1007.0
259.0,-111.0,-942.0
-7.0,56.0,-1015.0
140.0,-76.0,-897.0
-44.0,89.0,-1052.0
66.0,245.0,-1208.0
-40.0,37.0,-1161.0
-7.0,-76.0,-854.0
-11.0,-195.0,-858.0
183.0,52.0,-1007.0
156.0,121.0,-1079.0
62.0,-52.0,-962.0
-89.0,-80.0,-1015.0
-29.0,85.0,-1065.0
11.0,216.0,-1130.0
-48.0,-19.0,-1065.0
-33.0,-138.0,-874.0
80.0,-25.0,-923.0
132.0,-44.0,-1009.0
81.0,29.0,-1063.0
-206.0,-40.0,-1044.0
-81.0,31.0,-1003.0
-52.0,169.0,-1159.0
-81.0,142.0,-1161.0
-54.0,-177.0,-958.0
-76.0,-121.0,-831.0
122.0,-37.0,-981.0
83.0,171.0,-1104.0
-93.0,19.0,-1050.0
-54.0,119.0,-1015.0
-122.0,146.0,-1132.0
83.0,13.0,-1036.0
-66.0,-23.0,-981.0
91.0,-99.0,-907.0
208.0,42.0,-962.0
19.0,117.0,-1079.0
126.0,-62.0,-962.0
-222.0,40.0,-1065.0
89.0,126.0,-1083.0
-81.0,163.0,-1122.0
140.0,-23.0,-944.0
17.0,-50.0,-936.0
183.0,-25.0,-923.0
81.0,-93.0,-966.0
-3.0,37.0,-1059.0
-29.0,31.0,-1132.0
3.0,244.0,-1026.0
13.0,78.0,-1030.0
25.0,-97.0,-1001.0
29.0,-203.0,-995.0
132.0,-68.0,-923.0
66.0,154.0,-1063.0
76.0,-37.0,-987.0
-193.0,35.0,-1020.0
15.0,-5.0,-1061.0
-138.0,144.0,-1157.0
95.0,3.0,-1003.0
-154.0,-136.0,-1034.0
144.0,-3.0,-895.0
-17.0,13.0,-1028.0
44.0,3.0,-1013.0
-173.0,-89.0,-1093.0
-15.0,109.0,-1026.0
-70.0,259.0,-1153.0
15.0,64.0,-1056.0
-87.0,-179.0,-948.0
-9.0,-152.0,-995.0
173.0,115.0,-993.0
25.0,66.0,-976.0
-13.0,0.0,-977.0
-144.0,29.0,-1098.0
95.0,171.0,-1093.0
-72.0,117.0,-1122.0
109.0,-113.0,-907.0
-21.0,-80.0,-923.0
162.0,66.0,-931.0
111.0,64.0,-1063.0
-31.0,-105.0,-1015.0
-9.0,-74.0,-981.0
-5.0,267.0,-1098.0
31.0,136.0,-1132.0
25.0,-29.0,-981.0
-15.0,-208.0,-923.0
210.0,-103.0,-942.0
89.0,87.0,-1034.0
103.0,-5.0,-970.0
-197.0,-11.0,-981.0
64.0,105.0,-1112.0
-195.0,220.0,-1233.0
193.0,-48.0,-979.0
-201.0,-220.0,-868.0
265.0,-46.0,-882.0
-70.0,60.0,-1110.0
148.0,29.0,-1048.0
-300.0,-31.0,-1077.0
-70.0,66.0,-1048.0
-80.0,113.0,-1136.0
-76.0,148.0,-1093.0
7.0,-95.0,-972.0
-66.0,-97.0,-944.0
93.0,-52.0,-1030.0
13.0,39.0,-1046.0
-29.0,29.0,-1036.0
-58.0,122.0,-1022.0
-81.0,249.0,-1157.0
111.0,72.0,-1052.0
-78.0,-44.0,-997.0
292.0,-173.0,-856.0
212.0,5.0,-970.0
337.0,128.0,-1087.0
81.0,31.0,-995.0
173.0,52.0,-987.0
247.0,121.0,-1110.0
298.0,107.0,-1108.0
431.0,-21.0,-972.0
247.0,-50.0,-911.0
772.0,-46.0,-966.0
314.0,42.0,-1048.0
544.0,-5.0,-1034.0
27.0,-17.0,-1046.0
655.0,146.0,-1020.0
275.0,111.0,-1143.0
618.0,-11.0,-981.0
275.0,-99.0,-940.0
542.0,-81.0,-847.0
497.0,-19.0,-1018.0
271.0,5.0,-1005.0
136.0,105.0,-1079.0
15.0,68.0,-1057.0
263.0,48.0,-1022.0
81.0,-3.0,-1044.0
146.0,-142.0,-974.0
115.0,-52.0,-923.0
64.0,113.0,-995.0
68.0,23.0,-1056.0
-216.0,-48.0,-1104.0
-48.0,70.0,-1032.0
-95.0,109.0,-1093.0
150.0,78.0,-1073.0
-187.0,-11.0,-1026.0
121.0,0.0,-987.0
-68.0,5.0,-970.0
173.0,29.0,-991.0
-206.0,-1.0,-1067.0
148.0,-5.0,-1098.0
-101.0,203.0,-1134.0
91.0,56.0,-1095.0
119.0,-13.0,-923.0
11.0,-46.0,-999.0
320.0,-29.0,-1001.0
-29.0,40.0,-1065.0
173.0,-134.0,-940.0
-113.0,13.0,-1087.0
386.0,83.0,-1077.0
-3.0,228.0,-1153.0
230.0,-80.0,-921.0
-25.0,-146.0,-923.0
218.0,-33.0,-952.0
80.0,58.0,-1071.0
156.0,-1.0,-952.0
-78.0,-154.0,-989.0
54.0,64.0,-997.0
80.0,167.0,-1130.0
-29.0,76.0,-1056.0
-154.0,-169.0,-911.0
64.0,-128.0,-909.0
7.0,81.0,-999.0
152.0,95.0,-987.0
-191.0,-78.0,-1009.0
-35.0,-103.0,-1022.0
-144.0,165.0,-1097.0
140.0,146.0,-1136.0
-163.0,-60.0,-991.0
50.0,-101.0,-843.0
15.0,-37.0,-977.0
56.0,142.0,-1048.0
-58.0,-9.0,-1054.0
-64.0,1.0,-1071.0
-54.0,87.0,-1159.0
-52.0,124.0,-1057.0
25.0,76.0,-974.0
-62.0,-146.0,-936.0
119.0,39.0,-970.0
70.0,29.0,-1048.0
44.0,33.0,-989.0
13.0,-19.0,-1034.0
-19.0,179.0,-1175.0
40.0,56.0,-1056.0
15.0,29.0,-964.0
95.0,-162.0,-919.0
232.0,-19.0,-972.0
44.0,105.0,-1054.0
56.0,-11.0,-1059.0
-152.0,-23.0,-946.0
91.0,46.0,-1034.0
-29.0,97.0,-1169.0
101.0,25.0,-1007.0
-101.0,-54.0,-925.0
144.0,-29.0,-927.0
93.0,-17.0,-1056.0
3.0,76.0,-972.0
-64.0,-7.0,-1040.0
7.0,117.0,-1083.0
11.0,136.0,-1153.0
-17.0,-5.0,-1050.0
50.0,-99.0,-921.0
93.0,-9.0,-909.0
60.0,122.0,-1024.0
56.0,-33.0,-1106.0
-275.0,-13.0,-1079.0
52.0,64.0,-981.0
7.0,203.0,-1075.0
185.0,23.0,-1104.0
-130.0,-48.0,-1028.0
-13.0,-31.0,-925.0
5.0,11.0,-970.0
70.0,81.0,-1003.0
11.0,0.0,-1042.0
52.0,5.0,-1020.0
95.0,193.0,-1083.0
87.0,42.0,-1143.0
-39.0,-117.0,-1020.0
130.0,-140.0,-839.0
21.0,183.0,-1005.0
234.0,60.0,-991.0
-81.0,-109.0,-1018.0
50.0,-103.0,-1042.0
93.0,81.0,-1102.0
50.0,267.0,-1069.0
97.0,-52.0,-974.0
-167.0,-109.0,-925.0
175.0,-142.0,-966.0
-35.0,-27.0,-962.0
226.0,62.0,-954.0
-214.0,-37.0,-1065.0
140.0,144.0,-1192.0
-244.0,78.0,-1130.0
91.0,-1.0,-972.0
-206.0,-247.0,-895.0
257.0,-146.0,-929.0
-60.0,70.0,-1079.0
138.0,128.0,-1011.0
-185.0,-37.0,-1054.0
-66.0,-37.0,-1054.0
50.0,203.0,-1095.0
-124.0,117.0,-1163.0
37.0,-150.0,-890.0
-91.0,-85.0,-944.0
181.0,-52.0,-968.0
37.0,189.0,-1061.0
-117.0,-35.0,-972.0
-37.0,83.0,-1007.0
-91.0,121.0,-1216.0
-21.0,146.0,-1212.0
-33.0,-54.0,-931.0
44.0,-177.0,-806.0
128.0,-37.0,-899.0
281.0,152.0,-1056.0
-226.0,62.0,-1102.0
208.0,17.0,-933.0
-206.0,175.0,-1186.0
222.0,35.0,-1136.0
-93.0,66.0,-950.0
80.0,-124.0,-853.0
136.0,-144.0,-817.0
185.0,11.0,-1079.0
-46.0,-7.0,-1108.0
56.0,146.0,-1011.0
-224.0,119.0,-1069.0
169.0,50.0,-1057.0
-138.0,37.0,-1095.0
177.0,-134.0,-880.0
-9.0,-58.0,-944.0
163.0,-138.0,-952.0
-87.0,81.0,-1085.0
-95.0,136.0,-1098.0
-13.0,101.0,-1056.0
-163.0,173.0,-1136.0
50.0,15.0,-1032.0
-58.0,-189.0,-1036.0
97.0,-177.0,-845.0
27.0,83.0,-970.0
33.0,33.0,-1040.0
-183.0,35.0,-1100.0
-109.0,109.0,-1065.0
35.0,193.0,-1071.0
-95.0,107.0,-1145.0
33.0,-119.0,-868.0
-23.0,-74.0,-977.0
154.0,-27.0,-956.0
13.0,52.0,-1005.0
-80.0,15.0,-979.0
-117.0,29.0,-1206.0
39.0,347.0,-1063.0
87.0,244.0,-1110.0
-46.0,-203.0,-888.0
185.0,-290.0,-862.0
89.0,-31.0,-1050.0
150.0,87.0,-987.0
-44.0,25.0,-1020.0
-60.0,-81.0,-1048.0
222.0,191.0,-1067.0
-128.0,308.0,-1139.0
341.0,-78.0,-890.0
-238.0,-212.0,-929.0
333.0,-290.0,-892.0
-44.0,203.0,-1102.0
163.0,0.0,-1011.0
-228.0,-7.0,-960.0
140.0,52.0,-1048.0
-130.0,189.0,-1266.0
54.0,144.0,-964.0
0.0,-255.0,-862.0
58.0,-281.0,-929.0
222.0,3.0,-1001.0
-171.0,197.0,-1145.0
-44.0,-17.0,-995.0
-253.0,66.0,-1120.0
121.0,189.0,-1079.0
-44.0,93.0,-1124.0
-80.0,-52.0,-866.0
111.0,-238.0,-987.0
-68.0,-23.0,-997.0
290.0,25.0,-985.0
-421.0,105.0,-1009.0
298.0,121.0,-1056.0
-452.0,175.0,-1313.0
384.0,185.0,-956.0
-263.0,-42.0,-1038.0
296.0,-259.0,-745.0
50.0,-128.0,-1015.0
89.0,31.0,-1098.0
-58.0,117.0,-1042.0
-29.0,119.0,-956.0
-46.0,115.0,-1108.0
275.0,42.0,-958.0
-236.0,81.0,-1210.0
214.0,-140.0,-837.0
15.0,-19.0,-919.0
238.0,-191.0,-1020.0
58.0,-144.0,-929.0
-136.0,195.0,-970.0
-27.0,179.0,-1192.0
-3.0,279.0,-1284.0
83.0,-158.0,-979.0
17.0,-218.0,-753.0
162.0,-52.0,-856.0
44.0,-128.0,-1054.0
15.0,42.0,-1038.0
-363.0,25.0,-1153.0
156.0,236.0,-1085.0
-179.0,220.0,-1167.0
261.0,-35.0,-942.0
-296.0,-136.0,-987.0
203.0,-113.0,-894.0
-177.0,103.0,-1108.0
222.0,-52.0,-940.0
-310.0,-185.0,-1057.0
249.0,27.0,-970.0
-283.0,413.0,-1278.0
288.0,302.0,-1003.0
-327.0,-87.0,-1110.0
66.0,-240.0,-839.0
97.0,-107.0,-913.0
74.0,17.0,-1013.0
25.0,76.0,-1079.0
-113.0,165.0,-1079.0
29.0,236.0,-1214.0
-85.0,238.0,-1104.0
111.0,-95.0,-823.0
-35.0,-230.0,-899.0
199.0,-52.0,-1077.0
210.0,80.0,-1005.0
-39.0,-29.0,-962.0
9.0,-197.0,-897.0
-91.0,206.0,-1192.0
-17.0,226.0,-1136.0
-9.0,286.0,-997.0
-93.0,-193.0,-942.0
292.0,-232.0,-909.0
89.0,-117.0,-956.0
119.0,-136.0,-911.0
-204.0,165.0,-1116.0
-31.0,216.0,-1319.0
-165.0,175.0,-1259.0
13.0,9.0,-905.0
58.0,-335.0,-747.0
74.0,-64.0,-944.0
171.0,-52.0,-1095.0
-103.0,165.0,-1153.0
-189.0,-74.0,-1018.0
-74.0,-7.0,-862.0
-169.0,197.0,-1169.0
-3.0,177.0,-1095.0
-249.0,201.0,-1071.0
240.0,-171.0,-819.0
11.0,-189.0,-1050.0
162.0,-165.0,-981.0
-210.0,-37.0,-1011.0
-68.0,283.0,-1024.0
-60.0,394.0,-1329.0
-27.0,162.0,-1210.0
142.0,-230.0,-821.0
-76.0,-407.0,-732.0
363.0,-46.0,-895.0
-85.0,247.0,-1280.0
70.0,52.0,-1085.0
-210.0,11.0,-927.0
156.0,144.0,-1003.0
-25.0,107.0,-1091.0
244.0,52.0,-979.0
-122.0,-91.0,-1015.0
304.0,-162.0,-847.0
-39.0,-230.0,-987.0
240.0,-107.0,-935.0
-275.0,208.0,-1206.0
117.0,275.0,-1100.0
-179.0,277.0,-1145.0
206.0,-150.0,-868.0
-95.0,-238.0,-944.0
327.0,-224.0,-864.0
-103.0,117.0,-1038.0
72.0,3.0,-1056.0
-322.0,-13.0,-1122.0
19.0,175.0,-954.0
-115.0,255.0,-1120.0
95.0,9.0,-1139.0
80.0,-251.0,-929.0
23.0,1.0,-983.0
-46.0,56.0,-993.0
3.0,11.0,-1046.0
-322.0,-292.0,-1011.0
247.0,29.0,-964.0
-240.0,564.0,-1284.0
230.0,244.0,-1143.0
-216.0,-142.0,-907.0
185.0,-284.0,-817.0
81.0,-46.0,-1003.0
191.0,72.0,-1100.0
-80.0,85.0,-958.0
-68.0,132.0,-1124.0
-50.0,191.0,-1095.0
257.0,150.0,-1093.0
-144.0,-206.0,-1034.0
292.0,-265.0,-821.0
-177.0,111.0,-1075.0
183.0,144.0,-972.0
-97.0,-33.0,-991.0
-72.0,-224.0,-952.0
76.0,156.0,-1081.0
130.0,417.0,-1126.0
-50.0,206.0,-1132.0
-40.0,-318.0,-815.0
39.0,-308.0,-853.0
107.0,-23.0,-1040.0
7.0,150.0,-1073.0
-113.0,37.0,-1048.0
-68.0,62.0,-1120.0
15.0,275.0,-1145.0
152.0,52.0,-1149.0
-119.0,-335.0,-897.0
105.0,-189.0,-765.0
-140.0,-17.0,-1034.0
189.0,148.0,-1116.0
-288.0,64.0,-1050.0
156.0,52.0,-1073.0
-183.0,128.0,-1212.0
126.0,210.0,-987.0
-300.0,31.0,-966.0
78.0,-244.0,-837.0
48.0,-111.0,-1030.0
201.0,0.0,-1022.0
-76.0,124.0,-1116.0
-13.0,52.0,-1026.0
-83.0,212.0,-1077.0
70.0,105.0,-1003.0
-85.0,-35.0,-1063.0
72.0,-154.0,-948.0
72.0,-52.0,-956.0
165.0,-76.0,-972.0
-105.0,7.0,-995.0
31.0,128.0,-1009.0
-66.0,249.0,-1116.0
115.0,148.0,-1167.0
-117.0,-134.0,-1067.0
-3.0,-232.0,-833.0
107.0,-54.0,-800.0
288.0,-23.0,-1042.0
15.0,9.0,-1044.0
-35.0,35.0,-1038.0
-140.0,187.0,-1167.0
99.0,175.0,-1118.0
-85.0,72.0,-1048.0
-21.0,-222.0,-833.0
31.0,-113.0,-974.0
91.0,-25.0,-960.0
124.0,-83.0,-1056.0
-294.0,-42.0,-1104.0
103.0,56.0,-1032.0
-177.0,398.0,-1126.0
160.0,148.0,-1069.0
-132.0,-169.0,-931.0
-27.0,-181.0,-901.0
163.0,-83.0,-952.0
1.0,119.0,-1038.0
-1.0,-80.0,-1087.0
-263.0,78.0,-1163.0
91.0,298.0,-1005.0
-167.0,189.0,-1130.0
35.0,-85.0,-931.0
-74.0,-214.0,-979.0
162.0,-7.0,-950.0
103.0,17.0,-1089.0
58.0,3.0,-880.0
-23.0,13.0,-1091.0
-89.0,206.0,-1145.0
64.0,294.0,-1126.0
-31.0,-54.0,-1007.0
21.0,-234.0,-854.0
228.0,-37.0,-948.0
52.0,23.0,-1015.0
220.0,-35.0,-966.0
-320.0,39.0,-1028.0
187.0,169.0,-1184.0
-355.0,255.0,-1216.0
310.0,40.0,-907.0
-267.0,-193.0,-901.0
339.0,-255.0,-909.0
-27.0,39.0,-1028.0
162.0,35.0,-956.0
-261.0,-9.0,-1069.0
-54.0,142.0,-1059.0
-39.0,199.0,-1243.0
15.0,33.0,-1003.0
42.0,-124.0,-872.0
-19.0,-152.0,-847.0
199.0,-48.0,-1087.0
-42.0,13.0,-1093.0
-39.0,-126.0,-1015.0
-154.0,216.0,-1030.0
5.0,259.0,-1163.0
40.0,169.0,-1120.0
-107.0,-78.0,-942.0
148.0,-197.0,-845.0
52.0,-107.0,-1056.0
206.0,-3.0,-1081.0
-203.0,66.0,-981.0
17.0,156.0,-964.0
-208.0,244.0,-1259.0
216.0,76.0,-1114.0
-126.0,-50.0,-952.0
136.0,-105.0,-788.0
33.0,-9.0,-948.0
257.0,-64.0,-1048.0
-171.0,-87.0,-1075.0
-35.0,66.0,-968.0
-42.0,290.0,-1116.0
97.0,290.0,-1126.0
27.0,-66.0,-964.0
-17.0,-222.0,-884.0
103.0,-185.0,-923.0
191.0,-23.0,-1022.0
52.0,-39.0,-1042.0
-156.0,29.0,-1098.0
-72.0,249.0,-1024.0
87.0,197.0,-1114.0
-42.0,-19.0,-1091.0
115.0,-255.0,-938.0
48.0,-89.0,-880.0
109.0,0.0,-999.0
40.0,-13.0,-1042.0
-146.0,-44.0,-1122.0
-66.0,91.0,-1132.0
-130.0,284.0,-1059.0
169.0,107.0,-1056.0
-203.0,-183.0,-972.0
179.0,-83.0,-944.0
-138.0,-46.0,-1011.0
296.0,-66.0,-946.0
-286.0,23.0,-1040.0
124.0,146.0,-1151.0
-232.0,331.0,-1214.0
15.0,148.0,-976.0
-21.0,-81.0,-933.0
58.0,-228.0,-1028.0
210.0,-13.0,-1001.0
21.0,3.0,-935.0
-103.0,-17.0,-960.0
-167.0,33.0,-1153.0
29.0,324.0,-1210.0
21.0,203.0,-1087.0
72.0,-64.0,-843.0
-7.0,-224.0,-931.0
105.0,-56.0,-1007.0
154.0,-5.0,-1085.0
-121.0,-68.0,-966.0
27.0,52.0,-944.0
-68.0,263.0,-1139.0
199.0,201.0,-1116.0
-58.0,54.0,-1044.0
19.0,-275.0,-858.0
158.0,-173.0,-940.0
142.0,31.0,-1059.0
31.0,31.0,-995.0
-206.0,-11.0,-931.0
-70.0,60.0,-1093.0
60.0,158.0,-1260.0
29.0,140.0,-1128.0
3.0,-68.0,-862.0
-148.0,-148.0,-841.0
124.0,-136.0,-970.0
-64.0,-60.0,-1100.0
-44.0,40.0,-1046.0
-72.0,152.0,-1052.0
27.0,267.0,-1098.0
1.0,154.0,-1100.0
-62.0,-99.0,-987.0
-17.0,-142.0,-884.0
121.0,-70.0,-946.0
103.0,-25.0,-1040.0
-113.0,-29.0,-1030.0
17.0,93.0,-1056.0
-160.0,269.0,-1118.0
224.0,201.0,-1073.0
-228.0,76.0,-1067.0
134.0,-195.0,-899.0
-113.0,-124.0,-913.0
316.0,-163.0,-923.0
-46.0,13.0,-1087.0
85.0,72.0,-1046.0
-109.0,318.0,-1069.0
68.0,265.0,-1100.0
-62.0,-81.0,-1034.0
74.0,-208.0,-886.0
173.0,-134.0,-948.0
218.0,25.0,-958.0
83.0,-81.0,-976.0
-144.0,-58.0,-1011.0
-17.0,152.0,-1175.0
-39.0,325.0,-1120.0
72.0,68.0,-1065.0
-103.0,-195.0,-903.0
35.0,-179.0,-956.0
163.0,-70.0,-977.0
99.0,-68.0,-1013.0
-138.0,-37.0,-1011.0
-119.0,193.0,-1126.0
-85.0,351.0,-1229.0
-50.0,130.0,-1011.0
7.0,-148.0,-886.0
21.0,-255.0,-958.0
203.0,-37.0,-1011.0
74.0,109.0,-972.0
-103.0,-27.0,-1009.0
-212.0,97.0,-1116.0
-48.0,222.0,-1151.0
78.0,253.0,-1087.0
-80.0,-54.0,-966.0
107.0,-238.0,-882.0
7.0,-89.0,-987.0
294.0,-9.0,-1061.0
-210.0,-23.0,-1054.0
-39.0,21.0,-946.0
-183.0,337.0,-1089.0
199.0,253.0,-1182.0
15.0,87.0,-1073.0
-124.0,-281.0,-837.0
230.0,-199.0,-854.0
148.0,0.0,-1024.0
130.0,72.0,-1081.0
-277.0,29.0,-948.0
54.0,124.0,-1056.0
-50.0,173.0,-1188.0
245.0,132.0,-1077.0
-11.0,-134.0,-895.0
99.0,-214.0,-817.0
68.0,-163.0,-989.0
80.0,-58.0,-1063.0
-201.0,50.0,-1151.0
-83.0,165.0,-952.0
27.0,165.0,-1145.0
-132.0,191.0,-1108.0
80.0,-58.0,-974.0
-117.0,-195.0,-933.0
142.0,-245.0,-895.0
39.0,13.0,-1048.0
-115.0,-25.0,-1046.0
-5.0,167.0,-1106.0
-275.0,345.0,-1126.0
283.0,138.0,-1030.0
-341.0,76.0,-1100.0
193.0,-257.0,-833.0
-7.0,-78.0,-899.0
89.0,-95.0,-1097.0
-130.0,31.0,-1056.0
-138.0,128.0,-1083.0
-50.0,208.0,-1022.0
68.0,316.0,-1095.0
-58.0,33.0,-1095.0
68.0,-273.0,-847.0
134.0,-130.0,-886.0
93.0,-76.0,-956.0
245.0,80.0,-1108.0
-542.0,-13.0,-1138.0
452.0,160.0,-890.0
-353.0,359.0,-1165.0
433.0,105.0,-1147.0
-400.0,-163.0,-1015.0
630.0,-359.0,-554.0
-140.0,-132.0,-1050.0
495.0,25.0,-1069.0
-484.0,167.0,-1233.0
445.0,74.0,-790.0
-407.0,271.0,-1303.0
624.0,70.0,-894.0
-513.0,-5.0,-1202.0
343.0,-370.0,-712.0
-40.0,-126.0,-1069.0
124.0,105.0,-1011.0
-173.0,1.0,-1132.0
-267.0,119.0,-997.0
81.0,93.0,-1165.0
-179.0,322.0,-1108.0
296.0,-31.0,-903.0
-177.0,-201.0,-907.0
279.0,-181.0,-966.0
-93.0,-117.0,-1034.0
50.0,-9.0,-1054.0
-189.0,193.0,-1122.0
33.0,283.0,-1132.0
-80.0,259.0,-1093.0
-91.0,-56.0,-970.0
-68.0,-216.0,-991.0
144.0,-224.0,-921.0
70.0,68.0,-1046.0
-56.0,39.0,-948.0
-150.0,68.0,-1087.0
-3.0,158.0,-1132.0
58.0,203.0,-1192.0
23.0,81.0,-1003.0
140.0,-181.0,-823.0
93.0,-130.0,-870.0
320.0,-93.0,-999.0
-179.0,1.0,-1141.0
-39.0,-52.0,-1022.0
-60.0,160.0,-995.0
128.0,335.0,-1161.0
-29.0,93.0,-1120.0
29.0,-101.0,-845.0
-37.0,-343.0,-880.0
218.0,-48.0,-929.0
187.0,15.0,-1050.0
-204.0,7.0,-1079.0
3.0,117.0,-981.0
-29.0,232.0,-1114.0
19.0,193.0,-1161.0
101.0,-76.0,-897.0
-48.0,-238.0,-853.0
302.0,-140.0,-884.0
-148.0,-23.0,-1108.0
76.0,-54.0,-1132.0
-300.0,113.0,-1126.0
81.0,279.0,-997.0
-103.0,259.0,-1085.0
44.0,-83.0,-983.0
-136.0,-236.0,-1015.0
185.0,-212.0,-894.0
81.0,9.0,-1022.0
-162.0,115.0,-1005.0
31.0,148.0,-1081.0
-372.0,253.0,-1206.0
261.0,113.0,-964.0
-265.0,31.0,-1141.0
335.0,-240.0,-849.0
60.0,-56.0,-913.0
124.0,-11.0,-923.0
9.0,-54.0,-1028.0
-275.0,130.0,-1235.0
1.0,113.0,-1153.0
40.0,273.0,-981.0
-40.0,122.0,-1015.0
42.0,-201.0,-936.0
52.0,-236.0,-991.0
173.0,-76.0,-923.0
58.0,52.0,-983.0
-113.0,83.0,-1054.0
-191.0,156.0,-1145.0
244.0,312.0,-997.0
-183.0,-5.0,-1208.0
122.0,-214.0,-860.0
99.0,-11.0,-868.0
216.0,-91.0,-966.0
15.0,-119.0,-1026.0
-236.0,-35.0,-1093.0
-210.0,95.0,-1235.0
85.0,322.0,-997.0
218.0,203.0,-1032.0
-298.0,-124.0,-1054.0
56.0,-189.0,-849.0
29.0,-165.0,-1052.0
265.0,-105.0,-1034.0
-167.0,177.0,-1020.0
-158.0,111.0,-956.0
52.0,187.0,-1136.0
-42.0,183.0,-1159.0
177.0,-33.0,-997.0
-288.0,-124.0,-964.0
197.0,-189.0,-810.0
70.0,78.0,-1050.0
-21.0,15.0,-1077.0
-189.0,-21.0,-1091.0
-72.0,214.0,-976.0
269.0,331.0,-1139.0
13.0,193.0,-1024.0
40.0,-247.0,-948.0
-13.0,-279.0,-839.0
325.0,-113.0,-1054.0
46.0,113.0,-991.0
48.0,74.0,-972.0
-236.0,144.0,-1126.0
267.0,78.0,-1108.0
-68.0,138.0,-1169.0
-119.0,-232.0,-923.0
-44.0,-191.0,-747.0
286.0,-19.0,-892.0
154.0,-72.0,-1169.0
-201.0,81.0,-1093.0
-3.0,-35.0,-944.0
-158.0,316.0,-1134.0
220.0,208.0,-1042.0
-197.0,-142.0,-1061.0
-21.0,-353.0,-894.0
111.0,-208.0,-915.0
267.0,140.0,-1069.0
-201.0,87.0,-1143.0
-195.0,44.0,-950.0
-25.0,144.0,-1114.0
29.0,232.0,-1274.0
-66.0,58.0,-1042.0
-300.0,-253.0,-886.0
130.0,-234.0,-763.0
97.0,21.0,-1110.0
-50.0,177.0,-1085.0
-165.0,115.0,-1159.0
-173.0,148.0,-1003.0
322.0,226.0,-991.0
-183.0,160.0,-1061.0
-78.0,-212.0,-1063.0
3.0,-144.0,-847.0
476.0,-144.0,-974.0
78.0,23.0,-1018.0
-66.0,126.0,-1005.0
21.0,185.0,-948.0
70.0,253.0,-1301.0
173.0,111.0,-1079.0
-126.0,-158.0,-897.0
42.0,-261.0,-776.0
363.0,-249.0,-876.0
132.0,119.0,-1153.0
-300.0,162.0,-1102.0
39.0,136.0,-1020.0
-337.0,54.0,-1239.0
515.0,152.0,-917.0
-630.0,152.0,-1042.0
534.0,-448.0,-683.0
-189.0,-126.0,-1151.0
622.0,70.0,-946.0
-415.0,54.0,-1149.0
40.0,87.0,-940.0
-185.0,134.0,-1229.0
392.0,345.0,-1007.0
-183.0,-117.0,-1022.0
76.0,-242.0,-819.0
97.0,-195.0,-993.0
349.0,-64.0,-1028.0
-195.0,128.0,-1056.0
-322.0,197.0,-1132.0
-288.0,261.0,-1202.0
91.0,76.0,-1075.0
-99.0,76.0,-974.0
-15.0,-197.0,-933.0
13.0,-89.0,-940.0
390.0,3.0,-1122.0
-306.0,60.0,-1067.0
-109.0,19.0,-935.0
-433.0,191.0,-1085.0
437.0,259.0,-1206.0
-140.0,214.0,-1141.0
247.0,-208.0,-735.0
-216.0,-318.0,-845.0
417.0,-152.0,-991.0
15.0,224.0,-1097.0
-204.0,152.0,-1122.0
-238.0,31.0,-927.0
199.0,144.0,-1013.0
-83.0,9.0,-1184.0
263.0,-93.0,-874.0
-113.0,-126.0,-899.0
394.0,-83.0,-1028.0
-21.0,119.0,-1026.0
-66.0,-101.0,-1054.0
-347.0,-74.0,-938.0
327.0,224.0,-987.0
-1.0,431.0,-1358.0
89.0,-113.0,-1022.0
-134.0,-398.0,-847.0
15.0,-331.0,-823.0
238.0,81.0,-1015.0
-423.0,206.0,-1149.0
119.0,146.0,-1054.0
-409.0,191.0,-1278.0
566.0,50.0,-876.0
-210.0,121.0,-1032.0
83.0,-290.0,-929.0
-27.0,-138.0,-944.0
126.0,-89.0,-923.0
-121.0,27.0,-1190.0
-407.0,208.0,-1159.0
48.0,214.0,-991.0
68.0,236.0,-1112.0
76.0,-23.0,-1104.0
-56.0,-197.0,-929.0
-62.0,-136.0,-956.0
238.0,-62.0,-972.0
117.0,66.0,-1044.0
-310.0,-29.0,-1110.0
42.0,35.0,-921.0
42.0,284.0,-1188.0
265.0,165.0,-1034.0
-183.0,33.0,-1011.0
52.0,-244.0,-782.0
140.0,-183.0,-1028.0
132.0,54.0,-1057.0
-160.0,-52.0,-1036.0
-56.0,48.0,-931.0
-21.0,197.0,-1110.0
195.0,380.0,-1052.0
-228.0,-83.0,-1046.0
167.0,-404.0,-952.0
62.0,-156.0,-1042.0
409.0,72.0,-833.0
-257.0,105.0,-962.0
-62.0,44.0,-1210.0
5.0,204.0,-1296.0
222.0,87.0,-1079.0
-52.0,-162.0,-882.0
-201.0,-206.0,-868.0
119.0,-70.0,-833.0
111.0,76.0,-1190.0
-156.0,-40.0,-1132.0
-101.0,117.0,-1163.0
-259.0,222.0,-1149.0
431.0,296.0,-845.0
-349.0,185.0,-1081.0
83.0,-294.0,-983.0
-220.0,-136.0,-979.0
382.0,-179.0,-1020.0
-181.0,39.0,-1087.0
-70.0,175.0,-964.0
-296.0,193.0,-1128.0
423.0,228.0,-1177.0
-245.0,91.0,-1153.0
17.0,-68.0,-751.0
-269.0,-208.0,-936.0
450.0,-212.0,-1003.0
83.0,56.0,-1106.0
-140.0,136.0,-995.0
-27.0,134.0,-962.0
-40.0,240.0,-1167.0
175.0,142.0,-1102.0
-189.0,-189.0,-935.0
156.0,-308.0,-817.0
218.0,-175.0,-960.0
433.0,203.0,-985.0
-439.0,0.0,-1052.0
244.0,-21.0,-901.0
-318.0,230.0,-1419.0
595.0,115.0,-950.0
-314.0,142.0,-956.0
62.0,-294.0,-810.0
117.0,-191.0,-976.0
300.0,13.0,-1044.0
-15.0,-115.0,-1134.0
-244.0,142.0,-1089.0
-134.0,220.0,-1056.0
87.0,224.0,-1097.0
-177.0,-111.0,-1089.0
-37.0,-290.0,-776.0
17.0,-31.0,-907.0
177.0,93.0,-1157.0
74.0,253.0,-935.0
-335.0,-39.0,-1179.0
-214.0,27.0,-1009.0
390.0,407.0,-1069.0
-413.0,160.0,-1102.0
363.0,-310.0,-806.0
-382.0,-163.0,-989.0
691.0,-212.0,-1036.0
-138.0,197.0,-1098.0
95.0,78.0,-929.0
-197.0,130.0,-1009.0
105.0,349.0,-1098.0
134.0,121.0,-1130.0
-197.0,-62.0,-1087.0
54.0,-448.0,-868.0
261.0,-136.0,-741.0
255.0,142.0,-1028.0
-286.0,130.0,-1122.0
52.0,136.0,-1079.0
-160.0,72.0,-1243.0
341.0,-89.0,-983.0
-52.0,113.0,-938.0
48.0,-261.0,-870.0
222.0,-64.0,-1020.0
60.0,-148.0,-966.0
60.0,130.0,-1091.0
-398.0,105.0,-1149.0
138.0,163.0,-1089.0
-134.0,255.0,-1030.0
107.0,-58.0,-979.0
-275.0,-105.0,-901.0
284.0,-265.0,-979.0
-95.0,126.0,-1153.0
208.0,-40.0,-870.0
-413.0,80.0,-1018.0
72.0,91.0,-1067.0
101.0,357.0,-1259.0
19.0,-42.0,-1003.0
-5.0,-228.0,-864.0
-117.0,-99.0,-905.0
427.0,-31.0,-1028.0
-333.0,126.0,-1083.0
3.0,31.0,-1003.0
-281.0,273.0,-1169.0
7.0,226.0,-1200.0
0.0,-17.0,-987.0
-302.0,-134.0,-895.0
152.0,-281.0,-743.0
-187.0,222.0,-1149.0
115.0,-46.0,-1038.0
-388.0,-23.0,-1159.0
-265.0,140.0,-817.0
48.0,466.0,-1132.0
-622.0,124.0,-1169.0
322.0,-277.0,-778.0
-929.0,-201.0,-1052.0
447.0,-251.0,-771.0
-792.0,226.0,-1179.0
-11.0,128.0,-1071.0
-610.0,58.0,-1102.0
-119.0,220.0,-987.0
-433.0,-42.0,-1122.0
-234.0,-40.0,-929.0
-204.0,-284.0,-1018.0
-122.0,-91.0,-950.0
-81.0,58.0,-1067.0
-283.0,78.0,-983.0
-56.0,40.0,-1116.0
-536.0,158.0,-1098.0
121.0,128.0,-993.0
-464.0,115.0,-1245.0
3.0,-318.0,-935.0
-37.0,-89.0,-854.0
-134.0,-93.0,-981.0
62.0,31.0,-989.0
-515.0,218.0,-1288.0
27.0,72.0,-1059.0
-281.0,366.0,-1089.0
-76.0,1.0,-956.0
29.0,-187.0,-886.0
-111.0,-294.0,-991.0
126.0,-111.0,-907.0
17.0,148.0,-1052.0
-388.0,136.0,-1087.0
81.0,154.0,-894.0
-234.0,292.0,-1225.0
37.0,-103.0,-993.0
-1.0,-44.0,-853.0
-15.0,-204.0,-1009.0
253.0,-70.0,-977.0
-179.0,183.0,-1057.0
-15.0,-148.0,-862.0
-78.0,204.0,-1059.0
-70.0,261.0,-1247.0
144.0,163.0,-1028.0
-107.0,-87.0,-897.0
64.0,-390.0,-860.0
158.0,-19.0,-1028.0
54.0,107.0,-1102.0
-15.0,-21.0,-950.0
-163.0,160.0,-1024.0
-44.0,78.0,-1143.0
-3.0,224.0,-1071.0
17.0,-128.0,-1048.0
29.0,-294.0,-862.0
64.0,-35.0,-1003.0
19.0,58.0,-1048.0
58.0,46.0,-1013.0
-441.0,5.0,-1087.0
158.0,130.0,-1030.0
-78.0,404.0,-1253.0
-15.0,-39.0,-1032.0
66.0,-236.0,-841.0
-146.0,-204.0,-974.0
279.0,-72.0,-1003.0
-197.0,255.0,-1136.0
74.0,-5.0,-1046.0
-187.0,232.0,-976.0
138.0,210.0,-1018.0
-23.0,-9.0,-1190.0
13.0,-158.0,-999.0
42.0,-156.0,-870.0
80.0,21.0,-933.0
46.0,99.0,-1091.0
-162.0,-35.0,-940.0
105.0,121.0,-1050.0
-283.0,208.0,-1239.0
302.0,146.0,-974.0
-247.0,-50.0,-1036.0
218.0,-277.0,-810.0
1.0,-99.0,-958.0
130.0,-44.0,-993.0
72.0,54.0,-1036.0
-142.0,240.0,-1124.0
42.0,208.0,-1085.0
-48.0,144.0,-1061.0
15.0,-261.0,-976.0
48.0,-271.0,-931.0
89.0,-1.0,-1011.0
44.0,-1.0,-1013.0
-40.0,17.0,-944.0
-177.0,13.0,-1180.0
1.0,138.0,-1114.0
17.0,312.0,-1054.0
-91.0,-78.0,-1042.0
72.0,-247.0,-952.0
-117.0,-163.0,-948.0
320.0,-85.0,-991.0
-247.0,23.0,-1087.0
60.0,70.0,-1001.0
-199.0,316.0,-1114.0
70.0,261.0,-1147.0
-193.0,-70.0,-1042.0
78.0,-210.0,-911.0
-66.0,-197.0,-929.0
273.0,83.0,-1026.0
-195.0,124.0,-1108.0
15.0,-35.0,-905.0
-247.0,169.0,-1030.0
169.0,269.0,-1214.0
-91.0,181.0,-1177.0
103.0,-148.0,-815.0
-107.0,-238.0,-897.0
294.0,-72.0,-993.0
-72.0,93.0,-1067.0
78.0,39.0,-976.0
-132.0,121.0,-1077.0
101.0,183.0,-1054.0
44.0,195.0,-1108.0
56.0,-126.0,-977.0
-3.0,-279.0,-868.0
95.0,-154.0,-948.0
156.0,-19.0,-987.0
3.0,169.0,-983.0
-101.0,152.0,-1081.0
17.0,210.0,-1091.0
-91.0,203.0,-1087.0
60.0,-130.0,-1011.0
-11.0,-355.0,-933.0
195.0,-136.0,-854.0
50.0,80.0,-1016.0
115.0,31.0,-1069.0
-265.0,23.0,-1138.0
58.0,181.0,-1028.0
-72.0,230.0,-1161.0
15.0,-23.0,-1026.0
-42.0,-105.0,-923.0
19.0,-204.0,-950.0
169.0,-81.0,-987.0
-115.0,95.0,-1056.0
-35.0,80.0,-1087.0
-197.0,261.0,-1091.0
0.0,310.0,-1083.0
-85.0,60.0,-1104.0
44.0,-249.0,-935.0
91.0,-195.0,-895.0
140.0,62.0,-1028.0
60.0,48.0,-1056.0
-261.0,15.0,-970.0
64.0,195.0,-1052.0
-101.0,206.0,-1241.0
253.0,160.0,-917.0
-50.0,-138.0,-962.0
148.0,-255.0,-895.0
150.0,-93.0,-954.0
91.0,23.0,-1005.0
-27.0,-46.0,-1018.0
5.0,203.0,-981.0
33.0,271.0,-1141.0
109.0,99.0,-1018.0
17.0,-193.0,-979.0
23.0,-324.0,-929.0
150.0,-13.0,-1022.0
29.0,80.0,-1003.0
-25.0,-35.0,-925.0
-124.0,-3.0,-1102.0
-27.0,140.0,-1118.0
171.0,294.0,-1126.0
-148.0,-25.0,-1081.0
93.0,-316.0,-847.0
-136.0,-87.0,-944.0
189.0,-101.0,-1030.0
-132.0,25.0,-1048.0
-95.0,37.0,-1046.0
-46.0,245.0,-1149.0
19.0,337.0,-1083.0
-70.0,-7.0,-1075.0
-115.0,-314.0,-917.0
21.0,-142.0,-954.0
58.0,37.0,-972.0
93.0,87.0,-1056.0
-214.0,46.0,-1052.0
25.0,130.0,-1018.0
-54.0,292.0,-1173.0
15.0,105.0,-1093.0
37.0,-144.0,-942.0
-23.0,-253.0,-882.0
247.0,-91.0,-972.0
25.0,85.0,-1003.0
101.0,-13.0,-997.0
-111.0,189.0,-1067.0
148.0,210.0,-1085.0
31.0,154.0,-1095.0
7.0,-191.0,-956.0
58.0,-210.0,-884.0
103.0,-124.0,-925.0
162.0,29.0,-1071.0
-105.0,54.0,-954.0
152.0,101.0,-1028.0
-193.0,224.0,-1190.0
214.0,199.0,-1052.0
-179.0,-25.0,-1026.0
39.0,-339.0,-907.0
54.0,-93.0,-938.0
97.0,11.0,-1046.0
21.0,-48.0,-1015.0
-203.0,78.0,-1108.0
-52.0,199.0,-1104.0
-74.0,302.0,-1122.0
-130.0,-9.0,-1091.0
5.0,-240.0,-884.0
-134.0,-171.0,-991.0
191.0,-25.0,-972.0
-21.0,78.0,-1020.0
-126.0,91.0,-1089.0
-54.0,158.0,-1069.0
17.0,361.0,-1169.0
-144.0,1.0,-1052.0
181.0,-113.0,-839.0
-156.0,-199.0,-940.0
509.0,-78.0,-958.0
-183.0,140.0,-1138.0
193.0,-76.0,-911.0
-185.0,249.0,-1091.0
60.0,290.0,-1210.0
15.0,142.0,-1032.0
-13.0,-101.0,-903.0
27.0,-349.0,-886.0
265.0,-122.0,-997.0
50.0,72.0,-1085.0
44.0,-3.0,-966.0
-115.0,189.0,-1007.0
-85.0,185.0,-1202.0
9.0,171.0,-1063.0
-62.0,-101.0,-960.0
60.0,-325.0,-890.0
58.0,-121.0,-1015.0
72.0,46.0,-999.0
-175.0,44.0,-1024.0
-325.0,52.0,-1075.0
-177.0,197.0,-1069.0
-234.0,255.0,-1126.0
-265.0,-136.0,-979.0
-222.0,-175.0,-911.0
-271.0,-117.0,-987.0
-571.0,50.0,-991.0
-747.0,-7.0,-1044.0
-634.0,290.0,-1052.0
-624.0,279.0,-1253.0
-722.0,-126.0,-1032.0
-767.0,-130.0,-853.0
-720.0,-173.0,-1011.0
-542.0,50.0,-1061.0
-817.0,134.0,-1024.0
-1134.0,-52.0,-970.0
-938.0,142.0,-1110.0
-999.0,212.0,-1276.0
-728.0,165.0,-1046.0
-1087.0,-152.0,-993.0
-890.0,-269.0,-868.0
-894.0,64.0,-997.0
-927.0,146.0,-1069.0
-1190.0,-101.0,-1120.0
-1212.0,60.0,-989.0
-997.0,56.0,-1083.0
-880.0,329.0,-1046.0
-1122.0,-7.0,-1132.0
-1122.0,-249.0,-892.0
-958.0,-251.0,-853.0
-1061.0,62.0,-1034.0
-1134.0,52.0,-1018.0
-1374.0,21.0,-1138.0
-1255.0,1.0,-1063.0
-952.0,210.0,-1046.0
-1413.0,48.0,-1108.0
-1007.0,-261.0,-868.0
-1452.0,-40.0,-952.0
-921.0,-64.0,-931.0
-1397.0,35.0,-1032.0
-1469.0,3.0,-1038.0
-1303.0,-68.0,-1018.0
-1259.0,148.0,-1057.0
-1313.0,183.0,-1100.0
-1346.0,42.0,-950.0
-1346.0,-224.0,-907.0
-1114.0,-39.0,-923.0
-1335.0,-54.0,-999.0
-1411.0,42.0,-1036.0
-1419.0,13.0,-1145.0
-1272.0,257.0,-1192.0
-1409.0,99.0,-1067.0
-1229.0,226.0,-958.0
-1528.0,-203.0,-933.0
-907.0,-142.0,-835.0
-1518.0,72.0,-1091.0
-1071.0,-15.0,-1018.0
-1536.0,111.0,-1071.0
-1018.0,-5.0,-1100.0
-1358.0,238.0,-1139.0
-1114.0,-54.0,-993.0
-1296.0,-54.0,-913.0
-1091.0,-37.0,-897.0
-968.0,-119.0,-1018.0
-1364.0,-37.0,-1056.0
-890.0,-1.0,-1009.0
-1016.0,203.0,-1106.0
-532.0,314.0,-1061.0
-1005.0,-17.0,-1130.0
-470.0,-91.0,-759.0
-607.0,-224.0,-976.0
-93.0,-5.0,-796.0
-394.0,-85.0,-1153.0
-204.0,58.0,-1100.0
-228.0,226.0,-1102.0
-115.0,156.0,-1161.0
-284.0,142.0,-1196.0
-66.0,-271.0,-921.0
-304.0,44.0,-794.0
156.0,-40.0,-911.0
-441.0,165.0,-1231.0
27.0,-107.0,-1059.0
-497.0,15.0,-1083.0
-9.0,306.0,-981.0
-325.0,-1.0,-1073.0
-95.0,107.0,-720.0
-58.0,-70.0,-837.0
105.0,-76.0,-1085.0
130.0,99.0,-1126.0
-148.0,-271.0,-1130.0
91.0,156.0,-1083.0
-78.0,119.0,-1141.0
-33.0,396.0,-901.0
-101.0,48.0,-991.0
-111.0,119.0,-1011.0
138.0,-189.0,-1026.0
-9.0,83.0,-1030.0
111.0,-244.0,-991.0
-208.0,17.0,-1077.0
107.0,107.0,-1050.0
70.0,212.0,-1079.0
275.0,148.0,-944.0
519.0,-93.0,-942.0
571.0,-288.0,-837.0
728.0,173.0,-1138.0
417.0,39.0,-1190.0
484.0,-171.0,-993.0
267.0,-1.0,-1200.0
577.0,-72.0,-1159.0
187.0,484.0,-1001.0
579.0,7.0,-817.0
325.0,-46.0,-1040.0
616.0,-240.0,-1038.0
144.0,-208.0,-1022.0
273.0,-204.0,-1071.0
203.0,85.0,-1212.0
605.0,343.0,-1038.0
484.0,107.0,-970.0
821.0,144.0,-899.0
435.0,-343.0,-892.0
983.0,-101.0,-1024.0
212.0,-7.0,-1245.0
714.0,-107.0,-1015.0
58.0,40.0,-1018.0
839.0,179.0,-1145.0
54.0,277.0,-1161.0
556.0,261.0,-776.0
117.0,-54.0,-921.0
665.0,-222.0,-884.0
343.0,95.0,-1114.0
320.0,-177.0,-1005.0
363.0,122.0,-901.0
345.0,-25.0,-1001.0
880.0,-13.0,-1110.0
454.0,52.0,-1056.0
767.0,-93.0,-860.0
523.0,15.0,-964.0
864.0,78.0,-905.0
493.0,-52.0,-1141.0
431.0,115.0,-1001.0
546.0,3.0,-1204.0
454.0,146.0,-1175.0
579.0,35.0,-1054.0
333.0,-66.0,-829.0
521.0,70.0,-845.0
571.0,31.0,-995.0
675.0,13.0,-1003.0
302.0,-119.0,-1104.0
480.0,-121.0,-1005.0
786.0,191.0,-1124.0
447.0,-48.0,-1089.0
759.0,87.0,-933.0
404.0,-40.0,-964.0
991.0,9.0,-966.0
476.0,58.0,-1138.0
646.0,48.0,-989.0
370.0,121.0,-1200.0
601.0,42.0,-1157.0
636.0,-17.0,-1083.0
320.0,-5.0,-954.0
667.0,-23.0,-757.0
511.0,228.0,-1065.0
720.0,97.0,-1036.0
298.0,-40.0,-993.0
609.0,97.0,-952.0
474.0,1.0,-1223.0
761.0,119.0,-993.0
464.0,-40.0,-899.0
692.0,95.0,-858.0
730.0,-52.0,-1106.0
757.0,83.0,-981.0
609.0,44.0,-1036.0
345.0,173.0,-1026.0
960.0,-5.0,-1100.0
337.0,3.0,-1169.0
933.0,-103.0,-845.0
368.0,72.0,-929.0
1061.0,-11.0,-917.0
761.0,19.0,-1077.0
659.0,64.0,-1013.0
704.0,-70.0,-987.0
534.0,126.0,-1151.0
1124.0,-81.0,-1085.0
355.0,-13.0,-1079.0
964.0,-31.0,-810.0
288.0,-76.0,-1028.0
1089.0,0.0,-960.0
169.0,9.0,-1169.0
708.0,56.0,-839.0
208.0,39.0,-1206.0
712.0,40.0,-1087.0
417.0,9.0,-1145.0
409.0,-163.0,-878.0
655.0,50.0,-895.0
564.0,128.0,-1040.0
669.0,-60.0,-1032.0
398.0,-11.0,-1015.0
378.0,-21.0,-1143.0
769.0,76.0,-1143.0
390.0,146.0,-1079.0
759.0,5.0,-981.0
407.0,-25.0,-936.0
985.0,-29.0,-935.0
433.0,78.0,-1030.0
724.0,-9.0,-1056.0
343.0,-40.0,-1067.0
882.0,91.0,-1042.0
573.0,13.0,-1122.0
712.0,-3.0,-886.0
609.0,99.0,-888.0
782.0,-5.0,-929.0
921.0,-48.0,-981.0
355.0,-52.0,-1013.0
823.0,-101.0,-1001.0
450.0,93.0,-1180.0
767.0,-21.0,-1032.0
388.0,42.0,-1042.0
599.0,-3.0,-833.0
626.0,-99.0,-997.0
646.0,-5.0,-1042.0
486.0,-64.0,-1009.0
343.0,87.0,-936.0
493.0,115.0,-1132.0
439.0,19.0,-1161.0
277.0,35.0,-1015.0
374.0,-72.0,-890.0
368.0,-1.0,-1015.0
489.0,23.0,-1042.0
165.0,64.0,-1044.0
277.0,9.0,-1018.0
21.0,19.0,-1091.0
361.0,66.0,-1138.0
-40.0,35.0,-1126.0
296.0,105.0,-909.0
31.0,54.0,-968.0
425.0,-99.0,-970.0
107.0,93.0,-1030.0
78.0,76.0,-1044.0
78.0,124.0,-1036.0
11.0,117.0,-1106.0
187.0,42.0,-1120.0
-5.0,17.0,-966.0
318.0,-56.0,-841.0
140.0,9.0,-993.0
365.0,31.0,-1044.0
-64.0,29.0,-1011.0
212.0,72.0,-1022.0
-68.0,-9.0,-1161.0
322.0,-1.0,-1024.0
31.0,91.0,-1024.0
347.0,-70.0,-839.0
150.0,-78.0,-956.0
249.0,-107.0,-972.0
144.0,-25.0,-1116.0
7.0,-64.0,-991.0
60.0,-23.0,-1071.0
66.0,-87.0,-1118.0
33.0,-146.0,-1028.0
206.0,-204.0,-901.0
17.0,-171.0,-993.0
363.0,-255.0,-950.0
-193.0,-76.0,-1077.0
169.0,-185.0,-1089.0
-353.0,-210.0,-1100.0
222.0,-158.0,-1015.0
-201.0,-226.0,-1108.0
249.0,-255.0,-940.0
-58.0,-286.0,-931.0
275.0,-257.0,-962.0
-87.0,-294.0,-1130.0
-103.0,-361.0,-981.0
-29.0,-261.0,-1065.0
-128.0,-271.0,-1130.0
119.0,-322.0,-1044.0
-121.0,-329.0,-1028.0
115.0,-484.0,-882.0
165.0,-359.0,-948.0
46.0,-366.0,-1022.0
89.0,-495.0,-958.0
-158.0,-380.0,-1026.0
134.0,-415.0,-1147.0
-128.0,-343.0,-1112.0
152.0,-585.0,-866.0
60.0,-648.0,-894.0
255.0,-552.0,-952.0
160.0,-513.0,-987.0
-9.0,-609.0,-1087.0
-25.0,-720.0,-1048.0
-111.0,-659.0,-1030.0
193.0,-515.0,-1100.0
-76.0,-646.0,-1015.0
284.0,-634.0,-854.0
-115.0,-626.0,-1001.0
378.0,-599.0,-958.0
-212.0,-501.0,-1046.0
99.0,-671.0,-1016.0
-181.0,-624.0,-1102.0
78.0,-456.0,-1057.0
-66.0,-530.0,-1059.0
19.0,-798.0,-956.0
-13.0,-870.0,-858.0
208.0,-562.0,-972.0
64.0,-443.0,-1138.0
0.0,-685.0,-944.0
-230.0,-626.0,-1042.0
48.0,-663.0,-1114.0
-60.0,-365.0,-1042.0
171.0,-620.0,-935.0
39.0,-616.0,-962.0
249.0,-454.0,-938.0
-62.0,-382.0,-962.0
124.0,-571.0,-1042.0
-251.0,-534.0,-1089.0
242.0,-445.0,-1046.0
-111.0,-290.0,-1093.0
162.0,-472.0,-913.0
-3.0,-450.0,-944.0
193.0,-622.0,-952.0
195.0,-423.0,-1003.0
-95.0,-480.0,-1069.0
203.0,-689.0,-1046.0
-218.0,-612.0,-1095.0
193.0,-663.0,-1005.0
-58.0,-587.0,-1048.0
245.0,-677.0,-917.0
78.0,-409.0,-935.0
191.0,-220.0,-1073.0
-80.0,-310.0,-1026.0
-99.0,-370.0,-958.0
-52.0,-423.0,-1114.0
46.0,-361.0,-1192.0
58.0,-298.0,-931.0
95.0,-415.0,-923.0
44.0,-407.0,-956.0
105.0,-378.0,-1057.0
-181.0,-398.0,-1038.0
-25.0,-612.0,-952.0
-251.0,-519.0,-1089.0
115.0,-538.0,-1180.0
-183.0,-581.0,-1059.0
42.0,-677.0,-827.0
-95.0,-591.0,-962.0
261.0,-329.0,-1028.0
-156.0,-156.0,-1046.0
-39.0,-341.0,-1042.0
-288.0,-384.0,-1050.0
119.0,-247.0,-1061.0
-74.0,-148.0,-1093.0
148.0,-470.0,-974.0
-81.0,-601.0,-907.0
29.0,-474.0,-989.0
78.0,-388.0,-1112.0
-115.0,-620.0,-1036.0
-40.0,-776.0,-907.0
-35.0,-732.0,-1024.0
134.0,-556.0,-1122.0
-126.0,-478.0,-1065.0
58.0,-632.0,-884.0
-39.0,-575.0,-878.0
199.0,-224.0,-942.0
-9.0,-306.0,-1100.0
-1.0,-556.0,-936.0
-126.0,-595.0,-1015.0
29.0,-644.0,-1104.0
83.0,-694.0,-1030.0
44.0,-931.0,-913.0
111.0,-800.0,-909.0
62.0,-714.0,-1011.0
-54.0,-527.0,-1018.0
-54.0,-607.0,-1085.0
-117.0,-636.0,-1065.0
0.0,-571.0,-1013.0
-54.0,-540.0,-1052.0
48.0,-687.0,-999.0
-44.0,-839.0,-938.0
-3.0,-661.0,-1036.0
-105.0,-630.0,-950.0
-56.0,-511.0,-964.0
-95.0,-577.0,-1104.0
54.0,-521.0,-1153.0
-95.0,-708.0,-972.0
21.0,-872.0,-935.0
95.0,-954.0,-890.0
189.0,-749.0,-1005.0
39.0,-650.0,-1028.0
11.0,-745.0,-954.0
-21.0,-675.0,-938.0
113.0,-431.0,-1128.0
175.0,-314.0,-1132.0
78.0,-566.0,-915.0
74.0,-638.0,-833.0
185.0,-587.0,-956.0
165.0,-528.0,-1038.0
-5.0,-556.0,-1022.0
107.0,-550.0,-970.0
40.0,-480.0,-1132.0
163.0,-353.0,-1032.0
78.0,-396.0,-1009.0
15.0,-700.0,-810.0
175.0,-597.0,-958.0
107.0,-460.0,-1147.0
81.0,-427.0,-1011.0
-128.0,-480.0,-938.0
-64.0,-417.0,-1048.0
158.0,-124.0,-1089.0
-128.0,-72.0,-1124.0
204.0,-351.0,-942.0
-216.0,-376.0,-958.0
195.0,-271.0,-940.0
-109.0,-58.0,-1149.0
35.0,-142.0,-1056.0
-179.0,-119.0,-1065.0
50.0,99.0,-1100.0
-70.0,-15.0,-1093.0
-42.0,-185.0,-952.0
-89.0,-261.0,-936.0
95.0,-134.0,-968.0
-23.0,148.0,-1116.0
-50.0,-40.0,-1061.0
-37.0,-46.0,-989.0
-81.0,-5.0,-1054.0
66.0,93.0,-1063.0
72.0,37.0,-1067.0
83.0,-7.0,-903.0
163.0,179.0,-991.0
-15.0,216.0,-983.0
29.0,146.0,-987.0
-87.0,298.0,-1056.0
173.0,236.0,-1163.0
-44.0,169.0,-1046.0
42.0,-124.0,-933.0
-13.0,-83.0,-931.0
64.0,17.0,-1003.0
83.0,95.0,-1061.0
-103.0,3.0,-1026.0
-37.0,-23.0,-981.0
-152.0,119.0,-1026.0
121.0,259.0,-1147.0
-302.0,134.0,-1044.0
130.0,76.0,-866.0
-148.0,343.0,-985.0
232.0,318.0,-979.0
-154.0,259.0,-997.0
-39.0,-70.0,-981.0
-126.0,-11.0,-1081.0
25.0,187.0,-1057.0
93.0,66.0,-1132.0
-126.0,-29.0,-940.0
7.0,-52.0,-860.0
19.0,52.0,-1028.0
37.0,21.0,-1059.0
-132.0,-91.0,-997.0
-128.0,27.0,-1069.0
-44.0,255.0,-1120.0
-101.0,353.0,-1026.0
1.0,187.0,-1001.0
-173.0,0.0,-925.0
230.0,87.0,-903.0
-95.0,181.0,-1056.0
177.0,81.0,-1022.0
-140.0,0.0,-1056.0
111.0,70.0,-1013.0
124.0,160.0,-1069.0
-76.0,11.0,-1018.0
283.0,-11.0,-872.0
-111.0,212.0,-1042.0
267.0,169.0,-940.0
-210.0,140.0,-999.0
148.0,115.0,-935.0
-44.0,327.0,-1110.0
140.0,472.0,-1149.0
-42.0,156.0,-1024.0
-11.0,167.0,-849.0
46.0,122.0,-907.0
185.0,269.0,-1020.0
3.0,339.0,-1100.0
37.0,95.0,-1020.0
21.0,263.0,-1122.0
62.0,349.0,-1157.0
5.0,312.0,-1102.0
25.0,273.0,-956.0
-37.0,450.0,-972.0
193.0,630.0,-1046.0
-60.0,448.0,-1077.0
50.0,320.0,-991.0
-244.0,312.0,-1067.0
253.0,493.0,-1136.0
-204.0,466.0,-1235.0
87.0,318.0,-948.0
-152.0,271.0,-921.0
175.0,448.0,-966.0
7.0,521.0,-1063.0
48.0,482.0,-1087.0
-111.0,398.0,-1126.0
58.0,657.0,-1100.0
-21.0,698.0,-1145.0
44.0,542.0,-983.0
64.0,636.0,-888.0
81.0,726.0,-942.0
304.0,755.0,-1011.0
-83.0,542.0,-1093.0
158.0,448.0,-977.0
-40.0,409.0,-1143.0
134.0,515.0,-1042.0
13.0,423.0,-1040.0
-33.0,501.0,-958.0
185.0,542.0,-983.0
-37.0,776.0,-1026.0
85.0,568.0,-921.0
-162.0,603.0,-1034.0
19.0,657.0,-1157.0
-58.0,710.0,-1206.0
-64.0,653.0,-989.0
-103.0,540.0,-903.0
9.0,648.0,-901.0
132.0,794.0,-1026.0
-101.0,702.0,-1009.0
17.0,433.0,-1015.0
-218.0,454.0,-1126.0
111.0,569.0,-1202.0
-271.0,536.0,-1112.0
58.0,427.0,-860.0
-234.0,657.0,-983.0
271.0,765.0,-1030.0
-144.0,675.0,-1071.0
-111.0,501.0,-974.0
-210.0,458.0,-1093.0
29.0,788.0,-1163.0
-72.0,812.0,-1130.0
-19.0,573.0,-899.0
-54.0,505.0,-882.0
142.0,573.0,-958.0
17.0,650.0,-1067.0
50.0,384.0,-1054.0
-126.0,515.0,-1026.0
105.0,632.0,-1143.0
-13.0,675.0,-1145.0
31.0,525.0,-983.0
-113.0,472.0,-856.0
171.0,517.0,-1009.0
29.0,566.0,-1081.0
126.0,450.0,-1022.0
-31.0,361.0,-987.0
3.0,538.0,-1054.0
103.0,733.0,-1108.0
-85.0,673.0,-1061.0
107.0,425.0,-915.0
-117.0,431.0,-940.0
283.0,312.0,-954.0
-97.0,456.0,-1059.0
163.0,339.0,-1034.0
-25.0,595.0,-1208.0
152.0,759.0,-1141.0
27.0,620.0,-1061.0
48.0,462.0,-882.0
222.0,448.0,-911.0
279.0,566.0,-1048.0
329.0,515.0,-1091.0
150.0,407.0,-989.0
324.0,499.0,-1083.0
306.0,527.0,-1159.0
269.0,527.0,-1104.0
210.0,450.0,-925.0
460.0,542.0,-927.0
616.0,610.0,-1079.0
396.0,456.0,-1042.0
474.0,390.0,-991.0
388.0,491.0,-1081.0
788.0,771.0,-1202.0
310.0,812.0,-1188.0
747.0,515.0,-835.0
415.0,491.0,-936.0
1149.0,388.0,-913.0
769.0,569.0,-1085.0
739.0,532.0,-952.0
630.0,507.0,-1040.0
691.0,480.0,-1143.0
933.0,437.0,-1134.0
571.0,413.0,-960.0
972.0,497.0,-856.0
794.0,534.0,-974.0
966.0,626.0,-1042.0
528.0,458.0,-979.0
566.0,392.0,-995.0
499.0,421.0,-1138.0
683.0,587.0,-1093.0
482.0,564.0,-1056.0
320.0,407.0,-925.0
470.0,255.0,-856.0
347.0,384.0,-993.0
308.0,530.0,-1044.0
126.0,441.0,-1026.0
-52.0,294.0,-1173.0
132.0,173.0,-1161.0
-5.0,259.0,-1122.0
191.0,349.0,-907.0
93.0,347.0,-950.0
175.0,347.0,-1015.0
-44.0,353.0,-1036.0
-13.0,312.0,-1139.0
-138.0,163.0,-1120.0
126.0,247.0,-1091.0
-101.0,331.0,-1069.0
232.0,370.0,-972.0
-23.0,331.0,-1005.0
232.0,121.0,-970.0
19.0,244.0,-1026.0
70.0,181.0,-1069.0
130.0,171.0,-958.0
113.0,124.0,-1130.0
160.0,44.0,-1159.0
144.0,33.0,-981.0
267.0,152.0,-858.0
329.0,11.0,-954.0
273.0,232.0,-1036.0
80.0,76.0,-991.0
27.0,99.0,-977.0
42.0,17.0,-1081.0
206.0,119.0,-1155.0
5.0,230.0,-1013.0
216.0,76.0,-794.0
7.0,78.0,-878.0
208.0,66.0,-1028.0
-179.0,35.0,-1065.0
-56.0,-54.0,-968.0
-206.0,-17.0,-1087.0
60.0,62.0,-1065.0
-17.0,99.0,-1042.0
-64.0,-93.0,-936.0
5.0,-5.0,-854.0
-62.0,201.0,-985.0
-5.0,201.0,-1042.0
-445.0,97.0,-1112.0
-312.0,42.0,-954.0
-306.0,169.0,-1077.0
-269.0,119.0,-1077.0
-427.0,-5.0,-1024.0
-548.0,-29.0,-880.0
-400.0,119.0,-956.0
-638.0,171.0,-1046.0
-665.0,60.0,-1061.0
-944.0,-17.0,-1095.0
-569.0,76.0,-1020.0
-685.0,265.0,-1165.0
-585.0,134.0,-1022.0
-864.0,111.0,-942.0
-671.0,101.0,-946.0
-669.0,308.0,-1122.0
-720.0,70.0,-970.0
-675.0,74.0,-989.0
-692.0,103.0,-1196.0
-386.0,204.0,-1097.0
-560.0,283.0,-1011.0
-425.0,-3.0,-931.0
-363.0,132.0,-1024.0
-345.0,218.0,-1042.0
-337.0,115.0,-997.0
-505.0,95.0,-1032.0
-216.0,199.0,-1153.0
-281.0,390.0,-1204.0
-148.0,99.0,-981.0
-388.0,148.0,-921.0
-263.0,154.0,-948.0
-162.0,284.0,-1102.0
-327.0,222.0,-1028.0
-193.0,80.0,-1032.0
-380.0,134.0,-1034.0
136.0,318.0,-1063.0
-450.0,292.0,-1182.0
-15.0,148.0,-936.0
-486.0,191.0,-968.0
44.0,199.0,-970.0
-288.0,327.0,-1048.0
-238.0,117.0,-899.0
-284.0,150.0,-1059.0
-222.0,238.0,-1175.0
-150.0,318.0,-1091.0
-218.0,152.0,-950.0
-197.0,119.0,-866.0
-54.0,195.0,-940.0
-103.0,220.0,-999.0
-95.0,95.0,-1011.0
-191.0,183.0,-997.0
103.0,212.0,-1151.0
-109.0,224.0,-1087.0
81.0,81.0,-952.0
-286.0,54.0,-892.0
244.0,46.0,-954.0
-107.0,183.0,-1104.0
44.0,-19.0,-923.0
-257.0,50.0,-1083.0
-21.0,39.0,-1007.0
130.0,283.0,-1124.0
-238.0,0.0,-1132.0
111.0,-46.0,-890.0
-327.0,101.0,-962.0
206.0,-25.0,-989.0
-210.0,68.0,-1151.0
21.0,-91.0,-972.0
-113.0,76.0,-1052.0
35.0,156.0,-1104.0
-11.0,-40.0,-1169.0
-236.0,-46.0,-1003.0
27.0,-111.0,-880.0
-81.0,150.0,-1040.0
136.0,11.0,-1061.0
-191.0,-46.0,-1009.0
35.0,-33.0,-1001.0
-113.0,119.0,-1198.0
3.0,62.0,-1063.0
-1.0,3.0,-970.0
-195.0,-25.0,-948.0
216.0,-21.0,-966.0
-95.0,5.0,-983.0
201.0,-119.0,-1024.0
-193.0,31.0,-1083.0
181.0,191.0,-1087.0
-93.0,128.0,-1110.0
19.0,-175.0,-989.0
89.0,-162.0,-903.0
68.0,-39.0,-985.0
253.0,126.0,-981.0
-126.0,-40.0,-1042.0
162.0,-25.0,-1038.0
-251.0,-31.0,-1100.0
290.0,39.0,-1044.0
-214.0,-64.0,-1069.0
247.0,-83.0,-851.0
-81.0,-42.0,-989.0
310.0,23.0,-993.0
-169.0,-60.0,-1091.0
33.0,-103.0,-956.0
-132.0,76.0,-1118.0
-37.0,146.0,-1063.0
33.0,56.0,-1034.0
-72.0,-187.0,-1042.0
52.0,-197.0,-925.0
93.0,101.0,-970.0
-115.0,142.0,-1065.0
-1.0,-56.0,-997.0
-411.0,58.0,-1003.0
214.0,74.0,-1134.0
-327.0,162.0,-1167.0
298.0,-70.0,-880.0
-355.0,70.0,-936.0
365.0,91.0,-974.0
-357.0,146.0,-991.0
162.0,19.0,-1042.0
-448.0,89.0,-1188.0
238.0,146.0,-974.0
-187.0,232.0,-1102.0
87.0,7.0,-952.0
46.0,-29.0,-919.0
-21.0,103.0,-1026.0
183.0,169.0,-1034.0
-265.0,99.0,-995.0
138.0,23.0,-962.0
-103.0,245.0,-1153.0
165.0,206.0,-1046.0
50.0,83.0,-952.0
23.0,21.0,-925.0
160.0,72.0,-938.0
44.0,121.0,-979.0
19.0,122.0,-1075.0
-126.0,72.0,-966.0
140.0,216.0,-1009.0
-17.0,158.0,-1202.0
177.0,52.0,-983.0
-107.0,-52.0,-909.0
60.0,122.0,-958.0
105.0,220.0,-1136.0
-107.0,103.0,-987.0
109.0,-54.0,-936.0
-382.0,62.0,-1124.0
378.0,185.0,-1083.0
-253.0,269.0,-1227.0
105.0,-72.0,-968.0
-101.0,-15.0,-866.0
52.0,81.0,-977.0
83.0,-5.0,-1046.0
-197.0,146.0,-1110.0
-37.0,1.0,-1087.0
-93.0,263.0,-1075.0
111.0,105.0,-1032.0
-150.0,-78.0,-1052.0
40.0,-39.0,-938.0
-52.0,87.0,-950.0
126.0,177.0,-1022.0
-95.0,-7.0,-1081.0
13.0,-15.0,-944.0
80.0,128.0,-1116.0
-76.0,81.0,-1106.0
259.0,7.0,-944.0
-257.0,-11.0,-989.0
325.0,-60.0,-931.0
-81.0,37.0,-1022.0
101.0,-175.0,-976.0
0.0,5.0,-1034.0
-44.0,91.0,-1093.0
150.0,113.0,-1067.0
-113.0,-48.0,-1005.0
91.0,-175.0,-880.0
1.0,-60.0,-1024.0
191.0,40.0,-1048.0
-13.0,-89.0,-915.0
-3.0,-74.0,-997.0
-21.0,-130.0,-1143.0
103.0,154.0,-1143.0
-107.0,-56.0,-1011.0
103.0,-173.0,-905.0
-134.0,-136.0,-989.0
245.0,-31.0,-958.0
-80.0,-25.0,-1116.0
-58.0,-189.0,-995.0
-42.0,-11.0,-1001.0
29.0,210.0,-1151.0
-56.0,-7.0,-1153.0
1.0,-183.0,-874.0
-122.0,-130.0,-925.0
288.0,-27.0,-997.0
-119.0,162.0,-1124.0
163.0,-124.0,-927.0
-197.0,-56.0,-989.0
193.0,80.0,-1093.0
-93.0,160.0,-1247.0
132.0,-72.0,-979.0
-122.0,-115.0,-810.0
181.0,-33.0,-966.0
60.0,37.0,-1100.0
76.0,-13.0,-1044.0
-42.0,-15.0,-993.0
-54.0,60.0,-1098.0
185.0,89.0,-1050.0
-152.0,50.0,-1106.0
214.0,-163.0,-856.0
-113.0,-17.0,-929.0
253.0,17.0,-1020.0
-48.0,97.0,-1097.0
7.0,-11.0,-999.0
-62.0,13.0,-1003.0
23.0,158.0,-1134.0
27.0,62.0,-1046.0
-7.0,-13.0,-1028.0
7.0,-58.0,-897.0
113.0,40.0,-915.0
-58.0,91.0,-1046.0
35.0,-27.0,-1132.0
-144.0,119.0,-1015.0
76.0,160.0,-1077.0
-163.0,66.0,-1093.0
124.0,1.0,-952.0
-193.0,64.0,-948.0
245.0,111.0,-1015.0
-242.0,11.0,-1056.0
119.0,44.0,-968.0
-171.0,134.0,-1081.0
101.0,320.0,-1095.0
-122.0,78.0,-1075.0
0.0,60.0,-974.0
23.0,-54.0,-931.0
201.0,201.0,-970.0
7.0,142.0,-1116.0
-35.0,3.0,-931.0
-107.0,52.0,-964.0
81.0,218.0,-1147.0
39.0,218.0,-1204.0
21.0,-99.0,-868.0
-1.0,-37.0,-894.0
117.0,111.0,-1007.0
154.0,97.0,-983.0
-80.0,-5.0,-1018.0
-9.0,-64.0,-1022.0
17.0,171.0,-1034.0
85.0,259.0,-1153.0
-19.0,-31.0,-1016.0
11.0,-212.0,-854.0
-27.0,42.0,-927.0
212.0,165.0,-1138.0
-148.0,-31.0,-1044.0
-5.0,-117.0,-946.0
-224.0,29.0,-1069.0
214.0,154.0,-1040.0
-83.0,144.0,-1157.0
78.0,-185.0,-987.0
-119.0,-119.0,-927.0
66.0,64.0,-927.0
0.0,0.0,-1124.0
-56.0,-70.0,-1013.0
-81.0,-11.0,-1018.0
1.0,204.0,-1126.0
44.0,48.0,-1095.0
-44.0,-105.0,-958.0
-7.0,-163.0,-925.0
93.0,58.0,-1007.0
-15.0,66.0,-1024.0
52.0,-40.0,-1048.0
-81.0,-124.0,-987.0
165.0,15.0,-1054.0
-5.0,160.0,-1134.0
124.0,-119.0,-1067.0
-48.0,-81.0,-864.0
95.0,-25.0,-970.0
46.0,9.0,-985.0
35.0,-167.0,-997.0
3.0,-113.0,-1001.0
122.0,58.0,-1157.0
-5.0,181.0,-1091.0
17.0,-68.0,-997.0
-27.0,-187.0,-854.0
78.0,-171.0,-933.0
169.0,5.0,-1013.0
13.0,15.0,-1093.0
13.0,-62.0,-948.0
-29.0,37.0,-1067.0
81.0,46.0,-1145.0
-146.0,-7.0,-1108.0
-17.0,-169.0,-892.0
-46.0,-9.0,-911.0
163.0,-31.0,-1009.0
-78.0,-58.0,-1075.0
80.0,-72.0,-1040.0
-179.0,35.0,-1028.0
107.0,208.0,-1030.0
-142.0,76.0,-1169.0
-50.0,-101.0,-1020.0
-72.0,-93.0,-880.0
119.0,-3.0,-989.0
-13.0,91.0,-1073.0
21.0,39.0,-974.0
-81.0,68.0,-1034.0
-11.0,119.0,-1194.0
-80.0,80.0,-1089.0
0.0,-27.0,-983.0
-35.0,13.0,-895.0
173.0,87.0,-936.0
140.0,74.0,-1005.0
33.0,-27.0,-1048.0
-48.0,37.0,-1050.0
1.0,177.0,-1114.0
50.0,163.0,-1087.0
-105.0,23.0,-987.0
91.0,-66.0,-909.0
52.0,-23.0,-974.0
244.0,109.0,-954.0
-62.0,25.0,-1093.0
52.0,11.0,-1028.0
-93.0,107.0,-1026.0
162.0,203.0,-1059.0
-95.0,93.0,-1136.0
78.0,-85.0,-913.0
-72.0,-39.0,-936.0
238.0,40.0,-993.0
-109.0,163.0,-1052.0
50.0,-44.0,-1022.0
-171.0,56.0,-1139.0
19.0,203.0,-1100.0
-175.0,76.0,-1093.0
35.0,-46.0,-923.0
-124.0,3.0,-997.0
156.0,68.0,-991.0
-42.0,11.0,-1052.0
-9.0,-42.0,-960.0
-136.0,148.0,-1110.0
78.0,212.0,-1145.0
-162.0,136.0,-1122.0
7.0,-97.0,-901.0
-42.0,-76.0,-952.0
193.0,64.0,-1020.0
-9.0,130.0,-1001.0
60.0,-29.0,-977.0
-163.0,-89.0,-1095.0
140.0,212.0,-1126.0
-91.0,191.0,-1153.0
109.0,-64.0,-903.0
-80.0,-107.0,-882.0
208.0,-48.0,-981.0
136.0,64.0,-1079.0
29.0,-83.0,-1024.0
-5.0,-17.0,-974.0
-29.0,72.0,-1095.0
64.0,162.0,-1112.0
-39.0,-44.0,-1011.0
68.0,-204.0,-895.0
15.0,-48.0,-952.0
240.0,42.0,-1054.0
15.0,5.0,-974.0
-31.0,-136.0,-923.0
-122.0,74.0,-1167.0
17.0,142.0,-1179.0
1.0,-15.0,-1052.0
-44.0,-197.0,-892.0
56.0,-156.0,-903.0
66.0,58.0,-1040.0
19.0,-99.0,-1106.0
-144.0,-29.0,-1022.0
-99.0,1.0,-1013.0
-85.0,128.0,-1141.0
-7.0,-5.0,-1063.0
29.0,-87.0,-954.0
-85.0,-97.0,-929.0
218.0,33.0,-1054.0
-85.0,-7.0,-1015.0
80.0,-42.0,-989.0
-206.0,-27.0,-1044.0
111.0,216.0,-1136.0
-126.0,89.0,-1100.0
105.0,-31.0,-983.0
-46.0,-165.0,-878.0
121.0,-68.0,-940.0
156.0,40.0,-1073.0
-13.0,-7.0,-1085.0
23.0,107.0,-964.0
-136.0,99.0,-1069.0
265.0,103.0,-1056.0
-197.0,-109.0,-1056.0
337.0,-136.0,-864.0
-97.0,60.0,-1042.0
335.0,52.0,-931.0
-115.0,11.0,-1036.0
-44.0,-72.0,-991.0
17.0,89.0,-1132.0
-40.0,195.0,-1081.0
111.0,9.0,-1026.0
-89.0,-40.0,-921.0
130.0,-48.0,-911.0
130.0,7.0,-1007.0
-80.0,-25.0,-1069.0
11.0,23.0,-1067.0
-203.0,203.0,-1056.0
122.0,214.0,-1075.0
-201.0,-13.0,-1095.0
111.0,-201.0,-991.0
-113.0,-17.0,-927.0
259.0,208.0,-985.0
-132.0,80.0,-1089.0
-21.0,-17.0,-962.0
-242.0,3.0,-1098.0
50.0,204.0,-1114.0
31.0,171.0,-1116.0
-54.0,-1.0,-966.0
85.0,-83.0,-864.0
44.0,64.0,-1013.0
109.0,97.0,-1024.0
-29.0,-13.0,-1108.0
-234.0,39.0,-1042.0
68.0,150.0,-1030.0
-62.0,284.0,-1065.0
212.0,-91.0,-991.0
-78.0,-105.0,-933.0
224.0,-66.0,-976.0
64.0,126.0,-995.0
3.0,134.0,-968.0
-76.0,-78.0,-1028.0
5.0,48.0,-1114.0
66.0,171.0,-1079.0
48.0,66.0,-1034.0
56.0,-117.0,-923.0
25.0,-130.0,-917.0
74.0,37.0,-1028.0
-72.0,27.0,-1114.0
9.0,-13.0,-993.0
-150.0,70.0,-1056.0
107.0,62.0,-1034.0
-52.0,134.0,-1075.0
-7.0,-179.0,-997.0
25.0,-121.0,-927.0
-7.0,50.0,-1063.0
3.0,52.0,-1018.0
-80.0,-21.0,-942.0
-103.0,-35.0,-1030.0
89.0,122.0,-1198.0
-173.0,66.0,-1161.0
85.0,-21.0,-942.0
-208.0,-93.0,-913.0
271.0,-81.0,-886.0
-134.0,35.0,-1050.0
85.0,7.0,-1087.0
-160.0,39.0,-1056.0
109.0,117.0,-1063.0
-62.0,101.0,-1116.0
31.0,-97.0,-958.0
3.0,-52.0,-911.0
52.0,7.0,-985.0
197.0,15.0,-1044.0
-95.0,-70.0,-997.0
136.0,-35.0,-989.0
-76.0,171.0,-1104.0
171.0,68.0,-1108.0
-140.0,-25.0,-1046.0
85.0,-156.0,-890.0
95.0,-68.0,-897.0
154.0,58.0,-1048.0
0.0,-117.0,-1073.0
-25.0,23.0,-1011.0
-80.0,146.0,-1028.0
91.0,177.0,-1134.0
-105.0,-99.0,-1034.0
46.0,-220.0,-944.0
-107.0,11.0,-942.0
267.0,25.0,-1042.0
-103.0,-3.0,-1056.0
50.0,-124.0,-981.0
-245.0,89.0,-1073.0
91.0,249.0,-1124.0
-199.0,9.0,-1177.0
-9.0,-130.0,-911.0
-115.0,-40.0,-952.0
113.0,52.0,-952.0
74.0,-44.0,-1020.0
-89.0,0.0,-1067.0
-95.0,91.0,-1104.0
-91.0,247.0,-1054.0
52.0,146.0,-1013.0
-40.0,-130.0,-1030.0
-1.0,-93.0,-954.0
165.0,50.0,-952.0
33.0,167.0,-977.0
46.0,-60.0,-1001.0
-146.0,-1.0,-1069.0
83.0,201.0,-1138.0
-140.0,181.0,-1073.0
179.0,-35.0,-903.0
-201.0,-78.0,-987.0
320.0,-80.0,-925.0
31.0,158.0,-1034.0
124.0,-72.0,-989.0
-103.0,60.0,-1007.0
-17.0,117.0,-1083.0
56.0,259.0,-1175.0
-83.0,-48.0,-981.0
99.0,-245.0,-835.0
-42.0,-3.0,-1054.0
245.0,142.0,-1063.0
-42.0,58.0,-981.0
-5.0,-126.0,-878.0
-134.0,52.0,-1171.0
87.0,183.0,-1179.0
-105.0,115.0,-1075.0
37.0,-122.0,-841.0
-66.0,-173.0,-942.0
203.0,7.0,-1026.0
-105.0,121.0,-1130.0
7.0,-23.0,-977.0
-236.0,68.0,-1056.0
23.0,167.0,-1118.0
-70.0,101.0,-1067.0
72.0,-78.0,-966.0
-64.0,-119.0,-931.0
206.0,-33.0,-1022.0
17.0,70.0,-1048.0
54.0,50.0,-1011.0
-119.0,52.0,-956.0
171.0,89.0,-1077.0
66.0,81.0,-1175.0
222.0,5.0,-1056.0
160.0,-111.0,-794.0
402.0,-64.0,-913.0
398.0,19.0,-1026.0
284.0,42.0,-1106.0
203.0,25.0,-1005.0
279.0,58.0,-1056.0
616.0,52.0,-1091.0
294.0,-52.0,-1063.0
638.0,-105.0,-849.0
281.0,0.0,-954.0
761.0,-46.0,-1026.0
257.0,1.0,-1097.0
493.0,-72.0,-950.0
206.0,60.0,-1052.0
474.0,124.0,-1015.0
378.0,-31.0,-1067.0
322.0,-99.0,-976.0
361.0,-13.0,-839.0
214.0,-1.0,-956.0
238.0,-78.0,-1015.0
-23.0,1.0,-1085.0
74.0,124.0,-1069.0
-3.0,132.0,-1098.0
78.0,-95.0,-966.0
-15.0,-95.0,-997.0
7.0,-5.0,-952.0
119.0,111.0,-1057.0
-177.0,-15.0,-1056.0
19.0,-15.0,-976.0
-234.0,-1.0,-1122.0
175.0,206.0,-1093.0
-160.0,101.0,-1177.0
97.0,-122.0,-944.0
-95.0,-9.0,-1005.0
210.0,93.0,-938.0
68.0,70.0,-1089.0
-9.0,-60.0,-1044.0
-99.0,1.0,-1083.0
85.0,115.0,-1102.0
64.0,183.0,-1104.0
189.0,-37.0,-1013.0
11.0,-173.0,-942.0
284.0,-1.0,-1003.0
175.0,68.0,-972.0
138.0,21.0,-964.0
-48.0,-48.0,-1056.0
132.0,64.0,-1097.0
132.0,173.0,-1087.0
117.0,-1.0,-960.0
107.0,-89.0,-952.0
-11.0,-87.0,-936.0
210.0,117.0,-972.0
-148.0,-25.0,-1087.0
121.0,-60.0,-970.0
-253.0,78.0,-1061.0
130.0,130.0,-1024.0
-60.0,60.0,-1056.0
9.0,-93.0,-901.0
42.0,-105.0,-983.0
17.0,136.0,-1028.0
-15.0,91.0,-976.0
-175.0,-52.0,-944.0
-58.0,-52.0,-1067.0
60.0,171.0,-1169.0
-52.0,169.0,-1130.0
89.0,-17.0,-903.0
-199.0,-54.0,-890.0
163.0,-7.0,-1022.0
-85.0,97.0,-1065.0
62.0,1.0,-1020.0
-191.0,-13.0,-1018.0
224.0,95.0,-1100.0
-119.0,167.0,-1112.0
144.0,-48.0,-1022.0
-154.0,-136.0,-894.0
162.0,13.0,-929.0
58.0,154.0,-1052.0
115.0,-83.0,-1020.0
-5.0,-29.0,-964.0
7.0,-15.0,-1052.0
279.0,142.0,-1151.0
-146.0,40.0,-1091.0
199.0,-107.0,-876.0
-150.0,-66.0,-886.0
314.0,-46.0,-946.0
-91.0,60.0,-1108.0
199.0,-17.0,-972.0
-70.0,81.0,-1032.0
42.0,97.0,-1116.0
-29.0,-56.0,-1056.0
-142.0,-93.0,-917.0
87.0,-81.0,-901.0
56.0,154.0,-1026.0
195.0,-19.0,-981.0
-97.0,-54.0,-1042.0
39.0,31.0,-1048.0
-37.0,93.0,-1143.0
-89.0,142.0,-1069.0
-31.0,-91.0,-1042.0
-93.0,-5.0,-923.0
173.0,-13.0,-925.0
-81.0,-5.0,-1050.0
113.0,-13.0,-1079.0
-134.0,62.0,-1108.0
107.0,265.0,-1083.0
-107.0,35.0,-1116.0
-35.0,-105.0,-931.0
23.0,-83.0,-950.0
154.0,29.0,-981.0
265.0,85.0,-1028.0
-56.0,1.0,-1020.0
113.0,7.0,-1015.0
-23.0,95.0,-1147.0
1.0,113.0,-1153.0
-60.0,-89.0,-935.0
66.0,-107.0,-800.0
185.0,29.0,-989.0
224.0,91.0,-1048.0
-37.0,-50.0,-1052.0
-33.0,-105.0,-940.0
-17.0,99.0,-1063.0
177.0,175.0,-1141.0
-165.0,31.0,-1079.0
103.0,-224.0,-851.0
-167.0,-111.0,-950.0
304.0,31.0,-1009.0
-66.0,107.0,-1024.0
113.0,25.0,-933.0
-298.0,29.0,-1198.0
44.0,134.0,-1136.0
-265.0,29.0,-1114.0
89.0,-136.0,-825.0
-44.0,-101.0,-911.0
269.0,42.0,-993.0
-97.0,134.0,-1126.0
-5.0,0.0,-1022.0
-204.0,-31.0,-1028.0
29.0,173.0,-1124.0
-156.0,105.0,-1134.0
91.0,23.0,-944.0
-126.0,-105.0,-913.0
242.0,-111.0,-952.0
35.0,76.0,-1022.0
-81.0,132.0,-1071.0
-48.0,122.0,-1003.0
-134.0,197.0,-1198.0
-50.0,54.0,-1100.0
42.0,-29.0,-993.0
122.0,-175.0,-804.0
277.0,-29.0,-899.0
58.0,126.0,-1054.0
46.0,-7.0,-1095.0
-222.0,103.0,-1030.0
52.0,44.0,-1098.0
3.0,121.0,-1061.0
85.0,15.0,-1034.0
13.0,-136.0,-854.0
240.0,-136.0,-925.0
-25.0,-19.0,-1030.0
52.0,81.0,-997.0
-240.0,37.0,-1145.0
-21.0,142.0,-1079.0
0.0,138.0,-1081.0
46.0,-31.0,-1036.0
78.0,-179.0,-929.0
136.0,-132.0,-903.0
19.0,29.0,-1034.0
23.0,29.0,-1026.0
-271.0,29.0,-1124.0
25.0,50.0,-1020.0
48.0,249.0,-1079.0
0.0,115.0,-1110.0
11.0,-220.0,-999.0
-72.0,-140.0,-915.0
-33.0,-58.0,-993.0
-7.0,212.0,-1022.0
-152.0,46.0,-1022.0
-23.0,64.0,-1052.0
-29.0,162.0,-1141.0
95.0,101.0,-1007.0
-52.0,-9.0,-1093.0
29.0,-171.0,-856.0
187.0,-46.0,-929.0
-136.0,31.0,-993.0
259.0,-5.0,-1015.0
-325.0,163.0,-1165.0
331.0,68.0,-1018.0
-99.0,187.0,-1155.0
173.0,-128.0,-944.0
-50.0,-89.0,-909.0
83.0,-101.0,-958.0
156.0,-50.0,-1030.0
-105.0,74.0,-927.0
113.0,-19.0,-1042.0
-99.0,103.0,-1145.0
312.0,163.0,-1093.0
-275.0,81.0,-1100.0
325.0,-242.0,-847.0
-327.0,-150.0,-940.0
476.0,-95.0,-847.0
-331.0,80.0,-1262.0
224.0,-15.0,-1018.0
-222.0,208.0,-1093.0
144.0,158.0,-1026.0
-195.0,-46.0,-1180.0
66.0,-117.0,-905.0
-76.0,-220.0,-1007.0
95.0,-3.0,-952.0
33.0,78.0,-964.0
-122.0,81.0,-1048.0
-117.0,115.0,-1050.0
212.0,119.0,-1202.0
-357.0,85.0,-1202.0
171.0,-37.0,-847.0
-310.0,17.0,-860.0
314.0,-162.0,-1018.0
-95.0,-9.0,-1042.0
115.0,-42.0,-1026.0
-201.0,130.0,-1075.0
81.0,302.0,-1085.0
-15.0,277.0,-1139.0
-19.0,-39.0,-966.0
85.0,-269.0,-870.0
111.0,-76.0,-874.0
279.0,-33.0,-1040.0
-167.0,-17.0,-981.0
173.0,93.0,-1034.0
-195.0,193.0,-1180.0
216.0,247.0,-993.0
-87.0,-11.0,-1003.0
56.0,-220.0,-927.0
148.0,-117.0,-868.0
163.0,-40.0,-956.0
17.0,-19.0,-1097.0
-126.0,76.0,-1075.0
-93.0,179.0,-1124.0
13.0,144.0,-1153.0
-7.0,-1.0,-1011.0
80.0,-171.0,-839.0
11.0,-124.0,-946.0
244.0,13.0,-1067.0
-156.0,-35.0,-1108.0
-76.0,25.0,-952.0
-210.0,97.0,-1132.0
74.0,265.0,-1171.0
-232.0,163.0,-1143.0
52.0,-48.0,-884.0
-150.0,-171.0,-997.0
281.0,-54.0,-999.0
-21.0,-13.0,-1050.0
-46.0,-138.0,-880.0
-121.0,113.0,-1020.0
-115.0,337.0,-1319.0
105.0,325.0,-1118.0
-27.0,-121.0,-938.0
156.0,-335.0,-683.0
203.0,-103.0,-993.0
-35.0,156.0,-1138.0
74.0,115.0,-1030.0
-333.0,68.0,-999.0
111.0,101.0,-1054.0
-48.0,236.0,-1200.0
42.0,11.0,-940.0
179.0,-124.0,-815.0
-87.0,-214.0,-1009.0
417.0,-31.0,-933.0
-183.0,66.0,-1206.0
78.0,-144.0,-907.0
-132.0,130.0,-1018.0
-15.0,306.0,-1048.0
87.0,163.0,-1165.0
58.0,-197.0,-966.0
76.0,-314.0,-868.0
244.0,-7.0,-913.0
-183.0,122.0,-1073.0
122.0,37.0,-966.0
-353.0,130.0,-1264.0
240.0,37.0,-1145.0
-201.0,56.0,-1097.0
140.0,-93.0,-813.0
-87.0,-163.0,-1048.0
-5.0,44.0,-981.0
93.0,-97.0,-991.0
-452.0,-54.0,-1159.0
212.0,19.0,-938.0
-183.0,484.0,-1159.0
37.0,193.0,-1167.0
-171.0,-140.0,-944.0
74.0,-152.0,-849.0
-21.0,-175.0,-1052.0
103.0,-11.0,-915.0
-93.0,81.0,-1034.0
-160.0,187.0,-1098.0
83.0,284.0,-1147.0
-5.0,146.0,-1169.0
5.0,-199.0,-1015.0
58.0,-175.0,-778.0
76.0,-19.0,-979.0
273.0,72.0,-929.0
-220.0,-48.0,-1114.0
167.0,-105.0,-907.0
-109.0,308.0,-1233.0
204.0,273.0,-1022.0
70.0,89.0,-966.0
-44.0,-214.0,-815.0
240.0,-228.0,-921.0
66.0,62.0,-1116.0
171.0,-152.0,-1073.0
-214.0,15.0,-944.0
-52.0,199.0,-1059.0
-7.0,343.0,-1221.0
-124.0,-29.0,-1184.0
109.0,-386.0,-679.0
-50.0,-107.0,-948.0
228.0,109.0,-974.0
72.0,224.0,-1161.0
-255.0,-177.0,-1110.0
91.0,-68.0,-933.0
-251.0,290.0,-1141.0
162.0,232.0,-1024.0
-175.0,89.0,-1057.0
76.0,-337.0,-874.0
85.0,-203.0,-1026.0
33.0,101.0,-1036.0
0.0,158.0,-1042.0
-144.0,206.0,-1036.0
-150.0,89.0,-1216.0
214.0,150.0,-1030.0
-74.0,-19.0,-1093.0
119.0,-290.0,-913.0
-54.0,-136.0,-860.0
156.0,150.0,-876.0
-85.0,93.0,-1114.0
130.0,39.0,-1007.0
-95.0,142.0,-1200.0
121.0,70.0,-1071.0
-70.0,103.0,-954.0
306.0,-199.0,-788.0
-15.0,-152.0,-938.0
275.0,-101.0,-935.0
-103.0,46.0,-1048.0
-31.0,68.0,-1169.0
-80.0,99.0,-1124.0
66.0,165.0,-1003.0
-124.0,40.0,-1001.0
58.0,-31.0,-929.0
62.0,-117.0,-1026.0
80.0,-150.0,-966.0
-7.0,-251.0,-958.0
-64.0,37.0,-1048.0
29.0,216.0,-1153.0
31.0,380.0,-1102.0
-158.0,-42.0,-1026.0
58.0,-167.0,-913.0
-187.0,-189.0,-1011.0
376.0,-54.0,-956.0
-169.0,70.0,-1122.0
44.0,25.0,-968.0
-249.0,111.0,-1085.0
13.0,288.0,-1139.0
-48.0,37.0,-1161.0
-136.0,-158.0,-884.0
46.0,-191.0,-897.0
48.0,81.0,-1011.0
279.0,85.0,-1007.0
-93.0,-122.0,-958.0
-23.0,0.0,-1018.0
-48.0,249.0,-1221.0
111.0,376.0,-1116.0
-25.0,-1.0,-946.0
-1.0,-286.0,-831.0
132.0,-220.0,-997.0
216.0,60.0,-964.0
62.0,-35.0,-1011.0
-93.0,33.0,-1063.0
-111.0,195.0,-1157.0
60.0,310.0,-1091.0
11.0,-11.0,-942.0
185.0,-230.0,-827.0
11.0,-175.0,-958.0
404.0,109.0,-974.0
-91.0,66.0,-1102.0
52.0,-50.0,-956.0
-298.0,15.0,-1157.0
122.0,247.0,-1132.0
-228.0,107.0,-1095.0
230.0,-162.0,-835.0
-189.0,-183.0,-960.0
407.0,-40.0,-1024.0
-214.0,81.0,-1151.0
105.0,-62.0,-907.0
-427.0,130.0,-1042.0
91.0,230.0,-1208.0
-160.0,154.0,-1169.0
80.0,-80.0,-888.0
-50.0,-228.0,-798.0
201.0,64.0,-1056.0
-15.0,81.0,-1112.0
-132.0,-46.0,-954.0
-224.0,25.0,-1026.0
-39.0,220.0,-1229.0
154.0,238.0,-1120.0
80.0,-17.0,-977.0
52.0,-111.0,-831.0
103.0,-146.0,-946.0
80.0,-17.0,-1054.0
-35.0,-1.0,-1122.0
-156.0,113.0,-1009.0
35.0,214.0,-1063.0
19.0,148.0,-1128.0
109.0,-25.0,-987.0
37.0,-124.0,-903.0
29.0,-146.0,-913.0
206.0,-54.0,-1009.0
-93.0,-25.0,-1071.0
46.0,-27.0,-1009.0
-152.0,199.0,-993.0
218.0,238.0,-1093.0
-78.0,50.0,-1175.0
124.0,-175.0,-931.0
-117.0,-146.0,-858.0
62.0,17.0,-979.0
-21.0,-119.0,-1040.0
-25.0,-93.0,-1020.0
-126.0,128.0,-1138.0
62.0,314.0,-1100.0
-19.0,91.0,-1098.0
-101.0,-154.0,-942.0
29.0,-138.0,-886.0
52.0,-13.0,-981.0
179.0,-23.0,-1009.0
-91.0,-5.0,-1011.0
-17.0,72.0,-1141.0
-17.0,294.0,-1136.0
-25.0,181.0,-1089.0
27.0,-124.0,-907.0
15.0,-169.0,-936.0
193.0,-37.0,-1020.0
25.0,19.0,-964.0
-13.0,-17.0,-972.0
-121.0,19.0,-1085.0
105.0,257.0,-1184.0
-66.0,259.0,-1108.0
64.0,-40.0,-874.0
-113.0,-210.0,-911.0
158.0,-154.0,-997.0
173.0,42.0,-1034.0
-50.0,11.0,-1026.0
-7.0,-78.0,-917.0
-177.0,230.0,-1132.0
163.0,242.0,-1173.0
-95.0,58.0,-1063.0
56.0,-269.0,-804.0
-23.0,-158.0,-940.0
201.0,27.0,-1059.0
29.0,5.0,-1030.0
-21.0,-35.0,-972.0
-154.0,40.0,-1091.0
158.0,265.0,-1143.0
-165.0,128.0,-1159.0
119.0,-195.0,-868.0
-91.0,-199.0,-854.0
247.0,-64.0,-979.0
5.0,113.0,-1093.0
-54.0,-25.0,-1022.0
-154.0,95.0,-1093.0
-62.0,167.0,-1147.0
-15.0,163.0,-1087.0
-87.0,-13.0,-942.0
19.0,-144.0,-927.0
74.0,-99.0,-974.0
105.0,-54.0,-1003.0
-99.0,46.0,-1097.0
-58.0,76.0,-999.0
-103.0,384.0,-1122.0
13.0,181.0,-1065.0
87.0,-78.0,-989.0
3.0,-165.0,-884.0
257.0,-163.0,-938.0
107.0,175.0,-1018.0
62.0,-33.0,-1026.0
-218.0,7.0,-1048.0
1.0,136.0,-1069.0
23.0,228.0,-1145.0
52.0,-1.0,-1016.0
169.0,-142.0,-886.0
-15.0,-68.0,-903.0
306.0,-39.0,-979.0
-167.0,-89.0,-1028.0
48.0,-35.0,-1034.0
-273.0,181.0,-1143.0
238.0,263.0,-1112.0
-89.0,50.0,-1020.0
121.0,-271.0,-886.0
78.0,-206.0,-894.0
66.0,113.0,-1087.0
19.0,-13.0,-1052.0
-181.0,-40.0,-944.0
-29.0,52.0,-1036.0
-37.0,261.0,-1216.0
74.0,163.0,-1114.0
-93.0,-117.0,-972.0
-121.0,-187.0,-923.0
103.0,-76.0,-950.0
0.0,39.0,-1020.0
-72.0,-44.0,-1050.0
-185.0,37.0,-1028.0
81.0,308.0,-1153.0
-78.0,220.0,-1116.0
113.0,-93.0,-1009.0
-175.0,-240.0,-854.0
210.0,-19.0,-915.0
40.0,99.0,-1122.0
126.0,-85.0,-977.0
-144.0,-7.0,-954.0
37.0,187.0,-1040.0
232.0,312.0,-1194.0
-169.0,-33.0,-1120.0
136.0,-212.0,-843.0
-68.0,-101.0,-921.0
316.0,-37.0,-921.0
-37.0,-40.0,-1018.0
-3.0,-27.0,-1013.0
0.0,238.0,-1139.0
23.0,284.0,-1143.0
72.0,54.0,-1032.0
-115.0,-191.0,-874.0
109.0,-144.0,-860.0
70.0,-46.0,-1063.0
191.0,-48.0,-1015.0
-132.0,-76.0,-1061.0
-46.0,107.0,-1001.0
33.0,327.0,-1116.0
0.0,138.0,-1077.0
-15.0,-175.0,-1048.0
-103.0,-165.0,-933.0
167.0,-163.0,-981.0
29.0,-31.0,-933.0
40.0,39.0,-954.0
-298.0,85.0,-1202.0
44.0,322.0,-1190.0
-185.0,179.0,-1139.0
-5.0,-97.0,-927.0
-52.0,-247.0,-860.0
163.0,-72.0,-935.0
171.0,70.0,-1065.0
-23.0,-31.0,-1061.0
-117.0,-1.0,-1026.0
-70.0,279.0,-1114.0
54.0,220.0,-1089.0
46.0,46.0,-1032.0
-76.0,-58.0,-895.0
167.0,-187.0,-958.0
160.0,-21.0,-976.0
21.0,-87.0,-974.0
-121.0,52.0,-1013.0
-66.0,210.0,-1212.0
-19.0,324.0,-1184.0
-70.0,42.0,-931.0
62.0,-197.0,-858.0
11.0,-218.0,-925.0
382.0,-101.0,-974.0
-62.0,9.0,-1036.0
15.0,29.0,-1075.0
-333.0,179.0,-1044.0
288.0,212.0,-1056.0
-191.0,134.0,-1153.0
238.0,-228.0,-872.0
-165.0,-95.0,-946.0
380.0,-93.0,-979.0
-37.0,-48.0,-1085.0
1.0,-101.0,-913.0
-195.0,74.0,-1073.0
5.0,400.0,-1184.0
-5.0,204.0,-1180.0
-54.0,-3.0,-962.0
-21.0,-370.0,-815.0
183.0,-95.0,-895.0
103.0,29.0,-1132.0
-126.0,-39.0,-1091.0
-286.0,89.0,-1028.0
-56.0,306.0,-1100.0
13.0,286.0,-1139.0
68.0,-89.0,-956.0
-19.0,-234.0,-895.0
111.0,-66.0,-958.0
46.0,46.0,-1036.0
11.0,-64.0,-1022.0
-259.0,-19.0,-1046.0
0.0,226.0,-1063.0
80.0,329.0,-1165.0
78.0,35.0,-1032.0
-66.0,-187.0,-929.0
128.0,-208.0,-825.0
193.0,-44.0,-1042.0
99.0,-50.0,-979.0
-74.0,119.0,-1122.0
-204.0,191.0,-1071.0
228.0,218.0,-1067.0
-132.0,64.0,-1050.0
384.0,-206.0,-897.0
-187.0,-146.0,-1015.0
644.0,-17.0,-841.0
-374.0,9.0,-1130.0
42.0,-195.0,-899.0
-359.0,126.0,-1171.0
322.0,263.0,-1180.0
-103.0,181.0,-1077.0
222.0,-11.0,-759.0
-183.0,-210.0,-1024.0
242.0,-113.0,-940.0
-80.0,-68.0,-1114.0
-193.0,-48.0,-1040.0
-156.0,81.0,-1100.0
-58.0,349.0,-1095.0
119.0,193.0,-1075.0
-113.0,-29.0,-1013.0
-76.0,-324.0,-909.0
111.0,-70.0,-974.0
46.0,74.0,-1036.0
-76.0,-35.0,-1061.0
-179.0,62.0,-948.0
-68.0,146.0,-1194.0
105.0,275.0,-1093.0
5.0,89.0,-1128.0
1.0,-214.0,-888.0
39.0,-144.0,-868.0
177.0,-5.0,-944.0
7.0,25.0,-1085.0
-122.0,-13.0,-1087.0
-21.0,105.0,-1048.0
138.0,201.0,-1134.0
-81.0,167.0,-1077.0
134.0,-134.0,-847.0
-70.0,-179.0,-911.0
185.0,-72.0,-997.0
115.0,-54.0,-966.0
-78.0,-11.0,-1036.0
9.0,81.0,-1108.0
42.0,292.0,-1130.0
-52.0,144.0,-1050.0
50.0,-107.0,-888.0
-44.0,-160.0,-968.0
259.0,-191.0,-933.0
-128.0,7.0,-1018.0
27.0,-48.0,-1009.0
-126.0,85.0,-1147.0
60.0,290.0,-1079.0
-40.0,204.0,-1106.0
-54.0,-52.0,-979.0
-134.0,-206.0,-940.0
210.0,-99.0,-907.0
101.0,-81.0,-1069.0
-39.0,17.0,-1026.0
3.0,81.0,-1026.0
-185.0,277.0,-1196.0
103.0,212.0,-1061.0
-265.0,19.0,-1098.0
-7.0,-220.0,-927.0
103.0,-52.0,-851.0
97.0,42.0,-952.0
128.0,-93.0,-1098.0
-277.0,21.0,-1104.0
87.0,187.0,-1079.0
-189.0,310.0,-1169.0
138.0,15.0,-981.0
-160.0,-173.0,-962.0
121.0,-181.0,-872.0
238.0,-81.0,-919.0
17.0,56.0,-1057.0
-5.0,-17.0,-1065.0
-40.0,206.0,-1081.0
27.0,244.0,-1163.0
-7.0,48.0,-1042.0
-76.0,-128.0,-915.0
117.0,-249.0,-800.0
290.0,35.0,-1020.0
144.0,-33.0,-1030.0
-70.0,-60.0,-1089.0
-226.0,39.0,-1036.0
171.0,234.0,-1018.0
-42.0,312.0,-1095.0
33.0,-74.0,-1063.0
-195.0,-204.0,-925.0
242.0,-107.0,-894.0
37.0,-54.0,-1050.0
29.0,11.0,-1057.0
-277.0,21.0,-1032.0
81.0,359.0,-1204.0
-177.0,158.0,-1180.0
181.0,-99.0,-925.0
-511.0,-210.0,-991.0
448.0,-142.0,-778.0
-74.0,91.0,-1065.0
210.0,-13.0,-1022.0
-322.0,60.0,-1175.0
91.0,99.0,-1052.0
-27.0,228.0,-1106.0
-40.0,50.0,-1024.0
-76.0,-83.0,-936.0
74.0,-201.0,-936.0
320.0,-54.0,-958.0
126.0,-5.0,-966.0
-162.0,138.0,-1020.0
-37.0,150.0,-1200.0
183.0,179.0,-1139.0
-52.0,144.0,-1069.0
-15.0,-163.0,-858.0
-72.0,-242.0,-886.0
468.0,-81.0,-921.0
87.0,-29.0,-1104.0
-154.0,142.0,-1056.0
-111.0,95.0,-1061.0
-173.0,290.0,-1132.0
279.0,11.0,-1061.0
-216.0,-46.0,-917.0
210.0,-165.0,-788.0
66.0,-48.0,-987.0
406.0,-37.0,-999.0
-314.0,-64.0,-1171.0
-203.0,58.0,-1011.0
134.0,257.0,-997.0
-121.0,167.0,-1179.0
220.0,-35.0,-952.0
-378.0,-46.0,-1013.0
288.0,-242.0,-950.0
185.0,-105.0,-1030.0
-11.0,7.0,-983.0
-279.0,109.0,-1085.0
-154.0,318.0,-1093.0
21.0,138.0,-1216.0
-113.0,-42.0,-1110.0
-21.0,-251.0,-849.0
156.0,-97.0,-841.0
294.0,181.0,-981.0
-48.0,7.0,-1042.0
-411.0,25.0,-1110.0
-148.0,175.0,-1118.0
341.0,353.0,-1202.0
29.0,-99.0,-1046.0
316.0,-154.0,-550.0
-107.0,-70.0,-1026.0
470.0,-111.0,-989.0
11.0,42.0,-1141.0
-322.0,-72.0,-1108.0
-206.0,113.0,-991.0
103.0,419.0,-1089.0
-23.0,101.0,-1046.0
249.0,-210.0,-921.0
-431.0,-275.0,-981.0
718.0,5.0,-849.0
-382.0,146.0,-1247.0
238.0,-134.0,-915.0
-546.0,105.0,-1083.0
415.0,199.0,-944.0
87.0,158.0,-1239.0
80.0,-81.0,-935.0
-50.0,-302.0,-884.0
-44.0,-140.0,-1040.0
281.0,107.0,-962.0
-122.0,95.0,-1169.0
-386.0,124.0,-1015.0
185.0,152.0,-1018.0
-66.0,214.0,-1198.0
142.0,-154.0,-1188.0
-435.0,-136.0,-876.0
284.0,-206.0,-743.0
-113.0,-76.0,-995.0
263.0,154.0,-929.0
-603.0,187.0,-1364.0
83.0,218.0,-1179.0
70.0,286.0,-1149.0
136.0,-107.0,-868.0
-21.0,-331.0,-733.0
-56.0,-119.0,-958.0
271.0,107.0,-1155.0
-25.0,-27.0,-1210.0
-216.0,-15.0,-956.0
-66.0,58.0,-894.0
195.0,343.0,-1009.0
142.0,124.0,-1100.0
-179.0,87.0,-1077.0
-44.0,-195.0,-946.0
253.0,-158.0,-938.0
183.0,-95.0,-936.0
-54.0,-119.0,-987.0
-89.0,242.0,-944.0
80.0,435.0,-1259.0
60.0,140.0,-1223.0
-52.0,-349.0,-927.0
-173.0,-433.0,-757.0
359.0,-39.0,-837.0
111.0,193.0,-1186.0
-132.0,175.0,-1056.0
-150.0,68.0,-991.0
-66.0,119.0,-1245.0
142.0,40.0,-1067.0
50.0,-64.0,-897.0
-335.0,-124.0,-968.0
386.0,-113.0,-913.0
-80.0,74.0,-1083.0
201.0,-128.0,-981.0
-493.0,101.0,-1093.0
195.0,267.0,-1169.0
-23.0,240.0,-1266.0
15.0,95.0,-919.0
-107.0,-308.0,-716.0
-37.0,-216.0,-958.0
294.0,-1.0,-1114.0
3.0,64.0,-1169.0
-160.0,91.0,-966.0
-48.0,175.0,-983.0
154.0,450.0,-1040.0
68.0,5.0,-1182.0
-101.0,-189.0,-901.0
74.0,-171.0,-907.0
179.0,7.0,-1116.0
363.0,-15.0,-952.0
-296.0,-21.0,-895.0
-97.0,48.0,-954.0
-15.0,396.0,-1280.0
15.0,109.0,-1341.0
95.0,-232.0,-845.0
-87.0,-201.0,-593.0
419.0,-70.0,-804.0
183.0,152.0,-1206.0
-72.0,5.0,-1163.0
-249.0,29.0,-1097.0
66.0,154.0,-1067.0
29.0,212.0,-991.0
126.0,5.0,-944.0
-345.0,-263.0,-1007.0
544.0,-199.0,-872.0
-173.0,23.0,-1212.0
175.0,-89.0,-968.0
-390.0,175.0,-1065.0
39.0,191.0,-1104.0
162.0,236.0,-1138.0
-25.0,-87.0,-905.0
-15.0,-253.0,-884.0
-132.0,-167.0,-1015.0
476.0,40.0,-993.0
-376.0,115.0,-1179.0
-48.0,99.0,-952.0
-199.0,224.0,-1118.0
29.0,226.0,-1130.0
21.0,74.0,-989.0
-121.0,-152.0,-938.0
1.0,-247.0,-1097.0
312.0,-46.0,-892.0
48.0,-64.0,-962.0
-388.0,85.0,-1044.0
-52.0,325.0,-1015.0
124.0,417.0,-1305.0
81.0,-89.0,-1075.0
240.0,-148.0,-704.0
-247.0,-251.0,-952.0
519.0,-15.0,-884.0
-179.0,107.0,-1118.0
-58.0,-206.0,-1106.0
-409.0,111.0,-1083.0
253.0,273.0,-1032.0
136.0,181.0,-977.0
130.0,-144.0,-929.0
-242.0,-154.0,-892.0
452.0,35.0,-1040.0
-70.0,-23.0,-1206.0
119.0,-179.0,-864.0
-376.0,42.0,-884.0
189.0,279.0,-1067.0
208.0,160.0,-1294.0
48.0,-199.0,-1151.0
-247.0,-386.0,-808.0
199.0,-15.0,-700.0
7.0,121.0,-1173.0
89.0,70.0,-1132.0
-398.0,-5.0,-1046.0
144.0,74.0,-977.0
64.0,306.0,-1122.0
-52.0,140.0,-1093.0
-183.0,-230.0,-958.0
-201.0,-185.0,-1030.0
292.0,27.0,-962.0
1.0,60.0,-1108.0
-68.0,-76.0,-944.0
-160.0,66.0,-956.0
117.0,341.0,-1161.0
25.0,226.0,-1235.0
-48.0,-152.0,-966.0
-247.0,-214.0,-888.0
409.0,-152.0,-769.0
-35.0,95.0,-942.0
74.0,101.0,-1098.0
-177.0,236.0,-1292.0
185.0,269.0,-1128.0
103.0,111.0,-903.0
-5.0,-275.0,-936.0
-56.0,-366.0,-849.0
363.0,-7.0,-913.0
103.0,163.0,-1149.0
89.0,-72.0,-1042.0
-275.0,158.0,-921.0
173.0,99.0,-1026.0
-3.0,173.0,-1169.0
60.0,-23.0,-1038.0
-238.0,-171.0,-983.0
288.0,-68.0,-741.0
80.0,-93.0,-1155.0
83.0,-138.0,-1015.0
-158.0,52.0,-976.0
-80.0,351.0,-1169.0
-54.0,208.0,-1362.0
-56.0,-48.0,-960.0
-310.0,-380.0,-739.0
322.0,-140.0,-798.0
-9.0,185.0,-1315.0
306.0,203.0,-1075.0
-489.0,9.0,-1102.0
81.0,-39.0,-817.0
-40.0,349.0,-1145.0
-218.0,58.0,-1220.0
163.0,-244.0,-886.0
-382.0,-85.0,-944.0
560.0,-5.0,-876.0
-244.0,40.0,-1120.0
13.0,-11.0,-1044.0
-411.0,183.0,-1233.0
91.0,419.0,-1087.0
-163.0,60.0,-923.0
-204.0,-212.0,-870.0
-234.0,-406.0,-1050.0
37.0,1.0,-866.0
-181.0,255.0,-1218.0
-400.0,-27.0,-970.0
-214.0,64.0,-868.0
-620.0,242.0,-1073.0
62.0,148.0,-1044.0
-575.0,-48.0,-1167.0
-5.0,-402.0,-903.0
-132.0,-31.0,-860.0
-91.0,117.0,-936.0
-320.0,-103.0,-1028.0
-562.0,85.0,-1112.0
-206.0,126.0,-1266.0
-423.0,361.0,-1204.0
15.0,-103.0,-954.0
-392.0,-386.0,-802.0
95.0,-187.0,-835.0
-206.0,165.0,-1134.0
-46.0,150.0,-1116.0
-505.0,-37.0,-1177.0
-72.0,-23.0,-1007.0
-206.0,269.0,-1044.0
-126.0,76.0,-956.0
76.0,-142.0,-921.0
-187.0,-185.0,-1048.0
87.0,-17.0,-1007.0
-185.0,136.0,-1009.0
-281.0,-15.0,-1057.0
-95.0,152.0,-1087.0
-95.0,247.0,-1161.0
33.0,72.0,-909.0
-156.0,-204.0,-878.0
-138.0,-290.0,-979.0
74.0,-7.0,-1013.0
-167.0,201.0,-1130.0
-74.0,54.0,-878.0
15.0,228.0,-925.0
-148.0,253.0,-1184.0
169.0,-21.0,-1077.0
-128.0,-138.0,-1065.0
-64.0,-363.0,-817.0
322.0,60.0,-911.0
-138.0,130.0,-1100.0
193.0,-37.0,-929.0
-468.0,91.0,-1011.0
275.0,35.0,-1087.0
-208.0,304.0,-1307.0
91.0,-89.0,-1003.0
9.0,-122.0,-780.0
39.0,-117.0,-913.0
158.0,-48.0,-1050.0
-17.0,13.0,-1083.0
-146.0,-33.0,-1139.0
-58.0,195.0,-1024.0
0.0,279.0,-1198.0
-199.0,-80.0,-1069.0
163.0,-279.0,-819.0
-204.0,-25.0,-1018.0
322.0,50.0,-1061.0
-199.0,158.0,-1171.0
-50.0,-105.0,-989.0
-72.0,146.0,-995.0
-138.0,281.0,-1145.0
218.0,50.0,-1081.0
-261.0,-89.0,-1050.0
126.0,-283.0,-892.0
-54.0,72.0,-983.0
119.0,109.0,-1056.0
-179.0,5.0,-1073.0
33.0,189.0,-1022.0
-132.0,304.0,-1149.0
29.0,72.0,-1048.0
-81.0,-185.0,-970.0
39.0,-374.0,-849.0
189.0,60.0,-954.0
-5.0,167.0,-1007.0
175.0,48.0,-981.0
-277.0,1.0,-1046.0
251.0,203.0,-1044.0
-119.0,210.0,-1225.0
56.0,-208.0,-977.0
99.0,-242.0,-761.0
95.0,1.0,-950.0
195.0,29.0,-1022.0
-21.0,-13.0,-1048.0
-113.0,-83.0,-1046.0
76.0,230.0,-1118.0
-179.0,370.0,-1136.0
115.0,-66.0,-976.0
-218.0,-327.0,-866.0
242.0,-325.0,-915.0
31.0,99.0,-1100.0
128.0,146.0,-1095.0
-232.0,17.0,-993.0
37.0,58.0,-993.0
-238.0,236.0,-1188.0
48.0,21.0,-1061.0
-50.0,-156.0,-968.0
39.0,-201.0,-886.0
87.0,87.0,-995.0
44.0,64.0,-1018.0
-105.0,-101.0,-1034.0
-109.0,173.0,-1052.0
-60.0,314.0,-1180.0
-35.0,279.0,-1098.0
-117.0,-253.0,-964.0
115.0,-398.0,-854.0
62.0,-37.0,-972.0
64.0,226.0,-1100.0
-56.0,85.0,-1030.0
-130.0,95.0,-1005.0
-48.0,277.0,-1097.0
66.0,124.0,-1124.0
58.0,-134.0,-952.0
70.0,-234.0,-833.0
195.0,37.0,-909.0
76.0,13.0,-1124.0
-29.0,-72.0,-987.0
-46.0,42.0,-1036.0
-25.0,281.0,-1097.0
31.0,283.0,-1077.0
-27.0,-83.0,-1013.0
-3.0,-325.0,-884.0
187.0,-169.0,-907.0
-9.0,105.0,-1124.0
156.0,21.0,-981.0
-284.0,89.0,-1007.0
52.0,173.0,-1038.0
-21.0,228.0,-1177.0
-7.0,-31.0,-1065.0
121.0,-355.0,-888.0
11.0,-126.0,-925.0
115.0,40.0,-1001.0
-1.0,58.0,-1048.0
-251.0,-64.0,-1149.0
52.0,128.0,-970.0
-107.0,431.0,-1235.0
40.0,-1.0,-1034.0
37.0,-232.0,-860.0
-134.0,-191.0,-962.0
265.0,-35.0,-1034.0
-181.0,224.0,-1106.0
-35.0,-136.0,-905.0
-13.0,195.0,-1087.0
-48.0,337.0,-1177.0
261.0,162.0,-1032.0
-107.0,-111.0,-972.0
113.0,-353.0,-837.0
105.0,46.0,-985.0
44.0,23.0,-1095.0
-29.0,-13.0,-972.0
0.0,105.0,-1032.0
48.0,337.0,-1141.0
193.0,173.0,-1034.0
-97.0,-152.0,-983.0
87.0,-417.0,-788.0
119.0,-17.0,-1022.0
80.0,64.0,-1044.0
171.0,64.0,-1015.0
-238.0,-42.0,-985.0
230.0,146.0,-1003.0
-81.0,322.0,-1202.0
-21.0,-169.0,-1139.0
13.0,-269.0,-757.0
3.0,-126.0,-936.0
203.0,-35.0,-968.0
48.0,156.0,-1087.0
-126.0,-99.0,-1071.0
37.0,152.0,-1026.0
-103.0,267.0,-1184.0
31.0,7.0,-1104.0
-109.0,-206.0,-921.0
25.0,-220.0,-847.0
87.0,15.0,-979.0
76.0,107.0,-1116.0
-218.0,-33.0,-1067.0
103.0,187.0,-1036.0
-347.0,286.0,-1171.0
220.0,64.0,-997.0
-222.0,-81.0,-1013.0
201.0,-271.0,-868.0
58.0,5.0,-944.0
74.0,101.0,-989.0
1.0,-76.0,-1108.0
-64.0,189.0,-1059.0
46.0,390.0,-1050.0
66.0,199.0,-1052.0
-54.0,-203.0,-1018.0
185.0,-349.0,-884.0
74.0,7.0,-933.0
206.0,31.0,-993.0
-11.0,46.0,-1011.0
0.0,40.0,-1063.0
-91.0,273.0,-1100.0
95.0,218.0,-1098.0
-148.0,-163.0,-1005.0
160.0,-279.0,-798.0
95.0,-101.0,-958.0
173.0,134.0,-1046.0
9.0,-54.0,-1042.0
-210.0,-13.0,-1018.0
62.0,167.0,-1122.0
-156.0,357.0,-1161.0
60.0,25.0,-979.0
-117.0,-296.0,-888.0
121.0,-226.0,-1011.0
-15.0,56.0,-1091.0
46.0,68.0,-1001.0
-304.0,-81.0,-1018.0
68.0,191.0,-1067.0
-154.0,409.0,-1260.0
42.0,93.0,-1003.0
-17.0,-253.0,-882.0
-60.0,-290.0,-972.0
244.0,50.0,-1018.0
-81.0,230.0,-1077.0
54.0,-80.0,-977.0
-214.0,173.0,-1042.0
134.0,238.0,-1138.0
-89.0,189.0,-1098.0
204.0,-203.0,-927.0
-89.0,-249.0,-909.0
376.0,-11.0,-946.0
-93.0,162.0,-1169.0
107.0,-33.0,-894.0
-105.0,7.0,-917.0
76.0,275.0,-1169.0
165.0,208.0,-1249.0
-58.0,-35.0,-995.0
11.0,-370.0,-753.0
167.0,-113.0,-909.0
74.0,58.0,-1138.0
78.0,-13.0,-1050.0
-306.0,64.0,-985.0
122.0,119.0,-1054.0
-210.0,318.0,-1239.0
91.0,-81.0,-1011.0
-226.0,-226.0,-833.0
-58.0,-173.0,-915.0
-126.0,-35.0,-1108.0
-117.0,101.0,-1093.0
-530.0,-7.0,-1089.0
-265.0,124.0,-899.0
-331.0,218.0,-1163.0
-454.0,85.0,-1122.0
-386.0,-95.0,-917.0
-712.0,-156.0,-903.0
-357.0,-146.0,-976.0
-564.0,93.0,-1104.0
-708.0,13.0,-983.0
-716.0,218.0,-1015.0
-1001.0,265.0,-1233.0
-505.0,-54.0,-1061.0
-1077.0,-40.0,-1005.0
-720.0,-259.0,-847.0
-890.0,130.0,-1003.0
-771.0,11.0,-1141.0
-1011.0,-7.0,-995.0
-1091.0,103.0,-997.0
-1149.0,122.0,-1157.0
-962.0,152.0,-1163.0
-987.0,-25.0,-1022.0
-1071.0,-78.0,-874.0
-892.0,-23.0,-815.0
-1018.0,-146.0,-1057.0
-935.0,21.0,-1071.0
-1290.0,29.0,-1145.0
-1114.0,165.0,-985.0
-1126.0,206.0,-1079.0
-1208.0,-33.0,-1042.0
-1030.0,-230.0,-886.0
-1126.0,-107.0,-940.0
-1011.0,-1.0,-1056.0
-1024.0,27.0,-979.0
-1508.0,17.0,-1050.0
-1200.0,-33.0,-1032.0
-1391.0,191.0,-1194.0
-1132.0,81.0,-1067.0
-1356.0,-134.0,-894.0
-1204.0,-109.0,-977.0
-1128.0,134.0,-1018.0
-1626.0,-37.0,-1069.0
-1303.0,7.0,-989.0
-1569.0,255.0,-1198.0
-1052.0,165.0,-1040.0
-1294.0,-46.0,-915.0
-1335.0,-283.0,-909.0
-1036.0,-148.0,-1040.0
-1177.0,52.0,-1108.0
-1370.0,99.0,-974.0
-1368.0,23.0,-1013.0
-1485.0,232.0,-1216.0
-1223.0,187.0,-1124.0
-1264.0,212.0,-956.0
-1393.0,-242.0,-921.0
-999.0,-171.0,-784.0
-1292.0,76.0,-1061.0
-1093.0,87.0,-1124.0
-1618.0,-80.0,-1071.0
-1395.0,-3.0,-1077.0
-1294.0,181.0,-1182.0
-1440.0,62.0,-1032.0
-1348.0,25.0,-755.0
-1259.0,-220.0,-884.0
-1389.0,-5.0,-1079.0
-1264.0,11.0,-981.0
-1830.0,117.0,-1102.0
-1255.0,48.0,-981.0
-1532.0,255.0,-1167.0
-1083.0,210.0,-985.0
-1534.0,-210.0,-997.0
-1044.0,-261.0,-839.0
-1307.0,-68.0,-1085.0
-1126.0,-33.0,-1128.0
-1579.0,122.0,-1177.0
-1227.0,48.0,-989.0
-1403.0,232.0,-1194.0
-1056.0,267.0,-976.0
-1415.0,-298.0,-892.0
-933.0,-81.0,-827.0
-1091.0,-130.0,-1227.0
-665.0,361.0,-1040.0
-962.0,-66.0,-901.0
-456.0,-9.0,-925.0
-546.0,97.0,-1175.0
-259.0,35.0,-1048.0
-519.0,-117.0,-1009.0
-204.0,-150.0,-1100.0
-115.0,242.0,-1122.0
17.0,181.0,-923.0
-273.0,126.0,-991.0
-236.0,-548.0,-1028.0
-310.0,242.0,-1114.0
66.0,236.0,-1177.0
-138.0,154.0,-1091.0
398.0,-17.0,-669.0
222.0,-370.0,-772.0
679.0,206.0,-1042.0
284.0,-335.0,-1106.0
261.0,29.0,-1015.0
579.0,191.0,-954.0
228.0,113.0,-1268.0
882.0,111.0,-759.0
439.0,-130.0,-810.0
882.0,105.0,-944.0
560.0,-236.0,-1169.0
626.0,163.0,-966.0
702.0,232.0,-1067.0
349.0,-259.0,-1259.0
979.0,-60.0,-952.0
790.0,-337.0,-1130.0
886.0,312.0,-985.0
981.0,-50.0,-835.0
687.0,238.0,-931.0
1147.0,-1.0,-1138.0
528.0,1.0,-1091.0
1151.0,-99.0,-810.0
534.0,-17.0,-1161.0
1122.0,66.0,-1229.0
1001.0,50.0,-935.0
1093.0,31.0,-895.0
970.0,277.0,-1098.0
845.0,-109.0,-1083.0
987.0,23.0,-1026.0
778.0,-107.0,-1081.0
1175.0,13.0,-1212.0
810.0,-35.0,-1179.0
1130.0,19.0,-895.0
944.0,339.0,-954.0
1108.0,-44.0,-858.0
890.0,396.0,-1057.0
1059.0,-257.0,-909.0
1024.0,257.0,-1239.0
1180.0,-175.0,-1040.0
1136.0,11.0,-1132.0
1403.0,-42.0,-921.0
1214.0,-236.0,-1026.0
1309.0,312.0,-929.0
1155.0,-56.0,-1038.0
1331.0,15.0,-1003.0
1036.0,-279.0,-1071.0
1350.0,-23.0,-1050.0
894.0,609.0,-1120.0
1477.0,-284.0,-966.0
728.0,163.0,-1056.0
1458.0,-224.0,-815.0
622.0,271.0,-1003.0
1653.0,-1.0,-851.0
747.0,-37.0,-1290.0
1413.0,-95.0,-921.0
952.0,70.0,-1079.0
1346.0,-72.0,-1050.0
1235.0,-208.0,-987.0
1081.0,50.0,-933.0
1391.0,325.0,-958.0
1136.0,126.0,-1138.0
1444.0,-119.0,-888.0
1009.0,-72.0,-1057.0
1118.0,122.0,-1151.0
987.0,76.0,-1268.0
1073.0,-25.0,-895.0
1073.0,-306.0,-892.0
1141.0,224.0,-831.0
1339.0,255.0,-1001.0
1059.0,7.0,-989.0
1247.0,-97.0,-1024.0
872.0,-99.0,-1108.0
1327.0,203.0,-1110.0
1245.0,-249.0,-958.0
1208.0,-185.0,-819.0
1380.0,179.0,-884.0
1091.0,312.0,-1161.0
1493.0,48.0,-1026.0
720.0,-322.0,-1022.0
1268.0,-87.0,-968.0
788.0,292.0,-1259.0
1179.0,70.0,-1098.0
692.0,-93.0,-888.0
823.0,-165.0,-726.0
749.0,148.0,-1026.0
794.0,85.0,-1143.0
515.0,-39.0,-1100.0
503.0,-169.0,-895.0
509.0,259.0,-1132.0
585.0,52.0,-1087.0
355.0,-105.0,-946.0
489.0,-103.0,-788.0
445.0,119.0,-1100.0
521.0,288.0,-1163.0
183.0,-3.0,-1048.0
183.0,-37.0,-968.0
167.0,89.0,-1212.0
255.0,126.0,-1155.0
222.0,46.0,-1036.0
130.0,-50.0,-936.0
275.0,76.0,-901.0
238.0,0.0,-1009.0
185.0,-70.0,-1114.0
187.0,17.0,-1093.0
218.0,273.0,-1083.0
296.0,148.0,-1091.0
203.0,-54.0,-1015.0
294.0,-183.0,-895.0
398.0,70.0,-968.0
456.0,93.0,-1077.0
304.0,50.0,-985.0
134.0,-81.0,-1026.0
312.0,48.0,-1073.0
226.0,81.0,-1132.0
206.0,-121.0,-958.0
142.0,-163.0,-886.0
275.0,126.0,-960.0
261.0,111.0,-911.0
136.0,-76.0,-958.0
-33.0,-238.0,-1026.0
273.0,50.0,-1001.0
11.0,331.0,-1093.0
201.0,9.0,-940.0
-119.0,-160.0,-823.0
226.0,-148.0,-823.0
136.0,95.0,-977.0
148.0,78.0,-936.0
-76.0,-99.0,-829.0
-3.0,80.0,-894.0
85.0,31.0,-974.0
-54.0,56.0,-966.0
-37.0,-138.0,-706.0
-29.0,23.0,-681.0
210.0,228.0,-732.0
52.0,203.0,-806.0
0.0,9.0,-708.0
-70.0,-95.0,-853.0
33.0,107.0,-819.0
117.0,162.0,-771.0
-9.0,17.0,-683.0
193.0,-52.0,-558.0
121.0,165.0,-661.0
232.0,124.0,-655.0
89.0,169.0,-620.0
9.0,25.0,-651.0
152.0,21.0,-751.0
80.0,136.0,-753.0
128.0,89.0,-593.0
3.0,101.0,-493.0
298.0,148.0,-474.0
74.0,189.0,-612.0
163.0,169.0,-575.0
-115.0,46.0,-706.0
222.0,93.0,-708.0
-29.0,175.0,-751.0
175.0,68.0,-540.0
-29.0,74.0,-517.0
72.0,138.0,-521.0
292.0,265.0,-661.0
-80.0,230.0,-776.0
101.0,107.0,-525.0
-214.0,83.0,-653.0
201.0,134.0,-706.0
-101.0,226.0,-792.0
52.0,165.0,-521.0
29.0,197.0,-536.0
44.0,236.0,-503.0
87.0,191.0,-569.0
-234.0,179.0,-732.0
72.0,136.0,-681.0
-119.0,249.0,-691.0
181.0,179.0,-655.0
-158.0,181.0,-626.0
148.0,146.0,-417.0
-21.0,286.0,-605.0
138.0,283.0,-562.0
13.0,242.0,-511.0
-21.0,146.0,-484.0
105.0,132.0,-558.0
0.0,197.0,-587.0
87.0,122.0,-478.0
13.0,249.0,-382.0
150.0,230.0,-294.0
23.0,183.0,-331.0
-3.0,99.0,-386.0
-101.0,83.0,-525.0
117.0,253.0,-515.0
17.0,306.0,-521.0
144.0,134.0,-335.0
-91.0,111.0,-302.0
169.0,89.0,-357.0
29.0,242.0,-497.0
87.0,197.0,-532.0
-115.0,119.0,-501.0
111.0,162.0,-517.0
-9.0,181.0,-616.0
66.0,162.0,-593.0
-236.0,66.0,-488.0
148.0,138.0,-325.0
-80.0,398.0,-521.0
109.0,193.0,-452.0
-193.0,91.0,-552.0
-72.0,-21.0,-515.0
-17.0,191.0,-525.0
-70.0,308.0,-525.0
-44.0,37.0,-413.0
-152.0,150.0,-351.0
54.0,124.0,-394.0
13.0,212.0,-517.0
-44.0,99.0,-509.0
-33.0,132.0,-560.0
-70.0,156.0,-583.0
78.0,203.0,-569.0
-72.0,171.0,-452.0
111.0,87.0,-365.0
95.0,117.0,-314.0
220.0,244.0,-324.0
27.0,218.0,-388.0
-58.0,76.0,-439.0
40.0,93.0,-472.0
-156.0,117.0,-433.0
165.0,171.0,-240.0
-181.0,119.0,-259.0
292.0,39.0,-312.0
-50.0,208.0,-390.0
128.0,142.0,-378.0
-103.0,163.0,-351.0
105.0,99.0,-331.0
44.0,83.0,-448.0
-11.0,167.0,-394.0
89.0,175.0,-226.0
19.0,152.0,-251.0
238.0,158.0,-306.0
-119.0,238.0,-365.0
-23.0,236.0,-357.0
-150.0,271.0,-530.0
39.0,203.0,-501.0
-76.0,222.0,-443.0
-5.0,66.0,-234.0
103.0,117.0,-290.0
-7.0,183.0,-486.0
206.0,210.0,-501.0
-245.0,234.0,-452.0
29.0,210.0,-361.0
-35.0,236.0,-507.0
70.0,314.0,-517.0
-11.0,158.0,-343.0
-76.0,193.0,-228.0
204.0,187.0,-238.0
-44.0,304.0,-314.0
74.0,312.0,-351.0
-279.0,117.0,-517.0
72.0,216.0,-404.0
-31.0,109.0,-409.0
64.0,251.0,-300.0
81.0,195.0,-269.0
138.0,206.0,-318.0
206.0,13.0,-441.0
3.0,138.0,-478.0
78.0,146.0,-409.0
-48.0,415.0,-378.0
132.0,318.0,-345.0
-11.0,271.0,-376.0
-33.0,142.0,-308.0
169.0,304.0,-236.0
-52.0,197.0,-292.0
222.0,60.0,-286.0
-419.0,236.0,-345.0
191.0,312.0,-400.0
-384.0,376.0,-491.0
234.0,230.0,-214.0
-331.0,158.0,-292.0
284.0,70.0,-255.0
9.0,175.0,-400.0
-13.0,247.0,-341.0
-44.0,372.0,-269.0
-181.0,439.0,-361.0
40.0,300.0,-402.0
-93.0,105.0,-341.0
101.0,-60.0,-206.0
-140.0,173.0,-359.0
400.0,413.0,-240.0
-327.0,413.0,-370.0
222.0,150.0,-44.0
-448.0,-11.0,-552.0
273.0,146.0,-556.0
-160.0,245.0,-642.0
169.0,491.0,-130.0
115.0,187.0,-128.0
-70.0,60.0,-296.0
327.0,-29.0,-488.0
-376.0,9.0,-542.0
216.0,238.0,-275.0
-189.0,464.0,-374.0
327.0,581.0,-277.0
-95.0,214.0,-337.0
23.0,19.0,-199.0
-23.0,-142.0,-448.0
68.0,-13.0,-361.0
37.0,275.0,-366.0
-232.0,484.0,-203.0
169.0,318.0,-380.0
-244.0,40.0,-562.0
368.0,-242.0,-339.0
-359.0,11.0,-251.0
312.0,232.0,-54.0
-191.0,345.0,-359.0
163.0,306.0,-341.0
-152.0,17.0,-374.0
7.0,81.0,-193.0
-5.0,40.0,-337.0
-29.0,532.0,-447.0
-9.0,324.0,-351.0
-66.0,378.0,-206.0
101.0,-17.0,-197.0
39.0,105.0,-265.0
-72.0,249.0,-368.0
-42.0,460.0,-400.0
-76.0,322.0,-415.0
132.0,46.0,-370.0
-81.0,-113.0,-333.0
206.0,74.0,-154.0
-152.0,327.0,-191.0
210.0,320.0,-236.0
-78.0,167.0,-448.0
13.0,-56.0,-486.0
60.0,347.0,-396.0
62.0,345.0,-322.0
179.0,456.0,-203.0
-107.0,-122.0,-378.0
386.0,193.0,-273.0
-218.0,140.0,-404.0
279.0,497.0,-121.0
-331.0,322.0,-454.0
310.0,263.0,-374.0
-271.0,251.0,-394.0
240.0,-35.0,-138.0
-363.0,-122.0,-378.0
322.0,-35.0,-267.0
-177.0,195.0,-351.0
187.0,308.0,-214.0
-240.0,160.0,-300.0
15.0,210.0,-450.0
5.0,124.0,-452.0
-167.0,324.0,-308.0
60.0,134.0,-179.0
-124.0,337.0,-413.0
251.0,413.0,-359.0
-148.0,716.0,-357.0
103.0,501.0,-185.0
-283.0,95.0,-370.0
284.0,99.0,-583.0
-265.0,105.0,-677.0
128.0,269.0,-105.0
-238.0,117.0,-214.0
275.0,115.0,-232.0
-42.0,105.0,-491.0
37.0,255.0,-251.0
-154.0,376.0,-501.0
-25.0,251.0,-390.0
89.0,349.0,-396.0
-74.0,265.0,-271.0
165.0,185.0,-85.0
23.0,497.0,-265.0
199.0,138.0,-337.0
-11.0,550.0,-365.0
-58.0,300.0,-210.0
13.0,238.0,-361.0
97.0,3.0,-419.0
66.0,-177.0,-458.0
-89.0,-15.0,-284.0
154.0,-81.0,-173.0
0.0,281.0,-300.0
163.0,111.0,-478.0
-288.0,284.0,-493.0
44.0,154.0,-290.0
-185.0,345.0,-456.0
68.0,415.0,-445.0
-97.0,158.0,-406.0
19.0,74.0,-245.0
124.0,222.0,-310.0
-109.0,195.0,-445.0
40.0,251.0,-407.0
-204.0,-203.0,-542.0
-42.0,-54.0,-495.0
-33.0,-31.0,-677.0
-35.0,39.0,-499.0
128.0,78.0,-538.0
-52.0,158.0,-486.0
234.0,253.0,-632.0
-384.0,187.0,-677.0
185.0,111.0,-854.0
-345.0,206.0,-1091.0
226.0,220.0,-784.0
-144.0,128.0,-743.0
263.0,87.0,-778.0
103.0,119.0,-843.0
165.0,179.0,-958.0
-81.0,-37.0,-1040.0
-132.0,-68.0,-1116.0
122.0,-177.0,-1169.0
-89.0,89.0,-1124.0
333.0,-39.0,-847.0
-226.0,113.0,-935.0
478.0,-54.0,-921.0
-230.0,-5.0,-1235.0
132.0,1.0,-956.0
-347.0,-109.0,-1073.0
60.0,-33.0,-929.0
44.0,152.0,-1100.0
5.0,165.0,-913.0
11.0,1.0,-780.0
21.0,-261.0,-815.0
175.0,-83.0,-1018.0
35.0,150.0,-972.0
-15.0,17.0,-687.0
78.0,-179.0,-778.0
-89.0,52.0,-835.0
443.0,-13.0,-720.0
-345.0,13.0,-774.0
396.0,-115.0,-523.0
-292.0,42.0,-718.0
357.0,197.0,-618.0
-445.0,140.0,-673.0
238.0,204.0,-497.0
-345.0,97.0,-831.0
275.0,81.0,-708.0
-60.0,31.0,-741.0
0.0,9.0,-599.0
281.0,3.0,-591.0
-95.0,363.0,-605.0
265.0,271.0,-661.0
-304.0,253.0,-829.0
257.0,113.0,-741.0
-81.0,-173.0,-942.0
60.0,117.0,-831.0
185.0,-64.0,-605.0
-107.0,290.0,-706.0
343.0,318.0,-735.0
-351.0,218.0,-827.0
195.0,-27.0,-929.0
-183.0,-113.0,-1026.0
249.0,169.0,-929.0
-37.0,-23.0,-944.0
142.0,-35.0,-689.0
-29.0,130.0,-812.0
138.0,220.0,-991.0
-138.0,165.0,-1020.0
-58.0,85.0,-948.0
-42.0,-17.0,-970.0
-50.0,191.0,-1091.0
169.0,-171.0,-854.0
-376.0,85.0,-892.0
140.0,17.0,-966.0
-222.0,134.0,-1069.0
60.0,370.0,-882.0
-146.0,232.0,-905.0
-167.0,203.0,-841.0
140.0,-81.0,-1005.0
-222.0,40.0,-1130.0
103.0,-160.0,-925.0
-281.0,85.0,-931.0
271.0,324.0,-876.0
-9.0,255.0,-938.0
93.0,308.0,-812.0
-154.0,-245.0,-915.0
160.0,-181.0,-1028.0
19.0,70.0,-1112.0
-29.0,107.0,-897.0
33.0,35.0,-698.0
62.0,292.0,-689.0
193.0,495.0,-776.0
3.0,-21.0,-851.0
-68.0,-308.0,-981.0
-46.0,-39.0,-995.0
-15.0,130.0,-1040.0
148.0,300.0,-812.0
-206.0,-230.0,-769.0
368.0,-111.0,-724.0
-197.0,162.0,-909.0
382.0,-35.0,-1011.0
-376.0,42.0,-1022.0
238.0,-136.0,-845.0
-261.0,-39.0,-1075.0
255.0,-87.0,-899.0
-146.0,312.0,-964.0
163.0,-216.0,-913.0
-21.0,113.0,-1083.0
27.0,-154.0,-981.0
-175.0,-1.0,-1050.0
115.0,-72.0,-1042.0
-195.0,-17.0,-1319.0
160.0,-48.0,-1175.0
-257.0,97.0,-1032.0
171.0,-107.0,-911.0
-130.0,-187.0,-1182.0
80.0,54.0,-1118.0
-27.0,-85.0,-1141.0
-103.0,-140.0,-1177.0
83.0,273.0,-1294.0
-76.0,105.0,-1298.0
-95.0,5.0,-1026.0
121.0,-230.0,-1106.0
-40.0,-128.0,-1190.0
236.0,-33.0,-1229.0
-37.0,-210.0,-1257.0
31.0,-25.0,-1134.0
136.0,230.0,-1331.0
23.0,122.0,-1423.0
111.0,-48.0,-1358.0
-42.0,-474.0,-1116.0
191.0,-163.0,-1290.0
245.0,-230.0,-1448.0
126.0,-117.0,-1553.0
-40.0,40.0,-1356.0
68.0,93.0,-1389.0
35.0,283.0,-1586.0
115.0,-355.0,-1575.0
-113.0,-343.0,-1342.0
169.0,-464.0,-1286.0
76.0,-158.0,-1497.0
70.0,-74.0,-1475.0
-158.0,72.0,-1462.0
-238.0,263.0,-1536.0
-52.0,95.0,-1608.0
-181.0,48.0,-1555.0
-181.0,-472.0,-1423.0
126.0,-687.0,-1389.0
-148.0,81.0,-1383.0
193.0,-72.0,-1577.0
-177.0,101.0,-1524.0
62.0,7.0,-1454.0
-189.0,-78.0,-1581.0
113.0,-261.0,-1442.0
-5.0,-308.0,-1467.0
66.0,-224.0,-1444.0
189.0,152.0,-1454.0
9.0,60.0,-1325.0
230.0,-165.0,-1382.0
-204.0,-253.0,-1464.0
111.0,33.0,-1544.0
-119.0,31.0,-1530.0
64.0,46.0,-1260.0
44.0,-398.0,-1382.0
201.0,-349.0,-1311.0
214.0,-187.0,-1436.0
-35.0,72.0,-1442.0
23.0,109.0,-1223.0
46.0,3.0,-1489.0
-29.0,91.0,-1590.0
15.0,-154.0,-1440.0
-109.0,-503.0,-1233.0
214.0,-249.0,-1327.0
142.0,80.0,-1465.0
232.0,-85.0,-1452.0
-396.0,-83.0,-1417.0
154.0,-70.0,-1483.0
-310.0,101.0,-1692.0
244.0,93.0,-1479.0
-249.0,-523.0,-1438.0
130.0,-247.0,-1352.0
66.0,-93.0,-1674.0
40.0,-107.0,-1653.0
-126.0,-42.0,-1506.0
-27.0,-171.0,-1627.0
-228.0,78.0,-1647.0
163.0,89.0,-1690.0
-304.0,-144.0,-1573.0
117.0,-93.0,-1518.0
15.0,-341.0,-1559.0
-44.0,99.0,-1631.0
107.0,-52.0,-1649.0
-148.0,-97.0,-1676.0
-74.0,163.0,-1758.0
-44.0,-17.0,-1643.0
-179.0,-253.0,-1585.0
197.0,-441.0,-1495.0
-52.0,-87.0,-1491.0
163.0,-39.0,-1663.0
60.0,-249.0,-1588.0
-230.0,-152.0,-1538.0
187.0,40.0,-1588.0
-179.0,146.0,-1784.0
169.0,-146.0,-1465.0
-83.0,-361.0,-1481.0
185.0,-177.0,-1477.0
259.0,-150.0,-1721.0
0.0,-203.0,-1522.0
162.0,-347.0,-1561.0
-52.0,-76.0,-1694.0
158.0,19.0,-1661.0
-117.0,-255.0,-1700.0
66.0,-462.0,-1428.0
35.0,-300.0,-1602.0
121.0,-50.0,-1526.0
46.0,-140.0,-1602.0
-263.0,-68.0,-1608.0
19.0,39.0,-1594.0
-335.0,247.0,-1688.0
124.0,-228.0,-1739.0
-212.0,-499.0,-1588.0
117.0,-462.0,-1428.0
64.0,-74.0,-1665.0
-1.0,9.0,-1704.0
70.0,-320.0,-1745.0
-267.0,-365.0,-1608.0
54.0,204.0,-1776.0
-76.0,181.0,-1708.0
126.0,-343.0,-1544.0
-80.0,-448.0,-1553.0
234.0,-83.0,-1520.0
76.0,23.0,-1842.0
-52.0,9.0,-1618.0
-62.0,-81.0,-1596.0
-46.0,-62.0,-1719.0
122.0,78.0,-1926.0
-5.0,-495.0,-1686.0
93.0,-677.0,-1504.0
142.0,-179.0,-1657.0
220.0,-107.0,-1725.0
54.0,-187.0,-1702.0
-122.0,-255.0,-1626.0
68.0,-148.0,-1793.0
-103.0,-27.0,-1840.0
324.0,-203.0,-1737.0
-300.0,-450.0,-1626.0
452.0,-126.0,-1522.0
-222.0,-76.0,-1797.0
216.0,-25.0,-1659.0
-288.0,-222.0,-1756.0
29.0,-144.0,-1575.0
-124.0,-124.0,-1842.0
-107.0,-286.0,-1774.0
52.0,-146.0,-1737.0
-62.0,-335.0,-1559.0
66.0,-306.0,-1663.0
-46.0,-31.0,-1772.0
-99.0,-167.0,-1676.0
-39.0,85.0,-1614.0
-107.0,-142.0,-1877.0
-66.0,-31.0,-1756.0
-15.0,-101.0,-1620.0
70.0,-363.0,-1561.0
113.0,87.0,-1667.0
148.0,-37.0,-1690.0
-148.0,-107.0,-1594.0
-1.0,-224.0,-1612.0
-99.0,-19.0,-1791.0
132.0,-68.0,-1704.0
-58.0,-222.0,-1592.0
33.0,-255.0,-1391.0
199.0,-230.0,-1596.0
7.0,7.0,-1672.0
175.0,-29.0,-1594.0
-292.0,-329.0,-1608.0
195.0,-113.0,-1481.0
15.0,-93.0,-1733.0
-29.0,-54.0,-1733.0
142.0,-331.0,-1473.0
-54.0,-160.0,-1495.0
201.0,-314.0,-1585.0
111.0,-25.0,-1713.0
-21.0,-183.0,-1663.0
13.0,-113.0,-1709.0
-66.0,31.0,-1715.0
85.0,-415.0,-1739.0
-31.0,-374.0,-1678.0
162.0,-327.0,-1551.0
-25.0,144.0,-1694.0
95.0,-64.0,-1854.0
-384.0,-411.0,-1752.0
-39.0,-154.0,-1741.0
-331.0,-50.0,-1893.0
132.0,-62.0,-1743.0
-150.0,-269.0,-1704.0
62.0,-279.0,-1788.0
113.0,-7.0,-1760.0
-50.0,-253.0,-1745.0
7.0,-121.0,-1719.0
-81.0,-124.0,-1959.0
-27.0,25.0,-1926.0
-60.0,-171.0,-1848.0
-99.0,-339.0,-1618.0
152.0,-175.0,-1702.0
99.0,-17.0,-1877.0
199.0,-40.0,-1748.0
-136.0,-257.0,-1676.0
21.0,-382.0,-1821.0
-126.0,54.0,-1758.0
245.0,-25.0,-1805.0
-21.0,-242.0,-1729.0
156.0,-484.0,-1573.0
148.0,-52.0,-1639.0
173.0,-58.0,-1766.0
64.0,-302.0,-1663.0
-245.0,-447.0,-1559.0
126.0,-148.0,-1803.0
-37.0,234.0,-1940.0
95.0,-201.0,-1647.0
-3.0,-325.0,-1471.0
-7.0,-363.0,-1573.0
302.0,-99.0,-1743.0
-44.0,-181.0,-1786.0
37.0,-347.0,-1616.0
-232.0,-35.0,-1639.0
40.0,-40.0,-1756.0
-60.0,-58.0,-1739.0
-48.0,-448.0,-1559.0
37.0,-365.0,-1544.0
-9.0,-48.0,-1661.0
9.0,-21.0,-1762.0
-144.0,-195.0,-1665.0
-101.0,-251.0,-1674.0
-148.0,-236.0,-1760.0
81.0,-105.0,-1768.0
-15.0,-238.0,-1748.0
25.0,-140.0,-1614.0
27.0,-240.0,-1713.0
23.0,-58.0,-1772.0
74.0,-171.0,-1758.0
-25.0,-204.0,-1702.0
44.0,7.0,-1803.0
-111.0,-203.0,-1928.0
50.0,-177.0,-1717.0
-3.0,-314.0,-1637.0
208.0,-25.0,-1627.0
109.0,-113.0,-1795.0
68.0,-173.0,-1641.0
-148.0,-232.0,-1696.0
122.0,-158.0,-1709.0
-17.0,-54.0,-1854.0
60.0,-273.0,-1633.0
42.0,-206.0,-1477.0
87.0,-66.0,-1577.0
89.0,-97.0,-1698.0
-9.0,-175.0,-1645.0
-115.0,-277.0,-1592.0
42.0,3.0,-1567.0
-52.0,-21.0,-1780.0
54.0,-204.0,-1645.0
-167.0,-271.0,-1557.0
142.0,-292.0,-1352.0
37.0,-130.0,-1522.0
146.0,-87.0,-1544.0
-146.0,-27.0,-1585.0
-11.0,-87.0,-1473.0
-140.0,-58.0,-1501.0
335.0,-70.0,-1458.0
-27.0,-240.0,-1503.0
472.0,-148.0,-1220.0
126.0,23.0,-1424.0
552.0,40.0,-1358.0
95.0,-70.0,-1440.0
448.0,-113.0,-1300.0
277.0,1.0,-1506.0
677.0,-60.0,-1389.0
468.0,-148.0,-1274.0
569.0,-236.0,-1241.0
609.0,-81.0,-1274.0
673.0,29.0,-1278.0
767.0,25.0,-1153.0
579.0,-11.0,-1438.0
739.0,3.0,-1415.0
558.0,1.0,-1315.0
872.0,-48.0,-1089.0
673.0,-249.0,-1223.0
964.0,-68.0,-1239.0
632.0,37.0,-1290.0
720.0,5.0,-1116.0
491.0,-99.0,-1223.0
659.0,-83.0,-1356.0
694.0,154.0,-1311.0
679.0,-33.0,-1206.0
534.0,-146.0,-1132.0
542.0,-154.0,-1179.0
589.0,-37.0,-1229.0
583.0,101.0,-1214.0
351.0,-156.0,-1206.0
546.0,-52.0,-1218.0
294.0,136.0,-1442.0
523.0,37.0,-1346.0
111.0,-95.0,-1163.0
527.0,-255.0,-1077.0
279.0,158.0,-1374.0
470.0,140.0,-1311.0
80.0,-54.0,-1247.0
148.0,-201.0,-1233.0
210.0,50.0,-1403.0
240.0,150.0,-1438.0
222.0,-74.0,-1173.0
72.0,-154.0,-1147.0
210.0,-25.0,-1313.0
119.0,21.0,-1417.0
37.0,33.0,-1223.0
48.0,-56.0,-1331.0
9.0,185.0,-1411.0
269.0,83.0,-1401.0
-37.0,-7.0,-1296.0
154.0,-368.0,-1132.0
62.0,-5.0,-1218.0
325.0,-33.0,-1280.0
130.0,87.0,-1378.0
124.0,-119.0,-1177.0
21.0,-72.0,-1276.0
197.0,1.0,-1284.0
189.0,-46.0,-1331.0
216.0,-158.0,-1141.0
142.0,-115.0,-1128.0
169.0,-9.0,-1138.0
87.0,-52.0,-1198.0
-91.0,-76.0,-1190.0
-21.0,50.0,-1130.0
7.0,-13.0,-1325.0
-111.0,-48.0,-1116.0
7.0,-187.0,-944.0
-275.0,-175.0,-966.0
15.0,-154.0,-1020.0
-345.0,7.0,-1098.0
-146.0,5.0,-972.0
-304.0,39.0,-1153.0
-406.0,50.0,-1075.0
-171.0,9.0,-1065.0
-532.0,-144.0,-1036.0
-58.0,-95.0,-989.0
-579.0,13.0,-1054.0
-232.0,-17.0,-1038.0
-616.0,-46.0,-1079.0
-431.0,17.0,-1157.0
-404.0,152.0,-1161.0
-575.0,81.0,-1223.0
-265.0,-191.0,-989.0
-683.0,-150.0,-1100.0
-187.0,-64.0,-1030.0
-651.0,7.0,-1270.0
-267.0,48.0,-1059.0
-650.0,-7.0,-1198.0
-306.0,156.0,-1151.0
-612.0,44.0,-1366.0
-456.0,-117.0,-1151.0
-540.0,-206.0,-1108.0
-333.0,27.0,-1026.0
-427.0,66.0,-1280.0
-462.0,-117.0,-1159.0
-571.0,-122.0,-1180.0
-454.0,64.0,-1126.0
-425.0,224.0,-1350.0
-406.0,-3.0,-1253.0
-499.0,-234.0,-1054.0
-357.0,-66.0,-1054.0
-398.0,-72.0,-1190.0
-179.0,52.0,-1138.0
-593.0,-13.0,-1163.0
-208.0,117.0,-1136.0
-630.0,156.0,-1292.0
-130.0,62.0,-1163.0
-538.0,-220.0,-1097.0
-173.0,-193.0,-911.0
-298.0,117.0,-1069.0
-148.0,142.0,-1151.0
-325.0,3.0,-1069.0
-318.0,5.0,-1003.0
-251.0,154.0,-1161.0
-220.0,218.0,-1116.0
-111.0,19.0,-1071.0
-316.0,-191.0,-936.0
81.0,-54.0,-888.0
-187.0,128.0,-1138.0
9.0,68.0,-1011.0
-238.0,46.0,-1003.0
-148.0,150.0,-1110.0
-87.0,117.0,-1221.0
-142.0,62.0,-979.0
-21.0,-236.0,-895.0
-13.0,-29.0,-985.0
89.0,33.0,-1083.0
-99.0,136.0,-1032.0
-111.0,1.0,-1081.0
-58.0,21.0,-1056.0
-144.0,171.0,-1188.0
48.0,-48.0,-1036.0
-130.0,-101.0,-1007.0
39.0,-56.0,-989.0
-87.0,-48.0,-1161.0
48.0,-42.0,-1059.0
-286.0,-46.0,-1067.0
87.0,134.0,-1104.0
-284.0,134.0,-1280.0
27.0,58.0,-1067.0
-193.0,-54.0,-1077.0
-33.0,-220.0,-993.0
87.0,-152.0,-1040.0
-29.0,80.0,-1120.0
-70.0,68.0,-1138.0
-179.0,17.0,-1036.0
-132.0,97.0,-1204.0
-29.0,-44.0,-1190.0
-183.0,-33.0,-1042.0
156.0,-146.0,-890.0
-70.0,142.0,-1163.0
234.0,-21.0,-1040.0
-273.0,35.0,-1067.0
21.0,-132.0,-1073.0
-169.0,158.0,-1198.0
99.0,109.0,-1122.0
-101.0,-48.0,-1077.0
58.0,-148.0,-899.0
181.0,9.0,-944.0
119.0,-31.0,-1075.0
21.0,-31.0,-1067.0
-177.0,-19.0,-1091.0
-1.0,195.0,-1079.0
-23.0,64.0,-1100.0
58.0,-107.0,-1034.0
-7.0,-238.0,-933.0
191.0,-3.0,-899.0
44.0,111.0,-1059.0
83.0,-7.0,-1130.0
-249.0,-33.0,-1013.0
72.0,-17.0,-1011.0
-203.0,144.0,-1136.0
267.0,-39.0,-1056.0
-298.0,-160.0,-1007.0
279.0,-181.0,-886.0
-121.0,95.0,-1098.0
124.0,80.0,-1034.0
-206.0,-64.0,-1089.0
-230.0,0.0,-1042.0
-87.0,87.0,-1116.0
-17.0,160.0,-1098.0
9.0,-183.0,-1042.0
3.0,-154.0,-921.0
0.0,23.0,-1044.0
80.0,52.0,-1052.0
-222.0,35.0,-1001.0
-29.0,-27.0,-1079.0
-171.0,130.0,-1208.0
152.0,195.0,-1042.0
-80.0,-107.0,-1050.0
60.0,-154.0,-997.0
-13.0,-31.0,-968.0
44.0,152.0,-1009.0
-37.0,54.0,-1110.0
-156.0,64.0,-1067.0
81.0,101.0,-1098.0
-62.0,64.0,-1108.0
173.0,3.0,-979.0
-44.0,-162.0,-966.0
218.0,-23.0,-997.0
27.0,95.0,-1100.0
-3.0,111.0,-1026.0
-44.0,-48.0,-962.0
-23.0,89.0,-1036.0
163.0,109.0,-1202.0
-66.0,80.0,-1145.0
99.0,-87.0,-895.0
-78.0,-80.0,-954.0
162.0,52.0,-1069.0
-72.0,58.0,-1079.0
-72.0,25.0,-966.0
-31.0,40.0,-1147.0
-21.0,97.0,-1114.0
158.0,113.0,-1093.0
-199.0,-160.0,-968.0
201.0,-83.0,-919.0
-173.0,64.0,-1161.0
257.0,87.0,-1013.0
-310.0,46.0,-1003.0
54.0,33.0,-1001.0
-83.0,115.0,-1165.0
130.0,99.0,-1087.0
-85.0,-25.0,-1034.0
-3.0,-109.0,-966.0
15.0,-81.0,-946.0
115.0,97.0,-987.0
-80.0,148.0,-1108.0
-15.0,35.0,-1071.0
-115.0,99.0,-989.0
201.0,68.0,-1124.0
-148.0,-76.0,-1110.0
204.0,-171.0,-872.0
-136.0,0.0,-977.0
339.0,81.0,-972.0
-156.0,85.0,-1061.0
130.0,-52.0,-952.0
-113.0,70.0,-1130.0
173.0,1.0,-1057.0
-31.0,31.0,-1067.0
39.0,-162.0,-905.0
132.0,-44.0,-948.0
-1.0,42.0,-1015.0
115.0,-64.0,-989.0
-232.0,-27.0,-1104.0
173.0,58.0,-1005.0
-99.0,232.0,-1161.0
83.0,-40.0,-1011.0
-62.0,-191.0,-976.0
-5.0,-122.0,-989.0
122.0,-44.0,-1007.0
-52.0,93.0,-1061.0
-37.0,-3.0,-1013.0
-142.0,52.0,-1048.0
128.0,66.0,-1069.0
-117.0,25.0,-1190.0
40.0,-163.0,-972.0
-128.0,-81.0,-940.0
130.0,66.0,-993.0
58.0,105.0,-1057.0
-40.0,-17.0,-1003.0
-44.0,-66.0,-985.0
-48.0,150.0,-1116.0
126.0,158.0,-1159.0
-162.0,-46.0,-1093.0
81.0,-218.0,-833.0
-48.0,-5.0,-948.0
220.0,140.0,-1038.0
23.0,39.0,-1059.0
-54.0,-35.0,-1016.0
52.0,81.0,-1071.0
-1.0,173.0,-1120.0
165.0,-27.0,-1020.0
-72.0,-158.0,-940.0
253.0,-105.0,-868.0
25.0,72.0,-1018.0
183.0,113.0,-1052.0
-169.0,15.0,-1065.0
113.0,58.0,-1022.0
-187.0,52.0,-1138.0
163.0,25.0,-1034.0
-222.0,-111.0,-1009.0
162.0,-142.0,-882.0
-58.0,83.0,-1036.0
89.0,80.0,-1075.0
-72.0,11.0,-1013.0
-66.0,35.0,-1034.0
-76.0,128.0,-1124.0
-50.0,119.0,-1112.0
-39.0,-122.0,-1022.0
-19.0,-146.0,-919.0
140.0,27.0,-979.0
37.0,144.0,-1013.0
-19.0,74.0,-1026.0
-148.0,74.0,-1106.0
-74.0,80.0,-1180.0
-87.0,87.0,-1034.0
-21.0,-42.0,-956.0
44.0,-78.0,-997.0
56.0,85.0,-987.0
208.0,81.0,-1015.0
-148.0,-3.0,-1034.0
85.0,-7.0,-1015.0
-56.0,263.0,-1083.0
89.0,122.0,-1171.0
-83.0,-97.0,-1005.0
5.0,-206.0,-897.0
193.0,-9.0,-925.0
160.0,206.0,-1061.0
35.0,80.0,-1056.0
-171.0,-87.0,-976.0
13.0,117.0,-952.0
54.0,122.0,-1169.0
29.0,11.0,-1161.0
25.0,-257.0,-849.0
37.0,17.0,-884.0
163.0,44.0,-1026.0
31.0,130.0,-1093.0
-119.0,-121.0,-1001.0
-81.0,13.0,-1040.0
-39.0,144.0,-1071.0
64.0,52.0,-1138.0
-152.0,-91.0,-981.0
99.0,-152.0,-888.0
-154.0,5.0,-1040.0
275.0,19.0,-1001.0
-284.0,68.0,-1071.0
122.0,80.0,-1046.0
-325.0,81.0,-1138.0
203.0,21.0,-919.0
-208.0,-105.0,-1116.0
206.0,-122.0,-964.0
-40.0,54.0,-970.0
37.0,101.0,-927.0
-42.0,-1.0,-1026.0
-54.0,15.0,-1100.0
33.0,130.0,-1100.0
58.0,81.0,-1073.0
-7.0,-76.0,-948.0
19.0,-134.0,-958.0
72.0,-31.0,-1007.0
187.0,58.0,-987.0
-27.0,93.0,-979.0
44.0,3.0,-989.0
25.0,46.0,-1042.0
89.0,87.0,-1097.0
0.0,-39.0,-1075.0
52.0,-242.0,-860.0
107.0,31.0,-976.0
142.0,119.0,-1036.0
80.0,-13.0,-946.0
-160.0,-134.0,-936.0
58.0,48.0,-1130.0
1.0,179.0,-1239.0
13.0,23.0,-1016.0
-107.0,-150.0,-894.0
-31.0,-156.0,-905.0
165.0,13.0,-1034.0
-64.0,130.0,-1093.0
21.0,3.0,-1022.0
-236.0,1.0,-1106.0
44.0,87.0,-1067.0
-87.0,64.0,-1097.0
-27.0,-111.0,-974.0
-31.0,-25.0,-966.0
42.0,-19.0,-962.0
169.0,68.0,-1013.0
-181.0,64.0,-1061.0
87.0,39.0,-1034.0
-138.0,130.0,-1067.0
115.0,201.0,-1116.0
-107.0,-89.0,-1054.0
33.0,-195.0,-892.0
81.0,27.0,-929.0
179.0,173.0,-1075.0
91.0,93.0,-1022.0
-160.0,-11.0,-999.0
72.0,99.0,-1067.0
-46.0,17.0,-1161.0
126.0,-5.0,-983.0
-3.0,-144.0,-917.0
208.0,15.0,-921.0
74.0,156.0,-1034.0
81.0,-5.0,-1009.0
-105.0,-89.0,-1024.0
29.0,76.0,-1048.0
-70.0,255.0,-1149.0
130.0,-23.0,-1022.0
-134.0,-130.0,-954.0
175.0,-78.0,-936.0
37.0,-1.0,-1015.0
52.0,33.0,-1018.0
-117.0,13.0,-1009.0
-9.0,119.0,-1057.0
-89.0,113.0,-1173.0
-115.0,-19.0,-1118.0
-11.0,-197.0,-911.0
-111.0,-138.0,-919.0
177.0,115.0,-1028.0
-58.0,160.0,-1106.0
-31.0,23.0,-950.0
-249.0,-35.0,-1056.0
23.0,93.0,-1081.0
-46.0,165.0,-1153.0
-35.0,-150.0,-944.0
37.0,-76.0,-931.0
-44.0,29.0,-952.0
281.0,160.0,-1046.0
-185.0,29.0,-1018.0
29.0,-76.0,-1003.0
-189.0,171.0,-1116.0
160.0,58.0,-1091.0
-17.0,60.0,-1020.0
0.0,-210.0,-935.0
156.0,-27.0,-905.0
109.0,46.0,-958.0
148.0,142.0,-1040.0
-124.0,-19.0,-1126.0
74.0,78.0,-1003.0
-162.0,48.0,-1095.0
167.0,-33.0,-983.0
-115.0,-140.0,-991.0
199.0,-93.0,-895.0
80.0,54.0,-1052.0
50.0,42.0,-1018.0
-54.0,37.0,-1022.0
-93.0,35.0,-1048.0
25.0,-11.0,-1130.0
-136.0,29.0,-1081.0
130.0,-126.0,-936.0
-76.0,37.0,-979.0
156.0,-54.0,-1024.0
-58.0,81.0,-1040.0
-103.0,-27.0,-958.0
-70.0,48.0,-1054.0
-85.0,128.0,-1284.0
-15.0,40.0,-1081.0
-124.0,-52.0,-921.0
37.0,-187.0,-915.0
113.0,19.0,-1024.0
52.0,150.0,-1054.0
-117.0,40.0,-999.0
-101.0,87.0,-1063.0
-44.0,93.0,-1120.0
81.0,60.0,-1081.0
9.0,-42.0,-964.0
48.0,-95.0,-899.0
199.0,48.0,-968.0
72.0,56.0,-1098.0
39.0,56.0,-1038.0
-169.0,17.0,-997.0
117.0,156.0,-977.0
74.0,60.0,-1169.0
9.0,-58.0,-1097.0
46.0,-197.0,-895.0
-31.0,-5.0,-919.0
240.0,117.0,-1011.0
-1.0,113.0,-1057.0
11.0,-11.0,-919.0
-107.0,27.0,-1042.0
68.0,115.0,-1124.0
50.0,-9.0,-1171.0
-93.0,-148.0,-897.0
203.0,-78.0,-849.0
-95.0,85.0,-1034.0
234.0,33.0,-1056.0
-320.0,35.0,-1067.0
80.0,37.0,-1036.0
-283.0,58.0,-1155.0
193.0,42.0,-981.0
-156.0,-87.0,-1046.0
107.0,-54.0,-931.0
-52.0,-7.0,-991.0
80.0,80.0,-981.0
-134.0,25.0,-1056.0
-33.0,42.0,-1061.0
-83.0,175.0,-1122.0
40.0,62.0,-1061.0
-95.0,-58.0,-991.0
93.0,-199.0,-966.0
-52.0,13.0,-940.0
169.0,160.0,-1042.0
-107.0,81.0,-1013.0
5.0,35.0,-1015.0
-72.0,83.0,-1071.0
154.0,66.0,-1081.0
-37.0,-83.0,-1005.0
107.0,-136.0,-903.0
99.0,76.0,-1013.0
160.0,97.0,-974.0
52.0,23.0,-936.0
-76.0,-83.0,-974.0
130.0,111.0,-1145.0
-52.0,128.0,-1141.0
111.0,-19.0,-985.0
-119.0,-148.0,-911.0
144.0,-107.0,-925.0
101.0,76.0,-1036.0
37.0,-3.0,-1028.0
-66.0,40.0,-1020.0
-21.0,33.0,-1030.0
58.0,201.0,-1116.0
-27.0,-29.0,-1098.0
62.0,-275.0,-936.0
62.0,-85.0,-931.0
277.0,111.0,-1003.0
244.0,187.0,-1054.0
95.0,-97.0,-974.0
183.0,-1.0,-1057.0
228.0,70.0,-1132.0
351.0,152.0,-1165.0
111.0,-142.0,-950.0
552.0,-158.0,-868.0
415.0,68.0,-999.0
657.0,158.0,-1100.0
245.0,64.0,-1009.0
312.0,-46.0,-993.0
450.0,162.0,-1061.0
419.0,162.0,-1220.0
450.0,-136.0,-993.0
275.0,-111.0,-862.0
544.0,-29.0,-884.0
409.0,144.0,-1024.0
265.0,60.0,-997.0
119.0,1.0,-1042.0
144.0,74.0,-1054.0
195.0,66.0,-1077.0
156.0,39.0,-974.0
122.0,-193.0,-919.0
97.0,-60.0,-860.0
175.0,99.0,-1071.0
29.0,132.0,-1032.0
-48.0,17.0,-1015.0
-162.0,-23.0,-987.0
46.0,46.0,-1093.0
9.0,76.0,-1087.0
-31.0,-60.0,-1063.0
128.0,-177.0,-938.0
-37.0,46.0,-991.0
124.0,111.0,-999.0
-134.0,93.0,-1147.0
-15.0,-7.0,-1075.0
-37.0,-7.0,-1141.0
46.0,76.0,-1100.0
119.0,-89.0,-1009.0
9.0,-37.0,-931.0
224.0,-42.0,-999.0
9.0,154.0,-1067.0
64.0,37.0,-1059.0
-50.0,-25.0,-1018.0
206.0,128.0,-1081.0
-56.0,19.0,-1145.0
177.0,13.0,-903.0
9.0,-95.0,-958.0
228.0,42.0,-976.0
81.0,58.0,-1083.0
-56.0,42.0,-952.0
21.0,-23.0,-991.0
31.0,163.0,-1054.0
148.0,119.0,-1110.0
3.0,-60.0,-977.0
1.0,-154.0,-876.0
160.0,-31.0,-892.0
74.0,142.0,-1052.0
80.0,52.0,-1001.0
-179.0,-37.0,-970.0
81.0,66.0,-962.0
-76.0,15.0,-1180.0
126.0,97.0,-1061.0
-150.0,-158.0,-960.0
109.0,-89.0,-849.0
48.0,78.0,-1042.0
144.0,68.0,-1011.0
-93.0,35.0,-1059.0
-1.0,-62.0,-1011.0
37.0,122.0,-1130.0
117.0,60.0,-1163.0
-31.0,-208.0,-1022.0
48.0,-81.0,-878.0
-31.0,85.0,-1013.0
154.0,95.0,-1085.0
-245.0,9.0,-1071.0
44.0,-35.0,-1009.0
-181.0,103.0,-1151.0
175.0,68.0,-1036.0
-201.0,-1.0,-1052.0
99.0,-158.0,-905.0
-52.0,11.0,-977.0
136.0,132.0,-942.0
-7.0,95.0,-1063.0
-52.0,3.0,-1040.0
66.0,89.0,-1061.0
-78.0,74.0,-1104.0
68.0,-89.0,-977.0
-74.0,-68.0,-938.0
103.0,13.0,-954.0
95.0,119.0,-1013.0
83.0,50.0,-1009.0
-3.0,-13.0,-993.0
68.0,33.0,-1079.0
-7.0,126.0,-1061.0
107.0,7.0,-1028.0
-54.0,-140.0,-936.0
255.0,-89.0,-929.0
-3.0,66.0,-1024.0
249.0,93.0,-962.0
-222.0,68.0,-983.0
163.0,52.0,-1141.0
-105.0,-13.0,-1206.0
15.0,0.0,-970.0
-97.0,-119.0,-919.0
74.0,-126.0,-927.0
201.0,162.0,-1042.0
-9.0,68.0,-1073.0
-11.0,-66.0,-1024.0
-64.0,3.0,-993.0
66.0,165.0,-1169.0
-25.0,33.0,-1153.0
-81.0,-167.0,-907.0
11.0,-15.0,-923.0
60.0,-17.0,-972.0
165.0,130.0,-1061.0
-324.0,25.0,-1069.0
119.0,52.0,-1013.0
-261.0,107.0,-1157.0
177.0,78.0,-1079.0
-199.0,-54.0,-1052.0
95.0,-218.0,-819.0
5.0,54.0,-964.0
187.0,130.0,-1034.0
-35.0,91.0,-1093.0
-136.0,5.0,-970.0
29.0,81.0,-1069.0
5.0,52.0,-1139.0
101.0,-44.0,-991.0
33.0,-80.0,-870.0
169.0,-27.0,-903.0
89.0,99.0,-1032.0
40.0,27.0,-1048.0
-165.0,-56.0,-1032.0
7.0,134.0,-1038.0
23.0,140.0,-1106.0
85.0,-29.0,-1071.0
-25.0,-206.0,-921.0
175.0,-62.0,-892.0
89.0,29.0,-968.0
89.0,111.0,-1001.0
-132.0,23.0,-1093.0
-35.0,81.0,-1104.0
-58.0,85.0,-1061.0
105.0,-7.0,-1077.0
-150.0,-181.0,-985.0
245.0,-81.0,-843.0
-154.0,78.0,-1056.0
212.0,93.0,-1015.0
-378.0,115.0,-1108.0
58.0,-35.0,-1011.0
-204.0,19.0,-1100.0
107.0,124.0,-1091.0
-58.0,-23.0,-1065.0
37.0,-109.0,-952.0
5.0,-105.0,-907.0
148.0,173.0,-936.0
-138.0,105.0,-1100.0
-27.0,17.0,-1032.0
7.0,167.0,-1159.0
54.0,15.0,-1161.0
115.0,-52.0,-944.0
-21.0,-167.0,-880.0
273.0,-19.0,-913.0
-80.0,111.0,-1067.0
103.0,99.0,-935.0
-163.0,56.0,-1173.0
101.0,-1.0,-1044.0
80.0,132.0,-1040.0
-25.0,-58.0,-1038.0
-3.0,-146.0,-931.0
183.0,-72.0,-823.0
9.0,-11.0,-1050.0
111.0,68.0,-938.0
-113.0,148.0,-1056.0
1.0,23.0,-1116.0
60.0,39.0,-1059.0
-58.0,-1.0,-1050.0
5.0,-175.0,-1048.0
-27.0,-107.0,-839.0
162.0,107.0,-940.0
-68.0,76.0,-1173.0
52.0,-3.0,-989.0
-222.0,50.0,-1026.0
11.0,103.0,-1132.0
-119.0,83.0,-1239.0
-78.0,-126.0,-958.0
97.0,-128.0,-905.0
13.0,-35.0,-944.0
273.0,142.0,-897.0
-271.0,171.0,-1134.0
23.0,19.0,-1098.0
-54.0,130.0,-1165.0
-60.0,33.0,-1087.0
80.0,-105.0,-917.0
-44.0,-25.0,-913.0
193.0,23.0,-1020.0
52.0,60.0,-1016.0
-89.0,-74.0,-981.0
-83.0,-19.0,-1050.0
60.0,269.0,-1095.0
66.0,220.0,-1145.0
0.0,-1.0,-987.0
-11.0,-324.0,-933.0
134.0,-148.0,-878.0
132.0,103.0,-1034.0
3.0,177.0,-1009.0
-66.0,83.0,-993.0
-95.0,40.0,-1095.0
111.0,37.0,-1126.0
-21.0,11.0,-1087.0
48.0,-208.0,-862.0
74.0,-150.0,-886.0
140.0,13.0,-1005.0
60.0,214.0,-1081.0
-206.0,42.0,-1032.0
-126.0,-42.0,-1059.0
-52.0,121.0,-1122.0
128.0,117.0,-1130.0
-29.0,-136.0,-989.0
29.0,-175.0,-856.0
-64.0,19.0,-1020.0
35.0,99.0,-1034.0
-76.0,-17.0,-960.0
15.0,1.0,-1100.0
-169.0,111.0,-1173.0
121.0,236.0,-1038.0
-167.0,13.0,-1095.0
130.0,-343.0,-858.0
72.0,-109.0,-786.0
117.0,93.0,-1100.0
-156.0,322.0,-1089.0
87.0,218.0,-972.0
-214.0,-1.0,-1147.0
183.0,-132.0,-1075.0
-60.0,15.0,-1026.0
113.0,-85.0,-935.0
58.0,-27.0,-983.0
1.0,11.0,-954.0
162.0,154.0,-913.0
-191.0,-35.0,-1056.0
121.0,111.0,-1100.0
-1.0,56.0,-1235.0
-93.0,23.0,-1069.0
204.0,-181.0,-751.0
44.0,-81.0,-831.0
300.0,-93.0,-1059.0
-218.0,89.0,-1036.0
56.0,160.0,-989.0
-347.0,197.0,-1303.0
329.0,58.0,-1056.0
-122.0,-39.0,-1054.0
78.0,-329.0,-800.0
27.0,-121.0,-839.0
-27.0,17.0,-1067.0
210.0,97.0,-1190.0
-439.0,128.0,-1132.0
345.0,40.0,-927.0
-540.0,265.0,-1139.0
417.0,-107.0,-894.0
-509.0,-31.0,-1220.0
363.0,-232.0,-923.0
-121.0,83.0,-1061.0
56.0,105.0,-935.0
7.0,0.0,-1018.0
-249.0,121.0,-1050.0
232.0,87.0,-1042.0
-236.0,130.0,-1237.0
158.0,-242.0,-997.0
-249.0,-142.0,-1003.0
277.0,74.0,-868.0
113.0,144.0,-966.0
54.0,158.0,-899.0
-74.0,9.0,-1067.0
21.0,171.0,-1243.0
-48.0,25.0,-1167.0
119.0,-5.0,-936.0
-144.0,-212.0,-952.0
335.0,-113.0,-899.0
74.0,122.0,-964.0
197.0,-44.0,-948.0
-435.0,105.0,-1069.0
298.0,140.0,-1077.0
-388.0,339.0,-1364.0
402.0,-128.0,-839.0
-259.0,-267.0,-876.0
175.0,-298.0,-888.0
3.0,85.0,-1018.0
64.0,244.0,-1007.0
-216.0,-25.0,-1182.0
-148.0,89.0,-968.0
107.0,66.0,-1161.0
-179.0,35.0,-1087.0
240.0,-163.0,-856.0
-279.0,-148.0,-970.0
394.0,23.0,-1040.0
-238.0,290.0,-1161.0
175.0,-58.0,-921.0
-396.0,11.0,-989.0
177.0,95.0,-1056.0
-247.0,183.0,-1323.0
259.0,-74.0,-933.0
-162.0,-206.0,-954.0
124.0,-35.0,-876.0
54.0,122.0,-1050.0
-48.0,89.0,-929.0
-19.0,126.0,-1093.0
-81.0,220.0,-1214.0
97.0,134.0,-1184.0
-269.0,-70.0,-983.0
329.0,-376.0,-679.0
-68.0,-113.0,-1005.0
365.0,117.0,-987.0
-3.0,181.0,-1108.0
-74.0,17.0,-1013.0
50.0,70.0,-929.0
31.0,113.0,-1091.0
56.0,1.0,-1145.0
33.0,29.0,-923.0
85.0,-226.0,-878.0
181.0,-165.0,-909.0
25.0,60.0,-1022.0
-111.0,109.0,-1180.0
-23.0,193.0,-1089.0
-40.0,163.0,-1143.0
19.0,-119.0,-1077.0
-58.0,-218.0,-876.0
181.0,-64.0,-886.0
13.0,7.0,-1126.0
220.0,58.0,-979.0
-242.0,-60.0,-1042.0
-103.0,58.0,-1011.0
-91.0,212.0,-1069.0
-117.0,214.0,-1220.0
-44.0,-140.0,-1069.0
27.0,-259.0,-948.0
54.0,-52.0,-837.0
95.0,78.0,-958.0
-152.0,134.0,-1044.0
-81.0,80.0,-1167.0
-228.0,292.0,-1175.0
234.0,-25.0,-1075.0
-64.0,-181.0,-962.0
197.0,-169.0,-890.0
60.0,-15.0,-999.0
138.0,134.0,-944.0
-148.0,93.0,-1007.0
-91.0,13.0,-1114.0
50.0,66.0,-1116.0
115.0,160.0,-997.0
39.0,1.0,-1011.0
-15.0,-247.0,-948.0
62.0,-78.0,-913.0
29.0,-3.0,-1042.0
78.0,140.0,-1022.0
-17.0,27.0,-993.0
-62.0,101.0,-1069.0
97.0,142.0,-1128.0
44.0,-64.0,-1069.0
-83.0,-218.0,-911.0
54.0,-206.0,-903.0
58.0,103.0,-1011.0
78.0,134.0,-1054.0
-165.0,31.0,-933.0
-66.0,25.0,-1040.0
-21.0,103.0,-1204.0
35.0,187.0,-1157.0
-126.0,-138.0,-933.0
-95.0,-195.0,-870.0
-27.0,-91.0,-1022.0
201.0,134.0,-970.0
-154.0,158.0,-1034.0
-7.0,-3.0,-1063.0
-142.0,177.0,-1190.0
31.0,99.0,-1122.0
-111.0,0.0,-1009.0
-21.0,-240.0,-843.0
122.0,-5.0,-897.0
214.0,146.0,-1048.0
60.0,169.0,-1056.0
-111.0,-19.0,-1030.0
-56.0,27.0,-1075.0
101.0,89.0,-1120.0
7.0,76.0,-1110.0
21.0,-128.0,-835.0
17.0,-115.0,-899.0
152.0,-11.0,-983.0
154.0,140.0,-1065.0
-52.0,46.0,-977.0
40.0,83.0,-1030.0
-60.0,89.0,-1171.0
25.0,31.0,-1089.0
-42.0,-130.0,-895.0
107.0,-150.0,-827.0
185.0,-7.0,-981.0
148.0,128.0,-1005.0
-113.0,68.0,-1087.0
-29.0,3.0,-1087.0
-189.0,91.0,-1235.0
40.0,-42.0,-1013.0
-158.0,-64.0,-964.0
80.0,-87.0,-907.0
44.0,-21.0,-1050.0
119.0,27.0,-1059.0
-171.0,-1.0,-1024.0
17.0,148.0,-1016.0
-265.0,259.0,-1210.0
50.0,87.0,-1089.0
-251.0,-142.0,-1048.0
177.0,-203.0,-895.0
121.0,-17.0,-936.0
263.0,95.0,-974.0
-115.0,128.0,-1059.0
-113.0,58.0,-1081.0
-203.0,201.0,-1141.0
117.0,-5.0,-1165.0
-54.0,-40.0,-979.0
187.0,-165.0,-841.0
35.0,-13.0,-985.0
226.0,40.0,-1020.0
-76.0,23.0,-1052.0
-163.0,50.0,-962.0
-126.0,169.0,-1100.0
-39.0,185.0,-1100.0
138.0,-103.0,-1054.0
-46.0,-214.0,-905.0
208.0,-171.0,-841.0
140.0,93.0,-972.0
83.0,134.0,-1034.0
-148.0,7.0,-1077.0
-181.0,85.0,-1069.0
54.0,91.0,-1108.0
113.0,7.0,-1032.0
62.0,-208.0,-954.0
111.0,-191.0,-880.0
3.0,48.0,-1022.0
99.0,56.0,-1028.0
-222.0,42.0,-1028.0
-27.0,23.0,-1065.0
-52.0,206.0,-1093.0
117.0,54.0,-1087.0
-105.0,-195.0,-989.0
93.0,-171.0,-942.0
-35.0,-9.0,-960.0
115.0,201.0,-960.0
-146.0,48.0,-1034.0
-175.0,58.0,-1102.0
-58.0,162.0,-1143.0
0.0,62.0,-1108.0
83.0,-66.0,-936.0
-13.0,-201.0,-919.0
111.0,13.0,-981.0
23.0,117.0,-1112.0
-64.0,91.0,-919.0
-78.0,7.0,-985.0
-7.0,185.0,-1116.0
265.0,165.0,-1143.0
-72.0,-17.0,-1069.0
115.0,-255.0,-886.0
-17.0,-101.0,-913.0
183.0,93.0,-1028.0
-17.0,66.0,-985.0
-42.0,85.0,-1009.0
-5.0,29.0,-1077.0
169.0,167.0,-1143.0
13.0,23.0,-1085.0
95.0,-259.0,-874.0
-60.0,-124.0,-886.0
158.0,7.0,-1075.0
27.0,142.0,-1050.0
-97.0,0.0,-958.0
-46.0,80.0,-946.0
62.0,171.0,-1221.0
97.0,39.0,-1157.0
-60.0,-109.0,-977.0
-103.0,-224.0,-856.0
115.0,0.0,-962.0
-11.0,101.0,-1046.0
23.0,136.0,-1022.0
-97.0,17.0,-1089.0
40.0,152.0,-1091.0
19.0,91.0,-1128.0
-25.0,-103.0,-1028.0
-44.0,-165.0,-915.0
23.0,5.0,-977.0
163.0,21.0,-1032.0
-1.0,122.0,-991.0
-44.0,37.0,-995.0
33.0,195.0,-1077.0
3.0,42.0,-1227.0
-68.0,-1.0,-1013.0
9.0,-208.0,-948.0
23.0,-25.0,-884.0
240.0,-7.0,-927.0
27.0,95.0,-985.0
0.0,7.0,-1046.0
5.0,160.0,-1091.0
-29.0,203.0,-1149.0
52.0,-130.0,-1026.0
-183.0,-117.0,-899.0
201.0,-177.0,-864.0
89.0,11.0,-1003.0
163.0,35.0,-1034.0
-152.0,62.0,-989.0
-29.0,95.0,-1046.0
-109.0,119.0,-1116.0
81.0,46.0,-1132.0
-124.0,-244.0,-985.0
87.0,-158.0,-839.0
107.0,-7.0,-958.0
203.0,101.0,-952.0
-126.0,83.0,-1087.0
-130.0,3.0,-1098.0
-122.0,208.0,-1157.0
-56.0,87.0,-1073.0
-21.0,-80.0,-1003.0
58.0,-234.0,-925.0
31.0,-17.0,-944.0
191.0,101.0,-985.0
-128.0,89.0,-1042.0
-70.0,91.0,-1056.0
-150.0,150.0,-1149.0
70.0,150.0,-1093.0
-64.0,-117.0,-997.0
72.0,-142.0,-942.0
103.0,-29.0,-944.0
224.0,81.0,-942.0
-60.0,95.0,-1003.0
-17.0,3.0,-1028.0
-95.0,242.0,-1141.0
58.0,103.0,-1130.0
64.0,40.0,-1007.0
-52.0,-281.0,-913.0
230.0,-148.0,-886.0
121.0,124.0,-1056.0
140.0,87.0,-995.0
-253.0,81.0,-981.0
-40.0,-13.0,-1032.0
37.0,208.0,-1139.0
74.0,35.0,-1153.0
60.0,-216.0,-911.0
-85.0,-179.0,-899.0
244.0,31.0,-948.0
60.0,140.0,-1038.0
-60.0,25.0,-989.0
-242.0,46.0,-1106.0
80.0,119.0,-1138.0
-11.0,183.0,-1143.0
15.0,-193.0,-1011.0
-15.0,-269.0,-856.0
74.0,-42.0,-933.0
119.0,183.0,-1057.0
-97.0,111.0,-1018.0
-154.0,-17.0,-997.0
-160.0,160.0,-1089.0
206.0,138.0,-1153.0
-62.0,-25.0,-1081.0
40.0,-187.0,-872.0
1.0,-81.0,-895.0
181.0,46.0,-929.0
-130.0,101.0,-1098.0
-89.0,81.0,-1079.0
-89.0,124.0,-1093.0
58.0,169.0,-1081.0
72.0,1.0,-1071.0
-15.0,-238.0,-931.0
62.0,-156.0,-862.0
156.0,-17.0,-1018.0
93.0,181.0,-1038.0
-142.0,54.0,-1003.0
-1.0,99.0,-970.0
95.0,-7.0,-1130.0
93.0,117.0,-1118.0
23.0,-121.0,-989.0
54.0,-175.0,-888.0
95.0,-89.0,-884.0
140.0,5.0,-958.0
-56.0,99.0,-1015.0
31.0,37.0,-1097.0
-31.0,279.0,-1184.0
95.0,-11.0,-1071.0
-183.0,-128.0,-966.0
66.0,-238.0,-878.0
9.0,-103.0,-1007.0
140.0,148.0,-1009.0
-163.0,48.0,-1056.0
-33.0,136.0,-1020.0
-177.0,103.0,-1130.0
42.0,89.0,-1095.0
-150.0,-93.0,-1100.0
17.0,-132.0,-858.0
89.0,-19.0,-966.0
162.0,-81.0,-938.0
15.0,140.0,-993.0
-244.0,89.0,-1110.0
167.0,226.0,-1071.0
-99.0,244.0,-1221.0
-1.0,-13.0,-1104.0
-304.0,-230.0,-935.0
314.0,-212.0,-712.0
81.0,122.0,-1106.0
368.0,148.0,-1052.0
-316.0,140.0,-1118.0
138.0,109.0,-892.0
-76.0,121.0,-1268.0
183.0,-46.0,-1003.0
-83.0,-105.0,-966.0
107.0,-81.0,-837.0
411.0,-17.0,-913.0
-11.0,162.0,-1052.0
-66.0,-54.0,-1087.0
-283.0,72.0,-1009.0
109.0,218.0,-1120.0
-76.0,85.0,-1159.0
66.0,-124.0,-895.0
-52.0,-322.0,-853.0
259.0,-7.0,-919.0
119.0,60.0,-1034.0
-3.0,158.0,-1044.0
-173.0,19.0,-1116.0
-74.0,105.0,-1089.0
-126.0,173.0,-1120.0
25.0,-152.0,-1048.0
-23.0,-259.0,-890.0
187.0,-72.0,-864.0
101.0,156.0,-972.0
-56.0,99.0,-1143.0
-253.0,-11.0,-1067.0
-56.0,78.0,-1120.0
-70.0,113.0,-1095.0
122.0,62.0,-1003.0
-126.0,-121.0,-1011.0
158.0,-111.0,-823.0
5.0,-40.0,-1009.0
-33.0,132.0,-1069.0
78.0,81.0,-1032.0
-218.0,197.0,-1175.0
62.0,119.0,-1145.0
-126.0,54.0,-1022.0
5.0,-214.0,-872.0
263.0,-247.0,-813.0
177.0,99.0,-1091.0
165.0,150.0,-999.0
-271.0,146.0,-1057.0
-3.0,1.0,-987.0
9.0,1.0,-1212.0
-40.0,85.0,-1056.0
236.0,-128.0,-847.0
-81.0,-5.0,-956.0
230.0,-119.0,-976.0
95.0,-1.0,-972.0
-210.0,46.0,-1081.0
85.0,60.0,-936.0
-5.0,331.0,-1184.0
44.0,-54.0,-1155.0
-91.0,-87.0,-958.0
74.0,-238.0,-817.0
119.0,-99.0,-987.0
206.0,187.0,-1015.0
-142.0,148.0,-1079.0
-85.0,64.0,-964.0
-126.0,64.0,-1180.0
21.0,0.0,-1177.0
-23.0,-52.0,-1104.0
-146.0,-138.0,-839.0
113.0,23.0,-862.0
44.0,37.0,-1038.0
1.0,5.0,-1100.0
-234.0,9.0,-1030.0
44.0,183.0,-1057.0
-204.0,160.0,-1210.0
103.0,44.0,-1044.0
-275.0,-224.0,-983.0
322.0,-199.0,-747.0
42.0,97.0,-1018.0
259.0,140.0,-946.0
-255.0,162.0,-1177.0
-97.0,76.0,-1118.0
148.0,173.0,-1024.0
15.0,37.0,-1079.0
-23.0,-244.0,-940.0
257.0,-128.0,-890.0
-48.0,7.0,-976.0
333.0,165.0,-948.0
-392.0,132.0,-1143.0
117.0,-40.0,-976.0
-175.0,206.0,-1143.0
333.0,25.0,-1011.0
-154.0,-76.0,-1056.0
154.0,-154.0,-798.0
81.0,-113.0,-1046.0
152.0,74.0,-897.0
-126.0,146.0,-1059.0
-197.0,58.0,-1089.0
-11.0,56.0,-1202.0
40.0,132.0,-966.0
31.0,-29.0,-1003.0
-124.0,-201.0,-940.0
177.0,-105.0,-987.0
91.0,52.0,-1083.0
-15.0,25.0,-913.0
-208.0,146.0,-1028.0
-222.0,85.0,-1243.0
404.0,158.0,-1075.0
-259.0,-11.0,-1097.0
189.0,-284.0,-860.0
-257.0,-70.0,-983.0
386.0,64.0,-935.0
-206.0,255.0,-1073.0
-87.0,11.0,-1108.0
-189.0,83.0,-1026.0
312.0,29.0,-1032.0
-101.0,29.0,-1114.0
204.0,-44.0,-927.0
-292.0,-80.0,-1056.0
527.0,-148.0,-749.0
-70.0,93.0,-1079.0
-85.0,175.0,-1028.0
-83.0,204.0,-1061.0
-142.0,23.0,-1190.0
329.0,-165.0,-1120.0
-374.0,31.0,-1050.0
212.0,-175.0,-710.0
89.0,-1.0,-958.0
197.0,66.0,-1061.0
-58.0,68.0,-985.0
-359.0,134.0,-1083.0
150.0,-87.0,-1179.0
103.0,72.0,-1093.0
-7.0,5.0,-976.0
-83.0,-175.0,-843.0
89.0,-48.0,-878.0
316.0,-35.0,-1034.0
-156.0,11.0,-1141.0
-220.0,154.0,-1095.0
-136.0,177.0,-1018.0
154.0,87.0,-1161.0
27.0,-251.0,-1065.0
-169.0,-138.0,-970.0
21.0,-37.0,-808.0
177.0,150.0,-1073.0
-23.0,111.0,-1061.0
-165.0,37.0,-1032.0
-83.0,74.0,-1013.0
60.0,105.0,-1233.0
103.0,119.0,-1028.0
-327.0,-134.0,-1003.0
70.0,-46.0,-749.0
363.0,23.0,-1054.0
206.0,33.0,-1145.0
-181.0,-17.0,-950.0
-160.0,50.0,-917.0
-21.0,267.0,-1243.0
162.0,124.0,-1221.0
-204.0,-238.0,-966.0
177.0,-374.0,-710.0
183.0,60.0,-987.0
347.0,316.0,-944.0
-191.0,189.0,-1077.0
-261.0,-70.0,-1100.0
265.0,11.0,-1134.0
81.0,201.0,-1093.0
156.0,-236.0,-888.0
-177.0,-189.0,-872.0
181.0,-54.0,-931.0
265.0,56.0,-1034.0
-156.0,95.0,-1018.0
-97.0,173.0,-1149.0
-257.0,64.0,-1139.0
314.0,27.0,-1022.0
-345.0,19.0,-1054.0
64.0,-130.0,-884.0
-93.0,-50.0,-1022.0
464.0,5.0,-1011.0
-302.0,39.0,-1087.0
-19.0,-19.0,-831.0
-327.0,117.0,-1247.0
345.0,232.0,-1032.0
-191.0,87.0,-1331.0
-19.0,-142.0,-800.0
-111.0,-216.0,-874.0
214.0,19.0,-940.0
238.0,189.0,-1151.0
-359.0,148.0,-993.0
121.0,37.0,-897.0
-191.0,95.0,-1342.0
249.0,48.0,-1085.0
-259.0,-87.0,-1013.0
-44.0,-226.0,-722.0
421.0,3.0,-911.0
3.0,283.0,-1126.0
130.0,-31.0,-1065.0
-286.0,78.0,-1030.0
163.0,29.0,-1194.0
-11.0,117.0,-1083.0
58.0,-122.0,-890.0
-99.0,-189.0,-774.0
296.0,-42.0,-952.0
121.0,29.0,-940.0
40.0,158.0,-1155.0
-236.0,78.0,-1175.0
138.0,40.0,-933.0
72.0,160.0,-989.0
-119.0,-169.0,-1134.0
-158.0,-177.0,-942.0
105.0,-109.0,-942.0
173.0,-40.0,-1052.0
109.0,165.0,-931.0
-345.0,103.0,-1059.0
-3.0,228.0,-1122.0
91.0,74.0,-1262.0
-54.0,-208.0,-952.0
119.0,-181.0,-804.0
-148.0,-31.0,-989.0
622.0,142.0,-917.0
-325.0,99.0,-1229.0
-119.0,-107.0,-1073.0
-349.0,130.0,-968.0
29.0,259.0,-1163.0
-39.0,0.0,-1143.0
-236.0,-13.0,-958.0
1.0,-99.0,-936.0
347.0,-93.0,-1001.0
169.0,80.0,-878.0
-281.0,78.0,-970.0
-130.0,226.0,-1085.0
66.0,136.0,-1391.0
117.0,-15.0,-1042.0
162.0,-253.0,-765.0
3.0,-302.0,-689.0
458.0,134.0,-940.0
-29.0,345.0,-1270.0
-138.0,-17.0,-1225.0
-232.0,-107.0,-909.0
122.0,-21.0,-1020.0
85.0,212.0,-1028.0
-7.0,83.0,-876.0
-50.0,-113.0,-1206.0
-7.0,-58.0,-1167.0
614.0,17.0,-849.0
-394.0,-66.0,-974.0
87.0,-70.0,-710.0
-95.0,388.0,-1235.0
126.0,81.0,-1479.0
122.0,-124.0,-1015.0
-341.0,-277.0,-743.0
261.0,-234.0,-810.0
46.0,277.0,-1044.0
50.0,179.0,-1026.0
-476.0,83.0,-1249.0
-132.0,142.0,-1110.0
275.0,187.0,-1116.0
-277.0,-60.0,-1071.0
224.0,-259.0,-745.0
-327.0,-138.0,-940.0
501.0,46.0,-1134.0
-156.0,101.0,-1081.0
-154.0,80.0,-1011.0
-423.0,29.0,-1026.0
380.0,240.0,-1097.0
-156.0,142.0,-1218.0
341.0,-232.0,-786.0
-265.0,-95.0,-858.0
445.0,-81.0,-819.0
52.0,331.0,-1243.0
-261.0,-9.0,-1220.0
46.0,-68.0,-876.0
-156.0,179.0,-1030.0
503.0,72.0,-952.0
-177.0,-48.0,-1030.0
117.0,-464.0,-866.0
214.0,-17.0,-997.0
121.0,220.0,-1048.0
15.0,177.0,-970.0
-245.0,128.0,-1015.0
119.0,-72.0,-1091.0
191.0,115.0,-1009.0
56.0,-206.0,-1056.0
-236.0,-206.0,-950.0
273.0,-81.0,-897.0
-70.0,48.0,-1151.0
66.0,138.0,-813.0
-290.0,226.0,-1130.0
-193.0,83.0,-1179.0
417.0,29.0,-1087.0
-409.0,-113.0,-1050.0
288.0,-263.0,-845.0
-343.0,13.0,-1046.0
528.0,115.0,-925.0
-142.0,140.0,-1003.0
-304.0,58.0,-1102.0
-101.0,-87.0,-1048.0
103.0,409.0,-1198.0
64.0,-56.0,-1116.0
23.0,-83.0,-815.0
-179.0,-101.0,-1003.0
310.0,-117.0,-942.0
7.0,230.0,-1108.0
-236.0,-64.0,-1077.0
-81.0,203.0,-993.0
-160.0,228.0,-1200.0
132.0,-132.0,-995.0
-101.0,-158.0,-968.0
-64.0,-238.0,-839.0
468.0,158.0,-985.0
44.0,304.0,-1132.0
165.0,-81.0,-853.0
-423.0,-9.0,-1048.0
314.0,-117.0,-993.0
7.0,240.0,-1138.0
122.0,-1.0,-1007.0
-50.0,-242.0,-970.0
126.0,-89.0,-931.0
181.0,25.0,-909.0
-44.0,224.0,-1011.0
-185.0,121.0,-1169.0
-126.0,107.0,-1190.0
204.0,52.0,-1015.0
-62.0,-275.0,-991.0
21.0,-296.0,-815.0
-23.0,-54.0,-989.0
220.0,222.0,-1108.0
-185.0,210.0,-1048.0
-103.0,-15.0,-919.0
-402.0,-11.0,-1134.0
296.0,148.0,-1071.0
-337.0,33.0,-1161.0
185.0,-64.0,-800.0
-532.0,-37.0,-1104.0
171.0,-17.0,-976.0
-394.0,-54.0,-1007.0
-308.0,33.0,-974.0
-304.0,130.0,-1038.0
-224.0,437.0,-1255.0
-363.0,-25.0,-1093.0
-122.0,-308.0,-874.0
-501.0,-234.0,-862.0
-17.0,-13.0,-950.0
-466.0,409.0,-1173.0
-156.0,23.0,-1061.0
-419.0,163.0,-974.0
-281.0,-37.0,-958.0
-76.0,-48.0,-1102.0
-423.0,-124.0,-1188.0
40.0,-54.0,-960.0
-302.0,142.0,-901.0
-60.0,-37.0,-966.0
-140.0,1.0,-1018.0
-173.0,9.0,-1136.0
-101.0,193.0,-1054.0
-150.0,109.0,-1132.0
-165.0,-99.0,-1077.0
-87.0,-329.0,-882.0
-21.0,-76.0,-839.0
29.0,93.0,-909.0
-113.0,203.0,-1059.0
-171.0,89.0,-1171.0
-95.0,80.0,-1124.0
21.0,97.0,-1022.0
-197.0,-288.0,-1020.0
136.0,-169.0,-786.0
-179.0,83.0,-997.0
109.0,136.0,-1024.0
-203.0,-21.0,-1087.0
-269.0,-146.0,-1048.0
-163.0,76.0,-1005.0
-25.0,390.0,-1151.0
-177.0,39.0,-1093.0
-66.0,-148.0,-897.0
-201.0,-187.0,-962.0
148.0,52.0,-995.0
-72.0,201.0,-1102.0
-52.0,9.0,-890.0
-68.0,103.0,-1048.0
-185.0,169.0,-1198.0
95.0,42.0,-1112.0
-199.0,-197.0,-1005.0
93.0,-232.0,-858.0
136.0,177.0,-958.0
156.0,236.0,-999.0
7.0,-17.0,-1011.0
-177.0,-35.0,-1022.0
50.0,74.0,-1171.0
-95.0,162.0,-1149.0
83.0,-119.0,-976.0
-89.0,-228.0,-870.0
103.0,-35.0,-929.0
175.0,154.0,-1009.0
74.0,89.0,-1054.0
-142.0,-1.0,-1024.0
-72.0,130.0,-1114.0
-117.0,162.0,-1180.0
7.0,-187.0,-1018.0
39.0,-222.0,-802.0
121.0,-93.0,-931.0
191.0,195.0,-1028.0
-52.0,150.0,-1095.0
-160.0,-23.0,-1061.0
-136.0,48.0,-1056.0
-19.0,126.0,-1124.0
-52.0,48.0,-1038.0
64.0,-181.0,-933.0
-97.0,-124.0,-950.0
177.0,13.0,-1038.0
-107.0,144.0,-1108.0
-126.0,42.0,-993.0
-132.0,218.0,-977.0
-124.0,249.0,-1198.0
-58.0,-91.0,-1085.0
58.0,-195.0,-974.0
-58.0,-214.0,-938.0
351.0,83.0,-929.0
-140.0,273.0,-1059.0
35.0,11.0,-985.0
-277.0,119.0,-1059.0
42.0,13.0,-1200.0
1.0,-7.0,-1081.0
70.0,-126.0,-911.0
62.0,-113.0,-882.0
138.0,46.0,-1015.0
52.0,72.0,-1061.0
-74.0,50.0,-970.0
-81.0,25.0,-1052.0
-44.0,210.0,-1085.0
93.0,48.0,-1063.0
-9.0,-126.0,-1015.0
31.0,-345.0,-909.0
216.0,13.0,-901.0
95.0,93.0,-995.0
81.0,105.0,-997.0
-320.0,68.0,-1134.0
31.0,25.0,-1034.0
-150.0,154.0,-1104.0
122.0,-163.0,-1013.0
37.0,-277.0,-954.0
15.0,-31.0,-917.0
130.0,117.0,-1028.0
-163.0,169.0,-1040.0
-138.0,-103.0,-1034.0
-156.0,111.0,-993.0
85.0,191.0,-1180.0
-81.0,-25.0,-1063.0
111.0,-117.0,-952.0
-89.0,-171.0,-948.0
290.0,89.0,-938.0
-171.0,183.0,-1102.0
-25.0,13.0,-950.0
-167.0,146.0,-1102.0
179.0,-25.0,-1026.0
-60.0,-150.0,-1003.0
140.0,-267.0,-878.0
185.0,160.0,-985.0
-54.0,146.0,-1091.0
9.0,54.0,-972.0
-199.0,70.0,-985.0
122.0,46.0,-1173.0
15.0,148.0,-1110.0
134.0,-115.0,-972.0
-62.0,-275.0,-880.0
136.0,5.0,-970.0
-5.0,199.0,-995.0
122.0,66.0,-983.0
-281.0,-17.0,-1036.0
191.0,122.0,-1038.0
-37.0,179.0,-1198.0
40.0,-212.0,-1048.0
80.0,-206.0,-810.0
-85.0,-64.0,-950.0
357.0,146.0,-987.0
-226.0,150.0,-1139.0
80.0,-83.0,-956.0
-230.0,117.0,-1067.0
232.0,130.0,-1122.0
-97.0,-19.0,-1186.0
70.0,-244.0,-903.0
-83.0,-146.0,-884.0
136.0,117.0,-929.0
-70.0,181.0,-1165.0
-138.0,-23.0,-1038.0
-48.0,132.0,-1081.0
-132.0,154.0,-1124.0
162.0,17.0,-1071.0
-187.0,-109.0,-1007.0
142.0,-228.0,-868.0
-119.0,171.0,-1001.0
177.0,81.0,-1022.0
-152.0,19.0,-1089.0
-87.0,158.0,-942.0
72.0,85.0,-1139.0
-62.0,81.0,-1139.0
138.0,-230.0,-987.0
-85.0,-101.0,-933.0
218.0,-83.0,-911.0
80.0,160.0,-976.0
64.0,72.0,-970.0
-42.0,35.0,-1100.0
29.0,156.0,-1110.0
105.0,33.0,-1095.0
-83.0,-183.0,-997.0
85.0,-183.0,-864.0
44.0,11.0,-913.0
232.0,87.0,-1057.0
-136.0,-1.0,-989.0
91.0,39.0,-1040.0
-185.0,167.0,-1138.0
199.0,130.0,-1054.0
-163.0,-89.0,-1075.0
29.0,-320.0,-948.0
48.0,1.0,-935.0
113.0,130.0,-1018.0
29.0,89.0,-1020.0
-292.0,-60.0,-1044.0
39.0,154.0,-1026.0
-89.0,236.0,-1282.0
-35.0,-60.0,-1085.0
29.0,-236.0,-845.0
-167.0,-95.0,-940.0
292.0,87.0,-948.0
-109.0,208.0,-1073.0
-21.0,25.0,-1067.0
-156.0,37.0,-1046.0
119.0,251.0,-1100.0
-62.0,5.0,-1110.0
119.0,-220.0,-923.0
-87.0,-162.0,-950.0
327.0,48.0,-974.0
-15.0,267.0,-1100.0
7.0,-58.0,-853.0
-21.0,85.0,-1042.0
-140.0,97.0,-1214.0
357.0,150.0,-1007.0
-195.0,-54.0,-1040.0
249.0,-384.0,-835.0
19.0,13.0,-931.0
195.0,191.0,-1044.0
-13.0,46.0,-993.0
-109.0,25.0,-997.0
-3.0,58.0,-1093.0
83.0,208.0,-1116.0
-74.0,-154.0,-1050.0
103.0,-296.0,-862.0
-103.0,-37.0,-1057.0
228.0,158.0,-925.0
-80.0,175.0,-1044.0
-132.0,-80.0,-1013.0
39.0,-1.0,-1028.0
-13.0,249.0,-1173.0
-66.0,-107.0,-1180.0
0.0,-173.0,-890.0
-185.0,-85.0,-911.0
206.0,66.0,-981.0
-251.0,152.0,-1079.0
-165.0,-39.0,-1061.0
-363.0,122.0,-1087.0
-33.0,189.0,-1079.0
-407.0,29.0,-1087.0
-201.0,-158.0,-1009.0
-415.0,-236.0,-911.0
-89.0,119.0,-940.0
-497.0,230.0,-1046.0
-501.0,35.0,-942.0
-661.0,5.0,-1015.0
-601.0,95.0,-1186.0
-468.0,124.0,-1069.0
-942.0,-167.0,-977.0
-653.0,-158.0,-892.0
-681.0,33.0,-983.0
-558.0,154.0,-956.0
-956.0,31.0,-1036.0
-927.0,-21.0,-1108.0
-927.0,72.0,-1056.0
-837.0,261.0,-1124.0
-993.0,-142.0,-1059.0
-974.0,-310.0,-911.0
-925.0,-29.0,-983.0
-808.0,136.0,-979.0
-999.0,173.0,-1011.0
-1315.0,-171.0,-1087.0
-964.0,1.0,-1061.0
-1157.0,193.0,-1221.0
-1122.0,-1.0,-1087.0
-1147.0,-158.0,-933.0
-1204.0,-302.0,-917.0
-817.0,107.0,-892.0
-1298.0,175.0,-1079.0
-1221.0,-21.0,-1122.0
-1387.0,1.0,-1087.0
-1040.0,122.0,-1147.0
-1313.0,97.0,-997.0
-1177.0,-101.0,-956.0
-1419.0,-232.0,-987.0
-940.0,0.0,-921.0
-1315.0,203.0,-1015.0
-1419.0,126.0,-1034.0
-1450.0,-56.0,-985.0
-1354.0,140.0,-1100.0
-1259.0,140.0,-1083.0
-1395.0,-66.0,-1056.0
-1356.0,-238.0,-868.0
-993.0,-13.0,-895.0
-1180.0,265.0,-907.0
-1177.0,1.0,-1052.0
-1549.0,-60.0,-1098.0
-1145.0,-101.0,-1194.0
-1288.0,187.0,-1081.0
-1253.0,70.0,-1063.0
-1292.0,-212.0,-923.0
-1177.0,42.0,-868.0
-1098.0,83.0,-946.0
-1360.0,97.0,-1130.0
-1335.0,-111.0,-1024.0
-1434.0,119.0,-1028.0
-1042.0,83.0,-1102.0
-1393.0,-19.0,-1141.0
-1124.0,-173.0,-880.0
-1106.0,-195.0,-948.0
-1083.0,70.0,-917.0
-1056.0,-9.0,-968.0
-1341.0,146.0,-1063.0
-897.0,181.0,-1081.0
-1020.0,37.0,-1110.0
-661.0,212.0,-1120.0
-788.0,-448.0,-1038.0
-579.0,158.0,-812.0
-357.0,117.0,-942.0
-450.0,-296.0,-1097.0
-407.0,423.0,-1184.0
-290.0,-365.0,-1069.0
-292.0,562.0,-1190.0
19.0,-109.0,-1046.0
-132.0,56.0,-1208.0
-150.0,-187.0,-868.0
21.0,-89.0,-835.0
-392.0,462.0,-976.0
150.0,-156.0,-1108.0
-566.0,142.0,-1050.0
290.0,72.0,-942.0
-259.0,70.0,-1093.0
193.0,-130.0,-817.0
-183.0,-185.0,-747.0
78.0,58.0,-958.0
126.0,89.0,-1089.0
-222.0,83.0,-1059.0
324.0,-107.0,-987.0
-228.0,-58.0,-1143.0
238.0,419.0,-974.0
-224.0,-154.0,-899.0
-89.0,171.0,-1063.0
-128.0,-175.0,-1050.0
-9.0,103.0,-1018.0
271.0,-160.0,-876.0
-226.0,-93.0,-1077.0
331.0,40.0,-989.0
-136.0,214.0,-1268.0
564.0,103.0,-919.0
-25.0,-224.0,-1071.0
638.0,-294.0,-784.0
527.0,320.0,-1210.0
511.0,-29.0,-1184.0
370.0,5.0,-1015.0
136.0,-187.0,-1110.0
607.0,42.0,-1235.0
160.0,80.0,-1081.0
292.0,169.0,-1001.0
189.0,60.0,-999.0
714.0,-187.0,-1020.0
341.0,117.0,-917.0
542.0,-128.0,-935.0
109.0,-23.0,-1077.0
605.0,25.0,-1018.0
665.0,152.0,-1061.0
566.0,163.0,-1005.0
696.0,-154.0,-847.0
698.0,-42.0,-892.0
679.0,46.0,-1108.0
312.0,-44.0,-1173.0
466.0,-78.0,-870.0
343.0,74.0,-1028.0
720.0,349.0,-1132.0
384.0,66.0,-1013.0
435.0,126.0,-765.0
468.0,-396.0,-868.0
411.0,-58.0,-1034.0
534.0,19.0,-944.0
206.0,-7.0,-954.0
495.0,-109.0,-1114.0
689.0,80.0,-1106.0
568.0,119.0,-1009.0
702.0,-68.0,-966.0
370.0,-1.0,-913.0
866.0,-23.0,-968.0
443.0,-7.0,-1190.0
607.0,152.0,-1141.0
152.0,-9.0,-1065.0
839.0,58.0,-1022.0
193.0,81.0,-1272.0
612.0,-54.0,-944.0
95.0,48.0,-837.0
560.0,72.0,-1042.0
450.0,-11.0,-1056.0
322.0,-35.0,-1003.0
431.0,-89.0,-976.0
566.0,187.0,-1253.0
739.0,-19.0,-1011.0
404.0,154.0,-1077.0
648.0,-134.0,-854.0
737.0,122.0,-1026.0
888.0,7.0,-935.0
634.0,173.0,-1093.0
571.0,-5.0,-1026.0
769.0,5.0,-1108.0
737.0,132.0,-1075.0
624.0,-31.0,-1087.0
435.0,39.0,-798.0
603.0,-52.0,-907.0
675.0,-1.0,-989.0
638.0,68.0,-1011.0
458.0,1.0,-878.0
597.0,181.0,-1095.0
718.0,62.0,-1091.0
421.0,105.0,-1011.0
624.0,-93.0,-806.0
513.0,0.0,-1007.0
977.0,-64.0,-983.0
488.0,80.0,-1079.0
706.0,150.0,-979.0
425.0,-39.0,-1180.0
763.0,-76.0,-1122.0
476.0,-81.0,-1063.0
544.0,31.0,-946.0
605.0,-54.0,-956.0
864.0,81.0,-1048.0
675.0,78.0,-1184.0
585.0,54.0,-950.0
601.0,152.0,-1054.0
732.0,140.0,-1177.0
577.0,-83.0,-1182.0
583.0,-64.0,-894.0
462.0,-95.0,-987.0
950.0,-62.0,-1009.0
493.0,25.0,-991.0
552.0,44.0,-985.0
329.0,171.0,-1046.0
733.0,54.0,-1083.0
452.0,128.0,-1132.0
624.0,-128.0,-929.0
460.0,-124.0,-802.0
726.0,9.0,-923.0
728.0,97.0,-1097.0
501.0,83.0,-1015.0
550.0,-81.0,-970.0
612.0,9.0,-1081.0
767.0,0.0,-1108.0
437.0,-50.0,-1046.0
685.0,-103.0,-876.0
636.0,-83.0,-983.0
913.0,42.0,-909.0
673.0,35.0,-1059.0
624.0,97.0,-999.0
548.0,62.0,-1165.0
675.0,40.0,-997.0
648.0,27.0,-1054.0
659.0,-85.0,-935.0
747.0,0.0,-913.0
782.0,-66.0,-962.0
554.0,56.0,-1028.0
493.0,-40.0,-1026.0
462.0,-9.0,-1136.0
632.0,87.0,-1136.0
378.0,-78.0,-1085.0
528.0,66.0,-952.0
351.0,-54.0,-987.0
749.0,72.0,-966.0
345.0,64.0,-1063.0
460.0,72.0,-933.0
310.0,134.0,-1134.0
460.0,107.0,-1108.0
327.0,87.0,-1104.0
208.0,-107.0,-981.0
445.0,-91.0,-938.0
468.0,74.0,-1026.0
423.0,80.0,-997.0
244.0,68.0,-997.0
117.0,29.0,-1013.0
329.0,13.0,-1147.0
214.0,42.0,-1167.0
318.0,85.0,-964.0
162.0,-29.0,-876.0
341.0,-17.0,-899.0
273.0,52.0,-1030.0
101.0,113.0,-1059.0
117.0,68.0,-1007.0
58.0,-74.0,-1065.0
158.0,54.0,-1139.0
136.0,-50.0,-983.0
158.0,-3.0,-921.0
144.0,-140.0,-958.0
384.0,25.0,-1013.0
1.0,107.0,-1091.0
206.0,11.0,-989.0
-160.0,37.0,-1104.0
267.0,-9.0,-1040.0
-9.0,128.0,-1124.0
236.0,-148.0,-1001.0
64.0,-220.0,-919.0
144.0,-31.0,-968.0
64.0,15.0,-1052.0
52.0,105.0,-1085.0
-37.0,-117.0,-1018.0
107.0,-105.0,-1036.0
81.0,-95.0,-1091.0
81.0,-163.0,-1065.0
66.0,-224.0,-919.0
175.0,-201.0,-993.0
70.0,19.0,-1009.0
97.0,-83.0,-1036.0
-121.0,-206.0,-989.0
208.0,-349.0,-1114.0
-70.0,-150.0,-1153.0
212.0,-288.0,-966.0
25.0,-271.0,-831.0
121.0,-392.0,-974.0
167.0,-337.0,-1009.0
-126.0,-244.0,-1050.0
93.0,-411.0,-970.0
-39.0,-249.0,-1024.0
261.0,-335.0,-1091.0
-109.0,-370.0,-1081.0
179.0,-527.0,-831.0
-50.0,-560.0,-936.0
204.0,-347.0,-1020.0
-50.0,-292.0,-1083.0
44.0,-394.0,-901.0
-27.0,-550.0,-1100.0
29.0,-538.0,-1087.0
124.0,-519.0,-1040.0
-64.0,-651.0,-976.0
134.0,-700.0,-843.0
1.0,-581.0,-1044.0
5.0,-519.0,-1054.0
46.0,-579.0,-1042.0
-201.0,-603.0,-991.0
134.0,-548.0,-1126.0
-126.0,-534.0,-1093.0
103.0,-562.0,-989.0
-66.0,-669.0,-966.0
121.0,-519.0,-979.0
40.0,-609.0,-931.0
-101.0,-407.0,-999.0
44.0,-661.0,-1098.0
-33.0,-497.0,-1122.0
136.0,-534.0,-1040.0
-44.0,-689.0,-977.0
175.0,-737.0,-839.0
17.0,-640.0,-964.0
234.0,-472.0,-1046.0
-115.0,-556.0,-1100.0
11.0,-622.0,-899.0
103.0,-523.0,-1007.0
101.0,-404.0,-1056.0
162.0,-427.0,-1034.0
23.0,-677.0,-952.0
152.0,-607.0,-917.0
220.0,-388.0,-929.0
-17.0,-390.0,-1069.0
126.0,-583.0,-981.0
-160.0,-452.0,-1063.0
347.0,-314.0,-1093.0
-126.0,-380.0,-1163.0
249.0,-550.0,-825.0
-140.0,-679.0,-923.0
263.0,-486.0,-1005.0
-115.0,-509.0,-1141.0
107.0,-568.0,-1003.0
-201.0,-751.0,-1089.0
142.0,-544.0,-979.0
-7.0,-331.0,-1167.0
31.0,-573.0,-1042.0
64.0,-523.0,-915.0
-152.0,-349.0,-1048.0
183.0,-304.0,-966.0
-263.0,-300.0,-1069.0
81.0,-447.0,-1085.0
-89.0,-214.0,-1194.0
21.0,-175.0,-997.0
33.0,-253.0,-962.0
-103.0,-491.0,-952.0
189.0,-644.0,-936.0
-70.0,-394.0,-1028.0
111.0,-486.0,-1057.0
-208.0,-548.0,-1001.0
81.0,-614.0,-964.0
-78.0,-491.0,-1093.0
48.0,-579.0,-1050.0
-21.0,-593.0,-884.0
62.0,-472.0,-948.0
113.0,-320.0,-1020.0
-119.0,-365.0,-929.0
95.0,-448.0,-958.0
-222.0,-396.0,-1147.0
281.0,-269.0,-997.0
-169.0,-201.0,-1063.0
95.0,-638.0,-929.0
66.0,-679.0,-851.0
76.0,-626.0,-1069.0
29.0,-655.0,-1040.0
-138.0,-616.0,-981.0
-46.0,-784.0,-987.0
-68.0,-513.0,-1179.0
-27.0,-634.0,-1018.0
-85.0,-708.0,-946.0
-46.0,-527.0,-895.0
171.0,-413.0,-938.0
-146.0,-312.0,-987.0
-7.0,-677.0,-1056.0
-253.0,-685.0,-1054.0
136.0,-673.0,-1028.0
-140.0,-560.0,-1120.0
142.0,-782.0,-958.0
-173.0,-833.0,-948.0
150.0,-702.0,-917.0
25.0,-528.0,-1110.0
-111.0,-573.0,-1069.0
70.0,-763.0,-954.0
-193.0,-509.0,-1063.0
187.0,-691.0,-1042.0
-80.0,-579.0,-1054.0
85.0,-833.0,-921.0
152.0,-704.0,-911.0
134.0,-417.0,-936.0
83.0,-687.0,-954.0
-115.0,-599.0,-1020.0
136.0,-858.0,-1116.0
-25.0,-552.0,-1102.0
206.0,-735.0,-917.0
11.0,-915.0,-886.0
162.0,-694.0,-950.0
121.0,-581.0,-1018.0
-1.0,-480.0,-977.0
83.0,-774.0,-1050.0
-130.0,-657.0,-1011.0
357.0,-515.0,-1030.0
-193.0,-507.0,-1085.0
277.0,-616.0,-874.0
-122.0,-607.0,-987.0
284.0,-306.0,-989.0
-31.0,-302.0,-1011.0
-70.0,-445.0,-999.0
-95.0,-663.0,-1124.0
25.0,-421.0,-1069.0
58.0,-417.0,-1106.0
23.0,-591.0,-968.0
-80.0,-472.0,-895.0
154.0,-333.0,-1042.0
-80.0,-60.0,-1104.0
29.0,-341.0,-1032.0
-240.0,-421.0,-987.0
167.0,-283.0,-1112.0
-144.0,-122.0,-1079.0
199.0,-124.0,-983.0
-195.0,-425.0,-970.0
263.0,-185.0,-997.0
-122.0,19.0,-1024.0
163.0,83.0,-913.0
-148.0,-9.0,-1087.0
48.0,-81.0,-1110.0
68.0,40.0,-1071.0
58.0,-111.0,-983.0
132.0,-234.0,-882.0
140.0,-87.0,-974.0
60.0,27.0,-1048.0
9.0,11.0,-1026.0
-85.0,-39.0,-929.0
9.0,-64.0,-1112.0
78.0,-42.0,-1108.0
35.0,-29.0,-1067.0
-46.0,-175.0,-929.0
46.0,101.0,-935.0
44.0,230.0,-1034.0
-44.0,337.0,-1018.0
-138.0,80.0,-1009.0
-165.0,11.0,-1020.0
66.0,72.0,-1169.0
-199.0,-68.0,-1157.0
17.0,-95.0,-911.0
-232.0,-117.0,-913.0
203.0,44.0,-981.0
-113.0,95.0,-1171.0
-121.0,-25.0,-1057.0
-238.0,9.0,-1005.0
-134.0,193.0,-989.0
103.0,259.0,-1089.0
-146.0,160.0,-1147.0
113.0,103.0,-843.0
-111.0,195.0,-954.0
130.0,288.0,-993.0
-160.0,113.0,-1057.0
3.0,-37.0,-931.0
-27.0,27.0,-1188.0
52.0,-15.0,-1022.0
206.0,58.0,-987.0
-105.0,-148.0,-970.0
310.0,-171.0,-892.0
-130.0,70.0,-1054.0
199.0,-1.0,-1038.0
-187.0,181.0,-981.0
9.0,132.0,-1016.0
17.0,195.0,-1102.0
-62.0,-58.0,-1034.0
148.0,-199.0,-843.0
52.0,64.0,-1056.0
222.0,146.0,-1044.0
-111.0,87.0,-907.0
-52.0,-128.0,-954.0
-68.0,5.0,-1188.0
214.0,163.0,-1106.0
29.0,95.0,-1081.0
87.0,-150.0,-911.0
-44.0,-11.0,-897.0
74.0,158.0,-1061.0
-62.0,302.0,-1145.0
-177.0,288.0,-1007.0
-87.0,308.0,-958.0
-52.0,472.0,-1100.0
33.0,175.0,-1054.0
0.0,101.0,-1026.0
-162.0,46.0,-997.0
308.0,261.0,-968.0
-179.0,552.0,-1108.0
245.0,230.0,-940.0
-365.0,341.0,-1081.0
273.0,263.0,-1087.0
-60.0,499.0,-1264.0
275.0,320.0,-979.0
7.0,318.0,-860.0
126.0,470.0,-936.0
128.0,519.0,-1069.0
-78.0,622.0,-1097.0
17.0,384.0,-1011.0
-33.0,470.0,-1061.0
244.0,521.0,-1104.0
-62.0,337.0,-1079.0
165.0,281.0,-919.0
-39.0,386.0,-1028.0
236.0,601.0,-989.0
-60.0,548.0,-1042.0
-21.0,503.0,-1032.0
27.0,546.0,-1139.0
40.0,716.0,-1147.0
107.0,589.0,-960.0
13.0,556.0,-968.0
50.0,612.0,-870.0
126.0,638.0,-1015.0
-93.0,732.0,-1106.0
64.0,495.0,-1081.0
-162.0,614.0,-948.0
179.0,569.0,-1087.0
-230.0,486.0,-1218.0
85.0,532.0,-974.0
-304.0,534.0,-989.0
238.0,755.0,-989.0
-214.0,747.0,-1054.0
54.0,735.0,-884.0
-333.0,609.0,-1159.0
101.0,659.0,-1130.0
-201.0,718.0,-1204.0
-15.0,527.0,-974.0
-58.0,569.0,-833.0
121.0,788.0,-976.0
0.0,769.0,-1063.0
19.0,554.0,-1042.0
-212.0,407.0,-981.0
136.0,542.0,-1106.0
-48.0,630.0,-1139.0
156.0,427.0,-983.0
-175.0,464.0,-993.0
273.0,569.0,-868.0
-70.0,689.0,-985.0
140.0,564.0,-1018.0
-185.0,458.0,-1075.0
107.0,507.0,-1046.0
-111.0,651.0,-1169.0
191.0,489.0,-940.0
-150.0,497.0,-923.0
195.0,398.0,-858.0
39.0,612.0,-1136.0
62.0,478.0,-1057.0
-7.0,462.0,-1007.0
-99.0,515.0,-1059.0
29.0,519.0,-1132.0
-64.0,450.0,-1065.0
-15.0,152.0,-1003.0
17.0,370.0,-960.0
60.0,595.0,-1089.0
64.0,513.0,-1001.0
-169.0,517.0,-929.0
-95.0,423.0,-1116.0
-70.0,667.0,-1255.0
29.0,491.0,-1063.0
-93.0,363.0,-931.0
7.0,253.0,-923.0
122.0,480.0,-1036.0
46.0,607.0,-1087.0
58.0,562.0,-1034.0
-37.0,525.0,-944.0
160.0,554.0,-1161.0
56.0,630.0,-1100.0
277.0,398.0,-1020.0
11.0,380.0,-909.0
542.0,404.0,-979.0
177.0,722.0,-1079.0
368.0,542.0,-952.0
142.0,507.0,-989.0
441.0,515.0,-1085.0
468.0,624.0,-1216.0
271.0,503.0,-1024.0
544.0,376.0,-843.0
320.0,513.0,-927.0
798.0,546.0,-1054.0
308.0,603.0,-1106.0
630.0,564.0,-1005.0
365.0,568.0,-1100.0
917.0,702.0,-1065.0
325.0,530.0,-1141.0
837.0,456.0,-786.0
519.0,573.0,-1024.0
1042.0,571.0,-958.0
587.0,646.0,-1110.0
612.0,435.0,-925.0
689.0,609.0,-1169.0
675.0,585.0,-1149.0
808.0,593.0,-1071.0
497.0,493.0,-981.0
815.0,482.0,-929.0
802.0,595.0,-1011.0
679.0,568.0,-1065.0
581.0,525.0,-1026.0
400.0,536.0,-1077.0
708.0,689.0,-1126.0
267.0,546.0,-1143.0
542.0,495.0,-921.0
148.0,372.0,-974.0
527.0,333.0,-948.0
261.0,560.0,-1034.0
247.0,472.0,-968.0
66.0,521.0,-1065.0
87.0,210.0,-1075.0
105.0,386.0,-1177.0
-3.0,267.0,-1020.0
189.0,259.0,-919.0
9.0,341.0,-995.0
296.0,197.0,-979.0
-3.0,421.0,-1018.0
97.0,185.0,-1042.0
-103.0,281.0,-1175.0
124.0,224.0,-1108.0
54.0,292.0,-1098.0
52.0,199.0,-974.0
156.0,62.0,-938.0
107.0,228.0,-936.0
175.0,220.0,-1038.0
3.0,99.0,-1032.0
85.0,-11.0,-1147.0
21.0,-13.0,-1151.0
228.0,42.0,-1022.0
52.0,60.0,-966.0
251.0,27.0,-870.0
259.0,81.0,-1022.0
95.0,175.0,-1050.0
109.0,81.0,-1056.0
-52.0,31.0,-1011.0
208.0,142.0,-1095.0
-144.0,126.0,-1116.0
203.0,66.0,-960.0
-185.0,-81.0,-952.0
283.0,15.0,-870.0
-107.0,89.0,-1056.0
66.0,13.0,-944.0
-210.0,-50.0,-999.0
7.0,-40.0,-1059.0
0.0,208.0,-1138.0
-78.0,-29.0,-958.0
37.0,-50.0,-845.0
-52.0,80.0,-938.0
126.0,267.0,-1022.0
-218.0,136.0,-1056.0
-238.0,40.0,-977.0
-308.0,23.0,-1063.0
-167.0,154.0,-1093.0
-325.0,72.0,-1052.0
-505.0,-109.0,-888.0
-402.0,-72.0,-895.0
-409.0,25.0,-1042.0
-491.0,171.0,-1038.0
-843.0,66.0,-1050.0
-767.0,74.0,-1069.0
-720.0,222.0,-1171.0
-704.0,78.0,-1091.0
-778.0,101.0,-958.0
-763.0,-9.0,-882.0
-448.0,210.0,-1009.0
-749.0,365.0,-1179.0
-673.0,177.0,-1054.0
-997.0,19.0,-1104.0
-415.0,87.0,-1087.0
-694.0,322.0,-1206.0
-247.0,175.0,-1009.0
-692.0,130.0,-989.0
-185.0,179.0,-993.0
-523.0,357.0,-1171.0
-341.0,206.0,-989.0
-566.0,267.0,-1034.0
-327.0,359.0,-1204.0
-201.0,294.0,-1077.0
-343.0,222.0,-987.0
-154.0,93.0,-839.0
-72.0,187.0,-968.0
-163.0,392.0,-1054.0
-212.0,269.0,-991.0
-386.0,329.0,-974.0
-154.0,201.0,-1003.0
-101.0,302.0,-1042.0
-126.0,115.0,-1001.0
-148.0,152.0,-884.0
-103.0,238.0,-958.0
-76.0,306.0,-1001.0
-281.0,263.0,-944.0
-288.0,111.0,-981.0
-181.0,226.0,-1069.0
-144.0,294.0,-1108.0
-119.0,169.0,-970.0
-109.0,93.0,-944.0
-214.0,33.0,-935.0
95.0,206.0,-985.0
-265.0,214.0,-1079.0
-62.0,136.0,-958.0
-361.0,247.0,-1130.0
15.0,203.0,-1141.0
-177.0,66.0,-1054.0
13.0,-19.0,-936.0
-52.0,-7.0,-1003.0
132.0,177.0,-1034.0
-187.0,97.0,-1046.0
-142.0,-35.0,-1028.0
-363.0,60.0,-1155.0
-23.0,142.0,-1132.0
-37.0,169.0,-1083.0
-52.0,-70.0,-981.0
-15.0,-81.0,-917.0
-89.0,56.0,-1091.0
48.0,-29.0,-1018.0
-222.0,89.0,-1067.0
-31.0,-64.0,-958.0
-83.0,169.0,-1073.0
126.0,58.0,-1038.0
-23.0,-103.0,-1108.0
54.0,-228.0,-876.0
78.0,-142.0,-952.0
208.0,89.0,-987.0
-21.0,-29.0,-983.0
-66.0,-37.0,-1011.0
-146.0,17.0,-1104.0
144.0,48.0,-1067.0
-58.0,-89.0,-1020.0
230.0,-302.0,-847.0
-115.0,7.0,-936.0
345.0,9.0,-952.0
-222.0,74.0,-1089.0
152.0,-177.0,-974.0
-318.0,44.0,-1116.0
273.0,25.0,-1005.0
-132.0,-83.0,-1138.0
126.0,-136.0,-935.0
-50.0,-132.0,-997.0
163.0,23.0,-952.0
-39.0,-11.0,-1081.0
-74.0,3.0,-1061.0
-121.0,-1.0,-1130.0
-113.0,134.0,-1079.0
-33.0,-15.0,-1100.0
31.0,-177.0,-979.0
-15.0,-109.0,-966.0
197.0,109.0,-987.0
-103.0,48.0,-1067.0
-13.0,-23.0,-981.0
-244.0,29.0,-1057.0
136.0,162.0,-1097.0
-119.0,113.0,-1155.0
103.0,-13.0,-929.0
-126.0,-124.0,-1007.0
169.0,76.0,-935.0
-7.0,165.0,-1046.0
58.0,68.0,-958.0
-119.0,81.0,-1071.0
-109.0,169.0,-1075.0
103.0,220.0,-1057.0
-97.0,-17.0,-1011.0
111.0,-117.0,-899.0
5.0,25.0,-1018.0
201.0,290.0,-929.0
-126.0,154.0,-1042.0
-58.0,101.0,-972.0
-162.0,87.0,-1081.0
122.0,300.0,-1032.0
-3.0,97.0,-1128.0
56.0,-70.0,-913.0
-115.0,62.0,-952.0
121.0,197.0,-958.0
-52.0,199.0,-1091.0
-58.0,89.0,-995.0
-78.0,80.0,-1042.0
52.0,318.0,-1143.0
-44.0,140.0,-1069.0
17.0,60.0,-1018.0
-195.0,-163.0,-894.0
312.0,218.0,-946.0
-224.0,314.0,-1136.0
283.0,126.0,-954.0
-489.0,187.0,-1134.0
185.0,81.0,-1056.0
-187.0,302.0,-1087.0
191.0,-95.0,-966.0
11.0,-35.0,-976.0
140.0,169.0,-983.0
-80.0,173.0,-1065.0
-48.0,70.0,-987.0
-148.0,33.0,-1003.0
81.0,169.0,-1132.0
80.0,165.0,-1114.0
58.0,-19.0,-999.0
-3.0,-87.0,-868.0
48.0,0.0,-1040.0
113.0,115.0,-1009.0
15.0,52.0,-1022.0
-83.0,-9.0,-972.0
64.0,42.0,-1032.0
3.0,201.0,-1132.0
9.0,-42.0,-1085.0
58.0,-210.0,-894.0
-95.0,-163.0,-886.0
396.0,19.0,-1007.0
-185.0,208.0,-1100.0
162.0,-70.0,-966.0
-441.0,25.0,-1069.0
304.0,-60.0,-1069.0
-197.0,-23.0,-1102.0
279.0,-216.0,-968.0
-142.0,-150.0,-936.0
244.0,72.0,-981.0
-177.0,-7.0,-1069.0
15.0,-83.0,-1005.0
-222.0,-76.0,-1097.0
-9.0,76.0,-1050.0
74.0,-11.0,-1079.0
-66.0,-148.0,-989.0
101.0,-208.0,-917.0
11.0,-7.0,-1018.0
35.0,-39.0,-983.0
-25.0,11.0,-1063.0
-181.0,-70.0,-1054.0
113.0,62.0,-1056.0
-115.0,13.0,-1050.0
214.0,-158.0,-1011.0
-48.0,-203.0,-923.0
269.0,31.0,-1005.0
29.0,56.0,-1046.0
-21.0,19.0,-952.0
-97.0,-126.0,-974.0
31.0,64.0,-1100.0
171.0,74.0,-1147.0
25.0,-99.0,-966.0
109.0,-140.0,-911.0
-58.0,-121.0,-952.0
249.0,130.0,-1046.0
-222.0,17.0,-1077.0
189.0,-76.0,-921.0
-296.0,33.0,-1104.0
261.0,117.0,-1009.0
-42.0,109.0,-1134.0
5.0,-199.0,-940.0
78.0,-72.0,-935.0
-60.0,99.0,-1059.0
85.0,101.0,-972.0
-183.0,54.0,-1034.0
-74.0,29.0,-1077.0
56.0,152.0,-1106.0
-39.0,136.0,-1134.0
122.0,-101.0,-948.0
-169.0,-27.0,-917.0
167.0,87.0,-958.0
-103.0,218.0,-1097.0
42.0,154.0,-1079.0
-232.0,-17.0,-968.0
195.0,230.0,-1100.0
-183.0,134.0,-1134.0
222.0,56.0,-987.0
-247.0,5.0,-966.0
230.0,66.0,-895.0
-29.0,220.0,-1077.0
11.0,56.0,-1022.0
31.0,95.0,-952.0
-152.0,183.0,-1100.0
204.0,163.0,-1089.0
-70.0,126.0,-1048.0
95.0,-113.0,-894.0
93.0,44.0,-890.0
111.0,175.0,-1005.0
39.0,101.0,-1028.0
-66.0,171.0,-974.0
-37.0,50.0,-1079.0
-31.0,160.0,-1157.0
7.0,-19.0,-1046.0
-56.0,-48.0,-895.0
52.0,48.0,-913.0
62.0,122.0,-1050.0
1.0,37.0,-1034.0
-78.0,-3.0,-1059.0
-167.0,109.0,-1011.0
134.0,124.0,-1083.0
-236.0,23.0,-1149.0
189.0,-158.0,-946.0
-193.0,-19.0,-976.0
183.0,46.0,-942.0
-3.0,64.0,-1059.0
-126.0,31.0,-1011.0
-66.0,-68.0,-1028.0
-101.0,273.0,-1136.0
60.0,-48.0,-1155.0
-138.0,-99.0,-997.0
21.0,-150.0,-870.0
87.0,-5.0,-927.0
68.0,150.0,-1038.0
7.0,-85.0,-1093.0
-103.0,70.0,-1022.0
29.0,70.0,-1067.0
-5.0,66.0,-1087.0
107.0,-203.0,-1018.0
-56.0,-187.0,-895.0
290.0,64.0,-968.0
11.0,50.0,-1052.0
185.0,-128.0,-966.0
-173.0,-117.0,-1034.0
70.0,0.0,-1077.0
83.0,132.0,-1106.0
-50.0,-97.0,-1065.0
142.0,-212.0,-917.0
-103.0,-122.0,-938.0
286.0,13.0,-958.0
-44.0,-33.0,-1083.0
52.0,-31.0,-985.0
-130.0,0.0,-1122.0
15.0,156.0,-1077.0
37.0,-113.0,-1028.0
-132.0,-302.0,-997.0
181.0,-189.0,-950.0
-60.0,136.0,-1022.0
148.0,83.0,-1001.0
-187.0,-101.0,-1069.0
-39.0,-56.0,-1052.0
-105.0,132.0,-1114.0
58.0,42.0,-1071.0
-17.0,-83.0,-1003.0
-115.0,-148.0,-927.0
222.0,105.0,-1003.0
-144.0,40.0,-1056.0
138.0,11.0,-925.0
-251.0,31.0,-1122.0
126.0,201.0,-1126.0
-121.0,156.0,-1098.0
109.0,-31.0,-950.0
-21.0,-191.0,-913.0
208.0,1.0,-962.0
109.0,218.0,-1079.0
-31.0,93.0,-1013.0
-7.0,64.0,-925.0
-66.0,37.0,-1192.0
142.0,201.0,-1091.0
-13.0,-25.0,-948.0
163.0,-117.0,-839.0
11.0,33.0,-1065.0
204.0,140.0,-1003.0
-52.0,132.0,-1042.0
-17.0,-33.0,-903.0
-140.0,119.0,-1069.0
109.0,169.0,-1126.0
-97.0,124.0,-1114.0
83.0,-66.0,-911.0
-132.0,-154.0,-936.0
259.0,31.0,-942.0
-138.0,189.0,-1069.0
60.0,122.0,-1030.0
-343.0,105.0,-1112.0
126.0,124.0,-1026.0
-189.0,76.0,-1177.0
156.0,-103.0,-921.0
-169.0,-9.0,-927.0
191.0,91.0,-968.0
-17.0,195.0,-1089.0
-99.0,33.0,-987.0
-66.0,29.0,-1032.0
-78.0,197.0,-1112.0
64.0,40.0,-1052.0
-44.0,78.0,-1022.0
126.0,-97.0,-882.0
54.0,95.0,-995.0
0.0,-21.0,-1005.0
-21.0,66.0,-1077.0
-83.0,76.0,-1007.0
40.0,236.0,-1048.0
64.0,130.0,-1116.0
-66.0,-199.0,-1079.0
60.0,-158.0,-864.0
58.0,17.0,-989.0
197.0,160.0,-1007.0
-37.0,0.0,-966.0
46.0,-19.0,-987.0
-95.0,27.0,-1104.0
208.0,107.0,-1093.0
-76.0,-72.0,-1075.0
132.0,-238.0,-884.0
-101.0,13.0,-936.0
232.0,109.0,-983.0
31.0,-13.0,-1108.0
-117.0,-165.0,-995.0
1.0,-21.0,-1001.0
-27.0,267.0,-1132.0
37.0,-42.0,-1141.0
-37.0,-236.0,-956.0
-130.0,-226.0,-960.0
234.0,11.0,-942.0
-89.0,140.0,-1091.0
117.0,-169.0,-979.0
-325.0,60.0,-1079.0
128.0,56.0,-1100.0
-181.0,13.0,-1157.0
140.0,-177.0,-952.0
-124.0,-201.0,-888.0
189.0,111.0,-977.0
-68.0,66.0,-1069.0
62.0,-17.0,-1034.0
-175.0,-70.0,-1036.0
58.0,89.0,-1044.0
-31.0,138.0,-1085.0
74.0,-163.0,-1048.0
19.0,-117.0,-886.0
89.0,-124.0,-974.0
156.0,128.0,-1026.0
7.0,25.0,-1048.0
-31.0,54.0,-931.0
-50.0,-15.0,-1143.0
13.0,105.0,-1091.0
101.0,-29.0,-1013.0
19.0,-206.0,-929.0
185.0,-80.0,-921.0
19.0,87.0,-1009.0
83.0,107.0,-1028.0
-173.0,-50.0,-1005.0
5.0,80.0,-1097.0
-37.0,70.0,-1139.0
62.0,3.0,-999.0
-54.0,-101.0,-964.0
83.0,-89.0,-925.0
115.0,130.0,-1052.0
-103.0,76.0,-1001.0
52.0,-7.0,-999.0
-300.0,89.0,-1095.0
140.0,126.0,-1085.0
-197.0,78.0,-1118.0
81.0,-121.0,-960.0
-48.0,-52.0,-878.0
181.0,119.0,-1018.0
17.0,83.0,-1100.0
-189.0,109.0,-1011.0
-70.0,27.0,-974.0
-48.0,214.0,-1097.0
136.0,142.0,-1114.0
-64.0,-5.0,-1075.0
113.0,-119.0,-878.0
-46.0,70.0,-989.0
177.0,177.0,-1038.0
-169.0,62.0,-1075.0
13.0,56.0,-946.0
-68.0,163.0,-1098.0
138.0,162.0,-1136.0
72.0,1.0,-985.0
0.0,-111.0,-905.0
169.0,-56.0,-929.0
74.0,144.0,-1036.0
29.0,105.0,-1050.0
-60.0,58.0,-1022.0
-58.0,80.0,-1028.0
130.0,101.0,-1038.0
21.0,5.0,-1104.0
162.0,-183.0,-952.0
-89.0,-1.0,-958.0
189.0,25.0,-938.0
-132.0,50.0,-987.0
19.0,23.0,-1087.0
-201.0,27.0,-1122.0
183.0,183.0,-1028.0
-105.0,-68.0,-1087.0
37.0,-160.0,-977.0
-107.0,-128.0,-936.0
62.0,134.0,-997.0
39.0,39.0,-1120.0
-136.0,48.0,-979.0
-48.0,-89.0,-1003.0
-113.0,101.0,-1069.0
134.0,70.0,-1056.0
-54.0,-91.0,-1100.0
39.0,-99.0,-970.0
27.0,5.0,-972.0
-29.0,66.0,-897.0
-1.0,-27.0,-1030.0
-99.0,19.0,-1100.0
167.0,150.0,-1116.0
-31.0,124.0,-1100.0
101.0,-93.0,-940.0
-109.0,-228.0,-938.0
124.0,-56.0,-1003.0
58.0,76.0,-1030.0
60.0,40.0,-981.0
-37.0,-27.0,-976.0
117.0,11.0,-1057.0
91.0,162.0,-1114.0
35.0,-169.0,-1048.0
15.0,-167.0,-884.0
-27.0,-117.0,-974.0
281.0,160.0,-958.0
-121.0,11.0,-1071.0
119.0,-165.0,-970.0
-203.0,11.0,-1069.0
312.0,154.0,-1073.0
-191.0,105.0,-1139.0
136.0,-275.0,-909.0
-222.0,-167.0,-952.0
189.0,17.0,-981.0
-117.0,99.0,-1093.0
91.0,-9.0,-929.0
-212.0,21.0,-1052.0
177.0,117.0,-1102.0
-203.0,33.0,-1221.0
31.0,-165.0,-931.0
-167.0,-50.0,-913.0
124.0,78.0,-944.0
72.0,162.0,-1026.0
-15.0,-42.0,-1067.0
-46.0,1.0,-1034.0
-11.0,173.0,-1081.0
17.0,187.0,-1083.0
15.0,-31.0,-1040.0
-29.0,-111.0,-897.0
50.0,7.0,-983.0
80.0,37.0,-1011.0
70.0,130.0,-1042.0
-44.0,72.0,-983.0
81.0,138.0,-1026.0
56.0,146.0,-1139.0
-9.0,-1.0,-1075.0
29.0,-132.0,-927.0
-17.0,-103.0,-901.0
230.0,181.0,-968.0
-48.0,132.0,-997.0
185.0,9.0,-1011.0
-189.0,103.0,-1118.0
279.0,68.0,-1036.0
-244.0,91.0,-1095.0
175.0,-240.0,-901.0
-140.0,68.0,-970.0
265.0,64.0,-979.0
-37.0,70.0,-1075.0
27.0,-29.0,-977.0
-130.0,42.0,-1034.0
97.0,201.0,-1106.0
-119.0,40.0,-1177.0
-1.0,-154.0,-956.0
-134.0,-72.0,-976.0
95.0,85.0,-936.0
-11.0,78.0,-995.0
-19.0,-29.0,-1032.0
-56.0,62.0,-1093.0
35.0,234.0,-1136.0
-119.0,99.0,-1067.0
40.0,-89.0,-989.0
-218.0,-179.0,-890.0
302.0,46.0,-991.0
-78.0,142.0,-1120.0
249.0,48.0,-913.0
-288.0,23.0,-1022.0
232.0,46.0,-1079.0
-173.0,165.0,-1223.0
87.0,-146.0,-946.0
-48.0,-130.0,-929.0
89.0,-1.0,-946.0
249.0,70.0,-974.0
-29.0,3.0,-1016.0
66.0,-81.0,-985.0
-81.0,99.0,-1122.0
115.0,234.0,-1139.0
-42.0,-66.0,-1067.0
1.0,-259.0,-823.0
66.0,-173.0,-933.0
228.0,93.0,-1026.0
95.0,101.0,-1095.0
-17.0,21.0,-935.0
7.0,-7.0,-1095.0
35.0,42.0,-1102.0
245.0,-1.0,-1087.0
9.0,-169.0,-962.0
324.0,-177.0,-864.0
357.0,66.0,-1057.0
365.0,42.0,-1057.0
224.0,25.0,-1032.0
126.0,-76.0,-1030.0
406.0,167.0,-1138.0
341.0,85.0,-1100.0
470.0,-72.0,-1024.0
327.0,-224.0,-913.0
501.0,7.0,-995.0
527.0,107.0,-1042.0
384.0,78.0,-1057.0
296.0,42.0,-968.0
281.0,89.0,-1102.0
439.0,83.0,-1128.0
169.0,-83.0,-1044.0
411.0,-122.0,-854.0
138.0,-5.0,-954.0
550.0,148.0,-907.0
-58.0,105.0,-1081.0
277.0,-31.0,-960.0
-193.0,134.0,-1202.0
226.0,19.0,-985.0
5.0,46.0,-1020.0
80.0,-95.0,-882.0
111.0,-46.0,-974.0
140.0,126.0,-1040.0
-52.0,-48.0,-1040.0
-68.0,70.0,-1020.0
-56.0,91.0,-1057.0
119.0,195.0,-1161.0
-128.0,-21.0,-1093.0
177.0,-136.0,-950.0
-185.0,-46.0,-993.0
361.0,31.0,-981.0
-216.0,80.0,-1100.0
277.0,15.0,-1024.0
-316.0,117.0,-1132.0
460.0,81.0,-1036.0
-302.0,-15.0,-1214.0
363.0,-206.0,-858.0
-185.0,-3.0,-995.0
355.0,162.0,-956.0
39.0,122.0,-1136.0
64.0,-17.0,-952.0
-52.0,-58.0,-981.0
5.0,134.0,-1077.0
126.0,124.0,-1190.0
-52.0,1.0,-1038.0
-37.0,-76.0,-882.0
117.0,-7.0,-894.0
56.0,89.0,-983.0
74.0,9.0,-1028.0
-193.0,85.0,-1009.0
122.0,83.0,-1079.0
-181.0,154.0,-1100.0
226.0,-37.0,-985.0
-156.0,-177.0,-856.0
249.0,-46.0,-884.0
42.0,124.0,-1018.0
171.0,101.0,-1048.0
-142.0,7.0,-1018.0
-11.0,19.0,-968.0
109.0,50.0,-1157.0
-201.0,-19.0,-1077.0
228.0,-72.0,-936.0
-234.0,-93.0,-938.0
433.0,-11.0,-897.0
-185.0,91.0,-1175.0
267.0,-44.0,-1024.0
-247.0,78.0,-1063.0
74.0,111.0,-1050.0
-21.0,-29.0,-1165.0
-87.0,-171.0,-1007.0
109.0,-105.0,-899.0
37.0,46.0,-1011.0
70.0,91.0,-1034.0
-95.0,5.0,-1032.0
-80.0,13.0,-1077.0
-76.0,-7.0,-1139.0
-37.0,52.0,-1079.0
0.0,-48.0,-987.0
-15.0,-76.0,-909.0
142.0,91.0,-948.0
15.0,-11.0,-997.0
81.0,60.0,-1044.0
-244.0,33.0,-1104.0
204.0,158.0,-1061.0
-224.0,78.0,-1141.0
117.0,-171.0,-917.0
-29.0,-93.0,-958.0
201.0,-15.0,-958.0
185.0,187.0,-1020.0
-15.0,25.0,-1003.0
0.0,-1.0,-962.0
-15.0,52.0,-1122.0
124.0,97.0,-1093.0
29.0,1.0,-1046.0
-35.0,-152.0,-923.0
210.0,-87.0,-884.0
95.0,132.0,-1042.0
56.0,119.0,-1054.0
-37.0,-7.0,-987.0
-37.0,15.0,-1089.0
81.0,78.0,-1097.0
-23.0,17.0,-1087.0
27.0,-134.0,-923.0
52.0,-97.0,-952.0
185.0,134.0,-1056.0
48.0,31.0,-1013.0
-44.0,48.0,-962.0
-165.0,-52.0,-1065.0
85.0,119.0,-1167.0
-134.0,132.0,-1165.0
60.0,-121.0,-917.0
-140.0,-93.0,-925.0
160.0,-37.0,-991.0
-72.0,152.0,-1056.0
-89.0,93.0,-1034.0
-150.0,-15.0,-1106.0
0.0,150.0,-1102.0
21.0,64.0,-1036.0
-83.0,-46.0,-1024.0
-1.0,-124.0,-899.0
44.0,39.0,-989.0
27.0,191.0,-1063.0
48.0,-5.0,-1011.0
-160.0,23.0,-952.0
121.0,0.0,-1128.0
-107.0,187.0,-1204.0
101.0,-81.0,-999.0
-105.0,-58.0,-854.0
242.0,-134.0,-894.0
111.0,83.0,-1022.0
111.0,56.0,-997.0
-70.0,62.0,-1015.0
9.0,103.0,-1071.0
31.0,140.0,-1175.0
-35.0,-23.0,-1026.0
140.0,-201.0,-845.0
-23.0,-105.0,-913.0
357.0,85.0,-991.0
-210.0,122.0,-1079.0
93.0,-19.0,-964.0
-324.0,46.0,-1145.0
189.0,111.0,-1147.0
-160.0,-27.0,-1145.0
103.0,-113.0,-882.0
-37.0,-169.0,-839.0
195.0,93.0,-987.0
50.0,138.0,-1149.0
-130.0,39.0,-1063.0
-275.0,52.0,-981.0
58.0,80.0,-1040.0
-17.0,72.0,-1259.0
68.0,-165.0,-981.0
136.0,-48.0,-856.0
-81.0,19.0,-999.0
187.0,101.0,-892.0
-286.0,52.0,-1210.0
13.0,-27.0,-1018.0
42.0,160.0,-1106.0
-5.0,87.0,-1108.0
171.0,-42.0,-1022.0
-132.0,-124.0,-897.0
142.0,-160.0,-854.0
93.0,171.0,-1042.0
-15.0,128.0,-1118.0
70.0,89.0,-942.0
-103.0,-5.0,-1011.0
210.0,39.0,-1038.0
25.0,27.0,-1116.0
103.0,-160.0,-1018.0
-31.0,-124.0,-895.0
80.0,58.0,-856.0
-44.0,85.0,-991.0
50.0,13.0,-1087.0
-40.0,70.0,-1141.0
64.0,66.0,-1126.0
-89.0,54.0,-1026.0
-78.0,-117.0,-983.0
-1.0,-154.0,-915.0
78.0,60.0,-1018.0
37.0,3.0,-954.0
-7.0,83.0,-1048.0
-119.0,25.0,-1102.0
80.0,158.0,-1175.0
-222.0,13.0,-1136.0
122.0,-187.0,-895.0
-208.0,-105.0,-1007.0
337.0,5.0,-835.0
-50.0,126.0,-1013.0
-78.0,93.0,-1036.0
48.0,70.0,-1143.0
-197.0,126.0,-1260.0
99.0,85.0,-993.0
-267.0,44.0,-1022.0
199.0,-284.0,-813.0
64.0,-13.0,-1018.0
140.0,72.0,-1050.0
15.0,208.0,-1046.0
-132.0,111.0,-921.0
11.0,50.0,-1177.0
37.0,70.0,-1132.0
95.0,-113.0,-962.0
58.0,-11.0,-841.0
281.0,-117.0,-976.0
64.0,130.0,-1013.0
70.0,95.0,-936.0
-191.0,-66.0,-1032.0
111.0,5.0,-1011.0
15.0,140.0,-1251.0
-165.0,130.0,-1114.0
195.0,-124.0,-856.0
-341.0,-193.0,-911.0
544.0,-158.0,-870.0
-199.0,105.0,-1120.0
60.0,150.0,-1052.0
-117.0,132.0,-1077.0
-37.0,171.0,-1182.0
-37.0,-83.0,-1093.0
17.0,-115.0,-954.0
132.0,-175.0,-804.0
144.0,58.0,-1003.0
-89.0,80.0,-1079.0
103.0,142.0,-964.0
-415.0,56.0,-1249.0
64.0,99.0,-1048.0
-9.0,87.0,-1165.0
-230.0,-48.0,-1048.0
341.0,-107.0,-689.0
-87.0,23.0,-1085.0
212.0,-87.0,-1009.0
-160.0,138.0,-1077.0
-208.0,117.0,-1020.0
103.0,218.0,-1093.0
-263.0,122.0,-1139.0
460.0,-240.0,-931.0
-322.0,-140.0,-972.0
454.0,-11.0,-862.0
-115.0,226.0,-1173.0
144.0,-7.0,-866.0
-363.0,-78.0,-1091.0
58.0,48.0,-944.0
60.0,245.0,-1354.0
-7.0,-7.0,-993.0
294.0,-263.0,-853.0
-216.0,-177.0,-864.0
454.0,48.0,-966.0
-355.0,156.0,-1145.0
318.0,-19.0,-974.0
-456.0,158.0,-1147.0
505.0,185.0,-948.0
-361.0,64.0,-1216.0
417.0,-368.0,-810.0
-310.0,-187.0,-1100.0
253.0,109.0,-960.0
-175.0,128.0,-1013.0
74.0,-40.0,-968.0
-218.0,-121.0,-1079.0
124.0,392.0,-1048.0
-228.0,232.0,-1274.0
40.0,-232.0,-1015.0
-124.0,-353.0,-825.0
97.0,-68.0,-936.0
-46.0,331.0,-1028.0
40.0,185.0,-1018.0
-230.0,105.0,-1153.0
228.0,7.0,-1093.0
-173.0,126.0,-1157.0
214.0,-81.0,-935.0
-214.0,-203.0,-991.0
208.0,-187.0,-868.0
83.0,230.0,-935.0
19.0,201.0,-1022.0
-177.0,40.0,-1108.0
60.0,50.0,-1147.0
91.0,156.0,-1245.0
91.0,-9.0,-917.0
85.0,-318.0,-692.0
138.0,-169.0,-862.0
177.0,121.0,-1204.0
29.0,138.0,-1069.0
-7.0,15.0,-1022.0
-234.0,46.0,-942.0
296.0,113.0,-1097.0
-398.0,140.0,-1214.0
425.0,-242.0,-827.0
-417.0,-183.0,-952.0
544.0,-76.0,-876.0
-300.0,288.0,-1260.0
163.0,25.0,-936.0
-216.0,11.0,-1079.0
-138.0,-35.0,-1046.0
25.0,-1.0,-1048.0
-232.0,185.0,-1124.0
197.0,-187.0,-989.0
52.0,-35.0,-1020.0
60.0,-113.0,-929.0
-11.0,121.0,-921.0
-281.0,234.0,-1061.0
138.0,271.0,-1247.0
-210.0,50.0,-1300.0
204.0,-380.0,-903.0
-25.0,-238.0,-767.0
277.0,78.0,-854.0
-21.0,238.0,-1063.0
1.0,85.0,-1034.0
-349.0,130.0,-1227.0
97.0,27.0,-1095.0
-154.0,162.0,-1098.0
167.0,5.0,-894.0
-42.0,-144.0,-899.0
204.0,-42.0,-839.0
109.0,-7.0,-1204.0
19.0,-58.0,-1040.0
72.0,-74.0,-909.0
-144.0,206.0,-1011.0
179.0,181.0,-1169.0
-33.0,85.0,-1032.0
103.0,-259.0,-944.0
-5.0,-308.0,-938.0
339.0,122.0,-968.0
-226.0,103.0,-1102.0
134.0,3.0,-899.0
-277.0,54.0,-1145.0
220.0,214.0,-1097.0
-115.0,66.0,-1167.0
39.0,-224.0,-872.0
56.0,-148.0,-929.0
39.0,48.0,-1087.0
177.0,-23.0,-1018.0
-76.0,37.0,-960.0
-156.0,-7.0,-1042.0
42.0,337.0,-1091.0
-115.0,140.0,-1198.0
-48.0,-329.0,-1098.0
-44.0,-263.0,-839.0
83.0,37.0,-856.0
-68.0,290.0,-1026.0
23.0,105.0,-1007.0
-206.0,42.0,-1134.0
68.0,105.0,-1243.0
-21.0,167.0,-1057.0
64.0,5.0,-950.0
-58.0,-185.0,-884.0
60.0,-179.0,-976.0
76.0,101.0,-935.0
-39.0,13.0,-1151.0
-44.0,40.0,-1005.0
144.0,187.0,-1100.0
-101.0,267.0,-1118.0
267.0,-37.0,-895.0
-167.0,-244.0,-913.0
247.0,-142.0,-886.0
197.0,105.0,-1159.0
33.0,33.0,-919.0
121.0,-33.0,-948.0
-325.0,56.0,-1190.0
452.0,212.0,-1052.0
-298.0,169.0,-1145.0
165.0,-327.0,-858.0
-152.0,-187.0,-933.0
158.0,23.0,-1028.0
111.0,29.0,-1065.0
-187.0,37.0,-923.0
-11.0,46.0,-1022.0
-111.0,204.0,-1212.0
64.0,52.0,-1116.0
-54.0,-218.0,-942.0
-115.0,-175.0,-876.0
249.0,19.0,-940.0
13.0,204.0,-1067.0
-37.0,23.0,-1046.0
-208.0,-11.0,-985.0
-62.0,208.0,-1249.0
-44.0,105.0,-1167.0
113.0,35.0,-962.0
-193.0,-146.0,-851.0
175.0,-169.0,-970.0
27.0,117.0,-1048.0
97.0,48.0,-1024.0
-119.0,179.0,-1034.0
-148.0,146.0,-1110.0
140.0,124.0,-1104.0
-163.0,-21.0,-1054.0
345.0,-236.0,-786.0
-119.0,-11.0,-987.0
400.0,35.0,-972.0
-181.0,154.0,-997.0
72.0,-23.0,-1028.0
-259.0,81.0,-1159.0
240.0,128.0,-1079.0
-142.0,-56.0,-1018.0
175.0,-169.0,-868.0
-95.0,-60.0,-989.0
245.0,-3.0,-979.0
-60.0,23.0,-1071.0
-52.0,-5.0,-944.0
-11.0,136.0,-1075.0
-154.0,232.0,-1159.0
134.0,-101.0,-1042.0
-167.0,-128.0,-1028.0
119.0,-152.0,-938.0
124.0,122.0,-981.0
-70.0,21.0,-1011.0
-39.0,-5.0,-983.0
-335.0,91.0,-1100.0
154.0,191.0,-1138.0
-144.0,121.0,-1202.0
124.0,-189.0,-903.0
-169.0,-130.0,-886.0
126.0,83.0,-977.0
68.0,101.0,-1040.0
39.0,35.0,-999.0
-230.0,1.0,-1075.0
119.0,169.0,-1013.0
-29.0,259.0,-1229.0
0.0,-179.0,-987.0
68.0,-216.0,-862.0
-64.0,-64.0,-977.0
306.0,253.0,-1009.0
-132.0,42.0,-1024.0
-13.0,-124.0,-979.0
-121.0,52.0,-1132.0
126.0,271.0,-1114.0
220.0,64.0,-1048.0
-91.0,-267.0,-921.0
212.0,-206.0,-794.0
58.0,134.0,-1020.0
163.0,93.0,-1077.0
-54.0,46.0,-1011.0
-60.0,58.0,-1087.0
15.0,117.0,-1108.0
33.0,76.0,-1044.0
-3.0,-146.0,-1024.0
-46.0,-372.0,-897.0
171.0,39.0,-940.0
-76.0,154.0,-1054.0
140.0,185.0,-1042.0
-394.0,21.0,-1059.0
132.0,37.0,-1118.0
-275.0,136.0,-1120.0
296.0,-134.0,-927.0
-136.0,-99.0,-913.0
226.0,-48.0,-1026.0
-146.0,87.0,-1065.0
-42.0,105.0,-952.0
-292.0,42.0,-1038.0
99.0,134.0,-1227.0
-111.0,144.0,-1184.0
95.0,9.0,-940.0
-187.0,-201.0,-933.0
134.0,-140.0,-892.0
-19.0,109.0,-1093.0
-5.0,113.0,-1052.0
-126.0,142.0,-1057.0
-19.0,56.0,-1071.0
224.0,89.0,-1026.0
29.0,0.0,-1065.0
78.0,-165.0,-954.0
42.0,-80.0,-894.0
111.0,21.0,-995.0
11.0,-13.0,-999.0
31.0,46.0,-1034.0
11.0,128.0,-1011.0
195.0,204.0,-1057.0
-44.0,7.0,-1102.0
-42.0,-175.0,-1020.0
-85.0,-179.0,-880.0
232.0,-7.0,-929.0
21.0,76.0,-1038.0
78.0,52.0,-987.0
-126.0,50.0,-1042.0
56.0,230.0,-1186.0
-126.0,-5.0,-1126.0
0.0,-191.0,-903.0
-107.0,-87.0,-899.0
158.0,23.0,-1020.0
81.0,68.0,-1022.0
46.0,-74.0,-964.0
-222.0,80.0,-1104.0
64.0,216.0,-1151.0
-204.0,259.0,-1216.0
-52.0,-167.0,-923.0
-85.0,-251.0,-880.0
175.0,-107.0,-999.0
201.0,154.0,-1001.0
-17.0,107.0,-985.0
-185.0,23.0,-1009.0
-15.0,212.0,-1155.0
-50.0,136.0,-1169.0
124.0,-44.0,-977.0
-64.0,-113.0,-876.0
201.0,-226.0,-915.0
150.0,126.0,-1112.0
3.0,81.0,-1069.0
-87.0,70.0,-944.0
-201.0,124.0,-1046.0
39.0,124.0,-1169.0
-93.0,40.0,-1083.0
201.0,-245.0,-868.0
0.0,-138.0,-866.0
345.0,-29.0,-1022.0
-111.0,132.0,-1026.0
52.0,25.0,-944.0
-343.0,124.0,-1003.0
251.0,74.0,-1179.0
-158.0,80.0,-1188.0
232.0,-204.0,-913.0
-74.0,-117.0,-839.0
183.0,-29.0,-958.0
-29.0,37.0,-1067.0
-146.0,35.0,-1024.0
-156.0,5.0,-1106.0
-78.0,224.0,-1104.0
177.0,93.0,-1108.0
-105.0,-95.0,-1044.0
83.0,-206.0,-839.0
-17.0,-11.0,-931.0
83.0,39.0,-1056.0
-62.0,115.0,-1120.0
-222.0,78.0,-1009.0
89.0,204.0,-1018.0
-109.0,87.0,-1116.0
201.0,-78.0,-1073.0
-193.0,-140.0,-995.0
232.0,-19.0,-897.0
-99.0,128.0,-1022.0
189.0,-48.0,-960.0
-218.0,19.0,-983.0
195.0,185.0,-1091.0
-40.0,230.0,-1208.0
177.0,-60.0,-1032.0
-206.0,-160.0,-960.0
212.0,-173.0,-839.0
70.0,124.0,-972.0
214.0,5.0,-1011.0
-58.0,52.0,-1022.0
-87.0,70.0,-1087.0
101.0,238.0,-1116.0
-35.0,44.0,-1139.0
-19.0,-359.0,-936.0
-29.0,-99.0,-882.0
206.0,81.0,-977.0
156.0,124.0,-1026.0
-42.0,-142.0,-919.0
-144.0,7.0,-1110.0
58.0,218.0,-1138.0
-33.0,228.0,-1204.0
-33.0,-83.0,-981.0
-89.0,-374.0,-854.0
107.0,0.0,-886.0
119.0,99.0,-1079.0
31.0,124.0,-1013.0
-224.0,39.0,-1018.0
-117.0,212.0,-1179.0
-111.0,124.0,-1159.0
-27.0,-95.0,-1001.0
-103.0,-191.0,-819.0
171.0,-142.0,-974.0
185.0,240.0,-1009.0
25.0,107.0,-1024.0
-146.0,40.0,-952.0
-126.0,31.0,-1163.0
17.0,226.0,-1194.0
-19.0,64.0,-1079.0
95.0,-113.0,-829.0
31.0,-128.0,-921.0
286.0,-21.0,-977.0
-7.0,-27.0,-1005.0
0.0,111.0,-1028.0
-175.0,146.0,-1087.0
193.0,283.0,-1112.0
-216.0,-19.0,-1100.0
218.0,-187.0,-872.0
-101.0,-218.0,-858.0
458.0,13.0,-956.0
-87.0,140.0,-1054.0
119.0,42.0,-921.0
-357.0,107.0,-1112.0
136.0,85.0,-1138.0
-83.0,56.0,-1130.0
70.0,-197.0,-866.0
31.0,-37.0,-966.0
76.0,-83.0,-987.0
167.0,-121.0,-989.0
-263.0,11.0,-1028.0
25.0,85.0,-1091.0
-284.0,429.0,-1184.0
169.0,70.0,-1061.0
-320.0,-146.0,-968.0
117.0,-261.0,-968.0
-3.0,5.0,-1042.0
493.0,142.0,-964.0
-427.0,-62.0,-874.0
284.0,154.0,-909.0
-472.0,263.0,-1526.0
489.0,7.0,-1134.0
-423.0,-87.0,-942.0
201.0,-183.0,-710.0
-87.0,25.0,-1177.0
411.0,103.0,-958.0
-109.0,9.0,-1042.0
-199.0,-37.0,-968.0
-33.0,236.0,-1149.0
165.0,386.0,-1081.0
-81.0,-19.0,-1126.0
5.0,-343.0,-786.0
117.0,-74.0,-950.0
242.0,44.0,-979.0
242.0,31.0,-993.0
-208.0,5.0,-935.0
-50.0,130.0,-1188.0
-148.0,230.0,-1212.0
240.0,5.0,-1054.0
-232.0,-228.0,-899.0
253.0,-148.0,-839.0
-7.0,21.0,-1059.0
312.0,142.0,-1054.0
-372.0,-40.0,-1071.0
37.0,40.0,-970.0
-197.0,183.0,-1202.0
204.0,142.0,-1015.0
-81.0,-144.0,-1075.0
25.0,-251.0,-831.0
122.0,-27.0,-1011.0
111.0,58.0,-1001.0
-52.0,105.0,-1083.0
-216.0,3.0,-960.0
-119.0,208.0,-1157.0
-13.0,128.0,-1208.0
-29.0,-64.0,-1097.0
54.0,-154.0,-794.0
39.0,-99.0,-872.0
199.0,107.0,-981.0
-216.0,68.0,-1159.0
-3.0,56.0,-1020.0
-286.0,160.0,-1141.0
261.0,158.0,-1015.0
-175.0,25.0,-1169.0
52.0,-230.0,-784.0
193.0,-66.0,-880.0
-17.0,-17.0,-1106.0
368.0,62.0,-952.0
-402.0,212.0,-1136.0
103.0,54.0,-915.0
-128.0,183.0,-1100.0
210.0,-62.0,-1048.0
97.0,-187.0,-1054.0
58.0,-58.0,-888.0
197.0,3.0,-849.0
0.0,72.0,-987.0
-60.0,-44.0,-1102.0
13.0,74.0,-1044.0
-42.0,283.0,-1143.0
-5.0,-60.0,-1057.0
-13.0,-128.0,-1024.0
-115.0,-247.0,-952.0
333.0,-35.0,-880.0
-83.0,142.0,-952.0
154.0,42.0,-1054.0
-466.0,121.0,-1184.0
210.0,99.0,-1030.0
-216.0,99.0,-1169.0
257.0,-228.0,-1007.0
-306.0,-76.0,-979.0
355.0,80.0,-782.0
-267.0,17.0,-1157.0
128.0,-119.0,-979.0
-263.0,115.0,-1126.0
-19.0,247.0,-1079.0
-11.0,206.0,-1108.0
0.0,-23.0,-983.0
-117.0,-163.0,-958.0
281.0,-68.0,-1001.0
113.0,-1.0,-1046.0
-35.0,0.0,-956.0
-279.0,187.0,-913.0
89.0,93.0,-1196.0
124.0,109.0,-1184.0
212.0,-33.0,-989.0
-81.0,-160.0,-833.0
58.0,-150.0,-913.0
39.0,83.0,-1077.0
320.0,35.0,-913.0
-222.0,-46.0,-1063.0
-27.0,105.0,-962.0
185.0,232.0,-1145.0
0.0,214.0,-1081.0
195.0,-208.0,-913.0
-310.0,-263.0,-1073.0
292.0,-162.0,-917.0
-31.0,322.0,-946.0
19.0,-23.0,-919.0
-265.0,48.0,-1233.0
-15.0,140.0,-1180.0
216.0,83.0,-1124.0
-134.0,-105.0,-950.0
-21.0,-148.0,-817.0
-3.0,89.0,-970.0
380.0,-121.0,-1018.0
-222.0,-42.0,-1124.0
-66.0,76.0,-950.0
-54.0,290.0,-1268.0
111.0,78.0,-1042.0
111.0,-68.0,-1028.0
-425.0,-249.0,-884.0
306.0,-62.0,-925.0
-44.0,210.0,-1073.0
359.0,-54.0,-1095.0
-509.0,91.0,-944.0
115.0,40.0,-905.0
21.0,191.0,-1235.0
52.0,7.0,-1136.0
-132.0,-19.0,-952.0
-107.0,-23.0,-952.0
349.0,-154.0,-999.0
95.0,52.0,-774.0
111.0,29.0,-974.0
-279.0,294.0,-1221.0
191.0,359.0,-1300.0
-25.0,-87.0,-1052.0
0.0,-476.0,-815.0
-52.0,-76.0,-687.0
370.0,222.0,-1042.0
167.0,95.0,-1167.0
25.0,-37.0,-929.0
-386.0,-31.0,-1038.0
121.0,251.0,-1042.0
197.0,126.0,-1114.0
-124.0,-214.0,-1124.0
206.0,-197.0,-702.0
-7.0,111.0,-993.0
329.0,35.0,-944.0
-46.0,-117.0,-1182.0
-386.0,-54.0,-1011.0
156.0,249.0,-1136.0
-214.0,320.0,-1159.0
329.0,-281.0,-940.0
-628.0,-160.0,-911.0
343.0,-31.0,-956.0
21.0,163.0,-1173.0
148.0,23.0,-1003.0
-316.0,7.0,-894.0
-25.0,320.0,-1114.0
-117.0,224.0,-1294.0
83.0,-89.0,-1038.0
-214.0,-415.0,-974.0
0.0,-244.0,-851.0
363.0,341.0,-907.0
42.0,144.0,-1022.0
66.0,74.0,-1161.0
-585.0,148.0,-1220.0
573.0,247.0,-921.0
-417.0,-5.0,-1223.0
607.0,-398.0,-696.0
-439.0,-48.0,-1139.0
454.0,-99.0,-835.0
23.0,208.0,-970.0
-122.0,89.0,-1059.0
-341.0,60.0,-1276.0
144.0,181.0,-1028.0
44.0,-122.0,-1091.0
81.0,-33.0,-938.0
-247.0,-54.0,-901.0
365.0,-21.0,-931.0
-39.0,-70.0,-1063.0
122.0,25.0,-929.0
-491.0,173.0,-1143.0
183.0,91.0,-1100.0
-50.0,121.0,-1102.0
245.0,-206.0,-976.0
-372.0,-218.0,-854.0
349.0,-23.0,-884.0
-107.0,146.0,-1202.0
206.0,9.0,-981.0
-581.0,-7.0,-907.0
372.0,58.0,-907.0
-204.0,72.0,-1409.0
238.0,17.0,-1069.0
-423.0,-54.0,-1056.0
115.0,-5.0,-864.0
244.0,-52.0,-938.0
226.0,89.0,-864.0
-206.0,117.0,-1194.0
-199.0,189.0,-1116.0
218.0,218.0,-1229.0
-72.0,-238.0,-1136.0
275.0,-212.0,-681.0
-275.0,-31.0,-948.0
439.0,119.0,-940.0
-17.0,193.0,-1108.0
-101.0,-42.0,-999.0
-214.0,87.0,-1087.0
19.0,281.0,-1108.0
199.0,-150.0,-1118.0
-54.0,-160.0,-894.0
-11.0,-201.0,-776.0
263.0,124.0,-968.0
162.0,15.0,-1114.0
-5.0,-70.0,-1026.0
-308.0,78.0,-966.0
245.0,183.0,-1157.0
-99.0,107.0,-1112.0
238.0,-162.0,-907.0
-390.0,-263.0,-923.0
419.0,-103.0,-1003.0
-91.0,169.0,-1095.0
298.0,58.0,-1020.0
-607.0,58.0,-1015.0
245.0,83.0,-1005.0
-216.0,177.0,-1280.0
247.0,-169.0,-1015.0
-259.0,-193.0,-950.0
171.0,-111.0,-944.0
169.0,91.0,-892.0
-105.0,179.0,-1007.0
-173.0,-31.0,-1132.0
-238.0,355.0,-1259.0
257.0,130.0,-972.0
-60.0,31.0,-1067.0
7.0,-386.0,-876.0
-66.0,27.0,-989.0
50.0,173.0,-1100.0
185.0,21.0,-995.0
-349.0,-89.0,-1018.0
-121.0,78.0,-966.0
271.0,341.0,-1128.0
-31.0,117.0,-1241.0
169.0,-288.0,-907.0
-281.0,-107.0,-921.0
464.0,0.0,-847.0
-27.0,128.0,-1071.0
70.0,-37.0,-976.0
-378.0,208.0,-1056.0
310.0,191.0,-1204.0
111.0,89.0,-1132.0
169.0,-324.0,-933.0
-407.0,-226.0,-782.0
384.0,56.0,-901.0
-134.0,240.0,-1235.0
222.0,-128.0,-1009.0
-322.0,-42.0,-911.0
195.0,122.0,-1020.0
33.0,101.0,-1177.0
-62.0,-21.0,-1179.0
-329.0,-247.0,-892.0
216.0,11.0,-858.0
119.0,91.0,-1003.0
462.0,80.0,-1001.0
-556.0,25.0,-1098.0
325.0,-25.0,-950.0
-121.0,240.0,-1235.0
-15.0,-27.0,-1190.0
-156.0,-392.0,-839.0
-206.0,60.0,-849.0
419.0,60.0,-942.0
40.0,296.0,-1097.0
-33.0,-33.0,-1126.0
-251.0,107.0,-1057.0
140.0,199.0,-1065.0
-173.0,-76.0,-1145.0
-42.0,-128.0,-917.0
-183.0,-60.0,-958.0
447.0,216.0,-1020.0
204.0,-78.0,-1077.0
-89.0,-87.0,-813.0
-249.0,275.0,-1108.0
-50.0,353.0,-1286.0
68.0,44.0,-1141.0
44.0,-244.0,-886.0
-173.0,-306.0,-806.0
484.0,-17.0,-778.0
76.0,193.0,-1134.0
105.0,-5.0,-1132.0
-505.0,199.0,-1036.0
150.0,119.0,-1075.0
-128.0,89.0,-1145.0
349.0,-345.0,-933.0
-388.0,-230.0,-862.0
445.0,-3.0,-923.0
-128.0,201.0,-1118.0
325.0,7.0,-1011.0
-622.0,-130.0,-1138.0
162.0,-29.0,-886.0
-124.0,181.0,-1095.0
21.0,42.0,-1114.0
-80.0,-46.0,-960.0
-7.0,13.0,-1013.0
402.0,-7.0,-1001.0
-91.0,-97.0,-974.0
-183.0,62.0,-931.0
-187.0,208.0,-1180.0
11.0,343.0,-1303.0
95.0,-214.0,-991.0
-5.0,-259.0,-977.0
-160.0,-288.0,-911.0
386.0,140.0,-751.0
-64.0,372.0,-1083.0
-103.0,74.0,-1141.0
-228.0,292.0,-1089.0
107.0,142.0,-1227.0
87.0,25.0,-979.0
462.0,-402.0,-761.0
-359.0,-201.0,-944.0
653.0,257.0,-839.0
-154.0,281.0,-1239.0
195.0,-279.0,-1083.0
-304.0,5.0,-987.0
160.0,275.0,-890.0
171.0,107.0,-1210.0
-97.0,-253.0,-981.0
9.0,-126.0,-841.0
152.0,124.0,-921.0
187.0,60.0,-1167.0
-52.0,-3.0,-979.0
-300.0,21.0,-1091.0
21.0,175.0,-974.0
-23.0,35.0,-1077.0
-58.0,-40.0,-1052.0
-197.0,-230.0,-1208.0
44.0,-105.0,-870.0
17.0,140.0,-999.0
-162.0,165.0,-933.0
-185.0,107.0,-1028.0
-433.0,130.0,-1255.0
60.0,37.0,-1179.0
-189.0,-122.0,-1015.0
-91.0,-302.0,-733.0
-228.0,-46.0,-927.0
-66.0,138.0,-979.0
-288.0,183.0,-1139.0
-566.0,-62.0,-1018.0
-158.0,-9.0,-946.0
-396.0,273.0,-1184.0
-210.0,66.0,-1054.0
-314.0,-242.0,-895.0
-447.0,-119.0,-954.0
-23.0,163.0,-1052.0
-210.0,154.0,-1116.0
-411.0,-195.0,-936.0
-265.0,-35.0,-771.0
-316.0,318.0,-1173.0
48.0,247.0,-1245.0
-345.0,-68.0,-1177.0
31.0,-419.0,-757.0
-78.0,-50.0,-771.0
83.0,185.0,-1026.0
-140.0,130.0,-1120.0
-206.0,76.0,-1079.0
-214.0,-11.0,-1069.0
78.0,64.0,-1057.0
-265.0,-70.0,-1151.0
152.0,-222.0,-751.0
-113.0,-107.0,-956.0
37.0,146.0,-933.0
-9.0,208.0,-1110.0
-431.0,-27.0,-1065.0
31.0,-68.0,-948.0
-259.0,171.0,-1223.0
58.0,-46.0,-1022.0
-44.0,-175.0,-802.0
-228.0,-62.0,-905.0
126.0,-5.0,-1069.0
-191.0,296.0,-1177.0
-185.0,-95.0,-989.0
-109.0,113.0,-1034.0
-111.0,238.0,-1114.0
111.0,64.0,-1018.0
-146.0,-222.0,-1013.0
109.0,-325.0,-938.0
-17.0,189.0,-1005.0
-15.0,230.0,-1122.0
-121.0,7.0,-997.0
-15.0,81.0,-942.0
-128.0,136.0,-1136.0
204.0,160.0,-1112.0
-218.0,-181.0,-1173.0
163.0,-292.0,-849.0
7.0,154.0,-942.0
173.0,130.0,-997.0
31.0,132.0,-970.0
-203.0,-74.0,-1042.0
60.0,136.0,-1112.0
-175.0,142.0,-1249.0
119.0,-119.0,-1007.0
19.0,-306.0,-776.0
140.0,56.0,-903.0
37.0,240.0,-1097.0
29.0,74.0,-1030.0
-203.0,-113.0,-995.0
58.0,-35.0,-1063.0
7.0,267.0,-1169.0
-13.0,-19.0,-1057.0
40.0,-298.0,-860.0
-37.0,-136.0,-897.0
163.0,113.0,-1057.0
-101.0,222.0,-1056.0
-40.0,-113.0,-936.0
-121.0,154.0,-1098.0
-7.0,191.0,-1157.0
44.0,99.0,-1052.0
-91.0,-292.0,-899.0
56.0,-242.0,-897.0
-9.0,163.0,-1077.0
21.0,74.0,-1124.0
-249.0,42.0,-1011.0
33.0,9.0,-901.0
-81.0,327.0,-1186.0
78.0,136.0,-1138.0
-60.0,-189.0,-1046.0
-105.0,-279.0,-849.0
201.0,25.0,-952.0
-60.0,341.0,-1075.0
101.0,-7.0,-999.0
-263.0,15.0,-1040.0
132.0,105.0,-1013.0
-11.0,130.0,-1235.0
52.0,-167.0,-987.0
48.0,-263.0,-847.0
27.0,56.0,-897.0
197.0,46.0,-1063.0
-66.0,83.0,-1044.0
-15.0,-52.0,-954.0
-15.0,187.0,-1042.0
46.0,173.0,-1102.0
15.0,-187.0,-1136.0
-42.0,-279.0,-831.0
165.0,-146.0,-892.0
48.0,261.0,-995.0
150.0,87.0,-997.0
-245.0,-60.0,-1026.0
177.0,-9.0,-1038.0
-171.0,195.0,-1235.0
154.0,-19.0,-1020.0
-60.0,-220.0,-897.0
19.0,-101.0,-880.0
111.0,52.0,-1059.0
-3.0,142.0,-1034.0
-66.0,-52.0,-1071.0
-122.0,103.0,-1009.0
23.0,290.0,-1163.0
-140.0,76.0,-1091.0
37.0,-212.0,-931.0
-46.0,-251.0,-981.0
175.0,83.0,-1026.0
-27.0,325.0,-1038.0
-72.0,-5.0,-905.0
-66.0,46.0,-1005.0
-134.0,150.0,-1259.0
199.0,171.0,-1159.0
-181.0,-95.0,-1034.0
156.0,-253.0,-732.0
85.0,132.0,-911.0
210.0,101.0,-1139.0
-146.0,42.0,-1069.0
66.0,-21.0,-899.0
-128.0,265.0,-1182.0
193.0,58.0,-1100.0
-136.0,-23.0,-1042.0
60.0,-411.0,-728.0
214.0,-115.0,-972.0
31.0,279.0,-1128.0
179.0,119.0,-1063.0
-374.0,-9.0,-882.0
193.0,-46.0,-890.0
-7.0,281.0,-1325.0
13.0,-46.0,-1225.0
206.0,-290.0,-728.0
-177.0,-33.0,-841.0
288.0,-83.0,-977.0
-126.0,226.0,-1122.0
-15.0,-124.0,-1108.0
-169.0,163.0,-1007.0
80.0,195.0,-1063.0
-74.0,19.0,-1126.0
52.0,-335.0,-985.0
-99.0,-230.0,-880.0
121.0,105.0,-964.0
-19.0,286.0,-1184.0
-177.0,35.0,-1032.0
15.0,35.0,-938.0
-255.0,136.0,-1171.0
245.0,11.0,-1057.0
-140.0,-91.0,-1085.0
109.0,-187.0,-923.0
50.0,97.0,-874.0
1.0,140.0,-999.0
-35.0,-113.0,-1046.0
-19.0,121.0,-1085.0
50.0,322.0,-1112.0
74.0,183.0,-1114.0
-162.0,-183.0,-991.0
136.0,-447.0,-825.0
44.0,119.0,-972.0
144.0,177.0,-1106.0
-160.0,-3.0,-997.0
132.0,81.0,-1038.0
85.0,169.0,-1143.0
-81.0,-193.0,-1167.0
109.0,-253.0,-761.0
27.0,62.0,-931.0
140.0,146.0,-1038.0
81.0,19.0,-1009.0
-222.0,-136.0,-995.0
167.0,19.0,-1104.0
-150.0,345.0,-1276.0
50.0,3.0,-1046.0
-107.0,-357.0,-841.0
-27.0,-119.0,-839.0
181.0,25.0,-1081.0
-68.0,253.0,-1134.0
-81.0,-42.0,-1011.0
-134.0,121.0,-968.0
-101.0,189.0,-1227.0
-117.0,15.0,-1175.0
-193.0,-175.0,-956.0
-158.0,-191.0,-829.0
19.0,150.0,-997.0
-52.0,212.0,-1087.0
-251.0,-78.0,-991.0
-363.0,58.0,-1005.0
-355.0,138.0,-1177.0
-267.0,212.0,-1155.0
-497.0,-181.0,-976.0
-380.0,-175.0,-726.0
-460.0,58.0,-958.0
-314.0,64.0,-1134.0
-646.0,68.0,-1005.0
-673.0,13.0,-899.0
-942.0,228.0,-1138.0
-573.0,7.0,-1177.0
-954.0,-81.0,-1079.0
-671.0,-175.0,-747.0
-841.0,44.0,-952.0
-782.0,9.0,-1128.0
-831.0,81.0,-1020.0
-1159.0,95.0,-1015.0
-1024.0,17.0,-1077.0
-1159.0,99.0,-1223.0
-938.0,-124.0,-1079.0
-946.0,-64.0,-854.0
-1038.0,-83.0,-915.0
-972.0,-44.0,-1063.0
-1013.0,27.0,-1114.0
-1251.0,-31.0,-1011.0
-995.0,130.0,-905.0
-1321.0,228.0,-1282.0
-1067.0,-93.0,-1095.0
-1077.0,-136.0,-966.0
-1329.0,-208.0,-895.0
-796.0,-7.0,-933.0
-1218.0,206.0,-1132.0
-1120.0,-42.0,-985.0
-1483.0,204.0,-1005.0
-1335.0,37.0,-1200.0
-1173.0,-7.0,-1153.0
-1214.0,-37.0,-868.0
-1231.0,-62.0,-843.0
-1221.0,21.0,-942.0
-1305.0,60.0,-1114.0
-1325.0,-48.0,-956.0
-1430.0,72.0,-1015.0
-1504.0,169.0,-1093.0
-1083.0,169.0,-1057.0
-1391.0,46.0,-1056.0
-1052.0,-359.0,-753.0
-1294.0,-1.0,-1048.0
-1098.0,-175.0,-1026.0
-1145.0,249.0,-1009.0
-1436.0,60.0,-1085.0
-1309.0,35.0,-1042.0
-1434.0,236.0,-1102.0
-1173.0,-124.0,-1081.0
-1298.0,52.0,-864.0
-1075.0,-238.0,-839.0
-1188.0,56.0,-1009.0
-868.0,136.0,-1091.0
-1667.0,-42.0,-981.0
-1235.0,-156.0,-1071.0
-1692.0,1.0,-1313.0
-1233.0,99.0,-1108.0
-1479.0,-101.0,-903.0
-1557.0,-56.0,-886.0
-1126.0,11.0,-950.0
-1506.0,119.0,-1138.0
-1337.0,189.0,-851.0
-2004.0,-74.0,-1216.0
-1292.0,351.0,-1179.0
-1772.0,-42.0,-1208.0
-1202.0,158.0,-696.0
-1339.0,-478.0,-903.0
-1204.0,83.0,-1065.0
-1073.0,58.0,-1059.0
-1530.0,220.0,-1048.0
-1481.0,-11.0,-1198.0
-1565.0,-29.0,-1147.0
-1220.0,208.0,-1063.0
-1319.0,169.0,-894.0
-1475.0,-224.0,-958.0
-1301.0,-1.0,-940.0
-1309.0,-89.0,-1303.0
-1464.0,517.0,-1042.0
-1259.0,-187.0,-763.0
-1592.0,175.0,-1079.0
-1138.0,-341.0,-1097.0
-1421.0,19.0,-1044.0
-1120.0,-25.0,-938.0
-1260.0,-169.0,-1016.0
-1260.0,365.0,-1001.0
-1339.0,7.0,-1093.0
-1729.0,76.0,-763.0
-1097.0,-322.0,-1118.0
-1676.0,-42.0,-1282.0
-940.0,222.0,-1020.0
-1588.0,-267.0,-913.0
-728.0,238.0,-833.0
-888.0,-203.0,-944.0
-749.0,259.0,-1122.0
-806.0,-212.0,-837.0
-1161.0,310.0,-1200.0
-378.0,-113.0,-1071.0
-609.0,-407.0,-1083.0
-583.0,427.0,-931.0
-259.0,-333.0,-989.0
-474.0,187.0,-1052.0
351.0,238.0,-1077.0
-425.0,-538.0,-1075.0
74.0,858.0,-1063.0
-210.0,-435.0,-1157.0
-3.0,165.0,-882.0
193.0,-343.0,-989.0
121.0,-167.0,-935.0
372.0,187.0,-810.0
484.0,-91.0,-1040.0
144.0,134.0,-987.0
493.0,509.0,-1104.0
0.0,-419.0,-1139.0
409.0,392.0,-1011.0
568.0,-421.0,-1020.0
130.0,163.0,-1003.0
979.0,60.0,-722.0
314.0,-183.0,-1046.0
919.0,-40.0,-923.0
347.0,316.0,-1155.0
948.0,72.0,-981.0
632.0,9.0,-1290.0
728.0,-121.0,-860.0
798.0,150.0,-739.0
1026.0,-339.0,-1069.0
714.0,513.0,-1083.0
933.0,-425.0,-1054.0
792.0,142.0,-942.0
1011.0,273.0,-1251.0
780.0,103.0,-1132.0
745.0,-99.0,-1030.0
1059.0,-214.0,-890.0
917.0,126.0,-948.0
1147.0,-17.0,-1095.0
562.0,62.0,-1102.0
1005.0,140.0,-962.0
728.0,-107.0,-1159.0
935.0,201.0,-1118.0
1192.0,-325.0,-1005.0
999.0,99.0,-946.0
1315.0,710.0,-1063.0
837.0,-454.0,-1044.0
1313.0,232.0,-882.0
960.0,-425.0,-1192.0
774.0,39.0,-1071.0
1128.0,425.0,-1034.0
659.0,-31.0,-1233.0
1588.0,267.0,-1032.0
847.0,-158.0,-892.0
1608.0,-78.0,-782.0
993.0,238.0,-1063.0
1227.0,58.0,-884.0
1098.0,-347.0,-1147.0
1325.0,80.0,-1044.0
1177.0,68.0,-1221.0
1485.0,-76.0,-778.0
993.0,-197.0,-981.0
1311.0,185.0,-854.0
872.0,0.0,-1069.0
1221.0,300.0,-938.0
987.0,7.0,-1145.0
1220.0,109.0,-997.0
1196.0,204.0,-997.0
1210.0,-156.0,-1034.0
1153.0,-191.0,-985.0
1411.0,-448.0,-862.0
1016.0,255.0,-1141.0
1467.0,66.0,-1022.0
890.0,-66.0,-981.0
1428.0,-238.0,-940.0
831.0,111.0,-1196.0
1536.0,204.0,-1143.0
1011.0,-42.0,-1095.0
1192.0,7.0,-884.0
1003.0,144.0,-931.0
1317.0,37.0,-1075.0
950.0,107.0,-1079.0
1259.0,-70.0,-979.0
1124.0,103.0,-1067.0
1206.0,76.0,-1194.0
1512.0,-111.0,-870.0
985.0,-296.0,-944.0
1555.0,-138.0,-817.0
1157.0,191.0,-1124.0
1776.0,60.0,-946.0
1007.0,269.0,-1186.0
1247.0,76.0,-1020.0
1292.0,-62.0,-1130.0
1143.0,-122.0,-1046.0
1417.0,-128.0,-936.0
1124.0,212.0,-911.0
1465.0,121.0,-981.0
1188.0,183.0,-952.0
1280.0,39.0,-1026.0
1173.0,-13.0,-981.0
1175.0,27.0,-1083.0
1522.0,-177.0,-878.0
997.0,-204.0,-960.0
1565.0,-17.0,-899.0
964.0,267.0,-1093.0
1635.0,105.0,-1011.0
718.0,156.0,-1020.0
1471.0,-19.0,-1009.0
741.0,175.0,-1274.0
1296.0,-140.0,-1071.0
772.0,39.0,-1024.0
1048.0,-11.0,-866.0
1034.0,171.0,-1073.0
935.0,-29.0,-1044.0
691.0,-89.0,-976.0
454.0,72.0,-1056.0
685.0,31.0,-1180.0
614.0,160.0,-1114.0
650.0,-78.0,-884.0
564.0,-3.0,-860.0
530.0,48.0,-1024.0
564.0,167.0,-1153.0
173.0,107.0,-1011.0
351.0,15.0,-1034.0
244.0,74.0,-1116.0
601.0,-37.0,-1114.0
220.0,40.0,-1032.0
384.0,-101.0,-890.0
179.0,-83.0,-995.0
288.0,35.0,-1063.0
249.0,17.0,-1044.0
91.0,99.0,-1042.0
304.0,35.0,-989.0
107.0,0.0,-1173.0
466.0,-56.0,-968.0
72.0,-165.0,-919.0
593.0,-39.0,-854.0
283.0,-62.0,-1120.0
376.0,185.0,-983.0
23.0,-40.0,-983.0
226.0,5.0,-1040.0
273.0,-140.0,-1208.0
257.0,-66.0,-1005.0
388.0,-72.0,-851.0
140.0,-78.0,-907.0
283.0,78.0,-1026.0
23.0,70.0,-1077.0
35.0,1.0,-1005.0
29.0,74.0,-1007.0
128.0,1.0,-1081.0
296.0,-7.0,-995.0
-95.0,-60.0,-1056.0
244.0,-187.0,-903.0
-39.0,-99.0,-1007.0
277.0,183.0,-997.0
-111.0,279.0,-1050.0
95.0,136.0,-995.0
-111.0,-66.0,-1141.0
167.0,-78.0,-1040.0
37.0,13.0,-1056.0
138.0,-134.0,-909.0
167.0,119.0,-929.0
50.0,152.0,-995.0
81.0,124.0,-1069.0
-189.0,-23.0,-1067.0
247.0,-1.0,-1042.0
0.0,23.0,-1114.0
298.0,-85.0,-954.0
27.0,-37.0,-985.0
220.0,25.0,-962.0
109.0,109.0,-1061.0
-1.0,54.0,-966.0
52.0,-23.0,-1003.0
29.0,89.0,-1095.0
257.0,46.0,-1145.0
-1.0,21.0,-1044.0
111.0,-212.0,-911.0
222.0,25.0,-901.0
154.0,128.0,-1050.0
210.0,66.0,-991.0
-185.0,-9.0,-1077.0
150.0,-3.0,-1054.0
-52.0,134.0,-1118.0
339.0,39.0,-1042.0
-167.0,-31.0,-983.0
261.0,-117.0,-858.0
-115.0,177.0,-1089.0
244.0,128.0,-1065.0
-238.0,89.0,-1054.0
78.0,-15.0,-913.0
17.0,138.0,-1169.0
15.0,89.0,-1120.0
160.0,-13.0,-991.0
-173.0,5.0,-993.0
259.0,-58.0,-948.0
-17.0,122.0,-1087.0
72.0,97.0,-917.0
-5.0,31.0,-1079.0
-33.0,197.0,-1184.0
103.0,17.0,-1155.0
-48.0,80.0,-950.0
117.0,-181.0,-899.0
89.0,46.0,-983.0
148.0,132.0,-1034.0
9.0,27.0,-1065.0
-56.0,72.0,-987.0
31.0,0.0,-1081.0
54.0,95.0,-1048.0
195.0,-31.0,-1054.0
-130.0,-72.0,-919.0
290.0,-103.0,-901.0
-44.0,87.0,-1024.0
251.0,140.0,-952.0
-335.0,5.0,-1141.0
119.0,-19.0,-948.0
-93.0,93.0,-1108.0
56.0,70.0,-1095.0
-9.0,-142.0,-964.0
-46.0,-74.0,-888.0
81.0,-17.0,-983.0
74.0,173.0,-1081.0
-126.0,76.0,-1001.0
-29.0,21.0,-993.0
-156.0,109.0,-1134.0
115.0,5.0,-1114.0
-267.0,-9.0,-1046.0
140.0,-31.0,-901.0
-89.0,29.0,-964.0
136.0,242.0,-979.0
-154.0,76.0,-1079.0
21.0,93.0,-1054.0
-191.0,74.0,-1153.0
105.0,101.0,-983.0
-56.0,101.0,-1036.0
7.0,-44.0,-929.0
156.0,83.0,-1013.0
-11.0,29.0,-962.0
140.0,115.0,-935.0
-210.0,87.0,-1108.0
228.0,218.0,-1071.0
-130.0,136.0,-1145.0
85.0,-31.0,-915.0
-52.0,-101.0,-938.0
101.0,-1.0,-931.0
220.0,132.0,-983.0
-19.0,206.0,-1030.0
66.0,25.0,-1022.0
-144.0,29.0,-1038.0
193.0,85.0,-1093.0
-113.0,1.0,-1056.0
97.0,-60.0,-876.0
-9.0,93.0,-999.0
150.0,85.0,-1022.0
37.0,126.0,-1065.0
-134.0,-78.0,-929.0
81.0,111.0,-1093.0
-181.0,203.0,-1184.0
134.0,134.0,-1100.0
-273.0,0.0,-993.0
56.0,-201.0,-919.0
111.0,121.0,-968.0
83.0,218.0,-1056.0
80.0,128.0,-997.0
-304.0,119.0,-1093.0
109.0,72.0,-1138.0
-320.0,156.0,-1173.0
189.0,-89.0,-874.0
-70.0,-15.0,-938.0
204.0,113.0,-948.0
185.0,228.0,-1097.0
-115.0,85.0,-1003.0
37.0,-19.0,-1038.0
-199.0,167.0,-1048.0
251.0,193.0,-1161.0
-193.0,23.0,-1018.0
232.0,-128.0,-868.0
1.0,21.0,-933.0
337.0,56.0,-993.0
11.0,177.0,-1050.0
-58.0,31.0,-997.0
7.0,156.0,-1061.0
-179.0,138.0,-1169.0
185.0,-48.0,-1030.0
-99.0,-154.0,-854.0
284.0,-95.0,-870.0
42.0,183.0,-1120.0
150.0,189.0,-1046.0
-203.0,-7.0,-1022.0
-171.0,29.0,-997.0
40.0,66.0,-1136.0
-128.0,113.0,-1116.0
228.0,-128.0,-935.0
-191.0,-35.0,-981.0
292.0,29.0,-958.0
-111.0,146.0,-1091.0
-25.0,107.0,-989.0
-191.0,50.0,-1141.0
-163.0,185.0,-1128.0
64.0,93.0,-1057.0
-181.0,-3.0,-1028.0
150.0,-210.0,-956.0
-62.0,72.0,-962.0
154.0,163.0,-987.0
-103.0,128.0,-1085.0
-101.0,146.0,-1048.0
-11.0,64.0,-1097.0
-146.0,107.0,-1075.0
296.0,-35.0,-946.0
-238.0,-99.0,-993.0
511.0,42.0,-895.0
-214.0,224.0,-1063.0
355.0,187.0,-903.0
-400.0,17.0,-1132.0
234.0,107.0,-1028.0
-156.0,3.0,-1153.0
165.0,76.0,-899.0
76.0,-15.0,-946.0
11.0,-5.0,-966.0
224.0,27.0,-1030.0
-177.0,103.0,-1011.0
66.0,56.0,-936.0
-162.0,124.0,-1141.0
52.0,175.0,-1145.0
25.0,13.0,-1005.0
-134.0,-25.0,-894.0
224.0,-78.0,-958.0
-89.0,132.0,-1063.0
236.0,187.0,-987.0
-380.0,126.0,-1001.0
179.0,99.0,-1052.0
-306.0,33.0,-1251.0
277.0,101.0,-974.0
-267.0,13.0,-987.0
218.0,19.0,-864.0
-87.0,85.0,-1155.0
81.0,105.0,-985.0
-140.0,115.0,-1059.0
-119.0,119.0,-981.0
97.0,247.0,-1102.0
-132.0,181.0,-1132.0
31.0,-1.0,-1001.0
-138.0,-19.0,-968.0
140.0,-7.0,-938.0
232.0,232.0,-1048.0
-39.0,203.0,-974.0
83.0,58.0,-981.0
-247.0,156.0,-1145.0
333.0,70.0,-1161.0
-206.0,27.0,-1069.0
320.0,-56.0,-782.0
-126.0,175.0,-952.0
417.0,132.0,-993.0
-150.0,111.0,-1139.0
60.0,-42.0,-964.0
-70.0,134.0,-1102.0
-11.0,160.0,-1085.0
122.0,68.0,-1067.0
-163.0,-91.0,-905.0
265.0,-31.0,-960.0
-99.0,142.0,-1061.0
236.0,70.0,-948.0
-257.0,25.0,-1042.0
23.0,124.0,-1079.0
-115.0,220.0,-1208.0
-44.0,83.0,-1054.0
19.0,-122.0,-913.0
-95.0,-39.0,-913.0
179.0,31.0,-1030.0
-119.0,240.0,-1100.0
48.0,60.0,-1038.0
-302.0,13.0,-1050.0
44.0,134.0,-1018.0
-68.0,142.0,-1145.0
-54.0,-27.0,-948.0
56.0,-142.0,-976.0
-95.0,142.0,-970.0
314.0,197.0,-1024.0
-224.0,146.0,-1020.0
121.0,-76.0,-974.0
-236.0,152.0,-1124.0
165.0,134.0,-1098.0
29.0,150.0,-1067.0
-9.0,-130.0,-856.0
230.0,-48.0,-878.0
19.0,136.0,-997.0
290.0,91.0,-1007.0
-238.0,17.0,-1098.0
203.0,148.0,-1038.0
-224.0,109.0,-1106.0
206.0,70.0,-929.0
-109.0,-158.0,-1026.0
169.0,-50.0,-880.0
74.0,101.0,-1013.0
60.0,179.0,-1011.0
-68.0,109.0,-1056.0
-163.0,29.0,-1077.0
-15.0,48.0,-1141.0
-146.0,3.0,-1036.0
66.0,-9.0,-931.0
29.0,72.0,-985.0
48.0,107.0,-1048.0
1.0,74.0,-1028.0
-171.0,-25.0,-979.0
72.0,179.0,-1003.0
-165.0,212.0,-1227.0
64.0,171.0,-1120.0
-216.0,-87.0,-948.0
44.0,-46.0,-872.0
103.0,81.0,-1026.0
165.0,222.0,-1093.0
-148.0,140.0,-944.0
0.0,64.0,-1001.0
-87.0,160.0,-1198.0
39.0,66.0,-1147.0
5.0,5.0,-923.0
50.0,-48.0,-858.0
162.0,189.0,-991.0
122.0,136.0,-1059.0
115.0,1.0,-989.0
-201.0,83.0,-1044.0
158.0,163.0,-1063.0
7.0,292.0,-1145.0
101.0,11.0,-977.0
-74.0,-54.0,-931.0
115.0,-81.0,-876.0
238.0,85.0,-987.0
23.0,255.0,-1093.0
64.0,39.0,-1042.0
-191.0,146.0,-1032.0
48.0,56.0,-1061.0
-52.0,40.0,-1122.0
37.0,-220.0,-938.0
58.0,62.0,-911.0
121.0,199.0,-979.0
105.0,189.0,-1048.0
-165.0,46.0,-1011.0
0.0,25.0,-1069.0
-152.0,160.0,-1165.0
42.0,144.0,-1087.0
-156.0,-60.0,-958.0
76.0,-37.0,-890.0
-1.0,87.0,-1036.0
95.0,206.0,-1046.0
-109.0,40.0,-974.0
-113.0,101.0,-1071.0
-115.0,152.0,-1175.0
-37.0,181.0,-1093.0
-52.0,-44.0,-907.0
60.0,-99.0,-948.0
83.0,132.0,-1003.0
150.0,150.0,-970.0
-76.0,165.0,-954.0
-11.0,33.0,-1108.0
-56.0,179.0,-1147.0
58.0,126.0,-1098.0
7.0,58.0,-895.0
48.0,-85.0,-905.0
119.0,-105.0,-1003.0
179.0,146.0,-1032.0
11.0,156.0,-1052.0
15.0,35.0,-905.0
-50.0,140.0,-1026.0
74.0,101.0,-1147.0
-64.0,99.0,-1132.0
81.0,-140.0,-851.0
-3.0,0.0,-909.0
255.0,87.0,-1003.0
-27.0,232.0,-1065.0
-42.0,-68.0,-962.0
-156.0,37.0,-1063.0
93.0,99.0,-1153.0
-44.0,117.0,-1179.0
3.0,-50.0,-899.0
56.0,-58.0,-864.0
-37.0,23.0,-1036.0
199.0,70.0,-1095.0
-296.0,165.0,-1063.0
144.0,160.0,-1009.0
-335.0,156.0,-1188.0
281.0,109.0,-1022.0
-347.0,-23.0,-1056.0
253.0,-7.0,-864.0
-39.0,78.0,-1015.0
197.0,199.0,-1026.0
-156.0,144.0,-1089.0
-48.0,23.0,-1018.0
-54.0,160.0,-1030.0
113.0,144.0,-1126.0
7.0,78.0,-1087.0
122.0,-99.0,-917.0
-42.0,148.0,-919.0
238.0,29.0,-968.0
-33.0,214.0,-1071.0
58.0,46.0,-1009.0
-76.0,214.0,-1048.0
197.0,160.0,-1077.0
-101.0,-35.0,-1102.0
122.0,-60.0,-901.0
39.0,5.0,-911.0
203.0,283.0,-958.0
31.0,81.0,-1048.0
-60.0,46.0,-1034.0
-1.0,39.0,-1110.0
-103.0,177.0,-1061.0
163.0,46.0,-1022.0
-158.0,-23.0,-999.0
195.0,-17.0,-952.0
-95.0,160.0,-1026.0
23.0,-7.0,-985.0
-201.0,1.0,-1042.0
23.0,109.0,-1042.0
21.0,320.0,-1153.0
-111.0,107.0,-1136.0
-19.0,-68.0,-927.0
-265.0,-87.0,-952.0
210.0,109.0,-948.0
-122.0,308.0,-1112.0
89.0,83.0,-940.0
-201.0,111.0,-1091.0
83.0,42.0,-1057.0
-7.0,189.0,-1141.0
-66.0,-31.0,-999.0
35.0,-142.0,-929.0
-44.0,109.0,-964.0
179.0,150.0,-1007.0
-29.0,107.0,-1036.0
-50.0,-42.0,-1048.0
7.0,50.0,-1038.0
109.0,163.0,-1102.0
60.0,111.0,-1046.0
-48.0,-66.0,-958.0
103.0,-52.0,-948.0
29.0,99.0,-983.0
154.0,142.0,-905.0
-113.0,80.0,-1075.0
136.0,37.0,-1065.0
-7.0,148.0,-1179.0
27.0,33.0,-997.0
-7.0,-78.0,-929.0
-39.0,-29.0,-962.0
158.0,27.0,-983.0
-64.0,148.0,-1075.0
-3.0,-27.0,-985.0
23.0,81.0,-1052.0
29.0,150.0,-1157.0
-85.0,97.0,-1130.0
-80.0,-121.0,-892.0
-64.0,-122.0,-915.0
222.0,175.0,-1040.0
-21.0,208.0,-1167.0
-25.0,40.0,-876.0
-245.0,0.0,-966.0
146.0,175.0,-1202.0
-64.0,177.0,-1251.0
56.0,76.0,-907.0
-89.0,-23.0,-858.0
119.0,-1.0,-960.0
27.0,195.0,-1139.0
-46.0,197.0,-1069.0
-76.0,105.0,-1013.0
-39.0,201.0,-1009.0
142.0,173.0,-1114.0
-95.0,42.0,-1091.0
68.0,-119.0,-835.0
-15.0,54.0,-927.0
212.0,122.0,-1083.0
7.0,261.0,-1050.0
-76.0,117.0,-993.0
13.0,33.0,-997.0
0.0,95.0,-1071.0
236.0,29.0,-1054.0
-46.0,42.0,-1054.0
199.0,-13.0,-860.0
-85.0,89.0,-936.0
119.0,115.0,-1059.0
-214.0,87.0,-1089.0
163.0,171.0,-966.0
-169.0,167.0,-1147.0
185.0,-7.0,-1046.0
-206.0,-60.0,-1073.0
85.0,-25.0,-892.0
-42.0,115.0,-1038.0
-7.0,107.0,-974.0
-52.0,58.0,-1034.0
-201.0,93.0,-1102.0
50.0,97.0,-1100.0
-23.0,103.0,-1116.0
-146.0,-40.0,-1001.0
169.0,-46.0,-876.0
-177.0,275.0,-1046.0
203.0,83.0,-974.0
-355.0,105.0,-1063.0
140.0,-25.0,-1054.0
-74.0,312.0,-1087.0
208.0,290.0,-1087.0
-83.0,-76.0,-993.0
11.0,-66.0,-913.0
23.0,-19.0,-1003.0
119.0,230.0,-997.0
-7.0,216.0,-1052.0
-11.0,37.0,-981.0
128.0,228.0,-1028.0
0.0,152.0,-1095.0
177.0,37.0,-1013.0
-177.0,-158.0,-979.0
201.0,-23.0,-882.0
7.0,177.0,-1069.0
148.0,40.0,-956.0
-54.0,-7.0,-985.0
52.0,19.0,-1069.0
29.0,183.0,-1151.0
68.0,95.0,-1044.0
-134.0,-60.0,-974.0
136.0,-128.0,-921.0
-21.0,142.0,-1069.0
167.0,173.0,-989.0
-132.0,132.0,-991.0
46.0,66.0,-1069.0
-56.0,132.0,-1249.0
11.0,146.0,-1087.0
-156.0,-165.0,-919.0
40.0,-70.0,-895.0
-13.0,29.0,-1087.0
150.0,117.0,-989.0
-228.0,109.0,-1087.0
-15.0,-37.0,-995.0
-7.0,203.0,-1085.0
-19.0,183.0,-1153.0
-13.0,-9.0,-1020.0
-105.0,-27.0,-890.0
33.0,-27.0,-936.0
163.0,203.0,-1075.0
-42.0,111.0,-1022.0
93.0,138.0,-897.0
-105.0,171.0,-1179.0
154.0,97.0,-1171.0
-66.0,40.0,-1063.0
21.0,-146.0,-847.0
185.0,-54.0,-874.0
91.0,99.0,-1018.0
126.0,146.0,-1079.0
-144.0,37.0,-1042.0
74.0,158.0,-997.0
-81.0,25.0,-1116.0
103.0,62.0,-1022.0
-162.0,-46.0,-921.0
193.0,-25.0,-890.0
-5.0,27.0,-1050.0
175.0,66.0,-1011.0
-189.0,160.0,-1097.0
40.0,97.0,-962.0
-80.0,277.0,-1050.0
60.0,93.0,-1116.0
-105.0,-115.0,-1054.0
89.0,37.0,-903.0
21.0,48.0,-921.0
177.0,163.0,-1020.0
-244.0,87.0,-1091.0
83.0,101.0,-1077.0
-281.0,212.0,-1118.0
206.0,19.0,-1022.0
-320.0,-60.0,-1077.0
228.0,-80.0,-921.0
-175.0,218.0,-1009.0
204.0,189.0,-999.0
-167.0,93.0,-1032.0
23.0,40.0,-1022.0
-97.0,203.0,-1171.0
50.0,210.0,-1085.0
-29.0,70.0,-985.0
-35.0,-58.0,-987.0
179.0,25.0,-1009.0
66.0,142.0,-936.0
74.0,97.0,-847.0
-35.0,23.0,-1190.0
40.0,140.0,-1177.0
42.0,218.0,-1093.0
31.0,33.0,-872.0
60.0,-204.0,-911.0
111.0,15.0,-958.0
201.0,115.0,-1089.0
1.0,181.0,-974.0
-23.0,40.0,-948.0
7.0,31.0,-1097.0
76.0,124.0,-1122.0
-25.0,37.0,-1083.0
-50.0,-171.0,-862.0
80.0,-154.0,-979.0
60.0,70.0,-1083.0
140.0,130.0,-1036.0
-183.0,-91.0,-936.0
-23.0,-50.0,-1020.0
1.0,121.0,-1208.0
-62.0,212.0,-1227.0
-80.0,-89.0,-899.0
-160.0,-115.0,-823.0
158.0,-107.0,-999.0
48.0,324.0,-1116.0
-56.0,165.0,-1024.0
-113.0,-46.0,-968.0
-138.0,40.0,-1173.0
37.0,58.0,-1132.0
-103.0,29.0,-1009.0
46.0,-162.0,-866.0
27.0,-89.0,-944.0
259.0,91.0,-1042.0
-126.0,19.0,-1071.0
101.0,42.0,-981.0
-218.0,76.0,-1138.0
173.0,62.0,-1046.0
-39.0,81.0,-1071.0
54.0,-50.0,-890.0
142.0,-50.0,-907.0
50.0,29.0,-1040.0
150.0,134.0,-1022.0
-121.0,42.0,-1034.0
35.0,103.0,-1030.0
-29.0,13.0,-1132.0
-7.0,-3.0,-1073.0
39.0,-201.0,-917.0
58.0,-29.0,-917.0
138.0,19.0,-1001.0
52.0,68.0,-1038.0
-111.0,66.0,-1034.0
-44.0,-40.0,-1026.0
-48.0,183.0,-1151.0
-15.0,-40.0,-1089.0
-68.0,-50.0,-938.0
35.0,-99.0,-921.0
76.0,-17.0,-977.0
117.0,99.0,-1093.0
-224.0,-25.0,-1075.0
46.0,87.0,-962.0
-247.0,162.0,-1141.0
212.0,46.0,-1108.0
-288.0,-78.0,-1081.0
177.0,-148.0,-847.0
-5.0,156.0,-964.0
162.0,156.0,-1056.0
-93.0,58.0,-1030.0
-124.0,1.0,-1036.0
-15.0,181.0,-1073.0
27.0,183.0,-1114.0
42.0,-31.0,-999.0
62.0,-154.0,-907.0
76.0,-13.0,-958.0
144.0,107.0,-1020.0
31.0,132.0,-1044.0
-80.0,37.0,-1015.0
37.0,101.0,-1044.0
7.0,107.0,-1095.0
60.0,-29.0,-1022.0
25.0,-66.0,-921.0
103.0,40.0,-989.0
148.0,138.0,-999.0
25.0,60.0,-960.0
-48.0,17.0,-981.0
15.0,140.0,-1118.0
-50.0,214.0,-1177.0
60.0,7.0,-997.0
-80.0,-89.0,-948.0
121.0,-210.0,-921.0
42.0,64.0,-1052.0
7.0,162.0,-1022.0
-83.0,23.0,-997.0
-97.0,70.0,-1085.0
-31.0,48.0,-1177.0
-37.0,119.0,-1108.0
-146.0,-214.0,-927.0
29.0,-62.0,-913.0
-1.0,81.0,-1069.0
111.0,183.0,-970.0
-132.0,19.0,-983.0
-111.0,9.0,-1087.0
-21.0,56.0,-1100.0
56.0,189.0,-1093.0
-19.0,15.0,-979.0
-11.0,-162.0,-962.0
44.0,-93.0,-948.0
156.0,40.0,-1018.0
-62.0,294.0,-1056.0
58.0,42.0,-993.0
-93.0,169.0,-1083.0
111.0,68.0,-1081.0
-42.0,5.0,-1036.0
27.0,-203.0,-915.0
81.0,-33.0,-952.0
144.0,44.0,-985.0
99.0,50.0,-981.0
-29.0,-93.0,-1005.0
132.0,31.0,-1036.0
29.0,42.0,-1132.0
81.0,-17.0,-1057.0
-136.0,-220.0,-952.0
185.0,-70.0,-854.0
72.0,72.0,-1034.0
134.0,105.0,-1102.0
-175.0,7.0,-1024.0
-39.0,-25.0,-962.0
-103.0,177.0,-1120.0
87.0,35.0,-1188.0
-144.0,-91.0,-995.0
78.0,-169.0,-890.0
-11.0,-35.0,-909.0
171.0,66.0,-1018.0
-277.0,81.0,-1151.0
74.0,-44.0,-1038.0
-263.0,121.0,-1122.0
152.0,70.0,-1034.0
-156.0,-37.0,-1056.0
54.0,-140.0,-870.0
56.0,-27.0,-958.0
74.0,142.0,-1042.0
19.0,99.0,-1028.0
-52.0,48.0,-1018.0
-93.0,107.0,-1108.0
85.0,44.0,-1036.0
-31.0,-1.0,-1022.0
173.0,-169.0,-977.0
50.0,-68.0,-948.0
183.0,31.0,-976.0
5.0,64.0,-983.0
-23.0,48.0,-1056.0
-23.0,121.0,-1093.0
58.0,177.0,-1104.0
5.0,-44.0,-995.0
17.0,-119.0,-911.0
103.0,-130.0,-989.0
97.0,27.0,-981.0
27.0,76.0,-1009.0
-121.0,44.0,-1003.0
46.0,87.0,-1106.0
-109.0,-7.0,-1110.0
121.0,-29.0,-1009.0
-158.0,-124.0,-987.0
214.0,-80.0,-907.0
54.0,197.0,-1083.0
3.0,101.0,-1042.0
-122.0,-1.0,-985.0
-245.0,39.0,-1018.0
193.0,201.0,-1139.0
-189.0,122.0,-1198.0
113.0,-136.0,-888.0
-122.0,-42.0,-929.0
89.0,37.0,-987.0
74.0,138.0,-1100.0
-222.0,-5.0,-1005.0
-25.0,35.0,-1020.0
-210.0,109.0,-1100.0
306.0,197.0,-1108.0
-238.0,-42.0,-1071.0
206.0,-195.0,-837.0
-148.0,48.0,-966.0
294.0,134.0,-1034.0
-128.0,95.0,-1100.0
-95.0,-107.0,-1001.0
-23.0,11.0,-1054.0
13.0,44.0,-1087.0
298.0,40.0,-960.0
-117.0,-99.0,-1038.0
251.0,-185.0,-929.0
-25.0,25.0,-972.0
117.0,35.0,-958.0
-78.0,17.0,-1091.0
-21.0,107.0,-1087.0
80.0,68.0,-1081.0
3.0,7.0,-1034.0
101.0,-236.0,-960.0
-17.0,-99.0,-936.0
126.0,17.0,-1009.0
-48.0,40.0,-1003.0
-48.0,0.0,-1015.0
-105.0,-60.0,-1126.0
33.0,11.0,-1085.0
-1.0,-19.0,-1071.0
-60.0,-169.0,-931.0
140.0,-124.0,-970.0
-167.0,72.0,-1091.0
179.0,50.0,-968.0
-402.0,-1.0,-1024.0
124.0,-40.0,-977.0
-140.0,115.0,-1216.0
74.0,140.0,-1134.0
-52.0,-173.0,-919.0
-107.0,-126.0,-913.0
201.0,-107.0,-1042.0
-21.0,87.0,-1050.0
66.0,42.0,-913.0
-156.0,-113.0,-1075.0
113.0,128.0,-1114.0
13.0,-27.0,-1130.0
44.0,-23.0,-983.0
-7.0,-314.0,-880.0
97.0,31.0,-927.0
163.0,54.0,-1097.0
0.0,9.0,-1028.0
27.0,-126.0,-901.0
-126.0,-7.0,-1046.0
279.0,29.0,-1114.0
-142.0,-29.0,-1157.0
105.0,-242.0,-876.0
-60.0,-179.0,-929.0
171.0,-85.0,-933.0
122.0,148.0,-1052.0
-117.0,1.0,-1022.0
7.0,-103.0,-1059.0
-191.0,40.0,-1071.0
242.0,46.0,-1126.0
-232.0,-210.0,-997.0
249.0,-195.0,-812.0
-242.0,-46.0,-1057.0
294.0,48.0,-1024.0
-378.0,-5.0,-1069.0
117.0,-37.0,-1011.0
-226.0,3.0,-1194.0
68.0,-23.0,-1007.0
-66.0,-31.0,-995.0
-87.0,-208.0,-950.0
191.0,-66.0,-929.0
-113.0,140.0,-1093.0
74.0,70.0,-1003.0
-156.0,29.0,-1052.0
-21.0,83.0,-1038.0
99.0,21.0,-1112.0
-103.0,-83.0,-1026.0
236.0,-146.0,-897.0
-87.0,11.0,-1011.0
242.0,25.0,-995.0
-191.0,40.0,-1024.0
150.0,-23.0,-958.0
-87.0,83.0,-1085.0
203.0,31.0,-1100.0
-29.0,-48.0,-1100.0
-13.0,-204.0,-888.0
97.0,66.0,-921.0
31.0,52.0,-1046.0
132.0,56.0,-993.0
-234.0,-62.0,-999.0
148.0,5.0,-1013.0
-132.0,171.0,-1169.0
103.0,-78.0,-1044.0
-87.0,-95.0,-979.0
21.0,-212.0,-919.0
105.0,-46.0,-903.0
66.0,81.0,-1015.0
-109.0,-42.0,-1085.0
-163.0,76.0,-1081.0
-76.0,25.0,-1093.0
0.0,68.0,-1081.0
-72.0,-245.0,-974.0
37.0,-132.0,-923.0
-21.0,25.0,-1003.0
64.0,136.0,-1015.0
-160.0,15.0,-1067.0
-107.0,-48.0,-1095.0
-78.0,78.0,-1061.0
95.0,17.0,-1056.0
-76.0,-72.0,-1022.0
25.0,-144.0,-944.0
37.0,-58.0,-995.0
105.0,109.0,-1003.0
0.0,-29.0,-962.0
-37.0,33.0,-1077.0
-15.0,52.0,-1153.0
15.0,144.0,-1079.0
48.0,-101.0,-946.0
13.0,-259.0,-915.0
222.0,-29.0,-966.0
97.0,40.0,-1050.0
97.0,56.0,-952.0
-177.0,-74.0,-958.0
97.0,-13.0,-1091.0
5.0,48.0,-1171.0
134.0,-74.0,-991.0
-31.0,-165.0,-876.0
132.0,-208.0,-954.0
50.0,9.0,-1054.0
46.0,48.0,-1022.0
-121.0,-60.0,-1001.0
-122.0,-54.0,-1042.0
37.0,-17.0,-1145.0
-103.0,5.0,-1069.0
122.0,-206.0,-950.0
-132.0,-177.0,-940.0
298.0,-208.0,-976.0
-126.0,42.0,-1100.0
19.0,-13.0,-977.0
-224.0,-31.0,-1059.0
21.0,-70.0,-1124.0
-1.0,-64.0,-1157.0
-1.0,-136.0,-985.0
56.0,-244.0,-870.0
0.0,-40.0,-976.0
115.0,-17.0,-1071.0
-138.0,1.0,-1007.0
-46.0,-15.0,-1057.0
-80.0,-3.0,-1100.0
197.0,-40.0,-1100.0
-144.0,-111.0,-1036.0
206.0,-146.0,-868.0
-87.0,39.0,-962.0
226.0,-9.0,-1011.0
-97.0,99.0,-1134.0
-109.0,-91.0,-977.0
91.0,54.0,-936.0
-50.0,13.0,-1153.0
249.0,-130.0,-1026.0
-128.0,-165.0,-993.0
181.0,-117.0,-905.0
74.0,-29.0,-987.0
40.0,35.0,-979.0
-66.0,-58.0,-1079.0
1.0,31.0,-989.0
46.0,58.0,-1093.0
78.0,-93.0,-1093.0
-42.0,-183.0,-1013.0
111.0,-162.0,-839.0
-66.0,158.0,-1067.0
134.0,15.0,-1013.0
-214.0,17.0,-1038.0
-40.0,-113.0,-1050.0
-150.0,40.0,-1118.0
163.0,70.0,-1018.0
-175.0,-115.0,-1100.0
130.0,-167.0,-936.0
-107.0,-29.0,-999.0
74.0,46.0,-942.0
-121.0,21.0,-983.0
-52.0,76.0,-1139.0
-89.0,160.0,-1225.0
13.0,109.0,-1024.0
-9.0,-56.0,-880.0
-3.0,-245.0,-962.0
126.0,3.0,-1007.0
62.0,134.0,-1044.0
-70.0,74.0,-987.0
-15.0,-54.0,-1013.0
-5.0,76.0,-1108.0
70.0,122.0,-1081.0
138.0,-113.0,-989.0
-85.0,-222.0,-913.0
279.0,-91.0,-985.0
-3.0,142.0,-1075.0
187.0,27.0,-952.0
-253.0,-132.0,-989.0
163.0,-58.0,-1003.0
52.0,128.0,-1177.0
21.0,126.0,-1091.0
109.0,-275.0,-849.0
-156.0,-261.0,-899.0
296.0,-78.0,-1011.0
-68.0,148.0,-1143.0
33.0,-72.0,-929.0
-226.0,-78.0,-1018.0
91.0,58.0,-1098.0
-40.0,-19.0,-1194.0
-50.0,-206.0,-915.0
29.0,-175.0,-897.0
-29.0,13.0,-954.0
91.0,130.0,-1100.0
-216.0,-111.0,-1011.0
35.0,-80.0,-1038.0
-306.0,-64.0,-1100.0
361.0,107.0,-1028.0
-347.0,-40.0,-1134.0
238.0,-224.0,-839.0
-228.0,-109.0,-1005.0
214.0,-105.0,-964.0
-97.0,152.0,-1124.0
-7.0,-17.0,-985.0
21.0,44.0,-1069.0
-140.0,-7.0,-1067.0
175.0,-109.0,-1054.0
-144.0,-181.0,-983.0
281.0,-160.0,-872.0
7.0,83.0,-1011.0
163.0,-11.0,-983.0
-83.0,-48.0,-1075.0
9.0,-58.0,-1007.0
121.0,-46.0,-1194.0
-33.0,-115.0,-966.0
208.0,-122.0,-936.0
-124.0,-23.0,-935.0
363.0,-128.0,-987.0
-167.0,19.0,-1032.0
187.0,-76.0,-942.0
-165.0,70.0,-1132.0
48.0,-23.0,-1102.0
-42.0,-5.0,-1100.0
-212.0,-228.0,-921.0
251.0,-253.0,-933.0
-99.0,23.0,-1036.0
197.0,-54.0,-952.0
-320.0,-19.0,-1054.0
42.0,-3.0,-1085.0
-85.0,72.0,-1153.0
3.0,11.0,-1044.0
-9.0,-281.0,-960.0
-154.0,-111.0,-913.0
175.0,-25.0,-989.0
-11.0,148.0,-1130.0
29.0,33.0,-987.0
-206.0,-115.0,-958.0
115.0,39.0,-1052.0
-99.0,72.0,-1221.0
-15.0,-76.0,-995.0
29.0,-204.0,-897.0
-1.0,-46.0,-884.0
249.0,87.0,-1036.0
-25.0,5.0,-1054.0
29.0,-40.0,-979.0
-117.0,15.0,-1034.0
193.0,83.0,-1136.0
27.0,-39.0,-1056.0
46.0,-187.0,-880.0
156.0,-142.0,-936.0
54.0,35.0,-1044.0
113.0,103.0,-950.0
-146.0,-68.0,-1024.0
85.0,-17.0,-1093.0
-124.0,0.0,-1108.0
193.0,3.0,-1046.0
-138.0,-249.0,-974.0
119.0,-111.0,-868.0
-13.0,52.0,-1026.0
103.0,46.0,-1015.0
-136.0,7.0,-1065.0
-15.0,-95.0,-993.0
62.0,101.0,-1110.0
-99.0,58.0,-1093.0
27.0,-128.0,-974.0
-48.0,-220.0,-931.0
39.0,-37.0,-1009.0
91.0,29.0,-1046.0
-87.0,21.0,-968.0
5.0,-29.0,-964.0
-62.0,39.0,-1210.0
9.0,68.0,-1196.0
-158.0,-122.0,-964.0
7.0,-163.0,-798.0
60.0,-99.0,-999.0
156.0,236.0,-1089.0
-91.0,1.0,-1048.0
23.0,-165.0,-976.0
-78.0,33.0,-1056.0
111.0,128.0,-1122.0
-21.0,5.0,-1081.0
0.0,-257.0,-894.0
29.0,-93.0,-909.0
212.0,-128.0,-1001.0
128.0,93.0,-1011.0
-54.0,-15.0,-1026.0
13.0,58.0,-1046.0
-76.0,33.0,-1093.0
68.0,-60.0,-1057.0
-50.0,-247.0,-964.0
234.0,-232.0,-831.0
115.0,50.0,-929.0
113.0,72.0,-1061.0
-85.0,-19.0,-1120.0
-107.0,-1.0,-983.0
-42.0,-122.0,-1075.0
19.0,-66.0,-1073.0
-39.0,-208.0,-985.0
93.0,-150.0,-933.0
37.0,-35.0,-1034.0
19.0,23.0,-1034.0
-128.0,-11.0,-989.0
-68.0,-42.0,-1018.0
-117.0,115.0,-1184.0
-64.0,-3.0,-1149.0
-54.0,-226.0,-950.0
62.0,-111.0,-878.0
103.0,-19.0,-1013.0
58.0,5.0,-1034.0
-132.0,-87.0,-1020.0
-103.0,25.0,-1067.0
-58.0,101.0,-1079.0
93.0,62.0,-1071.0
-39.0,-146.0,-960.0
99.0,-255.0,-950.0
74.0,-7.0,-968.0
185.0,52.0,-1071.0
-107.0,37.0,-999.0
-9.0,-134.0,-974.0
-76.0,105.0,-1057.0
150.0,37.0,-1151.0
42.0,-70.0,-1038.0
11.0,-173.0,-958.0
85.0,-210.0,-909.0
191.0,-1.0,-942.0
66.0,31.0,-1050.0
-25.0,-39.0,-1050.0
-80.0,48.0,-1032.0
-50.0,-54.0,-1093.0
66.0,23.0,-1011.0
13.0,-261.0,-960.0
111.0,-113.0,-909.0
81.0,-19.0,-1028.0
23.0,39.0,-1011.0
-144.0,-52.0,-1011.0
-179.0,-39.0,-1100.0
44.0,58.0,-1106.0
-37.0,7.0,-1091.0
39.0,-160.0,-907.0
9.0,-175.0,-966.0
33.0,-58.0,-1003.0
42.0,48.0,-1071.0
-208.0,-5.0,-1057.0
-11.0,1.0,-1036.0
-136.0,93.0,-1091.0
187.0,80.0,-1015.0
-175.0,-154.0,-1073.0
140.0,-267.0,-905.0
27.0,-17.0,-993.0
95.0,140.0,-1042.0
1.0,85.0,-977.0
-222.0,-62.0,-981.0
175.0,-29.0,-1038.0
-46.0,119.0,-1157.0
308.0,-44.0,-989.0
-163.0,-195.0,-958.0
290.0,-95.0,-862.0
-66.0,58.0,-1028.0
175.0,46.0,-985.0
-187.0,-48.0,-1075.0
83.0,13.0,-999.0
-5.0,37.0,-1138.0
126.0,1.0,-1003.0
-7.0,-167.0,-942.0
0.0,-181.0,-919.0
132.0,0.0,-1034.0
-27.0,107.0,-1018.0
-7.0,-7.0,-952.0
-74.0,-101.0,-1124.0
-21.0,3.0,-1056.0
158.0,1.0,-1093.0
-179.0,-177.0,-1003.0
201.0,-222.0,-938.0
-228.0,-37.0,-1015.0
226.0,-11.0,-991.0
-322.0,21.0,-1048.0
148.0,-44.0,-1030.0
-195.0,48.0,-1184.0
152.0,70.0,-1013.0
-214.0,-74.0,-1015.0
62.0,-240.0,-921.0
-81.0,-37.0,-1056.0
111.0,58.0,-964.0
-56.0,48.0,-1026.0
-54.0,-70.0,-976.0
87.0,37.0,-1097.0
-64.0,97.0,-1218.0
29.0,-214.0,-950.0
-64.0,-183.0,-909.0
134.0,-158.0,-948.0
232.0,124.0,-1024.0
-72.0,5.0,-1001.0
103.0,-140.0,-997.0
-169.0,5.0,-1028.0
339.0,29.0,-1102.0
-210.0,-15.0,-1198.0
242.0,-337.0,-802.0
-162.0,-122.0,-940.0
331.0,-25.0,-989.0
0.0,42.0,-1085.0
-3.0,-37.0,-929.0
5.0,-107.0,-1100.0
-66.0,37.0,-1098.0
179.0,-23.0,-1089.0
-220.0,-156.0,-1048.0
210.0,-322.0,-798.0
-163.0,-31.0,-1011.0
210.0,29.0,-1087.0
-142.0,-7.0,-1102.0
-81.0,7.0,-968.0
-113.0,31.0,-1161.0
-89.0,1.0,-1067.0
-3.0,-169.0,-979.0
-31.0,-181.0,-995.0
70.0,-15.0,-1018.0
3.0,17.0,-944.0
-37.0,62.0,-1011.0
-113.0,-27.0,-1042.0
-9.0,72.0,-1093.0
-25.0,1.0,-1165.0
-44.0,-81.0,-950.0
27.0,-95.0,-897.0
-1.0,-87.0,-981.0
218.0,105.0,-1079.0
-201.0,3.0,-974.0
148.0,-19.0,-983.0
-222.0,117.0,-1116.0
228.0,-29.0,-1028.0
-40.0,31.0,-1044.0
60.0,-306.0,-991.0
204.0,-95.0,-853.0
117.0,23.0,-999.0
185.0,78.0,-1016.0
-195.0,-39.0,-1028.0
25.0,-29.0,-1042.0
-7.0,40.0,-1151.0
122.0,-117.0,-1020.0
58.0,-201.0,-880.0
70.0,-122.0,-923.0
122.0,7.0,-993.0
42.0,13.0,-1032.0
-136.0,39.0,-1089.0
-76.0,-25.0,-1030.0
9.0,35.0,-1085.0
7.0,-42.0,-1085.0
-25.0,-175.0,-964.0
29.0,-121.0,-948.0
-3.0,40.0,-1054.0
68.0,42.0,-1050.0
-265.0,-48.0,-936.0
97.0,-31.0,-1081.0
-210.0,111.0,-1190.0
199.0,78.0,-1028.0
-152.0,-83.0,-974.0
1.0,-236.0,-956.0
46.0,-72.0,-981.0
39.0,121.0,-1073.0
-37.0,60.0,-979.0
-95.0,19.0,-981.0
-29.0,68.0,-1095.0
140.0,39.0,-1143.0
-89.0,-76.0,-1011.0
130.0,-271.0,-870.0
-39.0,48.0,-1011.0
222.0,-13.0,-1013.0
-7.0,66.0,-966.0
-1.0,-91.0,-1011.0
48.0,-15.0,-1036.0
167.0,148.0,-1138.0
-25.0,-89.0,-1132.0
13.0,-191.0,-825.0
27.0,-171.0,-876.0
193.0,42.0,-1038.0
52.0,72.0,-1112.0
-124.0,-42.0,-966.0
15.0,-27.0,-948.0
-7.0,99.0,-1110.0
68.0,-11.0,-1169.0
-89.0,-165.0,-999.0
-9.0,-218.0,-862.0
23.0,-17.0,-950.0
126.0,132.0,-1071.0
-146.0,62.0,-1042.0
0.0,-35.0,-979.0
-156.0,15.0,-1184.0
60.0,40.0,-1143.0
-105.0,-52.0,-1003.0
-52.0,-183.0,-899.0
19.0,-89.0,-946.0
9.0,158.0,-1024.0
54.0,72.0,-1087.0
-117.0,115.0,-1085.0
-126.0,-15.0,-1044.0
74.0,31.0,-1046.0
-66.0,37.0,-1059.0
169.0,-93.0,-948.0
-17.0,-29.0,-1011.0
81.0,-64.0,-983.0
-64.0,111.0,-940.0
23.0,50.0,-1077.0
119.0,115.0,-1057.0
40.0,81.0,-1124.0
37.0,-103.0,-997.0
-15.0,-99.0,-944.0
37.0,-64.0,-931.0
181.0,56.0,-1011.0
54.0,50.0,-1018.0
-23.0,-1.0,-936.0
130.0,85.0,-1056.0
-13.0,111.0,-1177.0
66.0,-87.0,-1030.0
-162.0,-191.0,-956.0
179.0,-128.0,-899.0
31.0,187.0,-1007.0
81.0,72.0,-1030.0
-58.0,-105.0,-1024.0
-169.0,-56.0,-1026.0
121.0,119.0,-1083.0
-40.0,154.0,-1245.0
-76.0,-173.0,-962.0
-81.0,-115.0,-880.0
-31.0,-42.0,-1011.0
148.0,85.0,-1015.0
-201.0,78.0,-1085.0
48.0,11.0,-1056.0
-177.0,154.0,-1079.0
68.0,105.0,-1067.0
-146.0,-97.0,-1067.0
-33.0,-228.0,-890.0
9.0,29.0,-901.0
177.0,193.0,-1085.0
-23.0,60.0,-1011.0
7.0,-54.0,-989.0
-31.0,60.0,-1059.0
91.0,128.0,-1151.0
-5.0,-1.0,-977.0
74.0,-122.0,-927.0
64.0,-68.0,-970.0
140.0,29.0,-956.0
95.0,66.0,-1005.0
-5.0,-54.0,-989.0
95.0,165.0,-1042.0
-62.0,117.0,-1202.0
64.0,-23.0,-1022.0
-128.0,-242.0,-882.0
111.0,-158.0,-921.0
134.0,72.0,-1038.0
68.0,126.0,-1005.0
-33.0,29.0,-999.0
-117.0,-37.0,-1042.0
40.0,72.0,-1132.0
-163.0,15.0,-1167.0
74.0,-175.0,-901.0
-124.0,-163.0,-884.0
195.0,40.0,-1013.0
62.0,105.0,-1132.0
-132.0,-58.0,-987.0
-40.0,-1.0,-964.0
-124.0,122.0,-1184.0
111.0,113.0,-1112.0
-222.0,-76.0,-1052.0
119.0,-177.0,-841.0
-23.0,-44.0,-960.0
169.0,109.0,-1065.0
-103.0,142.0,-1093.0
-68.0,40.0,-989.0
-89.0,66.0,-1073.0
29.0,78.0,-1136.0
9.0,-25.0,-1038.0
-5.0,-148.0,-874.0
121.0,-29.0,-966.0
91.0,68.0,-1028.0
105.0,93.0,-1050.0
-62.0,54.0,-1015.0
-1.0,70.0,-1020.0
-46.0,-25.0,-1118.0
119.0,11.0,-1085.0
-3.0,-68.0,-995.0
183.0,-54.0,-815.0
107.0,-40.0,-979.0
138.0,37.0,-995.0
-117.0,89.0,-1061.0
5.0,62.0,-1075.0
-115.0,113.0,-1149.0
87.0,-48.0,-954.0
-95.0,-101.0,-1018.0
179.0,-163.0,-911.0
52.0,50.0,-979.0
40.0,70.0,-1022.0
-158.0,31.0,-1102.0
-76.0,58.0,-1067.0
-105.0,72.0,-1122.0
23.0,1.0,-1052.0
-134.0,-136.0,-929.0
85.0,-40.0,-1018.0
0.0,0.0,-1018.0
81.0,58.0,-944.0
-216.0,48.0,-1034.0
19.0,58.0,-1081.0
-134.0,302.0,-1091.0
-50.0,85.0,-1067.0
-23.0,-160.0,-966.0
-91.0,-158.0,-991.0
206.0,-17.0,-1011.0
60.0,255.0,-1069.0
23.0,46.0,-892.0
-185.0,9.0,-1030.0
1.0,80.0,-1124.0
99.0,132.0,-1139.0
3.0,-11.0,-976.0
128.0,-175.0,-915.0
58.0,-5.0,-948.0
240.0,130.0,-991.0
-27.0,99.0,-1009.0
5.0,-64.0,-968.0
-107.0,52.0,-1071.0
89.0,195.0,-1147.0
119.0,29.0,-1015.0
-158.0,-214.0,-923.0
220.0,-290.0,-894.0
11.0,62.0,-1048.0
185.0,271.0,-1026.0
-199.0,-19.0,-1018.0
-72.0,-37.0,-1011.0
-64.0,-13.0,-1102.0
64.0,160.0,-1143.0
83.0,-165.0,-950.0
-15.0,-130.0,-878.0
74.0,-17.0,-997.0
44.0,117.0,-1034.0
-124.0,89.0,-1073.0
-185.0,-54.0,-1011.0
46.0,48.0,-1138.0
-54.0,52.0,-1063.0
89.0,11.0,-997.0
-89.0,-122.0,-921.0
68.0,-148.0,-950.0
3.0,175.0,-1145.0
-46.0,101.0,-1001.0
54.0,74.0,-929.0
-212.0,76.0,-1163.0
191.0,3.0,-1141.0
-158.0,35.0,-1026.0
177.0,-126.0,-899.0
21.0,-7.0,-962.0
158.0,-1.0,-995.0
-23.0,83.0,-1032.0
-39.0,72.0,-1001.0
62.0,93.0,-1065.0
0.0,37.0,-1153.0
119.0,-60.0,-1024.0
-83.0,-122.0,-913.0
148.0,-52.0,-921.0
60.0,23.0,-1087.0
163.0,66.0,-948.0
-160.0,-58.0,-997.0
37.0,117.0,-970.0
-21.0,62.0,-1175.0
23.0,40.0,-1153.0
-89.0,-187.0,-1034.0
15.0,-185.0,-790.0
91.0,50.0,-886.0
181.0,70.0,-1112.0
-158.0,109.0,-1122.0
-64.0,-62.0,-1030.0
-193.0,195.0,-1038.0
206.0,19.0,-1063.0
-271.0,-119.0,-1106.0
228.0,-162.0,-876.0
-222.0,25.0,-1018.0
273.0,128.0,-981.0
-312.0,40.0,-1108.0
81.0,23.0,-1001.0
-249.0,150.0,-1132.0
109.0,72.0,-1057.0
-117.0,-13.0,-1077.0
44.0,-171.0,-958.0
23.0,33.0,-913.0
126.0,81.0,-993.0
21.0,119.0,-1005.0
-35.0,37.0,-1128.0
-29.0,122.0,-1069.0
9.0,109.0,-1020.0
72.0,-54.0,-989.0
44.0,-181.0,-991.0
162.0,-9.0,-993.0
95.0,134.0,-1007.0
91.0,46.0,-882.0
-85.0,13.0,-991.0
3.0,39.0,-1132.0
78.0,99.0,-1159.0
-23.0,72.0,-1032.0
5.0,-189.0,-899.0
19.0,-109.0,-966.0
126.0,50.0,-991.0
44.0,140.0,-1034.0
-111.0,40.0,-1046.0
-15.0,-35.0,-1069.0
-40.0,140.0,-1081.0
-3.0,37.0,-1132.0
-78.0,-111.0,-950.0
9.0,-171.0,-927.0
95.0,52.0,-1081.0
19.0,175.0,-1069.0
-119.0,-13.0,-913.0
-140.0,-3.0,-985.0
80.0,76.0,-1206.0
-54.0,183.0,-1212.0
52.0,-44.0,-968.0
-193.0,-105.0,-888.0
107.0,-78.0,-942.0
27.0,150.0,-1102.0
21.0,101.0,-1032.0
-40.0,11.0,-987.0
-21.0,97.0,-1087.0
97.0,97.0,-1132.0
-48.0,-29.0,-1044.0
19.0,-165.0,-845.0
115.0,-17.0,-929.0
163.0,109.0,-1065.0
111.0,105.0,-1020.0
-115.0,-46.0,-977.0
48.0,7.0,-974.0
83.0,37.0,-1157.0
74.0,128.0,-1098.0
15.0,-99.0,-940.0
-27.0,-146.0,-868.0
93.0,-89.0,-940.0
48.0,111.0,-1052.0
-21.0,76.0,-1069.0
19.0,42.0,-991.0
-62.0,76.0,-1100.0
23.0,-50.0,-1120.0
-111.0,-134.0,-1011.0
-52.0,-80.0,-903.0
66.0,11.0,-966.0
68.0,89.0,-1003.0
-13.0,-3.0,-1001.0
-103.0,42.0,-1110.0
-44.0,5.0,-1097.0
-81.0,39.0,-1116.0
-95.0,-99.0,-995.0
17.0,-85.0,-938.0
-7.0,93.0,-931.0
52.0,40.0,-1020.0
-70.0,-15.0,-1067.0
-130.0,-13.0,-1009.0
148.0,191.0,-1020.0
-44.0,181.0,-1188.0
31.0,-126.0,-1020.0
-140.0,-142.0,-921.0
81.0,-46.0,-925.0
152.0,175.0,-1024.0
68.0,130.0,-997.0
27.0,-29.0,-1030.0
-7.0,126.0,-1032.0
81.0,42.0,-1163.0
-27.0,9.0,-1069.0
-13.0,-228.0,-927.0
132.0,35.0,-827.0
113.0,115.0,-1044.0
179.0,11.0,-1022.0
-74.0,-60.0,-1032.0
44.0,-9.0,-997.0
-39.0,189.0,-1130.0
83.0,83.0,-1104.0
-134.0,-107.0,-987.0
56.0,-169.0,-892.0
58.0,-35.0,-966.0
197.0,111.0,-1005.0
-62.0,52.0,-1001.0
58.0,99.0,-1081.0
-224.0,72.0,-1239.0
-7.0,17.0,-1018.0
-206.0,-91.0,-958.0
111.0,-199.0,-890.0
70.0,91.0,-1018.0
150.0,156.0,-1069.0
-122.0,52.0,-1042.0
-78.0,-37.0,-977.0
-107.0,117.0,-1163.0
-119.0,165.0,-1171.0
-29.0,-81.0,-972.0
-130.0,-101.0,-929.0
191.0,-60.0,-974.0
130.0,165.0,-1042.0
46.0,72.0,-991.0
-68.0,74.0,-993.0
-150.0,140.0,-1139.0
37.0,93.0,-1165.0
-146.0,25.0,-1034.0
140.0,-189.0,-825.0
113.0,-62.0,-892.0
310.0,66.0,-1042.0
11.0,206.0,-1059.0
-44.0,21.0,-999.0
-152.0,9.0,-1042.0
52.0,31.0,-1052.0
58.0,5.0,-1085.0
85.0,-95.0,-843.0
179.0,-99.0,-929.0
83.0,-5.0,-1054.0
169.0,62.0,-1042.0
-292.0,37.0,-936.0
105.0,23.0,-1059.0
-273.0,80.0,-1231.0
140.0,-9.0,-1001.0
-128.0,-58.0,-966.0
128.0,-189.0,-866.0
93.0,-13.0,-1011.0
74.0,85.0,-1071.0
-140.0,68.0,-1097.0
-144.0,37.0,-991.0
-167.0,89.0,-1110.0
91.0,21.0,-1067.0
-150.0,-101.0,-1073.0
187.0,-158.0,-870.0
-101.0,78.0,-1011.0
249.0,179.0,-1007.0
-265.0,50.0,-1048.0
19.0,7.0,-1026.0
-314.0,-17.0,-1145.0
261.0,105.0,-1026.0
-136.0,66.0,-1081.0
224.0,-81.0,-901.0
-21.0,-33.0,-923.0
226.0,-25.0,-977.0
-37.0,80.0,-1100.0
-52.0,35.0,-1026.0
-74.0,163.0,-1063.0
40.0,72.0,-1110.0
3.0,-81.0,-999.0
136.0,-210.0,-925.0
60.0,-1.0,-977.0
304.0,64.0,-966.0
-111.0,113.0,-989.0
23.0,-62.0,-1028.0
-183.0,66.0,-1104.0
183.0,111.0,-1063.0
-48.0,-40.0,-1106.0
148.0,-138.0,-903.0
19.0,-97.0,-964.0
95.0,113.0,-1001.0
50.0,54.0,-1110.0
-204.0,17.0,-985.0
-7.0,-23.0,-1034.0
-158.0,152.0,-1098.0
220.0,72.0,-1077.0
-230.0,-124.0,-1093.0
117.0,-177.0,-913.0
-81.0,23.0,-993.0
74.0,208.0,-999.0
-128.0,-7.0,-1034.0
-220.0,9.0,-1038.0
66.0,9.0,-1079.0
-42.0,169.0,-1214.0
185.0,-25.0,-909.0
-146.0,-117.0,-936.0
74.0,-11.0,-977.0
54.0,87.0,-997.0
-21.0,167.0,-1018.0
-27.0,-37.0,-1028.0
54.0,107.0,-1003.0
119.0,130.0,-1116.0
-17.0,-72.0,-1093.0
89.0,-165.0,-884.0
-54.0,-17.0,-936.0
234.0,119.0,-1032.0
-42.0,105.0,-999.0
68.0,-126.0,-944.0
-62.0,66.0,-1057.0
156.0,37.0,-1128.0
-15.0,158.0,-1098.0
-56.0,-105.0,-960.0
-3.0,-156.0,-872.0
0.0,0.0,-944.0
175.0,42.0,-1069.0
-146.0,103.0,-1048.0
136.0,7.0,-985.0
-222.0,121.0,-1138.0
165.0,-44.0,-1100.0
-302.0,-95.0,-1022.0
93.0,-158.0,-886.0
-33.0,37.0,-1003.0
146.0,152.0,-1011.0
-83.0,-17.0,-1038.0
-138.0,1.0,-995.0
60.0,33.0,-1077.0
-134.0,185.0,-1241.0
-15.0,-40.0,-1020.0
-124.0,-99.0,-882.0
-7.0,40.0,-917.0
144.0,-11.0,-1063.0
-76.0,64.0,-1056.0
54.0,-25.0,-1024.0
-37.0,206.0,-1063.0
81.0,150.0,-1138.0
-115.0,-37.0,-1054.0
-52.0,-138.0,-925.0
81.0,-103.0,-907.0
185.0,154.0,-1015.0
177.0,97.0,-972.0
-33.0,95.0,-1032.0
83.0,31.0,-1050.0
-89.0,40.0,-1184.0
87.0,-56.0,-1018.0
-76.0,-160.0,-919.0
187.0,40.0,-839.0
52.0,81.0,-1056.0
203.0,0.0,-1052.0
-132.0,-40.0,-1015.0
126.0,-37.0,-925.0
-33.0,189.0,-1157.0
68.0,76.0,-1134.0
-124.0,-109.0,-1011.0
-7.0,-158.0,-933.0
21.0,-3.0,-968.0
122.0,78.0,-940.0
-52.0,7.0,-966.0
52.0,81.0,-1139.0
-169.0,83.0,-1259.0
-7.0,72.0,-1048.0
-240.0,-158.0,-954.0
3.0,-189.0,-858.0
33.0,109.0,-1011.0
121.0,152.0,-1087.0
-3.0,25.0,-1052.0
-101.0,-19.0,-976.0
58.0,107.0,-1018.0
-124.0,189.0,-1167.0
-9.0,-68.0,-1046.0
-128.0,-93.0,-964.0
74.0,-17.0,-944.0
216.0,87.0,-970.0
68.0,105.0,-944.0
13.0,-21.0,-1013.0
3.0,128.0,-1147.0
-31.0,169.0,-1214.0
1.0,-17.0,-997.0
-111.0,-216.0,-839.0
191.0,-134.0,-853.0
154.0,181.0,-1081.0
216.0,142.0,-1087.0
-72.0,-48.0,-948.0
-23.0,-1.0,-1007.0
-119.0,74.0,-1143.0
46.0,15.0,-1095.0
-80.0,-167.0,-921.0
140.0,-89.0,-921.0
113.0,29.0,-999.0
245.0,124.0,-952.0
-183.0,-25.0,-1034.0
-21.0,7.0,-1083.0
-331.0,99.0,-1212.0
78.0,83.0,-1040.0
-230.0,-56.0,-1042.0
148.0,-259.0,-815.0
-21.0,-9.0,-987.0
175.0,156.0,-1056.0
-138.0,162.0,-1114.0
-119.0,3.0,-972.0
-206.0,15.0,-1100.0
5.0,72.0,-1069.0
-40.0,-37.0,-1054.0
78.0,-99.0,-935.0
126.0,-46.0,-989.0
103.0,140.0,-966.0
-40.0,183.0,-997.0
-101.0,-1.0,-1071.0
-117.0,95.0,-1132.0
0.0,5.0,-1138.0
-7.0,60.0,-977.0
126.0,-144.0,-917.0
163.0,17.0,-864.0
222.0,60.0,-1057.0
-42.0,35.0,-1110.0
-23.0,-1.0,-995.0
-66.0,93.0,-970.0
134.0,113.0,-1100.0
27.0,-62.0,-1118.0
119.0,-162.0,-890.0
87.0,-29.0,-940.0
185.0,39.0,-974.0
29.0,105.0,-1018.0
-167.0,-25.0,-1007.0
5.0,44.0,-1026.0
-25.0,72.0,-1206.0
93.0,-33.0,-1042.0
-27.0,-60.0,-970.0
70.0,-128.0,-860.0
54.0,95.0,-997.0
-35.0,39.0,-1110.0
-95.0,17.0,-1040.0
-126.0,-1.0,-1018.0
-95.0,99.0,-1087.0
64.0,64.0,-1110.0
-152.0,-105.0,-1022.0
66.0,-76.0,-979.0
-78.0,-5.0,-1020.0
119.0,130.0,-946.0
-179.0,81.0,-987.0
-35.0,29.0,-1057.0
1.0,103.0,-1167.0
-29.0,109.0,-1108.0
95.0,-31.0,-976.0
-122.0,-158.0,-946.0
181.0,44.0,-931.0
-35.0,146.0,-1048.0
134.0,29.0,-1009.0
-179.0,-23.0,-1001.0
187.0,126.0,-1009.0
-23.0,122.0,-1153.0
156.0,-48.0,-1015.0
-126.0,-117.0,-935.0
183.0,-95.0,-911.0
85.0,132.0,-1013.0
101.0,130.0,-933.0
-48.0,-74.0,-977.0
7.0,-35.0,-1061.0
134.0,99.0,-1147.0
35.0,138.0,-1073.0
-37.0,-152.0,-903.0
115.0,-154.0,-884.0
-78.0,-1.0,-1063.0
177.0,105.0,-1048.0
-247.0,40.0,-1013.0
177.0,-23.0,-1011.0
-210.0,83.0,-1124.0
201.0,95.0,-1136.0
-312.0,-199.0,-1042.0
154.0,-173.0,-851.0
-173.0,93.0,-1052.0
267.0,240.0,-1034.0
-253.0,-33.0,-1009.0
29.0,-66.0,-913.0
-48.0,52.0,-1212.0
50.0,175.0,-1161.0
-48.0,107.0,-1052.0
-66.0,-134.0,-860.0
19.0,-122.0,-899.0
93.0,81.0,-1052.0
-9.0,126.0,-1097.0
95.0,52.0,-989.0
-163.0,101.0,-976.0
275.0,78.0,-1097.0
-312.0,-9.0,-1177.0
316.0,-193.0,-833.0
-185.0,5.0,-929.0
431.0,80.0,-985.0
-107.0,162.0,-1028.0
185.0,-3.0,-956.0
-103.0,-17.0,-1032.0
95.0,25.0,-1102.0
-46.0,17.0,-1130.0
-21.0,-76.0,-979.0
80.0,-48.0,-853.0
11.0,-64.0,-925.0
210.0,-13.0,-1022.0
-177.0,31.0,-1147.0
247.0,99.0,-970.0
-261.0,199.0,-1128.0
91.0,-72.0,-1015.0
-220.0,-199.0,-1118.0
35.0,-121.0,-909.0
216.0,66.0,-944.0
-46.0,162.0,-1026.0
105.0,-19.0,-1009.0
-318.0,31.0,-1108.0
56.0,78.0,-1104.0
-247.0,27.0,-1159.0
25.0,-72.0,-948.0
-15.0,-48.0,-946.0
83.0,37.0,-915.0
208.0,39.0,-999.0
-204.0,31.0,-1095.0
74.0,15.0,-1061.0
-169.0,206.0,-1050.0
144.0,199.0,-1065.0
-126.0,-121.0,-1052.0
203.0,-240.0,-931.0
281.0,1.0,-933.0
413.0,273.0,-981.0
265.0,80.0,-940.0
87.0,-72.0,-1042.0
357.0,52.0,-1126.0
240.0,126.0,-1153.0
603.0,5.0,-958.0
351.0,-220.0,-981.0
858.0,-72.0,-870.0
636.0,105.0,-976.0
607.0,122.0,-1067.0
452.0,-31.0,-1059.0
511.0,29.0,-1052.0
778.0,-3.0,-1034.0
675.0,97.0,-1087.0
817.0,-101.0,-821.0
806.0,-144.0,-981.0
1069.0,-21.0,-999.0
786.0,175.0,-1034.0
782.0,37.0,-856.0
823.0,-17.0,-1056.0
1075.0,9.0,-1194.0
888.0,134.0,-1126.0
1071.0,-21.0,-870.0
847.0,-117.0,-929.0
1382.0,-62.0,-970.0
966.0,193.0,-1157.0
1038.0,11.0,-987.0
772.0,76.0,-1059.0
1225.0,-1.0,-1136.0
1048.0,124.0,-1169.0
1122.0,-29.0,-919.0
1075.0,-83.0,-933.0
1356.0,-35.0,-950.0
1290.0,152.0,-1130.0
1186.0,97.0,-1013.0
1126.0,76.0,-1018.0
1313.0,0.0,-1028.0
1434.0,17.0,-1173.0
1165.0,101.0,-1063.0
1239.0,-29.0,-942.0
1368.0,-52.0,-936.0
1462.0,23.0,-1007.0
1247.0,119.0,-1085.0
1104.0,81.0,-1015.0
1335.0,-7.0,-987.0
1159.0,64.0,-1116.0
1497.0,17.0,-968.0
1147.0,-134.0,-989.0
1661.0,19.0,-843.0
1407.0,17.0,-991.0
1458.0,93.0,-1018.0
1173.0,-37.0,-1001.0
1588.0,-33.0,-989.0
1385.0,50.0,-1173.0
1321.0,-76.0,-1108.0
1018.0,160.0,-997.0
1266.0,-366.0,-977.0
1317.0,392.0,-956.0
1358.0,-234.0,-989.0
1057.0,286.0,-1042.0
1089.0,-158.0,-1138.0
1038.0,-56.0,-1106.0
1282.0,185.0,-1104.0
771.0,-331.0,-1056.0
1214.0,154.0,-847.0
833.0,-283.0,-962.0
800.0,618.0,-1034.0
564.0,93.0,-1001.0
324.0,109.0,-1089.0
447.0,-103.0,-1161.0
72.0,-17.0,-1130.0
394.0,91.0,-919.0
-203.0,68.0,-1026.0
107.0,-48.0,-927.0
-189.0,1.0,-958.0
-316.0,-58.0,-974.0
-359.0,-81.0,-1077.0
-365.0,-146.0,-1003.0
-318.0,187.0,-1100.0
-265.0,105.0,-923.0
-443.0,277.0,-1003.0
-312.0,-245.0,-899.0
-458.0,183.0,-1120.0
-316.0,0.0,-974.0
-661.0,-154.0,-1032.0
-365.0,37.0,-1229.0
-482.0,-189.0,-1262.0
-343.0,347.0,-1024.0
-630.0,-130.0,-952.0
-462.0,-95.0,-964.0
-669.0,-72.0,-962.0
-394.0,-150.0,-1020.0
-802.0,271.0,-1139.0
-552.0,-232.0,-1001.0
-743.0,222.0,-968.0
-527.0,-113.0,-1085.0
-823.0,160.0,-977.0
-732.0,-7.0,-843.0
-540.0,-201.0,-1018.0
-556.0,119.0,-1120.0
-564.0,-27.0,-868.0
-950.0,107.0,-917.0
-591.0,-138.0,-1089.0
-835.0,35.0,-1235.0
-673.0,35.0,-976.0
-1032.0,44.0,-929.0
-755.0,158.0,-876.0
-749.0,11.0,-995.0
-909.0,93.0,-933.0
-964.0,54.0,-1003.0
-1161.0,39.0,-1026.0
-493.0,95.0,-1100.0
-1141.0,-87.0,-1139.0
-651.0,40.0,-776.0
-1052.0,35.0,-962.0
-445.0,29.0,-966.0
-735.0,165.0,-1056.0
-913.0,-89.0,-979.0
-749.0,128.0,-1079.0
-823.0,-1.0,-1225.0
-614.0,-83.0,-1095.0
-948.0,-89.0,-905.0
-614.0,81.0,-985.0
-786.0,119.0,-1052.0
-454.0,44.0,-1007.0
-1112.0,-111.0,-1149.0
-696.0,-87.0,-976.0
-942.0,175.0,-1030.0
-696.0,58.0,-1173.0
-1093.0,-56.0,-1124.0
-987.0,-54.0,-884.0
-798.0,-105.0,-958.0
-786.0,154.0,-1108.0
-876.0,48.0,-944.0
-1108.0,-1.0,-970.0
-979.0,33.0,-1138.0
-868.0,142.0,-1221.0
-1157.0,-128.0,-981.0
-935.0,-9.0,-931.0
-1059.0,-19.0,-964.0
-609.0,210.0,-956.0
-1050.0,76.0,-1083.0
-991.0,-126.0,-1110.0
-1128.0,60.0,-997.0
-675.0,208.0,-1147.0
-1007.0,31.0,-1102.0
-772.0,-128.0,-966.0
-860.0,-130.0,-935.0
-421.0,27.0,-966.0
-568.0,152.0,-1003.0
-708.0,7.0,-1067.0
-534.0,56.0,-1065.0
-573.0,27.0,-1124.0
-370.0,87.0,-1075.0
-569.0,-68.0,-993.0
-253.0,-187.0,-853.0
-324.0,93.0,-944.0
-224.0,126.0,-1093.0
-587.0,-35.0,-1054.0
-312.0,-93.0,-1011.0
-564.0,76.0,-1149.0
-292.0,7.0,-940.0
-441.0,-42.0,-976.0
-349.0,-185.0,-948.0
-181.0,-25.0,-1024.0
-468.0,89.0,-981.0
-185.0,-31.0,-874.0
-581.0,70.0,-1057.0
-173.0,-3.0,-1169.0
-445.0,156.0,-1114.0
-327.0,-95.0,-940.0
-244.0,-189.0,-944.0
-177.0,-89.0,-987.0
-81.0,111.0,-1015.0
-396.0,134.0,-1022.0
-201.0,-23.0,-1089.0
-493.0,-31.0,-1136.0
-29.0,165.0,-1081.0
-439.0,1.0,-1022.0
40.0,-83.0,-892.0
-238.0,-48.0,-1048.0
119.0,103.0,-1018.0
-257.0,119.0,-1005.0
-148.0,-37.0,-948.0
-160.0,111.0,-1186.0
-87.0,101.0,-1095.0
66.0,103.0,-1001.0
-208.0,-173.0,-972.0
201.0,-162.0,-882.0
-89.0,148.0,-1067.0
58.0,122.0,-1056.0
-201.0,58.0,-1009.0
-206.0,70.0,-936.0
81.0,87.0,-1100.0
-87.0,46.0,-1130.0
74.0,-136.0,-927.0
-189.0,-87.0,-903.0
162.0,-11.0,-970.0
-93.0,187.0,-1056.0
-25.0,48.0,-995.0
-206.0,-35.0,-1046.0
11.0,21.0,-1100.0
-78.0,124.0,-1155.0
13.0,-52.0,-989.0
-81.0,-74.0,-929.0
-85.0,19.0,-925.0
66.0,70.0,-1116.0
-261.0,11.0,-1063.0
58.0,81.0,-979.0
-331.0,95.0,-1081.0
238.0,39.0,-1069.0
-308.0,-40.0,-1134.0
78.0,-117.0,-966.0
-89.0,11.0,-940.0
70.0,74.0,-921.0
1.0,113.0,-983.0
-195.0,83.0,-1104.0
31.0,148.0,-1102.0
-165.0,31.0,-1175.0
66.0,-64.0,-987.0
-113.0,-72.0,-940.0
37.0,48.0,-892.0
78.0,1.0,-1018.0
-15.0,-5.0,-1038.0
-31.0,-15.0,-1061.0
-11.0,134.0,-950.0
44.0,183.0,-1138.0
-140.0,-89.0,-1063.0
46.0,-134.0,-929.0
-39.0,-68.0,-995.0
238.0,13.0,-954.0
-5.0,7.0,-1011.0
-64.0,5.0,-931.0
0.0,115.0,-1104.0
-150.0,124.0,-1136.0
183.0,-21.0,-1132.0
-277.0,-156.0,-921.0
222.0,-197.0,-810.0
-163.0,78.0,-1079.0
320.0,62.0,-1052.0
-269.0,-13.0,-1061.0
29.0,-37.0,-925.0
-140.0,158.0,-1145.0
68.0,111.0,-1108.0
-107.0,-183.0,-1052.0
-62.0,-78.0,-921.0
54.0,5.0,-1011.0
89.0,81.0,-989.0
-40.0,-17.0,-1005.0
-122.0,15.0,-1036.0
-111.0,124.0,-1151.0
7.0,158.0,-1114.0
-130.0,-64.0,-1061.0
109.0,-214.0,-864.0
-31.0,-7.0,-929.0
269.0,158.0,-995.0
-72.0,115.0,-1093.0
21.0,15.0,-995.0
-214.0,85.0,-1077.0
154.0,87.0,-1075.0
-29.0,-23.0,-1132.0
-5.0,-185.0,-894.0
204.0,-89.0,-884.0
5.0,140.0,-997.0
275.0,175.0,-1052.0
-302.0,-11.0,-1042.0
111.0,-115.0,-983.0
-171.0,162.0,-1095.0
265.0,122.0,-1139.0
-152.0,-113.0,-995.0
181.0,-140.0,-821.0
-60.0,-54.0,-974.0
251.0,163.0,-1030.0
-193.0,52.0,-1100.0
5.0,25.0,-981.0
-128.0,58.0,-1095.0
58.0,62.0,-1046.0
-23.0,-60.0,-1104.0
66.0,-175.0,-890.0
29.0,-1.0,-933.0
39.0,144.0,-1007.0
-87.0,76.0,-1098.0
-70.0,3.0,-1034.0
-113.0,68.0,-1067.0
54.0,87.0,-1056.0
-119.0,-13.0,-1046.0
27.0,-64.0,-983.0
17.0,-150.0,-917.0
-97.0,152.0,-1091.0
50.0,81.0,-1081.0
-169.0,119.0,-997.0
163.0,29.0,-1020.0
-142.0,-44.0,-1108.0
189.0,-189.0,-993.0
0.0,89.0,-987.0
126.0,13.0,-948.0
-11.0,152.0,-981.0
-50.0,-56.0,-991.0
72.0,93.0,-1048.0
7.0,78.0,-1132.0
48.0,-29.0,-1093.0
-115.0,-119.0,-940.0
130.0,-76.0,-892.0
37.0,85.0,-987.0
218.0,76.0,-962.0
-220.0,-46.0,-1003.0
111.0,9.0,-1056.0
-121.0,152.0,-1151.0
132.0,42.0,-1044.0
-199.0,-158.0,-1044.0
113.0,-191.0,-880.0
44.0,93.0,-966.0
140.0,119.0,-1056.0
-111.0,-50.0,-1065.0
-152.0,-23.0,-981.0
-11.0,158.0,-1112.0
33.0,132.0,-1204.0
-66.0,-171.0,-999.0
-7.0,-169.0,-927.0
17.0,-7.0,-897.0
201.0,181.0,-1042.0
-165.0,101.0,-1073.0
56.0,3.0,-1015.0
-228.0,31.0,-1093.0
136.0,101.0,-1081.0
-70.0,42.0,-1124.0
3.0,-183.0,-870.0
85.0,-15.0,-950.0
132.0,72.0,-1065.0
95.0,66.0,-1028.0
-89.0,23.0,-981.0
-70.0,124.0,-1087.0
9.0,109.0,-1077.0
48.0,33.0,-1057.0
87.0,-193.0,-1018.0
74.0,-89.0,-888.0
201.0,1.0,-933.0
134.0,165.0,-1050.0
-66.0,48.0,-1040.0
-167.0,1.0,-1034.0
37.0,76.0,-1124.0
48.0,13.0,-1056.0
44.0,-95.0,-944.0
91.0,-107.0,-929.0
72.0,23.0,-987.0
35.0,124.0,-1028.0
-156.0,9.0,-1044.0
-99.0,42.0,-1079.0
-126.0,33.0,-1052.0
132.0,89.0,-1042.0
-107.0,-89.0,-1083.0
81.0,-128.0,-946.0
-17.0,17.0,-993.0
81.0,66.0,-1030.0
-208.0,46.0,-983.0
-68.0,58.0,-1042.0
-68.0,89.0,-1136.0
111.0,72.0,-1034.0
-33.0,-58.0,-1028.0
46.0,-89.0,-1001.0
-3.0,-5.0,-942.0
74.0,119.0,-1001.0
-46.0,89.0,-1069.0
-72.0,11.0,-1005.0
33.0,48.0,-979.0
154.0,121.0,-1138.0
37.0,-17.0,-1073.0
42.0,-54.0,-952.0
-7.0,-54.0,-938.0
201.0,37.0,-1003.0
-42.0,42.0,-952.0
154.0,21.0,-974.0
-193.0,72.0,-1083.0
259.0,93.0,-1087.0
-81.0,21.0,-1147.0
-21.0,-195.0,-921.0
54.0,-83.0,-864.0
23.0,111.0,-1040.0
156.0,39.0,-1011.0
-232.0,-25.0,-989.0
81.0,-39.0,-1054.0
-56.0,165.0,-1157.0
64.0,156.0,-1093.0
-68.0,-195.0,-977.0
-144.0,-76.0,-950.0
68.0,-126.0,-936.0
109.0,119.0,-1048.0
-97.0,31.0,-1067.0
-46.0,60.0,-952.0
-19.0,146.0,-1095.0
-42.0,-11.0,-1169.0
-54.0,-66.0,-1038.0
-39.0,-173.0,-853.0
103.0,60.0,-917.0
39.0,203.0,-1106.0
64.0,11.0,-1052.0
-115.0,-81.0,-942.0
-44.0,62.0,-966.0
158.0,181.0,-1221.0
-58.0,52.0,-1149.0
37.0,-144.0,-884.0
46.0,-80.0,-854.0
183.0,40.0,-1022.0
144.0,160.0,-1015.0
230.0,-15.0,-995.0
78.0,95.0,-1046.0
183.0,97.0,-1106.0
269.0,0.0,-1126.0
140.0,-245.0,-979.0
497.0,-7.0,-790.0
238.0,122.0,-1028.0
687.0,29.0,-962.0
23.0,87.0,-1147.0
675.0,-103.0,-981.0
126.0,134.0,-1159.0
650.0,46.0,-958.0
230.0,-29.0,-1102.0
605.0,-124.0,-917.0
382.0,-107.0,-927.0
523.0,66.0,-942.0
353.0,15.0,-1122.0
335.0,117.0,-970.0
244.0,177.0,-1079.0
220.0,-19.0,-1081.0
78.0,-107.0,-1044.0
232.0,-197.0,-880.0
218.0,78.0,-962.0
283.0,183.0,-1042.0
-44.0,81.0,-958.0
58.0,-113.0,-1040.0
-212.0,72.0,-1118.0
163.0,156.0,-1104.0
-195.0,37.0,-1003.0
162.0,-46.0,-942.0
-201.0,35.0,-1007.0
279.0,1.0,-1024.0
-150.0,29.0,-1030.0
72.0,42.0,-993.0
-89.0,173.0,-1190.0
7.0,154.0,-1165.0
44.0,-50.0,-1003.0
15.0,-183.0,-960.0
232.0,-70.0,-985.0
173.0,117.0,-1026.0
121.0,140.0,-1009.0
-5.0,-70.0,-1042.0
37.0,31.0,-1050.0
142.0,3.0,-1136.0
156.0,62.0,-1056.0
124.0,-89.0,-903.0
113.0,-105.0,-895.0
177.0,11.0,-1067.0
177.0,39.0,-1015.0
-21.0,66.0,-995.0
29.0,-70.0,-905.0
95.0,95.0,-1093.0
31.0,60.0,-1161.0
29.0,-167.0,-987.0
-17.0,-109.0,-854.0
58.0,52.0,-974.0
204.0,181.0,-1034.0
-187.0,-46.0,-940.0
25.0,-35.0,-929.0
-214.0,37.0,-1188.0
245.0,138.0,-1136.0
-273.0,37.0,-1032.0
113.0,-119.0,-821.0
-226.0,-19.0,-968.0
265.0,72.0,-1003.0
-204.0,103.0,-1151.0
142.0,-23.0,-956.0
-251.0,160.0,-1120.0
134.0,83.0,-1075.0
-54.0,17.0,-1159.0
-83.0,-165.0,-886.0
136.0,-56.0,-997.0
-27.0,117.0,-1022.0
298.0,66.0,-966.0
-201.0,39.0,-1085.0
154.0,-81.0,-1020.0
-56.0,105.0,-1056.0
140.0,119.0,-1097.0
21.0,-146.0,-1018.0
3.0,-37.0,-827.0
163.0,-76.0,-977.0
74.0,148.0,-1048.0
54.0,1.0,-1024.0
-85.0,1.0,-1020.0
44.0,76.0,-1077.0
66.0,31.0,-1098.0
-78.0,-83.0,-993.0
148.0,-156.0,-936.0
-29.0,1.0,-915.0
242.0,134.0,-1018.0
-177.0,78.0,-1042.0
134.0,-54.0,-1007.0
-199.0,62.0,-1079.0
195.0,81.0,-1108.0
-177.0,-93.0,-1018.0
193.0,-35.0,-831.0
-60.0,48.0,-1042.0
167.0,93.0,-1026.0
-169.0,40.0,-1089.0
17.0,7.0,-938.0
-54.0,142.0,-1093.0
68.0,111.0,-1136.0
-103.0,-27.0,-1087.0
27.0,-122.0,-925.0
39.0,-21.0,-925.0
210.0,95.0,-1116.0
-97.0,201.0,-999.0
68.0,-19.0,-1013.0
-156.0,35.0,-1073.0
290.0,74.0,-1116.0
-105.0,42.0,-1104.0
222.0,-167.0,-909.0
-21.0,-44.0,-901.0
185.0,66.0,-964.0
56.0,93.0,-1139.0
-54.0,-13.0,-1069.0
23.0,23.0,-884.0
58.0,87.0,-1042.0
74.0,-46.0,-1159.0
46.0,-122.0,-964.0
13.0,-87.0,-870.0
136.0,-25.0,-946.0
37.0,158.0,-1038.0
-105.0,0.0,-1020.0
-9.0,-29.0,-983.0
-95.0,85.0,-1130.0
60.0,17.0,-1161.0
-117.0,-40.0,-1040.0
27.0,-189.0,-843.0
7.0,44.0,-884.0
37.0,58.0,-1087.0
-163.0,-11.0,-1093.0
-46.0,23.0,-1057.0
-232.0,40.0,-1139.0
220.0,150.0,-960.0
-214.0,-31.0,-1155.0
81.0,-238.0,-913.0
-50.0,72.0,-942.0
-1.0,93.0,-942.0
152.0,97.0,-1015.0
-275.0,3.0,-1122.0
212.0,52.0,-1026.0
-189.0,173.0,-1163.0
173.0,-7.0,-952.0
-160.0,-87.0,-1034.0
228.0,-152.0,-853.0
42.0,89.0,-933.0
179.0,146.0,-1011.0
-163.0,5.0,-1120.0
132.0,60.0,-997.0
-37.0,119.0,-1163.0
44.0,-54.0,-1087.0
54.0,-162.0,-854.0
1.0,-5.0,-952.0
300.0,60.0,-976.0
-11.0,93.0,-987.0
1.0,-62.0,-966.0
-39.0,35.0,-1141.0
44.0,122.0,-1167.0
11.0,154.0,-1093.0
-122.0,-70.0,-907.0
177.0,-232.0,-833.0
-72.0,-42.0,-1075.0
283.0,66.0,-1011.0
-265.0,119.0,-1067.0
115.0,-5.0,-997.0
-247.0,132.0,-1247.0
119.0,113.0,-1052.0
-251.0,-97.0,-1018.0
40.0,-111.0,-839.0
124.0,-68.0,-1018.0
64.0,154.0,-1040.0
1.0,93.0,-981.0
-195.0,60.0,-1007.0
-167.0,66.0,-1231.0
138.0,163.0,-1089.0
-283.0,48.0,-1087.0
111.0,-244.0,-771.0
42.0,-13.0,-931.0
189.0,56.0,-1124.0
7.0,130.0,-1069.0
-146.0,-3.0,-946.0
-58.0,154.0,-958.0
62.0,126.0,-1223.0
-37.0,-9.0,-1192.0
81.0,-183.0,-886.0
44.0,-140.0,-804.0
286.0,-9.0,-917.0
78.0,201.0,-1136.0
-113.0,70.0,-1042.0
-19.0,44.0,-985.0
-167.0,35.0,-1169.0
193.0,48.0,-1083.0
-33.0,-115.0,-956.0
230.0,-181.0,-810.0
35.0,7.0,-983.0
206.0,126.0,-1095.0
-169.0,-64.0,-1056.0
40.0,9.0,-884.0
-201.0,169.0,-1161.0
185.0,121.0,-1151.0
-56.0,-150.0,-1116.0
60.0,-220.0,-802.0
203.0,-89.0,-843.0
-158.0,175.0,-1128.0
130.0,60.0,-1042.0
-460.0,93.0,-1147.0
87.0,48.0,-981.0
-177.0,183.0,-1235.0
3.0,-5.0,-1022.0
119.0,-279.0,-938.0
-81.0,-29.0,-751.0
400.0,113.0,-1022.0
-413.0,249.0,-1204.0
349.0,-37.0,-997.0
-415.0,85.0,-1067.0
355.0,23.0,-1018.0
-167.0,80.0,-1083.0
111.0,-128.0,-1001.0
95.0,-56.0,-860.0
33.0,-15.0,-1024.0
179.0,25.0,-974.0
-11.0,39.0,-1005.0
-44.0,66.0,-1073.0
-15.0,218.0,-1052.0
-21.0,83.0,-1175.0
-93.0,-169.0,-1022.0
372.0,-249.0,-769.0
-5.0,-50.0,-913.0
288.0,42.0,-929.0
-314.0,339.0,-1042.0
64.0,50.0,-1116.0
-146.0,115.0,-1274.0
19.0,-21.0,-1003.0
130.0,-212.0,-862.0
-48.0,-83.0,-979.0
343.0,-70.0,-894.0
-56.0,195.0,-1067.0
-68.0,-119.0,-1122.0
-132.0,-99.0,-970.0
-58.0,134.0,-1044.0
-238.0,228.0,-1141.0
-5.0,158.0,-1128.0
-191.0,-115.0,-1104.0
324.0,-222.0,-772.0
3.0,33.0,-944.0
1.0,89.0,-970.0
-101.0,214.0,-1194.0
-259.0,140.0,-1208.0
199.0,93.0,-1143.0
-234.0,-66.0,-1056.0
304.0,-257.0,-819.0
-66.0,-35.0,-872.0
335.0,46.0,-1022.0
-259.0,117.0,-1161.0
-68.0,150.0,-1005.0
-238.0,152.0,-1126.0
64.0,87.0,-1130.0
193.0,-58.0,-929.0
-76.0,-138.0,-823.0
292.0,-64.0,-948.0
-60.0,148.0,-1184.0
281.0,-48.0,-911.0
-316.0,-40.0,-952.0
113.0,3.0,-985.0
-9.0,273.0,-1182.0
-87.0,142.0,-1233.0
191.0,-230.0,-929.0
-160.0,-333.0,-841.0
277.0,-128.0,-790.0
-81.0,277.0,-1079.0
48.0,201.0,-1141.0
-197.0,85.0,-1098.0
85.0,23.0,-1059.0
-17.0,81.0,-1065.0
169.0,-191.0,-993.0
-103.0,-124.0,-1044.0
136.0,-83.0,-962.0
19.0,134.0,-964.0
-64.0,-72.0,-964.0
-76.0,80.0,-1073.0
-130.0,294.0,-1210.0
138.0,197.0,-1272.0
-183.0,-113.0,-974.0
126.0,-337.0,-663.0
-111.0,-58.0,-880.0
386.0,204.0,-1190.0
-296.0,259.0,-1190.0
115.0,-93.0,-895.0
-320.0,5.0,-987.0
259.0,142.0,-1114.0
-195.0,245.0,-1122.0
181.0,-242.0,-921.0
-91.0,-179.0,-938.0
325.0,-81.0,-929.0
-52.0,224.0,-1052.0
128.0,68.0,-997.0
-97.0,39.0,-966.0
95.0,11.0,-1003.0
-163.0,76.0,-1206.0
85.0,-33.0,-1040.0
21.0,-111.0,-1020.0
163.0,-146.0,-847.0
269.0,-5.0,-872.0
-134.0,91.0,-1036.0
74.0,218.0,-1040.0
-218.0,257.0,-1333.0
44.0,5.0,-1208.0
80.0,-392.0,-899.0
160.0,-296.0,-726.0
109.0,-19.0,-843.0
103.0,398.0,-1138.0
-244.0,101.0,-1190.0
-19.0,-89.0,-1034.0
-368.0,37.0,-1042.0
249.0,101.0,-981.0
-407.0,113.0,-1190.0
286.0,-89.0,-839.0
-163.0,-40.0,-1003.0
281.0,-70.0,-997.0
-204.0,17.0,-1050.0
29.0,146.0,-1065.0
-259.0,152.0,-1212.0
214.0,119.0,-1009.0
-193.0,46.0,-1104.0
204.0,-298.0,-884.0
48.0,13.0,-974.0
91.0,0.0,-940.0
107.0,1.0,-979.0
-117.0,134.0,-1114.0
195.0,327.0,-1083.0
-144.0,279.0,-1118.0
107.0,-81.0,-944.0
-25.0,-269.0,-966.0
117.0,-197.0,-1011.0
244.0,-48.0,-974.0
25.0,226.0,-977.0
-35.0,0.0,-933.0
-154.0,91.0,-1046.0
-40.0,189.0,-1216.0
-15.0,15.0,-1163.0
60.0,-195.0,-872.0
103.0,-140.0,-841.0
126.0,103.0,-938.0
124.0,42.0,-1009.0
-253.0,-101.0,-989.0
-122.0,-37.0,-1198.0
-99.0,121.0,-1157.0
60.0,281.0,-1081.0
-140.0,-138.0,-921.0
154.0,-306.0,-854.0
-44.0,-42.0,-1044.0
267.0,70.0,-1024.0
-244.0,117.0,-1087.0
-140.0,52.0,-1018.0
-126.0,201.0,-1120.0
115.0,134.0,-1093.0
33.0,-81.0,-1028.0
11.0,-163.0,-841.0
44.0,-58.0,-929.0
80.0,-3.0,-1136.0
-99.0,74.0,-1063.0
-1.0,52.0,-1003.0
-193.0,171.0,-1038.0
203.0,179.0,-1056.0
-37.0,99.0,-1138.0
42.0,-226.0,-995.0
-19.0,-214.0,-831.0
251.0,-3.0,-966.0
46.0,206.0,-1081.0
-58.0,105.0,-925.0
-122.0,72.0,-960.0
66.0,93.0,-1214.0
126.0,44.0,-1110.0
140.0,-130.0,-903.0
37.0,-122.0,-860.0
156.0,-66.0,-913.0
111.0,-7.0,-1001.0
-130.0,-89.0,-1116.0
-9.0,113.0,-1054.0
-97.0,286.0,-1098.0
150.0,89.0,-1093.0
-121.0,-193.0,-995.0
83.0,-175.0,-925.0
-50.0,-58.0,-970.0
140.0,60.0,-1011.0
-152.0,5.0,-1050.0
-48.0,132.0,-1112.0
-179.0,171.0,-1087.0
80.0,117.0,-1032.0
-111.0,-117.0,-1095.0
21.0,-87.0,-936.0
-29.0,-37.0,-958.0
80.0,56.0,-987.0
-56.0,101.0,-1030.0
-126.0,33.0,-1063.0
-33.0,162.0,-1089.0
0.0,218.0,-1155.0
-25.0,-76.0,-987.0
13.0,-218.0,-956.0
-40.0,-109.0,-987.0
271.0,146.0,-919.0
-23.0,117.0,-1007.0
19.0,-29.0,-954.0
-144.0,126.0,-1138.0
85.0,142.0,-1147.0
21.0,40.0,-1100.0
-27.0,-263.0,-886.0
148.0,-121.0,-892.0
185.0,105.0,-917.0
206.0,113.0,-964.0
-46.0,-122.0,-1071.0
-42.0,68.0,-1056.0
-17.0,158.0,-1110.0
89.0,181.0,-1118.0
-52.0,-210.0,-962.0
62.0,-210.0,-894.0
58.0,-42.0,-989.0
201.0,103.0,-1005.0
-150.0,81.0,-1009.0
-7.0,-9.0,-1034.0
-281.0,171.0,-1223.0
52.0,103.0,-1116.0
-163.0,-89.0,-997.0
39.0,-238.0,-815.0
81.0,1.0,-942.0
167.0,122.0,-1104.0
-101.0,-11.0,-1104.0
-169.0,-17.0,-944.0
-126.0,185.0,-1077.0
60.0,253.0,-1198.0
-85.0,9.0,-1102.0
74.0,-300.0,-897.0
-76.0,-103.0,-952.0
306.0,46.0,-948.0
-3.0,173.0,-1052.0
-15.0,11.0,-1022.0
-126.0,204.0,-1057.0
87.0,146.0,-1169.0
37.0,-44.0,-1120.0
136.0,-187.0,-870.0
97.0,-81.0,-772.0
251.0,48.0,-1018.0
23.0,105.0,-1104.0
-7.0,46.0,-1015.0
-162.0,37.0,-1009.0
0.0,81.0,-1052.0
117.0,128.0,-1071.0
-66.0,-99.0,-1071.0
119.0,-179.0,-876.0
-52.0,-66.0,-921.0
179.0,-17.0,-1011.0
-146.0,124.0,-1042.0
29.0,85.0,-1011.0
-210.0,236.0,-1225.0
107.0,25.0,-1075.0
-152.0,-167.0,-1034.0
171.0,-273.0,-854.0
0.0,29.0,-1018.0
177.0,95.0,-987.0
-177.0,35.0,-1085.0
-132.0,17.0,-1048.0
-48.0,126.0,-1149.0
-17.0,165.0,-1091.0
7.0,-146.0,-997.0
-81.0,-35.0,-981.0
17.0,-23.0,-923.0
128.0,13.0,-997.0
-62.0,-11.0,-1026.0
-19.0,81.0,-1038.0
-167.0,290.0,-1149.0
48.0,121.0,-1067.0
-103.0,-25.0,-1044.0
5.0,-257.0,-952.0
175.0,-101.0,-901.0
162.0,136.0,-1048.0
-33.0,68.0,-987.0
-35.0,42.0,-991.0
-197.0,93.0,-1100.0
191.0,124.0,-1120.0
-7.0,39.0,-1114.0
89.0,-257.0,-872.0
13.0,-35.0,-944.0
95.0,50.0,-1015.0
222.0,35.0,-948.0
-218.0,11.0,-997.0
21.0,48.0,-1048.0
-58.0,226.0,-1161.0
39.0,81.0,-1147.0
-19.0,-300.0,-968.0
54.0,-187.0,-897.0
83.0,13.0,-958.0
288.0,160.0,-989.0
-263.0,3.0,-1044.0
-35.0,-19.0,-1065.0
-232.0,171.0,-1095.0
259.0,89.0,-1104.0
-111.0,-81.0,-1081.0
66.0,-212.0,-935.0
-111.0,-64.0,-929.0
113.0,89.0,-983.0
-132.0,46.0,-1069.0
33.0,91.0,-966.0
-142.0,162.0,-1118.0
103.0,109.0,-1069.0
-40.0,-19.0,-1136.0
-60.0,-224.0,-905.0
54.0,-46.0,-935.0
15.0,130.0,-991.0
136.0,152.0,-964.0
-214.0,-48.0,-1028.0
13.0,15.0,-991.0
44.0,150.0,-1218.0
-35.0,197.0,-1116.0
128.0,-117.0,-931.0
-218.0,-119.0,-909.0
314.0,-191.0,-903.0
23.0,89.0,-1015.0
85.0,89.0,-1042.0
-33.0,146.0,-1048.0
-25.0,201.0,-1100.0
72.0,-89.0,-1091.0
-128.0,-93.0,-1018.0
173.0,-156.0,-847.0
91.0,25.0,-907.0
234.0,56.0,-1003.0
-60.0,-15.0,-1018.0
-58.0,64.0,-1087.0
-214.0,80.0,-1139.0
195.0,81.0,-1057.0
-361.0,11.0,-1104.0
240.0,-183.0,-892.0
-210.0,-113.0,-1005.0
355.0,-99.0,-868.0
-195.0,128.0,-1118.0
37.0,89.0,-1057.0
-257.0,281.0,-1114.0
-25.0,152.0,-1097.0
17.0,-130.0,-1034.0
-103.0,-197.0,-1028.0
181.0,-115.0,-892.0
111.0,218.0,-972.0
44.0,9.0,-917.0
-193.0,-7.0,-1081.0
-134.0,81.0,-1159.0
40.0,160.0,-1173.0
9.0,101.0,-983.0
52.0,-195.0,-950.0
42.0,-99.0,-917.0
265.0,-17.0,-1034.0
44.0,52.0,-948.0
9.0,3.0,-987.0
-175.0,193.0,-1087.0
175.0,271.0,-1163.0
13.0,87.0,-1108.0
35.0,-238.0,-884.0
21.0,-259.0,-903.0
195.0,42.0,-1036.0
144.0,140.0,-1015.0
-89.0,109.0,-944.0
-160.0,-70.0,-972.0
48.0,177.0,-1180.0
27.0,160.0,-1202.0
195.0,-68.0,-948.0
-228.0,-234.0,-837.0
244.0,-154.0,-909.0
39.0,101.0,-1054.0
74.0,85.0,-1042.0
-206.0,-5.0,-1011.0
-52.0,83.0,-1054.0
83.0,191.0,-1130.0
-80.0,17.0,-1171.0
33.0,-242.0,-884.0
-113.0,-177.0,-839.0
261.0,-5.0,-1026.0
-21.0,167.0,-1089.0
-15.0,105.0,-985.0
-284.0,48.0,-1018.0
158.0,126.0,-1132.0
-46.0,101.0,-1188.0
33.0,-130.0,-997.0
11.0,-154.0,-808.0
52.0,-48.0,-899.0
128.0,162.0,-1077.0
-128.0,87.0,-1087.0
-54.0,95.0,-1018.0
-111.0,134.0,-1136.0
95.0,66.0,-1098.0
-48.0,-31.0,-1054.0
-58.0,-216.0,-835.0
269.0,-81.0,-831.0
-78.0,95.0,-1077.0
210.0,89.0,-1102.0
-288.0,140.0,-1030.0
314.0,81.0,-892.0
-216.0,54.0,-1188.0
404.0,-54.0,-1110.0
-304.0,-111.0,-976.0
466.0,-181.0,-650.0
-197.0,-40.0,-1059.0
296.0,60.0,-1048.0
-466.0,179.0,-1329.0
224.0,66.0,-815.0
25.0,206.0,-1097.0
-158.0,-117.0,-1159.0
222.0,-208.0,-929.0
-95.0,-138.0,-804.0
417.0,-25.0,-1026.0
-232.0,117.0,-1040.0
185.0,87.0,-1038.0
-464.0,99.0,-1212.0
370.0,78.0,-1018.0
-318.0,134.0,-1087.0
62.0,-179.0,-960.0
-95.0,-191.0,-976.0
300.0,11.0,-913.0
-130.0,130.0,-1091.0
-175.0,130.0,-1003.0
-83.0,9.0,-1116.0
-113.0,238.0,-1184.0
87.0,80.0,-1102.0
15.0,-152.0,-890.0
76.0,-203.0,-890.0
191.0,-50.0,-923.0
222.0,146.0,-1020.0
-271.0,101.0,-1210.0
-58.0,103.0,-974.0
37.0,95.0,-1114.0
-33.0,175.0,-1112.0
214.0,-85.0,-960.0
-181.0,-195.0,-878.0
374.0,-148.0,-935.0
-115.0,150.0,-1093.0
162.0,31.0,-950.0
-222.0,17.0,-999.0
40.0,173.0,-1065.0
187.0,134.0,-1126.0
-162.0,17.0,-1102.0
185.0,-230.0,-815.0
-31.0,-175.0,-868.0
249.0,44.0,-983.0
-197.0,158.0,-1104.0
66.0,42.0,-1032.0
-411.0,17.0,-1143.0
341.0,181.0,-981.0
-222.0,-1.0,-1210.0
195.0,-269.0,-870.0
-46.0,-48.0,-878.0
181.0,-11.0,-958.0
7.0,105.0,-1110.0
-218.0,19.0,-1020.0
-7.0,54.0,-1126.0
-148.0,173.0,-1147.0
179.0,122.0,-1011.0
-95.0,-134.0,-1048.0
83.0,-259.0,-948.0
83.0,52.0,-880.0
54.0,83.0,-1032.0
-232.0,62.0,-1177.0
-115.0,115.0,-985.0
-1.0,208.0,-1130.0
-19.0,0.0,-1116.0
191.0,-140.0,-911.0
-76.0,-87.0,-954.0
257.0,-128.0,-946.0
-35.0,142.0,-931.0
15.0,50.0,-1032.0
-204.0,87.0,-1161.0
163.0,80.0,-999.0
54.0,117.0,-1091.0
-27.0,-21.0,-954.0
111.0,-234.0,-966.0
-80.0,-1.0,-942.0
388.0,-99.0,-987.0
-353.0,142.0,-954.0
411.0,-33.0,-958.0
-454.0,232.0,-1333.0
536.0,74.0,-964.0
-324.0,-11.0,-1081.0
175.0,-312.0,-907.0
27.0,-212.0,-892.0
341.0,265.0,-997.0
-148.0,33.0,-1167.0
-111.0,40.0,-927.0
-320.0,70.0,-1073.0
218.0,140.0,-1180.0
-189.0,50.0,-1171.0
103.0,-169.0,-886.0
-206.0,-105.0,-936.0
325.0,46.0,-874.0
-48.0,148.0,-1069.0
-222.0,85.0,-1091.0
-3.0,25.0,-1001.0
-52.0,269.0,-1204.0
275.0,-9.0,-1063.0
-228.0,-40.0,-936.0
78.0,-218.0,-845.0
179.0,9.0,-1026.0
183.0,87.0,-1087.0
-111.0,37.0,-1097.0
-339.0,78.0,-819.0
404.0,119.0,-878.0
-160.0,218.0,-1503.0
404.0,-189.0,-1059.0
-242.0,-193.0,-782.0
117.0,-162.0,-815.0
253.0,212.0,-970.0
46.0,234.0,-1116.0
-222.0,-103.0,-1095.0
39.0,97.0,-1024.0
89.0,132.0,-1251.0
-91.0,54.0,-1065.0
-33.0,-238.0,-763.0
-56.0,-167.0,-853.0
400.0,101.0,-1011.0
-80.0,121.0,-1104.0
17.0,-62.0,-997.0
-370.0,-56.0,-1173.0
288.0,259.0,-968.0
5.0,130.0,-1139.0
-91.0,-236.0,-942.0
31.0,-318.0,-819.0
83.0,15.0,-1013.0
113.0,187.0,-1124.0
-222.0,152.0,-1149.0
-304.0,1.0,-1048.0
74.0,122.0,-1087.0
-165.0,189.0,-1085.0
5.0,-121.0,-1059.0
-304.0,-292.0,-899.0
402.0,-78.0,-839.0
66.0,249.0,-1046.0
-1.0,245.0,-1106.0
-284.0,70.0,-1071.0
144.0,25.0,-1130.0
230.0,40.0,-1104.0
99.0,-154.0,-921.0
-52.0,-109.0,-833.0
119.0,-40.0,-1009.0
197.0,140.0,-1020.0
-87.0,-29.0,-1106.0
-277.0,-44.0,-927.0
177.0,191.0,-991.0
50.0,314.0,-1227.0
162.0,-39.0,-1100.0
-343.0,-218.0,-856.0
226.0,-302.0,-710.0
351.0,56.0,-983.0
144.0,216.0,-1173.0
-171.0,60.0,-1100.0
-68.0,-58.0,-886.0
72.0,-7.0,-1050.0
-11.0,117.0,-1192.0
-163.0,-66.0,-1208.0
-105.0,-148.0,-895.0
382.0,-138.0,-862.0
58.0,42.0,-895.0
-93.0,271.0,-1095.0
-281.0,150.0,-1153.0
152.0,-21.0,-1231.0
-146.0,-66.0,-1087.0
-23.0,-163.0,-958.0
-113.0,-216.0,-786.0
325.0,-68.0,-864.0
35.0,267.0,-1050.0
-142.0,308.0,-1194.0
-355.0,29.0,-1073.0
95.0,-13.0,-964.0
37.0,109.0,-1116.0
1.0,-46.0,-1079.0
-111.0,19.0,-892.0
222.0,-27.0,-931.0
267.0,9.0,-1052.0
-152.0,-107.0,-1009.0
-146.0,-76.0,-903.0
-40.0,259.0,-1126.0
160.0,185.0,-1303.0
58.0,48.0,-1071.0
-255.0,-255.0,-892.0
218.0,-337.0,-632.0
183.0,138.0,-997.0
-19.0,253.0,-1184.0
-199.0,284.0,-1182.0
-85.0,52.0,-1087.0
95.0,-111.0,-997.0
93.0,13.0,-903.0
-201.0,-140.0,-1079.0
142.0,-80.0,-911.0
288.0,-23.0,-1093.0
21.0,0.0,-985.0
13.0,11.0,-954.0
-275.0,-9.0,-1015.0
238.0,220.0,-1059.0
15.0,152.0,-1126.0
-154.0,-146.0,-1124.0
-25.0,-288.0,-909.0
247.0,-39.0,-952.0
15.0,154.0,-913.0
-160.0,345.0,-964.0
-390.0,91.0,-1235.0
144.0,-46.0,-1220.0
-74.0,35.0,-1221.0
81.0,-214.0,-847.0
64.0,-234.0,-720.0
37.0,52.0,-948.0
329.0,206.0,-1007.0
-427.0,97.0,-1266.0
-3.0,-169.0,-938.0
-29.0,144.0,-1097.0
249.0,201.0,-1052.0
-78.0,132.0,-981.0
-177.0,-87.0,-985.0
126.0,-204.0,-1013.0
267.0,-62.0,-981.0
-124.0,89.0,-977.0
-9.0,169.0,-1163.0
-124.0,193.0,-1204.0
445.0,95.0,-989.0
-121.0,-224.0,-1001.0
-15.0,-271.0,-784.0
25.0,23.0,-964.0
220.0,181.0,-1001.0
162.0,122.0,-979.0
-427.0,107.0,-1200.0
210.0,23.0,-876.0
81.0,277.0,-1114.0
-50.0,-60.0,-1069.0
56.0,-212.0,-958.0
-402.0,-193.0,-974.0
603.0,-189.0,-903.0
-152.0,119.0,-1100.0
83.0,9.0,-964.0
-454.0,203.0,-1112.0
308.0,269.0,-1153.0
-244.0,-103.0,-1284.0
107.0,-70.0,-732.0
-208.0,-255.0,-911.0
437.0,17.0,-856.0
66.0,267.0,-1098.0
-91.0,15.0,-1116.0
-167.0,-37.0,-1169.0
35.0,105.0,-1024.0
46.0,325.0,-1044.0
5.0,-169.0,-933.0
-290.0,-201.0,-1005.0
245.0,-195.0,-1063.0
216.0,154.0,-1057.0
-140.0,144.0,-936.0
-169.0,189.0,-1048.0
-318.0,132.0,-1184.0
534.0,27.0,-1059.0
-407.0,-54.0,-1110.0
435.0,-290.0,-694.0
-214.0,-7.0,-936.0
519.0,78.0,-1018.0
-222.0,95.0,-1073.0
-222.0,138.0,-1003.0
-85.0,142.0,-1081.0
310.0,191.0,-1220.0
37.0,-163.0,-1083.0
109.0,-257.0,-735.0
-158.0,-277.0,-772.0
497.0,-76.0,-892.0
-259.0,378.0,-1288.0
-95.0,189.0,-1346.0
-329.0,-7.0,-970.0
372.0,-150.0,-784.0
-177.0,19.0,-1011.0
197.0,93.0,-1003.0
-374.0,70.0,-1255.0
322.0,-91.0,-1065.0
78.0,-208.0,-938.0
-150.0,-48.0,-815.0
5.0,160.0,-952.0
101.0,396.0,-1259.0
103.0,-44.0,-1260.0
-154.0,-341.0,-1052.0
-160.0,-396.0,-704.0
306.0,124.0,-782.0
-52.0,489.0,-1190.0
97.0,160.0,-1100.0
-466.0,134.0,-1143.0
117.0,-146.0,-958.0
97.0,111.0,-1073.0
-144.0,-136.0,-1102.0
27.0,-189.0,-940.0
-11.0,-9.0,-940.0
339.0,3.0,-938.0
-121.0,197.0,-972.0
1.0,81.0,-1073.0
-179.0,35.0,-1216.0
273.0,167.0,-974.0
-109.0,62.0,-1011.0
-40.0,25.0,-942.0
87.0,-72.0,-1038.0
136.0,-95.0,-921.0
83.0,66.0,-868.0
-195.0,117.0,-1077.0
37.0,163.0,-1301.0
203.0,115.0,-1087.0
-15.0,-101.0,-981.0
81.0,-357.0,-753.0
-124.0,-158.0,-1075.0
271.0,81.0,-974.0
158.0,212.0,-1073.0
-452.0,-23.0,-1102.0
181.0,0.0,-792.0
-138.0,255.0,-1274.0
5.0,-50.0,-1126.0
-66.0,3.0,-925.0
-400.0,-165.0,-1022.0
548.0,-64.0,-940.0
-39.0,33.0,-1102.0
74.0,48.0,-921.0
-322.0,76.0,-999.0
-33.0,284.0,-1180.0
7.0,-33.0,-1280.0
-64.0,-111.0,-1042.0
-101.0,-318.0,-853.0
208.0,-76.0,-800.0
9.0,454.0,-1042.0
99.0,306.0,-1065.0
-329.0,56.0,-1188.0
-97.0,-171.0,-1165.0
85.0,-58.0,-915.0
66.0,148.0,-1059.0
-72.0,-208.0,-909.0
42.0,-23.0,-1038.0
-66.0,-78.0,-921.0
132.0,-39.0,-946.0
-511.0,68.0,-1143.0
66.0,165.0,-1003.0
-259.0,374.0,-1194.0
-87.0,-169.0,-974.0
-119.0,-175.0,-771.0
-388.0,-203.0,-1030.0
-66.0,25.0,-995.0
-320.0,195.0,-1011.0
-560.0,-1.0,-1071.0
-224.0,158.0,-997.0
-349.0,208.0,-1194.0
-245.0,-208.0,-1056.0
-163.0,-175.0,-923.0
-528.0,-81.0,-964.0
121.0,40.0,-892.0
-612.0,201.0,-1251.0
-62.0,-128.0,-909.0
-431.0,242.0,-1087.0
-279.0,111.0,-1114.0
-78.0,83.0,-1134.0
-450.0,-37.0,-1056.0
37.0,-343.0,-884.0
-214.0,29.0,-987.0
5.0,46.0,-1046.0
-165.0,175.0,-1050.0
-308.0,154.0,-1073.0
-27.0,48.0,-1085.0
-245.0,87.0,-1130.0
-9.0,-245.0,-956.0
-154.0,-99.0,-831.0
64.0,17.0,-1040.0
-3.0,214.0,-958.0
25.0,160.0,-995.0
-384.0,-44.0,-1057.0
169.0,56.0,-927.0
-201.0,152.0,-1179.0
74.0,-134.0,-950.0
-11.0,-58.0,-915.0
-150.0,-208.0,-964.0
269.0,0.0,-944.0
-240.0,195.0,-1028.0
44.0,46.0,-952.0
-214.0,234.0,-1038.0
95.0,160.0,-1192.0
-113.0,-144.0,-1102.0
93.0,-216.0,-880.0
-23.0,-197.0,-884.0
199.0,58.0,-925.0
-154.0,154.0,-1130.0
-70.0,27.0,-1042.0
-177.0,60.0,-1063.0
-23.0,1.0,-1143.0
-44.0,13.0,-1130.0
40.0,-95.0,-956.0
-101.0,-66.0,-895.0
216.0,39.0,-979.0
-113.0,60.0,-1145.0
5.0,29.0,-1001.0
-244.0,87.0,-1026.0
13.0,232.0,-1147.0
-93.0,1.0,-1143.0
-1.0,-115.0,-993.0
-60.0,-244.0,-933.0
177.0,44.0,-917.0
-40.0,154.0,-1079.0
103.0,85.0,-958.0
-279.0,122.0,-1100.0
74.0,89.0,-1052.0
-42.0,165.0,-1104.0
54.0,-224.0,-1040.0
62.0,-212.0,-890.0
97.0,83.0,-972.0
66.0,156.0,-968.0
115.0,64.0,-1001.0
-234.0,-11.0,-1044.0
163.0,124.0,-1061.0
-124.0,148.0,-1139.0
167.0,-58.0,-1009.0
-134.0,-206.0,-983.0
113.0,-163.0,-895.0
119.0,87.0,-970.0
27.0,138.0,-1011.0
-87.0,19.0,-1011.0
-97.0,122.0,-1104.0
-7.0,154.0,-1122.0
21.0,-58.0,-1063.0
74.0,-271.0,-938.0
9.0,-171.0,-901.0
226.0,119.0,-948.0
-89.0,146.0,-1079.0
-39.0,25.0,-989.0
-160.0,39.0,-1120.0
13.0,60.0,-1153.0
-74.0,70.0,-1057.0
-33.0,-99.0,-962.0
-66.0,-224.0,-981.0
95.0,5.0,-989.0
-17.0,31.0,-1026.0
-29.0,152.0,-974.0
-132.0,136.0,-1081.0
-80.0,193.0,-1141.0
-70.0,13.0,-1056.0
-11.0,-62.0,-1026.0
-70.0,-203.0,-948.0
234.0,-52.0,-970.0
-111.0,210.0,-1042.0
76.0,76.0,-931.0
-251.0,101.0,-1054.0
27.0,11.0,-1112.0
122.0,163.0,-1085.0
-89.0,-68.0,-1098.0
247.0,-197.0,-810.0
-144.0,23.0,-979.0
384.0,-70.0,-938.0
-163.0,154.0,-1028.0
46.0,42.0,-950.0
-70.0,109.0,-1069.0
130.0,171.0,-1141.0
-33.0,-113.0,-1079.0
81.0,-154.0,-868.0
-21.0,-206.0,-981.0
257.0,97.0,-921.0
-115.0,146.0,-1052.0
-89.0,-5.0,-1026.0
-52.0,85.0,-1071.0
21.0,93.0,-1108.0
60.0,31.0,-1116.0
44.0,-189.0,-989.0
-122.0,-101.0,-913.0
195.0,-3.0,-931.0
-128.0,154.0,-1114.0
156.0,42.0,-936.0
-300.0,130.0,-1073.0
134.0,142.0,-1124.0
-124.0,19.0,-1212.0
-115.0,-126.0,-1011.0
-27.0,-230.0,-903.0
-3.0,31.0,-936.0
85.0,169.0,-1009.0
0.0,140.0,-1003.0
-99.0,72.0,-1114.0
5.0,46.0,-1057.0
44.0,234.0,-1093.0
29.0,-148.0,-1056.0
83.0,-171.0,-862.0
74.0,-27.0,-956.0
158.0,109.0,-989.0
-9.0,72.0,-1024.0
-97.0,33.0,-1016.0
66.0,105.0,-1075.0
66.0,152.0,-1165.0
-58.0,-81.0,-1054.0
93.0,-197.0,-899.0
-97.0,-154.0,-942.0
277.0,111.0,-921.0
-74.0,113.0,-1071.0
0.0,-15.0,-1042.0
-76.0,126.0,-1011.0
109.0,197.0,-1073.0
-27.0,-19.0,-1116.0
-19.0,-212.0,-962.0
-25.0,-210.0,-940.0
177.0,35.0,-935.0
-21.0,163.0,-1046.0
37.0,5.0,-1009.0
-208.0,56.0,-1042.0
124.0,124.0,-1134.0
-146.0,23.0,-1169.0
119.0,-163.0,-977.0
-214.0,-195.0,-870.0
247.0,23.0,-888.0
-197.0,89.0,-1081.0
144.0,80.0,-997.0
-230.0,113.0,-1147.0
175.0,167.0,-1079.0
-218.0,136.0,-1081.0
103.0,-158.0,-981.0
-163.0,-281.0,-938.0
271.0,23.0,-899.0
-25.0,193.0,-1102.0
267.0,74.0,-923.0
-349.0,119.0,-1052.0
195.0,-1.0,-1073.0
-68.0,179.0,-1161.0
76.0,-93.0,-1046.0
0.0,-160.0,-882.0
95.0,-31.0,-944.0
119.0,-1.0,-929.0
72.0,62.0,-1028.0
-121.0,48.0,-1052.0
169.0,152.0,-1042.0
-140.0,244.0,-1157.0
162.0,-115.0,-993.0
-126.0,-163.0,-974.0
83.0,-277.0,-936.0
244.0,121.0,-948.0
-40.0,210.0,-1087.0
-48.0,23.0,-977.0
-95.0,83.0,-1056.0
-40.0,17.0,-1177.0
-15.0,35.0,-1104.0
0.0,-126.0,-976.0
-117.0,-70.0,-905.0
189.0,27.0,-958.0
-140.0,42.0,-1110.0
58.0,-87.0,-931.0
-230.0,163.0,-1089.0
162.0,263.0,-1167.0
-85.0,130.0,-1165.0
-52.0,-224.0,-925.0
-66.0,-222.0,-923.0
107.0,-19.0,-989.0
76.0,171.0,-1018.0
76.0,177.0,-921.0
-158.0,107.0,-1089.0
80.0,78.0,-1143.0
-54.0,95.0,-1163.0
-27.0,-195.0,-987.0
62.0,-107.0,-839.0
19.0,40.0,-976.0
286.0,54.0,-974.0
-99.0,-19.0,-1052.0
52.0,25.0,-1009.0
19.0,185.0,-1063.0
52.0,220.0,-1079.0
64.0,-21.0,-1005.0
-80.0,-230.0,-995.0
160.0,-253.0,-903.0
201.0,68.0,-956.0
78.0,208.0,-1030.0
-101.0,46.0,-985.0
-103.0,89.0,-1075.0
-64.0,54.0,-1196.0
-15.0,-58.0,-1122.0
89.0,-189.0,-835.0
-68.0,-97.0,-931.0
177.0,15.0,-972.0
-89.0,60.0,-1085.0
-119.0,-15.0,-1040.0
-167.0,113.0,-1040.0
21.0,197.0,-1112.0
-298.0,117.0,-1169.0
0.0,-249.0,-907.0
-402.0,-201.0,-989.0
169.0,-35.0,-942.0
-435.0,214.0,-1159.0
-216.0,42.0,-874.0
-532.0,76.0,-1071.0
-460.0,136.0,-1147.0
-329.0,103.0,-1069.0
-804.0,1.0,-1139.0
-355.0,-253.0,-780.0
-673.0,140.0,-977.0
-552.0,48.0,-1003.0
-765.0,37.0,-1018.0
-851.0,46.0,-1095.0
-753.0,128.0,-1056.0
-683.0,312.0,-1120.0
-1130.0,-253.0,-1104.0
-618.0,-267.0,-843.0
-1077.0,-3.0,-1063.0
-509.0,203.0,-890.0
-1180.0,208.0,-1159.0
-1095.0,-277.0,-974.0
-884.0,76.0,-981.0
-1048.0,224.0,-1206.0
-1079.0,7.0,-1167.0
-995.0,-72.0,-946.0
-1186.0,-275.0,-903.0
-696.0,83.0,-810.0
-1227.0,81.0,-1136.0
-1038.0,-56.0,-1069.0
-1196.0,17.0,-1087.0
-1220.0,271.0,-1054.0
-1110.0,50.0,-1057.0
-1307.0,-189.0,-1100.0
-1054.0,-331.0,-876.0
-915.0,142.0,-913.0
-1419.0,140.0,-1087.0
-1097.0,-52.0,-970.0
-1651.0,-15.0,-1155.0
-1057.0,-19.0,-1057.0
-1467.0,253.0,-1018.0
-1385.0,-1.0,-1089.0
-1387.0,-70.0,-927.0
-1147.0,-27.0,-888.0
-1401.0,-68.0,-911.0
-1231.0,66.0,-1046.0
-1618.0,-25.0,-1155.0
-1024.0,214.0,-927.0
-1477.0,345.0,-1071.0
-1329.0,-257.0,-1114.0
-1163.0,-124.0,-1028.0
-1214.0,-173.0,-987.0
-942.0,175.0,-872.0
-1380.0,31.0,-1007.0
-1350.0,46.0,-1104.0
-1354.0,87.0,-1124.0
-1266.0,134.0,-1018.0
-1309.0,187.0,-1165.0
-1216.0,-277.0,-884.0
-960.0,-154.0,-909.0
-1128.0,93.0,-851.0
-1079.0,-220.0,-1056.0
-1549.0,39.0,-1161.0
-1098.0,115.0,-1106.0
-1346.0,407.0,-1089.0
-936.0,37.0,-989.0
-1011.0,-101.0,-1040.0
-983.0,-318.0,-938.0
-585.0,-72.0,-899.0
-944.0,126.0,-1085.0
-593.0,113.0,-935.0
-1024.0,187.0,-1218.0
-218.0,1.0,-1071.0
-605.0,89.0,-1126.0
85.0,-13.0,-903.0
-454.0,-259.0,-1075.0
236.0,56.0,-913.0
-427.0,42.0,-1081.0
101.0,80.0,-1100.0
-482.0,140.0,-1141.0
80.0,99.0,-940.0
-154.0,212.0,-1139.0
-156.0,-177.0,-960.0
-89.0,-126.0,-763.0
-142.0,40.0,-985.0
-31.0,19.0,-1063.0
-158.0,148.0,-1020.0
-33.0,70.0,-737.0
66.0,48.0,-964.0
33.0,66.0,-1192.0
7.0,121.0,-1097.0
-60.0,-306.0,-911.0
-93.0,-31.0,-991.0
288.0,81.0,-1003.0
-52.0,44.0,-1042.0
21.0,277.0,-892.0
-244.0,-91.0,-1182.0
152.0,253.0,-1208.0
-165.0,-230.0,-1003.0
83.0,-119.0,-858.0
66.0,70.0,-987.0
226.0,-58.0,-1042.0
284.0,220.0,-1054.0
298.0,-333.0,-1030.0
220.0,261.0,-997.0
571.0,-68.0,-1104.0
269.0,224.0,-1376.0
486.0,-208.0,-999.0
183.0,-411.0,-956.0
689.0,-29.0,-966.0
445.0,177.0,-1093.0
431.0,454.0,-985.0
271.0,-130.0,-1093.0
52.0,-1.0,-1120.0
501.0,35.0,-1100.0
296.0,40.0,-1026.0
638.0,-296.0,-732.0
521.0,44.0,-919.0
821.0,119.0,-917.0
329.0,128.0,-1171.0
527.0,-144.0,-903.0
421.0,37.0,-1165.0
732.0,107.0,-1100.0
554.0,-42.0,-1026.0
589.0,-140.0,-831.0
388.0,-130.0,-1001.0
749.0,382.0,-897.0
251.0,185.0,-1145.0
390.0,89.0,-966.0
187.0,-62.0,-1042.0
620.0,117.0,-987.0
349.0,-148.0,-1059.0
546.0,-70.0,-786.0
564.0,-337.0,-970.0
708.0,-17.0,-962.0
663.0,331.0,-1026.0
669.0,13.0,-1018.0
329.0,103.0,-1095.0
802.0,-5.0,-1034.0
400.0,-58.0,-1245.0
628.0,21.0,-1075.0
263.0,-177.0,-993.0
700.0,224.0,-989.0
406.0,-35.0,-1151.0
423.0,204.0,-1015.0
158.0,-150.0,-935.0
538.0,56.0,-1165.0
372.0,62.0,-1171.0
450.0,-138.0,-1032.0
423.0,29.0,-813.0
815.0,-19.0,-913.0
646.0,370.0,-1054.0
556.0,-78.0,-1024.0
359.0,-122.0,-972.0
761.0,39.0,-1175.0
591.0,66.0,-1206.0
786.0,122.0,-946.0
454.0,-31.0,-931.0
864.0,128.0,-921.0
681.0,-17.0,-999.0
612.0,68.0,-977.0
288.0,140.0,-1153.0
610.0,-154.0,-1026.0
593.0,175.0,-966.0
675.0,-13.0,-956.0
544.0,13.0,-921.0
646.0,-76.0,-841.0
687.0,66.0,-1001.0
630.0,0.0,-1050.0
556.0,179.0,-925.0
691.0,13.0,-987.0
653.0,99.0,-1165.0
589.0,93.0,-1083.0
583.0,-163.0,-1005.0
651.0,-124.0,-979.0
876.0,-29.0,-989.0
527.0,93.0,-993.0
702.0,81.0,-1018.0
468.0,60.0,-1095.0
812.0,1.0,-1091.0
554.0,-17.0,-1206.0
698.0,-29.0,-1011.0
640.0,-31.0,-938.0
788.0,87.0,-942.0
653.0,-31.0,-1073.0
515.0,-23.0,-983.0
425.0,115.0,-1141.0
612.0,-35.0,-1122.0
517.0,107.0,-1095.0
534.0,11.0,-936.0
365.0,-40.0,-987.0
792.0,-66.0,-946.0
435.0,46.0,-1022.0
593.0,91.0,-936.0
296.0,48.0,-1083.0
696.0,11.0,-1075.0
577.0,74.0,-1034.0
607.0,-1.0,-1034.0
669.0,-124.0,-1015.0
616.0,-162.0,-936.0
769.0,140.0,-892.0
601.0,162.0,-1100.0
651.0,78.0,-997.0
702.0,-29.0,-1040.0
726.0,-27.0,-1077.0
607.0,11.0,-1063.0
646.0,-87.0,-936.0
720.0,-68.0,-895.0
901.0,7.0,-1003.0
534.0,185.0,-1028.0
767.0,-40.0,-849.0
413.0,-60.0,-1071.0
927.0,-81.0,-1054.0
402.0,46.0,-1180.0
765.0,-66.0,-940.0
454.0,-56.0,-974.0
743.0,15.0,-911.0
435.0,42.0,-1057.0
386.0,83.0,-997.0
431.0,-35.0,-1108.0
511.0,64.0,-1083.0
376.0,173.0,-1161.0
413.0,5.0,-964.0
292.0,-138.0,-917.0
417.0,-122.0,-936.0
366.0,171.0,-1077.0
400.0,156.0,-1054.0
238.0,23.0,-1061.0
353.0,-124.0,-993.0
318.0,29.0,-1054.0
275.0,185.0,-1122.0
333.0,-46.0,-1001.0
210.0,-64.0,-956.0
347.0,52.0,-956.0
148.0,169.0,-1056.0
214.0,76.0,-1018.0
136.0,-93.0,-1020.0
286.0,89.0,-1130.0
177.0,40.0,-1136.0
206.0,1.0,-921.0
111.0,-169.0,-819.0
284.0,-31.0,-987.0
150.0,146.0,-1001.0
232.0,148.0,-993.0
72.0,-33.0,-1098.0
238.0,-17.0,-1071.0
31.0,117.0,-1048.0
203.0,-52.0,-1009.0
81.0,-169.0,-921.0
290.0,0.0,-981.0
7.0,117.0,-1061.0
244.0,-29.0,-1030.0
-134.0,-148.0,-1003.0
335.0,-72.0,-1042.0
-48.0,58.0,-1194.0
156.0,-66.0,-999.0
-124.0,-210.0,-964.0
154.0,-253.0,-913.0
132.0,-76.0,-1013.0
132.0,70.0,-1048.0
95.0,-146.0,-1034.0
31.0,-128.0,-1110.0
5.0,-152.0,-1153.0
-35.0,-189.0,-1100.0
-76.0,-355.0,-827.0
206.0,-308.0,-942.0
70.0,-31.0,-1091.0
206.0,-212.0,-1016.0
-169.0,-349.0,-977.0
144.0,-435.0,-1015.0
15.0,-91.0,-1102.0
44.0,-197.0,-1085.0
-7.0,-429.0,-929.0
27.0,-507.0,-897.0
193.0,-359.0,-956.0
83.0,-347.0,-1015.0
58.0,-396.0,-966.0
31.0,-429.0,-1018.0
87.0,-275.0,-1157.0
-17.0,-409.0,-1097.0
-19.0,-579.0,-929.0
50.0,-718.0,-831.0
163.0,-431.0,-921.0
167.0,-275.0,-1067.0
19.0,-581.0,-1009.0
-29.0,-603.0,-974.0
33.0,-679.0,-1097.0
-39.0,-464.0,-1120.0
103.0,-708.0,-933.0
-46.0,-728.0,-862.0
175.0,-605.0,-1042.0
9.0,-581.0,-1042.0
44.0,-610.0,-976.0
-142.0,-679.0,-1018.0
117.0,-489.0,-1138.0
-72.0,-409.0,-1108.0
9.0,-460.0,-970.0
-25.0,-698.0,-894.0
7.0,-720.0,-985.0
99.0,-513.0,-981.0
42.0,-550.0,-1007.0
40.0,-591.0,-979.0
-40.0,-612.0,-1126.0
56.0,-486.0,-1063.0
-7.0,-527.0,-1063.0
-46.0,-716.0,-843.0
156.0,-722.0,-938.0
93.0,-394.0,-1034.0
218.0,-335.0,-1034.0
-101.0,-509.0,-970.0
80.0,-667.0,-972.0
111.0,-423.0,-1138.0
0.0,-288.0,-1108.0
201.0,-523.0,-905.0
-103.0,-507.0,-894.0
286.0,-464.0,-976.0
15.0,-327.0,-1054.0
142.0,-530.0,-1011.0
-35.0,-540.0,-1011.0
105.0,-464.0,-1122.0
9.0,-447.0,-1126.0
-78.0,-661.0,-1013.0
64.0,-798.0,-866.0
46.0,-632.0,-964.0
226.0,-355.0,-1067.0
-50.0,-478.0,-1054.0
37.0,-484.0,-989.0
-183.0,-368.0,-1167.0
60.0,-279.0,-1097.0
-117.0,-244.0,-1063.0
-1.0,-441.0,-856.0
99.0,-400.0,-948.0
19.0,-361.0,-1036.0
128.0,-249.0,-1087.0
-187.0,-324.0,-1071.0
29.0,-409.0,-987.0
-167.0,-325.0,-1077.0
-19.0,-495.0,-1056.0
-17.0,-708.0,-989.0
-111.0,-739.0,-925.0
216.0,-573.0,-917.0
-85.0,-343.0,-1063.0
113.0,-525.0,-977.0
-300.0,-409.0,-1116.0
144.0,-402.0,-1054.0
-236.0,-347.0,-1095.0
206.0,-431.0,-825.0
-83.0,-402.0,-940.0
327.0,-411.0,-933.0
-111.0,-400.0,-1097.0
46.0,-513.0,-972.0
-39.0,-548.0,-1079.0
39.0,-423.0,-1065.0
15.0,-667.0,-1022.0
-72.0,-821.0,-940.0
-9.0,-892.0,-931.0
220.0,-581.0,-974.0
-132.0,-505.0,-1077.0
50.0,-603.0,-915.0
-343.0,-564.0,-987.0
224.0,-435.0,-1073.0
-361.0,-337.0,-1235.0
195.0,-687.0,-870.0
-281.0,-757.0,-925.0
279.0,-661.0,-864.0
-72.0,-624.0,-1057.0
74.0,-749.0,-1040.0
-251.0,-829.0,-1100.0
33.0,-659.0,-958.0
-21.0,-579.0,-1184.0
-50.0,-607.0,-1046.0
66.0,-769.0,-860.0
-169.0,-626.0,-950.0
259.0,-538.0,-1020.0
-117.0,-564.0,-1098.0
9.0,-800.0,-923.0
-142.0,-704.0,-1085.0
-11.0,-581.0,-1032.0
201.0,-569.0,-1044.0
-70.0,-601.0,-913.0
294.0,-821.0,-899.0
-17.0,-681.0,-983.0
181.0,-757.0,-960.0
-103.0,-753.0,-1026.0
121.0,-759.0,-1036.0
42.0,-575.0,-1083.0
163.0,-460.0,-952.0
83.0,-669.0,-1003.0
74.0,-737.0,-915.0
208.0,-505.0,-993.0
-62.0,-427.0,-991.0
193.0,-525.0,-989.0
-242.0,-548.0,-1061.0
279.0,-462.0,-1054.0
-152.0,-294.0,-1169.0
144.0,-511.0,-977.0
-56.0,-519.0,-952.0
142.0,-495.0,-913.0
95.0,-351.0,-1042.0
-46.0,-489.0,-1038.0
-44.0,-550.0,-1118.0
-169.0,-349.0,-1118.0
122.0,-148.0,-1067.0
-103.0,-158.0,-1093.0
21.0,-431.0,-911.0
46.0,-429.0,-960.0
21.0,-195.0,-1046.0
1.0,-87.0,-1030.0
-165.0,-269.0,-1018.0
48.0,-124.0,-1202.0
-132.0,44.0,-1085.0
191.0,80.0,-942.0
-185.0,-37.0,-936.0
296.0,-193.0,-960.0
-101.0,78.0,-1034.0
169.0,-179.0,-1007.0
-173.0,-148.0,-1071.0
64.0,-171.0,-995.0
81.0,197.0,-1136.0
-138.0,109.0,-1061.0
255.0,-167.0,-866.0
-240.0,-105.0,-1003.0
482.0,-121.0,-991.0
-232.0,154.0,-1083.0
236.0,0.0,-872.0
-288.0,124.0,-1034.0
228.0,292.0,-1081.0
-132.0,210.0,-1220.0
87.0,56.0,-892.0
-76.0,-107.0,-860.0
119.0,39.0,-935.0
64.0,78.0,-1155.0
-220.0,13.0,-985.0
-83.0,-76.0,-1083.0
-283.0,23.0,-1177.0
119.0,37.0,-1042.0
-220.0,29.0,-1077.0
-33.0,-175.0,-880.0
11.0,81.0,-956.0
-74.0,255.0,-1032.0
128.0,279.0,-1050.0
-363.0,203.0,-976.0
62.0,171.0,-1052.0
-245.0,144.0,-1157.0
124.0,-5.0,-1007.0
-115.0,-160.0,-905.0
193.0,-7.0,-847.0
46.0,70.0,-1003.0
17.0,117.0,-1056.0
-109.0,-29.0,-1132.0
-128.0,-113.0,-1005.0
91.0,60.0,-1077.0
-101.0,-40.0,-1042.0
195.0,40.0,-892.0
-140.0,66.0,-987.0
357.0,177.0,-935.0
-101.0,138.0,-1079.0
15.0,-52.0,-892.0
33.0,5.0,-1054.0
-31.0,154.0,-1124.0
126.0,52.0,-1112.0
31.0,-105.0,-936.0
80.0,-119.0,-919.0
230.0,91.0,-938.0
91.0,66.0,-1046.0
27.0,1.0,-1034.0
-130.0,95.0,-1118.0
39.0,244.0,-1114.0
-130.0,247.0,-1073.0
0.0,187.0,-907.0
-37.0,130.0,-929.0
206.0,341.0,-977.0
-17.0,382.0,-1056.0
109.0,203.0,-979.0
-257.0,187.0,-1110.0
74.0,263.0,-1108.0
-105.0,402.0,-1212.0
83.0,160.0,-991.0
7.0,300.0,-940.0
140.0,402.0,-1052.0
212.0,466.0,-1036.0
44.0,478.0,-1011.0
-44.0,402.0,-1018.0
-11.0,482.0,-1188.0
-89.0,661.0,-1198.0
-15.0,464.0,-1022.0
-35.0,283.0,-847.0
142.0,357.0,-942.0
242.0,698.0,-1091.0
44.0,628.0,-1083.0
11.0,419.0,-919.0
-156.0,376.0,-1118.0
128.0,415.0,-1155.0
-40.0,564.0,-1122.0
97.0,509.0,-851.0
119.0,509.0,-911.0
244.0,776.0,-1036.0
35.0,839.0,-1087.0
40.0,589.0,-915.0
-197.0,577.0,-958.0
152.0,663.0,-1155.0
-126.0,628.0,-1218.0
142.0,579.0,-876.0
-173.0,511.0,-905.0
255.0,488.0,-946.0
-85.0,614.0,-1114.0
70.0,622.0,-1034.0
-275.0,556.0,-1071.0
-44.0,599.0,-1067.0
-138.0,685.0,-1173.0
74.0,579.0,-1013.0
-107.0,585.0,-876.0
122.0,661.0,-915.0
-74.0,755.0,-1091.0
-7.0,622.0,-1057.0
-283.0,544.0,-1044.0
-37.0,603.0,-1083.0
-81.0,651.0,-1143.0
-29.0,581.0,-1015.0
-44.0,464.0,-944.0
9.0,505.0,-944.0
111.0,593.0,-1009.0
-25.0,550.0,-1093.0
-99.0,445.0,-993.0
-44.0,603.0,-1005.0
-111.0,663.0,-1173.0
93.0,443.0,-1040.0
-42.0,411.0,-983.0
179.0,480.0,-890.0
111.0,732.0,-964.0
54.0,491.0,-989.0
-39.0,448.0,-1098.0
-58.0,437.0,-1056.0
87.0,566.0,-1145.0
-15.0,450.0,-1050.0
158.0,470.0,-913.0
-76.0,569.0,-933.0
302.0,556.0,-997.0
-126.0,507.0,-1098.0
111.0,240.0,-974.0
-232.0,365.0,-1132.0
50.0,568.0,-1087.0
-99.0,599.0,-1118.0
9.0,466.0,-1013.0
-62.0,320.0,-935.0
226.0,554.0,-907.0
-97.0,513.0,-1077.0
122.0,349.0,-976.0
-402.0,341.0,-1114.0
255.0,489.0,-1136.0
-212.0,650.0,-1177.0
380.0,366.0,-876.0
-169.0,460.0,-966.0
460.0,573.0,-958.0
-58.0,732.0,-1095.0
275.0,462.0,-1020.0
-119.0,368.0,-1083.0
411.0,499.0,-1040.0
95.0,798.0,-1223.0
415.0,462.0,-958.0
236.0,409.0,-954.0
489.0,423.0,-938.0
528.0,722.0,-1139.0
308.0,544.0,-1034.0
409.0,460.0,-958.0
386.0,501.0,-1095.0
593.0,669.0,-1136.0
601.0,552.0,-1124.0
558.0,474.0,-919.0
737.0,478.0,-872.0
536.0,792.0,-1071.0
747.0,640.0,-1011.0
489.0,581.0,-968.0
784.0,495.0,-1042.0
692.0,575.0,-1212.0
772.0,665.0,-1124.0
622.0,382.0,-991.0
757.0,351.0,-854.0
808.0,548.0,-1026.0
778.0,769.0,-1011.0
786.0,685.0,-1089.0
587.0,427.0,-987.0
749.0,534.0,-1141.0
571.0,536.0,-1124.0
655.0,519.0,-1077.0
472.0,439.0,-868.0
544.0,489.0,-956.0
523.0,503.0,-1013.0
255.0,544.0,-1071.0
353.0,443.0,-1003.0
74.0,411.0,-1120.0
353.0,509.0,-1063.0
-76.0,495.0,-1122.0
263.0,238.0,-876.0
-64.0,181.0,-942.0
306.0,361.0,-927.0
15.0,591.0,-1145.0
101.0,431.0,-1018.0
-44.0,158.0,-1147.0
81.0,204.0,-1026.0
107.0,279.0,-1157.0
-7.0,251.0,-954.0
240.0,150.0,-884.0
15.0,245.0,-1015.0
275.0,312.0,-1128.0
-15.0,210.0,-1077.0
126.0,126.0,-964.0
111.0,181.0,-1081.0
74.0,175.0,-1136.0
236.0,87.0,-1005.0
-7.0,-39.0,-866.0
474.0,-60.0,-894.0
54.0,177.0,-1056.0
357.0,91.0,-1020.0
-119.0,21.0,-1091.0
249.0,-1.0,-1071.0
-56.0,39.0,-1128.0
204.0,0.0,-972.0
74.0,93.0,-921.0
181.0,72.0,-874.0
138.0,76.0,-1065.0
-60.0,-5.0,-1007.0
13.0,-31.0,-1056.0
-177.0,97.0,-1056.0
46.0,103.0,-1067.0
-124.0,103.0,-983.0
-42.0,-154.0,-907.0
93.0,-29.0,-899.0
-33.0,97.0,-993.0
13.0,81.0,-1005.0
-273.0,91.0,-1001.0
-11.0,99.0,-1098.0
-265.0,238.0,-1206.0
-121.0,105.0,-999.0
-290.0,-3.0,-876.0
-126.0,42.0,-956.0
-93.0,113.0,-1018.0
-474.0,160.0,-1011.0
-441.0,-68.0,-1036.0
-735.0,76.0,-1087.0
-257.0,177.0,-1116.0
-921.0,150.0,-1110.0
-437.0,-70.0,-815.0
-854.0,52.0,-952.0
-296.0,259.0,-1069.0
-724.0,298.0,-1149.0
-854.0,-17.0,-892.0
-817.0,140.0,-1013.0
-710.0,284.0,-1260.0
-493.0,368.0,-1151.0
-788.0,115.0,-952.0
-609.0,-150.0,-950.0
-458.0,126.0,-983.0
-439.0,413.0,-1188.0
-497.0,269.0,-1054.0
-622.0,132.0,-1061.0
-462.0,265.0,-1061.0
-290.0,365.0,-1243.0
-370.0,119.0,-1059.0
-341.0,5.0,-890.0
-249.0,244.0,-991.0
-232.0,380.0,-1083.0
-259.0,337.0,-1036.0
-536.0,140.0,-1018.0
-148.0,218.0,-1020.0
-343.0,404.0,-1095.0
-128.0,292.0,-1089.0
-277.0,154.0,-927.0
-152.0,89.0,-876.0
-126.0,255.0,-935.0
-111.0,269.0,-1056.0
-244.0,271.0,-983.0
-195.0,314.0,-1026.0
-230.0,324.0,-1067.0
-122.0,89.0,-1024.0
-240.0,140.0,-976.0
-60.0,-1.0,-880.0
0.0,345.0,-983.0
-201.0,204.0,-1003.0
-81.0,130.0,-919.0
-359.0,44.0,-1063.0
-48.0,224.0,-1126.0
-214.0,218.0,-1087.0
13.0,52.0,-903.0
-89.0,72.0,-938.0
76.0,101.0,-938.0
23.0,46.0,-1007.0
-189.0,46.0,-1044.0
-109.0,101.0,-1139.0
-199.0,181.0,-1167.0
-68.0,121.0,-1044.0
-189.0,-80.0,-1034.0
-37.0,-204.0,-956.0
46.0,-17.0,-1005.0
-39.0,169.0,-1063.0
-105.0,64.0,-1044.0
-331.0,13.0,-1026.0
-97.0,19.0,-1093.0
-162.0,27.0,-1149.0
29.0,-15.0,-1028.0
-124.0,-107.0,-935.0
42.0,-58.0,-958.0
74.0,40.0,-1003.0
-113.0,80.0,-1110.0
-7.0,-78.0,-979.0
-199.0,35.0,-1130.0
122.0,62.0,-1097.0
-117.0,-7.0,-1095.0
89.0,-144.0,-827.0
21.0,-66.0,-970.0
228.0,-3.0,-1009.0
3.0,-3.0,-1015.0
-7.0,9.0,-892.0
-130.0,1.0,-1089.0
169.0,33.0,-1075.0
-58.0,44.0,-1057.0
206.0,-148.0,-897.0
-33.0,-138.0,-972.0
247.0,-58.0,-944.0
-89.0,89.0,-1087.0
44.0,-29.0,-993.0
-199.0,-54.0,-1083.0
81.0,44.0,-1065.0
-17.0,5.0,-1116.0
60.0,-105.0,-997.0
1.0,-93.0,-927.0
119.0,25.0,-1016.0
-7.0,42.0,-1100.0
-72.0,48.0,-1001.0
-189.0,-85.0,-993.0
50.0,83.0,-1071.0
-21.0,62.0,-1218.0
-1.0,-54.0,-1083.0
-134.0,-130.0,-849.0
105.0,48.0,-921.0
1.0,148.0,-1097.0
39.0,46.0,-1034.0
-257.0,33.0,-995.0
40.0,132.0,-1018.0
-48.0,214.0,-1171.0
42.0,50.0,-1071.0
-37.0,-58.0,-882.0
-23.0,-7.0,-882.0
111.0,160.0,-1013.0
-31.0,208.0,-1108.0
-44.0,33.0,-1005.0
-136.0,130.0,-981.0
107.0,222.0,-1024.0
5.0,175.0,-1114.0
42.0,-23.0,-976.0
-66.0,29.0,-946.0
46.0,54.0,-897.0
35.0,195.0,-1001.0
1.0,177.0,-1067.0
-25.0,171.0,-1052.0
-107.0,244.0,-1024.0
54.0,158.0,-1038.0
-39.0,31.0,-1073.0
13.0,-103.0,-940.0
156.0,187.0,-915.0
-48.0,245.0,-1015.0
132.0,124.0,-1003.0
-275.0,54.0,-1091.0
216.0,199.0,-1071.0
-279.0,185.0,-1186.0
130.0,7.0,-897.0
-183.0,17.0,-1042.0
140.0,105.0,-929.0
-25.0,136.0,-1059.0
-50.0,107.0,-997.0
-117.0,64.0,-1052.0
-7.0,283.0,-1052.0
-31.0,271.0,-1184.0
-46.0,-54.0,-1011.0
-126.0,-203.0,-888.0
111.0,23.0,-976.0
128.0,206.0,-1048.0
37.0,70.0,-1024.0
-119.0,11.0,-983.0
-31.0,50.0,-1106.0
21.0,169.0,-1097.0
29.0,25.0,-1120.0
-42.0,-154.0,-917.0
76.0,-142.0,-860.0
140.0,117.0,-1044.0
70.0,95.0,-1098.0
13.0,0.0,-962.0
-156.0,-60.0,-1020.0
132.0,64.0,-1057.0
-48.0,66.0,-1097.0
109.0,-191.0,-981.0
-44.0,-111.0,-936.0
140.0,-48.0,-913.0
81.0,81.0,-1040.0
-5.0,-56.0,-970.0
-113.0,-81.0,-1038.0
-11.0,11.0,-1161.0
-44.0,46.0,-1167.0
-3.0,-117.0,-929.0
-39.0,-220.0,-905.0
117.0,-173.0,-958.0
58.0,23.0,-1036.0
-62.0,-35.0,-1061.0
-70.0,-21.0,-1040.0
-29.0,60.0,-1095.0
-9.0,-35.0,-1069.0
-17.0,-130.0,-1057.0
-93.0,-175.0,-917.0
140.0,-39.0,-958.0
42.0,46.0,-1106.0
29.0,-56.0,-983.0
-72.0,-46.0,-1003.0
-42.0,62.0,-1083.0
119.0,83.0,-1097.0
-111.0,42.0,-1095.0
76.0,-165.0,-966.0
-35.0,-83.0,-880.0
181.0,-29.0,-974.0
19.0,17.0,-1102.0
40.0,66.0,-1048.0
-115.0,29.0,-950.0
150.0,165.0,-1136.0
-111.0,-83.0,-1087.0
160.0,-165.0,-938.0
-142.0,-48.0,-958.0
423.0,62.0,-940.0
-132.0,152.0,-1003.0
177.0,-76.0,-974.0
-263.0,-7.0,-1087.0
214.0,185.0,-1057.0
-216.0,115.0,-1190.0
165.0,-140.0,-899.0
-191.0,19.0,-938.0
271.0,39.0,-954.0
-29.0,76.0,-1110.0
33.0,3.0,-968.0
-165.0,72.0,-1057.0
21.0,284.0,-1122.0
-97.0,119.0,-1098.0
15.0,-15.0,-1018.0
-183.0,-162.0,-964.0
214.0,62.0,-946.0
-113.0,257.0,-1059.0
140.0,126.0,-979.0
-304.0,56.0,-1048.0
52.0,150.0,-1087.0
-171.0,253.0,-1147.0
185.0,33.0,-968.0
-208.0,-33.0,-958.0
242.0,31.0,-892.0
-17.0,220.0,-1079.0
169.0,144.0,-1040.0
-154.0,76.0,-1026.0
33.0,44.0,-962.0
-42.0,267.0,-1153.0
74.0,93.0,-1118.0
0.0,-81.0,-929.0
35.0,-42.0,-913.0
163.0,150.0,-989.0
64.0,206.0,-983.0
-31.0,-33.0,-940.0
-15.0,54.0,-1093.0
-13.0,189.0,-1145.0
138.0,134.0,-1059.0
-66.0,-64.0,-931.0
89.0,-169.0,-831.0
91.0,23.0,-1034.0
48.0,152.0,-1079.0
-3.0,70.0,-1038.0
-158.0,-15.0,-1036.0
-37.0,17.0,-1124.0
-50.0,85.0,-1038.0
46.0,-42.0,-995.0
-72.0,-165.0,-946.0
54.0,-48.0,-1048.0
-7.0,40.0,-1011.0
56.0,31.0,-995.0
-152.0,-70.0,-974.0
29.0,37.0,-1145.0
-107.0,107.0,-1153.0
3.0,25.0,-1050.0
-132.0,-171.0,-899.0
95.0,-218.0,-925.0
66.0,95.0,-1026.0
119.0,58.0,-1061.0
-111.0,33.0,-964.0
-17.0,-19.0,-1108.0
-7.0,-1.0,-1153.0
33.0,-62.0,-995.0
33.0,-95.0,-876.0
113.0,-54.0,-960.0
197.0,-7.0,-1003.0
62.0,-42.0,-1050.0
7.0,-93.0,-954.0
13.0,17.0,-1018.0
37.0,130.0,-1157.0
-44.0,-58.0,-1153.0
-35.0,-140.0,-895.0
66.0,-185.0,-868.0
210.0,-66.0,-1001.0
58.0,-48.0,-1057.0
27.0,3.0,-1044.0
-154.0,76.0,-1011.0
40.0,97.0,-1091.0
-52.0,-54.0,-1116.0
-7.0,-230.0,-1022.0
-1.0,-101.0,-843.0
107.0,40.0,-968.0
148.0,19.0,-1141.0
-109.0,5.0,-1011.0
-119.0,-25.0,-968.0
-146.0,165.0,-1147.0
-29.0,0.0,-1188.0
-27.0,-29.0,-960.0
-70.0,-64.0,-952.0
163.0,-62.0,-901.0
66.0,128.0,-1042.0
29.0,-46.0,-1095.0
-177.0,115.0,-1032.0
-91.0,214.0,-1085.0
-58.0,177.0,-1136.0
68.0,-44.0,-1001.0
-60.0,-173.0,-950.0
216.0,27.0,-952.0
54.0,169.0,-1056.0
80.0,134.0,-974.0
-103.0,72.0,-1057.0
-91.0,58.0,-1073.0
56.0,208.0,-1013.0
66.0,0.0,-1108.0
81.0,-115.0,-960.0
93.0,1.0,-903.0
83.0,212.0,-948.0
167.0,85.0,-1057.0
-187.0,25.0,-1032.0
17.0,-1.0,-1009.0
-101.0,220.0,-1087.0
66.0,160.0,-1071.0
52.0,-37.0,-1020.0
-46.0,-76.0,-950.0
206.0,-66.0,-944.0
-58.0,179.0,-1032.0
83.0,56.0,-964.0
-283.0,154.0,-1083.0
42.0,193.0,-1139.0
-165.0,31.0,-1179.0
62.0,-89.0,-909.0
-113.0,-111.0,-919.0
204.0,105.0,-976.0
-76.0,167.0,-1067.0
5.0,52.0,-979.0
-150.0,-9.0,-1100.0
-152.0,83.0,-1126.0
66.0,163.0,-1013.0
-76.0,15.0,-1044.0
95.0,-162.0,-862.0
83.0,31.0,-1032.0
46.0,25.0,-1069.0
72.0,91.0,-997.0
-249.0,5.0,-995.0
109.0,58.0,-1024.0
-78.0,249.0,-1182.0
37.0,-37.0,-1083.0
37.0,-142.0,-923.0
-60.0,-156.0,-913.0
347.0,42.0,-933.0
-11.0,140.0,-1093.0
87.0,-40.0,-979.0
-203.0,21.0,-1079.0
109.0,91.0,-1122.0
-27.0,-33.0,-1079.0
140.0,-191.0,-884.0
-11.0,-152.0,-905.0
302.0,80.0,-981.0
-74.0,60.0,-1106.0
83.0,-117.0,-927.0
-173.0,-52.0,-1091.0
-23.0,74.0,-1087.0
35.0,56.0,-1085.0
-72.0,-76.0,-1048.0
-5.0,-265.0,-917.0
152.0,-74.0,-952.0
-39.0,-23.0,-1018.0
95.0,-17.0,-1059.0
-294.0,40.0,-1081.0
29.0,91.0,-1122.0
-214.0,80.0,-1114.0
138.0,-197.0,-942.0
-107.0,-220.0,-925.0
167.0,25.0,-983.0
48.0,95.0,-1063.0
33.0,80.0,-1036.0
-206.0,-83.0,-991.0
40.0,48.0,-1032.0
-89.0,132.0,-1220.0
95.0,-107.0,-1015.0
-50.0,-66.0,-940.0
85.0,-128.0,-952.0
204.0,158.0,-960.0
0.0,13.0,-1071.0
1.0,-31.0,-962.0
-140.0,128.0,-1139.0
9.0,124.0,-1081.0
95.0,56.0,-1054.0
-25.0,-152.0,-921.0
162.0,-148.0,-923.0
140.0,93.0,-1015.0
46.0,109.0,-1071.0
-25.0,76.0,-970.0
-199.0,60.0,-1011.0
132.0,72.0,-1071.0
-109.0,81.0,-1141.0
210.0,-103.0,-948.0
-126.0,-52.0,-942.0
208.0,46.0,-966.0
-80.0,103.0,-1067.0
54.0,-17.0,-1009.0
-320.0,78.0,-1052.0
78.0,126.0,-1081.0
-93.0,165.0,-1145.0
-1.0,-39.0,-1018.0
29.0,-66.0,-907.0
-3.0,-29.0,-993.0
107.0,95.0,-1059.0
-109.0,148.0,-1042.0
-130.0,72.0,-991.0
-89.0,160.0,-1075.0
31.0,136.0,-1157.0
42.0,-37.0,-1079.0
-70.0,-54.0,-929.0
132.0,-3.0,-907.0
-25.0,154.0,-1020.0
54.0,87.0,-1075.0
-167.0,25.0,-1007.0
68.0,89.0,-1034.0
-31.0,177.0,-1114.0
171.0,70.0,-1052.0
-52.0,-103.0,-958.0
29.0,-95.0,-853.0
222.0,58.0,-1052.0
-5.0,105.0,-1077.0
158.0,23.0,-913.0
-288.0,70.0,-1071.0
288.0,107.0,-1013.0
-66.0,66.0,-1097.0
177.0,-117.0,-1007.0
19.0,-177.0,-940.0
66.0,42.0,-942.0
17.0,17.0,-1034.0
-37.0,52.0,-1018.0
-87.0,31.0,-1063.0
3.0,70.0,-1071.0
25.0,68.0,-1098.0
-7.0,-228.0,-1003.0
-89.0,-95.0,-964.0
54.0,-48.0,-956.0
7.0,66.0,-1059.0
3.0,42.0,-1007.0
-142.0,-46.0,-1042.0
80.0,52.0,-1015.0
-158.0,19.0,-1196.0
99.0,-78.0,-989.0
-214.0,-101.0,-983.0
156.0,5.0,-944.0
-31.0,99.0,-1036.0
83.0,-80.0,-925.0
-167.0,-50.0,-1044.0
156.0,97.0,-1050.0
13.0,210.0,-1194.0
39.0,-31.0,-1001.0
-7.0,-160.0,-952.0
226.0,62.0,-981.0
-23.0,93.0,-1038.0
117.0,-7.0,-974.0
-130.0,39.0,-1089.0
162.0,124.0,-1071.0
-52.0,-80.0,-1139.0
0.0,-171.0,-876.0
39.0,-89.0,-901.0
85.0,138.0,-1026.0
136.0,25.0,-1026.0
-58.0,-62.0,-1018.0
0.0,-117.0,-950.0
52.0,150.0,-1081.0
-29.0,212.0,-1169.0
23.0,-144.0,-1067.0
-193.0,-162.0,-897.0
117.0,-163.0,-909.0
46.0,117.0,-1034.0
134.0,105.0,-993.0
-187.0,50.0,-1063.0
15.0,140.0,-1151.0
-187.0,11.0,-1165.0
48.0,-58.0,-964.0
-175.0,-156.0,-915.0
185.0,9.0,-944.0
-15.0,165.0,-1028.0
111.0,48.0,-1054.0
-177.0,19.0,-1056.0
23.0,111.0,-1005.0
-52.0,150.0,-1110.0
-21.0,29.0,-1089.0
-40.0,-109.0,-987.0
-25.0,-9.0,-948.0
152.0,76.0,-979.0
-25.0,148.0,-1036.0
87.0,37.0,-1007.0
-62.0,83.0,-1005.0
76.0,234.0,-1132.0
-113.0,25.0,-1204.0
-40.0,-87.0,-903.0
-1.0,-165.0,-882.0
240.0,117.0,-956.0
160.0,107.0,-1034.0
27.0,74.0,-936.0
-66.0,68.0,-1083.0
40.0,101.0,-1165.0
-64.0,76.0,-1108.0
29.0,-185.0,-929.0
-13.0,-50.0,-862.0
181.0,78.0,-946.0
85.0,119.0,-1093.0
48.0,-64.0,-1067.0
-199.0,-83.0,-1026.0
74.0,183.0,-1026.0
-121.0,150.0,-1163.0
21.0,-52.0,-1030.0
-140.0,-81.0,-981.0
103.0,-152.0,-966.0
-19.0,31.0,-989.0
74.0,83.0,-1034.0
-136.0,121.0,-1036.0
40.0,146.0,-1073.0
-177.0,50.0,-1202.0
54.0,-76.0,-1018.0
-197.0,-177.0,-888.0
210.0,0.0,-888.0
48.0,126.0,-1159.0
103.0,113.0,-981.0
-93.0,-42.0,-985.0
-17.0,27.0,-1036.0
33.0,146.0,-1139.0
-97.0,13.0,-1089.0
74.0,-146.0,-929.0
-11.0,-99.0,-942.0
238.0,66.0,-960.0
144.0,19.0,-1048.0
-70.0,-37.0,-954.0
29.0,111.0,-1018.0
-39.0,181.0,-1175.0
95.0,17.0,-1093.0
-97.0,-210.0,-964.0
138.0,-156.0,-835.0
162.0,-37.0,-938.0
107.0,160.0,-1077.0
21.0,48.0,-1116.0
-148.0,-9.0,-989.0
-7.0,66.0,-1018.0
-9.0,0.0,-1104.0
89.0,-105.0,-1048.0
-142.0,-144.0,-874.0
263.0,1.0,-966.0
-105.0,58.0,-1116.0
99.0,-15.0,-991.0
-244.0,23.0,-1042.0
64.0,25.0,-1046.0
-122.0,124.0,-1138.0
87.0,-72.0,-1030.0
72.0,-113.0,-968.0
191.0,0.0,-942.0
177.0,17.0,-1028.0
171.0,78.0,-954.0
29.0,7.0,-1042.0
378.0,185.0,-1151.0
185.0,83.0,-1163.0
431.0,-13.0,-983.0
158.0,-163.0,-954.0
632.0,-25.0,-952.0
386.0,156.0,-1040.0
503.0,35.0,-1052.0
263.0,58.0,-985.0
406.0,46.0,-1130.0
470.0,167.0,-1073.0
507.0,0.0,-1036.0
324.0,-113.0,-901.0
468.0,-105.0,-970.0
562.0,21.0,-976.0
320.0,134.0,-989.0
234.0,95.0,-966.0
56.0,-19.0,-1020.0
357.0,62.0,-1042.0
60.0,181.0,-1097.0
288.0,-130.0,-954.0
-64.0,-103.0,-946.0
238.0,0.0,-944.0
46.0,122.0,-1003.0
17.0,31.0,-979.0
-181.0,5.0,-1087.0
35.0,89.0,-1087.0
-7.0,105.0,-1149.0
-48.0,-37.0,-1003.0
-80.0,-87.0,-995.0
-3.0,-54.0,-966.0
17.0,175.0,-1093.0
-25.0,87.0,-1046.0
-138.0,1.0,-1046.0
40.0,3.0,-1083.0
-56.0,89.0,-1190.0
175.0,-5.0,-1069.0
-140.0,-52.0,-962.0
318.0,-35.0,-938.0
-44.0,58.0,-1032.0
281.0,72.0,-1015.0
-142.0,-7.0,-1075.0
163.0,31.0,-1034.0
17.0,144.0,-1089.0
216.0,-5.0,-1071.0
3.0,-99.0,-915.0
167.0,-156.0,-849.0
169.0,152.0,-1056.0
160.0,29.0,-1015.0
-9.0,52.0,-954.0
-15.0,-93.0,-942.0
171.0,95.0,-1114.0
3.0,95.0,-1036.0
122.0,-76.0,-1015.0
-169.0,-91.0,-892.0
193.0,-156.0,-817.0
-27.0,193.0,-1071.0
140.0,-7.0,-1071.0
-214.0,50.0,-966.0
13.0,5.0,-999.0
-1.0,17.0,-1108.0
-35.0,-5.0,-1046.0
21.0,-162.0,-935.0
68.0,3.0,-970.0
-9.0,25.0,-974.0
27.0,39.0,-1024.0
-214.0,-19.0,-1106.0
80.0,56.0,-1114.0
-169.0,5.0,-1145.0
140.0,-29.0,-1020.0
-189.0,-46.0,-979.0
183.0,-60.0,-927.0
-29.0,46.0,-1081.0
52.0,68.0,-1036.0
-109.0,15.0,-1040.0
31.0,142.0,-1104.0
-37.0,54.0,-1098.0
-23.0,-39.0,-1013.0
3.0,-167.0,-987.0
111.0,-11.0,-970.0
142.0,183.0,-974.0
33.0,-29.0,-979.0
-72.0,21.0,-989.0
-33.0,5.0,-1065.0
185.0,212.0,-1136.0
23.0,7.0,-1077.0
78.0,-124.0,-845.0
-13.0,-85.0,-927.0
218.0,72.0,-993.0
54.0,158.0,-1085.0
27.0,-9.0,-968.0
-62.0,60.0,-1013.0
128.0,62.0,-1059.0
11.0,101.0,-1159.0
66.0,-140.0,-935.0
-126.0,-117.0,-935.0
269.0,37.0,-956.0
7.0,208.0,-1091.0
72.0,-31.0,-938.0
-163.0,-54.0,-1063.0
93.0,107.0,-1132.0
5.0,158.0,-1151.0
42.0,7.0,-979.0
-105.0,-121.0,-929.0
58.0,-40.0,-999.0
-7.0,40.0,-1100.0
31.0,111.0,-1026.0
-126.0,54.0,-1046.0
13.0,50.0,-1063.0
0.0,128.0,-1177.0
-80.0,-40.0,-1063.0
17.0,-113.0,-884.0
1.0,-17.0,-952.0
206.0,107.0,-997.0
19.0,148.0,-1067.0
-83.0,-17.0,-1028.0
-5.0,-15.0,-1026.0
52.0,154.0,-1106.0
-103.0,40.0,-1163.0
56.0,-138.0,-870.0
-134.0,-105.0,-913.0
298.0,-31.0,-911.0
1.0,134.0,-1112.0
15.0,44.0,-985.0
-66.0,15.0,-995.0
13.0,109.0,-1134.0
-27.0,-11.0,-1132.0
60.0,-87.0,-964.0
-11.0,-175.0,-819.0
308.0,-35.0,-864.0
-52.0,160.0,-1132.0
95.0,7.0,-1097.0
-269.0,74.0,-1052.0
9.0,7.0,-1079.0
-85.0,27.0,-1095.0
44.0,-25.0,-952.0
-1.0,-113.0,-960.0
144.0,-83.0,-958.0
13.0,-46.0,-1011.0
-48.0,132.0,-1057.0
-136.0,50.0,-1139.0
-89.0,175.0,-1018.0
-83.0,48.0,-1061.0
21.0,-154.0,-1085.0
-21.0,-115.0,-997.0
283.0,-39.0,-839.0
-97.0,134.0,-999.0
124.0,40.0,-1001.0
-474.0,109.0,-1163.0
167.0,37.0,-1056.0
-236.0,132.0,-1098.0
288.0,-95.0,-981.0
-152.0,-87.0,-1024.0
249.0,-35.0,-901.0
21.0,78.0,-989.0
62.0,42.0,-1001.0
-148.0,19.0,-1069.0
-5.0,81.0,-1073.0
39.0,173.0,-1190.0
83.0,-21.0,-1018.0
121.0,-154.0,-888.0
89.0,-93.0,-921.0
281.0,83.0,-999.0
-126.0,68.0,-1026.0
17.0,-17.0,-981.0
-193.0,58.0,-1138.0
208.0,158.0,-1009.0
15.0,208.0,-1122.0
54.0,-226.0,-917.0
-44.0,-183.0,-917.0
66.0,-68.0,-1018.0
33.0,156.0,-1061.0
-121.0,109.0,-1005.0
-156.0,-17.0,-1015.0
21.0,66.0,-1097.0
-9.0,117.0,-1132.0
21.0,-42.0,-1069.0
-173.0,-189.0,-923.0
99.0,-35.0,-966.0
-35.0,234.0,-1018.0
97.0,89.0,-970.0
-216.0,-58.0,-970.0
44.0,-31.0,-1198.0
-42.0,238.0,-1202.0
56.0,111.0,-1063.0
-9.0,-134.0,-812.0
48.0,-146.0,-936.0
80.0,-3.0,-1007.0
33.0,152.0,-1036.0
-83.0,105.0,-1038.0
-13.0,95.0,-1104.0
107.0,132.0,-1108.0
-91.0,58.0,-1083.0
85.0,-167.0,-841.0
9.0,-169.0,-907.0
245.0,-78.0,-1011.0
23.0,154.0,-1046.0
35.0,105.0,-899.0
-121.0,66.0,-1085.0
74.0,62.0,-1054.0
150.0,72.0,-1110.0
-111.0,-74.0,-1001.0
228.0,-286.0,-755.0
-27.0,5.0,-936.0
244.0,81.0,-1116.0
-148.0,103.0,-1089.0
31.0,15.0,-831.0
-148.0,91.0,-1095.0
-33.0,3.0,-1163.0
-17.0,-109.0,-1223.0
15.0,-140.0,-831.0
201.0,-35.0,-888.0
-95.0,27.0,-952.0
236.0,113.0,-1056.0
-542.0,44.0,-1184.0
306.0,142.0,-1020.0
-409.0,76.0,-1255.0
230.0,-78.0,-966.0
-132.0,-142.0,-921.0
234.0,-13.0,-722.0
60.0,93.0,-1180.0
-91.0,-9.0,-1087.0
156.0,111.0,-1013.0
-421.0,89.0,-1184.0
245.0,52.0,-925.0
-97.0,60.0,-1079.0
42.0,-89.0,-1130.0
224.0,-80.0,-927.0
44.0,40.0,-837.0
27.0,-3.0,-933.0
-185.0,113.0,-1087.0
60.0,160.0,-1218.0
25.0,144.0,-1161.0
83.0,3.0,-995.0
169.0,-286.0,-743.0
27.0,-142.0,-970.0
93.0,140.0,-1024.0
224.0,113.0,-1059.0
-314.0,-7.0,-1034.0
208.0,-101.0,-854.0
-95.0,230.0,-1155.0
-50.0,99.0,-1184.0
97.0,-29.0,-1020.0
-220.0,-154.0,-960.0
488.0,-117.0,-843.0
-179.0,140.0,-1020.0
210.0,-140.0,-894.0
-406.0,33.0,-1220.0
220.0,160.0,-1139.0
-44.0,249.0,-1208.0
-29.0,-52.0,-958.0
-19.0,-333.0,-821.0
-37.0,-11.0,-915.0
128.0,5.0,-1081.0
-78.0,171.0,-1073.0
-56.0,107.0,-987.0
-162.0,146.0,-1184.0
97.0,140.0,-1061.0
-66.0,-83.0,-1056.0
-165.0,-242.0,-892.0
105.0,-122.0,-970.0
76.0,286.0,-1079.0
201.0,132.0,-1009.0
-66.0,-83.0,-860.0
-58.0,-19.0,-991.0
66.0,165.0,-1173.0
-66.0,265.0,-1364.0
210.0,-165.0,-847.0
-68.0,-204.0,-735.0
124.0,-144.0,-882.0
185.0,107.0,-1020.0
-124.0,232.0,-1147.0
124.0,46.0,-1112.0
13.0,208.0,-1087.0
-91.0,-46.0,-1046.0
29.0,-130.0,-913.0
-68.0,-105.0,-1024.0
171.0,-70.0,-981.0
150.0,115.0,-977.0
9.0,-80.0,-983.0
-23.0,31.0,-962.0
-62.0,117.0,-1093.0
-91.0,134.0,-1180.0
-89.0,-5.0,-1054.0
-93.0,-185.0,-942.0
197.0,-136.0,-919.0
117.0,-23.0,-966.0
-76.0,89.0,-999.0
-23.0,93.0,-1028.0
-191.0,283.0,-1145.0
-7.0,187.0,-1288.0
-142.0,-179.0,-1128.0
39.0,-386.0,-864.0
158.0,-177.0,-730.0
210.0,203.0,-940.0
-54.0,296.0,-1177.0
-193.0,44.0,-1132.0
-103.0,-37.0,-1124.0
-140.0,-46.0,-1061.0
156.0,83.0,-935.0
-162.0,181.0,-938.0
279.0,7.0,-1040.0
-58.0,37.0,-1108.0
333.0,-245.0,-905.0
-222.0,-173.0,-993.0
197.0,148.0,-927.0
-70.0,480.0,-1220.0
74.0,199.0,-1114.0
15.0,-335.0,-921.0
56.0,-415.0,-888.0
244.0,-119.0,-954.0
17.0,320.0,-979.0
5.0,245.0,-983.0
-263.0,85.0,-1104.0
140.0,218.0,-1104.0
-111.0,56.0,-1235.0
169.0,-224.0,-880.0
60.0,-335.0,-767.0
68.0,-142.0,-921.0
224.0,165.0,-987.0
-245.0,140.0,-1212.0
-44.0,-29.0,-1018.0
-48.0,1.0,-1138.0
-124.0,111.0,-1085.0
261.0,97.0,-876.0
-386.0,1.0,-985.0
530.0,-83.0,-999.0
-259.0,109.0,-1337.0
349.0,-56.0,-843.0
-404.0,-146.0,-888.0
46.0,113.0,-1007.0
40.0,310.0,-1313.0
-80.0,177.0,-1204.0
83.0,-316.0,-802.0
-31.0,-312.0,-786.0
97.0,42.0,-977.0
117.0,136.0,-1071.0
-245.0,404.0,-1050.0
74.0,81.0,-1106.0
-195.0,247.0,-1221.0
370.0,-56.0,-950.0
-148.0,-210.0,-931.0
224.0,-265.0,-802.0
52.0,-17.0,-983.0
56.0,167.0,-1050.0
-27.0,1.0,-1048.0
-214.0,66.0,-1038.0
39.0,52.0,-1098.0
-95.0,119.0,-1065.0
275.0,-29.0,-938.0
-40.0,-130.0,-895.0
191.0,25.0,-911.0
44.0,23.0,-1046.0
-42.0,-23.0,-1087.0
-46.0,3.0,-1059.0
27.0,232.0,-1169.0
-19.0,42.0,-1087.0
-54.0,-105.0,-946.0
-97.0,-265.0,-931.0
117.0,-152.0,-962.0
74.0,117.0,-1100.0
13.0,68.0,-979.0
-156.0,160.0,-1054.0
-87.0,179.0,-1087.0
76.0,117.0,-1106.0
-163.0,-62.0,-1052.0
37.0,-347.0,-835.0
39.0,80.0,-1001.0
124.0,124.0,-1042.0
99.0,35.0,-966.0
-292.0,-48.0,-979.0
163.0,105.0,-1102.0
-150.0,409.0,-1259.0
163.0,-70.0,-1059.0
-138.0,-199.0,-897.0
52.0,-195.0,-903.0
284.0,113.0,-933.0
128.0,175.0,-1048.0
-9.0,27.0,-1003.0
-134.0,169.0,-1106.0
19.0,167.0,-1155.0
54.0,23.0,-1122.0
62.0,-284.0,-933.0
52.0,-136.0,-804.0
230.0,124.0,-946.0
54.0,85.0,-1114.0
33.0,-152.0,-956.0
-220.0,1.0,-1046.0
11.0,203.0,-1116.0
58.0,261.0,-1130.0
-68.0,-85.0,-989.0
52.0,-361.0,-827.0
46.0,-33.0,-968.0
185.0,58.0,-1087.0
9.0,109.0,-1024.0
-236.0,60.0,-1018.0
-122.0,99.0,-1136.0
-146.0,130.0,-1169.0
81.0,-142.0,-991.0
-33.0,-218.0,-888.0
142.0,1.0,-983.0
31.0,101.0,-1065.0
0.0,124.0,-987.0
-275.0,-39.0,-1050.0
-15.0,140.0,-1073.0
-113.0,187.0,-1190.0
62.0,56.0,-1024.0
-9.0,-169.0,-917.0
9.0,-185.0,-899.0
175.0,23.0,-1013.0
-56.0,128.0,-1114.0
-52.0,83.0,-942.0
-142.0,181.0,-1020.0
44.0,158.0,-1120.0
7.0,-72.0,-1149.0
158.0,-156.0,-903.0
46.0,-124.0,-929.0
281.0,74.0,-927.0
-99.0,105.0,-1112.0
21.0,-76.0,-919.0
-357.0,78.0,-1081.0
173.0,117.0,-1108.0
-13.0,128.0,-1180.0
197.0,-167.0,-886.0
-13.0,-181.0,-868.0
68.0,-27.0,-985.0
74.0,54.0,-1073.0
-66.0,60.0,-1038.0
-95.0,17.0,-1093.0
-9.0,162.0,-1057.0
44.0,60.0,-1138.0
54.0,-80.0,-1020.0
-11.0,-173.0,-1005.0
177.0,-99.0,-913.0
40.0,111.0,-981.0
44.0,48.0,-952.0
-249.0,95.0,-1138.0
37.0,158.0,-1143.0
-152.0,195.0,-1118.0
165.0,-89.0,-970.0
-103.0,-273.0,-960.0
62.0,-58.0,-960.0
62.0,158.0,-1050.0
-60.0,101.0,-1059.0
-126.0,-3.0,-917.0
-146.0,162.0,-1085.0
54.0,206.0,-1184.0
42.0,9.0,-1056.0
-50.0,-158.0,-909.0
165.0,-249.0,-964.0
142.0,193.0,-1005.0
56.0,111.0,-983.0
-31.0,-11.0,-985.0
-210.0,-3.0,-1077.0
251.0,199.0,-1141.0
-35.0,224.0,-1165.0
234.0,-232.0,-817.0
-126.0,-156.0,-854.0
169.0,-134.0,-1015.0
93.0,181.0,-1059.0
-33.0,23.0,-1022.0
-35.0,-3.0,-970.0
44.0,158.0,-1106.0
37.0,142.0,-1108.0
58.0,-138.0,-1022.0
-124.0,-238.0,-921.0
148.0,-64.0,-860.0
52.0,122.0,-1059.0
1.0,40.0,-1020.0
-91.0,3.0,-991.0
-148.0,121.0,-1153.0
60.0,101.0,-1061.0
-81.0,99.0,-1093.0
-42.0,-230.0,-936.0
31.0,-212.0,-942.0
46.0,74.0,-997.0
9.0,78.0,-1065.0
-109.0,156.0,-999.0
-212.0,105.0,-1052.0
128.0,197.0,-1161.0
-177.0,9.0,-1161.0
224.0,-244.0,-874.0
-121.0,1.0,-864.0
312.0,64.0,-956.0
-29.0,142.0,-1071.0
19.0,-23.0,-1018.0
-101.0,15.0,-1065.0
150.0,228.0,-1095.0
15.0,-17.0,-1116.0
64.0,-146.0,-950.0
-21.0,-169.0,-948.0
163.0,19.0,-915.0
126.0,33.0,-1050.0
-93.0,-7.0,-966.0
13.0,144.0,-1003.0
-60.0,259.0,-1122.0
78.0,35.0,-1139.0
-40.0,-238.0,-1020.0
1.0,-175.0,-905.0
249.0,-13.0,-876.0
3.0,115.0,-1057.0
76.0,-9.0,-1048.0
-341.0,17.0,-995.0
146.0,173.0,-1046.0
-121.0,95.0,-1266.0
162.0,-89.0,-1077.0
-191.0,-263.0,-876.0
146.0,50.0,-888.0
0.0,144.0,-1097.0
85.0,35.0,-972.0
-263.0,-76.0,-1026.0
46.0,95.0,-1057.0
-9.0,380.0,-1188.0
78.0,29.0,-1114.0
-165.0,-257.0,-913.0
101.0,-142.0,-862.0
23.0,27.0,-1007.0
261.0,72.0,-1011.0
-255.0,78.0,-1052.0
42.0,126.0,-1139.0
-230.0,232.0,-1114.0
234.0,17.0,-993.0
-126.0,-244.0,-1038.0
201.0,-236.0,-899.0
83.0,134.0,-966.0
126.0,220.0,-962.0
-21.0,0.0,-1038.0
-132.0,-40.0,-1007.0
193.0,146.0,-1067.0
-93.0,183.0,-1159.0
199.0,-66.0,-1003.0
-275.0,-263.0,-944.0
365.0,-214.0,-888.0
-126.0,154.0,-1075.0
208.0,146.0,-999.0
-337.0,76.0,-1034.0
19.0,83.0,-1018.0
9.0,93.0,-1163.0
50.0,-70.0,-1124.0
58.0,-288.0,-823.0
60.0,33.0,-909.0
121.0,31.0,-1026.0
3.0,31.0,-948.0
-206.0,-37.0,-991.0
27.0,142.0,-1229.0
3.0,228.0,-1177.0
15.0,23.0,-1007.0
-160.0,-257.0,-940.0
58.0,-218.0,-935.0
56.0,83.0,-944.0
111.0,128.0,-1118.0
-218.0,87.0,-1052.0
-11.0,128.0,-1042.0
-117.0,169.0,-1126.0
171.0,-37.0,-1057.0
-162.0,-64.0,-1026.0
60.0,-163.0,-962.0
111.0,39.0,-958.0
44.0,29.0,-923.0
-17.0,72.0,-1003.0
-85.0,111.0,-1126.0
78.0,189.0,-1110.0
-31.0,158.0,-1159.0
11.0,-160.0,-1018.0
-99.0,-244.0,-815.0
300.0,-37.0,-886.0
93.0,99.0,-1112.0
175.0,89.0,-923.0
-286.0,74.0,-1032.0
181.0,128.0,-1097.0
-17.0,105.0,-1227.0
-15.0,-140.0,-942.0
29.0,-189.0,-864.0
25.0,-66.0,-958.0
294.0,68.0,-966.0
-31.0,-9.0,-1015.0
-113.0,-35.0,-946.0
5.0,183.0,-1157.0
-173.0,312.0,-1301.0
212.0,-93.0,-964.0
-335.0,-187.0,-903.0
284.0,-210.0,-854.0
95.0,23.0,-1050.0
103.0,103.0,-1046.0
-255.0,117.0,-1116.0
-76.0,169.0,-999.0
-171.0,140.0,-1153.0
81.0,35.0,-1054.0
-148.0,-191.0,-1011.0
128.0,-236.0,-868.0
66.0,111.0,-1073.0
171.0,74.0,-952.0
-238.0,76.0,-956.0
-9.0,42.0,-1020.0
-144.0,162.0,-1346.0
363.0,148.0,-1011.0
-388.0,-60.0,-1052.0
290.0,-259.0,-696.0
109.0,81.0,-1030.0
306.0,-50.0,-1022.0
-7.0,9.0,-1065.0
-191.0,119.0,-905.0
238.0,302.0,-1141.0
-140.0,78.0,-1179.0
394.0,-238.0,-858.0
-445.0,-142.0,-1007.0
620.0,-113.0,-808.0
-195.0,154.0,-1024.0
279.0,3.0,-964.0
-474.0,46.0,-1161.0
273.0,72.0,-987.0
-267.0,121.0,-1149.0
247.0,-78.0,-981.0
-247.0,-83.0,-987.0
388.0,-136.0,-778.0
-107.0,33.0,-1153.0
181.0,-87.0,-931.0
-269.0,175.0,-1079.0
-23.0,83.0,-1071.0
52.0,265.0,-1134.0
-60.0,50.0,-1056.0
-68.0,-372.0,-993.0
66.0,-162.0,-907.0
37.0,99.0,-1026.0
111.0,220.0,-985.0
-251.0,9.0,-981.0
9.0,-29.0,-1071.0
-132.0,214.0,-1253.0
210.0,117.0,-1093.0
-119.0,-78.0,-876.0
218.0,-195.0,-829.0
46.0,-3.0,-942.0
240.0,62.0,-1069.0
-347.0,93.0,-1116.0
210.0,1.0,-999.0
-263.0,263.0,-1194.0
232.0,138.0,-979.0
-58.0,-95.0,-1013.0
-66.0,-333.0,-843.0
300.0,-93.0,-989.0
-91.0,218.0,-1075.0
208.0,83.0,-913.0
-372.0,46.0,-1028.0
257.0,54.0,-1056.0
-62.0,173.0,-1192.0
81.0,33.0,-1003.0
81.0,-306.0,-854.0
5.0,-40.0,-929.0
165.0,-7.0,-1022.0
-58.0,72.0,-1046.0
-93.0,-23.0,-1011.0
-21.0,158.0,-1065.0
76.0,171.0,-1235.0
-29.0,-93.0,-1071.0
-66.0,-236.0,-872.0
35.0,-81.0,-841.0
177.0,11.0,-1038.0
-95.0,204.0,-1081.0
-50.0,-25.0,-966.0
-109.0,115.0,-1061.0
-11.0,81.0,-1165.0
-19.0,101.0,-1165.0
-128.0,-113.0,-970.0
44.0,-189.0,-831.0
62.0,42.0,-892.0
132.0,27.0,-1102.0
-244.0,93.0,-1073.0
80.0,68.0,-1083.0
-214.0,226.0,-1153.0
228.0,105.0,-1093.0
-281.0,-124.0,-1001.0
183.0,-261.0,-831.0
-13.0,95.0,-999.0
267.0,83.0,-1028.0
-95.0,31.0,-999.0
-140.0,37.0,-1001.0
17.0,201.0,-1184.0
64.0,103.0,-1110.0
-35.0,-124.0,-1018.0
15.0,-136.0,-815.0
244.0,39.0,-936.0
230.0,1.0,-977.0
66.0,1.0,-974.0
-275.0,17.0,-1126.0
-66.0,201.0,-1071.0
163.0,242.0,-1075.0
-126.0,-117.0,-1124.0
128.0,-300.0,-835.0
-25.0,-128.0,-913.0
275.0,56.0,-1011.0
-50.0,99.0,-1104.0
-138.0,111.0,-970.0
-132.0,48.0,-1083.0
103.0,121.0,-1114.0
163.0,-44.0,-1110.0
-253.0,-140.0,-958.0
171.0,-105.0,-835.0
23.0,152.0,-1063.0
251.0,97.0,-1143.0
-300.0,-68.0,-821.0
89.0,7.0,-974.0
-265.0,208.0,-1378.0
363.0,199.0,-1134.0
-302.0,-107.0,-1026.0
-11.0,-288.0,-823.0
300.0,-33.0,-825.0
93.0,220.0,-1136.0
-35.0,37.0,-1036.0
-242.0,107.0,-1009.0
21.0,204.0,-1192.0
113.0,132.0,-1104.0
-50.0,-216.0,-1011.0
-81.0,-284.0,-798.0
236.0,48.0,-876.0
169.0,267.0,-1005.0
265.0,-25.0,-1044.0
-450.0,-42.0,-1122.0
171.0,-80.0,-952.0
40.0,314.0,-1122.0
-13.0,-9.0,-1139.0
-115.0,-267.0,-870.0
85.0,-140.0,-827.0
423.0,-85.0,-985.0
-107.0,261.0,-1139.0
-146.0,87.0,-1050.0
-244.0,119.0,-1087.0
238.0,101.0,-1130.0
-5.0,-44.0,-1001.0
-3.0,-160.0,-921.0
-52.0,-253.0,-993.0
277.0,122.0,-952.0
97.0,97.0,-972.0
-380.0,-62.0,-1087.0
-236.0,160.0,-1054.0
1.0,232.0,-1097.0
103.0,167.0,-1151.0
-21.0,-333.0,-931.0
-44.0,-212.0,-817.0
136.0,15.0,-976.0
163.0,191.0,-1067.0
-240.0,119.0,-1034.0
-220.0,70.0,-954.0
48.0,214.0,-1225.0
156.0,46.0,-1171.0
50.0,-109.0,-938.0
-240.0,-275.0,-790.0
472.0,19.0,-817.0
-64.0,265.0,-1249.0
138.0,-25.0,-1128.0
-564.0,-122.0,-1024.0
363.0,3.0,-835.0
-70.0,320.0,-1200.0
374.0,74.0,-997.0
-259.0,-162.0,-1024.0
144.0,-191.0,-1028.0
204.0,23.0,-940.0
109.0,140.0,-771.0
-44.0,81.0,-1024.0
19.0,195.0,-1344.0
452.0,195.0,-1075.0
-173.0,-201.0,-1036.0
-7.0,-413.0,-708.0
-87.0,-27.0,-960.0
288.0,290.0,-1093.0
0.0,97.0,-1100.0
-265.0,-78.0,-892.0
-191.0,-37.0,-1063.0
81.0,236.0,-1056.0
191.0,165.0,-1206.0
-357.0,-181.0,-1044.0
-52.0,-39.0,-938.0
40.0,-76.0,-1038.0
396.0,42.0,-962.0
-146.0,-109.0,-858.0
-195.0,117.0,-1005.0
72.0,335.0,-1259.0
19.0,181.0,-1387.0
-249.0,-189.0,-977.0
52.0,-284.0,-591.0
-9.0,74.0,-938.0
407.0,152.0,-1081.0
-281.0,148.0,-1077.0
-37.0,-25.0,-1018.0
-163.0,85.0,-1218.0
343.0,203.0,-1020.0
1.0,-46.0,-1005.0
-138.0,-263.0,-792.0
259.0,-93.0,-825.0
206.0,52.0,-1054.0
76.0,48.0,-1180.0
-275.0,83.0,-970.0
68.0,117.0,-1124.0
-111.0,154.0,-1108.0
294.0,-54.0,-946.0
-421.0,-162.0,-931.0
409.0,-203.0,-806.0
-132.0,81.0,-1169.0
325.0,0.0,-977.0
-445.0,117.0,-1114.0
-58.0,64.0,-981.0
220.0,124.0,-1139.0
-3.0,70.0,-995.0
29.0,-187.0,-895.0
-193.0,-130.0,-1042.0
324.0,-62.0,-1095.0
76.0,76.0,-985.0
-70.0,-78.0,-858.0
-312.0,171.0,-997.0
74.0,421.0,-1173.0
-122.0,144.0,-1436.0
89.0,-491.0,-858.0
-48.0,-306.0,-730.0
206.0,27.0,-864.0
218.0,329.0,-1161.0
-259.0,165.0,-1120.0
-95.0,-117.0,-1057.0
-183.0,158.0,-1089.0
388.0,105.0,-1063.0
-177.0,23.0,-1132.0
121.0,-261.0,-737.0
68.0,0.0,-991.0
113.0,177.0,-1081.0
80.0,107.0,-1128.0
-532.0,13.0,-976.0
281.0,23.0,-1018.0
-216.0,253.0,-1208.0
488.0,-121.0,-919.0
-400.0,-189.0,-968.0
407.0,-160.0,-810.0
-46.0,150.0,-1056.0
99.0,212.0,-1071.0
-142.0,-56.0,-1048.0
-48.0,179.0,-1069.0
306.0,130.0,-1022.0
35.0,66.0,-1093.0
-111.0,-359.0,-983.0
-107.0,-318.0,-827.0
341.0,117.0,-860.0
-56.0,146.0,-1147.0
13.0,185.0,-985.0
-275.0,185.0,-1303.0
177.0,169.0,-1095.0
255.0,-93.0,-1067.0
-132.0,-499.0,-743.0
13.0,-121.0,-860.0
33.0,341.0,-997.0
329.0,148.0,-1423.0
-691.0,-230.0,-1116.0
318.0,-140.0,-591.0
-411.0,384.0,-1231.0
480.0,203.0,-1100.0
-361.0,31.0,-1081.0
-206.0,-343.0,-981.0
224.0,-152.0,-829.0
119.0,230.0,-970.0
89.0,99.0,-1087.0
-337.0,146.0,-1095.0
162.0,119.0,-1042.0
54.0,-5.0,-1102.0
-66.0,-167.0,-1093.0
-222.0,-327.0,-884.0
165.0,150.0,-938.0
154.0,226.0,-1009.0
203.0,9.0,-923.0
-308.0,-11.0,-1026.0
29.0,-48.0,-1085.0
244.0,283.0,-1097.0
-15.0,-17.0,-1165.0
74.0,-255.0,-823.0
-64.0,-9.0,-880.0
415.0,-52.0,-923.0
181.0,160.0,-1083.0
-333.0,-62.0,-1024.0
111.0,124.0,-1073.0
-259.0,312.0,-1303.0
292.0,-60.0,-1030.0
-325.0,-222.0,-911.0
163.0,-306.0,-776.0
126.0,122.0,-974.0
189.0,294.0,-1190.0
-304.0,-52.0,-1138.0
-154.0,-72.0,-983.0
-95.0,87.0,-968.0
193.0,169.0,-1026.0
-218.0,81.0,-1126.0
-40.0,-177.0,-1026.0
81.0,-93.0,-1011.0
251.0,-29.0,-841.0
-150.0,181.0,-960.0
-228.0,240.0,-1151.0
-29.0,220.0,-1266.0
72.0,64.0,-1138.0
35.0,-427.0,-962.0
-115.0,-325.0,-720.0
230.0,181.0,-823.0
113.0,406.0,-1333.0
109.0,97.0,-1089.0
-331.0,-199.0,-897.0
-37.0,-42.0,-882.0
245.0,146.0,-1091.0
-81.0,275.0,-1194.0
97.0,-181.0,-979.0
-11.0,-204.0,-942.0
398.0,-146.0,-870.0
-93.0,58.0,-1026.0
-52.0,216.0,-991.0
-173.0,113.0,-1220.0
179.0,222.0,-1118.0
144.0,-115.0,-999.0
-44.0,-177.0,-849.0
-5.0,-263.0,-897.0
271.0,13.0,-1013.0
-42.0,222.0,-1110.0
-78.0,115.0,-1013.0
-199.0,60.0,-995.0
128.0,105.0,-1100.0
83.0,7.0,-1081.0
169.0,-238.0,-944.0
-128.0,-224.0,-860.0
105.0,1.0,-987.0
89.0,275.0,-1085.0
-263.0,27.0,-1081.0
-206.0,58.0,-993.0
-37.0,208.0,-1157.0
-60.0,146.0,-1276.0
-37.0,-310.0,-944.0
-232.0,-314.0,-722.0
-76.0,-25.0,-808.0
-179.0,339.0,-1190.0
-281.0,232.0,-1214.0
-392.0,97.0,-1184.0
-318.0,124.0,-966.0
-9.0,-31.0,-1001.0
-431.0,-78.0,-962.0
-44.0,-29.0,-854.0
-433.0,62.0,-1169.0
-89.0,-62.0,-974.0
-365.0,62.0,-993.0
-400.0,19.0,-1032.0
-105.0,261.0,-966.0
-472.0,220.0,-1104.0
-103.0,-284.0,-1130.0
-296.0,-351.0,-868.0
-142.0,-58.0,-888.0
-204.0,269.0,-995.0
-52.0,206.0,-1223.0
-489.0,-146.0,-1024.0
140.0,35.0,-831.0
-415.0,162.0,-1194.0
5.0,-52.0,-1141.0
-265.0,-148.0,-1128.0
-72.0,-259.0,-925.0
156.0,44.0,-786.0
-91.0,275.0,-1034.0
-7.0,-124.0,-1003.0
-388.0,29.0,-1065.0
-29.0,62.0,-1098.0
-105.0,181.0,-1243.0
-142.0,-214.0,-938.0
-58.0,-154.0,-753.0
-17.0,128.0,-899.0
-39.0,185.0,-1122.0
-216.0,25.0,-1020.0
-167.0,-46.0,-1071.0
-255.0,144.0,-1048.0
181.0,228.0,-1079.0
-271.0,-72.0,-1069.0
140.0,-378.0,-808.0
-156.0,-5.0,-936.0
199.0,199.0,-1083.0
-111.0,203.0,-1075.0
-230.0,19.0,-1032.0
7.0,87.0,-1022.0
29.0,177.0,-1145.0
81.0,9.0,-1003.0
68.0,-259.0,-854.0
15.0,-169.0,-1001.0
15.0,144.0,-1030.0
48.0,185.0,-1106.0
-201.0,-56.0,-1003.0
142.0,25.0,-854.0
-7.0,261.0,-1169.0
163.0,-19.0,-1141.0
39.0,-99.0,-958.0
-50.0,-308.0,-882.0
204.0,39.0,-1003.0
-128.0,288.0,-1054.0
83.0,13.0,-952.0
-165.0,3.0,-1018.0
81.0,58.0,-1138.0
-35.0,130.0,-1182.0
111.0,-165.0,-1026.0
-35.0,-240.0,-829.0
39.0,60.0,-886.0
44.0,117.0,-1108.0
-134.0,80.0,-1020.0
89.0,42.0,-997.0
-177.0,142.0,-1192.0
152.0,124.0,-1091.0
-267.0,-156.0,-1059.0
78.0,-267.0,-853.0
37.0,52.0,-905.0
23.0,214.0,-1093.0
74.0,78.0,-1028.0
-275.0,72.0,-1077.0
78.0,66.0,-1079.0
-132.0,146.0,-1198.0
-70.0,-136.0,-1018.0
-27.0,-189.0,-884.0
9.0,-9.0,-935.0
99.0,76.0,-1059.0
-15.0,105.0,-1059.0
-105.0,0.0,-1108.0
50.0,140.0,-894.0
-1.0,292.0,-1139.0
-50.0,-160.0,-1110.0
54.0,-228.0,-968.0
-33.0,-171.0,-915.0
265.0,103.0,-964.0
3.0,179.0,-1061.0
-72.0,-9.0,-935.0
0.0,37.0,-1026.0
-122.0,201.0,-1206.0
115.0,31.0,-1095.0
-126.0,-210.0,-983.0
136.0,-236.0,-790.0
35.0,136.0,-962.0
54.0,105.0,-1110.0
-156.0,-93.0,-1013.0
-42.0,-5.0,-974.0
-95.0,275.0,-1100.0
206.0,191.0,-1063.0
-255.0,-228.0,-1056.0
93.0,-378.0,-839.0
29.0,40.0,-964.0
158.0,251.0,-1048.0
29.0,146.0,-976.0
-199.0,-7.0,-1036.0
0.0,58.0,-1059.0
-13.0,181.0,-1221.0
-48.0,-144.0,-1124.0
78.0,-230.0,-772.0
-58.0,29.0,-903.0
167.0,183.0,-1024.0
-74.0,183.0,-1138.0
-105.0,-91.0,-1087.0
15.0,91.0,-970.0
23.0,320.0,-1151.0
0.0,31.0,-1116.0
126.0,-324.0,-915.0
-97.0,-193.0,-894.0
365.0,91.0,-1015.0
-80.0,286.0,-1067.0
25.0,0.0,-931.0
-189.0,115.0,-1132.0
-5.0,78.0,-1173.0
109.0,31.0,-1059.0
27.0,-214.0,-899.0
245.0,-148.0,-847.0
44.0,109.0,-979.0
46.0,105.0,-1061.0
-142.0,-5.0,-1048.0
40.0,60.0,-989.0
5.0,206.0,-1124.0
81.0,103.0,-1052.0
-27.0,-197.0,-1009.0
23.0,-296.0,-882.0
173.0,-31.0,-1001.0
-44.0,232.0,-1056.0
-21.0,87.0,-991.0
-132.0,31.0,-1005.0
62.0,119.0,-1116.0
-11.0,134.0,-1262.0
-128.0,-216.0,-1007.0
97.0,-271.0,-810.0
-81.0,48.0,-968.0
230.0,179.0,-1071.0
-240.0,91.0,-1091.0
-54.0,-115.0,-958.0
-56.0,206.0,-1104.0
87.0,226.0,-1173.0
-27.0,-35.0,-1054.0
-54.0,-281.0,-841.0
64.0,-122.0,-938.0
117.0,152.0,-1038.0
13.0,173.0,-1065.0
-103.0,-15.0,-1011.0
-9.0,83.0,-1009.0
13.0,197.0,-1167.0
3.0,3.0,-1098.0
21.0,-267.0,-895.0
95.0,-204.0,-798.0
160.0,115.0,-1013.0
99.0,144.0,-1071.0
-35.0,31.0,-1071.0
-97.0,40.0,-919.0
126.0,165.0,-1042.0
-62.0,105.0,-1155.0
132.0,-290.0,-1003.0
-19.0,-228.0,-905.0
136.0,23.0,-882.0
37.0,179.0,-1034.0
-158.0,13.0,-1046.0
70.0,17.0,-1018.0
-193.0,220.0,-1184.0
181.0,62.0,-1063.0
-142.0,-173.0,-1013.0
93.0,-306.0,-858.0
66.0,101.0,-915.0
37.0,189.0,-1151.0
-97.0,-11.0,-1065.0
-142.0,21.0,-1009.0
-58.0,163.0,-1095.0
17.0,175.0,-1112.0
-21.0,-107.0,-1059.0
-48.0,-245.0,-915.0
199.0,-7.0,-913.0
0.0,173.0,-1073.0
91.0,44.0,-946.0
-171.0,64.0,-1061.0
74.0,158.0,-1063.0
23.0,259.0,-1184.0
-27.0,-72.0,-1057.0
121.0,-327.0,-888.0
7.0,-76.0,-894.0
234.0,136.0,-1024.0
19.0,201.0,-1061.0
-37.0,-11.0,-1003.0
-15.0,31.0,-962.0
107.0,208.0,-1177.0
-62.0,-13.0,-1083.0
144.0,-203.0,-856.0
-103.0,-144.0,-940.0
273.0,42.0,-956.0
-142.0,183.0,-1085.0
-185.0,-72.0,-956.0
-181.0,76.0,-1046.0
-240.0,197.0,-1214.0
-111.0,130.0,-1075.0
-411.0,-171.0,-976.0
-245.0,-386.0,-829.0
-263.0,9.0,-983.0
-382.0,230.0,-1134.0
-677.0,37.0,-954.0
-593.0,37.0,-966.0
-675.0,81.0,-1180.0
-384.0,152.0,-1081.0
-862.0,-101.0,-1003.0
-677.0,-286.0,-831.0
-653.0,44.0,-991.0
-667.0,124.0,-1151.0
-843.0,107.0,-979.0
-1149.0,-35.0,-1001.0
-853.0,35.0,-1116.0
-921.0,245.0,-1311.0
-1079.0,-11.0,-1102.0
-1001.0,-244.0,-829.0
-1081.0,-158.0,-970.0
-790.0,85.0,-1056.0
-993.0,353.0,-1075.0
-1292.0,-68.0,-1042.0
-1065.0,-74.0,-936.0
-995.0,117.0,-1221.0
-1044.0,134.0,-1192.0
-1075.0,-103.0,-847.0
-1169.0,-212.0,-794.0
-872.0,-46.0,-989.0
-1052.0,234.0,-1097.0
-1339.0,-78.0,-1048.0
-1081.0,-15.0,-968.0
-1292.0,156.0,-1169.0
-905.0,99.0,-985.0
-1456.0,-42.0,-1020.0
-1134.0,-417.0,-876.0
-1122.0,0.0,-931.0
-1069.0,136.0,-1071.0
-1510.0,101.0,-1003.0
-1266.0,11.0,-991.0
-1643.0,64.0,-1124.0
-977.0,169.0,-997.0
-1647.0,27.0,-1138.0
-1225.0,-372.0,-907.0
-1243.0,-76.0,-876.0
-1079.0,140.0,-954.0
-1157.0,33.0,-968.0
-1645.0,-50.0,-1196.0
-1249.0,37.0,-1139.0
-1317.0,372.0,-1251.0
-1298.0,76.0,-1015.0
-1339.0,-343.0,-825.0
-1286.0,-19.0,-997.0
-1059.0,-13.0,-1011.0
-1288.0,484.0,-1022.0
-1405.0,-253.0,-1011.0
-1407.0,-29.0,-1118.0
-1069.0,390.0,-1093.0
-1346.0,-40.0,-1118.0
-1194.0,-111.0,-923.0
-1360.0,-279.0,-995.0
-1030.0,17.0,-972.0
-1432.0,335.0,-976.0
-1497.0,-80.0,-929.0
-1512.0,46.0,-1118.0
-1534.0,144.0,-1249.0
-1458.0,361.0,-1192.0
-1485.0,-255.0,-841.0
-1415.0,-148.0,-730.0
-1112.0,7.0,-1003.0
-1255.0,277.0,-1022.0
-1442.0,-89.0,-1015.0
-1594.0,19.0,-1061.0
-1257.0,19.0,-1177.0
-1378.0,169.0,-1266.0
-1206.0,27.0,-907.0
-1212.0,-216.0,-808.0
-1128.0,-242.0,-1034.0
-931.0,206.0,-956.0
-1385.0,218.0,-1177.0
-1079.0,19.0,-1065.0
-1194.0,-181.0,-1167.0
-564.0,443.0,-940.0
-868.0,-39.0,-1059.0
-345.0,-288.0,-675.0
-542.0,-148.0,-997.0
-7.0,105.0,-1179.0
-548.0,-93.0,-1214.0
-81.0,31.0,-1001.0
-550.0,286.0,-1061.0
179.0,398.0,-1018.0
-302.0,-296.0,-1065.0
48.0,-136.0,-938.0
-103.0,-66.0,-1028.0
244.0,50.0,-1015.0
130.0,376.0,-1048.0
138.0,-128.0,-977.0
218.0,146.0,-833.0
269.0,-117.0,-1026.0
406.0,-54.0,-1083.0
384.0,-35.0,-1114.0
448.0,-11.0,-763.0
685.0,122.0,-858.0
601.0,154.0,-1001.0
536.0,-240.0,-1001.0
486.0,284.0,-1057.0
571.0,-72.0,-1104.0
1016.0,42.0,-1093.0
472.0,-81.0,-952.0
970.0,244.0,-952.0
860.0,-421.0,-977.0
977.0,31.0,-1020.0
876.0,89.0,-1038.0
585.0,218.0,-1149.0
866.0,269.0,-1132.0
823.0,-341.0,-1073.0
1075.0,175.0,-823.0
718.0,-519.0,-884.0
1171.0,527.0,-983.0
956.0,-242.0,-1260.0
847.0,-5.0,-1009.0
1083.0,320.0,-976.0
821.0,-160.0,-1202.0
1106.0,290.0,-1108.0
860.0,-130.0,-935.0
808.0,7.0,-1104.0
1038.0,-140.0,-1085.0
1005.0,-13.0,-1050.0
927.0,378.0,-868.0
1011.0,-64.0,-1046.0
817.0,251.0,-1032.0
1196.0,121.0,-1161.0
870.0,31.0,-1106.0
1321.0,122.0,-894.0
892.0,-407.0,-847.0
1559.0,-27.0,-1007.0
1225.0,60.0,-1040.0
1296.0,121.0,-1075.0
972.0,136.0,-1108.0
1106.0,-134.0,-1182.0
1182.0,214.0,-1112.0
1272.0,-232.0,-806.0
1132.0,183.0,-757.0
1319.0,68.0,-1024.0
1266.0,-5.0,-1136.0
1128.0,68.0,-995.0
853.0,-351.0,-856.0
1104.0,509.0,-1235.0
1321.0,-204.0,-1179.0
1016.0,203.0,-956.0
1206.0,-310.0,-689.0
1069.0,-81.0,-1085.0
1620.0,52.0,-1093.0
894.0,-244.0,-1124.0
1264.0,191.0,-899.0
931.0,277.0,-1229.0
1583.0,177.0,-1079.0
1120.0,-138.0,-1063.0
1122.0,-259.0,-786.0
979.0,257.0,-1013.0
1255.0,-113.0,-1167.0
913.0,-19.0,-1153.0
909.0,-169.0,-892.0
977.0,296.0,-952.0
1325.0,261.0,-1151.0
1050.0,-165.0,-1067.0
1081.0,-87.0,-935.0
1016.0,-81.0,-849.0
1504.0,244.0,-938.0
1286.0,-37.0,-1024.0
1102.0,62.0,-1083.0
1097.0,152.0,-995.0
1216.0,97.0,-1139.0
1292.0,-103.0,-1143.0
991.0,-337.0,-956.0
1108.0,62.0,-761.0
1048.0,384.0,-1026.0
1057.0,35.0,-1079.0
708.0,-150.0,-1042.0
771.0,-150.0,-972.0
722.0,242.0,-1190.0
909.0,52.0,-958.0
491.0,-238.0,-983.0
757.0,-52.0,-839.0
480.0,212.0,-989.0
813.0,64.0,-856.0
222.0,-13.0,-1013.0
509.0,-15.0,-1118.0
95.0,124.0,-1282.0
550.0,158.0,-979.0
46.0,-91.0,-1009.0
468.0,-203.0,-854.0
173.0,50.0,-1147.0
376.0,234.0,-1100.0
-21.0,-17.0,-1097.0
66.0,-50.0,-952.0
158.0,89.0,-1231.0
220.0,220.0,-1116.0
181.0,-60.0,-977.0
68.0,-54.0,-938.0
300.0,1.0,-1048.0
325.0,130.0,-1040.0
158.0,128.0,-1011.0
238.0,-115.0,-972.0
97.0,50.0,-1108.0
486.0,117.0,-1138.0
23.0,76.0,-1104.0
466.0,-93.0,-823.0
132.0,-19.0,-983.0
489.0,19.0,-1097.0
113.0,78.0,-1018.0
152.0,-48.0,-847.0
140.0,44.0,-1013.0
308.0,17.0,-1173.0
160.0,25.0,-1169.0
121.0,-72.0,-847.0
173.0,-39.0,-862.0
175.0,-42.0,-1069.0
238.0,60.0,-1056.0
-58.0,29.0,-995.0
203.0,-15.0,-1091.0
-1.0,60.0,-1251.0
281.0,-11.0,-1139.0
-122.0,-13.0,-1128.0
226.0,-76.0,-974.0
37.0,50.0,-1138.0
222.0,107.0,-1227.0
-158.0,35.0,-1303.0
64.0,-37.0,-1112.0
-105.0,89.0,-1221.0
255.0,138.0,-1360.0
-156.0,-58.0,-1438.0
175.0,-62.0,-1095.0
-126.0,124.0,-1157.0
290.0,122.0,-1301.0
-48.0,109.0,-1411.0
37.0,83.0,-1301.0
-21.0,83.0,-1329.0
117.0,134.0,-1454.0
23.0,74.0,-1440.0
37.0,1.0,-1282.0
103.0,23.0,-1243.0
113.0,220.0,-1401.0
204.0,187.0,-1374.0
-44.0,46.0,-1477.0
107.0,122.0,-1401.0
27.0,171.0,-1526.0
173.0,230.0,-1448.0
35.0,1.0,-1489.0
193.0,62.0,-1417.0
113.0,128.0,-1448.0
140.0,236.0,-1436.0
-13.0,124.0,-1512.0
128.0,175.0,-1555.0
11.0,314.0,-1653.0
189.0,179.0,-1583.0
-81.0,31.0,-1508.0
163.0,-13.0,-1401.0
37.0,236.0,-1508.0
169.0,370.0,-1538.0
-72.0,160.0,-1545.0
93.0,44.0,-1438.0
3.0,226.0,-1635.0
60.0,376.0,-1561.0
-19.0,132.0,-1501.0
-85.0,-17.0,-1309.0
119.0,195.0,-1514.0
-11.0,380.0,-1547.0
95.0,150.0,-1383.0
-167.0,66.0,-1426.0
40.0,208.0,-1618.0
31.0,450.0,-1674.0
-56.0,175.0,-1454.0
68.0,17.0,-1374.0
-17.0,93.0,-1442.0
249.0,300.0,-1549.0
-62.0,359.0,-1561.0
101.0,154.0,-1426.0
-126.0,257.0,-1565.0
185.0,294.0,-1612.0
-58.0,232.0,-1622.0
54.0,-80.0,-1372.0
-42.0,91.0,-1462.0
117.0,253.0,-1497.0
95.0,365.0,-1559.0
-138.0,25.0,-1434.0
124.0,105.0,-1411.0
-117.0,298.0,-1598.0
218.0,347.0,-1581.0
-158.0,0.0,-1495.0
128.0,-130.0,-1276.0
33.0,183.0,-1526.0
126.0,236.0,-1565.0
-50.0,72.0,-1536.0
-99.0,122.0,-1430.0
15.0,353.0,-1631.0
23.0,271.0,-1723.0
-44.0,-29.0,-1641.0
15.0,-140.0,-1413.0
-27.0,146.0,-1518.0
171.0,267.0,-1612.0
-134.0,189.0,-1672.0
121.0,37.0,-1588.0
-249.0,224.0,-1686.0
242.0,238.0,-1719.0
-335.0,11.0,-1639.0
238.0,-58.0,-1514.0
-292.0,206.0,-1694.0
343.0,206.0,-1594.0
-261.0,111.0,-1811.0
76.0,-60.0,-1713.0
-140.0,378.0,-1723.0
42.0,489.0,-1752.0
35.0,158.0,-1815.0
-128.0,-138.0,-1719.0
191.0,64.0,-1655.0
52.0,273.0,-1704.0
163.0,281.0,-1600.0
-80.0,78.0,-1688.0
33.0,294.0,-1706.0
13.0,294.0,-1789.0
29.0,50.0,-1747.0
-3.0,-163.0,-1653.0
48.0,105.0,-1499.0
152.0,349.0,-1663.0
66.0,165.0,-1663.0
-9.0,13.0,-1583.0
-76.0,132.0,-1592.0
81.0,409.0,-1659.0
-37.0,435.0,-1667.0
-11.0,-27.0,-1504.0
103.0,37.0,-1526.0
-5.0,122.0,-1616.0
384.0,226.0,-1549.0
-238.0,224.0,-1590.0
138.0,208.0,-1620.0
-140.0,445.0,-1803.0
171.0,306.0,-1733.0
-87.0,-68.0,-1588.0
101.0,-68.0,-1508.0
52.0,324.0,-1667.0
50.0,519.0,-1805.0
-156.0,232.0,-1692.0
-111.0,42.0,-1626.0
-119.0,294.0,-1772.0
1.0,450.0,-1799.0
21.0,400.0,-1626.0
-119.0,103.0,-1600.0
111.0,101.0,-1565.0
60.0,312.0,-1825.0
-39.0,220.0,-1709.0
-31.0,203.0,-1674.0
-169.0,204.0,-1715.0
183.0,320.0,-1784.0
-81.0,201.0,-1778.0
185.0,-132.0,-1610.0
37.0,117.0,-1700.0
195.0,388.0,-1811.0
107.0,275.0,-1764.0
-35.0,185.0,-1682.0
21.0,384.0,-1633.0
130.0,562.0,-1815.0
62.0,277.0,-1848.0
37.0,-50.0,-1684.0
81.0,46.0,-1618.0
44.0,304.0,-1684.0
158.0,288.0,-1721.0
-206.0,68.0,-1655.0
48.0,117.0,-1684.0
-288.0,353.0,-1914.0
60.0,247.0,-1786.0
-115.0,107.0,-1745.0
39.0,-19.0,-1661.0
-39.0,203.0,-1635.0
81.0,347.0,-1567.0
-134.0,93.0,-1789.0
-95.0,232.0,-1733.0
-105.0,374.0,-1739.0
-15.0,439.0,-1719.0
68.0,31.0,-1612.0
-121.0,-35.0,-1536.0
163.0,193.0,-1633.0
-156.0,306.0,-1811.0
95.0,13.0,-1616.0
-294.0,-29.0,-1772.0
40.0,384.0,-1682.0
44.0,495.0,-1747.0
-72.0,300.0,-1752.0
60.0,-40.0,-1733.0
21.0,-3.0,-1661.0
179.0,370.0,-1649.0
134.0,333.0,-1692.0
-33.0,197.0,-1635.0
185.0,318.0,-1780.0
-44.0,253.0,-1932.0
171.0,42.0,-1721.0
-40.0,-146.0,-1561.0
-15.0,288.0,-1655.0
228.0,423.0,-1750.0
-78.0,124.0,-1750.0
-11.0,-199.0,-1694.0
62.0,-19.0,-1674.0
-111.0,519.0,-1766.0
167.0,417.0,-1809.0
-228.0,64.0,-1739.0
44.0,-31.0,-1645.0
46.0,201.0,-1741.0
126.0,308.0,-1745.0
-15.0,177.0,-1626.0
-115.0,288.0,-1733.0
21.0,386.0,-1977.0
50.0,212.0,-1868.0
-101.0,-107.0,-1649.0
5.0,-5.0,-1616.0
-48.0,493.0,-1678.0
111.0,505.0,-1807.0
-46.0,-19.0,-1805.0
-1.0,-111.0,-1715.0
-193.0,240.0,-1750.0
183.0,474.0,-1911.0
-165.0,333.0,-1770.0
54.0,-13.0,-1575.0
-44.0,142.0,-1667.0
203.0,195.0,-1750.0
-9.0,413.0,-1674.0
17.0,226.0,-1655.0
-1.0,445.0,-1807.0
-21.0,495.0,-1944.0
162.0,203.0,-1842.0
0.0,87.0,-1598.0
191.0,195.0,-1596.0
156.0,271.0,-1768.0
216.0,234.0,-1752.0
-156.0,-37.0,-1793.0
126.0,191.0,-1696.0
-87.0,212.0,-1817.0
-7.0,232.0,-1764.0
-44.0,-72.0,-1756.0
-74.0,-138.0,-1659.0
80.0,331.0,-1713.0
48.0,517.0,-1774.0
-29.0,484.0,-1655.0
-91.0,324.0,-1690.0
-70.0,269.0,-1914.0
39.0,425.0,-2018.0
-101.0,13.0,-1639.0
37.0,91.0,-1606.0
66.0,136.0,-1709.0
119.0,193.0,-1836.0
-136.0,126.0,-1823.0
7.0,-7.0,-1731.0
-228.0,421.0,-1819.0
21.0,259.0,-1850.0
-220.0,93.0,-1760.0
-37.0,85.0,-1596.0
-179.0,257.0,-1829.0
253.0,306.0,-1684.0
-216.0,417.0,-1588.0
68.0,509.0,-1690.0
-105.0,382.0,-1813.0
44.0,423.0,-1731.0
7.0,218.0,-1748.0
169.0,136.0,-1565.0
169.0,156.0,-1454.0
206.0,60.0,-1583.0
183.0,15.0,-1672.0
-66.0,-37.0,-1538.0
-9.0,111.0,-1549.0
81.0,253.0,-1663.0
-7.0,222.0,-1559.0
40.0,183.0,-1364.0
0.0,193.0,-1411.0
245.0,318.0,-1481.0
-109.0,355.0,-1518.0
50.0,76.0,-1391.0
-66.0,-29.0,-1438.0
74.0,191.0,-1663.0
29.0,353.0,-1655.0
101.0,-44.0,-1229.0
-9.0,191.0,-1272.0
148.0,-111.0,-1327.0
156.0,1.0,-1389.0
-251.0,-173.0,-1380.0
3.0,-23.0,-1366.0
-329.0,177.0,-1368.0
169.0,404.0,-1243.0
-265.0,288.0,-1350.0
204.0,1.0,-1024.0
-138.0,140.0,-1239.0
115.0,212.0,-1335.0
-105.0,21.0,-1325.0
-95.0,-124.0,-1186.0
-121.0,25.0,-1260.0
179.0,384.0,-1298.0
64.0,122.0,-1309.0
-5.0,109.0,-1221.0
265.0,-238.0,-1079.0
21.0,76.0,-1280.0
214.0,130.0,-1325.0
-126.0,70.0,-1329.0
64.0,13.0,-1192.0
-72.0,62.0,-1423.0
171.0,150.0,-1290.0
-72.0,-121.0,-1280.0
148.0,17.0,-1266.0
7.0,177.0,-1362.0
56.0,52.0,-1216.0
-203.0,-95.0,-1239.0
9.0,-60.0,-1268.0
-117.0,-93.0,-1528.0
132.0,-97.0,-1352.0
-31.0,-1.0,-1360.0
132.0,60.0,-1108.0
138.0,351.0,-1288.0
-44.0,199.0,-1268.0
-29.0,-154.0,-1344.0
-119.0,-411.0,-1313.0
-76.0,-97.0,-1489.0
150.0,128.0,-1323.0
-242.0,324.0,-1194.0
107.0,29.0,-1124.0
-68.0,171.0,-1208.0
109.0,212.0,-1245.0
-175.0,-197.0,-1352.0
87.0,-244.0,-1120.0
-316.0,11.0,-1346.0
242.0,269.0,-1366.0
27.0,277.0,-1235.0
9.0,95.0,-1001.0
203.0,199.0,-1110.0
-9.0,167.0,-1141.0
185.0,97.0,-1100.0
-288.0,-37.0,-1065.0
46.0,-5.0,-993.0
-95.0,-103.0,-1155.0
74.0,279.0,-1136.0
-121.0,132.0,-1098.0
-40.0,163.0,-1030.0
23.0,255.0,-1251.0
130.0,132.0,-1147.0
-66.0,185.0,-1036.0
148.0,-29.0,-1190.0
126.0,44.0,-1387.0
240.0,119.0,-1286.0
42.0,-17.0,-1180.0
203.0,249.0,-1077.0
234.0,169.0,-1056.0
85.0,335.0,-1163.0
-25.0,42.0,-1151.0
-40.0,-331.0,-1243.0
-251.0,175.0,-1303.0
265.0,76.0,-1241.0
-488.0,337.0,-1221.0
275.0,62.0,-874.0
-400.0,271.0,-1112.0
245.0,308.0,-1208.0
-320.0,-187.0,-1362.0
-11.0,-228.0,-1198.0
-191.0,-177.0,-1262.0
201.0,406.0,-1218.0
-3.0,203.0,-1305.0
50.0,-105.0,-995.0
0.0,37.0,-1067.0
105.0,-113.0,-1212.0
54.0,72.0,-1167.0
-83.0,240.0,-1038.0
-11.0,165.0,-1177.0
37.0,382.0,-1227.0
-64.0,-62.0,-1124.0
-15.0,-81.0,-1110.0
-37.0,-296.0,-1030.0
238.0,179.0,-1020.0
-7.0,189.0,-1186.0
74.0,74.0,-1157.0
-70.0,122.0,-1052.0
150.0,-115.0,-1196.0
21.0,-40.0,-1042.0
-111.0,-74.0,-997.0
214.0,203.0,-958.0
-89.0,111.0,-1036.0
187.0,115.0,-884.0
-222.0,-288.0,-1095.0
236.0,-128.0,-880.0
-122.0,167.0,-1097.0
40.0,224.0,-987.0
-177.0,-35.0,-1077.0
-66.0,-189.0,-829.0
201.0,-89.0,-849.0
15.0,-35.0,-1020.0
167.0,-87.0,-784.0
-126.0,-44.0,-944.0
3.0,29.0,-964.0
-27.0,9.0,-1081.0
-117.0,-195.0,-831.0
97.0,-80.0,-720.0
85.0,-171.0,-739.0
156.0,64.0,-853.0
179.0,-187.0,-897.0
-279.0,-39.0,-847.0
50.0,-58.0,-823.0
72.0,122.0,-911.0
-292.0,158.0,-892.0
95.0,-101.0,-607.0
-183.0,-154.0,-657.0
136.0,-165.0,-640.0
29.0,27.0,-714.0
-85.0,122.0,-733.0
46.0,-146.0,-761.0
-158.0,-3.0,-872.0
-35.0,-44.0,-552.0
56.0,-226.0,-566.0
-81.0,-257.0,-445.0
564.0,-111.0,-509.0
-242.0,-54.0,-679.0
337.0,-105.0,-587.0
-119.0,-60.0,-737.0
7.0,-11.0,-542.0
259.0,122.0,-480.0
-169.0,-204.0,-458.0
273.0,-325.0,-447.0
-60.0,-325.0,-657.0
201.0,-142.0,-696.0
-162.0,-158.0,-571.0
40.0,281.0,-394.0
-81.0,138.0,-794.0
-91.0,-253.0,-714.0
-175.0,-501.0,-577.0
-7.0,-478.0,-538.0
37.0,44.0,-759.0
263.0,197.0,-583.0
-273.0,245.0,-583.0
60.0,-224.0,-519.0
-324.0,-304.0,-829.0
103.0,-441.0,-784.0
-310.0,-87.0,-718.0
117.0,-60.0,-456.0
-142.0,173.0,-595.0
244.0,136.0,-560.0
-66.0,-72.0,-624.0
-218.0,-212.0,-591.0
33.0,-327.0,-716.0
-21.0,-46.0,-876.0
156.0,42.0,-683.0
0.0,-136.0,-462.0
142.0,-107.0,-245.0
226.0,-35.0,-488.0
31.0,37.0,-671.0
-119.0,-201.0,-577.0
-93.0,-325.0,-585.0
-52.0,-154.0,-642.0
308.0,89.0,-476.0
-245.0,-9.0,-300.0
406.0,-31.0,-224.0
-265.0,-142.0,-589.0
368.0,-138.0,-562.0
-325.0,-132.0,-653.0
210.0,-163.0,-419.0
-66.0,-124.0,-488.0
238.0,-81.0,-368.0
46.0,27.0,-488.0
-93.0,-306.0,-388.0
134.0,-199.0,-382.0
13.0,-175.0,-515.0
-113.0,72.0,-538.0
0.0,54.0,-277.0
-107.0,-191.0,-398.0
13.0,-109.0,-482.0
-64.0,-27.0,-583.0
87.0,-242.0,-538.0
-169.0,-169.0,-423.0
359.0,-177.0,-320.0
-331.0,-37.0,-493.0
292.0,-5.0,-355.0
-409.0,-130.0,-534.0
400.0,-99.0,-540.0
-454.0,-247.0,-696.0
244.0,-175.0,-322.0
-142.0,-124.0,-378.0
122.0,-3.0,-376.0
-21.0,37.0,-374.0
-21.0,-105.0,-476.0
-52.0,-89.0,-636.0
70.0,-152.0,-589.0
-33.0,-183.0,-493.0
99.0,-105.0,-337.0
218.0,-368.0,-349.0
128.0,-232.0,-501.0
68.0,-228.0,-357.0
-210.0,-1.0,-482.0
181.0,1.0,-388.0
-54.0,-298.0,-618.0
132.0,-171.0,-283.0
-83.0,-365.0,-380.0
29.0,-165.0,-322.0
1.0,-87.0,-476.0
163.0,-76.0,-439.0
-95.0,35.0,-392.0
11.0,-261.0,-372.0
-17.0,-128.0,-404.0
177.0,-183.0,-536.0
-279.0,-331.0,-466.0
66.0,-454.0,-193.0
-95.0,-343.0,-394.0
140.0,154.0,-427.0
-87.0,37.0,-316.0
-103.0,-173.0,-271.0
-62.0,-183.0,-384.0
83.0,-83.0,-525.0
-37.0,-121.0,-376.0
-74.0,-226.0,-300.0
-134.0,-349.0,-238.0
312.0,-146.0,-257.0
-222.0,80.0,-445.0
259.0,-85.0,-409.0
-333.0,-218.0,-491.0
240.0,-203.0,-417.0
-179.0,-349.0,-458.0
111.0,-257.0,-247.0
15.0,-327.0,-269.0
179.0,-214.0,-335.0
105.0,60.0,-411.0
29.0,50.0,-470.0
-115.0,-105.0,-406.0
160.0,-277.0,-402.0
-29.0,-185.0,-339.0
128.0,-191.0,-324.0
-31.0,-292.0,-214.0
210.0,-33.0,-259.0
-64.0,-148.0,-392.0
64.0,-101.0,-359.0
-80.0,-331.0,-392.0
44.0,-245.0,-450.0
-81.0,-148.0,-532.0
-44.0,-136.0,-277.0
-15.0,-158.0,-244.0
83.0,-329.0,-247.0
179.0,29.0,-329.0
-130.0,-105.0,-396.0
21.0,-37.0,-372.0
-236.0,-240.0,-443.0
165.0,-74.0,-415.0
-357.0,-197.0,-388.0
327.0,-154.0,-199.0
-331.0,-107.0,-329.0
478.0,-23.0,-242.0
-363.0,-17.0,-456.0
263.0,-236.0,-394.0
-263.0,-337.0,-419.0
165.0,-158.0,-290.0
-52.0,-93.0,-363.0
-95.0,11.0,-382.0
191.0,-83.0,-226.0
-21.0,-60.0,-349.0
240.0,-214.0,-304.0
-251.0,-7.0,-466.0
89.0,-238.0,-392.0
-117.0,-146.0,-599.0
99.0,-242.0,-269.0
27.0,-140.0,-304.0
3.0,-89.0,-212.0
257.0,-13.0,-273.0
-111.0,-146.0,-394.0
138.0,-427.0,-349.0
-210.0,-441.0,-439.0
247.0,-124.0,-363.0
-97.0,-19.0,-454.0
76.0,40.0,-208.0
27.0,-284.0,-302.0
80.0,-162.0,-257.0
290.0,-304.0,-273.0
-331.0,-70.0,-320.0
261.0,-189.0,-220.0
-325.0,-150.0,-546.0
283.0,-152.0,-234.0
-173.0,-242.0,-302.0
17.0,-376.0,-119.0
76.0,-121.0,-292.0
-126.0,-46.0,-265.0
70.0,19.0,-310.0
-363.0,-273.0,-396.0
156.0,-257.0,-392.0
-150.0,-15.0,-480.0
132.0,-183.0,-345.0
-142.0,-220.0,-292.0
134.0,-372.0,-230.0
35.0,-17.0,-378.0
132.0,-140.0,-333.0
-181.0,-7.0,-380.0
7.0,-187.0,-329.0
33.0,-138.0,-406.0
80.0,-232.0,-331.0
-21.0,-337.0,-234.0
74.0,-335.0,-210.0
48.0,-91.0,-302.0
80.0,62.0,-310.0
-158.0,-93.0,-296.0
126.0,-222.0,-396.0
-19.0,-228.0,-452.0
286.0,-109.0,-304.0
-81.0,-142.0,-255.0
175.0,-290.0,-218.0
-7.0,-226.0,-396.0
160.0,-126.0,-284.0
-99.0,-150.0,-308.0
89.0,-261.0,-216.0
-50.0,-247.0,-374.0
171.0,-21.0,-245.0
-48.0,-154.0,-359.0
-9.0,-312.0,-171.0
52.0,-425.0,-214.0
214.0,-187.0,-162.0
83.0,-146.0,-292.0
158.0,-136.0,-283.0
177.0,-216.0,-415.0
427.0,-97.0,-402.0
263.0,-150.0,-415.0
478.0,-284.0,-261.0
343.0,-244.0,-310.0
741.0,-177.0,-308.0
419.0,-93.0,-452.0
528.0,-148.0,-476.0
472.0,-132.0,-528.0
685.0,-105.0,-544.0
630.0,-54.0,-404.0
548.0,-140.0,-337.0
718.0,-203.0,-265.0
638.0,-193.0,-452.0
724.0,-122.0,-345.0
511.0,-195.0,-417.0
655.0,-158.0,-314.0
673.0,-33.0,-425.0
677.0,-122.0,-335.0
558.0,-146.0,-306.0
585.0,-121.0,-275.0
667.0,-142.0,-396.0
673.0,-179.0,-345.0
484.0,-212.0,-427.0
689.0,-204.0,-470.0
503.0,-13.0,-636.0
835.0,-64.0,-593.0
279.0,-195.0,-642.0
745.0,-208.0,-372.0
316.0,68.0,-540.0
913.0,87.0,-569.0
185.0,-122.0,-704.0
575.0,-181.0,-605.0
138.0,-48.0,-823.0
595.0,-39.0,-829.0
31.0,-119.0,-802.0
208.0,-302.0,-562.0
152.0,-76.0,-581.0
296.0,35.0,-733.0
122.0,-46.0,-894.0
7.0,-210.0,-815.0
64.0,-99.0,-769.0
193.0,101.0,-944.0
39.0,-152.0,-876.0
160.0,-201.0,-618.0
-109.0,146.0,-673.0
406.0,76.0,-737.0
-66.0,130.0,-782.0
197.0,-253.0,-741.0
-103.0,-81.0,-858.0
294.0,-52.0,-786.0
-48.0,-40.0,-808.0
128.0,-162.0,-556.0
89.0,-29.0,-593.0
238.0,119.0,-650.0
325.0,-78.0,-728.0
-81.0,-160.0,-730.0
204.0,-206.0,-728.0
-7.0,58.0,-800.0
353.0,165.0,-706.0
-113.0,-5.0,-704.0
189.0,-165.0,-523.0
21.0,39.0,-618.0
132.0,101.0,-667.0
-72.0,0.0,-714.0
-234.0,-175.0,-704.0
-136.0,-35.0,-827.0
-333.0,3.0,-866.0
-70.0,-66.0,-642.0
-400.0,-35.0,-681.0
-66.0,-11.0,-657.0
-283.0,134.0,-843.0
-312.0,-27.0,-823.0
-366.0,-87.0,-933.0
-556.0,-27.0,-913.0
-345.0,-31.0,-895.0
-593.0,46.0,-880.0
-253.0,-56.0,-728.0
-599.0,70.0,-868.0
-310.0,-76.0,-950.0
-605.0,-72.0,-810.0
-474.0,-119.0,-792.0
-618.0,-52.0,-1022.0
-554.0,15.0,-1102.0
-560.0,-40.0,-866.0
-509.0,-70.0,-796.0
-351.0,-54.0,-718.0
-482.0,0.0,-956.0
-433.0,-1.0,-890.0
-636.0,-81.0,-981.0
-513.0,-60.0,-847.0
-548.0,15.0,-1026.0
-437.0,52.0,-923.0
-398.0,-105.0,-755.0
-480.0,-42.0,-774.0
-259.0,-83.0,-810.0
-400.0,37.0,-921.0
-419.0,-138.0,-839.0
-452.0,-126.0,-796.0
-443.0,7.0,-936.0
-269.0,48.0,-974.0
-406.0,25.0,-860.0
-312.0,-167.0,-663.0
-341.0,9.0,-755.0
-193.0,-48.0,-868.0
-421.0,-60.0,-915.0
-304.0,-119.0,-825.0
-404.0,35.0,-923.0
-152.0,66.0,-909.0
-382.0,-52.0,-897.0
-97.0,-165.0,-733.0
-341.0,35.0,-827.0
13.0,80.0,-888.0
-284.0,-46.0,-936.0
-109.0,-113.0,-849.0
-304.0,-19.0,-933.0
-13.0,128.0,-1030.0
-286.0,-29.0,-993.0
-80.0,-122.0,-800.0
-195.0,-21.0,-823.0
13.0,58.0,-876.0
-29.0,3.0,-985.0
-197.0,-101.0,-1005.0
-95.0,-9.0,-872.0
-181.0,152.0,-1005.0
29.0,13.0,-972.0
-113.0,-115.0,-962.0
48.0,-52.0,-806.0
46.0,78.0,-936.0
48.0,46.0,-905.0
-80.0,-169.0,-948.0
-148.0,-74.0,-1034.0
-23.0,17.0,-1112.0
-42.0,89.0,-991.0
-13.0,-105.0,-899.0
-21.0,-46.0,-847.0
60.0,70.0,-868.0
46.0,11.0,-989.0
-126.0,-99.0,-1003.0
-117.0,-70.0,-1013.0
-175.0,165.0,-1052.0
78.0,95.0,-981.0
-218.0,-35.0,-952.0
97.0,-224.0,-884.0
-103.0,48.0,-1007.0
167.0,37.0,-929.0
-138.0,-7.0,-919.0
-56.0,-87.0,-1009.0
-195.0,68.0,-1120.0
-25.0,181.0,-1013.0
-56.0,5.0,-936.0
-70.0,-107.0,-903.0
62.0,21.0,-833.0
64.0,204.0,-944.0
-25.0,21.0,-956.0
-165.0,-87.0,-944.0
-140.0,54.0,-1032.0
5.0,128.0,-1054.0
3.0,93.0,-899.0
58.0,-48.0,-835.0
-64.0,-44.0,-915.0
306.0,74.0,-952.0
-181.0,107.0,-962.0
54.0,-130.0,-823.0
-259.0,33.0,-1028.0
140.0,122.0,-1095.0
-54.0,177.0,-1022.0
91.0,-72.0,-733.0
1.0,-95.0,-817.0
107.0,29.0,-981.0
121.0,27.0,-995.0
-191.0,-64.0,-909.0
3.0,-111.0,-952.0
-111.0,66.0,-1042.0
185.0,169.0,-1018.0
-138.0,-54.0,-944.0
89.0,-216.0,-831.0
-80.0,0.0,-997.0
109.0,115.0,-1011.0
-126.0,-27.0,-976.0
-152.0,-154.0,-940.0
-89.0,-5.0,-1042.0
64.0,132.0,-1100.0
-52.0,70.0,-1065.0
-21.0,-99.0,-884.0
-121.0,-115.0,-856.0
154.0,-3.0,-976.0
-119.0,64.0,-1145.0
25.0,-74.0,-958.0
-271.0,13.0,-999.0
128.0,105.0,-1063.0
-130.0,95.0,-1157.0
74.0,-64.0,-899.0
-62.0,-42.0,-911.0
185.0,37.0,-946.0
-17.0,0.0,-987.0
-33.0,-31.0,-1056.0
-54.0,-13.0,-1046.0
9.0,66.0,-1120.0
13.0,91.0,-1038.0
23.0,-27.0,-886.0
130.0,-31.0,-833.0
35.0,-19.0,-1028.0
199.0,-40.0,-1020.0
-193.0,-54.0,-1054.0
165.0,-27.0,-938.0
-132.0,146.0,-1091.0
177.0,35.0,-997.0
-111.0,-40.0,-997.0
117.0,-117.0,-905.0
76.0,-1.0,-936.0
109.0,74.0,-995.0
-40.0,-97.0,-981.0
-95.0,-103.0,-985.0
-39.0,37.0,-1085.0
52.0,119.0,-1087.0
-17.0,-13.0,-952.0
50.0,-93.0,-915.0
-40.0,-56.0,-968.0
158.0,0.0,-1007.0
-165.0,27.0,-979.0
74.0,-76.0,-968.0
-312.0,89.0,-1114.0
175.0,81.0,-1048.0
-183.0,46.0,-1046.0
78.0,-136.0,-858.0
37.0,46.0,-929.0
111.0,167.0,-1030.0
11.0,-23.0,-907.0
-232.0,-74.0,-1011.0
17.0,-1.0,-1081.0
-52.0,197.0,-1149.0
105.0,140.0,-933.0
5.0,-81.0,-923.0
1.0,-17.0,-899.0
144.0,13.0,-1026.0
-42.0,130.0,-1040.0
19.0,-101.0,-1018.0
-179.0,7.0,-966.0
230.0,72.0,-1032.0
-78.0,156.0,-1093.0
199.0,-72.0,-931.0
-146.0,-29.0,-876.0
284.0,-7.0,-968.0
-25.0,111.0,-1052.0
15.0,0.0,-981.0
-122.0,-105.0,-981.0
-7.0,93.0,-1089.0
97.0,87.0,-1116.0
19.0,29.0,-997.0
58.0,-138.0,-841.0
-17.0,52.0,-1011.0
97.0,37.0,-1091.0
-128.0,-1.0,-989.0
-40.0,-95.0,-936.0
-56.0,60.0,-1159.0
39.0,163.0,-1173.0
-21.0,35.0,-1042.0
-66.0,-21.0,-936.0
25.0,-23.0,-911.0
25.0,62.0,-1011.0
-7.0,-42.0,-1040.0
-126.0,7.0,-1087.0
-66.0,78.0,-1052.0
33.0,162.0,-1118.0
-44.0,31.0,-1034.0
11.0,-64.0,-960.0
-44.0,-21.0,-876.0
199.0,81.0,-970.0
-9.0,103.0,-1102.0
46.0,-44.0,-1042.0
-132.0,-17.0,-952.0
140.0,29.0,-1005.0
19.0,144.0,-1179.0
111.0,-76.0,-1003.0
21.0,-19.0,-862.0
103.0,31.0,-919.0
177.0,11.0,-1011.0
-121.0,-113.0,-1020.0
99.0,-25.0,-1018.0
-97.0,128.0,-1145.0
154.0,50.0,-1018.0
-117.0,-25.0,-1003.0
119.0,-78.0,-913.0
-17.0,72.0,-940.0
163.0,-13.0,-966.0
-87.0,-185.0,-1054.0
3.0,-37.0,-1071.0
-105.0,160.0,-1098.0
1.0,119.0,-1024.0
-31.0,-80.0,-936.0
-58.0,-83.0,-1056.0
66.0,-39.0,-972.0
25.0,93.0,-940.0
-23.0,-74.0,-968.0
-83.0,-23.0,-1075.0
-89.0,19.0,-1081.0
7.0,181.0,-1079.0
-95.0,19.0,-1026.0
-3.0,-169.0,-899.0
-39.0,35.0,-960.0
132.0,134.0,-993.0
19.0,-39.0,-958.0
-83.0,-109.0,-983.0
-25.0,33.0,-1079.0
21.0,122.0,-1018.0
3.0,-152.0,-864.0
105.0,-58.0,-921.0
181.0,93.0,-1065.0
126.0,113.0,-995.0
-44.0,-181.0,-907.0
-46.0,11.0,-1042.0
122.0,144.0,-1182.0
60.0,177.0,-1089.0
62.0,-122.0,-862.0
-37.0,-107.0,-899.0
128.0,-15.0,-983.0
60.0,122.0,-1122.0
-56.0,-46.0,-1015.0
-52.0,-119.0,-974.0
-91.0,72.0,-1057.0
140.0,179.0,-1157.0
-111.0,1.0,-1038.0
29.0,-128.0,-882.0
-64.0,-27.0,-1011.0
158.0,113.0,-1048.0
-80.0,-19.0,-1003.0
-23.0,-52.0,-974.0
-150.0,-31.0,-1147.0
81.0,204.0,-1136.0
-140.0,33.0,-1122.0
58.0,-95.0,-864.0
-115.0,37.0,-915.0
169.0,42.0,-1022.0
-39.0,37.0,-1071.0
-33.0,-50.0,-1026.0
-54.0,83.0,-1030.0
-11.0,193.0,-1147.0
-58.0,103.0,-1054.0
25.0,-29.0,-1022.0
-56.0,-105.0,-911.0
234.0,78.0,-956.0
37.0,72.0,-1022.0
111.0,1.0,-1007.0
-50.0,64.0,-1040.0
80.0,105.0,-1163.0
-39.0,37.0,-1091.0
64.0,3.0,-888.0
1.0,-11.0,-929.0
183.0,3.0,-968.0
64.0,1.0,-1022.0
60.0,-66.0,-1034.0
-1.0,11.0,-997.0
21.0,206.0,-1042.0
-13.0,138.0,-1151.0
-87.0,-130.0,-995.0
-44.0,-111.0,-874.0
81.0,33.0,-974.0
152.0,74.0,-1044.0
-66.0,-31.0,-960.0
-25.0,-60.0,-1026.0
-193.0,50.0,-1210.0
9.0,144.0,-1126.0
-201.0,3.0,-1034.0
7.0,-115.0,-854.0
-39.0,-19.0,-921.0
177.0,70.0,-1040.0
-58.0,-37.0,-1120.0
-87.0,-97.0,-995.0
-132.0,99.0,-1005.0
-7.0,210.0,-1136.0
-119.0,70.0,-1071.0
21.0,-72.0,-972.0
-91.0,-56.0,-921.0
255.0,64.0,-966.0
37.0,66.0,-1026.0
60.0,-121.0,-1024.0
-156.0,42.0,-1077.0
21.0,154.0,-1132.0
0.0,105.0,-1095.0
-23.0,-81.0,-895.0
177.0,-109.0,-868.0
109.0,70.0,-989.0
228.0,17.0,-1015.0
-87.0,-52.0,-1036.0
17.0,-37.0,-1015.0
-50.0,130.0,-1065.0
44.0,115.0,-1061.0
27.0,-81.0,-991.0
19.0,-105.0,-907.0
111.0,-33.0,-987.0
93.0,39.0,-985.0
-89.0,-60.0,-1038.0
-72.0,-37.0,-1048.0
-101.0,130.0,-1147.0
-1.0,111.0,-1081.0
-58.0,-64.0,-981.0
50.0,-111.0,-927.0
7.0,62.0,-991.0
109.0,58.0,-1054.0
-144.0,-66.0,-1024.0
-115.0,-66.0,-1018.0
-91.0,52.0,-1073.0
58.0,206.0,-1143.0
-35.0,-35.0,-1018.0
5.0,-39.0,-921.0
-21.0,-42.0,-968.0
185.0,99.0,-1003.0
-83.0,40.0,-1007.0
29.0,-68.0,-1013.0
-128.0,119.0,-1108.0
124.0,167.0,-1079.0
31.0,142.0,-1034.0
-33.0,-177.0,-956.0
148.0,-15.0,-935.0
66.0,144.0,-1032.0
171.0,17.0,-966.0
-136.0,-27.0,-999.0
52.0,-9.0,-1036.0
17.0,189.0,-1143.0
113.0,80.0,-1044.0
64.0,-124.0,-936.0
-23.0,-27.0,-917.0
193.0,27.0,-997.0
27.0,111.0,-1011.0
76.0,-115.0,-1013.0
-175.0,-3.0,-1046.0
105.0,122.0,-1093.0
-25.0,197.0,-1145.0
7.0,-101.0,-946.0
54.0,-140.0,-929.0
7.0,9.0,-1001.0
185.0,68.0,-1075.0
-230.0,-7.0,-989.0
-3.0,-76.0,-1034.0
-171.0,124.0,-1132.0
111.0,230.0,-1171.0
-101.0,-46.0,-1036.0
-58.0,-191.0,-878.0
-21.0,-81.0,-936.0
134.0,181.0,-1077.0
-40.0,81.0,-1087.0
-144.0,-107.0,-958.0
-103.0,56.0,-1063.0
13.0,152.0,-1112.0
-21.0,183.0,-1071.0
64.0,-156.0,-976.0
-91.0,-31.0,-923.0
216.0,9.0,-964.0
-27.0,93.0,-1034.0
109.0,-1.0,-981.0
-216.0,23.0,-1106.0
95.0,107.0,-1104.0
-33.0,89.0,-1057.0
76.0,11.0,-933.0
78.0,-173.0,-886.0
124.0,-44.0,-997.0
68.0,81.0,-1036.0
-7.0,44.0,-1001.0
-58.0,15.0,-981.0
-3.0,48.0,-1139.0
-37.0,122.0,-1104.0
105.0,-89.0,-954.0
-25.0,-103.0,-862.0
167.0,-1.0,-981.0
50.0,-5.0,-1059.0
-78.0,-29.0,-981.0
-83.0,-74.0,-1028.0
-54.0,132.0,-1106.0
81.0,95.0,-1120.0
-156.0,7.0,-1020.0
152.0,-160.0,-880.0
-126.0,-74.0,-983.0
169.0,48.0,-1083.0
-163.0,15.0,-1052.0
-39.0,5.0,-940.0
-183.0,128.0,-1073.0
95.0,87.0,-1155.0
-115.0,7.0,-1087.0
3.0,-78.0,-954.0
-17.0,-25.0,-927.0
99.0,37.0,-974.0
-37.0,11.0,-1018.0
3.0,-42.0,-1063.0
-95.0,113.0,-1034.0
52.0,230.0,-1112.0
15.0,13.0,-1059.0
-7.0,-89.0,-960.0
29.0,-39.0,-860.0
165.0,48.0,-1024.0
134.0,-27.0,-1026.0
-74.0,0.0,-1011.0
72.0,74.0,-974.0
5.0,142.0,-1098.0
103.0,85.0,-1095.0
-72.0,-113.0,-1028.0
115.0,-99.0,-888.0
64.0,76.0,-919.0
181.0,-9.0,-1011.0
-80.0,-152.0,-1048.0
3.0,21.0,-999.0
-15.0,288.0,-1143.0
44.0,134.0,-1132.0
-52.0,-169.0,-952.0
-46.0,-146.0,-882.0
87.0,-21.0,-997.0
119.0,126.0,-1106.0
-33.0,-66.0,-1038.0
-68.0,-23.0,-972.0
-136.0,130.0,-1065.0
37.0,175.0,-1188.0
-115.0,-3.0,-1050.0
68.0,-154.0,-905.0
-62.0,17.0,-962.0
320.0,37.0,-950.0
-81.0,-27.0,-1046.0
158.0,-31.0,-1077.0
-132.0,150.0,-1143.0
230.0,238.0,-1056.0
40.0,70.0,-1061.0
300.0,-158.0,-933.0
281.0,-93.0,-936.0
441.0,97.0,-1036.0
394.0,95.0,-1073.0
288.0,-33.0,-1007.0
345.0,58.0,-1013.0
409.0,101.0,-1149.0
458.0,87.0,-1059.0
407.0,-70.0,-981.0
648.0,-58.0,-929.0
554.0,7.0,-927.0
548.0,62.0,-999.0
284.0,-42.0,-1063.0
370.0,-1.0,-1032.0
267.0,99.0,-1097.0
378.0,162.0,-1056.0
103.0,-19.0,-985.0
353.0,-201.0,-831.0
183.0,-3.0,-1013.0
314.0,68.0,-995.0
-19.0,9.0,-1020.0
21.0,-72.0,-1003.0
-70.0,33.0,-1149.0
124.0,154.0,-1077.0
-93.0,60.0,-1048.0
113.0,-113.0,-892.0
-103.0,-72.0,-948.0
183.0,46.0,-1034.0
-204.0,101.0,-1108.0
21.0,-126.0,-1026.0
-247.0,19.0,-1097.0
132.0,208.0,-1098.0
-165.0,89.0,-1095.0
193.0,-93.0,-938.0
-132.0,-40.0,-977.0
259.0,7.0,-991.0
-27.0,44.0,-1120.0
58.0,-23.0,-976.0
-13.0,42.0,-1091.0
81.0,105.0,-1143.0
115.0,158.0,-1097.0
7.0,-31.0,-960.0
203.0,-154.0,-907.0
163.0,21.0,-1028.0
142.0,66.0,-958.0
62.0,-81.0,-1013.0
21.0,-23.0,-1040.0
130.0,163.0,-1110.0
60.0,148.0,-1015.0
91.0,-119.0,-925.0
1.0,-105.0,-864.0
132.0,39.0,-989.0
148.0,27.0,-1028.0
-48.0,-37.0,-981.0
-25.0,-68.0,-976.0
-1.0,117.0,-1048.0
5.0,169.0,-1132.0
-40.0,-39.0,-968.0
-5.0,-136.0,-868.0
42.0,-78.0,-927.0
156.0,101.0,-1054.0
-119.0,-60.0,-989.0
-85.0,-81.0,-974.0
-150.0,128.0,-1128.0
50.0,195.0,-1151.0
-64.0,-11.0,-1020.0
3.0,-130.0,-853.0
-5.0,-64.0,-946.0
169.0,163.0,-1071.0
-25.0,9.0,-1059.0
-29.0,-37.0,-1011.0
-128.0,0.0,-1089.0
70.0,214.0,-1106.0
23.0,91.0,-1089.0
5.0,-64.0,-936.0
9.0,-52.0,-942.0
179.0,17.0,-985.0
78.0,56.0,-1018.0
44.0,-15.0,-1087.0
-81.0,40.0,-1052.0
113.0,109.0,-1087.0
15.0,150.0,-1057.0
111.0,-91.0,-964.0
56.0,-111.0,-888.0
206.0,-5.0,-989.0
138.0,140.0,-1034.0
19.0,-27.0,-1009.0
-29.0,-11.0,-981.0
7.0,95.0,-1108.0
64.0,93.0,-1141.0
5.0,-76.0,-964.0
117.0,-42.0,-870.0
81.0,25.0,-946.0
146.0,97.0,-1022.0
-81.0,-23.0,-1056.0
-91.0,-50.0,-1046.0
-39.0,122.0,-1122.0
58.0,142.0,-1130.0
-68.0,-19.0,-1007.0
44.0,-68.0,-921.0
-3.0,-101.0,-948.0
117.0,48.0,-1046.0
-146.0,76.0,-1132.0
54.0,-31.0,-1026.0
-216.0,138.0,-1059.0
158.0,83.0,-1106.0
-99.0,44.0,-1104.0
97.0,-78.0,-915.0
66.0,-85.0,-921.0
171.0,109.0,-1056.0
81.0,19.0,-1081.0
-162.0,19.0,-1063.0
35.0,1.0,-1003.0
-9.0,115.0,-1141.0
44.0,136.0,-1042.0
33.0,-128.0,-944.0
-11.0,-70.0,-905.0
169.0,-64.0,-974.0
25.0,105.0,-1048.0
-29.0,-46.0,-1020.0
-109.0,48.0,-999.0
35.0,83.0,-1095.0
-29.0,91.0,-1097.0
3.0,-89.0,-944.0
78.0,-152.0,-925.0
31.0,-1.0,-958.0
111.0,27.0,-977.0
-201.0,35.0,-1034.0
40.0,-70.0,-1044.0
-163.0,148.0,-1163.0
117.0,93.0,-1077.0
-158.0,-7.0,-1011.0
9.0,-199.0,-892.0
72.0,-105.0,-938.0
40.0,48.0,-1056.0
-44.0,31.0,-997.0
-140.0,27.0,-1020.0
-103.0,60.0,-1188.0
-44.0,185.0,-1136.0
-62.0,-13.0,-1015.0
-37.0,-204.0,-870.0
126.0,-1.0,-913.0
76.0,122.0,-1075.0
33.0,5.0,-1020.0
-271.0,-21.0,-1063.0
46.0,72.0,-1030.0
-5.0,308.0,-1190.0
62.0,105.0,-989.0
-31.0,-128.0,-919.0
78.0,-169.0,-884.0
95.0,-5.0,-1073.0
66.0,163.0,-1015.0
-103.0,17.0,-1026.0
-81.0,117.0,-966.0
119.0,136.0,-1091.0
13.0,140.0,-1155.0
89.0,-146.0,-913.0
11.0,-160.0,-868.0
167.0,-27.0,-970.0
113.0,111.0,-1046.0
-103.0,48.0,-1018.0
23.0,-74.0,-1034.0
-113.0,199.0,-1155.0
222.0,156.0,-1063.0
-64.0,13.0,-1003.0
83.0,-253.0,-839.0
87.0,-107.0,-972.0
117.0,60.0,-1071.0
-58.0,42.0,-1026.0
-85.0,1.0,-1018.0
-80.0,105.0,-1110.0
44.0,267.0,-1106.0
-40.0,-95.0,-1081.0
31.0,-187.0,-936.0
-42.0,-146.0,-876.0
150.0,97.0,-981.0
-160.0,42.0,-1118.0
29.0,25.0,-1038.0
-228.0,121.0,-1151.0
134.0,177.0,-1108.0
-210.0,99.0,-1085.0
87.0,-171.0,-911.0
-58.0,-115.0,-962.0
275.0,-9.0,-1015.0
-122.0,101.0,-1048.0
117.0,-5.0,-944.0
-286.0,126.0,-1169.0
216.0,138.0,-1110.0
-97.0,158.0,-1192.0
103.0,-107.0,-817.0
64.0,-177.0,-858.0
138.0,-87.0,-983.0
148.0,-13.0,-1091.0
-183.0,40.0,-1038.0
206.0,64.0,-1042.0
-216.0,240.0,-1167.0
306.0,138.0,-964.0
-191.0,-35.0,-1032.0
193.0,-259.0,-849.0
64.0,-175.0,-946.0
185.0,15.0,-1005.0
-44.0,39.0,-1134.0
-165.0,99.0,-1030.0
50.0,124.0,-1077.0
-191.0,130.0,-1194.0
68.0,-107.0,-958.0
-95.0,-50.0,-948.0
76.0,-101.0,-948.0
119.0,-7.0,-1042.0
-142.0,-148.0,-1005.0
83.0,-93.0,-970.0
-435.0,283.0,-1138.0
308.0,302.0,-1186.0
-507.0,99.0,-1241.0
302.0,-269.0,-706.0
-91.0,-160.0,-835.0
242.0,-15.0,-1054.0
-23.0,107.0,-1112.0
-208.0,95.0,-1091.0
-23.0,105.0,-985.0
-111.0,314.0,-1171.0
144.0,81.0,-985.0
15.0,-160.0,-1022.0
64.0,-136.0,-819.0
271.0,-37.0,-892.0
-50.0,117.0,-1151.0
29.0,-113.0,-1046.0
-58.0,103.0,-960.0
-103.0,208.0,-1126.0
160.0,191.0,-1071.0
-76.0,31.0,-942.0
183.0,-335.0,-913.0
-19.0,-74.0,-866.0
228.0,35.0,-987.0
-372.0,-25.0,-1093.0
232.0,81.0,-936.0
-222.0,300.0,-1329.0
279.0,93.0,-1001.0
29.0,-42.0,-878.0
-72.0,-136.0,-895.0
316.0,-19.0,-1018.0
-44.0,50.0,-1136.0
138.0,-216.0,-958.0
-279.0,-89.0,-917.0
89.0,195.0,-1112.0
-189.0,554.0,-1270.0
54.0,81.0,-1126.0
-199.0,-454.0,-952.0
218.0,-232.0,-622.0
23.0,130.0,-1024.0
42.0,40.0,-1089.0
-89.0,68.0,-1145.0
-187.0,93.0,-1190.0
193.0,230.0,-1106.0
-87.0,156.0,-944.0
46.0,-105.0,-882.0
58.0,-187.0,-890.0
87.0,-13.0,-1097.0
109.0,25.0,-1005.0
-234.0,17.0,-1098.0
-11.0,95.0,-1032.0
-87.0,363.0,-1227.0
121.0,70.0,-995.0
85.0,-284.0,-753.0
19.0,-142.0,-905.0
281.0,29.0,-1071.0
-35.0,93.0,-1054.0
15.0,-89.0,-880.0
-107.0,21.0,-1112.0
195.0,249.0,-1149.0
-33.0,271.0,-1159.0
122.0,-128.0,-849.0
39.0,-394.0,-831.0
72.0,-93.0,-1007.0
308.0,128.0,-1079.0
-224.0,-52.0,-1108.0
93.0,-187.0,-882.0
-206.0,138.0,-1093.0
187.0,324.0,-1034.0
-222.0,152.0,-1139.0
44.0,-99.0,-956.0
87.0,-261.0,-995.0
119.0,-107.0,-913.0
58.0,-117.0,-917.0
-226.0,181.0,-1118.0
-1.0,353.0,-1249.0
-15.0,261.0,-1325.0
-160.0,-325.0,-966.0
132.0,-429.0,-659.0
-136.0,-13.0,-958.0
421.0,208.0,-1048.0
-314.0,312.0,-1241.0
19.0,-107.0,-952.0
-230.0,33.0,-1003.0
-35.0,158.0,-1048.0
-23.0,259.0,-1190.0
-62.0,74.0,-993.0
132.0,-175.0,-812.0
105.0,-58.0,-948.0
224.0,-156.0,-1071.0
-152.0,-121.0,-1040.0
39.0,175.0,-981.0
-44.0,349.0,-1243.0
203.0,269.0,-1097.0
-70.0,-78.0,-958.0
242.0,-398.0,-720.0
-37.0,-160.0,-974.0
148.0,93.0,-1091.0
-35.0,89.0,-1110.0
-81.0,91.0,-977.0
-40.0,175.0,-1089.0
66.0,187.0,-1042.0
9.0,-81.0,-1030.0
-44.0,-111.0,-940.0
197.0,-181.0,-952.0
-81.0,-9.0,-1018.0
54.0,-29.0,-921.0
-156.0,13.0,-1177.0
-101.0,208.0,-1153.0
74.0,314.0,-1145.0
-152.0,-64.0,-1032.0
140.0,-333.0,-794.0
-115.0,-60.0,-868.0
201.0,140.0,-1130.0
-140.0,19.0,-1128.0
-35.0,-109.0,-976.0
-117.0,25.0,-952.0
62.0,417.0,-1069.0
-115.0,230.0,-1186.0
107.0,-146.0,-1034.0
-179.0,-162.0,-997.0
312.0,-93.0,-804.0
-21.0,11.0,-1056.0
15.0,-97.0,-931.0
5.0,234.0,-1087.0
-89.0,320.0,-1300.0
138.0,154.0,-1110.0
-214.0,-142.0,-831.0
296.0,-417.0,-782.0
-23.0,-46.0,-1005.0
292.0,203.0,-991.0
-218.0,101.0,-1128.0
13.0,-13.0,-1026.0
-142.0,56.0,-1141.0
46.0,183.0,-1028.0
35.0,21.0,-956.0
-17.0,-160.0,-837.0
230.0,-124.0,-950.0
111.0,-19.0,-1032.0
0.0,13.0,-1065.0
-144.0,1.0,-1100.0
-68.0,81.0,-1134.0
-5.0,253.0,-1116.0
23.0,40.0,-956.0
-15.0,-267.0,-860.0
44.0,-244.0,-876.0
134.0,42.0,-1124.0
-103.0,52.0,-1141.0
-122.0,40.0,-979.0
-193.0,171.0,-1044.0
109.0,210.0,-1132.0
-42.0,122.0,-1056.0
40.0,-177.0,-925.0
25.0,-224.0,-913.0
201.0,-40.0,-981.0
0.0,23.0,-1032.0
-109.0,89.0,-1011.0
-148.0,113.0,-1089.0
-31.0,226.0,-1212.0
56.0,142.0,-1040.0
0.0,-54.0,-913.0
103.0,-224.0,-858.0
173.0,-115.0,-987.0
97.0,58.0,-1030.0
-76.0,44.0,-1069.0
-35.0,33.0,-1018.0
23.0,142.0,-1081.0
142.0,158.0,-1081.0
52.0,-95.0,-1003.0
76.0,-163.0,-899.0
93.0,-23.0,-892.0
171.0,3.0,-1013.0
-60.0,-93.0,-1050.0
-37.0,-31.0,-1048.0
-117.0,238.0,-1153.0
154.0,249.0,-1100.0
-163.0,-19.0,-1026.0
85.0,-259.0,-817.0
-37.0,-87.0,-927.0
156.0,25.0,-1024.0
-70.0,-17.0,-1079.0
-177.0,-5.0,-1089.0
-89.0,177.0,-1046.0
50.0,341.0,-1116.0
-52.0,-21.0,-1089.0
-13.0,-242.0,-929.0
-109.0,-105.0,-942.0
203.0,52.0,-983.0
-74.0,29.0,-1056.0
-56.0,-93.0,-1015.0
-122.0,126.0,-1102.0
-21.0,400.0,-1126.0
29.0,165.0,-1093.0
-111.0,-152.0,-977.0
87.0,-238.0,-872.0
66.0,17.0,-948.0
122.0,72.0,-1048.0
-81.0,-50.0,-1042.0
-62.0,99.0,-1057.0
-23.0,286.0,-1134.0
64.0,185.0,-1073.0
15.0,-169.0,-913.0
33.0,-224.0,-929.0
163.0,-13.0,-1005.0
111.0,107.0,-962.0
9.0,-105.0,-970.0
-58.0,-23.0,-1087.0
70.0,255.0,-1163.0
-7.0,304.0,-1114.0
37.0,-105.0,-913.0
-122.0,-234.0,-890.0
95.0,-136.0,-940.0
119.0,33.0,-1028.0
-42.0,-44.0,-1030.0
5.0,-21.0,-1024.0
-126.0,261.0,-1134.0
126.0,292.0,-1102.0
-134.0,-17.0,-1036.0
21.0,-300.0,-899.0
-5.0,-163.0,-1011.0
230.0,31.0,-979.0
-11.0,13.0,-1005.0
-103.0,-60.0,-1050.0
-85.0,185.0,-1159.0
-9.0,353.0,-1159.0
-3.0,101.0,-1026.0
-87.0,-191.0,-892.0
33.0,-160.0,-915.0
165.0,-54.0,-1028.0
-15.0,25.0,-1048.0
15.0,-31.0,-1003.0
-255.0,238.0,-1079.0
136.0,253.0,-1139.0
-187.0,134.0,-1116.0
97.0,-203.0,-860.0
-81.0,-134.0,-923.0
302.0,-54.0,-989.0
46.0,93.0,-1026.0
-29.0,-60.0,-974.0
-115.0,23.0,-1079.0
21.0,226.0,-1188.0
15.0,201.0,-1081.0
74.0,-40.0,-872.0
11.0,-181.0,-884.0
201.0,-146.0,-956.0
115.0,25.0,-1083.0
-9.0,-27.0,-1036.0
-78.0,52.0,-993.0
-130.0,232.0,-1153.0
113.0,177.0,-1136.0
-121.0,-5.0,-1013.0
62.0,-251.0,-845.0
58.0,-101.0,-958.0
142.0,62.0,-1075.0
-33.0,-27.0,-981.0
-165.0,-19.0,-1044.0
-121.0,136.0,-1145.0
103.0,324.0,-1149.0
-62.0,64.0,-1048.0
105.0,-195.0,-874.0
-140.0,-152.0,-913.0
267.0,-101.0,-1013.0
-150.0,23.0,-1134.0
15.0,95.0,-972.0
-234.0,169.0,-1097.0
70.0,244.0,-1145.0
-66.0,46.0,-1097.0
29.0,-89.0,-954.0
25.0,-134.0,-853.0
173.0,-9.0,-981.0
19.0,-9.0,-1056.0
21.0,-29.0,-1050.0
-195.0,103.0,-1056.0
185.0,244.0,-1161.0
-105.0,236.0,-1114.0
177.0,-136.0,-897.0
-54.0,-191.0,-870.0
245.0,-99.0,-976.0
72.0,35.0,-1069.0
7.0,-54.0,-1005.0
-111.0,29.0,-1015.0
25.0,273.0,-1044.0
81.0,201.0,-1120.0
-5.0,-99.0,-997.0
21.0,-177.0,-927.0
39.0,-119.0,-894.0
179.0,-17.0,-952.0
-105.0,-56.0,-1011.0
-62.0,42.0,-1089.0
-107.0,244.0,-1130.0
-25.0,245.0,-1098.0
-37.0,-31.0,-1042.0
-48.0,-214.0,-948.0
3.0,-152.0,-888.0
150.0,48.0,-997.0
-42.0,-44.0,-1100.0
-72.0,15.0,-1036.0
-193.0,152.0,-1050.0
54.0,302.0,-1139.0
-101.0,35.0,-1106.0
70.0,-80.0,-940.0
-64.0,-93.0,-923.0
212.0,0.0,-936.0
-15.0,-60.0,-995.0
-50.0,-85.0,-1044.0
-80.0,187.0,-1136.0
25.0,363.0,-1177.0
23.0,195.0,-1032.0
-80.0,-224.0,-913.0
93.0,-199.0,-917.0
128.0,-13.0,-1013.0
132.0,29.0,-972.0
-93.0,-134.0,-1001.0
-37.0,117.0,-1044.0
15.0,300.0,-1124.0
52.0,253.0,-1097.0
40.0,-115.0,-925.0
-56.0,-226.0,-933.0
228.0,-119.0,-933.0
167.0,1.0,-997.0
29.0,5.0,-985.0
-124.0,-21.0,-1018.0
-119.0,259.0,-1153.0
76.0,203.0,-1151.0
-95.0,-5.0,-1052.0
58.0,-245.0,-831.0
-44.0,-187.0,-954.0
277.0,21.0,-1011.0
-109.0,-29.0,-1067.0
-50.0,-5.0,-958.0
-220.0,111.0,-1188.0
91.0,294.0,-1186.0
-5.0,152.0,-1050.0
-25.0,-173.0,-880.0
5.0,-218.0,-872.0
121.0,-66.0,-1038.0
58.0,-44.0,-1052.0
-165.0,19.0,-1081.0
-132.0,128.0,-1042.0
11.0,267.0,-1167.0
-17.0,206.0,-1079.0
5.0,-62.0,-987.0
-97.0,-175.0,-870.0
267.0,-220.0,-976.0
23.0,37.0,-1020.0
56.0,60.0,-1042.0
-162.0,97.0,-1036.0
37.0,191.0,-1110.0
27.0,255.0,-1128.0
1.0,3.0,-1015.0
3.0,-220.0,-835.0
126.0,-183.0,-923.0
206.0,0.0,-1009.0
19.0,1.0,-1048.0
-107.0,29.0,-1028.0
-27.0,230.0,-1059.0
27.0,240.0,-1147.0
-7.0,58.0,-1081.0
48.0,-259.0,-888.0
76.0,-138.0,-858.0
267.0,-107.0,-966.0
21.0,25.0,-1052.0
-101.0,-17.0,-1065.0
-117.0,169.0,-1138.0
-25.0,283.0,-1163.0
5.0,46.0,-1020.0
-46.0,-150.0,-944.0
17.0,-253.0,-874.0
247.0,-74.0,-942.0
-148.0,15.0,-1130.0
52.0,3.0,-1075.0
-337.0,140.0,-1095.0
66.0,296.0,-1063.0
-177.0,165.0,-1130.0
99.0,-128.0,-997.0
-177.0,-226.0,-897.0
318.0,-23.0,-843.0
-154.0,48.0,-1132.0
68.0,-62.0,-989.0
-355.0,113.0,-1102.0
218.0,249.0,-1011.0
-216.0,357.0,-1260.0
242.0,-99.0,-983.0
-269.0,-271.0,-897.0
534.0,-189.0,-669.0
-253.0,99.0,-1233.0
370.0,-40.0,-1028.0
-527.0,62.0,-1274.0
240.0,72.0,-825.0
7.0,448.0,-1118.0
-5.0,1.0,-1056.0
31.0,-247.0,-1040.0
83.0,-204.0,-749.0
417.0,31.0,-950.0
-312.0,46.0,-1067.0
327.0,-81.0,-974.0
-370.0,136.0,-1206.0
423.0,290.0,-1128.0
-279.0,119.0,-1069.0
162.0,-218.0,-757.0
-191.0,-322.0,-970.0
497.0,-11.0,-979.0
-181.0,101.0,-1192.0
-42.0,-21.0,-977.0
-335.0,-17.0,-1067.0
185.0,339.0,-1093.0
-267.0,247.0,-1253.0
156.0,-187.0,-894.0
-142.0,-263.0,-897.0
245.0,-48.0,-923.0
23.0,70.0,-1042.0
-17.0,-83.0,-1057.0
-322.0,95.0,-1128.0
134.0,271.0,-1095.0
-162.0,284.0,-1194.0
103.0,-19.0,-897.0
-101.0,-261.0,-903.0
234.0,-175.0,-833.0
13.0,91.0,-1153.0
-72.0,0.0,-1180.0
-136.0,19.0,-1015.0
-42.0,218.0,-991.0
35.0,247.0,-1132.0
87.0,19.0,-1087.0
-97.0,-52.0,-899.0
304.0,-271.0,-833.0
-132.0,-9.0,-1056.0
236.0,-42.0,-976.0
-269.0,72.0,-1100.0
111.0,105.0,-1063.0
-105.0,269.0,-1132.0
39.0,103.0,-1083.0
-9.0,-214.0,-860.0
162.0,-136.0,-800.0
148.0,-107.0,-1083.0
56.0,-68.0,-1050.0
-89.0,27.0,-999.0
-103.0,144.0,-1102.0
95.0,281.0,-1190.0
-115.0,154.0,-1028.0
50.0,-187.0,-931.0
-33.0,-224.0,-915.0
271.0,-105.0,-929.0
-107.0,-40.0,-1097.0
-44.0,-95.0,-1087.0
-238.0,154.0,-1081.0
15.0,366.0,-1112.0
-89.0,146.0,-1093.0
7.0,-97.0,-964.0
-17.0,-187.0,-866.0
216.0,-140.0,-976.0
-50.0,27.0,-1046.0
-50.0,48.0,-1042.0
-284.0,95.0,-1098.0
68.0,255.0,-1056.0
-81.0,216.0,-1179.0
-15.0,-58.0,-1030.0
31.0,-169.0,-792.0
89.0,-70.0,-979.0
169.0,-89.0,-1026.0
-128.0,0.0,-993.0
-50.0,9.0,-972.0
-52.0,124.0,-1192.0
126.0,366.0,-1143.0
-93.0,113.0,-1001.0
42.0,-310.0,-886.0
37.0,-275.0,-892.0
347.0,35.0,-923.0
-119.0,9.0,-1143.0
56.0,-78.0,-970.0
-222.0,124.0,-1122.0
240.0,339.0,-1042.0
21.0,193.0,-1095.0
-167.0,-201.0,-991.0
238.0,-277.0,-772.0
33.0,-19.0,-1065.0
181.0,0.0,-962.0
-179.0,19.0,-1091.0
-163.0,78.0,-974.0
140.0,363.0,-1151.0
-111.0,146.0,-1214.0
140.0,-238.0,-972.0
-396.0,-216.0,-835.0
493.0,5.0,-716.0
-95.0,113.0,-1257.0
-66.0,-66.0,-1141.0
-58.0,-83.0,-938.0
-70.0,357.0,-1091.0
58.0,228.0,-1198.0
-214.0,124.0,-1044.0
19.0,-359.0,-792.0
212.0,-193.0,-847.0
267.0,7.0,-1042.0
46.0,31.0,-1126.0
-331.0,122.0,-1091.0
222.0,152.0,-1075.0
-81.0,214.0,-1124.0
171.0,17.0,-972.0
-265.0,-163.0,-964.0
279.0,-181.0,-866.0
115.0,87.0,-1036.0
-19.0,-13.0,-1065.0
-21.0,-115.0,-1026.0
-359.0,122.0,-1151.0
357.0,421.0,-913.0
-242.0,263.0,-1204.0
117.0,-275.0,-890.0
66.0,-351.0,-833.0
396.0,-158.0,-847.0
52.0,142.0,-1118.0
-333.0,214.0,-1134.0
-15.0,111.0,-1034.0
-64.0,181.0,-1167.0
480.0,27.0,-999.0
-302.0,-224.0,-1057.0
119.0,-318.0,-741.0
89.0,68.0,-944.0
76.0,83.0,-1157.0
-126.0,-105.0,-1046.0
-593.0,107.0,-1216.0
339.0,150.0,-968.0
-206.0,376.0,-1292.0
275.0,-197.0,-769.0
-122.0,-312.0,-786.0
179.0,-140.0,-868.0
-29.0,148.0,-1268.0
-169.0,60.0,-1102.0
-81.0,-128.0,-1116.0
-124.0,210.0,-1122.0
378.0,392.0,-825.0
-366.0,68.0,-1097.0
-119.0,-269.0,-1028.0
7.0,-284.0,-987.0
419.0,19.0,-1001.0
-409.0,93.0,-1145.0
206.0,154.0,-860.0
-370.0,177.0,-1165.0
488.0,187.0,-1028.0
-183.0,68.0,-1081.0
122.0,-316.0,-866.0
-101.0,-337.0,-925.0
497.0,39.0,-872.0
-52.0,206.0,-1130.0
-259.0,224.0,-1067.0
-9.0,29.0,-974.0
222.0,7.0,-1149.0
-87.0,70.0,-1093.0
-50.0,-7.0,-935.0
-181.0,-206.0,-956.0
509.0,-148.0,-944.0
-144.0,-40.0,-1087.0
132.0,-81.0,-874.0
-550.0,134.0,-1120.0
538.0,244.0,-1042.0
-269.0,343.0,-1352.0
76.0,-107.0,-888.0
-148.0,-448.0,-730.0
261.0,-140.0,-829.0
296.0,146.0,-1145.0
-361.0,261.0,-1237.0
-33.0,-89.0,-872.0
-185.0,197.0,-1145.0
245.0,99.0,-1167.0
-162.0,-48.0,-1095.0
-42.0,-160.0,-782.0
9.0,-165.0,-993.0
333.0,138.0,-1028.0
-158.0,-72.0,-1165.0
-310.0,-48.0,-958.0
83.0,201.0,-989.0
21.0,460.0,-1239.0
-27.0,183.0,-1108.0
-124.0,-236.0,-888.0
74.0,-300.0,-815.0
312.0,-81.0,-968.0
35.0,121.0,-1020.0
-78.0,140.0,-1198.0
-169.0,255.0,-1145.0
458.0,273.0,-968.0
-109.0,-107.0,-1075.0
76.0,-329.0,-876.0
-21.0,-158.0,-913.0
238.0,80.0,-977.0
148.0,54.0,-1030.0
-308.0,13.0,-1085.0
-19.0,-44.0,-1091.0
-124.0,275.0,-1024.0
308.0,197.0,-972.0
-407.0,11.0,-1077.0
304.0,-331.0,-911.0
-9.0,-97.0,-1079.0
447.0,-203.0,-962.0
-347.0,-66.0,-1028.0
-25.0,37.0,-882.0
-148.0,415.0,-1298.0
31.0,271.0,-1196.0
23.0,-142.0,-1038.0
-165.0,-439.0,-868.0
337.0,-119.0,-829.0
39.0,302.0,-894.0
-81.0,185.0,-1093.0
-284.0,7.0,-1319.0
-25.0,115.0,-1278.0
230.0,136.0,-895.0
-68.0,-58.0,-854.0
-124.0,-165.0,-938.0
144.0,-52.0,-974.0
111.0,44.0,-1132.0
-171.0,-58.0,-1040.0
-121.0,29.0,-1026.0
-267.0,167.0,-1132.0
536.0,281.0,-935.0
-195.0,255.0,-1042.0
97.0,-296.0,-890.0
-142.0,-117.0,-1059.0
480.0,-142.0,-952.0
-62.0,-13.0,-1001.0
-212.0,70.0,-905.0
81.0,138.0,-1063.0
7.0,339.0,-1296.0
368.0,3.0,-1083.0
-247.0,-253.0,-856.0
197.0,-261.0,-667.0
156.0,-48.0,-1026.0
199.0,163.0,-1130.0
-195.0,-1.0,-1186.0
-249.0,-23.0,-952.0
244.0,142.0,-1059.0
-187.0,318.0,-1114.0
80.0,-42.0,-958.0
-304.0,-331.0,-940.0
374.0,-173.0,-948.0
40.0,128.0,-1100.0
-80.0,97.0,-1026.0
-163.0,-40.0,-1020.0
-119.0,173.0,-1212.0
363.0,136.0,-1026.0
-206.0,70.0,-1020.0
52.0,-201.0,-776.0
-93.0,-173.0,-981.0
218.0,107.0,-1030.0
-136.0,68.0,-1155.0
-288.0,189.0,-1093.0
89.0,171.0,-1034.0
115.0,226.0,-1077.0
-128.0,37.0,-1089.0
3.0,-228.0,-815.0
-35.0,-46.0,-1085.0
337.0,-134.0,-1020.0
60.0,19.0,-862.0
-361.0,54.0,-1077.0
162.0,283.0,-993.0
27.0,357.0,-1364.0
244.0,23.0,-1052.0
-103.0,-113.0,-761.0
27.0,-361.0,-716.0
220.0,-113.0,-993.0
226.0,208.0,-1116.0
-388.0,9.0,-1368.0
80.0,-11.0,-790.0
21.0,300.0,-997.0
29.0,-1.0,-1056.0
-7.0,-54.0,-962.0
-103.0,-244.0,-977.0
255.0,-44.0,-1034.0
163.0,124.0,-997.0
-124.0,-46.0,-1042.0
-187.0,1.0,-952.0
160.0,212.0,-1100.0
48.0,169.0,-1155.0
-48.0,-81.0,-1022.0
-347.0,-337.0,-890.0
290.0,-85.0,-813.0
-25.0,93.0,-1112.0
35.0,42.0,-1056.0
-304.0,210.0,-1095.0
-5.0,210.0,-1151.0
111.0,212.0,-1073.0
-3.0,-40.0,-993.0
-97.0,-281.0,-946.0
103.0,-136.0,-1018.0
156.0,126.0,-1007.0
29.0,-66.0,-919.0
-290.0,-39.0,-993.0
144.0,85.0,-1126.0
44.0,489.0,-1303.0
134.0,247.0,-1024.0
-29.0,-316.0,-808.0
89.0,-353.0,-694.0
349.0,-64.0,-974.0
144.0,238.0,-1161.0
-109.0,25.0,-1241.0
-109.0,109.0,-976.0
185.0,171.0,-966.0
-121.0,83.0,-1071.0
132.0,-300.0,-917.0
-275.0,-101.0,-1007.0
409.0,7.0,-966.0
-9.0,115.0,-1089.0
-44.0,-142.0,-933.0
-187.0,-37.0,-1054.0
103.0,316.0,-1182.0
27.0,181.0,-1138.0
-122.0,70.0,-936.0
-177.0,-392.0,-876.0
281.0,-181.0,-935.0
31.0,-62.0,-1118.0
1.0,275.0,-1063.0
-232.0,347.0,-1085.0
-25.0,169.0,-1227.0
-70.0,-29.0,-1063.0
23.0,-140.0,-958.0
-245.0,-294.0,-964.0
162.0,-76.0,-921.0
-140.0,107.0,-1056.0
-37.0,185.0,-960.0
-493.0,13.0,-1100.0
-197.0,109.0,-1149.0
-345.0,226.0,-1188.0
-150.0,165.0,-977.0
-197.0,-197.0,-798.0
-162.0,-218.0,-868.0
-130.0,-80.0,-1036.0
-162.0,-42.0,-1159.0
-540.0,83.0,-1079.0
-275.0,204.0,-944.0
-474.0,339.0,-1097.0
-218.0,25.0,-1044.0
-314.0,-255.0,-909.0
-169.0,-83.0,-913.0
-60.0,33.0,-1063.0
-199.0,97.0,-1063.0
-263.0,-150.0,-972.0
-267.0,44.0,-966.0
-296.0,267.0,-1087.0
-107.0,83.0,-1163.0
-214.0,-113.0,-1114.0
-80.0,-257.0,-817.0
23.0,-99.0,-767.0
-105.0,70.0,-1075.0
-183.0,121.0,-1169.0
-165.0,218.0,-1171.0
-277.0,165.0,-1097.0
-81.0,72.0,-944.0
-152.0,-218.0,-1077.0
-11.0,-425.0,-942.0
29.0,-17.0,-878.0
-163.0,148.0,-1003.0
-72.0,52.0,-1056.0
-456.0,44.0,-1106.0
-3.0,148.0,-1095.0
-245.0,228.0,-1153.0
72.0,1.0,-868.0
-193.0,-122.0,-876.0
163.0,-107.0,-993.0
-136.0,-54.0,-1057.0
-39.0,-1.0,-993.0
-249.0,-37.0,-1102.0
-9.0,302.0,-1077.0
-35.0,357.0,-1069.0
31.0,29.0,-970.0
-7.0,-259.0,-854.0
52.0,-216.0,-1042.0
138.0,40.0,-1061.0
-29.0,93.0,-974.0
-203.0,11.0,-972.0
42.0,152.0,-1032.0
56.0,240.0,-1141.0
19.0,81.0,-1032.0
128.0,-183.0,-915.0
-105.0,-203.0,-936.0
255.0,-5.0,-942.0
-87.0,27.0,-1095.0
13.0,-113.0,-1015.0
-95.0,142.0,-1001.0
95.0,318.0,-1147.0
37.0,124.0,-1116.0
7.0,-220.0,-974.0
-72.0,-284.0,-913.0
222.0,-19.0,-927.0
-105.0,175.0,-1100.0
156.0,-50.0,-968.0
-316.0,17.0,-1020.0
156.0,132.0,-1122.0
-44.0,201.0,-1235.0
87.0,-13.0,-956.0
-130.0,-173.0,-858.0
119.0,-48.0,-936.0
-46.0,-87.0,-1042.0
17.0,33.0,-983.0
-189.0,76.0,-1167.0
68.0,283.0,-1069.0
-103.0,320.0,-1065.0
0.0,3.0,-1015.0
-48.0,-304.0,-940.0
40.0,-154.0,-929.0
122.0,25.0,-1022.0
89.0,87.0,-1052.0
-171.0,78.0,-1003.0
85.0,136.0,-989.0
-44.0,283.0,-1153.0
62.0,-23.0,-1048.0
39.0,-25.0,-936.0
35.0,-218.0,-894.0
204.0,-58.0,-882.0
-44.0,11.0,-1112.0
81.0,-56.0,-1040.0
-130.0,228.0,-1032.0
58.0,318.0,-1124.0
-50.0,91.0,-1085.0
25.0,-277.0,-954.0
-13.0,-288.0,-895.0
300.0,-23.0,-966.0
-89.0,48.0,-1077.0
48.0,19.0,-942.0
-165.0,156.0,-1102.0
27.0,158.0,-1126.0
-54.0,158.0,-1100.0
21.0,-117.0,-972.0
-27.0,-208.0,-942.0
134.0,-140.0,-888.0
-17.0,-72.0,-1063.0
-15.0,0.0,-1005.0
-224.0,165.0,-1163.0
-11.0,277.0,-1087.0
-126.0,214.0,-1077.0
-74.0,-122.0,-1005.0
54.0,-292.0,-944.0
21.0,-64.0,-999.0
109.0,89.0,-999.0
-68.0,128.0,-1024.0
-156.0,17.0,-1013.0
-37.0,160.0,-1048.0
1.0,292.0,-1206.0
37.0,-5.0,-1106.0
-7.0,-148.0,-835.0
101.0,-185.0,-927.0
78.0,35.0,-991.0
66.0,-35.0,-1046.0
-193.0,-15.0,-1030.0
83.0,191.0,-1091.0
-85.0,425.0,-1081.0
263.0,78.0,-974.0
-60.0,-173.0,-944.0
187.0,-288.0,-868.0
107.0,-31.0,-1061.0
23.0,48.0,-999.0
-83.0,21.0,-958.0
-81.0,134.0,-1054.0
163.0,232.0,-1180.0
-1.0,140.0,-1063.0
91.0,-181.0,-952.0
-56.0,-267.0,-903.0
128.0,-78.0,-946.0
-56.0,46.0,-1077.0
-21.0,-27.0,-1061.0
-80.0,89.0,-1065.0
66.0,296.0,-1015.0
68.0,203.0,-1132.0
-64.0,-130.0,-1038.0
-37.0,-302.0,-903.0
52.0,-115.0,-1009.0
80.0,60.0,-999.0
-15.0,175.0,-1001.0
-87.0,-11.0,-985.0
-39.0,214.0,-1143.0
9.0,160.0,-1202.0
-21.0,25.0,-1069.0
-44.0,-204.0,-841.0
52.0,-52.0,-919.0
99.0,-21.0,-1001.0
-37.0,-68.0,-1026.0
-97.0,44.0,-1083.0
17.0,255.0,-1089.0
54.0,355.0,-1063.0
-76.0,70.0,-1034.0
68.0,-230.0,-894.0
-29.0,-279.0,-999.0
212.0,-25.0,-915.0
46.0,58.0,-1083.0
-70.0,-5.0,-1007.0
25.0,177.0,-991.0
60.0,296.0,-1106.0
78.0,40.0,-1087.0
-31.0,-121.0,-942.0
62.0,-212.0,-911.0
109.0,-119.0,-919.0
11.0,-29.0,-1009.0
-13.0,-60.0,-1065.0
-25.0,138.0,-1052.0
33.0,347.0,-1087.0
33.0,142.0,-1106.0
-80.0,-220.0,-983.0
-74.0,-275.0,-866.0
175.0,-93.0,-985.0
-13.0,46.0,-1071.0
85.0,-1.0,-936.0
-218.0,117.0,-1114.0
17.0,185.0,-1167.0
-169.0,208.0,-1116.0
-25.0,-31.0,-985.0
-40.0,-249.0,-903.0
103.0,-46.0,-899.0
99.0,-5.0,-1052.0
48.0,-21.0,-993.0
-189.0,48.0,-1089.0
35.0,279.0,-1102.0
-103.0,376.0,-1126.0
33.0,-5.0,-919.0
-66.0,-267.0,-931.0
175.0,-245.0,-991.0
156.0,101.0,-942.0
122.0,117.0,-1075.0
-115.0,29.0,-977.0
5.0,122.0,-997.0
-7.0,294.0,-1139.0
97.0,52.0,-1102.0
115.0,-124.0,-862.0
62.0,-230.0,-888.0
296.0,-37.0,-974.0
-105.0,37.0,-1044.0
-9.0,-111.0,-1022.0
-220.0,203.0,-1118.0
89.0,302.0,-1112.0
-232.0,255.0,-1071.0
99.0,-290.0,-911.0
-341.0,-298.0,-952.0
191.0,-121.0,-933.0
-396.0,109.0,-1180.0
-349.0,40.0,-950.0
-450.0,58.0,-1026.0
-530.0,206.0,-1202.0
-296.0,148.0,-1024.0
-718.0,-25.0,-1057.0
-372.0,-230.0,-860.0
-511.0,-19.0,-1011.0
-595.0,-13.0,-995.0
-712.0,-80.0,-974.0
-979.0,80.0,-1114.0
-609.0,203.0,-1132.0
-853.0,366.0,-1157.0
-897.0,-76.0,-1046.0
-950.0,-253.0,-884.0
-815.0,-99.0,-1028.0
-862.0,121.0,-1040.0
-952.0,99.0,-1038.0
-1292.0,-89.0,-1073.0
-886.0,42.0,-1018.0
-1091.0,390.0,-1145.0
-1003.0,87.0,-1145.0
-1059.0,-134.0,-966.0
-1030.0,-257.0,-923.0
-819.0,48.0,-886.0
-1120.0,99.0,-1093.0
-1253.0,-181.0,-1071.0
-1081.0,23.0,-1036.0
-1128.0,310.0,-1118.0
-1022.0,212.0,-993.0
-1186.0,-99.0,-1046.0
-1188.0,-359.0,-903.0
-835.0,-35.0,-884.0
-1405.0,40.0,-1095.0
-1126.0,-115.0,-1003.0
-1526.0,-23.0,-1087.0
-1044.0,136.0,-1005.0
-1395.0,318.0,-1095.0
-1378.0,11.0,-1048.0
-1501.0,-230.0,-839.0
-1081.0,-165.0,-847.0
-1393.0,-44.0,-1020.0
-1245.0,19.0,-1011.0
-1579.0,-122.0,-1124.0
-1155.0,169.0,-956.0
-1194.0,199.0,-1028.0
-1348.0,121.0,-1188.0
-1239.0,-199.0,-929.0
-1253.0,-208.0,-952.0
-1138.0,99.0,-966.0
-1208.0,40.0,-1020.0
-1499.0,-17.0,-1007.0
-1221.0,-23.0,-1046.0
-1606.0,456.0,-1188.0
-1202.0,169.0,-1112.0
-1477.0,48.0,-909.0
-933.0,-304.0,-831.0
-1169.0,-46.0,-833.0
-1024.0,-152.0,-1122.0
-1536.0,15.0,-1280.0
-1112.0,185.0,-948.0
-1294.0,136.0,-1057.0
-1052.0,361.0,-1153.0
-1044.0,-150.0,-1011.0
-913.0,-148.0,-813.0
-536.0,-179.0,-858.0
-845.0,187.0,-1147.0
-505.0,-158.0,-1022.0
-878.0,-13.0,-1007.0
-267.0,251.0,-942.0
-376.0,298.0,-1262.0
-126.0,-25.0,-1015.0
-85.0,-111.0,-769.0
-15.0,-109.0,-966.0
-66.0,-103.0,-1126.0
-218.0,27.0,-1091.0
-312.0,52.0,-1214.0
-134.0,238.0,-1046.0
-294.0,-54.0,-942.0
-165.0,169.0,-1005.0
-113.0,-19.0,-993.0
-103.0,13.0,-899.0
-210.0,-21.0,-974.0
27.0,-238.0,-1087.0
-288.0,99.0,-1018.0
236.0,62.0,-915.0
-232.0,154.0,-1177.0
132.0,199.0,-1093.0
-95.0,-144.0,-931.0
89.0,263.0,-974.0
109.0,-177.0,-1138.0
-140.0,-78.0,-894.0
-89.0,160.0,-1003.0
-201.0,95.0,-1190.0
226.0,203.0,-1026.0
-177.0,-48.0,-966.0
-5.0,99.0,-981.0
148.0,37.0,-991.0
167.0,-113.0,-901.0
447.0,222.0,-968.0
189.0,-519.0,-1130.0
544.0,201.0,-987.0
460.0,-3.0,-1102.0
519.0,284.0,-1259.0
470.0,-128.0,-1026.0
349.0,-411.0,-903.0
728.0,-39.0,-868.0
339.0,392.0,-1151.0
454.0,21.0,-966.0
-66.0,130.0,-1106.0
568.0,-158.0,-1136.0
242.0,48.0,-1163.0
575.0,-23.0,-800.0
331.0,-374.0,-913.0
587.0,324.0,-995.0
624.0,-163.0,-1005.0
427.0,-60.0,-1065.0
593.0,-54.0,-1143.0
378.0,68.0,-1161.0
868.0,175.0,-1011.0
366.0,48.0,-1161.0
536.0,-236.0,-915.0
378.0,-224.0,-952.0
609.0,517.0,-954.0
271.0,234.0,-1118.0
244.0,54.0,-942.0
271.0,-175.0,-1079.0
536.0,72.0,-1056.0
357.0,-11.0,-1112.0
419.0,0.0,-771.0
341.0,-119.0,-911.0
714.0,-103.0,-917.0
655.0,130.0,-1061.0
683.0,-93.0,-1044.0
452.0,50.0,-1179.0
856.0,175.0,-1005.0
532.0,99.0,-1180.0
556.0,259.0,-911.0
382.0,-296.0,-909.0
819.0,165.0,-968.0
523.0,85.0,-1116.0
519.0,-40.0,-938.0
197.0,-89.0,-991.0
726.0,-70.0,-1139.0
288.0,1.0,-1163.0
571.0,33.0,-905.0
302.0,40.0,-860.0
833.0,142.0,-950.0
653.0,-1.0,-1042.0
612.0,124.0,-1079.0
599.0,-179.0,-976.0
650.0,23.0,-1110.0
683.0,126.0,-1249.0
511.0,27.0,-1081.0
351.0,91.0,-952.0
853.0,19.0,-936.0
558.0,-25.0,-1122.0
618.0,-66.0,-942.0
167.0,208.0,-1040.0
585.0,68.0,-1106.0
366.0,-60.0,-1139.0
554.0,17.0,-931.0
456.0,152.0,-921.0
618.0,122.0,-892.0
829.0,42.0,-921.0
532.0,-13.0,-1075.0
585.0,93.0,-1026.0
509.0,64.0,-1026.0
796.0,46.0,-1073.0
519.0,-25.0,-1147.0
687.0,50.0,-919.0
655.0,11.0,-940.0
819.0,31.0,-1020.0
667.0,-91.0,-1015.0
523.0,46.0,-919.0
616.0,46.0,-1083.0
860.0,91.0,-1097.0
704.0,-76.0,-1098.0
691.0,-58.0,-868.0
733.0,66.0,-921.0
935.0,56.0,-960.0
728.0,29.0,-1083.0
575.0,-136.0,-970.0
417.0,-68.0,-1063.0
835.0,74.0,-1091.0
538.0,7.0,-1179.0
601.0,-23.0,-952.0
316.0,66.0,-921.0
815.0,64.0,-976.0
462.0,-76.0,-1079.0
579.0,-48.0,-942.0
298.0,-40.0,-1091.0
735.0,113.0,-1138.0
458.0,187.0,-1147.0
616.0,-99.0,-985.0
357.0,-31.0,-921.0
759.0,-185.0,-938.0
484.0,117.0,-1095.0
708.0,181.0,-1069.0
425.0,13.0,-1028.0
737.0,27.0,-1036.0
630.0,-42.0,-1081.0
638.0,134.0,-1116.0
527.0,-97.0,-884.0
741.0,40.0,-954.0
759.0,33.0,-1020.0
730.0,109.0,-995.0
517.0,-21.0,-903.0
661.0,-265.0,-1044.0
774.0,78.0,-1097.0
581.0,111.0,-1138.0
730.0,66.0,-892.0
460.0,-64.0,-905.0
841.0,-163.0,-903.0
528.0,165.0,-1042.0
612.0,13.0,-981.0
454.0,68.0,-1022.0
667.0,-181.0,-1106.0
288.0,89.0,-1104.0
556.0,72.0,-948.0
259.0,-29.0,-974.0
683.0,-160.0,-858.0
279.0,27.0,-1040.0
548.0,89.0,-1059.0
271.0,27.0,-1073.0
345.0,-52.0,-1061.0
171.0,-60.0,-1095.0
265.0,203.0,-1011.0
228.0,126.0,-1003.0
279.0,-95.0,-987.0
214.0,-37.0,-999.0
87.0,95.0,-1059.0
183.0,126.0,-1067.0
44.0,15.0,-1048.0
146.0,0.0,-1143.0
-91.0,74.0,-1093.0
259.0,46.0,-880.0
-35.0,31.0,-960.0
411.0,-35.0,-1011.0
-31.0,140.0,-1034.0
201.0,37.0,-981.0
-1.0,35.0,-1124.0
261.0,42.0,-1077.0
5.0,99.0,-1079.0
185.0,7.0,-942.0
140.0,-78.0,-933.0
331.0,7.0,-895.0
218.0,-9.0,-1106.0
80.0,-52.0,-1018.0
31.0,-68.0,-1015.0
193.0,33.0,-1005.0
109.0,40.0,-1147.0
183.0,-105.0,-940.0
93.0,-193.0,-874.0
304.0,-195.0,-901.0
70.0,52.0,-1075.0
185.0,-128.0,-1095.0
-121.0,-222.0,-1020.0
189.0,-128.0,-993.0
-17.0,-62.0,-1188.0
130.0,-242.0,-1048.0
-25.0,-300.0,-909.0
156.0,-177.0,-938.0
72.0,-199.0,-1087.0
-37.0,-245.0,-1018.0
-37.0,-370.0,-1048.0
-103.0,-261.0,-1071.0
3.0,-169.0,-1089.0
-21.0,-183.0,-1091.0
-89.0,-425.0,-933.0
117.0,-388.0,-933.0
-15.0,-325.0,-1048.0
152.0,-411.0,-944.0
-216.0,-347.0,-1032.0
167.0,-427.0,-1122.0
-130.0,-277.0,-1132.0
156.0,-359.0,-966.0
-9.0,-511.0,-964.0
83.0,-583.0,-897.0
204.0,-398.0,-942.0
17.0,-359.0,-1067.0
128.0,-511.0,-974.0
-206.0,-591.0,-1052.0
251.0,-538.0,-1077.0
-208.0,-554.0,-1073.0
275.0,-681.0,-815.0
-85.0,-745.0,-987.0
306.0,-616.0,-1003.0
-29.0,-585.0,-1036.0
33.0,-720.0,-944.0
-42.0,-741.0,-905.0
156.0,-501.0,-1122.0
0.0,-368.0,-1212.0
64.0,-569.0,-974.0
-148.0,-640.0,-806.0
232.0,-687.0,-940.0
29.0,-519.0,-1040.0
132.0,-708.0,-989.0
-126.0,-700.0,-1075.0
76.0,-691.0,-1087.0
-66.0,-558.0,-1083.0
64.0,-550.0,-1011.0
-40.0,-784.0,-860.0
203.0,-560.0,-864.0
52.0,-528.0,-1120.0
107.0,-507.0,-1073.0
-214.0,-624.0,-974.0
103.0,-636.0,-958.0
-19.0,-343.0,-1077.0
89.0,-341.0,-1130.0
-40.0,-495.0,-997.0
58.0,-646.0,-872.0
72.0,-523.0,-860.0
183.0,-329.0,-1116.0
48.0,-421.0,-1093.0
72.0,-476.0,-1005.0
-117.0,-376.0,-1085.0
156.0,-527.0,-1061.0
-64.0,-620.0,-1003.0
222.0,-804.0,-817.0
163.0,-495.0,-1009.0
132.0,-573.0,-1013.0
33.0,-591.0,-1022.0
-93.0,-640.0,-1056.0
58.0,-361.0,-1110.0
-160.0,-189.0,-1071.0
177.0,-384.0,-923.0
-89.0,-290.0,-995.0
302.0,-355.0,-933.0
-7.0,-374.0,-1018.0
21.0,-544.0,-1003.0
-37.0,-448.0,-1124.0
44.0,-148.0,-1116.0
-33.0,-220.0,-1100.0
-97.0,-513.0,-966.0
-83.0,-802.0,-911.0
83.0,-655.0,-936.0
37.0,-452.0,-1054.0
7.0,-523.0,-1071.0
-255.0,-616.0,-954.0
-15.0,-511.0,-1052.0
-251.0,-302.0,-1179.0
128.0,-249.0,-1044.0
-316.0,-392.0,-931.0
281.0,-277.0,-901.0
-132.0,-124.0,-1073.0
255.0,-222.0,-991.0
-279.0,-421.0,-1061.0
0.0,-634.0,-1052.0
-138.0,-406.0,-1163.0
42.0,-493.0,-1034.0
-42.0,-774.0,-927.0
-44.0,-821.0,-907.0
142.0,-609.0,-1020.0
37.0,-489.0,-974.0
-68.0,-607.0,-915.0
-56.0,-548.0,-1106.0
-152.0,-390.0,-1124.0
93.0,-284.0,-962.0
-31.0,-365.0,-952.0
134.0,-687.0,-913.0
130.0,-632.0,-882.0
58.0,-630.0,-1032.0
-44.0,-741.0,-1089.0
-109.0,-854.0,-966.0
95.0,-665.0,-1059.0
-78.0,-614.0,-1093.0
130.0,-681.0,-950.0
-154.0,-708.0,-931.0
261.0,-638.0,-993.0
-163.0,-390.0,-1065.0
121.0,-691.0,-983.0
-284.0,-915.0,-976.0
81.0,-771.0,-999.0
-80.0,-636.0,-1218.0
-52.0,-470.0,-1040.0
-89.0,-648.0,-845.0
23.0,-548.0,-897.0
163.0,-618.0,-1048.0
-19.0,-735.0,-1018.0
-35.0,-940.0,-1003.0
-93.0,-952.0,-1073.0
70.0,-638.0,-1005.0
95.0,-673.0,-1034.0
29.0,-626.0,-952.0
193.0,-648.0,-894.0
91.0,-249.0,-974.0
222.0,-290.0,-1063.0
-126.0,-534.0,-974.0
148.0,-712.0,-993.0
19.0,-628.0,-1098.0
232.0,-497.0,-1028.0
60.0,-622.0,-962.0
193.0,-568.0,-931.0
199.0,-335.0,-911.0
40.0,-421.0,-976.0
126.0,-462.0,-1077.0
-163.0,-591.0,-1024.0
183.0,-472.0,-1042.0
-142.0,-470.0,-1179.0
222.0,-468.0,-938.0
-144.0,-435.0,-892.0
310.0,-152.0,-1018.0
-72.0,56.0,-1108.0
60.0,-275.0,-952.0
-220.0,-489.0,-1093.0
81.0,-345.0,-1093.0
-35.0,-99.0,-1155.0
33.0,-117.0,-960.0
-64.0,-142.0,-991.0
-68.0,-3.0,-966.0
107.0,17.0,-1032.0
-173.0,-107.0,-1042.0
-130.0,-290.0,-1011.0
-95.0,-113.0,-1087.0
-72.0,48.0,-1149.0
44.0,126.0,-1020.0
-187.0,-197.0,-952.0
171.0,-189.0,-938.0
-21.0,156.0,-1057.0
132.0,142.0,-1097.0
-122.0,-54.0,-925.0
-11.0,37.0,-1024.0
33.0,208.0,-1180.0
35.0,320.0,-1126.0
74.0,177.0,-903.0
0.0,83.0,-872.0
249.0,93.0,-981.0
-68.0,46.0,-1059.0
66.0,-31.0,-1015.0
-220.0,-101.0,-1087.0
70.0,66.0,-1085.0
-115.0,152.0,-1091.0
62.0,-31.0,-966.0
-37.0,-37.0,-878.0
99.0,89.0,-1034.0
-27.0,158.0,-1044.0
-54.0,279.0,-950.0
-126.0,236.0,-1038.0
56.0,271.0,-1177.0
-105.0,263.0,-1114.0
81.0,68.0,-933.0
-128.0,5.0,-890.0
208.0,-31.0,-938.0
-113.0,124.0,-1114.0
76.0,29.0,-1034.0
-292.0,-42.0,-983.0
85.0,95.0,-1018.0
-167.0,60.0,-1221.0
0.0,-7.0,-936.0
-162.0,-60.0,-929.0
-5.0,134.0,-968.0
203.0,253.0,-960.0
-97.0,345.0,-1063.0
5.0,48.0,-974.0
-152.0,169.0,-1057.0
60.0,218.0,-1069.0
50.0,169.0,-1118.0
-3.0,17.0,-919.0
160.0,-46.0,-911.0
52.0,169.0,-987.0
132.0,60.0,-1036.0
-146.0,60.0,-1079.0
33.0,83.0,-1013.0
7.0,300.0,-1059.0
52.0,222.0,-1038.0
46.0,134.0,-976.0
-23.0,203.0,-892.0
251.0,318.0,-936.0
9.0,368.0,-1048.0
154.0,150.0,-948.0
-142.0,150.0,-1056.0
189.0,273.0,-1079.0
-42.0,322.0,-1208.0
35.0,91.0,-954.0
72.0,144.0,-925.0
101.0,368.0,-1007.0
183.0,413.0,-1057.0
-23.0,283.0,-1042.0
-91.0,236.0,-1075.0
27.0,497.0,-1120.0
21.0,624.0,-1141.0
46.0,398.0,-1040.0
-115.0,302.0,-876.0
113.0,368.0,-974.0
29.0,503.0,-1098.0
52.0,427.0,-1087.0
-140.0,230.0,-999.0
-1.0,365.0,-1110.0
-156.0,452.0,-1188.0
107.0,447.0,-1112.0
-206.0,476.0,-987.0
193.0,515.0,-933.0
27.0,794.0,-1085.0
117.0,634.0,-1013.0
-80.0,653.0,-933.0
15.0,552.0,-1126.0
80.0,714.0,-1190.0
11.0,679.0,-1048.0
93.0,460.0,-853.0
15.0,370.0,-933.0
245.0,566.0,-1011.0
-7.0,556.0,-1104.0
99.0,343.0,-925.0
-185.0,439.0,-1007.0
189.0,556.0,-1132.0
-95.0,720.0,-1214.0
87.0,569.0,-915.0
-144.0,655.0,-899.0
193.0,667.0,-946.0
0.0,759.0,-1040.0
-21.0,616.0,-1028.0
-158.0,462.0,-1077.0
-9.0,583.0,-1098.0
-29.0,620.0,-1118.0
-7.0,671.0,-1005.0
-91.0,560.0,-880.0
58.0,581.0,-976.0
7.0,583.0,-1100.0
-87.0,519.0,-1061.0
-111.0,495.0,-936.0
-52.0,591.0,-1073.0
-66.0,575.0,-1255.0
-107.0,532.0,-1063.0
-115.0,667.0,-925.0
-17.0,739.0,-925.0
60.0,763.0,-997.0
-9.0,661.0,-1020.0
-95.0,515.0,-1034.0
-13.0,566.0,-1067.0
25.0,597.0,-1190.0
-31.0,548.0,-1102.0
3.0,540.0,-886.0
25.0,646.0,-944.0
142.0,751.0,-1018.0
35.0,587.0,-1054.0
-29.0,427.0,-983.0
-52.0,372.0,-1044.0
80.0,566.0,-1128.0
48.0,501.0,-1114.0
-27.0,445.0,-991.0
13.0,599.0,-892.0
230.0,741.0,-862.0
64.0,622.0,-987.0
35.0,359.0,-1040.0
-107.0,259.0,-1132.0
81.0,554.0,-1089.0
-23.0,493.0,-1106.0
150.0,406.0,-974.0
31.0,388.0,-905.0
296.0,696.0,-948.0
140.0,730.0,-1097.0
189.0,499.0,-1063.0
-29.0,335.0,-1065.0
279.0,421.0,-1059.0
111.0,642.0,-1155.0
302.0,530.0,-985.0
206.0,400.0,-997.0
456.0,505.0,-962.0
300.0,698.0,-1040.0
437.0,515.0,-989.0
177.0,329.0,-1093.0
489.0,484.0,-1136.0
236.0,632.0,-1206.0
677.0,566.0,-1001.0
279.0,407.0,-997.0
921.0,515.0,-911.0
538.0,759.0,-1097.0
724.0,743.0,-995.0
474.0,548.0,-1034.0
776.0,406.0,-1079.0
749.0,530.0,-1159.0
720.0,605.0,-956.0
778.0,501.0,-970.0
853.0,314.0,-940.0
913.0,507.0,-1038.0
669.0,605.0,-966.0
761.0,525.0,-942.0
669.0,460.0,-1100.0
858.0,417.0,-1196.0
587.0,501.0,-1054.0
675.0,448.0,-892.0
624.0,396.0,-894.0
651.0,406.0,-1034.0
505.0,577.0,-1061.0
361.0,532.0,-923.0
310.0,320.0,-989.0
341.0,247.0,-1180.0
234.0,349.0,-1163.0
222.0,489.0,-1001.0
-5.0,343.0,-899.0
228.0,271.0,-956.0
109.0,302.0,-1024.0
119.0,368.0,-1071.0
-115.0,249.0,-1097.0
64.0,183.0,-1122.0
11.0,224.0,-1155.0
40.0,382.0,-1118.0
19.0,300.0,-905.0
44.0,316.0,-915.0
189.0,156.0,-1042.0
95.0,386.0,-1114.0
5.0,294.0,-1063.0
1.0,284.0,-1042.0
134.0,247.0,-1132.0
17.0,201.0,-1143.0
119.0,156.0,-927.0
105.0,80.0,-851.0
261.0,160.0,-962.0
181.0,189.0,-1139.0
148.0,37.0,-1063.0
40.0,-11.0,-1050.0
103.0,76.0,-1044.0
214.0,154.0,-1112.0
124.0,56.0,-964.0
154.0,156.0,-856.0
236.0,179.0,-979.0
167.0,189.0,-1044.0
42.0,64.0,-964.0
-72.0,-35.0,-1020.0
56.0,60.0,-1102.0
11.0,122.0,-1093.0
13.0,-54.0,-1007.0
-1.0,-122.0,-870.0
68.0,122.0,-905.0
48.0,134.0,-1001.0
-62.0,-40.0,-1054.0
-275.0,-89.0,-1015.0
-29.0,54.0,-1018.0
-197.0,263.0,-1145.0
-144.0,140.0,-1052.0
-394.0,95.0,-886.0
-162.0,-11.0,-882.0
-306.0,204.0,-1065.0
-394.0,160.0,-1030.0
-681.0,-124.0,-995.0
-585.0,-11.0,-985.0
-538.0,165.0,-1198.0
-609.0,185.0,-1071.0
-845.0,5.0,-950.0
-683.0,31.0,-903.0
-579.0,160.0,-999.0
-587.0,322.0,-1022.0
-899.0,74.0,-1063.0
-745.0,66.0,-1040.0
-771.0,286.0,-1116.0
-581.0,286.0,-1079.0
-716.0,70.0,-1009.0
-638.0,-21.0,-931.0
-333.0,249.0,-895.0
-491.0,249.0,-1030.0
-349.0,134.0,-1024.0
-751.0,97.0,-1138.0
-199.0,148.0,-1100.0
-589.0,222.0,-1147.0
-142.0,181.0,-942.0
-454.0,203.0,-923.0
56.0,148.0,-962.0
-415.0,156.0,-1057.0
-156.0,177.0,-1034.0
-415.0,103.0,-1077.0
-177.0,308.0,-1143.0
-394.0,298.0,-1126.0
-201.0,124.0,-911.0
-281.0,136.0,-944.0
-1.0,240.0,-1034.0
-181.0,201.0,-1085.0
-181.0,146.0,-911.0
-429.0,160.0,-1081.0
-99.0,253.0,-1157.0
-357.0,337.0,-1188.0
-101.0,134.0,-880.0
-378.0,130.0,-960.0
13.0,181.0,-962.0
-95.0,271.0,-1079.0
-93.0,130.0,-997.0
-382.0,50.0,-977.0
-171.0,222.0,-1005.0
-60.0,306.0,-1161.0
-140.0,261.0,-1065.0
-89.0,44.0,-931.0
-191.0,25.0,-903.0
208.0,247.0,-950.0
-91.0,191.0,-1071.0
-9.0,40.0,-966.0
-275.0,5.0,-1046.0
70.0,271.0,-1087.0
-89.0,128.0,-1186.0
44.0,-40.0,-921.0
-124.0,-27.0,-892.0
171.0,128.0,-958.0
-3.0,89.0,-1067.0
-13.0,-21.0,-993.0
-244.0,-1.0,-1071.0
27.0,66.0,-1083.0
-134.0,204.0,-1093.0
91.0,-27.0,-1026.0
-165.0,-35.0,-888.0
169.0,-31.0,-940.0
-124.0,81.0,-1116.0
121.0,-15.0,-1059.0
-368.0,-87.0,-1032.0
78.0,60.0,-1020.0
-138.0,50.0,-1138.0
89.0,64.0,-1087.0
-130.0,-121.0,-993.0
46.0,-13.0,-933.0
-72.0,11.0,-999.0
50.0,62.0,-1056.0
-134.0,-107.0,-1020.0
33.0,40.0,-1026.0
-40.0,91.0,-1110.0
83.0,13.0,-1108.0
-146.0,-85.0,-946.0
52.0,-1.0,-921.0
58.0,39.0,-1018.0
89.0,-7.0,-987.0
-33.0,-54.0,-1011.0
42.0,-19.0,-1075.0
0.0,40.0,-1116.0
11.0,-1.0,-1110.0
-9.0,-60.0,-956.0
52.0,-83.0,-899.0
68.0,115.0,-1007.0
111.0,-111.0,-1042.0
-80.0,-154.0,-985.0
60.0,-5.0,-1007.0
72.0,183.0,-1138.0
35.0,91.0,-1104.0
-95.0,-62.0,-991.0
-89.0,-122.0,-935.0
140.0,-72.0,-946.0
-13.0,70.0,-1015.0
158.0,-74.0,-1028.0
-228.0,7.0,-995.0
78.0,142.0,-1050.0
-152.0,89.0,-1235.0
-48.0,-119.0,-1005.0
-197.0,-56.0,-868.0
95.0,117.0,-927.0
66.0,93.0,-1040.0
-58.0,54.0,-1056.0
-119.0,-83.0,-1028.0
-103.0,101.0,-1020.0
-46.0,286.0,-1104.0
-74.0,138.0,-1159.0
-160.0,-42.0,-952.0
3.0,-11.0,-905.0
25.0,173.0,-950.0
148.0,25.0,-1034.0
-203.0,78.0,-1026.0
66.0,193.0,-1120.0
-201.0,286.0,-1147.0
111.0,74.0,-954.0
-150.0,-1.0,-1011.0
142.0,5.0,-884.0
101.0,298.0,-946.0
103.0,162.0,-1079.0
101.0,35.0,-1009.0
-175.0,85.0,-1046.0
124.0,179.0,-1067.0
-128.0,167.0,-1116.0
101.0,0.0,-905.0
-29.0,46.0,-1036.0
179.0,54.0,-942.0
35.0,175.0,-952.0
37.0,39.0,-1052.0
-109.0,29.0,-1028.0
48.0,281.0,-1095.0
-124.0,228.0,-1161.0
70.0,-11.0,-1015.0
-165.0,-64.0,-897.0
208.0,72.0,-966.0
37.0,201.0,-1097.0
52.0,35.0,-944.0
-183.0,-37.0,-1073.0
-29.0,128.0,-1112.0
-46.0,191.0,-1138.0
-35.0,89.0,-1032.0
-29.0,-83.0,-970.0
56.0,62.0,-866.0
68.0,191.0,-1067.0
39.0,9.0,-1071.0
-160.0,-21.0,-1024.0
-44.0,17.0,-1048.0
-7.0,238.0,-1085.0
-1.0,48.0,-1093.0
-11.0,-64.0,-944.0
81.0,-66.0,-968.0
29.0,89.0,-970.0
62.0,83.0,-1048.0
-68.0,-29.0,-1001.0
-58.0,-29.0,-1018.0
50.0,101.0,-1132.0
3.0,60.0,-1171.0
89.0,-113.0,-892.0
-39.0,-103.0,-841.0
247.0,95.0,-1030.0
15.0,-29.0,-1120.0
50.0,-115.0,-962.0
-130.0,-175.0,-1005.0
130.0,128.0,-1114.0
-40.0,107.0,-1063.0
101.0,-78.0,-1028.0
-158.0,-236.0,-946.0
222.0,-11.0,-903.0
-39.0,66.0,-1106.0
111.0,-187.0,-1011.0
-242.0,-85.0,-1011.0
115.0,15.0,-1030.0
-50.0,101.0,-1218.0
39.0,-78.0,-1015.0
-74.0,-167.0,-960.0
19.0,-48.0,-919.0
68.0,-44.0,-974.0
44.0,-5.0,-1100.0
-134.0,-105.0,-1097.0
37.0,89.0,-933.0
-128.0,91.0,-1139.0
54.0,-58.0,-1126.0
-126.0,-105.0,-954.0
50.0,-44.0,-886.0
160.0,95.0,-1030.0
-21.0,-1.0,-1038.0
-7.0,-128.0,-974.0
-93.0,-19.0,-1097.0
48.0,136.0,-1087.0
-15.0,52.0,-1087.0
56.0,-39.0,-987.0
29.0,-35.0,-915.0
113.0,46.0,-950.0
119.0,-95.0,-999.0
-25.0,-58.0,-1050.0
7.0,62.0,-1079.0
-39.0,216.0,-1167.0
35.0,40.0,-974.0
-62.0,-124.0,-964.0
99.0,-78.0,-958.0
165.0,128.0,-968.0
27.0,130.0,-970.0
66.0,-66.0,-1007.0
-232.0,-5.0,-1106.0
121.0,119.0,-1042.0
-156.0,158.0,-1169.0
29.0,-101.0,-925.0
-119.0,25.0,-944.0
218.0,162.0,-1013.0
25.0,117.0,-1063.0
-72.0,-29.0,-1001.0
-148.0,-76.0,-1015.0
-25.0,212.0,-1067.0
7.0,312.0,-1145.0
-99.0,76.0,-1120.0
-89.0,-99.0,-911.0
-76.0,56.0,-936.0
253.0,210.0,-968.0
-15.0,140.0,-1069.0
-62.0,0.0,-956.0
-142.0,122.0,-1186.0
-48.0,214.0,-1095.0
37.0,156.0,-1020.0
-113.0,-54.0,-935.0
179.0,-35.0,-925.0
44.0,296.0,-952.0
204.0,81.0,-1085.0
-85.0,-13.0,-1009.0
-48.0,-23.0,-1048.0
3.0,224.0,-1034.0
126.0,199.0,-1077.0
-19.0,1.0,-1020.0
56.0,-74.0,-940.0
175.0,25.0,-895.0
33.0,105.0,-991.0
107.0,-31.0,-1036.0
-214.0,5.0,-1108.0
103.0,122.0,-1046.0
-228.0,183.0,-1139.0
181.0,-121.0,-913.0
-181.0,-181.0,-976.0
275.0,31.0,-929.0
-35.0,113.0,-1100.0
60.0,1.0,-979.0
-187.0,-144.0,-1050.0
5.0,29.0,-1083.0
-85.0,121.0,-1126.0
7.0,11.0,-1005.0
31.0,-44.0,-935.0
-17.0,-76.0,-1018.0
99.0,-5.0,-1009.0
-39.0,-42.0,-1018.0
-46.0,-83.0,-976.0
-78.0,130.0,-1114.0
-27.0,99.0,-1145.0
1.0,17.0,-1011.0
-42.0,-148.0,-899.0
173.0,-134.0,-925.0
78.0,72.0,-1054.0
95.0,23.0,-1054.0
-140.0,-60.0,-929.0
-35.0,-95.0,-1061.0
95.0,89.0,-1145.0
19.0,23.0,-1116.0
171.0,-81.0,-860.0
-111.0,-99.0,-921.0
372.0,-13.0,-972.0
-126.0,21.0,-1093.0
177.0,-160.0,-958.0
-244.0,-21.0,-1075.0
177.0,64.0,-1030.0
-42.0,113.0,-1083.0
91.0,-113.0,-993.0
31.0,-193.0,-868.0
87.0,19.0,-970.0
64.0,-40.0,-1116.0
-25.0,-42.0,-991.0
-177.0,-83.0,-962.0
29.0,64.0,-1065.0
23.0,103.0,-1130.0
70.0,-93.0,-1087.0
-52.0,-60.0,-862.0
74.0,-31.0,-970.0
-1.0,37.0,-1036.0
-15.0,-23.0,-1063.0
-177.0,-60.0,-1013.0
44.0,109.0,-1013.0
-29.0,179.0,-1139.0
76.0,29.0,-1050.0
-81.0,-154.0,-954.0
-21.0,40.0,-901.0
144.0,95.0,-1036.0
-29.0,66.0,-1056.0
-52.0,-25.0,-977.0
-58.0,99.0,-1050.0
23.0,177.0,-1063.0
54.0,60.0,-1089.0
31.0,-9.0,-997.0
81.0,-7.0,-927.0
87.0,163.0,-894.0
42.0,-13.0,-1015.0
-7.0,-40.0,-1112.0
-35.0,93.0,-1026.0
95.0,214.0,-1050.0
58.0,132.0,-1056.0
15.0,-54.0,-1007.0
-21.0,-21.0,-933.0
128.0,103.0,-995.0
19.0,80.0,-1024.0
27.0,-3.0,-968.0
-119.0,-13.0,-1042.0
46.0,165.0,-1083.0
-52.0,130.0,-1132.0
103.0,1.0,-985.0
-113.0,33.0,-960.0
152.0,78.0,-976.0
-70.0,-11.0,-1011.0
42.0,-64.0,-952.0
-195.0,0.0,-1130.0
156.0,214.0,-1126.0
-183.0,226.0,-1134.0
83.0,11.0,-925.0
-206.0,-142.0,-979.0
140.0,-35.0,-987.0
-21.0,95.0,-1030.0
81.0,58.0,-1011.0
-173.0,-42.0,-974.0
-3.0,148.0,-1098.0
-37.0,134.0,-1161.0
-7.0,-27.0,-1042.0
-72.0,-58.0,-880.0
101.0,33.0,-938.0
117.0,128.0,-1022.0
46.0,-19.0,-1071.0
-37.0,-144.0,-974.0
-60.0,0.0,-983.0
76.0,208.0,-1136.0
1.0,167.0,-1194.0
0.0,-70.0,-917.0
-35.0,-195.0,-862.0
232.0,-23.0,-966.0
134.0,35.0,-1071.0
0.0,0.0,-958.0
-109.0,-13.0,-1042.0
-21.0,93.0,-1157.0
1.0,64.0,-1065.0
56.0,-103.0,-952.0
29.0,-146.0,-854.0
152.0,-25.0,-952.0
60.0,17.0,-1122.0
-9.0,-89.0,-1050.0
-132.0,-117.0,-1003.0
-46.0,95.0,-1044.0
1.0,50.0,-1110.0
-44.0,19.0,-1067.0
-9.0,-218.0,-974.0
68.0,-33.0,-935.0
3.0,-52.0,-993.0
93.0,1.0,-1056.0
-156.0,-46.0,-1022.0
-11.0,70.0,-1106.0
-183.0,115.0,-1139.0
124.0,-37.0,-1040.0
-191.0,-81.0,-942.0
232.0,-93.0,-899.0
-21.0,33.0,-1095.0
76.0,11.0,-1036.0
-136.0,-33.0,-1018.0
-3.0,152.0,-1151.0
9.0,64.0,-1063.0
132.0,-97.0,-936.0
13.0,7.0,-940.0
245.0,58.0,-970.0
46.0,-56.0,-1036.0
-35.0,-78.0,-991.0
-50.0,3.0,-1085.0
60.0,304.0,-1069.0
54.0,105.0,-1075.0
-25.0,-83.0,-981.0
103.0,-183.0,-888.0
128.0,-31.0,-946.0
126.0,146.0,-1081.0
7.0,-17.0,-1059.0
-128.0,23.0,-981.0
-44.0,136.0,-1052.0
44.0,105.0,-1073.0
52.0,-95.0,-1083.0
-7.0,-68.0,-923.0
201.0,128.0,-948.0
-39.0,48.0,-1028.0
95.0,-13.0,-1003.0
-312.0,-54.0,-1067.0
169.0,140.0,-1067.0
-284.0,214.0,-1198.0
277.0,-25.0,-940.0
-265.0,-44.0,-964.0
259.0,-17.0,-913.0
-74.0,175.0,-1139.0
13.0,-44.0,-960.0
-146.0,-23.0,-981.0
-89.0,197.0,-1056.0
111.0,193.0,-1153.0
-50.0,115.0,-1009.0
58.0,-107.0,-929.0
19.0,3.0,-966.0
103.0,117.0,-981.0
15.0,46.0,-1024.0
-83.0,-27.0,-999.0
33.0,-15.0,-1048.0
21.0,273.0,-1077.0
204.0,101.0,-1087.0
-81.0,-99.0,-925.0
74.0,-99.0,-919.0
37.0,23.0,-1015.0
138.0,105.0,-1024.0
-48.0,-23.0,-1011.0
-54.0,-46.0,-936.0
66.0,124.0,-1089.0
-29.0,140.0,-1120.0
136.0,-11.0,-1028.0
-165.0,-136.0,-884.0
208.0,25.0,-962.0
-95.0,17.0,-1032.0
68.0,-93.0,-956.0
-204.0,-115.0,-1067.0
183.0,130.0,-1141.0
-62.0,158.0,-1136.0
81.0,-17.0,-960.0
-140.0,-154.0,-948.0
58.0,-117.0,-944.0
0.0,23.0,-1063.0
35.0,-15.0,-1057.0
-97.0,-1.0,-977.0
-17.0,81.0,-1030.0
5.0,117.0,-1145.0
-23.0,70.0,-1098.0
-162.0,-185.0,-981.0
68.0,-72.0,-927.0
-23.0,27.0,-974.0
128.0,76.0,-1032.0
-33.0,-17.0,-1071.0
-7.0,-54.0,-1020.0
27.0,144.0,-1024.0
130.0,97.0,-1136.0
-23.0,-52.0,-1007.0
66.0,-113.0,-880.0
78.0,-7.0,-1007.0
154.0,-3.0,-1003.0
-21.0,19.0,-948.0
37.0,-27.0,-1026.0
23.0,122.0,-1167.0
-21.0,31.0,-1087.0
-1.0,-52.0,-964.0
-40.0,-107.0,-901.0
158.0,21.0,-913.0
37.0,-46.0,-1036.0
25.0,-60.0,-1020.0
-70.0,-72.0,-1022.0
122.0,234.0,-1085.0
-33.0,163.0,-1130.0
-60.0,-68.0,-997.0
-9.0,-130.0,-913.0
7.0,-66.0,-981.0
144.0,35.0,-1028.0
-95.0,11.0,-1087.0
-35.0,-23.0,-938.0
-109.0,154.0,-1042.0
58.0,81.0,-1165.0
-89.0,9.0,-1188.0
-81.0,-150.0,-843.0
33.0,74.0,-901.0
56.0,52.0,-1069.0
97.0,27.0,-1036.0
-156.0,-31.0,-987.0
25.0,50.0,-1085.0
-44.0,265.0,-1116.0
9.0,134.0,-1097.0
-31.0,-113.0,-915.0
29.0,-87.0,-917.0
136.0,83.0,-1013.0
163.0,5.0,-1054.0
-76.0,-33.0,-977.0
7.0,107.0,-1042.0
-29.0,255.0,-1145.0
103.0,68.0,-1040.0
-37.0,-113.0,-966.0
99.0,-122.0,-936.0
167.0,40.0,-903.0
44.0,85.0,-1042.0
60.0,-31.0,-1077.0
-165.0,-44.0,-1079.0
103.0,183.0,-977.0
-81.0,177.0,-1093.0
187.0,-105.0,-1026.0
-85.0,-119.0,-911.0
359.0,-40.0,-972.0
95.0,95.0,-1048.0
226.0,9.0,-995.0
-15.0,-3.0,-1011.0
275.0,72.0,-1091.0
185.0,181.0,-1139.0
357.0,-19.0,-1052.0
208.0,-187.0,-899.0
488.0,15.0,-946.0
450.0,101.0,-1083.0
456.0,-40.0,-989.0
109.0,-25.0,-987.0
390.0,130.0,-1132.0
363.0,162.0,-1184.0
575.0,66.0,-968.0
255.0,-72.0,-890.0
480.0,-105.0,-938.0
376.0,42.0,-1040.0
339.0,87.0,-1024.0
240.0,-46.0,-1015.0
105.0,25.0,-987.0
370.0,132.0,-1063.0
214.0,42.0,-1097.0
208.0,-48.0,-927.0
62.0,-76.0,-940.0
203.0,-13.0,-938.0
76.0,66.0,-1030.0
64.0,-27.0,-987.0
-23.0,-21.0,-1032.0
74.0,89.0,-1042.0
-37.0,85.0,-1132.0
167.0,-44.0,-956.0
-179.0,-60.0,-909.0
329.0,-52.0,-956.0
-85.0,11.0,-1116.0
152.0,-81.0,-977.0
-255.0,-1.0,-995.0
218.0,66.0,-1145.0
-109.0,29.0,-1196.0
156.0,-29.0,-979.0
-62.0,-29.0,-946.0
206.0,5.0,-946.0
50.0,-13.0,-1069.0
89.0,-72.0,-1040.0
-119.0,-35.0,-1114.0
74.0,109.0,-1018.0
99.0,95.0,-1157.0
39.0,40.0,-1024.0
76.0,-46.0,-964.0
81.0,-23.0,-944.0
126.0,-78.0,-1034.0
40.0,66.0,-1069.0
-9.0,23.0,-985.0
-39.0,122.0,-1003.0
39.0,68.0,-1112.0
21.0,-11.0,-1169.0
11.0,-1.0,-921.0
-13.0,27.0,-870.0
191.0,78.0,-946.0
13.0,-19.0,-1048.0
7.0,-27.0,-974.0
-115.0,-9.0,-1057.0
130.0,163.0,-1071.0
-37.0,109.0,-1104.0
95.0,-58.0,-954.0
-103.0,-87.0,-905.0
234.0,21.0,-895.0
0.0,3.0,-1079.0
74.0,-27.0,-976.0
-206.0,23.0,-1063.0
175.0,150.0,-1048.0
-48.0,121.0,-1098.0
93.0,-93.0,-1015.0
-60.0,-95.0,-989.0
95.0,54.0,-929.0
9.0,48.0,-968.0
40.0,-56.0,-1093.0
-122.0,-60.0,-1102.0
95.0,126.0,-977.0
-142.0,218.0,-1116.0
124.0,-42.0,-1020.0
-253.0,-81.0,-1048.0
179.0,-31.0,-909.0
-58.0,109.0,-1063.0
148.0,0.0,-958.0
-195.0,-42.0,-1030.0
91.0,78.0,-1091.0
-148.0,163.0,-1171.0
115.0,48.0,-1022.0
-156.0,-103.0,-927.0
126.0,0.0,-958.0
58.0,158.0,-1022.0
97.0,-5.0,-1001.0
-81.0,-99.0,-972.0
29.0,-17.0,-1108.0
76.0,296.0,-1110.0
64.0,132.0,-1013.0
21.0,-95.0,-878.0
19.0,-152.0,-979.0
193.0,50.0,-1005.0
19.0,81.0,-1001.0
58.0,-31.0,-981.0
-48.0,-31.0,-1059.0
152.0,115.0,-1071.0
-15.0,183.0,-1098.0
111.0,-187.0,-968.0
-81.0,-111.0,-854.0
238.0,33.0,-995.0
15.0,144.0,-1104.0
99.0,-40.0,-999.0
-167.0,-124.0,-979.0
121.0,-19.0,-1077.0
-3.0,220.0,-1194.0
5.0,-7.0,-1095.0
-111.0,-210.0,-860.0
128.0,-66.0,-909.0
50.0,124.0,-1079.0
103.0,39.0,-1034.0
-210.0,-99.0,-989.0
21.0,42.0,-1097.0
-60.0,111.0,-1190.0
50.0,95.0,-1085.0
-111.0,-146.0,-874.0
111.0,-70.0,-864.0
-25.0,42.0,-1032.0
54.0,115.0,-1104.0
-214.0,-19.0,-1054.0
-23.0,17.0,-1056.0
-42.0,146.0,-1069.0
31.0,119.0,-1073.0
-19.0,-1.0,-981.0
1.0,-171.0,-895.0
85.0,-52.0,-954.0
80.0,37.0,-1073.0
5.0,83.0,-1054.0
3.0,17.0,-985.0
-1.0,126.0,-1048.0
29.0,74.0,-1095.0
3.0,-74.0,-1024.0
103.0,-126.0,-831.0
150.0,-11.0,-923.0
66.0,25.0,-1009.0
-3.0,-23.0,-1011.0
-87.0,21.0,-1063.0
58.0,142.0,-1108.0
1.0,117.0,-1100.0
-13.0,-76.0,-1015.0
-27.0,-136.0,-897.0
181.0,-35.0,-890.0
-3.0,-48.0,-1059.0
40.0,3.0,-997.0
-150.0,50.0,-1100.0
-15.0,189.0,-1112.0
-68.0,136.0,-1124.0
-85.0,25.0,-950.0
-31.0,-115.0,-991.0
91.0,-52.0,-942.0
121.0,19.0,-1011.0
-122.0,0.0,-1030.0
-87.0,70.0,-1067.0
-158.0,165.0,-1118.0
29.0,201.0,-1134.0
-42.0,13.0,-1097.0
-25.0,-177.0,-903.0
62.0,-68.0,-929.0
117.0,68.0,-1001.0
54.0,39.0,-1069.0
-89.0,58.0,-958.0
-17.0,70.0,-1048.0
105.0,267.0,-1106.0
-39.0,126.0,-1163.0
25.0,-68.0,-931.0
62.0,-226.0,-849.0
236.0,-7.0,-880.0
95.0,54.0,-1071.0
-62.0,0.0,-1026.0
-119.0,56.0,-1056.0
-21.0,158.0,-1104.0
163.0,203.0,-1081.0
-33.0,-113.0,-956.0
68.0,-218.0,-794.0
97.0,-48.0,-974.0
56.0,-19.0,-1122.0
-11.0,42.0,-1069.0
-169.0,0.0,-1022.0
5.0,169.0,-1036.0
-81.0,189.0,-1097.0
115.0,-9.0,-1056.0
-130.0,-189.0,-946.0
245.0,-189.0,-854.0
-52.0,-33.0,-1046.0
115.0,76.0,-1001.0
-267.0,44.0,-1108.0
78.0,146.0,-999.0
-39.0,218.0,-1220.0
-56.0,-23.0,-1093.0
162.0,-150.0,-823.0
-160.0,-23.0,-960.0
306.0,-46.0,-991.0
-93.0,-11.0,-1063.0
-15.0,-19.0,-921.0
-113.0,117.0,-1198.0
-58.0,277.0,-1177.0
3.0,140.0,-1132.0
-138.0,-163.0,-913.0
245.0,-294.0,-739.0
46.0,13.0,-958.0
183.0,56.0,-1095.0
-148.0,33.0,-1104.0
27.0,9.0,-1005.0
-66.0,249.0,-1098.0
99.0,136.0,-997.0
35.0,-42.0,-966.0
74.0,-185.0,-950.0
249.0,-117.0,-921.0
64.0,-25.0,-993.0
-68.0,-31.0,-1108.0
-101.0,78.0,-1093.0
13.0,273.0,-1026.0
-52.0,150.0,-1138.0
9.0,-160.0,-1036.0
1.0,-191.0,-903.0
35.0,-76.0,-1011.0
97.0,29.0,-954.0
-60.0,25.0,-1009.0
-152.0,-183.0,-1100.0
17.0,185.0,-1032.0
-52.0,222.0,-1108.0
-107.0,173.0,-1087.0
17.0,-107.0,-935.0
44.0,-56.0,-1063.0
109.0,-208.0,-936.0
27.0,-97.0,-911.0
-290.0,81.0,-966.0
165.0,365.0,-1208.0
-335.0,368.0,-1311.0
337.0,-111.0,-899.0
-339.0,-269.0,-929.0
388.0,-240.0,-778.0
23.0,249.0,-1020.0
44.0,191.0,-1114.0
-87.0,-150.0,-1016.0
-136.0,0.0,-923.0
101.0,101.0,-1120.0
-40.0,279.0,-1139.0
103.0,68.0,-948.0
-99.0,-99.0,-964.0
283.0,-23.0,-876.0
126.0,-111.0,-1042.0
33.0,-201.0,-962.0
-37.0,-95.0,-1015.0
-21.0,312.0,-1067.0
23.0,423.0,-1247.0
29.0,-62.0,-1071.0
70.0,-370.0,-815.0
140.0,-212.0,-800.0
68.0,11.0,-1022.0
-27.0,101.0,-1054.0
-210.0,165.0,-1085.0
-27.0,234.0,-1325.0
-11.0,132.0,-1124.0
146.0,-39.0,-860.0
-11.0,-372.0,-833.0
101.0,-87.0,-977.0
0.0,160.0,-1124.0
-83.0,13.0,-1149.0
-181.0,-204.0,-919.0
19.0,89.0,-966.0
-140.0,304.0,-1208.0
81.0,308.0,-1190.0
-165.0,27.0,-894.0
169.0,-230.0,-870.0
-70.0,-179.0,-991.0
238.0,11.0,-940.0
-290.0,154.0,-1204.0
134.0,44.0,-1145.0
-27.0,275.0,-1116.0
42.0,142.0,-1018.0
107.0,-206.0,-901.0
44.0,-148.0,-853.0
195.0,5.0,-1042.0
19.0,60.0,-1118.0
-128.0,5.0,-964.0
33.0,21.0,-964.0
-113.0,181.0,-1151.0
228.0,140.0,-1028.0
-122.0,29.0,-970.0
156.0,-181.0,-864.0
11.0,-29.0,-1093.0
210.0,-21.0,-987.0
-21.0,-224.0,-958.0
-70.0,-25.0,-831.0
138.0,236.0,-1233.0
-199.0,308.0,-1368.0
138.0,-29.0,-1032.0
-195.0,-279.0,-798.0
195.0,-286.0,-653.0
119.0,27.0,-966.0
-146.0,154.0,-1227.0
46.0,35.0,-1149.0
-300.0,80.0,-1141.0
181.0,46.0,-1005.0
-132.0,167.0,-1067.0
3.0,-124.0,-936.0
103.0,-35.0,-966.0
0.0,-21.0,-1071.0
195.0,-117.0,-966.0
-290.0,-54.0,-1044.0
93.0,70.0,-1063.0
-191.0,370.0,-1260.0
29.0,210.0,-1083.0
-68.0,-111.0,-835.0
169.0,-193.0,-751.0
52.0,-40.0,-1048.0
185.0,48.0,-1091.0
-152.0,35.0,-1089.0
-58.0,111.0,-964.0
-21.0,259.0,-1134.0
-66.0,247.0,-1132.0
138.0,-191.0,-1003.0
-29.0,-322.0,-938.0
386.0,-128.0,-853.0
-52.0,162.0,-993.0
226.0,99.0,-1073.0
-236.0,-111.0,-1114.0
119.0,99.0,-1001.0
-156.0,122.0,-1077.0
128.0,240.0,-981.0
-11.0,-35.0,-1015.0
255.0,-128.0,-909.0
99.0,-197.0,-1044.0
-83.0,-107.0,-970.0
-72.0,121.0,-1081.0
-119.0,310.0,-1184.0
25.0,195.0,-1177.0
33.0,-95.0,-993.0
17.0,-322.0,-905.0
78.0,-62.0,-833.0
-29.0,134.0,-1056.0
-74.0,81.0,-1087.0
-214.0,-54.0,-1046.0
-62.0,97.0,-1159.0
-173.0,162.0,-1116.0
124.0,296.0,-966.0
-244.0,-58.0,-985.0
294.0,-169.0,-856.0
-29.0,-54.0,-1079.0
48.0,-119.0,-1061.0
-158.0,21.0,-991.0
-117.0,146.0,-1026.0
31.0,302.0,-1206.0
60.0,85.0,-1095.0
29.0,-169.0,-909.0
-21.0,-160.0,-862.0
193.0,-3.0,-1015.0
48.0,62.0,-1001.0
-60.0,37.0,-1042.0
-136.0,-21.0,-1067.0
76.0,183.0,-1124.0
-9.0,109.0,-1042.0
191.0,5.0,-948.0
-46.0,-191.0,-860.0
261.0,-54.0,-933.0
91.0,-93.0,-1118.0
0.0,-31.0,-966.0
-206.0,72.0,-1007.0
31.0,193.0,-1136.0
42.0,160.0,-1134.0
23.0,-99.0,-979.0
-74.0,-257.0,-909.0
58.0,-52.0,-933.0
-23.0,44.0,-1003.0
81.0,-35.0,-1054.0
-273.0,1.0,-1081.0
40.0,138.0,-1067.0
-66.0,201.0,-1145.0
134.0,42.0,-1054.0
-148.0,-107.0,-968.0
87.0,-136.0,-884.0
23.0,-64.0,-1026.0
17.0,15.0,-1013.0
-76.0,23.0,-1081.0
-134.0,150.0,-1056.0
39.0,261.0,-1110.0
17.0,119.0,-1073.0
19.0,-107.0,-962.0
-27.0,-152.0,-925.0
160.0,29.0,-964.0
68.0,-66.0,-1013.0
-101.0,1.0,-989.0
1.0,58.0,-1100.0
-17.0,281.0,-1186.0
89.0,140.0,-1013.0
-39.0,-64.0,-948.0
29.0,-158.0,-894.0
156.0,17.0,-954.0
97.0,-35.0,-1007.0
122.0,-165.0,-974.0
-165.0,76.0,-1063.0
142.0,261.0,-1077.0
-27.0,212.0,-1102.0
37.0,-130.0,-925.0
-66.0,-158.0,-964.0
201.0,-113.0,-921.0
60.0,31.0,-976.0
29.0,-31.0,-1018.0
-126.0,-52.0,-1091.0
-58.0,187.0,-1118.0
-66.0,318.0,-1147.0
64.0,-13.0,-1050.0
-134.0,-245.0,-845.0
111.0,-126.0,-946.0
46.0,21.0,-1106.0
42.0,27.0,-1013.0
-195.0,-40.0,-1032.0
-40.0,165.0,-1065.0
-64.0,302.0,-1179.0
-15.0,136.0,-1040.0
39.0,-148.0,-915.0
21.0,-111.0,-933.0
144.0,48.0,-991.0
48.0,-29.0,-1036.0
-126.0,-83.0,-942.0
-78.0,140.0,-1124.0
-103.0,380.0,-1223.0
27.0,126.0,-1085.0
-54.0,-140.0,-817.0
60.0,-275.0,-915.0
232.0,1.0,-977.0
85.0,126.0,-1091.0
89.0,-74.0,-1007.0
-177.0,21.0,-1032.0
93.0,208.0,-1065.0
3.0,183.0,-1157.0
167.0,-83.0,-925.0
31.0,-187.0,-862.0
267.0,-7.0,-944.0
150.0,11.0,-1044.0
37.0,-76.0,-972.0
-199.0,-52.0,-1022.0
111.0,165.0,-1118.0
-111.0,361.0,-1198.0
140.0,-21.0,-999.0
-158.0,-265.0,-884.0
113.0,-220.0,-894.0
48.0,89.0,-1106.0
74.0,-31.0,-1036.0
-267.0,-25.0,-1024.0
-136.0,189.0,-1093.0
-93.0,208.0,-1212.0
15.0,107.0,-972.0
-1.0,-224.0,-929.0
21.0,-148.0,-897.0
162.0,-1.0,-991.0
-68.0,74.0,-1063.0
-46.0,-7.0,-1069.0
-208.0,121.0,-1069.0
58.0,236.0,-1097.0
35.0,146.0,-1104.0
40.0,-42.0,-909.0
3.0,-163.0,-929.0
113.0,-52.0,-1005.0
3.0,-31.0,-1038.0
-7.0,52.0,-1011.0
-132.0,35.0,-1102.0
58.0,247.0,-1108.0
-89.0,140.0,-1079.0
203.0,-56.0,-940.0
-103.0,-236.0,-890.0
341.0,-95.0,-903.0
-3.0,-19.0,-1079.0
109.0,-17.0,-974.0
-224.0,56.0,-1018.0
134.0,169.0,-1147.0
-31.0,171.0,-1116.0
78.0,-54.0,-921.0
-7.0,-195.0,-923.0
113.0,-105.0,-929.0
111.0,19.0,-1026.0
-54.0,-39.0,-1057.0
-132.0,0.0,-997.0
-29.0,238.0,-1069.0
-44.0,191.0,-1221.0
7.0,-17.0,-1018.0
-107.0,-76.0,-925.0
109.0,-121.0,-905.0
103.0,-13.0,-1042.0
-66.0,-33.0,-1044.0
-60.0,-23.0,-1018.0
-109.0,142.0,-1065.0
52.0,296.0,-1132.0
-1.0,169.0,-1149.0
-81.0,-124.0,-909.0
-40.0,-103.0,-874.0
117.0,1.0,-1048.0
109.0,-70.0,-1079.0
-128.0,11.0,-948.0
-46.0,89.0,-1056.0
-31.0,365.0,-1161.0
97.0,150.0,-1128.0
-101.0,-72.0,-995.0
97.0,-271.0,-810.0
87.0,7.0,-925.0
193.0,-9.0,-1063.0
11.0,-33.0,-1038.0
-191.0,-31.0,-1003.0
117.0,245.0,-1063.0
-5.0,275.0,-1141.0
111.0,-78.0,-1003.0
-48.0,-130.0,-872.0
95.0,-152.0,-907.0
87.0,0.0,-960.0
44.0,-46.0,-1059.0
-111.0,-13.0,-1067.0
-46.0,208.0,-1056.0
-78.0,263.0,-1184.0
-29.0,25.0,-1059.0
-103.0,-257.0,-909.0
121.0,-152.0,-853.0
109.0,-17.0,-1056.0
40.0,17.0,-1022.0
-115.0,-35.0,-1034.0
-105.0,171.0,-1139.0
-124.0,203.0,-1126.0
-7.0,132.0,-1073.0
-83.0,-124.0,-940.0
87.0,-121.0,-940.0
83.0,-19.0,-991.0
64.0,-76.0,-1024.0
-154.0,-31.0,-997.0
-152.0,124.0,-1081.0
40.0,347.0,-1188.0
-134.0,199.0,-1126.0
99.0,-134.0,-899.0
-140.0,-195.0,-929.0
286.0,-60.0,-899.0
21.0,19.0,-1061.0
48.0,-19.0,-1038.0
-222.0,56.0,-1087.0
91.0,325.0,-1056.0
23.0,140.0,-1157.0
72.0,-91.0,-921.0
13.0,-160.0,-888.0
216.0,-103.0,-944.0
140.0,35.0,-1005.0
-40.0,-130.0,-1034.0
-119.0,-35.0,-995.0
19.0,288.0,-1079.0
33.0,324.0,-1179.0
132.0,-33.0,-1044.0
-183.0,-193.0,-895.0
189.0,-138.0,-874.0
119.0,-60.0,-1011.0
115.0,-76.0,-1057.0
-251.0,-13.0,-1077.0
13.0,220.0,-1085.0
-122.0,206.0,-1159.0
89.0,93.0,-1061.0
-119.0,-242.0,-964.0
81.0,-95.0,-870.0
109.0,50.0,-1009.0
107.0,-60.0,-1042.0
-111.0,-111.0,-1003.0
-220.0,148.0,-1069.0
68.0,341.0,-1153.0
-74.0,220.0,-1182.0
-111.0,-165.0,-923.0
27.0,-181.0,-894.0
21.0,-42.0,-964.0
214.0,-17.0,-1011.0
-152.0,-23.0,-1056.0
-64.0,29.0,-1069.0
-68.0,343.0,-1132.0
23.0,238.0,-1149.0
42.0,-25.0,-964.0
-68.0,-236.0,-839.0
226.0,-101.0,-909.0
136.0,-29.0,-1057.0
27.0,-21.0,-1018.0
-140.0,25.0,-1026.0
29.0,257.0,-1106.0
-58.0,224.0,-1180.0
122.0,80.0,-936.0
-154.0,-195.0,-931.0
273.0,-230.0,-792.0
78.0,-31.0,-1063.0
103.0,-40.0,-1009.0
-163.0,23.0,-1059.0
-152.0,201.0,-1104.0
7.0,228.0,-1155.0
-68.0,126.0,-1034.0
-39.0,-253.0,-884.0
187.0,-197.0,-847.0
103.0,-78.0,-1067.0
152.0,-42.0,-1009.0
-331.0,15.0,-1034.0
66.0,103.0,-968.0
-187.0,283.0,-1399.0
199.0,62.0,-968.0
-251.0,-37.0,-997.0
35.0,-208.0,-827.0
267.0,-56.0,-1011.0
113.0,-37.0,-985.0
-126.0,-48.0,-1130.0
-232.0,142.0,-1003.0
193.0,351.0,-1155.0
-284.0,183.0,-1186.0
337.0,-140.0,-872.0
-294.0,-91.0,-1003.0
456.0,-201.0,-821.0
-64.0,76.0,-1073.0
87.0,-72.0,-977.0
-220.0,128.0,-1198.0
-7.0,261.0,-1061.0
70.0,115.0,-1095.0
-132.0,60.0,-1044.0
21.0,-228.0,-927.0
281.0,-1.0,-749.0
101.0,-42.0,-1102.0
19.0,-163.0,-979.0
-203.0,74.0,-1059.0
-58.0,191.0,-1153.0
60.0,259.0,-1104.0
42.0,33.0,-1022.0
-83.0,-169.0,-909.0
238.0,-128.0,-854.0
13.0,-40.0,-1065.0
95.0,-134.0,-1018.0
-249.0,-29.0,-1079.0
21.0,163.0,-1087.0
-58.0,349.0,-1239.0
-40.0,128.0,-1015.0
-7.0,-286.0,-868.0
56.0,-109.0,-940.0
203.0,-81.0,-952.0
25.0,66.0,-1028.0
-279.0,-80.0,-1118.0
44.0,42.0,-1083.0
-177.0,363.0,-1132.0
113.0,189.0,-1054.0
-29.0,13.0,-892.0
-13.0,-234.0,-966.0
119.0,-95.0,-950.0
19.0,46.0,-1141.0
-119.0,-60.0,-1056.0
-83.0,70.0,-972.0
-81.0,331.0,-1130.0
64.0,259.0,-1161.0
19.0,-35.0,-956.0
21.0,-281.0,-854.0
197.0,-83.0,-921.0
189.0,152.0,-1036.0
-95.0,-78.0,-1050.0
-80.0,-87.0,-981.0
-17.0,201.0,-1057.0
222.0,253.0,-1173.0
-37.0,138.0,-1054.0
124.0,-222.0,-767.0
-60.0,-140.0,-913.0
203.0,-107.0,-1046.0
-13.0,-1.0,-1050.0
-13.0,37.0,-958.0
-99.0,156.0,-1147.0
101.0,263.0,-1104.0
-113.0,42.0,-1165.0
-78.0,-206.0,-862.0
195.0,-146.0,-771.0
109.0,-124.0,-974.0
93.0,81.0,-1167.0
-199.0,21.0,-1046.0
-58.0,89.0,-1009.0
-128.0,117.0,-1149.0
160.0,187.0,-1059.0
-171.0,-33.0,-1042.0
78.0,-195.0,-827.0
0.0,-119.0,-913.0
240.0,31.0,-1114.0
-222.0,0.0,-1153.0
-46.0,144.0,-858.0
-113.0,236.0,-1186.0
-7.0,195.0,-1179.0
119.0,19.0,-979.0
-152.0,-185.0,-899.0
441.0,-132.0,-819.0
-95.0,48.0,-1015.0
140.0,-72.0,-1069.0
-325.0,101.0,-1280.0
162.0,259.0,-938.0
128.0,195.0,-1057.0
-29.0,7.0,-976.0
-15.0,-93.0,-976.0
21.0,-33.0,-882.0
261.0,-320.0,-964.0
-9.0,5.0,-954.0
-103.0,150.0,-1188.0
-105.0,298.0,-1122.0
185.0,185.0,-972.0
-150.0,-23.0,-1108.0
138.0,-261.0,-878.0
21.0,-148.0,-872.0
271.0,-7.0,-925.0
52.0,-66.0,-1151.0
-193.0,-21.0,-1020.0
83.0,103.0,-1032.0
-29.0,267.0,-1091.0
222.0,70.0,-1015.0
-337.0,-7.0,-1044.0
195.0,-179.0,-1018.0
93.0,-191.0,-1013.0
238.0,-52.0,-821.0
-222.0,66.0,-1038.0
-333.0,218.0,-1225.0
126.0,302.0,-1223.0
-206.0,162.0,-1167.0
126.0,-290.0,-784.0
-218.0,-130.0,-874.0
337.0,-33.0,-972.0
113.0,46.0,-997.0
-93.0,-35.0,-1081.0
-353.0,35.0,-1167.0
193.0,302.0,-919.0
-105.0,294.0,-1044.0
271.0,-46.0,-952.0
-349.0,-117.0,-1255.0
230.0,-238.0,-839.0
201.0,-13.0,-921.0
-76.0,-89.0,-946.0
-44.0,93.0,-1001.0
-165.0,359.0,-1247.0
312.0,70.0,-1206.0
-44.0,-35.0,-1067.0
105.0,-265.0,-665.0
15.0,-124.0,-866.0
357.0,80.0,-940.0
7.0,7.0,-1241.0
-357.0,13.0,-1120.0
15.0,52.0,-929.0
31.0,290.0,-1161.0
-11.0,107.0,-1132.0
15.0,-163.0,-757.0
-244.0,-199.0,-981.0
503.0,-179.0,-1022.0
78.0,107.0,-995.0
-85.0,-48.0,-1046.0
-327.0,105.0,-1091.0
228.0,320.0,-1114.0
-44.0,109.0,-1145.0
74.0,-214.0,-917.0
-253.0,-107.0,-837.0
255.0,-142.0,-952.0
5.0,97.0,-1171.0
-179.0,-72.0,-1124.0
-279.0,199.0,-1034.0
148.0,298.0,-979.0
160.0,199.0,-1083.0
31.0,-64.0,-1024.0
-236.0,-228.0,-1097.0
267.0,-206.0,-831.0
206.0,7.0,-919.0
-15.0,78.0,-1071.0
-197.0,165.0,-1001.0
-29.0,222.0,-1167.0
160.0,171.0,-1184.0
162.0,17.0,-1085.0
-322.0,-158.0,-794.0
288.0,-167.0,-774.0
15.0,15.0,-1095.0
288.0,-93.0,-981.0
-300.0,89.0,-1067.0
42.0,154.0,-1095.0
74.0,265.0,-1139.0
89.0,107.0,-995.0
-81.0,-279.0,-897.0
23.0,-121.0,-856.0
296.0,-142.0,-1018.0
111.0,-21.0,-1013.0
-353.0,85.0,-1022.0
-171.0,160.0,-1173.0
-31.0,160.0,-1249.0
169.0,113.0,-911.0
-119.0,-181.0,-884.0
-121.0,-193.0,-958.0
173.0,40.0,-1032.0
3.0,128.0,-1134.0
-37.0,-220.0,-1030.0
-162.0,21.0,-884.0
39.0,290.0,-1015.0
216.0,263.0,-1155.0
-218.0,9.0,-1151.0
-62.0,-310.0,-997.0
111.0,-238.0,-917.0
370.0,83.0,-810.0
-195.0,277.0,-1102.0
-111.0,60.0,-995.0
-72.0,128.0,-1268.0
42.0,64.0,-1202.0
138.0,-25.0,-1044.0
-245.0,-269.0,-854.0
130.0,-5.0,-849.0
183.0,50.0,-810.0
-31.0,-37.0,-1114.0
-208.0,40.0,-1196.0
5.0,234.0,-1300.0
187.0,263.0,-1065.0
80.0,74.0,-854.0
-76.0,-195.0,-667.0
103.0,-201.0,-1040.0
167.0,-64.0,-1095.0
279.0,-39.0,-1161.0
-407.0,-7.0,-1054.0
167.0,128.0,-872.0
-144.0,324.0,-1136.0
329.0,103.0,-991.0
-366.0,-54.0,-1067.0
37.0,-201.0,-810.0
173.0,-160.0,-1057.0
214.0,-40.0,-1042.0
46.0,-81.0,-1032.0
-316.0,154.0,-991.0
56.0,259.0,-989.0
-183.0,247.0,-1233.0
-183.0,-107.0,-1169.0
3.0,-245.0,-915.0
177.0,-173.0,-870.0
353.0,-42.0,-913.0
-339.0,277.0,-1020.0
-111.0,136.0,-1116.0
-236.0,183.0,-1438.0
324.0,-44.0,-1050.0
-74.0,-89.0,-913.0
-132.0,-56.0,-796.0
267.0,150.0,-853.0
31.0,74.0,-1188.0
35.0,-271.0,-1132.0
-409.0,-87.0,-1046.0
42.0,238.0,-1028.0
56.0,366.0,-1034.0
27.0,226.0,-1048.0
-234.0,-163.0,-927.0
210.0,-169.0,-964.0
208.0,-230.0,-1028.0
398.0,-187.0,-907.0
-273.0,197.0,-977.0
0.0,261.0,-1005.0
275.0,421.0,-1120.0
-78.0,-140.0,-1342.0
134.0,-407.0,-800.0
-80.0,-89.0,-778.0
279.0,50.0,-886.0
163.0,187.0,-1116.0
-411.0,-50.0,-1194.0
103.0,-21.0,-1013.0
-251.0,290.0,-1100.0
337.0,72.0,-991.0
-290.0,-52.0,-917.0
265.0,-122.0,-911.0
-169.0,-70.0,-1089.0
566.0,-87.0,-923.0
-581.0,-97.0,-1200.0
101.0,78.0,-962.0
-171.0,466.0,-1221.0
126.0,142.0,-1081.0
-48.0,-173.0,-958.0
-324.0,-197.0,-958.0
327.0,-163.0,-901.0
-115.0,179.0,-1009.0
-23.0,-46.0,-1067.0
-363.0,113.0,-1151.0
74.0,275.0,-1163.0
218.0,228.0,-1034.0
177.0,-29.0,-962.0
-244.0,-327.0,-876.0
240.0,-113.0,-921.0
46.0,72.0,-1122.0
214.0,-124.0,-1013.0
-495.0,3.0,-997.0
275.0,283.0,-868.0
56.0,460.0,-1298.0
144.0,0.0,-1114.0
21.0,-366.0,-724.0
-140.0,-181.0,-827.0
499.0,42.0,-1018.0
-15.0,107.0,-1200.0
-95.0,-195.0,-974.0
-156.0,85.0,-907.0
210.0,327.0,-1167.0
3.0,142.0,-1112.0
44.0,-163.0,-856.0
-281.0,-208.0,-1001.0
370.0,-37.0,-923.0
-54.0,275.0,-1116.0
27.0,-103.0,-999.0
-251.0,25.0,-1057.0
40.0,193.0,-1077.0
144.0,122.0,-1116.0
-115.0,-19.0,-1069.0
-48.0,-361.0,-847.0
-42.0,-99.0,-976.0
208.0,95.0,-929.0
-175.0,234.0,-1159.0
-349.0,103.0,-1216.0
70.0,109.0,-1056.0
152.0,204.0,-1036.0
54.0,-134.0,-1052.0
-107.0,-185.0,-815.0
39.0,23.0,-995.0
1.0,-44.0,-1130.0
206.0,-136.0,-1028.0
-386.0,-11.0,-1007.0
138.0,324.0,-931.0
58.0,316.0,-1149.0
-93.0,1.0,-1190.0
154.0,-212.0,-806.0
-52.0,-85.0,-977.0
304.0,-144.0,-946.0
85.0,130.0,-1005.0
-261.0,42.0,-1063.0
60.0,138.0,-966.0
-50.0,267.0,-1225.0
87.0,-101.0,-1095.0
-29.0,-78.0,-870.0
60.0,-226.0,-835.0
240.0,-52.0,-968.0
87.0,0.0,-1018.0
-136.0,37.0,-1102.0
-80.0,140.0,-1085.0
33.0,210.0,-1018.0
-31.0,130.0,-1003.0
-35.0,-175.0,-970.0
-201.0,-273.0,-968.0
-21.0,31.0,-993.0
-216.0,17.0,-1147.0
-279.0,27.0,-954.0
-370.0,7.0,-1079.0
-312.0,372.0,-1235.0
-19.0,99.0,-1057.0
-638.0,-169.0,-1013.0
-97.0,-339.0,-710.0
-409.0,124.0,-1091.0
-158.0,156.0,-1018.0
-415.0,-17.0,-1085.0
-609.0,35.0,-981.0
-179.0,253.0,-1056.0
-355.0,423.0,-1180.0
-201.0,-165.0,-1067.0
-384.0,-273.0,-899.0
-148.0,-66.0,-936.0
-126.0,5.0,-1063.0
-119.0,60.0,-989.0
-370.0,-99.0,-1118.0
-165.0,70.0,-995.0
-117.0,306.0,-1122.0
-183.0,201.0,-1124.0
29.0,-189.0,-942.0
-156.0,-189.0,-853.0
216.0,-7.0,-872.0
-76.0,93.0,-1202.0
-140.0,-99.0,-1007.0
-58.0,-76.0,-966.0
-234.0,214.0,-1097.0
95.0,167.0,-1059.0
-214.0,-33.0,-1026.0
-37.0,-435.0,-888.0
-7.0,-58.0,-860.0
37.0,201.0,-1042.0
-78.0,101.0,-1038.0
-199.0,148.0,-1020.0
-163.0,169.0,-1249.0
-119.0,134.0,-1081.0
-95.0,-171.0,-905.0
-91.0,-331.0,-782.0
162.0,-60.0,-1030.0
-76.0,101.0,-1108.0
-15.0,103.0,-1001.0
-325.0,35.0,-1083.0
-31.0,111.0,-1054.0
-21.0,314.0,-1063.0
-140.0,66.0,-1116.0
91.0,-169.0,-886.0
-124.0,-195.0,-919.0
154.0,-122.0,-1065.0
-122.0,101.0,-1091.0
-101.0,122.0,-1057.0
-156.0,220.0,-1018.0
29.0,251.0,-1122.0
-142.0,-35.0,-1093.0
212.0,-242.0,-972.0
-3.0,-146.0,-894.0
273.0,13.0,-935.0
-81.0,158.0,-1116.0
-70.0,-46.0,-1046.0
-44.0,226.0,-977.0
-39.0,138.0,-1204.0
144.0,0.0,-1046.0
1.0,-126.0,-892.0
60.0,-134.0,-866.0
232.0,-1.0,-960.0
-33.0,-42.0,-1071.0
-50.0,-101.0,-995.0
-7.0,162.0,-1069.0
-5.0,398.0,-1136.0
89.0,156.0,-1044.0
-58.0,-294.0,-999.0
68.0,-331.0,-878.0
201.0,66.0,-909.0
33.0,124.0,-1116.0
-23.0,-89.0,-1026.0
-242.0,54.0,-1069.0
13.0,269.0,-1100.0
27.0,234.0,-1112.0
-27.0,-240.0,-983.0
0.0,-265.0,-911.0
33.0,25.0,-915.0
64.0,107.0,-1040.0
-48.0,-35.0,-1063.0
-185.0,-13.0,-1098.0
-119.0,253.0,-1030.0
0.0,363.0,-1184.0
-111.0,-56.0,-1026.0
50.0,-304.0,-874.0
-37.0,-101.0,-1016.0
204.0,72.0,-1032.0
-78.0,37.0,-993.0
-154.0,-87.0,-1069.0
-31.0,177.0,-1054.0
-46.0,345.0,-1143.0
97.0,46.0,-1001.0
21.0,-253.0,-917.0
44.0,-224.0,-936.0
228.0,1.0,-1001.0
-46.0,146.0,-1044.0
-19.0,-97.0,-964.0
-72.0,163.0,-1030.0
66.0,249.0,-1163.0
-7.0,136.0,-1048.0
121.0,-171.0,-931.0
-136.0,-392.0,-929.0
308.0,23.0,-921.0
-177.0,134.0,-1104.0
234.0,-25.0,-958.0
-357.0,60.0,-1063.0
195.0,152.0,-1095.0
-163.0,296.0,-1206.0
44.0,-191.0,-977.0
-23.0,-242.0,-839.0
27.0,-142.0,-987.0
119.0,35.0,-1020.0
-105.0,87.0,-1036.0
-58.0,19.0,-976.0
-89.0,232.0,-1204.0
25.0,240.0,-1153.0
-99.0,52.0,-1069.0
-21.0,-230.0,-794.0
60.0,-105.0,-880.0
44.0,56.0,-1116.0
-33.0,29.0,-1114.0
-171.0,52.0,-1044.0
-3.0,179.0,-1040.0
-39.0,325.0,-1116.0
44.0,72.0,-1065.0
11.0,-247.0,-876.0
156.0,-130.0,-833.0
173.0,-58.0,-1059.0
109.0,89.0,-1071.0
-103.0,0.0,-1054.0
15.0,218.0,-929.0
29.0,255.0,-1132.0
7.0,62.0,-1120.0
87.0,-247.0,-968.0
58.0,-189.0,-845.0
158.0,19.0,-946.0
103.0,17.0,-1071.0
-158.0,-54.0,-1022.0
122.0,117.0,-991.0
-210.0,329.0,-1198.0
288.0,128.0,-1048.0
-230.0,-193.0,-1036.0
150.0,-324.0,-864.0
15.0,5.0,-944.0
58.0,130.0,-1069.0
-52.0,-99.0,-1028.0
-66.0,60.0,-1018.0
-54.0,277.0,-1153.0
150.0,238.0,-1073.0
-177.0,-136.0,-1104.0
91.0,-341.0,-825.0
-91.0,-9.0,-968.0
121.0,-7.0,-1005.0
-113.0,-33.0,-1013.0
-48.0,11.0,-1124.0
-91.0,238.0,-1073.0
173.0,368.0,-1063.0
-228.0,-68.0,-1106.0
208.0,-341.0,-827.0
-119.0,-66.0,-944.0
288.0,-7.0,-1003.0
-62.0,142.0,-1097.0
-23.0,-101.0,-960.0
19.0,203.0,-1095.0
-54.0,251.0,-1149.0
103.0,64.0,-1046.0
-74.0,-218.0,-927.0
95.0,-230.0,-886.0
189.0,35.0,-997.0
81.0,40.0,-1059.0
-37.0,-83.0,-976.0
-11.0,175.0,-979.0
0.0,284.0,-1179.0
80.0,128.0,-1087.0
-17.0,-181.0,-950.0
95.0,-355.0,-878.0
132.0,0.0,-1001.0
7.0,78.0,-1034.0
-25.0,-15.0,-966.0
-179.0,56.0,-1089.0
80.0,226.0,-1175.0
-64.0,230.0,-1169.0
-29.0,-189.0,-956.0
-56.0,-240.0,-841.0
3.0,-91.0,-925.0
169.0,19.0,-1091.0
-230.0,17.0,-1114.0
52.0,78.0,-1020.0
-251.0,273.0,-1100.0
201.0,208.0,-1089.0
-366.0,-35.0,-1124.0
197.0,-345.0,-845.0
-152.0,-44.0,-985.0
247.0,78.0,-1022.0
-83.0,48.0,-1026.0
-27.0,21.0,-933.0
-42.0,201.0,-1089.0
40.0,310.0,-1216.0
-48.0,11.0,-1124.0
60.0,-158.0,-778.0
58.0,-150.0,-841.0
238.0,25.0,-995.0
121.0,27.0,-1108.0
-130.0,-5.0,-1063.0
80.0,203.0,-979.0
-105.0,322.0,-1216.0
66.0,42.0,-1024.0
29.0,-183.0,-870.0
-7.0,-234.0,-936.0
288.0,-5.0,-997.0
21.0,60.0,-1071.0
-33.0,-80.0,-985.0
-29.0,154.0,-964.0
-40.0,337.0,-1184.0
31.0,142.0,-1112.0
-13.0,-234.0,-1015.0
17.0,-292.0,-884.0
201.0,-35.0,-894.0
-54.0,115.0,-1063.0
-64.0,-91.0,-1081.0
-349.0,134.0,-1093.0
-220.0,185.0,-1054.0
-58.0,226.0,-1100.0
-335.0,-119.0,-1093.0
-171.0,-253.0,-868.0
-351.0,-54.0,-972.0
-173.0,48.0,-1100.0
-585.0,29.0,-1018.0
-595.0,0.0,-946.0
-776.0,179.0,-1157.0
-382.0,292.0,-1106.0
-771.0,76.0,-1128.0
-552.0,-220.0,-806.0
-821.0,-146.0,-1005.0
-503.0,-31.0,-981.0
-653.0,-3.0,-970.0
-1040.0,87.0,-1110.0
-884.0,124.0,-1108.0
-952.0,320.0,-1180.0
-884.0,-11.0,-1040.0
-810.0,-195.0,-915.0
-1128.0,-179.0,-925.0
-737.0,-105.0,-954.0
-1116.0,236.0,-1161.0
-993.0,-40.0,-1063.0
-1276.0,78.0,-977.0
-976.0,7.0,-1026.0
-1116.0,142.0,-1206.0
-909.0,13.0,-1001.0
-1245.0,-152.0,-899.0
-823.0,-206.0,-843.0
-1157.0,5.0,-1141.0
-1143.0,-23.0,-931.0
-1253.0,72.0,-1065.0
-1255.0,173.0,-1184.0
-1038.0,191.0,-1169.0
-1182.0,-7.0,-925.0
-1393.0,-284.0,-843.0
-1001.0,-162.0,-899.0
-1327.0,-19.0,-1274.0
-1097.0,101.0,-958.0
-1735.0,-7.0,-977.0
-1383.0,134.0,-997.0
-1307.0,99.0,-1180.0
-1403.0,152.0,-1145.0
-1288.0,-124.0,-864.0
-1423.0,-111.0,-872.0
-1139.0,-80.0,-974.0
-1171.0,78.0,-962.0
-1366.0,25.0,-1100.0
-1506.0,-52.0,-1048.0
-1184.0,191.0,-1171.0
-1413.0,281.0,-1221.0
-1100.0,-23.0,-847.0
-1436.0,-134.0,-823.0
-1108.0,-163.0,-952.0
-1052.0,-3.0,-1114.0
-1553.0,113.0,-1015.0
-1149.0,152.0,-952.0
-1544.0,244.0,-1163.0
-860.0,113.0,-1056.0
-1419.0,-56.0,-1036.0
-1188.0,-298.0,-817.0
-1114.0,-81.0,-956.0
-1194.0,89.0,-1032.0
-1380.0,56.0,-1018.0
-1532.0,-80.0,-1040.0
-1596.0,290.0,-1124.0
-1227.0,210.0,-1093.0
-1676.0,-29.0,-1034.0
-1475.0,-242.0,-882.0
-1335.0,-5.0,-853.0
-1407.0,124.0,-1056.0
-1428.0,-329.0,-1046.0
-1573.0,554.0,-1132.0
-1518.0,-437.0,-981.0
-1085.0,651.0,-1229.0
-1510.0,-240.0,-1300.0
-1130.0,-154.0,-864.0
-1333.0,-5.0,-812.0
-1075.0,128.0,-1134.0
-1046.0,380.0,-901.0
-1536.0,-448.0,-1182.0
-878.0,273.0,-1179.0
-1083.0,-60.0,-1266.0
-659.0,390.0,-815.0
-589.0,-165.0,-722.0
-616.0,-99.0,-995.0
-370.0,-103.0,-1130.0
-458.0,-3.0,-1151.0
-259.0,-89.0,-1272.0
-452.0,-37.0,-1042.0
15.0,495.0,-892.0
54.0,263.0,-1071.0
-126.0,-165.0,-952.0
-208.0,-183.0,-886.0
60.0,-146.0,-1147.0
-37.0,427.0,-1018.0
378.0,-203.0,-823.0
203.0,124.0,-1001.0
406.0,-417.0,-1112.0
312.0,210.0,-1071.0
425.0,-58.0,-958.0
247.0,85.0,-903.0
447.0,0.0,-931.0
509.0,105.0,-970.0
476.0,230.0,-1024.0
591.0,-365.0,-909.0
421.0,-56.0,-1134.0
946.0,144.0,-1249.0
132.0,-31.0,-1042.0
952.0,226.0,-741.0
640.0,179.0,-1013.0
1104.0,-230.0,-929.0
849.0,-562.0,-917.0
938.0,320.0,-1124.0
856.0,-70.0,-1337.0
788.0,413.0,-991.0
968.0,-5.0,-929.0
763.0,146.0,-895.0
1022.0,-249.0,-796.0
847.0,81.0,-979.0
1020.0,78.0,-1274.0
890.0,-83.0,-1108.0
1052.0,318.0,-1001.0
964.0,-284.0,-1149.0
853.0,302.0,-1132.0
1260.0,-163.0,-776.0
892.0,-58.0,-993.0
1218.0,238.0,-1184.0
976.0,-247.0,-1003.0
1020.0,175.0,-874.0
1120.0,193.0,-1112.0
849.0,-31.0,-1151.0
1005.0,445.0,-952.0
977.0,-185.0,-1038.0
1262.0,148.0,-993.0
1231.0,-318.0,-868.0
1231.0,21.0,-960.0
1372.0,-142.0,-1095.0
1130.0,9.0,-1149.0
1276.0,-17.0,-1028.0
1079.0,111.0,-1292.0
1179.0,-189.0,-1013.0
1327.0,7.0,-745.0
1061.0,193.0,-895.0
1272.0,189.0,-1132.0
1073.0,-64.0,-1057.0
1106.0,-140.0,-1007.0
792.0,160.0,-1141.0
1212.0,158.0,-1114.0
1116.0,171.0,-995.0
1143.0,-206.0,-882.0
1159.0,-1.0,-845.0
1179.0,124.0,-1118.0
1356.0,-288.0,-1061.0
1063.0,46.0,-1071.0
1200.0,-93.0,-1022.0
993.0,341.0,-1188.0
1528.0,48.0,-989.0
1153.0,-72.0,-1024.0
1098.0,-1.0,-854.0
1173.0,64.0,-942.0
1091.0,83.0,-1100.0
1157.0,-150.0,-1114.0
909.0,52.0,-938.0
1120.0,366.0,-1026.0
1161.0,31.0,-1067.0
1235.0,-117.0,-923.0
1173.0,-304.0,-798.0
1149.0,191.0,-985.0
1442.0,54.0,-1050.0
1075.0,-76.0,-966.0
1409.0,-80.0,-997.0
878.0,117.0,-1167.0
1565.0,156.0,-1057.0
921.0,-29.0,-1009.0
1268.0,-201.0,-897.0
927.0,173.0,-952.0
1093.0,162.0,-964.0
866.0,-60.0,-1001.0
700.0,-167.0,-1013.0
794.0,97.0,-1139.0
605.0,91.0,-1223.0
687.0,-74.0,-923.0
562.0,-236.0,-854.0
536.0,66.0,-880.0
755.0,279.0,-1024.0
407.0,29.0,-1063.0
489.0,-50.0,-1048.0
238.0,1.0,-1034.0
614.0,228.0,-1218.0
74.0,-35.0,-1124.0
527.0,-70.0,-856.0
13.0,130.0,-989.0
605.0,206.0,-1079.0
0.0,105.0,-1118.0
257.0,-230.0,-948.0
21.0,-40.0,-1032.0
355.0,230.0,-1188.0
138.0,113.0,-1145.0
126.0,-52.0,-944.0
154.0,-87.0,-866.0
441.0,195.0,-1013.0
329.0,138.0,-1093.0
298.0,-119.0,-999.0
132.0,-5.0,-1024.0
345.0,31.0,-1200.0
304.0,140.0,-1153.0
218.0,-165.0,-905.0
296.0,-46.0,-868.0
322.0,72.0,-1056.0
325.0,62.0,-1046.0
81.0,-109.0,-1030.0
33.0,-152.0,-1034.0
253.0,89.0,-1022.0
183.0,199.0,-1100.0
54.0,-66.0,-1011.0
144.0,-81.0,-950.0
-42.0,-25.0,-1042.0
363.0,-15.0,-962.0
-140.0,27.0,-1128.0
277.0,-89.0,-1032.0
-105.0,193.0,-1196.0
132.0,99.0,-1141.0
-17.0,-91.0,-1110.0
-17.0,-99.0,-981.0
204.0,-83.0,-1005.0
93.0,244.0,-1198.0
60.0,11.0,-1112.0
-142.0,-23.0,-1073.0
-9.0,74.0,-1260.0
0.0,95.0,-1383.0
-46.0,109.0,-1141.0
21.0,-56.0,-1114.0
39.0,81.0,-1186.0
222.0,115.0,-1298.0
-35.0,21.0,-1331.0
70.0,-107.0,-1368.0
-62.0,107.0,-1372.0
265.0,265.0,-1479.0
15.0,230.0,-1544.0
132.0,-124.0,-1342.0
78.0,11.0,-1319.0
238.0,48.0,-1487.0
263.0,204.0,-1483.0
-29.0,105.0,-1565.0
66.0,60.0,-1481.0
-15.0,181.0,-1645.0
113.0,152.0,-1586.0
39.0,72.0,-1489.0
27.0,-3.0,-1339.0
228.0,97.0,-1434.0
111.0,283.0,-1618.0
66.0,81.0,-1506.0
-48.0,0.0,-1413.0
37.0,206.0,-1528.0
-11.0,271.0,-1596.0
122.0,179.0,-1434.0
13.0,113.0,-1391.0
117.0,181.0,-1426.0
76.0,183.0,-1421.0
40.0,156.0,-1325.0
58.0,95.0,-1323.0
1.0,316.0,-1588.0
19.0,331.0,-1585.0
-37.0,290.0,-1387.0
-89.0,48.0,-1262.0
160.0,27.0,-1335.0
80.0,333.0,-1467.0
175.0,316.0,-1438.0
-56.0,167.0,-1419.0
21.0,216.0,-1446.0
46.0,302.0,-1639.0
52.0,296.0,-1567.0
44.0,35.0,-1374.0
54.0,163.0,-1337.0
230.0,324.0,-1551.0
191.0,345.0,-1538.0
-87.0,150.0,-1536.0
-56.0,-11.0,-1508.0
37.0,251.0,-1610.0
165.0,439.0,-1594.0
-60.0,234.0,-1614.0
138.0,-17.0,-1383.0
-124.0,107.0,-1512.0
148.0,216.0,-1590.0
-179.0,136.0,-1555.0
122.0,97.0,-1456.0
-126.0,304.0,-1657.0
201.0,255.0,-1622.0
-244.0,117.0,-1542.0
-7.0,13.0,-1380.0
-66.0,122.0,-1559.0
40.0,173.0,-1512.0
25.0,105.0,-1586.0
-64.0,-5.0,-1551.0
74.0,185.0,-1633.0
-113.0,361.0,-1700.0
-46.0,117.0,-1663.0
-35.0,11.0,-1471.0
-66.0,162.0,-1573.0
195.0,171.0,-1637.0
-158.0,173.0,-1577.0
52.0,62.0,-1551.0
-40.0,152.0,-1612.0
234.0,353.0,-1715.0
-130.0,148.0,-1682.0
-7.0,-1.0,-1561.0
-156.0,-17.0,-1499.0
107.0,220.0,-1594.0
31.0,255.0,-1731.0
27.0,-29.0,-1631.0
68.0,165.0,-1682.0
-46.0,286.0,-1866.0
171.0,269.0,-1836.0
-259.0,-31.0,-1649.0
296.0,56.0,-1520.0
-76.0,269.0,-1768.0
398.0,234.0,-1602.0
-105.0,122.0,-1717.0
165.0,89.0,-1588.0
31.0,308.0,-1694.0
27.0,277.0,-1752.0
-83.0,-165.0,-1698.0
-58.0,-17.0,-1467.0
-119.0,277.0,-1622.0
203.0,218.0,-1610.0
-181.0,5.0,-1608.0
191.0,-42.0,-1542.0
-183.0,247.0,-1780.0
177.0,413.0,-1649.0
-304.0,156.0,-1590.0
144.0,103.0,-1479.0
-121.0,124.0,-1532.0
361.0,363.0,-1588.0
-87.0,148.0,-1696.0
224.0,-1.0,-1549.0
-251.0,318.0,-1717.0
156.0,433.0,-1827.0
-181.0,138.0,-1733.0
-54.0,-68.0,-1534.0
111.0,142.0,-1592.0
29.0,491.0,-1748.0
130.0,230.0,-1670.0
-83.0,111.0,-1725.0
-33.0,163.0,-1708.0
72.0,603.0,-1780.0
-39.0,476.0,-1805.0
54.0,-25.0,-1518.0
-1.0,62.0,-1499.0
228.0,195.0,-1668.0
148.0,300.0,-1729.0
68.0,111.0,-1743.0
-40.0,222.0,-1696.0
80.0,489.0,-1733.0
-103.0,324.0,-1780.0
17.0,78.0,-1686.0
17.0,-91.0,-1686.0
15.0,206.0,-1721.0
333.0,253.0,-1791.0
-212.0,232.0,-1799.0
333.0,191.0,-1618.0
-370.0,657.0,-1899.0
206.0,425.0,-1758.0
-286.0,117.0,-1760.0
107.0,-54.0,-1667.0
-29.0,167.0,-1756.0
109.0,425.0,-1708.0
-72.0,183.0,-1672.0
-66.0,138.0,-1579.0
-140.0,396.0,-1791.0
-107.0,292.0,-1932.0
-179.0,0.0,-1733.0
-160.0,-25.0,-1602.0
3.0,411.0,-1626.0
199.0,407.0,-1686.0
-126.0,310.0,-1583.0
93.0,-50.0,-1670.0
-353.0,216.0,-1842.0
312.0,331.0,-1768.0
-339.0,339.0,-1768.0
257.0,46.0,-1342.0
-25.0,402.0,-1579.0
220.0,261.0,-1715.0
121.0,-17.0,-1803.0
-191.0,-283.0,-1756.0
62.0,109.0,-1719.0
11.0,694.0,-1811.0
122.0,488.0,-1782.0
-9.0,117.0,-1745.0
70.0,-138.0,-1633.0
140.0,72.0,-1725.0
249.0,267.0,-1772.0
-31.0,177.0,-1694.0
48.0,339.0,-1555.0
-183.0,452.0,-1920.0
91.0,66.0,-1877.0
-121.0,-80.0,-1721.0
11.0,-60.0,-1450.0
87.0,361.0,-1690.0
37.0,345.0,-1907.0
-119.0,-72.0,-1811.0
-17.0,-146.0,-1676.0
-111.0,206.0,-1752.0
83.0,671.0,-1772.0
-39.0,265.0,-1786.0
-78.0,146.0,-1643.0
-21.0,-76.0,-1655.0
83.0,130.0,-1692.0
27.0,214.0,-1674.0
-124.0,382.0,-1678.0
-126.0,470.0,-1877.0
1.0,343.0,-1891.0
-27.0,-193.0,-1657.0
101.0,-60.0,-1592.0
134.0,298.0,-1629.0
83.0,609.0,-1834.0
154.0,162.0,-1702.0
-87.0,-214.0,-1858.0
74.0,-7.0,-1692.0
50.0,431.0,-1834.0
58.0,519.0,-1760.0
-40.0,244.0,-1706.0
187.0,76.0,-1596.0
-52.0,-27.0,-1776.0
179.0,169.0,-1741.0
-156.0,66.0,-1672.0
169.0,448.0,-1680.0
-35.0,546.0,-1887.0
-29.0,390.0,-1858.0
191.0,-42.0,-1637.0
-165.0,154.0,-1616.0
411.0,304.0,-1676.0
-48.0,185.0,-1893.0
64.0,35.0,-1608.0
-154.0,-40.0,-1686.0
-40.0,277.0,-1920.0
62.0,265.0,-1940.0
-70.0,-3.0,-1680.0
37.0,44.0,-1526.0
-17.0,302.0,-1731.0
99.0,423.0,-1842.0
-152.0,247.0,-1788.0
-181.0,249.0,-1752.0
-244.0,388.0,-1752.0
126.0,646.0,-1852.0
-214.0,203.0,-1907.0
15.0,140.0,-1633.0
-245.0,265.0,-1633.0
284.0,329.0,-1668.0
-66.0,177.0,-1840.0
173.0,0.0,-1793.0
-222.0,136.0,-1832.0
122.0,261.0,-1750.0
-119.0,306.0,-1780.0
50.0,99.0,-1676.0
68.0,288.0,-1606.0
27.0,624.0,-1667.0
169.0,253.0,-1702.0
-97.0,-5.0,-1727.0
52.0,230.0,-1622.0
-93.0,675.0,-1829.0
134.0,439.0,-1739.0
-54.0,333.0,-1637.0
187.0,191.0,-1551.0
193.0,122.0,-1745.0
167.0,-163.0,-1588.0
60.0,-218.0,-1684.0
119.0,-46.0,-1653.0
-15.0,493.0,-1889.0
-39.0,421.0,-1709.0
-132.0,228.0,-1506.0
-62.0,165.0,-1409.0
99.0,281.0,-1567.0
78.0,275.0,-1553.0
-197.0,146.0,-1481.0
-81.0,99.0,-1426.0
-310.0,288.0,-1631.0
181.0,308.0,-1588.0
-124.0,-33.0,-1448.0
107.0,-103.0,-1249.0
89.0,72.0,-1221.0
95.0,244.0,-1360.0
-1.0,-87.0,-1362.0
-203.0,-64.0,-1344.0
-44.0,165.0,-1329.0
-60.0,244.0,-1393.0
163.0,160.0,-1204.0
-214.0,-7.0,-1073.0
193.0,251.0,-974.0
39.0,154.0,-1276.0
64.0,165.0,-1391.0
46.0,-197.0,-1218.0
-160.0,128.0,-1245.0
169.0,46.0,-1264.0
199.0,152.0,-1303.0
111.0,-154.0,-1184.0
158.0,167.0,-1153.0
173.0,165.0,-1196.0
60.0,162.0,-1218.0
9.0,-162.0,-1161.0
-91.0,5.0,-1173.0
31.0,-42.0,-1280.0
-152.0,72.0,-1298.0
130.0,-44.0,-1190.0
-173.0,-212.0,-1216.0
44.0,119.0,-1251.0
109.0,111.0,-1270.0
-162.0,122.0,-1280.0
156.0,-169.0,-1235.0
-238.0,113.0,-1497.0
171.0,-126.0,-1387.0
-224.0,33.0,-1428.0
134.0,-284.0,-1208.0
-39.0,-7.0,-1194.0
162.0,158.0,-1194.0
-220.0,128.0,-1333.0
-40.0,-3.0,-1184.0
-286.0,-29.0,-1520.0
189.0,-87.0,-1364.0
-197.0,40.0,-1424.0
160.0,-54.0,-1011.0
-85.0,327.0,-1346.0
109.0,48.0,-1145.0
-60.0,15.0,-1452.0
-146.0,-142.0,-1241.0
-85.0,240.0,-1296.0
183.0,281.0,-1329.0
-245.0,320.0,-1346.0
386.0,-175.0,-983.0
-351.0,-42.0,-1149.0
632.0,-142.0,-1198.0
-333.0,105.0,-1419.0
226.0,222.0,-1110.0
-169.0,283.0,-1184.0
7.0,407.0,-1220.0
347.0,-5.0,-1243.0
-345.0,-263.0,-1198.0
497.0,-226.0,-1018.0
-384.0,80.0,-1260.0
493.0,306.0,-1059.0
-306.0,-70.0,-1192.0
74.0,361.0,-974.0
54.0,245.0,-1206.0
-21.0,25.0,-1288.0
117.0,93.0,-1245.0
-78.0,-273.0,-1067.0
87.0,25.0,-1003.0
113.0,238.0,-1173.0
-185.0,331.0,-1278.0
-9.0,183.0,-1136.0
-394.0,95.0,-1227.0
126.0,396.0,-1177.0
-148.0,-35.0,-1218.0
15.0,60.0,-948.0
74.0,158.0,-1136.0
-89.0,279.0,-1116.0
74.0,62.0,-1022.0
-308.0,-115.0,-1208.0
23.0,201.0,-1167.0
11.0,411.0,-1188.0
33.0,163.0,-1065.0
52.0,-81.0,-1085.0
-83.0,-3.0,-1009.0
191.0,0.0,-1057.0
-56.0,66.0,-1229.0
107.0,91.0,-1106.0
-128.0,269.0,-1024.0
257.0,316.0,-1104.0
37.0,206.0,-1077.0
64.0,206.0,-1071.0
197.0,-337.0,-1079.0
-56.0,29.0,-1171.0
162.0,37.0,-995.0
-91.0,-136.0,-1091.0
-33.0,372.0,-1110.0
132.0,29.0,-1223.0
-203.0,357.0,-1296.0
283.0,-271.0,-1015.0
-464.0,-60.0,-1145.0
448.0,-56.0,-966.0
-300.0,296.0,-1239.0
162.0,-58.0,-979.0
-162.0,-160.0,-1218.0
-154.0,-105.0,-1264.0
232.0,175.0,-1282.0
-394.0,56.0,-1079.0
222.0,-162.0,-849.0
-232.0,-93.0,-1061.0
284.0,-60.0,-1044.0
-163.0,-52.0,-1093.0
-132.0,-220.0,-983.0
0.0,208.0,-1015.0
107.0,40.0,-1114.0
-115.0,154.0,-974.0
-46.0,-384.0,-735.0
-140.0,-341.0,-841.0
228.0,-42.0,-851.0
-148.0,197.0,-1007.0
206.0,-167.0,-755.0
-245.0,-50.0,-772.0
394.0,-208.0,-810.0
-193.0,-54.0,-1042.0
339.0,-284.0,-609.0
-263.0,150.0,-564.0
503.0,152.0,-525.0
3.0,179.0,-614.0
236.0,-136.0,-509.0
-101.0,-421.0,-542.0
58.0,-281.0,-624.0
58.0,-228.0,-683.0
-101.0,19.0,-476.0
222.0,-253.0,-208.0
-265.0,197.0,-423.0
464.0,-52.0,-365.0
-366.0,-162.0,-622.0
302.0,-259.0,-505.0
-162.0,-107.0,-860.0
37.0,-218.0,-607.0
27.0,81.0,-517.0
-37.0,21.0,-437.0
81.0,-54.0,-503.0
281.0,-156.0,-622.0
-173.0,-206.0,-800.0
290.0,11.0,-712.0
-491.0,-261.0,-772.0
240.0,-35.0,-653.0
-361.0,-273.0,-642.0
-37.0,5.0,-532.0
58.0,5.0,-706.0
-208.0,-242.0,-689.0
150.0,-72.0,-667.0
-265.0,-265.0,-689.0
21.0,-31.0,-569.0
-50.0,-107.0,-745.0
-281.0,-35.0,-839.0
152.0,-210.0,-583.0
-214.0,-107.0,-663.0
458.0,-29.0,-513.0
33.0,9.0,-659.0
220.0,-83.0,-534.0
-281.0,-107.0,-767.0
275.0,-316.0,-778.0
-251.0,-214.0,-767.0
173.0,-220.0,-343.0
37.0,91.0,-310.0
163.0,179.0,-409.0
74.0,-238.0,-511.0
-95.0,-255.0,-544.0
-138.0,-240.0,-661.0
-242.0,44.0,-648.0
251.0,66.0,-528.0
-208.0,103.0,-390.0
242.0,-78.0,-349.0
-21.0,-242.0,-435.0
206.0,-343.0,-577.0
-144.0,-9.0,-669.0
11.0,144.0,-569.0
-224.0,66.0,-521.0
52.0,-247.0,-406.0
-52.0,-271.0,-380.0
0.0,-218.0,-402.0
46.0,-72.0,-456.0
29.0,5.0,-464.0
37.0,107.0,-470.0
-210.0,66.0,-503.0
0.0,163.0,-443.0
101.0,-181.0,-556.0
-42.0,-165.0,-486.0
199.0,-128.0,-425.0
-124.0,29.0,-443.0
384.0,-169.0,-478.0
-126.0,-351.0,-454.0
33.0,-37.0,-437.0
-64.0,-42.0,-443.0
31.0,208.0,-509.0
-21.0,-150.0,-505.0
-70.0,-411.0,-441.0
177.0,-29.0,-290.0
52.0,-25.0,-423.0
169.0,25.0,-439.0
-103.0,-72.0,-452.0
-193.0,25.0,-462.0
27.0,128.0,-544.0
165.0,-222.0,-501.0
-138.0,-583.0,-488.0
201.0,-445.0,-283.0
17.0,-124.0,-386.0
99.0,-152.0,-544.0
58.0,-183.0,-448.0
-234.0,-46.0,-445.0
122.0,-95.0,-437.0
-191.0,-144.0,-501.0
253.0,-218.0,-359.0
-296.0,-335.0,-474.0
111.0,-226.0,-314.0
80.0,-66.0,-460.0
-128.0,195.0,-435.0
195.0,-154.0,-304.0
-370.0,-236.0,-517.0
251.0,-409.0,-290.0
-111.0,-359.0,-476.0
52.0,-349.0,-327.0
81.0,-363.0,-327.0
-105.0,-58.0,-320.0
201.0,35.0,-312.0
-368.0,-46.0,-380.0
288.0,-148.0,-404.0
-325.0,-206.0,-515.0
365.0,-76.0,-208.0
-331.0,-124.0,-396.0
206.0,-345.0,-257.0
-5.0,-234.0,-406.0
74.0,-156.0,-400.0
48.0,-199.0,-392.0
-154.0,-222.0,-355.0
210.0,-384.0,-472.0
-136.0,-95.0,-486.0
232.0,-286.0,-208.0
-134.0,-261.0,-359.0
255.0,-458.0,-425.0
39.0,-189.0,-460.0
-72.0,113.0,-306.0
74.0,148.0,-406.0
-99.0,-163.0,-472.0
269.0,-341.0,-390.0
-351.0,-343.0,-421.0
222.0,-83.0,-165.0
-339.0,-148.0,-345.0
413.0,-267.0,-279.0
-349.0,-325.0,-437.0
267.0,-261.0,-306.0
-349.0,-97.0,-538.0
228.0,-152.0,-345.0
-283.0,-74.0,-497.0
33.0,-187.0,-212.0
19.0,23.0,-304.0
11.0,-128.0,-308.0
119.0,-251.0,-306.0
-255.0,-134.0,-402.0
162.0,-165.0,-366.0
17.0,220.0,-552.0
60.0,-119.0,-396.0
13.0,3.0,-279.0
-111.0,-136.0,-212.0
251.0,-263.0,-247.0
-99.0,-76.0,-376.0
232.0,-269.0,-318.0
-173.0,-27.0,-380.0
263.0,-142.0,-411.0
-204.0,-46.0,-419.0
-7.0,-136.0,-228.0
-130.0,-80.0,-210.0
152.0,0.0,-224.0
40.0,-113.0,-363.0
-58.0,-148.0,-318.0
72.0,-318.0,-443.0
-197.0,-179.0,-458.0
404.0,-76.0,-411.0
-302.0,-113.0,-437.0
413.0,-31.0,-173.0
-183.0,-204.0,-310.0
314.0,-128.0,-279.0
-117.0,-136.0,-423.0
42.0,-222.0,-398.0
-29.0,-197.0,-474.0
-126.0,-214.0,-462.0
-7.0,-177.0,-296.0
-183.0,-126.0,-269.0
39.0,-195.0,-281.0
83.0,-50.0,-329.0
-101.0,-97.0,-345.0
40.0,-148.0,-304.0
-191.0,-228.0,-380.0
220.0,-189.0,-435.0
-320.0,-204.0,-357.0
169.0,-253.0,-158.0
-263.0,-244.0,-224.0
365.0,15.0,-230.0
-251.0,68.0,-413.0
134.0,-242.0,-306.0
-345.0,-162.0,-351.0
240.0,-193.0,-357.0
-39.0,-29.0,-503.0
31.0,-244.0,-271.0
101.0,-253.0,-177.0
111.0,-206.0,-263.0
204.0,-101.0,-359.0
-52.0,-44.0,-460.0
136.0,-224.0,-324.0
46.0,-171.0,-327.0
70.0,-255.0,-327.0
66.0,-251.0,-327.0
-119.0,-409.0,-181.0
105.0,-181.0,-232.0
3.0,54.0,-292.0
-64.0,62.0,-359.0
-103.0,-242.0,-329.0
-46.0,-519.0,-363.0
66.0,-273.0,-365.0
-44.0,-210.0,-351.0
115.0,-146.0,-347.0
-113.0,-277.0,-283.0
140.0,-267.0,-251.0
-99.0,-216.0,-359.0
54.0,-201.0,-277.0
-109.0,-89.0,-402.0
58.0,-81.0,-320.0
-148.0,-177.0,-310.0
-124.0,-230.0,-201.0
72.0,-435.0,-150.0
-21.0,-187.0,-212.0
23.0,-107.0,-232.0
-156.0,-93.0,-400.0
-7.0,-292.0,-456.0
0.0,-247.0,-404.0
37.0,-80.0,-314.0
50.0,-187.0,-240.0
83.0,-144.0,-339.0
169.0,-249.0,-445.0
128.0,-310.0,-359.0
-81.0,-89.0,-394.0
169.0,-160.0,-425.0
7.0,72.0,-589.0
70.0,-5.0,-374.0
-95.0,-183.0,-294.0
31.0,-322.0,-240.0
294.0,-337.0,-329.0
230.0,-78.0,-382.0
193.0,-187.0,-308.0
121.0,-158.0,-409.0
226.0,-204.0,-466.0
450.0,-68.0,-431.0
193.0,-119.0,-308.0
528.0,-134.0,-204.0
331.0,-158.0,-372.0
745.0,-95.0,-470.0
308.0,-240.0,-486.0
528.0,-257.0,-335.0
341.0,-97.0,-599.0
712.0,-37.0,-636.0
560.0,-105.0,-651.0
566.0,-222.0,-396.0
638.0,-113.0,-445.0
915.0,62.0,-560.0
694.0,85.0,-667.0
612.0,-122.0,-702.0
421.0,-189.0,-786.0
669.0,-89.0,-763.0
558.0,48.0,-790.0
739.0,-134.0,-591.0
495.0,-103.0,-546.0
718.0,64.0,-663.0
583.0,83.0,-769.0
503.0,-93.0,-810.0
368.0,-286.0,-733.0
552.0,-175.0,-800.0
696.0,-23.0,-813.0
568.0,11.0,-665.0
636.0,58.0,-599.0
435.0,21.0,-694.0
646.0,169.0,-696.0
244.0,3.0,-792.0
669.0,-111.0,-691.0
210.0,60.0,-888.0
591.0,-101.0,-776.0
117.0,-60.0,-696.0
415.0,-201.0,-521.0
345.0,76.0,-720.0
413.0,52.0,-743.0
154.0,-85.0,-708.0
81.0,-216.0,-687.0
80.0,-91.0,-892.0
275.0,-5.0,-911.0
60.0,-83.0,-769.0
275.0,-115.0,-511.0
29.0,302.0,-694.0
409.0,156.0,-761.0
-121.0,25.0,-868.0
70.0,-245.0,-720.0
-156.0,-64.0,-798.0
310.0,115.0,-882.0
-122.0,13.0,-927.0
78.0,-163.0,-696.0
-44.0,-134.0,-618.0
294.0,93.0,-726.0
87.0,99.0,-925.0
31.0,-81.0,-915.0
-150.0,3.0,-856.0
48.0,0.0,-921.0
136.0,39.0,-942.0
23.0,-136.0,-778.0
115.0,-39.0,-651.0
5.0,154.0,-847.0
21.0,13.0,-892.0
-187.0,-224.0,-903.0
-240.0,-203.0,-835.0
-128.0,-23.0,-899.0
-152.0,81.0,-831.0
-121.0,-27.0,-841.0
-281.0,-60.0,-784.0
-140.0,-210.0,-776.0
-365.0,-50.0,-845.0
-263.0,-33.0,-862.0
-361.0,-70.0,-888.0
-409.0,52.0,-1003.0
-448.0,-7.0,-853.0
-335.0,-78.0,-732.0
-337.0,-222.0,-815.0
-331.0,-78.0,-792.0
-417.0,11.0,-858.0
-569.0,-208.0,-819.0
-552.0,-121.0,-868.0
-523.0,-60.0,-946.0
-538.0,93.0,-989.0
-505.0,-140.0,-798.0
-511.0,-78.0,-819.0
-392.0,-11.0,-800.0
-554.0,126.0,-876.0
-525.0,-148.0,-831.0
-716.0,-134.0,-899.0
-441.0,-25.0,-966.0
-622.0,169.0,-995.0
-489.0,52.0,-936.0
-601.0,-154.0,-778.0
-441.0,-156.0,-726.0
-298.0,50.0,-892.0
-355.0,15.0,-981.0
-534.0,-99.0,-894.0
-482.0,-15.0,-903.0
-464.0,91.0,-1038.0
-255.0,122.0,-970.0
-499.0,-105.0,-868.0
-142.0,-89.0,-720.0
-402.0,93.0,-921.0
-103.0,11.0,-907.0
-521.0,-60.0,-983.0
-222.0,-195.0,-880.0
-509.0,35.0,-1030.0
-7.0,107.0,-895.0
-300.0,15.0,-979.0
-58.0,-31.0,-772.0
-238.0,19.0,-911.0
-62.0,85.0,-925.0
-242.0,-113.0,-948.0
-121.0,-56.0,-903.0
-288.0,54.0,-1077.0
-99.0,181.0,-1042.0
-234.0,19.0,-972.0
-52.0,-87.0,-849.0
-173.0,-50.0,-921.0
175.0,152.0,-876.0
-214.0,-15.0,-938.0
-80.0,-35.0,-993.0
-359.0,-17.0,-1151.0
35.0,179.0,-987.0
-224.0,66.0,-976.0
80.0,-93.0,-769.0
-85.0,29.0,-940.0
113.0,160.0,-970.0
-163.0,103.0,-1020.0
-64.0,-154.0,-921.0
-249.0,-50.0,-991.0
33.0,179.0,-1024.0
-87.0,134.0,-1024.0
0.0,-13.0,-862.0
-83.0,-56.0,-872.0
222.0,19.0,-913.0
-58.0,130.0,-950.0
-7.0,-52.0,-946.0
-212.0,3.0,-976.0
39.0,81.0,-1081.0
-148.0,124.0,-1071.0
195.0,-99.0,-849.0
-160.0,-29.0,-823.0
238.0,1.0,-911.0
-56.0,136.0,-1071.0
-5.0,-105.0,-958.0
-226.0,-83.0,-991.0
-56.0,11.0,-1018.0
117.0,105.0,-1110.0
-158.0,35.0,-929.0
152.0,-83.0,-880.0
-226.0,11.0,-940.0
236.0,-5.0,-944.0
-263.0,7.0,-1083.0
66.0,-142.0,-1003.0
-249.0,37.0,-983.0
74.0,93.0,-1040.0
-66.0,1.0,-1028.0
9.0,-70.0,-956.0
35.0,-58.0,-911.0
31.0,58.0,-970.0
-27.0,-37.0,-981.0
-148.0,-66.0,-1022.0
-70.0,-17.0,-1003.0
-29.0,142.0,-1130.0
-13.0,-29.0,-997.0
31.0,-105.0,-948.0
-89.0,5.0,-847.0
169.0,103.0,-964.0
-107.0,-50.0,-1011.0
44.0,-160.0,-956.0
-224.0,-23.0,-997.0
216.0,68.0,-1059.0
-122.0,148.0,-1067.0
60.0,-119.0,-927.0
-42.0,-105.0,-888.0
121.0,19.0,-890.0
66.0,48.0,-1056.0
-91.0,-115.0,-985.0
-81.0,-140.0,-962.0
-66.0,74.0,-1018.0
177.0,171.0,-1069.0
-52.0,-81.0,-985.0
19.0,-163.0,-882.0
27.0,5.0,-872.0
74.0,48.0,-993.0
-72.0,-19.0,-1048.0
-72.0,-165.0,-976.0
-3.0,70.0,-1056.0
-132.0,124.0,-1071.0
150.0,17.0,-977.0
-296.0,-132.0,-985.0
181.0,-29.0,-827.0
-97.0,144.0,-1077.0
119.0,-80.0,-927.0
-150.0,-25.0,-1018.0
-39.0,-54.0,-1108.0
-1.0,152.0,-1108.0
-72.0,87.0,-938.0
97.0,-37.0,-946.0
-13.0,-39.0,-938.0
152.0,93.0,-1022.0
-64.0,-31.0,-977.0
-29.0,-1.0,-915.0
-50.0,35.0,-1095.0
27.0,199.0,-1177.0
31.0,99.0,-1015.0
-78.0,-66.0,-845.0
113.0,-19.0,-921.0
35.0,113.0,-1056.0
193.0,119.0,-1003.0
-165.0,-111.0,-974.0
124.0,-52.0,-958.0
-101.0,140.0,-1173.0
206.0,152.0,-1089.0
-85.0,-25.0,-958.0
60.0,-68.0,-794.0
136.0,42.0,-1003.0
162.0,183.0,-1104.0
-44.0,-70.0,-995.0
-109.0,-44.0,-931.0
-29.0,42.0,-1030.0
169.0,208.0,-1134.0
-142.0,68.0,-1102.0
171.0,-162.0,-821.0
-218.0,42.0,-974.0
314.0,70.0,-1011.0
-263.0,37.0,-1100.0
95.0,-119.0,-964.0
-359.0,5.0,-1085.0
275.0,167.0,-1087.0
-238.0,27.0,-1171.0
140.0,-64.0,-841.0
-199.0,21.0,-895.0
242.0,113.0,-974.0
-122.0,134.0,-1157.0
-44.0,-95.0,-995.0
-150.0,-101.0,-1003.0
-39.0,142.0,-1042.0
142.0,160.0,-1093.0
-64.0,-25.0,-1032.0
121.0,-48.0,-884.0
-103.0,23.0,-958.0
-122.0,-46.0,-1132.0
0.0,-7.0,-1018.0
81.0,76.0,-1087.0
7.0,93.0,-993.0
95.0,-9.0,-1018.0
-3.0,-117.0,-876.0
132.0,35.0,-989.0
-21.0,62.0,-972.0
48.0,-19.0,-1005.0
-78.0,-83.0,-1028.0
111.0,-25.0,-1022.0
46.0,107.0,-1050.0
29.0,42.0,-970.0
3.0,-89.0,-964.0
0.0,-5.0,-977.0
44.0,-9.0,-999.0
-146.0,-68.0,-970.0
15.0,-132.0,-968.0
-78.0,-1.0,-1122.0
109.0,165.0,-1100.0
-5.0,23.0,-1028.0
-105.0,-122.0,-913.0
40.0,-76.0,-976.0
15.0,81.0,-1044.0
-60.0,-21.0,-981.0
-33.0,-107.0,-946.0
-81.0,-29.0,-1159.0
107.0,138.0,-1134.0
-42.0,48.0,-1048.0
-93.0,-44.0,-899.0
25.0,-52.0,-895.0
15.0,113.0,-1050.0
89.0,-1.0,-1046.0
-134.0,-40.0,-1048.0
29.0,-93.0,-936.0
128.0,130.0,-1091.0
64.0,179.0,-1087.0
29.0,-99.0,-1020.0
-42.0,-124.0,-894.0
138.0,-1.0,-968.0
126.0,191.0,-1036.0
-39.0,-95.0,-999.0
54.0,-54.0,-938.0
7.0,40.0,-1114.0
224.0,128.0,-1169.0
-140.0,-19.0,-1044.0
204.0,-142.0,-802.0
-206.0,150.0,-936.0
390.0,5.0,-1013.0
-306.0,21.0,-1110.0
273.0,-167.0,-944.0
-324.0,85.0,-1130.0
288.0,162.0,-991.0
-191.0,46.0,-1145.0
-15.0,-150.0,-899.0
-3.0,-1.0,-962.0
37.0,70.0,-952.0
48.0,-29.0,-1063.0
-117.0,-52.0,-1079.0
5.0,1.0,-1093.0
-17.0,245.0,-1040.0
1.0,52.0,-1038.0
27.0,-37.0,-1011.0
-101.0,-29.0,-931.0
259.0,83.0,-919.0
-181.0,66.0,-1052.0
134.0,-19.0,-1071.0
-238.0,19.0,-1040.0
228.0,220.0,-1038.0
-259.0,76.0,-1112.0
201.0,-70.0,-944.0
-197.0,-35.0,-983.0
300.0,105.0,-936.0
-40.0,124.0,-1048.0
128.0,-124.0,-917.0
-152.0,37.0,-1126.0
99.0,33.0,-1067.0
31.0,245.0,-1134.0
-58.0,-50.0,-952.0
130.0,-72.0,-905.0
39.0,50.0,-1015.0
234.0,21.0,-950.0
-132.0,-46.0,-1018.0
-15.0,-80.0,-1028.0
-7.0,121.0,-1155.0
-66.0,224.0,-1079.0
148.0,-29.0,-917.0
-208.0,-93.0,-952.0
257.0,-81.0,-966.0
-35.0,87.0,-1057.0
46.0,15.0,-997.0
-181.0,-89.0,-1063.0
58.0,27.0,-1048.0
-21.0,165.0,-1184.0
-37.0,-15.0,-1007.0
15.0,-37.0,-878.0
-52.0,-54.0,-935.0
187.0,163.0,-1141.0
-126.0,-42.0,-1075.0
37.0,-97.0,-921.0
-216.0,9.0,-950.0
283.0,165.0,-1214.0
-214.0,148.0,-1169.0
113.0,-76.0,-886.0
-103.0,-54.0,-856.0
199.0,27.0,-1044.0
74.0,70.0,-1028.0
-95.0,-46.0,-997.0
27.0,-80.0,-1018.0
-163.0,99.0,-1161.0
296.0,105.0,-1095.0
-201.0,-35.0,-997.0
267.0,-50.0,-786.0
-48.0,15.0,-1030.0
302.0,37.0,-991.0
-138.0,-87.0,-1138.0
-5.0,-89.0,-913.0
29.0,42.0,-1098.0
7.0,138.0,-1048.0
130.0,60.0,-1079.0
-148.0,-107.0,-938.0
220.0,-93.0,-845.0
-50.0,13.0,-1011.0
89.0,-46.0,-1083.0
-58.0,-95.0,-1079.0
-189.0,158.0,-1013.0
142.0,115.0,-1073.0
-187.0,-23.0,-1087.0
169.0,-197.0,-923.0
-87.0,-13.0,-929.0
238.0,173.0,-1005.0
-132.0,-91.0,-1048.0
9.0,-3.0,-1015.0
-132.0,-89.0,-1124.0
54.0,236.0,-1067.0
-46.0,39.0,-1011.0
21.0,-70.0,-940.0
9.0,7.0,-999.0
93.0,78.0,-976.0
11.0,31.0,-1042.0
-181.0,-162.0,-1040.0
72.0,13.0,-1038.0
-124.0,259.0,-1149.0
156.0,162.0,-958.0
-64.0,-85.0,-1018.0
72.0,-197.0,-991.0
175.0,111.0,-970.0
17.0,121.0,-958.0
144.0,-107.0,-981.0
-218.0,25.0,-1112.0
284.0,62.0,-1093.0
-201.0,177.0,-1134.0
249.0,-101.0,-882.0
-189.0,-81.0,-923.0
310.0,46.0,-981.0
-42.0,160.0,-1069.0
126.0,-58.0,-942.0
-203.0,-126.0,-1069.0
-1.0,23.0,-1093.0
29.0,226.0,-1136.0
-122.0,37.0,-993.0
185.0,-134.0,-905.0
-261.0,5.0,-1026.0
409.0,5.0,-993.0
-325.0,35.0,-1102.0
121.0,-107.0,-868.0
-230.0,72.0,-1214.0
66.0,240.0,-1175.0
-31.0,78.0,-1091.0
-97.0,-46.0,-835.0
101.0,-195.0,-913.0
54.0,163.0,-1059.0
44.0,37.0,-1087.0
-140.0,-17.0,-1003.0
-105.0,78.0,-1026.0
40.0,68.0,-1145.0
-15.0,156.0,-1075.0
66.0,-76.0,-931.0
-54.0,-11.0,-835.0
238.0,66.0,-1114.0
-76.0,37.0,-1071.0
128.0,-58.0,-1022.0
-247.0,-21.0,-933.0
251.0,89.0,-1091.0
-83.0,181.0,-1173.0
122.0,-21.0,-1003.0
-29.0,15.0,-882.0
35.0,-124.0,-940.0
267.0,-81.0,-999.0
-191.0,70.0,-1079.0
232.0,78.0,-995.0
-312.0,117.0,-1147.0
238.0,35.0,-1020.0
-242.0,-113.0,-1071.0
191.0,-52.0,-823.0
-9.0,56.0,-997.0
199.0,76.0,-981.0
-52.0,-95.0,-1085.0
-111.0,-146.0,-958.0
-29.0,72.0,-1145.0
-72.0,119.0,-1132.0
81.0,13.0,-1022.0
-154.0,-25.0,-979.0
132.0,-35.0,-892.0
80.0,-1.0,-1044.0
-64.0,-91.0,-1026.0
-29.0,-52.0,-1116.0
-236.0,115.0,-1071.0
136.0,263.0,-1083.0
-232.0,27.0,-1079.0
132.0,-173.0,-933.0
-101.0,-105.0,-966.0
253.0,128.0,-933.0
-11.0,83.0,-1059.0
-31.0,-31.0,-1063.0
-74.0,19.0,-1056.0
11.0,76.0,-1085.0
95.0,148.0,-1075.0
-27.0,-87.0,-960.0
167.0,-1.0,-929.0
35.0,-25.0,-985.0
224.0,81.0,-1015.0
-115.0,-83.0,-1077.0
68.0,-54.0,-1013.0
-171.0,216.0,-1065.0
156.0,97.0,-1061.0
-23.0,46.0,-995.0
15.0,-183.0,-931.0
214.0,-54.0,-956.0
1.0,126.0,-1015.0
81.0,-83.0,-931.0
-191.0,-5.0,-1098.0
48.0,11.0,-1192.0
-60.0,189.0,-1085.0
66.0,-15.0,-903.0
44.0,-89.0,-944.0
19.0,-15.0,-964.0
191.0,33.0,-1061.0
-173.0,-9.0,-1056.0
44.0,-64.0,-1048.0
-208.0,101.0,-1067.0
189.0,191.0,-1102.0
-290.0,11.0,-1034.0
206.0,-128.0,-895.0
-111.0,-42.0,-1026.0
245.0,146.0,-1001.0
-163.0,11.0,-1071.0
-5.0,-72.0,-894.0
-193.0,-19.0,-1044.0
167.0,206.0,-1173.0
-99.0,165.0,-1223.0
95.0,-80.0,-860.0
-156.0,5.0,-860.0
253.0,-35.0,-983.0
21.0,111.0,-1100.0
39.0,-113.0,-993.0
-58.0,83.0,-1018.0
31.0,163.0,-1124.0
70.0,134.0,-1100.0
-11.0,-35.0,-974.0
15.0,-201.0,-874.0
158.0,113.0,-1001.0
122.0,21.0,-1048.0
50.0,-72.0,-976.0
-169.0,-95.0,-1020.0
85.0,95.0,-1048.0
37.0,288.0,-1132.0
-35.0,-42.0,-1059.0
21.0,-113.0,-944.0
-132.0,-103.0,-876.0
245.0,3.0,-921.0
-146.0,29.0,-1206.0
121.0,-89.0,-1083.0
-251.0,154.0,-987.0
72.0,214.0,-1036.0
-126.0,-58.0,-1124.0
0.0,-171.0,-985.0
-15.0,-56.0,-944.0
144.0,148.0,-964.0
-7.0,1.0,-1015.0
-76.0,-117.0,-1013.0
-78.0,0.0,-1116.0
-109.0,214.0,-1118.0
46.0,146.0,-1034.0
-29.0,-25.0,-933.0
158.0,-52.0,-876.0
99.0,62.0,-1048.0
138.0,-68.0,-1018.0
19.0,-126.0,-1005.0
122.0,93.0,-1048.0
103.0,286.0,-1163.0
193.0,187.0,-974.0
253.0,-195.0,-940.0
333.0,-152.0,-962.0
523.0,-25.0,-1075.0
316.0,193.0,-946.0
331.0,-33.0,-950.0
238.0,-29.0,-1075.0
499.0,15.0,-1179.0
337.0,121.0,-1087.0
484.0,-19.0,-890.0
417.0,-54.0,-905.0
528.0,0.0,-948.0
540.0,99.0,-1046.0
244.0,-81.0,-1061.0
347.0,-87.0,-936.0
253.0,5.0,-1065.0
437.0,177.0,-1108.0
72.0,62.0,-1108.0
269.0,-113.0,-851.0
193.0,-162.0,-968.0
394.0,132.0,-997.0
35.0,54.0,-1061.0
72.0,-19.0,-892.0
-199.0,-27.0,-1141.0
238.0,-9.0,-1141.0
-132.0,234.0,-1180.0
136.0,-46.0,-866.0
-99.0,9.0,-856.0
148.0,25.0,-1036.0
-58.0,23.0,-1087.0
-21.0,-19.0,-1085.0
-132.0,-76.0,-1061.0
-11.0,154.0,-1083.0
85.0,191.0,-1087.0
23.0,128.0,-1011.0
124.0,-48.0,-917.0
21.0,-76.0,-1007.0
242.0,29.0,-1020.0
-46.0,-7.0,-1108.0
162.0,31.0,-1007.0
78.0,35.0,-1147.0
136.0,140.0,-1065.0
160.0,-3.0,-995.0
142.0,-93.0,-868.0
210.0,-74.0,-931.0
138.0,66.0,-1057.0
-11.0,-54.0,-1108.0
42.0,-80.0,-958.0
-29.0,54.0,-981.0
253.0,81.0,-1132.0
-171.0,13.0,-1067.0
177.0,-74.0,-911.0
-140.0,21.0,-909.0
302.0,66.0,-1020.0
-244.0,-83.0,-1011.0
191.0,-95.0,-940.0
-333.0,7.0,-1143.0
206.0,115.0,-1022.0
-111.0,124.0,-1112.0
35.0,-85.0,-944.0
21.0,5.0,-899.0
-58.0,46.0,-948.0
64.0,-107.0,-981.0
-210.0,46.0,-1095.0
64.0,52.0,-1063.0
-119.0,214.0,-1149.0
-13.0,76.0,-946.0
-31.0,-56.0,-1034.0
-40.0,-54.0,-938.0
162.0,107.0,-985.0
-25.0,52.0,-1056.0
46.0,-83.0,-1003.0
-185.0,-27.0,-1038.0
171.0,154.0,-1132.0
-29.0,33.0,-1126.0
70.0,-56.0,-886.0
-62.0,-3.0,-974.0
191.0,15.0,-952.0
81.0,119.0,-1061.0
-56.0,-201.0,-997.0
74.0,-58.0,-989.0
-21.0,173.0,-1071.0
240.0,240.0,-1112.0
-142.0,-19.0,-1024.0
132.0,-224.0,-829.0
-76.0,83.0,-1018.0
304.0,39.0,-1056.0
-83.0,-11.0,-987.0
9.0,-31.0,-962.0
-35.0,40.0,-1171.0
78.0,146.0,-1126.0
15.0,-50.0,-1036.0
11.0,-64.0,-864.0
35.0,-46.0,-927.0
111.0,197.0,-1022.0
17.0,-42.0,-1126.0
-144.0,-74.0,-1069.0
-103.0,-1.0,-1042.0
21.0,212.0,-1098.0
-37.0,144.0,-1048.0
-15.0,-21.0,-976.0
-179.0,-109.0,-913.0
284.0,-83.0,-958.0
-156.0,187.0,-1108.0
220.0,35.0,-1018.0
-288.0,81.0,-1071.0
238.0,85.0,-1028.0
-158.0,89.0,-1151.0
230.0,-76.0,-956.0
58.0,-19.0,-905.0
212.0,101.0,-948.0
132.0,-19.0,-1048.0
-72.0,-25.0,-1052.0
81.0,17.0,-1056.0
-48.0,83.0,-1112.0
142.0,39.0,-997.0
-33.0,-11.0,-1011.0
142.0,11.0,-892.0
154.0,-54.0,-997.0
11.0,-37.0,-1015.0
-42.0,-80.0,-964.0
-80.0,87.0,-1020.0
48.0,158.0,-1192.0
-29.0,42.0,-1169.0
-7.0,-78.0,-894.0
-37.0,-107.0,-913.0
144.0,-48.0,-954.0
136.0,1.0,-1044.0
-160.0,15.0,-1048.0
-54.0,-5.0,-1138.0
-222.0,46.0,-1106.0
107.0,177.0,-1034.0
-158.0,-17.0,-1059.0
37.0,-81.0,-903.0
-62.0,-72.0,-985.0
72.0,89.0,-1024.0
-60.0,-3.0,-1063.0
-224.0,-80.0,-950.0
-7.0,136.0,-1009.0
5.0,222.0,-1200.0
50.0,140.0,-1079.0
-35.0,-175.0,-950.0
27.0,-107.0,-862.0
218.0,-21.0,-954.0
9.0,95.0,-1005.0
1.0,-7.0,-1042.0
-191.0,52.0,-1110.0
122.0,154.0,-1108.0
44.0,148.0,-1073.0
48.0,-81.0,-913.0
76.0,-197.0,-853.0
70.0,-11.0,-995.0
89.0,40.0,-1032.0
-95.0,1.0,-1024.0
-1.0,78.0,-1018.0
0.0,89.0,-1112.0
99.0,226.0,-1071.0
52.0,-78.0,-979.0
-29.0,-160.0,-964.0
68.0,-144.0,-970.0
95.0,81.0,-997.0
-56.0,23.0,-1061.0
21.0,-107.0,-1034.0
-78.0,169.0,-1126.0
185.0,158.0,-1073.0
-189.0,171.0,-1138.0
113.0,-179.0,-813.0
-95.0,-191.0,-952.0
54.0,-54.0,-1028.0
78.0,23.0,-1042.0
-169.0,160.0,-997.0
-56.0,66.0,-1093.0
-29.0,306.0,-1177.0
-244.0,19.0,-1175.0
70.0,-171.0,-761.0
-66.0,-64.0,-907.0
195.0,-52.0,-1106.0
0.0,181.0,-999.0
-83.0,-78.0,-1075.0
-183.0,50.0,-1011.0
99.0,259.0,-1161.0
-27.0,255.0,-1063.0
50.0,-101.0,-958.0
148.0,-169.0,-784.0
40.0,-117.0,-1028.0
273.0,23.0,-1044.0
-189.0,11.0,-1036.0
195.0,105.0,-917.0
-208.0,255.0,-1180.0
290.0,70.0,-1095.0
-222.0,7.0,-1040.0
259.0,-195.0,-796.0
29.0,-101.0,-854.0
333.0,23.0,-1067.0
-189.0,-56.0,-1108.0
-66.0,42.0,-1022.0
-222.0,160.0,-1122.0
206.0,253.0,-1085.0
-119.0,13.0,-1022.0
281.0,-179.0,-761.0
-58.0,-35.0,-989.0
203.0,-126.0,-1050.0
-140.0,-128.0,-1102.0
-83.0,-58.0,-1022.0
-160.0,265.0,-1108.0
-15.0,396.0,-1097.0
-50.0,-54.0,-1093.0
35.0,-236.0,-909.0
-62.0,-165.0,-942.0
220.0,109.0,-964.0
-152.0,17.0,-1122.0
-206.0,-66.0,-985.0
-7.0,83.0,-1067.0
-134.0,277.0,-1218.0
199.0,197.0,-962.0
-11.0,-113.0,-977.0
165.0,-238.0,-810.0
228.0,-27.0,-958.0
-80.0,99.0,-1126.0
132.0,-142.0,-1034.0
-300.0,93.0,-1079.0
212.0,113.0,-1067.0
-31.0,292.0,-1122.0
23.0,-89.0,-948.0
29.0,-310.0,-907.0
122.0,-13.0,-1015.0
117.0,72.0,-1015.0
0.0,29.0,-882.0
-167.0,-83.0,-1038.0
85.0,11.0,-1114.0
-52.0,335.0,-1204.0
265.0,76.0,-960.0
-19.0,-142.0,-872.0
64.0,-234.0,-821.0
140.0,-58.0,-1011.0
-267.0,-17.0,-1136.0
15.0,5.0,-1046.0
-210.0,232.0,-1251.0
171.0,193.0,-1136.0
-68.0,52.0,-997.0
66.0,-290.0,-784.0
-173.0,-210.0,-987.0
203.0,89.0,-1050.0
-199.0,162.0,-1110.0
-11.0,42.0,-936.0
-206.0,-3.0,-1147.0
148.0,152.0,-1161.0
-177.0,171.0,-1186.0
23.0,-58.0,-757.0
97.0,-64.0,-767.0
-70.0,-42.0,-1165.0
203.0,-42.0,-1106.0
-236.0,-64.0,-1106.0
126.0,48.0,-915.0
-21.0,294.0,-1069.0
181.0,273.0,-1034.0
-156.0,-128.0,-1083.0
0.0,-150.0,-870.0
281.0,-197.0,-895.0
1.0,85.0,-1098.0
66.0,37.0,-958.0
89.0,162.0,-936.0
-126.0,183.0,-1278.0
222.0,-25.0,-1024.0
-226.0,87.0,-981.0
126.0,-257.0,-936.0
21.0,50.0,-966.0
236.0,-62.0,-956.0
-33.0,-142.0,-1034.0
-142.0,7.0,-1052.0
140.0,152.0,-1003.0
-167.0,507.0,-1298.0
50.0,-140.0,-1022.0
44.0,-156.0,-903.0
-99.0,-144.0,-897.0
322.0,-48.0,-890.0
-312.0,15.0,-1097.0
64.0,-97.0,-1003.0
-386.0,370.0,-1360.0
189.0,283.0,-1179.0
-44.0,29.0,-1024.0
-70.0,-251.0,-714.0
121.0,-238.0,-745.0
89.0,204.0,-1077.0
58.0,-29.0,-1364.0
-222.0,-93.0,-1046.0
23.0,-13.0,-884.0
-214.0,296.0,-1015.0
230.0,314.0,-1052.0
-152.0,-19.0,-1081.0
50.0,-281.0,-976.0
37.0,-89.0,-921.0
169.0,-46.0,-938.0
-13.0,-15.0,-995.0
9.0,220.0,-1093.0
5.0,121.0,-1325.0
-60.0,234.0,-966.0
78.0,-146.0,-913.0
-17.0,-234.0,-888.0
357.0,-35.0,-970.0
-64.0,35.0,-1018.0
140.0,-9.0,-915.0
-171.0,-35.0,-1145.0
-7.0,132.0,-1169.0
76.0,228.0,-1093.0
-132.0,66.0,-966.0
314.0,-148.0,-854.0
-236.0,-78.0,-1044.0
423.0,-158.0,-946.0
-355.0,-107.0,-1100.0
212.0,-1.0,-856.0
-271.0,245.0,-1374.0
39.0,314.0,-1169.0
-187.0,46.0,-1030.0
-128.0,-171.0,-741.0
126.0,-249.0,-853.0
78.0,62.0,-1100.0
19.0,1.0,-1180.0
-212.0,-48.0,-1005.0
17.0,132.0,-1001.0
-70.0,201.0,-1220.0
66.0,247.0,-1044.0
-95.0,-93.0,-878.0
117.0,-156.0,-786.0
101.0,-56.0,-1198.0
148.0,-197.0,-1054.0
-37.0,95.0,-1026.0
-163.0,117.0,-1071.0
171.0,370.0,-1013.0
15.0,201.0,-1073.0
-121.0,-261.0,-1030.0
175.0,-154.0,-815.0
48.0,-78.0,-1009.0
324.0,105.0,-1026.0
-132.0,1.0,-935.0
54.0,52.0,-1001.0
-304.0,136.0,-1186.0
417.0,167.0,-1065.0
-242.0,-7.0,-1093.0
415.0,-257.0,-786.0
-195.0,-29.0,-876.0
398.0,-113.0,-950.0
-384.0,15.0,-1225.0
85.0,-13.0,-991.0
-191.0,189.0,-1173.0
0.0,304.0,-1100.0
85.0,31.0,-1024.0
-134.0,-162.0,-966.0
101.0,-273.0,-892.0
93.0,76.0,-942.0
-37.0,-128.0,-1093.0
-46.0,5.0,-1093.0
-312.0,195.0,-1190.0
80.0,265.0,-1079.0
-107.0,187.0,-997.0
121.0,-171.0,-890.0
48.0,-76.0,-929.0
54.0,-93.0,-1120.0
-40.0,105.0,-1071.0
-144.0,-46.0,-1063.0
-162.0,89.0,-1015.0
80.0,230.0,-1063.0
3.0,187.0,-1134.0
50.0,-33.0,-923.0
-40.0,-179.0,-942.0
109.0,-46.0,-970.0
169.0,1.0,-1038.0
-175.0,0.0,-917.0
80.0,29.0,-1011.0
-140.0,222.0,-1270.0
122.0,224.0,-1128.0
-21.0,23.0,-915.0
0.0,-269.0,-769.0
267.0,-210.0,-905.0
144.0,152.0,-1102.0
44.0,-48.0,-1108.0
-173.0,-40.0,-923.0
-62.0,111.0,-1038.0
230.0,222.0,-1171.0
-46.0,126.0,-1104.0
232.0,-232.0,-790.0
-138.0,-17.0,-913.0
261.0,-83.0,-1005.0
-199.0,-93.0,-1112.0
-52.0,-87.0,-1073.0
-283.0,33.0,-1122.0
121.0,392.0,-1057.0
-81.0,152.0,-1108.0
3.0,-89.0,-872.0
-68.0,-210.0,-899.0
44.0,-76.0,-1003.0
44.0,27.0,-1151.0
-152.0,0.0,-1067.0
-40.0,175.0,-1022.0
-132.0,193.0,-1098.0
113.0,142.0,-1032.0
-13.0,-83.0,-1063.0
-21.0,-97.0,-952.0
179.0,46.0,-935.0
-23.0,-40.0,-974.0
40.0,-89.0,-958.0
-154.0,11.0,-1149.0
130.0,265.0,-1218.0
-44.0,203.0,-1065.0
101.0,-1.0,-854.0
-27.0,-121.0,-899.0
163.0,-95.0,-976.0
56.0,-40.0,-1048.0
117.0,-204.0,-989.0
-105.0,119.0,-1011.0
81.0,201.0,-1124.0
9.0,294.0,-1108.0
21.0,-50.0,-979.0
9.0,-199.0,-831.0
183.0,-70.0,-1040.0
154.0,-13.0,-1052.0
-56.0,-105.0,-868.0
-91.0,-134.0,-981.0
-72.0,130.0,-1262.0
95.0,366.0,-1247.0
-115.0,101.0,-942.0
-58.0,-117.0,-780.0
-165.0,-197.0,-884.0
232.0,-13.0,-1118.0
-105.0,-76.0,-1130.0
-39.0,-48.0,-952.0
-255.0,158.0,-1097.0
134.0,249.0,-1132.0
-152.0,134.0,-1126.0
173.0,-154.0,-866.0
-117.0,-70.0,-956.0
310.0,-27.0,-1018.0
-29.0,44.0,-1097.0
60.0,-152.0,-950.0
-210.0,113.0,-1026.0
136.0,257.0,-1221.0
-23.0,257.0,-1196.0
-17.0,-7.0,-895.0
25.0,-187.0,-778.0
119.0,-76.0,-989.0
236.0,-48.0,-1042.0
-85.0,-35.0,-1026.0
-11.0,62.0,-991.0
-81.0,238.0,-1153.0
52.0,195.0,-1102.0
52.0,-160.0,-944.0
-29.0,-76.0,-823.0
230.0,-40.0,-952.0
132.0,15.0,-1067.0
-27.0,-195.0,-1001.0
-144.0,-19.0,-1011.0
-85.0,191.0,-1110.0
54.0,327.0,-1188.0
-109.0,78.0,-1015.0
89.0,-169.0,-919.0
-154.0,-117.0,-915.0
294.0,-148.0,-962.0
-103.0,-11.0,-1104.0
3.0,-81.0,-1067.0
-247.0,263.0,-1102.0
-7.0,304.0,-1112.0
-66.0,72.0,-1116.0
1.0,-171.0,-876.0
113.0,-210.0,-935.0
31.0,113.0,-1059.0
64.0,-39.0,-1007.0
-167.0,-46.0,-997.0
-95.0,56.0,-1087.0
66.0,316.0,-1194.0
-42.0,206.0,-1063.0
105.0,-83.0,-851.0
-101.0,-21.0,-895.0
257.0,-165.0,-1003.0
48.0,7.0,-1022.0
-52.0,-136.0,-1020.0
-48.0,105.0,-1042.0
-76.0,366.0,-1141.0
89.0,214.0,-1044.0
-50.0,-42.0,-919.0
208.0,-277.0,-870.0
23.0,-23.0,-1034.0
251.0,-3.0,-1020.0
-146.0,-35.0,-952.0
-31.0,-19.0,-1001.0
-21.0,146.0,-1143.0
156.0,249.0,-1171.0
39.0,-17.0,-944.0
74.0,-122.0,-839.0
70.0,-122.0,-956.0
181.0,27.0,-1038.0
-81.0,-156.0,-1059.0
-103.0,-136.0,-1009.0
-130.0,238.0,-1106.0
66.0,325.0,-1167.0
-111.0,99.0,-1079.0
27.0,-238.0,-884.0
-152.0,-150.0,-925.0
308.0,-21.0,-1020.0
-156.0,-40.0,-1132.0
9.0,-48.0,-935.0
-257.0,93.0,-1048.0
117.0,353.0,-1180.0
-44.0,113.0,-1204.0
17.0,-66.0,-921.0
-5.0,-154.0,-839.0
56.0,37.0,-956.0
74.0,-60.0,-1056.0
-80.0,-113.0,-1093.0
-132.0,119.0,-1063.0
68.0,247.0,-1112.0
-7.0,290.0,-1065.0
81.0,-95.0,-962.0
-7.0,-146.0,-847.0
152.0,-113.0,-1003.0
126.0,-21.0,-1032.0
-23.0,-40.0,-1020.0
-44.0,-11.0,-974.0
-1.0,255.0,-1118.0
93.0,228.0,-1126.0
21.0,19.0,-1024.0
42.0,-191.0,-948.0
74.0,-64.0,-860.0
212.0,-64.0,-968.0
-37.0,-156.0,-966.0
-48.0,-25.0,-1089.0
-107.0,167.0,-1163.0
119.0,331.0,-1091.0
-97.0,80.0,-1036.0
40.0,-197.0,-860.0
-17.0,-163.0,-935.0
195.0,-23.0,-1024.0
-52.0,-33.0,-1075.0
-37.0,-64.0,-989.0
-281.0,101.0,-1102.0
124.0,253.0,-1136.0
-152.0,216.0,-1161.0
-17.0,-15.0,-966.0
-76.0,-179.0,-892.0
128.0,-13.0,-997.0
70.0,-146.0,-987.0
-197.0,-29.0,-1005.0
-52.0,1.0,-1120.0
9.0,400.0,-1239.0
56.0,331.0,-1054.0
23.0,-44.0,-858.0
-58.0,-175.0,-845.0
214.0,-199.0,-993.0
99.0,68.0,-1104.0
-7.0,-169.0,-1022.0
-111.0,89.0,-972.0
40.0,185.0,-1093.0
113.0,298.0,-1138.0
-124.0,91.0,-1100.0
15.0,-214.0,-849.0
62.0,-60.0,-827.0
232.0,-74.0,-1022.0
48.0,-48.0,-1067.0
-144.0,-60.0,-1050.0
-58.0,140.0,-1018.0
56.0,249.0,-1171.0
0.0,165.0,-1093.0
29.0,-78.0,-899.0
-40.0,-181.0,-860.0
216.0,-191.0,-979.0
-17.0,-80.0,-1091.0
-50.0,-1.0,-1032.0
-97.0,128.0,-1036.0
-13.0,302.0,-1220.0
-97.0,152.0,-1145.0
-7.0,-42.0,-927.0
-74.0,-122.0,-810.0
337.0,-99.0,-942.0
-48.0,-40.0,-1079.0
111.0,-111.0,-1028.0
-279.0,66.0,-1169.0
97.0,279.0,-1104.0
-74.0,294.0,-1102.0
-72.0,-13.0,-976.0
42.0,-167.0,-854.0
78.0,-35.0,-976.0
154.0,-128.0,-1018.0
-58.0,-99.0,-1024.0
-136.0,44.0,-1073.0
-35.0,361.0,-1155.0
-66.0,335.0,-1126.0
-19.0,-81.0,-983.0
-21.0,-189.0,-860.0
224.0,-140.0,-880.0
152.0,91.0,-1024.0
46.0,-54.0,-1134.0
-169.0,-70.0,-956.0
13.0,122.0,-1110.0
-156.0,273.0,-1139.0
206.0,263.0,-1104.0
-257.0,-216.0,-872.0
532.0,-203.0,-696.0
-37.0,-48.0,-1063.0
351.0,17.0,-1147.0
-632.0,-107.0,-1141.0
511.0,46.0,-661.0
-277.0,474.0,-1344.0
445.0,85.0,-1124.0
-275.0,-25.0,-954.0
185.0,-357.0,-667.0
62.0,-85.0,-1159.0
193.0,1.0,-1040.0
-193.0,-40.0,-1136.0
-411.0,48.0,-1034.0
245.0,214.0,-1110.0
-253.0,370.0,-1184.0
245.0,-101.0,-958.0
-183.0,-160.0,-812.0
294.0,-189.0,-944.0
-212.0,42.0,-1095.0
50.0,3.0,-1056.0
-191.0,-40.0,-1036.0
54.0,226.0,-1091.0
111.0,261.0,-1069.0
15.0,173.0,-985.0
-60.0,-201.0,-892.0
99.0,-177.0,-911.0
101.0,-83.0,-1052.0
-68.0,-19.0,-1067.0
-48.0,66.0,-1011.0
-48.0,122.0,-1085.0
78.0,359.0,-1085.0
-15.0,21.0,-1126.0
78.0,-150.0,-839.0
109.0,-197.0,-864.0
78.0,-42.0,-970.0
103.0,25.0,-1011.0
-109.0,-81.0,-1093.0
85.0,66.0,-1075.0
87.0,195.0,-1100.0
-37.0,244.0,-1042.0
89.0,-107.0,-897.0
25.0,-109.0,-866.0
148.0,-101.0,-1028.0
-27.0,-130.0,-997.0
-13.0,1.0,-1005.0
-124.0,-13.0,-1184.0
107.0,388.0,-1120.0
-189.0,224.0,-1136.0
105.0,-62.0,-817.0
-119.0,-167.0,-956.0
341.0,-162.0,-950.0
-167.0,-7.0,-1036.0
3.0,-138.0,-1102.0
-242.0,35.0,-1116.0
281.0,312.0,-1054.0
-253.0,312.0,-1138.0
275.0,-46.0,-874.0
-181.0,-101.0,-921.0
222.0,-148.0,-964.0
68.0,-46.0,-1081.0
-132.0,-11.0,-1056.0
-5.0,-21.0,-987.0
-99.0,267.0,-1063.0
156.0,183.0,-1198.0
-222.0,138.0,-1079.0
121.0,-128.0,-886.0
40.0,-181.0,-864.0
144.0,5.0,-977.0
-23.0,-103.0,-1052.0
-44.0,-7.0,-1052.0
-21.0,76.0,-1124.0
76.0,380.0,-1110.0
15.0,119.0,-1079.0
-7.0,-208.0,-821.0
-23.0,-179.0,-960.0
304.0,-103.0,-862.0
0.0,60.0,-1095.0
-163.0,-54.0,-1087.0
60.0,52.0,-1038.0
-124.0,331.0,-1157.0
134.0,48.0,-1063.0
-169.0,-23.0,-964.0
138.0,-165.0,-786.0
56.0,1.0,-1003.0
142.0,-97.0,-1018.0
-128.0,-142.0,-1186.0
-199.0,150.0,-1067.0
208.0,314.0,-1024.0
-148.0,277.0,-1065.0
-11.0,-21.0,-1030.0
-197.0,-201.0,-895.0
443.0,-162.0,-884.0
-107.0,-95.0,-1139.0
-7.0,83.0,-1015.0
-337.0,111.0,-1011.0
-44.0,187.0,-1126.0
31.0,134.0,-1188.0
62.0,93.0,-1024.0
-117.0,-165.0,-856.0
259.0,-70.0,-780.0
214.0,-35.0,-1069.0
-54.0,-46.0,-1120.0
-66.0,-50.0,-1024.0
-257.0,109.0,-1186.0
275.0,368.0,-993.0
-136.0,329.0,-1097.0
126.0,-228.0,-907.0
33.0,-417.0,-892.0
341.0,-54.0,-913.0
17.0,1.0,-1087.0
-121.0,216.0,-1069.0
-238.0,87.0,-1143.0
322.0,142.0,-1046.0
-29.0,169.0,-991.0
224.0,-185.0,-897.0
-115.0,-109.0,-936.0
402.0,-140.0,-931.0
-138.0,-9.0,-1106.0
-109.0,-163.0,-1057.0
-146.0,-39.0,-1026.0
5.0,333.0,-1069.0
261.0,284.0,-1116.0
-327.0,81.0,-1114.0
64.0,-392.0,-813.0
42.0,-232.0,-897.0
167.0,-199.0,-1050.0
-249.0,232.0,-1087.0
-169.0,277.0,-1108.0
83.0,206.0,-1141.0
-89.0,64.0,-1134.0
81.0,-56.0,-892.0
-216.0,-62.0,-989.0
193.0,-122.0,-964.0
132.0,97.0,-1013.0
-121.0,-173.0,-1136.0
-433.0,1.0,-979.0
249.0,193.0,-1007.0
-230.0,300.0,-1337.0
343.0,288.0,-948.0
-554.0,-42.0,-993.0
488.0,-460.0,-722.0
-95.0,-40.0,-1091.0
304.0,78.0,-868.0
-320.0,113.0,-1286.0
-7.0,97.0,-974.0
386.0,236.0,-1097.0
-162.0,113.0,-1063.0
298.0,-236.0,-726.0
-238.0,-119.0,-899.0
544.0,-83.0,-1102.0
-165.0,101.0,-1143.0
-156.0,-66.0,-778.0
-138.0,-25.0,-1007.0
144.0,165.0,-1229.0
349.0,306.0,-1153.0
-447.0,58.0,-983.0
206.0,-345.0,-683.0
-197.0,-224.0,-997.0
503.0,85.0,-1091.0
-532.0,78.0,-1145.0
304.0,-74.0,-917.0
-419.0,253.0,-1413.0
650.0,257.0,-907.0
-517.0,9.0,-1040.0
175.0,-466.0,-607.0
42.0,-1.0,-1085.0
230.0,230.0,-1100.0
62.0,-25.0,-1132.0
-318.0,-165.0,-897.0
103.0,-31.0,-946.0
177.0,519.0,-1067.0
-62.0,163.0,-1339.0
-150.0,-78.0,-936.0
-169.0,-222.0,-913.0
368.0,-214.0,-831.0
-29.0,111.0,-1087.0
-76.0,52.0,-1206.0
-132.0,236.0,-1186.0
107.0,353.0,-1044.0
-212.0,85.0,-1018.0
29.0,-230.0,-899.0
-58.0,-206.0,-860.0
568.0,42.0,-938.0
-199.0,146.0,-1097.0
181.0,17.0,-1024.0
-493.0,-95.0,-1139.0
505.0,177.0,-995.0
-292.0,292.0,-1190.0
68.0,-5.0,-936.0
-294.0,-185.0,-946.0
460.0,-306.0,-714.0
-3.0,-87.0,-1034.0
-56.0,31.0,-1139.0
5.0,273.0,-1233.0
-66.0,294.0,-1253.0
128.0,148.0,-868.0
-50.0,-193.0,-798.0
-199.0,-288.0,-919.0
445.0,-74.0,-1009.0
124.0,134.0,-1210.0
-122.0,-122.0,-1013.0
-286.0,-70.0,-977.0
-273.0,238.0,-1065.0
193.0,365.0,-1210.0
-368.0,144.0,-997.0
236.0,-158.0,-907.0
-171.0,-183.0,-981.0
579.0,-97.0,-929.0
-419.0,-107.0,-1116.0
5.0,25.0,-976.0
-263.0,304.0,-1182.0
283.0,320.0,-1106.0
33.0,156.0,-1007.0
-214.0,-238.0,-866.0
296.0,-257.0,-854.0
244.0,42.0,-1143.0
212.0,152.0,-1065.0
-353.0,0.0,-1020.0
-103.0,-52.0,-864.0
13.0,204.0,-1180.0
-37.0,288.0,-1253.0
87.0,-130.0,-983.0
-134.0,-234.0,-706.0
437.0,-54.0,-796.0
-64.0,52.0,-1091.0
-52.0,19.0,-1130.0
-355.0,-46.0,-1130.0
298.0,148.0,-1163.0
1.0,234.0,-1061.0
111.0,-23.0,-841.0
-103.0,-283.0,-812.0
273.0,-263.0,-1007.0
29.0,91.0,-1157.0
-44.0,-81.0,-1143.0
-325.0,0.0,-991.0
85.0,154.0,-911.0
39.0,406.0,-1143.0
-7.0,177.0,-1139.0
-83.0,-341.0,-1018.0
-7.0,-138.0,-909.0
325.0,-160.0,-892.0
-284.0,93.0,-989.0
-42.0,58.0,-1118.0
-115.0,290.0,-1303.0
380.0,214.0,-1032.0
-146.0,-54.0,-1030.0
-21.0,-173.0,-728.0
103.0,-58.0,-1034.0
5.0,134.0,-1048.0
337.0,-58.0,-977.0
-761.0,-1.0,-1169.0
472.0,-33.0,-936.0
-322.0,411.0,-1218.0
214.0,152.0,-958.0
-283.0,17.0,-987.0
29.0,-165.0,-931.0
435.0,-195.0,-974.0
-130.0,-29.0,-911.0
33.0,-58.0,-1056.0
-409.0,115.0,-1186.0
540.0,349.0,-1192.0
-191.0,66.0,-1087.0
230.0,-169.0,-657.0
-288.0,-281.0,-862.0
448.0,72.0,-1036.0
3.0,206.0,-1243.0
-72.0,-189.0,-993.0
-251.0,-111.0,-968.0
216.0,93.0,-899.0
-3.0,423.0,-1122.0
9.0,19.0,-1081.0
-259.0,-247.0,-1067.0
249.0,-160.0,-892.0
247.0,-89.0,-1042.0
-160.0,-74.0,-921.0
40.0,-1.0,-892.0
-181.0,361.0,-1317.0
353.0,185.0,-1221.0
-255.0,68.0,-1011.0
1.0,-345.0,-767.0
80.0,-136.0,-825.0
210.0,214.0,-1071.0
-148.0,89.0,-1173.0
-206.0,95.0,-1009.0
-70.0,-9.0,-1220.0
122.0,212.0,-1011.0
33.0,222.0,-987.0
-154.0,-13.0,-894.0
-9.0,-140.0,-1048.0
121.0,-107.0,-976.0
93.0,-52.0,-981.0
-318.0,-5.0,-1083.0
148.0,152.0,-983.0
171.0,310.0,-1243.0
60.0,138.0,-1061.0
74.0,-169.0,-753.0
-279.0,-218.0,-927.0
431.0,-101.0,-970.0
68.0,48.0,-1079.0
-199.0,-81.0,-1057.0
37.0,48.0,-997.0
54.0,325.0,-1155.0
177.0,44.0,-1139.0
-306.0,-11.0,-997.0
-66.0,-253.0,-874.0
195.0,-169.0,-827.0
152.0,-29.0,-1177.0
-33.0,-78.0,-1057.0
-199.0,101.0,-1085.0
-103.0,179.0,-1118.0
66.0,146.0,-1081.0
-138.0,165.0,-1042.0
-162.0,-283.0,-892.0
165.0,-42.0,-1003.0
72.0,-72.0,-942.0
87.0,140.0,-1028.0
-575.0,42.0,-1268.0
347.0,1.0,-1165.0
-421.0,361.0,-1116.0
431.0,-138.0,-810.0
-398.0,-27.0,-899.0
349.0,-244.0,-995.0
15.0,189.0,-1138.0
304.0,-23.0,-933.0
-370.0,-46.0,-1151.0
-52.0,21.0,-907.0
220.0,380.0,-1026.0
-171.0,81.0,-1063.0
171.0,-134.0,-946.0
-244.0,-11.0,-1077.0
396.0,-177.0,-1061.0
-325.0,-76.0,-831.0
64.0,-37.0,-806.0
-589.0,279.0,-1264.0
56.0,402.0,-1235.0
-226.0,72.0,-1177.0
-58.0,-183.0,-831.0
-142.0,-265.0,-743.0
-167.0,78.0,-837.0
-181.0,-9.0,-1139.0
-593.0,-1.0,-1173.0
-165.0,0.0,-1015.0
-476.0,204.0,-1177.0
-37.0,70.0,-903.0
-337.0,62.0,-899.0
-218.0,-169.0,-929.0
-126.0,-156.0,-1110.0
-386.0,-93.0,-1097.0
-212.0,-52.0,-1081.0
-530.0,78.0,-1030.0
33.0,226.0,-1071.0
-497.0,212.0,-1157.0
19.0,-105.0,-989.0
-495.0,-253.0,-989.0
199.0,5.0,-919.0
-528.0,122.0,-1132.0
234.0,-83.0,-858.0
-585.0,17.0,-1247.0
208.0,150.0,-915.0
-271.0,417.0,-1139.0
-21.0,95.0,-1056.0
-181.0,-171.0,-1011.0
-64.0,-294.0,-894.0
13.0,-93.0,-954.0
-101.0,105.0,-1022.0
-185.0,31.0,-977.0
-134.0,158.0,-1050.0
-142.0,312.0,-1139.0
-33.0,85.0,-1061.0
-31.0,-107.0,-837.0
-29.0,-136.0,-915.0
152.0,-56.0,-931.0
-35.0,-9.0,-1032.0
-107.0,-183.0,-954.0
-103.0,58.0,-1059.0
-3.0,286.0,-1198.0
11.0,181.0,-1011.0
-1.0,0.0,-835.0
-66.0,-240.0,-899.0
195.0,-122.0,-987.0
0.0,7.0,-1114.0
40.0,-25.0,-970.0
-169.0,160.0,-985.0
-1.0,185.0,-1104.0
-115.0,158.0,-1147.0
21.0,-138.0,-1013.0
-115.0,-208.0,-897.0
136.0,50.0,-936.0
-78.0,50.0,-1132.0
52.0,-58.0,-989.0
-306.0,1.0,-1085.0
11.0,169.0,-1108.0
-119.0,279.0,-1186.0
-7.0,9.0,-1005.0
21.0,-208.0,-917.0
74.0,-25.0,-927.0
109.0,-21.0,-1056.0
-7.0,-17.0,-1050.0
-195.0,23.0,-997.0
27.0,245.0,-997.0
17.0,302.0,-1173.0
29.0,-72.0,-1171.0
46.0,-105.0,-864.0
60.0,-146.0,-944.0
122.0,107.0,-977.0
60.0,-11.0,-1018.0
-163.0,-142.0,-995.0
44.0,163.0,-1122.0
-50.0,351.0,-1235.0
130.0,107.0,-1026.0
-23.0,-177.0,-880.0
113.0,-193.0,-819.0
113.0,5.0,-999.0
109.0,-48.0,-1087.0
-81.0,-74.0,-1048.0
3.0,66.0,-995.0
-33.0,324.0,-1126.0
68.0,134.0,-1026.0
-44.0,-136.0,-958.0
-62.0,-259.0,-956.0
152.0,-126.0,-1015.0
9.0,60.0,-987.0
46.0,-89.0,-950.0
-150.0,52.0,-1063.0
-7.0,156.0,-1175.0
-39.0,277.0,-1147.0
-99.0,-11.0,-1054.0
19.0,-269.0,-812.0
89.0,-60.0,-921.0
37.0,-50.0,-1073.0
44.0,31.0,-1026.0
-220.0,-37.0,-1116.0
-15.0,242.0,-1089.0
-60.0,249.0,-1061.0
-9.0,103.0,-1026.0
-85.0,-144.0,-944.0
68.0,-187.0,-1020.0
-5.0,-48.0,-935.0
74.0,-23.0,-1003.0
-216.0,37.0,-1028.0
44.0,152.0,-1149.0
-197.0,312.0,-1214.0
21.0,52.0,-991.0
-29.0,-52.0,-876.0
56.0,-187.0,-936.0
245.0,-101.0,-962.0
-119.0,-17.0,-1061.0
13.0,-70.0,-1032.0
-89.0,163.0,-1079.0
81.0,284.0,-1026.0
56.0,146.0,-1026.0
-31.0,-111.0,-987.0
27.0,-259.0,-933.0
111.0,5.0,-956.0
42.0,-87.0,-1056.0
-44.0,-48.0,-866.0
-25.0,179.0,-995.0
54.0,277.0,-1231.0
44.0,195.0,-1106.0
-7.0,-126.0,-950.0
-1.0,-220.0,-882.0
189.0,-25.0,-952.0
-42.0,33.0,-1044.0
91.0,-122.0,-1028.0
-372.0,-1.0,-1079.0
208.0,257.0,-1044.0
-124.0,312.0,-1309.0
97.0,-19.0,-954.0
-204.0,-160.0,-862.0
54.0,-66.0,-948.0
68.0,-54.0,-1110.0
27.0,23.0,-1001.0
-160.0,0.0,-1081.0
-60.0,189.0,-1106.0
37.0,384.0,-1087.0
-89.0,0.0,-1134.0
78.0,-218.0,-868.0
-27.0,-93.0,-936.0
185.0,132.0,-1022.0
50.0,-81.0,-1059.0
-107.0,-121.0,-942.0
74.0,152.0,-1073.0
80.0,374.0,-1210.0
121.0,189.0,-997.0
1.0,-122.0,-888.0
19.0,-267.0,-929.0
195.0,-54.0,-936.0
76.0,1.0,-1079.0
-9.0,-81.0,-1011.0
-7.0,89.0,-927.0
-1.0,345.0,-1175.0
21.0,165.0,-1134.0
54.0,-185.0,-968.0
-175.0,-210.0,-823.0
339.0,-62.0,-976.0
-152.0,27.0,-1087.0
210.0,-181.0,-948.0
-384.0,44.0,-1114.0
154.0,103.0,-1132.0
-189.0,343.0,-1147.0
46.0,11.0,-1018.0
-152.0,-236.0,-845.0
122.0,-117.0,-909.0
-58.0,-134.0,-1138.0
136.0,17.0,-944.0
-349.0,64.0,-1098.0
83.0,263.0,-1085.0
-89.0,271.0,-1169.0
-37.0,-13.0,-1011.0
40.0,-222.0,-854.0
13.0,-87.0,-976.0
181.0,-25.0,-954.0
-3.0,58.0,-1069.0
-80.0,-72.0,-1040.0
64.0,142.0,-1087.0
-56.0,324.0,-1122.0
72.0,25.0,-1056.0
7.0,-37.0,-882.0
60.0,-111.0,-911.0
267.0,-140.0,-966.0
1.0,-72.0,-1087.0
-13.0,-78.0,-977.0
29.0,257.0,-1054.0
-29.0,296.0,-1106.0
31.0,91.0,-1056.0
-11.0,-165.0,-1005.0
7.0,-284.0,-917.0
247.0,115.0,-929.0
-37.0,-31.0,-1028.0
103.0,-142.0,-921.0
-263.0,80.0,-1102.0
224.0,232.0,-1175.0
-185.0,224.0,-1184.0
179.0,-78.0,-874.0
-189.0,-130.0,-936.0
292.0,-111.0,-907.0
-93.0,-72.0,-1071.0
56.0,-74.0,-1026.0
-306.0,56.0,-1169.0
42.0,361.0,-1044.0
-271.0,220.0,-1186.0
-93.0,-25.0,-929.0
-228.0,-257.0,-909.0
-56.0,-40.0,-993.0
-64.0,-19.0,-1071.0
-308.0,66.0,-1015.0
-384.0,-70.0,-987.0
-361.0,230.0,-1106.0
-341.0,341.0,-1134.0
-519.0,19.0,-1052.0
-470.0,-31.0,-845.0
-407.0,-212.0,-976.0
-417.0,136.0,-995.0
-484.0,-183.0,-1032.0
-1054.0,-83.0,-991.0
-491.0,150.0,-1050.0
-927.0,392.0,-1305.0
-589.0,95.0,-952.0
-1009.0,-115.0,-907.0
-856.0,-220.0,-954.0
-591.0,31.0,-977.0
-1069.0,83.0,-1116.0
-985.0,-163.0,-993.0
-1169.0,-17.0,-1038.0
-1016.0,206.0,-1124.0
-952.0,232.0,-1122.0
-1177.0,60.0,-1118.0
-1102.0,-322.0,-895.0
-798.0,-70.0,-798.0
-1151.0,62.0,-1112.0
-1007.0,-117.0,-1098.0
-1460.0,-23.0,-1134.0
-1052.0,-3.0,-1032.0
-1141.0,407.0,-1102.0
-1268.0,111.0,-1130.0
-1083.0,-224.0,-882.0
-1153.0,-111.0,-890.0
-1026.0,-23.0,-956.0
-1223.0,35.0,-1116.0
-1626.0,-208.0,-1120.0
-1091.0,-44.0,-976.0
-1385.0,396.0,-1108.0
-1325.0,132.0,-1110.0
-1391.0,87.0,-853.0
-1401.0,-312.0,-944.0
-1059.0,5.0,-813.0
-1372.0,103.0,-1116.0
-1526.0,-113.0,-1093.0
-1327.0,19.0,-1018.0
-1315.0,158.0,-979.0
-1167.0,181.0,-1046.0
-1382.0,21.0,-1077.0
-1290.0,-208.0,-921.0
-952.0,-154.0,-792.0
-1467.0,222.0,-1091.0
-1149.0,-140.0,-1048.0
-1618.0,-11.0,-1093.0
-1126.0,-107.0,-919.0
-1393.0,472.0,-1089.0
-1157.0,249.0,-1079.0
-1298.0,-218.0,-921.0
-874.0,-189.0,-771.0
-1235.0,-173.0,-989.0
-1050.0,-206.0,-1091.0
-1391.0,64.0,-1161.0
-1126.0,156.0,-1024.0
-1153.0,269.0,-1136.0
-1067.0,111.0,-993.0
-968.0,-87.0,-915.0
-771.0,-85.0,-907.0
-823.0,-191.0,-1007.0
-929.0,-142.0,-1124.0
-933.0,142.0,-1097.0
-488.0,-66.0,-1120.0
-638.0,443.0,-1139.0
-222.0,13.0,-1036.0
-454.0,140.0,-981.0
-115.0,-224.0,-919.0
-238.0,-60.0,-1136.0
-138.0,89.0,-1120.0
-212.0,-44.0,-1071.0
-284.0,292.0,-1048.0
48.0,48.0,-950.0
-357.0,126.0,-1145.0
-29.0,-83.0,-884.0
-142.0,52.0,-839.0
-21.0,214.0,-1050.0
-60.0,-122.0,-999.0
-35.0,-52.0,-921.0
85.0,-134.0,-884.0
234.0,162.0,-1108.0
56.0,181.0,-1141.0
103.0,-23.0,-905.0
-37.0,99.0,-913.0
193.0,-87.0,-956.0
140.0,288.0,-1079.0
-121.0,-183.0,-921.0
0.0,5.0,-1093.0
48.0,103.0,-1210.0
-146.0,-70.0,-1065.0
197.0,302.0,-856.0
-169.0,-495.0,-997.0
351.0,450.0,-858.0
171.0,-173.0,-1091.0
349.0,132.0,-1093.0
374.0,-302.0,-1102.0
284.0,37.0,-1057.0
597.0,222.0,-1206.0
281.0,130.0,-1286.0
339.0,-40.0,-958.0
445.0,-288.0,-862.0
511.0,-83.0,-1042.0
386.0,171.0,-1151.0
195.0,267.0,-1026.0
288.0,-23.0,-1116.0
81.0,-167.0,-1221.0
476.0,214.0,-1098.0
324.0,-304.0,-802.0
597.0,80.0,-860.0
790.0,273.0,-976.0
659.0,-277.0,-1050.0
290.0,58.0,-1063.0
642.0,-306.0,-1069.0
634.0,513.0,-1200.0
560.0,-163.0,-1013.0
577.0,165.0,-892.0
599.0,-273.0,-890.0
396.0,103.0,-923.0
677.0,103.0,-977.0
175.0,46.0,-1050.0
530.0,-5.0,-991.0
136.0,78.0,-1036.0
753.0,-160.0,-899.0
318.0,9.0,-964.0
767.0,-220.0,-755.0
581.0,183.0,-972.0
739.0,-183.0,-966.0
411.0,124.0,-1130.0
489.0,-52.0,-972.0
542.0,-134.0,-1141.0
609.0,253.0,-1138.0
636.0,-199.0,-1046.0
228.0,203.0,-837.0
726.0,-29.0,-1040.0
324.0,76.0,-1163.0
538.0,19.0,-962.0
-13.0,-253.0,-1018.0
564.0,119.0,-1034.0
523.0,48.0,-1139.0
384.0,-9.0,-1042.0
519.0,97.0,-958.0
454.0,15.0,-1003.0
940.0,206.0,-936.0
593.0,-121.0,-1108.0
489.0,46.0,-979.0
630.0,-175.0,-1100.0
661.0,3.0,-1192.0
942.0,154.0,-1116.0
290.0,39.0,-989.0
989.0,261.0,-765.0
489.0,11.0,-1048.0
905.0,42.0,-1179.0
167.0,-148.0,-958.0
571.0,60.0,-970.0
464.0,72.0,-1102.0
757.0,78.0,-1026.0
484.0,-78.0,-907.0
495.0,134.0,-899.0
784.0,-7.0,-1015.0
618.0,87.0,-933.0
646.0,-23.0,-956.0
345.0,52.0,-1132.0
927.0,-11.0,-1032.0
368.0,117.0,-1139.0
786.0,23.0,-1079.0
456.0,40.0,-884.0
845.0,-58.0,-876.0
675.0,7.0,-1044.0
575.0,-107.0,-1114.0
484.0,136.0,-1089.0
591.0,46.0,-1034.0
819.0,11.0,-1116.0
486.0,-64.0,-1048.0
722.0,152.0,-888.0
667.0,197.0,-1018.0
933.0,-87.0,-1007.0
468.0,13.0,-1056.0
626.0,89.0,-936.0
468.0,115.0,-1235.0
593.0,-101.0,-1145.0
474.0,-11.0,-1057.0
460.0,87.0,-899.0
687.0,83.0,-944.0
753.0,-29.0,-938.0
534.0,-154.0,-1011.0
464.0,31.0,-1071.0
482.0,206.0,-1100.0
730.0,128.0,-1120.0
423.0,62.0,-1003.0
778.0,-121.0,-876.0
503.0,-54.0,-1009.0
1030.0,35.0,-997.0
357.0,-83.0,-1069.0
728.0,29.0,-933.0
275.0,-42.0,-1112.0
991.0,37.0,-1032.0
417.0,-74.0,-1182.0
761.0,-35.0,-853.0
542.0,52.0,-936.0
976.0,-15.0,-853.0
769.0,58.0,-1024.0
562.0,-19.0,-1038.0
544.0,-21.0,-1011.0
689.0,37.0,-1056.0
521.0,25.0,-1120.0
663.0,-42.0,-1009.0
394.0,-93.0,-890.0
847.0,-1.0,-938.0
542.0,23.0,-1057.0
595.0,-68.0,-972.0
183.0,-19.0,-1065.0
552.0,-39.0,-1116.0
345.0,29.0,-1169.0
497.0,68.0,-968.0
409.0,62.0,-942.0
622.0,27.0,-892.0
484.0,66.0,-1048.0
404.0,56.0,-1077.0
263.0,-40.0,-1048.0
277.0,17.0,-1104.0
407.0,37.0,-1097.0
304.0,119.0,-1065.0
216.0,15.0,-966.0
409.0,-101.0,-981.0
306.0,42.0,-966.0
320.0,40.0,-1032.0
124.0,83.0,-1009.0
138.0,-25.0,-1028.0
203.0,31.0,-1143.0
78.0,99.0,-1116.0
331.0,21.0,-917.0
-7.0,-13.0,-880.0
462.0,-40.0,-921.0
15.0,91.0,-1093.0
238.0,3.0,-1007.0
-119.0,-48.0,-1100.0
244.0,-56.0,-1065.0
-19.0,70.0,-1079.0
259.0,154.0,-958.0
64.0,23.0,-995.0
206.0,-111.0,-956.0
160.0,-27.0,-1048.0
76.0,23.0,-1026.0
21.0,23.0,-989.0
-3.0,19.0,-1163.0
70.0,-64.0,-1091.0
58.0,64.0,-1046.0
42.0,-122.0,-936.0
238.0,-136.0,-925.0
7.0,-40.0,-1018.0
169.0,-17.0,-1071.0
-154.0,-111.0,-1085.0
177.0,-236.0,-1009.0
-74.0,-42.0,-1145.0
251.0,0.0,-1024.0
-113.0,-83.0,-985.0
193.0,-206.0,-901.0
76.0,-204.0,-1050.0
154.0,-173.0,-995.0
-72.0,-230.0,-1011.0
-23.0,-341.0,-962.0
37.0,-222.0,-1087.0
-39.0,-165.0,-1180.0
27.0,-327.0,-997.0
0.0,-343.0,-847.0
245.0,-333.0,-903.0
58.0,-308.0,-1034.0
37.0,-443.0,-966.0
-107.0,-466.0,-1075.0
150.0,-306.0,-1085.0
62.0,-271.0,-1077.0
58.0,-396.0,-977.0
52.0,-589.0,-860.0
99.0,-577.0,-923.0
54.0,-353.0,-1063.0
44.0,-443.0,-1087.0
-121.0,-550.0,-981.0
70.0,-581.0,-1026.0
-146.0,-536.0,-1139.0
160.0,-638.0,-972.0
-124.0,-667.0,-954.0
242.0,-651.0,-944.0
-54.0,-638.0,-1071.0
74.0,-632.0,-948.0
-201.0,-665.0,-1104.0
144.0,-566.0,-1018.0
-152.0,-429.0,-1192.0
173.0,-478.0,-976.0
-117.0,-653.0,-958.0
119.0,-733.0,-888.0
50.0,-581.0,-1095.0
37.0,-536.0,-1015.0
-42.0,-739.0,-946.0
-58.0,-722.0,-1003.0
80.0,-622.0,-1141.0
11.0,-587.0,-1065.0
81.0,-696.0,-899.0
-3.0,-751.0,-874.0
343.0,-581.0,-892.0
25.0,-454.0,-1056.0
185.0,-614.0,-1024.0
-175.0,-665.0,-1046.0
152.0,-530.0,-977.0
138.0,-394.0,-1095.0
60.0,-448.0,-1030.0
163.0,-749.0,-884.0
46.0,-683.0,-921.0
210.0,-509.0,-972.0
29.0,-407.0,-1087.0
21.0,-505.0,-987.0
29.0,-413.0,-1093.0
-89.0,-437.0,-1097.0
201.0,-614.0,-1015.0
-177.0,-749.0,-938.0
339.0,-782.0,-853.0
-122.0,-620.0,-1050.0
187.0,-691.0,-1089.0
-329.0,-560.0,-1110.0
195.0,-466.0,-1007.0
-222.0,-273.0,-1208.0
124.0,-283.0,-933.0
-76.0,-341.0,-1042.0
44.0,-374.0,-1001.0
89.0,-343.0,-993.0
-89.0,-421.0,-1063.0
-52.0,-544.0,-1024.0
-1.0,-265.0,-1034.0
-21.0,-220.0,-1132.0
74.0,-310.0,-1052.0
-263.0,-591.0,-878.0
201.0,-724.0,-907.0
-101.0,-460.0,-976.0
214.0,-614.0,-985.0
-214.0,-630.0,-1073.0
1.0,-624.0,-1009.0
-39.0,-329.0,-1069.0
58.0,-212.0,-1079.0
0.0,-283.0,-991.0
-17.0,-265.0,-858.0
138.0,-103.0,-966.0
37.0,-224.0,-1034.0
7.0,-425.0,-1007.0
-142.0,-536.0,-1040.0
121.0,-501.0,-1069.0
-60.0,-374.0,-1054.0
158.0,-724.0,-952.0
-124.0,-804.0,-940.0
121.0,-724.0,-882.0
-37.0,-482.0,-1018.0
21.0,-523.0,-972.0
-244.0,-636.0,-1020.0
5.0,-409.0,-1122.0
-130.0,-212.0,-1095.0
21.0,-228.0,-979.0
-162.0,-366.0,-897.0
214.0,-634.0,-942.0
-177.0,-505.0,-1036.0
187.0,-661.0,-1005.0
-384.0,-942.0,-1104.0
191.0,-749.0,-1048.0
-126.0,-614.0,-1110.0
173.0,-497.0,-1009.0
-152.0,-610.0,-968.0
29.0,-638.0,-907.0
52.0,-441.0,-1040.0
-7.0,-396.0,-1065.0
-9.0,-780.0,-970.0
-103.0,-942.0,-1030.0
37.0,-632.0,-1038.0
-9.0,-448.0,-1093.0
21.0,-540.0,-925.0
89.0,-560.0,-853.0
195.0,-523.0,-950.0
113.0,-657.0,-1063.0
-39.0,-854.0,-895.0
33.0,-1040.0,-1042.0
44.0,-940.0,-1097.0
214.0,-704.0,-1069.0
39.0,-743.0,-1011.0
124.0,-669.0,-845.0
107.0,-413.0,-972.0
46.0,-263.0,-1026.0
103.0,-382.0,-991.0
-212.0,-747.0,-987.0
171.0,-815.0,-1061.0
-119.0,-650.0,-1132.0
171.0,-591.0,-940.0
-66.0,-581.0,-952.0
150.0,-593.0,-929.0
132.0,-484.0,-948.0
-23.0,-415.0,-1048.0
-11.0,-681.0,-1024.0
-189.0,-538.0,-1050.0
138.0,-634.0,-1106.0
-138.0,-435.0,-1171.0
249.0,-447.0,-890.0
-107.0,-353.0,-940.0
257.0,-117.0,-981.0
-163.0,-146.0,-1032.0
81.0,-390.0,-1054.0
-193.0,-445.0,-1165.0
193.0,-263.0,-972.0
93.0,-78.0,-1044.0
31.0,-185.0,-979.0
183.0,-152.0,-936.0
-9.0,-78.0,-1009.0
156.0,-154.0,-1048.0
-179.0,-204.0,-974.0
31.0,-240.0,-1024.0
-60.0,-27.0,-1114.0
91.0,-60.0,-1097.0
13.0,-148.0,-929.0
44.0,-173.0,-979.0
199.0,-13.0,-979.0
-58.0,-35.0,-1007.0
39.0,-58.0,-1048.0
-222.0,-50.0,-1050.0
177.0,216.0,-1083.0
-95.0,249.0,-1122.0
152.0,132.0,-944.0
-177.0,113.0,-968.0
148.0,195.0,-952.0
-103.0,119.0,-1114.0
-50.0,-70.0,-999.0
-245.0,-148.0,-1061.0
-138.0,72.0,-1071.0
7.0,140.0,-1132.0
-117.0,119.0,-1079.0
-163.0,-19.0,-1040.0
-42.0,72.0,-905.0
17.0,327.0,-938.0
-58.0,206.0,-1032.0
-191.0,267.0,-1087.0
-81.0,308.0,-1098.0
-66.0,493.0,-1075.0
99.0,318.0,-1011.0
-138.0,54.0,-868.0
111.0,142.0,-892.0
-1.0,224.0,-974.0
130.0,203.0,-1069.0
-163.0,7.0,-968.0
64.0,-48.0,-1032.0
19.0,204.0,-1057.0
95.0,163.0,-1054.0
-31.0,64.0,-962.0
23.0,31.0,-925.0
144.0,357.0,-981.0
-5.0,296.0,-1040.0
40.0,171.0,-964.0
-142.0,142.0,-1046.0
228.0,263.0,-1110.0
-119.0,353.0,-1126.0
204.0,54.0,-886.0
-163.0,83.0,-909.0
238.0,11.0,-997.0
1.0,138.0,-1116.0
44.0,-52.0,-921.0
-163.0,25.0,-987.0
85.0,162.0,-1139.0
-48.0,355.0,-1264.0
-15.0,185.0,-958.0
-115.0,238.0,-808.0
27.0,312.0,-981.0
48.0,331.0,-1087.0
29.0,257.0,-1050.0
-210.0,107.0,-1026.0
66.0,175.0,-1056.0
-15.0,382.0,-1134.0
58.0,421.0,-1161.0
-83.0,142.0,-899.0
15.0,76.0,-921.0
115.0,220.0,-1073.0
148.0,447.0,-1122.0
-44.0,341.0,-946.0
-15.0,396.0,-1069.0
0.0,429.0,-1153.0
52.0,460.0,-1161.0
-42.0,413.0,-925.0
113.0,390.0,-819.0
81.0,429.0,-950.0
160.0,357.0,-1089.0
-64.0,271.0,-1075.0
111.0,158.0,-1009.0
-56.0,392.0,-1173.0
132.0,380.0,-1052.0
19.0,431.0,-1046.0
-15.0,384.0,-892.0
327.0,482.0,-981.0
5.0,554.0,-1040.0
224.0,507.0,-1009.0
-236.0,587.0,-1124.0
199.0,532.0,-1001.0
-25.0,702.0,-1093.0
46.0,363.0,-991.0
93.0,448.0,-909.0
-1.0,503.0,-979.0
126.0,413.0,-997.0
-93.0,380.0,-1056.0
-37.0,255.0,-1079.0
-17.0,493.0,-1132.0
-29.0,605.0,-1108.0
-9.0,519.0,-1087.0
-201.0,573.0,-993.0
115.0,702.0,-962.0
-15.0,790.0,-1046.0
33.0,732.0,-1038.0
-193.0,536.0,-993.0
64.0,640.0,-1122.0
-242.0,712.0,-1257.0
152.0,562.0,-981.0
-247.0,568.0,-952.0
206.0,595.0,-915.0
-58.0,753.0,-1075.0
109.0,605.0,-985.0
-144.0,489.0,-979.0
-35.0,564.0,-1085.0
54.0,722.0,-1206.0
-31.0,609.0,-1145.0
-23.0,480.0,-880.0
-13.0,562.0,-921.0
181.0,878.0,-1024.0
48.0,827.0,-1042.0
42.0,599.0,-915.0
-185.0,482.0,-1018.0
138.0,587.0,-1085.0
-83.0,702.0,-1206.0
132.0,538.0,-950.0
-136.0,564.0,-923.0
201.0,630.0,-892.0
103.0,763.0,-1075.0
-48.0,542.0,-1056.0
-81.0,435.0,-964.0
-119.0,527.0,-1155.0
58.0,640.0,-1149.0
-81.0,575.0,-1118.0
-37.0,482.0,-874.0
93.0,610.0,-888.0
15.0,829.0,-1036.0
76.0,618.0,-1077.0
-214.0,447.0,-993.0
-35.0,493.0,-1054.0
-78.0,589.0,-1177.0
160.0,501.0,-1153.0
-122.0,462.0,-929.0
363.0,603.0,-860.0
-83.0,786.0,-1071.0
411.0,644.0,-1005.0
-306.0,585.0,-1139.0
343.0,398.0,-1057.0
-62.0,728.0,-1173.0
437.0,663.0,-942.0
189.0,521.0,-1011.0
413.0,495.0,-942.0
439.0,503.0,-995.0
302.0,554.0,-1034.0
310.0,396.0,-1011.0
288.0,486.0,-1130.0
540.0,530.0,-1093.0
497.0,581.0,-1009.0
486.0,409.0,-1009.0
657.0,390.0,-983.0
710.0,650.0,-1015.0
566.0,669.0,-950.0
634.0,511.0,-968.0
532.0,435.0,-1118.0
917.0,486.0,-1048.0
730.0,587.0,-1091.0
661.0,511.0,-985.0
679.0,433.0,-927.0
763.0,327.0,-964.0
882.0,406.0,-1005.0
675.0,501.0,-993.0
675.0,431.0,-1079.0
823.0,337.0,-1136.0
554.0,456.0,-1145.0
794.0,489.0,-1007.0
325.0,466.0,-1015.0
952.0,431.0,-931.0
308.0,513.0,-1050.0
763.0,407.0,-899.0
29.0,443.0,-1057.0
593.0,230.0,-1169.0
60.0,396.0,-1272.0
474.0,415.0,-915.0
3.0,534.0,-936.0
333.0,203.0,-931.0
218.0,212.0,-1028.0
189.0,240.0,-1018.0
165.0,335.0,-1159.0
-21.0,210.0,-1112.0
273.0,191.0,-1145.0
-83.0,247.0,-1063.0
337.0,376.0,-983.0
-74.0,413.0,-964.0
447.0,189.0,-987.0
-50.0,312.0,-1028.0
203.0,240.0,-995.0
-60.0,109.0,-1067.0
201.0,89.0,-1130.0
99.0,183.0,-1167.0
50.0,134.0,-995.0
126.0,105.0,-827.0
142.0,35.0,-897.0
296.0,158.0,-1087.0
60.0,169.0,-1071.0
107.0,85.0,-1009.0
9.0,44.0,-1169.0
226.0,81.0,-1116.0
5.0,154.0,-1052.0
81.0,134.0,-843.0
150.0,175.0,-970.0
9.0,162.0,-1024.0
222.0,148.0,-1011.0
-327.0,48.0,-1009.0
150.0,25.0,-1013.0
-228.0,80.0,-1163.0
177.0,74.0,-985.0
-265.0,105.0,-964.0
46.0,-35.0,-847.0
66.0,132.0,-936.0
-3.0,242.0,-1007.0
-58.0,70.0,-1034.0
-230.0,68.0,-1036.0
-76.0,271.0,-1046.0
-121.0,193.0,-1112.0
-236.0,72.0,-946.0
-244.0,117.0,-888.0
-128.0,177.0,-915.0
-171.0,83.0,-1054.0
-550.0,35.0,-954.0
-527.0,15.0,-1034.0
-546.0,105.0,-1102.0
-454.0,181.0,-1157.0
-732.0,56.0,-921.0
-677.0,-27.0,-894.0
-488.0,195.0,-954.0
-609.0,206.0,-1124.0
-616.0,95.0,-886.0
-1098.0,81.0,-1108.0
-579.0,81.0,-1118.0
-895.0,302.0,-1268.0
-488.0,163.0,-936.0
-897.0,-7.0,-974.0
-411.0,103.0,-944.0
-579.0,281.0,-1112.0
-429.0,173.0,-1071.0
-708.0,72.0,-1013.0
-497.0,189.0,-1159.0
-448.0,253.0,-1251.0
-329.0,163.0,-1081.0
-441.0,97.0,-888.0
-322.0,154.0,-927.0
-175.0,324.0,-1079.0
-413.0,173.0,-1132.0
-339.0,97.0,-979.0
-452.0,119.0,-983.0
-134.0,320.0,-1204.0
-292.0,398.0,-1134.0
-187.0,214.0,-866.0
-210.0,66.0,-860.0
-128.0,208.0,-1030.0
-15.0,175.0,-1065.0
-339.0,195.0,-968.0
-56.0,165.0,-970.0
-284.0,302.0,-1175.0
39.0,187.0,-1063.0
-312.0,128.0,-931.0
13.0,140.0,-792.0
-128.0,206.0,-979.0
13.0,197.0,-1063.0
-244.0,19.0,-1015.0
-210.0,70.0,-940.0
-119.0,183.0,-1079.0
-122.0,249.0,-1042.0
0.0,245.0,-1005.0
-228.0,124.0,-958.0
113.0,99.0,-927.0
-85.0,15.0,-995.0
50.0,95.0,-1054.0
-201.0,115.0,-1069.0
-64.0,195.0,-1075.0
-158.0,83.0,-1151.0
-91.0,-29.0,-1079.0
-54.0,-7.0,-979.0
21.0,128.0,-946.0
-9.0,142.0,-1056.0
-105.0,9.0,-1005.0
-206.0,-13.0,-1104.0
-177.0,66.0,-1054.0
-48.0,173.0,-1120.0
-144.0,91.0,-1102.0
-66.0,-5.0,-948.0
-44.0,95.0,-968.0
17.0,1.0,-1028.0
21.0,3.0,-1036.0
-224.0,-44.0,-985.0
62.0,44.0,-1095.0
-126.0,212.0,-1173.0
175.0,15.0,-1071.0
-165.0,-54.0,-956.0
169.0,-111.0,-894.0
111.0,66.0,-991.0
80.0,117.0,-1056.0
-48.0,-25.0,-1007.0
-195.0,-50.0,-1036.0
48.0,-5.0,-1022.0
83.0,93.0,-1071.0
37.0,-29.0,-1003.0
83.0,-99.0,-839.0
40.0,115.0,-991.0
107.0,0.0,-1009.0
-31.0,-60.0,-1020.0
-107.0,-199.0,-1020.0
50.0,31.0,-1087.0
54.0,105.0,-1097.0
64.0,39.0,-1075.0
-33.0,-150.0,-942.0
33.0,-97.0,-923.0
52.0,-13.0,-1024.0
5.0,50.0,-1073.0
-146.0,-52.0,-1030.0
-117.0,40.0,-1098.0
-91.0,23.0,-1118.0
11.0,56.0,-1020.0
-37.0,-107.0,-976.0
115.0,-19.0,-993.0
23.0,33.0,-974.0
-76.0,-25.0,-1022.0
-105.0,-25.0,-1026.0
-99.0,25.0,-1100.0
19.0,128.0,-1085.0
21.0,95.0,-1098.0
-62.0,-17.0,-925.0
17.0,-40.0,-964.0
17.0,62.0,-1042.0
-39.0,58.0,-1042.0
-95.0,3.0,-964.0
-91.0,17.0,-1030.0
78.0,226.0,-1087.0
-15.0,132.0,-1083.0
-31.0,3.0,-981.0
-15.0,-134.0,-901.0
156.0,93.0,-915.0
54.0,146.0,-1073.0
-46.0,23.0,-999.0
-232.0,23.0,-997.0
15.0,132.0,-1061.0
-9.0,199.0,-1145.0
85.0,-25.0,-981.0
-25.0,-5.0,-888.0
68.0,95.0,-944.0
62.0,214.0,-1048.0
-81.0,39.0,-1085.0
-54.0,-46.0,-1015.0
-89.0,122.0,-1050.0
54.0,201.0,-1042.0
72.0,150.0,-1087.0
-56.0,-11.0,-997.0
136.0,72.0,-894.0
7.0,138.0,-989.0
101.0,101.0,-1028.0
-189.0,126.0,-1067.0
1.0,142.0,-1100.0
-160.0,208.0,-1100.0
109.0,146.0,-1024.0
-21.0,-52.0,-966.0
105.0,93.0,-974.0
85.0,181.0,-997.0
37.0,81.0,-985.0
-74.0,-1.0,-1052.0
-95.0,46.0,-1116.0
83.0,273.0,-1097.0
-42.0,138.0,-1061.0
68.0,-42.0,-913.0
74.0,52.0,-946.0
124.0,169.0,-1022.0
97.0,50.0,-1036.0
-150.0,-42.0,-966.0
-50.0,-44.0,-1018.0
-23.0,224.0,-1110.0
15.0,181.0,-1134.0
-3.0,-33.0,-958.0
-126.0,-103.0,-936.0
206.0,17.0,-936.0
91.0,212.0,-1026.0
48.0,-64.0,-1022.0
-163.0,-93.0,-1020.0
-80.0,13.0,-1112.0
23.0,163.0,-1126.0
5.0,35.0,-1067.0
9.0,-158.0,-837.0
15.0,46.0,-923.0
95.0,3.0,-1071.0
-66.0,-7.0,-1075.0
-101.0,-169.0,-1030.0
-173.0,56.0,-1067.0
70.0,101.0,-1067.0
-119.0,107.0,-1079.0
-1.0,-101.0,-970.0
74.0,-154.0,-897.0
103.0,72.0,-938.0
105.0,25.0,-1138.0
-124.0,-35.0,-1044.0
-42.0,-74.0,-997.0
-50.0,126.0,-1050.0
91.0,33.0,-1169.0
115.0,-97.0,-956.0
9.0,-74.0,-915.0
216.0,0.0,-917.0
29.0,35.0,-1077.0
44.0,-140.0,-1007.0
-74.0,-70.0,-1028.0
87.0,31.0,-1067.0
7.0,31.0,-1114.0
126.0,-19.0,-985.0
-48.0,-142.0,-907.0
226.0,-25.0,-929.0
-31.0,-5.0,-1077.0
50.0,-76.0,-976.0
-193.0,-72.0,-1130.0
-11.0,-33.0,-1104.0
-21.0,109.0,-1026.0
52.0,1.0,-995.0
-21.0,-117.0,-1032.0
206.0,-74.0,-933.0
-78.0,-52.0,-1011.0
68.0,-91.0,-995.0
-240.0,-35.0,-1134.0
85.0,56.0,-1046.0
-138.0,173.0,-1139.0
72.0,-40.0,-974.0
-160.0,-107.0,-1026.0
95.0,-25.0,-944.0
39.0,93.0,-999.0
29.0,107.0,-974.0
-148.0,-23.0,-1034.0
15.0,7.0,-1073.0
-60.0,173.0,-1171.0
93.0,52.0,-1067.0
-115.0,-17.0,-892.0
167.0,-29.0,-921.0
97.0,275.0,-1016.0
101.0,46.0,-1089.0
-103.0,-140.0,-946.0
-83.0,-21.0,-1022.0
185.0,230.0,-1145.0
-31.0,296.0,-1161.0
154.0,-33.0,-899.0
-177.0,-95.0,-927.0
259.0,50.0,-958.0
39.0,195.0,-1020.0
83.0,9.0,-1011.0
-132.0,-33.0,-1052.0
56.0,138.0,-1104.0
-15.0,222.0,-1085.0
42.0,56.0,-1022.0
-56.0,-111.0,-892.0
50.0,89.0,-968.0
29.0,173.0,-1063.0
66.0,17.0,-1073.0
-167.0,-27.0,-1009.0
81.0,25.0,-1048.0
-191.0,257.0,-1112.0
216.0,89.0,-1026.0
-290.0,29.0,-993.0
277.0,-52.0,-923.0
-204.0,80.0,-1095.0
130.0,107.0,-942.0
-230.0,-52.0,-964.0
17.0,150.0,-1091.0
-101.0,156.0,-1284.0
-13.0,169.0,-1009.0
-113.0,-54.0,-860.0
25.0,-5.0,-911.0
105.0,117.0,-1061.0
29.0,50.0,-1069.0
-64.0,9.0,-977.0
-42.0,11.0,-1089.0
33.0,183.0,-1081.0
95.0,113.0,-1091.0
5.0,-35.0,-958.0
68.0,-29.0,-858.0
66.0,44.0,-1001.0
185.0,42.0,-1032.0
-128.0,-99.0,-1063.0
39.0,-31.0,-968.0
-27.0,44.0,-1085.0
169.0,167.0,-1011.0
-68.0,-17.0,-1112.0
72.0,-165.0,-837.0
15.0,-89.0,-895.0
171.0,19.0,-1048.0
-29.0,23.0,-1138.0
-25.0,-52.0,-929.0
-68.0,23.0,-1015.0
76.0,0.0,-1177.0
-58.0,-107.0,-1100.0
-3.0,-87.0,-884.0
40.0,37.0,-948.0
62.0,42.0,-995.0
-31.0,-117.0,-1038.0
-117.0,-181.0,-1038.0
-21.0,-1.0,-1134.0
-111.0,99.0,-1100.0
58.0,99.0,-1071.0
-128.0,-107.0,-944.0
70.0,35.0,-942.0
23.0,-167.0,-1011.0
13.0,-62.0,-958.0
-76.0,-42.0,-1069.0
0.0,101.0,-1153.0
52.0,187.0,-1093.0
-33.0,-46.0,-1011.0
-3.0,-105.0,-954.0
54.0,-89.0,-985.0
126.0,83.0,-960.0
130.0,-40.0,-1054.0
1.0,-66.0,-981.0
-1.0,-66.0,-1085.0
66.0,142.0,-1057.0
52.0,80.0,-1108.0
-60.0,-128.0,-938.0
111.0,-7.0,-999.0
140.0,117.0,-1022.0
33.0,-107.0,-987.0
-107.0,-124.0,-962.0
105.0,72.0,-1054.0
-40.0,232.0,-1243.0
25.0,-27.0,-1065.0
-191.0,-122.0,-884.0
72.0,-37.0,-905.0
156.0,99.0,-1028.0
74.0,0.0,-976.0
-83.0,-85.0,-1108.0
-89.0,80.0,-1188.0
-99.0,150.0,-1149.0
-113.0,142.0,-983.0
-5.0,-74.0,-876.0
-9.0,5.0,-925.0
179.0,56.0,-997.0
19.0,93.0,-1138.0
-52.0,-25.0,-1030.0
-91.0,95.0,-1032.0
-76.0,165.0,-1104.0
-40.0,134.0,-1097.0
1.0,23.0,-938.0
21.0,15.0,-976.0
179.0,81.0,-968.0
-44.0,39.0,-1054.0
80.0,0.0,-950.0
-134.0,31.0,-1065.0
183.0,234.0,-1145.0
-220.0,199.0,-1218.0
134.0,-7.0,-833.0
-158.0,-87.0,-894.0
353.0,72.0,-929.0
-5.0,111.0,-1159.0
132.0,-13.0,-905.0
-201.0,35.0,-1036.0
33.0,117.0,-1093.0
0.0,193.0,-1128.0
-19.0,-23.0,-968.0
89.0,-37.0,-903.0
29.0,29.0,-958.0
185.0,74.0,-1024.0
-60.0,-58.0,-1085.0
-72.0,-40.0,-1007.0
-27.0,152.0,-1052.0
-48.0,169.0,-1141.0
33.0,99.0,-1054.0
-197.0,-103.0,-966.0
126.0,-152.0,-849.0
-39.0,23.0,-1042.0
111.0,68.0,-1087.0
-199.0,27.0,-1079.0
-25.0,80.0,-966.0
-152.0,89.0,-1104.0
70.0,-21.0,-1097.0
-42.0,-48.0,-974.0
80.0,35.0,-870.0
132.0,115.0,-1011.0
9.0,-5.0,-1040.0
15.0,-134.0,-1022.0
-165.0,-5.0,-1075.0
165.0,109.0,-1132.0
-165.0,122.0,-1116.0
230.0,-68.0,-917.0
-72.0,-25.0,-946.0
220.0,-13.0,-929.0
78.0,-99.0,-1056.0
-91.0,-39.0,-1003.0
72.0,-23.0,-1065.0
-156.0,244.0,-1182.0
163.0,-31.0,-993.0
-66.0,-103.0,-946.0
132.0,-142.0,-907.0
193.0,11.0,-1013.0
-7.0,87.0,-991.0
66.0,-208.0,-1003.0
-247.0,-5.0,-1061.0
210.0,13.0,-1089.0
-117.0,128.0,-1120.0
238.0,-66.0,-936.0
-204.0,-126.0,-911.0
251.0,35.0,-977.0
-99.0,-99.0,-1139.0
93.0,1.0,-979.0
-304.0,-158.0,-1046.0
140.0,97.0,-950.0
-101.0,220.0,-1171.0
44.0,-31.0,-1093.0
-126.0,-138.0,-966.0
15.0,-146.0,-929.0
193.0,113.0,-1007.0
-5.0,15.0,-1048.0
-87.0,-111.0,-944.0
-156.0,52.0,-1138.0
13.0,163.0,-1124.0
181.0,107.0,-1093.0
-85.0,-136.0,-931.0
230.0,-19.0,-860.0
-54.0,66.0,-1009.0
224.0,64.0,-1075.0
-206.0,-35.0,-1063.0
126.0,-37.0,-983.0
-167.0,167.0,-1095.0
267.0,85.0,-981.0
-91.0,81.0,-1059.0
144.0,-111.0,-931.0
89.0,-11.0,-956.0
0.0,7.0,-972.0
60.0,-23.0,-1028.0
-138.0,40.0,-1073.0
163.0,146.0,-1063.0
-167.0,203.0,-1138.0
185.0,-54.0,-927.0
-66.0,-119.0,-931.0
113.0,42.0,-974.0
99.0,56.0,-1069.0
-54.0,3.0,-985.0
-101.0,-29.0,-999.0
-70.0,83.0,-1083.0
83.0,124.0,-1147.0
-122.0,48.0,-1032.0
105.0,-85.0,-894.0
-66.0,70.0,-987.0
253.0,60.0,-991.0
1.0,15.0,-1048.0
40.0,-101.0,-950.0
109.0,93.0,-1169.0
80.0,226.0,-1122.0
491.0,132.0,-1026.0
-44.0,7.0,-960.0
585.0,-150.0,-874.0
165.0,105.0,-1046.0
622.0,15.0,-1069.0
263.0,31.0,-1040.0
294.0,107.0,-983.0
489.0,124.0,-1122.0
232.0,160.0,-1155.0
730.0,-171.0,-919.0
95.0,19.0,-921.0
804.0,76.0,-890.0
124.0,99.0,-1083.0
653.0,-35.0,-962.0
-87.0,-103.0,-1100.0
556.0,113.0,-989.0
7.0,111.0,-1182.0
388.0,5.0,-874.0
109.0,-95.0,-935.0
222.0,29.0,-899.0
193.0,101.0,-1102.0
54.0,-142.0,-958.0
40.0,-66.0,-954.0
17.0,85.0,-1136.0
15.0,152.0,-1165.0
99.0,-35.0,-1026.0
-183.0,-60.0,-929.0
310.0,-19.0,-892.0
-89.0,64.0,-1048.0
249.0,-56.0,-1018.0
-302.0,-83.0,-1145.0
187.0,0.0,-1100.0
-265.0,81.0,-1223.0
245.0,64.0,-950.0
-210.0,-89.0,-1020.0
265.0,-42.0,-876.0
11.0,113.0,-1169.0
162.0,-81.0,-1040.0
-89.0,1.0,-1079.0
-15.0,-56.0,-952.0
156.0,181.0,-1202.0
-81.0,21.0,-1147.0
191.0,-93.0,-925.0
3.0,19.0,-899.0
298.0,52.0,-950.0
138.0,37.0,-1063.0
-62.0,-195.0,-1013.0
68.0,-64.0,-999.0
-81.0,210.0,-1120.0
286.0,66.0,-1073.0
-113.0,-60.0,-968.0
185.0,-115.0,-813.0
17.0,72.0,-958.0
208.0,54.0,-1003.0
-29.0,-25.0,-1018.0
-91.0,-83.0,-948.0
29.0,44.0,-1067.0
-97.0,58.0,-1104.0
191.0,11.0,-1001.0
-187.0,-29.0,-915.0
361.0,-31.0,-860.0
-144.0,76.0,-1036.0
257.0,-154.0,-976.0
-290.0,1.0,-1147.0
48.0,68.0,-1071.0
-126.0,111.0,-1057.0
33.0,91.0,-1007.0
-64.0,-117.0,-1015.0
70.0,44.0,-946.0
-52.0,-37.0,-1079.0
13.0,66.0,-1015.0
-175.0,-37.0,-1003.0
15.0,35.0,-1063.0
-115.0,113.0,-1200.0
78.0,37.0,-1071.0
-173.0,-1.0,-944.0
160.0,-5.0,-946.0
-48.0,107.0,-1026.0
171.0,11.0,-993.0
-224.0,-21.0,-1052.0
148.0,-1.0,-1048.0
-58.0,181.0,-1134.0
175.0,117.0,-1040.0
-44.0,-58.0,-911.0
62.0,7.0,-913.0
230.0,-7.0,-1050.0
0.0,103.0,-1059.0
60.0,-64.0,-935.0
-103.0,-7.0,-1001.0
154.0,130.0,-1089.0
117.0,48.0,-1132.0
-29.0,76.0,-999.0
85.0,-101.0,-853.0
9.0,97.0,-927.0
206.0,37.0,-1056.0
-56.0,42.0,-1046.0
37.0,-58.0,-1018.0
5.0,27.0,-1089.0
175.0,191.0,-1056.0
-58.0,-29.0,-1036.0
-11.0,-80.0,-853.0
33.0,3.0,-1020.0
29.0,115.0,-1015.0
103.0,39.0,-1110.0
-206.0,-113.0,-995.0
37.0,23.0,-1044.0
-66.0,66.0,-1132.0
64.0,142.0,-1130.0
-39.0,-42.0,-968.0
15.0,7.0,-927.0
121.0,-39.0,-938.0
7.0,21.0,-991.0
-19.0,-17.0,-1139.0
-21.0,15.0,-1163.0
60.0,193.0,-1054.0
-124.0,64.0,-1048.0
27.0,-76.0,-921.0
-37.0,-197.0,-976.0
177.0,83.0,-944.0
7.0,109.0,-1136.0
23.0,-70.0,-936.0
-68.0,25.0,-1044.0
-9.0,52.0,-1124.0
87.0,103.0,-1046.0
-62.0,-81.0,-991.0
144.0,-87.0,-925.0
85.0,7.0,-929.0
17.0,-11.0,-972.0
15.0,-25.0,-1028.0
-201.0,-48.0,-1093.0
187.0,130.0,-1056.0
-247.0,216.0,-1206.0
113.0,-115.0,-899.0
-230.0,-206.0,-921.0
230.0,-128.0,-938.0
78.0,78.0,-1038.0
72.0,-21.0,-966.0
-126.0,23.0,-1020.0
-74.0,9.0,-1173.0
-25.0,107.0,-1091.0
-111.0,0.0,-1071.0
7.0,-154.0,-890.0
58.0,31.0,-878.0
169.0,17.0,-970.0
-66.0,25.0,-1093.0
-85.0,-132.0,-1042.0
-111.0,156.0,-1097.0
-62.0,162.0,-1145.0
-15.0,210.0,-1040.0
-83.0,-158.0,-931.0
103.0,-179.0,-899.0
148.0,33.0,-1015.0
76.0,11.0,-1102.0
-85.0,60.0,-979.0
-107.0,81.0,-997.0
31.0,251.0,-1204.0
-54.0,58.0,-1231.0
121.0,-105.0,-827.0
-85.0,-70.0,-804.0
325.0,-64.0,-977.0
7.0,132.0,-1118.0
97.0,-54.0,-1052.0
-238.0,13.0,-1063.0
60.0,146.0,-1067.0
-27.0,292.0,-1116.0
54.0,35.0,-989.0
13.0,-218.0,-839.0
214.0,-128.0,-895.0
126.0,-7.0,-1169.0
-5.0,138.0,-989.0
-121.0,-31.0,-981.0
-218.0,193.0,-1120.0
113.0,160.0,-1120.0
-150.0,13.0,-1106.0
179.0,-218.0,-845.0
-1.0,-81.0,-899.0
33.0,132.0,-1009.0
-29.0,-23.0,-1128.0
-363.0,-11.0,-1075.0
128.0,70.0,-1054.0
-208.0,247.0,-1206.0
230.0,160.0,-977.0
-193.0,-87.0,-927.0
121.0,-212.0,-878.0
46.0,-70.0,-1077.0
-21.0,167.0,-1102.0
-33.0,-23.0,-985.0
-99.0,107.0,-989.0
52.0,226.0,-1139.0
52.0,109.0,-1132.0
89.0,13.0,-958.0
5.0,-187.0,-829.0
263.0,-5.0,-935.0
-109.0,-46.0,-1061.0
25.0,58.0,-968.0
-193.0,-15.0,-1184.0
169.0,156.0,-1050.0
11.0,247.0,-1038.0
107.0,3.0,-923.0
-17.0,-175.0,-956.0
154.0,-181.0,-884.0
33.0,-50.0,-1065.0
-58.0,-31.0,-1003.0
68.0,128.0,-997.0
-163.0,165.0,-1221.0
253.0,64.0,-1036.0
-191.0,52.0,-1042.0
158.0,-337.0,-833.0
33.0,-17.0,-944.0
89.0,-13.0,-997.0
-42.0,11.0,-1089.0
-257.0,-21.0,-1112.0
126.0,1.0,-1007.0
-183.0,181.0,-1159.0
103.0,52.0,-1042.0
-158.0,42.0,-974.0
64.0,-81.0,-931.0
162.0,-163.0,-993.0
-5.0,-165.0,-1081.0
-99.0,-25.0,-892.0
37.0,284.0,-1151.0
-124.0,206.0,-1333.0
150.0,146.0,-1015.0
-156.0,-142.0,-911.0
152.0,-206.0,-765.0
103.0,40.0,-1015.0
-121.0,11.0,-1098.0
83.0,-19.0,-1050.0
-288.0,-11.0,-1050.0
122.0,281.0,-970.0
-46.0,156.0,-1034.0
31.0,-27.0,-1079.0
119.0,-115.0,-931.0
74.0,5.0,-1001.0
76.0,-134.0,-956.0
64.0,-64.0,-892.0
-31.0,68.0,-997.0
183.0,208.0,-1296.0
-138.0,361.0,-1192.0
138.0,-103.0,-1028.0
-312.0,-160.0,-796.0
476.0,-242.0,-657.0
-210.0,85.0,-1097.0
275.0,9.0,-1163.0
-361.0,107.0,-1206.0
181.0,163.0,-1095.0
-197.0,60.0,-1065.0
189.0,19.0,-771.0
-119.0,-93.0,-997.0
212.0,-7.0,-1020.0
-44.0,-5.0,-1190.0
-58.0,-111.0,-919.0
-206.0,-144.0,-925.0
21.0,128.0,-1118.0
27.0,439.0,-1339.0
-33.0,177.0,-1112.0
-175.0,-162.0,-782.0
91.0,-234.0,-810.0
119.0,-9.0,-1073.0
111.0,42.0,-1100.0
-97.0,-27.0,-964.0
-101.0,128.0,-1048.0
-64.0,218.0,-1100.0
97.0,284.0,-1095.0
-156.0,-37.0,-1022.0
220.0,-218.0,-839.0
19.0,126.0,-1013.0
448.0,-150.0,-999.0
-204.0,-70.0,-1034.0
150.0,-171.0,-860.0
-103.0,433.0,-1311.0
-21.0,316.0,-1301.0
134.0,-1.0,-860.0
-78.0,-255.0,-788.0
230.0,-363.0,-823.0
259.0,197.0,-991.0
-91.0,62.0,-1221.0
-48.0,15.0,-1071.0
-109.0,64.0,-1087.0
-113.0,62.0,-1071.0
81.0,119.0,-923.0
-115.0,-136.0,-956.0
249.0,-68.0,-946.0
-128.0,3.0,-1102.0
160.0,-152.0,-915.0
-308.0,-130.0,-1143.0
-52.0,140.0,-1106.0
-54.0,284.0,-1177.0
-119.0,265.0,-1091.0
140.0,-234.0,-813.0
5.0,-212.0,-876.0
263.0,-173.0,-1003.0
-44.0,31.0,-1112.0
-197.0,91.0,-1028.0
-72.0,163.0,-1128.0
-158.0,318.0,-1214.0
83.0,48.0,-1063.0
-66.0,-122.0,-894.0
249.0,-167.0,-786.0
-5.0,-35.0,-1075.0
185.0,52.0,-1030.0
-230.0,-150.0,-1139.0
-156.0,-13.0,-981.0
58.0,269.0,-1046.0
7.0,230.0,-1120.0
181.0,-19.0,-933.0
7.0,-158.0,-882.0
226.0,-83.0,-938.0
-95.0,-13.0,-1079.0
83.0,23.0,-991.0
-111.0,-33.0,-1134.0
58.0,244.0,-1044.0
78.0,78.0,-995.0
-15.0,-48.0,-981.0
83.0,-189.0,-948.0
130.0,-78.0,-931.0
138.0,78.0,-983.0
-201.0,-76.0,-1065.0
-122.0,9.0,-966.0
9.0,140.0,-1223.0
25.0,158.0,-1138.0
230.0,140.0,-956.0
-210.0,-201.0,-979.0
238.0,-80.0,-874.0
-247.0,-107.0,-1061.0
103.0,-111.0,-1032.0
-296.0,115.0,-1091.0
195.0,247.0,-1104.0
-154.0,365.0,-1247.0
224.0,-89.0,-899.0
-269.0,-105.0,-917.0
193.0,-130.0,-864.0
72.0,236.0,-1198.0
-50.0,-101.0,-1110.0
5.0,-189.0,-792.0
-245.0,31.0,-931.0
156.0,292.0,-1204.0
29.0,454.0,-1241.0
52.0,-113.0,-960.0
-158.0,-226.0,-884.0
130.0,-130.0,-874.0
126.0,64.0,-1067.0
-31.0,13.0,-1011.0
89.0,-21.0,-1011.0
-52.0,308.0,-1284.0
97.0,66.0,-1104.0
-144.0,-35.0,-903.0
119.0,-236.0,-765.0
93.0,60.0,-1015.0
160.0,95.0,-991.0
179.0,-130.0,-1032.0
-331.0,-50.0,-1124.0
240.0,25.0,-1057.0
-148.0,355.0,-1114.0
119.0,3.0,-993.0
-177.0,-119.0,-888.0
29.0,-148.0,-997.0
122.0,-39.0,-1063.0
-39.0,11.0,-1009.0
-3.0,-107.0,-976.0
-175.0,255.0,-1169.0
83.0,240.0,-1186.0
-224.0,146.0,-1120.0
-3.0,-212.0,-845.0
-70.0,-185.0,-839.0
185.0,-21.0,-1020.0
93.0,29.0,-1077.0
-87.0,31.0,-993.0
-87.0,62.0,-1081.0
-115.0,259.0,-1147.0
15.0,140.0,-1095.0
-93.0,-81.0,-899.0
158.0,-95.0,-878.0
105.0,13.0,-1013.0
298.0,-46.0,-995.0
-126.0,-130.0,-1013.0
1.0,-23.0,-1009.0
-42.0,275.0,-1212.0
97.0,279.0,-1112.0
-48.0,-48.0,-981.0
66.0,-142.0,-753.0
154.0,-130.0,-923.0
210.0,-37.0,-1030.0
39.0,-40.0,-1083.0
-23.0,-56.0,-1059.0
-140.0,267.0,-1052.0
122.0,150.0,-1104.0
-228.0,-17.0,-1011.0
247.0,-191.0,-769.0
-68.0,-37.0,-958.0
396.0,-9.0,-1020.0
-105.0,-89.0,-1048.0
-40.0,-81.0,-1015.0
-138.0,138.0,-1139.0
81.0,281.0,-1126.0
-93.0,95.0,-1073.0
40.0,-132.0,-886.0
-21.0,-19.0,-958.0
85.0,-183.0,-1007.0
27.0,-52.0,-1011.0
-126.0,-105.0,-1091.0
1.0,199.0,-1063.0
-142.0,363.0,-1204.0
-13.0,74.0,-1036.0
-35.0,-60.0,-929.0
37.0,-169.0,-839.0
288.0,29.0,-972.0
29.0,29.0,-1083.0
29.0,-42.0,-1018.0
-253.0,29.0,-1077.0
11.0,267.0,-1194.0
-152.0,165.0,-1151.0
68.0,-48.0,-827.0
-17.0,-56.0,-878.0
224.0,-29.0,-1024.0
109.0,-48.0,-1036.0
17.0,-197.0,-946.0
-25.0,66.0,-1026.0
29.0,388.0,-1163.0
-13.0,230.0,-1161.0
-78.0,-11.0,-913.0
105.0,-251.0,-794.0
152.0,-72.0,-940.0
245.0,-1.0,-1081.0
9.0,5.0,-1022.0
-199.0,-58.0,-1020.0
-76.0,154.0,-1089.0
-95.0,253.0,-1186.0
89.0,5.0,-1044.0
-7.0,-99.0,-847.0
242.0,-136.0,-913.0
66.0,44.0,-1050.0
78.0,-95.0,-1114.0
-325.0,-76.0,-1028.0
-31.0,76.0,-1065.0
-132.0,284.0,-1231.0
58.0,208.0,-1071.0
-50.0,-66.0,-872.0
17.0,-162.0,-868.0
230.0,-150.0,-1009.0
-11.0,87.0,-1048.0
1.0,-48.0,-1052.0
-314.0,154.0,-1052.0
-11.0,277.0,-1159.0
-46.0,111.0,-1085.0
21.0,-64.0,-929.0
206.0,-244.0,-821.0
31.0,158.0,-952.0
212.0,5.0,-1071.0
-296.0,-113.0,-1098.0
-21.0,-33.0,-1067.0
-191.0,171.0,-1138.0
255.0,265.0,-1007.0
35.0,1.0,-935.0
165.0,-66.0,-940.0
130.0,-173.0,-921.0
66.0,-121.0,-997.0
-21.0,-74.0,-1091.0
-87.0,19.0,-1013.0
-17.0,363.0,-1112.0
-78.0,93.0,-1130.0
76.0,-48.0,-917.0
-21.0,-230.0,-894.0
236.0,-21.0,-952.0
122.0,58.0,-1063.0
-50.0,-146.0,-964.0
-201.0,-66.0,-1071.0
-126.0,81.0,-1128.0
81.0,298.0,-1143.0
5.0,33.0,-1018.0
29.0,-134.0,-895.0
21.0,-101.0,-917.0
87.0,-11.0,-1089.0
-52.0,-58.0,-1081.0
-204.0,-144.0,-976.0
-117.0,187.0,-1038.0
-1.0,343.0,-1169.0
109.0,232.0,-1057.0
-156.0,-255.0,-964.0
152.0,-193.0,-872.0
-9.0,46.0,-1022.0
259.0,89.0,-1009.0
-240.0,-76.0,-1034.0
-89.0,-11.0,-1050.0
-39.0,343.0,-1132.0
203.0,175.0,-1202.0
62.0,-48.0,-897.0
68.0,-148.0,-823.0
81.0,-52.0,-966.0
81.0,72.0,-1036.0
-29.0,-105.0,-1048.0
-162.0,-48.0,-1044.0
154.0,197.0,-1089.0
-13.0,349.0,-1077.0
212.0,-62.0,-1011.0
-156.0,-201.0,-851.0
179.0,-144.0,-907.0
50.0,23.0,-1100.0
54.0,-35.0,-979.0
-165.0,-83.0,-1036.0
-19.0,142.0,-1065.0
64.0,251.0,-1161.0
-56.0,148.0,-1048.0
103.0,-179.0,-929.0
-76.0,-91.0,-913.0
105.0,-50.0,-1038.0
-66.0,-74.0,-1028.0
-91.0,-68.0,-1013.0
-72.0,128.0,-1030.0
27.0,335.0,-1196.0
-119.0,126.0,-1167.0
-134.0,-87.0,-931.0
-56.0,-121.0,-894.0
142.0,-111.0,-938.0
95.0,111.0,-1032.0
-87.0,-124.0,-1003.0
-42.0,101.0,-1071.0
-156.0,203.0,-1206.0
66.0,271.0,-1153.0
-117.0,13.0,-964.0
-15.0,-189.0,-837.0
220.0,-9.0,-929.0
74.0,-124.0,-1042.0
60.0,-52.0,-981.0
-193.0,17.0,-1110.0
136.0,349.0,-1116.0
-52.0,216.0,-1171.0
-5.0,0.0,-917.0
-13.0,-165.0,-860.0
128.0,-154.0,-903.0
234.0,23.0,-999.0
66.0,-126.0,-1044.0
-148.0,-15.0,-1034.0
-7.0,167.0,-1020.0
56.0,304.0,-1153.0
-83.0,-11.0,-1093.0
115.0,-91.0,-790.0
44.0,-27.0,-905.0
322.0,-163.0,-995.0
-42.0,-72.0,-1130.0
-54.0,-169.0,-952.0
-78.0,122.0,-1044.0
13.0,320.0,-1225.0
-21.0,158.0,-1159.0
-85.0,-42.0,-923.0
-60.0,-177.0,-843.0
283.0,-83.0,-974.0
33.0,-111.0,-1071.0
-81.0,-74.0,-993.0
-169.0,142.0,-1114.0
-99.0,320.0,-1188.0
-3.0,283.0,-1161.0
-74.0,-111.0,-915.0
23.0,-124.0,-798.0
185.0,-17.0,-942.0
130.0,-15.0,-1114.0
33.0,-121.0,-1059.0
-286.0,-37.0,-1083.0
89.0,335.0,-1003.0
89.0,244.0,-1157.0
-58.0,42.0,-1042.0
113.0,-206.0,-897.0
27.0,-29.0,-886.0
333.0,-142.0,-913.0
31.0,-39.0,-1095.0
-101.0,-76.0,-1095.0
7.0,277.0,-1042.0
-89.0,376.0,-1098.0
183.0,-31.0,-1018.0
-119.0,-134.0,-915.0
244.0,-244.0,-847.0
72.0,76.0,-974.0
130.0,-134.0,-1081.0
-191.0,-72.0,-1034.0
50.0,113.0,-1054.0
-156.0,244.0,-1192.0
76.0,183.0,-1022.0
-60.0,-93.0,-948.0
132.0,-152.0,-876.0
119.0,-93.0,-1059.0
31.0,-58.0,-929.0
-138.0,-140.0,-1003.0
-183.0,158.0,-1188.0
-87.0,263.0,-1282.0
13.0,343.0,-981.0
-244.0,-121.0,-933.0
238.0,-288.0,-835.0
-117.0,-37.0,-1081.0
286.0,-35.0,-999.0
-509.0,3.0,-1048.0
306.0,7.0,-1036.0
-462.0,322.0,-1364.0
683.0,232.0,-854.0
-593.0,-5.0,-1118.0
423.0,-189.0,-665.0
122.0,52.0,-1138.0
296.0,-130.0,-1020.0
21.0,-89.0,-991.0
-306.0,25.0,-897.0
357.0,236.0,-1231.0
-273.0,244.0,-1231.0
347.0,0.0,-915.0
-499.0,-54.0,-919.0
530.0,-97.0,-765.0
-218.0,5.0,-1120.0
232.0,-201.0,-983.0
-388.0,13.0,-1128.0
122.0,185.0,-956.0
74.0,325.0,-1247.0
-103.0,-9.0,-1087.0
44.0,-101.0,-829.0
35.0,-48.0,-847.0
277.0,-175.0,-1108.0
42.0,-81.0,-938.0
-101.0,-48.0,-1018.0
-181.0,115.0,-1202.0
72.0,277.0,-1163.0
-58.0,203.0,-1116.0
-163.0,-204.0,-884.0
91.0,-46.0,-804.0
-80.0,-42.0,-1007.0
245.0,-117.0,-1065.0
-415.0,-111.0,-1179.0
183.0,-117.0,-968.0
-181.0,489.0,-1114.0
195.0,259.0,-1048.0
-60.0,42.0,-1042.0
-52.0,-228.0,-935.0
206.0,-156.0,-921.0
9.0,97.0,-983.0
99.0,-54.0,-1020.0
-179.0,44.0,-1098.0
48.0,152.0,-1171.0
-124.0,273.0,-1206.0
-13.0,31.0,-972.0
-165.0,-134.0,-827.0
238.0,-119.0,-815.0
-11.0,-17.0,-1134.0
148.0,-60.0,-960.0
-142.0,-95.0,-1116.0
-83.0,160.0,-1026.0
144.0,290.0,-1077.0
-169.0,179.0,-1077.0
167.0,-236.0,-794.0
85.0,-89.0,-907.0
210.0,-80.0,-1048.0
177.0,-66.0,-976.0
-187.0,-25.0,-1032.0
74.0,-9.0,-1073.0
-105.0,357.0,-1229.0
13.0,154.0,-1122.0
0.0,-99.0,-876.0
-29.0,-242.0,-831.0
191.0,-113.0,-983.0
19.0,64.0,-1108.0
-197.0,-83.0,-1143.0
-50.0,60.0,-915.0
-35.0,249.0,-1208.0
-70.0,212.0,-1112.0
103.0,17.0,-895.0
-109.0,-226.0,-886.0
294.0,-173.0,-936.0
-44.0,46.0,-1149.0
17.0,27.0,-1024.0
-195.0,-19.0,-1132.0
-140.0,269.0,-1073.0
81.0,298.0,-1169.0
-245.0,11.0,-1056.0
81.0,-230.0,-882.0
74.0,-56.0,-905.0
197.0,21.0,-1050.0
-177.0,-105.0,-1134.0
-152.0,58.0,-987.0
-21.0,220.0,-1136.0
50.0,255.0,-1120.0
160.0,39.0,-979.0
-54.0,-181.0,-849.0
179.0,-7.0,-894.0
203.0,-115.0,-966.0
42.0,-95.0,-1093.0
-318.0,44.0,-1159.0
89.0,193.0,-981.0
158.0,322.0,-1102.0
-68.0,-9.0,-1073.0
72.0,-78.0,-843.0
93.0,-206.0,-874.0
185.0,-46.0,-1087.0
140.0,-160.0,-987.0
-255.0,5.0,-1011.0
99.0,126.0,-1007.0
-95.0,263.0,-1268.0
310.0,203.0,-1018.0
-341.0,-66.0,-1024.0
105.0,-222.0,-833.0
25.0,-119.0,-981.0
148.0,70.0,-1007.0
-292.0,-87.0,-1114.0
-146.0,115.0,-1132.0
-99.0,271.0,-1188.0
74.0,277.0,-1034.0
-58.0,-7.0,-944.0
-107.0,-175.0,-962.0
165.0,-7.0,-987.0
238.0,-142.0,-954.0
0.0,-101.0,-1003.0
-382.0,52.0,-1165.0
162.0,181.0,-1106.0
-72.0,355.0,-1126.0
58.0,-9.0,-1050.0
-273.0,-201.0,-897.0
269.0,-216.0,-739.0
42.0,62.0,-1091.0
214.0,-89.0,-936.0
-298.0,66.0,-1132.0
-62.0,146.0,-1153.0
273.0,203.0,-1093.0
-103.0,97.0,-1011.0
-13.0,-195.0,-874.0
44.0,-132.0,-860.0
322.0,-74.0,-1013.0
25.0,-3.0,-1067.0
-144.0,-99.0,-1040.0
-324.0,19.0,-1239.0
132.0,308.0,-1048.0
-122.0,292.0,-1026.0
7.0,-144.0,-774.0
33.0,-107.0,-974.0
220.0,-130.0,-1169.0
292.0,-134.0,-919.0
-269.0,-31.0,-880.0
-187.0,58.0,-1124.0
0.0,357.0,-1184.0
167.0,253.0,-1132.0
-261.0,-218.0,-1071.0
58.0,-220.0,-638.0
191.0,-7.0,-970.0
201.0,142.0,-1159.0
-58.0,9.0,-1081.0
-443.0,-62.0,-972.0
333.0,103.0,-1069.0
-66.0,263.0,-1173.0
325.0,64.0,-989.0
-419.0,-46.0,-931.0
409.0,-204.0,-747.0
107.0,44.0,-1132.0
142.0,-76.0,-1009.0
-220.0,35.0,-1134.0
-220.0,179.0,-1114.0
267.0,314.0,-1153.0
-109.0,122.0,-1073.0
7.0,-232.0,-724.0
140.0,-158.0,-812.0
195.0,-105.0,-1163.0
230.0,13.0,-1020.0
-292.0,99.0,-1149.0
-62.0,89.0,-989.0
261.0,288.0,-1042.0
-31.0,154.0,-1026.0
115.0,-179.0,-956.0
-220.0,-60.0,-1056.0
365.0,-187.0,-1052.0
48.0,-130.0,-956.0
-97.0,-212.0,-882.0
-300.0,218.0,-1056.0
220.0,421.0,-1241.0
-101.0,87.0,-1260.0
169.0,-150.0,-827.0
-324.0,-169.0,-921.0
456.0,-44.0,-765.0
-136.0,152.0,-1227.0
-206.0,-203.0,-991.0
-304.0,48.0,-1079.0
-21.0,341.0,-1190.0
304.0,298.0,-1225.0
-324.0,-91.0,-970.0
-85.0,-214.0,-653.0
91.0,5.0,-962.0
230.0,-48.0,-1161.0
72.0,-136.0,-1018.0
-181.0,-87.0,-958.0
-1.0,187.0,-1108.0
259.0,402.0,-1046.0
-111.0,134.0,-1190.0
-298.0,-197.0,-911.0
236.0,-105.0,-650.0
107.0,48.0,-1087.0
284.0,-91.0,-1132.0
-372.0,167.0,-1163.0
70.0,13.0,-1028.0
50.0,267.0,-1130.0
171.0,66.0,-935.0
-11.0,-247.0,-868.0
-95.0,-93.0,-999.0
404.0,-115.0,-964.0
181.0,80.0,-1026.0
-117.0,-60.0,-993.0
-189.0,173.0,-1007.0
-23.0,349.0,-1153.0
44.0,99.0,-1190.0
-165.0,-126.0,-911.0
113.0,-242.0,-757.0
103.0,-25.0,-1087.0
333.0,-23.0,-933.0
-353.0,-50.0,-1046.0
-191.0,-5.0,-1132.0
21.0,271.0,-1259.0
109.0,230.0,-1108.0
121.0,-117.0,-835.0
-165.0,-64.0,-800.0
279.0,-113.0,-882.0
39.0,56.0,-1257.0
-148.0,-66.0,-1120.0
-162.0,-17.0,-1011.0
-240.0,156.0,-1003.0
273.0,322.0,-972.0
-404.0,95.0,-1177.0
99.0,-304.0,-958.0
-117.0,-40.0,-1028.0
400.0,5.0,-911.0
-122.0,-37.0,-1009.0
-29.0,0.0,-931.0
-89.0,230.0,-1214.0
300.0,281.0,-1122.0
-124.0,89.0,-1186.0
-76.0,-304.0,-862.0
-162.0,-169.0,-839.0
476.0,-7.0,-700.0
-138.0,107.0,-1192.0
37.0,97.0,-1095.0
-279.0,163.0,-1452.0
167.0,175.0,-1018.0
163.0,17.0,-810.0
-5.0,-189.0,-794.0
107.0,-115.0,-993.0
312.0,66.0,-1136.0
105.0,-40.0,-1149.0
-201.0,-341.0,-882.0
-296.0,1.0,-952.0
169.0,433.0,-1100.0
39.0,411.0,-1270.0
-70.0,-83.0,-940.0
-191.0,-351.0,-802.0
228.0,-171.0,-790.0
109.0,-7.0,-1163.0
-201.0,134.0,-1177.0
-181.0,122.0,-1077.0
-76.0,175.0,-1022.0
242.0,128.0,-974.0
-103.0,-115.0,-1149.0
-154.0,-111.0,-976.0
169.0,-35.0,-985.0
-80.0,-66.0,-1040.0
81.0,0.0,-938.0
-374.0,76.0,-1015.0
39.0,232.0,-1106.0
203.0,126.0,-1120.0
-101.0,111.0,-1114.0
-40.0,-128.0,-841.0
-81.0,-46.0,-878.0
409.0,-70.0,-987.0
21.0,-35.0,-1143.0
-152.0,-15.0,-936.0
44.0,173.0,-1083.0
62.0,327.0,-1264.0
288.0,-105.0,-1015.0
-224.0,-173.0,-771.0
175.0,-136.0,-854.0
130.0,89.0,-1081.0
325.0,-11.0,-1048.0
-277.0,-197.0,-1034.0
-136.0,33.0,-1022.0
115.0,337.0,-991.0
46.0,357.0,-1262.0
-5.0,-201.0,-936.0
-132.0,-242.0,-903.0
206.0,-113.0,-968.0
212.0,60.0,-1061.0
-220.0,13.0,-1028.0
-122.0,5.0,-1100.0
-206.0,247.0,-1204.0
255.0,234.0,-981.0
-249.0,-37.0,-1042.0
15.0,-312.0,-847.0
44.0,13.0,-956.0
273.0,107.0,-1057.0
-54.0,-76.0,-1100.0
-249.0,-5.0,-997.0
-11.0,19.0,-1063.0
78.0,337.0,-1063.0
-1.0,142.0,-1087.0
-263.0,-101.0,-1083.0
3.0,-232.0,-925.0
226.0,-70.0,-929.0
-56.0,-46.0,-995.0
-46.0,85.0,-1003.0
-189.0,318.0,-1204.0
249.0,148.0,-1280.0
-1.0,-3.0,-1040.0
214.0,-249.0,-653.0
19.0,-171.0,-856.0
306.0,95.0,-1024.0
33.0,35.0,-1112.0
-349.0,-1.0,-1081.0
132.0,-58.0,-950.0
80.0,353.0,-1249.0
119.0,183.0,-1036.0
83.0,7.0,-794.0
-427.0,-253.0,-979.0
413.0,-249.0,-952.0
-126.0,68.0,-1212.0
97.0,-228.0,-960.0
-148.0,162.0,-892.0
27.0,265.0,-1139.0
66.0,302.0,-1120.0
-21.0,-191.0,-1026.0
-119.0,-433.0,-892.0
210.0,66.0,-880.0
56.0,220.0,-1104.0
-17.0,-70.0,-1112.0
-169.0,46.0,-1097.0
-42.0,136.0,-991.0
247.0,203.0,-1108.0
-577.0,-83.0,-1147.0
109.0,-50.0,-864.0
-552.0,99.0,-1100.0
347.0,13.0,-942.0
-380.0,-107.0,-1028.0
-177.0,-72.0,-952.0
-265.0,158.0,-1048.0
-109.0,439.0,-1145.0
-298.0,105.0,-1157.0
-324.0,-136.0,-847.0
-259.0,-97.0,-933.0
-89.0,-167.0,-892.0
-165.0,-66.0,-966.0
-542.0,-33.0,-1013.0
-107.0,124.0,-1173.0
-437.0,413.0,-1290.0
-81.0,85.0,-950.0
-312.0,-236.0,-860.0
-445.0,-351.0,-810.0
218.0,13.0,-907.0
-489.0,122.0,-1270.0
99.0,-136.0,-948.0
-591.0,33.0,-1052.0
-5.0,261.0,-1114.0
-407.0,316.0,-1091.0
-126.0,-115.0,-974.0
-201.0,-404.0,-907.0
111.0,-33.0,-929.0
3.0,163.0,-1118.0
-29.0,-33.0,-1093.0
-298.0,11.0,-1079.0
-187.0,37.0,-1050.0
-138.0,216.0,-1143.0
-286.0,-62.0,-1020.0
5.0,-148.0,-839.0
-154.0,48.0,-1011.0
136.0,-42.0,-999.0
-171.0,107.0,-1018.0
-179.0,-58.0,-1001.0
-119.0,247.0,-1093.0
-242.0,333.0,-1208.0
-33.0,-40.0,-1028.0
-150.0,-218.0,-837.0
25.0,-245.0,-909.0
99.0,62.0,-1063.0
-7.0,121.0,-1065.0
-288.0,56.0,-1026.0
-35.0,163.0,-1028.0
-107.0,284.0,-1218.0
58.0,42.0,-1011.0
130.0,-115.0,-827.0
-15.0,-130.0,-845.0
271.0,-89.0,-1054.0
-81.0,48.0,-1110.0
-37.0,-222.0,-1003.0
-146.0,148.0,-950.0
33.0,281.0,-1184.0
23.0,257.0,-1112.0
-95.0,-117.0,-977.0
95.0,-304.0,-864.0
56.0,-25.0,-944.0
249.0,44.0,-1063.0
-201.0,-21.0,-1124.0
136.0,76.0,-1020.0
-386.0,273.0,-1167.0
304.0,122.0,-1046.0
-279.0,-140.0,-1083.0
247.0,-304.0,-765.0
0.0,33.0,-1003.0
242.0,95.0,-1102.0
-154.0,-48.0,-1108.0
-99.0,-58.0,-925.0
-89.0,210.0,-1161.0
-50.0,349.0,-1126.0
-46.0,17.0,-1056.0
5.0,-253.0,-894.0
37.0,-179.0,-882.0
81.0,89.0,-1018.0
-29.0,-37.0,-1085.0
-169.0,42.0,-1083.0
-283.0,236.0,-1042.0
193.0,244.0,-1130.0
-306.0,-21.0,-1136.0
431.0,-218.0,-730.0
-163.0,-87.0,-966.0
349.0,13.0,-985.0
-206.0,54.0,-1098.0
-111.0,-87.0,-1073.0
-124.0,109.0,-1020.0
27.0,329.0,-1046.0
62.0,156.0,-1005.0
50.0,-201.0,-940.0
-3.0,-273.0,-958.0
197.0,-80.0,-907.0
9.0,60.0,-1116.0
-249.0,-31.0,-1028.0
197.0,160.0,-956.0
-329.0,273.0,-1153.0
325.0,40.0,-946.0
-144.0,-70.0,-1093.0
191.0,-404.0,-935.0
117.0,134.0,-923.0
-39.0,91.0,-1028.0
25.0,-204.0,-1040.0
-324.0,40.0,-1003.0
160.0,140.0,-1059.0
-40.0,335.0,-1220.0
-29.0,-169.0,-1079.0
-35.0,-240.0,-860.0
-15.0,13.0,-938.0
5.0,46.0,-1040.0
-52.0,-52.0,-1001.0
-230.0,-107.0,-1122.0
-23.0,169.0,-1089.0
17.0,421.0,-1114.0
-50.0,80.0,-1073.0
76.0,-265.0,-868.0
-81.0,-122.0,-938.0
130.0,48.0,-1061.0
-50.0,-11.0,-1048.0
-201.0,-9.0,-1007.0
64.0,91.0,-1030.0
-21.0,433.0,-1212.0
97.0,99.0,-995.0
80.0,-173.0,-894.0
-66.0,-208.0,-964.0
242.0,-35.0,-1003.0
-103.0,150.0,-1050.0
52.0,-189.0,-935.0
5.0,160.0,-1007.0
144.0,261.0,-1163.0
101.0,249.0,-1116.0
29.0,-128.0,-903.0
-1.0,-316.0,-833.0
124.0,70.0,-1089.0
-15.0,68.0,-1118.0
27.0,-48.0,-899.0
-52.0,-17.0,-966.0
72.0,236.0,-1182.0
113.0,261.0,-1100.0
1.0,-46.0,-1046.0
0.0,-242.0,-823.0
119.0,-95.0,-935.0
-21.0,50.0,-1130.0
-15.0,-76.0,-987.0
-162.0,-5.0,-1020.0
-21.0,224.0,-1159.0
29.0,304.0,-1223.0
-138.0,-21.0,-1020.0
37.0,-245.0,-774.0
-175.0,-81.0,-958.0
201.0,-44.0,-1063.0
-177.0,23.0,-1163.0
-7.0,-29.0,-970.0
-48.0,146.0,-997.0
91.0,324.0,-1143.0
-119.0,19.0,-1145.0
78.0,-183.0,-815.0
-72.0,-132.0,-929.0
226.0,19.0,-1040.0
-66.0,7.0,-1018.0
-62.0,-128.0,-983.0
50.0,171.0,-946.0
56.0,316.0,-1196.0
44.0,163.0,-1083.0
70.0,-146.0,-940.0
-70.0,-195.0,-829.0
197.0,-72.0,-895.0
29.0,52.0,-1118.0
23.0,-142.0,-1087.0
44.0,136.0,-946.0
-117.0,314.0,-1091.0
193.0,121.0,-1100.0
-173.0,-130.0,-1057.0
113.0,-294.0,-833.0
80.0,23.0,-913.0
130.0,35.0,-1018.0
-25.0,-78.0,-1048.0
-33.0,-19.0,-1081.0
-117.0,206.0,-1083.0
138.0,331.0,-1089.0
-201.0,-160.0,-1128.0
163.0,-236.0,-825.0
-185.0,-29.0,-970.0
230.0,-72.0,-940.0
-119.0,-103.0,-1102.0
-3.0,13.0,-1069.0
-81.0,357.0,-1149.0
-113.0,351.0,-1104.0
-142.0,-66.0,-1044.0
-5.0,-230.0,-892.0
121.0,-134.0,-925.0
128.0,138.0,-985.0
40.0,-23.0,-1077.0
-179.0,-76.0,-1056.0
-21.0,191.0,-1036.0
-249.0,396.0,-1239.0
-81.0,-29.0,-970.0
-83.0,-146.0,-835.0
-158.0,-54.0,-968.0
50.0,46.0,-1042.0
-366.0,-19.0,-1059.0
-302.0,-320.0,-933.0
-493.0,214.0,-1028.0
-415.0,398.0,-1175.0
-634.0,298.0,-1184.0
-417.0,-261.0,-802.0
-644.0,-242.0,-884.0
-376.0,50.0,-989.0
-632.0,1.0,-1136.0
-691.0,-181.0,-895.0
-774.0,56.0,-1073.0
-987.0,349.0,-1245.0
-712.0,169.0,-1081.0
-1138.0,-160.0,-997.0
-603.0,-228.0,-821.0
-950.0,99.0,-968.0
-882.0,78.0,-1159.0
-1112.0,-232.0,-1141.0
-1130.0,-122.0,-979.0
-1106.0,199.0,-1022.0
-1206.0,425.0,-1216.0
-1218.0,35.0,-1196.0
-1056.0,-214.0,-936.0
-1044.0,-208.0,-815.0
-1038.0,0.0,-991.0
-1112.0,-7.0,-1196.0
-1288.0,-107.0,-1102.0
-1237.0,158.0,-938.0
-1317.0,339.0,-1202.0
-1198.0,72.0,-1134.0
-962.0,-113.0,-880.0
-1225.0,-128.0,-802.0
-1073.0,-1.0,-1048.0
-1327.0,-25.0,-1120.0
-1387.0,-204.0,-1112.0
-1239.0,76.0,-899.0
-1508.0,163.0,-1089.0
-1274.0,337.0,-1022.0
-1376.0,23.0,-1044.0
-1118.0,-134.0,-847.0
-1313.0,-201.0,-851.0
-1245.0,-23.0,-1056.0
-1497.0,-31.0,-1054.0
-1052.0,-17.0,-956.0
-1637.0,197.0,-1044.0
-974.0,37.0,-1011.0
-1577.0,52.0,-1206.0
-853.0,-302.0,-804.0
-1341.0,101.0,-884.0
-1218.0,31.0,-981.0
-1432.0,-83.0,-1089.0
-1366.0,-249.0,-956.0
-1462.0,119.0,-1077.0
-1177.0,439.0,-1112.0
-1341.0,115.0,-1184.0
-1069.0,83.0,-905.0
-1247.0,-378.0,-659.0
-1329.0,-146.0,-1190.0
-1342.0,-298.0,-1145.0
-1497.0,199.0,-1132.0
-1456.0,97.0,-968.0
-1440.0,347.0,-1145.0
-1528.0,247.0,-1151.0
-1319.0,-68.0,-882.0
-1372.0,-296.0,-849.0
-1446.0,35.0,-1056.0
-1450.0,37.0,-1036.0
-1538.0,29.0,-1098.0
-1372.0,150.0,-919.0
-1335.0,273.0,-1235.0
-1339.0,83.0,-1102.0
-1223.0,89.0,-895.0
-1339.0,-265.0,-1056.0
-1296.0,-17.0,-1005.0
-1313.0,40.0,-1077.0
-1510.0,-62.0,-1013.0
-1319.0,109.0,-927.0
-1626.0,66.0,-1206.0
-1231.0,199.0,-1145.0
-1456.0,189.0,-1022.0
-1157.0,-115.0,-774.0
-1280.0,62.0,-868.0
-1305.0,-152.0,-1110.0
-1346.0,-210.0,-1124.0
-1270.0,-238.0,-905.0
-1298.0,302.0,-1262.0
-1163.0,76.0,-1087.0
-1276.0,134.0,-968.0
-1573.0,42.0,-839.0
-1393.0,-62.0,-1067.0
-1262.0,-50.0,-968.0
-1479.0,-294.0,-1221.0
-1151.0,312.0,-812.0
-1313.0,-138.0,-1161.0
-819.0,277.0,-1050.0
-993.0,-228.0,-1067.0
-749.0,95.0,-856.0
-876.0,218.0,-1075.0
-759.0,-279.0,-933.0
-304.0,134.0,-1056.0
-497.0,-245.0,-1071.0
-376.0,78.0,-903.0
-288.0,519.0,-1065.0
-203.0,-306.0,-1251.0
-482.0,31.0,-1032.0
-296.0,-105.0,-808.0
-76.0,349.0,-1126.0
-136.0,-156.0,-1161.0
-58.0,-48.0,-806.0
25.0,85.0,-923.0
101.0,56.0,-1169.0
119.0,25.0,-1083.0
325.0,-482.0,-858.0
433.0,189.0,-802.0
388.0,308.0,-1063.0
517.0,-58.0,-981.0
304.0,-142.0,-972.0
452.0,-35.0,-1151.0
370.0,199.0,-1087.0
618.0,402.0,-987.0
173.0,-696.0,-915.0
765.0,273.0,-876.0
638.0,1.0,-985.0
1054.0,587.0,-1032.0
339.0,-646.0,-1034.0
935.0,-19.0,-1018.0
925.0,-48.0,-886.0
550.0,245.0,-1206.0
983.0,421.0,-1044.0
792.0,-491.0,-983.0
1247.0,160.0,-792.0
1141.0,5.0,-1108.0
550.0,308.0,-1122.0
1114.0,-101.0,-1015.0
683.0,-158.0,-1022.0
1309.0,39.0,-1141.0
507.0,152.0,-1186.0
1020.0,80.0,-948.0
810.0,-111.0,-833.0
1011.0,363.0,-1167.0
901.0,-105.0,-1102.0
1013.0,-117.0,-864.0
1018.0,146.0,-1128.0
1307.0,-163.0,-1208.0
1073.0,628.0,-1132.0
1358.0,-117.0,-839.0
1130.0,-447.0,-1034.0
1315.0,244.0,-913.0
880.0,-515.0,-929.0
1260.0,714.0,-1153.0
1259.0,-40.0,-1190.0
972.0,124.0,-1155.0
1434.0,66.0,-825.0
1032.0,-294.0,-1095.0
1583.0,240.0,-808.0
1120.0,-247.0,-1007.0
1280.0,284.0,-917.0
1030.0,21.0,-1239.0
1382.0,-413.0,-880.0
1305.0,124.0,-1139.0
960.0,-56.0,-1112.0
1081.0,277.0,-921.0
1104.0,-50.0,-954.0
1143.0,29.0,-1048.0
1112.0,60.0,-892.0
1106.0,140.0,-950.0
1348.0,240.0,-1161.0
1071.0,-351.0,-1165.0
1194.0,191.0,-1061.0
913.0,-409.0,-1071.0
1311.0,179.0,-989.0
1301.0,-5.0,-835.0
1196.0,11.0,-966.0
1052.0,269.0,-944.0
1175.0,-154.0,-1032.0
968.0,3.0,-1296.0
1260.0,-232.0,-1188.0
962.0,197.0,-1038.0
1522.0,54.0,-853.0
1071.0,42.0,-847.0
1440.0,183.0,-892.0
1157.0,-21.0,-1046.0
1145.0,142.0,-1108.0
1516.0,-238.0,-1040.0
1130.0,-11.0,-1057.0
1596.0,3.0,-938.0
1038.0,-163.0,-1044.0
1766.0,-126.0,-771.0
1071.0,146.0,-1073.0
1385.0,128.0,-983.0
1024.0,-29.0,-1059.0
1241.0,-185.0,-972.0
1220.0,-27.0,-1116.0
1192.0,193.0,-1124.0
1319.0,165.0,-1065.0
1104.0,-93.0,-800.0
1266.0,-72.0,-810.0
1165.0,111.0,-962.0
1315.0,115.0,-1122.0
1298.0,-165.0,-921.0
1134.0,-37.0,-1100.0
1243.0,48.0,-1087.0
1065.0,130.0,-1141.0
1327.0,-119.0,-835.0
1011.0,-5.0,-1030.0
1339.0,218.0,-1013.0
1054.0,113.0,-1079.0
1194.0,136.0,-977.0
700.0,-203.0,-1229.0
985.0,148.0,-1028.0
854.0,238.0,-1194.0
853.0,-78.0,-970.0
813.0,-25.0,-823.0
692.0,-52.0,-868.0
835.0,204.0,-1061.0
612.0,87.0,-1102.0
696.0,33.0,-1095.0
378.0,64.0,-1124.0
601.0,17.0,-1007.0
470.0,60.0,-966.0
612.0,-31.0,-892.0
525.0,97.0,-1073.0
614.0,19.0,-1067.0
331.0,-27.0,-1122.0
386.0,42.0,-985.0
275.0,-56.0,-1147.0
212.0,158.0,-1132.0
267.0,-150.0,-1040.0
351.0,81.0,-839.0
329.0,76.0,-985.0
413.0,19.0,-1040.0
109.0,-46.0,-1042.0
304.0,-97.0,-999.0
85.0,81.0,-1130.0
445.0,128.0,-1233.0
-107.0,-66.0,-1065.0
472.0,-165.0,-815.0
1.0,-19.0,-1009.0
667.0,72.0,-1034.0
-46.0,64.0,-1106.0
333.0,-148.0,-948.0
-119.0,-27.0,-1208.0
158.0,99.0,-1093.0
19.0,93.0,-1042.0
60.0,-60.0,-847.0
214.0,39.0,-944.0
179.0,122.0,-989.0
218.0,9.0,-979.0
-56.0,-148.0,-1038.0
33.0,-46.0,-1042.0
111.0,113.0,-1048.0
27.0,175.0,-1061.0
163.0,-99.0,-958.0
31.0,-72.0,-876.0
324.0,54.0,-936.0
74.0,199.0,-1020.0
163.0,-52.0,-886.0
-52.0,-105.0,-1079.0
126.0,29.0,-1118.0
101.0,130.0,-1138.0
-64.0,-29.0,-845.0
259.0,-134.0,-853.0
-91.0,99.0,-999.0
445.0,150.0,-1007.0
-253.0,-89.0,-1067.0
259.0,-244.0,-911.0
-245.0,-46.0,-1141.0
292.0,284.0,-1130.0
-130.0,60.0,-1079.0
37.0,-134.0,-776.0
124.0,-76.0,-974.0
212.0,93.0,-1011.0
95.0,89.0,-1036.0
-33.0,-68.0,-1087.0
-80.0,-5.0,-1132.0
87.0,128.0,-1095.0
-152.0,111.0,-1136.0
288.0,-152.0,-876.0
-167.0,-27.0,-923.0
392.0,163.0,-1024.0
-156.0,140.0,-1163.0
206.0,23.0,-1007.0
-325.0,-80.0,-1028.0
324.0,134.0,-1098.0
-226.0,146.0,-1130.0
253.0,124.0,-929.0
-15.0,-3.0,-897.0
376.0,-3.0,-903.0
13.0,150.0,-1114.0
76.0,74.0,-1104.0
19.0,101.0,-987.0
-107.0,97.0,-1130.0
220.0,35.0,-1044.0
11.0,48.0,-1009.0
292.0,19.0,-864.0
160.0,121.0,-1005.0
130.0,76.0,-995.0
-11.0,-31.0,-1059.0
-29.0,87.0,-972.0
177.0,99.0,-1145.0
-48.0,152.0,-1063.0
261.0,-5.0,-989.0
-64.0,-17.0,-933.0
324.0,62.0,-897.0
-52.0,163.0,-1067.0
142.0,-13.0,-1034.0
-238.0,60.0,-1124.0
72.0,23.0,-1050.0
111.0,150.0,-1139.0
-105.0,-7.0,-1018.0
185.0,-17.0,-923.0
-93.0,128.0,-1034.0
214.0,136.0,-993.0
-242.0,11.0,-1083.0
39.0,-87.0,-993.0
-103.0,126.0,-1079.0
103.0,247.0,-1118.0
-37.0,17.0,-1118.0
-162.0,25.0,-956.0
50.0,-13.0,-876.0
-29.0,197.0,-1009.0
130.0,91.0,-1057.0
-230.0,-15.0,-1044.0
89.0,5.0,-1005.0
-162.0,175.0,-1165.0
83.0,163.0,-1034.0
-165.0,-103.0,-977.0
35.0,1.0,-884.0
33.0,136.0,-999.0
68.0,109.0,-1036.0
-76.0,-134.0,-987.0
-33.0,-60.0,-931.0
64.0,162.0,-1116.0
52.0,220.0,-1108.0
-62.0,13.0,-985.0
27.0,-97.0,-851.0
25.0,42.0,-958.0
244.0,93.0,-907.0
-85.0,-1.0,-1020.0
109.0,-83.0,-1050.0
-152.0,115.0,-1175.0
85.0,195.0,-1038.0
-163.0,-7.0,-1024.0
83.0,-124.0,-815.0
5.0,-29.0,-977.0
279.0,167.0,-1013.0
-91.0,111.0,-1108.0
-15.0,-124.0,-995.0
-138.0,-13.0,-1106.0
58.0,210.0,-1059.0
-111.0,167.0,-1112.0
70.0,-52.0,-948.0
-91.0,11.0,-999.0
204.0,48.0,-946.0
-21.0,121.0,-1013.0
44.0,-7.0,-997.0
-150.0,107.0,-1200.0
-35.0,228.0,-1134.0
-101.0,142.0,-1085.0
-132.0,-42.0,-917.0
204.0,-46.0,-870.0
121.0,179.0,-1034.0
245.0,189.0,-1013.0
-162.0,17.0,-1079.0
17.0,-56.0,-1081.0
-89.0,48.0,-1143.0
130.0,226.0,-985.0
15.0,113.0,-964.0
121.0,42.0,-946.0
160.0,-35.0,-1024.0
150.0,33.0,-948.0
-13.0,58.0,-1026.0
40.0,60.0,-1048.0
-50.0,253.0,-1202.0
-31.0,56.0,-1048.0
-25.0,17.0,-892.0
42.0,-70.0,-956.0
277.0,33.0,-960.0
185.0,197.0,-1085.0
-35.0,42.0,-997.0
-95.0,-27.0,-1069.0
-222.0,89.0,-1069.0
199.0,160.0,-1153.0
-244.0,76.0,-1063.0
376.0,-37.0,-831.0
-251.0,169.0,-1063.0
458.0,80.0,-997.0
-372.0,68.0,-1065.0
62.0,-103.0,-960.0
-333.0,175.0,-1216.0
126.0,277.0,-1102.0
-111.0,111.0,-1063.0
-15.0,1.0,-884.0
81.0,-74.0,-895.0
222.0,273.0,-1022.0
17.0,132.0,-1116.0
-152.0,17.0,-1022.0
-214.0,42.0,-1018.0
52.0,152.0,-1149.0
25.0,218.0,-1036.0
222.0,-54.0,-915.0
-35.0,5.0,-933.0
304.0,111.0,-972.0
-111.0,197.0,-1067.0
87.0,-70.0,-1020.0
-249.0,-1.0,-1026.0
165.0,81.0,-1032.0
-31.0,251.0,-1126.0
91.0,-1.0,-948.0
-31.0,-87.0,-966.0
66.0,60.0,-942.0
58.0,130.0,-1048.0
-107.0,15.0,-985.0
-105.0,-40.0,-1046.0
-142.0,81.0,-1102.0
44.0,158.0,-1057.0
1.0,68.0,-1048.0
-3.0,-122.0,-938.0
103.0,17.0,-950.0
-44.0,255.0,-1075.0
-23.0,17.0,-997.0
-327.0,-40.0,-960.0
29.0,9.0,-1102.0
-72.0,265.0,-1206.0
162.0,154.0,-985.0
-72.0,-5.0,-925.0
-37.0,37.0,-892.0
74.0,113.0,-1024.0
-210.0,140.0,-1067.0
56.0,23.0,-1046.0
-228.0,60.0,-1009.0
294.0,179.0,-1057.0
-124.0,187.0,-1130.0
156.0,17.0,-921.0
0.0,29.0,-886.0
64.0,95.0,-1073.0
113.0,103.0,-1040.0
-130.0,-35.0,-977.0
154.0,17.0,-989.0
-37.0,50.0,-1157.0
308.0,302.0,-1052.0
-105.0,25.0,-1075.0
167.0,-1.0,-829.0
-29.0,-1.0,-936.0
124.0,126.0,-1059.0
-56.0,46.0,-1089.0
37.0,-13.0,-913.0
-1.0,126.0,-1171.0
58.0,40.0,-1118.0
-66.0,76.0,-1005.0
-80.0,-23.0,-884.0
89.0,81.0,-1018.0
46.0,50.0,-1005.0
44.0,-17.0,-1032.0
-115.0,-46.0,-1046.0
60.0,158.0,-1046.0
-31.0,298.0,-1182.0
-121.0,1.0,-1085.0
109.0,19.0,-864.0
-206.0,121.0,-958.0
357.0,78.0,-1003.0
-288.0,19.0,-1052.0
181.0,-42.0,-1020.0
-306.0,146.0,-1132.0
265.0,214.0,-1087.0
-283.0,87.0,-1108.0
91.0,-11.0,-911.0
-124.0,-21.0,-921.0
193.0,199.0,-1007.0
21.0,122.0,-1083.0
-39.0,21.0,-974.0
15.0,89.0,-1061.0
-54.0,251.0,-1083.0
247.0,189.0,-1075.0
-222.0,-42.0,-962.0
294.0,-54.0,-847.0
-46.0,169.0,-1067.0
308.0,165.0,-954.0
-105.0,-70.0,-1056.0
-58.0,-156.0,-903.0
138.0,165.0,-1102.0
-76.0,286.0,-1208.0
138.0,13.0,-942.0
-150.0,-21.0,-876.0
64.0,56.0,-913.0
132.0,132.0,-1007.0
-132.0,35.0,-1054.0
101.0,-64.0,-1081.0
-238.0,117.0,-1093.0
195.0,197.0,-1042.0
-251.0,29.0,-1089.0
105.0,-42.0,-884.0
-132.0,-21.0,-981.0
230.0,273.0,-1026.0
-138.0,-15.0,-1042.0
-3.0,-33.0,-940.0
-158.0,-48.0,-1169.0
19.0,263.0,-1100.0
0.0,195.0,-1040.0
-81.0,37.0,-983.0
52.0,46.0,-915.0
-50.0,101.0,-960.0
27.0,99.0,-1036.0
-46.0,-78.0,-1071.0
-44.0,107.0,-1015.0
126.0,181.0,-1173.0
-150.0,212.0,-1077.0
91.0,11.0,-894.0
-158.0,-60.0,-962.0
378.0,107.0,-983.0
-52.0,173.0,-1013.0
203.0,15.0,-972.0
-162.0,11.0,-1089.0
230.0,66.0,-1067.0
-93.0,222.0,-1139.0
78.0,-13.0,-894.0
40.0,152.0,-929.0
35.0,109.0,-983.0
281.0,29.0,-997.0
-222.0,-119.0,-1011.0
265.0,-27.0,-974.0
-214.0,236.0,-1206.0
193.0,220.0,-1104.0
-232.0,11.0,-1032.0
5.0,-119.0,-854.0
103.0,35.0,-944.0
126.0,203.0,-1118.0
0.0,21.0,-1073.0
-146.0,-23.0,-952.0
-83.0,42.0,-1141.0
-103.0,185.0,-1180.0
66.0,39.0,-1015.0
-130.0,60.0,-886.0
171.0,119.0,-940.0
-1.0,162.0,-1100.0
27.0,-25.0,-976.0
-163.0,-80.0,-1009.0
-115.0,78.0,-1065.0
130.0,296.0,-1190.0
-210.0,179.0,-1081.0
210.0,-52.0,-843.0
-169.0,-3.0,-964.0
349.0,37.0,-1056.0
-44.0,204.0,-1071.0
40.0,68.0,-935.0
-128.0,62.0,-1063.0
52.0,206.0,-1122.0
117.0,187.0,-1128.0
-31.0,-46.0,-903.0
203.0,-19.0,-868.0
-58.0,107.0,-1018.0
283.0,144.0,-1059.0
-271.0,-93.0,-997.0
197.0,-70.0,-954.0
-216.0,154.0,-1132.0
347.0,214.0,-1069.0
-247.0,62.0,-1079.0
138.0,-83.0,-761.0
-27.0,74.0,-974.0
203.0,169.0,-1089.0
-21.0,113.0,-1106.0
-89.0,-48.0,-895.0
-52.0,81.0,-1071.0
33.0,222.0,-1161.0
-91.0,70.0,-1116.0
128.0,-97.0,-882.0
-132.0,68.0,-966.0
230.0,124.0,-962.0
-222.0,25.0,-1079.0
35.0,-35.0,-1056.0
-281.0,23.0,-1136.0
121.0,290.0,-1100.0
-232.0,173.0,-1087.0
142.0,60.0,-897.0
-179.0,62.0,-929.0
236.0,40.0,-983.0
-119.0,197.0,-1138.0
93.0,1.0,-995.0
-156.0,165.0,-1046.0
-15.0,119.0,-1081.0
91.0,185.0,-1046.0
11.0,70.0,-1056.0
119.0,5.0,-931.0
173.0,117.0,-919.0
74.0,126.0,-925.0
78.0,5.0,-1024.0
-156.0,-5.0,-1175.0
89.0,91.0,-1091.0
-93.0,181.0,-1046.0
134.0,52.0,-895.0
29.0,-56.0,-917.0
124.0,111.0,-974.0
93.0,78.0,-1052.0
-74.0,19.0,-1030.0
-40.0,-66.0,-1040.0
-85.0,175.0,-1122.0
115.0,150.0,-1110.0
-148.0,13.0,-989.0
169.0,17.0,-950.0
-68.0,81.0,-1063.0
267.0,89.0,-948.0
-318.0,-19.0,-1046.0
50.0,-105.0,-1026.0
-183.0,113.0,-1214.0
7.0,271.0,-1116.0
-15.0,52.0,-956.0
-126.0,3.0,-931.0
167.0,-101.0,-935.0
50.0,302.0,-1132.0
-15.0,74.0,-1081.0
-126.0,-113.0,-911.0
-197.0,97.0,-1018.0
206.0,95.0,-1177.0
-97.0,269.0,-1130.0
193.0,-33.0,-872.0
-134.0,70.0,-974.0
308.0,78.0,-972.0
-76.0,144.0,-977.0
136.0,-76.0,-995.0
-263.0,-31.0,-1100.0
253.0,97.0,-1042.0
-54.0,261.0,-1179.0
122.0,-39.0,-870.0
99.0,31.0,-825.0
-58.0,66.0,-1048.0
341.0,39.0,-1003.0
-312.0,23.0,-1048.0
240.0,-87.0,-958.0
-222.0,121.0,-1177.0
351.0,173.0,-1005.0
-214.0,54.0,-1104.0
134.0,-89.0,-905.0
-83.0,17.0,-948.0
117.0,193.0,-1028.0
-81.0,68.0,-1089.0
-64.0,-35.0,-966.0
-121.0,107.0,-1159.0
7.0,91.0,-1122.0
-25.0,119.0,-1013.0
-117.0,46.0,-983.0
9.0,72.0,-935.0
-3.0,171.0,-1001.0
-25.0,48.0,-1046.0
-39.0,29.0,-1054.0
-132.0,93.0,-989.0
128.0,279.0,-1128.0
-253.0,132.0,-1145.0
163.0,-62.0,-876.0
-210.0,122.0,-1005.0
335.0,119.0,-976.0
-58.0,187.0,-952.0
64.0,25.0,-972.0
-68.0,115.0,-1184.0
74.0,212.0,-1106.0
13.0,113.0,-1042.0
-33.0,-39.0,-919.0
156.0,122.0,-895.0
52.0,240.0,-1013.0
277.0,117.0,-1085.0
-232.0,-134.0,-1009.0
193.0,-40.0,-899.0
-169.0,279.0,-1177.0
199.0,204.0,-1114.0
-132.0,25.0,-997.0
-54.0,-117.0,-944.0
218.0,-48.0,-880.0
167.0,185.0,-1009.0
44.0,76.0,-1046.0
-136.0,-3.0,-1098.0
-171.0,95.0,-1093.0
23.0,185.0,-1155.0
-99.0,29.0,-1059.0
103.0,-101.0,-827.0
-29.0,165.0,-966.0
126.0,230.0,-1065.0
-134.0,39.0,-1069.0
-132.0,-148.0,-1071.0
-228.0,3.0,-1079.0
80.0,279.0,-1057.0
-148.0,179.0,-1079.0
111.0,-29.0,-940.0
-148.0,-7.0,-958.0
171.0,130.0,-995.0
-15.0,288.0,-1036.0
-136.0,89.0,-966.0
-23.0,48.0,-1114.0
-163.0,140.0,-1132.0
255.0,113.0,-968.0
-109.0,-1.0,-1013.0
316.0,-117.0,-876.0
-13.0,136.0,-1015.0
80.0,119.0,-1015.0
-37.0,-89.0,-1038.0
-76.0,29.0,-985.0
169.0,91.0,-1139.0
17.0,300.0,-1089.0
144.0,37.0,-927.0
-80.0,-35.0,-905.0
220.0,66.0,-1011.0
19.0,232.0,-1011.0
27.0,66.0,-964.0
-54.0,-93.0,-1018.0
-7.0,-11.0,-1057.0
121.0,181.0,-1124.0
-80.0,-31.0,-1069.0
181.0,-5.0,-884.0
-187.0,5.0,-1007.0
263.0,27.0,-979.0
-275.0,-9.0,-1065.0
70.0,15.0,-995.0
-185.0,152.0,-1184.0
132.0,259.0,-1093.0
-179.0,124.0,-1069.0
-31.0,-97.0,-913.0
-50.0,-46.0,-958.0
81.0,212.0,-1040.0
-39.0,150.0,-1042.0
-39.0,-37.0,-1034.0
-148.0,25.0,-1071.0
148.0,117.0,-1110.0
-40.0,42.0,-1046.0
29.0,60.0,-931.0
13.0,40.0,-936.0
152.0,128.0,-1030.0
0.0,5.0,-1011.0
37.0,-37.0,-1026.0
5.0,50.0,-999.0
156.0,253.0,-1108.0
-62.0,208.0,-1091.0
160.0,-119.0,-936.0
-119.0,13.0,-940.0
286.0,46.0,-958.0
64.0,146.0,-1057.0
15.0,42.0,-946.0
-1.0,117.0,-972.0
-5.0,173.0,-1169.0
81.0,124.0,-1136.0
-85.0,1.0,-936.0
46.0,-11.0,-854.0
95.0,195.0,-995.0
134.0,136.0,-1061.0
-33.0,-177.0,-1011.0
-113.0,-119.0,-1011.0
-60.0,156.0,-1079.0
95.0,267.0,-1143.0
-93.0,117.0,-1059.0
-50.0,-58.0,-929.0
-56.0,-21.0,-909.0
251.0,134.0,-960.0
-87.0,228.0,-1073.0
-31.0,23.0,-1110.0
-269.0,105.0,-1126.0
-11.0,214.0,-1075.0
-121.0,93.0,-1063.0
97.0,-124.0,-897.0
-42.0,48.0,-913.0
214.0,177.0,-993.0
-23.0,89.0,-1100.0
-80.0,-60.0,-1034.0
-148.0,-19.0,-1038.0
62.0,162.0,-1100.0
-50.0,283.0,-1061.0
126.0,42.0,-977.0
-58.0,0.0,-938.0
294.0,-60.0,-929.0
0.0,224.0,-1036.0
142.0,5.0,-987.0
-130.0,27.0,-1093.0
-113.0,39.0,-1153.0
87.0,27.0,-1034.0
-72.0,31.0,-989.0
230.0,-140.0,-874.0
107.0,1.0,-989.0
121.0,58.0,-1013.0
-119.0,-25.0,-1048.0
-173.0,-64.0,-1077.0
5.0,0.0,-1114.0
-50.0,277.0,-1038.0
156.0,95.0,-940.0
-44.0,-31.0,-976.0
95.0,-42.0,-1015.0
27.0,-1.0,-1032.0
-134.0,33.0,-962.0
-97.0,-74.0,-1038.0
-111.0,40.0,-1050.0
56.0,31.0,-1132.0
-181.0,-81.0,-1030.0
152.0,-5.0,-940.0
-148.0,95.0,-991.0
226.0,113.0,-999.0
-251.0,-13.0,-1020.0
29.0,-85.0,-979.0
-185.0,115.0,-1149.0
144.0,220.0,-1112.0
21.0,142.0,-1069.0
-37.0,-25.0,-919.0
99.0,-60.0,-897.0
117.0,60.0,-1067.0
27.0,154.0,-1083.0
-50.0,-111.0,-917.0
-54.0,-58.0,-995.0
62.0,5.0,-1198.0
150.0,93.0,-1052.0
13.0,-62.0,-966.0
91.0,-52.0,-897.0
126.0,128.0,-985.0
21.0,115.0,-970.0
52.0,-126.0,-1013.0
-167.0,-103.0,-1057.0
162.0,81.0,-1056.0
31.0,232.0,-1163.0
72.0,-74.0,-944.0
40.0,-138.0,-870.0
-25.0,-52.0,-1003.0
267.0,25.0,-1073.0
-191.0,66.0,-1028.0
13.0,-150.0,-995.0
-203.0,19.0,-1116.0
199.0,136.0,-1085.0
-122.0,11.0,-1147.0
117.0,-93.0,-870.0
-167.0,29.0,-948.0
81.0,284.0,-983.0
-91.0,23.0,-1106.0
-183.0,-134.0,-958.0
-13.0,-46.0,-1087.0
-117.0,199.0,-1136.0
251.0,128.0,-999.0
-210.0,-87.0,-1059.0
103.0,-101.0,-847.0
44.0,171.0,-1034.0
-15.0,130.0,-1026.0
81.0,-15.0,-1013.0
-240.0,-17.0,-1042.0
201.0,136.0,-1124.0
-66.0,177.0,-1114.0
140.0,-15.0,-919.0
25.0,5.0,-862.0
85.0,160.0,-968.0
169.0,97.0,-958.0
-107.0,3.0,-1087.0
70.0,-72.0,-1018.0
0.0,5.0,-1067.0
138.0,189.0,-1071.0
-64.0,-111.0,-1015.0
115.0,-76.0,-880.0
-95.0,17.0,-1009.0
271.0,124.0,-1030.0
-183.0,31.0,-1091.0
64.0,-115.0,-942.0
-136.0,146.0,-1106.0
70.0,179.0,-1122.0
-66.0,56.0,-1126.0
-87.0,-115.0,-935.0
78.0,-23.0,-882.0
40.0,140.0,-997.0
-56.0,-15.0,-1077.0
-130.0,-70.0,-1079.0
-119.0,3.0,-1089.0
17.0,158.0,-1073.0
-9.0,37.0,-1046.0
-54.0,-95.0,-970.0
35.0,-25.0,-929.0
72.0,167.0,-1063.0
-15.0,173.0,-1040.0
-52.0,39.0,-1018.0
-85.0,17.0,-997.0
105.0,199.0,-1097.0
-27.0,111.0,-1057.0
99.0,-52.0,-977.0
13.0,-119.0,-933.0
124.0,-64.0,-970.0
101.0,40.0,-905.0
-35.0,-54.0,-1071.0
0.0,17.0,-1138.0
-35.0,17.0,-1073.0
165.0,234.0,-972.0
-19.0,-81.0,-1007.0
191.0,-81.0,-897.0
9.0,44.0,-1026.0
117.0,134.0,-1030.0
-111.0,80.0,-954.0
-44.0,-122.0,-993.0
103.0,25.0,-1145.0
39.0,25.0,-1071.0
76.0,-81.0,-960.0
-132.0,-119.0,-958.0
138.0,-93.0,-989.0
-1.0,58.0,-1024.0
-33.0,-87.0,-972.0
-95.0,-97.0,-1013.0
-27.0,25.0,-1151.0
39.0,236.0,-1136.0
-138.0,78.0,-1026.0
39.0,-165.0,-876.0
-121.0,-87.0,-993.0
193.0,56.0,-1065.0
-193.0,68.0,-1050.0
56.0,-46.0,-921.0
-230.0,-23.0,-1061.0
288.0,76.0,-1169.0
-261.0,15.0,-1194.0
171.0,-101.0,-815.0
-206.0,-35.0,-954.0
288.0,46.0,-1001.0
-33.0,189.0,-1030.0
29.0,-101.0,-974.0
-89.0,-60.0,-1032.0
154.0,87.0,-1057.0
76.0,218.0,-1141.0
-1.0,-37.0,-958.0
-15.0,-101.0,-870.0
80.0,-121.0,-895.0
245.0,74.0,-1011.0
-17.0,-9.0,-1083.0
70.0,-74.0,-983.0
-95.0,119.0,-1089.0
130.0,115.0,-1065.0
-11.0,46.0,-1057.0
64.0,-163.0,-905.0
122.0,-3.0,-892.0
107.0,117.0,-999.0
33.0,37.0,-1087.0
-76.0,-15.0,-1087.0
-89.0,48.0,-1052.0
44.0,103.0,-1108.0
-154.0,-5.0,-1032.0
105.0,-56.0,-935.0
-121.0,31.0,-958.0
255.0,56.0,-1032.0
-177.0,-3.0,-1097.0
44.0,-81.0,-985.0
-203.0,60.0,-1052.0
85.0,261.0,-1126.0
-128.0,85.0,-1180.0
-87.0,-39.0,-983.0
23.0,-58.0,-886.0
50.0,97.0,-966.0
152.0,64.0,-1036.0
-191.0,-83.0,-1071.0
46.0,46.0,-1056.0
-177.0,175.0,-1196.0
152.0,165.0,-976.0
-134.0,-152.0,-989.0
144.0,-99.0,-856.0
175.0,81.0,-1011.0
52.0,101.0,-1020.0
103.0,-83.0,-1036.0
-232.0,-52.0,-1003.0
220.0,21.0,-1089.0
-201.0,89.0,-1136.0
234.0,-50.0,-919.0
-103.0,-31.0,-917.0
214.0,-40.0,-923.0
152.0,3.0,-1042.0
-76.0,-87.0,-1007.0
58.0,-78.0,-1040.0
-247.0,66.0,-1169.0
199.0,142.0,-1042.0
-251.0,-37.0,-1018.0
115.0,-234.0,-899.0
19.0,-35.0,-981.0
140.0,160.0,-1067.0
-89.0,-35.0,-999.0
-163.0,-142.0,-981.0
-107.0,-44.0,-1167.0
-138.0,142.0,-1108.0
109.0,-44.0,-997.0
-169.0,-122.0,-970.0
169.0,-21.0,-913.0
-46.0,95.0,-1048.0
111.0,-37.0,-1001.0
-210.0,-134.0,-1020.0
-31.0,-48.0,-1052.0
-13.0,124.0,-1204.0
-56.0,97.0,-1046.0
46.0,-134.0,-923.0
29.0,-154.0,-899.0
234.0,40.0,-1065.0
21.0,35.0,-1011.0
15.0,-124.0,-958.0
-44.0,-99.0,-1022.0
83.0,70.0,-1138.0
181.0,31.0,-1106.0
-58.0,-162.0,-946.0
191.0,-119.0,-841.0
3.0,-40.0,-1009.0
310.0,95.0,-1036.0
-218.0,-119.0,-1022.0
171.0,-181.0,-962.0
-257.0,-44.0,-1173.0
314.0,103.0,-1063.0
-201.0,-46.0,-1042.0
124.0,-277.0,-817.0
-83.0,-80.0,-1026.0
222.0,-11.0,-1003.0
-83.0,-25.0,-1052.0
-83.0,-187.0,-989.0
-109.0,-72.0,-1104.0
91.0,144.0,-1061.0
-126.0,23.0,-1132.0
144.0,-117.0,-874.0
-183.0,-144.0,-977.0
169.0,25.0,-979.0
-146.0,25.0,-1077.0
25.0,-150.0,-1011.0
-154.0,-35.0,-1134.0
103.0,169.0,-1100.0
-126.0,35.0,-1063.0
-29.0,-115.0,-936.0
-37.0,-121.0,-966.0
142.0,0.0,-997.0
29.0,115.0,-1048.0
-21.0,-66.0,-1003.0
7.0,-64.0,-977.0
-48.0,140.0,-1136.0
46.0,134.0,-1136.0
-17.0,-17.0,-989.0
-35.0,-128.0,-851.0
277.0,-25.0,-909.0
29.0,152.0,-1054.0
126.0,-72.0,-1005.0
-171.0,33.0,-1073.0
48.0,-21.0,-1077.0
17.0,121.0,-1091.0
7.0,-87.0,-989.0
152.0,-183.0,-841.0
48.0,44.0,-966.0
187.0,13.0,-1018.0
-148.0,-17.0,-1071.0
-3.0,-165.0,-999.0
-197.0,46.0,-1116.0
193.0,95.0,-1061.0
-177.0,37.0,-1065.0
156.0,-119.0,-915.0
-80.0,-78.0,-927.0
208.0,60.0,-948.0
-169.0,-13.0,-1159.0
-105.0,-54.0,-1098.0
-185.0,-97.0,-1048.0
-40.0,117.0,-1030.0
56.0,-25.0,-1063.0
-19.0,-119.0,-1054.0
101.0,-58.0,-913.0
-25.0,150.0,-1018.0
17.0,46.0,-1032.0
-175.0,-175.0,-1052.0
-81.0,-19.0,-983.0
173.0,138.0,-1153.0
-72.0,117.0,-1108.0
212.0,-19.0,-946.0
-191.0,-54.0,-956.0
316.0,23.0,-886.0
-146.0,37.0,-1044.0
103.0,-97.0,-987.0
-97.0,-33.0,-1110.0
87.0,37.0,-1042.0
169.0,91.0,-1052.0
-83.0,-142.0,-948.0
253.0,-140.0,-872.0
-52.0,52.0,-1083.0
169.0,11.0,-1034.0
-169.0,-152.0,-933.0
0.0,-105.0,-952.0
113.0,13.0,-1196.0
27.0,132.0,-1126.0
103.0,-134.0,-964.0
-148.0,-189.0,-925.0
146.0,-97.0,-966.0
-25.0,-19.0,-1077.0
-48.0,-128.0,-1005.0
-46.0,-253.0,-1032.0
-130.0,-60.0,-1056.0
163.0,89.0,-1188.0
-206.0,-136.0,-1050.0
103.0,-253.0,-849.0
-216.0,-66.0,-981.0
283.0,39.0,-1087.0
-185.0,-39.0,-1044.0
-33.0,-222.0,-884.0
-193.0,-191.0,-1114.0
140.0,140.0,-1110.0
-13.0,132.0,-1116.0
42.0,-68.0,-911.0
-91.0,-99.0,-913.0
214.0,-93.0,-919.0
-101.0,25.0,-1079.0
99.0,-175.0,-1065.0
-152.0,7.0,-997.0
204.0,37.0,-1056.0
-46.0,-1.0,-1057.0
103.0,-156.0,-991.0
-76.0,-203.0,-890.0
193.0,-3.0,-989.0
105.0,70.0,-1052.0
17.0,-13.0,-956.0
3.0,-171.0,-989.0
-56.0,-21.0,-1046.0
247.0,121.0,-1124.0
-162.0,-81.0,-1116.0
210.0,-113.0,-854.0
-103.0,-70.0,-901.0
288.0,-5.0,-936.0
-148.0,-85.0,-1159.0
-39.0,-126.0,-1026.0
-15.0,13.0,-1056.0
-191.0,-204.0,-981.0
138.0,-60.0,-931.0
-19.0,134.0,-1030.0
44.0,85.0,-1001.0
-173.0,-138.0,-1056.0
-1.0,-27.0,-1048.0
-81.0,111.0,-1134.0
35.0,46.0,-1061.0
-89.0,17.0,-1018.0
29.0,-140.0,-880.0
128.0,109.0,-954.0
-40.0,-5.0,-1013.0
103.0,-60.0,-1116.0
-257.0,-19.0,-1128.0
103.0,48.0,-977.0
-50.0,201.0,-1024.0
1.0,-142.0,-1057.0
122.0,-140.0,-927.0
-15.0,42.0,-1011.0
228.0,33.0,-962.0
-158.0,17.0,-931.0
158.0,-171.0,-1011.0
-173.0,83.0,-1290.0
189.0,78.0,-1034.0
-97.0,-42.0,-911.0
134.0,-126.0,-919.0
140.0,-99.0,-966.0
150.0,70.0,-954.0
-52.0,-150.0,-1095.0
-7.0,-119.0,-1032.0
27.0,56.0,-1114.0
23.0,165.0,-1093.0
-7.0,-44.0,-964.0
-58.0,-193.0,-903.0
42.0,-66.0,-1028.0
148.0,68.0,-1075.0
-138.0,-52.0,-985.0
-1.0,-203.0,-956.0
-275.0,-17.0,-1104.0
325.0,117.0,-1128.0
-417.0,60.0,-1218.0
271.0,-191.0,-823.0
-365.0,-113.0,-976.0
337.0,91.0,-956.0
-163.0,37.0,-1108.0
46.0,-101.0,-977.0
-158.0,-97.0,-1114.0
91.0,87.0,-1097.0
-52.0,119.0,-1118.0
-80.0,-117.0,-874.0
78.0,-80.0,-884.0
66.0,13.0,-1056.0
204.0,31.0,-1042.0
-113.0,-165.0,-958.0
37.0,-173.0,-935.0
54.0,70.0,-1190.0
81.0,134.0,-1130.0
101.0,-113.0,-929.0
-62.0,-103.0,-858.0
224.0,-115.0,-962.0
68.0,37.0,-1034.0
44.0,-119.0,-1050.0
29.0,-177.0,-1001.0
-54.0,29.0,-1081.0
181.0,33.0,-1081.0
-167.0,-80.0,-1075.0
76.0,-269.0,-827.0
-31.0,-66.0,-966.0
158.0,29.0,-1079.0
-11.0,-81.0,-1046.0
-87.0,-175.0,-946.0
-83.0,-89.0,-1079.0
11.0,66.0,-1136.0
-119.0,7.0,-1108.0
-64.0,-121.0,-970.0
-95.0,-146.0,-911.0
171.0,-80.0,-925.0
-15.0,1.0,-1067.0
-7.0,-136.0,-1108.0
-162.0,15.0,-1067.0
-48.0,48.0,-1095.0
-115.0,39.0,-1073.0
-29.0,-255.0,-1003.0
60.0,-165.0,-849.0
138.0,95.0,-977.0
81.0,17.0,-1073.0
-91.0,-46.0,-1042.0
-25.0,-78.0,-1040.0
-72.0,46.0,-1091.0
115.0,11.0,-1073.0
-72.0,-42.0,-989.0
128.0,5.0,-909.0
140.0,-109.0,-933.0
183.0,0.0,-962.0
-15.0,-140.0,-1067.0
66.0,-66.0,-1061.0
-89.0,56.0,-1169.0
52.0,27.0,-987.0
11.0,-19.0,-966.0
25.0,-181.0,-950.0
238.0,-39.0,-946.0
87.0,21.0,-1038.0
3.0,46.0,-999.0
-121.0,-119.0,-1071.0
-107.0,7.0,-1077.0
19.0,107.0,-1130.0
-156.0,-134.0,-966.0
167.0,-140.0,-936.0
-122.0,-68.0,-1030.0
284.0,70.0,-968.0
-259.0,-89.0,-1020.0
0.0,-150.0,-1028.0
-279.0,33.0,-1132.0
144.0,158.0,-1108.0
-269.0,25.0,-1124.0
128.0,-134.0,-821.0
-91.0,-19.0,-964.0
253.0,29.0,-1056.0
-56.0,58.0,-1085.0
-85.0,-78.0,-936.0
-152.0,13.0,-1036.0
0.0,197.0,-1190.0
-72.0,-9.0,-1106.0
58.0,-83.0,-862.0
-19.0,-134.0,-911.0
380.0,37.0,-993.0
-109.0,99.0,-1048.0
62.0,-136.0,-968.0
-259.0,-62.0,-1114.0
97.0,52.0,-1102.0
99.0,187.0,-1026.0
160.0,-70.0,-929.0
62.0,-158.0,-892.0
111.0,-48.0,-993.0
126.0,-5.0,-1089.0
-7.0,-44.0,-1001.0
-132.0,-115.0,-991.0
-27.0,-1.0,-1054.0
95.0,132.0,-1075.0
-7.0,-83.0,-1001.0
83.0,-247.0,-981.0
52.0,-128.0,-974.0
83.0,142.0,-985.0
-70.0,-74.0,-964.0
-214.0,-183.0,-1098.0
-66.0,-91.0,-1120.0
-1.0,165.0,-1110.0
117.0,-3.0,-1022.0
-64.0,-158.0,-923.0
-21.0,-103.0,-950.0
17.0,60.0,-1063.0
-93.0,-60.0,-1073.0
-37.0,-148.0,-958.0
-115.0,-72.0,-1081.0
83.0,128.0,-1073.0
21.0,109.0,-1087.0
33.0,-181.0,-968.0
-21.0,-89.0,-901.0
78.0,54.0,-1048.0
-23.0,-23.0,-970.0
-62.0,-126.0,-948.0
19.0,-189.0,-1026.0
105.0,83.0,-1239.0
89.0,163.0,-1054.0
56.0,-66.0,-929.0
-9.0,-220.0,-903.0
113.0,-169.0,-952.0
74.0,11.0,-1046.0
40.0,-83.0,-1077.0
13.0,-81.0,-919.0
21.0,3.0,-1112.0
80.0,44.0,-1161.0
-74.0,-191.0,-979.0
-1.0,-113.0,-849.0
52.0,-35.0,-1048.0
136.0,-27.0,-1040.0
-62.0,-142.0,-958.0
-19.0,-251.0,-1028.0
-78.0,37.0,-1048.0
158.0,124.0,-1143.0
-292.0,29.0,-1175.0
89.0,-267.0,-892.0
-261.0,-121.0,-890.0
296.0,-68.0,-1003.0
-103.0,-70.0,-1155.0
-11.0,-83.0,-974.0
-115.0,-19.0,-1069.0
-33.0,163.0,-1102.0
19.0,-83.0,-1093.0
-138.0,-107.0,-991.0
74.0,-107.0,-874.0
89.0,93.0,-968.0
95.0,54.0,-1042.0
-70.0,-154.0,-1036.0
3.0,-21.0,-993.0
-119.0,66.0,-1225.0
101.0,91.0,-1011.0
-72.0,-11.0,-1005.0
132.0,-56.0,-847.0
136.0,15.0,-1022.0
35.0,-91.0,-977.0
66.0,-72.0,-1061.0
-50.0,-23.0,-1056.0
33.0,136.0,-1075.0
48.0,189.0,-1104.0
-33.0,-158.0,-972.0
74.0,-56.0,-903.0
95.0,-109.0,-1024.0
163.0,78.0,-1020.0
-91.0,-66.0,-927.0
0.0,-150.0,-1020.0
-87.0,-23.0,-1167.0
140.0,140.0,-1087.0
-195.0,-52.0,-1038.0
148.0,-226.0,-895.0
-167.0,60.0,-1011.0
216.0,101.0,-985.0
-107.0,-46.0,-1100.0
-80.0,-259.0,-921.0
7.0,-21.0,-1089.0
-81.0,294.0,-1173.0
74.0,35.0,-1059.0
-199.0,-35.0,-958.0
46.0,-245.0,-950.0
83.0,140.0,-952.0
-44.0,-17.0,-1024.0
52.0,-154.0,-1003.0
-277.0,-5.0,-1116.0
160.0,13.0,-1114.0
-251.0,183.0,-1173.0
111.0,-158.0,-851.0
-173.0,-124.0,-862.0
259.0,44.0,-1011.0
13.0,113.0,-1087.0
23.0,-64.0,-977.0
-52.0,-216.0,-1024.0
66.0,11.0,-1063.0
83.0,234.0,-1128.0
19.0,-85.0,-1009.0
89.0,-220.0,-903.0
15.0,-148.0,-903.0
294.0,-5.0,-1042.0
-70.0,-78.0,-1087.0
74.0,-142.0,-923.0
-95.0,-46.0,-1147.0
11.0,78.0,-1120.0
42.0,-31.0,-1003.0
-54.0,-199.0,-878.0
236.0,-119.0,-925.0
-3.0,-19.0,-1042.0
91.0,-62.0,-997.0
-148.0,-187.0,-1063.0
-64.0,-58.0,-1069.0
5.0,-1.0,-1155.0
-87.0,-29.0,-1018.0
25.0,-54.0,-950.0
5.0,-169.0,-899.0
177.0,-23.0,-1097.0
-201.0,-58.0,-1054.0
58.0,-81.0,-1007.0
-312.0,-46.0,-1083.0
152.0,144.0,-1110.0
-255.0,-9.0,-1079.0
158.0,-122.0,-936.0
-87.0,-119.0,-944.0
185.0,-44.0,-925.0
29.0,-7.0,-1087.0
-142.0,-99.0,-1030.0
-58.0,-7.0,-977.0
-33.0,9.0,-1126.0
124.0,78.0,-1056.0
9.0,-132.0,-993.0
142.0,-124.0,-856.0
115.0,9.0,-1009.0
115.0,7.0,-977.0
-107.0,-148.0,-1032.0
-15.0,-81.0,-1038.0
37.0,72.0,-1124.0
119.0,33.0,-1032.0
103.0,-81.0,-956.0
-40.0,-175.0,-950.0
275.0,-42.0,-892.0
31.0,58.0,-1089.0
23.0,-154.0,-1013.0
-111.0,-78.0,-1057.0
-111.0,1.0,-1056.0
122.0,181.0,-1104.0
-113.0,-165.0,-1009.0
117.0,-152.0,-919.0
-42.0,-13.0,-1040.0
152.0,27.0,-1022.0
-152.0,-17.0,-1003.0
-91.0,-193.0,-1011.0
-195.0,0.0,-1071.0
150.0,134.0,-1157.0
-89.0,21.0,-1098.0
66.0,-132.0,-936.0
-85.0,-40.0,-936.0
76.0,142.0,-1030.0
-42.0,50.0,-1054.0
-121.0,-146.0,-995.0
-113.0,-46.0,-1071.0
46.0,212.0,-1104.0
21.0,122.0,-1063.0
58.0,-126.0,-962.0
-19.0,-119.0,-917.0
212.0,-7.0,-1018.0
-29.0,171.0,-1009.0
23.0,-146.0,-948.0
-247.0,-50.0,-1024.0
257.0,-19.0,-1112.0
31.0,234.0,-1136.0
271.0,-11.0,-927.0
-44.0,-93.0,-839.0
119.0,-13.0,-944.0
54.0,-3.0,-1057.0
-80.0,39.0,-1061.0
9.0,-167.0,-1005.0
-7.0,25.0,-1015.0
163.0,150.0,-1089.0
-42.0,-25.0,-1075.0
13.0,-113.0,-897.0
-126.0,-111.0,-974.0
122.0,117.0,-1026.0
-144.0,-19.0,-1052.0
54.0,-115.0,-952.0
-189.0,-40.0,-1132.0
93.0,113.0,-1071.0
-52.0,150.0,-1134.0
-91.0,-103.0,-987.0
37.0,-11.0,-894.0
-103.0,-37.0,-987.0
95.0,-23.0,-997.0
-183.0,-46.0,-1100.0
122.0,15.0,-1011.0
-87.0,234.0,-1184.0
48.0,-7.0,-1018.0
-126.0,-19.0,-974.0
-37.0,-76.0,-899.0
142.0,64.0,-1050.0
-29.0,64.0,-997.0
54.0,-109.0,-1013.0
-109.0,-60.0,-1003.0
197.0,122.0,-1134.0
-111.0,173.0,-1155.0
83.0,-111.0,-921.0
-19.0,-25.0,-942.0
140.0,-25.0,-944.0
224.0,40.0,-995.0
-105.0,-148.0,-1030.0
199.0,-113.0,-1015.0
-128.0,160.0,-1120.0
325.0,173.0,-1050.0
-251.0,-50.0,-1069.0
162.0,-249.0,-841.0
-66.0,-7.0,-989.0
204.0,132.0,-1018.0
31.0,-101.0,-1013.0
-91.0,-99.0,-970.0
-33.0,-13.0,-1141.0
-81.0,140.0,-1100.0
21.0,46.0,-1056.0
-158.0,-134.0,-962.0
81.0,-105.0,-948.0
29.0,23.0,-987.0
44.0,11.0,-1048.0
-76.0,-80.0,-1073.0
-132.0,-56.0,-1067.0
70.0,218.0,-1081.0
-162.0,134.0,-1114.0
68.0,-216.0,-933.0
-138.0,-29.0,-931.0
169.0,140.0,-1063.0
-68.0,58.0,-983.0
-68.0,-126.0,-919.0
-78.0,-93.0,-1102.0
29.0,181.0,-1141.0
121.0,212.0,-1059.0
-68.0,-40.0,-946.0
83.0,-105.0,-868.0
115.0,-15.0,-950.0
119.0,134.0,-1104.0
-27.0,-64.0,-1026.0
-3.0,-44.0,-976.0
50.0,29.0,-1100.0
132.0,206.0,-1075.0
46.0,-40.0,-1009.0
1.0,-68.0,-886.0
91.0,-105.0,-987.0
80.0,72.0,-997.0
46.0,0.0,-1036.0
-91.0,-126.0,-991.0
-31.0,48.0,-1093.0
50.0,72.0,-1149.0
-93.0,81.0,-1071.0
62.0,-183.0,-866.0
-87.0,-23.0,-938.0
187.0,52.0,-1034.0
-134.0,-17.0,-1046.0
-13.0,-15.0,-991.0
-132.0,-58.0,-1126.0
58.0,183.0,-1132.0
-122.0,9.0,-1083.0
5.0,-42.0,-940.0
-128.0,-1.0,-935.0
171.0,64.0,-1026.0
-122.0,1.0,-1018.0
-42.0,-142.0,-1034.0
-58.0,105.0,-1069.0
-37.0,185.0,-1184.0
-21.0,158.0,-1007.0
-78.0,-40.0,-968.0
-40.0,-58.0,-935.0
201.0,3.0,-962.0
-17.0,13.0,-1063.0
52.0,37.0,-1036.0
-72.0,46.0,-966.0
109.0,140.0,-1071.0
44.0,76.0,-1192.0
17.0,-93.0,-956.0
33.0,5.0,-835.0
189.0,9.0,-1005.0
154.0,146.0,-1036.0
-9.0,-126.0,-983.0
1.0,-121.0,-974.0
-40.0,85.0,-1143.0
119.0,197.0,-1126.0
-142.0,37.0,-1042.0
74.0,-208.0,-833.0
-23.0,11.0,-925.0
273.0,64.0,-1042.0
-97.0,-31.0,-1073.0
-74.0,-142.0,-999.0
-187.0,56.0,-1075.0
113.0,218.0,-1161.0
-156.0,-35.0,-1089.0
95.0,-89.0,-921.0
-105.0,-64.0,-944.0
152.0,76.0,-940.0
-58.0,19.0,-1093.0
-85.0,-74.0,-1124.0
-113.0,11.0,-1048.0
-39.0,136.0,-1032.0
5.0,201.0,-1104.0
-95.0,-70.0,-987.0
1.0,-91.0,-895.0
44.0,5.0,-1020.0
11.0,126.0,-1056.0
11.0,-5.0,-1005.0
-99.0,-35.0,-1003.0
-7.0,83.0,-1141.0
-66.0,113.0,-1054.0
199.0,29.0,-966.0
-39.0,-29.0,-936.0
322.0,17.0,-979.0
-44.0,-11.0,-997.0
81.0,-83.0,-936.0
-60.0,-78.0,-1085.0
93.0,95.0,-1179.0
60.0,197.0,-1065.0
1.0,-35.0,-888.0
83.0,-93.0,-923.0
27.0,-74.0,-991.0
152.0,31.0,-1022.0
-109.0,-64.0,-1028.0
21.0,-44.0,-991.0
-105.0,64.0,-1114.0
156.0,126.0,-1122.0
-185.0,-64.0,-1069.0
40.0,-177.0,-903.0
42.0,42.0,-956.0
85.0,109.0,-1057.0
-42.0,-19.0,-1073.0
-119.0,-208.0,-1013.0
-11.0,-1.0,-1005.0
50.0,214.0,-1167.0
-58.0,95.0,-1194.0
-89.0,-78.0,-892.0
-152.0,-48.0,-919.0
163.0,107.0,-1026.0
11.0,5.0,-1042.0
-81.0,-54.0,-942.0
-58.0,23.0,-1098.0
-1.0,208.0,-1220.0
-58.0,146.0,-1067.0
-27.0,-148.0,-936.0
-5.0,-35.0,-847.0
158.0,165.0,-987.0
140.0,74.0,-1073.0
-29.0,-212.0,-1056.0
-11.0,-81.0,-958.0
15.0,177.0,-1104.0
119.0,277.0,-1139.0
-44.0,9.0,-966.0
21.0,-150.0,-921.0
46.0,-105.0,-950.0
275.0,97.0,-946.0
-23.0,-19.0,-1040.0
95.0,-23.0,-1005.0
-183.0,23.0,-1171.0
31.0,244.0,-1054.0
-44.0,-46.0,-1085.0
-64.0,-171.0,-833.0
150.0,-5.0,-919.0
78.0,136.0,-1071.0
80.0,13.0,-1075.0
-144.0,-156.0,-995.0
-134.0,17.0,-1116.0
-44.0,152.0,-1138.0
-89.0,212.0,-1056.0
-9.0,-115.0,-952.0
-66.0,-117.0,-974.0
160.0,-13.0,-1005.0
-21.0,76.0,-1030.0
-44.0,9.0,-979.0
-175.0,-21.0,-1145.0
-105.0,247.0,-1180.0
-142.0,117.0,-1065.0
-58.0,-52.0,-921.0
81.0,-91.0,-886.0
144.0,-5.0,-993.0
58.0,191.0,-1046.0
-21.0,-39.0,-1063.0
-138.0,39.0,-1009.0
21.0,19.0,-1132.0
-5.0,160.0,-1091.0
60.0,21.0,-917.0
80.0,-37.0,-862.0
230.0,-23.0,-1059.0
121.0,52.0,-1050.0
-17.0,-25.0,-966.0
1.0,-78.0,-960.0
-3.0,97.0,-1151.0
31.0,148.0,-1151.0
-54.0,21.0,-985.0
95.0,-42.0,-812.0
44.0,-107.0,-931.0
327.0,-19.0,-1048.0
-208.0,11.0,-1108.0
89.0,-35.0,-958.0
-298.0,101.0,-1102.0
216.0,95.0,-1098.0
-255.0,35.0,-1081.0
236.0,-191.0,-870.0
-132.0,31.0,-997.0
318.0,60.0,-1018.0
-189.0,17.0,-1056.0
-7.0,-142.0,-966.0
-245.0,5.0,-1124.0
15.0,183.0,-1128.0
-37.0,40.0,-1100.0
-72.0,-27.0,-964.0
64.0,-68.0,-825.0
128.0,60.0,-962.0
-13.0,3.0,-1122.0
-68.0,-52.0,-1067.0
-199.0,58.0,-1026.0
50.0,171.0,-1087.0
-72.0,119.0,-1112.0
95.0,-113.0,-970.0
-19.0,-54.0,-938.0
244.0,81.0,-995.0
13.0,70.0,-976.0
44.0,-44.0,-1034.0
-124.0,-60.0,-1013.0
117.0,128.0,-1089.0
31.0,160.0,-1085.0
95.0,-33.0,-989.0
78.0,-87.0,-868.0
68.0,11.0,-938.0
218.0,91.0,-1048.0
-119.0,-91.0,-1059.0
60.0,-93.0,-979.0
-156.0,83.0,-1075.0
199.0,212.0,-1100.0
-74.0,5.0,-1036.0
46.0,-158.0,-944.0
33.0,-99.0,-958.0
93.0,111.0,-991.0
23.0,-46.0,-991.0
-179.0,-76.0,-1083.0
0.0,21.0,-1167.0
-132.0,181.0,-1124.0
115.0,50.0,-989.0
-113.0,-134.0,-929.0
81.0,-58.0,-884.0
52.0,72.0,-1061.0
-39.0,76.0,-1083.0
-74.0,-52.0,-1056.0
-179.0,-21.0,-1032.0
78.0,199.0,-1089.0
-162.0,150.0,-1081.0
121.0,-56.0,-935.0
-101.0,-81.0,-985.0
238.0,68.0,-1011.0
-44.0,50.0,-981.0
66.0,-40.0,-972.0
-124.0,27.0,-1044.0
95.0,124.0,-1194.0
-103.0,187.0,-1108.0
107.0,-95.0,-968.0
-42.0,-70.0,-798.0
257.0,-37.0,-993.0
121.0,121.0,-1085.0
-15.0,-31.0,-985.0
-17.0,-52.0,-966.0
-85.0,72.0,-1132.0
171.0,154.0,-1079.0
-80.0,39.0,-940.0
148.0,-126.0,-903.0
81.0,-23.0,-993.0
191.0,5.0,-1018.0
-50.0,-27.0,-1018.0
-107.0,-50.0,-1007.0
3.0,78.0,-1069.0
-27.0,247.0,-1188.0
1.0,-42.0,-1063.0
-109.0,-107.0,-923.0
66.0,-80.0,-884.0
197.0,31.0,-1009.0
-81.0,103.0,-1118.0
5.0,-124.0,-1056.0
-333.0,134.0,-1005.0
64.0,124.0,-1061.0
-140.0,74.0,-1169.0
66.0,-124.0,-974.0
-48.0,-70.0,-872.0
191.0,167.0,-995.0
21.0,15.0,-1089.0
-199.0,-3.0,-1018.0
-85.0,-83.0,-1042.0
-66.0,177.0,-1163.0
64.0,175.0,-1038.0
74.0,-9.0,-979.0
19.0,-44.0,-921.0
187.0,-37.0,-923.0
5.0,134.0,-1038.0
66.0,-136.0,-1044.0
-113.0,89.0,-1040.0
3.0,56.0,-1100.0
40.0,199.0,-1044.0
19.0,-31.0,-913.0
109.0,-171.0,-974.0
162.0,-66.0,-1015.0
111.0,68.0,-952.0
-37.0,35.0,-954.0
-64.0,-85.0,-1108.0
-95.0,33.0,-1087.0
126.0,214.0,-1063.0
-29.0,-48.0,-1026.0
136.0,-113.0,-895.0
-64.0,-5.0,-1048.0
140.0,48.0,-1054.0
-136.0,1.0,-1042.0
-107.0,-101.0,-958.0
-87.0,9.0,-1157.0
-35.0,189.0,-1132.0
-81.0,103.0,-1050.0
1.0,-107.0,-927.0
-62.0,-162.0,-952.0
208.0,126.0,-1011.0
-156.0,117.0,-1097.0
-25.0,-99.0,-911.0
-277.0,-58.0,-1095.0
169.0,218.0,-1165.0
-81.0,167.0,-1151.0
148.0,-39.0,-810.0
-29.0,-74.0,-899.0
181.0,42.0,-1042.0
-11.0,83.0,-1081.0
-50.0,-62.0,-995.0
-64.0,-23.0,-1034.0
74.0,78.0,-1059.0
185.0,240.0,-1110.0
-56.0,-35.0,-1018.0
148.0,-185.0,-831.0
33.0,-7.0,-964.0
259.0,103.0,-1018.0
-99.0,23.0,-1095.0
27.0,-95.0,-942.0
-93.0,-5.0,-1056.0
197.0,150.0,-1077.0
-64.0,81.0,-1141.0
89.0,-121.0,-917.0
-101.0,-44.0,-899.0
218.0,-13.0,-958.0
-122.0,23.0,-1093.0
66.0,-66.0,-1054.0
-156.0,91.0,-1077.0
83.0,169.0,-1132.0
-160.0,-9.0,-1065.0
78.0,-97.0,-966.0
-146.0,-62.0,-948.0
232.0,95.0,-970.0
-150.0,-19.0,-1087.0
87.0,-35.0,-999.0
-275.0,48.0,-1114.0
134.0,179.0,-1077.0
-193.0,93.0,-1098.0
40.0,-76.0,-954.0
-80.0,33.0,-1003.0
105.0,37.0,-968.0
-9.0,37.0,-962.0
-64.0,-136.0,-1100.0
37.0,13.0,-1056.0
56.0,335.0,-1065.0
-29.0,218.0,-1081.0
29.0,-119.0,-974.0
-109.0,-173.0,-923.0
257.0,23.0,-952.0
97.0,115.0,-1065.0
154.0,-17.0,-944.0
-111.0,-13.0,-985.0
119.0,37.0,-1104.0
-64.0,177.0,-1141.0
40.0,-50.0,-970.0
-29.0,-87.0,-858.0
189.0,-7.0,-946.0
142.0,117.0,-1050.0
42.0,-111.0,-966.0
-83.0,-148.0,-987.0
-29.0,99.0,-1139.0
5.0,245.0,-1243.0
-101.0,76.0,-972.0
-7.0,-214.0,-825.0
-40.0,-119.0,-979.0
242.0,37.0,-1087.0
-119.0,29.0,-1091.0
40.0,-48.0,-897.0
-263.0,29.0,-1093.0
50.0,179.0,-1159.0
-185.0,93.0,-1151.0
37.0,-107.0,-876.0
-109.0,-52.0,-923.0
226.0,7.0,-1020.0
-64.0,134.0,-1085.0
-64.0,-74.0,-1003.0
-177.0,35.0,-1026.0
-50.0,124.0,-1184.0
-21.0,201.0,-1067.0
5.0,-9.0,-974.0
-9.0,-187.0,-821.0
245.0,-31.0,-1013.0
111.0,152.0,-1128.0
42.0,50.0,-1022.0
-140.0,27.0,-882.0
13.0,17.0,-1102.0
81.0,130.0,-1153.0
56.0,23.0,-1026.0
201.0,-35.0,-800.0
68.0,-40.0,-913.0
214.0,7.0,-962.0
-126.0,-19.0,-1149.0
23.0,-83.0,-1040.0
-148.0,81.0,-1052.0
193.0,124.0,-1009.0
-37.0,42.0,-1069.0
140.0,-101.0,-894.0
-33.0,-48.0,-954.0
177.0,-58.0,-1056.0
-177.0,3.0,-1093.0
15.0,3.0,-993.0
-224.0,87.0,-1108.0
72.0,72.0,-1056.0
-148.0,-37.0,-1112.0
76.0,-70.0,-1001.0
-15.0,17.0,-931.0
81.0,122.0,-929.0
-80.0,-128.0,-1050.0
-124.0,-91.0,-1098.0
-101.0,78.0,-1069.0
13.0,249.0,-1061.0
48.0,52.0,-1018.0
-74.0,-31.0,-1032.0
66.0,-93.0,-940.0
40.0,111.0,-1026.0
11.0,37.0,-1028.0
-50.0,-31.0,-968.0
-68.0,52.0,-1042.0
52.0,187.0,-1157.0
58.0,154.0,-1100.0
-21.0,-204.0,-964.0
132.0,-78.0,-933.0
93.0,89.0,-933.0
160.0,124.0,-956.0
-117.0,-101.0,-1069.0
-25.0,-89.0,-1075.0
-29.0,119.0,-1034.0
163.0,244.0,-1038.0
9.0,-93.0,-1026.0
56.0,-158.0,-897.0
15.0,-46.0,-1020.0
162.0,144.0,-1003.0
-54.0,-93.0,-991.0
-93.0,-87.0,-1001.0
-56.0,29.0,-1128.0
136.0,244.0,-1056.0
-64.0,37.0,-1118.0
66.0,-191.0,-976.0
-148.0,-70.0,-929.0
140.0,42.0,-958.0
-156.0,93.0,-1110.0
-15.0,-91.0,-1022.0
-179.0,-29.0,-1097.0
21.0,218.0,-1052.0
50.0,126.0,-995.0
-37.0,-64.0,-1005.0
78.0,-169.0,-1011.0
-5.0,134.0,-1038.0
-58.0,31.0,-979.0
-40.0,-64.0,-936.0
-156.0,33.0,-1110.0
216.0,150.0,-1188.0
-142.0,218.0,-1124.0
201.0,-109.0,-837.0
-197.0,-3.0,-954.0
259.0,-35.0,-1013.0
-66.0,158.0,-1036.0
37.0,-107.0,-956.0
0.0,-21.0,-1024.0
95.0,167.0,-1075.0
119.0,181.0,-1083.0
-42.0,-9.0,-1001.0
109.0,-234.0,-812.0
64.0,19.0,-995.0
253.0,162.0,-1124.0
-103.0,-58.0,-979.0
-58.0,-54.0,-847.0
0.0,-78.0,-1128.0
214.0,245.0,-1194.0
-21.0,76.0,-1102.0
80.0,-140.0,-778.0
-95.0,-93.0,-929.0
154.0,11.0,-1052.0
-93.0,23.0,-1141.0
-31.0,-152.0,-1030.0
-148.0,80.0,-979.0
128.0,195.0,-1134.0
-132.0,93.0,-1098.0
19.0,-78.0,-956.0
-191.0,-160.0,-944.0
179.0,39.0,-1003.0
-85.0,101.0,-1040.0
21.0,-1.0,-1050.0
-165.0,13.0,-1042.0
23.0,124.0,-1063.0
-23.0,103.0,-1108.0
128.0,1.0,-1032.0
-66.0,25.0,-944.0
142.0,-11.0,-923.0
0.0,9.0,-974.0
15.0,-48.0,-1071.0
-7.0,76.0,-1063.0
25.0,162.0,-1136.0
48.0,126.0,-1018.0
5.0,-21.0,-999.0
44.0,-130.0,-892.0
185.0,13.0,-974.0
40.0,52.0,-1038.0
81.0,-87.0,-936.0
-66.0,-23.0,-1050.0
23.0,95.0,-1120.0
115.0,163.0,-1081.0
-105.0,-72.0,-1011.0
111.0,-163.0,-882.0
119.0,19.0,-919.0
128.0,81.0,-1044.0
-5.0,-56.0,-1069.0
-160.0,-115.0,-1048.0
-42.0,17.0,-997.0
68.0,218.0,-1120.0
-62.0,40.0,-1106.0
-11.0,-163.0,-948.0
-93.0,-54.0,-944.0
115.0,13.0,-989.0
-99.0,60.0,-1056.0
-74.0,-105.0,-1024.0
-148.0,15.0,-1061.0
3.0,210.0,-1106.0
-37.0,78.0,-1097.0
7.0,-62.0,-974.0
-80.0,-52.0,-901.0
142.0,64.0,-956.0
-5.0,89.0,-1116.0
-89.0,-44.0,-1026.0
-15.0,-25.0,-1015.0
-78.0,181.0,-1093.0
105.0,177.0,-1018.0
-40.0,19.0,-1030.0
50.0,-175.0,-954.0
132.0,11.0,-970.0
25.0,66.0,-958.0
87.0,-128.0,-1015.0
-111.0,25.0,-987.0
181.0,95.0,-1106.0
-17.0,220.0,-1120.0
109.0,-83.0,-970.0
-25.0,-130.0,-882.0
124.0,-58.0,-952.0
201.0,81.0,-1005.0
35.0,44.0,-1003.0
56.0,-80.0,-1026.0
58.0,-13.0,-1054.0
255.0,199.0,-1122.0
70.0,-17.0,-1065.0
279.0,-56.0,-856.0
150.0,-21.0,-1018.0
486.0,23.0,-1042.0
314.0,-85.0,-1026.0
273.0,-93.0,-929.0
464.0,85.0,-1155.0
355.0,244.0,-1235.0
620.0,44.0,-1011.0
304.0,-76.0,-911.0
569.0,-124.0,-862.0
722.0,87.0,-1102.0
685.0,46.0,-1046.0
655.0,-29.0,-1034.0
433.0,37.0,-1020.0
847.0,130.0,-1130.0
640.0,78.0,-1112.0
979.0,-60.0,-892.0
700.0,3.0,-856.0
1108.0,97.0,-1003.0
1009.0,66.0,-1059.0
950.0,-85.0,-974.0
853.0,-13.0,-977.0
983.0,56.0,-1098.0
1167.0,228.0,-1165.0
936.0,-83.0,-1042.0
1182.0,-119.0,-763.0
1075.0,31.0,-909.0
1399.0,138.0,-1024.0
1018.0,-13.0,-1120.0
1098.0,-66.0,-935.0
1083.0,40.0,-1097.0
1395.0,93.0,-1108.0
1421.0,0.0,-1003.0
1223.0,-62.0,-841.0
1442.0,42.0,-892.0
1380.0,31.0,-1067.0
1428.0,13.0,-1122.0
1155.0,-5.0,-1009.0
1268.0,-3.0,-1030.0
1210.0,91.0,-1179.0
1387.0,9.0,-1093.0
1098.0,126.0,-1036.0
1122.0,-154.0,-843.0
1309.0,46.0,-966.0
1221.0,119.0,-1083.0
1356.0,128.0,-1087.0
981.0,-70.0,-1079.0
1370.0,-115.0,-1085.0
1329.0,113.0,-1034.0
1432.0,-58.0,-1040.0
1549.0,181.0,-884.0
1321.0,-101.0,-1153.0
1598.0,-21.0,-1022.0
1022.0,29.0,-993.0
1342.0,83.0,-999.0
1143.0,271.0,-1313.0
1401.0,-119.0,-1122.0
1114.0,-58.0,-907.0
1212.0,197.0,-819.0
1305.0,-134.0,-956.0
1264.0,150.0,-1059.0
1235.0,-218.0,-1048.0
899.0,21.0,-1042.0
1413.0,40.0,-1011.0
835.0,152.0,-1143.0
952.0,25.0,-897.0
691.0,-124.0,-808.0
683.0,244.0,-997.0
979.0,-25.0,-1046.0
80.0,115.0,-1087.0
503.0,-267.0,-817.0
-314.0,199.0,-1128.0
527.0,-124.0,-1208.0
-575.0,-95.0,-1141.0
156.0,-277.0,-761.0
-568.0,19.0,-993.0
-81.0,296.0,-1003.0
-329.0,87.0,-1100.0
-447.0,-85.0,-981.0
-324.0,72.0,-1100.0
-562.0,-44.0,-1032.0
-144.0,195.0,-1184.0
-796.0,-183.0,-1124.0
-234.0,66.0,-874.0
-640.0,-15.0,-1046.0
-201.0,37.0,-1073.0
-630.0,-54.0,-1085.0
-726.0,40.0,-1124.0
-486.0,-23.0,-1138.0
-749.0,95.0,-1180.0
-464.0,-107.0,-958.0
-739.0,-17.0,-907.0
-581.0,111.0,-938.0
-657.0,144.0,-919.0
-745.0,3.0,-1005.0
-527.0,-66.0,-1065.0
-759.0,-23.0,-1110.0
-554.0,-17.0,-1069.0
-776.0,-5.0,-1015.0
-595.0,-9.0,-884.0
-763.0,62.0,-829.0
-460.0,-91.0,-921.0
-864.0,130.0,-1018.0
-489.0,-165.0,-1032.0
-1095.0,117.0,-1126.0
-566.0,-80.0,-1016.0
-1223.0,218.0,-929.0
-511.0,-31.0,-769.0
-1091.0,44.0,-960.0
-630.0,-68.0,-886.0
-979.0,7.0,-1024.0
-841.0,-5.0,-976.0
-933.0,-101.0,-1057.0
-950.0,99.0,-1118.0
-1036.0,201.0,-1124.0
-808.0,-23.0,-858.0
-921.0,-52.0,-962.0
-655.0,113.0,-1022.0
-903.0,-64.0,-1022.0
-728.0,35.0,-985.0
-1009.0,-115.0,-1132.0
-780.0,179.0,-1231.0
-1048.0,115.0,-1079.0
-706.0,119.0,-925.0
-962.0,74.0,-977.0
-694.0,-46.0,-1003.0
-905.0,273.0,-1091.0
-905.0,-60.0,-1083.0
-989.0,-13.0,-970.0
-1020.0,0.0,-1206.0
-843.0,91.0,-1126.0
-927.0,113.0,-1079.0
-806.0,-48.0,-853.0
-798.0,27.0,-931.0
-653.0,37.0,-1026.0
-827.0,48.0,-1083.0
-868.0,42.0,-977.0
-1022.0,54.0,-1179.0
-804.0,64.0,-1143.0
-905.0,134.0,-1026.0
-800.0,0.0,-812.0
-829.0,-70.0,-935.0
-720.0,35.0,-1056.0
-808.0,0.0,-1067.0
-876.0,-142.0,-1001.0
-977.0,-44.0,-1075.0
-632.0,76.0,-1149.0
-753.0,113.0,-1079.0
-462.0,-39.0,-862.0
-794.0,42.0,-931.0
-259.0,-72.0,-960.0
-630.0,119.0,-1147.0
-523.0,-25.0,-1001.0
-774.0,15.0,-1110.0
-548.0,48.0,-1128.0
-462.0,31.0,-1104.0
-495.0,-21.0,-1003.0
-448.0,-146.0,-876.0
-353.0,58.0,-958.0
-386.0,48.0,-1081.0
-591.0,-83.0,-1061.0
-562.0,7.0,-989.0
-421.0,-3.0,-1124.0
-224.0,158.0,-1065.0
-341.0,42.0,-970.0
-318.0,-37.0,-843.0
-201.0,-52.0,-995.0
-273.0,-31.0,-1030.0
-281.0,-76.0,-1011.0
-363.0,-33.0,-1038.0
-265.0,27.0,-1063.0
-111.0,142.0,-1056.0
-247.0,-44.0,-981.0
-56.0,-72.0,-942.0
-240.0,-17.0,-1061.0
-23.0,-13.0,-972.0
-349.0,-58.0,-946.0
-197.0,-81.0,-970.0
-203.0,29.0,-1179.0
19.0,95.0,-1097.0
-185.0,-19.0,-1026.0
-48.0,-101.0,-815.0
-226.0,-25.0,-983.0
70.0,-13.0,-1044.0
-337.0,-62.0,-1100.0
-68.0,-171.0,-911.0
-308.0,117.0,-1108.0
46.0,181.0,-1116.0
-214.0,83.0,-1071.0
-138.0,-130.0,-933.0
-201.0,-74.0,-999.0
50.0,152.0,-995.0
-224.0,17.0,-1061.0
-89.0,-95.0,-958.0
-320.0,-46.0,-1085.0
101.0,189.0,-1073.0
-138.0,165.0,-1153.0
50.0,-56.0,-974.0
-210.0,-23.0,-901.0
91.0,130.0,-938.0
-17.0,148.0,-1112.0
19.0,-72.0,-1077.0
-165.0,21.0,-960.0
66.0,126.0,-1042.0
3.0,224.0,-1179.0
-81.0,-29.0,-1063.0
-11.0,-66.0,-909.0
-107.0,37.0,-954.0
238.0,80.0,-958.0
-111.0,-3.0,-1040.0
58.0,-42.0,-1052.0
-171.0,107.0,-1104.0
122.0,201.0,-1038.0
-58.0,40.0,-1026.0
74.0,-25.0,-940.0
-40.0,9.0,-966.0
121.0,72.0,-997.0
-101.0,-72.0,-981.0
21.0,-23.0,-1042.0
-156.0,111.0,-1106.0
97.0,203.0,-1069.0
-251.0,-17.0,-1102.0
58.0,-124.0,-956.0
-263.0,17.0,-960.0
230.0,97.0,-962.0
-224.0,-48.0,-1059.0
58.0,-99.0,-977.0
-269.0,27.0,-1126.0
132.0,273.0,-1120.0
-191.0,171.0,-1139.0
21.0,-158.0,-917.0
-89.0,-117.0,-868.0
162.0,136.0,-1042.0
5.0,39.0,-1108.0
-35.0,-146.0,-972.0
-269.0,1.0,-964.0
156.0,181.0,-1108.0
-95.0,242.0,-1196.0
50.0,-158.0,-960.0
-122.0,-23.0,-892.0
144.0,-66.0,-950.0
29.0,103.0,-970.0
23.0,-89.0,-1075.0
-27.0,-68.0,-1040.0
-40.0,117.0,-1056.0
150.0,136.0,-1059.0
-58.0,-7.0,-1083.0
42.0,-150.0,-849.0
7.0,-5.0,-921.0
177.0,11.0,-1042.0
-31.0,-68.0,-1044.0
23.0,-66.0,-989.0
-119.0,3.0,-1026.0
66.0,142.0,-1085.0
-72.0,0.0,-1097.0
15.0,-81.0,-974.0
9.0,-62.0,-911.0
83.0,46.0,-952.0
44.0,-68.0,-1028.0
-138.0,-160.0,-981.0
-19.0,103.0,-1108.0
-64.0,189.0,-1225.0
-1.0,25.0,-1028.0
-105.0,-76.0,-907.0
-23.0,-93.0,-905.0
177.0,31.0,-1036.0
-136.0,58.0,-1067.0
85.0,-80.0,-1061.0
-269.0,15.0,-1026.0
134.0,206.0,-1075.0
-140.0,107.0,-1136.0
52.0,-42.0,-950.0
-81.0,-33.0,-942.0
138.0,-17.0,-956.0
85.0,-7.0,-981.0
-64.0,-25.0,-1056.0
0.0,46.0,-1054.0
-91.0,119.0,-1073.0
111.0,206.0,-1018.0
-74.0,-21.0,-1079.0
138.0,-115.0,-815.0
42.0,-37.0,-935.0
206.0,70.0,-1069.0
1.0,-25.0,-1050.0
-40.0,-27.0,-929.0
-37.0,99.0,-1116.0
37.0,81.0,-1116.0
-1.0,17.0,-997.0
37.0,-78.0,-936.0
87.0,-1.0,-966.0
156.0,93.0,-958.0
-11.0,-91.0,-1044.0
-99.0,-97.0,-1011.0
-37.0,80.0,-1089.0
-39.0,249.0,-1157.0
-35.0,1.0,-1067.0
-64.0,-97.0,-911.0
35.0,-64.0,-946.0
167.0,68.0,-1046.0
-78.0,0.0,-1057.0
1.0,-66.0,-1036.0
-193.0,111.0,-1057.0
60.0,201.0,-1089.0
-105.0,80.0,-1118.0
23.0,-113.0,-1016.0
-42.0,-66.0,-864.0
185.0,107.0,-940.0
3.0,72.0,-1102.0
-35.0,1.0,-1011.0
-187.0,-46.0,-1022.0
11.0,134.0,-1120.0
15.0,224.0,-1104.0
33.0,-58.0,-931.0
5.0,-64.0,-917.0
74.0,-17.0,-1009.0
132.0,115.0,-989.0
54.0,-124.0,-972.0
-128.0,-37.0,-1034.0
31.0,101.0,-1153.0
-37.0,275.0,-1106.0
52.0,-17.0,-974.0
-42.0,-142.0,-948.0
103.0,-140.0,-921.0
165.0,54.0,-979.0
-70.0,23.0,-1028.0
76.0,-83.0,-1071.0
-279.0,95.0,-1118.0
152.0,150.0,-989.0
-156.0,19.0,-1075.0
78.0,-177.0,-942.0
-70.0,-70.0,-950.0
206.0,87.0,-1024.0
-87.0,-42.0,-1083.0
-21.0,-46.0,-952.0
-204.0,-37.0,-1093.0
39.0,220.0,-1153.0
-154.0,128.0,-1095.0
74.0,-89.0,-935.0
-122.0,-91.0,-933.0
214.0,-11.0,-993.0
-60.0,109.0,-1083.0
1.0,-144.0,-1015.0
-253.0,42.0,-995.0
78.0,191.0,-1134.0
-138.0,187.0,-1180.0
148.0,-89.0,-897.0
-89.0,-111.0,-925.0
281.0,3.0,-972.0
50.0,85.0,-1026.0
-1.0,-42.0,-964.0
-76.0,-17.0,-1077.0
13.0,72.0,-1112.0
121.0,181.0,-1063.0
46.0,0.0,-999.0
58.0,-64.0,-886.0
80.0,-95.0,-929.0
134.0,126.0,-1102.0
-40.0,-140.0,-1085.0
40.0,-25.0,-917.0
-160.0,134.0,-1069.0
183.0,150.0,-1077.0
-134.0,64.0,-1081.0
183.0,-144.0,-936.0
-97.0,-23.0,-974.0
244.0,-39.0,-981.0
-163.0,-19.0,-1063.0
-5.0,-40.0,-1026.0
-244.0,58.0,-1091.0
99.0,183.0,-1149.0
-126.0,40.0,-1077.0
87.0,-83.0,-897.0
-111.0,-13.0,-962.0
193.0,76.0,-1056.0
-111.0,-1.0,-1052.0
-11.0,-154.0,-981.0
-222.0,72.0,-1061.0
160.0,204.0,-1056.0
-66.0,226.0,-1175.0
64.0,-107.0,-997.0
-58.0,-83.0,-870.0
185.0,13.0,-931.0
103.0,62.0,-1042.0
-52.0,-25.0,-1089.0
-130.0,-40.0,-1050.0
-9.0,208.0,-1052.0
109.0,197.0,-1063.0
13.0,-33.0,-1044.0
117.0,-175.0,-882.0
21.0,-7.0,-966.0
238.0,76.0,-991.0
-58.0,0.0,-1067.0
29.0,-46.0,-970.0
-66.0,78.0,-1089.0
72.0,160.0,-1097.0
-33.0,-5.0,-1032.0
54.0,-48.0,-931.0
13.0,-50.0,-938.0
134.0,5.0,-985.0
-167.0,-95.0,-1063.0
93.0,-56.0,-981.0
-247.0,165.0,-1091.0
89.0,165.0,-1132.0
-187.0,23.0,-1081.0
72.0,-117.0,-938.0
-81.0,-83.0,-956.0
206.0,68.0,-1018.0
-183.0,-17.0,-1056.0
-29.0,-60.0,-905.0
-234.0,11.0,-1177.0
136.0,183.0,-1136.0
-146.0,162.0,-1120.0
81.0,-89.0,-858.0
-99.0,-72.0,-970.0
124.0,19.0,-1003.0
-81.0,13.0,-1095.0
44.0,-68.0,-972.0
-208.0,85.0,-1015.0
177.0,165.0,-1048.0
-42.0,228.0,-1120.0
105.0,-109.0,-985.0
-9.0,-128.0,-917.0
193.0,13.0,-958.0
111.0,107.0,-1018.0
0.0,-31.0,-1018.0
-39.0,-93.0,-977.0
52.0,85.0,-1038.0
150.0,226.0,-1126.0
64.0,25.0,-1075.0
-7.0,-109.0,-886.0
-15.0,-121.0,-913.0
132.0,78.0,-1059.0
11.0,-70.0,-1087.0
17.0,-40.0,-907.0
-3.0,101.0,-1057.0
87.0,191.0,-1151.0
-9.0,5.0,-1114.0
17.0,-173.0,-917.0
109.0,5.0,-915.0
189.0,91.0,-985.0
191.0,9.0,-1052.0
99.0,-206.0,-1015.0
173.0,11.0,-1073.0
306.0,189.0,-1106.0
206.0,195.0,-1145.0
298.0,-33.0,-948.0
247.0,-105.0,-929.0
556.0,-7.0,-970.0
365.0,-46.0,-1063.0
429.0,11.0,-1005.0
302.0,58.0,-1036.0
488.0,218.0,-1145.0
320.0,107.0,-1157.0
331.0,-93.0,-950.0
267.0,-7.0,-829.0
511.0,-23.0,-966.0
417.0,107.0,-1077.0
228.0,-80.0,-1007.0
185.0,0.0,-995.0
122.0,81.0,-1116.0
329.0,197.0,-1056.0
15.0,109.0,-1020.0
232.0,-109.0,-843.0
21.0,-76.0,-950.0
325.0,-35.0,-989.0
81.0,1.0,-1063.0
33.0,11.0,-985.0
-52.0,101.0,-1083.0
72.0,121.0,-1116.0
-80.0,21.0,-1087.0
52.0,-29.0,-950.0
44.0,-66.0,-964.0
185.0,-13.0,-950.0
0.0,15.0,-1071.0
68.0,-64.0,-1120.0
-99.0,72.0,-1089.0
119.0,83.0,-1093.0
-115.0,11.0,-1112.0
167.0,-33.0,-972.0
-50.0,68.0,-958.0
363.0,-27.0,-1042.0
-76.0,-29.0,-1102.0
91.0,-101.0,-1007.0
-74.0,15.0,-1026.0
179.0,210.0,-1114.0
-126.0,87.0,-1235.0
21.0,-1.0,-962.0
-39.0,-70.0,-868.0
222.0,60.0,-925.0
126.0,-33.0,-1085.0
-33.0,-78.0,-1009.0
-56.0,48.0,-1018.0
-3.0,107.0,-1069.0
66.0,167.0,-1091.0
1.0,-37.0,-948.0
48.0,-29.0,-837.0
169.0,-29.0,-911.0
111.0,122.0,-1057.0
40.0,-64.0,-1034.0
-103.0,-70.0,-944.0
-3.0,29.0,-1026.0
19.0,113.0,-1136.0
0.0,37.0,-999.0
29.0,-54.0,-935.0
39.0,-54.0,-882.0
271.0,-23.0,-921.0
-93.0,-42.0,-1071.0
119.0,-23.0,-1087.0
-275.0,48.0,-1077.0
78.0,165.0,-1044.0
-136.0,-1.0,-1065.0
95.0,-142.0,-972.0
3.0,-31.0,-944.0
177.0,115.0,-1020.0
-58.0,-1.0,-1005.0
-101.0,-95.0,-1054.0
-177.0,-42.0,-1126.0
52.0,136.0,-1124.0
-83.0,173.0,-1042.0
105.0,-19.0,-977.0
-52.0,-89.0,-938.0
195.0,52.0,-958.0
-66.0,27.0,-1100.0
-21.0,-39.0,-1046.0
-167.0,-17.0,-1069.0
39.0,214.0,-1106.0
-11.0,138.0,-1095.0
31.0,-35.0,-948.0
0.0,-109.0,-946.0
238.0,0.0,-995.0
-35.0,167.0,-1022.0
126.0,-70.0,-995.0
-220.0,-29.0,-1007.0
284.0,11.0,-1106.0
-91.0,290.0,-1124.0
310.0,-5.0,-968.0
-156.0,-87.0,-876.0
275.0,-44.0,-927.0
48.0,80.0,-1032.0
83.0,64.0,-1038.0
-42.0,-70.0,-1032.0
19.0,11.0,-1061.0
193.0,124.0,-1081.0
-119.0,56.0,-1034.0
169.0,-25.0,-921.0
-140.0,-105.0,-977.0
257.0,64.0,-1013.0
-134.0,15.0,-1073.0
91.0,-40.0,-962.0
-95.0,25.0,-1145.0
85.0,136.0,-1128.0
-76.0,121.0,-1104.0
-148.0,-99.0,-958.0
72.0,-83.0,-927.0
56.0,95.0,-1003.0
113.0,37.0,-1081.0
-132.0,-87.0,-989.0
42.0,56.0,-1061.0
-81.0,136.0,-1200.0
9.0,95.0,-1075.0
-83.0,-48.0,-940.0
-15.0,-74.0,-856.0
203.0,54.0,-1028.0
21.0,42.0,-1063.0
-23.0,-56.0,-1042.0
-142.0,-17.0,-970.0
122.0,140.0,-1112.0
7.0,261.0,-1138.0
0.0,-93.0,-1001.0
46.0,-136.0,-843.0
-35.0,-99.0,-946.0
368.0,52.0,-991.0
-206.0,-31.0,-1108.0
177.0,-9.0,-942.0
-296.0,130.0,-1110.0
265.0,78.0,-1050.0
-226.0,56.0,-1147.0
173.0,-277.0,-808.0
-11.0,-35.0,-897.0
156.0,13.0,-991.0
-9.0,115.0,-1038.0
-80.0,-52.0,-1026.0
-83.0,35.0,-1104.0
37.0,197.0,-1085.0
-66.0,-11.0,-1098.0
39.0,-148.0,-909.0
0.0,-78.0,-929.0
109.0,0.0,-927.0
29.0,27.0,-1073.0
-97.0,-23.0,-1061.0
-107.0,105.0,-1106.0
-70.0,169.0,-1106.0
-126.0,78.0,-1112.0
91.0,-58.0,-936.0
-119.0,-70.0,-935.0
288.0,-37.0,-923.0
-122.0,7.0,-1067.0
64.0,11.0,-1050.0
-140.0,83.0,-1063.0
80.0,212.0,-1143.0
-58.0,142.0,-1149.0
21.0,-62.0,-927.0
124.0,-150.0,-874.0
169.0,-11.0,-921.0
206.0,105.0,-1056.0
-76.0,-50.0,-1015.0
0.0,54.0,-1009.0
-58.0,138.0,-1124.0
148.0,249.0,-1177.0
-64.0,-44.0,-940.0
134.0,-183.0,-794.0
85.0,-105.0,-958.0
236.0,85.0,-1042.0
-138.0,-39.0,-1073.0
-37.0,-105.0,-936.0
-21.0,216.0,-1034.0
95.0,279.0,-1257.0
-83.0,107.0,-1048.0
121.0,-181.0,-821.0
-218.0,-199.0,-911.0
349.0,-13.0,-1013.0
-232.0,80.0,-1157.0
132.0,-52.0,-991.0
-284.0,70.0,-1073.0
130.0,259.0,-1136.0
-195.0,148.0,-1167.0
60.0,-107.0,-925.0
-121.0,-244.0,-897.0
302.0,31.0,-936.0
-40.0,64.0,-1149.0
66.0,-72.0,-950.0
-279.0,97.0,-1083.0
3.0,203.0,-1194.0
-46.0,310.0,-1087.0
89.0,-58.0,-979.0
-29.0,-220.0,-890.0
255.0,-46.0,-831.0
-68.0,76.0,-1081.0
95.0,-83.0,-1079.0
-124.0,-1.0,-1005.0
138.0,203.0,-1087.0
-150.0,238.0,-1184.0
228.0,40.0,-901.0
-76.0,-222.0,-903.0
361.0,-230.0,-858.0
11.0,76.0,-1100.0
52.0,50.0,-1032.0
-245.0,-25.0,-1038.0
132.0,72.0,-997.0
-81.0,251.0,-1243.0
-66.0,35.0,-1024.0
171.0,-183.0,-726.0
-103.0,-78.0,-1038.0
329.0,-101.0,-1030.0
-72.0,-31.0,-1038.0
-89.0,-128.0,-981.0
-56.0,162.0,-1093.0
-80.0,400.0,-1266.0
52.0,42.0,-1069.0
-62.0,-263.0,-884.0
126.0,-288.0,-689.0
189.0,72.0,-1095.0
-189.0,150.0,-1184.0
95.0,-11.0,-999.0
-497.0,-66.0,-1132.0
275.0,117.0,-964.0
-267.0,304.0,-1194.0
109.0,33.0,-925.0
-42.0,-113.0,-970.0
-21.0,-130.0,-985.0
195.0,-87.0,-936.0
-263.0,-19.0,-1145.0
142.0,89.0,-921.0
-117.0,341.0,-1231.0
3.0,156.0,-1069.0
99.0,-95.0,-1011.0
13.0,-167.0,-694.0
441.0,-142.0,-981.0
-152.0,132.0,-1065.0
345.0,81.0,-977.0
-538.0,7.0,-1173.0
392.0,93.0,-1007.0
-91.0,183.0,-1116.0
210.0,72.0,-1001.0
33.0,-78.0,-841.0
210.0,-74.0,-839.0
-31.0,-95.0,-1161.0
-70.0,-185.0,-974.0
-95.0,1.0,-1056.0
-111.0,138.0,-1167.0
121.0,331.0,-1141.0
-44.0,68.0,-944.0
9.0,-195.0,-925.0
-17.0,-136.0,-892.0
249.0,-31.0,-1106.0
-242.0,-35.0,-1161.0
31.0,-124.0,-872.0
-304.0,181.0,-1007.0
185.0,302.0,-1200.0
-50.0,148.0,-1241.0
89.0,-128.0,-884.0
-58.0,-152.0,-853.0
105.0,-9.0,-897.0
-31.0,-105.0,-1056.0
-93.0,-48.0,-1059.0
-165.0,134.0,-1124.0
121.0,343.0,-1059.0
-99.0,284.0,-1241.0
78.0,-152.0,-843.0
-21.0,-124.0,-792.0
122.0,-40.0,-1001.0
74.0,95.0,-1200.0
-1.0,-113.0,-1061.0
-154.0,-160.0,-862.0
144.0,203.0,-974.0
-46.0,339.0,-1266.0
144.0,115.0,-1075.0
-128.0,-154.0,-853.0
218.0,-244.0,-786.0
31.0,-42.0,-968.0
93.0,15.0,-1028.0
-148.0,13.0,-1206.0
15.0,160.0,-1046.0
115.0,318.0,-1128.0
-163.0,7.0,-1018.0
177.0,-261.0,-839.0
-173.0,-226.0,-925.0
290.0,-31.0,-1015.0
-165.0,95.0,-1108.0
208.0,-52.0,-1001.0
-345.0,37.0,-1235.0
177.0,150.0,-976.0
-316.0,263.0,-1145.0
0.0,-89.0,-958.0
13.0,-160.0,-981.0
-11.0,-165.0,-894.0
124.0,-72.0,-919.0
-267.0,130.0,-1153.0
222.0,93.0,-1134.0
-251.0,329.0,-1319.0
72.0,78.0,-903.0
-162.0,-91.0,-909.0
-70.0,-203.0,-911.0
361.0,-60.0,-1030.0
-115.0,187.0,-1151.0
284.0,-187.0,-936.0
-409.0,132.0,-995.0
247.0,134.0,-1061.0
-357.0,333.0,-1251.0
214.0,5.0,-936.0
-95.0,-70.0,-882.0
335.0,-191.0,-872.0
128.0,-177.0,-1009.0
29.0,-68.0,-983.0
-56.0,117.0,-1089.0
-197.0,320.0,-1227.0
181.0,216.0,-1081.0
-220.0,-60.0,-1009.0
288.0,-226.0,-739.0
99.0,-101.0,-954.0
294.0,91.0,-1157.0
37.0,-85.0,-1069.0
-175.0,-48.0,-895.0
-212.0,9.0,-1063.0
-40.0,271.0,-1194.0
13.0,85.0,-1239.0
214.0,-216.0,-802.0
76.0,-160.0,-765.0
187.0,80.0,-909.0
-54.0,115.0,-1270.0
-218.0,-89.0,-1147.0
33.0,-35.0,-977.0
-62.0,210.0,-1179.0
140.0,85.0,-968.0
-31.0,17.0,-968.0
-19.0,-208.0,-870.0
179.0,-89.0,-1143.0
-189.0,31.0,-968.0
74.0,9.0,-1009.0
-569.0,140.0,-1169.0
488.0,212.0,-1015.0
-284.0,251.0,-1268.0
325.0,-191.0,-827.0
-162.0,-87.0,-884.0
101.0,-56.0,-886.0
13.0,85.0,-1153.0
-99.0,-25.0,-1063.0
64.0,9.0,-1034.0
-91.0,208.0,-1022.0
259.0,294.0,-1100.0
-136.0,11.0,-1108.0
163.0,-224.0,-839.0
-85.0,-175.0,-888.0
351.0,-11.0,-991.0
-66.0,-35.0,-1112.0
62.0,-68.0,-913.0
-97.0,171.0,-1013.0
103.0,240.0,-1202.0
39.0,138.0,-1132.0
-44.0,-122.0,-899.0
21.0,-220.0,-802.0
93.0,-52.0,-972.0
58.0,-64.0,-1042.0
-54.0,-9.0,-1104.0
-162.0,33.0,-1120.0
21.0,292.0,-1147.0
-165.0,122.0,-1054.0
21.0,-152.0,-866.0
-111.0,-206.0,-880.0
249.0,-111.0,-1015.0
-99.0,122.0,-1104.0
58.0,-19.0,-1050.0
-329.0,93.0,-1081.0
101.0,191.0,-1048.0
-179.0,261.0,-1116.0
87.0,-15.0,-944.0
-130.0,-181.0,-976.0
163.0,-140.0,-913.0
5.0,9.0,-1032.0
-3.0,23.0,-1050.0
-89.0,-1.0,-1038.0
-21.0,283.0,-1118.0
-42.0,281.0,-1165.0
35.0,19.0,-952.0
-23.0,-183.0,-833.0
240.0,-240.0,-925.0
175.0,87.0,-1028.0
44.0,-66.0,-991.0
-126.0,29.0,-970.0
-40.0,128.0,-1132.0
74.0,226.0,-1151.0
9.0,107.0,-977.0
214.0,-169.0,-786.0
27.0,-54.0,-935.0
261.0,-54.0,-1018.0
-97.0,-111.0,-1059.0
-35.0,-148.0,-1018.0
-117.0,154.0,-1100.0
80.0,384.0,-1124.0
-11.0,93.0,-1040.0
33.0,-117.0,-907.0
31.0,-288.0,-944.0
245.0,-35.0,-979.0
-85.0,5.0,-1130.0
-80.0,-48.0,-979.0
-259.0,101.0,-1065.0
60.0,177.0,-1139.0
0.0,210.0,-1143.0
169.0,-152.0,-929.0
-165.0,-107.0,-884.0
199.0,35.0,-974.0
-160.0,17.0,-1143.0
64.0,-122.0,-1015.0
-275.0,31.0,-1020.0
169.0,279.0,-1091.0
-46.0,298.0,-1157.0
83.0,25.0,-1018.0
-99.0,-238.0,-870.0
150.0,-99.0,-933.0
-29.0,60.0,-1108.0
62.0,-68.0,-981.0
-185.0,31.0,-997.0
21.0,74.0,-1100.0
134.0,355.0,-1108.0
138.0,39.0,-1009.0
7.0,-111.0,-868.0
52.0,-122.0,-907.0
31.0,-66.0,-966.0
39.0,-54.0,-1073.0
-15.0,-105.0,-1036.0
91.0,146.0,-1046.0
66.0,314.0,-1085.0
56.0,105.0,-1056.0
-31.0,-162.0,-970.0
9.0,-140.0,-888.0
119.0,-72.0,-1001.0
39.0,-11.0,-1024.0
-23.0,-78.0,-1042.0
-13.0,56.0,-1085.0
3.0,214.0,-1104.0
-15.0,122.0,-1057.0
-42.0,-74.0,-977.0
-27.0,-87.0,-925.0
40.0,-7.0,-1011.0
-29.0,-138.0,-966.0
-89.0,-160.0,-944.0
-142.0,146.0,-1124.0
78.0,331.0,-1257.0
-122.0,251.0,-1124.0
-126.0,-111.0,-927.0
-124.0,-93.0,-856.0
162.0,-60.0,-1015.0
72.0,-35.0,-1054.0
50.0,-70.0,-1003.0
-81.0,23.0,-1063.0
9.0,279.0,-1130.0
48.0,255.0,-1108.0
-70.0,-81.0,-1001.0
33.0,-115.0,-833.0
126.0,-23.0,-966.0
199.0,-13.0,-1015.0
7.0,-95.0,-1042.0
-35.0,-33.0,-979.0
-9.0,138.0,-1102.0
175.0,333.0,-1143.0
-95.0,91.0,-1061.0
81.0,-226.0,-833.0
-76.0,-130.0,-878.0
368.0,-54.0,-1013.0
3.0,11.0,-1097.0
7.0,-101.0,-981.0
-156.0,203.0,-1079.0
13.0,230.0,-1169.0
39.0,85.0,-1079.0
-87.0,-154.0,-923.0
136.0,-158.0,-843.0
117.0,107.0,-997.0
81.0,-111.0,-1083.0
-132.0,-66.0,-1013.0
-167.0,-46.0,-1116.0
-68.0,325.0,-1132.0
52.0,298.0,-1083.0
-40.0,-52.0,-927.0
37.0,-175.0,-854.0
105.0,-156.0,-1040.0
150.0,1.0,-981.0
-70.0,56.0,-1059.0
-179.0,93.0,-1108.0
-19.0,232.0,-1134.0
-99.0,216.0,-1075.0
87.0,-107.0,-977.0
83.0,-167.0,-901.0
121.0,9.0,-944.0
183.0,60.0,-1005.0
-122.0,-122.0,-1036.0
-64.0,-97.0,-995.0
-103.0,189.0,-1079.0
230.0,339.0,-1104.0
-97.0,76.0,-1046.0
183.0,-134.0,-860.0
-29.0,-206.0,-921.0
296.0,0.0,-981.0
-210.0,-62.0,-1126.0
85.0,-42.0,-903.0
-251.0,160.0,-1108.0
187.0,191.0,-1167.0
-48.0,185.0,-1124.0
99.0,-163.0,-890.0
-48.0,-91.0,-888.0
206.0,-80.0,-991.0
-121.0,-103.0,-1028.0
-48.0,-115.0,-1038.0
-146.0,31.0,-1104.0
122.0,368.0,-1136.0
-87.0,181.0,-1067.0
27.0,-76.0,-966.0
-146.0,-267.0,-919.0
81.0,-13.0,-929.0
29.0,-72.0,-1065.0
-27.0,-56.0,-1034.0
-167.0,39.0,-1032.0
64.0,249.0,-1071.0
-31.0,300.0,-1157.0
-7.0,-66.0,-1026.0
-7.0,-64.0,-917.0
60.0,-95.0,-936.0
199.0,-17.0,-942.0
-91.0,-171.0,-1054.0
-1.0,-46.0,-962.0
-15.0,271.0,-1198.0
119.0,325.0,-1134.0
-70.0,152.0,-1022.0
-56.0,-232.0,-835.0
31.0,-171.0,-921.0
265.0,21.0,-1015.0
39.0,-81.0,-987.0
68.0,23.0,-1001.0
-97.0,148.0,-1102.0
119.0,331.0,-1116.0
-31.0,142.0,-1100.0
-7.0,-206.0,-880.0
81.0,-103.0,-872.0
103.0,29.0,-1081.0
220.0,-179.0,-970.0
-222.0,-165.0,-1026.0
21.0,31.0,-1077.0
27.0,392.0,-1233.0
-27.0,370.0,-1052.0
-56.0,-160.0,-944.0
-134.0,-281.0,-872.0
253.0,-244.0,-917.0
91.0,74.0,-1071.0
37.0,21.0,-1075.0
-203.0,13.0,-1042.0
-113.0,267.0,-1093.0
-56.0,142.0,-1161.0
-25.0,21.0,-993.0
-9.0,-160.0,-847.0
148.0,-29.0,-944.0
101.0,5.0,-1081.0
-39.0,-99.0,-1018.0
-210.0,-7.0,-1054.0
-68.0,163.0,-1153.0
1.0,458.0,-1087.0
-37.0,119.0,-1114.0
5.0,-146.0,-815.0
140.0,-247.0,-890.0
165.0,-66.0,-1052.0
40.0,-31.0,-1071.0
-230.0,80.0,-1001.0
-113.0,175.0,-1048.0
124.0,199.0,-1139.0
37.0,124.0,-1075.0
124.0,-107.0,-895.0
37.0,-124.0,-829.0
218.0,-93.0,-948.0
-93.0,-113.0,-1118.0
-40.0,-83.0,-1046.0
-76.0,76.0,-1054.0
72.0,324.0,-1110.0
117.0,201.0,-1063.0
-1.0,-17.0,-956.0
-83.0,-259.0,-909.0
288.0,-275.0,-892.0
-249.0,15.0,-1132.0
132.0,-52.0,-1005.0
-359.0,175.0,-1122.0
169.0,169.0,-962.0
-109.0,224.0,-1161.0
111.0,-25.0,-1139.0
-165.0,-263.0,-854.0
302.0,-37.0,-765.0
-257.0,-111.0,-1147.0
312.0,-35.0,-1104.0
-599.0,21.0,-1097.0
569.0,136.0,-894.0
-528.0,341.0,-1333.0
493.0,3.0,-1032.0
-624.0,-64.0,-1132.0
482.0,-343.0,-575.0
-238.0,128.0,-1018.0
255.0,-31.0,-1130.0
-366.0,5.0,-1311.0
245.0,25.0,-720.0
-25.0,417.0,-1210.0
-35.0,99.0,-1056.0
167.0,-95.0,-921.0
-62.0,-150.0,-860.0
486.0,-171.0,-976.0
-255.0,44.0,-968.0
187.0,-44.0,-1063.0
-376.0,117.0,-1233.0
304.0,302.0,-1048.0
-210.0,228.0,-1098.0
29.0,-85.0,-901.0
-78.0,-318.0,-864.0
230.0,13.0,-929.0
-64.0,-9.0,-1145.0
-7.0,-42.0,-1013.0
-95.0,-19.0,-1015.0
232.0,226.0,-1001.0
-21.0,335.0,-1186.0
68.0,-70.0,-987.0
-44.0,-228.0,-862.0
165.0,-201.0,-935.0
-3.0,17.0,-1063.0
-3.0,0.0,-1124.0
-341.0,-121.0,-1032.0
140.0,177.0,-1057.0
-93.0,339.0,-1206.0
134.0,46.0,-1048.0
-165.0,-154.0,-876.0
181.0,-117.0,-847.0
-5.0,-105.0,-1040.0
-44.0,9.0,-1110.0
-87.0,7.0,-1052.0
5.0,167.0,-1130.0
-54.0,320.0,-1071.0
-21.0,122.0,-1091.0
-173.0,-101.0,-936.0
206.0,-271.0,-841.0
-15.0,54.0,-997.0
228.0,-70.0,-1048.0
-341.0,21.0,-1098.0
165.0,70.0,-995.0
-93.0,296.0,-1179.0
70.0,206.0,-1071.0
-40.0,-97.0,-958.0
107.0,-167.0,-800.0
245.0,-124.0,-935.0
52.0,-62.0,-1020.0
91.0,-80.0,-1143.0
-95.0,80.0,-1026.0
165.0,404.0,-1100.0
-105.0,105.0,-1087.0
169.0,-60.0,-960.0
-156.0,-238.0,-890.0
486.0,-93.0,-813.0
-146.0,21.0,-1056.0
56.0,-167.0,-1118.0
-339.0,87.0,-1194.0
220.0,228.0,-1050.0
-357.0,306.0,-1097.0
275.0,-56.0,-831.0
-230.0,-193.0,-979.0
388.0,-183.0,-917.0
-103.0,-76.0,-1132.0
-70.0,-23.0,-983.0
-126.0,17.0,-1087.0
-179.0,283.0,-1253.0
179.0,189.0,-1018.0
-269.0,230.0,-983.0
121.0,-411.0,-925.0
91.0,-175.0,-974.0
124.0,40.0,-993.0
-62.0,0.0,-1022.0
-275.0,46.0,-1011.0
5.0,3.0,-1165.0
74.0,386.0,-1048.0
132.0,142.0,-1030.0
85.0,-230.0,-823.0
50.0,-236.0,-989.0
310.0,-3.0,-952.0
-126.0,72.0,-1067.0
-103.0,-171.0,-1011.0
-154.0,132.0,-1018.0
267.0,353.0,-1161.0
-66.0,249.0,-1075.0
212.0,-83.0,-862.0
-247.0,-249.0,-892.0
427.0,-128.0,-946.0
-132.0,29.0,-1124.0
-103.0,-37.0,-1028.0
-208.0,25.0,-987.0
249.0,259.0,-1069.0
99.0,195.0,-1241.0
-68.0,-7.0,-913.0
-15.0,-220.0,-774.0
31.0,-193.0,-989.0
193.0,23.0,-1069.0
-247.0,78.0,-1104.0
-62.0,27.0,-1018.0
-85.0,99.0,-1136.0
316.0,347.0,-1056.0
-175.0,37.0,-1139.0
-19.0,-259.0,-730.0
40.0,-122.0,-938.0
115.0,9.0,-1180.0
3.0,109.0,-1040.0
-191.0,-40.0,-935.0
-136.0,78.0,-1132.0
162.0,232.0,-997.0
-58.0,304.0,-1132.0
-183.0,-119.0,-1106.0
138.0,-199.0,-854.0
109.0,1.0,-892.0
124.0,-54.0,-1069.0
-193.0,162.0,-1013.0
9.0,21.0,-1069.0
70.0,327.0,-1239.0
165.0,177.0,-1151.0
-122.0,-245.0,-895.0
5.0,-304.0,-722.0
343.0,-21.0,-894.0
152.0,183.0,-1167.0
-52.0,-89.0,-1138.0
-169.0,-46.0,-964.0
226.0,158.0,-1005.0
31.0,329.0,-1151.0
-154.0,-3.0,-1040.0
29.0,-230.0,-895.0
13.0,-148.0,-911.0
468.0,-54.0,-868.0
-392.0,-5.0,-1266.0
39.0,-101.0,-1102.0
-232.0,244.0,-1079.0
267.0,234.0,-1048.0
-249.0,52.0,-1173.0
-162.0,-232.0,-804.0
189.0,-204.0,-778.0
44.0,93.0,-1093.0
230.0,-70.0,-1122.0
-538.0,146.0,-1251.0
29.0,37.0,-962.0
7.0,359.0,-929.0
-35.0,214.0,-1190.0
-218.0,-197.0,-1034.0
286.0,-224.0,-732.0
-9.0,-232.0,-1052.0
314.0,93.0,-946.0
-417.0,226.0,-1208.0
-15.0,-66.0,-966.0
81.0,259.0,-1227.0
81.0,111.0,-1071.0
44.0,17.0,-946.0
-136.0,-325.0,-782.0
312.0,-136.0,-1001.0
-3.0,95.0,-1091.0
-242.0,101.0,-1038.0
-148.0,-122.0,-1095.0
-21.0,89.0,-1260.0
236.0,310.0,-960.0
-222.0,126.0,-931.0
167.0,-298.0,-698.0
201.0,-247.0,-1034.0
294.0,81.0,-997.0
-181.0,-23.0,-1087.0
-66.0,0.0,-976.0
-56.0,117.0,-1175.0
333.0,339.0,-942.0
-279.0,0.0,-1063.0
50.0,-302.0,-841.0
3.0,-95.0,-997.0
312.0,-119.0,-1050.0
-259.0,-13.0,-1180.0
-191.0,-46.0,-977.0
-85.0,148.0,-1048.0
58.0,312.0,-1165.0
-97.0,25.0,-1065.0
-218.0,52.0,-1024.0
3.0,-144.0,-1034.0
519.0,-5.0,-901.0
-265.0,-25.0,-1093.0
-21.0,-148.0,-872.0
-275.0,320.0,-1169.0
189.0,339.0,-1341.0
-169.0,312.0,-1175.0
48.0,-203.0,-825.0
-144.0,-456.0,-755.0
525.0,29.0,-769.0
-146.0,187.0,-1241.0
-121.0,87.0,-1155.0
-224.0,19.0,-1216.0
163.0,339.0,-1034.0
310.0,154.0,-983.0
-154.0,-52.0,-747.0
281.0,-283.0,-948.0
-46.0,-33.0,-1087.0
554.0,-48.0,-931.0
-542.0,-109.0,-1190.0
115.0,-40.0,-911.0
-111.0,314.0,-1157.0
224.0,450.0,-1038.0
-7.0,-76.0,-1003.0
31.0,-296.0,-761.0
107.0,-195.0,-1095.0
302.0,160.0,-979.0
-226.0,-54.0,-1155.0
-183.0,-72.0,-989.0
44.0,357.0,-1011.0
216.0,232.0,-1196.0
-70.0,-78.0,-1124.0
11.0,-353.0,-886.0
68.0,-224.0,-784.0
247.0,121.0,-962.0
-257.0,142.0,-1161.0
-93.0,-42.0,-1145.0
-460.0,99.0,-1216.0
398.0,150.0,-829.0
-177.0,275.0,-1128.0
-97.0,-99.0,-942.0
107.0,-56.0,-903.0
-126.0,-115.0,-1077.0
191.0,-31.0,-981.0
-402.0,85.0,-1124.0
0.0,17.0,-1083.0
138.0,257.0,-1145.0
81.0,175.0,-1095.0
-81.0,-142.0,-847.0
15.0,-228.0,-854.0
103.0,-23.0,-960.0
423.0,-105.0,-1034.0
-609.0,240.0,-1227.0
390.0,-50.0,-919.0
-349.0,329.0,-1229.0
464.0,60.0,-772.0
-222.0,58.0,-1079.0
-29.0,-372.0,-993.0
363.0,-257.0,-952.0
-42.0,124.0,-911.0
124.0,-148.0,-966.0
-283.0,163.0,-1003.0
97.0,136.0,-1139.0
124.0,220.0,-1153.0
-169.0,81.0,-1097.0
-1.0,-329.0,-751.0
212.0,0.0,-860.0
277.0,-113.0,-1057.0
-87.0,1.0,-1013.0
-224.0,-27.0,-1139.0
-181.0,130.0,-1188.0
325.0,214.0,-1075.0
-183.0,58.0,-1034.0
80.0,-83.0,-782.0
-163.0,-40.0,-1011.0
288.0,-99.0,-1100.0
23.0,-101.0,-1091.0
-431.0,111.0,-1061.0
80.0,109.0,-954.0
-121.0,331.0,-1202.0
-3.0,183.0,-1044.0
-245.0,5.0,-1040.0
-5.0,-310.0,-981.0
296.0,-204.0,-856.0
109.0,134.0,-913.0
-138.0,99.0,-1218.0
-70.0,35.0,-1071.0
167.0,292.0,-1132.0
81.0,52.0,-1065.0
78.0,-66.0,-829.0
-60.0,-343.0,-837.0
249.0,-72.0,-888.0
232.0,189.0,-1112.0
-283.0,50.0,-1161.0
154.0,-91.0,-929.0
-185.0,144.0,-1063.0
316.0,242.0,-962.0
-232.0,101.0,-1042.0
-78.0,-201.0,-968.0
316.0,-206.0,-888.0
232.0,-23.0,-1065.0
-62.0,-160.0,-933.0
-152.0,204.0,-1056.0
-245.0,173.0,-1446.0
275.0,201.0,-1065.0
-230.0,89.0,-829.0
-15.0,-255.0,-808.0
115.0,-105.0,-1022.0
44.0,40.0,-1225.0
-37.0,0.0,-976.0
-390.0,60.0,-1106.0
-105.0,93.0,-1018.0
148.0,394.0,-1063.0
-130.0,214.0,-1050.0
187.0,-199.0,-921.0
-162.0,-206.0,-1020.0
427.0,-136.0,-976.0
-52.0,177.0,-1024.0
-177.0,76.0,-991.0
-121.0,35.0,-1036.0
107.0,306.0,-1208.0
52.0,187.0,-1145.0
152.0,-206.0,-874.0
-288.0,-208.0,-839.0
501.0,-93.0,-751.0
-111.0,163.0,-1311.0
-134.0,-99.0,-1138.0
-128.0,81.0,-1011.0
-50.0,236.0,-1036.0
349.0,-35.0,-1032.0
-206.0,226.0,-925.0
140.0,-316.0,-880.0
81.0,-171.0,-1063.0
132.0,-189.0,-1028.0
23.0,234.0,-944.0
-312.0,216.0,-1155.0
199.0,46.0,-1114.0
-17.0,138.0,-1007.0
42.0,-72.0,-933.0
-68.0,-163.0,-860.0
148.0,-230.0,-1063.0
83.0,-87.0,-1116.0
23.0,29.0,-954.0
-187.0,-74.0,-991.0
-128.0,119.0,-1024.0
-146.0,363.0,-1048.0
3.0,183.0,-1184.0
-222.0,-294.0,-1054.0
95.0,-249.0,-884.0
-183.0,-37.0,-915.0
40.0,-25.0,-977.0
-720.0,64.0,-1085.0
-11.0,152.0,-1097.0
-612.0,351.0,-1344.0
-50.0,19.0,-1011.0
-324.0,0.0,-872.0
-163.0,-236.0,-868.0
-23.0,105.0,-878.0
-468.0,37.0,-1214.0
-343.0,-101.0,-1073.0
-454.0,48.0,-1153.0
-382.0,292.0,-1075.0
-210.0,249.0,-970.0
-288.0,25.0,-935.0
-214.0,-240.0,-940.0
39.0,-74.0,-1085.0
-384.0,-19.0,-1126.0
-9.0,-128.0,-972.0
-398.0,74.0,-1028.0
165.0,195.0,-1024.0
-220.0,390.0,-1106.0
46.0,-119.0,-1048.0
-236.0,-429.0,-974.0
52.0,-148.0,-794.0
-179.0,107.0,-1007.0
-66.0,122.0,-1052.0
-286.0,56.0,-1163.0
-29.0,93.0,-1018.0
-109.0,232.0,-1048.0
-27.0,0.0,-966.0
-101.0,-167.0,-936.0
23.0,-244.0,-964.0
-15.0,-134.0,-970.0
-68.0,48.0,-970.0
-353.0,-7.0,-1056.0
52.0,179.0,-1009.0
-251.0,337.0,-1235.0
39.0,83.0,-1069.0
-218.0,-85.0,-882.0
27.0,-52.0,-878.0
-91.0,-42.0,-974.0
21.0,-64.0,-1056.0
-357.0,-81.0,-1139.0
74.0,99.0,-1063.0
-193.0,306.0,-1124.0
130.0,171.0,-1026.0
-107.0,-46.0,-888.0
52.0,-218.0,-940.0
87.0,27.0,-1042.0
52.0,58.0,-1079.0
-83.0,-70.0,-974.0
21.0,142.0,-952.0
64.0,236.0,-1161.0
76.0,206.0,-1102.0
7.0,-183.0,-1005.0
-85.0,-253.0,-897.0
142.0,-39.0,-917.0
-1.0,9.0,-1061.0
97.0,-5.0,-981.0
-54.0,35.0,-1104.0
-21.0,197.0,-1124.0
62.0,245.0,-1089.0
-97.0,-70.0,-1046.0
134.0,-271.0,-829.0
78.0,-19.0,-927.0
169.0,19.0,-1034.0
93.0,-80.0,-1042.0
-183.0,-3.0,-1030.0
66.0,81.0,-1054.0
-66.0,349.0,-1100.0
-17.0,5.0,-1132.0
-48.0,-185.0,-929.0
68.0,-121.0,-972.0
-72.0,-87.0,-944.0
154.0,5.0,-987.0
-341.0,-48.0,-1112.0
132.0,284.0,-1100.0
-298.0,363.0,-1180.0
95.0,29.0,-985.0
-140.0,-163.0,-892.0
132.0,-247.0,-901.0
95.0,33.0,-1024.0
35.0,5.0,-1061.0
-140.0,11.0,-1026.0
-52.0,267.0,-1122.0
39.0,89.0,-1015.0
-5.0,-122.0,-948.0
-81.0,-60.0,-1028.0
212.0,-76.0,-1018.0
-121.0,-46.0,-1028.0
37.0,-171.0,-901.0
-58.0,154.0,-1118.0
78.0,294.0,-1138.0
21.0,236.0,-1061.0
-91.0,-115.0,-1015.0
58.0,-327.0,-892.0
122.0,-101.0,-921.0
163.0,-52.0,-999.0
64.0,-1.0,-981.0
-124.0,85.0,-1057.0
15.0,187.0,-1073.0
-48.0,195.0,-1179.0
-74.0,-154.0,-1024.0
0.0,-121.0,-837.0
78.0,-48.0,-938.0
132.0,-85.0,-991.0
46.0,-70.0,-1015.0
-255.0,-89.0,-1106.0
40.0,171.0,-1057.0
-216.0,366.0,-1198.0
-52.0,144.0,-1054.0
-40.0,-115.0,-895.0
-95.0,-152.0,-976.0
288.0,-165.0,-942.0
-146.0,39.0,-1083.0
-72.0,-17.0,-1050.0
-119.0,269.0,-1059.0
-124.0,329.0,-1143.0
33.0,46.0,-1059.0
23.0,-50.0,-895.0
31.0,-218.0,-919.0
245.0,46.0,-960.0
-39.0,58.0,-1100.0
9.0,-101.0,-936.0
-124.0,181.0,-1075.0
54.0,238.0,-1120.0
62.0,203.0,-1093.0
21.0,-83.0,-956.0
81.0,-232.0,-913.0
234.0,-70.0,-907.0
-15.0,-81.0,-1067.0
66.0,-13.0,-1024.0
-214.0,76.0,-1052.0
119.0,294.0,-1056.0
-9.0,189.0,-1155.0
103.0,-146.0,-993.0
21.0,-206.0,-864.0
140.0,-62.0,-940.0
66.0,87.0,-1077.0
60.0,-113.0,-985.0
-201.0,7.0,-1071.0
121.0,132.0,-1046.0
-103.0,333.0,-1204.0
115.0,11.0,-1052.0
-113.0,-195.0,-929.0
132.0,-126.0,-925.0
-97.0,-7.0,-1013.0
163.0,-58.0,-1057.0
-450.0,-33.0,-1161.0
185.0,244.0,-1001.0
-310.0,286.0,-1171.0
193.0,70.0,-954.0
-134.0,-117.0,-1034.0
107.0,-220.0,-933.0
80.0,3.0,-995.0
-105.0,70.0,-1007.0
-39.0,-64.0,-952.0
-72.0,148.0,-1057.0
87.0,275.0,-1147.0
72.0,169.0,-1134.0
0.0,-124.0,-958.0
17.0,-185.0,-878.0
152.0,7.0,-911.0
-21.0,-72.0,-1052.0
91.0,-124.0,-950.0
-15.0,140.0,-1126.0
150.0,265.0,-1110.0
89.0,238.0,-1020.0
-23.0,-173.0,-962.0
68.0,-296.0,-866.0
122.0,1.0,-1011.0
56.0,-17.0,-1061.0
44.0,-68.0,-936.0
-191.0,7.0,-1011.0
154.0,142.0,-1114.0
-13.0,290.0,-1188.0
17.0,-91.0,-970.0
-17.0,-122.0,-882.0
-39.0,-136.0,-966.0
132.0,-74.0,-948.0
-91.0,-64.0,-1036.0
-56.0,-37.0,-1132.0
21.0,240.0,-1110.0
-17.0,347.0,-1061.0
-130.0,76.0,-1100.0
-85.0,-257.0,-899.0
-126.0,-160.0,-964.0
150.0,-101.0,-1018.0
-101.0,99.0,-1083.0
-224.0,5.0,-977.0
-150.0,175.0,-1061.0
-214.0,238.0,-1145.0
-76.0,99.0,-1079.0
-351.0,31.0,-944.0
-240.0,-232.0,-933.0
-212.0,0.0,-936.0
-255.0,-124.0,-1038.0
-439.0,-81.0,-936.0
-560.0,187.0,-1077.0
-448.0,320.0,-1239.0
-675.0,220.0,-1081.0
-437.0,-81.0,-802.0
-1009.0,-208.0,-962.0
-156.0,-181.0,-972.0
-935.0,40.0,-1110.0
-425.0,-37.0,-913.0
-1325.0,119.0,-1134.0
-669.0,111.0,-1061.0
-1071.0,197.0,-1180.0
-794.0,54.0,-1001.0
-1077.0,-46.0,-907.0
-860.0,-105.0,-909.0
-956.0,-146.0,-1102.0
-948.0,-1.0,-962.0
-1255.0,-7.0,-1212.0
-1218.0,66.0,-1013.0
-954.0,267.0,-1098.0
-1315.0,97.0,-1223.0
-903.0,-122.0,-942.0
-1212.0,-185.0,-886.0
-989.0,-130.0,-927.0
-1028.0,95.0,-1141.0
-1536.0,0.0,-1145.0
-1056.0,5.0,-968.0
-1405.0,175.0,-1114.0
-802.0,121.0,-1054.0
-1485.0,154.0,-1036.0
-1065.0,-214.0,-884.0
-1329.0,-148.0,-894.0
-958.0,-95.0,-1059.0
-1639.0,117.0,-1108.0
-1128.0,-37.0,-964.0
-1750.0,257.0,-1149.0
-1024.0,91.0,-936.0
-1424.0,206.0,-1087.0
-1491.0,-185.0,-933.0
-1011.0,-185.0,-823.0
-1551.0,7.0,-966.0
-1009.0,-156.0,-921.0
-1604.0,56.0,-1143.0
-1159.0,48.0,-1089.0
-1305.0,218.0,-1032.0
-1284.0,167.0,-1018.0
-1294.0,-191.0,-950.0
-1268.0,-52.0,-862.0
-1161.0,-97.0,-923.0
-1255.0,39.0,-1044.0
-1551.0,64.0,-1204.0
-1210.0,-87.0,-919.0
-1229.0,392.0,-1091.0
-1102.0,0.0,-1112.0
-1294.0,1.0,-936.0
-1059.0,-452.0,-813.0
-948.0,-3.0,-1003.0
-1089.0,-46.0,-1149.0
-1270.0,1.0,-1110.0
-1073.0,37.0,-1009.0
-917.0,322.0,-1139.0
-977.0,245.0,-1161.0
-798.0,-31.0,-1044.0
-878.0,-320.0,-788.0
-558.0,210.0,-929.0
-366.0,-160.0,-1095.0
-575.0,-62.0,-1077.0
-365.0,144.0,-1128.0
-374.0,359.0,-1173.0
-9.0,175.0,-1065.0
-439.0,-277.0,-991.0
183.0,228.0,-774.0
-197.0,-267.0,-989.0
218.0,142.0,-923.0
-384.0,37.0,-1179.0
-97.0,-203.0,-1104.0
-335.0,275.0,-1085.0
-21.0,183.0,-849.0
-160.0,195.0,-1046.0
7.0,-23.0,-765.0
76.0,-302.0,-890.0
76.0,259.0,-1132.0
128.0,-302.0,-1032.0
-222.0,162.0,-942.0
368.0,-298.0,-999.0
-324.0,415.0,-1253.0
484.0,52.0,-825.0
-343.0,23.0,-983.0
468.0,160.0,-921.0
-193.0,-181.0,-1196.0
140.0,0.0,-878.0
-396.0,-253.0,-1290.0
111.0,48.0,-933.0
128.0,138.0,-1091.0
113.0,99.0,-1046.0
392.0,357.0,-1038.0
236.0,-167.0,-874.0
489.0,-101.0,-1059.0
441.0,33.0,-1046.0
257.0,-70.0,-1184.0
716.0,146.0,-1147.0
115.0,-357.0,-1124.0
931.0,286.0,-991.0
-150.0,-286.0,-1184.0
804.0,445.0,-784.0
160.0,-224.0,-1024.0
517.0,109.0,-1177.0
228.0,113.0,-1011.0
238.0,-224.0,-960.0
616.0,136.0,-1130.0
374.0,-95.0,-1206.0
733.0,216.0,-759.0
335.0,-175.0,-868.0
884.0,236.0,-1093.0
525.0,19.0,-1093.0
853.0,-206.0,-687.0
320.0,46.0,-1218.0
837.0,-462.0,-1139.0
298.0,247.0,-1091.0
601.0,-119.0,-860.0
165.0,349.0,-1132.0
696.0,74.0,-696.0
386.0,-81.0,-958.0
507.0,21.0,-983.0
343.0,-244.0,-1075.0
245.0,302.0,-946.0
632.0,-87.0,-1042.0
363.0,117.0,-1177.0
624.0,-89.0,-884.0
489.0,-302.0,-798.0
722.0,144.0,-1018.0
728.0,-80.0,-1171.0
384.0,156.0,-958.0
616.0,-210.0,-1048.0
126.0,148.0,-1344.0
704.0,-74.0,-1153.0
87.0,415.0,-909.0
651.0,-146.0,-772.0
85.0,523.0,-1184.0
929.0,-349.0,-997.0
171.0,-160.0,-913.0
605.0,62.0,-944.0
286.0,-240.0,-1358.0
788.0,324.0,-1020.0
595.0,142.0,-958.0
564.0,-91.0,-894.0
841.0,124.0,-1005.0
733.0,-214.0,-931.0
609.0,89.0,-999.0
786.0,-54.0,-1128.0
372.0,244.0,-1255.0
870.0,214.0,-1048.0
390.0,-171.0,-927.0
843.0,124.0,-868.0
464.0,-80.0,-853.0
776.0,111.0,-948.0
657.0,-226.0,-1163.0
423.0,56.0,-958.0
743.0,314.0,-876.0
445.0,-5.0,-1130.0
794.0,58.0,-1015.0
380.0,-214.0,-868.0
771.0,152.0,-911.0
732.0,23.0,-1100.0
692.0,-150.0,-964.0
517.0,1.0,-989.0
519.0,183.0,-1143.0
704.0,298.0,-1255.0
534.0,-204.0,-1030.0
603.0,-152.0,-890.0
591.0,-52.0,-847.0
712.0,247.0,-1075.0
772.0,126.0,-1108.0
528.0,-201.0,-1050.0
607.0,212.0,-976.0
622.0,222.0,-1198.0
806.0,54.0,-1155.0
478.0,-238.0,-948.0
765.0,-70.0,-854.0
634.0,150.0,-1097.0
897.0,124.0,-1048.0
310.0,-140.0,-1024.0
540.0,-58.0,-966.0
452.0,324.0,-1175.0
747.0,52.0,-1124.0
482.0,-80.0,-989.0
579.0,-152.0,-806.0
628.0,163.0,-909.0
854.0,95.0,-999.0
530.0,29.0,-1114.0
571.0,-169.0,-997.0
505.0,-19.0,-1108.0
759.0,119.0,-1073.0
497.0,-72.0,-1097.0
683.0,-93.0,-827.0
650.0,130.0,-895.0
864.0,70.0,-1048.0
622.0,-81.0,-1034.0
501.0,-48.0,-995.0
495.0,-126.0,-1126.0
691.0,23.0,-1116.0
566.0,40.0,-1034.0
599.0,-60.0,-929.0
712.0,54.0,-915.0
618.0,56.0,-997.0
724.0,-54.0,-1009.0
415.0,-107.0,-1056.0
691.0,58.0,-1005.0
402.0,165.0,-1235.0
667.0,0.0,-1087.0
296.0,-35.0,-899.0
622.0,5.0,-890.0
685.0,48.0,-1093.0
466.0,17.0,-1032.0
374.0,-171.0,-935.0
304.0,1.0,-1081.0
527.0,175.0,-1229.0
308.0,136.0,-1097.0
468.0,-52.0,-876.0
273.0,15.0,-913.0
648.0,93.0,-968.0
447.0,13.0,-1075.0
273.0,-40.0,-1075.0
232.0,-48.0,-1032.0
304.0,203.0,-1042.0
374.0,128.0,-1081.0
113.0,-11.0,-1052.0
283.0,-193.0,-897.0
228.0,-64.0,-977.0
359.0,144.0,-1032.0
156.0,17.0,-989.0
-29.0,3.0,-999.0
103.0,109.0,-1155.0
40.0,35.0,-1153.0
206.0,-76.0,-977.0
66.0,-9.0,-882.0
349.0,23.0,-913.0
189.0,81.0,-985.0
115.0,9.0,-1098.0
-15.0,-152.0,-1073.0
101.0,52.0,-1104.0
-7.0,56.0,-1089.0
214.0,76.0,-977.0
39.0,-19.0,-995.0
187.0,-15.0,-977.0
191.0,-54.0,-1061.0
-21.0,-70.0,-958.0
54.0,-21.0,-1011.0
-52.0,48.0,-1116.0
171.0,0.0,-1186.0
-99.0,-21.0,-997.0
144.0,-160.0,-931.0
42.0,-134.0,-977.0
251.0,-25.0,-958.0
78.0,-117.0,-1057.0
58.0,-208.0,-981.0
-17.0,-163.0,-1098.0
111.0,-91.0,-1075.0
152.0,-81.0,-1098.0
-46.0,-212.0,-895.0
165.0,-240.0,-944.0
62.0,-195.0,-1018.0
226.0,-290.0,-995.0
-76.0,-400.0,-966.0
35.0,-406.0,-921.0
83.0,-160.0,-1104.0
29.0,-177.0,-1175.0
72.0,-380.0,-1015.0
-138.0,-474.0,-864.0
226.0,-386.0,-874.0
107.0,-281.0,-1048.0
87.0,-491.0,-1024.0
-119.0,-497.0,-1038.0
-11.0,-409.0,-1071.0
74.0,-283.0,-1116.0
-29.0,-402.0,-1046.0
87.0,-630.0,-882.0
-85.0,-530.0,-944.0
220.0,-488.0,-995.0
-78.0,-507.0,-1118.0
15.0,-753.0,-956.0
-152.0,-663.0,-1059.0
78.0,-585.0,-1100.0
-40.0,-491.0,-1124.0
-111.0,-691.0,-987.0
42.0,-681.0,-923.0
-15.0,-509.0,-970.0
193.0,-400.0,-991.0
-111.0,-640.0,-1048.0
-64.0,-651.0,-1079.0
-15.0,-626.0,-1042.0
42.0,-421.0,-1059.0
183.0,-718.0,-962.0
-9.0,-753.0,-917.0
267.0,-796.0,-936.0
3.0,-544.0,-1011.0
175.0,-620.0,-931.0
-181.0,-720.0,-1065.0
197.0,-651.0,-1040.0
-58.0,-493.0,-1100.0
162.0,-550.0,-952.0
33.0,-638.0,-894.0
93.0,-661.0,-911.0
183.0,-525.0,-1007.0
25.0,-503.0,-1009.0
50.0,-610.0,-948.0
78.0,-556.0,-1089.0
25.0,-488.0,-1124.0
158.0,-515.0,-966.0
-37.0,-614.0,-903.0
255.0,-644.0,-923.0
119.0,-376.0,-1097.0
29.0,-353.0,-1061.0
-78.0,-595.0,-954.0
-107.0,-677.0,-981.0
132.0,-776.0,-1184.0
-25.0,-612.0,-1177.0
163.0,-771.0,-880.0
-95.0,-575.0,-890.0
171.0,-478.0,-1091.0
-132.0,-283.0,-1073.0
25.0,-359.0,-1018.0
-165.0,-374.0,-1077.0
136.0,-324.0,-1020.0
44.0,-234.0,-1157.0
-17.0,-361.0,-999.0
134.0,-536.0,-854.0
-85.0,-448.0,-1003.0
251.0,-322.0,-1050.0
-283.0,-259.0,-1095.0
48.0,-519.0,-931.0
-158.0,-517.0,-999.0
204.0,-642.0,-1024.0
-11.0,-622.0,-1093.0
50.0,-691.0,-921.0
62.0,-562.0,-913.0
-74.0,-398.0,-964.0
66.0,-324.0,-1046.0
-160.0,-425.0,-1034.0
193.0,-122.0,-981.0
-111.0,-70.0,-1116.0
189.0,-208.0,-1030.0
-238.0,-443.0,-1003.0
183.0,-536.0,-870.0
-142.0,-392.0,-1044.0
115.0,-663.0,-970.0
-103.0,-597.0,-1098.0
-37.0,-751.0,-1018.0
19.0,-651.0,-1044.0
-109.0,-610.0,-1067.0
-81.0,-653.0,-962.0
-13.0,-394.0,-944.0
-91.0,-419.0,-972.0
68.0,-368.0,-940.0
-306.0,-419.0,-999.0
193.0,-349.0,-1063.0
-201.0,-140.0,-1186.0
122.0,-419.0,-987.0
-214.0,-800.0,-933.0
31.0,-977.0,-944.0
60.0,-798.0,-997.0
21.0,-573.0,-1085.0
-19.0,-616.0,-1052.0
-42.0,-599.0,-970.0
56.0,-411.0,-1071.0
-37.0,-478.0,-1124.0
19.0,-644.0,-970.0
-132.0,-796.0,-909.0
247.0,-614.0,-933.0
0.0,-616.0,-1095.0
162.0,-749.0,-856.0
-156.0,-663.0,-948.0
105.0,-484.0,-1071.0
-1.0,-306.0,-1186.0
29.0,-581.0,-997.0
-66.0,-976.0,-837.0
154.0,-911.0,-849.0
179.0,-835.0,-1022.0
150.0,-907.0,-1098.0
-66.0,-858.0,-964.0
111.0,-614.0,-1052.0
-81.0,-337.0,-1184.0
124.0,-349.0,-1018.0
-105.0,-501.0,-884.0
165.0,-603.0,-919.0
54.0,-681.0,-985.0
167.0,-771.0,-1036.0
-134.0,-782.0,-1122.0
103.0,-569.0,-962.0
-89.0,-374.0,-1112.0
68.0,-273.0,-1063.0
-87.0,-525.0,-1003.0
1.0,-624.0,-876.0
54.0,-651.0,-956.0
103.0,-466.0,-1065.0
-23.0,-568.0,-1069.0
74.0,-374.0,-1040.0
-130.0,-271.0,-1118.0
177.0,-230.0,-1022.0
-148.0,-177.0,-1009.0
228.0,-445.0,-845.0
111.0,-269.0,-977.0
208.0,-404.0,-1061.0
44.0,-251.0,-1007.0
13.0,-197.0,-1046.0
39.0,-95.0,-1091.0
-5.0,-29.0,-1093.0
48.0,-201.0,-931.0
-44.0,-242.0,-944.0
197.0,-87.0,-989.0
0.0,-132.0,-983.0
87.0,-154.0,-952.0
-142.0,-152.0,-1054.0
163.0,-17.0,-1130.0
-140.0,64.0,-1149.0
80.0,-222.0,-1005.0
-148.0,-255.0,-954.0
222.0,-11.0,-917.0
70.0,228.0,-1056.0
31.0,271.0,-1093.0
-109.0,158.0,-1026.0
-163.0,220.0,-1087.0
-78.0,244.0,-1151.0
-74.0,23.0,-1095.0
-156.0,-99.0,-884.0
60.0,-3.0,-936.0
-3.0,222.0,-1108.0
70.0,138.0,-1054.0
-327.0,-101.0,-987.0
-81.0,-107.0,-1038.0
-171.0,189.0,-1180.0
42.0,345.0,-1126.0
-187.0,197.0,-1003.0
25.0,181.0,-909.0
27.0,378.0,-927.0
136.0,480.0,-1018.0
-31.0,257.0,-999.0
-126.0,136.0,-1040.0
-17.0,204.0,-1089.0
-31.0,212.0,-1098.0
31.0,87.0,-923.0
46.0,-83.0,-839.0
95.0,195.0,-944.0
167.0,163.0,-1032.0
-87.0,50.0,-1061.0
42.0,-146.0,-972.0
-162.0,99.0,-1108.0
95.0,271.0,-1056.0
-70.0,279.0,-1013.0
-13.0,267.0,-909.0
109.0,160.0,-944.0
130.0,218.0,-962.0
44.0,103.0,-1015.0
-7.0,64.0,-1038.0
-17.0,197.0,-1061.0
-72.0,230.0,-1106.0
-58.0,62.0,-1048.0
-1.0,-103.0,-925.0
40.0,46.0,-1001.0
103.0,234.0,-1098.0
-48.0,224.0,-997.0
-121.0,111.0,-987.0
-144.0,177.0,-1079.0
13.0,376.0,-1210.0
-132.0,365.0,-1081.0
64.0,222.0,-866.0
-58.0,298.0,-938.0
255.0,304.0,-966.0
29.0,292.0,-1104.0
-78.0,115.0,-1011.0
3.0,185.0,-1116.0
-48.0,380.0,-1157.0
105.0,355.0,-1134.0
-39.0,277.0,-974.0
107.0,203.0,-942.0
210.0,472.0,-987.0
119.0,521.0,-1040.0
62.0,427.0,-1038.0
-152.0,339.0,-1011.0
117.0,445.0,-1042.0
1.0,378.0,-1122.0
177.0,203.0,-1011.0
3.0,218.0,-866.0
284.0,439.0,-903.0
68.0,454.0,-1087.0
144.0,267.0,-1026.0
-195.0,277.0,-1098.0
99.0,353.0,-1065.0
-21.0,575.0,-1221.0
142.0,505.0,-1034.0
-42.0,542.0,-933.0
212.0,620.0,-901.0
33.0,722.0,-1040.0
121.0,651.0,-1003.0
-232.0,390.0,-1048.0
58.0,378.0,-1081.0
-160.0,458.0,-1180.0
150.0,341.0,-1040.0
-177.0,318.0,-976.0
193.0,534.0,-925.0
-128.0,581.0,-1048.0
140.0,519.0,-1009.0
-296.0,439.0,-1085.0
44.0,501.0,-1124.0
-173.0,747.0,-1167.0
187.0,732.0,-1030.0
-263.0,692.0,-1057.0
171.0,675.0,-847.0
-72.0,841.0,-1038.0
136.0,694.0,-1032.0
-140.0,554.0,-968.0
-56.0,409.0,-1011.0
-39.0,454.0,-1218.0
13.0,599.0,-1104.0
-13.0,603.0,-952.0
-50.0,527.0,-905.0
199.0,651.0,-977.0
39.0,591.0,-1040.0
74.0,468.0,-944.0
-156.0,445.0,-1067.0
68.0,675.0,-1130.0
-35.0,845.0,-1214.0
76.0,687.0,-940.0
-39.0,644.0,-831.0
136.0,733.0,-915.0
76.0,708.0,-1048.0
-5.0,575.0,-1034.0
-214.0,382.0,-1083.0
5.0,525.0,-1098.0
-48.0,671.0,-1167.0
70.0,683.0,-1011.0
-105.0,583.0,-892.0
-5.0,536.0,-936.0
179.0,562.0,-1040.0
-140.0,626.0,-1143.0
-9.0,406.0,-974.0
-247.0,587.0,-1126.0
7.0,681.0,-1126.0
-42.0,751.0,-1044.0
-7.0,593.0,-923.0
31.0,538.0,-921.0
89.0,724.0,-1005.0
29.0,591.0,-1139.0
-78.0,431.0,-1001.0
-37.0,398.0,-1028.0
117.0,560.0,-1159.0
142.0,657.0,-1206.0
107.0,562.0,-907.0
89.0,591.0,-938.0
294.0,661.0,-1015.0
206.0,708.0,-1032.0
208.0,538.0,-983.0
103.0,374.0,-1046.0
413.0,527.0,-1042.0
429.0,618.0,-1102.0
443.0,530.0,-1063.0
281.0,413.0,-929.0
577.0,468.0,-878.0
527.0,540.0,-1003.0
480.0,550.0,-1040.0
294.0,376.0,-1056.0
646.0,491.0,-1061.0
640.0,573.0,-1167.0
769.0,540.0,-1089.0
478.0,530.0,-919.0
767.0,569.0,-872.0
710.0,599.0,-987.0
817.0,501.0,-1052.0
406.0,439.0,-1042.0
821.0,452.0,-1020.0
663.0,421.0,-1179.0
837.0,396.0,-1071.0
540.0,486.0,-942.0
712.0,398.0,-948.0
810.0,497.0,-1048.0
696.0,454.0,-1030.0
685.0,445.0,-999.0
474.0,552.0,-1141.0
581.0,489.0,-1184.0
552.0,458.0,-1015.0
341.0,341.0,-964.0
636.0,413.0,-952.0
368.0,448.0,-1048.0
562.0,320.0,-991.0
81.0,407.0,-940.0
380.0,331.0,-1034.0
163.0,372.0,-1214.0
316.0,263.0,-1073.0
99.0,177.0,-964.0
158.0,177.0,-938.0
353.0,281.0,-1087.0
163.0,245.0,-989.0
240.0,197.0,-1007.0
-189.0,294.0,-1065.0
407.0,337.0,-1171.0
-175.0,302.0,-1259.0
244.0,144.0,-950.0
-163.0,242.0,-882.0
372.0,220.0,-903.0
220.0,308.0,-1110.0
29.0,25.0,-1046.0
35.0,-58.0,-983.0
-35.0,126.0,-1057.0
394.0,224.0,-1206.0
-87.0,185.0,-1177.0
240.0,-5.0,-839.0
-78.0,171.0,-895.0
384.0,117.0,-1030.0
46.0,109.0,-1182.0
5.0,44.0,-964.0
-7.0,158.0,-1128.0
-87.0,150.0,-1098.0
203.0,271.0,-1114.0
-257.0,52.0,-950.0
263.0,87.0,-786.0
-177.0,148.0,-1011.0
343.0,93.0,-968.0
-144.0,165.0,-1054.0
-58.0,-40.0,-997.0
-80.0,85.0,-1087.0
-19.0,93.0,-970.0
134.0,140.0,-962.0
-93.0,185.0,-960.0
111.0,42.0,-977.0
-142.0,83.0,-935.0
15.0,158.0,-917.0
-378.0,119.0,-1108.0
-105.0,181.0,-1077.0
-333.0,109.0,-1100.0
-238.0,33.0,-948.0
-468.0,78.0,-909.0
-458.0,64.0,-919.0
-365.0,109.0,-1009.0
-605.0,144.0,-1030.0
-517.0,126.0,-972.0
-839.0,163.0,-1110.0
-558.0,124.0,-1122.0
-819.0,169.0,-1120.0
-780.0,-48.0,-907.0
-702.0,99.0,-899.0
-691.0,302.0,-1089.0
-661.0,177.0,-1059.0
-835.0,163.0,-958.0
-712.0,81.0,-1052.0
-667.0,214.0,-1229.0
-505.0,249.0,-1218.0
-607.0,95.0,-936.0
-573.0,283.0,-854.0
-423.0,189.0,-1015.0
-359.0,220.0,-1180.0
-482.0,109.0,-1112.0
-437.0,66.0,-1013.0
-384.0,325.0,-1151.0
-310.0,169.0,-1138.0
-312.0,253.0,-997.0
-392.0,93.0,-890.0
-177.0,265.0,-946.0
-142.0,259.0,-1065.0
-242.0,158.0,-1018.0
-247.0,115.0,-1046.0
-329.0,203.0,-1048.0
-113.0,253.0,-1063.0
-206.0,255.0,-1011.0
-132.0,0.0,-958.0
-52.0,177.0,-880.0
-99.0,179.0,-976.0
-44.0,124.0,-989.0
-300.0,70.0,-1081.0
-89.0,197.0,-1001.0
-247.0,283.0,-1085.0
-42.0,117.0,-1022.0
-222.0,46.0,-927.0
44.0,173.0,-956.0
-101.0,181.0,-997.0
5.0,124.0,-956.0
-251.0,-9.0,-1005.0
-21.0,185.0,-1054.0
-255.0,238.0,-1218.0
0.0,113.0,-1011.0
-140.0,21.0,-919.0
42.0,95.0,-950.0
-39.0,115.0,-1073.0
-39.0,-19.0,-997.0
-300.0,-37.0,-1007.0
1.0,144.0,-1091.0
-214.0,308.0,-1278.0
52.0,97.0,-1048.0
-308.0,-44.0,-913.0
23.0,-40.0,-921.0
-60.0,158.0,-1100.0
-1.0,148.0,-1032.0
-140.0,-39.0,-977.0
-191.0,-13.0,-1065.0
-7.0,140.0,-1114.0
40.0,150.0,-1093.0
-119.0,-111.0,-1007.0
27.0,-76.0,-864.0
64.0,191.0,-1003.0
156.0,101.0,-1079.0
-9.0,-17.0,-1034.0
-169.0,-181.0,-985.0
66.0,58.0,-989.0
117.0,199.0,-1128.0
13.0,-52.0,-1134.0
-40.0,-138.0,-886.0
-68.0,1.0,-901.0
185.0,64.0,-927.0
66.0,3.0,-1042.0
-99.0,-113.0,-950.0
35.0,52.0,-1116.0
-187.0,138.0,-1167.0
177.0,-29.0,-1048.0
-263.0,-117.0,-958.0
267.0,-85.0,-810.0
-130.0,101.0,-1059.0
199.0,-37.0,-1040.0
-230.0,-113.0,-1147.0
44.0,-37.0,-977.0
-160.0,119.0,-1149.0
81.0,81.0,-995.0
-89.0,-33.0,-1063.0
-60.0,66.0,-958.0
103.0,-85.0,-1020.0
-29.0,-3.0,-976.0
27.0,-95.0,-977.0
-1.0,122.0,-1116.0
-13.0,171.0,-1165.0
-95.0,89.0,-1110.0
-81.0,-58.0,-950.0
-1.0,-146.0,-911.0
113.0,62.0,-966.0
154.0,74.0,-1102.0
-78.0,21.0,-993.0
-23.0,-37.0,-1003.0
-115.0,128.0,-1122.0
68.0,62.0,-1120.0
-105.0,5.0,-936.0
76.0,-5.0,-882.0
68.0,117.0,-1042.0
169.0,-21.0,-993.0
-39.0,5.0,-983.0
-107.0,-68.0,-972.0
46.0,204.0,-1056.0
-206.0,203.0,-1188.0
126.0,-1.0,-1028.0
-253.0,-76.0,-921.0
251.0,7.0,-796.0
56.0,144.0,-1061.0
48.0,124.0,-1056.0
-210.0,48.0,-1075.0
-173.0,119.0,-964.0
-11.0,134.0,-1108.0
-37.0,81.0,-1104.0
107.0,-31.0,-966.0
-70.0,76.0,-913.0
171.0,177.0,-950.0
-80.0,134.0,-1079.0
-44.0,-5.0,-1005.0
-142.0,119.0,-1046.0
-15.0,165.0,-1097.0
91.0,201.0,-1102.0
-119.0,40.0,-977.0
208.0,83.0,-903.0
-111.0,177.0,-1003.0
222.0,48.0,-958.0
-204.0,60.0,-1102.0
66.0,29.0,-1063.0
-169.0,300.0,-1106.0
201.0,124.0,-1003.0
-27.0,37.0,-1034.0
107.0,-42.0,-954.0
136.0,76.0,-987.0
29.0,117.0,-1003.0
-1.0,78.0,-981.0
-142.0,52.0,-1065.0
169.0,87.0,-1108.0
-80.0,218.0,-1067.0
238.0,-17.0,-921.0
-189.0,5.0,-956.0
279.0,15.0,-962.0
-169.0,152.0,-1069.0
175.0,-107.0,-974.0
-277.0,-109.0,-991.0
152.0,95.0,-1013.0
-93.0,218.0,-1214.0
33.0,103.0,-1042.0
-148.0,-191.0,-942.0
42.0,-136.0,-907.0
117.0,99.0,-1054.0
-7.0,142.0,-1042.0
-76.0,-138.0,-956.0
-175.0,5.0,-1079.0
13.0,91.0,-1128.0
122.0,121.0,-1139.0
-119.0,-93.0,-899.0
191.0,-58.0,-845.0
-103.0,58.0,-1032.0
259.0,9.0,-1091.0
-312.0,-46.0,-1071.0
152.0,-163.0,-979.0
-171.0,111.0,-1116.0
208.0,158.0,-1024.0
-7.0,17.0,-1048.0
115.0,-142.0,-860.0
44.0,-21.0,-981.0
138.0,-17.0,-1067.0
99.0,-97.0,-1020.0
-66.0,-54.0,-921.0
93.0,107.0,-1097.0
-21.0,50.0,-1196.0
93.0,-111.0,-985.0
-13.0,-140.0,-895.0
154.0,0.0,-927.0
126.0,1.0,-1054.0
-7.0,-122.0,-997.0
-85.0,-87.0,-991.0
-50.0,-35.0,-1124.0
19.0,160.0,-1128.0
21.0,-40.0,-1020.0
-3.0,-138.0,-897.0
95.0,-46.0,-921.0
74.0,25.0,-1046.0
64.0,-119.0,-1063.0
-183.0,-150.0,-1013.0
40.0,46.0,-1042.0
-109.0,187.0,-1126.0
121.0,87.0,-1081.0
-230.0,-199.0,-1026.0
146.0,-81.0,-851.0
-56.0,87.0,-1038.0
130.0,-23.0,-1038.0
-156.0,-50.0,-1071.0
-52.0,35.0,-993.0
-33.0,181.0,-1081.0
39.0,91.0,-1149.0
-52.0,-60.0,-1018.0
0.0,-50.0,-843.0
91.0,105.0,-931.0
66.0,154.0,-1134.0
-40.0,-13.0,-1007.0
-40.0,-60.0,-1007.0
-13.0,122.0,-1071.0
42.0,189.0,-1136.0
58.0,48.0,-1001.0
1.0,-58.0,-946.0
46.0,83.0,-933.0
144.0,103.0,-981.0
29.0,11.0,-1034.0
-37.0,-25.0,-1011.0
-37.0,160.0,-1108.0
-37.0,162.0,-1100.0
48.0,68.0,-999.0
-83.0,-5.0,-936.0
240.0,1.0,-935.0
-44.0,152.0,-993.0
107.0,-13.0,-991.0
-193.0,23.0,-1157.0
56.0,85.0,-1054.0
-76.0,173.0,-1097.0
33.0,72.0,-991.0
-40.0,31.0,-991.0
21.0,31.0,-936.0
113.0,60.0,-1050.0
-87.0,46.0,-1065.0
-66.0,-23.0,-983.0
-72.0,119.0,-1020.0
-27.0,224.0,-1180.0
-132.0,81.0,-1153.0
-31.0,-3.0,-899.0
25.0,-35.0,-905.0
177.0,193.0,-1013.0
31.0,-13.0,-1087.0
-132.0,-46.0,-948.0
-138.0,39.0,-1015.0
78.0,210.0,-1141.0
23.0,158.0,-1155.0
89.0,-44.0,-872.0
5.0,-35.0,-854.0
212.0,103.0,-972.0
29.0,85.0,-1097.0
42.0,-50.0,-1034.0
-199.0,-130.0,-1015.0
66.0,167.0,-1054.0
40.0,134.0,-1093.0
93.0,-23.0,-1032.0
-37.0,-113.0,-925.0
140.0,-29.0,-856.0
130.0,29.0,-1028.0
42.0,-56.0,-1079.0
-150.0,48.0,-1071.0
-76.0,-50.0,-1007.0
-80.0,126.0,-1024.0
152.0,-13.0,-1093.0
-117.0,-218.0,-1067.0
238.0,-48.0,-870.0
-212.0,142.0,-1003.0
275.0,-89.0,-1013.0
-415.0,-163.0,-1054.0
195.0,-56.0,-1048.0
-281.0,56.0,-1227.0
277.0,89.0,-972.0
-242.0,-78.0,-1075.0
169.0,-136.0,-897.0
-21.0,35.0,-977.0
25.0,1.0,-983.0
-7.0,-42.0,-1081.0
-208.0,-42.0,-1130.0
68.0,70.0,-1081.0
-66.0,85.0,-1032.0
117.0,-80.0,-954.0
54.0,-62.0,-981.0
52.0,60.0,-1032.0
74.0,-93.0,-1003.0
-169.0,-111.0,-958.0
109.0,-93.0,-1030.0
-33.0,138.0,-1196.0
234.0,175.0,-1046.0
-121.0,-23.0,-1005.0
85.0,-163.0,-892.0
31.0,-62.0,-962.0
148.0,46.0,-1001.0
-7.0,-27.0,-1038.0
-42.0,-29.0,-991.0
74.0,101.0,-1073.0
35.0,89.0,-1112.0
89.0,-35.0,-974.0
-156.0,-64.0,-915.0
193.0,29.0,-972.0
-91.0,35.0,-1114.0
152.0,-89.0,-972.0
-222.0,-160.0,-999.0
185.0,91.0,-966.0
-21.0,263.0,-1194.0
-31.0,95.0,-1145.0
-50.0,-134.0,-944.0
-201.0,3.0,-897.0
275.0,-48.0,-962.0
-19.0,124.0,-1102.0
42.0,-46.0,-1018.0
-214.0,150.0,-1093.0
29.0,167.0,-1087.0
-17.0,52.0,-1139.0
-124.0,-37.0,-948.0
111.0,-9.0,-886.0
-97.0,220.0,-983.0
372.0,9.0,-1073.0
-333.0,-48.0,-1020.0
265.0,-72.0,-1003.0
-396.0,267.0,-1132.0
349.0,197.0,-1034.0
-257.0,70.0,-1100.0
113.0,-54.0,-868.0
109.0,25.0,-935.0
103.0,70.0,-1003.0
195.0,-80.0,-1009.0
-206.0,87.0,-1085.0
142.0,244.0,-1069.0
-197.0,185.0,-1167.0
148.0,-60.0,-931.0
-54.0,-203.0,-927.0
201.0,163.0,-895.0
134.0,64.0,-1042.0
-11.0,35.0,-1001.0
-81.0,-72.0,-1071.0
-197.0,46.0,-1077.0
58.0,238.0,-1130.0
-179.0,11.0,-1048.0
156.0,-48.0,-862.0
-117.0,-29.0,-997.0
300.0,21.0,-989.0
-128.0,-1.0,-1102.0
-72.0,-105.0,-956.0
-103.0,113.0,-1102.0
-162.0,187.0,-1157.0
134.0,150.0,-1007.0
-195.0,-113.0,-993.0
193.0,-179.0,-872.0
-7.0,95.0,-1011.0
85.0,93.0,-1056.0
-128.0,-54.0,-993.0
-203.0,27.0,-1048.0
33.0,107.0,-1132.0
-42.0,128.0,-1056.0
152.0,-40.0,-927.0
-103.0,-109.0,-950.0
273.0,9.0,-985.0
-148.0,68.0,-1065.0
185.0,-70.0,-1020.0
-331.0,-48.0,-1042.0
240.0,23.0,-974.0
-134.0,173.0,-1153.0
208.0,-37.0,-997.0
-25.0,-85.0,-956.0
72.0,-52.0,-964.0
122.0,-39.0,-972.0
-95.0,15.0,-1015.0
31.0,-101.0,-958.0
-78.0,91.0,-1110.0
72.0,29.0,-1073.0
54.0,-7.0,-1063.0
-58.0,-95.0,-915.0
189.0,-117.0,-874.0
-52.0,93.0,-1085.0
109.0,-78.0,-1003.0
-208.0,-103.0,-999.0
85.0,-33.0,-1075.0
-146.0,83.0,-1198.0
167.0,58.0,-1024.0
-228.0,-107.0,-962.0
191.0,-9.0,-905.0
-162.0,7.0,-1042.0
251.0,-89.0,-983.0
-290.0,-72.0,-1067.0
124.0,11.0,-1026.0
-97.0,197.0,-1134.0
58.0,150.0,-1028.0
-44.0,-78.0,-968.0
21.0,-101.0,-929.0
101.0,17.0,-1024.0
89.0,68.0,-1026.0
-80.0,-27.0,-1013.0
5.0,-5.0,-1003.0
-76.0,195.0,-1100.0
244.0,78.0,-1100.0
-122.0,3.0,-1046.0
206.0,-121.0,-870.0
-44.0,122.0,-958.0
314.0,42.0,-1057.0
-134.0,-80.0,-1032.0
121.0,-78.0,-929.0
-89.0,142.0,-1139.0
156.0,216.0,-1077.0
31.0,58.0,-1065.0
-44.0,-97.0,-874.0
97.0,-27.0,-936.0
39.0,-19.0,-1030.0
177.0,5.0,-958.0
-177.0,27.0,-1110.0
0.0,113.0,-1079.0
-13.0,111.0,-1126.0
-29.0,89.0,-1024.0
107.0,-146.0,-933.0
-29.0,37.0,-940.0
119.0,44.0,-1022.0
-46.0,29.0,-1063.0
-91.0,-25.0,-1020.0
-136.0,3.0,-1093.0
-7.0,210.0,-1063.0
-7.0,64.0,-1095.0
-83.0,-35.0,-956.0
21.0,7.0,-917.0
42.0,-1.0,-981.0
101.0,99.0,-1083.0
-189.0,-56.0,-1026.0
89.0,68.0,-907.0
-132.0,208.0,-1173.0
103.0,81.0,-1126.0
-64.0,-3.0,-1034.0
13.0,-83.0,-884.0
163.0,140.0,-958.0
52.0,-7.0,-1042.0
89.0,-83.0,-972.0
-119.0,-11.0,-1075.0
136.0,183.0,-1026.0
64.0,156.0,-1186.0
124.0,-33.0,-952.0
167.0,-60.0,-835.0
165.0,27.0,-954.0
341.0,-7.0,-1042.0
220.0,-78.0,-1018.0
251.0,-101.0,-985.0
238.0,152.0,-1052.0
388.0,142.0,-1114.0
286.0,-13.0,-1102.0
431.0,-111.0,-894.0
351.0,-11.0,-929.0
612.0,-29.0,-899.0
406.0,-5.0,-1108.0
374.0,-111.0,-1104.0
357.0,-48.0,-1091.0
271.0,224.0,-1036.0
394.0,21.0,-1089.0
230.0,-121.0,-970.0
431.0,-136.0,-843.0
292.0,134.0,-979.0
398.0,9.0,-1034.0
70.0,-46.0,-1042.0
117.0,-9.0,-1011.0
27.0,25.0,-1147.0
95.0,154.0,-1028.0
35.0,-23.0,-979.0
154.0,-91.0,-913.0
240.0,40.0,-929.0
60.0,115.0,-1056.0
74.0,-54.0,-1042.0
-206.0,-85.0,-1077.0
37.0,162.0,-1077.0
-89.0,187.0,-1196.0
91.0,3.0,-938.0
-7.0,-105.0,-976.0
185.0,-13.0,-991.0
93.0,1.0,-1050.0
83.0,5.0,-995.0
-66.0,-1.0,-1034.0
97.0,93.0,-1134.0
-42.0,85.0,-1159.0
242.0,-19.0,-1007.0
-58.0,-70.0,-892.0
427.0,-39.0,-880.0
62.0,136.0,-1139.0
242.0,-27.0,-1015.0
-119.0,-140.0,-1063.0
91.0,-23.0,-1036.0
42.0,103.0,-1182.0
15.0,152.0,-1005.0
156.0,-74.0,-962.0
11.0,-23.0,-890.0
247.0,-9.0,-1018.0
-42.0,-35.0,-1134.0
-103.0,-76.0,-983.0
-99.0,0.0,-921.0
-58.0,208.0,-1163.0
91.0,91.0,-1112.0
-136.0,-29.0,-960.0
54.0,-54.0,-853.0
-15.0,19.0,-966.0
107.0,111.0,-979.0
-138.0,-58.0,-1083.0
-54.0,19.0,-1040.0
-39.0,128.0,-1059.0
37.0,146.0,-1083.0
15.0,-23.0,-1013.0
-46.0,-31.0,-911.0
142.0,165.0,-913.0
-5.0,-39.0,-1091.0
72.0,-101.0,-1007.0
-113.0,-76.0,-1042.0
74.0,245.0,-1042.0
-99.0,97.0,-1134.0
64.0,-23.0,-952.0
-40.0,-42.0,-970.0
148.0,21.0,-925.0
146.0,0.0,-993.0
37.0,-95.0,-946.0
-105.0,-1.0,-1038.0
19.0,124.0,-1132.0
-97.0,156.0,-1184.0
107.0,-70.0,-954.0
-109.0,-150.0,-882.0
232.0,13.0,-942.0
-9.0,113.0,-1100.0
103.0,-15.0,-1059.0
-288.0,-165.0,-1011.0
15.0,13.0,-1032.0
-121.0,224.0,-1126.0
156.0,95.0,-1075.0
-175.0,-101.0,-952.0
162.0,-134.0,-841.0
44.0,97.0,-1046.0
199.0,122.0,-1054.0
-238.0,-17.0,-1057.0
-76.0,-5.0,-1001.0
-64.0,121.0,-1081.0
121.0,162.0,-1116.0
76.0,-95.0,-946.0
81.0,-48.0,-888.0
93.0,62.0,-993.0
89.0,124.0,-1048.0
-132.0,-13.0,-1073.0
17.0,-80.0,-979.0
7.0,122.0,-1079.0
242.0,68.0,-1059.0
83.0,48.0,-1013.0
128.0,-111.0,-917.0
60.0,9.0,-966.0
72.0,48.0,-1030.0
-9.0,-23.0,-1013.0
66.0,0.0,-1079.0
5.0,81.0,-1067.0
128.0,72.0,-1018.0
35.0,-37.0,-1044.0
19.0,-87.0,-944.0
279.0,-48.0,-938.0
-99.0,70.0,-1071.0
162.0,-50.0,-976.0
-271.0,23.0,-1036.0
199.0,11.0,-1046.0
7.0,126.0,-1155.0
74.0,0.0,-1095.0
5.0,-167.0,-921.0
-68.0,56.0,-929.0
68.0,15.0,-1011.0
-103.0,25.0,-1056.0
-122.0,-52.0,-1093.0
-179.0,46.0,-1022.0
130.0,189.0,-1124.0
-150.0,64.0,-1155.0
15.0,-48.0,-944.0
-117.0,-140.0,-899.0
74.0,-19.0,-946.0
46.0,109.0,-1024.0
-130.0,46.0,-1075.0
-17.0,39.0,-1116.0
-138.0,87.0,-1085.0
183.0,68.0,-1009.0
-52.0,0.0,-1015.0
66.0,-173.0,-940.0
130.0,5.0,-854.0
-27.0,44.0,-1032.0
33.0,-1.0,-1073.0
-111.0,5.0,-1005.0
132.0,132.0,-1097.0
-62.0,122.0,-1054.0
204.0,-17.0,-970.0
-187.0,-124.0,-929.0
353.0,-58.0,-921.0
-140.0,74.0,-1028.0
304.0,-52.0,-921.0
-322.0,62.0,-1044.0
267.0,46.0,-1112.0
-208.0,206.0,-1245.0
99.0,19.0,-948.0
-128.0,-144.0,-942.0
165.0,-140.0,-929.0
39.0,21.0,-1069.0
50.0,25.0,-1028.0
-204.0,-111.0,-997.0
-9.0,107.0,-1067.0
0.0,273.0,-1218.0
37.0,162.0,-1108.0
-162.0,-160.0,-915.0
81.0,-187.0,-862.0
-54.0,-5.0,-1024.0
177.0,68.0,-1015.0
-208.0,80.0,-1042.0
-1.0,72.0,-1073.0
-181.0,203.0,-1132.0
-9.0,124.0,-1167.0
-117.0,-83.0,-944.0
60.0,-124.0,-806.0
74.0,46.0,-956.0
203.0,17.0,-1134.0
-111.0,-89.0,-1020.0
-46.0,11.0,-929.0
37.0,224.0,-1098.0
-58.0,320.0,-1229.0
64.0,0.0,-1015.0
-81.0,-267.0,-864.0
214.0,-173.0,-792.0
185.0,83.0,-1069.0
101.0,70.0,-1075.0
-87.0,-15.0,-962.0
-179.0,206.0,-1098.0
97.0,115.0,-1145.0
-11.0,13.0,-1057.0
167.0,-148.0,-790.0
169.0,-78.0,-890.0
119.0,5.0,-1087.0
52.0,-165.0,-1063.0
-124.0,-23.0,-1018.0
-21.0,95.0,-1120.0
-148.0,329.0,-1184.0
177.0,162.0,-1015.0
-201.0,-244.0,-958.0
288.0,-201.0,-794.0
-83.0,-68.0,-1081.0
214.0,83.0,-1044.0
-392.0,13.0,-1095.0
-99.0,76.0,-1079.0
-197.0,197.0,-1122.0
37.0,169.0,-1052.0
37.0,-105.0,-966.0
214.0,-199.0,-888.0
3.0,23.0,-1009.0
46.0,11.0,-997.0
-119.0,-29.0,-1079.0
-187.0,-58.0,-1104.0
119.0,306.0,-1067.0
64.0,203.0,-1093.0
115.0,-76.0,-1005.0
72.0,-150.0,-851.0
136.0,-99.0,-905.0
193.0,83.0,-1032.0
-105.0,-46.0,-1061.0
-11.0,-105.0,-989.0
-23.0,263.0,-1077.0
-7.0,236.0,-1202.0
83.0,80.0,-976.0
99.0,-322.0,-749.0
206.0,-138.0,-878.0
224.0,-23.0,-1071.0
-177.0,19.0,-1132.0
-128.0,-60.0,-1040.0
-163.0,89.0,-1067.0
193.0,263.0,-997.0
62.0,72.0,-1143.0
-40.0,-89.0,-921.0
201.0,-244.0,-866.0
-312.0,-89.0,-1106.0
134.0,7.0,-1015.0
-378.0,105.0,-1106.0
37.0,203.0,-1069.0
-37.0,128.0,-1048.0
89.0,187.0,-1054.0
-177.0,-165.0,-1069.0
52.0,-138.0,-835.0
48.0,-23.0,-948.0
-50.0,91.0,-1085.0
42.0,25.0,-1005.0
-160.0,-21.0,-1042.0
21.0,152.0,-1054.0
72.0,244.0,-1100.0
-40.0,95.0,-1097.0
64.0,-62.0,-905.0
81.0,-107.0,-903.0
52.0,-136.0,-936.0
-58.0,17.0,-1015.0
23.0,113.0,-1050.0
-21.0,214.0,-1276.0
103.0,226.0,-1026.0
37.0,-48.0,-997.0
-31.0,-234.0,-819.0
267.0,-191.0,-903.0
-130.0,117.0,-1015.0
275.0,-13.0,-1024.0
-394.0,78.0,-1100.0
329.0,46.0,-979.0
-208.0,238.0,-1186.0
251.0,132.0,-999.0
-171.0,-195.0,-905.0
304.0,-156.0,-794.0
-97.0,-60.0,-1155.0
160.0,-5.0,-1048.0
-144.0,-99.0,-1015.0
1.0,13.0,-1052.0
0.0,337.0,-1141.0
44.0,185.0,-1132.0
-144.0,-249.0,-987.0
89.0,-242.0,-806.0
35.0,-17.0,-1003.0
31.0,216.0,-1141.0
-60.0,-46.0,-1030.0
-144.0,21.0,-1040.0
35.0,81.0,-1098.0
-177.0,261.0,-1116.0
66.0,37.0,-936.0
-56.0,-177.0,-1100.0
105.0,-150.0,-944.0
103.0,-76.0,-929.0
-191.0,50.0,-917.0
156.0,142.0,-1149.0
-81.0,355.0,-1286.0
203.0,206.0,-1151.0
-230.0,-136.0,-903.0
185.0,-271.0,-792.0
-103.0,-68.0,-936.0
372.0,52.0,-991.0
-257.0,-7.0,-1112.0
238.0,-48.0,-979.0
-300.0,230.0,-1171.0
255.0,189.0,-1026.0
-140.0,126.0,-1057.0
156.0,-236.0,-751.0
189.0,-81.0,-868.0
132.0,-52.0,-1139.0
163.0,-54.0,-1124.0
-292.0,-93.0,-974.0
-66.0,23.0,-987.0
56.0,302.0,-1098.0
-31.0,210.0,-1266.0
40.0,-150.0,-845.0
-40.0,-158.0,-845.0
21.0,-144.0,-989.0
197.0,17.0,-1097.0
-249.0,-76.0,-1073.0
134.0,-42.0,-954.0
-324.0,304.0,-1155.0
162.0,249.0,-1046.0
-390.0,78.0,-1214.0
277.0,-372.0,-825.0
-210.0,-163.0,-897.0
304.0,99.0,-755.0
-343.0,187.0,-1245.0
9.0,244.0,-1221.0
-58.0,206.0,-1313.0
68.0,-9.0,-1052.0
212.0,-216.0,-772.0
-48.0,-81.0,-751.0
296.0,162.0,-946.0
-31.0,-13.0,-1210.0
74.0,-81.0,-1083.0
103.0,-158.0,-1003.0
-249.0,195.0,-1079.0
165.0,267.0,-835.0
-171.0,376.0,-1093.0
-11.0,-60.0,-1057.0
355.0,-263.0,-872.0
35.0,-150.0,-1073.0
121.0,-154.0,-929.0
-257.0,238.0,-1015.0
7.0,187.0,-1126.0
58.0,154.0,-1245.0
1.0,-48.0,-964.0
222.0,-333.0,-833.0
-130.0,-101.0,-1013.0
292.0,19.0,-917.0
-134.0,144.0,-1026.0
11.0,-62.0,-1018.0
-160.0,56.0,-1145.0
-91.0,224.0,-1116.0
-74.0,148.0,-1108.0
-89.0,5.0,-894.0
228.0,-109.0,-913.0
44.0,-81.0,-1112.0
54.0,-117.0,-1032.0
-324.0,-35.0,-985.0
-37.0,154.0,-1153.0
-119.0,279.0,-1272.0
267.0,83.0,-1056.0
-144.0,-204.0,-882.0
76.0,-165.0,-802.0
-27.0,83.0,-1001.0
163.0,212.0,-1128.0
-191.0,-13.0,-1132.0
-27.0,-93.0,-921.0
-17.0,199.0,-1108.0
152.0,210.0,-1059.0
-13.0,85.0,-950.0
54.0,-214.0,-927.0
-1.0,-175.0,-1081.0
216.0,-117.0,-940.0
-60.0,-44.0,-977.0
-52.0,48.0,-1003.0
-19.0,286.0,-1079.0
165.0,261.0,-1110.0
-9.0,-62.0,-1063.0
15.0,-216.0,-837.0
29.0,-122.0,-913.0
138.0,105.0,-1026.0
83.0,23.0,-989.0
-117.0,-208.0,-972.0
-19.0,21.0,-1102.0
21.0,236.0,-1163.0
60.0,195.0,-1104.0
-152.0,-173.0,-946.0
72.0,-138.0,-849.0
-35.0,5.0,-1009.0
128.0,-42.0,-999.0
-228.0,-46.0,-1100.0
-107.0,3.0,-1093.0
-91.0,283.0,-1179.0
31.0,286.0,-1036.0
-52.0,-117.0,-954.0
-3.0,-163.0,-880.0
44.0,-87.0,-1018.0
152.0,40.0,-1034.0
-132.0,-37.0,-1040.0
-93.0,3.0,-976.0
-97.0,242.0,-1194.0
40.0,238.0,-1138.0
-31.0,50.0,-981.0
-21.0,-214.0,-831.0
171.0,-62.0,-931.0
101.0,78.0,-1057.0
44.0,-56.0,-1056.0
-105.0,-87.0,-993.0
-7.0,183.0,-1087.0
62.0,284.0,-1116.0
162.0,99.0,-1005.0
-58.0,-162.0,-882.0
222.0,-171.0,-870.0
95.0,-44.0,-1087.0
156.0,-42.0,-985.0
-97.0,31.0,-1026.0
-111.0,124.0,-1059.0
48.0,204.0,-1153.0
-54.0,136.0,-1104.0
136.0,-206.0,-909.0
-9.0,-99.0,-860.0
130.0,-19.0,-974.0
-3.0,-15.0,-1100.0
-154.0,-119.0,-1056.0
-115.0,29.0,-1050.0
1.0,269.0,-1141.0
1.0,187.0,-1093.0
-5.0,-17.0,-927.0
-87.0,-101.0,-929.0
169.0,-191.0,-977.0
-81.0,93.0,-1120.0
-91.0,-15.0,-1003.0
-136.0,44.0,-1018.0
-103.0,226.0,-1190.0
68.0,124.0,-1143.0
-105.0,1.0,-1009.0
21.0,-119.0,-833.0
119.0,80.0,-958.0
54.0,-1.0,-1046.0
29.0,-253.0,-954.0
-193.0,-7.0,-1118.0
236.0,214.0,-1085.0
-27.0,406.0,-1216.0
68.0,31.0,-905.0
-76.0,-171.0,-882.0
74.0,-146.0,-868.0
226.0,-78.0,-1079.0
56.0,5.0,-1067.0
-50.0,-29.0,-1015.0
-44.0,183.0,-1026.0
81.0,204.0,-1139.0
-52.0,27.0,-1046.0
60.0,-109.0,-845.0
9.0,-76.0,-927.0
245.0,-48.0,-962.0
-15.0,-124.0,-1044.0
-83.0,-121.0,-997.0
13.0,113.0,-1052.0
-72.0,361.0,-1196.0
50.0,175.0,-1087.0
-206.0,-150.0,-935.0
33.0,-247.0,-823.0
58.0,-58.0,-1079.0
156.0,25.0,-1067.0
-91.0,-42.0,-997.0
-148.0,68.0,-1007.0
-50.0,249.0,-1208.0
-66.0,122.0,-1151.0
-78.0,-107.0,-944.0
9.0,-39.0,-864.0
103.0,42.0,-972.0
138.0,-48.0,-1015.0
-52.0,-169.0,-1034.0
-54.0,-23.0,-1118.0
-124.0,310.0,-1100.0
167.0,349.0,-1085.0
-140.0,25.0,-991.0
138.0,-218.0,-890.0
19.0,-154.0,-954.0
242.0,-42.0,-1011.0
-1.0,74.0,-1046.0
-66.0,-19.0,-981.0
-21.0,201.0,-1120.0
-52.0,175.0,-1118.0
154.0,58.0,-1056.0
-50.0,-191.0,-847.0
320.0,-42.0,-841.0
80.0,87.0,-1026.0
206.0,-175.0,-1044.0
-281.0,-130.0,-1007.0
121.0,40.0,-1028.0
-119.0,427.0,-1253.0
191.0,132.0,-950.0
-52.0,-89.0,-929.0
93.0,-236.0,-829.0
204.0,-87.0,-1098.0
-60.0,3.0,-1073.0
58.0,-140.0,-977.0
-339.0,220.0,-1061.0
142.0,259.0,-1214.0
-124.0,224.0,-1169.0
25.0,-224.0,-913.0
11.0,-134.0,-870.0
66.0,37.0,-1018.0
60.0,-7.0,-1063.0
-201.0,-89.0,-1024.0
-117.0,-68.0,-1139.0
-156.0,288.0,-1087.0
234.0,366.0,-1071.0
-218.0,1.0,-1003.0
216.0,-187.0,-849.0
-138.0,-40.0,-950.0
316.0,-37.0,-1124.0
-249.0,-58.0,-1061.0
85.0,-66.0,-903.0
-144.0,327.0,-1112.0
204.0,226.0,-1116.0
-11.0,119.0,-1069.0
-50.0,-214.0,-919.0
195.0,-144.0,-849.0
11.0,68.0,-1013.0
156.0,-122.0,-1054.0
-222.0,-64.0,-981.0
15.0,158.0,-1005.0
-15.0,331.0,-1235.0
74.0,117.0,-1106.0
-11.0,-162.0,-847.0
27.0,-109.0,-767.0
132.0,-46.0,-1046.0
44.0,-56.0,-1028.0
-93.0,-40.0,-1091.0
-97.0,9.0,-1007.0
103.0,288.0,-1116.0
-193.0,226.0,-1145.0
91.0,-138.0,-925.0
-162.0,-99.0,-905.0
126.0,-152.0,-944.0
142.0,0.0,-1059.0
-165.0,-105.0,-1024.0
19.0,93.0,-1081.0
-259.0,195.0,-1220.0
201.0,212.0,-1083.0
-257.0,46.0,-1052.0
95.0,-206.0,-884.0
80.0,-42.0,-907.0
70.0,-25.0,-1034.0
31.0,-42.0,-1061.0
-169.0,-1.0,-1104.0
39.0,288.0,-1116.0
-15.0,277.0,-1087.0
39.0,46.0,-1003.0
-111.0,-218.0,-905.0
244.0,-101.0,-950.0
85.0,-23.0,-1042.0
222.0,-80.0,-991.0
-273.0,-21.0,-1044.0
128.0,130.0,-976.0
11.0,351.0,-1206.0
-37.0,39.0,-1126.0
81.0,-124.0,-839.0
-48.0,-31.0,-858.0
339.0,-93.0,-952.0
29.0,-89.0,-1042.0
-89.0,-189.0,-995.0
-35.0,185.0,-1145.0
-68.0,349.0,-1202.0
87.0,119.0,-1056.0
-242.0,-128.0,-933.0
81.0,-263.0,-825.0
93.0,-1.0,-1007.0
121.0,15.0,-1126.0
-101.0,-126.0,-987.0
-193.0,80.0,-1069.0
-138.0,189.0,-1151.0
81.0,286.0,-1134.0
-187.0,-48.0,-1022.0
158.0,-191.0,-876.0
15.0,-74.0,-952.0
230.0,-48.0,-917.0
-111.0,-76.0,-1114.0
-195.0,-13.0,-1077.0
46.0,296.0,-1091.0
-109.0,365.0,-1180.0
105.0,-13.0,-944.0
-58.0,-169.0,-866.0
68.0,-158.0,-942.0
236.0,52.0,-1061.0
-105.0,5.0,-1028.0
-19.0,-66.0,-970.0
-148.0,226.0,-1100.0
140.0,234.0,-1212.0
-70.0,115.0,-1098.0
-1.0,-154.0,-847.0
177.0,-132.0,-800.0
81.0,31.0,-1056.0
126.0,-154.0,-997.0
-238.0,-91.0,-1038.0
-99.0,97.0,-1108.0
7.0,343.0,-1136.0
121.0,320.0,-1018.0
-162.0,-193.0,-933.0
275.0,-210.0,-790.0
-89.0,-87.0,-1087.0
277.0,-138.0,-985.0
-421.0,25.0,-1059.0
316.0,44.0,-909.0
-329.0,322.0,-1383.0
493.0,148.0,-884.0
-489.0,-7.0,-1112.0
132.0,-273.0,-788.0
195.0,-11.0,-1009.0
144.0,25.0,-1040.0
-78.0,-193.0,-1102.0
-214.0,107.0,-886.0
109.0,238.0,-1245.0
-177.0,242.0,-1130.0
283.0,-21.0,-913.0
-421.0,-109.0,-987.0
527.0,-54.0,-833.0
-269.0,-11.0,-1165.0
273.0,-195.0,-944.0
-450.0,29.0,-1139.0
152.0,271.0,-993.0
40.0,347.0,-1264.0
-115.0,87.0,-1063.0
64.0,-298.0,-895.0
83.0,-5.0,-829.0
292.0,-40.0,-1067.0
-42.0,-66.0,-981.0
-31.0,-27.0,-1005.0
-140.0,105.0,-1206.0
162.0,249.0,-1114.0
33.0,122.0,-1032.0
9.0,-111.0,-835.0
169.0,-81.0,-819.0
74.0,-50.0,-1020.0
197.0,-105.0,-1134.0
-327.0,-95.0,-1114.0
121.0,58.0,-894.0
-115.0,283.0,-1220.0
42.0,218.0,-1087.0
15.0,17.0,-931.0
-64.0,-220.0,-936.0
197.0,-257.0,-913.0
23.0,13.0,-1050.0
-122.0,-21.0,-1067.0
-11.0,40.0,-1034.0
-175.0,259.0,-1128.0
165.0,163.0,-1095.0
-93.0,23.0,-1032.0
167.0,-189.0,-810.0
44.0,-66.0,-876.0
140.0,-23.0,-1044.0
-201.0,-87.0,-1112.0
-85.0,-42.0,-1098.0
-175.0,204.0,-1136.0
134.0,279.0,-1011.0
-203.0,107.0,-1067.0
148.0,-234.0,-831.0
-37.0,-70.0,-960.0
226.0,-99.0,-927.0
-17.0,17.0,-1114.0
-203.0,-3.0,-1042.0
134.0,271.0,-1007.0
-124.0,224.0,-1175.0
132.0,33.0,-1056.0
-64.0,-62.0,-921.0
214.0,-163.0,-831.0
66.0,-40.0,-968.0
-52.0,-56.0,-1026.0
-76.0,-97.0,-1147.0
-81.0,109.0,-1024.0
85.0,273.0,-1032.0
-39.0,240.0,-1093.0
7.0,-83.0,-946.0
64.0,-169.0,-835.0
179.0,-142.0,-962.0
130.0,-33.0,-1032.0
-93.0,-21.0,-1036.0
0.0,25.0,-1100.0
-7.0,238.0,-1114.0
68.0,230.0,-1110.0
-89.0,-119.0,-1022.0
60.0,-189.0,-886.0
81.0,-42.0,-921.0
87.0,9.0,-1028.0
-119.0,-124.0,-1073.0
-210.0,-99.0,-1108.0
29.0,322.0,-1093.0
81.0,341.0,-1136.0
-156.0,42.0,-1022.0
39.0,-187.0,-808.0
15.0,-128.0,-976.0
236.0,-23.0,-981.0
-46.0,-3.0,-1071.0
-232.0,1.0,-1095.0
85.0,245.0,-1108.0
15.0,296.0,-1118.0
52.0,-9.0,-1065.0
-279.0,-115.0,-956.0
240.0,-130.0,-765.0
142.0,-58.0,-1067.0
119.0,-29.0,-1067.0
-122.0,-54.0,-1069.0
-89.0,152.0,-1003.0
163.0,230.0,-1085.0
160.0,206.0,-1032.0
-48.0,-163.0,-958.0
167.0,-271.0,-827.0
206.0,33.0,-962.0
283.0,-23.0,-1059.0
-275.0,-5.0,-1042.0
93.0,62.0,-929.0
-48.0,179.0,-1301.0
193.0,224.0,-1052.0
-70.0,-5.0,-952.0
-132.0,-165.0,-860.0
244.0,-113.0,-960.0
31.0,-25.0,-983.0
21.0,-148.0,-1091.0
-294.0,72.0,-1173.0
31.0,228.0,-1120.0
89.0,300.0,-1003.0
-150.0,-17.0,-1024.0
-119.0,-93.0,-935.0
74.0,-224.0,-915.0
154.0,-113.0,-1026.0
-44.0,-13.0,-960.0
-324.0,203.0,-1184.0
-52.0,165.0,-1110.0
132.0,210.0,-1089.0
-156.0,-52.0,-1077.0
122.0,-99.0,-847.0
-150.0,-50.0,-968.0
439.0,-37.0,-890.0
-146.0,-136.0,-1198.0
-281.0,0.0,-1057.0
-23.0,232.0,-1028.0
-68.0,277.0,-1221.0
160.0,80.0,-1050.0
-255.0,-101.0,-853.0
169.0,-234.0,-786.0
136.0,-81.0,-1097.0
302.0,80.0,-954.0
-452.0,-1.0,-1104.0
3.0,138.0,-917.0
115.0,263.0,-1288.0
105.0,68.0,-1147.0
91.0,-136.0,-704.0
-261.0,-89.0,-831.0
527.0,-83.0,-1013.0
93.0,-31.0,-1139.0
-29.0,-154.0,-1007.0
-169.0,23.0,-997.0
-1.0,384.0,-1116.0
288.0,245.0,-1059.0
-224.0,-109.0,-1114.0
101.0,-357.0,-739.0
68.0,-111.0,-966.0
242.0,115.0,-1063.0
-74.0,40.0,-1138.0
-226.0,68.0,-981.0
-21.0,72.0,-1149.0
117.0,236.0,-1048.0
-113.0,150.0,-1141.0
-298.0,-306.0,-892.0
134.0,-70.0,-864.0
132.0,-23.0,-1124.0
199.0,-7.0,-997.0
-236.0,44.0,-958.0
-165.0,99.0,-1153.0
163.0,404.0,-1149.0
-97.0,251.0,-1167.0
-50.0,-218.0,-952.0
163.0,-195.0,-737.0
238.0,-181.0,-1013.0
162.0,56.0,-890.0
-308.0,99.0,-1216.0
-234.0,107.0,-1188.0
230.0,222.0,-1120.0
-37.0,203.0,-981.0
261.0,-122.0,-790.0
-222.0,-56.0,-954.0
499.0,-203.0,-892.0
-37.0,-148.0,-1141.0
-277.0,-40.0,-1063.0
-68.0,89.0,-1013.0
-169.0,491.0,-1216.0
333.0,42.0,-972.0
-234.0,68.0,-1018.0
74.0,-308.0,-774.0
222.0,-39.0,-1018.0
156.0,39.0,-1098.0
56.0,-230.0,-1020.0
-505.0,232.0,-1048.0
126.0,126.0,-1005.0
-70.0,154.0,-1327.0
-13.0,-162.0,-985.0
-156.0,-162.0,-796.0
74.0,19.0,-843.0
286.0,68.0,-1208.0
-259.0,11.0,-1056.0
-39.0,-124.0,-983.0
-421.0,150.0,-1202.0
398.0,343.0,-977.0
-210.0,87.0,-1075.0
-39.0,-138.0,-890.0
165.0,-74.0,-1048.0
191.0,5.0,-1087.0
208.0,-162.0,-952.0
-569.0,-64.0,-983.0
29.0,121.0,-948.0
42.0,347.0,-1171.0
128.0,226.0,-1159.0
66.0,-183.0,-964.0
-144.0,-169.0,-958.0
341.0,-165.0,-757.0
15.0,134.0,-933.0
-156.0,-62.0,-1136.0
-99.0,199.0,-1065.0
261.0,331.0,-1212.0
140.0,-3.0,-1171.0
267.0,-171.0,-806.0
-353.0,-216.0,-802.0
509.0,-7.0,-880.0
-259.0,91.0,-1251.0
222.0,-271.0,-981.0
-568.0,19.0,-1044.0
294.0,154.0,-979.0
-101.0,425.0,-1180.0
183.0,103.0,-976.0
-333.0,-214.0,-884.0
302.0,-187.0,-757.0
-85.0,-93.0,-1257.0
126.0,-91.0,-1052.0
-304.0,83.0,-1063.0
21.0,76.0,-1136.0
204.0,183.0,-1134.0
-269.0,99.0,-1013.0
140.0,-199.0,-728.0
-169.0,-83.0,-1108.0
267.0,-35.0,-997.0
-66.0,78.0,-1106.0
-528.0,148.0,-1116.0
308.0,203.0,-974.0
33.0,386.0,-1220.0
255.0,-105.0,-983.0
-173.0,-228.0,-763.0
62.0,-136.0,-919.0
238.0,-60.0,-1227.0
138.0,39.0,-993.0
-124.0,-87.0,-987.0
-134.0,220.0,-977.0
210.0,452.0,-1081.0
50.0,163.0,-1126.0
-17.0,-191.0,-1048.0
-146.0,-234.0,-735.0
400.0,-46.0,-786.0
-44.0,81.0,-1218.0
-1.0,3.0,-1077.0
-257.0,50.0,-1145.0
66.0,11.0,-1095.0
175.0,175.0,-911.0
-74.0,40.0,-985.0
-89.0,-109.0,-1081.0
279.0,-83.0,-964.0
103.0,-160.0,-1071.0
-17.0,-189.0,-913.0
-238.0,224.0,-1003.0
-81.0,318.0,-1245.0
265.0,281.0,-1190.0
-218.0,-189.0,-1007.0
31.0,-466.0,-630.0
-85.0,-105.0,-899.0
271.0,212.0,-1216.0
-35.0,142.0,-1136.0
-173.0,-62.0,-1009.0
-261.0,-19.0,-936.0
402.0,318.0,-1038.0
-361.0,132.0,-1307.0
290.0,-220.0,-800.0
-337.0,117.0,-1005.0
464.0,-122.0,-999.0
-50.0,-13.0,-1050.0
-267.0,-158.0,-948.0
11.0,62.0,-974.0
9.0,513.0,-1262.0
72.0,158.0,-1171.0
-15.0,-140.0,-892.0
-144.0,-308.0,-839.0
415.0,-93.0,-817.0
93.0,255.0,-1134.0
-179.0,39.0,-1139.0
-230.0,173.0,-1036.0
89.0,189.0,-1108.0
160.0,93.0,-1054.0
101.0,-50.0,-868.0
-146.0,-208.0,-944.0
130.0,-95.0,-1020.0
76.0,-19.0,-958.0
-81.0,-183.0,-1038.0
-160.0,42.0,-1095.0
111.0,347.0,-1093.0
238.0,261.0,-1042.0
-144.0,-122.0,-1020.0
7.0,-283.0,-782.0
11.0,-46.0,-1011.0
126.0,-17.0,-1104.0
66.0,-7.0,-1003.0
-407.0,-5.0,-1165.0
70.0,132.0,-958.0
134.0,331.0,-1085.0
-160.0,-74.0,-1184.0
91.0,-163.0,-858.0
-244.0,-19.0,-1007.0
329.0,-37.0,-1079.0
-68.0,-42.0,-1100.0
-160.0,-142.0,-870.0
-39.0,212.0,-966.0
-29.0,376.0,-1214.0
58.0,95.0,-1208.0
-281.0,-60.0,-979.0
132.0,-208.0,-831.0
210.0,33.0,-927.0
134.0,37.0,-1042.0
-163.0,-109.0,-970.0
-37.0,17.0,-1087.0
-13.0,253.0,-1251.0
294.0,290.0,-977.0
-58.0,-195.0,-958.0
91.0,-353.0,-839.0
97.0,-29.0,-956.0
167.0,189.0,-952.0
-136.0,15.0,-1161.0
-91.0,-25.0,-1048.0
-193.0,40.0,-1194.0
-56.0,208.0,-866.0
-195.0,136.0,-1040.0
-318.0,-140.0,-1071.0
1.0,-117.0,-1011.0
-95.0,-62.0,-942.0
-173.0,-222.0,-956.0
-353.0,236.0,-995.0
-359.0,288.0,-1225.0
-163.0,222.0,-1208.0
-497.0,-60.0,-1100.0
-52.0,-275.0,-706.0
-534.0,-169.0,-911.0
-42.0,42.0,-1036.0
-474.0,70.0,-1139.0
-423.0,-1.0,-1073.0
-540.0,156.0,-1065.0
-206.0,283.0,-1188.0
-528.0,130.0,-1145.0
111.0,-78.0,-737.0
-316.0,-109.0,-890.0
150.0,-249.0,-1048.0
-259.0,48.0,-1138.0
-251.0,-48.0,-1085.0
-294.0,189.0,-956.0
-44.0,238.0,-1093.0
-212.0,163.0,-1167.0
95.0,-42.0,-942.0
-300.0,-226.0,-890.0
126.0,-97.0,-903.0
-255.0,113.0,-1130.0
-83.0,-46.0,-1073.0
-177.0,171.0,-960.0
7.0,203.0,-1057.0
-15.0,140.0,-1054.0
-13.0,-193.0,-981.0
-95.0,-242.0,-843.0
99.0,-31.0,-868.0
7.0,85.0,-1095.0
-68.0,-52.0,-999.0
-138.0,70.0,-979.0
-204.0,195.0,-1040.0
193.0,160.0,-1071.0
-283.0,-54.0,-1153.0
81.0,-306.0,-821.0
-126.0,29.0,-936.0
42.0,-19.0,-942.0
29.0,-74.0,-1052.0
-185.0,-39.0,-1075.0
111.0,154.0,-1110.0
-169.0,413.0,-1157.0
-21.0,64.0,-1095.0
-162.0,-232.0,-890.0
40.0,-158.0,-909.0
64.0,58.0,-1030.0
23.0,39.0,-1079.0
-242.0,-97.0,-1104.0
-23.0,109.0,-1036.0
-105.0,378.0,-1134.0
-52.0,179.0,-1071.0
81.0,-199.0,-964.0
-171.0,-165.0,-981.0
265.0,-50.0,-936.0
-42.0,101.0,-1093.0
89.0,-126.0,-931.0
-146.0,212.0,-1061.0
37.0,267.0,-1241.0
-87.0,249.0,-1124.0
-48.0,-152.0,-868.0
119.0,-267.0,-804.0
199.0,-42.0,-948.0
201.0,140.0,-1087.0
-89.0,-54.0,-1026.0
52.0,-3.0,-1026.0
-144.0,265.0,-1118.0
255.0,267.0,-1083.0
-193.0,-44.0,-1007.0
150.0,-288.0,-767.0
78.0,-68.0,-997.0
199.0,-44.0,-1093.0
-37.0,-23.0,-983.0
-105.0,13.0,-956.0
-56.0,185.0,-1179.0
-152.0,304.0,-1184.0
-97.0,-58.0,-1079.0
91.0,-199.0,-772.0
-7.0,-195.0,-872.0
238.0,-3.0,-1048.0
-130.0,35.0,-1204.0
-199.0,-29.0,-1071.0
-245.0,181.0,-958.0
83.0,308.0,-1169.0
-267.0,56.0,-1089.0
261.0,-105.0,-827.0
-337.0,-203.0,-997.0
472.0,-107.0,-997.0
-331.0,105.0,-1177.0
113.0,-119.0,-923.0
-273.0,193.0,-997.0
19.0,294.0,-1097.0
78.0,183.0,-1179.0
-81.0,-99.0,-1079.0
158.0,-284.0,-810.0
70.0,1.0,-884.0
97.0,7.0,-1013.0
-109.0,-70.0,-1106.0
-27.0,134.0,-1104.0
-42.0,232.0,-1073.0
140.0,185.0,-974.0
7.0,-177.0,-1018.0
97.0,-234.0,-897.0
115.0,-40.0,-936.0
58.0,21.0,-1018.0
85.0,-37.0,-1024.0
-189.0,33.0,-1022.0
124.0,208.0,-1026.0
-128.0,218.0,-1214.0
17.0,-107.0,-1020.0
46.0,-234.0,-886.0
44.0,-93.0,-948.0
148.0,21.0,-979.0
-171.0,-48.0,-1056.0
-140.0,-124.0,-1087.0
-122.0,232.0,-1126.0
0.0,386.0,-1120.0
19.0,70.0,-1032.0
-64.0,-249.0,-864.0
56.0,-195.0,-888.0
81.0,119.0,-1102.0
7.0,-13.0,-1138.0
-132.0,-74.0,-905.0
-58.0,189.0,-1034.0
-42.0,296.0,-1216.0
44.0,136.0,-1106.0
-83.0,-152.0,-913.0
70.0,-167.0,-894.0
52.0,74.0,-976.0
95.0,39.0,-1050.0
-222.0,-148.0,-1122.0
48.0,56.0,-954.0
5.0,368.0,-1221.0
23.0,314.0,-1081.0
95.0,-130.0,-915.0
-81.0,-261.0,-849.0
267.0,-167.0,-962.0
21.0,144.0,-1143.0
56.0,-29.0,-1024.0
-11.0,111.0,-921.0
-134.0,236.0,-1067.0
286.0,158.0,-1139.0
-314.0,-101.0,-1169.0
357.0,-294.0,-741.0
-140.0,81.0,-931.0
296.0,17.0,-1009.0
-142.0,-99.0,-1042.0
1.0,-132.0,-1024.0
-160.0,185.0,-1118.0
165.0,368.0,-1091.0
-230.0,46.0,-1106.0
216.0,-298.0,-771.0
-122.0,-136.0,-944.0
288.0,-95.0,-966.0
-56.0,19.0,-1147.0
-160.0,-29.0,-1056.0
-33.0,181.0,-985.0
-107.0,396.0,-1138.0
-9.0,-99.0,-1116.0
124.0,-183.0,-942.0
-140.0,-138.0,-923.0
290.0,35.0,-909.0
-263.0,54.0,-1093.0
27.0,-189.0,-1081.0
-195.0,134.0,-1106.0
66.0,314.0,-1087.0
-40.0,279.0,-1040.0
80.0,-111.0,-958.0
0.0,-286.0,-870.0
238.0,-80.0,-979.0
-103.0,58.0,-1143.0
130.0,-70.0,-915.0
-191.0,208.0,-1075.0
136.0,212.0,-1059.0
29.0,277.0,-1104.0
-35.0,-230.0,-1018.0
128.0,-341.0,-849.0
115.0,46.0,-977.0
80.0,56.0,-997.0
81.0,-83.0,-938.0
-242.0,-111.0,-1032.0
236.0,179.0,-1177.0
-201.0,376.0,-1241.0
138.0,-60.0,-903.0
-165.0,-228.0,-849.0
121.0,-222.0,-915.0
11.0,29.0,-1097.0
-191.0,5.0,-1100.0
-138.0,-64.0,-1028.0
-378.0,216.0,-1089.0
-136.0,288.0,-1126.0
-609.0,50.0,-1145.0
-95.0,-218.0,-813.0
-603.0,-146.0,-1052.0
-117.0,25.0,-1046.0
-765.0,-25.0,-1032.0
-491.0,-136.0,-940.0
-759.0,232.0,-1065.0
-509.0,415.0,-1272.0
-946.0,130.0,-1114.0
-593.0,-150.0,-839.0
-839.0,-187.0,-895.0
-439.0,40.0,-1013.0
-929.0,162.0,-1186.0
-1044.0,-273.0,-1024.0
-905.0,115.0,-952.0
-1038.0,312.0,-1311.0
-853.0,214.0,-1040.0
-1024.0,-11.0,-981.0
-1046.0,-253.0,-854.0
-571.0,-17.0,-884.0
-1290.0,117.0,-1171.0
-917.0,-191.0,-1085.0
-1298.0,-29.0,-1005.0
-1050.0,193.0,-1056.0
-1040.0,365.0,-1124.0
-1260.0,-58.0,-1134.0
-962.0,-378.0,-802.0
-1009.0,1.0,-854.0
-1030.0,115.0,-1071.0
-1239.0,-103.0,-1052.0
-1342.0,-134.0,-1083.0
-1116.0,-5.0,-940.0
-966.0,448.0,-1046.0
-1413.0,15.0,-1184.0
-948.0,-201.0,-847.0
-1368.0,-187.0,-960.0
-1089.0,-7.0,-921.0
-1395.0,109.0,-1177.0
-1606.0,-275.0,-942.0
-1294.0,25.0,-954.0
-1555.0,370.0,-1145.0
-1315.0,286.0,-1083.0
-1544.0,-189.0,-1020.0
-1233.0,-230.0,-851.0
-1165.0,-23.0,-765.0
-1335.0,13.0,-1048.0
-1452.0,-136.0,-1141.0
-1401.0,31.0,-1112.0
-1321.0,187.0,-1024.0
-1276.0,277.0,-1235.0
-1255.0,1.0,-1005.0
-1290.0,-249.0,-847.0
-1208.0,-52.0,-810.0
-1208.0,105.0,-1034.0
-1362.0,-78.0,-1079.0
-970.0,21.0,-976.0
-1282.0,322.0,-1093.0
-1167.0,-158.0,-1124.0
-1227.0,-203.0,-987.0
-1337.0,-48.0,-839.0
-1241.0,25.0,-1020.0
-1626.0,148.0,-1180.0
-1436.0,-99.0,-981.0
-1448.0,117.0,-962.0
-1450.0,370.0,-1214.0
-1419.0,-70.0,-1069.0
-1467.0,-95.0,-931.0
-1321.0,-103.0,-792.0
-1292.0,29.0,-991.0
-1272.0,113.0,-1048.0
-1452.0,-72.0,-997.0
-1161.0,136.0,-995.0
-1321.0,5.0,-1327.0
-1358.0,163.0,-1301.0
-1184.0,-193.0,-767.0
-1389.0,70.0,-732.0
-979.0,-103.0,-1040.0
-1462.0,376.0,-1233.0
-901.0,-382.0,-991.0
-1124.0,333.0,-1346.0
-335.0,42.0,-966.0
-917.0,113.0,-911.0
-378.0,-7.0,-720.0
-431.0,-25.0,-1104.0
-314.0,87.0,-1153.0
-181.0,-306.0,-1132.0
-431.0,29.0,-1126.0
-58.0,93.0,-1020.0
-148.0,284.0,-976.0
-68.0,261.0,-1056.0
-226.0,-376.0,-1065.0
-191.0,128.0,-981.0
179.0,-9.0,-909.0
234.0,341.0,-1040.0
484.0,-173.0,-946.0
132.0,-284.0,-827.0
435.0,413.0,-1095.0
398.0,-482.0,-1184.0
320.0,142.0,-1018.0
646.0,-7.0,-739.0
324.0,64.0,-1100.0
1091.0,320.0,-823.0
162.0,-284.0,-1020.0
749.0,1.0,-952.0
577.0,-290.0,-1085.0
835.0,288.0,-1198.0
361.0,302.0,-1221.0
1126.0,-122.0,-755.0
620.0,-126.0,-960.0
1372.0,-277.0,-813.0
585.0,203.0,-1161.0
872.0,-85.0,-1093.0
593.0,128.0,-1249.0
771.0,17.0,-1089.0
927.0,-99.0,-995.0
585.0,103.0,-788.0
1247.0,-267.0,-895.0
868.0,431.0,-1159.0
1175.0,-83.0,-1093.0
579.0,347.0,-1210.0
979.0,-277.0,-979.0
808.0,99.0,-1249.0
1358.0,0.0,-919.0
784.0,99.0,-1083.0
1106.0,-33.0,-913.0
1106.0,-93.0,-1147.0
1024.0,-31.0,-989.0
942.0,255.0,-1015.0
702.0,-128.0,-1056.0
1292.0,179.0,-1020.0
1034.0,163.0,-1161.0
1321.0,-119.0,-1093.0
1202.0,-138.0,-839.0
1341.0,-7.0,-954.0
1471.0,64.0,-1024.0
1044.0,142.0,-1167.0
1276.0,-64.0,-845.0
1161.0,17.0,-1120.0
1590.0,-17.0,-1167.0
788.0,-124.0,-1013.0
1245.0,64.0,-728.0
948.0,111.0,-1108.0
1600.0,23.0,-931.0
786.0,-191.0,-1005.0
1251.0,25.0,-925.0
970.0,372.0,-1286.0
1317.0,7.0,-1030.0
1028.0,-33.0,-1026.0
911.0,-101.0,-903.0
1458.0,-140.0,-880.0
1294.0,169.0,-1108.0
1225.0,-189.0,-1050.0
933.0,-42.0,-915.0
1173.0,156.0,-1091.0
1510.0,91.0,-1227.0
964.0,7.0,-1132.0
1348.0,130.0,-726.0
823.0,160.0,-1018.0
1573.0,-244.0,-936.0
856.0,-81.0,-1003.0
1112.0,101.0,-991.0
841.0,312.0,-1106.0
1506.0,46.0,-948.0
956.0,5.0,-1151.0
1182.0,-169.0,-876.0
1081.0,-42.0,-847.0
1489.0,-68.0,-882.0
1350.0,33.0,-1118.0
1112.0,-29.0,-989.0
1171.0,87.0,-950.0
1180.0,-23.0,-1143.0
1288.0,19.0,-1102.0
907.0,-81.0,-1138.0
897.0,214.0,-915.0
1038.0,54.0,-870.0
845.0,-5.0,-997.0
878.0,-150.0,-981.0
566.0,23.0,-1098.0
786.0,7.0,-1139.0
534.0,-13.0,-1114.0
566.0,13.0,-1003.0
556.0,52.0,-884.0
722.0,37.0,-847.0
501.0,80.0,-1040.0
573.0,-19.0,-1063.0
148.0,89.0,-1141.0
450.0,-37.0,-1015.0
232.0,99.0,-1145.0
136.0,27.0,-1083.0
304.0,226.0,-962.0
115.0,101.0,-1044.0
439.0,-181.0,-970.0
23.0,23.0,-995.0
347.0,-48.0,-1024.0
119.0,216.0,-1145.0
234.0,146.0,-1118.0
113.0,66.0,-1075.0
183.0,87.0,-989.0
316.0,-97.0,-868.0
443.0,23.0,-993.0
327.0,121.0,-1130.0
179.0,60.0,-1020.0
267.0,5.0,-1032.0
99.0,-50.0,-1171.0
349.0,7.0,-1013.0
208.0,37.0,-991.0
409.0,-11.0,-880.0
286.0,-37.0,-989.0
331.0,-72.0,-1011.0
142.0,-39.0,-956.0
21.0,60.0,-974.0
183.0,-23.0,-1056.0
62.0,162.0,-1153.0
68.0,17.0,-927.0
158.0,-122.0,-847.0
124.0,-150.0,-827.0
368.0,66.0,-927.0
-66.0,152.0,-1018.0
181.0,-93.0,-976.0
-271.0,13.0,-913.0
281.0,-31.0,-952.0
-126.0,5.0,-1020.0
245.0,13.0,-765.0
-39.0,-15.0,-732.0
357.0,105.0,-769.0
-113.0,142.0,-948.0
37.0,-7.0,-759.0
-206.0,-70.0,-808.0
64.0,21.0,-872.0
-70.0,163.0,-878.0
232.0,152.0,-638.0
-68.0,70.0,-583.0
269.0,-7.0,-562.0
31.0,37.0,-667.0
81.0,81.0,-704.0
31.0,138.0,-669.0
15.0,40.0,-786.0
113.0,91.0,-650.0
39.0,66.0,-562.0
189.0,42.0,-448.0
199.0,62.0,-536.0
163.0,232.0,-634.0
54.0,162.0,-614.0
-27.0,39.0,-653.0
9.0,33.0,-710.0
80.0,48.0,-692.0
64.0,111.0,-517.0
142.0,212.0,-480.0
144.0,220.0,-562.0
275.0,50.0,-609.0
-111.0,154.0,-650.0
87.0,54.0,-589.0
-160.0,175.0,-663.0
244.0,204.0,-712.0
-249.0,177.0,-759.0
179.0,52.0,-472.0
-201.0,173.0,-544.0
400.0,283.0,-601.0
-189.0,224.0,-702.0
37.0,162.0,-544.0
-290.0,128.0,-726.0
117.0,203.0,-749.0
-46.0,240.0,-716.0
66.0,226.0,-507.0
44.0,156.0,-491.0
148.0,271.0,-523.0
46.0,296.0,-698.0
-62.0,191.0,-624.0
-134.0,76.0,-571.0
0.0,181.0,-585.0
50.0,290.0,-577.0
58.0,226.0,-486.0
-39.0,220.0,-435.0
154.0,56.0,-390.0
44.0,212.0,-382.0
66.0,273.0,-456.0
-111.0,304.0,-501.0
44.0,162.0,-521.0
-39.0,121.0,-499.0
189.0,206.0,-431.0
66.0,122.0,-316.0
242.0,197.0,-316.0
56.0,232.0,-488.0
68.0,212.0,-507.0
-150.0,167.0,-525.0
60.0,83.0,-544.0
0.0,113.0,-558.0
81.0,191.0,-452.0
15.0,247.0,-489.0
35.0,78.0,-476.0
111.0,117.0,-478.0
-165.0,283.0,-495.0
-21.0,177.0,-509.0
-167.0,230.0,-505.0
54.0,214.0,-593.0
-113.0,89.0,-536.0
-117.0,60.0,-374.0
60.0,76.0,-283.0
27.0,249.0,-462.0
62.0,191.0,-466.0
-284.0,181.0,-505.0
-52.0,17.0,-489.0
-97.0,144.0,-591.0
21.0,203.0,-552.0
29.0,203.0,-521.0
-21.0,70.0,-380.0
269.0,154.0,-423.0
-13.0,255.0,-486.0
60.0,165.0,-441.0
-179.0,48.0,-466.0
68.0,78.0,-587.0
0.0,163.0,-454.0
70.0,140.0,-255.0
23.0,206.0,-292.0
111.0,48.0,-314.0
81.0,169.0,-386.0
-68.0,136.0,-361.0
-5.0,124.0,-431.0
-138.0,171.0,-497.0
197.0,169.0,-417.0
-111.0,249.0,-331.0
220.0,-29.0,-204.0
60.0,-25.0,-324.0
177.0,162.0,-308.0
-3.0,169.0,-275.0
-95.0,244.0,-366.0
-37.0,185.0,-472.0
-39.0,267.0,-388.0
39.0,150.0,-355.0
-15.0,115.0,-224.0
29.0,191.0,-283.0
130.0,156.0,-386.0
-58.0,210.0,-448.0
-56.0,87.0,-310.0
-177.0,126.0,-488.0
158.0,230.0,-527.0
-156.0,273.0,-534.0
191.0,253.0,-238.0
-152.0,230.0,-314.0
240.0,240.0,-259.0
-37.0,292.0,-361.0
74.0,70.0,-322.0
-314.0,160.0,-407.0
128.0,212.0,-417.0
0.0,284.0,-404.0
-17.0,261.0,-284.0
142.0,206.0,-134.0
56.0,179.0,-349.0
181.0,409.0,-388.0
-50.0,146.0,-394.0
74.0,126.0,-423.0
-40.0,-9.0,-525.0
347.0,193.0,-493.0
-138.0,306.0,-585.0
230.0,218.0,-245.0
-91.0,306.0,-292.0
226.0,152.0,-288.0
-44.0,259.0,-441.0
-126.0,3.0,-419.0
-7.0,107.0,-482.0
-208.0,325.0,-448.0
146.0,374.0,-288.0
-175.0,460.0,-267.0
89.0,222.0,-150.0
27.0,148.0,-312.0
17.0,-52.0,-466.0
-117.0,126.0,-517.0
-37.0,238.0,-325.0
-23.0,468.0,-390.0
-66.0,361.0,-261.0
48.0,320.0,-300.0
-132.0,62.0,-277.0
310.0,3.0,-251.0
-210.0,226.0,-314.0
224.0,271.0,-263.0
-199.0,538.0,-406.0
70.0,394.0,-308.0
-33.0,111.0,-281.0
-163.0,-19.0,-411.0
187.0,46.0,-316.0
19.0,253.0,-255.0
163.0,390.0,-183.0
-105.0,259.0,-238.0
-87.0,113.0,-419.0
31.0,117.0,-527.0
-85.0,251.0,-421.0
21.0,333.0,-171.0
33.0,253.0,-138.0
140.0,60.0,-245.0
179.0,35.0,-267.0
-1.0,162.0,-429.0
-109.0,437.0,-378.0
115.0,415.0,-415.0
-171.0,335.0,-443.0
230.0,1.0,-201.0
-322.0,-138.0,-316.0
292.0,31.0,-197.0
25.0,181.0,-409.0
0.0,349.0,-339.0
-5.0,236.0,-308.0
-292.0,218.0,-456.0
212.0,255.0,-429.0
-150.0,60.0,-384.0
81.0,-31.0,-185.0
-93.0,105.0,-277.0
70.0,417.0,-357.0
27.0,491.0,-318.0
-160.0,370.0,-269.0
-113.0,130.0,-298.0
74.0,17.0,-456.0
-224.0,193.0,-400.0
76.0,138.0,-169.0
-89.0,271.0,-179.0
117.0,121.0,-314.0
179.0,97.0,-275.0
-29.0,76.0,-257.0
95.0,197.0,-232.0
9.0,304.0,-406.0
222.0,296.0,-486.0
23.0,40.0,-347.0
150.0,152.0,-101.0
99.0,156.0,-199.0
175.0,331.0,-400.0
-15.0,331.0,-419.0
-11.0,232.0,-257.0
-115.0,140.0,-513.0
101.0,80.0,-320.0
-56.0,224.0,-366.0
52.0,212.0,-126.0
15.0,402.0,-279.0
66.0,21.0,-361.0
-62.0,-33.0,-396.0
-58.0,-105.0,-357.0
-95.0,234.0,-318.0
85.0,224.0,-407.0
-103.0,134.0,-427.0
109.0,117.0,-244.0
-101.0,224.0,-255.0
193.0,244.0,-204.0
-128.0,523.0,-341.0
107.0,349.0,-322.0
-263.0,466.0,-351.0
142.0,206.0,-306.0
-259.0,458.0,-370.0
189.0,48.0,-220.0
-265.0,74.0,-226.0
304.0,58.0,-204.0
-245.0,70.0,-378.0
40.0,199.0,-244.0
-99.0,160.0,-396.0
-15.0,208.0,-511.0
160.0,232.0,-255.0
-130.0,421.0,-343.0
220.0,288.0,-238.0
5.0,294.0,-327.0
156.0,107.0,-281.0
-31.0,335.0,-417.0
-70.0,624.0,-335.0
56.0,622.0,-370.0
-72.0,316.0,-413.0
138.0,37.0,-134.0
-119.0,0.0,-257.0
417.0,175.0,-261.0
-201.0,-54.0,-415.0
31.0,-40.0,-284.0
-146.0,-46.0,-573.0
-99.0,382.0,-458.0
308.0,306.0,-462.0
-230.0,406.0,-343.0
230.0,160.0,-380.0
-214.0,197.0,-462.0
181.0,495.0,-562.0
-130.0,244.0,-632.0
-220.0,105.0,-509.0
46.0,146.0,-642.0
-156.0,76.0,-765.0
72.0,230.0,-696.0
-17.0,81.0,-792.0
-165.0,-187.0,-610.0
314.0,216.0,-642.0
-294.0,-64.0,-929.0
105.0,107.0,-692.0
-339.0,-1.0,-866.0
183.0,183.0,-956.0
-117.0,245.0,-966.0
66.0,208.0,-679.0
-35.0,150.0,-673.0
-15.0,25.0,-815.0
81.0,366.0,-831.0
-163.0,169.0,-972.0
60.0,-220.0,-868.0
35.0,-121.0,-940.0
185.0,0.0,-954.0
74.0,203.0,-833.0
160.0,46.0,-782.0
-7.0,48.0,-860.0
325.0,-105.0,-706.0
-247.0,58.0,-817.0
251.0,17.0,-802.0
-124.0,-220.0,-925.0
160.0,-105.0,-815.0
169.0,-68.0,-778.0
-216.0,253.0,-657.0
288.0,290.0,-519.0
-113.0,191.0,-735.0
103.0,-204.0,-714.0
56.0,-366.0,-691.0
-226.0,15.0,-858.0
400.0,105.0,-837.0
-290.0,-64.0,-790.0
175.0,-40.0,-486.0
-68.0,93.0,-634.0
156.0,199.0,-730.0
-13.0,-29.0,-651.0
-54.0,-150.0,-782.0
-91.0,-181.0,-794.0
177.0,204.0,-847.0
-263.0,156.0,-751.0
173.0,95.0,-550.0
-281.0,158.0,-696.0
228.0,283.0,-796.0
134.0,54.0,-839.0
-310.0,62.0,-788.0
236.0,-154.0,-616.0
-366.0,140.0,-1005.0
296.0,85.0,-890.0
-327.0,3.0,-974.0
165.0,5.0,-630.0
29.0,27.0,-876.0
154.0,392.0,-905.0
136.0,35.0,-888.0
-238.0,44.0,-843.0
232.0,-50.0,-950.0
-189.0,95.0,-1116.0
259.0,66.0,-915.0
-150.0,-103.0,-774.0
316.0,128.0,-632.0
23.0,122.0,-854.0
212.0,-171.0,-837.0
-58.0,-142.0,-950.0
-275.0,64.0,-1079.0
81.0,304.0,-968.0
-191.0,433.0,-1044.0
119.0,58.0,-712.0
-97.0,-195.0,-868.0
150.0,-91.0,-870.0
-179.0,-111.0,-1018.0
-109.0,443.0,-1048.0
-13.0,230.0,-997.0
-189.0,195.0,-987.0
304.0,-70.0,-710.0
-283.0,-29.0,-952.0
261.0,5.0,-757.0
-185.0,437.0,-1077.0
80.0,138.0,-858.0
-191.0,121.0,-913.0
-169.0,-76.0,-772.0
74.0,107.0,-1042.0
-27.0,212.0,-1022.0
-117.0,284.0,-935.0
203.0,-1.0,-696.0
-17.0,220.0,-862.0
306.0,39.0,-843.0
-29.0,66.0,-966.0
40.0,62.0,-788.0
52.0,40.0,-1009.0
244.0,503.0,-929.0
-27.0,126.0,-962.0
95.0,95.0,-653.0
109.0,17.0,-667.0
109.0,-76.0,-913.0
-95.0,-50.0,-1050.0
-60.0,19.0,-938.0
-107.0,19.0,-1122.0
19.0,292.0,-921.0
27.0,173.0,-845.0
19.0,163.0,-847.0
-52.0,-284.0,-956.0
119.0,44.0,-1071.0
81.0,-402.0,-1149.0
-242.0,212.0,-1075.0
214.0,128.0,-956.0
-351.0,353.0,-1184.0
148.0,347.0,-936.0
-91.0,-450.0,-1260.0
-113.0,-154.0,-1089.0
378.0,-199.0,-1030.0
-409.0,-74.0,-1067.0
411.0,-44.0,-1095.0
-528.0,46.0,-1333.0
222.0,167.0,-1132.0
-136.0,-13.0,-1220.0
-68.0,-87.0,-987.0
29.0,-294.0,-1018.0
-37.0,97.0,-1104.0
230.0,-312.0,-1163.0
-349.0,-341.0,-1286.0
275.0,-19.0,-1157.0
-220.0,226.0,-1405.0
261.0,253.0,-1214.0
-23.0,-208.0,-1200.0
0.0,-310.0,-1143.0
497.0,-283.0,-1366.0
-183.0,-54.0,-1286.0
236.0,-212.0,-1188.0
-214.0,-181.0,-1321.0
148.0,74.0,-1485.0
117.0,134.0,-1530.0
3.0,-224.0,-1356.0
58.0,-357.0,-1276.0
58.0,-273.0,-1423.0
253.0,-222.0,-1501.0
-185.0,111.0,-1585.0
195.0,-316.0,-1368.0
-425.0,23.0,-1735.0
439.0,-78.0,-1561.0
-497.0,9.0,-1743.0
327.0,-325.0,-1303.0
-499.0,-279.0,-1571.0
390.0,33.0,-1456.0
-304.0,-263.0,-1778.0
87.0,-169.0,-1458.0
-199.0,-292.0,-1626.0
-37.0,105.0,-1618.0
216.0,42.0,-1606.0
-208.0,-175.0,-1526.0
150.0,-472.0,-1383.0
-76.0,27.0,-1612.0
56.0,-37.0,-1475.0
-97.0,-122.0,-1526.0
21.0,-329.0,-1380.0
-42.0,29.0,-1600.0
74.0,-13.0,-1524.0
42.0,-64.0,-1372.0
27.0,19.0,-1444.0
103.0,-218.0,-1399.0
185.0,87.0,-1270.0
50.0,-501.0,-1479.0
17.0,-99.0,-1313.0
277.0,42.0,-1311.0
-99.0,255.0,-1436.0
165.0,25.0,-1270.0
-144.0,-169.0,-1106.0
124.0,-240.0,-1153.0
113.0,-324.0,-1383.0
-64.0,-66.0,-1364.0
29.0,-247.0,-1190.0
-181.0,253.0,-1290.0
359.0,60.0,-1544.0
-349.0,-74.0,-1518.0
552.0,-195.0,-1221.0
-370.0,-89.0,-1409.0
507.0,93.0,-1268.0
-187.0,-335.0,-1450.0
-183.0,-142.0,-1549.0
117.0,-163.0,-1559.0
-341.0,331.0,-1559.0
206.0,-132.0,-1540.0
-119.0,-353.0,-1415.0
-95.0,-99.0,-1491.0
83.0,204.0,-1711.0
-154.0,25.0,-1713.0
-13.0,-347.0,-1709.0
-85.0,-193.0,-1698.0
-29.0,87.0,-1829.0
-31.0,111.0,-1807.0
-66.0,-247.0,-1713.0
-83.0,13.0,-1686.0
201.0,-60.0,-1653.0
-201.0,144.0,-1752.0
251.0,-507.0,-1551.0
-585.0,-265.0,-1832.0
454.0,40.0,-1661.0
-304.0,3.0,-2024.0
11.0,-64.0,-1540.0
236.0,-232.0,-1555.0
-249.0,68.0,-1758.0
593.0,-101.0,-1598.0
-308.0,-298.0,-1715.0
302.0,-175.0,-1586.0
-60.0,-189.0,-1829.0
242.0,37.0,-1659.0
-33.0,-388.0,-1768.0
111.0,-409.0,-1378.0
52.0,195.0,-1510.0
142.0,-95.0,-1608.0
-33.0,-343.0,-1524.0
-111.0,-525.0,-1602.0
-64.0,-25.0,-1663.0
167.0,220.0,-1661.0
-132.0,-253.0,-1618.0
189.0,-312.0,-1462.0
-191.0,-341.0,-1573.0
222.0,-5.0,-1563.0
-78.0,-142.0,-1670.0
44.0,-255.0,-1510.0
-126.0,-300.0,-1602.0
107.0,-181.0,-1686.0
-148.0,-128.0,-1686.0
-15.0,-171.0,-1424.0
-160.0,-74.0,-1454.0
105.0,-21.0,-1495.0
-13.0,-238.0,-1501.0
-136.0,-240.0,-1518.0
39.0,-249.0,-1581.0
-122.0,-25.0,-1602.0
113.0,-89.0,-1633.0
33.0,-195.0,-1557.0
23.0,-283.0,-1551.0
236.0,-203.0,-1565.0
-19.0,-234.0,-1596.0
187.0,-160.0,-1553.0
-134.0,-257.0,-1610.0
234.0,-294.0,-1686.0
74.0,-234.0,-1836.0
-101.0,-236.0,-1811.0
296.0,-206.0,-1491.0
-261.0,-158.0,-1723.0
480.0,-144.0,-1663.0
-294.0,-130.0,-1776.0
296.0,-204.0,-1696.0
-357.0,-83.0,-1897.0
396.0,-185.0,-1764.0
-447.0,-232.0,-1868.0
228.0,-488.0,-1551.0
-197.0,-312.0,-1674.0
173.0,-19.0,-1772.0
23.0,-25.0,-1903.0
-171.0,-267.0,-1649.0
-23.0,-372.0,-1696.0
-46.0,-80.0,-1895.0
78.0,-29.0,-1875.0
-105.0,-290.0,-1657.0
21.0,-140.0,-1598.0
9.0,-31.0,-1708.0
-35.0,-46.0,-1754.0
-138.0,-181.0,-1741.0
-7.0,-54.0,-1725.0
-52.0,78.0,-1698.0
60.0,5.0,-1711.0
-97.0,-277.0,-1750.0
39.0,-312.0,-1481.0
78.0,-203.0,-1577.0
113.0,-11.0,-1692.0
91.0,-195.0,-1627.0
-87.0,27.0,-1612.0
163.0,-60.0,-1721.0
-17.0,165.0,-1692.0
185.0,-203.0,-1653.0
-5.0,-347.0,-1637.0
93.0,-269.0,-1487.0
27.0,-19.0,-1649.0
-7.0,-109.0,-1626.0
66.0,-60.0,-1633.0
-122.0,-19.0,-1624.0
193.0,68.0,-1875.0
-179.0,-392.0,-1606.0
78.0,-339.0,-1532.0
3.0,-312.0,-1608.0
136.0,37.0,-1782.0
-109.0,0.0,-1665.0
21.0,-165.0,-1747.0
-160.0,-195.0,-1829.0
109.0,-9.0,-1750.0
-95.0,-138.0,-1793.0
-130.0,-281.0,-1663.0
35.0,-292.0,-1592.0
-121.0,-181.0,-1793.0
128.0,-306.0,-1708.0
-339.0,-265.0,-1731.0
76.0,-66.0,-1737.0
-138.0,181.0,-1821.0
-42.0,-144.0,-1729.0
15.0,-447.0,-1827.0
-171.0,-314.0,-1731.0
267.0,11.0,-1649.0
-56.0,128.0,-1760.0
193.0,-306.0,-1758.0
-195.0,-261.0,-1729.0
228.0,-163.0,-1868.0
-122.0,48.0,-1891.0
171.0,-259.0,-1604.0
-78.0,-290.0,-1590.0
201.0,-245.0,-1626.0
140.0,-9.0,-1747.0
-11.0,-324.0,-1657.0
48.0,-247.0,-1729.0
-169.0,-91.0,-1756.0
228.0,85.0,-1727.0
-99.0,-193.0,-1748.0
68.0,-503.0,-1555.0
148.0,-261.0,-1665.0
117.0,-72.0,-1737.0
78.0,-234.0,-1616.0
-93.0,-329.0,-1684.0
85.0,-216.0,-1858.0
97.0,167.0,-1784.0
-23.0,-158.0,-1661.0
74.0,-497.0,-1559.0
-154.0,-365.0,-1579.0
183.0,-206.0,-1643.0
-39.0,-11.0,-1766.0
-9.0,-314.0,-1711.0
-156.0,-236.0,-1643.0
130.0,-13.0,-1760.0
-210.0,-290.0,-1836.0
173.0,-398.0,-1624.0
-76.0,-320.0,-1715.0
452.0,-27.0,-1641.0
85.0,-42.0,-1768.0
238.0,-232.0,-1709.0
304.0,-253.0,-1813.0
363.0,17.0,-1830.0
353.0,85.0,-1911.0
312.0,-415.0,-1706.0
327.0,-390.0,-1635.0
737.0,-171.0,-1719.0
638.0,115.0,-1842.0
700.0,-263.0,-1663.0
464.0,-193.0,-1721.0
692.0,-126.0,-1813.0
530.0,-46.0,-1789.0
595.0,-218.0,-1567.0
579.0,-300.0,-1567.0
831.0,-58.0,-1586.0
901.0,35.0,-1553.0
583.0,-187.0,-1592.0
595.0,-355.0,-1588.0
525.0,-80.0,-1692.0
712.0,113.0,-1678.0
528.0,-76.0,-1536.0
749.0,-245.0,-1417.0
558.0,-197.0,-1557.0
1032.0,-152.0,-1469.0
415.0,-99.0,-1594.0
692.0,-245.0,-1489.0
255.0,-42.0,-1590.0
696.0,72.0,-1512.0
392.0,-7.0,-1594.0
628.0,-204.0,-1327.0
406.0,-197.0,-1401.0
692.0,27.0,-1339.0
347.0,0.0,-1438.0
228.0,-117.0,-1395.0
115.0,-105.0,-1530.0
316.0,19.0,-1464.0
218.0,-64.0,-1387.0
427.0,-70.0,-1229.0
103.0,-165.0,-1280.0
435.0,-17.0,-1253.0
31.0,13.0,-1378.0
158.0,-81.0,-1268.0
-27.0,-23.0,-1346.0
124.0,-31.0,-1382.0
148.0,111.0,-1341.0
11.0,-60.0,-1259.0
124.0,-224.0,-1161.0
275.0,-99.0,-1188.0
163.0,35.0,-1266.0
128.0,-25.0,-1221.0
-95.0,-72.0,-1315.0
103.0,-130.0,-1356.0
130.0,72.0,-1380.0
214.0,-80.0,-1194.0
156.0,-187.0,-1139.0
257.0,-17.0,-1198.0
234.0,60.0,-1288.0
162.0,-29.0,-1329.0
-85.0,-312.0,-1327.0
25.0,-232.0,-1274.0
83.0,169.0,-1397.0
-15.0,146.0,-1378.0
44.0,-62.0,-1134.0
-249.0,-185.0,-1251.0
218.0,-171.0,-1243.0
-304.0,17.0,-1362.0
-138.0,-134.0,-1235.0
-482.0,1.0,-1409.0
-195.0,169.0,-1382.0
-421.0,52.0,-1370.0
-154.0,-64.0,-1190.0
-468.0,-382.0,-1239.0
-33.0,-3.0,-1221.0
-472.0,171.0,-1385.0
-302.0,-78.0,-1298.0
-702.0,-33.0,-1292.0
-292.0,-66.0,-1356.0
-468.0,165.0,-1372.0
-247.0,-83.0,-1163.0
-519.0,-204.0,-1147.0
-189.0,-146.0,-1296.0
-458.0,99.0,-1251.0
-368.0,-68.0,-1163.0
-669.0,-72.0,-1212.0
-411.0,-70.0,-1294.0
-429.0,160.0,-1315.0
-407.0,-66.0,-1167.0
-486.0,-146.0,-1009.0
-427.0,-162.0,-1079.0
-286.0,56.0,-1249.0
-562.0,113.0,-1194.0
-532.0,-81.0,-1015.0
-696.0,-134.0,-1198.0
-316.0,-60.0,-1251.0
-538.0,19.0,-1239.0
-325.0,-115.0,-944.0
-601.0,27.0,-1073.0
-197.0,21.0,-1073.0
-554.0,-62.0,-1173.0
-396.0,-163.0,-1046.0
-685.0,-109.0,-1225.0
-210.0,78.0,-1147.0
-452.0,89.0,-1206.0
-284.0,13.0,-1069.0
-411.0,-101.0,-938.0
-208.0,-99.0,-1044.0
-345.0,-40.0,-1171.0
-304.0,21.0,-1153.0
-409.0,-21.0,-1095.0
-222.0,111.0,-1116.0
-210.0,124.0,-1163.0
-171.0,-33.0,-1138.0
-193.0,-39.0,-1030.0
-105.0,44.0,-1024.0
-103.0,-11.0,-1122.0
-173.0,-130.0,-1124.0
-177.0,33.0,-1145.0
-42.0,58.0,-1239.0
-81.0,56.0,-1192.0
-89.0,-72.0,-1052.0
-119.0,1.0,-1052.0
0.0,15.0,-1087.0
3.0,37.0,-1139.0
-81.0,-122.0,-1042.0
-97.0,-74.0,-1147.0
-78.0,27.0,-1179.0
27.0,185.0,-1249.0
-128.0,7.0,-1120.0
-72.0,-173.0,-1087.0
-62.0,13.0,-1081.0
68.0,-25.0,-1108.0
-109.0,-105.0,-1083.0
-101.0,-165.0,-1194.0
-115.0,-5.0,-1270.0
52.0,191.0,-1216.0
-121.0,21.0,-1153.0
-85.0,-89.0,-1061.0
-208.0,-87.0,-1093.0
165.0,93.0,-1149.0
-197.0,13.0,-1200.0
31.0,-109.0,-1026.0
-288.0,-37.0,-1163.0
128.0,121.0,-1243.0
-290.0,99.0,-1280.0
66.0,-136.0,-1034.0
-279.0,-109.0,-1011.0
204.0,89.0,-1079.0
-66.0,119.0,-1204.0
-40.0,-81.0,-1036.0
-214.0,-78.0,-1077.0
93.0,48.0,-1198.0
-33.0,224.0,-1270.0
52.0,-27.0,-1018.0
-85.0,-70.0,-925.0
80.0,-46.0,-1026.0
7.0,64.0,-1075.0
50.0,-7.0,-1061.0
-81.0,-81.0,-1018.0
29.0,39.0,-1100.0
37.0,95.0,-1147.0
-15.0,13.0,-1050.0
-48.0,-89.0,-886.0
37.0,-62.0,-892.0
169.0,83.0,-1024.0
-13.0,21.0,-1110.0
17.0,-29.0,-1011.0
-179.0,-64.0,-1028.0
160.0,25.0,-1038.0
-126.0,50.0,-1171.0
183.0,-7.0,-946.0
-177.0,-31.0,-976.0
105.0,-60.0,-968.0
-136.0,-95.0,-1085.0
3.0,-56.0,-1007.0
-37.0,5.0,-1026.0
103.0,175.0,-1212.0
-179.0,-7.0,-1180.0
-25.0,-3.0,-995.0
-222.0,-74.0,-909.0
199.0,44.0,-1030.0
-64.0,13.0,-1095.0
78.0,-87.0,-1079.0
-189.0,48.0,-1134.0
91.0,64.0,-1130.0
-99.0,146.0,-1180.0
-44.0,-68.0,-1050.0
-87.0,25.0,-989.0
103.0,42.0,-989.0
97.0,29.0,-1048.0
-37.0,-76.0,-1130.0
-11.0,-85.0,-1093.0
15.0,134.0,-1112.0
21.0,210.0,-1132.0
-17.0,-27.0,-1151.0
-66.0,-89.0,-987.0
80.0,-74.0,-929.0
152.0,15.0,-997.0
66.0,-70.0,-1163.0
-13.0,50.0,-1108.0
-13.0,60.0,-1081.0
-23.0,138.0,-1138.0
-17.0,-44.0,-1063.0
-52.0,-78.0,-997.0
134.0,-31.0,-977.0
122.0,103.0,-1097.0
52.0,-107.0,-1046.0
-21.0,-136.0,-1048.0
-85.0,19.0,-1048.0
64.0,269.0,-1180.0
-173.0,-64.0,-1173.0
70.0,-89.0,-972.0
-144.0,-15.0,-1007.0
284.0,74.0,-940.0
-62.0,-48.0,-1018.0
-52.0,-99.0,-1038.0
-101.0,5.0,-1175.0
-37.0,279.0,-1124.0
-50.0,126.0,-1056.0
-58.0,-46.0,-921.0
-29.0,-146.0,-964.0
136.0,25.0,-960.0
5.0,87.0,-1089.0
13.0,-42.0,-1040.0
-148.0,-1.0,-1042.0
21.0,119.0,-1071.0
-40.0,132.0,-1093.0
3.0,-70.0,-974.0
-54.0,-42.0,-903.0
242.0,74.0,-983.0
-15.0,89.0,-1054.0
173.0,-142.0,-929.0
-230.0,-111.0,-1011.0
165.0,23.0,-1075.0
-181.0,308.0,-1218.0
144.0,-21.0,-925.0
-181.0,-128.0,-921.0
150.0,-142.0,-909.0
160.0,70.0,-1071.0
25.0,13.0,-1026.0
-29.0,-62.0,-993.0
-56.0,25.0,-1087.0
-7.0,126.0,-1210.0
-66.0,35.0,-1036.0
54.0,-122.0,-974.0
-39.0,1.0,-927.0
296.0,119.0,-1020.0
-103.0,-33.0,-1079.0
72.0,-220.0,-1028.0
-294.0,-17.0,-1124.0
95.0,185.0,-1161.0
-132.0,163.0,-1139.0
-9.0,0.0,-977.0
-52.0,-175.0,-913.0
134.0,-58.0,-1015.0
70.0,66.0,-1130.0
-7.0,66.0,-1102.0
-99.0,81.0,-987.0
-122.0,119.0,-1159.0
17.0,64.0,-1122.0
-11.0,-87.0,-1071.0
122.0,-54.0,-849.0
171.0,121.0,-981.0
121.0,111.0,-1042.0
-29.0,-128.0,-1089.0
-103.0,-60.0,-1036.0
27.0,70.0,-1153.0
-11.0,121.0,-1095.0
183.0,99.0,-923.0
3.0,-42.0,-938.0
236.0,-64.0,-931.0
109.0,-29.0,-1104.0
-29.0,-42.0,-1056.0
-7.0,-5.0,-979.0
-154.0,134.0,-1036.0
210.0,134.0,-1114.0
-160.0,-130.0,-1118.0
203.0,-152.0,-917.0
-72.0,29.0,-970.0
203.0,165.0,-962.0
-148.0,-138.0,-1048.0
-70.0,-87.0,-1032.0
-201.0,-1.0,-1120.0
48.0,195.0,-1042.0
-27.0,105.0,-1098.0
-85.0,-183.0,-972.0
27.0,-48.0,-894.0
-37.0,124.0,-1022.0
111.0,46.0,-1059.0
-212.0,-107.0,-1011.0
-52.0,-44.0,-999.0
-72.0,169.0,-1130.0
48.0,163.0,-1081.0
21.0,-11.0,-995.0
-70.0,-99.0,-966.0
136.0,72.0,-944.0
27.0,101.0,-964.0
31.0,-68.0,-989.0
-119.0,-23.0,-1171.0
62.0,101.0,-1110.0
31.0,263.0,-1048.0
44.0,-46.0,-956.0
68.0,-124.0,-884.0
25.0,-62.0,-1030.0
142.0,111.0,-1063.0
-76.0,5.0,-1077.0
13.0,-56.0,-964.0
-31.0,46.0,-1075.0
199.0,185.0,-1024.0
-66.0,52.0,-1095.0
93.0,-130.0,-921.0
-95.0,-72.0,-1013.0
224.0,37.0,-993.0
-99.0,74.0,-1098.0
31.0,-109.0,-901.0
-134.0,-19.0,-1116.0
44.0,128.0,-1171.0
-46.0,72.0,-1132.0
-19.0,-76.0,-884.0
-1.0,-78.0,-915.0
111.0,37.0,-1075.0
-91.0,42.0,-1098.0
-103.0,-37.0,-995.0
-154.0,7.0,-1046.0
91.0,97.0,-1116.0
-83.0,95.0,-1139.0
76.0,-11.0,-960.0
-128.0,17.0,-921.0
177.0,-37.0,-997.0
-103.0,21.0,-1081.0
52.0,-42.0,-1001.0
-206.0,15.0,-1059.0
150.0,142.0,-1071.0
-15.0,113.0,-1130.0
-7.0,-11.0,-1042.0
95.0,-52.0,-872.0
23.0,29.0,-913.0
273.0,17.0,-1003.0
-154.0,-7.0,-1147.0
136.0,7.0,-950.0
-128.0,72.0,-999.0
324.0,101.0,-1056.0
-126.0,-44.0,-1159.0
238.0,-117.0,-888.0
-87.0,52.0,-936.0
308.0,25.0,-948.0
-132.0,-35.0,-1065.0
83.0,-66.0,-985.0
-113.0,60.0,-1118.0
128.0,126.0,-1089.0
-15.0,3.0,-1087.0
-68.0,-62.0,-960.0
80.0,-60.0,-894.0
7.0,103.0,-1030.0
60.0,-78.0,-1024.0
-142.0,-99.0,-1130.0
-130.0,15.0,-1097.0
15.0,208.0,-1038.0
-52.0,154.0,-1046.0
15.0,-97.0,-1015.0
-121.0,-31.0,-1042.0
103.0,-23.0,-958.0
-122.0,21.0,-968.0
13.0,-35.0,-1020.0
-119.0,5.0,-1184.0
128.0,208.0,-1108.0
-156.0,97.0,-999.0
136.0,-60.0,-938.0
-201.0,-37.0,-987.0
284.0,46.0,-962.0
-42.0,115.0,-1059.0
121.0,-111.0,-958.0
-42.0,42.0,-987.0
66.0,134.0,-1108.0
50.0,175.0,-1138.0
-17.0,-60.0,-999.0
7.0,-113.0,-890.0
181.0,15.0,-989.0
132.0,140.0,-1050.0
21.0,-160.0,-929.0
-107.0,-25.0,-997.0
46.0,-15.0,-1114.0
130.0,253.0,-1216.0
-44.0,23.0,-1001.0
52.0,-160.0,-813.0
-101.0,-21.0,-958.0
281.0,-9.0,-1054.0
-115.0,74.0,-1067.0
60.0,-121.0,-970.0
-222.0,58.0,-1110.0
148.0,138.0,-1073.0
-212.0,70.0,-1159.0
15.0,-154.0,-901.0
-148.0,-126.0,-935.0
169.0,93.0,-936.0
13.0,91.0,-1149.0
-64.0,-58.0,-1040.0
-163.0,-40.0,-974.0
23.0,158.0,-1034.0
7.0,144.0,-1173.0
52.0,-25.0,-1073.0
-152.0,-42.0,-903.0
121.0,-52.0,-897.0
-13.0,81.0,-1040.0
115.0,1.0,-1081.0
-142.0,3.0,-995.0
66.0,146.0,-1114.0
-95.0,85.0,-1120.0
52.0,35.0,-1030.0
-31.0,-115.0,-905.0
124.0,5.0,-923.0
126.0,107.0,-989.0
56.0,-87.0,-1026.0
13.0,54.0,-1093.0
-29.0,13.0,-1046.0
226.0,189.0,-1032.0
-89.0,-15.0,-1030.0
189.0,-37.0,-981.0
-78.0,-3.0,-985.0
238.0,-109.0,-936.0
-95.0,0.0,-1024.0
74.0,-99.0,-1069.0
7.0,218.0,-1132.0
-81.0,191.0,-1077.0
15.0,-52.0,-1022.0
-134.0,-128.0,-983.0
68.0,-154.0,-981.0
138.0,146.0,-1030.0
-44.0,-31.0,-1007.0
-64.0,9.0,-1018.0
-218.0,-5.0,-1120.0
142.0,146.0,-1126.0
-216.0,48.0,-1071.0
140.0,-122.0,-895.0
-160.0,7.0,-995.0
195.0,83.0,-1038.0
-46.0,-11.0,-1050.0
-39.0,-66.0,-931.0
-119.0,-5.0,-1009.0
46.0,306.0,-1145.0
-48.0,158.0,-1159.0
25.0,-107.0,-903.0
-124.0,-193.0,-884.0
331.0,11.0,-974.0
-3.0,230.0,-1050.0
109.0,-144.0,-952.0
-242.0,21.0,-1020.0
126.0,35.0,-1087.0
58.0,210.0,-1120.0
144.0,-37.0,-940.0
-29.0,-101.0,-843.0
119.0,-48.0,-952.0
85.0,37.0,-1071.0
-11.0,64.0,-1030.0
-54.0,-87.0,-985.0
-119.0,72.0,-1018.0
189.0,150.0,-1042.0
-78.0,101.0,-1124.0
113.0,-175.0,-944.0
-148.0,-122.0,-952.0
132.0,-19.0,-950.0
-37.0,66.0,-1061.0
-58.0,-5.0,-1018.0
-171.0,44.0,-1102.0
-83.0,81.0,-1069.0
23.0,80.0,-1032.0
-29.0,-105.0,-1028.0
-3.0,-101.0,-921.0
46.0,35.0,-1011.0
-21.0,76.0,-1034.0
-74.0,-27.0,-1003.0
-136.0,17.0,-1036.0
107.0,136.0,-1171.0
-140.0,39.0,-1095.0
162.0,-29.0,-925.0
-185.0,-13.0,-1005.0
294.0,42.0,-935.0
-152.0,89.0,-1065.0
113.0,-117.0,-964.0
-121.0,109.0,-1057.0
126.0,140.0,-1122.0
56.0,187.0,-1130.0
-78.0,-58.0,-942.0
177.0,-173.0,-866.0
81.0,15.0,-1015.0
288.0,25.0,-1069.0
-146.0,62.0,-1065.0
64.0,-19.0,-907.0
-52.0,93.0,-1073.0
179.0,101.0,-1149.0
0.0,-31.0,-1112.0
13.0,-122.0,-827.0
40.0,-13.0,-977.0
140.0,103.0,-1081.0
29.0,-3.0,-1042.0
-103.0,-101.0,-946.0
-89.0,31.0,-1056.0
80.0,210.0,-1184.0
-165.0,89.0,-1139.0
113.0,-189.0,-927.0
-218.0,-115.0,-854.0
296.0,-7.0,-970.0
-93.0,119.0,-1190.0
25.0,-56.0,-1011.0
-259.0,68.0,-993.0
39.0,187.0,-1028.0
15.0,17.0,-1192.0
-107.0,-44.0,-1024.0
54.0,-146.0,-884.0
-7.0,81.0,-935.0
80.0,76.0,-976.0
-81.0,-5.0,-1108.0
-27.0,5.0,-1036.0
-99.0,134.0,-1079.0
1.0,195.0,-1032.0
13.0,-76.0,-1098.0
-9.0,-111.0,-798.0
144.0,-29.0,-921.0
83.0,56.0,-1067.0
58.0,46.0,-1102.0
-140.0,0.0,-991.0
89.0,35.0,-995.0
-52.0,117.0,-1085.0
89.0,23.0,-1046.0
58.0,-93.0,-995.0
19.0,-119.0,-919.0
144.0,11.0,-913.0
-31.0,-44.0,-999.0
15.0,31.0,-1022.0
-95.0,126.0,-1161.0
39.0,152.0,-1147.0
-52.0,-29.0,-993.0
-89.0,-130.0,-903.0
109.0,-128.0,-913.0
44.0,9.0,-1108.0
-7.0,31.0,-1052.0
-97.0,-29.0,-1018.0
-56.0,74.0,-1054.0
-44.0,169.0,-1095.0
-58.0,37.0,-1093.0
-93.0,-87.0,-1024.0
1.0,-66.0,-923.0
105.0,81.0,-1042.0
13.0,-33.0,-991.0
-58.0,-48.0,-997.0
-113.0,113.0,-1057.0
103.0,208.0,-1214.0
-128.0,119.0,-1097.0
-21.0,-113.0,-948.0
0.0,-101.0,-839.0
148.0,13.0,-997.0
185.0,95.0,-1098.0
-95.0,-7.0,-1097.0
39.0,13.0,-876.0
-83.0,189.0,-1063.0
210.0,111.0,-1159.0
-89.0,-66.0,-1069.0
95.0,-87.0,-849.0
101.0,-52.0,-960.0
244.0,66.0,-974.0
3.0,-31.0,-1036.0
0.0,21.0,-989.0
-66.0,113.0,-1114.0
111.0,146.0,-1059.0
64.0,74.0,-1059.0
54.0,-140.0,-936.0
66.0,-89.0,-880.0
292.0,-27.0,-999.0
101.0,9.0,-1069.0
148.0,58.0,-1073.0
-66.0,115.0,-1093.0
322.0,91.0,-1003.0
163.0,-58.0,-1063.0
372.0,-119.0,-1034.0
230.0,-33.0,-1005.0
437.0,44.0,-917.0
396.0,-29.0,-1024.0
292.0,13.0,-1048.0
355.0,72.0,-1042.0
353.0,216.0,-1130.0
433.0,-42.0,-1102.0
290.0,-54.0,-977.0
437.0,-29.0,-886.0
406.0,66.0,-987.0
359.0,15.0,-1015.0
320.0,-60.0,-1056.0
148.0,74.0,-1011.0
290.0,146.0,-993.0
163.0,169.0,-1157.0
214.0,-109.0,-997.0
15.0,-29.0,-911.0
308.0,-19.0,-913.0
177.0,97.0,-1038.0
81.0,-27.0,-847.0
-33.0,1.0,-1081.0
-39.0,83.0,-1200.0
144.0,152.0,-1122.0
-146.0,-13.0,-921.0
212.0,-107.0,-849.0
-158.0,19.0,-1040.0
337.0,11.0,-970.0
-111.0,-40.0,-1128.0
23.0,-128.0,-987.0
-80.0,119.0,-1124.0
89.0,230.0,-1102.0
7.0,-23.0,-1038.0
17.0,-93.0,-929.0
81.0,-146.0,-1034.0
300.0,33.0,-1009.0
-29.0,50.0,-1063.0
163.0,-44.0,-974.0
-181.0,39.0,-1139.0
232.0,117.0,-1163.0
-130.0,64.0,-1177.0
249.0,-76.0,-870.0
-146.0,-78.0,-899.0
382.0,33.0,-1069.0
-56.0,56.0,-1139.0
89.0,-58.0,-944.0
-238.0,25.0,-1036.0
111.0,111.0,-1106.0
-78.0,208.0,-1095.0
101.0,-42.0,-936.0
-25.0,-87.0,-892.0
121.0,9.0,-964.0
78.0,80.0,-1057.0
-13.0,-46.0,-952.0
-160.0,-11.0,-946.0
5.0,99.0,-1106.0
154.0,167.0,-1132.0
-1.0,15.0,-1032.0
81.0,-97.0,-802.0
27.0,-97.0,-925.0
234.0,72.0,-1003.0
-83.0,52.0,-1138.0
11.0,-54.0,-977.0
-132.0,66.0,-1015.0
148.0,93.0,-1022.0
58.0,23.0,-1124.0
58.0,-99.0,-911.0
44.0,-80.0,-921.0
122.0,52.0,-1032.0
35.0,-17.0,-1065.0
-44.0,-23.0,-1013.0
-121.0,-66.0,-1028.0
78.0,160.0,-1098.0
-85.0,78.0,-1132.0
115.0,-5.0,-964.0
-109.0,-46.0,-907.0
66.0,-3.0,-1030.0
-74.0,-76.0,-1046.0
-19.0,-58.0,-987.0
-68.0,144.0,-1138.0
-3.0,160.0,-1145.0
11.0,95.0,-989.0
-103.0,-64.0,-974.0
89.0,-134.0,-958.0
85.0,44.0,-1024.0
46.0,140.0,-1036.0
-64.0,23.0,-1026.0
-80.0,-1.0,-1036.0
17.0,122.0,-1161.0
5.0,107.0,-1067.0
74.0,-64.0,-966.0
1.0,-17.0,-890.0
171.0,13.0,-999.0
148.0,35.0,-1005.0
13.0,-31.0,-1024.0
1.0,54.0,-976.0
7.0,72.0,-1091.0
163.0,181.0,-1093.0
-52.0,-7.0,-1024.0
105.0,-163.0,-882.0
103.0,-122.0,-938.0
249.0,138.0,-1054.0
-39.0,29.0,-1032.0
54.0,27.0,-952.0
-197.0,46.0,-1143.0
284.0,13.0,-1108.0
-163.0,64.0,-1106.0
236.0,-99.0,-829.0
-95.0,-17.0,-958.0
214.0,13.0,-997.0
-95.0,9.0,-1145.0
-68.0,-15.0,-1007.0
-99.0,40.0,-1059.0
33.0,226.0,-1093.0
-31.0,-9.0,-1095.0
31.0,-46.0,-944.0
-78.0,-119.0,-933.0
167.0,-70.0,-952.0
-119.0,115.0,-1114.0
-111.0,56.0,-1108.0
-146.0,91.0,-968.0
-21.0,105.0,-1081.0
33.0,-11.0,-1120.0
-23.0,-70.0,-1030.0
21.0,-87.0,-888.0
60.0,60.0,-956.0
-3.0,46.0,-1044.0
5.0,1.0,-1005.0
-146.0,7.0,-1042.0
83.0,64.0,-1054.0
58.0,146.0,-1143.0
-11.0,-66.0,-1042.0
99.0,-91.0,-899.0
21.0,-54.0,-899.0
175.0,35.0,-911.0
-9.0,27.0,-1052.0
17.0,37.0,-1075.0
-25.0,54.0,-1075.0
126.0,132.0,-1018.0
-27.0,5.0,-1034.0
119.0,-171.0,-981.0
-66.0,-87.0,-966.0
111.0,-29.0,-894.0
-146.0,15.0,-1022.0
-27.0,-3.0,-1081.0
-56.0,144.0,-1134.0
25.0,232.0,-1102.0
-40.0,-60.0,-1075.0
-66.0,-122.0,-868.0
-13.0,-128.0,-966.0
117.0,122.0,-1007.0
-29.0,1.0,-1091.0
-29.0,-58.0,-964.0
-83.0,33.0,-1044.0
150.0,331.0,-1069.0
-189.0,181.0,-1266.0
23.0,-273.0,-944.0
-126.0,-115.0,-854.0
203.0,72.0,-944.0
66.0,175.0,-1028.0
-3.0,-44.0,-968.0
-251.0,-39.0,-1106.0
158.0,167.0,-1130.0
-46.0,290.0,-1202.0
91.0,-37.0,-944.0
13.0,-214.0,-792.0
95.0,-124.0,-876.0
218.0,56.0,-1098.0
11.0,72.0,-1081.0
138.0,21.0,-921.0
-238.0,121.0,-1118.0
267.0,218.0,-1011.0
-226.0,23.0,-1186.0
171.0,-333.0,-753.0
103.0,-136.0,-894.0
187.0,128.0,-1059.0
19.0,130.0,-1071.0
-87.0,-17.0,-913.0
-136.0,-66.0,-1102.0
68.0,222.0,-1141.0
-97.0,224.0,-1161.0
119.0,-181.0,-892.0
-66.0,-242.0,-839.0
185.0,-163.0,-974.0
80.0,87.0,-1149.0
-87.0,122.0,-1052.0
-119.0,191.0,-1063.0
-97.0,222.0,-1161.0
-74.0,19.0,-1134.0
7.0,-175.0,-913.0
113.0,-210.0,-860.0
197.0,19.0,-977.0
-5.0,169.0,-1091.0
-109.0,-19.0,-1061.0
-162.0,64.0,-1026.0
-46.0,154.0,-1153.0
-42.0,199.0,-1126.0
15.0,23.0,-968.0
105.0,-206.0,-827.0
7.0,-236.0,-964.0
234.0,19.0,-976.0
-183.0,163.0,-1247.0
17.0,74.0,-1007.0
-70.0,214.0,-944.0
60.0,150.0,-1007.0
-13.0,-105.0,-1157.0
210.0,-210.0,-886.0
119.0,-89.0,-999.0
76.0,87.0,-1022.0
74.0,-56.0,-843.0
-216.0,13.0,-1046.0
-11.0,13.0,-1102.0
138.0,275.0,-1221.0
-101.0,64.0,-1102.0
117.0,-195.0,-806.0
44.0,-240.0,-755.0
177.0,-169.0,-962.0
-101.0,89.0,-1145.0
7.0,89.0,-1145.0
-224.0,224.0,-1233.0
160.0,195.0,-890.0
-105.0,58.0,-1057.0
-7.0,-232.0,-933.0
185.0,-191.0,-942.0
-29.0,35.0,-1087.0
-42.0,-5.0,-1030.0
-286.0,35.0,-972.0
-42.0,44.0,-1026.0
-40.0,288.0,-1225.0
80.0,183.0,-1071.0
31.0,-58.0,-950.0
-111.0,-175.0,-817.0
247.0,-119.0,-962.0
-187.0,136.0,-1200.0
173.0,-15.0,-991.0
-259.0,128.0,-1003.0
261.0,91.0,-1013.0
-218.0,251.0,-1157.0
201.0,162.0,-1026.0
-97.0,-181.0,-1138.0
101.0,-263.0,-851.0
183.0,-83.0,-909.0
-31.0,78.0,-905.0
169.0,201.0,-1020.0
-224.0,130.0,-1286.0
191.0,103.0,-1221.0
-255.0,46.0,-936.0
284.0,-197.0,-780.0
13.0,-163.0,-938.0
343.0,-13.0,-925.0
-173.0,-7.0,-1087.0
52.0,-29.0,-1093.0
-162.0,167.0,-1147.0
56.0,232.0,-989.0
-44.0,25.0,-1085.0
-15.0,-103.0,-970.0
-37.0,-58.0,-974.0
206.0,-107.0,-993.0
-70.0,-142.0,-1073.0
-99.0,5.0,-936.0
-72.0,283.0,-1097.0
-167.0,296.0,-1319.0
-91.0,23.0,-1044.0
23.0,-119.0,-944.0
31.0,-345.0,-806.0
288.0,29.0,-892.0
-144.0,187.0,-1210.0
66.0,-5.0,-1071.0
-370.0,134.0,-1050.0
117.0,158.0,-1011.0
37.0,314.0,-1132.0
-37.0,-154.0,-985.0
119.0,-204.0,-927.0
11.0,-124.0,-933.0
236.0,-13.0,-1042.0
-263.0,35.0,-1024.0
306.0,83.0,-940.0
-322.0,267.0,-1208.0
507.0,148.0,-991.0
-179.0,-40.0,-987.0
156.0,-261.0,-854.0
3.0,-152.0,-958.0
222.0,72.0,-950.0
-126.0,5.0,-1071.0
-122.0,-25.0,-1034.0
52.0,119.0,-1073.0
35.0,244.0,-1106.0
-54.0,87.0,-1009.0
97.0,-156.0,-925.0
-265.0,-185.0,-1071.0
411.0,-185.0,-913.0
-193.0,-83.0,-1042.0
193.0,-3.0,-940.0
-341.0,249.0,-1091.0
193.0,363.0,-1221.0
-283.0,17.0,-1194.0
115.0,-185.0,-880.0
-171.0,-220.0,-804.0
320.0,-9.0,-964.0
-197.0,115.0,-1132.0
121.0,-70.0,-952.0
-376.0,44.0,-1145.0
206.0,193.0,-1089.0
-128.0,236.0,-1253.0
-11.0,23.0,-823.0
95.0,-37.0,-798.0
-48.0,-52.0,-1089.0
359.0,-214.0,-974.0
-163.0,-7.0,-1134.0
-58.0,76.0,-1059.0
-97.0,407.0,-1087.0
-1.0,351.0,-1030.0
37.0,-302.0,-1085.0
62.0,-199.0,-769.0
292.0,-169.0,-970.0
-66.0,249.0,-1057.0
374.0,-70.0,-958.0
-333.0,-31.0,-1085.0
228.0,218.0,-1013.0
-144.0,232.0,-1180.0
154.0,-56.0,-1013.0
85.0,-232.0,-894.0
89.0,-208.0,-837.0
267.0,48.0,-1091.0
-214.0,66.0,-1102.0
113.0,11.0,-936.0
-337.0,70.0,-1114.0
81.0,292.0,-1147.0
-201.0,80.0,-1149.0
52.0,-286.0,-886.0
21.0,-218.0,-858.0
257.0,48.0,-997.0
-40.0,97.0,-1108.0
-68.0,-1.0,-948.0
-294.0,76.0,-1184.0
-62.0,218.0,-1184.0
5.0,128.0,-1054.0
46.0,-113.0,-956.0
-31.0,-259.0,-845.0
222.0,37.0,-942.0
-269.0,160.0,-1200.0
167.0,-58.0,-1042.0
-404.0,58.0,-1013.0
238.0,175.0,-1087.0
-142.0,400.0,-1214.0
132.0,-48.0,-911.0
-97.0,-294.0,-892.0
162.0,-283.0,-913.0
210.0,83.0,-1042.0
-165.0,165.0,-1087.0
121.0,107.0,-936.0
-281.0,142.0,-1163.0
318.0,158.0,-1077.0
1.0,42.0,-1030.0
134.0,-296.0,-788.0
70.0,-132.0,-847.0
1.0,101.0,-1141.0
15.0,-25.0,-1102.0
-148.0,-25.0,-950.0
-76.0,74.0,-1034.0
91.0,261.0,-1073.0
40.0,138.0,-1126.0
-58.0,-140.0,-987.0
21.0,-302.0,-882.0
62.0,-66.0,-936.0
95.0,62.0,-1077.0
-142.0,89.0,-1110.0
-142.0,1.0,-991.0
68.0,226.0,-1100.0
-46.0,119.0,-1184.0
111.0,-165.0,-989.0
-115.0,-76.0,-880.0
66.0,-87.0,-952.0
11.0,48.0,-1016.0
-46.0,0.0,-1095.0
-85.0,52.0,-1050.0
-27.0,277.0,-1065.0
9.0,140.0,-1132.0
-109.0,-74.0,-1087.0
9.0,-177.0,-882.0
-5.0,-76.0,-870.0
230.0,74.0,-1038.0
-87.0,15.0,-1063.0
21.0,150.0,-1048.0
-163.0,163.0,-1145.0
132.0,158.0,-1015.0
-48.0,-39.0,-1026.0
83.0,-195.0,-866.0
97.0,-83.0,-989.0
144.0,-1.0,-981.0
66.0,-91.0,-974.0
-89.0,15.0,-1036.0
72.0,226.0,-1042.0
91.0,349.0,-1153.0
-52.0,-23.0,-1056.0
83.0,-228.0,-862.0
-119.0,-167.0,-940.0
368.0,-25.0,-989.0
-117.0,81.0,-1063.0
113.0,-37.0,-985.0
-322.0,93.0,-1155.0
199.0,294.0,-1050.0
-240.0,62.0,-1200.0
140.0,-242.0,-812.0
-115.0,-99.0,-968.0
195.0,27.0,-997.0
97.0,-35.0,-1015.0
-146.0,-83.0,-946.0
-17.0,25.0,-1085.0
-80.0,320.0,-1235.0
27.0,302.0,-1071.0
-56.0,-99.0,-981.0
-136.0,-281.0,-849.0
222.0,-154.0,-942.0
11.0,140.0,-1108.0
68.0,5.0,-1044.0
-271.0,140.0,-1028.0
-3.0,183.0,-1126.0
-89.0,208.0,-1159.0
66.0,-21.0,-933.0
44.0,-203.0,-794.0
193.0,-136.0,-976.0
156.0,42.0,-1003.0
78.0,1.0,-1038.0
-78.0,5.0,-1024.0
58.0,154.0,-1013.0
89.0,327.0,-1139.0
-31.0,46.0,-1104.0
103.0,-216.0,-866.0
-29.0,-187.0,-870.0
325.0,-146.0,-983.0
-83.0,107.0,-1102.0
23.0,-25.0,-991.0
-271.0,199.0,-1093.0
117.0,152.0,-1104.0
-78.0,42.0,-1120.0
126.0,-142.0,-905.0
-7.0,-218.0,-825.0
216.0,11.0,-966.0
-21.0,-52.0,-1098.0
-25.0,23.0,-1044.0
-191.0,76.0,-1054.0
5.0,255.0,-1153.0
-89.0,163.0,-1065.0
-37.0,-76.0,-1007.0
-103.0,-175.0,-948.0
140.0,-177.0,-964.0
-15.0,31.0,-1044.0
-58.0,3.0,-1038.0
-154.0,193.0,-1102.0
-103.0,275.0,-1157.0
58.0,181.0,-1067.0
-27.0,13.0,-970.0
72.0,-267.0,-940.0
128.0,-46.0,-952.0
154.0,3.0,-1011.0
-19.0,5.0,-1007.0
-91.0,31.0,-1073.0
-1.0,203.0,-1155.0
89.0,271.0,-1069.0
-25.0,-62.0,-997.0
58.0,-228.0,-892.0
95.0,-160.0,-972.0
199.0,29.0,-1007.0
-37.0,3.0,-989.0
-44.0,-17.0,-976.0
-158.0,193.0,-1145.0
140.0,228.0,-1095.0
-111.0,46.0,-1069.0
181.0,-249.0,-841.0
0.0,-105.0,-942.0
349.0,-42.0,-991.0
-103.0,-11.0,-1108.0
-80.0,15.0,-977.0
-238.0,111.0,-1065.0
93.0,281.0,-1145.0
15.0,99.0,-1104.0
-9.0,-177.0,-1015.0
-37.0,-216.0,-876.0
54.0,27.0,-968.0
11.0,1.0,-1061.0
-117.0,-58.0,-1015.0
-138.0,115.0,-1079.0
-35.0,232.0,-1108.0
167.0,216.0,-1118.0
-93.0,-89.0,-1036.0
52.0,-130.0,-831.0
-15.0,-64.0,-997.0
103.0,-35.0,-985.0
-5.0,29.0,-1098.0
-199.0,72.0,-1056.0
132.0,203.0,-991.0
-95.0,189.0,-1180.0
76.0,-60.0,-1065.0
-89.0,-89.0,-905.0
-15.0,-70.0,-917.0
216.0,-99.0,-1009.0
-37.0,-31.0,-944.0
40.0,21.0,-966.0
-72.0,257.0,-1159.0
136.0,302.0,-1151.0
-95.0,-33.0,-995.0
33.0,-163.0,-884.0
23.0,-206.0,-901.0
292.0,31.0,-929.0
-44.0,-68.0,-1083.0
93.0,-76.0,-1018.0
-216.0,214.0,-1112.0
81.0,275.0,-1097.0
-58.0,119.0,-1083.0
-70.0,-259.0,-958.0
-23.0,-154.0,-938.0
142.0,-101.0,-979.0
39.0,-31.0,-966.0
-52.0,23.0,-1042.0
-195.0,113.0,-1073.0
33.0,355.0,-1145.0
-234.0,177.0,-1194.0
163.0,-95.0,-894.0
-234.0,-279.0,-911.0
398.0,-80.0,-909.0
-50.0,132.0,-1098.0
117.0,-17.0,-987.0
-333.0,105.0,-1056.0
189.0,220.0,-1141.0
-138.0,261.0,-1139.0
163.0,-64.0,-927.0
-117.0,-121.0,-925.0
214.0,-232.0,-940.0
128.0,48.0,-1061.0
23.0,-19.0,-958.0
-25.0,60.0,-970.0
-177.0,292.0,-1161.0
156.0,179.0,-1221.0
-152.0,99.0,-1036.0
95.0,-265.0,-804.0
17.0,-222.0,-901.0
361.0,-7.0,-1003.0
-25.0,40.0,-1063.0
1.0,46.0,-995.0
-183.0,25.0,-1069.0
-5.0,304.0,-1194.0
74.0,130.0,-1075.0
-15.0,-140.0,-899.0
81.0,-286.0,-860.0
162.0,-103.0,-989.0
201.0,33.0,-1038.0
-222.0,-11.0,-1026.0
-39.0,117.0,-1003.0
-140.0,242.0,-1200.0
81.0,201.0,-1071.0
-87.0,-33.0,-1001.0
19.0,-314.0,-841.0
171.0,-126.0,-919.0
66.0,7.0,-1069.0
21.0,1.0,-1085.0
-366.0,76.0,-1056.0
33.0,343.0,-1052.0
-109.0,288.0,-1225.0
48.0,-105.0,-987.0
-9.0,-232.0,-868.0
87.0,-132.0,-952.0
175.0,56.0,-1020.0
-78.0,13.0,-1061.0
-191.0,40.0,-1056.0
-105.0,167.0,-1059.0
31.0,351.0,-1124.0
111.0,35.0,-1079.0
68.0,-224.0,-854.0
113.0,-189.0,-831.0
216.0,-9.0,-1046.0
-29.0,-78.0,-1110.0
-103.0,23.0,-938.0
-60.0,247.0,-1022.0
136.0,281.0,-1163.0
101.0,152.0,-1046.0
44.0,-204.0,-958.0
25.0,-359.0,-847.0
187.0,-17.0,-972.0
0.0,68.0,-1091.0
13.0,-66.0,-997.0
-271.0,117.0,-1018.0
210.0,259.0,-1077.0
-103.0,224.0,-1251.0
163.0,-214.0,-952.0
-210.0,-230.0,-829.0
267.0,-138.0,-831.0
-193.0,13.0,-1192.0
121.0,1.0,-1155.0
-382.0,54.0,-1024.0
302.0,193.0,-839.0
-294.0,273.0,-1270.0
359.0,1.0,-1134.0
-382.0,-259.0,-1036.0
312.0,-224.0,-648.0
-95.0,-31.0,-1079.0
72.0,97.0,-1061.0
-222.0,152.0,-1270.0
27.0,171.0,-888.0
226.0,308.0,-1124.0
-407.0,23.0,-1184.0
417.0,-236.0,-860.0
-257.0,-177.0,-862.0
515.0,-58.0,-952.0
-290.0,35.0,-1095.0
308.0,105.0,-940.0
-390.0,140.0,-1268.0
439.0,279.0,-964.0
-267.0,87.0,-1126.0
68.0,-234.0,-866.0
11.0,-177.0,-927.0
355.0,3.0,-946.0
-132.0,19.0,-1087.0
37.0,-33.0,-954.0
-238.0,27.0,-1106.0
263.0,372.0,-1009.0
-177.0,228.0,-1200.0
210.0,-236.0,-903.0
-144.0,-277.0,-919.0
288.0,-117.0,-860.0
58.0,-3.0,-1038.0
-91.0,66.0,-1112.0
-126.0,-11.0,-1097.0
126.0,275.0,-1042.0
-121.0,208.0,-1165.0
111.0,-140.0,-993.0
-150.0,-206.0,-983.0
247.0,-220.0,-851.0
-37.0,124.0,-1028.0
-17.0,-27.0,-1139.0
-150.0,46.0,-1026.0
89.0,238.0,-1093.0
-119.0,220.0,-1161.0
21.0,52.0,-1015.0
-234.0,-165.0,-894.0
195.0,-247.0,-909.0
-31.0,42.0,-979.0
31.0,19.0,-1057.0
-165.0,29.0,-1046.0
-11.0,122.0,-1081.0
-54.0,386.0,-1104.0
-7.0,31.0,-1143.0
-40.0,-226.0,-821.0
284.0,-201.0,-835.0
-11.0,29.0,-1042.0
394.0,3.0,-923.0
-314.0,64.0,-1198.0
50.0,68.0,-1048.0
13.0,236.0,-1093.0
-119.0,128.0,-1061.0
158.0,-214.0,-888.0
-3.0,-113.0,-915.0
281.0,-162.0,-927.0
58.0,70.0,-966.0
-216.0,0.0,-1157.0
-19.0,29.0,-1026.0
-66.0,314.0,-1100.0
109.0,21.0,-1026.0
-103.0,11.0,-1083.0
-52.0,-230.0,-895.0
255.0,-177.0,-874.0
-66.0,9.0,-1073.0
91.0,-48.0,-1042.0
-283.0,179.0,-1054.0
103.0,201.0,-1083.0
-152.0,214.0,-1257.0
85.0,-72.0,-997.0
-54.0,-253.0,-854.0
267.0,-70.0,-835.0
175.0,-1.0,-987.0
-3.0,107.0,-1100.0
-210.0,-50.0,-1145.0
35.0,206.0,-1106.0
46.0,242.0,-1134.0
-46.0,140.0,-987.0
25.0,-165.0,-837.0
68.0,-283.0,-979.0
329.0,11.0,-1036.0
-83.0,46.0,-1015.0
-101.0,35.0,-1018.0
-238.0,183.0,-1143.0
203.0,325.0,-1110.0
78.0,165.0,-1018.0
-119.0,-208.0,-944.0
214.0,-218.0,-767.0
50.0,60.0,-1093.0
238.0,58.0,-1036.0
-249.0,-29.0,-1097.0
-93.0,1.0,-886.0
222.0,329.0,-1100.0
-7.0,169.0,-1214.0
132.0,-208.0,-954.0
-251.0,-265.0,-907.0
423.0,-177.0,-827.0
99.0,58.0,-1122.0
-154.0,144.0,-1067.0
-42.0,-58.0,-944.0
-222.0,177.0,-1307.0
281.0,64.0,-1075.0
-171.0,208.0,-1097.0
-179.0,-325.0,-860.0
288.0,-263.0,-915.0
-113.0,111.0,-1139.0
148.0,-5.0,-995.0
-454.0,144.0,-995.0
66.0,13.0,-1112.0
-58.0,349.0,-1249.0
37.0,138.0,-1022.0
-93.0,-357.0,-853.0
-128.0,-148.0,-790.0
423.0,15.0,-962.0
-201.0,216.0,-1251.0
9.0,1.0,-1032.0
-183.0,9.0,-991.0
214.0,284.0,-1054.0
-60.0,216.0,-1089.0
-140.0,-107.0,-942.0
103.0,-452.0,-921.0
70.0,-91.0,-1011.0
392.0,191.0,-966.0
-337.0,76.0,-1149.0
-91.0,-113.0,-804.0
187.0,273.0,-1009.0
-93.0,279.0,-1395.0
175.0,-70.0,-1065.0
-366.0,-386.0,-735.0
556.0,-158.0,-648.0
33.0,218.0,-1118.0
152.0,122.0,-1132.0
-234.0,0.0,-1147.0
87.0,206.0,-1079.0
156.0,146.0,-1056.0
-7.0,-78.0,-1087.0
-56.0,-306.0,-882.0
167.0,-162.0,-815.0
37.0,93.0,-991.0
66.0,54.0,-1116.0
-605.0,95.0,-1368.0
191.0,70.0,-974.0
-62.0,343.0,-1136.0
72.0,128.0,-892.0
-158.0,-107.0,-983.0
27.0,-208.0,-952.0
478.0,-191.0,-997.0
-214.0,50.0,-1128.0
-1.0,95.0,-1071.0
-244.0,214.0,-997.0
259.0,359.0,-1077.0
13.0,-27.0,-1110.0
-115.0,-148.0,-993.0
-72.0,-277.0,-866.0
292.0,68.0,-979.0
1.0,80.0,-1177.0
-201.0,-23.0,-1011.0
-216.0,-33.0,-892.0
163.0,242.0,-1083.0
-58.0,327.0,-1309.0
-171.0,-35.0,-1069.0
-68.0,-626.0,-778.0
236.0,-224.0,-792.0
298.0,222.0,-933.0
-273.0,370.0,-1208.0
-122.0,17.0,-1061.0
-35.0,44.0,-1138.0
191.0,158.0,-960.0
72.0,-105.0,-872.0
-136.0,-208.0,-925.0
165.0,-181.0,-981.0
101.0,78.0,-1018.0
-169.0,-138.0,-1114.0
-337.0,-17.0,-1087.0
70.0,214.0,-1024.0
1.0,265.0,-1126.0
1.0,150.0,-1065.0
-210.0,-335.0,-899.0
148.0,-290.0,-935.0
103.0,-105.0,-972.0
68.0,111.0,-1011.0
-556.0,216.0,-1155.0
281.0,169.0,-938.0
-134.0,199.0,-1268.0
275.0,-35.0,-936.0
-259.0,-74.0,-958.0
-1.0,-267.0,-821.0
374.0,-35.0,-1038.0
-111.0,169.0,-1143.0
-9.0,-50.0,-935.0
-320.0,167.0,-1054.0
175.0,173.0,-1212.0
60.0,193.0,-1032.0
-7.0,-23.0,-831.0
50.0,-244.0,-921.0
413.0,29.0,-1003.0
80.0,25.0,-1063.0
-119.0,56.0,-911.0
-132.0,25.0,-1079.0
95.0,204.0,-1212.0
132.0,212.0,-1138.0
-99.0,-158.0,-874.0
76.0,-398.0,-733.0
152.0,-124.0,-940.0
402.0,208.0,-1136.0
-171.0,138.0,-1190.0
-142.0,60.0,-981.0
95.0,105.0,-960.0
171.0,226.0,-1067.0
50.0,-54.0,-1120.0
-87.0,-269.0,-948.0
107.0,-70.0,-1032.0
189.0,-35.0,-1026.0
-37.0,23.0,-942.0
-160.0,-5.0,-1052.0
-35.0,288.0,-1200.0
146.0,300.0,-1157.0
-185.0,105.0,-1063.0
-158.0,-281.0,-907.0
70.0,-228.0,-784.0
128.0,-113.0,-1052.0
54.0,142.0,-1032.0
-296.0,218.0,-1175.0
-62.0,228.0,-1073.0
29.0,156.0,-1182.0
134.0,-11.0,-936.0
-224.0,-124.0,-1028.0
-37.0,-122.0,-825.0
398.0,-60.0,-1046.0
-103.0,-1.0,-1112.0
21.0,-70.0,-907.0
-240.0,91.0,-1071.0
-130.0,259.0,-1311.0
156.0,300.0,-1001.0
-325.0,15.0,-1036.0
259.0,-616.0,-720.0
218.0,-83.0,-862.0
423.0,72.0,-948.0
-392.0,296.0,-1319.0
-68.0,9.0,-1071.0
9.0,11.0,-1122.0
78.0,134.0,-856.0
238.0,-64.0,-886.0
-296.0,-234.0,-1087.0
365.0,-203.0,-987.0
-66.0,111.0,-1015.0
66.0,-19.0,-960.0
-277.0,134.0,-1098.0
-80.0,169.0,-1235.0
210.0,122.0,-1022.0
-83.0,17.0,-907.0
-119.0,-353.0,-919.0
171.0,-60.0,-979.0
124.0,-50.0,-1139.0
-130.0,81.0,-1003.0
-357.0,177.0,-1095.0
-95.0,189.0,-1087.0
148.0,208.0,-1210.0
-101.0,-13.0,-1056.0
3.0,-175.0,-792.0
-253.0,-214.0,-882.0
447.0,-35.0,-1063.0
-119.0,156.0,-1177.0
-173.0,35.0,-1065.0
-152.0,56.0,-886.0
72.0,259.0,-1038.0
74.0,203.0,-1046.0
-74.0,48.0,-1161.0
-19.0,-199.0,-977.0
288.0,-91.0,-938.0
177.0,25.0,-942.0
-64.0,0.0,-958.0
-7.0,122.0,-880.0
113.0,294.0,-1366.0
142.0,25.0,-1163.0
93.0,-83.0,-847.0
-345.0,-308.0,-833.0
589.0,-119.0,-757.0
-21.0,183.0,-1013.0
56.0,7.0,-1151.0
-253.0,255.0,-1100.0
242.0,68.0,-1141.0
-56.0,150.0,-985.0
187.0,-93.0,-823.0
-339.0,-21.0,-1069.0
474.0,-89.0,-1097.0
-52.0,-60.0,-1161.0
162.0,-271.0,-696.0
-331.0,85.0,-1079.0
64.0,448.0,-1173.0
290.0,308.0,-1278.0
-413.0,140.0,-1016.0
167.0,-482.0,-741.0
-368.0,-148.0,-966.0
558.0,-70.0,-997.0
-195.0,324.0,-1108.0
-66.0,89.0,-968.0
-212.0,113.0,-1075.0
-5.0,283.0,-1134.0
242.0,-46.0,-1091.0
-302.0,-136.0,-892.0
288.0,-25.0,-874.0
62.0,17.0,-1083.0
374.0,7.0,-1020.0
-409.0,-222.0,-987.0
46.0,19.0,-958.0
-150.0,365.0,-1362.0
1.0,195.0,-1110.0
66.0,-162.0,-890.0
-396.0,-409.0,-786.0
624.0,-29.0,-800.0
-281.0,109.0,-1323.0
204.0,134.0,-1077.0
-527.0,136.0,-1110.0
183.0,76.0,-1030.0
68.0,-66.0,-936.0
11.0,42.0,-886.0
35.0,-171.0,-1009.0
199.0,-78.0,-1122.0
89.0,-121.0,-1011.0
136.0,29.0,-860.0
-324.0,81.0,-1030.0
124.0,-11.0,-1007.0
-140.0,245.0,-1120.0
3.0,68.0,-1100.0
-310.0,-242.0,-1067.0
-40.0,-212.0,-890.0
-25.0,-136.0,-935.0
-314.0,191.0,-944.0
-189.0,-54.0,-1061.0
-540.0,325.0,-1257.0
-80.0,119.0,-1085.0
-462.0,89.0,-1120.0
-124.0,-261.0,-806.0
-204.0,-210.0,-899.0
-222.0,134.0,-997.0
-160.0,76.0,-1132.0
-808.0,-19.0,-1005.0
-119.0,-1.0,-1065.0
-603.0,343.0,-1186.0
66.0,232.0,-921.0
-544.0,23.0,-940.0
-39.0,-206.0,-997.0
-144.0,-160.0,-954.0
-140.0,35.0,-1093.0
-230.0,-48.0,-1032.0
-148.0,259.0,-1085.0
-187.0,181.0,-1138.0
23.0,121.0,-991.0
-242.0,-136.0,-968.0
-93.0,-376.0,-942.0
-42.0,-25.0,-983.0
27.0,150.0,-899.0
-191.0,201.0,-1059.0
-126.0,158.0,-1171.0
-25.0,37.0,-1093.0
-60.0,195.0,-987.0
-9.0,-160.0,-993.0
-132.0,-259.0,-858.0
39.0,-189.0,-931.0
-81.0,-27.0,-1128.0
111.0,66.0,-993.0
-394.0,99.0,-1013.0
-21.0,167.0,-1034.0
-247.0,222.0,-1204.0
-148.0,76.0,-1032.0
-76.0,-152.0,-897.0
-46.0,-124.0,-997.0
85.0,-173.0,-979.0
-81.0,115.0,-1046.0
-226.0,9.0,-1024.0
7.0,236.0,-1108.0
-318.0,329.0,-1225.0
97.0,-23.0,-1015.0
-247.0,-124.0,-919.0
167.0,-283.0,-981.0
93.0,74.0,-1042.0
42.0,144.0,-1009.0
-267.0,158.0,-1042.0
-72.0,122.0,-1104.0
-150.0,140.0,-1175.0
25.0,40.0,-950.0
95.0,-107.0,-981.0
-66.0,-197.0,-981.0
232.0,-19.0,-956.0
-136.0,15.0,-1083.0
107.0,-58.0,-1009.0
-203.0,203.0,-1056.0
85.0,251.0,-1073.0
54.0,140.0,-1081.0
-39.0,-144.0,-1007.0
132.0,-327.0,-938.0
83.0,-50.0,-968.0
89.0,44.0,-946.0
-21.0,48.0,-921.0
-121.0,-11.0,-1089.0
13.0,140.0,-1110.0
85.0,193.0,-1124.0
33.0,-60.0,-1003.0
-5.0,-206.0,-815.0
54.0,-150.0,-938.0
37.0,-87.0,-1056.0
23.0,62.0,-1091.0
-177.0,23.0,-1022.0
99.0,206.0,-1071.0
-220.0,277.0,-1106.0
68.0,39.0,-1036.0
-195.0,-290.0,-944.0
122.0,-191.0,-968.0
-81.0,13.0,-1028.0
144.0,97.0,-995.0
-318.0,-15.0,-1061.0
62.0,132.0,-970.0
-89.0,296.0,-1218.0
-37.0,76.0,-1095.0
48.0,-37.0,-894.0
-89.0,-236.0,-935.0
288.0,-191.0,-909.0
-52.0,146.0,-1091.0
122.0,19.0,-1050.0
-136.0,249.0,-1091.0
17.0,273.0,-1009.0
29.0,97.0,-1083.0
-50.0,-253.0,-1005.0
99.0,-300.0,-894.0
189.0,40.0,-966.0
52.0,60.0,-1063.0
15.0,48.0,-929.0
-103.0,48.0,-1085.0
-101.0,228.0,-1087.0
169.0,171.0,-1020.0
-119.0,-29.0,-1093.0
117.0,-74.0,-880.0
76.0,-105.0,-950.0
165.0,-35.0,-977.0
-365.0,177.0,-1186.0
165.0,226.0,-1069.0
-281.0,300.0,-1136.0
126.0,-226.0,-972.0
-83.0,-283.0,-977.0
150.0,-113.0,-972.0
85.0,107.0,-974.0
17.0,158.0,-1075.0
-230.0,-87.0,-1018.0
50.0,148.0,-1034.0
-150.0,249.0,-1192.0
85.0,93.0,-1048.0
-158.0,-87.0,-979.0
44.0,-255.0,-964.0
132.0,25.0,-972.0
-25.0,60.0,-1009.0
-101.0,50.0,-979.0
-95.0,249.0,-1141.0
-56.0,253.0,-1180.0
42.0,148.0,-1038.0
83.0,-242.0,-901.0
-7.0,-267.0,-925.0
294.0,35.0,-960.0
-37.0,150.0,-1102.0
54.0,-19.0,-907.0
-156.0,119.0,-1040.0
121.0,138.0,-1190.0
52.0,169.0,-1085.0
13.0,-40.0,-970.0
11.0,-269.0,-888.0
214.0,-136.0,-935.0
15.0,-31.0,-1001.0
177.0,109.0,-944.0
-275.0,142.0,-1220.0
122.0,130.0,-991.0
-25.0,218.0,-1126.0
-9.0,-173.0,-1028.0
60.0,-195.0,-839.0
42.0,-119.0,-948.0
124.0,-105.0,-1011.0
13.0,58.0,-1091.0
-220.0,85.0,-1063.0
113.0,152.0,-1015.0
-222.0,183.0,-1161.0
113.0,-78.0,-1036.0
-173.0,-97.0,-999.0
95.0,-208.0,-876.0
134.0,-13.0,-938.0
-56.0,81.0,-1132.0
-177.0,-35.0,-1057.0
-19.0,263.0,-1063.0
-230.0,226.0,-1188.0
193.0,31.0,-968.0
-197.0,-58.0,-989.0
197.0,-212.0,-915.0
48.0,3.0,-1001.0
56.0,-39.0,-944.0
11.0,-13.0,-1024.0
-154.0,283.0,-1194.0
58.0,314.0,-1042.0
-25.0,169.0,-1081.0
-31.0,-394.0,-946.0
115.0,-238.0,-948.0
132.0,42.0,-972.0
226.0,-5.0,-977.0
-148.0,119.0,-954.0
37.0,40.0,-1093.0
-124.0,247.0,-1157.0
175.0,70.0,-1001.0
-103.0,-44.0,-1034.0
111.0,-265.0,-907.0
126.0,-72.0,-903.0
111.0,39.0,-1015.0
33.0,-21.0,-1034.0
-173.0,50.0,-1009.0
23.0,218.0,-1139.0
-111.0,304.0,-1149.0
42.0,-19.0,-1042.0
-167.0,-325.0,-884.0
154.0,-271.0,-958.0
-29.0,40.0,-1059.0
91.0,121.0,-1040.0
-325.0,54.0,-1026.0
-35.0,140.0,-981.0
-25.0,259.0,-1257.0
-70.0,40.0,-1116.0
150.0,-162.0,-798.0
-142.0,-99.0,-948.0
284.0,-76.0,-929.0
-78.0,81.0,-1079.0
-48.0,-29.0,-1042.0
-17.0,189.0,-1095.0
-52.0,318.0,-1097.0
121.0,81.0,-1034.0
-64.0,-29.0,-1003.0
0.0,-347.0,-870.0
204.0,-95.0,-921.0
-48.0,46.0,-1130.0
66.0,107.0,-1018.0
-191.0,269.0,-1030.0
-146.0,146.0,-1028.0
58.0,101.0,-1036.0
-363.0,-154.0,-1169.0
111.0,-236.0,-888.0
-386.0,52.0,-917.0
-21.0,-162.0,-884.0
-394.0,-25.0,-1065.0
-413.0,58.0,-1050.0
-527.0,365.0,-1100.0
-554.0,201.0,-1132.0
-507.0,-226.0,-940.0
-638.0,-99.0,-856.0
-468.0,-128.0,-929.0
-714.0,-15.0,-1071.0
-488.0,-119.0,-1020.0
-1095.0,60.0,-1128.0
-568.0,212.0,-1009.0
-1196.0,218.0,-1221.0
-757.0,-37.0,-1026.0
-1122.0,-156.0,-1063.0
-856.0,-156.0,-974.0
-1009.0,-40.0,-960.0
-940.0,37.0,-1042.0
-1233.0,-9.0,-1130.0
-944.0,199.0,-1069.0
-1350.0,247.0,-1180.0
-995.0,21.0,-1067.0
-1128.0,-128.0,-1063.0
-1077.0,-203.0,-894.0
-966.0,-13.0,-823.0
-1221.0,21.0,-1186.0
-1018.0,-50.0,-1106.0
-1220.0,165.0,-989.0
-1235.0,222.0,-966.0
-1095.0,173.0,-1081.0
-1229.0,-17.0,-1169.0
-1015.0,-201.0,-831.0
-1077.0,-115.0,-894.0
-1194.0,-136.0,-1042.0
-1044.0,-13.0,-1020.0
-1387.0,54.0,-1050.0
-1292.0,97.0,-1005.0
-1372.0,224.0,-1063.0
-1346.0,-37.0,-1163.0
-1270.0,-42.0,-843.0
-1303.0,-107.0,-806.0
-1331.0,-124.0,-917.0
-1177.0,27.0,-1046.0
-1532.0,-113.0,-1100.0
-1212.0,206.0,-944.0
-1436.0,56.0,-1093.0
-1405.0,46.0,-1110.0
-1122.0,-83.0,-976.0
-1389.0,-185.0,-995.0
-948.0,-142.0,-843.0
-1424.0,165.0,-1079.0
-1087.0,-23.0,-989.0
-1473.0,0.0,-1042.0
-1288.0,357.0,-1116.0
-1276.0,220.0,-1188.0
-1190.0,300.0,-979.0
-1079.0,-374.0,-825.0
-1300.0,-115.0,-899.0
-1085.0,-316.0,-1126.0
-1268.0,-11.0,-1136.0
-1018.0,134.0,-1018.0
-1368.0,513.0,-1190.0
-925.0,-54.0,-1048.0
-1214.0,302.0,-1114.0
-696.0,-466.0,-786.0
-599.0,183.0,-827.0
-458.0,-203.0,-1095.0
-497.0,240.0,-1100.0
-519.0,140.0,-991.0
-413.0,-97.0,-1063.0
-119.0,327.0,-1147.0
-288.0,-48.0,-1026.0
124.0,35.0,-802.0
-294.0,-378.0,-1083.0
171.0,97.0,-1024.0
-343.0,-167.0,-1075.0
-203.0,296.0,-977.0
-224.0,224.0,-1161.0
-242.0,56.0,-1059.0
-72.0,146.0,-894.0
-283.0,-179.0,-938.0
29.0,52.0,-798.0
130.0,-288.0,-1011.0
-25.0,-50.0,-1069.0
74.0,46.0,-970.0
-132.0,-44.0,-981.0
119.0,255.0,-1145.0
-23.0,-23.0,-1095.0
-80.0,83.0,-974.0
-13.0,37.0,-970.0
50.0,-46.0,-1024.0
-35.0,89.0,-1130.0
-117.0,-21.0,-1042.0
-265.0,83.0,-1050.0
163.0,175.0,-962.0
-175.0,81.0,-1177.0
267.0,52.0,-940.0
33.0,-206.0,-958.0
493.0,1.0,-878.0
562.0,-13.0,-1116.0
294.0,-52.0,-1091.0
616.0,191.0,-1063.0
267.0,152.0,-1249.0
628.0,-152.0,-1153.0
489.0,-113.0,-1011.0
497.0,-119.0,-866.0
630.0,474.0,-948.0
337.0,-175.0,-1022.0
437.0,-33.0,-1056.0
111.0,-68.0,-1132.0
423.0,-50.0,-1057.0
361.0,212.0,-966.0
663.0,-335.0,-1034.0
185.0,15.0,-938.0
944.0,-68.0,-790.0
312.0,189.0,-1108.0
1030.0,-81.0,-985.0
9.0,-185.0,-1151.0
1085.0,121.0,-933.0
148.0,128.0,-1259.0
767.0,-216.0,-921.0
386.0,-1.0,-979.0
415.0,113.0,-970.0
316.0,236.0,-995.0
404.0,-44.0,-1026.0
179.0,-115.0,-968.0
474.0,-91.0,-876.0
263.0,107.0,-1106.0
579.0,460.0,-1132.0
193.0,-406.0,-923.0
667.0,105.0,-833.0
673.0,-181.0,-929.0
569.0,197.0,-1054.0
663.0,42.0,-964.0
569.0,-91.0,-1139.0
558.0,103.0,-1182.0
601.0,165.0,-1110.0
390.0,-17.0,-989.0
620.0,19.0,-858.0
445.0,70.0,-1026.0
610.0,-40.0,-1044.0
370.0,-48.0,-1009.0
515.0,-13.0,-952.0
610.0,44.0,-1147.0
411.0,234.0,-1036.0
669.0,-54.0,-884.0
538.0,-99.0,-1015.0
868.0,132.0,-960.0
558.0,7.0,-923.0
747.0,-50.0,-1040.0
589.0,-351.0,-1157.0
774.0,189.0,-952.0
437.0,76.0,-1138.0
737.0,298.0,-1157.0
472.0,-25.0,-991.0
798.0,-126.0,-794.0
546.0,-5.0,-1063.0
685.0,-7.0,-1028.0
415.0,-99.0,-1063.0
554.0,97.0,-1015.0
474.0,240.0,-1157.0
470.0,181.0,-1075.0
569.0,-277.0,-849.0
521.0,163.0,-1005.0
661.0,-119.0,-977.0
548.0,119.0,-948.0
636.0,-83.0,-995.0
491.0,31.0,-1214.0
542.0,294.0,-1059.0
484.0,273.0,-1130.0
618.0,-40.0,-960.0
620.0,-187.0,-907.0
671.0,23.0,-913.0
728.0,284.0,-1147.0
644.0,-81.0,-1067.0
650.0,-158.0,-948.0
601.0,50.0,-1089.0
732.0,242.0,-1143.0
683.0,-27.0,-968.0
837.0,-111.0,-862.0
774.0,-74.0,-1026.0
792.0,175.0,-1052.0
698.0,40.0,-970.0
589.0,-187.0,-907.0
585.0,42.0,-1063.0
443.0,203.0,-1247.0
673.0,-11.0,-1003.0
546.0,-165.0,-858.0
722.0,-187.0,-880.0
622.0,160.0,-1036.0
624.0,132.0,-1057.0
464.0,-101.0,-1061.0
515.0,-148.0,-1059.0
499.0,115.0,-1106.0
622.0,105.0,-1149.0
638.0,-177.0,-913.0
564.0,-21.0,-870.0
659.0,142.0,-1057.0
573.0,97.0,-1188.0
554.0,-111.0,-987.0
400.0,-99.0,-944.0
612.0,107.0,-1079.0
628.0,212.0,-1268.0
587.0,-99.0,-1040.0
679.0,-171.0,-856.0
493.0,-1.0,-860.0
884.0,160.0,-1018.0
499.0,117.0,-1112.0
718.0,-101.0,-989.0
349.0,15.0,-1067.0
804.0,152.0,-1104.0
509.0,62.0,-1124.0
681.0,-212.0,-753.0
568.0,87.0,-884.0
616.0,37.0,-1056.0
630.0,25.0,-1132.0
310.0,-93.0,-1040.0
589.0,9.0,-1003.0
259.0,146.0,-1163.0
743.0,3.0,-890.0
251.0,19.0,-997.0
646.0,-95.0,-886.0
357.0,15.0,-1054.0
404.0,19.0,-966.0
294.0,-78.0,-1071.0
286.0,97.0,-1087.0
251.0,181.0,-1110.0
236.0,54.0,-1044.0
136.0,-206.0,-944.0
306.0,-48.0,-899.0
138.0,154.0,-1106.0
244.0,60.0,-1104.0
-126.0,-37.0,-993.0
173.0,-72.0,-979.0
-68.0,163.0,-1223.0
296.0,83.0,-1075.0
-150.0,-17.0,-1026.0
306.0,-144.0,-868.0
62.0,158.0,-1034.0
316.0,150.0,-1001.0
-52.0,-29.0,-1022.0
-3.0,-58.0,-1054.0
83.0,169.0,-1184.0
115.0,206.0,-1161.0
107.0,-148.0,-905.0
138.0,-72.0,-911.0
193.0,83.0,-989.0
275.0,76.0,-1018.0
-40.0,-117.0,-997.0
109.0,-134.0,-1057.0
78.0,66.0,-1087.0
288.0,152.0,-1015.0
119.0,-117.0,-964.0
126.0,-335.0,-917.0
197.0,-189.0,-958.0
167.0,50.0,-1026.0
193.0,-105.0,-1003.0
-62.0,-224.0,-976.0
203.0,-144.0,-1057.0
-7.0,-78.0,-1114.0
208.0,-210.0,-1026.0
-66.0,-365.0,-905.0
210.0,-265.0,-958.0
0.0,-128.0,-1081.0
136.0,-284.0,-981.0
-99.0,-480.0,-940.0
46.0,-322.0,-1018.0
13.0,-87.0,-1249.0
42.0,-273.0,-1077.0
-40.0,-515.0,-880.0
-9.0,-474.0,-911.0
160.0,-388.0,-1056.0
11.0,-283.0,-1003.0
-44.0,-419.0,-936.0
-109.0,-503.0,-1149.0
-42.0,-298.0,-1110.0
97.0,-284.0,-1046.0
-89.0,-474.0,-942.0
187.0,-630.0,-884.0
-81.0,-476.0,-1022.0
197.0,-556.0,-1052.0
-193.0,-714.0,-1065.0
105.0,-687.0,-915.0
3.0,-456.0,-1083.0
107.0,-409.0,-1108.0
-23.0,-667.0,-1018.0
9.0,-757.0,-899.0
175.0,-646.0,-919.0
163.0,-366.0,-1056.0
74.0,-497.0,-1042.0
-101.0,-681.0,-907.0
-78.0,-593.0,-997.0
107.0,-603.0,-1204.0
27.0,-655.0,-1071.0
138.0,-800.0,-771.0
83.0,-616.0,-841.0
183.0,-566.0,-1036.0
-31.0,-661.0,-1050.0
-60.0,-786.0,-1011.0
-42.0,-724.0,-1063.0
5.0,-441.0,-1009.0
261.0,-491.0,-1013.0
-130.0,-624.0,-1026.0
298.0,-667.0,-856.0
-140.0,-474.0,-1003.0
275.0,-513.0,-1009.0
-292.0,-523.0,-1095.0
148.0,-540.0,-1018.0
-158.0,-468.0,-1114.0
128.0,-486.0,-1009.0
-46.0,-585.0,-1032.0
156.0,-515.0,-917.0
15.0,-283.0,-952.0
109.0,-343.0,-1015.0
-87.0,-560.0,-1073.0
-7.0,-671.0,-999.0
-1.0,-509.0,-1091.0
163.0,-597.0,-1102.0
-11.0,-659.0,-974.0
130.0,-733.0,-919.0
117.0,-462.0,-1001.0
132.0,-361.0,-1079.0
-37.0,-378.0,-972.0
19.0,-437.0,-1011.0
-46.0,-292.0,-1085.0
95.0,-226.0,-1087.0
9.0,-281.0,-1030.0
-3.0,-552.0,-944.0
181.0,-361.0,-892.0
25.0,-261.0,-1067.0
68.0,-445.0,-946.0
-210.0,-493.0,-1044.0
103.0,-503.0,-1028.0
-97.0,-406.0,-1100.0
132.0,-638.0,-979.0
-173.0,-821.0,-977.0
95.0,-759.0,-933.0
-27.0,-443.0,-1009.0
87.0,-251.0,-1032.0
-199.0,-406.0,-1034.0
40.0,-335.0,-1024.0
-124.0,-201.0,-1177.0
3.0,-296.0,-1069.0
-142.0,-378.0,-921.0
27.0,-439.0,-944.0
-3.0,-343.0,-1042.0
52.0,-314.0,-974.0
-177.0,-716.0,-1067.0
-35.0,-659.0,-1087.0
-109.0,-538.0,-1059.0
39.0,-585.0,-1042.0
-119.0,-704.0,-1013.0
-13.0,-825.0,-913.0
-11.0,-433.0,-1013.0
83.0,-249.0,-981.0
-62.0,-316.0,-921.0
-27.0,-493.0,-1022.0
-25.0,-443.0,-1116.0
56.0,-363.0,-1089.0
-17.0,-612.0,-954.0
17.0,-835.0,-895.0
158.0,-870.0,-911.0
128.0,-702.0,-1040.0
23.0,-640.0,-1009.0
-33.0,-737.0,-1018.0
48.0,-644.0,-1042.0
46.0,-411.0,-1065.0
46.0,-464.0,-1018.0
-107.0,-835.0,-892.0
103.0,-722.0,-950.0
27.0,-624.0,-1069.0
40.0,-593.0,-1042.0
-95.0,-892.0,-827.0
-95.0,-737.0,-966.0
111.0,-534.0,-1218.0
-115.0,-462.0,-1184.0
72.0,-691.0,-813.0
-130.0,-894.0,-860.0
214.0,-888.0,-962.0
-29.0,-663.0,-1077.0
9.0,-853.0,-989.0
-42.0,-808.0,-1046.0
-1.0,-523.0,-1044.0
83.0,-331.0,-1132.0
-25.0,-439.0,-985.0
126.0,-560.0,-856.0
-81.0,-544.0,-995.0
308.0,-489.0,-981.0
-115.0,-626.0,-1026.0
99.0,-739.0,-1011.0
13.0,-558.0,-1171.0
42.0,-406.0,-1083.0
113.0,-296.0,-946.0
7.0,-519.0,-895.0
212.0,-599.0,-884.0
35.0,-409.0,-1044.0
119.0,-437.0,-1075.0
-31.0,-527.0,-1067.0
70.0,-374.0,-956.0
121.0,-329.0,-1139.0
0.0,-283.0,-1013.0
80.0,-324.0,-864.0
23.0,-185.0,-991.0
224.0,-300.0,-1038.0
21.0,-242.0,-972.0
103.0,-353.0,-991.0
-44.0,-160.0,-1145.0
25.0,-136.0,-1102.0
-99.0,7.0,-1097.0
-56.0,-66.0,-940.0
58.0,-42.0,-888.0
-3.0,-95.0,-1044.0
42.0,-247.0,-1015.0
-290.0,-83.0,-1054.0
42.0,-60.0,-1048.0
-189.0,144.0,-1243.0
103.0,-87.0,-993.0
-169.0,-83.0,-958.0
56.0,-52.0,-952.0
66.0,-13.0,-1020.0
-13.0,189.0,-1057.0
-54.0,117.0,-1005.0
-148.0,259.0,-1085.0
0.0,324.0,-1108.0
15.0,318.0,-1102.0
-33.0,19.0,-890.0
25.0,-68.0,-907.0
134.0,107.0,-1028.0
-25.0,64.0,-1100.0
-31.0,0.0,-952.0
-175.0,-117.0,-1050.0
111.0,101.0,-1022.0
-37.0,222.0,-1116.0
72.0,99.0,-1003.0
-95.0,-23.0,-886.0
93.0,199.0,-929.0
122.0,304.0,-1079.0
68.0,259.0,-972.0
-136.0,216.0,-915.0
105.0,126.0,-1032.0
-44.0,253.0,-1147.0
128.0,-54.0,-1005.0
-113.0,-76.0,-931.0
134.0,-113.0,-888.0
3.0,156.0,-1011.0
60.0,27.0,-1069.0
-119.0,-158.0,-1007.0
-58.0,-113.0,-1020.0
-85.0,158.0,-1141.0
95.0,201.0,-1032.0
-177.0,195.0,-983.0
33.0,11.0,-950.0
-70.0,31.0,-977.0
44.0,191.0,-979.0
-97.0,105.0,-1097.0
-9.0,138.0,-1077.0
-95.0,167.0,-1065.0
7.0,193.0,-1044.0
7.0,-81.0,-993.0
-11.0,-9.0,-936.0
44.0,132.0,-1028.0
42.0,253.0,-1048.0
-78.0,101.0,-972.0
-52.0,117.0,-1046.0
31.0,283.0,-1102.0
33.0,359.0,-1048.0
-3.0,343.0,-974.0
111.0,142.0,-888.0
193.0,300.0,-915.0
121.0,244.0,-1087.0
99.0,150.0,-989.0
-27.0,175.0,-964.0
154.0,378.0,-1089.0
62.0,341.0,-1296.0
140.0,101.0,-936.0
0.0,232.0,-911.0
230.0,322.0,-977.0
197.0,550.0,-1120.0
-50.0,488.0,-1065.0
-11.0,347.0,-925.0
-80.0,429.0,-1050.0
89.0,527.0,-1173.0
0.0,337.0,-1139.0
0.0,136.0,-892.0
11.0,406.0,-940.0
21.0,480.0,-1106.0
58.0,404.0,-1087.0
-234.0,197.0,-1022.0
29.0,337.0,-1032.0
-80.0,605.0,-1212.0
107.0,628.0,-1171.0
-140.0,480.0,-1050.0
74.0,569.0,-856.0
23.0,845.0,-981.0
109.0,872.0,-1067.0
-89.0,609.0,-1054.0
-91.0,482.0,-974.0
64.0,591.0,-1100.0
124.0,507.0,-1194.0
21.0,429.0,-1011.0
35.0,394.0,-837.0
21.0,599.0,-960.0
60.0,601.0,-1065.0
-42.0,534.0,-1020.0
0.0,404.0,-1032.0
-19.0,706.0,-1075.0
103.0,833.0,-1087.0
25.0,685.0,-1048.0
7.0,566.0,-901.0
58.0,774.0,-901.0
21.0,800.0,-999.0
89.0,642.0,-1032.0
-144.0,507.0,-972.0
113.0,486.0,-991.0
-78.0,595.0,-1149.0
85.0,421.0,-1104.0
-204.0,435.0,-935.0
101.0,505.0,-890.0
-85.0,650.0,-1018.0
105.0,528.0,-1007.0
-279.0,433.0,-1059.0
101.0,497.0,-1063.0
-169.0,687.0,-1270.0
-29.0,710.0,-1034.0
-140.0,620.0,-958.0
-87.0,640.0,-872.0
177.0,735.0,-956.0
-80.0,673.0,-1073.0
66.0,366.0,-1026.0
-177.0,431.0,-1118.0
66.0,560.0,-1122.0
5.0,638.0,-1122.0
-158.0,612.0,-987.0
89.0,568.0,-944.0
-99.0,610.0,-995.0
232.0,384.0,-1005.0
-177.0,390.0,-1038.0
128.0,413.0,-1085.0
-132.0,667.0,-1179.0
70.0,716.0,-1073.0
-31.0,536.0,-940.0
-52.0,488.0,-886.0
294.0,616.0,-892.0
74.0,607.0,-1057.0
259.0,370.0,-993.0
-191.0,284.0,-1083.0
325.0,454.0,-1110.0
-122.0,677.0,-1182.0
331.0,505.0,-886.0
-113.0,575.0,-977.0
378.0,605.0,-983.0
132.0,628.0,-1067.0
320.0,306.0,-862.0
44.0,378.0,-1095.0
314.0,491.0,-1132.0
236.0,728.0,-1220.0
312.0,501.0,-927.0
169.0,275.0,-931.0
460.0,519.0,-946.0
538.0,610.0,-1087.0
528.0,603.0,-1036.0
359.0,349.0,-970.0
306.0,472.0,-1114.0
474.0,532.0,-1216.0
614.0,644.0,-1188.0
478.0,536.0,-942.0
632.0,636.0,-913.0
603.0,718.0,-1001.0
835.0,577.0,-1087.0
474.0,460.0,-931.0
661.0,380.0,-1057.0
480.0,628.0,-1245.0
804.0,593.0,-1194.0
757.0,407.0,-907.0
620.0,349.0,-835.0
1075.0,544.0,-907.0
679.0,810.0,-1212.0
989.0,501.0,-958.0
300.0,427.0,-966.0
905.0,361.0,-1046.0
569.0,644.0,-1286.0
806.0,540.0,-981.0
497.0,345.0,-776.0
474.0,413.0,-876.0
550.0,458.0,-1079.0
244.0,445.0,-1056.0
349.0,240.0,-1013.0
39.0,376.0,-983.0
456.0,488.0,-1136.0
27.0,203.0,-1139.0
281.0,193.0,-854.0
-21.0,197.0,-911.0
304.0,329.0,-1122.0
62.0,460.0,-1180.0
-50.0,208.0,-1028.0
62.0,244.0,-966.0
-81.0,374.0,-1186.0
201.0,407.0,-1200.0
-201.0,218.0,-1042.0
74.0,156.0,-860.0
-39.0,269.0,-974.0
189.0,255.0,-1038.0
-64.0,91.0,-1063.0
29.0,162.0,-1009.0
7.0,255.0,-1188.0
197.0,126.0,-1100.0
76.0,83.0,-960.0
224.0,23.0,-866.0
247.0,320.0,-1022.0
244.0,203.0,-1048.0
183.0,113.0,-1042.0
15.0,0.0,-1077.0
185.0,224.0,-1077.0
117.0,189.0,-1061.0
156.0,13.0,-938.0
81.0,66.0,-954.0
208.0,60.0,-917.0
91.0,60.0,-972.0
39.0,-35.0,-921.0
-95.0,35.0,-1071.0
21.0,105.0,-1073.0
-64.0,130.0,-1069.0
113.0,-17.0,-913.0
-54.0,-68.0,-942.0
222.0,136.0,-876.0
-52.0,152.0,-1052.0
3.0,-25.0,-981.0
-269.0,29.0,-1007.0
-144.0,130.0,-1038.0
-236.0,238.0,-1145.0
-173.0,78.0,-1036.0
-388.0,-136.0,-946.0
-214.0,-50.0,-913.0
-488.0,113.0,-1011.0
-417.0,144.0,-1052.0
-763.0,35.0,-997.0
-640.0,58.0,-1081.0
-714.0,259.0,-1139.0
-720.0,236.0,-1167.0
-673.0,-1.0,-923.0
-694.0,70.0,-962.0
-614.0,261.0,-985.0
-839.0,105.0,-1100.0
-808.0,115.0,-987.0
-862.0,25.0,-1132.0
-532.0,325.0,-1097.0
-724.0,286.0,-1143.0
-433.0,121.0,-981.0
-671.0,64.0,-1024.0
-331.0,175.0,-890.0
-558.0,284.0,-1120.0
-376.0,50.0,-1052.0
-478.0,144.0,-1050.0
-333.0,214.0,-1034.0
-273.0,259.0,-1132.0
-267.0,208.0,-1042.0
-318.0,44.0,-886.0
-70.0,163.0,-942.0
-275.0,316.0,-1093.0
-107.0,167.0,-981.0
-462.0,115.0,-987.0
-29.0,167.0,-1001.0
-322.0,320.0,-1194.0
-44.0,208.0,-1081.0
-324.0,124.0,-936.0
-148.0,136.0,-868.0
-201.0,265.0,-1054.0
-146.0,236.0,-1038.0
-325.0,37.0,-1042.0
-199.0,66.0,-991.0
-245.0,324.0,-1108.0
-171.0,308.0,-1108.0
-277.0,136.0,-979.0
-175.0,89.0,-905.0
-146.0,257.0,-964.0
-5.0,279.0,-1011.0
-245.0,87.0,-1005.0
-121.0,70.0,-1048.0
-218.0,292.0,-1050.0
117.0,355.0,-1063.0
-206.0,154.0,-1063.0
7.0,-35.0,-888.0
-85.0,91.0,-938.0
21.0,163.0,-993.0
-39.0,132.0,-1081.0
-115.0,-17.0,-1026.0
-37.0,165.0,-1022.0
-87.0,220.0,-1136.0
109.0,113.0,-1048.0
-259.0,-19.0,-952.0
265.0,-19.0,-868.0
-226.0,158.0,-1057.0
185.0,25.0,-950.0
-300.0,-44.0,-1116.0
179.0,-11.0,-1040.0
-173.0,175.0,-1134.0
89.0,70.0,-962.0
-60.0,-156.0,-946.0
37.0,31.0,-981.0
0.0,54.0,-1138.0
-15.0,-29.0,-979.0
-177.0,-160.0,-944.0
113.0,-11.0,-1061.0
-74.0,218.0,-1301.0
83.0,-23.0,-1018.0
-218.0,-103.0,-880.0
56.0,-138.0,-929.0
-23.0,66.0,-1065.0
99.0,109.0,-1009.0
-146.0,-72.0,-987.0
39.0,-54.0,-1015.0
-31.0,136.0,-1147.0
89.0,122.0,-1143.0
-121.0,-220.0,-944.0
25.0,-144.0,-849.0
72.0,85.0,-1059.0
171.0,89.0,-1102.0
-52.0,-74.0,-989.0
-44.0,-154.0,-921.0
33.0,31.0,-1056.0
150.0,189.0,-1186.0
-37.0,-29.0,-1139.0
31.0,-181.0,-878.0
-66.0,-25.0,-884.0
191.0,11.0,-1011.0
33.0,-50.0,-1056.0
-3.0,-95.0,-948.0
-21.0,93.0,-1097.0
21.0,124.0,-1161.0
-37.0,-27.0,-1005.0
-35.0,-175.0,-884.0
97.0,-87.0,-903.0
78.0,136.0,-1007.0
97.0,-15.0,-1048.0
-169.0,-66.0,-1040.0
27.0,5.0,-1005.0
-189.0,232.0,-1182.0
72.0,5.0,-1032.0
-232.0,-46.0,-952.0
-1.0,23.0,-884.0
64.0,33.0,-1038.0
-3.0,46.0,-989.0
-111.0,-72.0,-1001.0
-126.0,113.0,-1128.0
-126.0,212.0,-1108.0
-81.0,197.0,-1073.0
-128.0,-58.0,-1003.0
66.0,-95.0,-858.0
-9.0,171.0,-970.0
177.0,175.0,-1077.0
-148.0,156.0,-1009.0
-3.0,64.0,-974.0
-142.0,160.0,-1138.0
66.0,210.0,-1085.0
-103.0,42.0,-993.0
103.0,0.0,-913.0
101.0,93.0,-960.0
154.0,230.0,-997.0
-11.0,80.0,-1001.0
-60.0,35.0,-987.0
13.0,220.0,-1132.0
-40.0,187.0,-1194.0
171.0,156.0,-903.0
-66.0,5.0,-878.0
251.0,54.0,-966.0
70.0,95.0,-1083.0
-17.0,93.0,-1005.0
-52.0,56.0,-1020.0
-35.0,154.0,-1048.0
74.0,249.0,-1122.0
-119.0,40.0,-1110.0
103.0,-111.0,-892.0
-80.0,58.0,-935.0
179.0,128.0,-1042.0
-35.0,134.0,-1104.0
-111.0,27.0,-981.0
-124.0,83.0,-1075.0
9.0,93.0,-1108.0
-33.0,169.0,-1128.0
-101.0,-17.0,-1001.0
97.0,-72.0,-872.0
-31.0,62.0,-981.0
113.0,146.0,-1097.0
-165.0,-9.0,-1071.0
-27.0,21.0,-895.0
-111.0,179.0,-1167.0
72.0,85.0,-1141.0
-17.0,-35.0,-1016.0
-40.0,-15.0,-882.0
197.0,25.0,-935.0
29.0,46.0,-1018.0
33.0,-76.0,-1034.0
-165.0,-31.0,-1085.0
93.0,39.0,-1056.0
-54.0,103.0,-1159.0
121.0,-39.0,-987.0
-21.0,-101.0,-882.0
144.0,-23.0,-884.0
68.0,-64.0,-1102.0
56.0,-83.0,-1040.0
-58.0,-113.0,-1048.0
15.0,70.0,-976.0
115.0,87.0,-1052.0
-37.0,-31.0,-1114.0
-1.0,-232.0,-997.0
191.0,-154.0,-854.0
54.0,44.0,-1011.0
68.0,-42.0,-1087.0
-140.0,-171.0,-997.0
25.0,-52.0,-1044.0
-117.0,173.0,-1165.0
208.0,-81.0,-1067.0
-220.0,-171.0,-976.0
206.0,-101.0,-880.0
-126.0,35.0,-1026.0
193.0,-64.0,-1034.0
-247.0,-140.0,-1100.0
83.0,-58.0,-1003.0
-146.0,162.0,-1124.0
103.0,122.0,-1054.0
-119.0,-62.0,-1028.0
19.0,-160.0,-911.0
-9.0,29.0,-1028.0
107.0,1.0,-956.0
-87.0,-76.0,-968.0
-19.0,-5.0,-1159.0
-37.0,144.0,-1141.0
56.0,171.0,-1009.0
-66.0,-25.0,-958.0
70.0,-222.0,-985.0
78.0,-19.0,-936.0
70.0,124.0,-1081.0
68.0,23.0,-1011.0
-81.0,-23.0,-987.0
64.0,83.0,-1056.0
-15.0,146.0,-1106.0
42.0,-11.0,-1003.0
-60.0,-54.0,-909.0
124.0,111.0,-1011.0
140.0,56.0,-966.0
25.0,35.0,-948.0
-21.0,-126.0,-946.0
25.0,113.0,-1089.0
-17.0,271.0,-1190.0
-42.0,111.0,-1130.0
-101.0,-35.0,-829.0
23.0,-23.0,-874.0
109.0,111.0,-1118.0
74.0,-3.0,-1073.0
-214.0,64.0,-968.0
40.0,124.0,-1046.0
-128.0,300.0,-1204.0
27.0,105.0,-1063.0
-177.0,-21.0,-956.0
25.0,-3.0,-870.0
80.0,160.0,-1013.0
81.0,158.0,-1116.0
-107.0,3.0,-1005.0
-95.0,42.0,-1005.0
-76.0,204.0,-1128.0
111.0,177.0,-1132.0
-163.0,142.0,-981.0
97.0,-64.0,-866.0
1.0,60.0,-960.0
263.0,46.0,-1057.0
-9.0,87.0,-1093.0
-7.0,-15.0,-958.0
-58.0,218.0,-952.0
93.0,234.0,-1153.0
0.0,-52.0,-1151.0
66.0,-103.0,-835.0
15.0,66.0,-921.0
247.0,76.0,-948.0
7.0,-23.0,-1026.0
-27.0,-42.0,-1046.0
-58.0,62.0,-1118.0
-42.0,126.0,-1100.0
21.0,3.0,-1036.0
-9.0,-42.0,-948.0
103.0,-64.0,-858.0
68.0,25.0,-1020.0
58.0,-126.0,-1091.0
-124.0,21.0,-1089.0
-13.0,40.0,-1048.0
-162.0,150.0,-1087.0
91.0,13.0,-952.0
-187.0,-103.0,-1091.0
191.0,-160.0,-1024.0
-95.0,-33.0,-944.0
99.0,44.0,-944.0
-128.0,-78.0,-1110.0
-83.0,-13.0,-1063.0
-5.0,60.0,-1079.0
-42.0,99.0,-1095.0
48.0,-154.0,-962.0
-21.0,-74.0,-913.0
107.0,15.0,-1013.0
83.0,17.0,-1018.0
-72.0,-93.0,-970.0
-23.0,-101.0,-1063.0
44.0,146.0,-1079.0
81.0,7.0,-1059.0
0.0,-48.0,-991.0
11.0,-214.0,-960.0
165.0,9.0,-968.0
101.0,54.0,-1011.0
85.0,-162.0,-854.0
-83.0,-107.0,-1057.0
126.0,29.0,-1190.0
-21.0,224.0,-1147.0
97.0,-29.0,-884.0
-97.0,-189.0,-899.0
122.0,-128.0,-1001.0
52.0,23.0,-1001.0
37.0,-40.0,-1104.0
-76.0,-105.0,-993.0
0.0,52.0,-974.0
11.0,191.0,-1147.0
-58.0,-31.0,-1126.0
-62.0,-177.0,-909.0
-89.0,-54.0,-974.0
183.0,52.0,-1018.0
-1.0,97.0,-1011.0
-58.0,-99.0,-929.0
-81.0,13.0,-1089.0
-68.0,154.0,-1212.0
-40.0,218.0,-1136.0
-117.0,-66.0,-936.0
-21.0,-140.0,-831.0
103.0,87.0,-964.0
136.0,156.0,-1145.0
-3.0,-70.0,-1015.0
-124.0,58.0,-976.0
15.0,244.0,-1120.0
42.0,199.0,-1122.0
23.0,-13.0,-952.0
31.0,-74.0,-923.0
95.0,62.0,-956.0
130.0,122.0,-1001.0
3.0,87.0,-1050.0
-60.0,-31.0,-1065.0
-33.0,206.0,-1038.0
-9.0,160.0,-1171.0
74.0,35.0,-958.0
-5.0,0.0,-888.0
158.0,17.0,-894.0
121.0,46.0,-1065.0
19.0,-7.0,-1102.0
-17.0,48.0,-991.0
-58.0,165.0,-972.0
0.0,181.0,-1073.0
15.0,44.0,-1157.0
-3.0,-134.0,-983.0
66.0,40.0,-870.0
48.0,87.0,-1036.0
103.0,48.0,-974.0
-230.0,-80.0,-1044.0
-19.0,87.0,-1063.0
-160.0,179.0,-1225.0
23.0,91.0,-997.0
-126.0,-91.0,-1018.0
80.0,-60.0,-899.0
7.0,99.0,-972.0
37.0,-3.0,-1063.0
-144.0,-52.0,-1097.0
-66.0,70.0,-1022.0
-95.0,230.0,-1120.0
39.0,132.0,-1079.0
-70.0,-124.0,-940.0
40.0,-13.0,-1001.0
115.0,3.0,-989.0
83.0,19.0,-964.0
-52.0,-87.0,-950.0
13.0,39.0,-1161.0
-29.0,244.0,-1089.0
103.0,142.0,-1040.0
-21.0,-93.0,-977.0
81.0,-230.0,-907.0
113.0,58.0,-952.0
126.0,66.0,-1085.0
54.0,-60.0,-985.0
-122.0,-89.0,-970.0
89.0,33.0,-1083.0
0.0,197.0,-1100.0
107.0,-117.0,-1005.0
-56.0,-175.0,-938.0
111.0,-68.0,-974.0
78.0,50.0,-1020.0
76.0,-70.0,-1013.0
-146.0,-203.0,-948.0
33.0,17.0,-1079.0
-117.0,160.0,-1264.0
95.0,70.0,-995.0
-179.0,-189.0,-897.0
117.0,-193.0,-919.0
74.0,-7.0,-1102.0
-7.0,19.0,-995.0
-91.0,-52.0,-1034.0
-113.0,23.0,-1056.0
25.0,80.0,-1108.0
-23.0,128.0,-1100.0
15.0,-142.0,-964.0
-5.0,-109.0,-913.0
58.0,-42.0,-1052.0
70.0,109.0,-1067.0
-68.0,-54.0,-933.0
-64.0,-9.0,-1009.0
-3.0,148.0,-1120.0
81.0,165.0,-1132.0
-5.0,-23.0,-989.0
50.0,-175.0,-880.0
124.0,29.0,-897.0
154.0,60.0,-1059.0
19.0,29.0,-1100.0
-44.0,-80.0,-938.0
-17.0,109.0,-1042.0
111.0,167.0,-1157.0
1.0,17.0,-1073.0
56.0,-158.0,-839.0
46.0,-25.0,-958.0
175.0,99.0,-1020.0
29.0,-1.0,-985.0
-46.0,-54.0,-1011.0
5.0,111.0,-1073.0
-62.0,208.0,-1177.0
37.0,72.0,-1046.0
-101.0,-113.0,-954.0
117.0,-54.0,-827.0
13.0,91.0,-1009.0
70.0,23.0,-1130.0
-162.0,-42.0,-1100.0
-27.0,95.0,-958.0
-93.0,167.0,-1075.0
80.0,163.0,-1116.0
-169.0,-68.0,-1067.0
50.0,-72.0,-913.0
-78.0,3.0,-979.0
171.0,126.0,-1028.0
-146.0,15.0,-1056.0
35.0,27.0,-976.0
-173.0,292.0,-1159.0
80.0,156.0,-1134.0
-136.0,37.0,-1026.0
68.0,-175.0,-858.0
64.0,76.0,-911.0
126.0,72.0,-1026.0
52.0,58.0,-1059.0
-68.0,42.0,-1054.0
27.0,158.0,-1087.0
-35.0,119.0,-1026.0
107.0,-46.0,-976.0
7.0,-50.0,-1005.0
138.0,13.0,-972.0
81.0,-7.0,-976.0
50.0,-48.0,-958.0
23.0,0.0,-1061.0
-15.0,191.0,-1126.0
15.0,203.0,-1110.0
-50.0,-7.0,-958.0
-105.0,-222.0,-1001.0
206.0,-122.0,-938.0
-5.0,154.0,-1032.0
107.0,-23.0,-997.0
-204.0,-54.0,-1007.0
37.0,31.0,-1085.0
-126.0,111.0,-1147.0
89.0,7.0,-1063.0
-134.0,-204.0,-903.0
99.0,27.0,-979.0
66.0,64.0,-1067.0
111.0,-19.0,-981.0
-230.0,-212.0,-956.0
58.0,29.0,-1038.0
-72.0,335.0,-1239.0
-5.0,107.0,-1081.0
-103.0,-158.0,-901.0
-17.0,-236.0,-897.0
156.0,93.0,-1038.0
83.0,115.0,-1139.0
-80.0,-101.0,-938.0
-136.0,-40.0,-985.0
31.0,148.0,-1104.0
204.0,199.0,-1173.0
42.0,-150.0,-964.0
220.0,-173.0,-839.0
150.0,11.0,-1011.0
337.0,93.0,-1059.0
144.0,-64.0,-1034.0
191.0,-158.0,-948.0
269.0,122.0,-1044.0
406.0,269.0,-1114.0
355.0,-13.0,-1118.0
218.0,-244.0,-897.0
486.0,-134.0,-872.0
433.0,89.0,-1093.0
585.0,52.0,-983.0
197.0,-9.0,-1026.0
554.0,-85.0,-1003.0
325.0,105.0,-1120.0
523.0,158.0,-1083.0
296.0,-154.0,-962.0
425.0,-105.0,-860.0
333.0,-25.0,-972.0
382.0,113.0,-1024.0
83.0,3.0,-1038.0
216.0,46.0,-1026.0
95.0,122.0,-1124.0
152.0,91.0,-1046.0
-27.0,5.0,-985.0
48.0,-105.0,-913.0
91.0,-1.0,-1009.0
66.0,152.0,-1013.0
-29.0,27.0,-987.0
-31.0,17.0,-1048.0
-97.0,89.0,-1173.0
3.0,226.0,-1165.0
-76.0,99.0,-962.0
0.0,-37.0,-936.0
105.0,-85.0,-993.0
95.0,37.0,-1050.0
25.0,87.0,-1059.0
13.0,33.0,-1083.0
66.0,89.0,-1091.0
50.0,148.0,-1139.0
40.0,40.0,-1015.0
66.0,-121.0,-917.0
191.0,-29.0,-979.0
199.0,60.0,-1040.0
162.0,72.0,-1024.0
15.0,-83.0,-995.0
169.0,70.0,-1032.0
81.0,124.0,-1161.0
52.0,46.0,-1020.0
85.0,-23.0,-901.0
132.0,-95.0,-890.0
191.0,0.0,-1024.0
78.0,-25.0,-1083.0
-52.0,-72.0,-993.0
48.0,95.0,-958.0
-150.0,165.0,-1188.0
44.0,-9.0,-1081.0
-230.0,-81.0,-954.0
66.0,-72.0,-868.0
37.0,70.0,-1028.0
103.0,80.0,-1022.0
-138.0,-33.0,-950.0
-140.0,-23.0,-1052.0
-126.0,119.0,-1139.0
-39.0,163.0,-1116.0
-48.0,-11.0,-936.0
9.0,-93.0,-915.0
37.0,25.0,-944.0
105.0,1.0,-1059.0
-50.0,-50.0,-1026.0
-48.0,1.0,-1034.0
-27.0,226.0,-1054.0
109.0,144.0,-1110.0
-50.0,-152.0,-1028.0
126.0,-214.0,-888.0
103.0,54.0,-981.0
162.0,140.0,-1030.0
9.0,-35.0,-1024.0
-132.0,-140.0,-972.0
99.0,25.0,-1015.0
15.0,158.0,-1196.0
136.0,-9.0,-1026.0
-74.0,-126.0,-892.0
91.0,-103.0,-866.0
136.0,42.0,-1087.0
78.0,0.0,-1057.0
-58.0,-83.0,-981.0
21.0,52.0,-1042.0
-52.0,199.0,-1190.0
37.0,-5.0,-1065.0
-54.0,-204.0,-948.0
29.0,-105.0,-921.0
74.0,177.0,-1005.0
105.0,50.0,-1106.0
-171.0,-105.0,-1003.0
-5.0,-9.0,-1028.0
-58.0,162.0,-1126.0
107.0,191.0,-1116.0
-126.0,-66.0,-954.0
99.0,-111.0,-882.0
-11.0,33.0,-1030.0
83.0,128.0,-1095.0
-35.0,-11.0,-1054.0
0.0,29.0,-1003.0
3.0,154.0,-1065.0
25.0,146.0,-1108.0
21.0,-23.0,-1044.0
21.0,-107.0,-872.0
183.0,17.0,-958.0
121.0,97.0,-1061.0
62.0,64.0,-1028.0
-107.0,-11.0,-1056.0
91.0,-13.0,-1036.0
13.0,224.0,-1098.0
54.0,9.0,-1038.0
124.0,-87.0,-907.0
56.0,-31.0,-890.0
162.0,-35.0,-1044.0
11.0,1.0,-1032.0
-33.0,0.0,-972.0
-15.0,117.0,-1073.0
25.0,148.0,-1098.0
46.0,29.0,-1069.0
-81.0,-158.0,-933.0
206.0,-111.0,-854.0
-39.0,60.0,-1003.0
15.0,19.0,-1071.0
-257.0,11.0,-1095.0
62.0,50.0,-1079.0
-203.0,128.0,-1126.0
91.0,-29.0,-1022.0
-181.0,-60.0,-919.0
119.0,-5.0,-909.0
-103.0,-44.0,-1083.0
124.0,-25.0,-952.0
-333.0,44.0,-1120.0
95.0,46.0,-995.0
-95.0,185.0,-1120.0
23.0,124.0,-1050.0
-72.0,-113.0,-1093.0
-7.0,-150.0,-933.0
85.0,-5.0,-917.0
-13.0,50.0,-997.0
0.0,11.0,-987.0
-72.0,105.0,-1126.0
64.0,154.0,-1106.0
91.0,93.0,-1132.0
-76.0,-74.0,-905.0
50.0,-150.0,-909.0
101.0,-42.0,-950.0
181.0,93.0,-989.0
-50.0,31.0,-1018.0
25.0,-60.0,-1026.0
-31.0,126.0,-1138.0
95.0,152.0,-1046.0
-66.0,35.0,-1087.0
-11.0,-277.0,-866.0
117.0,-87.0,-915.0
169.0,-37.0,-1034.0
107.0,15.0,-1024.0
-113.0,29.0,-991.0
-103.0,121.0,-1159.0
-58.0,226.0,-1177.0
-42.0,5.0,-1042.0
-35.0,-230.0,-913.0
115.0,-183.0,-892.0
89.0,33.0,-936.0
58.0,154.0,-1098.0
-228.0,-17.0,-1134.0
-50.0,50.0,-1005.0
-144.0,111.0,-1141.0
58.0,148.0,-1013.0
-64.0,-31.0,-970.0
9.0,-201.0,-915.0
197.0,-74.0,-933.0
33.0,140.0,-1079.0
-85.0,46.0,-1048.0
-80.0,136.0,-1085.0
-162.0,156.0,-1095.0
103.0,152.0,-1050.0
-111.0,-48.0,-1036.0
193.0,-244.0,-935.0
46.0,9.0,-952.0
134.0,56.0,-966.0
-56.0,87.0,-1034.0
-134.0,7.0,-1087.0
17.0,122.0,-1093.0
56.0,91.0,-1054.0
80.0,-21.0,-997.0
-11.0,-117.0,-950.0
201.0,-52.0,-915.0
214.0,-11.0,-923.0
15.0,-76.0,-1026.0
3.0,31.0,-962.0
15.0,191.0,-1180.0
-13.0,210.0,-1139.0
124.0,0.0,-985.0
-138.0,-216.0,-925.0
203.0,-183.0,-884.0
44.0,-7.0,-940.0
93.0,9.0,-1097.0
-259.0,11.0,-1083.0
277.0,122.0,-964.0
-441.0,230.0,-1296.0
304.0,60.0,-845.0
-341.0,-31.0,-1054.0
242.0,-269.0,-950.0
103.0,-52.0,-1011.0
99.0,122.0,-905.0
-162.0,-62.0,-1087.0
-126.0,158.0,-1036.0
3.0,177.0,-1259.0
-210.0,203.0,-1130.0
189.0,-95.0,-866.0
-138.0,-122.0,-913.0
279.0,-160.0,-981.0
-83.0,0.0,-1054.0
76.0,35.0,-966.0
-238.0,107.0,-1143.0
-78.0,236.0,-1104.0
115.0,165.0,-1003.0
-156.0,56.0,-1061.0
329.0,-199.0,-831.0
132.0,-85.0,-976.0
152.0,-119.0,-1063.0
-40.0,35.0,-897.0
-140.0,150.0,-1042.0
-31.0,74.0,-1161.0
175.0,183.0,-1106.0
48.0,1.0,-1013.0
-31.0,-146.0,-860.0
95.0,-165.0,-882.0
-72.0,-68.0,-1079.0
132.0,31.0,-1024.0
-296.0,35.0,-1003.0
163.0,142.0,-1054.0
-167.0,134.0,-1190.0
158.0,46.0,-1073.0
-128.0,-124.0,-929.0
185.0,-68.0,-827.0
-46.0,-91.0,-1034.0
122.0,-35.0,-968.0
-257.0,-17.0,-1149.0
15.0,99.0,-1048.0
-126.0,347.0,-1264.0
-17.0,144.0,-1077.0
-54.0,-124.0,-866.0
-60.0,-146.0,-892.0
103.0,-83.0,-1079.0
101.0,93.0,-1130.0
-17.0,-124.0,-976.0
-146.0,25.0,-944.0
-46.0,347.0,-1011.0
-11.0,214.0,-1196.0
-60.0,-78.0,-1147.0
128.0,-290.0,-872.0
105.0,-60.0,-872.0
152.0,37.0,-981.0
13.0,25.0,-1067.0
-163.0,35.0,-1085.0
119.0,240.0,-1087.0
-74.0,261.0,-1216.0
140.0,-35.0,-936.0
-74.0,-339.0,-880.0
236.0,-206.0,-835.0
40.0,72.0,-1083.0
-42.0,122.0,-1056.0
-132.0,33.0,-1059.0
-62.0,101.0,-1100.0
122.0,144.0,-1028.0
50.0,152.0,-1020.0
1.0,-152.0,-942.0
97.0,-191.0,-1034.0
-87.0,-119.0,-1022.0
288.0,-39.0,-880.0
-359.0,1.0,-1139.0
142.0,165.0,-1038.0
-201.0,376.0,-1266.0
119.0,39.0,-999.0
-85.0,-337.0,-925.0
52.0,-218.0,-847.0
-58.0,-9.0,-1134.0
-52.0,257.0,-1007.0
-99.0,-17.0,-933.0
-296.0,19.0,-1095.0
242.0,333.0,-1009.0
-163.0,222.0,-1360.0
101.0,-197.0,-854.0
83.0,-308.0,-737.0
-117.0,-78.0,-854.0
460.0,156.0,-1138.0
-325.0,83.0,-1259.0
263.0,-107.0,-950.0
-224.0,185.0,-1034.0
245.0,208.0,-1011.0
-109.0,97.0,-1118.0
-40.0,-204.0,-929.0
162.0,-171.0,-1024.0
-64.0,13.0,-1034.0
216.0,-68.0,-909.0
-220.0,185.0,-974.0
171.0,267.0,-1190.0
5.0,242.0,-1161.0
122.0,-117.0,-892.0
-93.0,-359.0,-874.0
134.0,-165.0,-981.0
105.0,50.0,-1120.0
-119.0,124.0,-977.0
-21.0,-64.0,-921.0
-212.0,132.0,-1059.0
245.0,279.0,-1177.0
-265.0,154.0,-1202.0
99.0,-249.0,-880.0
-173.0,-195.0,-913.0
169.0,-103.0,-935.0
33.0,56.0,-1028.0
-66.0,-70.0,-1034.0
-103.0,189.0,-1114.0
40.0,275.0,-1138.0
-185.0,206.0,-1214.0
89.0,-150.0,-776.0
1.0,-105.0,-911.0
15.0,-7.0,-1011.0
257.0,37.0,-1126.0
-304.0,-5.0,-1052.0
171.0,-72.0,-938.0
-355.0,302.0,-1177.0
361.0,197.0,-1052.0
-300.0,52.0,-1071.0
290.0,-224.0,-732.0
95.0,-142.0,-936.0
210.0,-13.0,-1089.0
35.0,48.0,-1005.0
-81.0,134.0,-976.0
-9.0,197.0,-1159.0
31.0,130.0,-1130.0
70.0,-66.0,-936.0
-29.0,-388.0,-919.0
66.0,-142.0,-837.0
240.0,156.0,-1056.0
-251.0,158.0,-1198.0
201.0,11.0,-964.0
-294.0,70.0,-956.0
357.0,126.0,-970.0
-158.0,66.0,-1229.0
197.0,-220.0,-921.0
-21.0,-126.0,-1046.0
23.0,-119.0,-892.0
144.0,-17.0,-931.0
-394.0,105.0,-1104.0
154.0,195.0,-1177.0
-255.0,283.0,-1241.0
115.0,-11.0,-1067.0
-179.0,-220.0,-929.0
66.0,-169.0,-780.0
76.0,19.0,-1057.0
-3.0,60.0,-1083.0
27.0,-42.0,-1005.0
-271.0,89.0,-1085.0
111.0,288.0,-1063.0
-87.0,177.0,-1106.0
27.0,-89.0,-921.0
-44.0,-89.0,-997.0
160.0,-23.0,-956.0
140.0,9.0,-993.0
-56.0,-17.0,-935.0
-21.0,-31.0,-1097.0
-101.0,279.0,-1200.0
48.0,216.0,-1087.0
40.0,-91.0,-899.0
-37.0,-247.0,-878.0
244.0,-81.0,-981.0
70.0,165.0,-1087.0
160.0,-58.0,-976.0
-206.0,-17.0,-972.0
74.0,58.0,-1056.0
-13.0,288.0,-1157.0
154.0,46.0,-1013.0
0.0,-234.0,-897.0
136.0,-177.0,-956.0
111.0,44.0,-1022.0
126.0,-5.0,-979.0
-228.0,-111.0,-979.0
15.0,156.0,-1120.0
-117.0,353.0,-1243.0
119.0,162.0,-1038.0
-130.0,-177.0,-866.0
1.0,-259.0,-890.0
52.0,-33.0,-1050.0
-13.0,128.0,-1102.0
-111.0,-62.0,-1032.0
-238.0,37.0,-1011.0
-33.0,226.0,-1169.0
-58.0,226.0,-1138.0
3.0,-93.0,-964.0
-33.0,-220.0,-854.0
99.0,-1.0,-1011.0
99.0,42.0,-1028.0
-50.0,-31.0,-981.0
-111.0,13.0,-1056.0
-97.0,255.0,-1141.0
193.0,286.0,-1102.0
-158.0,17.0,-997.0
199.0,-220.0,-796.0
-105.0,-60.0,-977.0
320.0,-64.0,-1048.0
-48.0,-17.0,-1032.0
21.0,31.0,-966.0
-29.0,267.0,-1059.0
126.0,247.0,-1124.0
58.0,-60.0,-1015.0
58.0,-197.0,-897.0
132.0,-142.0,-903.0
177.0,48.0,-970.0
62.0,-42.0,-1015.0
-169.0,-50.0,-981.0
13.0,171.0,-1087.0
-76.0,245.0,-1194.0
181.0,19.0,-1011.0
-99.0,-224.0,-913.0
80.0,-171.0,-862.0
89.0,-29.0,-1059.0
3.0,-27.0,-1042.0
-183.0,-58.0,-1030.0
-140.0,142.0,-1034.0
-23.0,325.0,-1175.0
56.0,142.0,-1114.0
-50.0,-158.0,-974.0
-50.0,-228.0,-903.0
81.0,11.0,-995.0
122.0,48.0,-1065.0
-56.0,-58.0,-979.0
-140.0,89.0,-1071.0
39.0,245.0,-1151.0
-7.0,251.0,-1157.0
50.0,-72.0,-929.0
9.0,-189.0,-938.0
122.0,-33.0,-946.0
193.0,42.0,-1013.0
-29.0,-19.0,-1034.0
-23.0,29.0,-985.0
-42.0,210.0,-1126.0
136.0,165.0,-1132.0
-23.0,17.0,-997.0
-7.0,-226.0,-872.0
122.0,-136.0,-958.0
156.0,-21.0,-1020.0
50.0,54.0,-913.0
-44.0,-5.0,-972.0
-83.0,115.0,-1139.0
72.0,203.0,-1151.0
-78.0,105.0,-1132.0
1.0,-228.0,-847.0
37.0,-119.0,-827.0
109.0,-3.0,-1054.0
152.0,-39.0,-1048.0
-197.0,-60.0,-1046.0
9.0,68.0,-1007.0
-126.0,300.0,-1208.0
52.0,68.0,-1024.0
-99.0,-105.0,-1005.0
19.0,-169.0,-909.0
144.0,-83.0,-976.0
58.0,78.0,-1077.0
-132.0,-44.0,-1032.0
-99.0,124.0,-1048.0
-160.0,267.0,-1157.0
117.0,134.0,-1114.0
-117.0,-48.0,-974.0
42.0,-154.0,-936.0
56.0,-35.0,-938.0
132.0,-5.0,-983.0
-126.0,-5.0,-1079.0
-66.0,9.0,-1077.0
-25.0,234.0,-1028.0
66.0,308.0,-1089.0
52.0,-87.0,-1011.0
-33.0,-232.0,-942.0
140.0,-93.0,-890.0
189.0,17.0,-1018.0
85.0,17.0,-991.0
-89.0,-9.0,-1028.0
-5.0,210.0,-1056.0
33.0,204.0,-1169.0
70.0,80.0,-993.0
-7.0,-212.0,-944.0
138.0,-191.0,-890.0
111.0,72.0,-1038.0
80.0,-40.0,-997.0
-140.0,-115.0,-1005.0
-119.0,105.0,-1147.0
-44.0,359.0,-1161.0
95.0,142.0,-993.0
-111.0,-271.0,-888.0
130.0,-257.0,-948.0
74.0,-17.0,-1065.0
138.0,56.0,-1018.0
-234.0,-48.0,-966.0
-60.0,54.0,-1054.0
-111.0,273.0,-1196.0
72.0,284.0,-1091.0
-138.0,-109.0,-995.0
7.0,-255.0,-890.0
-60.0,-81.0,-1054.0
109.0,40.0,-999.0
-165.0,-17.0,-1026.0
-76.0,17.0,-1003.0
-62.0,337.0,-1134.0
85.0,265.0,-1138.0
-56.0,-35.0,-993.0
81.0,-283.0,-870.0
56.0,-74.0,-913.0
206.0,23.0,-1091.0
17.0,0.0,-1013.0
-40.0,23.0,-923.0
-52.0,236.0,-1071.0
103.0,218.0,-1239.0
-44.0,25.0,-1079.0
-1.0,-160.0,-841.0
58.0,-173.0,-856.0
273.0,-68.0,-987.0
3.0,-42.0,-1032.0
-48.0,7.0,-1020.0
-126.0,195.0,-1089.0
44.0,265.0,-1165.0
37.0,64.0,-1034.0
-70.0,-165.0,-907.0
80.0,-206.0,-854.0
138.0,-52.0,-1063.0
191.0,-58.0,-1065.0
-195.0,1.0,-1009.0
-21.0,142.0,-977.0
-89.0,306.0,-1179.0
50.0,70.0,-1097.0
-99.0,-181.0,-1057.0
78.0,-185.0,-894.0
72.0,-54.0,-931.0
119.0,48.0,-972.0
-111.0,-64.0,-1104.0
-230.0,97.0,-1048.0
13.0,286.0,-1079.0
0.0,349.0,-1145.0
15.0,-105.0,-1026.0
-72.0,-226.0,-866.0
105.0,-89.0,-936.0
109.0,-17.0,-1089.0
-5.0,1.0,-968.0
-171.0,0.0,-1034.0
-23.0,310.0,-1057.0
66.0,197.0,-1177.0
58.0,-19.0,-1024.0
-52.0,-208.0,-905.0
162.0,-70.0,-864.0
197.0,-31.0,-976.0
76.0,-56.0,-1015.0
-203.0,-40.0,-1034.0
44.0,193.0,-1091.0
-52.0,302.0,-1141.0
113.0,132.0,-985.0
-115.0,-244.0,-950.0
140.0,-244.0,-901.0
89.0,-7.0,-1044.0
136.0,15.0,-1028.0
-142.0,-54.0,-999.0
-109.0,113.0,-1013.0
62.0,261.0,-1130.0
80.0,195.0,-1147.0
-54.0,-175.0,-997.0
15.0,-185.0,-854.0
72.0,-89.0,-989.0
156.0,-5.0,-997.0
-140.0,-9.0,-1095.0
-97.0,21.0,-1015.0
-60.0,308.0,-1114.0
70.0,255.0,-1116.0
-35.0,-144.0,-1097.0
17.0,-181.0,-845.0
37.0,-93.0,-915.0
177.0,1.0,-1073.0
-111.0,-42.0,-1003.0
-35.0,40.0,-1018.0
-150.0,273.0,-1153.0
156.0,259.0,-1159.0
-191.0,101.0,-1046.0
107.0,-300.0,-886.0
27.0,-78.0,-886.0
251.0,-58.0,-1013.0
-17.0,13.0,-1059.0
-144.0,11.0,-1073.0
-56.0,232.0,-1079.0
39.0,312.0,-1138.0
109.0,68.0,-995.0
-81.0,-165.0,-903.0
156.0,-208.0,-923.0
150.0,-95.0,-1050.0
162.0,-52.0,-964.0
-224.0,-42.0,-1003.0
171.0,191.0,-976.0
-101.0,372.0,-1325.0
284.0,17.0,-989.0
-304.0,-177.0,-1034.0
31.0,-292.0,-819.0
325.0,-37.0,-977.0
7.0,11.0,-1001.0
54.0,-126.0,-1071.0
-361.0,160.0,-1011.0
347.0,253.0,-1083.0
-349.0,214.0,-1194.0
349.0,-146.0,-841.0
-409.0,-187.0,-1044.0
486.0,-175.0,-854.0
-163.0,58.0,-1054.0
130.0,-144.0,-913.0
-415.0,134.0,-1233.0
126.0,302.0,-1085.0
-115.0,232.0,-1198.0
-95.0,-87.0,-950.0
-126.0,-212.0,-964.0
152.0,-39.0,-845.0
95.0,-35.0,-1102.0
-142.0,-99.0,-997.0
-64.0,17.0,-1032.0
-126.0,275.0,-1134.0
222.0,247.0,-1087.0
-35.0,105.0,-1026.0
-39.0,-195.0,-923.0
162.0,-204.0,-833.0
173.0,-113.0,-1036.0
81.0,19.0,-1063.0
-91.0,128.0,-1026.0
-81.0,169.0,-1001.0
160.0,148.0,-1138.0
-99.0,117.0,-1190.0
111.0,-128.0,-851.0
-27.0,-148.0,-872.0
175.0,-85.0,-964.0
167.0,-37.0,-1040.0
-214.0,15.0,-1042.0
150.0,33.0,-976.0
-156.0,308.0,-1249.0
109.0,185.0,-1018.0
-113.0,-70.0,-995.0
9.0,-236.0,-899.0
179.0,-167.0,-919.0
126.0,44.0,-1011.0
-121.0,-35.0,-1079.0
-3.0,121.0,-1038.0
-191.0,230.0,-1196.0
132.0,171.0,-1056.0
-152.0,-7.0,-1005.0
52.0,-138.0,-927.0
199.0,-140.0,-847.0
15.0,-52.0,-1075.0
-29.0,-27.0,-1083.0
-142.0,136.0,-1126.0
-128.0,349.0,-1079.0
111.0,191.0,-1028.0
-162.0,-35.0,-1079.0
21.0,-247.0,-974.0
117.0,-62.0,-919.0
46.0,13.0,-1069.0
103.0,-37.0,-907.0
-146.0,11.0,-1057.0
29.0,138.0,-1093.0
126.0,232.0,-1108.0
-119.0,78.0,-1108.0
117.0,-181.0,-892.0
21.0,-31.0,-872.0
257.0,-150.0,-946.0
54.0,-95.0,-1048.0
-140.0,31.0,-1042.0
-52.0,111.0,-1118.0
-25.0,398.0,-1141.0
74.0,46.0,-1040.0
-130.0,-249.0,-985.0
44.0,-255.0,-919.0
121.0,-29.0,-927.0
167.0,152.0,-966.0
-95.0,-201.0,-1046.0
0.0,66.0,-1083.0
-101.0,191.0,-1200.0
95.0,265.0,-1009.0
-140.0,-76.0,-1007.0
-111.0,-257.0,-942.0
224.0,-107.0,-938.0
126.0,-25.0,-1024.0
-80.0,3.0,-1102.0
-263.0,58.0,-1087.0
-95.0,283.0,-1095.0
-27.0,230.0,-1091.0
52.0,25.0,-995.0
-183.0,-148.0,-974.0
132.0,-117.0,-989.0
165.0,-76.0,-964.0
-44.0,-7.0,-1011.0
-286.0,7.0,-1003.0
89.0,320.0,-1071.0
0.0,208.0,-1274.0
206.0,19.0,-1040.0
-81.0,-146.0,-769.0
134.0,-115.0,-829.0
169.0,-142.0,-1057.0
234.0,-25.0,-1071.0
-277.0,27.0,-1132.0
5.0,193.0,-987.0
183.0,220.0,-1034.0
-25.0,130.0,-1147.0
-46.0,-81.0,-962.0
50.0,-222.0,-884.0
87.0,-169.0,-1048.0
290.0,15.0,-841.0
-191.0,105.0,-1048.0
-40.0,31.0,-1087.0
-5.0,312.0,-1202.0
156.0,165.0,-1085.0
-126.0,-177.0,-1005.0
-89.0,-115.0,-774.0
206.0,-121.0,-981.0
193.0,-83.0,-1057.0
-80.0,87.0,-999.0
-240.0,105.0,-1153.0
-236.0,226.0,-1208.0
206.0,136.0,-925.0
-310.0,39.0,-1098.0
37.0,-169.0,-942.0
42.0,-134.0,-962.0
327.0,-15.0,-917.0
-58.0,-42.0,-995.0
-255.0,156.0,-1026.0
-48.0,259.0,-1206.0
56.0,158.0,-1259.0
66.0,-52.0,-911.0
-128.0,-175.0,-882.0
5.0,-115.0,-948.0
368.0,9.0,-940.0
-97.0,21.0,-1048.0
-156.0,-9.0,-1110.0
-222.0,150.0,-1089.0
165.0,240.0,-1073.0
60.0,165.0,-1044.0
0.0,-56.0,-876.0
-126.0,-78.0,-1011.0
353.0,-107.0,-981.0
144.0,-95.0,-993.0
-50.0,-160.0,-909.0
-218.0,193.0,-1046.0
214.0,427.0,-1175.0
0.0,134.0,-1259.0
99.0,-277.0,-808.0
-39.0,-228.0,-763.0
290.0,-165.0,-909.0
269.0,72.0,-1069.0
-201.0,40.0,-1132.0
-173.0,113.0,-1030.0
-122.0,150.0,-1229.0
208.0,197.0,-1011.0
-119.0,-103.0,-1001.0
-179.0,-255.0,-901.0
294.0,-154.0,-987.0
60.0,23.0,-1114.0
52.0,-107.0,-1069.0
-333.0,46.0,-823.0
15.0,247.0,-1095.0
7.0,271.0,-1272.0
105.0,17.0,-1165.0
-251.0,-203.0,-786.0
152.0,-189.0,-741.0
70.0,48.0,-1015.0
265.0,39.0,-1132.0
-630.0,152.0,-1276.0
195.0,119.0,-960.0
-44.0,320.0,-1139.0
189.0,-23.0,-958.0
-124.0,-218.0,-936.0
17.0,-122.0,-929.0
191.0,-40.0,-1134.0
242.0,99.0,-952.0
-300.0,-130.0,-1057.0
-37.0,91.0,-808.0
132.0,222.0,-1192.0
74.0,175.0,-1169.0
-99.0,19.0,-1147.0
-222.0,-195.0,-843.0
370.0,-124.0,-806.0
37.0,-27.0,-931.0
140.0,-134.0,-987.0
-378.0,245.0,-1198.0
224.0,378.0,-1112.0
46.0,163.0,-1212.0
17.0,-288.0,-901.0
-35.0,-222.0,-765.0
173.0,-40.0,-831.0
316.0,64.0,-1188.0
-228.0,-54.0,-1036.0
-60.0,-89.0,-981.0
-281.0,204.0,-1132.0
265.0,298.0,-1120.0
-187.0,93.0,-1048.0
-171.0,-271.0,-929.0
-29.0,-199.0,-892.0
216.0,122.0,-1087.0
-25.0,-85.0,-1057.0
-259.0,13.0,-962.0
29.0,199.0,-1188.0
-66.0,353.0,-1296.0
177.0,7.0,-864.0
-288.0,-292.0,-849.0
103.0,-220.0,-892.0
267.0,210.0,-1059.0
93.0,148.0,-1057.0
-85.0,-54.0,-1056.0
-216.0,80.0,-956.0
226.0,370.0,-1118.0
-115.0,269.0,-1151.0
148.0,-343.0,-968.0
-286.0,-343.0,-886.0
601.0,-78.0,-938.0
-117.0,191.0,-1071.0
193.0,-58.0,-880.0
-628.0,107.0,-1190.0
374.0,236.0,-1077.0
-58.0,173.0,-1196.0
204.0,-13.0,-858.0
-142.0,-242.0,-691.0
370.0,-80.0,-827.0
13.0,-72.0,-1231.0
99.0,-46.0,-1175.0
-425.0,81.0,-1071.0
292.0,189.0,-958.0
-85.0,290.0,-1149.0
234.0,-60.0,-989.0
-325.0,-195.0,-913.0
251.0,-259.0,-983.0
-52.0,15.0,-1190.0
83.0,17.0,-917.0
-372.0,89.0,-1020.0
81.0,230.0,-1063.0
171.0,302.0,-1233.0
-156.0,-17.0,-1079.0
37.0,-288.0,-716.0
-138.0,-85.0,-977.0
503.0,-85.0,-1126.0
-136.0,80.0,-1057.0
-126.0,48.0,-897.0
-146.0,187.0,-1028.0
103.0,361.0,-1305.0
11.0,15.0,-1165.0
-39.0,-148.0,-931.0
-81.0,-179.0,-860.0
324.0,-21.0,-892.0
78.0,87.0,-1067.0
-234.0,-160.0,-1095.0
-44.0,206.0,-972.0
42.0,308.0,-1192.0
97.0,83.0,-1138.0
-11.0,-199.0,-847.0
-3.0,-238.0,-845.0
177.0,50.0,-985.0
255.0,99.0,-1118.0
-304.0,1.0,-1202.0
-66.0,-121.0,-886.0
-64.0,226.0,-960.0
271.0,99.0,-1052.0
-183.0,39.0,-1153.0
-156.0,-101.0,-954.0
288.0,-167.0,-927.0
60.0,-25.0,-977.0
206.0,-124.0,-870.0
-320.0,173.0,-1161.0
132.0,195.0,-1155.0
140.0,312.0,-1100.0
9.0,-76.0,-1075.0
-148.0,-427.0,-958.0
-171.0,-85.0,-815.0
316.0,91.0,-886.0
-212.0,19.0,-1227.0
-11.0,-35.0,-1079.0
-281.0,171.0,-1073.0
327.0,370.0,-1015.0
-208.0,-13.0,-1052.0
105.0,-183.0,-741.0
-179.0,-44.0,-1155.0
353.0,-66.0,-979.0
142.0,-3.0,-1005.0
-288.0,-191.0,-1079.0
-244.0,247.0,-1044.0
284.0,407.0,-1052.0
-357.0,236.0,-1358.0
238.0,-199.0,-702.0
-357.0,-165.0,-976.0
402.0,-259.0,-1003.0
173.0,136.0,-1100.0
-201.0,13.0,-913.0
-70.0,154.0,-1001.0
-48.0,429.0,-1206.0
415.0,80.0,-1061.0
-134.0,-240.0,-1054.0
89.0,-341.0,-710.0
148.0,31.0,-870.0
152.0,165.0,-1153.0
103.0,-113.0,-1116.0
-398.0,-11.0,-1038.0
119.0,52.0,-1054.0
-25.0,220.0,-1075.0
29.0,64.0,-1061.0
-236.0,-224.0,-991.0
0.0,-78.0,-929.0
345.0,-40.0,-940.0
-197.0,-46.0,-1227.0
-37.0,48.0,-958.0
-228.0,251.0,-1186.0
177.0,247.0,-1157.0
-29.0,-78.0,-964.0
-44.0,-271.0,-784.0
-193.0,-163.0,-1003.0
372.0,93.0,-1061.0
-193.0,136.0,-1073.0
-171.0,-21.0,-897.0
-1.0,189.0,-983.0
81.0,316.0,-1296.0
111.0,83.0,-1093.0
-9.0,-160.0,-892.0
-132.0,-261.0,-847.0
359.0,-35.0,-952.0
27.0,40.0,-1155.0
29.0,-171.0,-974.0
-189.0,140.0,-993.0
-66.0,353.0,-1130.0
17.0,240.0,-1116.0
-329.0,-148.0,-989.0
-25.0,-382.0,-732.0
-85.0,19.0,-921.0
1.0,144.0,-1163.0
-175.0,13.0,-1112.0
-306.0,-87.0,-911.0
-357.0,83.0,-974.0
-286.0,113.0,-1087.0
-341.0,0.0,-1116.0
-407.0,3.0,-1085.0
-9.0,-107.0,-921.0
-300.0,-107.0,-989.0
-181.0,1.0,-751.0
-413.0,177.0,-1138.0
-429.0,339.0,-1305.0
-277.0,201.0,-1296.0
-554.0,-294.0,-1042.0
-33.0,-437.0,-720.0
-349.0,-115.0,-870.0
50.0,269.0,-1075.0
-388.0,142.0,-1204.0
-302.0,-87.0,-1054.0
-251.0,25.0,-987.0
-169.0,302.0,-1145.0
-167.0,220.0,-1126.0
46.0,-93.0,-870.0
-267.0,-234.0,-909.0
203.0,-91.0,-909.0
-208.0,134.0,-1163.0
-140.0,-52.0,-1114.0
-212.0,95.0,-954.0
-144.0,331.0,-1059.0
-33.0,44.0,-1056.0
-93.0,-101.0,-895.0
-62.0,-242.0,-872.0
72.0,-7.0,-1011.0
66.0,142.0,-1038.0
-87.0,17.0,-972.0
17.0,121.0,-942.0
-128.0,187.0,-1138.0
70.0,154.0,-1063.0
-142.0,-148.0,-1028.0
15.0,-372.0,-858.0
148.0,-7.0,-954.0
72.0,171.0,-1079.0
19.0,-5.0,-985.0
-191.0,11.0,-1013.0
-150.0,175.0,-1122.0
39.0,269.0,-1167.0
-177.0,-58.0,-1098.0
156.0,-325.0,-823.0
-39.0,-76.0,-931.0
144.0,7.0,-1022.0
-56.0,1.0,-1122.0
-214.0,21.0,-1081.0
-91.0,177.0,-1042.0
-76.0,349.0,-1161.0
-29.0,-128.0,-1110.0
93.0,-261.0,-890.0
-95.0,-83.0,-958.0
222.0,52.0,-1038.0
-148.0,117.0,-1104.0
-119.0,-134.0,-1022.0
-103.0,214.0,-987.0
-44.0,341.0,-1194.0
0.0,109.0,-1106.0
-3.0,-179.0,-977.0
-52.0,-271.0,-870.0
193.0,37.0,-958.0
-17.0,103.0,-1108.0
37.0,-35.0,-958.0
-62.0,177.0,-1015.0
37.0,277.0,-1126.0
105.0,152.0,-1091.0
-64.0,-265.0,-956.0
119.0,-267.0,-827.0
103.0,78.0,-1009.0
130.0,197.0,-1007.0
15.0,-95.0,-981.0
-68.0,-7.0,-1005.0
-3.0,187.0,-1155.0
66.0,298.0,-1139.0
-76.0,-119.0,-989.0
83.0,-380.0,-782.0
19.0,-54.0,-966.0
259.0,-19.0,-1059.0
-128.0,72.0,-1052.0
-37.0,-68.0,-1001.0
-144.0,261.0,-1134.0
23.0,316.0,-1126.0
-115.0,-68.0,-1067.0
76.0,-353.0,-847.0
-46.0,-203.0,-987.0
193.0,142.0,-1048.0
-27.0,42.0,-1071.0
-173.0,-171.0,-985.0
-74.0,134.0,-1056.0
-35.0,417.0,-1210.0
-113.0,113.0,-1106.0
60.0,-292.0,-884.0
-115.0,-208.0,-903.0
273.0,-33.0,-1015.0
-48.0,148.0,-1110.0
-78.0,13.0,-1018.0
-124.0,156.0,-979.0
-132.0,284.0,-1145.0
17.0,68.0,-1108.0
-1.0,-181.0,-964.0
-3.0,-333.0,-905.0
222.0,70.0,-972.0
-58.0,195.0,-1104.0
-13.0,-91.0,-981.0
-87.0,68.0,-936.0
-40.0,234.0,-1143.0
160.0,310.0,-1093.0
-99.0,-64.0,-1081.0
115.0,-372.0,-772.0
7.0,-111.0,-952.0
126.0,113.0,-1091.0
-17.0,33.0,-1030.0
-111.0,58.0,-950.0
-35.0,218.0,-1034.0
163.0,255.0,-1218.0
-140.0,-105.0,-1069.0
232.0,-290.0,-753.0
-150.0,-19.0,-954.0
304.0,-13.0,-1032.0
-117.0,42.0,-1091.0
-95.0,-68.0,-993.0
-21.0,165.0,-1089.0
-97.0,353.0,-1188.0
-15.0,-42.0,-1095.0
-48.0,-197.0,-894.0
-17.0,-218.0,-895.0
158.0,72.0,-1063.0
-83.0,-3.0,-1102.0
-101.0,-48.0,-1009.0
-97.0,281.0,-974.0
7.0,347.0,-1218.0
-81.0,95.0,-1087.0
74.0,-165.0,-954.0
-85.0,-263.0,-886.0
279.0,21.0,-977.0
-48.0,103.0,-1114.0
21.0,-60.0,-1028.0
-93.0,195.0,-921.0
58.0,361.0,-1155.0
81.0,124.0,-1132.0
58.0,-230.0,-962.0
85.0,-214.0,-792.0
203.0,-27.0,-950.0
62.0,134.0,-1069.0
-35.0,-152.0,-1036.0
-89.0,101.0,-1001.0
-7.0,267.0,-1091.0
162.0,226.0,-1118.0
-58.0,-144.0,-989.0
117.0,-324.0,-812.0
27.0,-89.0,-944.0
185.0,-35.0,-1087.0
-103.0,0.0,-1056.0
-85.0,23.0,-1036.0
-48.0,290.0,-1034.0
83.0,244.0,-1087.0
-160.0,-144.0,-1114.0
136.0,-314.0,-880.0
-117.0,-87.0,-981.0
185.0,72.0,-987.0
-64.0,-15.0,-1087.0
-140.0,-87.0,-997.0
-62.0,175.0,-1046.0
-89.0,378.0,-1210.0
-39.0,-70.0,-1093.0
-40.0,-204.0,-886.0
-3.0,-160.0,-895.0
201.0,29.0,-1003.0
-46.0,111.0,-1091.0
-21.0,-107.0,-1007.0
-113.0,181.0,-974.0
87.0,331.0,-1155.0
-99.0,148.0,-1151.0
109.0,-240.0,-925.0
-72.0,-286.0,-854.0
283.0,37.0,-956.0
13.0,107.0,-1097.0
58.0,-35.0,-940.0
-97.0,167.0,-1026.0
81.0,222.0,-1126.0
132.0,271.0,-1093.0
-3.0,-204.0,-958.0
117.0,-240.0,-847.0
89.0,-117.0,-940.0
44.0,113.0,-1126.0
-177.0,-78.0,-1052.0
-189.0,-5.0,-1001.0
-265.0,288.0,-1077.0
-5.0,259.0,-1126.0
-511.0,-81.0,-1079.0
-203.0,-398.0,-876.0
-357.0,-56.0,-1026.0
-167.0,70.0,-1046.0
-497.0,54.0,-925.0
-679.0,-83.0,-1026.0
-552.0,78.0,-1108.0
-601.0,427.0,-1208.0
-665.0,0.0,-1063.0
-749.0,-242.0,-851.0
-841.0,-169.0,-950.0
-569.0,70.0,-1126.0
-776.0,76.0,-1130.0
-1167.0,-119.0,-952.0
-935.0,154.0,-1001.0
-1081.0,343.0,-1356.0
-882.0,171.0,-1097.0
-1091.0,-140.0,-958.0
-1067.0,-310.0,-888.0
-737.0,37.0,-985.0
-1050.0,236.0,-1136.0
-1040.0,-66.0,-1020.0
-1294.0,-13.0,-985.0
-1061.0,173.0,-1157.0
-983.0,324.0,-1173.0
-1147.0,-3.0,-995.0
-1157.0,-384.0,-819.0
-895.0,-138.0,-936.0
-1083.0,208.0,-1104.0
-1159.0,-19.0,-1030.0
-1305.0,-48.0,-987.0
-1196.0,1.0,-1032.0
-819.0,312.0,-1089.0
-1303.0,83.0,-1116.0
-1036.0,-228.0,-833.0
-1311.0,-197.0,-921.0
-942.0,-87.0,-1028.0
-1298.0,74.0,-1013.0
-1528.0,-103.0,-1020.0
-1387.0,-68.0,-1036.0
-1260.0,333.0,-1108.0
-1239.0,-64.0,-776.0
-1622.0,-236.0,-936.0
-923.0,-7.0,-890.0
-1391.0,-19.0,-1095.0
-1350.0,-156.0,-925.0
-1452.0,-138.0,-1040.0
-1227.0,347.0,-1235.0
-1329.0,173.0,-1163.0
-1360.0,89.0,-999.0
-1372.0,-224.0,-872.0
-995.0,-11.0,-925.0
-1356.0,-83.0,-1022.0
-1358.0,76.0,-1116.0
-1516.0,35.0,-1057.0
-1147.0,226.0,-1153.0
-1241.0,439.0,-1065.0
-1305.0,-312.0,-1011.0
-1317.0,-148.0,-837.0
-1040.0,-218.0,-909.0
-1223.0,277.0,-1157.0
-1366.0,-121.0,-968.0
-1485.0,-15.0,-1034.0
-1460.0,171.0,-1081.0
-1042.0,177.0,-999.0
-1739.0,273.0,-1175.0
-1042.0,-368.0,-796.0
-1668.0,64.0,-966.0
-884.0,74.0,-931.0
-1635.0,-214.0,-1136.0
-1350.0,244.0,-860.0
-1661.0,-259.0,-1259.0
-1218.0,470.0,-1253.0
-1559.0,-150.0,-1143.0
-1253.0,-1.0,-821.0
-1303.0,-140.0,-954.0
-1015.0,175.0,-923.0
-1389.0,31.0,-991.0
-1206.0,-107.0,-1112.0
-1138.0,-62.0,-1161.0
-653.0,167.0,-1134.0
-804.0,154.0,-921.0
-472.0,-66.0,-782.0
-448.0,33.0,-931.0
-244.0,-136.0,-1112.0
-353.0,-72.0,-1126.0
-273.0,-406.0,-1087.0
-341.0,530.0,-1196.0
21.0,-7.0,-1087.0
-372.0,511.0,-979.0
111.0,-220.0,-810.0
-527.0,-296.0,-1034.0
452.0,277.0,-1044.0
-261.0,-60.0,-1227.0
470.0,52.0,-858.0
204.0,130.0,-882.0
464.0,-175.0,-927.0
523.0,224.0,-1126.0
314.0,-501.0,-1063.0
384.0,160.0,-952.0
704.0,52.0,-894.0
706.0,284.0,-1011.0
493.0,-101.0,-800.0
552.0,-1.0,-936.0
642.0,46.0,-1122.0
771.0,-37.0,-1270.0
804.0,91.0,-1020.0
618.0,191.0,-876.0
815.0,-267.0,-772.0
1120.0,39.0,-970.0
853.0,-347.0,-1102.0
694.0,253.0,-1122.0
812.0,-167.0,-1073.0
979.0,425.0,-1167.0
954.0,-308.0,-983.0
732.0,185.0,-810.0
915.0,-130.0,-741.0
868.0,62.0,-1204.0
1057.0,17.0,-1124.0
771.0,37.0,-1212.0
931.0,199.0,-1018.0
942.0,-140.0,-1100.0
972.0,113.0,-1063.0
993.0,-105.0,-1011.0
839.0,1.0,-1038.0
1077.0,-105.0,-1114.0
1005.0,-93.0,-1075.0
985.0,509.0,-1065.0
1102.0,-31.0,-901.0
700.0,156.0,-1046.0
1282.0,353.0,-1087.0
691.0,-50.0,-1380.0
1333.0,-244.0,-845.0
956.0,-40.0,-839.0
1645.0,-25.0,-1028.0
1114.0,87.0,-1057.0
1247.0,-5.0,-1003.0
843.0,117.0,-1206.0
1430.0,-48.0,-1190.0
1093.0,-78.0,-979.0
1434.0,76.0,-749.0
1030.0,68.0,-952.0
1430.0,220.0,-917.0
1077.0,-249.0,-1069.0
849.0,17.0,-1139.0
1073.0,171.0,-1065.0
1227.0,325.0,-1079.0
1161.0,-222.0,-968.0
1001.0,-54.0,-860.0
1100.0,21.0,-940.0
1366.0,99.0,-1093.0
1106.0,-193.0,-976.0
1257.0,-148.0,-1003.0
1007.0,70.0,-1065.0
1475.0,275.0,-1110.0
1169.0,-68.0,-1040.0
1157.0,23.0,-962.0
1057.0,-19.0,-864.0
1313.0,122.0,-1030.0
1169.0,-136.0,-1093.0
1011.0,-140.0,-987.0
878.0,37.0,-968.0
1126.0,242.0,-1139.0
1210.0,72.0,-1116.0
1030.0,-52.0,-894.0
1212.0,-46.0,-765.0
1276.0,218.0,-1042.0
1448.0,64.0,-966.0
1091.0,-140.0,-1040.0
1106.0,-56.0,-897.0
1093.0,169.0,-1337.0
1413.0,5.0,-1100.0
999.0,-89.0,-989.0
1040.0,-52.0,-769.0
1081.0,154.0,-1001.0
1116.0,62.0,-1056.0
687.0,-62.0,-1063.0
704.0,-113.0,-956.0
653.0,66.0,-1122.0
868.0,119.0,-1089.0
482.0,-167.0,-1001.0
724.0,-23.0,-790.0
474.0,68.0,-944.0
813.0,193.0,-966.0
304.0,23.0,-1098.0
499.0,-113.0,-936.0
187.0,87.0,-1149.0
562.0,50.0,-1151.0
33.0,81.0,-1128.0
384.0,-76.0,-901.0
97.0,62.0,-977.0
525.0,113.0,-1042.0
17.0,95.0,-1138.0
224.0,-212.0,-950.0
-72.0,31.0,-1130.0
345.0,165.0,-1186.0
115.0,70.0,-1139.0
232.0,-27.0,-866.0
230.0,78.0,-925.0
380.0,93.0,-1091.0
355.0,37.0,-1026.0
117.0,-107.0,-1020.0
167.0,-42.0,-1100.0
300.0,134.0,-1190.0
251.0,286.0,-1089.0
216.0,-128.0,-983.0
228.0,-119.0,-884.0
316.0,-54.0,-1018.0
370.0,46.0,-1005.0
42.0,29.0,-977.0
193.0,-56.0,-972.0
81.0,117.0,-1040.0
271.0,74.0,-1034.0
31.0,-25.0,-962.0
251.0,-126.0,-813.0
58.0,17.0,-903.0
306.0,58.0,-946.0
9.0,9.0,-977.0
109.0,-52.0,-827.0
-37.0,64.0,-1024.0
208.0,60.0,-991.0
-37.0,-13.0,-974.0
107.0,-111.0,-741.0
-5.0,-54.0,-794.0
251.0,37.0,-763.0
-111.0,126.0,-841.0
119.0,-11.0,-802.0
-230.0,44.0,-837.0
210.0,29.0,-819.0
-156.0,42.0,-841.0
163.0,31.0,-640.0
-105.0,58.0,-657.0
230.0,78.0,-677.0
-29.0,122.0,-712.0
70.0,103.0,-737.0
-3.0,33.0,-732.0
148.0,97.0,-730.0
11.0,105.0,-780.0
150.0,80.0,-612.0
-19.0,95.0,-532.0
240.0,140.0,-532.0
109.0,212.0,-687.0
74.0,115.0,-624.0
7.0,115.0,-620.0
66.0,81.0,-700.0
93.0,187.0,-708.0
7.0,142.0,-616.0
115.0,140.0,-454.0
136.0,97.0,-511.0
218.0,183.0,-544.0
39.0,138.0,-689.0
64.0,109.0,-648.0
29.0,177.0,-689.0
156.0,191.0,-677.0
50.0,121.0,-618.0
89.0,128.0,-497.0
72.0,134.0,-532.0
216.0,212.0,-622.0
-33.0,201.0,-681.0
35.0,134.0,-634.0
-150.0,134.0,-673.0
117.0,218.0,-708.0
-156.0,203.0,-716.0
66.0,148.0,-540.0
-68.0,179.0,-542.0
169.0,201.0,-573.0
-15.0,189.0,-632.0
17.0,140.0,-609.0
-111.0,218.0,-646.0
39.0,257.0,-626.0
33.0,259.0,-581.0
-46.0,165.0,-489.0
87.0,128.0,-394.0
60.0,226.0,-429.0
48.0,220.0,-484.0
-72.0,201.0,-406.0
-111.0,191.0,-462.0
58.0,189.0,-556.0
-9.0,201.0,-501.0
78.0,175.0,-320.0
-60.0,179.0,-302.0
177.0,121.0,-355.0
37.0,226.0,-435.0
25.0,105.0,-484.0
-48.0,173.0,-407.0
74.0,179.0,-511.0
105.0,316.0,-548.0
-15.0,146.0,-472.0
60.0,9.0,-388.0
-25.0,113.0,-474.0
261.0,245.0,-503.0
-95.0,255.0,-482.0
31.0,183.0,-435.0
-181.0,103.0,-589.0
210.0,138.0,-595.0
-138.0,119.0,-540.0
81.0,74.0,-335.0
-97.0,99.0,-351.0
44.0,165.0,-374.0
-80.0,142.0,-517.0
-138.0,68.0,-513.0
-111.0,113.0,-511.0
-29.0,204.0,-472.0
-7.0,232.0,-544.0
-68.0,46.0,-501.0
-74.0,117.0,-404.0
171.0,128.0,-425.0
-33.0,210.0,-462.0
101.0,224.0,-429.0
-185.0,152.0,-517.0
144.0,187.0,-519.0
-83.0,119.0,-499.0
89.0,64.0,-341.0
-50.0,52.0,-267.0
95.0,206.0,-279.0
37.0,189.0,-327.0
-62.0,189.0,-417.0
-7.0,212.0,-382.0
91.0,236.0,-439.0
81.0,232.0,-384.0
33.0,17.0,-306.0
-7.0,81.0,-247.0
126.0,76.0,-277.0
201.0,224.0,-300.0
29.0,206.0,-318.0
44.0,169.0,-339.0
-80.0,171.0,-439.0
95.0,163.0,-482.0
-97.0,171.0,-388.0
31.0,218.0,-271.0
19.0,228.0,-263.0
206.0,132.0,-335.0
-37.0,232.0,-454.0
81.0,236.0,-447.0
-144.0,238.0,-493.0
78.0,238.0,-429.0
-62.0,87.0,-503.0
-87.0,35.0,-370.0
1.0,136.0,-339.0
101.0,388.0,-366.0
-62.0,306.0,-384.0
-29.0,203.0,-324.0
-160.0,163.0,-400.0
-85.0,154.0,-528.0
-54.0,357.0,-370.0
3.0,251.0,-298.0
-72.0,255.0,-273.0
216.0,224.0,-308.0
0.0,228.0,-368.0
7.0,201.0,-374.0
-58.0,142.0,-396.0
81.0,242.0,-505.0
111.0,146.0,-501.0
5.0,210.0,-292.0
117.0,230.0,-273.0
208.0,80.0,-314.0
150.0,316.0,-329.0
7.0,277.0,-322.0
-66.0,267.0,-279.0
-99.0,165.0,-495.0
37.0,191.0,-423.0
-50.0,335.0,-316.0
33.0,288.0,-29.0
44.0,226.0,-206.0
66.0,60.0,-265.0
-21.0,97.0,-396.0
-167.0,163.0,-370.0
85.0,329.0,-445.0
-76.0,269.0,-386.0
210.0,419.0,-208.0
-119.0,107.0,-249.0
152.0,-15.0,-206.0
-89.0,-15.0,-433.0
81.0,62.0,-271.0
-281.0,222.0,-329.0
21.0,509.0,-284.0
-81.0,339.0,-462.0
5.0,314.0,-273.0
0.0,-7.0,-359.0
-105.0,58.0,-322.0
234.0,80.0,-349.0
-173.0,201.0,-406.0
216.0,320.0,-312.0
-275.0,201.0,-392.0
249.0,187.0,-427.0
-56.0,-33.0,-618.0
40.0,249.0,-273.0
5.0,345.0,-210.0
95.0,304.0,-245.0
132.0,333.0,-263.0
-85.0,72.0,-382.0
17.0,177.0,-404.0
7.0,117.0,-525.0
48.0,331.0,-366.0
-13.0,267.0,-296.0
142.0,76.0,-193.0
-37.0,-54.0,-325.0
312.0,-13.0,-265.0
-177.0,187.0,-355.0
87.0,427.0,-284.0
-76.0,279.0,-476.0
136.0,169.0,-390.0
-13.0,-40.0,-267.0
-44.0,-27.0,-183.0
122.0,333.0,-220.0
-95.0,478.0,-388.0
31.0,591.0,-251.0
-99.0,31.0,-290.0
-89.0,39.0,-320.0
68.0,74.0,-411.0
15.0,290.0,-392.0
-169.0,501.0,-236.0
121.0,304.0,-195.0
23.0,23.0,-327.0
78.0,-160.0,-341.0
-58.0,136.0,-304.0
-119.0,421.0,-366.0
103.0,378.0,-374.0
-154.0,136.0,-470.0
113.0,-23.0,-292.0
-189.0,169.0,-271.0
304.0,257.0,-177.0
-42.0,365.0,-425.0
119.0,197.0,-324.0
-160.0,331.0,-419.0
40.0,445.0,-415.0
0.0,419.0,-413.0
-58.0,169.0,-249.0
142.0,-107.0,-236.0
-78.0,214.0,-247.0
279.0,312.0,-240.0
-224.0,244.0,-382.0
124.0,-62.0,-275.0
-187.0,97.0,-400.0
218.0,60.0,-322.0
-91.0,111.0,-390.0
95.0,177.0,-191.0
-39.0,56.0,-253.0
337.0,327.0,-257.0
-249.0,568.0,-448.0
97.0,472.0,-240.0
-359.0,281.0,-423.0
148.0,261.0,-433.0
-97.0,177.0,-528.0
78.0,216.0,-193.0
21.0,240.0,-226.0
44.0,230.0,-361.0
60.0,124.0,-366.0
-255.0,163.0,-431.0
23.0,70.0,-376.0
-76.0,107.0,-448.0
29.0,72.0,-365.0
37.0,222.0,-331.0
-5.0,124.0,-204.0
3.0,431.0,-324.0
5.0,421.0,-296.0
-50.0,466.0,-345.0
-111.0,419.0,-300.0
44.0,242.0,-361.0
37.0,296.0,-292.0
3.0,152.0,-259.0
93.0,230.0,-216.0
119.0,208.0,-314.0
142.0,7.0,-300.0
5.0,-72.0,-368.0
29.0,0.0,-406.0
46.0,150.0,-427.0
156.0,224.0,-515.0
21.0,204.0,-365.0
-7.0,324.0,-273.0
119.0,195.0,-257.0
54.0,361.0,-380.0
11.0,126.0,-320.0
-58.0,261.0,-474.0
11.0,249.0,-495.0
-1.0,208.0,-499.0
21.0,107.0,-366.0
-115.0,-169.0,-406.0
35.0,-60.0,-357.0
148.0,-148.0,-521.0
-165.0,-35.0,-523.0
-9.0,40.0,-616.0
-204.0,230.0,-698.0
171.0,310.0,-737.0
-226.0,99.0,-646.0
177.0,40.0,-636.0
-210.0,-13.0,-794.0
247.0,197.0,-745.0
-70.0,322.0,-919.0
87.0,331.0,-929.0
-179.0,117.0,-847.0
107.0,130.0,-1057.0
-44.0,101.0,-1087.0
-119.0,-48.0,-987.0
74.0,-136.0,-882.0
11.0,0.0,-1184.0
183.0,111.0,-966.0
-152.0,122.0,-1024.0
-15.0,25.0,-948.0
-66.0,-60.0,-1221.0
9.0,175.0,-1124.0
-15.0,-54.0,-1046.0
-64.0,29.0,-804.0
171.0,1.0,-917.0
109.0,111.0,-923.0
117.0,64.0,-917.0
-122.0,-175.0,-868.0
56.0,50.0,-1007.0
160.0,31.0,-1005.0
-68.0,130.0,-843.0
273.0,-355.0,-595.0
-70.0,-91.0,-646.0
355.0,-173.0,-696.0
-111.0,134.0,-759.0
103.0,-48.0,-741.0
-298.0,142.0,-784.0
273.0,9.0,-691.0
-193.0,349.0,-667.0
242.0,-122.0,-491.0
-247.0,74.0,-482.0
308.0,-124.0,-675.0
-208.0,126.0,-884.0
158.0,296.0,-573.0
-146.0,54.0,-728.0
85.0,384.0,-673.0
21.0,-29.0,-823.0
-107.0,302.0,-614.0
40.0,-1.0,-702.0
37.0,60.0,-771.0
130.0,117.0,-839.0
-99.0,158.0,-714.0
-25.0,214.0,-743.0
-136.0,33.0,-944.0
15.0,222.0,-841.0
13.0,-177.0,-956.0
-15.0,117.0,-790.0
134.0,-40.0,-747.0
201.0,318.0,-860.0
7.0,-70.0,-946.0
29.0,-76.0,-771.0
-76.0,99.0,-1056.0
13.0,341.0,-1130.0
-54.0,281.0,-987.0
128.0,-136.0,-694.0
78.0,42.0,-839.0
162.0,-60.0,-849.0
-81.0,117.0,-989.0
-158.0,-37.0,-1134.0
-152.0,-46.0,-1056.0
-56.0,493.0,-1024.0
39.0,236.0,-895.0
-76.0,132.0,-763.0
83.0,-91.0,-757.0
-27.0,40.0,-1157.0
-29.0,-25.0,-1042.0
-78.0,-64.0,-950.0
-234.0,124.0,-954.0
171.0,218.0,-933.0
-81.0,347.0,-970.0
81.0,-29.0,-952.0
-60.0,-160.0,-901.0
122.0,-87.0,-931.0
111.0,-85.0,-841.0
-191.0,261.0,-835.0
91.0,306.0,-847.0
-224.0,445.0,-989.0
201.0,339.0,-825.0
-238.0,-232.0,-981.0
97.0,-204.0,-720.0
-1.0,-68.0,-890.0
66.0,177.0,-874.0
74.0,52.0,-923.0
-136.0,25.0,-917.0
185.0,206.0,-987.0
-25.0,226.0,-1063.0
173.0,15.0,-895.0
-44.0,-390.0,-810.0
201.0,-76.0,-862.0
160.0,39.0,-1024.0
1.0,181.0,-921.0
128.0,-113.0,-1063.0
-158.0,238.0,-1089.0
93.0,115.0,-1098.0
50.0,-259.0,-1003.0
-87.0,-203.0,-979.0
44.0,-263.0,-1065.0
183.0,25.0,-1147.0
9.0,257.0,-1184.0
-126.0,-11.0,-958.0
-101.0,42.0,-1194.0
-35.0,-197.0,-1208.0
-117.0,-146.0,-1282.0
138.0,-337.0,-1032.0
-351.0,48.0,-1194.0
474.0,70.0,-1042.0
-306.0,238.0,-1225.0
66.0,162.0,-1104.0
-181.0,-421.0,-1331.0
29.0,-99.0,-1319.0
-5.0,-48.0,-1380.0
-33.0,-83.0,-1157.0
33.0,29.0,-1056.0
179.0,-48.0,-1286.0
-7.0,249.0,-1446.0
171.0,-80.0,-1278.0
-302.0,-160.0,-1407.0
378.0,-300.0,-1555.0
-193.0,-58.0,-1561.0
284.0,-146.0,-1264.0
-52.0,-72.0,-1335.0
193.0,97.0,-1452.0
101.0,171.0,-1460.0
56.0,-386.0,-1421.0
-7.0,-314.0,-1430.0
-95.0,-318.0,-1434.0
236.0,-105.0,-1497.0
-175.0,154.0,-1540.0
50.0,52.0,-1311.0
-162.0,206.0,-1417.0
193.0,-119.0,-1530.0
-142.0,-308.0,-1434.0
-52.0,-628.0,-1407.0
-99.0,-203.0,-1540.0
103.0,-1.0,-1706.0
-150.0,201.0,-1604.0
74.0,-169.0,-1303.0
-68.0,-478.0,-1344.0
240.0,-56.0,-1372.0
-91.0,-230.0,-1534.0
56.0,-308.0,-1477.0
-85.0,-29.0,-1526.0
13.0,162.0,-1483.0
46.0,140.0,-1423.0
-54.0,-445.0,-1467.0
-15.0,-195.0,-1253.0
103.0,3.0,-1350.0
-124.0,-27.0,-1559.0
54.0,-158.0,-1528.0
-187.0,-290.0,-1309.0
107.0,99.0,-1403.0
-29.0,273.0,-1592.0
21.0,-136.0,-1294.0
-29.0,-197.0,-1356.0
130.0,-238.0,-1327.0
122.0,25.0,-1352.0
81.0,-275.0,-1506.0
-3.0,-177.0,-1479.0
-15.0,220.0,-1364.0
-9.0,177.0,-1547.0
66.0,-244.0,-1504.0
29.0,-339.0,-1331.0
138.0,-154.0,-1475.0
204.0,121.0,-1506.0
-52.0,-105.0,-1489.0
64.0,-337.0,-1440.0
-183.0,-52.0,-1727.0
177.0,-1.0,-1645.0
-87.0,-46.0,-1616.0
105.0,-382.0,-1497.0
-15.0,-74.0,-1491.0
132.0,87.0,-1637.0
-99.0,-29.0,-1629.0
-89.0,-284.0,-1647.0
-247.0,-111.0,-1708.0
33.0,259.0,-1750.0
-148.0,5.0,-1627.0
-85.0,-329.0,-1514.0
35.0,-242.0,-1553.0
37.0,-78.0,-1631.0
-93.0,-3.0,-1649.0
-68.0,-197.0,-1499.0
-218.0,-218.0,-1590.0
13.0,105.0,-1700.0
-13.0,7.0,-1704.0
13.0,-324.0,-1534.0
9.0,-220.0,-1473.0
113.0,85.0,-1510.0
173.0,-7.0,-1606.0
58.0,-203.0,-1588.0
-60.0,-265.0,-1520.0
58.0,-85.0,-1676.0
148.0,-78.0,-1748.0
89.0,-273.0,-1565.0
105.0,-482.0,-1446.0
122.0,-142.0,-1487.0
121.0,-58.0,-1711.0
29.0,-50.0,-1588.0
-89.0,-242.0,-1454.0
-150.0,-191.0,-1715.0
224.0,-115.0,-1696.0
-201.0,-78.0,-1639.0
163.0,-236.0,-1413.0
-140.0,-158.0,-1540.0
154.0,-19.0,-1641.0
-132.0,-203.0,-1657.0
-80.0,-355.0,-1567.0
-140.0,-163.0,-1706.0
68.0,-185.0,-1809.0
-39.0,-119.0,-1668.0
15.0,-384.0,-1573.0
-78.0,-191.0,-1557.0
121.0,42.0,-1706.0
-146.0,-25.0,-1737.0
52.0,-318.0,-1567.0
-273.0,-284.0,-1661.0
163.0,64.0,-1727.0
-185.0,121.0,-1836.0
160.0,-208.0,-1590.0
-99.0,-288.0,-1563.0
214.0,-245.0,-1670.0
-72.0,-105.0,-1745.0
-7.0,-284.0,-1692.0
-37.0,-390.0,-1688.0
11.0,-240.0,-1844.0
158.0,-95.0,-1754.0
-54.0,-124.0,-1711.0
165.0,-337.0,-1561.0
-44.0,52.0,-1708.0
162.0,-124.0,-1690.0
58.0,-222.0,-1717.0
-13.0,-372.0,-1641.0
119.0,-58.0,-1692.0
-17.0,271.0,-1842.0
173.0,-345.0,-1651.0
-91.0,-448.0,-1526.0
156.0,-255.0,-1586.0
97.0,109.0,-1793.0
-72.0,-15.0,-1727.0
-9.0,-402.0,-1579.0
-128.0,-173.0,-1700.0
175.0,-42.0,-1844.0
-46.0,-124.0,-1752.0
21.0,-357.0,-1629.0
48.0,-224.0,-1549.0
37.0,134.0,-1684.0
83.0,-83.0,-1704.0
-222.0,-163.0,-1682.0
97.0,-177.0,-1657.0
-156.0,128.0,-1786.0
126.0,-185.0,-1717.0
-238.0,-355.0,-1708.0
-31.0,-316.0,-1512.0
95.0,19.0,-1655.0
-109.0,-7.0,-1598.0
124.0,-294.0,-1575.0
-267.0,-126.0,-1682.0
111.0,72.0,-1694.0
-101.0,1.0,-1659.0
80.0,-374.0,-1559.0
-48.0,-376.0,-1514.0
60.0,-163.0,-1567.0
134.0,-25.0,-1596.0
-52.0,-101.0,-1612.0
87.0,-146.0,-1680.0
-29.0,31.0,-1708.0
228.0,74.0,-1684.0
-21.0,-402.0,-1661.0
136.0,-505.0,-1530.0
91.0,-87.0,-1649.0
144.0,21.0,-1711.0
66.0,-353.0,-1680.0
-148.0,-216.0,-1592.0
64.0,9.0,-1766.0
-39.0,15.0,-1895.0
-37.0,-290.0,-1741.0
-39.0,-286.0,-1604.0
37.0,-247.0,-1729.0
48.0,-191.0,-1793.0
-1.0,-58.0,-1805.0
39.0,-324.0,-1752.0
-179.0,-56.0,-1856.0
103.0,-1.0,-1879.0
-247.0,-214.0,-1848.0
103.0,-489.0,-1639.0
-158.0,-384.0,-1784.0
208.0,-1.0,-1821.0
-103.0,29.0,-1791.0
-50.0,-179.0,-1700.0
-162.0,-105.0,-1797.0
-85.0,-37.0,-1918.0
-48.0,-148.0,-1883.0
19.0,-404.0,-1709.0
-27.0,-240.0,-1586.0
173.0,-117.0,-1700.0
21.0,-91.0,-1793.0
-17.0,-294.0,-1696.0
-89.0,-249.0,-1653.0
33.0,-31.0,-1725.0
37.0,64.0,-1854.0
-15.0,-261.0,-1739.0
40.0,-407.0,-1512.0
66.0,-244.0,-1618.0
249.0,29.0,-1721.0
68.0,-136.0,-1676.0
33.0,-183.0,-1547.0
-9.0,-78.0,-1821.0
89.0,-72.0,-1850.0
46.0,-292.0,-1586.0
80.0,-363.0,-1518.0
76.0,-119.0,-1561.0
154.0,-17.0,-1600.0
33.0,-201.0,-1704.0
-81.0,-357.0,-1694.0
-37.0,-121.0,-1573.0
13.0,54.0,-1743.0
37.0,-234.0,-1754.0
74.0,-320.0,-1631.0
35.0,-341.0,-1581.0
400.0,-191.0,-1700.0
60.0,-142.0,-1815.0
261.0,-154.0,-1754.0
37.0,-66.0,-1713.0
341.0,-95.0,-1848.0
281.0,-208.0,-1891.0
441.0,-283.0,-1694.0
357.0,-236.0,-1604.0
634.0,-1.0,-1827.0
609.0,-113.0,-1842.0
425.0,-165.0,-1682.0
534.0,-255.0,-1694.0
501.0,-17.0,-1907.0
733.0,-160.0,-1731.0
501.0,-105.0,-1725.0
722.0,-259.0,-1586.0
628.0,-162.0,-1686.0
706.0,-142.0,-1629.0
616.0,-206.0,-1629.0
515.0,-31.0,-1620.0
669.0,-5.0,-1752.0
694.0,15.0,-1721.0
694.0,-236.0,-1516.0
636.0,-294.0,-1497.0
792.0,-144.0,-1518.0
808.0,-142.0,-1559.0
630.0,-162.0,-1567.0
552.0,-220.0,-1530.0
468.0,-132.0,-1516.0
712.0,113.0,-1604.0
527.0,-193.0,-1545.0
558.0,-208.0,-1341.0
472.0,-165.0,-1352.0
568.0,-1.0,-1487.0
392.0,-113.0,-1401.0
281.0,-206.0,-1413.0
267.0,-148.0,-1462.0
294.0,150.0,-1501.0
304.0,-97.0,-1376.0
234.0,-265.0,-1358.0
183.0,-83.0,-1251.0
302.0,-76.0,-1346.0
140.0,-78.0,-1370.0
122.0,-160.0,-1266.0
-46.0,27.0,-1401.0
185.0,64.0,-1409.0
68.0,-3.0,-1317.0
58.0,-175.0,-1227.0
99.0,-105.0,-1249.0
138.0,48.0,-1270.0
95.0,-15.0,-1227.0
23.0,-140.0,-1294.0
9.0,-89.0,-1288.0
156.0,91.0,-1325.0
142.0,142.0,-1313.0
132.0,-203.0,-1210.0
74.0,-128.0,-1116.0
208.0,-87.0,-1257.0
325.0,140.0,-1206.0
70.0,-83.0,-1268.0
144.0,-263.0,-1186.0
19.0,-44.0,-1317.0
257.0,144.0,-1317.0
-37.0,-3.0,-1346.0
162.0,-203.0,-1067.0
-126.0,-136.0,-1186.0
162.0,97.0,-1210.0
-87.0,-17.0,-1296.0
-140.0,-101.0,-1300.0
-236.0,-19.0,-1350.0
-140.0,21.0,-1321.0
-216.0,17.0,-1309.0
-265.0,-230.0,-1247.0
-353.0,-148.0,-1202.0
-185.0,25.0,-1262.0
-329.0,42.0,-1296.0
-337.0,-111.0,-1259.0
-466.0,-21.0,-1319.0
-474.0,122.0,-1401.0
-452.0,-25.0,-1360.0
-448.0,-165.0,-1202.0
-482.0,-64.0,-1167.0
-361.0,91.0,-1259.0
-445.0,-7.0,-1294.0
-452.0,-99.0,-1243.0
-511.0,-9.0,-1212.0
-478.0,146.0,-1337.0
-503.0,50.0,-1374.0
-511.0,-167.0,-1204.0
-482.0,-191.0,-1061.0
-448.0,33.0,-1167.0
-329.0,46.0,-1210.0
-499.0,-87.0,-1177.0
-417.0,37.0,-1100.0
-657.0,35.0,-1257.0
-337.0,134.0,-1249.0
-607.0,-154.0,-1145.0
-382.0,-208.0,-944.0
-431.0,-17.0,-1036.0
-286.0,83.0,-1151.0
-365.0,-64.0,-1141.0
-503.0,-109.0,-1003.0
-441.0,9.0,-1081.0
-386.0,150.0,-1245.0
-407.0,-105.0,-1194.0
-275.0,-216.0,-974.0
-435.0,-66.0,-1015.0
-52.0,19.0,-1046.0
-345.0,3.0,-1122.0
-201.0,-109.0,-1108.0
-464.0,58.0,-1190.0
-236.0,175.0,-1210.0
-361.0,-42.0,-1194.0
-204.0,-245.0,-1095.0
-279.0,-146.0,-983.0
-27.0,134.0,-1114.0
-191.0,91.0,-1243.0
-175.0,-66.0,-1139.0
-308.0,-37.0,-1124.0
-175.0,101.0,-1262.0
-165.0,44.0,-1231.0
-91.0,-68.0,-1161.0
-165.0,-177.0,-1071.0
52.0,-13.0,-1136.0
-124.0,15.0,-1186.0
19.0,-21.0,-1134.0
-247.0,60.0,-1165.0
-25.0,99.0,-1290.0
-189.0,134.0,-1270.0
-37.0,-154.0,-1042.0
-103.0,-222.0,-1073.0
70.0,-70.0,-1177.0
42.0,99.0,-1118.0
-64.0,-19.0,-1052.0
-68.0,-97.0,-1083.0
-136.0,40.0,-1243.0
15.0,89.0,-1200.0
-126.0,-9.0,-1136.0
60.0,-201.0,-952.0
-117.0,-60.0,-1044.0
210.0,1.0,-1095.0
-152.0,52.0,-1143.0
-70.0,-40.0,-1030.0
-201.0,44.0,-1122.0
74.0,117.0,-1179.0
-220.0,-3.0,-1196.0
97.0,-132.0,-929.0
-218.0,-187.0,-966.0
206.0,64.0,-1069.0
-140.0,132.0,-1184.0
-19.0,-62.0,-944.0
-259.0,19.0,-1056.0
33.0,150.0,-1216.0
-105.0,117.0,-1221.0
-37.0,-54.0,-958.0
-119.0,-134.0,-962.0
103.0,-17.0,-1038.0
-5.0,109.0,-1124.0
-29.0,23.0,-1040.0
-107.0,37.0,-1042.0
-101.0,89.0,-1153.0
64.0,89.0,-1145.0
-81.0,-31.0,-1116.0
-15.0,-136.0,-909.0
44.0,-40.0,-1052.0
95.0,89.0,-1048.0
-21.0,72.0,-1120.0
-48.0,17.0,-1015.0
-64.0,-1.0,-1081.0
80.0,113.0,-1126.0
-37.0,7.0,-1202.0
81.0,-113.0,-942.0
-132.0,-115.0,-946.0
212.0,-23.0,-1063.0
-99.0,76.0,-1104.0
27.0,11.0,-1015.0
-158.0,85.0,-1116.0
105.0,58.0,-1235.0
-179.0,-74.0,-1118.0
70.0,-105.0,-985.0
-150.0,-13.0,-974.0
212.0,9.0,-987.0
-148.0,17.0,-1128.0
60.0,-111.0,-1098.0
-156.0,107.0,-1112.0
56.0,175.0,-1085.0
-35.0,19.0,-1134.0
-107.0,-72.0,-1057.0
-1.0,-89.0,-985.0
42.0,-46.0,-1022.0
-23.0,31.0,-1038.0
5.0,-1.0,-1104.0
-89.0,177.0,-1057.0
13.0,148.0,-1093.0
-52.0,74.0,-1149.0
-64.0,-195.0,-1093.0
-60.0,-64.0,-905.0
134.0,46.0,-974.0
156.0,111.0,-1056.0
-15.0,-23.0,-1065.0
-23.0,-21.0,-1024.0
-21.0,152.0,-1124.0
68.0,113.0,-1138.0
-31.0,-56.0,-991.0
93.0,-117.0,-944.0
54.0,-58.0,-1042.0
216.0,40.0,-1020.0
-23.0,-17.0,-1015.0
-23.0,-29.0,-1040.0
-7.0,142.0,-1118.0
31.0,185.0,-1167.0
42.0,-142.0,-1005.0
-66.0,-212.0,-964.0
140.0,-54.0,-1003.0
134.0,83.0,-1042.0
-56.0,1.0,-1052.0
-31.0,-81.0,-1048.0
-191.0,99.0,-1114.0
121.0,152.0,-1036.0
-78.0,19.0,-1130.0
44.0,-247.0,-1024.0
-74.0,-119.0,-977.0
115.0,140.0,-1038.0
3.0,74.0,-1081.0
-13.0,-11.0,-948.0
-156.0,-11.0,-1057.0
21.0,144.0,-1169.0
-46.0,87.0,-1165.0
-17.0,-142.0,-1046.0
-23.0,-117.0,-925.0
70.0,66.0,-966.0
42.0,89.0,-1059.0
-60.0,-11.0,-1071.0
-140.0,27.0,-1054.0
3.0,105.0,-1138.0
44.0,191.0,-1095.0
23.0,-99.0,-983.0
7.0,-154.0,-979.0
130.0,-68.0,-1026.0
62.0,134.0,-1024.0
21.0,29.0,-966.0
-66.0,-9.0,-1065.0
25.0,46.0,-1093.0
27.0,201.0,-1126.0
81.0,-78.0,-1030.0
-70.0,-197.0,-925.0
44.0,-113.0,-968.0
105.0,99.0,-1046.0
15.0,113.0,-1089.0
-44.0,-40.0,-979.0
-40.0,-3.0,-1042.0
27.0,163.0,-1059.0
58.0,37.0,-1136.0
-3.0,-146.0,-1042.0
-31.0,-136.0,-944.0
56.0,48.0,-989.0
-21.0,70.0,-1011.0
-105.0,5.0,-993.0
-101.0,13.0,-1118.0
54.0,136.0,-1190.0
-54.0,107.0,-1061.0
-54.0,-107.0,-944.0
-68.0,-154.0,-958.0
83.0,60.0,-1022.0
-15.0,165.0,-1048.0
21.0,-52.0,-1001.0
-76.0,62.0,-1038.0
15.0,109.0,-1061.0
40.0,201.0,-1145.0
-37.0,-109.0,-1022.0
3.0,-66.0,-892.0
80.0,-5.0,-1048.0
140.0,70.0,-979.0
-37.0,23.0,-962.0
21.0,-1.0,-1054.0
40.0,111.0,-1173.0
60.0,181.0,-1087.0
21.0,13.0,-1001.0
-37.0,-232.0,-890.0
46.0,-91.0,-964.0
197.0,105.0,-1085.0
1.0,83.0,-1100.0
40.0,-44.0,-899.0
-107.0,93.0,-1046.0
111.0,111.0,-1161.0
-119.0,-5.0,-1085.0
58.0,-124.0,-921.0
-87.0,-126.0,-1009.0
249.0,54.0,-972.0
-113.0,58.0,-1034.0
81.0,-52.0,-1018.0
-244.0,56.0,-1108.0
97.0,146.0,-1153.0
-148.0,29.0,-1108.0
19.0,-136.0,-935.0
-109.0,-140.0,-968.0
169.0,29.0,-1026.0
-37.0,83.0,-1063.0
-15.0,7.0,-1022.0
-167.0,50.0,-1050.0
-1.0,115.0,-1081.0
-44.0,78.0,-1149.0
-7.0,-111.0,-993.0
-3.0,-99.0,-892.0
107.0,5.0,-1009.0
89.0,111.0,-1038.0
3.0,39.0,-997.0
-113.0,-11.0,-989.0
70.0,83.0,-1114.0
37.0,121.0,-1130.0
-15.0,-5.0,-1067.0
44.0,-230.0,-897.0
80.0,-99.0,-927.0
210.0,173.0,-1050.0
21.0,72.0,-1057.0
-9.0,-9.0,-952.0
-105.0,39.0,-1065.0
111.0,107.0,-1143.0
-1.0,-33.0,-1071.0
44.0,-144.0,-927.0
3.0,-80.0,-933.0
175.0,40.0,-1007.0
-81.0,27.0,-1091.0
35.0,-5.0,-1024.0
-142.0,31.0,-999.0
87.0,146.0,-1108.0
-74.0,17.0,-1087.0
39.0,-107.0,-993.0
-117.0,-134.0,-942.0
177.0,-21.0,-1022.0
-119.0,95.0,-1063.0
37.0,7.0,-995.0
-167.0,97.0,-1050.0
72.0,76.0,-1083.0
-163.0,66.0,-1149.0
76.0,-107.0,-981.0
-119.0,-60.0,-962.0
130.0,97.0,-976.0
7.0,35.0,-1018.0
15.0,60.0,-997.0
-99.0,27.0,-1034.0
58.0,154.0,-1122.0
-44.0,39.0,-1093.0
11.0,-48.0,-979.0
1.0,-78.0,-942.0
156.0,-44.0,-970.0
152.0,132.0,-1018.0
-3.0,46.0,-997.0
19.0,23.0,-1020.0
-46.0,89.0,-1079.0
89.0,121.0,-1087.0
37.0,-56.0,-999.0
31.0,-83.0,-946.0
95.0,0.0,-958.0
132.0,29.0,-1022.0
-60.0,9.0,-985.0
-1.0,7.0,-1005.0
-80.0,111.0,-1120.0
64.0,146.0,-1079.0
-56.0,-78.0,-1048.0
-11.0,-150.0,-948.0
7.0,-46.0,-956.0
138.0,124.0,-1042.0
-29.0,40.0,-1046.0
-95.0,-7.0,-991.0
-144.0,15.0,-1069.0
29.0,154.0,-1124.0
-107.0,33.0,-1122.0
-3.0,-191.0,-966.0
-121.0,-66.0,-944.0
132.0,111.0,-1009.0
-46.0,89.0,-1046.0
-11.0,-15.0,-1001.0
-195.0,-40.0,-1032.0
91.0,222.0,-1063.0
-15.0,105.0,-1134.0
-5.0,-124.0,-1003.0
0.0,-148.0,-882.0
72.0,25.0,-1009.0
152.0,163.0,-1026.0
-54.0,54.0,-989.0
-3.0,-13.0,-995.0
-31.0,62.0,-1098.0
111.0,158.0,-1085.0
35.0,-68.0,-1063.0
19.0,-142.0,-911.0
83.0,-40.0,-936.0
140.0,148.0,-972.0
66.0,-19.0,-1052.0
-21.0,-46.0,-995.0
-31.0,56.0,-1059.0
50.0,119.0,-1104.0
-1.0,21.0,-1056.0
19.0,-175.0,-954.0
-19.0,-115.0,-974.0
171.0,54.0,-970.0
-91.0,85.0,-1063.0
37.0,-42.0,-997.0
-218.0,80.0,-1048.0
124.0,76.0,-1116.0
-158.0,11.0,-1132.0
81.0,-208.0,-903.0
-111.0,-83.0,-958.0
134.0,103.0,-1063.0
-78.0,128.0,-1050.0
-70.0,-81.0,-1001.0
-126.0,9.0,-1054.0
21.0,150.0,-1079.0
5.0,142.0,-1097.0
31.0,-97.0,-1024.0
-80.0,-105.0,-931.0
130.0,-31.0,-935.0
9.0,122.0,-1048.0
15.0,17.0,-1009.0
-91.0,113.0,-1048.0
-7.0,76.0,-1122.0
44.0,52.0,-1061.0
-3.0,-70.0,-1020.0
91.0,-126.0,-921.0
72.0,17.0,-974.0
99.0,134.0,-1015.0
50.0,15.0,-1011.0
-66.0,-27.0,-964.0
33.0,19.0,-1069.0
103.0,173.0,-1130.0
11.0,-68.0,-1036.0
58.0,-162.0,-907.0
17.0,-17.0,-968.0
247.0,70.0,-983.0
-25.0,35.0,-1018.0
46.0,-9.0,-997.0
-117.0,40.0,-1097.0
83.0,109.0,-1108.0
-111.0,0.0,-1069.0
50.0,-158.0,-962.0
-93.0,-54.0,-936.0
183.0,115.0,-1024.0
-25.0,0.0,-1011.0
-64.0,-13.0,-1018.0
-101.0,58.0,-1102.0
-17.0,185.0,-1132.0
-31.0,1.0,-1034.0
-50.0,-113.0,-1015.0
-35.0,-93.0,-966.0
95.0,87.0,-981.0
-21.0,80.0,-1091.0
-11.0,80.0,-997.0
-160.0,35.0,-1013.0
99.0,152.0,-1079.0
-58.0,58.0,-1141.0
52.0,-76.0,-997.0
-40.0,-113.0,-925.0
138.0,91.0,-993.0
81.0,113.0,-977.0
46.0,9.0,-985.0
-72.0,19.0,-993.0
66.0,76.0,-1155.0
-3.0,163.0,-1104.0
130.0,-138.0,-974.0
-52.0,-81.0,-870.0
224.0,-33.0,-948.0
126.0,148.0,-1087.0
7.0,-35.0,-977.0
-58.0,-11.0,-989.0
-21.0,76.0,-1069.0
128.0,126.0,-1110.0
-54.0,-31.0,-1046.0
54.0,-203.0,-977.0
-105.0,-31.0,-946.0
191.0,83.0,-993.0
-70.0,64.0,-1050.0
0.0,-17.0,-979.0
-183.0,42.0,-1093.0
58.0,91.0,-1114.0
-105.0,5.0,-1153.0
-44.0,-148.0,-938.0
-44.0,-134.0,-929.0
83.0,126.0,-1009.0
31.0,113.0,-1063.0
-15.0,1.0,-985.0
-177.0,-33.0,-1026.0
42.0,142.0,-1089.0
7.0,60.0,-1163.0
35.0,-113.0,-1003.0
-44.0,-99.0,-872.0
95.0,87.0,-997.0
46.0,99.0,-997.0
-25.0,40.0,-1013.0
-76.0,-37.0,-1048.0
25.0,93.0,-1173.0
-29.0,148.0,-1032.0
101.0,-37.0,-1022.0
-37.0,-121.0,-897.0
165.0,-76.0,-944.0
134.0,140.0,-983.0
87.0,13.0,-1061.0
-21.0,52.0,-970.0
-27.0,25.0,-1071.0
89.0,85.0,-1104.0
-48.0,-29.0,-1044.0
83.0,-177.0,-936.0
27.0,-74.0,-938.0
136.0,132.0,-979.0
39.0,60.0,-1042.0
-42.0,-62.0,-972.0
-119.0,48.0,-1110.0
-23.0,111.0,-1136.0
-46.0,52.0,-1073.0
-85.0,-183.0,-919.0
39.0,-144.0,-948.0
101.0,78.0,-1048.0
15.0,99.0,-1038.0
-66.0,-11.0,-997.0
-171.0,50.0,-1042.0
64.0,122.0,-1141.0
-160.0,23.0,-1116.0
93.0,-132.0,-974.0
-132.0,-81.0,-935.0
206.0,101.0,-981.0
-35.0,99.0,-1059.0
-13.0,5.0,-995.0
-122.0,35.0,-1018.0
25.0,138.0,-1118.0
-7.0,113.0,-1106.0
-31.0,-46.0,-1020.0
9.0,-126.0,-919.0
46.0,-3.0,-970.0
158.0,158.0,-1048.0
-1.0,9.0,-1034.0
-11.0,76.0,-925.0
-44.0,50.0,-1100.0
117.0,42.0,-1165.0
5.0,-48.0,-1020.0
87.0,-152.0,-872.0
140.0,39.0,-929.0
232.0,85.0,-1032.0
107.0,42.0,-976.0
97.0,-13.0,-1018.0
66.0,25.0,-1063.0
267.0,140.0,-1100.0
136.0,-1.0,-1104.0
382.0,-187.0,-911.0
177.0,-23.0,-899.0
548.0,50.0,-1005.0
183.0,3.0,-1118.0
439.0,-19.0,-991.0
230.0,103.0,-1059.0
538.0,171.0,-1085.0
255.0,-72.0,-1106.0
530.0,-119.0,-991.0
372.0,-103.0,-890.0
607.0,109.0,-960.0
333.0,80.0,-1100.0
345.0,42.0,-1032.0
165.0,0.0,-995.0
290.0,130.0,-1081.0
183.0,54.0,-1108.0
189.0,-113.0,-997.0
228.0,-33.0,-876.0
226.0,64.0,-995.0
163.0,93.0,-1011.0
11.0,-25.0,-999.0
-80.0,0.0,-979.0
72.0,142.0,-1100.0
-52.0,189.0,-1180.0
72.0,-81.0,-999.0
-93.0,-154.0,-886.0
105.0,-31.0,-936.0
132.0,156.0,-1042.0
-25.0,107.0,-1052.0
39.0,-62.0,-1026.0
-163.0,74.0,-1100.0
191.0,89.0,-1069.0
-81.0,-3.0,-1143.0
228.0,-181.0,-903.0
-39.0,-44.0,-925.0
370.0,83.0,-1015.0
-3.0,56.0,-1104.0
126.0,23.0,-987.0
-126.0,-42.0,-1098.0
185.0,60.0,-1104.0
23.0,25.0,-1093.0
247.0,-121.0,-954.0
52.0,-169.0,-929.0
286.0,48.0,-966.0
-21.0,91.0,-1118.0
99.0,-11.0,-952.0
-236.0,58.0,-1044.0
136.0,119.0,-1091.0
-156.0,-23.0,-1161.0
136.0,-87.0,-882.0
-119.0,-101.0,-929.0
208.0,115.0,-964.0
-99.0,154.0,-1011.0
1.0,-5.0,-1011.0
-195.0,-23.0,-1024.0
21.0,54.0,-1018.0
40.0,171.0,-1059.0
46.0,-52.0,-1054.0
74.0,-76.0,-907.0
17.0,-42.0,-983.0
126.0,87.0,-1003.0
-91.0,80.0,-1038.0
5.0,62.0,-970.0
-31.0,121.0,-1067.0
99.0,64.0,-1077.0
37.0,-54.0,-1069.0
48.0,-181.0,-977.0
89.0,-23.0,-917.0
105.0,160.0,-1034.0
56.0,-1.0,-1028.0
-80.0,-17.0,-1011.0
-54.0,3.0,-1056.0
152.0,70.0,-1163.0
-52.0,-11.0,-1063.0
60.0,-122.0,-946.0
-93.0,-21.0,-974.0
181.0,54.0,-960.0
-134.0,42.0,-1044.0
81.0,-109.0,-981.0
-156.0,101.0,-1106.0
126.0,138.0,-1077.0
1.0,-9.0,-1100.0
-64.0,-142.0,-944.0
0.0,-64.0,-944.0
37.0,130.0,-991.0
42.0,46.0,-1001.0
-83.0,52.0,-1050.0
-56.0,0.0,-1044.0
91.0,187.0,-1069.0
-40.0,101.0,-1077.0
68.0,-111.0,-1001.0
-121.0,-58.0,-925.0
146.0,37.0,-995.0
66.0,165.0,-1056.0
21.0,-7.0,-1015.0
-89.0,48.0,-987.0
101.0,95.0,-1112.0
44.0,146.0,-1149.0
-11.0,-122.0,-979.0
21.0,-138.0,-899.0
56.0,15.0,-974.0
214.0,163.0,-1003.0
-21.0,48.0,-1079.0
5.0,-115.0,-983.0
7.0,81.0,-1081.0
167.0,142.0,-1085.0
1.0,5.0,-1098.0
39.0,-193.0,-897.0
29.0,-87.0,-942.0
189.0,74.0,-987.0
52.0,74.0,-1050.0
-50.0,3.0,-1009.0
-52.0,37.0,-1087.0
-7.0,93.0,-1120.0
-31.0,-66.0,-1079.0
5.0,-152.0,-921.0
15.0,-64.0,-913.0
130.0,105.0,-1005.0
-9.0,99.0,-1024.0
-9.0,3.0,-1040.0
-160.0,-25.0,-1079.0
74.0,95.0,-1087.0
-195.0,117.0,-1104.0
58.0,-105.0,-1003.0
-111.0,-146.0,-921.0
150.0,33.0,-981.0
-48.0,85.0,-1036.0
0.0,113.0,-1032.0
-160.0,40.0,-1059.0
44.0,52.0,-1097.0
-52.0,117.0,-1143.0
42.0,-81.0,-983.0
7.0,-58.0,-868.0
163.0,-46.0,-977.0
81.0,109.0,-1032.0
29.0,97.0,-1003.0
-64.0,-7.0,-979.0
76.0,95.0,-1116.0
-3.0,35.0,-1095.0
117.0,19.0,-987.0
-70.0,-152.0,-929.0
242.0,-89.0,-854.0
99.0,142.0,-1077.0
44.0,56.0,-981.0
-29.0,52.0,-966.0
-136.0,-1.0,-1077.0
158.0,99.0,-1173.0
-124.0,-9.0,-1079.0
105.0,-124.0,-911.0
-44.0,-150.0,-913.0
245.0,62.0,-905.0
-97.0,105.0,-1093.0
-52.0,54.0,-1112.0
-99.0,19.0,-1013.0
-13.0,152.0,-1100.0
-40.0,-29.0,-1108.0
78.0,-210.0,-1011.0
-48.0,-19.0,-876.0
267.0,46.0,-899.0
-70.0,210.0,-1075.0
7.0,-13.0,-1022.0
-214.0,19.0,-1063.0
19.0,85.0,-1139.0
-105.0,83.0,-1192.0
1.0,-11.0,-964.0
-21.0,-130.0,-880.0
97.0,-21.0,-903.0
37.0,80.0,-1022.0
-11.0,17.0,-1020.0
-177.0,136.0,-1071.0
126.0,169.0,-1083.0
-25.0,115.0,-1132.0
109.0,-113.0,-921.0
7.0,-218.0,-853.0
185.0,-64.0,-962.0
128.0,187.0,-1018.0
-52.0,58.0,-1013.0
7.0,-89.0,-974.0
-62.0,60.0,-1102.0
93.0,238.0,-1112.0
40.0,-15.0,-1083.0
-46.0,-189.0,-909.0
103.0,-191.0,-872.0
138.0,66.0,-1026.0
-5.0,128.0,-1071.0
29.0,-5.0,-983.0
-206.0,21.0,-1132.0
107.0,160.0,-1161.0
-222.0,42.0,-1132.0
156.0,-249.0,-882.0
-171.0,-160.0,-954.0
300.0,136.0,-1011.0
-78.0,111.0,-1083.0
-44.0,-31.0,-909.0
-158.0,46.0,-1057.0
7.0,197.0,-1253.0
-58.0,142.0,-1184.0
-37.0,-201.0,-868.0
31.0,-242.0,-847.0
156.0,19.0,-954.0
21.0,255.0,-1141.0
-52.0,31.0,-1071.0
-185.0,-48.0,-964.0
-31.0,89.0,-1077.0
5.0,117.0,-1110.0
15.0,113.0,-1108.0
-48.0,-216.0,-894.0
251.0,-152.0,-962.0
39.0,122.0,-1022.0
146.0,169.0,-985.0
-124.0,99.0,-864.0
81.0,29.0,-1139.0
-39.0,85.0,-1311.0
136.0,-78.0,-1054.0
117.0,-249.0,-728.0
126.0,-31.0,-794.0
220.0,167.0,-1042.0
31.0,113.0,-1190.0
-187.0,-80.0,-1007.0
-1.0,-17.0,-952.0
-64.0,154.0,-1130.0
-19.0,154.0,-1118.0
-21.0,-136.0,-958.0
23.0,-279.0,-921.0
29.0,-70.0,-972.0
183.0,150.0,-956.0
-271.0,201.0,-1108.0
163.0,144.0,-960.0
-238.0,175.0,-1296.0
103.0,-146.0,-1083.0
-140.0,-171.0,-1034.0
128.0,-124.0,-694.0
160.0,46.0,-979.0
-220.0,152.0,-1057.0
171.0,58.0,-1165.0
-626.0,103.0,-1231.0
409.0,136.0,-815.0
-312.0,138.0,-1132.0
189.0,-97.0,-1003.0
-48.0,-83.0,-995.0
103.0,83.0,-964.0
208.0,-29.0,-1044.0
-50.0,-35.0,-862.0
111.0,72.0,-985.0
-218.0,273.0,-1311.0
208.0,294.0,-1093.0
-187.0,-195.0,-1065.0
247.0,-413.0,-753.0
19.0,-83.0,-880.0
187.0,206.0,-1020.0
-167.0,138.0,-1110.0
-76.0,13.0,-913.0
-81.0,132.0,-1143.0
31.0,169.0,-1112.0
111.0,-58.0,-1009.0
-119.0,-259.0,-895.0
286.0,-152.0,-950.0
62.0,165.0,-1034.0
103.0,39.0,-1011.0
-189.0,-95.0,-1001.0
-27.0,11.0,-1024.0
23.0,247.0,-1200.0
-85.0,80.0,-1143.0
95.0,-197.0,-890.0
-134.0,-220.0,-897.0
160.0,48.0,-1015.0
-89.0,300.0,-1057.0
-60.0,19.0,-1155.0
-218.0,-101.0,-1042.0
238.0,154.0,-964.0
-220.0,173.0,-1138.0
218.0,-169.0,-948.0
-218.0,-89.0,-1042.0
177.0,-91.0,-1063.0
80.0,122.0,-868.0
42.0,25.0,-864.0
-83.0,80.0,-1050.0
169.0,322.0,-1259.0
3.0,187.0,-1270.0
7.0,-228.0,-897.0
3.0,-368.0,-689.0
101.0,-169.0,-929.0
224.0,230.0,-1061.0
-101.0,216.0,-1186.0
-42.0,11.0,-917.0
-148.0,130.0,-1050.0
33.0,111.0,-1098.0
17.0,-60.0,-1048.0
150.0,-206.0,-958.0
33.0,-142.0,-966.0
349.0,150.0,-868.0
-124.0,13.0,-1063.0
80.0,-203.0,-935.0
-181.0,189.0,-1001.0
99.0,206.0,-1214.0
-163.0,128.0,-1350.0
187.0,-290.0,-786.0
15.0,-312.0,-691.0
136.0,25.0,-909.0
29.0,255.0,-1235.0
-214.0,165.0,-1227.0
-83.0,-25.0,-1075.0
-83.0,64.0,-1077.0
117.0,29.0,-976.0
-148.0,-64.0,-1030.0
33.0,-195.0,-954.0
3.0,83.0,-976.0
128.0,140.0,-977.0
-187.0,-66.0,-1093.0
40.0,46.0,-958.0
-136.0,267.0,-1235.0
70.0,218.0,-1151.0
9.0,-156.0,-876.0
0.0,-238.0,-784.0
44.0,-107.0,-1057.0
271.0,167.0,-989.0
-60.0,160.0,-1097.0
-111.0,-17.0,-972.0
27.0,245.0,-1030.0
78.0,138.0,-1138.0
-99.0,-54.0,-1132.0
226.0,-290.0,-841.0
0.0,-80.0,-921.0
312.0,189.0,-979.0
-54.0,80.0,-1056.0
95.0,-115.0,-895.0
-242.0,13.0,-1044.0
126.0,253.0,-1179.0
-150.0,122.0,-1210.0
197.0,-345.0,-860.0
-78.0,-279.0,-870.0
341.0,72.0,-862.0
-115.0,277.0,-1186.0
-40.0,23.0,-1011.0
-132.0,-29.0,-1069.0
-80.0,121.0,-1190.0
58.0,21.0,-1153.0
-111.0,-148.0,-907.0
1.0,-265.0,-853.0
76.0,52.0,-1003.0
-3.0,175.0,-1073.0
-132.0,136.0,-1026.0
-193.0,64.0,-1102.0
80.0,187.0,-1151.0
-3.0,132.0,-1077.0
89.0,-87.0,-936.0
-93.0,-269.0,-849.0
210.0,-66.0,-925.0
0.0,169.0,-1126.0
56.0,101.0,-1087.0
-156.0,142.0,-948.0
167.0,58.0,-1038.0
-44.0,251.0,-1180.0
138.0,-113.0,-1032.0
-76.0,-283.0,-903.0
179.0,-165.0,-856.0
191.0,173.0,-1052.0
-21.0,195.0,-1044.0
-9.0,-1.0,-907.0
-171.0,-50.0,-1073.0
175.0,146.0,-1165.0
-44.0,60.0,-1098.0
105.0,-148.0,-837.0
-17.0,-206.0,-854.0
288.0,42.0,-1040.0
-11.0,156.0,-1065.0
-21.0,42.0,-960.0
-204.0,29.0,-1100.0
17.0,81.0,-1169.0
-111.0,85.0,-1184.0
15.0,-230.0,-936.0
-85.0,-214.0,-888.0
97.0,66.0,-977.0
58.0,199.0,-1054.0
-134.0,76.0,-997.0
-150.0,-70.0,-1073.0
-1.0,148.0,-1159.0
39.0,99.0,-1132.0
27.0,-42.0,-946.0
7.0,-160.0,-815.0
74.0,-35.0,-979.0
58.0,113.0,-1122.0
-56.0,122.0,-1085.0
-115.0,17.0,-966.0
-66.0,126.0,-1075.0
21.0,142.0,-1143.0
-68.0,-39.0,-1130.0
-3.0,-167.0,-835.0
60.0,-81.0,-942.0
171.0,128.0,-979.0
48.0,48.0,-991.0
-93.0,35.0,-995.0
31.0,52.0,-1091.0
-11.0,214.0,-1190.0
74.0,0.0,-1046.0
46.0,-222.0,-858.0
44.0,-117.0,-864.0
199.0,29.0,-981.0
15.0,107.0,-1116.0
-52.0,-48.0,-1018.0
-107.0,146.0,-987.0
64.0,222.0,-1100.0
-27.0,-58.0,-1112.0
50.0,-216.0,-927.0
-15.0,-181.0,-936.0
251.0,122.0,-952.0
-56.0,107.0,-1059.0
3.0,-60.0,-981.0
-222.0,44.0,-1085.0
-27.0,214.0,-1132.0
-40.0,93.0,-1167.0
-54.0,-148.0,-954.0
5.0,-195.0,-862.0
39.0,11.0,-997.0
95.0,40.0,-1081.0
-134.0,50.0,-1034.0
-111.0,109.0,-1011.0
-68.0,261.0,-1095.0
1.0,142.0,-1126.0
-58.0,-249.0,-1036.0
-15.0,-255.0,-872.0
150.0,56.0,-954.0
85.0,259.0,-1013.0
-33.0,13.0,-993.0
-162.0,-19.0,-983.0
9.0,44.0,-1169.0
76.0,240.0,-1161.0
107.0,-42.0,-958.0
0.0,-222.0,-919.0
115.0,-134.0,-929.0
214.0,132.0,-1018.0
9.0,48.0,-1057.0
29.0,-11.0,-966.0
-146.0,171.0,-1057.0
191.0,163.0,-1104.0
-15.0,-5.0,-1075.0
93.0,-283.0,-897.0
-7.0,-142.0,-958.0
269.0,115.0,-944.0
-25.0,93.0,-977.0
-33.0,-1.0,-987.0
-204.0,-3.0,-1141.0
121.0,216.0,-1147.0
-156.0,91.0,-1116.0
74.0,-257.0,-880.0
-115.0,-189.0,-899.0
154.0,21.0,-1026.0
21.0,95.0,-1095.0
-117.0,-7.0,-995.0
-167.0,42.0,-1015.0
21.0,261.0,-1141.0
-60.0,109.0,-1180.0
29.0,-134.0,-985.0
-89.0,-173.0,-909.0
261.0,-46.0,-946.0
-27.0,189.0,-1038.0
31.0,33.0,-1007.0
-214.0,52.0,-1032.0
19.0,171.0,-1177.0
15.0,175.0,-1161.0
66.0,-101.0,-974.0
37.0,-249.0,-786.0
124.0,-25.0,-942.0
175.0,97.0,-1097.0
-7.0,83.0,-1040.0
-70.0,54.0,-981.0
0.0,121.0,-1026.0
138.0,177.0,-1081.0
33.0,-31.0,-1054.0
66.0,-232.0,-925.0
52.0,-150.0,-929.0
228.0,87.0,-974.0
19.0,91.0,-1018.0
-64.0,-7.0,-950.0
-115.0,103.0,-1081.0
50.0,208.0,-1167.0
21.0,-37.0,-1112.0
-23.0,-195.0,-940.0
31.0,-212.0,-841.0
169.0,31.0,-1036.0
-40.0,83.0,-1054.0
9.0,56.0,-1020.0
-265.0,33.0,-1067.0
204.0,238.0,-1054.0
-121.0,85.0,-1184.0
72.0,-261.0,-979.0
-85.0,-183.0,-950.0
72.0,33.0,-995.0
54.0,179.0,-1038.0
-119.0,-13.0,-985.0
-101.0,39.0,-1011.0
-31.0,228.0,-1143.0
0.0,191.0,-1167.0
-23.0,-128.0,-1046.0
-83.0,-244.0,-860.0
113.0,-17.0,-952.0
111.0,165.0,-993.0
58.0,58.0,-993.0
-105.0,19.0,-972.0
21.0,162.0,-1104.0
29.0,165.0,-1194.0
31.0,-80.0,-1044.0
-3.0,-224.0,-903.0
19.0,-146.0,-901.0
236.0,146.0,-995.0
7.0,122.0,-1020.0
7.0,-5.0,-966.0
-162.0,85.0,-1075.0
48.0,154.0,-1196.0
-60.0,9.0,-1116.0
31.0,-253.0,-933.0
0.0,-158.0,-894.0
236.0,70.0,-962.0
52.0,70.0,-1011.0
15.0,17.0,-976.0
-163.0,152.0,-1073.0
70.0,156.0,-1145.0
-80.0,37.0,-1147.0
21.0,-201.0,-974.0
-19.0,-189.0,-905.0
136.0,-23.0,-960.0
56.0,138.0,-1052.0
-66.0,54.0,-1028.0
-197.0,29.0,-987.0
-93.0,150.0,-1126.0
-11.0,83.0,-1245.0
-44.0,-107.0,-1040.0
-42.0,-140.0,-833.0
97.0,-19.0,-899.0
193.0,81.0,-1052.0
-66.0,15.0,-1011.0
-150.0,103.0,-1028.0
-62.0,175.0,-1136.0
19.0,134.0,-1194.0
-3.0,-50.0,-1026.0
3.0,-203.0,-905.0
48.0,-134.0,-913.0
163.0,83.0,-1015.0
-9.0,48.0,-1050.0
-132.0,97.0,-1061.0
-117.0,95.0,-1011.0
132.0,191.0,-1095.0
39.0,-37.0,-1056.0
19.0,-197.0,-1011.0
40.0,-132.0,-870.0
193.0,52.0,-925.0
27.0,97.0,-1007.0
-23.0,37.0,-1009.0
-111.0,17.0,-1022.0
109.0,152.0,-1083.0
31.0,95.0,-1118.0
9.0,-203.0,-999.0
-66.0,-204.0,-923.0
117.0,-48.0,-962.0
42.0,111.0,-1040.0
-85.0,3.0,-999.0
-152.0,40.0,-1013.0
19.0,210.0,-1126.0
-23.0,148.0,-1163.0
-37.0,-119.0,-1083.0
-95.0,-267.0,-929.0
78.0,1.0,-899.0
121.0,113.0,-991.0
25.0,95.0,-1034.0
-206.0,37.0,-1087.0
19.0,165.0,-1153.0
-89.0,181.0,-1186.0
40.0,-72.0,-1024.0
-160.0,-216.0,-952.0
169.0,-130.0,-911.0
99.0,148.0,-987.0
54.0,72.0,-1056.0
-136.0,58.0,-1028.0
-62.0,89.0,-1057.0
31.0,191.0,-1063.0
72.0,19.0,-1112.0
37.0,-210.0,-962.0
58.0,-189.0,-860.0
255.0,33.0,-936.0
-1.0,136.0,-1044.0
15.0,58.0,-966.0
-288.0,146.0,-1110.0
152.0,119.0,-1077.0
-165.0,93.0,-1163.0
222.0,-244.0,-944.0
-197.0,-224.0,-870.0
443.0,29.0,-813.0
-236.0,191.0,-1206.0
179.0,-31.0,-1020.0
-445.0,40.0,-1044.0
450.0,93.0,-895.0
-275.0,226.0,-1288.0
488.0,-158.0,-964.0
-400.0,-226.0,-1112.0
478.0,-236.0,-650.0
-286.0,212.0,-1139.0
109.0,101.0,-1061.0
-324.0,27.0,-1298.0
60.0,89.0,-829.0
232.0,263.0,-1104.0
-333.0,23.0,-1165.0
275.0,-357.0,-866.0
-183.0,-148.0,-903.0
415.0,64.0,-1042.0
-347.0,210.0,-989.0
210.0,95.0,-907.0
-318.0,17.0,-1284.0
396.0,175.0,-1028.0
-179.0,56.0,-1116.0
21.0,-183.0,-854.0
-66.0,-175.0,-962.0
249.0,105.0,-989.0
-52.0,136.0,-1106.0
-95.0,50.0,-917.0
-101.0,31.0,-1112.0
91.0,187.0,-1149.0
-105.0,99.0,-1151.0
72.0,-183.0,-886.0
-70.0,-204.0,-876.0
357.0,-27.0,-886.0
33.0,130.0,-1007.0
74.0,40.0,-1046.0
-230.0,46.0,-1046.0
185.0,128.0,-1106.0
-119.0,62.0,-1202.0
54.0,-201.0,-987.0
-111.0,-201.0,-860.0
242.0,-60.0,-894.0
27.0,150.0,-1114.0
-64.0,50.0,-1069.0
-136.0,68.0,-985.0
-183.0,87.0,-1143.0
39.0,50.0,-1167.0
-83.0,64.0,-1073.0
23.0,-218.0,-798.0
236.0,-31.0,-860.0
85.0,76.0,-1093.0
29.0,68.0,-1032.0
-204.0,85.0,-966.0
-124.0,134.0,-1180.0
46.0,181.0,-1118.0
19.0,25.0,-1065.0
27.0,-208.0,-849.0
201.0,-177.0,-925.0
7.0,105.0,-1057.0
117.0,93.0,-1046.0
-349.0,124.0,-1040.0
111.0,31.0,-993.0
-42.0,220.0,-1204.0
181.0,-119.0,-1061.0
58.0,-201.0,-919.0
97.0,-42.0,-897.0
103.0,138.0,-997.0
29.0,19.0,-948.0
-134.0,-68.0,-1126.0
-126.0,35.0,-1057.0
160.0,275.0,-1036.0
-109.0,165.0,-1100.0
148.0,-226.0,-981.0
-117.0,-167.0,-841.0
378.0,-44.0,-919.0
-140.0,74.0,-1112.0
52.0,56.0,-966.0
-181.0,142.0,-1018.0
21.0,136.0,-1173.0
56.0,33.0,-1120.0
-72.0,-201.0,-1015.0
-39.0,-185.0,-944.0
175.0,-42.0,-897.0
-3.0,128.0,-985.0
0.0,31.0,-1050.0
-320.0,11.0,-1122.0
128.0,146.0,-1159.0
-173.0,140.0,-1157.0
134.0,-25.0,-862.0
-220.0,-253.0,-964.0
224.0,-148.0,-993.0
156.0,146.0,-1022.0
-91.0,130.0,-991.0
-66.0,25.0,-981.0
-304.0,105.0,-1177.0
206.0,244.0,-1093.0
-66.0,31.0,-1147.0
-42.0,-263.0,-895.0
17.0,-138.0,-866.0
261.0,162.0,-944.0
58.0,113.0,-1065.0
-122.0,-5.0,-958.0
-136.0,11.0,-1095.0
115.0,191.0,-1141.0
134.0,203.0,-1108.0
-87.0,-320.0,-991.0
72.0,-267.0,-747.0
197.0,89.0,-927.0
304.0,144.0,-1087.0
-156.0,132.0,-1126.0
-228.0,-5.0,-940.0
144.0,148.0,-1138.0
-9.0,66.0,-1161.0
87.0,-119.0,-972.0
-183.0,-191.0,-817.0
493.0,-87.0,-905.0
-9.0,134.0,-1190.0
238.0,39.0,-919.0
-349.0,-15.0,-1024.0
11.0,103.0,-1106.0
54.0,224.0,-1235.0
-76.0,17.0,-1093.0
-39.0,-329.0,-714.0
60.0,-148.0,-833.0
259.0,115.0,-1130.0
-185.0,333.0,-1198.0
-220.0,117.0,-970.0
-222.0,-31.0,-1104.0
113.0,107.0,-1087.0
-23.0,119.0,-1071.0
-107.0,-224.0,-1009.0
-46.0,-189.0,-876.0
411.0,42.0,-921.0
-101.0,162.0,-1124.0
19.0,212.0,-989.0
-370.0,1.0,-1169.0
298.0,105.0,-991.0
21.0,121.0,-1138.0
19.0,-187.0,-944.0
-52.0,-189.0,-868.0
325.0,29.0,-833.0
122.0,46.0,-1132.0
-46.0,95.0,-1110.0
-177.0,62.0,-1042.0
83.0,31.0,-942.0
37.0,130.0,-1069.0
-56.0,-70.0,-1098.0
-117.0,-128.0,-1087.0
273.0,-203.0,-878.0
132.0,15.0,-915.0
-165.0,185.0,-948.0
-251.0,136.0,-1204.0
-169.0,111.0,-1173.0
245.0,11.0,-1167.0
-208.0,-187.0,-1024.0
140.0,-197.0,-749.0
-25.0,-107.0,-866.0
337.0,87.0,-1003.0
-238.0,111.0,-1157.0
-329.0,199.0,-1177.0
-21.0,132.0,-956.0
218.0,167.0,-1116.0
5.0,-224.0,-1018.0
15.0,-113.0,-829.0
-54.0,-115.0,-935.0
203.0,58.0,-1151.0
-31.0,154.0,-1141.0
-386.0,64.0,-1077.0
-179.0,-46.0,-913.0
201.0,134.0,-1112.0
42.0,11.0,-1241.0
-122.0,-5.0,-940.0
-78.0,-210.0,-845.0
230.0,81.0,-1005.0
83.0,191.0,-1093.0
-150.0,150.0,-1001.0
-23.0,-72.0,-985.0
48.0,50.0,-1100.0
327.0,140.0,-974.0
-160.0,-29.0,-1202.0
-158.0,-374.0,-872.0
484.0,-37.0,-751.0
-156.0,181.0,-1061.0
316.0,23.0,-913.0
-464.0,162.0,-1175.0
247.0,27.0,-1214.0
103.0,119.0,-1077.0
29.0,-113.0,-895.0
-195.0,-390.0,-917.0
97.0,42.0,-843.0
271.0,93.0,-1071.0
-249.0,183.0,-1182.0
-50.0,48.0,-997.0
-261.0,81.0,-1149.0
220.0,74.0,-1138.0
-136.0,13.0,-1018.0
-11.0,-355.0,-815.0
-52.0,-52.0,-929.0
324.0,95.0,-1057.0
-58.0,271.0,-1155.0
-224.0,-95.0,-936.0
-126.0,-5.0,-958.0
81.0,158.0,-1177.0
-89.0,259.0,-1270.0
-85.0,-189.0,-897.0
-60.0,-288.0,-829.0
267.0,-31.0,-921.0
171.0,177.0,-1040.0
-337.0,222.0,-1157.0
-29.0,29.0,-995.0
97.0,95.0,-1130.0
109.0,-103.0,-1048.0
37.0,-7.0,-894.0
-126.0,-58.0,-958.0
400.0,-11.0,-917.0
193.0,83.0,-1036.0
-126.0,7.0,-1009.0
-95.0,48.0,-989.0
-111.0,242.0,-1177.0
251.0,29.0,-1136.0
-128.0,-169.0,-1065.0
74.0,-402.0,-765.0
204.0,46.0,-847.0
199.0,222.0,-1032.0
-68.0,40.0,-1050.0
-286.0,101.0,-1165.0
19.0,152.0,-1073.0
245.0,74.0,-1079.0
-95.0,-234.0,-956.0
89.0,-177.0,-774.0
-19.0,95.0,-958.0
314.0,35.0,-1091.0
-173.0,9.0,-1087.0
-273.0,-130.0,-1093.0
-167.0,-17.0,-995.0
154.0,370.0,-1028.0
-89.0,74.0,-1194.0
-76.0,-181.0,-944.0
99.0,-169.0,-919.0
117.0,-42.0,-1089.0
191.0,195.0,-966.0
-425.0,183.0,-1161.0
-21.0,107.0,-1044.0
144.0,115.0,-1132.0
-15.0,-70.0,-1087.0
-99.0,-201.0,-854.0
-1.0,-163.0,-925.0
240.0,48.0,-1063.0
242.0,263.0,-995.0
-300.0,113.0,-935.0
-44.0,-5.0,-1081.0
-7.0,117.0,-1212.0
333.0,97.0,-989.0
-148.0,-66.0,-897.0
39.0,-212.0,-866.0
267.0,-40.0,-1065.0
160.0,111.0,-1015.0
-152.0,11.0,-929.0
-103.0,152.0,-974.0
-46.0,204.0,-1317.0
279.0,107.0,-1052.0
-99.0,-189.0,-913.0
-109.0,-353.0,-790.0
325.0,-66.0,-958.0
60.0,144.0,-1204.0
160.0,146.0,-970.0
-351.0,5.0,-972.0
95.0,58.0,-979.0
-5.0,113.0,-1169.0
-64.0,-3.0,-1114.0
-234.0,-126.0,-1018.0
39.0,11.0,-1011.0
238.0,113.0,-1063.0
76.0,31.0,-931.0
-304.0,-62.0,-979.0
-105.0,52.0,-985.0
0.0,302.0,-1366.0
-132.0,101.0,-1184.0
-42.0,-259.0,-921.0
-169.0,-267.0,-827.0
503.0,-23.0,-808.0
15.0,347.0,-1067.0
-128.0,218.0,-1128.0
-275.0,109.0,-1216.0
7.0,35.0,-1153.0
165.0,-124.0,-989.0
-158.0,-140.0,-872.0
40.0,-327.0,-856.0
228.0,105.0,-950.0
210.0,128.0,-1013.0
-169.0,15.0,-1136.0
-132.0,44.0,-942.0
91.0,284.0,-1100.0
60.0,187.0,-1032.0
240.0,-183.0,-907.0
-284.0,-214.0,-892.0
511.0,-146.0,-936.0
-117.0,68.0,-1177.0
220.0,17.0,-987.0
-573.0,158.0,-1110.0
169.0,87.0,-983.0
91.0,183.0,-1095.0
89.0,-122.0,-1009.0
5.0,-236.0,-966.0
230.0,-136.0,-936.0
-56.0,58.0,-1087.0
33.0,220.0,-821.0
-335.0,230.0,-1097.0
-111.0,124.0,-1298.0
232.0,23.0,-1159.0
58.0,-39.0,-905.0
-128.0,-302.0,-841.0
87.0,-13.0,-847.0
154.0,195.0,-1180.0
27.0,50.0,-1165.0
-218.0,-76.0,-964.0
-132.0,58.0,-956.0
214.0,300.0,-1159.0
5.0,111.0,-1147.0
115.0,-232.0,-897.0
-327.0,-183.0,-931.0
443.0,29.0,-810.0
-37.0,150.0,-1245.0
-203.0,91.0,-1095.0
-17.0,15.0,-923.0
-144.0,251.0,-1190.0
324.0,-173.0,-1005.0
-122.0,23.0,-1040.0
-140.0,-275.0,-929.0
376.0,25.0,-837.0
-193.0,156.0,-1145.0
419.0,46.0,-976.0
-532.0,244.0,-1100.0
380.0,-99.0,-913.0
-314.0,29.0,-1192.0
179.0,-150.0,-915.0
-95.0,-216.0,-993.0
52.0,0.0,-938.0
103.0,56.0,-995.0
-128.0,203.0,-804.0
-288.0,-81.0,-1112.0
-316.0,37.0,-1161.0
33.0,87.0,-1151.0
-472.0,-27.0,-1069.0
-56.0,-249.0,-763.0
-443.0,7.0,-976.0
-119.0,17.0,-1118.0
-349.0,27.0,-1038.0
-552.0,-11.0,-997.0
-425.0,177.0,-995.0
-279.0,331.0,-1097.0
-347.0,-89.0,-1255.0
-230.0,-265.0,-940.0
-359.0,-83.0,-938.0
-189.0,130.0,-876.0
-242.0,224.0,-1155.0
-396.0,23.0,-1110.0
-199.0,3.0,-1077.0
-324.0,101.0,-1073.0
-29.0,-1.0,-1102.0
-267.0,-56.0,-1059.0
-60.0,-78.0,-921.0
-15.0,-48.0,-917.0
-56.0,99.0,-1022.0
-111.0,103.0,-1018.0
-154.0,146.0,-1042.0
-76.0,107.0,-1141.0
-56.0,-54.0,-1042.0
-56.0,-245.0,-981.0
-150.0,-253.0,-817.0
119.0,119.0,-936.0
-160.0,230.0,-1026.0
89.0,1.0,-931.0
-376.0,5.0,-1098.0
83.0,35.0,-1042.0
-185.0,201.0,-1118.0
0.0,-179.0,-950.0
-136.0,-160.0,-880.0
134.0,0.0,-966.0
-21.0,31.0,-1046.0
44.0,64.0,-960.0
-314.0,-46.0,-1100.0
17.0,181.0,-1032.0
-181.0,216.0,-1149.0
17.0,-39.0,-1087.0
-56.0,-171.0,-923.0
40.0,-72.0,-1007.0
122.0,54.0,-983.0
-54.0,191.0,-1038.0
-214.0,-11.0,-1024.0
-105.0,105.0,-1075.0
-140.0,179.0,-1196.0
39.0,-83.0,-1100.0
-80.0,-175.0,-929.0
42.0,-126.0,-901.0
78.0,199.0,-981.0
23.0,167.0,-1104.0
-150.0,-74.0,-981.0
-66.0,105.0,-1061.0
-39.0,169.0,-1138.0
132.0,58.0,-1069.0
-33.0,-171.0,-897.0
58.0,-212.0,-929.0
138.0,62.0,-989.0
62.0,117.0,-1009.0
87.0,13.0,-974.0
-156.0,105.0,-1032.0
130.0,204.0,-1054.0
-27.0,83.0,-1126.0
95.0,-197.0,-1005.0
-83.0,-208.0,-929.0
195.0,9.0,-913.0
-15.0,56.0,-989.0
83.0,48.0,-966.0
-257.0,52.0,-1134.0
109.0,130.0,-1056.0
-101.0,103.0,-1116.0
66.0,-148.0,-1007.0
-40.0,-251.0,-915.0
85.0,-66.0,-954.0
93.0,60.0,-1022.0
21.0,136.0,-1042.0
-245.0,-46.0,-1007.0
58.0,132.0,-1015.0
-158.0,181.0,-1206.0
50.0,-35.0,-1048.0
-62.0,-148.0,-946.0
74.0,-173.0,-950.0
81.0,95.0,-968.0
-27.0,130.0,-1042.0
-144.0,13.0,-1007.0
-42.0,146.0,-1100.0
-89.0,150.0,-1163.0
111.0,5.0,-1044.0
-115.0,-203.0,-954.0
74.0,-214.0,-921.0
64.0,107.0,-1005.0
5.0,113.0,-1067.0
-23.0,64.0,-931.0
-121.0,42.0,-1056.0
44.0,103.0,-1118.0
50.0,72.0,-1067.0
-35.0,-173.0,-1056.0
50.0,-234.0,-927.0
87.0,44.0,-882.0
46.0,78.0,-977.0
80.0,29.0,-995.0
-201.0,91.0,-1077.0
72.0,148.0,-1022.0
-37.0,115.0,-1141.0
44.0,-107.0,-1007.0
-5.0,-185.0,-907.0
107.0,-58.0,-935.0
95.0,81.0,-993.0
58.0,136.0,-997.0
-177.0,-37.0,-1081.0
107.0,128.0,-1007.0
-124.0,199.0,-1169.0
68.0,-128.0,-1120.0
-64.0,-222.0,-913.0
27.0,3.0,-925.0
103.0,89.0,-1007.0
23.0,119.0,-1075.0
-277.0,-42.0,-1018.0
-177.0,220.0,-1214.0
95.0,-19.0,-1034.0
-91.0,-144.0,-993.0
60.0,-185.0,-901.0
136.0,111.0,-950.0
-15.0,171.0,-1073.0
-21.0,11.0,-974.0
-93.0,165.0,-1063.0
-7.0,183.0,-1186.0
81.0,27.0,-1116.0
-126.0,-238.0,-976.0
109.0,-251.0,-878.0
66.0,160.0,-1018.0
128.0,142.0,-987.0
-5.0,-3.0,-972.0
-58.0,13.0,-1032.0
70.0,189.0,-1089.0
39.0,142.0,-1136.0
74.0,-189.0,-1007.0
23.0,-218.0,-860.0
203.0,25.0,-915.0
121.0,89.0,-1020.0
58.0,56.0,-976.0
-185.0,-19.0,-1083.0
78.0,191.0,-1077.0
-48.0,154.0,-1134.0
31.0,-138.0,-1020.0
-7.0,-269.0,-895.0
81.0,-111.0,-942.0
74.0,81.0,-1036.0
40.0,119.0,-1061.0
-259.0,-1.0,-1034.0
52.0,105.0,-1005.0
-113.0,175.0,-1163.0
80.0,-101.0,-1052.0
-105.0,-179.0,-944.0
56.0,-95.0,-964.0
66.0,101.0,-989.0
-44.0,119.0,-1056.0
-169.0,-44.0,-1024.0
35.0,115.0,-1048.0
-148.0,214.0,-1167.0
144.0,1.0,-1056.0
-162.0,-136.0,-1022.0
50.0,-206.0,-888.0
158.0,35.0,-936.0
13.0,121.0,-1048.0
52.0,87.0,-952.0
-111.0,154.0,-1054.0
103.0,66.0,-1124.0
15.0,66.0,-1134.0
-7.0,-199.0,-966.0
58.0,-242.0,-917.0
99.0,37.0,-936.0
50.0,109.0,-1011.0
72.0,50.0,-985.0
-148.0,42.0,-1079.0
89.0,156.0,-1056.0
-35.0,107.0,-1159.0
31.0,-165.0,-995.0
-13.0,-189.0,-901.0
126.0,-33.0,-938.0
85.0,81.0,-1038.0
27.0,81.0,-974.0
-165.0,42.0,-1067.0
11.0,119.0,-1087.0
-144.0,152.0,-1169.0
3.0,-122.0,-1089.0
-140.0,-214.0,-972.0
109.0,-42.0,-888.0
31.0,121.0,-974.0
74.0,87.0,-1054.0
-283.0,0.0,-1079.0
78.0,134.0,-1013.0
-169.0,212.0,-1188.0
89.0,-19.0,-1028.0
-54.0,-177.0,-968.0
52.0,-109.0,-936.0
144.0,146.0,-966.0
-31.0,144.0,-1063.0
-64.0,-17.0,-991.0
-50.0,130.0,-1042.0
-78.0,236.0,-1130.0
-46.0,37.0,-1132.0
-154.0,-197.0,-1024.0
-103.0,-224.0,-936.0
13.0,165.0,-866.0
-300.0,191.0,-1046.0
-208.0,-62.0,-944.0
-530.0,-25.0,-1130.0
-284.0,195.0,-1124.0
-464.0,132.0,-1050.0
-566.0,-212.0,-979.0
-501.0,-230.0,-839.0
-466.0,152.0,-1028.0
-591.0,91.0,-1040.0
-683.0,-33.0,-858.0
-940.0,-107.0,-1108.0
-609.0,146.0,-1116.0
-870.0,259.0,-1151.0
-966.0,-107.0,-1050.0
-927.0,-310.0,-938.0
-882.0,-5.0,-1030.0
-831.0,183.0,-1015.0
-1003.0,121.0,-1059.0
-1307.0,-224.0,-1059.0
-944.0,89.0,-1093.0
-1190.0,320.0,-1165.0
-1095.0,31.0,-1139.0
-1130.0,-283.0,-979.0
-1104.0,-242.0,-936.0
-831.0,68.0,-899.0
-1190.0,251.0,-1093.0
-1171.0,-119.0,-1036.0
-1147.0,37.0,-1005.0
-1204.0,208.0,-1173.0
-1141.0,181.0,-1069.0
-1210.0,-162.0,-999.0
-1173.0,-284.0,-897.0
-755.0,128.0,-839.0
-1303.0,154.0,-1079.0
-1098.0,-70.0,-1024.0
-1405.0,-66.0,-1132.0
-1210.0,93.0,-1063.0
-1192.0,236.0,-989.0
-1395.0,-117.0,-1071.0
-1214.0,-284.0,-827.0
-1223.0,27.0,-907.0
-1333.0,158.0,-976.0
-1292.0,48.0,-987.0
-1639.0,121.0,-1075.0
-1163.0,-19.0,-895.0
-1354.0,206.0,-1036.0
-1315.0,-353.0,-1081.0
-1251.0,-58.0,-1011.0
-1206.0,-193.0,-888.0
-1270.0,126.0,-958.0
-1149.0,74.0,-1106.0
-1545.0,-115.0,-1095.0
-997.0,87.0,-854.0
-1495.0,158.0,-1227.0
-1153.0,187.0,-1182.0
-1376.0,-226.0,-985.0
-1100.0,242.0,-895.0
-960.0,-152.0,-833.0
-1276.0,-11.0,-1106.0
-1227.0,-177.0,-1153.0
-1128.0,122.0,-1132.0
-1260.0,167.0,-1034.0
-915.0,48.0,-1112.0
-1020.0,-78.0,-1155.0
-872.0,-19.0,-788.0
-593.0,-66.0,-778.0
-730.0,154.0,-1095.0
-538.0,80.0,-1011.0
-710.0,167.0,-1139.0
-386.0,273.0,-991.0
-450.0,-72.0,-1184.0
-152.0,101.0,-929.0
-322.0,-224.0,-1048.0
1.0,85.0,-792.0
-245.0,-89.0,-1208.0
-11.0,134.0,-1042.0
-234.0,-107.0,-1042.0
29.0,478.0,-1022.0
-333.0,-42.0,-1149.0
-70.0,-197.0,-921.0
-210.0,17.0,-810.0
17.0,-189.0,-860.0
-29.0,593.0,-1003.0
158.0,-212.0,-979.0
-163.0,-144.0,-944.0
52.0,1.0,-976.0
-214.0,17.0,-1136.0
189.0,60.0,-1061.0
-253.0,-138.0,-1040.0
156.0,-56.0,-853.0
-87.0,234.0,-1153.0
140.0,17.0,-1022.0
-201.0,167.0,-1050.0
44.0,-187.0,-970.0
-351.0,111.0,-1260.0
181.0,197.0,-1030.0
-376.0,-300.0,-1071.0
400.0,222.0,-841.0
-5.0,-255.0,-1057.0
488.0,390.0,-999.0
138.0,-333.0,-1059.0
304.0,48.0,-1038.0
474.0,341.0,-1120.0
181.0,9.0,-1337.0
610.0,117.0,-1001.0
302.0,-564.0,-1020.0
632.0,167.0,-853.0
486.0,146.0,-1024.0
398.0,35.0,-1018.0
284.0,236.0,-1235.0
275.0,-203.0,-964.0
456.0,353.0,-1106.0
642.0,-513.0,-882.0
249.0,15.0,-845.0
999.0,-183.0,-696.0
312.0,74.0,-1206.0
882.0,191.0,-977.0
124.0,-201.0,-1018.0
909.0,97.0,-976.0
454.0,87.0,-1204.0
757.0,89.0,-821.0
400.0,-107.0,-942.0
665.0,-366.0,-966.0
415.0,179.0,-1069.0
579.0,222.0,-929.0
9.0,113.0,-1169.0
661.0,-46.0,-921.0
113.0,-130.0,-1114.0
626.0,-39.0,-1022.0
42.0,-220.0,-936.0
646.0,25.0,-853.0
525.0,-19.0,-1093.0
636.0,419.0,-1028.0
288.0,-347.0,-1001.0
402.0,191.0,-1116.0
673.0,185.0,-1141.0
468.0,-23.0,-1192.0
513.0,-70.0,-907.0
513.0,-121.0,-1022.0
632.0,-21.0,-1040.0
607.0,390.0,-1087.0
320.0,-15.0,-977.0
226.0,140.0,-1087.0
599.0,-107.0,-981.0
466.0,130.0,-1212.0
585.0,-197.0,-974.0
443.0,-89.0,-895.0
856.0,240.0,-874.0
704.0,146.0,-1112.0
609.0,136.0,-913.0
534.0,-206.0,-1011.0
747.0,5.0,-1089.0
892.0,-74.0,-1145.0
626.0,-17.0,-970.0
646.0,80.0,-899.0
792.0,58.0,-1003.0
765.0,201.0,-997.0
593.0,0.0,-958.0
433.0,42.0,-1009.0
595.0,-238.0,-1056.0
519.0,158.0,-1095.0
579.0,33.0,-1079.0
384.0,-31.0,-958.0
737.0,-40.0,-831.0
530.0,173.0,-997.0
737.0,-7.0,-1028.0
267.0,27.0,-1059.0
730.0,9.0,-977.0
394.0,-23.0,-1206.0
749.0,101.0,-1073.0
308.0,167.0,-997.0
753.0,-103.0,-974.0
558.0,-203.0,-1061.0
710.0,42.0,-1003.0
448.0,101.0,-1022.0
595.0,204.0,-1116.0
737.0,-13.0,-1169.0
548.0,78.0,-1091.0
737.0,0.0,-974.0
624.0,-101.0,-964.0
946.0,212.0,-888.0
704.0,-19.0,-1143.0
673.0,-15.0,-954.0
540.0,-46.0,-1057.0
671.0,46.0,-1034.0
650.0,13.0,-1128.0
474.0,-21.0,-872.0
609.0,-5.0,-946.0
648.0,-146.0,-991.0
659.0,23.0,-997.0
488.0,150.0,-929.0
536.0,107.0,-962.0
646.0,-9.0,-1093.0
491.0,31.0,-1075.0
581.0,-72.0,-1048.0
503.0,-80.0,-1001.0
831.0,-58.0,-853.0
583.0,31.0,-1034.0
722.0,85.0,-1030.0
386.0,-66.0,-1122.0
702.0,-25.0,-966.0
493.0,39.0,-1204.0
665.0,-7.0,-1015.0
501.0,-54.0,-991.0
784.0,-70.0,-936.0
675.0,93.0,-1067.0
700.0,130.0,-987.0
423.0,72.0,-1003.0
691.0,-42.0,-1067.0
484.0,99.0,-1126.0
712.0,52.0,-1087.0
445.0,-23.0,-997.0
769.0,-85.0,-936.0
507.0,27.0,-944.0
661.0,183.0,-1005.0
396.0,-7.0,-1057.0
534.0,-23.0,-1077.0
419.0,97.0,-1065.0
505.0,54.0,-1071.0
460.0,-5.0,-987.0
536.0,-140.0,-936.0
509.0,107.0,-948.0
501.0,122.0,-1003.0
392.0,72.0,-936.0
322.0,-124.0,-1069.0
370.0,-1.0,-1095.0
261.0,169.0,-1108.0
335.0,52.0,-1007.0
236.0,-158.0,-958.0
406.0,-89.0,-882.0
259.0,128.0,-974.0
253.0,25.0,-1054.0
31.0,-9.0,-1071.0
185.0,23.0,-1026.0
91.0,119.0,-1179.0
169.0,95.0,-1022.0
66.0,-201.0,-936.0
111.0,-109.0,-915.0
224.0,46.0,-1075.0
121.0,216.0,-1054.0
39.0,11.0,-1013.0
3.0,-40.0,-1034.0
33.0,54.0,-1149.0
144.0,156.0,-1143.0
17.0,-93.0,-991.0
160.0,-163.0,-923.0
126.0,52.0,-1005.0
212.0,130.0,-1079.0
54.0,33.0,-1005.0
1.0,-62.0,-1022.0
66.0,-46.0,-1071.0
54.0,101.0,-1128.0
148.0,-93.0,-1036.0
29.0,-353.0,-907.0
288.0,-201.0,-913.0
105.0,56.0,-1063.0
193.0,-23.0,-1042.0
-56.0,-212.0,-942.0
144.0,-140.0,-1085.0
37.0,-130.0,-1188.0
212.0,-203.0,-950.0
23.0,-382.0,-847.0
230.0,-277.0,-950.0
115.0,-140.0,-1073.0
60.0,-224.0,-995.0
-35.0,-365.0,-966.0
83.0,-372.0,-987.0
-1.0,-222.0,-1145.0
117.0,-265.0,-1011.0
-44.0,-474.0,-962.0
103.0,-556.0,-919.0
87.0,-413.0,-1011.0
35.0,-253.0,-1020.0
-60.0,-400.0,-1005.0
-66.0,-415.0,-989.0
17.0,-419.0,-1114.0
-5.0,-325.0,-1128.0
42.0,-610.0,-954.0
-3.0,-569.0,-868.0
117.0,-445.0,-995.0
29.0,-370.0,-1052.0
-99.0,-548.0,-974.0
-35.0,-669.0,-1038.0
0.0,-556.0,-1143.0
111.0,-507.0,-1071.0
-58.0,-597.0,-976.0
142.0,-759.0,-892.0
-3.0,-595.0,-981.0
117.0,-511.0,-1042.0
-33.0,-544.0,-1026.0
-23.0,-626.0,-987.0
27.0,-466.0,-1097.0
42.0,-433.0,-1069.0
42.0,-587.0,-977.0
3.0,-794.0,-899.0
216.0,-687.0,-936.0
105.0,-517.0,-1020.0
124.0,-513.0,-964.0
-56.0,-655.0,-1005.0
144.0,-655.0,-1042.0
13.0,-499.0,-1102.0
203.0,-491.0,-977.0
-29.0,-710.0,-899.0
199.0,-636.0,-880.0
48.0,-468.0,-1085.0
142.0,-419.0,-1024.0
-162.0,-513.0,-952.0
109.0,-558.0,-1018.0
-66.0,-404.0,-1141.0
124.0,-345.0,-1054.0
-58.0,-583.0,-970.0
83.0,-622.0,-936.0
70.0,-417.0,-1042.0
66.0,-283.0,-1026.0
-91.0,-503.0,-1003.0
17.0,-544.0,-1042.0
-25.0,-439.0,-1171.0
101.0,-425.0,-1095.0
-91.0,-675.0,-958.0
66.0,-815.0,-892.0
19.0,-573.0,-1044.0
167.0,-331.0,-1104.0
-132.0,-314.0,-976.0
0.0,-489.0,-1001.0
-78.0,-361.0,-1112.0
42.0,-148.0,-1165.0
-21.0,-386.0,-1026.0
-21.0,-503.0,-839.0
95.0,-447.0,-944.0
113.0,-204.0,-1030.0
81.0,-193.0,-1040.0
-89.0,-376.0,-999.0
0.0,-445.0,-1032.0
21.0,-460.0,-1075.0
29.0,-548.0,-1018.0
5.0,-765.0,-895.0
31.0,-620.0,-903.0
74.0,-603.0,-1024.0
33.0,-337.0,-1013.0
-58.0,-538.0,-938.0
-17.0,-462.0,-1032.0
-99.0,-374.0,-1177.0
-7.0,-333.0,-1077.0
-146.0,-456.0,-899.0
81.0,-489.0,-884.0
25.0,-402.0,-1024.0
58.0,-386.0,-1022.0
-130.0,-507.0,-1059.0
0.0,-562.0,-991.0
-99.0,-515.0,-1169.0
0.0,-609.0,-1077.0
-122.0,-841.0,-974.0
-17.0,-790.0,-880.0
54.0,-702.0,-1026.0
44.0,-445.0,-1030.0
-177.0,-448.0,-1003.0
-39.0,-456.0,-966.0
-175.0,-357.0,-1081.0
119.0,-419.0,-1093.0
-158.0,-566.0,-1024.0
134.0,-851.0,-815.0
-42.0,-728.0,-923.0
163.0,-675.0,-1048.0
-13.0,-665.0,-1075.0
-25.0,-694.0,-962.0
64.0,-624.0,-1059.0
7.0,-585.0,-1124.0
80.0,-673.0,-987.0
-25.0,-808.0,-888.0
134.0,-626.0,-925.0
50.0,-638.0,-1024.0
95.0,-628.0,-1001.0
-121.0,-755.0,-1003.0
72.0,-640.0,-964.0
21.0,-575.0,-1106.0
40.0,-591.0,-1011.0
-7.0,-733.0,-962.0
76.0,-829.0,-868.0
109.0,-722.0,-985.0
42.0,-673.0,-1048.0
-46.0,-702.0,-1036.0
29.0,-730.0,-952.0
-29.0,-571.0,-1087.0
134.0,-642.0,-1071.0
-89.0,-669.0,-999.0
158.0,-694.0,-860.0
17.0,-445.0,-972.0
163.0,-486.0,-1028.0
-156.0,-616.0,-1024.0
60.0,-517.0,-1022.0
-95.0,-409.0,-1134.0
121.0,-251.0,-1042.0
-44.0,-343.0,-1022.0
119.0,-530.0,-913.0
39.0,-497.0,-936.0
130.0,-521.0,-1046.0
-62.0,-386.0,-1063.0
17.0,-429.0,-1079.0
0.0,-160.0,-1091.0
111.0,-173.0,-1040.0
0.0,-318.0,-958.0
121.0,-472.0,-940.0
134.0,-234.0,-976.0
128.0,-115.0,-1042.0
23.0,-306.0,-991.0
-103.0,-329.0,-1028.0
52.0,-203.0,-1048.0
37.0,107.0,-1108.0
46.0,-17.0,-1003.0
3.0,-109.0,-907.0
58.0,-105.0,-935.0
107.0,-105.0,-1063.0
-1.0,-142.0,-1003.0
-93.0,-185.0,-987.0
33.0,-3.0,-1075.0
-87.0,179.0,-1147.0
44.0,66.0,-1052.0
-119.0,-199.0,-1005.0
78.0,-173.0,-915.0
27.0,0.0,-1007.0
44.0,39.0,-1073.0
-193.0,-13.0,-1018.0
-95.0,111.0,-1048.0
-132.0,267.0,-1136.0
1.0,242.0,-1112.0
-128.0,87.0,-940.0
48.0,5.0,-856.0
-1.0,-19.0,-995.0
21.0,50.0,-1044.0
-193.0,0.0,-1061.0
-48.0,1.0,-1036.0
-95.0,109.0,-1153.0
101.0,72.0,-1087.0
-107.0,-117.0,-983.0
80.0,-78.0,-847.0
-19.0,199.0,-968.0
140.0,212.0,-1034.0
-156.0,193.0,-1028.0
-29.0,80.0,-1011.0
-7.0,263.0,-981.0
156.0,158.0,-1081.0
-9.0,-35.0,-1011.0
42.0,-181.0,-903.0
52.0,-25.0,-923.0
152.0,72.0,-997.0
74.0,9.0,-1042.0
-72.0,-177.0,-1020.0
58.0,-27.0,-993.0
-58.0,23.0,-1110.0
72.0,-23.0,-1042.0
-107.0,-109.0,-952.0
62.0,80.0,-895.0
66.0,208.0,-1003.0
58.0,76.0,-1001.0
-58.0,-76.0,-1005.0
-44.0,35.0,-1095.0
-58.0,228.0,-1126.0
29.0,105.0,-1071.0
-119.0,-70.0,-1009.0
89.0,23.0,-972.0
23.0,93.0,-956.0
142.0,83.0,-981.0
-191.0,72.0,-1147.0
27.0,101.0,-1091.0
-113.0,325.0,-1087.0
56.0,265.0,-1007.0
-103.0,165.0,-997.0
56.0,177.0,-899.0
78.0,421.0,-989.0
121.0,421.0,-1036.0
-15.0,193.0,-999.0
-46.0,189.0,-1040.0
89.0,343.0,-1075.0
48.0,407.0,-1214.0
72.0,189.0,-913.0
58.0,208.0,-999.0
193.0,382.0,-972.0
245.0,511.0,-1034.0
44.0,450.0,-999.0
15.0,292.0,-1048.0
23.0,464.0,-1085.0
21.0,489.0,-1149.0
107.0,413.0,-1036.0
-101.0,275.0,-892.0
224.0,447.0,-968.0
70.0,595.0,-1085.0
122.0,530.0,-1001.0
-165.0,345.0,-1013.0
39.0,357.0,-1138.0
-64.0,507.0,-1223.0
89.0,560.0,-1077.0
-78.0,448.0,-989.0
68.0,577.0,-905.0
48.0,747.0,-1040.0
31.0,745.0,-1083.0
-121.0,694.0,-1022.0
-130.0,609.0,-1028.0
-19.0,618.0,-1169.0
-99.0,632.0,-1095.0
-83.0,515.0,-991.0
3.0,466.0,-964.0
25.0,610.0,-987.0
58.0,702.0,-1032.0
-64.0,566.0,-1003.0
-132.0,569.0,-1061.0
-95.0,650.0,-1153.0
17.0,743.0,-1184.0
-101.0,640.0,-952.0
17.0,579.0,-847.0
48.0,710.0,-956.0
160.0,714.0,-1063.0
-66.0,698.0,-985.0
-27.0,532.0,-995.0
9.0,638.0,-1112.0
-5.0,593.0,-1106.0
74.0,501.0,-933.0
-103.0,370.0,-925.0
181.0,501.0,-944.0
3.0,548.0,-1093.0
85.0,411.0,-972.0
-169.0,464.0,-989.0
68.0,562.0,-1071.0
-113.0,653.0,-1206.0
-23.0,447.0,-991.0
-44.0,476.0,-954.0
-21.0,542.0,-909.0
154.0,655.0,-1036.0
-42.0,571.0,-1059.0
-70.0,495.0,-1003.0
-162.0,445.0,-1050.0
-54.0,513.0,-1229.0
-11.0,528.0,-1141.0
-160.0,404.0,-936.0
107.0,499.0,-876.0
19.0,607.0,-1097.0
158.0,509.0,-1048.0
-201.0,269.0,-1018.0
-21.0,349.0,-1050.0
-138.0,648.0,-1153.0
93.0,737.0,-1114.0
-87.0,429.0,-985.0
37.0,447.0,-839.0
105.0,542.0,-987.0
197.0,513.0,-1018.0
-54.0,445.0,-1036.0
-3.0,339.0,-1067.0
-15.0,579.0,-1136.0
136.0,550.0,-1104.0
66.0,437.0,-1003.0
204.0,314.0,-880.0
212.0,630.0,-948.0
310.0,655.0,-1040.0
181.0,532.0,-1061.0
185.0,361.0,-1026.0
212.0,560.0,-1030.0
253.0,657.0,-1091.0
368.0,519.0,-1030.0
337.0,404.0,-925.0
534.0,458.0,-936.0
406.0,646.0,-1042.0
488.0,448.0,-1005.0
283.0,388.0,-1038.0
468.0,476.0,-1161.0
304.0,650.0,-1259.0
581.0,538.0,-1061.0
452.0,466.0,-991.0
767.0,628.0,-911.0
618.0,745.0,-1009.0
671.0,720.0,-989.0
472.0,566.0,-1126.0
681.0,597.0,-1091.0
614.0,651.0,-1175.0
685.0,603.0,-1052.0
659.0,378.0,-1015.0
808.0,433.0,-925.0
819.0,659.0,-1003.0
741.0,720.0,-1067.0
583.0,650.0,-1046.0
644.0,507.0,-1069.0
603.0,530.0,-1132.0
735.0,599.0,-1102.0
466.0,515.0,-1050.0
651.0,318.0,-944.0
482.0,503.0,-903.0
614.0,568.0,-936.0
378.0,575.0,-1011.0
361.0,384.0,-1050.0
245.0,462.0,-1065.0
361.0,448.0,-1057.0
216.0,345.0,-995.0
191.0,165.0,-938.0
204.0,236.0,-985.0
240.0,394.0,-976.0
148.0,345.0,-1046.0
-11.0,277.0,-1038.0
68.0,144.0,-1145.0
-37.0,296.0,-1139.0
130.0,365.0,-1056.0
-105.0,249.0,-977.0
130.0,177.0,-919.0
44.0,308.0,-997.0
107.0,230.0,-1089.0
-48.0,130.0,-1018.0
54.0,58.0,-1046.0
39.0,224.0,-1184.0
111.0,218.0,-1089.0
17.0,-25.0,-917.0
122.0,-29.0,-950.0
253.0,136.0,-1077.0
185.0,245.0,-1063.0
103.0,99.0,-938.0
-1.0,-17.0,-1083.0
156.0,101.0,-1153.0
87.0,242.0,-1143.0
175.0,85.0,-874.0
66.0,-42.0,-853.0
167.0,101.0,-936.0
179.0,117.0,-1040.0
52.0,40.0,-983.0
-68.0,-126.0,-989.0
62.0,42.0,-1030.0
113.0,257.0,-1059.0
74.0,66.0,-1024.0
17.0,-162.0,-835.0
50.0,-95.0,-946.0
128.0,121.0,-1044.0
46.0,169.0,-976.0
-195.0,-52.0,-946.0
-21.0,42.0,-1087.0
-179.0,179.0,-1153.0
-17.0,93.0,-993.0
-380.0,-113.0,-890.0
-103.0,-44.0,-860.0
-310.0,111.0,-1079.0
-353.0,117.0,-1036.0
-648.0,29.0,-1075.0
-499.0,-13.0,-974.0
-564.0,261.0,-1196.0
-632.0,273.0,-1091.0
-856.0,46.0,-1050.0
-728.0,-80.0,-880.0
-712.0,44.0,-1151.0
-669.0,349.0,-1048.0
-970.0,95.0,-981.0
-815.0,169.0,-1007.0
-778.0,189.0,-1231.0
-650.0,454.0,-1112.0
-827.0,39.0,-1001.0
-575.0,58.0,-935.0
-605.0,165.0,-1075.0
-382.0,366.0,-1059.0
-579.0,292.0,-1003.0
-421.0,165.0,-1069.0
-419.0,302.0,-1087.0
-253.0,277.0,-1175.0
-445.0,288.0,-1067.0
-283.0,68.0,-903.0
-197.0,173.0,-929.0
-74.0,327.0,-985.0
-214.0,314.0,-1018.0
-275.0,163.0,-1007.0
-201.0,238.0,-1063.0
-210.0,327.0,-1100.0
-183.0,294.0,-1042.0
-185.0,179.0,-831.0
-130.0,179.0,-890.0
-7.0,165.0,-999.0
-230.0,277.0,-972.0
-224.0,216.0,-1050.0
-255.0,206.0,-997.0
-177.0,263.0,-1091.0
-234.0,146.0,-1013.0
-206.0,66.0,-993.0
-162.0,119.0,-872.0
-119.0,247.0,-997.0
-107.0,253.0,-1032.0
-283.0,177.0,-1071.0
-181.0,165.0,-1026.0
-259.0,267.0,-1112.0
-50.0,152.0,-1089.0
-329.0,48.0,-1013.0
42.0,13.0,-874.0
-124.0,160.0,-1050.0
39.0,105.0,-1022.0
-203.0,99.0,-1032.0
-138.0,60.0,-1011.0
-89.0,210.0,-1145.0
-78.0,144.0,-1192.0
-115.0,0.0,-1009.0
-56.0,-70.0,-940.0
21.0,48.0,-993.0
89.0,19.0,-1030.0
-171.0,31.0,-1040.0
-52.0,7.0,-1018.0
-89.0,144.0,-1063.0
81.0,11.0,-1100.0
-70.0,-97.0,-1059.0
9.0,-197.0,-876.0
-9.0,-13.0,-925.0
181.0,78.0,-1032.0
-13.0,-37.0,-1056.0
-50.0,-70.0,-931.0
0.0,-15.0,-1030.0
29.0,39.0,-1132.0
62.0,-17.0,-1067.0
-101.0,-183.0,-981.0
111.0,-177.0,-839.0
17.0,-35.0,-972.0
115.0,37.0,-1065.0
-150.0,-23.0,-1026.0
-74.0,46.0,-985.0
-15.0,-1.0,-1083.0
91.0,-19.0,-1116.0
-80.0,-210.0,-952.0
105.0,-83.0,-940.0
-60.0,44.0,-993.0
130.0,-1.0,-1007.0
-187.0,-52.0,-1087.0
31.0,-52.0,-1042.0
-58.0,97.0,-1077.0
64.0,87.0,-1089.0
-60.0,-97.0,-1081.0
44.0,-87.0,-915.0
-54.0,1.0,-981.0
171.0,11.0,-1042.0
-156.0,48.0,-1048.0
70.0,5.0,-1030.0
-132.0,138.0,-1118.0
126.0,23.0,-1069.0
-91.0,-48.0,-1046.0
31.0,-134.0,-974.0
91.0,72.0,-907.0
62.0,76.0,-991.0
66.0,0.0,-960.0
-154.0,58.0,-1095.0
74.0,132.0,-1091.0
-66.0,228.0,-1093.0
50.0,-46.0,-933.0
-95.0,-117.0,-964.0
128.0,56.0,-935.0
50.0,136.0,-1036.0
25.0,140.0,-981.0
-130.0,35.0,-987.0
-33.0,183.0,-1026.0
-46.0,212.0,-1102.0
-39.0,124.0,-1087.0
-113.0,-99.0,-950.0
58.0,23.0,-917.0
39.0,245.0,-995.0
103.0,175.0,-999.0
-201.0,97.0,-1026.0
5.0,117.0,-1056.0
-142.0,376.0,-1136.0
74.0,171.0,-1061.0
-173.0,-62.0,-981.0
52.0,-31.0,-897.0
42.0,183.0,-1056.0
117.0,308.0,-1048.0
-103.0,117.0,-966.0
-85.0,142.0,-1038.0
-52.0,197.0,-1132.0
78.0,214.0,-1118.0
-11.0,15.0,-987.0
3.0,-33.0,-936.0
111.0,154.0,-940.0
93.0,208.0,-1061.0
0.0,93.0,-1028.0
-37.0,5.0,-1001.0
-52.0,193.0,-1042.0
52.0,201.0,-1143.0
-25.0,-3.0,-1032.0
23.0,-210.0,-856.0
42.0,27.0,-1001.0
201.0,132.0,-1056.0
3.0,144.0,-985.0
-76.0,11.0,-950.0
-33.0,70.0,-1104.0
40.0,107.0,-1159.0
15.0,-1.0,-1042.0
-3.0,-201.0,-892.0
60.0,-46.0,-911.0
27.0,89.0,-1071.0
89.0,97.0,-1063.0
-146.0,-124.0,-1046.0
-95.0,19.0,-985.0
-44.0,119.0,-1106.0
19.0,66.0,-1102.0
-50.0,-130.0,-981.0
25.0,-163.0,-954.0
13.0,-83.0,-989.0
93.0,39.0,-1034.0
-111.0,23.0,-1003.0
-37.0,-1.0,-1018.0
-35.0,23.0,-1138.0
13.0,15.0,-1167.0
31.0,-130.0,-936.0
-7.0,-156.0,-876.0
158.0,-54.0,-989.0
78.0,81.0,-1083.0
37.0,-60.0,-1011.0
-40.0,-87.0,-983.0
19.0,52.0,-1095.0
91.0,-19.0,-1091.0
56.0,-91.0,-1040.0
66.0,-245.0,-921.0
60.0,-15.0,-940.0
234.0,-54.0,-997.0
9.0,-11.0,-1032.0
-48.0,-50.0,-1022.0
9.0,35.0,-1057.0
21.0,19.0,-1130.0
15.0,-54.0,-1011.0
21.0,-165.0,-974.0
80.0,-146.0,-870.0
54.0,19.0,-1046.0
19.0,-9.0,-1097.0
-121.0,27.0,-995.0
-29.0,35.0,-954.0
-31.0,64.0,-1155.0
13.0,-40.0,-1132.0
-50.0,-122.0,-923.0
-9.0,-25.0,-919.0
83.0,89.0,-1034.0
11.0,33.0,-1040.0
-138.0,5.0,-962.0
-52.0,42.0,-1028.0
-29.0,197.0,-1136.0
27.0,113.0,-1097.0
-103.0,-70.0,-1018.0
21.0,-76.0,-894.0
27.0,107.0,-960.0
115.0,136.0,-1063.0
-76.0,46.0,-1050.0
-27.0,81.0,-958.0
-15.0,218.0,-1085.0
76.0,146.0,-1102.0
-25.0,5.0,-1081.0
42.0,-74.0,-907.0
37.0,80.0,-907.0
165.0,99.0,-972.0
19.0,173.0,-1077.0
-33.0,93.0,-1034.0
15.0,195.0,-1009.0
21.0,122.0,-1124.0
54.0,0.0,-1026.0
-74.0,-35.0,-944.0
117.0,72.0,-909.0
46.0,173.0,-1065.0
74.0,91.0,-989.0
-103.0,66.0,-1001.0
21.0,130.0,-1050.0
-126.0,222.0,-1139.0
81.0,17.0,-1087.0
-154.0,-93.0,-979.0
169.0,21.0,-897.0
-1.0,99.0,-1034.0
95.0,105.0,-1024.0
-216.0,37.0,-1048.0
-23.0,144.0,-1015.0
-97.0,167.0,-1136.0
35.0,54.0,-1083.0
-97.0,-60.0,-1032.0
-21.0,-89.0,-899.0
44.0,121.0,-995.0
44.0,101.0,-1061.0
-76.0,97.0,-1011.0
-66.0,0.0,-999.0
-7.0,181.0,-1097.0
19.0,21.0,-1132.0
-5.0,-89.0,-1003.0
31.0,-122.0,-948.0
74.0,15.0,-925.0
91.0,111.0,-1026.0
58.0,-29.0,-1015.0
-52.0,-25.0,-1013.0
74.0,119.0,-1022.0
35.0,40.0,-1177.0
91.0,-136.0,-977.0
-52.0,-152.0,-931.0
203.0,-29.0,-899.0
78.0,-5.0,-1024.0
66.0,5.0,-985.0
-78.0,-97.0,-1042.0
50.0,62.0,-1018.0
-64.0,7.0,-1145.0
83.0,-134.0,-1067.0
-115.0,-236.0,-958.0
124.0,-87.0,-882.0
-35.0,60.0,-1034.0
169.0,-58.0,-1050.0
-245.0,-81.0,-1020.0
66.0,-25.0,-991.0
-113.0,78.0,-1130.0
97.0,-17.0,-1095.0
-163.0,-195.0,-1056.0
66.0,-171.0,-870.0
-25.0,-35.0,-954.0
111.0,5.0,-1056.0
-165.0,-33.0,-1093.0
0.0,25.0,-991.0
-128.0,163.0,-1114.0
142.0,-27.0,-1052.0
-187.0,-175.0,-1034.0
171.0,-171.0,-923.0
-81.0,103.0,-1003.0
212.0,81.0,-989.0
-134.0,-42.0,-1034.0
48.0,-35.0,-1011.0
-13.0,146.0,-1038.0
70.0,87.0,-1132.0
19.0,-99.0,-1026.0
5.0,-105.0,-946.0
93.0,48.0,-907.0
99.0,29.0,-1005.0
15.0,31.0,-987.0
-76.0,13.0,-1063.0
13.0,208.0,-1075.0
21.0,103.0,-1071.0
44.0,0.0,-1018.0
-64.0,-212.0,-956.0
144.0,9.0,-925.0
33.0,138.0,-1073.0
95.0,105.0,-968.0
-169.0,42.0,-1009.0
80.0,50.0,-1075.0
-76.0,220.0,-1132.0
132.0,-3.0,-1034.0
-167.0,-58.0,-1005.0
111.0,-50.0,-923.0
-44.0,156.0,-1013.0
109.0,93.0,-1042.0
-179.0,44.0,-1015.0
-29.0,99.0,-1042.0
-44.0,167.0,-1161.0
5.0,199.0,-1046.0
-83.0,-107.0,-1005.0
17.0,-40.0,-954.0
42.0,107.0,-1018.0
40.0,201.0,-1005.0
-70.0,31.0,-931.0
-89.0,64.0,-1085.0
48.0,232.0,-1145.0
17.0,158.0,-1143.0
42.0,-39.0,-884.0
-21.0,-122.0,-931.0
142.0,80.0,-974.0
95.0,105.0,-1054.0
-7.0,66.0,-1020.0
-50.0,21.0,-1005.0
44.0,177.0,-1024.0
78.0,162.0,-1075.0
29.0,-81.0,-1095.0
11.0,-201.0,-876.0
39.0,5.0,-954.0
193.0,83.0,-1044.0
29.0,87.0,-999.0
-64.0,-58.0,-977.0
-52.0,42.0,-1059.0
37.0,99.0,-1151.0
-37.0,42.0,-1116.0
54.0,-257.0,-944.0
-42.0,-64.0,-884.0
115.0,5.0,-1015.0
48.0,35.0,-1061.0
-119.0,-5.0,-995.0
-23.0,42.0,-1075.0
-109.0,76.0,-1165.0
27.0,-56.0,-1063.0
-138.0,-191.0,-981.0
87.0,-58.0,-929.0
44.0,52.0,-989.0
74.0,44.0,-1040.0
-113.0,-111.0,-1034.0
-68.0,-5.0,-1042.0
-66.0,124.0,-1114.0
58.0,44.0,-1122.0
-60.0,-150.0,-976.0
35.0,-195.0,-897.0
138.0,-25.0,-968.0
150.0,-5.0,-1026.0
-62.0,52.0,-1056.0
-21.0,-15.0,-1030.0
-7.0,128.0,-1013.0
89.0,13.0,-1079.0
62.0,-142.0,-1056.0
46.0,-238.0,-913.0
119.0,9.0,-933.0
140.0,119.0,-1034.0
70.0,-21.0,-987.0
-85.0,-83.0,-1003.0
7.0,52.0,-1057.0
15.0,48.0,-1145.0
39.0,-35.0,-1042.0
-29.0,-160.0,-989.0
72.0,-81.0,-905.0
85.0,52.0,-977.0
70.0,23.0,-1061.0
-105.0,-23.0,-1018.0
-58.0,115.0,-1065.0
-85.0,103.0,-1136.0
122.0,48.0,-1042.0
-163.0,-175.0,-1003.0
134.0,-101.0,-970.0
-74.0,56.0,-1009.0
68.0,111.0,-1005.0
-173.0,-9.0,-1071.0
-74.0,58.0,-1018.0
-17.0,152.0,-1124.0
-40.0,121.0,-1118.0
1.0,-48.0,-956.0
-89.0,-66.0,-938.0
140.0,46.0,-997.0
42.0,158.0,-1048.0
-25.0,72.0,-970.0
-11.0,78.0,-999.0
31.0,183.0,-1095.0
17.0,165.0,-1132.0
-7.0,-40.0,-1015.0
-13.0,-154.0,-905.0
56.0,136.0,-964.0
173.0,130.0,-1077.0
37.0,62.0,-944.0
-56.0,-13.0,-940.0
72.0,169.0,-1098.0
19.0,134.0,-1206.0
52.0,48.0,-1005.0
-76.0,-99.0,-886.0
169.0,-85.0,-913.0
40.0,107.0,-1059.0
142.0,85.0,-1038.0
-132.0,87.0,-997.0
19.0,99.0,-1038.0
-15.0,130.0,-1126.0
29.0,7.0,-1071.0
-50.0,-163.0,-938.0
85.0,-35.0,-919.0
132.0,23.0,-1044.0
224.0,76.0,-1015.0
-23.0,40.0,-1022.0
181.0,29.0,-987.0
74.0,163.0,-1186.0
415.0,17.0,-1079.0
121.0,-70.0,-1024.0
406.0,-115.0,-876.0
339.0,-9.0,-1030.0
546.0,97.0,-1028.0
284.0,46.0,-1034.0
349.0,101.0,-1040.0
345.0,76.0,-1132.0
480.0,56.0,-1143.0
411.0,-126.0,-977.0
378.0,-89.0,-899.0
488.0,17.0,-931.0
445.0,66.0,-1116.0
353.0,29.0,-983.0
212.0,-19.0,-985.0
253.0,115.0,-1007.0
249.0,46.0,-1130.0
220.0,-70.0,-987.0
158.0,-148.0,-872.0
214.0,-64.0,-880.0
220.0,64.0,-1034.0
93.0,-31.0,-1018.0
-64.0,5.0,-976.0
1.0,50.0,-1018.0
5.0,105.0,-1116.0
66.0,-134.0,-1071.0
-60.0,-189.0,-960.0
89.0,-25.0,-911.0
-5.0,68.0,-1061.0
101.0,27.0,-1071.0
-140.0,-58.0,-1065.0
33.0,40.0,-1022.0
-119.0,76.0,-1175.0
163.0,-48.0,-1108.0
-148.0,-107.0,-1056.0
177.0,-83.0,-890.0
15.0,56.0,-1056.0
253.0,-7.0,-1001.0
-99.0,5.0,-1065.0
87.0,19.0,-1067.0
-52.0,89.0,-1175.0
177.0,42.0,-1069.0
15.0,-117.0,-972.0
206.0,-42.0,-911.0
42.0,3.0,-999.0
253.0,68.0,-981.0
-78.0,35.0,-979.0
68.0,31.0,-1024.0
-48.0,158.0,-1118.0
122.0,64.0,-1069.0
-64.0,-33.0,-944.0
95.0,-117.0,-880.0
52.0,80.0,-979.0
156.0,62.0,-976.0
-19.0,42.0,-979.0
-109.0,-58.0,-981.0
58.0,197.0,-1036.0
29.0,152.0,-1120.0
58.0,-29.0,-1018.0
-93.0,-144.0,-936.0
93.0,-91.0,-894.0
156.0,148.0,-1020.0
58.0,136.0,-1079.0
-52.0,37.0,-989.0
-130.0,35.0,-1011.0
60.0,83.0,-1138.0
27.0,62.0,-1147.0
-37.0,-144.0,-985.0
74.0,-25.0,-886.0
13.0,74.0,-1007.0
134.0,76.0,-1034.0
-199.0,52.0,-1102.0
29.0,40.0,-1067.0
-175.0,85.0,-1102.0
140.0,31.0,-1079.0
-144.0,-52.0,-1061.0
101.0,-76.0,-890.0
-29.0,87.0,-958.0
109.0,58.0,-1079.0
-105.0,66.0,-1026.0
-58.0,58.0,-979.0
13.0,117.0,-1098.0
0.0,78.0,-1089.0
-19.0,-66.0,-1011.0
39.0,-89.0,-923.0
54.0,27.0,-931.0
175.0,81.0,-1011.0
-33.0,87.0,-1089.0
19.0,0.0,-974.0
-1.0,156.0,-1028.0
177.0,31.0,-1132.0
-1.0,-113.0,-1018.0
105.0,-117.0,-892.0
169.0,29.0,-909.0
201.0,113.0,-1048.0
46.0,-25.0,-985.0
-58.0,48.0,-1011.0
56.0,7.0,-1100.0
-21.0,80.0,-1136.0
119.0,-76.0,-1015.0
-103.0,-72.0,-938.0
216.0,-85.0,-923.0
-3.0,3.0,-1042.0
152.0,5.0,-1018.0
-216.0,5.0,-1093.0
103.0,93.0,-1061.0
-62.0,58.0,-1112.0
87.0,33.0,-1028.0
-80.0,-265.0,-1020.0
105.0,-113.0,-942.0
40.0,89.0,-1028.0
74.0,95.0,-1054.0
-152.0,31.0,-995.0
-103.0,-40.0,-1038.0
-44.0,101.0,-1141.0
46.0,-11.0,-1116.0
-115.0,-87.0,-1003.0
44.0,-117.0,-899.0
1.0,70.0,-958.0
146.0,126.0,-999.0
-117.0,19.0,-1032.0
-58.0,0.0,-1042.0
-76.0,87.0,-1120.0
40.0,78.0,-1081.0
39.0,-87.0,-1005.0
21.0,-130.0,-890.0
167.0,-11.0,-931.0
58.0,23.0,-1013.0
44.0,70.0,-1005.0
-179.0,11.0,-1038.0
13.0,111.0,-1087.0
-23.0,78.0,-1149.0
70.0,7.0,-1015.0
-37.0,-177.0,-892.0
181.0,-95.0,-897.0
0.0,56.0,-1026.0
111.0,72.0,-997.0
-193.0,27.0,-1052.0
115.0,68.0,-1026.0
-78.0,158.0,-1138.0
93.0,-23.0,-1046.0
-95.0,-158.0,-958.0
132.0,-54.0,-913.0
-3.0,66.0,-1067.0
85.0,134.0,-1009.0
-277.0,-13.0,-1040.0
85.0,105.0,-983.0
-216.0,210.0,-1249.0
111.0,58.0,-1100.0
-275.0,-87.0,-1063.0
115.0,-163.0,-796.0
21.0,134.0,-942.0
156.0,124.0,-1085.0
-80.0,121.0,-1046.0
-85.0,39.0,-1034.0
-122.0,181.0,-1147.0
68.0,124.0,-1091.0
7.0,-58.0,-999.0
80.0,-218.0,-907.0
191.0,19.0,-933.0
52.0,222.0,-1011.0
-11.0,-37.0,-1087.0
-146.0,0.0,-954.0
23.0,175.0,-1120.0
-50.0,183.0,-1173.0
230.0,-66.0,-925.0
-179.0,-230.0,-905.0
357.0,-80.0,-853.0
-74.0,138.0,-1116.0
152.0,60.0,-899.0
-242.0,33.0,-1063.0
9.0,72.0,-1057.0
54.0,173.0,-1132.0
80.0,1.0,-1011.0
-27.0,-249.0,-944.0
134.0,-169.0,-860.0
-54.0,144.0,-1108.0
52.0,52.0,-1059.0
-158.0,-11.0,-989.0
-42.0,23.0,-1038.0
5.0,134.0,-1173.0
15.0,78.0,-1139.0
-87.0,-242.0,-964.0
11.0,-111.0,-927.0
50.0,37.0,-1009.0
103.0,181.0,-987.0
-91.0,0.0,-968.0
-21.0,-11.0,-1079.0
-64.0,138.0,-1218.0
44.0,117.0,-1145.0
-58.0,-171.0,-952.0
44.0,-267.0,-761.0
208.0,17.0,-956.0
44.0,128.0,-1159.0
89.0,171.0,-1005.0
-107.0,-23.0,-985.0
-95.0,27.0,-1079.0
130.0,93.0,-1069.0
-212.0,81.0,-1147.0
197.0,-203.0,-847.0
52.0,-83.0,-909.0
132.0,-29.0,-1044.0
66.0,35.0,-999.0
-130.0,111.0,-1034.0
-50.0,111.0,-1065.0
40.0,122.0,-1167.0
-50.0,-56.0,-1095.0
206.0,-255.0,-792.0
58.0,-5.0,-901.0
144.0,-58.0,-995.0
66.0,179.0,-1100.0
-210.0,-7.0,-989.0
95.0,76.0,-954.0
-189.0,152.0,-1276.0
50.0,-76.0,-1177.0
-113.0,-95.0,-886.0
5.0,-189.0,-804.0
99.0,66.0,-977.0
54.0,195.0,-1151.0
-156.0,-44.0,-1032.0
-35.0,29.0,-979.0
-173.0,126.0,-1143.0
27.0,124.0,-1128.0
-195.0,-58.0,-1077.0
201.0,-111.0,-831.0
-29.0,35.0,-997.0
275.0,66.0,-913.0
-126.0,62.0,-1069.0
-189.0,97.0,-1042.0
111.0,201.0,-1108.0
-177.0,169.0,-1313.0
107.0,-146.0,-979.0
-21.0,-247.0,-792.0
95.0,-64.0,-808.0
259.0,201.0,-1108.0
-109.0,249.0,-1130.0
66.0,3.0,-1026.0
-218.0,48.0,-966.0
160.0,74.0,-1087.0
-56.0,95.0,-1081.0
89.0,-99.0,-979.0
46.0,-99.0,-901.0
214.0,23.0,-956.0
21.0,-50.0,-976.0
-5.0,-46.0,-970.0
35.0,214.0,-1128.0
-37.0,259.0,-1315.0
31.0,35.0,-999.0
37.0,-269.0,-808.0
42.0,-249.0,-886.0
148.0,-70.0,-1018.0
-132.0,267.0,-1102.0
-115.0,193.0,-1044.0
-128.0,160.0,-1075.0
7.0,134.0,-1098.0
85.0,-107.0,-1048.0
-44.0,-238.0,-970.0
134.0,-124.0,-917.0
42.0,70.0,-1018.0
46.0,91.0,-1050.0
-148.0,-156.0,-997.0
-21.0,54.0,-933.0
-27.0,218.0,-1139.0
-7.0,347.0,-1243.0
-7.0,-89.0,-997.0
29.0,-316.0,-831.0
64.0,-60.0,-895.0
183.0,42.0,-1032.0
-81.0,87.0,-1073.0
-21.0,-42.0,-1061.0
-7.0,273.0,-987.0
74.0,150.0,-1231.0
-74.0,-93.0,-1001.0
283.0,-294.0,-806.0
-158.0,-76.0,-1046.0
486.0,97.0,-825.0
-132.0,165.0,-1159.0
-72.0,-81.0,-960.0
212.0,109.0,-1001.0
-450.0,156.0,-1208.0
478.0,-81.0,-1028.0
-509.0,-150.0,-872.0
620.0,-392.0,-769.0
-357.0,37.0,-1024.0
435.0,193.0,-987.0
-558.0,128.0,-1352.0
187.0,181.0,-1007.0
-95.0,152.0,-1153.0
1.0,-199.0,-1024.0
152.0,-279.0,-798.0
-33.0,-95.0,-1015.0
107.0,97.0,-1145.0
-48.0,117.0,-979.0
-50.0,-70.0,-933.0
-267.0,136.0,-1214.0
169.0,265.0,-1073.0
-224.0,343.0,-1179.0
33.0,-267.0,-860.0
66.0,-308.0,-831.0
40.0,-124.0,-1048.0
124.0,226.0,-1155.0
-214.0,214.0,-1056.0
44.0,33.0,-892.0
-193.0,206.0,-1061.0
224.0,93.0,-1114.0
-175.0,-37.0,-1147.0
99.0,-222.0,-907.0
74.0,-148.0,-950.0
169.0,160.0,-974.0
140.0,150.0,-911.0
-91.0,35.0,-1032.0
29.0,42.0,-1108.0
80.0,121.0,-1145.0
-103.0,-17.0,-1147.0
236.0,-226.0,-772.0
-21.0,-101.0,-919.0
140.0,80.0,-1026.0
128.0,201.0,-977.0
-169.0,103.0,-1067.0
66.0,40.0,-1098.0
-81.0,134.0,-1264.0
-5.0,19.0,-997.0
1.0,-238.0,-856.0
11.0,-95.0,-899.0
158.0,-52.0,-1063.0
-25.0,31.0,-1075.0
-58.0,-48.0,-1005.0
-148.0,76.0,-1018.0
40.0,349.0,-1048.0
-117.0,152.0,-1200.0
-9.0,-48.0,-1003.0
37.0,-206.0,-962.0
15.0,-144.0,-1005.0
185.0,64.0,-872.0
-320.0,121.0,-1075.0
25.0,152.0,-1038.0
-142.0,244.0,-1132.0
95.0,-40.0,-1202.0
-181.0,-296.0,-1145.0
230.0,-146.0,-720.0
-64.0,152.0,-954.0
189.0,169.0,-1024.0
-27.0,124.0,-1028.0
-269.0,-93.0,-1063.0
124.0,66.0,-1042.0
-52.0,158.0,-1165.0
97.0,27.0,-974.0
-13.0,-181.0,-847.0
124.0,-37.0,-860.0
242.0,-1.0,-1075.0
-56.0,-37.0,-1054.0
60.0,-7.0,-976.0
-165.0,236.0,-1206.0
210.0,210.0,-1120.0
105.0,-85.0,-964.0
-107.0,-267.0,-841.0
158.0,-199.0,-907.0
-52.0,42.0,-1132.0
160.0,95.0,-1079.0
-259.0,76.0,-1048.0
105.0,126.0,-960.0
-95.0,224.0,-1118.0
87.0,54.0,-1056.0
-78.0,-296.0,-1026.0
-29.0,-226.0,-952.0
15.0,33.0,-1032.0
111.0,103.0,-1015.0
-175.0,19.0,-968.0
-46.0,40.0,-950.0
-185.0,279.0,-1227.0
93.0,103.0,-1175.0
-171.0,-107.0,-1077.0
78.0,-228.0,-858.0
66.0,23.0,-927.0
169.0,199.0,-972.0
-25.0,29.0,-1028.0
-132.0,13.0,-1057.0
-50.0,156.0,-1159.0
109.0,54.0,-1175.0
9.0,-87.0,-999.0
101.0,-201.0,-810.0
68.0,80.0,-952.0
177.0,107.0,-1028.0
7.0,97.0,-1011.0
-58.0,-40.0,-1089.0
1.0,121.0,-1044.0
39.0,204.0,-1108.0
15.0,-105.0,-1022.0
-11.0,-212.0,-884.0
7.0,-81.0,-956.0
117.0,89.0,-1009.0
95.0,48.0,-1059.0
-203.0,-50.0,-950.0
80.0,152.0,-995.0
-136.0,255.0,-1227.0
160.0,-13.0,-1083.0
-150.0,-242.0,-936.0
95.0,-179.0,-890.0
111.0,54.0,-1063.0
119.0,148.0,-1009.0
-162.0,-40.0,-995.0
-81.0,95.0,-1042.0
-117.0,165.0,-1202.0
111.0,140.0,-1114.0
-195.0,-136.0,-983.0
109.0,-199.0,-839.0
-58.0,87.0,-1013.0
148.0,83.0,-1038.0
-169.0,37.0,-1040.0
-117.0,0.0,-991.0
-80.0,199.0,-1116.0
25.0,195.0,-1167.0
-37.0,-72.0,-1015.0
5.0,-238.0,-866.0
66.0,-56.0,-946.0
169.0,171.0,-1052.0
-7.0,124.0,-997.0
-23.0,-25.0,-899.0
-64.0,99.0,-1161.0
17.0,105.0,-1212.0
44.0,1.0,-1052.0
-56.0,-218.0,-819.0
167.0,-44.0,-876.0
81.0,54.0,-1065.0
83.0,-7.0,-1061.0
-113.0,42.0,-999.0
91.0,54.0,-1048.0
-39.0,193.0,-1138.0
126.0,21.0,-1046.0
-50.0,-163.0,-936.0
214.0,-181.0,-874.0
72.0,-7.0,-1044.0
273.0,78.0,-966.0
-214.0,93.0,-1057.0
54.0,93.0,-950.0
-97.0,128.0,-1239.0
27.0,15.0,-1073.0
-76.0,-154.0,-1022.0
46.0,-163.0,-868.0
56.0,-17.0,-987.0
39.0,117.0,-1030.0
-117.0,3.0,-1028.0
-169.0,46.0,-1032.0
-93.0,210.0,-1136.0
52.0,140.0,-1155.0
-80.0,-95.0,-987.0
37.0,-203.0,-862.0
44.0,46.0,-977.0
173.0,68.0,-1112.0
-70.0,33.0,-935.0
-40.0,60.0,-1030.0
-128.0,183.0,-1171.0
132.0,103.0,-1132.0
-93.0,-48.0,-1050.0
115.0,-206.0,-849.0
95.0,-48.0,-886.0
218.0,48.0,-1015.0
87.0,44.0,-1038.0
-158.0,29.0,-1007.0
60.0,140.0,-1091.0
-35.0,242.0,-1149.0
72.0,-44.0,-958.0
-85.0,-279.0,-907.0
107.0,-203.0,-899.0
156.0,46.0,-1065.0
52.0,152.0,-1077.0
-97.0,17.0,-983.0
-132.0,39.0,-981.0
-7.0,134.0,-1124.0
42.0,19.0,-1147.0
25.0,-197.0,-974.0
66.0,-91.0,-849.0
124.0,42.0,-993.0
62.0,130.0,-1034.0
-95.0,-29.0,-995.0
-193.0,83.0,-1093.0
-124.0,142.0,-1147.0
31.0,185.0,-1143.0
-124.0,-189.0,-1026.0
80.0,-214.0,-868.0
-48.0,-3.0,-979.0
251.0,99.0,-1026.0
-206.0,134.0,-1042.0
3.0,31.0,-1032.0
-181.0,249.0,-1106.0
173.0,83.0,-1141.0
-95.0,-101.0,-999.0
173.0,-230.0,-913.0
37.0,15.0,-903.0
242.0,109.0,-979.0
-76.0,13.0,-1067.0
-64.0,-23.0,-1026.0
-89.0,197.0,-1054.0
17.0,189.0,-1100.0
89.0,-56.0,-1100.0
-111.0,-232.0,-929.0
179.0,-99.0,-888.0
70.0,78.0,-1022.0
142.0,60.0,-966.0
-201.0,11.0,-1001.0
23.0,124.0,-1026.0
-105.0,177.0,-1229.0
97.0,-37.0,-1038.0
-46.0,-242.0,-962.0
103.0,-144.0,-864.0
117.0,68.0,-1007.0
105.0,70.0,-1026.0
-197.0,3.0,-1022.0
-52.0,60.0,-1020.0
-117.0,216.0,-1171.0
126.0,121.0,-1139.0
-169.0,-156.0,-983.0
66.0,-269.0,-933.0
1.0,-11.0,-1018.0
189.0,173.0,-985.0
-154.0,33.0,-997.0
-35.0,56.0,-1026.0
-144.0,197.0,-1126.0
163.0,187.0,-1124.0
-52.0,-52.0,-1093.0
19.0,-294.0,-845.0
103.0,1.0,-892.0
97.0,87.0,-1032.0
72.0,117.0,-1036.0
-185.0,-42.0,-974.0
60.0,218.0,-1044.0
56.0,146.0,-1206.0
64.0,-89.0,-1069.0
-3.0,-208.0,-864.0
97.0,-105.0,-862.0
218.0,48.0,-993.0
105.0,66.0,-1046.0
-105.0,54.0,-960.0
-52.0,107.0,-1028.0
48.0,169.0,-1186.0
58.0,44.0,-1112.0
-21.0,-220.0,-886.0
56.0,-189.0,-839.0
148.0,-78.0,-993.0
115.0,85.0,-1026.0
-146.0,103.0,-1083.0
-81.0,113.0,-1020.0
-25.0,189.0,-1095.0
68.0,29.0,-1108.0
-37.0,-242.0,-1050.0
0.0,-253.0,-886.0
46.0,62.0,-948.0
150.0,111.0,-1032.0
-83.0,19.0,-1009.0
-185.0,87.0,-1032.0
-46.0,171.0,-1155.0
-44.0,83.0,-1179.0
-99.0,-103.0,-1040.0
-66.0,-195.0,-894.0
70.0,-99.0,-915.0
173.0,122.0,-999.0
-35.0,105.0,-1001.0
-48.0,154.0,-981.0
-95.0,199.0,-1173.0
121.0,150.0,-1134.0
-42.0,-37.0,-1050.0
-23.0,-271.0,-929.0
138.0,-35.0,-944.0
156.0,81.0,-1018.0
33.0,85.0,-958.0
-126.0,17.0,-1057.0
-81.0,128.0,-1100.0
9.0,201.0,-1184.0
23.0,-5.0,-1071.0
-25.0,-247.0,-915.0
99.0,-138.0,-810.0
191.0,23.0,-991.0
234.0,113.0,-1052.0
-146.0,60.0,-983.0
5.0,58.0,-991.0
-11.0,160.0,-1145.0
111.0,78.0,-1104.0
-52.0,-195.0,-1026.0
121.0,-236.0,-860.0
50.0,-64.0,-999.0
140.0,154.0,-987.0
-171.0,1.0,-1003.0
-140.0,81.0,-1018.0
-165.0,189.0,-1301.0
68.0,87.0,-1132.0
-167.0,-177.0,-987.0
40.0,-199.0,-853.0
9.0,13.0,-954.0
230.0,95.0,-1022.0
-206.0,-33.0,-981.0
-13.0,93.0,-1128.0
-228.0,257.0,-1177.0
372.0,218.0,-1093.0
-452.0,-163.0,-1038.0
439.0,-265.0,-689.0
-230.0,80.0,-1251.0
527.0,-19.0,-1001.0
-275.0,115.0,-968.0
-152.0,-44.0,-958.0
-99.0,255.0,-1188.0
222.0,218.0,-1071.0
-52.0,-7.0,-1132.0
-152.0,-226.0,-858.0
230.0,-76.0,-804.0
115.0,35.0,-1056.0
259.0,-7.0,-1024.0
-335.0,19.0,-976.0
214.0,183.0,-999.0
-224.0,203.0,-1147.0
423.0,-19.0,-1034.0
-324.0,-277.0,-979.0
275.0,-158.0,-897.0
-103.0,44.0,-993.0
341.0,134.0,-933.0
-376.0,15.0,-1056.0
142.0,33.0,-974.0
-212.0,169.0,-1286.0
197.0,130.0,-1044.0
-163.0,-183.0,-979.0
154.0,-325.0,-864.0
5.0,-50.0,-1001.0
265.0,193.0,-931.0
-308.0,35.0,-1108.0
33.0,25.0,-1050.0
-320.0,160.0,-1163.0
290.0,171.0,-1054.0
-269.0,-64.0,-1073.0
183.0,-244.0,-813.0
-134.0,0.0,-1048.0
242.0,23.0,-1009.0
-142.0,74.0,-1018.0
-46.0,27.0,-1015.0
-95.0,167.0,-1132.0
150.0,177.0,-1069.0
-148.0,81.0,-1091.0
119.0,-247.0,-894.0
-27.0,-136.0,-915.0
298.0,-13.0,-964.0
-44.0,177.0,-1011.0
27.0,31.0,-1007.0
-117.0,181.0,-1030.0
232.0,126.0,-1132.0
-74.0,74.0,-1157.0
185.0,-189.0,-849.0
-9.0,-195.0,-935.0
163.0,1.0,-950.0
181.0,48.0,-1034.0
-134.0,111.0,-1091.0
56.0,42.0,-987.0
-81.0,261.0,-1138.0
31.0,-17.0,-1200.0
-15.0,-228.0,-923.0
80.0,-107.0,-817.0
60.0,-15.0,-997.0
245.0,150.0,-1018.0
-177.0,27.0,-977.0
132.0,-27.0,-1024.0
-370.0,189.0,-1206.0
347.0,165.0,-1032.0
-474.0,-199.0,-1202.0
294.0,-314.0,-769.0
-81.0,109.0,-940.0
265.0,72.0,-1020.0
-163.0,-99.0,-1118.0
-206.0,154.0,-997.0
-74.0,279.0,-1153.0
-74.0,247.0,-1130.0
17.0,-183.0,-1020.0
-132.0,-236.0,-989.0
154.0,-72.0,-866.0
185.0,165.0,-1022.0
31.0,52.0,-1073.0
-181.0,-5.0,-1011.0
-154.0,218.0,-1046.0
107.0,-1.0,-1173.0
-33.0,37.0,-1083.0
105.0,-191.0,-917.0
-40.0,11.0,-944.0
357.0,9.0,-915.0
-156.0,-19.0,-1011.0
-48.0,15.0,-936.0
-173.0,136.0,-1169.0
121.0,197.0,-1153.0
121.0,64.0,-1016.0
-68.0,-126.0,-876.0
48.0,-226.0,-886.0
87.0,-48.0,-1065.0
210.0,122.0,-1001.0
-230.0,-1.0,-944.0
-99.0,64.0,-1052.0
-44.0,148.0,-1229.0
140.0,249.0,-1124.0
-122.0,-283.0,-1005.0
-66.0,-214.0,-839.0
-44.0,72.0,-958.0
267.0,113.0,-1081.0
-296.0,-7.0,-1149.0
-25.0,-54.0,-917.0
-288.0,244.0,-1220.0
333.0,140.0,-1059.0
-95.0,-58.0,-1071.0
-148.0,-277.0,-917.0
220.0,-95.0,-874.0
156.0,146.0,-1122.0
130.0,35.0,-1048.0
-271.0,140.0,-999.0
-146.0,247.0,-1020.0
224.0,76.0,-1149.0
-37.0,-44.0,-1134.0
13.0,-331.0,-868.0
-179.0,37.0,-899.0
388.0,115.0,-952.0
-105.0,175.0,-1184.0
-152.0,-56.0,-974.0
-56.0,11.0,-884.0
52.0,203.0,-1163.0
173.0,113.0,-1171.0
-48.0,-146.0,-956.0
-74.0,-136.0,-884.0
294.0,-89.0,-948.0
156.0,187.0,-927.0
-40.0,29.0,-958.0
-226.0,39.0,-1100.0
242.0,181.0,-1159.0
54.0,62.0,-1186.0
9.0,-158.0,-895.0
-95.0,-253.0,-792.0
177.0,-35.0,-1007.0
277.0,80.0,-1052.0
-80.0,130.0,-1001.0
-193.0,42.0,-979.0
37.0,85.0,-1165.0
56.0,128.0,-1139.0
48.0,-48.0,-1020.0
-308.0,-222.0,-923.0
181.0,-150.0,-878.0
83.0,87.0,-1091.0
3.0,48.0,-1038.0
-206.0,31.0,-1073.0
-193.0,218.0,-1087.0
314.0,160.0,-1073.0
-275.0,52.0,-1151.0
44.0,-251.0,-845.0
-187.0,-103.0,-989.0
304.0,-11.0,-938.0
140.0,119.0,-987.0
-255.0,177.0,-1077.0
-222.0,37.0,-1081.0
119.0,216.0,-1075.0
-72.0,40.0,-1251.0
136.0,-265.0,-895.0
-80.0,-113.0,-800.0
456.0,29.0,-899.0
-7.0,95.0,-1095.0
-52.0,-3.0,-977.0
-388.0,140.0,-1206.0
324.0,300.0,-1079.0
72.0,-66.0,-1126.0
48.0,-206.0,-823.0
-95.0,-156.0,-921.0
148.0,58.0,-956.0
306.0,-33.0,-1026.0
-257.0,81.0,-1063.0
-236.0,7.0,-1003.0
0.0,302.0,-1020.0
101.0,132.0,-1227.0
72.0,-281.0,-1005.0
-72.0,-245.0,-741.0
119.0,-76.0,-872.0
185.0,226.0,-1104.0
-93.0,187.0,-1130.0
-222.0,-17.0,-1171.0
-42.0,-9.0,-976.0
255.0,124.0,-993.0
-236.0,-5.0,-1149.0
-105.0,-242.0,-960.0
-56.0,-31.0,-979.0
306.0,80.0,-1126.0
54.0,-5.0,-999.0
-146.0,7.0,-966.0
-238.0,148.0,-1116.0
318.0,273.0,-1063.0
-236.0,70.0,-1208.0
105.0,-347.0,-942.0
-119.0,-183.0,-981.0
331.0,31.0,-884.0
25.0,314.0,-915.0
-193.0,107.0,-1042.0
-271.0,58.0,-1186.0
181.0,187.0,-1171.0
52.0,-44.0,-1095.0
13.0,-279.0,-776.0
-54.0,-95.0,-837.0
251.0,80.0,-1083.0
232.0,130.0,-1071.0
-109.0,-72.0,-841.0
-52.0,-7.0,-960.0
-23.0,134.0,-1126.0
253.0,290.0,-1145.0
-283.0,21.0,-1161.0
60.0,-230.0,-798.0
117.0,-80.0,-907.0
290.0,-40.0,-1001.0
-31.0,-25.0,-944.0
-163.0,113.0,-985.0
-103.0,152.0,-1264.0
242.0,214.0,-1139.0
-44.0,-249.0,-1044.0
-68.0,-314.0,-817.0
185.0,-62.0,-812.0
201.0,236.0,-1075.0
-5.0,154.0,-1173.0
-281.0,-48.0,-1003.0
-195.0,50.0,-1081.0
97.0,101.0,-1108.0
-158.0,121.0,-1046.0
-103.0,-273.0,-872.0
-72.0,-87.0,-1005.0
316.0,-29.0,-972.0
105.0,126.0,-958.0
-183.0,107.0,-1145.0
-95.0,187.0,-1116.0
251.0,337.0,-1024.0
-21.0,-105.0,-1122.0
60.0,-322.0,-886.0
-52.0,-54.0,-897.0
244.0,111.0,-993.0
251.0,142.0,-1073.0
-234.0,-107.0,-1059.0
-140.0,121.0,-1048.0
21.0,281.0,-1097.0
167.0,136.0,-1018.0
33.0,-230.0,-974.0
-136.0,-206.0,-936.0
404.0,5.0,-958.0
115.0,85.0,-1057.0
52.0,-121.0,-823.0
-283.0,52.0,-958.0
5.0,232.0,-1204.0
109.0,185.0,-1298.0
-117.0,-115.0,-954.0
-107.0,-353.0,-782.0
119.0,-107.0,-936.0
212.0,232.0,-1098.0
-160.0,111.0,-1056.0
-281.0,-93.0,-981.0
-87.0,50.0,-1132.0
208.0,201.0,-1161.0
1.0,-87.0,-1063.0
-76.0,-244.0,-792.0
-25.0,-11.0,-936.0
292.0,126.0,-1134.0
119.0,44.0,-1083.0
-224.0,-42.0,-981.0
-302.0,52.0,-950.0
113.0,327.0,-1138.0
-78.0,85.0,-1274.0
-64.0,-247.0,-935.0
-78.0,-152.0,-749.0
296.0,128.0,-979.0
35.0,218.0,-1126.0
-146.0,-27.0,-1034.0
-99.0,44.0,-1028.0
122.0,308.0,-1153.0
255.0,152.0,-958.0
44.0,-195.0,-991.0
-91.0,-298.0,-917.0
349.0,-5.0,-876.0
1.0,167.0,-1112.0
-29.0,74.0,-1044.0
-185.0,201.0,-981.0
-109.0,78.0,-1145.0
347.0,11.0,-979.0
-228.0,-66.0,-1112.0
13.0,-312.0,-931.0
15.0,99.0,-872.0
253.0,136.0,-876.0
-58.0,21.0,-1081.0
-201.0,-33.0,-1138.0
25.0,163.0,-1124.0
261.0,134.0,-1085.0
-162.0,-162.0,-1048.0
31.0,-214.0,-667.0
-189.0,78.0,-1186.0
376.0,29.0,-1087.0
25.0,-31.0,-1085.0
-427.0,-37.0,-890.0
119.0,113.0,-903.0
-35.0,411.0,-1177.0
103.0,-103.0,-1288.0
-286.0,-126.0,-1052.0
44.0,-160.0,-839.0
214.0,11.0,-985.0
238.0,105.0,-913.0
-251.0,80.0,-997.0
-117.0,279.0,-1097.0
58.0,154.0,-1385.0
54.0,-1.0,-1077.0
99.0,-402.0,-835.0
-76.0,-331.0,-687.0
433.0,138.0,-819.0
-27.0,509.0,-1145.0
-35.0,97.0,-1282.0
-78.0,-19.0,-1022.0
56.0,-70.0,-1040.0
288.0,80.0,-827.0
23.0,-173.0,-1003.0
-204.0,-58.0,-1001.0
359.0,1.0,-1015.0
-80.0,-60.0,-1159.0
171.0,-72.0,-890.0
-353.0,158.0,-1091.0
9.0,318.0,-1095.0
224.0,17.0,-1141.0
-189.0,-329.0,-1054.0
138.0,-443.0,-733.0
-74.0,134.0,-888.0
163.0,204.0,-1296.0
-27.0,93.0,-1124.0
-242.0,1.0,-944.0
-154.0,-1.0,-872.0
70.0,183.0,-1057.0
-339.0,21.0,-1307.0
-93.0,-208.0,-1110.0
-214.0,-40.0,-997.0
-21.0,-11.0,-905.0
-105.0,115.0,-886.0
-441.0,-70.0,-1069.0
-259.0,56.0,-1015.0
-148.0,257.0,-1233.0
-404.0,81.0,-1167.0
-48.0,-267.0,-899.0
-528.0,-46.0,-905.0
89.0,-66.0,-854.0
-439.0,296.0,-989.0
-460.0,21.0,-1069.0
-380.0,142.0,-1184.0
-316.0,165.0,-1218.0
-136.0,-9.0,-1063.0
-302.0,-177.0,-851.0
-304.0,-294.0,-782.0
-66.0,189.0,-997.0
-304.0,290.0,-1257.0
-95.0,-66.0,-972.0
-501.0,0.0,-1003.0
58.0,136.0,-1015.0
-132.0,316.0,-1157.0
-111.0,-105.0,-1011.0
-195.0,-325.0,-872.0
-7.0,-117.0,-968.0
11.0,117.0,-1108.0
-15.0,158.0,-987.0
-162.0,-124.0,-964.0
-132.0,60.0,-974.0
46.0,240.0,-1138.0
-208.0,35.0,-1182.0
42.0,-284.0,-895.0
-128.0,-58.0,-913.0
128.0,89.0,-970.0
-83.0,144.0,-993.0
-222.0,1.0,-999.0
-163.0,-5.0,-1011.0
-140.0,218.0,-1180.0
-105.0,-80.0,-1124.0
-29.0,-128.0,-880.0
-193.0,-99.0,-917.0
214.0,162.0,-976.0
-154.0,329.0,-1106.0
-132.0,-93.0,-1050.0
-113.0,78.0,-1013.0
-52.0,134.0,-1218.0
-7.0,91.0,-1050.0
-7.0,-154.0,-958.0
-87.0,-286.0,-870.0
218.0,-9.0,-913.0
-37.0,283.0,-1132.0
15.0,83.0,-1079.0
-97.0,60.0,-960.0
-76.0,99.0,-1036.0
189.0,-21.0,-1118.0
-193.0,-148.0,-1069.0
197.0,-294.0,-831.0
-74.0,40.0,-985.0
185.0,148.0,-1013.0
-105.0,42.0,-1022.0
-9.0,-5.0,-970.0
-142.0,76.0,-1083.0
130.0,160.0,-1112.0
-208.0,-40.0,-1155.0
187.0,-300.0,-798.0
-52.0,-89.0,-919.0
220.0,17.0,-985.0
-56.0,117.0,-1061.0
-152.0,-21.0,-1048.0
-40.0,35.0,-1048.0
-7.0,267.0,-1130.0
-91.0,-44.0,-1104.0
101.0,-204.0,-917.0
-146.0,-165.0,-919.0
185.0,76.0,-952.0
-177.0,142.0,-1097.0
-68.0,-19.0,-1040.0
-134.0,72.0,-1040.0
39.0,187.0,-1165.0
-138.0,58.0,-1056.0
117.0,-171.0,-899.0
-162.0,-160.0,-933.0
288.0,9.0,-935.0
-165.0,284.0,-1163.0
70.0,-66.0,-1016.0
-124.0,138.0,-1013.0
3.0,165.0,-1083.0
95.0,208.0,-1093.0
-122.0,-226.0,-1056.0
99.0,-324.0,-862.0
17.0,13.0,-1009.0
124.0,236.0,-1063.0
25.0,52.0,-974.0
-72.0,64.0,-923.0
0.0,101.0,-1151.0
37.0,148.0,-1194.0
-29.0,-158.0,-1081.0
72.0,-236.0,-810.0
111.0,3.0,-919.0
210.0,142.0,-997.0
23.0,50.0,-1038.0
-97.0,-46.0,-1042.0
-9.0,91.0,-1050.0
-15.0,222.0,-1136.0
-91.0,-64.0,-1091.0
165.0,-288.0,-901.0
-122.0,-97.0,-903.0
292.0,105.0,-989.0
-175.0,163.0,-1098.0
-50.0,-35.0,-1001.0
-140.0,109.0,-1040.0
21.0,238.0,-1177.0
-93.0,-52.0,-1118.0
60.0,-214.0,-938.0
-70.0,-204.0,-880.0
181.0,138.0,-964.0
-124.0,203.0,-1171.0
-56.0,-48.0,-1063.0
-144.0,119.0,-952.0
0.0,187.0,-1081.0
35.0,109.0,-1143.0
-13.0,-212.0,-1048.0
-13.0,-214.0,-884.0
142.0,113.0,-972.0
33.0,169.0,-995.0
40.0,25.0,-981.0
-107.0,62.0,-1032.0
103.0,214.0,-1120.0
-3.0,119.0,-1186.0
-39.0,-234.0,-1034.0
95.0,-249.0,-825.0
89.0,29.0,-913.0
185.0,142.0,-1024.0
-81.0,48.0,-1032.0
-39.0,0.0,-1075.0
-19.0,158.0,-1069.0
132.0,193.0,-1042.0
-113.0,-146.0,-1048.0
148.0,-320.0,-897.0
-46.0,-48.0,-960.0
169.0,134.0,-1001.0
-46.0,99.0,-1057.0
-89.0,-132.0,-993.0
-103.0,128.0,-1073.0
-31.0,210.0,-1214.0
-87.0,-46.0,-1108.0
-25.0,-244.0,-872.0
-27.0,-179.0,-925.0
165.0,89.0,-1005.0
-80.0,173.0,-1095.0
-124.0,-29.0,-1040.0
-121.0,62.0,-1034.0
-29.0,253.0,-1161.0
-17.0,44.0,-1091.0
17.0,-224.0,-909.0
-91.0,-228.0,-948.0
240.0,50.0,-1032.0
-121.0,286.0,-1087.0
23.0,-21.0,-935.0
-195.0,107.0,-1003.0
66.0,132.0,-1175.0
-7.0,132.0,-1108.0
40.0,-156.0,-997.0
44.0,-255.0,-858.0
193.0,52.0,-938.0
74.0,230.0,-1079.0
15.0,25.0,-1032.0
-15.0,39.0,-952.0
-17.0,124.0,-1081.0
244.0,142.0,-1138.0
-169.0,-148.0,-1063.0
222.0,-230.0,-835.0
-87.0,-25.0,-968.0
279.0,111.0,-991.0
-144.0,89.0,-1069.0
33.0,23.0,-897.0
-148.0,121.0,-1136.0
48.0,111.0,-1202.0
-169.0,-44.0,-1130.0
54.0,-284.0,-831.0
-42.0,-64.0,-854.0
226.0,152.0,-1054.0
-81.0,81.0,-1139.0
-134.0,-5.0,-1018.0
-119.0,83.0,-1011.0
9.0,281.0,-1204.0
-52.0,-37.0,-1079.0
44.0,-177.0,-899.0
-74.0,-185.0,-903.0
144.0,156.0,-1018.0
-142.0,68.0,-1116.0
-160.0,-83.0,-1001.0
-191.0,167.0,-968.0
-89.0,320.0,-1159.0
-134.0,93.0,-1132.0
-52.0,-284.0,-942.0
-273.0,-181.0,-853.0
7.0,42.0,-938.0
-247.0,181.0,-1104.0
-325.0,29.0,-993.0
-470.0,152.0,-936.0
-616.0,210.0,-1104.0
-388.0,-33.0,-1104.0
-614.0,-212.0,-1032.0
-445.0,-130.0,-831.0
-591.0,181.0,-895.0
-692.0,99.0,-1165.0
-667.0,-179.0,-938.0
-915.0,117.0,-993.0
-839.0,138.0,-1085.0
-813.0,165.0,-1182.0
-1048.0,-197.0,-1108.0
-700.0,-228.0,-864.0
-1040.0,46.0,-938.0
-853.0,85.0,-1048.0
-1134.0,42.0,-1100.0
-1018.0,-44.0,-1054.0
-1134.0,132.0,-977.0
-1018.0,201.0,-1200.0
-1175.0,-257.0,-1179.0
-897.0,-146.0,-917.0
-1218.0,-13.0,-872.0
-964.0,113.0,-974.0
-1169.0,-58.0,-1161.0
-1214.0,-148.0,-1100.0
-1104.0,146.0,-946.0
-1354.0,312.0,-1149.0
-1095.0,-60.0,-1100.0
-1210.0,-134.0,-1038.0
-1110.0,-128.0,-837.0
-1143.0,103.0,-991.0
-1196.0,39.0,-1106.0
-1284.0,-81.0,-1020.0
-1151.0,142.0,-919.0
-1514.0,236.0,-1149.0
-1206.0,9.0,-1036.0
-1432.0,-126.0,-1091.0
-1276.0,-91.0,-894.0
-1153.0,165.0,-823.0
-1419.0,152.0,-1038.0
-1161.0,-93.0,-995.0
-1485.0,29.0,-1022.0
-1368.0,3.0,-1030.0
-1286.0,83.0,-1159.0
-1374.0,-60.0,-1089.0
-1059.0,-121.0,-819.0
-1395.0,17.0,-1003.0
-1016.0,-23.0,-1020.0
-1417.0,-58.0,-1015.0
-1198.0,-83.0,-919.0
-1462.0,195.0,-1067.0
-1112.0,208.0,-1169.0
-1327.0,189.0,-1175.0
-999.0,-224.0,-907.0
-1153.0,-162.0,-755.0
-1280.0,-117.0,-964.0
-1149.0,-46.0,-1165.0
-1506.0,-78.0,-981.0
-1401.0,193.0,-1071.0
-1397.0,93.0,-1253.0
-1485.0,185.0,-1165.0
-1335.0,-191.0,-806.0
-1598.0,21.0,-890.0
-1387.0,-1.0,-1046.0
-1579.0,-173.0,-1083.0
-1309.0,509.0,-940.0
-1590.0,-93.0,-1005.0
-1368.0,283.0,-1124.0
-1376.0,-154.0,-1100.0
-1335.0,288.0,-1028.0
-1331.0,-400.0,-829.0
-1331.0,-113.0,-1104.0
-1108.0,302.0,-1030.0
-1364.0,-80.0,-999.0
-1286.0,191.0,-821.0
-1692.0,58.0,-1341.0
-1497.0,288.0,-1145.0
-1499.0,-154.0,-1022.0
-1192.0,21.0,-854.0
-1430.0,-58.0,-1026.0
-1122.0,-253.0,-936.0
-1495.0,117.0,-1061.0
-1186.0,-52.0,-983.0
-1674.0,115.0,-1052.0
-972.0,216.0,-1081.0
-1391.0,-335.0,-1214.0
-1177.0,247.0,-864.0
-1426.0,-193.0,-845.0
-1145.0,-134.0,-1001.0
-1629.0,7.0,-1274.0
-1557.0,-220.0,-913.0
-1563.0,691.0,-1093.0
-1440.0,-398.0,-1225.0
-1161.0,277.0,-894.0
-1503.0,-532.0,-899.0
-1651.0,195.0,-1028.0
-1342.0,206.0,-1145.0
-1423.0,-365.0,-966.0
-1155.0,156.0,-936.0
-1708.0,-37.0,-952.0
-1270.0,-5.0,-1050.0
-1241.0,294.0,-1167.0
-1171.0,-359.0,-1063.0
-1672.0,89.0,-1046.0
-1327.0,-220.0,-979.0
-1432.0,-142.0,-952.0
-1684.0,-140.0,-931.0
-1288.0,337.0,-1075.0
-1583.0,-429.0,-1319.0
-1567.0,329.0,-825.0
-1501.0,48.0,-841.0
-1276.0,-101.0,-890.0
-1372.0,152.0,-1214.0
-1372.0,-60.0,-1015.0
-1430.0,89.0,-815.0
-1600.0,324.0,-1015.0
-1239.0,-119.0,-1206.0
-1489.0,-142.0,-905.0
-1309.0,-284.0,-1095.0
-1231.0,294.0,-1097.0
-1286.0,-247.0,-771.0
-1305.0,17.0,-1042.0
-1227.0,109.0,-1122.0
-1588.0,-136.0,-1100.0
-1149.0,271.0,-913.0
-1516.0,-187.0,-1339.0
-1573.0,433.0,-956.0
-1627.0,-538.0,-683.0
-1534.0,17.0,-1161.0
-1120.0,72.0,-1138.0
-1590.0,132.0,-802.0
-1054.0,-70.0,-788.0
-1682.0,201.0,-1335.0
-1229.0,-240.0,-1132.0
-1731.0,64.0,-923.0
-1067.0,-29.0,-946.0
-1524.0,261.0,-1087.0
-1227.0,-31.0,-771.0
-1411.0,-68.0,-1020.0
-1973.0,21.0,-1333.0
-1417.0,25.0,-1149.0
-1352.0,320.0,-1032.0
-1001.0,7.0,-899.0
-1210.0,93.0,-708.0
-894.0,31.0,-1009.0
-653.0,35.0,-1153.0
-1122.0,-378.0,-1303.0
-730.0,667.0,-866.0
-712.0,-316.0,-1136.0
-472.0,-95.0,-1026.0
-685.0,-103.0,-587.0
-167.0,378.0,-1421.0
-899.0,-93.0,-983.0
249.0,626.0,-1028.0
-1100.0,-626.0,-907.0
74.0,644.0,-823.0
-591.0,-685.0,-833.0
-646.0,232.0,-1341.0
187.0,-419.0,-962.0
-700.0,-66.0,-1339.0
183.0,320.0,-343.0
-191.0,-244.0,-1296.0
-173.0,324.0,-548.0
-247.0,-146.0,-1153.0
-755.0,-700.0,-1007.0
251.0,406.0,-1354.0
-771.0,294.0,-913.0
-70.0,651.0,-1139.0
-394.0,-1134.0,-620.0
-54.0,355.0,-1136.0
-212.0,93.0,-977.0
-708.0,7.0,-925.0
-162.0,464.0,-938.0
-312.0,-573.0,-1327.0
193.0,48.0,-942.0
128.0,-199.0,-833.0
-474.0,445.0,-956.0
281.0,-179.0,-897.0
-671.0,-138.0,-1255.0
-78.0,329.0,-1118.0
-386.0,-445.0,-866.0
-9.0,528.0,-1087.0
40.0,93.0,-989.0
-447.0,-407.0,-1288.0
-384.0,620.0,-936.0
-154.0,-929.0,-1013.0
0.0,-138.0,-1069.0
-277.0,722.0,-913.0
-54.0,417.0,-929.0
-468.0,-540.0,-1257.0
-158.0,741.0,-979.0
58.0,-812.0,-1339.0
-107.0,0.0,-724.0
-158.0,316.0,-669.0
162.0,197.0,-1364.0
33.0,3.0,-1036.0
-448.0,160.0,-858.0
-15.0,-798.0,-1128.0
-337.0,903.0,-1124.0
95.0,-345.0,-901.0
-365.0,44.0,-778.0
128.0,-677.0,-1288.0
-169.0,579.0,-1032.0
-183.0,126.0,-517.0
169.0,-136.0,-1348.0
-283.0,101.0,-1138.0
-261.0,341.0,-591.0
284.0,-273.0,-1274.0
-366.0,-407.0,-1342.0
-179.0,706.0,-488.0
509.0,-52.0,-671.0
13.0,-815.0,-1440.0
154.0,825.0,-845.0
-275.0,-784.0,-1079.0
13.0,169.0,-856.0
-261.0,431.0,-1253.0
261.0,-308.0,-1020.0
-497.0,25.0,-802.0
542.0,-60.0,-1073.0
-642.0,-158.0,-1259.0
363.0,663.0,-714.0
-257.0,-443.0,-958.0
474.0,72.0,-1192.0
-866.0,318.0,-1095.0
853.0,35.0,-938.0
-1151.0,-48.0,-1339.0
363.0,-212.0,-558.0
-589.0,-105.0,-1056.0
573.0,105.0,-1085.0
-181.0,-46.0,-1255.0
105.0,191.0,-497.0
-437.0,-117.0,-1391.0
-134.0,509.0,-704.0
-429.0,197.0,-1540.0
357.0,-538.0,-960.0
-197.0,833.0,-772.0
558.0,-1063.0,-589.0
511.0,628.0,-1210.0
-468.0,-292.0,-1114.0
0.0,-786.0,-849.0
-593.0,1050.0,-1112.0
275.0,-214.0,-1202.0
-95.0,421.0,-831.0
232.0,-361.0,-612.0
119.0,-517.0,-1378.0
489.0,575.0,-901.0
-386.0,-448.0,-944.0
5.0,491.0,-1157.0
-257.0,-234.0,-1114.0
-415.0,175.0,-1169.0
138.0,269.0,-858.0
167.0,-474.0,-1007.0
199.0,95.0,-831.0
35.0,-58.0,-1202.0
189.0,404.0,-1042.0
-437.0,-977.0,-1048.0
339.0,1348.0,-772.0
-42.0,-462.0,-1075.0
177.0,115.0,-1100.0
-126.0,76.0,-923.0
275.0,-320.0,-1143.0
-119.0,-199.0,-1200.0
0.0,-306.0,-655.0
-146.0,651.0,-972.0
236.0,-109.0,-931.0
-488.0,218.0,-1030.0
497.0,661.0,-1136.0
-150.0,-413.0,-1216.0
136.0,708.0,-878.0
-76.0,-796.0,-733.0
66.0,-486.0,-1182.0
-349.0,733.0,-1124.0
-255.0,-579.0,-765.0
152.0,564.0,-1141.0
25.0,417.0,-1262.0
263.0,-536.0,-813.0
331.0,132.0,-847.0
-40.0,-216.0,-1143.0
-44.0,-482.0,-981.0
-68.0,261.0,-1050.0
7.0,-478.0,-993.0
185.0,503.0,-1077.0
-267.0,769.0,-786.0
708.0,-216.0,-925.0
89.0,-212.0,-1239.0
335.0,-107.0,-1011.0
-283.0,128.0,-661.0
501.0,-509.0,-1038.0
-497.0,470.0,-1210.0
177.0,-238.0,-784.0
-585.0,-152.0,-1034.0
37.0,249.0,-1479.0
-173.0,-25.0,-1054.0
-310.0,255.0,-480.0
599.0,-847.0,-1225.0
136.0,632.0,-901.0
132.0,245.0,-1061.0
365.0,-224.0,-936.0
-548.0,154.0,-1243.0
538.0,236.0,-778.0
-267.0,214.0,-1032.0
739.0,-716.0,-839.0
-357.0,113.0,-1151.0
52.0,257.0,-1034.0
244.0,-1280.0,-1206.0
-464.0,1089.0,-646.0
372.0,-222.0,-1169.0
-423.0,433.0,-989.0
249.0,464.0,-1260.0
3.0,-450.0,-929.0
-224.0,714.0,-903.0
571.0,-1106.0,-810.0
-152.0,370.0,-1175.0
-76.0,117.0,-936.0
363.0,171.0,-821.0
-856.0,17.0,-1075.0
765.0,134.0,-1206.0
-772.0,220.0,-1145.0
669.0,-181.0,-819.0
-382.0,-195.0,-1239.0
-15.0,899.0,-1003.0
177.0,-778.0,-899.0
-327.0,-841.0,-1389.0
-216.0,1495.0,-1075.0
-132.0,-136.0,-862.0
450.0,-585.0,-989.0
-247.0,230.0,-1138.0
281.0,216.0,-810.0
-52.0,-630.0,-1138.0
378.0,-111.0,-1143.0
-171.0,232.0,-831.0
437.0,81.0,-694.0
-142.0,363.0,-1163.0
528.0,-179.0,-1044.0
-244.0,261.0,-1210.0
435.0,-374.0,-1196.0
-56.0,-214.0,-616.0
117.0,353.0,-897.0
-62.0,247.0,-1305.0
175.0,-46.0,-925.0
-355.0,-101.0,-915.0
597.0,308.0,-1167.0
1.0,-874.0,-940.0
-70.0,575.0,-1145.0
-331.0,167.0,-987.0
-54.0,-48.0,-1048.0
-89.0,76.0,-1138.0
505.0,-228.0,-638.0
-50.0,374.0,-1235.0
353.0,-31.0,-1085.0
-610.0,763.0,-931.0
550.0,-415.0,-1157.0
-862.0,95.0,-1382.0
591.0,-325.0,-466.0
-85.0,-511.0,-1038.0
-187.0,87.0,-950.0
138.0,365.0,-1079.0
-566.0,273.0,-933.0
29.0,-204.0,-1268.0
66.0,536.0,-1210.0
115.0,-105.0,-858.0
7.0,294.0,-739.0
347.0,-782.0,-819.0
-136.0,113.0,-1452.0
445.0,366.0,-610.0
-772.0,-519.0,-1184.0
581.0,1309.0,-1069.0
-320.0,-1036.0,-815.0
333.0,780.0,-1036.0
-103.0,-284.0,-1266.0
-115.0,-882.0,-812.0
111.0,556.0,-931.0
162.0,-402.0,-1097.0
-70.0,655.0,-1048.0
238.0,-128.0,-755.0
-163.0,-142.0,-1315.0
425.0,665.0,-854.0
-296.0,-827.0,-1249.0
220.0,314.0,-810.0
-283.0,33.0,-1274.0
569.0,-376.0,-593.0
-80.0,730.0,-798.0
400.0,-650.0,-1489.0
-298.0,622.0,-624.0
158.0,-185.0,-1120.0
-193.0,-119.0,-1522.0
-251.0,-130.0,-772.0
122.0,-244.0,-407.0
204.0,-134.0,-1284.0
89.0,655.0,-1089.0
154.0,-109.0,-794.0
-769.0,259.0,-1220.0
320.0,946.0,-1091.0
-460.0,179.0,-1106.0
93.0,-716.0,-985.0
193.0,-462.0,-806.0
165.0,-388.0,-997.0
341.0,876.0,-691.0
-187.0,81.0,-1161.0
201.0,341.0,-815.0
-583.0,29.0,-1184.0
497.0,187.0,-927.0
-83.0,-134.0,-1413.0
349.0,58.0,-903.0
279.0,-528.0,-804.0
-136.0,337.0,-1009.0
126.0,-394.0,-1034.0
-439.0,519.0,-977.0
-52.0,29.0,-1036.0
52.0,-167.0,-1321.0
93.0,251.0,-1272.0
273.0,-899.0,-692.0
-44.0,804.0,-927.0
552.0,-667.0,-1065.0
-433.0,136.0,-571.0
540.0,-540.0,-1071.0
-222.0,15.0,-1208.0
44.0,1571.0,-1048.0
860.0,-482.0,-1026.0
134.0,1204.0,-1249.0
1007.0,-1829.0,-1026.0
121.0,-365.0,-614.0
677.0,195.0,-1003.0
866.0,-1163.0,-1354.0
786.0,1383.0,-849.0
704.0,-439.0,-1075.0
1317.0,402.0,-915.0
25.0,1348.0,-1149.0
1161.0,-1911.0,-894.0
-85.0,628.0,-1067.0
1565.0,-763.0,-722.0
884.0,-111.0,-1087.0
1581.0,870.0,-612.0
296.0,609.0,-1112.0
1329.0,162.0,-798.0
245.0,-267.0,-1350.0
1446.0,-115.0,-837.0
569.0,-790.0,-1268.0
1282.0,13.0,-603.0
1069.0,-404.0,-1438.0
919.0,931.0,-626.0
728.0,-81.0,-1063.0
923.0,277.0,-1108.0
927.0,974.0,-1110.0
1491.0,-495.0,-1118.0
609.0,148.0,-989.0
2016.0,-991.0,-774.0
679.0,290.0,-993.0
1667.0,-64.0,-1346.0
788.0,83.0,-575.0
962.0,638.0,-800.0
1713.0,220.0,-1303.0
958.0,-519.0,-1221.0
1776.0,-318.0,-741.0
907.0,347.0,-1305.0
1784.0,113.0,-1280.0
1151.0,-154.0,-827.0
1247.0,-833.0,-938.0
909.0,860.0,-864.0
1067.0,290.0,-876.0
1813.0,-238.0,-1266.0
1358.0,1202.0,-1588.0
1350.0,-1282.0,-907.0
1627.0,378.0,-610.0
1223.0,-1098.0,-1153.0
1518.0,-650.0,-868.0
1335.0,1647.0,-480.0
1075.0,-495.0,-1108.0
1694.0,817.0,-1253.0
1102.0,-162.0,-1424.0
1262.0,-839.0,-599.0
1196.0,788.0,-1001.0
1870.0,-786.0,-1063.0
1007.0,466.0,-1056.0
1713.0,-423.0,-899.0
320.0,655.0,-1245.0
2412.0,-89.0,-692.0
468.0,275.0,-1342.0
1944.0,-60.0,-823.0
1003.0,5.0,-901.0
1526.0,-400.0,-1067.0
1417.0,128.0,-1186.0
1032.0,-462.0,-761.0
1264.0,249.0,-882.0
1104.0,864.0,-1241.0
1430.0,-333.0,-1013.0
1214.0,83.0,-792.0
1059.0,443.0,-880.0
1676.0,-1317.0,-1288.0
1009.0,530.0,-1026.0
1690.0,-976.0,-1034.0
1030.0,324.0,-1108.0
1608.0,774.0,-772.0
1186.0,-48.0,-1136.0
1590.0,448.0,-884.0
1532.0,5.0,-1126.0
1485.0,-386.0,-1149.0
1405.0,-54.0,-946.0
1637.0,-212.0,-1241.0
1120.0,253.0,-1026.0
1460.0,165.0,-733.0
1284.0,242.0,-1065.0
1331.0,-544.0,-931.0
1506.0,331.0,-960.0
1268.0,337.0,-1167.0
1555.0,-659.0,-1015.0
1138.0,-50.0,-853.0
1411.0,119.0,-853.0
1637.0,46.0,-1196.0
1300.0,454.0,-868.0
1122.0,-201.0,-1015.0
1442.0,-242.0,-940.0
1015.0,103.0,-1547.0
1586.0,-70.0,-771.0
1192.0,-5.0,-946.0
1608.0,-417.0,-1050.0
1284.0,1057.0,-1046.0
1791.0,-191.0,-897.0
1307.0,83.0,-1087.0
1112.0,286.0,-1120.0
1413.0,105.0,-1138.0
1225.0,187.0,-933.0
1797.0,-193.0,-866.0
1479.0,-300.0,-870.0
1667.0,-296.0,-1089.0
1424.0,193.0,-979.0
1262.0,-212.0,-1104.0
1323.0,130.0,-1028.0
1549.0,370.0,-1260.0
1442.0,255.0,-1108.0
1430.0,-277.0,-888.0
1255.0,-150.0,-897.0
1097.0,306.0,-1110.0
1477.0,128.0,-1003.0
979.0,52.0,-1145.0
1216.0,-158.0,-854.0
1296.0,226.0,-1071.0
1395.0,433.0,-1124.0
1458.0,-304.0,-1042.0
1368.0,-402.0,-771.0
1483.0,-203.0,-974.0
1545.0,-324.0,-1190.0
1762.0,482.0,-882.0
1385.0,-93.0,-946.0
1672.0,384.0,-1081.0
1616.0,579.0,-1169.0
1647.0,-64.0,-1003.0
1259.0,-413.0,-1079.0
1520.0,-318.0,-854.0
1446.0,39.0,-1180.0
1596.0,253.0,-946.0
997.0,146.0,-802.0
1335.0,140.0,-1052.0
1255.0,318.0,-1188.0
1395.0,-277.0,-1007.0
1186.0,-392.0,-923.0
1448.0,-238.0,-964.0
1446.0,78.0,-1159.0
1452.0,415.0,-858.0
1106.0,140.0,-892.0
1358.0,126.0,-993.0
1231.0,249.0,-1247.0
1186.0,3.0,-1011.0
1038.0,-152.0,-1081.0
1116.0,-638.0,-966.0
1073.0,54.0,-1081.0
1151.0,146.0,-976.0
718.0,83.0,-870.0
726.0,177.0,-970.0
804.0,343.0,-1212.0
847.0,183.0,-1138.0
646.0,-236.0,-966.0
687.0,-300.0,-997.0
646.0,40.0,-966.0
968.0,-35.0,-854.0
669.0,115.0,-1011.0
595.0,5.0,-997.0
548.0,353.0,-1104.0
583.0,177.0,-1218.0
361.0,-255.0,-1114.0
363.0,-300.0,-989.0
363.0,17.0,-1054.0
560.0,-83.0,-1003.0
273.0,-89.0,-929.0
288.0,-21.0,-974.0
189.0,476.0,-1147.0
257.0,279.0,-1057.0
132.0,-50.0,-1059.0
175.0,-154.0,-1056.0
279.0,-165.0,-905.0
400.0,-224.0,-831.0
431.0,-66.0,-962.0
218.0,103.0,-1079.0
218.0,396.0,-1093.0
76.0,201.0,-1104.0
279.0,130.0,-1011.0
210.0,-134.0,-1106.0
275.0,-121.0,-1097.0
156.0,-228.0,-917.0
257.0,-224.0,-948.0
259.0,93.0,-1001.0
179.0,265.0,-1065.0
107.0,263.0,-997.0
214.0,111.0,-962.0
113.0,23.0,-1073.0
154.0,-89.0,-1036.0
181.0,-230.0,-929.0
105.0,-247.0,-925.0
294.0,-66.0,-913.0
119.0,425.0,-1059.0
154.0,353.0,-1034.0
66.0,265.0,-1028.0
56.0,68.0,-1071.0
122.0,-66.0,-1145.0
64.0,-314.0,-977.0
294.0,-288.0,-882.0
132.0,-122.0,-1015.0
222.0,220.0,-1036.0
-54.0,365.0,-936.0
40.0,48.0,-1015.0
87.0,126.0,-1104.0
64.0,197.0,-1079.0
52.0,-210.0,-1073.0
54.0,-191.0,-933.0
128.0,-220.0,-921.0
269.0,119.0,-1048.0
23.0,294.0,-997.0
101.0,158.0,-1011.0
48.0,81.0,-1130.0
156.0,89.0,-1048.0
134.0,-52.0,-1091.0
27.0,-253.0,-977.0
181.0,-409.0,-966.0
35.0,-7.0,-1042.0
70.0,154.0,-958.0
-7.0,281.0,-1030.0
-9.0,177.0,-1034.0
99.0,101.0,-1024.0
5.0,99.0,-1126.0
64.0,-165.0,-966.0
58.0,-306.0,-929.0
177.0,-185.0,-987.0
226.0,107.0,-974.0
89.0,220.0,-1073.0
-29.0,206.0,-989.0
83.0,58.0,-1052.0
11.0,169.0,-1126.0
0.0,3.0,-1036.0
1.0,-284.0,-1067.0
-15.0,-263.0,-940.0
107.0,-58.0,-962.0
85.0,230.0,-1046.0
54.0,181.0,-903.0
-33.0,103.0,-999.0
232.0,126.0,-1108.0
13.0,101.0,-1028.0
64.0,-109.0,-1050.0
-85.0,-314.0,-1011.0
126.0,-203.0,-972.0
58.0,89.0,-1087.0
-3.0,249.0,-1011.0
-19.0,165.0,-997.0
-81.0,7.0,-1059.0
-11.0,165.0,-1052.0
56.0,-29.0,-1153.0
7.0,-191.0,-954.0
44.0,-236.0,-972.0
95.0,-195.0,-1059.0
162.0,160.0,-874.0
-3.0,242.0,-1044.0
-60.0,146.0,-1089.0
44.0,80.0,-966.0
-50.0,70.0,-1085.0
74.0,31.0,-1059.0
-128.0,-236.0,-1018.0
72.0,-261.0,-976.0
-68.0,11.0,-1011.0
193.0,206.0,-1001.0
-31.0,177.0,-974.0
42.0,107.0,-897.0
-11.0,17.0,-1149.0
46.0,37.0,-1044.0
-134.0,-35.0,-1034.0
-44.0,-279.0,-1079.0
35.0,-181.0,-825.0
25.0,124.0,-1030.0
85.0,224.0,-1057.0
37.0,222.0,-868.0
68.0,119.0,-1081.0
0.0,48.0,-1128.0
111.0,99.0,-964.0
-115.0,-132.0,-1059.0
101.0,-302.0,-977.0
-13.0,-134.0,-995.0
193.0,167.0,-1015.0
-156.0,306.0,-1048.0
-7.0,87.0,-1038.0
-119.0,35.0,-987.0
15.0,148.0,-1024.0
15.0,-60.0,-1216.0
56.0,-265.0,-903.0
1.0,-162.0,-935.0
48.0,-80.0,-1075.0
136.0,292.0,-942.0
-140.0,228.0,-1030.0
54.0,-5.0,-1042.0
-23.0,107.0,-999.0
15.0,50.0,-1114.0
-40.0,-7.0,-1091.0
39.0,-181.0,-935.0
85.0,-286.0,-997.0
81.0,42.0,-1034.0
23.0,331.0,-1046.0
-1.0,181.0,-976.0
-140.0,66.0,-1022.0
21.0,5.0,-1100.0
-11.0,15.0,-1085.0
-109.0,-21.0,-1042.0
-1.0,-331.0,-1044.0
-5.0,-124.0,-964.0
66.0,117.0,-925.0
122.0,255.0,-1040.0
68.0,154.0,-946.0
107.0,19.0,-956.0
27.0,89.0,-1118.0
15.0,40.0,-1083.0
-50.0,-117.0,-997.0
21.0,-284.0,-1003.0
85.0,-140.0,-964.0
64.0,128.0,-1067.0
-21.0,283.0,-981.0
23.0,189.0,-989.0
0.0,-31.0,-1063.0
-35.0,60.0,-1011.0
1.0,48.0,-1093.0
-81.0,-214.0,-1048.0
80.0,-284.0,-915.0
-29.0,-72.0,-1022.0
152.0,183.0,-1046.0
-148.0,214.0,-979.0
-40.0,50.0,-983.0
-1.0,27.0,-1028.0
44.0,105.0,-1056.0
0.0,-25.0,-1063.0
78.0,-212.0,-935.0
44.0,-224.0,-958.0
124.0,-29.0,-993.0
50.0,316.0,-1079.0
-50.0,214.0,-1044.0
-35.0,-9.0,-958.0
-89.0,42.0,-1057.0
-13.0,-11.0,-1136.0
-95.0,-40.0,-1048.0
-60.0,-277.0,-985.0
52.0,-240.0,-966.0
52.0,154.0,-933.0
74.0,325.0,-1036.0
-13.0,154.0,-991.0
15.0,3.0,-917.0
93.0,11.0,-1040.0
11.0,56.0,-1138.0
-52.0,-119.0,-1065.0
-87.0,-290.0,-1054.0
23.0,-183.0,-901.0
48.0,171.0,-1056.0
37.0,300.0,-1018.0
3.0,160.0,-968.0
3.0,17.0,-991.0
0.0,83.0,-1063.0
1.0,37.0,-1093.0
-35.0,-197.0,-1030.0
72.0,-228.0,-952.0
23.0,-15.0,-1011.0
113.0,232.0,-1040.0
-113.0,294.0,-997.0
-39.0,-11.0,-1046.0
5.0,13.0,-981.0
29.0,136.0,-1063.0
-1.0,-64.0,-1130.0
19.0,-210.0,-931.0
33.0,-183.0,-987.0
130.0,-17.0,-972.0
113.0,312.0,-981.0
-31.0,228.0,-1034.0
33.0,-7.0,-1063.0
-48.0,78.0,-993.0
25.0,136.0,-1059.0
-15.0,-50.0,-1143.0
-37.0,-261.0,-985.0
70.0,-267.0,-993.0
33.0,165.0,-981.0
119.0,331.0,-972.0
-21.0,132.0,-1018.0
-33.0,-40.0,-1026.0
-54.0,39.0,-1112.0
-39.0,19.0,-1093.0
-107.0,-70.0,-1026.0
-31.0,-279.0,-1042.0
50.0,-181.0,-981.0
-7.0,162.0,-1018.0
48.0,238.0,-1013.0
-93.0,163.0,-968.0
62.0,-35.0,-976.0
-1.0,0.0,-1085.0
78.0,111.0,-1087.0
-162.0,-185.0,-1052.0
87.0,-325.0,-923.0
-37.0,-5.0,-1020.0
218.0,226.0,-1001.0
1.0,281.0,-966.0
-15.0,95.0,-974.0
27.0,-66.0,-1093.0
64.0,58.0,-1030.0
-17.0,122.0,-1077.0
-13.0,-214.0,-1065.0
40.0,-273.0,-913.0
3.0,-33.0,-964.0
60.0,189.0,-1132.0
-52.0,288.0,-952.0
-70.0,13.0,-948.0
83.0,-93.0,-1044.0
70.0,191.0,-997.0
17.0,17.0,-1042.0
15.0,-284.0,-1063.0
74.0,-208.0,-936.0
72.0,25.0,-997.0
33.0,226.0,-1091.0
-23.0,245.0,-946.0
-83.0,-7.0,-993.0
111.0,-101.0,-1091.0
-80.0,158.0,-1139.0
15.0,-29.0,-1013.0
-99.0,-339.0,-1001.0
111.0,-124.0,-921.0
3.0,158.0,-1063.0
-15.0,210.0,-1120.0
-44.0,158.0,-942.0
-109.0,-74.0,-1038.0
58.0,-48.0,-1034.0
66.0,228.0,-1061.0
-87.0,23.0,-1071.0
54.0,-480.0,-985.0
52.0,-160.0,-925.0
58.0,409.0,-1042.0
37.0,179.0,-1057.0
-44.0,23.0,-929.0
-23.0,37.0,-999.0
29.0,83.0,-1093.0
177.0,101.0,-1034.0
-126.0,87.0,-1042.0
80.0,-304.0,-964.0
39.0,-273.0,-1026.0
27.0,312.0,-1034.0
-17.0,396.0,-985.0
7.0,-113.0,-974.0
-5.0,-105.0,-1056.0
35.0,210.0,-1063.0
-72.0,105.0,-1087.0
-64.0,-185.0,-1022.0
-140.0,-136.0,-999.0
17.0,-158.0,-995.0
68.0,89.0,-1075.0
11.0,372.0,-880.0
126.0,68.0,-960.0
99.0,-113.0,-974.0
122.0,117.0,-1020.0
-48.0,128.0,-1180.0
-95.0,-29.0,-1057.0
1.0,-263.0,-909.0
33.0,-117.0,-1040.0
169.0,171.0,-1022.0
11.0,347.0,-974.0
66.0,-15.0,-981.0
31.0,-48.0,-1016.0
-29.0,121.0,-1054.0
-109.0,50.0,-1157.0
-87.0,-109.0,-1038.0
-83.0,-181.0,-944.0
132.0,-146.0,-940.0
81.0,214.0,-1081.0
50.0,251.0,-1030.0
-37.0,-50.0,-977.0
-5.0,-46.0,-997.0
-21.0,78.0,-1034.0
-76.0,140.0,-1089.0
7.0,-54.0,-1034.0
93.0,-224.0,-997.0
154.0,-119.0,-931.0
46.0,179.0,-1032.0
60.0,152.0,-1015.0
-58.0,64.0,-1050.0
3.0,-81.0,-1003.0
-21.0,136.0,-1042.0
-37.0,76.0,-1071.0
-66.0,-140.0,-1044.0
29.0,-290.0,-987.0
146.0,-156.0,-944.0
39.0,193.0,-1032.0
33.0,212.0,-1032.0
-35.0,93.0,-1011.0
-46.0,-130.0,-1022.0
-42.0,72.0,-1030.0
70.0,179.0,-1015.0
31.0,-158.0,-1059.0
163.0,-292.0,-1011.0
52.0,-42.0,-983.0
7.0,167.0,-1018.0
-70.0,177.0,-1095.0
-121.0,58.0,-970.0
-124.0,-101.0,-1009.0
83.0,48.0,-1022.0
0.0,204.0,-1052.0
3.0,-23.0,-1034.0
29.0,-361.0,-1015.0
29.0,-136.0,-1011.0
17.0,259.0,-972.0
19.0,230.0,-995.0
58.0,5.0,-1026.0
-19.0,23.0,-1009.0
99.0,122.0,-991.0
-25.0,46.0,-1124.0
-81.0,-93.0,-1134.0
-40.0,-204.0,-913.0
-27.0,-181.0,-1032.0
7.0,162.0,-1036.0
44.0,312.0,-948.0
7.0,-21.0,-993.0
37.0,-91.0,-1022.0
89.0,181.0,-956.0
-58.0,232.0,-1093.0
-89.0,-152.0,-1149.0
-7.0,-335.0,-995.0
42.0,-37.0,-884.0
50.0,140.0,-1028.0
128.0,185.0,-1061.0
11.0,162.0,-981.0
-158.0,7.0,-1038.0
-35.0,-74.0,-1063.0
-85.0,191.0,-1087.0
-119.0,21.0,-1081.0
37.0,-263.0,-903.0
167.0,-107.0,-966.0
64.0,244.0,-1143.0
-56.0,361.0,-976.0
-58.0,-117.0,-997.0
-37.0,-195.0,-1056.0
83.0,197.0,-981.0
21.0,244.0,-1015.0
66.0,-70.0,-1097.0
-121.0,-343.0,-1097.0
25.0,-119.0,-940.0
7.0,171.0,-970.0
52.0,195.0,-1028.0
7.0,-3.0,-1063.0
-64.0,-76.0,-950.0
44.0,13.0,-997.0
70.0,95.0,-1007.0
58.0,140.0,-1104.0
-101.0,-177.0,-1071.0
15.0,-189.0,-911.0
-50.0,-11.0,-1046.0
-13.0,238.0,-1081.0
-29.0,208.0,-1032.0
15.0,-177.0,-940.0
60.0,-66.0,-983.0
25.0,288.0,-1005.0
83.0,48.0,-1143.0
-52.0,-105.0,-995.0
-64.0,-154.0,-1011.0
-97.0,-74.0,-1044.0
95.0,165.0,-989.0
44.0,183.0,-1030.0
132.0,40.0,-974.0
-7.0,-76.0,-1003.0
15.0,15.0,-1028.0
-185.0,163.0,-1118.0
-54.0,-81.0,-1059.0
9.0,-232.0,-1003.0
134.0,1.0,-856.0
95.0,197.0,-1028.0
-35.0,93.0,-1134.0
-46.0,-40.0,-1013.0
-126.0,-95.0,-974.0
40.0,31.0,-983.0
109.0,185.0,-989.0
99.0,40.0,-1048.0
-72.0,-138.0,-1118.0
66.0,-146.0,-979.0
-152.0,62.0,-1048.0
9.0,78.0,-987.0
-3.0,101.0,-1011.0
80.0,-66.0,-964.0
121.0,72.0,-977.0
50.0,167.0,-1001.0
-17.0,37.0,-1112.0
-138.0,-136.0,-1124.0
1.0,-259.0,-915.0
-11.0,76.0,-962.0
204.0,173.0,-1028.0
107.0,206.0,-1052.0
15.0,-39.0,-1024.0
-173.0,-115.0,-1098.0
-81.0,-13.0,-1028.0
-81.0,142.0,-1011.0
83.0,83.0,-989.0
218.0,-136.0,-1024.0
74.0,-60.0,-985.0
-44.0,152.0,-1087.0
-218.0,99.0,-1102.0
-9.0,-160.0,-989.0
0.0,-48.0,-905.0
189.0,208.0,-977.0
124.0,203.0,-1116.0
17.0,-31.0,-1087.0
-244.0,-160.0,-1073.0
-103.0,-167.0,-952.0
-35.0,0.0,-987.0
152.0,224.0,-1003.0
177.0,132.0,-981.0
109.0,-42.0,-962.0
37.0,-35.0,-1034.0
-93.0,142.0,-1106.0
-175.0,105.0,-1106.0
-78.0,-162.0,-1028.0
25.0,-261.0,-940.0
128.0,46.0,-946.0
126.0,292.0,-1056.0
35.0,78.0,-1040.0
-64.0,-83.0,-1026.0
-140.0,39.0,-1009.0
-42.0,142.0,-1038.0
-21.0,83.0,-1042.0
-5.0,-150.0,-1093.0
81.0,-187.0,-999.0
85.0,64.0,-913.0
109.0,126.0,-995.0
-50.0,39.0,-1097.0
-7.0,13.0,-1052.0
-101.0,-11.0,-970.0
25.0,111.0,-958.0
35.0,40.0,-1042.0
66.0,-29.0,-1073.0
-44.0,-83.0,-1003.0
81.0,-136.0,-927.0
-15.0,76.0,-1056.0
15.0,89.0,-1063.0
60.0,62.0,-985.0
52.0,-42.0,-929.0
60.0,40.0,-1057.0
-89.0,52.0,-1118.0
-160.0,23.0,-1110.0
-160.0,25.0,-1061.0
-3.0,-83.0,-954.0
95.0,-46.0,-948.0
40.0,130.0,-1036.0
15.0,37.0,-1050.0
173.0,-5.0,-907.0
99.0,-29.0,-886.0
52.0,42.0,-1091.0
-163.0,144.0,-1208.0
-247.0,-76.0,-1106.0
-117.0,-83.0,-944.0
187.0,-19.0,-845.0
286.0,154.0,-1022.0
87.0,206.0,-1075.0
-72.0,0.0,-1079.0
-232.0,-167.0,-1026.0
-62.0,-7.0,-974.0
78.0,99.0,-942.0
193.0,167.0,-1040.0
-35.0,15.0,-1136.0
11.0,-224.0,-1075.0
-93.0,-52.0,-985.0
44.0,226.0,-950.0
87.0,101.0,-1011.0
214.0,-128.0,-974.0
56.0,-37.0,-1011.0
70.0,156.0,-1042.0
-162.0,80.0,-1163.0
-154.0,-29.0,-1071.0
-253.0,-80.0,-1050.0
218.0,-167.0,-911.0
27.0,83.0,-1042.0
212.0,101.0,-1048.0
0.0,17.0,-1024.0
48.0,-33.0,-958.0
-103.0,29.0,-1050.0
-31.0,136.0,-1091.0
-165.0,103.0,-1075.0
-21.0,-33.0,-1028.0
99.0,-177.0,-929.0
292.0,-87.0,-901.0
68.0,160.0,-1063.0
-60.0,171.0,-1069.0
-152.0,107.0,-1040.0
-111.0,-80.0,-956.0
81.0,11.0,-935.0
72.0,124.0,-1034.0
25.0,29.0,-1106.0
-25.0,-87.0,-1032.0
25.0,-144.0,-977.0
126.0,-52.0,-936.0
21.0,201.0,-1063.0
-165.0,195.0,-1130.0
-103.0,-9.0,-1075.0
-105.0,-169.0,-972.0
228.0,-87.0,-897.0
226.0,158.0,-974.0
66.0,136.0,-1169.0
-128.0,-136.0,-1106.0
-122.0,-224.0,-1013.0
-154.0,-23.0,-1024.0
52.0,158.0,-1026.0
-5.0,152.0,-1020.0
126.0,-99.0,-952.0
85.0,-35.0,-985.0
132.0,99.0,-966.0
39.0,181.0,-1030.0
-148.0,23.0,-1153.0
-187.0,-199.0,-1059.0
-169.0,-187.0,-1015.0
50.0,0.0,-919.0
277.0,273.0,-903.0
288.0,134.0,-1015.0
87.0,-58.0,-1081.0
-126.0,-21.0,-1120.0
-273.0,163.0,-1075.0
-95.0,152.0,-1030.0
21.0,-35.0,-1034.0
197.0,-275.0,-919.0
128.0,-150.0,-958.0
72.0,150.0,-1020.0
-103.0,214.0,-1087.0
-64.0,54.0,-1083.0
-187.0,5.0,-1026.0
87.0,7.0,-946.0
74.0,152.0,-1056.0
103.0,1.0,-1104.0
60.0,-93.0,-1022.0
76.0,-177.0,-952.0
-40.0,-78.0,-1054.0
-76.0,224.0,-1071.0
-126.0,134.0,-1028.0
7.0,-39.0,-970.0
11.0,-130.0,-942.0
195.0,-37.0,-958.0
97.0,220.0,-1155.0
-35.0,117.0,-1141.0
-148.0,-7.0,-991.0
-87.0,-142.0,-977.0
48.0,-50.0,-944.0
199.0,177.0,-991.0
39.0,-48.0,-1028.0
27.0,-23.0,-1001.0
-122.0,87.0,-983.0
-74.0,29.0,-966.0
21.0,175.0,-974.0
5.0,39.0,-1155.0
-11.0,-76.0,-1108.0
44.0,-124.0,-909.0
21.0,95.0,-921.0
37.0,158.0,-1020.0
81.0,-29.0,-1079.0
-87.0,-195.0,-1015.0
58.0,-44.0,-968.0
-142.0,210.0,-1059.0
-15.0,119.0,-1048.0
111.0,93.0,-1003.0
-44.0,-93.0,-1069.0
177.0,-152.0,-1065.0
-154.0,19.0,-1024.0
13.0,142.0,-1015.0
9.0,99.0,-1040.0
27.0,-169.0,-1087.0
-54.0,-70.0,-921.0
156.0,23.0,-970.0
-56.0,181.0,-1085.0
62.0,-5.0,-1139.0
-140.0,-93.0,-1106.0
29.0,-46.0,-903.0
44.0,81.0,-991.0
-21.0,152.0,-1042.0
220.0,-11.0,-1057.0
19.0,-13.0,-1050.0
15.0,-121.0,-1063.0
-89.0,89.0,-970.0
27.0,154.0,-995.0
27.0,206.0,-1081.0
-42.0,-107.0,-1095.0
144.0,-191.0,-874.0
-91.0,54.0,-995.0
39.0,0.0,-958.0
15.0,183.0,-958.0
11.0,-80.0,-1056.0
-70.0,-58.0,-981.0
-62.0,9.0,-944.0
-11.0,66.0,-976.0
97.0,167.0,-1087.0
0.0,-19.0,-1093.0
103.0,-105.0,-1026.0
-1.0,-142.0,-997.0
187.0,-46.0,-927.0
64.0,95.0,-1030.0
21.0,81.0,-1069.0
-25.0,93.0,-1028.0
21.0,35.0,-993.0
37.0,17.0,-1057.0
13.0,35.0,-1091.0
-66.0,-15.0,-1059.0
9.0,-56.0,-1013.0
-42.0,-19.0,-944.0
111.0,33.0,-958.0
44.0,109.0,-1018.0
11.0,19.0,-1079.0
-85.0,-35.0,-1056.0
-119.0,-11.0,-1003.0
-37.0,95.0,-1011.0
64.0,83.0,-1015.0
21.0,1.0,-1048.0
56.0,-130.0,-1026.0
15.0,-111.0,-1048.0
13.0,19.0,-1085.0
74.0,105.0,-1046.0
-52.0,70.0,-1034.0
50.0,-81.0,-1001.0
-52.0,-95.0,-999.0
42.0,-101.0,-1030.0
-33.0,15.0,-1132.0
27.0,-21.0,-1093.0
-58.0,-177.0,-1073.0
-7.0,-206.0,-987.0
-23.0,-101.0,-1030.0
148.0,60.0,-1085.0
58.0,-50.0,-1198.0
39.0,-224.0,-1112.0
-37.0,-107.0,-1102.0
13.0,-165.0,-1126.0
21.0,-113.0,-1198.0
-66.0,-140.0,-1204.0
-9.0,-400.0,-1173.0
5.0,-284.0,-1079.0
119.0,-236.0,-1126.0
44.0,-76.0,-1218.0
-62.0,-142.0,-1229.0
-175.0,-283.0,-1167.0
-31.0,-257.0,-1132.0
15.0,-304.0,-1145.0
40.0,-187.0,-1139.0
15.0,-322.0,-1184.0
5.0,-365.0,-1186.0
-27.0,-386.0,-1173.0
56.0,-316.0,-1206.0
-107.0,-325.0,-1247.0
-15.0,-413.0,-1089.0
-15.0,-318.0,-1157.0
201.0,-515.0,-1163.0
1.0,-384.0,-1225.0
-46.0,-300.0,-1206.0
-113.0,-554.0,-1214.0
-76.0,-421.0,-1218.0
17.0,-591.0,-1157.0
87.0,-679.0,-1106.0
58.0,-466.0,-1147.0
-19.0,-407.0,-1180.0
11.0,-472.0,-1229.0
-44.0,-587.0,-1202.0
-25.0,-733.0,-1153.0
48.0,-669.0,-1159.0
-62.0,-523.0,-1165.0
13.0,-501.0,-1208.0
-42.0,-560.0,-1206.0
29.0,-677.0,-1112.0
72.0,-515.0,-1163.0
74.0,-575.0,-1157.0
21.0,-571.0,-1161.0
-9.0,-540.0,-1165.0
44.0,-609.0,-1173.0
7.0,-628.0,-1108.0
23.0,-669.0,-1147.0
-33.0,-573.0,-1188.0
27.0,-497.0,-1202.0
-60.0,-646.0,-1233.0
46.0,-568.0,-1124.0
7.0,-489.0,-1108.0
-25.0,-525.0,-1179.0
95.0,-544.0,-1218.0
-3.0,-593.0,-1278.0
-56.0,-663.0,-1184.0
27.0,-548.0,-1081.0
95.0,-366.0,-1194.0
50.0,-329.0,-1282.0
-1.0,-349.0,-1198.0
48.0,-427.0,-1153.0
39.0,-505.0,-1182.0
29.0,-525.0,-1216.0
37.0,-515.0,-1225.0
-101.0,-593.0,-1253.0
23.0,-593.0,-1169.0
72.0,-638.0,-1153.0
91.0,-503.0,-1272.0
-85.0,-437.0,-1321.0
-72.0,-534.0,-1255.0
-56.0,-509.0,-1276.0
-7.0,-558.0,-1251.0
169.0,-468.0,-1153.0
-29.0,-353.0,-1272.0
103.0,-394.0,-1249.0
1.0,-195.0,-1282.0
29.0,-396.0,-1262.0
-25.0,-242.0,-1212.0
-15.0,-232.0,-1196.0
33.0,-300.0,-1216.0
-23.0,-398.0,-1331.0
85.0,-687.0,-1198.0
-165.0,-780.0,-1206.0
66.0,-718.0,-1239.0
-31.0,-472.0,-1259.0
-52.0,-413.0,-1272.0
66.0,-509.0,-1198.0
-109.0,-527.0,-1235.0
74.0,-466.0,-1180.0
-21.0,-368.0,-1307.0
-46.0,-456.0,-1309.0
-70.0,-427.0,-1214.0
56.0,-400.0,-1167.0
85.0,-261.0,-1206.0
89.0,-296.0,-1184.0
-95.0,-478.0,-1223.0
-78.0,-558.0,-1266.0
-9.0,-782.0,-1218.0
-44.0,-751.0,-1212.0
64.0,-755.0,-1196.0
-156.0,-636.0,-1280.0
-52.0,-569.0,-1243.0
-121.0,-433.0,-1220.0
21.0,-497.0,-1165.0
72.0,-653.0,-1132.0
-60.0,-316.0,-1251.0
11.0,-419.0,-1200.0
-9.0,-747.0,-1235.0
-46.0,-667.0,-1216.0
107.0,-692.0,-1132.0
31.0,-626.0,-1145.0
109.0,-540.0,-1272.0
-132.0,-573.0,-1356.0
-44.0,-620.0,-1257.0
-42.0,-839.0,-1249.0
17.0,-843.0,-1188.0
33.0,-630.0,-1186.0
44.0,-726.0,-1255.0
44.0,-772.0,-1331.0
-66.0,-575.0,-1243.0
15.0,-560.0,-1179.0
-68.0,-546.0,-1239.0
-66.0,-632.0,-1266.0
29.0,-527.0,-1262.0
-39.0,-609.0,-1257.0
81.0,-782.0,-1190.0
58.0,-919.0,-1186.0
35.0,-815.0,-1313.0
83.0,-540.0,-1385.0
-37.0,-691.0,-1389.0
29.0,-581.0,-1251.0
105.0,-548.0,-1231.0
99.0,-749.0,-1290.0
37.0,-776.0,-1382.0
-44.0,-913.0,-1385.0
-23.0,-903.0,-1315.0
11.0,-661.0,-1317.0
46.0,-365.0,-1321.0
-1.0,-273.0,-1311.0
115.0,-437.0,-1272.0
-78.0,-714.0,-1319.0
150.0,-948.0,-1243.0
-154.0,-1038.0,-1247.0
33.0,-981.0,-1296.0
-109.0,-704.0,-1303.0
40.0,-349.0,-1278.0
56.0,-294.0,-1341.0
78.0,-733.0,-1225.0
-25.0,-933.0,-1169.0
-11.0,-933.0,-1212.0
1.0,-829.0,-1315.0
42.0,-609.0,-1350.0
35.0,-458.0,-1282.0
21.0,-431.0,-1098.0
35.0,-650.0,-1145.0
54.0,-722.0,-1190.0
-54.0,-628.0,-1266.0
-148.0,-732.0,-1229.0
44.0,-632.0,-1179.0
-62.0,-435.0,-1243.0
130.0,-447.0,-1159.0
-19.0,-493.0,-1184.0
-9.0,-870.0,-1198.0
-13.0,-788.0,-1210.0
23.0,-579.0,-1218.0
-52.0,-616.0,-1282.0
23.0,-314.0,-1251.0
-103.0,-308.0,-1257.0
11.0,-661.0,-1221.0
83.0,-706.0,-1220.0
42.0,-730.0,-1247.0
-25.0,-566.0,-1173.0
-3.0,-345.0,-1307.0
35.0,-497.0,-1366.0
54.0,-542.0,-1368.0
-113.0,-661.0,-1216.0
91.0,-782.0,-1132.0
-93.0,-556.0,-1307.0
95.0,-484.0,-1417.0
-167.0,-568.0,-1356.0
58.0,-837.0,-1307.0
-142.0,-815.0,-1274.0
74.0,-648.0,-1194.0
-56.0,-501.0,-1307.0
81.0,-415.0,-1225.0
-115.0,-515.0,-1284.0
62.0,-782.0,-1167.0
-31.0,-653.0,-1257.0
13.0,-743.0,-1284.0
-93.0,-620.0,-1317.0
-117.0,-327.0,-1233.0
113.0,-534.0,-1264.0
81.0,-675.0,-1218.0
87.0,-806.0,-1249.0
-126.0,-782.0,-1290.0
44.0,-589.0,-1296.0
-52.0,-448.0,-1317.0
232.0,-819.0,-1253.0
-58.0,-696.0,-1235.0
109.0,-667.0,-1247.0
42.0,-778.0,-1255.0
52.0,-509.0,-1360.0
-44.0,-667.0,-1350.0
158.0,-593.0,-1151.0
-78.0,-370.0,-1159.0
68.0,-404.0,-1114.0
40.0,-509.0,-1221.0
93.0,-523.0,-1259.0
-150.0,-558.0,-1278.0
42.0,-831.0,-1034.0
-87.0,-587.0,-1087.0
13.0,-458.0,-1138.0
-111.0,-486.0,-1100.0
9.0,-392.0,-1067.0
-119.0,-488.0,-1114.0
163.0,-735.0,-999.0
39.0,-462.0,-1040.0
15.0,-433.0,-1114.0
-25.0,-331.0,-1079.0
152.0,-284.0,-1087.0
-3.0,-267.0,-1173.0
247.0,-208.0,-974.0
-64.0,-154.0,-1015.0
203.0,-296.0,-1038.0
-167.0,-232.0,-1190.0
89.0,-269.0,-1065.0
-109.0,-290.0,-1177.0
187.0,-411.0,-979.0
-3.0,-60.0,-1069.0
62.0,-238.0,-997.0
35.0,3.0,-1024.0
-146.0,-19.0,-1206.0
140.0,-273.0,-1026.0
-136.0,-142.0,-1011.0
185.0,-199.0,-1011.0
-80.0,-39.0,-1063.0
27.0,-195.0,-995.0
-5.0,-101.0,-1165.0
-52.0,-37.0,-1052.0
42.0,-56.0,-1065.0
31.0,7.0,-1143.0
-21.0,31.0,-1143.0
5.0,13.0,-1108.0
81.0,-48.0,-1184.0
-25.0,-48.0,-1173.0
39.0,-148.0,-1116.0
74.0,23.0,-1204.0
-126.0,253.0,-1260.0
66.0,226.0,-1190.0
-126.0,122.0,-1274.0
15.0,-169.0,-1155.0
-60.0,-277.0,-1155.0
27.0,-216.0,-1200.0
-76.0,11.0,-1290.0
-3.0,115.0,-1274.0
-72.0,87.0,-1180.0
7.0,-44.0,-1136.0
-5.0,-78.0,-1095.0
7.0,-107.0,-1128.0
-52.0,-66.0,-1122.0
-142.0,-208.0,-1225.0
-111.0,-25.0,-1141.0
-15.0,-33.0,-1081.0
33.0,-152.0,-1061.0
-39.0,113.0,-1077.0
101.0,91.0,-960.0
-1.0,-17.0,-1188.0
17.0,-247.0,-1108.0
74.0,-368.0,-1009.0
-83.0,-292.0,-1056.0
220.0,-208.0,-960.0
-81.0,130.0,-1015.0
255.0,-93.0,-1034.0
-210.0,-91.0,-1067.0
267.0,-359.0,-882.0
-140.0,-222.0,-979.0
156.0,-80.0,-929.0
-83.0,-271.0,-977.0
1.0,-27.0,-983.0
-29.0,44.0,-1026.0
-91.0,-87.0,-897.0
136.0,-325.0,-800.0
-187.0,-212.0,-1001.0
35.0,-214.0,-952.0
-95.0,-261.0,-1069.0
-21.0,-228.0,-1169.0
-25.0,-337.0,-1032.0
-29.0,-435.0,-999.0
181.0,-366.0,-1040.0
-109.0,64.0,-1143.0
251.0,-31.0,-1030.0
-83.0,-230.0,-1218.0
115.0,-396.0,-1124.0
-39.0,-433.0,-1087.0
-25.0,-261.0,-1165.0
-109.0,-136.0,-1190.0
21.0,-25.0,-1139.0
-140.0,-11.0,-1130.0
191.0,-257.0,-1032.0
-29.0,-423.0,-995.0
193.0,-448.0,-1048.0
-146.0,-119.0,-1241.0
148.0,-283.0,-1079.0
-101.0,-329.0,-1167.0
66.0,-121.0,-1042.0
134.0,-203.0,-931.0
-74.0,-191.0,-942.0
265.0,-204.0,-1136.0
-245.0,136.0,-1188.0
279.0,5.0,-1056.0
-238.0,-224.0,-1221.0
310.0,-218.0,-1036.0
-21.0,-76.0,-1005.0
101.0,105.0,-1052.0
140.0,35.0,-1050.0
-17.0,64.0,-989.0
124.0,-152.0,-1057.0
-148.0,-99.0,-1143.0
251.0,-169.0,-944.0
-191.0,-89.0,-1104.0
111.0,208.0,-1056.0
-89.0,39.0,-1013.0
58.0,3.0,-954.0
-3.0,31.0,-1038.0
0.0,-37.0,-977.0
-95.0,-162.0,-997.0
-23.0,-81.0,-1104.0
25.0,197.0,-987.0
-3.0,382.0,-1003.0
13.0,199.0,-979.0
138.0,48.0,-970.0
-148.0,-1.0,-989.0
81.0,15.0,-1110.0
-68.0,68.0,-1122.0
-1.0,27.0,-1052.0
31.0,15.0,-1091.0
-72.0,124.0,-1093.0
158.0,99.0,-927.0
-206.0,95.0,-1065.0
191.0,187.0,-1020.0
-324.0,251.0,-1134.0
245.0,-111.0,-1030.0
-267.0,158.0,-1114.0
222.0,203.0,-909.0
-277.0,216.0,-1015.0
177.0,208.0,-851.0
-138.0,261.0,-1089.0
-35.0,103.0,-993.0
-140.0,-29.0,-1139.0
-54.0,-197.0,-1073.0
-35.0,-103.0,-993.0
-17.0,195.0,-1077.0
160.0,72.0,-1097.0
-68.0,81.0,-981.0
187.0,27.0,-1013.0
-132.0,-81.0,-1163.0
66.0,44.0,-1028.0
-81.0,-76.0,-1032.0
165.0,44.0,-1093.0
1.0,374.0,-1056.0
119.0,138.0,-913.0
-17.0,-40.0,-1020.0
52.0,-126.0,-993.0
-19.0,-105.0,-972.0
-17.0,-33.0,-1048.0
103.0,-48.0,-1108.0
44.0,-158.0,-1061.0
-31.0,-140.0,-1071.0
111.0,-113.0,-1061.0
-171.0,-85.0,-972.0
177.0,-74.0,-1022.0
-236.0,-78.0,-1108.0
177.0,-52.0,-981.0
-275.0,113.0,-1149.0
228.0,-52.0,-1011.0
-224.0,60.0,-1145.0
261.0,-148.0,-878.0
-89.0,99.0,-1075.0
189.0,-101.0,-954.0
-140.0,-230.0,-1028.0
154.0,-329.0,-989.0
-146.0,-253.0,-1251.0
87.0,-255.0,-946.0
-44.0,-247.0,-1056.0
-5.0,-171.0,-1073.0
40.0,39.0,-956.0
-165.0,-1.0,-1054.0
203.0,-419.0,-964.0
-165.0,-357.0,-1050.0
220.0,-464.0,-962.0
-95.0,68.0,-1087.0
144.0,331.0,-1005.0
-15.0,-40.0,-938.0
81.0,-35.0,-979.0
140.0,-283.0,-1015.0
46.0,-472.0,-1007.0
-101.0,-325.0,-1071.0
150.0,-162.0,-966.0
-158.0,187.0,-1155.0
162.0,17.0,-962.0
76.0,78.0,-1034.0
29.0,-177.0,-913.0
-9.0,-121.0,-895.0
52.0,62.0,-913.0
-25.0,-85.0,-1100.0
-13.0,-54.0,-1157.0
-109.0,253.0,-995.0
11.0,384.0,-862.0
-80.0,146.0,-1042.0
308.0,-222.0,-884.0
-322.0,-46.0,-1065.0
189.0,-72.0,-1026.0
-279.0,193.0,-1239.0
95.0,-101.0,-1081.0
-183.0,-70.0,-1098.0
175.0,78.0,-1118.0
-126.0,199.0,-1046.0
398.0,187.0,-938.0
-162.0,48.0,-1175.0
74.0,-19.0,-1050.0
70.0,42.0,-1079.0
-111.0,-163.0,-1081.0
7.0,46.0,-1122.0
-21.0,413.0,-810.0
111.0,302.0,-1007.0
66.0,101.0,-1001.0
40.0,99.0,-1087.0
-76.0,97.0,-1038.0
138.0,-283.0,-1124.0
-195.0,-300.0,-1145.0
195.0,244.0,-942.0
-66.0,515.0,-989.0
167.0,306.0,-1013.0
29.0,91.0,-1022.0
72.0,242.0,-995.0
-23.0,-48.0,-1190.0
-124.0,-201.0,-1018.0
52.0,5.0,-948.0
-163.0,390.0,-958.0
271.0,396.0,-966.0
-261.0,372.0,-1003.0
203.0,158.0,-966.0
-169.0,107.0,-1050.0
50.0,-210.0,-1046.0
-193.0,13.0,-979.0
48.0,80.0,-1007.0
-162.0,85.0,-1065.0
232.0,103.0,-962.0
-124.0,142.0,-1079.0
199.0,64.0,-1048.0
-140.0,13.0,-1042.0
-31.0,-136.0,-1040.0
-40.0,146.0,-1044.0
126.0,81.0,-1050.0
39.0,3.0,-1015.0
54.0,-5.0,-1091.0
111.0,-29.0,-1065.0
-29.0,37.0,-1100.0
-87.0,111.0,-1097.0
25.0,33.0,-1018.0
21.0,-42.0,-1034.0
83.0,-193.0,-1077.0
83.0,-134.0,-974.0
-62.0,-40.0,-1042.0
-58.0,-181.0,-1003.0
-134.0,40.0,-1003.0
-124.0,181.0,-931.0
48.0,62.0,-1011.0
-105.0,-119.0,-989.0
27.0,-247.0,-946.0
21.0,-113.0,-958.0
-83.0,-255.0,-1126.0
3.0,-130.0,-944.0
-122.0,91.0,-974.0
177.0,95.0,-1059.0
-19.0,-165.0,-1079.0
68.0,1.0,-1009.0
54.0,-214.0,-1054.0
40.0,-448.0,-1118.0
3.0,-181.0,-958.0
-60.0,117.0,-925.0
247.0,-87.0,-929.0
-144.0,-40.0,-1056.0
83.0,81.0,-874.0
-76.0,109.0,-1013.0
95.0,-511.0,-983.0
-117.0,-95.0,-944.0
95.0,-35.0,-966.0
210.0,-318.0,-1015.0
-80.0,-148.0,-1122.0
58.0,40.0,-997.0
142.0,-33.0,-1091.0
-7.0,-357.0,-997.0
60.0,218.0,-1059.0
68.0,124.0,-1018.0
195.0,-175.0,-1057.0
-304.0,-56.0,-1087.0
240.0,167.0,-1061.0
-42.0,-156.0,-1067.0
-58.0,193.0,-1001.0
-39.0,335.0,-1040.0
191.0,-27.0,-1011.0
-224.0,-99.0,-983.0
-29.0,107.0,-1069.0
80.0,-353.0,-1161.0
-177.0,-54.0,-962.0
19.0,204.0,-1009.0
29.0,-162.0,-1229.0
33.0,134.0,-911.0
-134.0,415.0,-1065.0
290.0,-146.0,-1124.0
-267.0,-87.0,-1050.0
232.0,154.0,-989.0
29.0,-220.0,-1104.0
-68.0,238.0,-942.0
48.0,472.0,-1056.0
160.0,177.0,-1034.0
-130.0,322.0,-935.0
230.0,39.0,-1087.0
50.0,-331.0,-1063.0
-42.0,27.0,-950.0
169.0,-284.0,-1065.0
-208.0,78.0,-960.0
160.0,597.0,-944.0
-23.0,89.0,-991.0
-165.0,390.0,-1011.0
101.0,204.0,-936.0
15.0,-300.0,-1007.0
-103.0,101.0,-931.0
140.0,-122.0,-1065.0
-119.0,259.0,-1026.0
5.0,687.0,-936.0
21.0,136.0,-1126.0
-138.0,124.0,-888.0
208.0,-27.0,-1110.0
-208.0,-105.0,-1056.0
21.0,197.0,-995.0
29.0,-115.0,-1190.0
-138.0,199.0,-974.0
91.0,165.0,-1095.0
-76.0,7.0,-1005.0
-17.0,99.0,-1091.0
117.0,-56.0,-1030.0
-193.0,33.0,-1022.0
242.0,-33.0,-1018.0
-325.0,261.0,-1091.0
253.0,39.0,-853.0
-158.0,-13.0,-1100.0
185.0,105.0,-1015.0
-52.0,-58.0,-1063.0
105.0,132.0,-1046.0
11.0,-165.0,-1038.0
-54.0,-58.0,-952.0
142.0,35.0,-1034.0
-95.0,40.0,-909.0
126.0,154.0,-1098.0
-35.0,-173.0,-1032.0
-1.0,-31.0,-960.0
66.0,-56.0,-1026.0
-154.0,89.0,-979.0
222.0,-74.0,-858.0
-171.0,134.0,-1054.0
109.0,101.0,-1046.0
-95.0,-101.0,-858.0
-58.0,-232.0,-1116.0
111.0,-214.0,-1018.0
-162.0,31.0,-1011.0
95.0,-134.0,-938.0
-140.0,44.0,-1112.0
93.0,-154.0,-1065.0
-101.0,-58.0,-1001.0
177.0,-181.0,-1126.0
-169.0,-177.0,-1095.0
173.0,-308.0,-1077.0
-74.0,111.0,-966.0
201.0,-70.0,-1063.0
-89.0,52.0,-1026.0
126.0,-27.0,-989.0
-91.0,-60.0,-1056.0
103.0,-50.0,-1100.0
3.0,-283.0,-997.0
99.0,-169.0,-1020.0
83.0,-228.0,-1001.0
-23.0,19.0,-929.0
121.0,-89.0,-997.0
-81.0,128.0,-981.0
101.0,7.0,-1102.0
-80.0,-46.0,-917.0
40.0,-117.0,-1091.0
95.0,21.0,-913.0
3.0,42.0,-989.0
74.0,52.0,-931.0
-132.0,-7.0,-1071.0
37.0,93.0,-948.0
-37.0,23.0,-1104.0
-1.0,-21.0,-1026.0
-72.0,-136.0,-1093.0
25.0,-136.0,-950.0
-7.0,138.0,-1032.0
-25.0,121.0,-933.0
23.0,-83.0,-1093.0
0.0,31.0,-1056.0
70.0,70.0,-958.0
-95.0,109.0,-1089.0
42.0,130.0,-1042.0
42.0,-7.0,-935.0
23.0,146.0,-942.0
-15.0,89.0,-1022.0
27.0,56.0,-1018.0
7.0,50.0,-1147.0
1.0,138.0,-991.0
9.0,136.0,-1124.0
95.0,-93.0,-1104.0
140.0,1.0,-1061.0
-35.0,130.0,-974.0
113.0,72.0,-1073.0
0.0,80.0,-1120.0
58.0,308.0,-1132.0
-29.0,275.0,-964.0
-15.0,134.0,-1085.0
-87.0,31.0,-1050.0
31.0,107.0,-925.0
-11.0,158.0,-979.0
-80.0,160.0,-1044.0
-122.0,95.0,-985.0
-48.0,109.0,-1102.0
-48.0,296.0,-1032.0
-117.0,206.0,-1003.0
-21.0,-62.0,-981.0
60.0,83.0,-1177.0
-21.0,-5.0,-974.0
-76.0,52.0,-974.0
119.0,-44.0,-1071.0
-144.0,165.0,-1188.0
191.0,191.0,-919.0
-93.0,154.0,-1044.0
52.0,13.0,-938.0
-17.0,-95.0,-936.0
103.0,-119.0,-952.0
-68.0,-17.0,-1093.0
-11.0,97.0,-907.0
27.0,160.0,-1013.0
11.0,169.0,-1081.0
167.0,9.0,-923.0
-40.0,-234.0,-931.0
204.0,-173.0,-938.0
-130.0,0.0,-1089.0
122.0,-42.0,-993.0
-142.0,-52.0,-1089.0
318.0,148.0,-948.0
-163.0,359.0,-1038.0
183.0,163.0,-888.0
-191.0,-109.0,-1036.0
74.0,-228.0,-991.0
-46.0,-74.0,-1098.0
124.0,-122.0,-974.0
-156.0,37.0,-1102.0
0.0,81.0,-1044.0
-130.0,203.0,-1024.0
42.0,99.0,-1036.0
33.0,-119.0,-1124.0
29.0,-191.0,-1028.0
-31.0,-218.0,-1106.0
37.0,-212.0,-1038.0
-117.0,-40.0,-1063.0
-87.0,-117.0,-1015.0
31.0,-1.0,-981.0
19.0,214.0,-1005.0
0.0,44.0,-1005.0
89.0,-195.0,-1036.0
-27.0,-310.0,-1001.0
136.0,-290.0,-1100.0
17.0,-154.0,-964.0
156.0,-78.0,-974.0
-37.0,-21.0,-1091.0
238.0,-70.0,-1015.0
-66.0,107.0,-1056.0
119.0,-44.0,-1015.0
-29.0,-185.0,-1048.0
99.0,-214.0,-970.0
-42.0,-21.0,-981.0
11.0,62.0,-938.0
-48.0,177.0,-895.0
23.0,140.0,-997.0
-97.0,142.0,-995.0
29.0,-101.0,-958.0
-58.0,-232.0,-1054.0
-46.0,-206.0,-972.0
-40.0,-74.0,-1011.0
-9.0,208.0,-1013.0
-115.0,335.0,-1079.0
37.0,83.0,-1028.0
-148.0,-25.0,-1065.0
89.0,-83.0,-1079.0
-25.0,-52.0,-1040.0
5.0,-7.0,-954.0
117.0,56.0,-1155.0
-27.0,212.0,-997.0
68.0,304.0,-1026.0
9.0,167.0,-1040.0
103.0,-42.0,-981.0
-40.0,-343.0,-1054.0
95.0,-142.0,-1124.0
-23.0,13.0,-1015.0
97.0,-35.0,-1091.0
23.0,29.0,-1061.0
80.0,148.0,-954.0
56.0,126.0,-1095.0
81.0,17.0,-1056.0
11.0,33.0,-1024.0
78.0,-195.0,-1042.0
111.0,93.0,-1052.0
48.0,245.0,-966.0
54.0,156.0,-1022.0
15.0,136.0,-1026.0
101.0,126.0,-1059.0
-25.0,-89.0,-1026.0
-9.0,72.0,-981.0
21.0,-148.0,-1015.0
-23.0,-91.0,-1048.0
-74.0,281.0,-997.0
-64.0,140.0,-972.0
-44.0,31.0,-1040.0
-66.0,17.0,-929.0
-11.0,-15.0,-1011.0
-105.0,56.0,-1087.0
15.0,142.0,-987.0
-15.0,244.0,-1005.0
-48.0,7.0,-1056.0
9.0,232.0,-985.0
56.0,218.0,-1030.0
-33.0,54.0,-1102.0
175.0,107.0,-1063.0
60.0,46.0,-1079.0
29.0,-103.0,-1126.0
121.0,-40.0,-1065.0
11.0,-11.0,-1042.0
58.0,-3.0,-1085.0
-7.0,-113.0,-1065.0
74.0,-152.0,-987.0
-122.0,-76.0,-925.0
-1.0,-23.0,-913.0
-29.0,122.0,-979.0
-193.0,218.0,-917.0
-40.0,255.0,-936.0
-23.0,83.0,-972.0
-21.0,-40.0,-1034.0
33.0,-89.0,-1015.0
119.0,-206.0,-1075.0
95.0,-107.0,-1091.0
-23.0,-66.0,-1038.0
52.0,-27.0,-979.0
-148.0,-126.0,-1063.0
-83.0,-124.0,-944.0
-181.0,-11.0,-946.0
-56.0,-165.0,-968.0
68.0,-78.0,-989.0
-40.0,80.0,-1065.0
189.0,-25.0,-1011.0
13.0,-7.0,-1089.0
119.0,-101.0,-1048.0
-23.0,-253.0,-952.0
-5.0,-292.0,-940.0
-33.0,-122.0,-981.0
3.0,42.0,-931.0
29.0,-23.0,-983.0
107.0,-25.0,-1001.0
109.0,-66.0,-1126.0
132.0,1.0,-1063.0
-23.0,-134.0,-1030.0
66.0,-107.0,-1040.0
-35.0,-54.0,-1015.0
37.0,7.0,-985.0
52.0,244.0,-1075.0
62.0,156.0,-1056.0
105.0,40.0,-1046.0
-165.0,-17.0,-1085.0
-21.0,-175.0,-1022.0
-76.0,35.0,-977.0
-76.0,-165.0,-995.0
70.0,-64.0,-1067.0
0.0,87.0,-1083.0
15.0,-7.0,-1032.0
-115.0,290.0,-1038.0
-40.0,9.0,-983.0
35.0,-113.0,-958.0
40.0,-128.0,-1036.0
97.0,-169.0,-1171.0
21.0,177.0,-1050.0
29.0,302.0,-931.0
-35.0,269.0,-968.0
70.0,52.0,-991.0
162.0,-238.0,-1057.0
81.0,-298.0,-1067.0
-40.0,-48.0,-1032.0
21.0,203.0,-921.0
-7.0,185.0,-995.0
91.0,144.0,-991.0
173.0,-201.0,-1095.0
9.0,-5.0,-956.0
-46.0,267.0,-884.0
-83.0,230.0,-1005.0
138.0,177.0,-1034.0
107.0,-105.0,-1100.0
-7.0,42.0,-946.0
-122.0,425.0,-849.0
-68.0,337.0,-944.0
11.0,33.0,-1034.0
42.0,-320.0,-1175.0
-81.0,-230.0,-1003.0
-228.0,579.0,-890.0
-103.0,515.0,-979.0
-21.0,60.0,-1173.0
97.0,-415.0,-1177.0
-128.0,-97.0,-983.0
-136.0,542.0,-944.0
87.0,224.0,-976.0
163.0,-146.0,-1157.0
29.0,-337.0,-1229.0
-181.0,368.0,-927.0
66.0,646.0,-935.0
60.0,-259.0,-1161.0
48.0,-474.0,-1093.0
-173.0,-80.0,-940.0
66.0,458.0,-944.0
132.0,40.0,-1136.0
19.0,-609.0,-1091.0
-119.0,109.0,-938.0
-132.0,605.0,-970.0
206.0,37.0,-1173.0
193.0,-542.0,-1091.0
-199.0,-87.0,-958.0
23.0,392.0,-948.0
201.0,-81.0,-1048.0
195.0,-536.0,-1110.0
-273.0,347.0,-817.0
-5.0,827.0,-958.0
300.0,-407.0,-1159.0
-156.0,-595.0,-1005.0
-251.0,279.0,-856.0
97.0,478.0,-927.0
341.0,-585.0,-1157.0
-349.0,-476.0,-935.0
-177.0,987.0,-823.0
185.0,314.0,-1149.0
81.0,-1098.0,-1227.0
-489.0,76.0,-782.0
126.0,776.0,-897.0
386.0,-679.0,-1346.0
-222.0,-771.0,-966.0
-199.0,923.0,-833.0
363.0,421.0,-1202.0
175.0,-1122.0,-1165.0
-550.0,62.0,-747.0
296.0,628.0,-1034.0
324.0,-940.0,-1303.0
-263.0,-610.0,-888.0
-50.0,917.0,-843.0
511.0,-208.0,-1321.0
-230.0,-767.0,-1036.0
-304.0,821.0,-763.0
456.0,62.0,-1218.0
37.0,-1106.0,-1110.0
-396.0,335.0,-694.0
384.0,538.0,-1157.0
122.0,-771.0,-1231.0
-556.0,456.0,-648.0
363.0,696.0,-1073.0
167.0,-1042.0,-1214.0
-431.0,244.0,-577.0
306.0,425.0,-1042.0
152.0,-1083.0,-1344.0
-550.0,450.0,-786.0
271.0,749.0,-1065.0
130.0,-825.0,-1282.0
-497.0,452.0,-614.0
480.0,251.0,-1054.0
3.0,-1038.0,-1259.0
-378.0,774.0,-646.0
402.0,197.0,-1280.0
-191.0,-755.0,-1190.0
-158.0,929.0,-552.0
425.0,-103.0,-1177.0
-355.0,-511.0,-1028.0
148.0,847.0,-630.0
242.0,-917.0,-1333.0
-478.0,-5.0,-921.0
433.0,675.0,-942.0
5.0,-854.0,-1235.0
-283.0,888.0,-712.0
503.0,54.0,-1139.0
-244.0,-712.0,-1011.0
-23.0,1091.0,-851.0
450.0,-730.0,-1325.0
-653.0,150.0,-845.0
603.0,878.0,-882.0
-163.0,-702.0,-1104.0
-269.0,1266.0,-568.0
579.0,-140.0,-1073.0
-587.0,-177.0,-813.0
302.0,1098.0,-872.0
3.0,-911.0,-1020.0
-374.0,933.0,-650.0
640.0,148.0,-1138.0
-712.0,0.0,-782.0
300.0,1274.0,-847.0
-44.0,-767.0,-1171.0
-390.0,1005.0,-648.0
653.0,-171.0,-1077.0
-806.0,201.0,-812.0
728.0,954.0,-862.0
-456.0,-220.0,-972.0
83.0,1419.0,-667.0
396.0,-216.0,-1018.0
-435.0,737.0,-591.0
626.0,283.0,-899.0
-501.0,119.0,-812.0
515.0,1015.0,-813.0
-298.0,119.0,-772.0
122.0,864.0,-829.0
83.0,101.0,-851.0
-300.0,546.0,-737.0
415.0,232.0,-944.0
-732.0,609.0,-872.0
794.0,238.0,-974.0
-778.0,931.0,-726.0
720.0,622.0,-1093.0
-511.0,851.0,-743.0
450.0,696.0,-995.0
-140.0,368.0,-966.0
11.0,698.0,-927.0
275.0,203.0,-950.0
-288.0,1040.0,-919.0
380.0,165.0,-1102.0
-474.0,1085.0,-819.0
525.0,46.0,-1067.0
-810.0,1309.0,-788.0
655.0,-175.0,-1149.0
-837.0,1067.0,-636.0
523.0,-5.0,-1227.0
-675.0,923.0,-675.0
542.0,435.0,-936.0
-497.0,772.0,-698.0
523.0,462.0,-952.0
-341.0,685.0,-609.0
394.0,628.0,-1020.0
-230.0,363.0,-831.0
152.0,591.0,-806.0
-80.0,273.0,-876.0
83.0,581.0,-933.0
31.0,495.0,-784.0
154.0,480.0,-878.0
87.0,507.0,-858.0
-29.0,614.0,-757.0
78.0,620.0,-829.0
-76.0,253.0,-847.0
-68.0,521.0,-856.0
44.0,132.0,-815.0
117.0,694.0,-854.0
15.0,571.0,-628.0
189.0,640.0,-733.0
-25.0,612.0,-661.0
25.0,585.0,-802.0
-187.0,439.0,-663.0
52.0,76.0,-897.0
-87.0,482.0,-659.0
185.0,52.0,-759.0
-81.0,847.0,-712.0
156.0,388.0,-810.0
-158.0,862.0,-833.0
-87.0,105.0,-854.0
-68.0,448.0,-970.0
-134.0,427.0,-872.0
156.0,284.0,-952.0
-126.0,753.0,-817.0
292.0,162.0,-985.0
-154.0,892.0,-854.0
113.0,201.0,-878.0
-62.0,757.0,-1044.0
44.0,290.0,-792.0
181.0,355.0,-989.0
-89.0,683.0,-829.0
267.0,138.0,-913.0
-251.0,872.0,-788.0
160.0,-54.0,-823.0
-179.0,587.0,-962.0
-58.0,532.0,-610.0
-23.0,392.0,-1011.0
-15.0,874.0,-681.0
74.0,99.0,-687.0
-21.0,618.0,-771.0
191.0,462.0,-575.0
128.0,507.0,-831.0
-162.0,732.0,-683.0
124.0,232.0,-825.0
13.0,835.0,-880.0
17.0,443.0,-562.0
177.0,325.0,-979.0
31.0,827.0,-710.0
230.0,370.0,-618.0
35.0,696.0,-1042.0
-80.0,771.0,-650.0
165.0,378.0,-936.0
21.0,841.0,-853.0
-78.0,753.0,-650.0
78.0,501.0,-1106.0
-29.0,913.0,-564.0
-58.0,648.0,-823.0
60.0,622.0,-1087.0
-40.0,1026.0,-486.0
21.0,532.0,-1143.0
-7.0,603.0,-946.0
-128.0,1063.0,-443.0
156.0,306.0,-1143.0
44.0,792.0,-628.0
-242.0,1075.0,-683.0
187.0,83.0,-1169.0
29.0,1098.0,-542.0
-167.0,979.0,-786.0
187.0,-80.0,-997.0
-197.0,1255.0,-507.0
-89.0,728.0,-868.0
171.0,218.0,-853.0
-140.0,1549.0,-480.0
-15.0,556.0,-958.0
214.0,269.0,-835.0
-318.0,1469.0,-646.0
35.0,675.0,-837.0
140.0,363.0,-923.0
-115.0,1155.0,-673.0
-25.0,585.0,-802.0
240.0,238.0,-1034.0
-15.0,999.0,-790.0
-80.0,841.0,-765.0
103.0,310.0,-933.0
83.0,864.0,-771.0
-177.0,1077.0,-749.0
60.0,290.0,-972.0
115.0,581.0,-874.0
-179.0,1368.0,-677.0
76.0,474.0,-841.0
81.0,363.0,-868.0
-21.0,1237.0,-714.0
-91.0,782.0,-841.0
165.0,3.0,-913.0
-35.0,767.0,-833.0
-66.0,1007.0,-694.0
76.0,117.0,-778.0
142.0,316.0,-812.0
-97.0,1091.0,-794.0
-103.0,667.0,-763.0
171.0,130.0,-735.0
-56.0,856.0,-759.0
-121.0,1038.0,-720.0
119.0,284.0,-618.0
81.0,478.0,-769.0
-17.0,981.0,-817.0
-91.0,646.0,-607.0
206.0,146.0,-716.0
9.0,569.0,-853.0
-48.0,972.0,-772.0
17.0,380.0,-591.0
89.0,316.0,-724.0
5.0,464.0,-894.0
-54.0,644.0,-782.0
19.0,542.0,-679.0
-1.0,491.0,-800.0
-33.0,607.0,-911.0
-7.0,673.0,-732.0
-29.0,895.0,-691.0
52.0,628.0,-776.0
5.0,380.0,-886.0
42.0,552.0,-853.0
29.0,782.0,-761.0
163.0,474.0,-765.0
109.0,392.0,-890.0
42.0,538.0,-921.0
27.0,774.0,-886.0
80.0,761.0,-800.0
27.0,439.0,-862.0
21.0,400.0,-860.0
-19.0,556.0,-919.0
-52.0,597.0,-800.0
52.0,569.0,-794.0
5.0,620.0,-794.0
50.0,562.0,-794.0
-7.0,591.0,-819.0
74.0,692.0,-798.0
72.0,544.0,-771.0
5.0,609.0,-710.0
52.0,544.0,-812.0
-37.0,599.0,-843.0
-7.0,856.0,-800.0
35.0,716.0,-733.0
-3.0,685.0,-708.0
44.0,478.0,-737.0
-9.0,591.0,-788.0
31.0,722.0,-812.0
-21.0,704.0,-778.0
64.0,730.0,-716.0
-21.0,726.0,-786.0
-15.0,640.0,-755.0
-13.0,722.0,-757.0
-40.0,632.0,-866.0
0.0,585.0,-853.0
39.0,788.0,-792.0
3.0,845.0,-823.0
1.0,882.0,-847.0
-31.0,519.0,-858.0
-50.0,372.0,-942.0
-50.0,433.0,-979.0
-15.0,569.0,-929.0
46.0,661.0,-831.0
27.0,720.0,-876.0
21.0,671.0,-892.0
-25.0,589.0,-942.0
-56.0,515.0,-981.0
15.0,370.0,-905.0
5.0,396.0,-923.0
23.0,474.0,-952.0
81.0,577.0,-931.0
25.0,702.0,-892.0
62.0,550.0,-921.0
13.0,306.0,-921.0
-60.0,210.0,-995.0
9.0,126.0,-1040.0
-23.0,333.0,-972.0
27.0,384.0,-917.0
62.0,308.0,-905.0
23.0,419.0,-895.0
-13.0,335.0,-915.0
15.0,251.0,-962.0
-70.0,138.0,-964.0
27.0,119.0,-935.0
-3.0,226.0,-968.0
46.0,238.0,-907.0
0.0,261.0,-913.0
13.0,191.0,-923.0
29.0,156.0,-913.0
-21.0,126.0,-942.0
0.0,54.0,-952.0
-33.0,97.0,-909.0
-21.0,113.0,-929.0
9.0,76.0,-925.0
-1.0,130.0,-886.0
9.0,56.0,-895.0
-13.0,37.0,-925.0
39.0,83.0,-890.0
-13.0,5.0,-886.0
35.0,81.0,-917.0
91.0,134.0,-903.0
42.0,83.0,-894.0
31.0,35.0,-907.0
105.0,48.0,-892.0
42.0,115.0,-913.0
-3.0,117.0,-983.0
113.0,-64.0,-921.0
-44.0,74.0,-940.0
50.0,48.0,-964.0
-29.0,-11.0,-952.0
-13.0,37.0,-968.0
-11.0,5.0,-983.0
-48.0,9.0,-1001.0
29.0,48.0,-917.0
-11.0,-7.0,-933.0
19.0,-3.0,-991.0
74.0,37.0,-921.0
-15.0,132.0,-970.0
107.0,119.0,-944.0
95.0,89.0,-974.0
25.0,152.0,-927.0
70.0,89.0,-940.0
29.0,111.0,-1020.0
33.0,154.0,-1005.0
70.0,150.0,-985.0
-27.0,107.0,-931.0
23.0,46.0,-976.0
-17.0,146.0,-1028.0
-66.0,197.0,-1042.0
52.0,171.0,-925.0
1.0,201.0,-948.0
27.0,203.0,-958.0
-60.0,238.0,-1018.0
35.0,218.0,-1018.0
-19.0,234.0,-983.0
72.0,214.0,-956.0
40.0,271.0,-935.0
74.0,283.0,-950.0
31.0,234.0,-942.0
31.0,275.0,-993.0
35.0,220.0,-997.0
-35.0,343.0,-966.0
5.0,327.0,-936.0
-15.0,269.0,-927.0
48.0,277.0,-966.0
-7.0,284.0,-1015.0
52.0,339.0,-983.0
-52.0,349.0,-981.0
29.0,244.0,-968.0
-113.0,255.0,-991.0
-35.0,310.0,-1018.0
-52.0,322.0,-983.0
54.0,265.0,-991.0
68.0,279.0,-952.0
33.0,230.0,-938.0
0.0,277.0,-1024.0
-126.0,220.0,-1063.0
-99.0,236.0,-1042.0
-50.0,253.0,-999.0
0.0,251.0,-917.0
39.0,220.0,-970.0
17.0,298.0,-1022.0
19.0,234.0,-1061.0
-5.0,146.0,-1018.0
5.0,140.0,-938.0
7.0,119.0,-936.0
44.0,148.0,-999.0
52.0,259.0,-1032.0
25.0,128.0,-1044.0
70.0,144.0,-1005.0
-29.0,117.0,-966.0
9.0,46.0,-974.0
-48.0,99.0,-1028.0
-35.0,1.0,-1059.0
-11.0,66.0,-1050.0
-37.0,87.0,-1011.0
-27.0,37.0,-972.0
-5.0,11.0,-958.0
5.0,-39.0,-991.0
62.0,-35.0,-1007.0
29.0,23.0,-1032.0
66.0,-58.0,-981.0
17.0,-54.0,-993.0
7.0,-17.0,-995.0
-13.0,-3.0,-1042.0
17.0,-83.0,-993.0
37.0,-66.0,-972.0
27.0,-91.0,-958.0
25.0,-142.0,-974.0
31.0,-19.0,-1026.0
-17.0,-72.0,-1007.0
21.0,-117.0,-1013.0
11.0,-58.0,-938.0
93.0,-119.0,-944.0
13.0,-29.0,-1009.0
44.0,-134.0,-977.0
-37.0,-52.0,-1057.0
52.0,-83.0,-974.0
29.0,-91.0,-970.0
72.0,-52.0,-962.0
17.0,-81.0,-995.0
29.0,-15.0,-985.0
17.0,-68.0,-1028.0
50.0,-128.0,-981.0
37.0,-76.0,-995.0
56.0,-167.0,-972.0
-7.0,62.0,-1024.0
39.0,-21.0,-999.0
15.0,-13.0,-1011.0
29.0,-52.0,-1001.0
25.0,-165.0,-958.0
23.0,42.0,-1005.0
19.0,-66.0,-1048.0
-21.0,89.0,-1015.0
23.0,23.0,-976.0
31.0,-37.0,-962.0
83.0,19.0,-997.0
25.0,-60.0,-993.0
-19.0,117.0,-1054.0
-27.0,-1.0,-1034.0
-7.0,121.0,-1020.0
50.0,56.0,-964.0
52.0,25.0,-979.0
37.0,130.0,-1005.0
27.0,50.0,-1059.0
5.0,134.0,-1075.0
-13.0,93.0,-995.0
13.0,76.0,-1013.0
66.0,46.0,-966.0
21.0,208.0,-1044.0
19.0,230.0,-1005.0
17.0,85.0,-1069.0
1.0,76.0,-1030.0
13.0,119.0,-1026.0
19.0,191.0,-1003.0
21.0,230.0,-1024.0
1.0,238.0,-1013.0
-3.0,193.0,-1015.0
19.0,1.0,-1020.0
0.0,136.0,-1050.0
9.0,218.0,-1034.0
-21.0,290.0,-1020.0
-11.0,236.0,-1003.0
-3.0,117.0,-1013.0
-1.0,130.0,-997.0
-37.0,124.0,-1026.0
13.0,162.0,-1046.0
-31.0,220.0,-1040.0
46.0,163.0,-1013.0
-17.0,269.0,-981.0
78.0,142.0,-950.0
-35.0,146.0,-999.0
52.0,23.0,-1044.0
0.0,173.0,-1065.0
35.0,267.0,-1022.0
40.0,206.0,-1003.0
66.0,85.0,-976.0
-3.0,50.0,-974.0
-42.0,136.0,-1067.0
-35.0,46.0,-1079.0
-42.0,27.0,-1069.0
-33.0,78.0,-1032.0
3.0,87.0,-974.0
13.0,169.0,-946.0
-58.0,-19.0,-1011.0
13.0,-44.0,-1030.0
-58.0,52.0,-1020.0
17.0,23.0,-1038.0
1.0,7.0,-995.0
72.0,-1.0,-966.0
9.0,80.0,-989.0
33.0,0.0,-970.0
58.0,-140.0,-1001.0
-25.0,-152.0,-1075.0
19.0,-70.0,-1042.0
15.0,27.0,-1022.0
-13.0,-122.0,-1024.0
-11.0,9.0,-966.0
-7.0,37.0,-981.0
-21.0,-119.0,-1034.0
-40.0,-208.0,-1034.0
21.0,-162.0,-1022.0
-1.0,11.0,-1011.0
99.0,-97.0,-987.0
35.0,-29.0,-976.0
54.0,9.0,-983.0
3.0,-107.0,-977.0
17.0,-238.0,-1040.0
-9.0,-242.0,-1057.0
87.0,-52.0,-1009.0
27.0,-66.0,-1050.0
74.0,-37.0,-977.0
42.0,19.0,-974.0
3.0,-95.0,-1015.0
-11.0,-232.0,-1005.0
-21.0,-189.0,-1036.0
9.0,-87.0,-1026.0
95.0,-19.0,-1030.0
60.0,46.0,-1015.0
58.0,-7.0,-962.0
29.0,-122.0,-991.0
-54.0,-126.0,-1026.0
9.0,-134.0,-1020.0
-25.0,-25.0,-1067.0
72.0,-15.0,-1036.0
64.0,87.0,-993.0
52.0,-31.0,-966.0
52.0,-58.0,-993.0
-29.0,23.0,-1009.0
-29.0,-107.0,-1018.0
15.0,-42.0,-1056.0
-9.0,105.0,-1054.0
29.0,64.0,-976.0
74.0,27.0,-1007.0
15.0,101.0,-1007.0
60.0,17.0,-958.0
-31.0,-39.0,-1098.0
-19.0,62.0,-1022.0
11.0,91.0,-991.0
21.0,52.0,-1071.0
54.0,163.0,-1001.0
64.0,160.0,-981.0
-15.0,-40.0,-1034.0
23.0,122.0,-1020.0
-58.0,44.0,-1024.0
54.0,15.0,-1036.0
-37.0,308.0,-1065.0
29.0,27.0,-979.0
7.0,97.0,-1038.0
-29.0,232.0,-1001.0
50.0,-23.0,-989.0
-76.0,160.0,-1065.0
52.0,154.0,-1028.0
-42.0,68.0,-1026.0
19.0,244.0,-1022.0
42.0,169.0,-1013.0
-58.0,46.0,-997.0
56.0,247.0,-1018.0
-93.0,66.0,-1015.0
21.0,46.0,-1013.0
-17.0,359.0,-1063.0
-21.0,-31.0,-997.0
29.0,236.0,-1046.0
-15.0,228.0,-1003.0
-1.0,-119.0,-999.0
-1.0,343.0,-1028.0
-11.0,-29.0,-1034.0
-66.0,60.0,-1011.0
52.0,335.0,-1028.0
-62.0,-136.0,-1057.0
48.0,214.0,-1001.0
27.0,115.0,-1026.0
-35.0,-208.0,-995.0
140.0,337.0,-985.0
-58.0,-117.0,-999.0
66.0,35.0,-1028.0
33.0,265.0,-1040.0
-21.0,-308.0,-1026.0
40.0,296.0,-1061.0
40.0,-163.0,-989.0
-81.0,-46.0,-1018.0
132.0,259.0,-1001.0
-148.0,-325.0,-1048.0
76.0,337.0,-1032.0
-74.0,-169.0,-1030.0
-66.0,-128.0,-1063.0
119.0,228.0,-983.0
-173.0,-404.0,-1022.0
158.0,308.0,-1013.0
-46.0,-208.0,-995.0
-11.0,-39.0,-1054.0
81.0,175.0,-981.0
-21.0,-448.0,-1005.0
60.0,355.0,-1040.0
81.0,-468.0,-962.0
-95.0,105.0,-1075.0
189.0,-58.0,-968.0
-210.0,-259.0,-1065.0
203.0,308.0,-974.0
-148.0,-544.0,-1052.0
130.0,324.0,-1015.0
42.0,-333.0,-985.0
-46.0,-64.0,-1005.0
169.0,115.0,-997.0
-171.0,-411.0,-1026.0
144.0,337.0,-995.0
-95.0,-474.0,-1034.0
52.0,232.0,-1032.0
99.0,-218.0,-981.0
-66.0,-42.0,-1050.0
220.0,70.0,-960.0
-148.0,-245.0,-1065.0
136.0,210.0,-985.0
-105.0,-361.0,-1038.0
29.0,191.0,-1003.0
62.0,-204.0,-1003.0
-39.0,78.0,-1046.0
124.0,-42.0,-1003.0
-89.0,13.0,-1071.0
81.0,25.0,-1018.0
-64.0,-68.0,-1020.0
39.0,54.0,-1003.0
-37.0,-93.0,-1042.0
19.0,105.0,-987.0
15.0,-68.0,-1054.0
-50.0,136.0,-1038.0
66.0,-74.0,-1007.0
-113.0,162.0,-1046.0
95.0,-154.0,-989.0
-87.0,236.0,-997.0
105.0,-171.0,-985.0
-66.0,191.0,-1036.0
50.0,-1.0,-997.0
-29.0,134.0,-1024.0
9.0,11.0,-1028.0
44.0,105.0,-1011.0
-27.0,83.0,-1020.0
83.0,7.0,-1018.0
-44.0,144.0,-1030.0
52.0,99.0,-993.0
-54.0,165.0,-1048.0
74.0,52.0,-1009.0
-60.0,136.0,-1030.0
42.0,105.0,-1005.0
-23.0,48.0,-1048.0
74.0,113.0,-976.0
-58.0,130.0,-1038.0
52.0,29.0,-1022.0
-74.0,126.0,-1034.0
29.0,93.0,-1056.0
-48.0,144.0,-997.0
56.0,37.0,-1015.0
-7.0,136.0,-1011.0
37.0,89.0,-1026.0
17.0,117.0,-1007.0
13.0,93.0,-1028.0
37.0,37.0,-1022.0
-17.0,113.0,-1032.0
46.0,46.0,-997.0
0.0,130.0,-1024.0
33.0,29.0,-1018.0
17.0,128.0,-1048.0
25.0,-29.0,-1015.0
-39.0,152.0,-1044.0
11.0,-23.0,-1018.0
-7.0,85.0,-1028.0
11.0,-3.0,-1028.0
23.0,97.0,-1034.0
29.0,-5.0,-1009.0
64.0,72.0,-1040.0
-35.0,-48.0,-1038.0
31.0,115.0,-1009.0
-5.0,-101.0,-1034.0
9.0,29.0,-1046.0
23.0,-3.0,-1007.0
21.0,-91.0,-1026.0
33.0,37.0,-1015.0
27.0,-52.0,-1028.0
-5.0,27.0,-1022.0
29.0,-72.0,-1028.0
-11.0,15.0,-1048.0
7.0,-48.0,-993.0
25.0,-13.0,-1015.0
29.0,-76.0,-1022.0
25.0,31.0,-1009.0
17.0,-83.0,-1024.0
29.0,-46.0,-1034.0
7.0,-31.0,-1003.0
5.0,-68.0,-1009.0
44.0,-11.0,-995.0
33.0,-142.0,-1026.0
52.0,13.0,-985.0
-11.0,-117.0,-1022.0
37.0,-17.0,-1018.0
-21.0,-81.0,-1011.0
17.0,-19.0,-1034.0
39.0,-50.0,-1011.0
37.0,-52.0,-1005.0
39.0,-25.0,-1020.0
15.0,-78.0,-1005.0
29.0,-5.0,-1032.0
-1.0,-83.0,-1034.0
-11.0,-3.0,-1020.0
7.0,-46.0,-1011.0
-11.0,-46.0,-1018.0
25.0,-1.0,-1003.0
33.0,-54.0,-1003.0
31.0,19.0,-1048.0
37.0,-72.0,-1005.0
-15.0,3.0,-1028.0
44.0,-50.0,-1026.0
-9.0,3.0,-1042.0
44.0,3.0,-1009.0
0.0,-19.0,-1005.0
39.0,62.0,-1048.0
37.0,-25.0,-1026.0
-37.0,60.0,-1032.0
58.0,-7.0,-1018.0
-29.0,33.0,-1005.0
68.0,48.0,-1018.0
-5.0,0.0,-1005.0
46.0,91.0,-1052.0
1.0,5.0,-1022.0
-5.0,54.0,-1032.0
7.0,25.0,-1052.0
5.0,56.0,-989.0
33.0,78.0,-1024.0
48.0,50.0,-983.0
-5.0,76.0,-1065.0
40.0,76.0,-1020.0
-15.0,80.0,-1050.0
15.0,46.0,-1020.0
-31.0,99.0,-991.0
17.0,48.0,-1028.0
21.0,87.0,-1020.0
23.0,99.0,-1009.0
21.0,87.0,-1065.0
0.0,37.0,-1003.0
-29.0,95.0,-1040.0
-3.0,70.0,-1007.0
9.0,56.0,-1011.0
-7.0,128.0,-1042.0
17.0,21.0,-1001.0
13.0,119.0,-1030.0
0.0,68.0,-989.0
33.0,27.0,-999.0
5.0,113.0,-1044.0
31.0,-7.0,-989.0
-1.0,103.0,-1042.0
5.0,37.0,-1034.0
21.0,33.0,-985.0
-15.0,122.0,-1042.0
15.0,-37.0,-1018.0
1.0,48.0,-1022.0
-54.0,109.0,-1050.0
21.0,-35.0,-979.0
-17.0,85.0,-1026.0
0.0,33.0,-1046.0
35.0,11.0,-974.0
11.0,37.0,-1038.0
23.0,-9.0,-1022.0
29.0,-13.0,-997.0
0.0,62.0,-1046.0
-7.0,-64.0,-1013.0
37.0,-7.0,-1015.0
-44.0,74.0,-1044.0
40.0,-117.0,-1018.0
-9.0,81.0,-1024.0
-7.0,5.0,-1026.0
37.0,-128.0,-1011.0
-21.0,72.0,-1022.0
5.0,-48.0,-1040.0
37.0,-64.0,-983.0
11.0,80.0,-1028.0
25.0,-54.0,-1018.0
54.0,-83.0,-993.0
13.0,85.0,-1050.0
19.0,-99.0,-1018.0
39.0,-91.0,-991.0
15.0,70.0,-1036.0
48.0,-58.0,-983.0
58.0,-54.0,-1007.0
23.0,27.0,-1052.0
58.0,-87.0,-1022.0
-11.0,-31.0,-1028.0
-3.0,-13.0,-1048.0
-7.0,-78.0,-1030.0
-13.0,-35.0,-1030.0
-9.0,23.0,-1038.0
-7.0,-80.0,-1028.0
-5.0,-27.0,-1024.0
-13.0,50.0,-1020.0
35.0,-62.0,-1011.0
17.0,3.0,-995.0
64.0,17.0,-1015.0
52.0,-70.0,-1009.0
40.0,-21.0,-1009.0
46.0,46.0,-1034.0
13.0,-7.0,-1034.0
46.0,-64.0,-1022.0
13.0,83.0,-1026.0
23.0,-27.0,-1032.0
15.0,-64.0,-997.0
35.0,62.0,-1026.0
31.0,11.0,-1032.0
48.0,-25.0,-1003.0
3.0,17.0,-1026.0
-9.0,81.0,-1042.0
13.0,-39.0,-995.0
5.0,17.0,-1018.0
23.0,85.0,-1036.0
29.0,-1.0,-1009.0
17.0,19.0,-1018.0
11.0,72.0,-1059.0
-21.0,42.0,-1028.0
-29.0,-1.0,-1007.0
11.0,52.0,-1030.0
0.0,83.0,-1015.0
35.0,-7.0,-1015.0
21.0,58.0,-1009.0
31.0,68.0,-1036.0
5.0,29.0,-1011.0
7.0,25.0,-1018.0
17.0,72.0,-1040.0
-11.0,68.0,-1015.0
15.0,23.0,-1009.0
-7.0,64.0,-1032.0
-1.0,70.0,-1034.0
13.0,40.0,-1007.0
7.0,35.0,-1034.0
25.0,68.0,-1028.0
-15.0,76.0,-997.0
0.0,7.0,-1034.0
-46.0,39.0,-1056.0
-13.0,62.0,-1011.0
-17.0,80.0,-1005.0
58.0,-11.0,-1001.0
50.0,42.0,-1009.0
40.0,87.0,-989.0
33.0,15.0,-1028.0
15.0,13.0,-1022.0
15.0,46.0,-1034.0
21.0,72.0,-1018.0
40.0,-17.0,-1011.0
29.0,-1.0,-1034.0
19.0,119.0,-1040.0
-33.0,7.0,-1052.0
-50.0,-17.0,-1030.0
-60.0,-3.0,-1036.0
-17.0,50.0,-1018.0
-13.0,23.0,-1009.0
40.0,-35.0,-999.0
1.0,70.0,-1024.0
33.0,15.0,-1005.0
11.0,5.0,-1001.0
21.0,-27.0,-1020.0
15.0,11.0,-1028.0
9.0,56.0,-1009.0
21.0,-46.0,-1011.0
33.0,-13.0,-1011.0
52.0,13.0,-1001.0
37.0,23.0,-1026.0
39.0,-48.0,-1024.0
33.0,-39.0,-1015.0
19.0,31.0,-1009.0
37.0,-3.0,-1028.0
27.0,-33.0,-1036.0
19.0,-74.0,-1013.0
21.0,17.0,-1024.0
-21.0,25.0,-1036.0
19.0,-48.0,-1024.0
-31.0,-29.0,-1018.0
-7.0,5.0,-1030.0
-15.0,46.0,-1013.0
27.0,-46.0,-1003.0
7.0,-52.0,-1024.0
27.0,5.0,-1007.0
23.0,31.0,-1015.0
23.0,-17.0,-1007.0
48.0,-68.0,-1018.0
27.0,3.0,-1009.0
40.0,29.0,-1024.0
27.0,11.0,-1028.0
25.0,-58.0,-1003.0
44.0,-7.0,-1020.0
13.0,74.0,-1026.0
39.0,3.0,-1030.0
17.0,-54.0,-1013.0
39.0,-50.0,-1020.0
15.0,70.0,-1034.0
7.0,76.0,-1015.0
3.0,-27.0,-1022.0
0.0,-31.0,-1026.0
13.0,23.0,-1015.0
15.0,97.0,-1020.0
25.0,5.0,-1015.0
29.0,-54.0,-1028.0
5.0,0.0,-1024.0
21.0,78.0,-1026.0
0.0,58.0,-1013.0
25.0,-48.0,-1009.0
29.0,-5.0,-1018.0
23.0,54.0,-1024.0
0.0,103.0,-1028.0
3.0,11.0,-1020.0
9.0,-46.0,-1015.0
15.0,35.0,-1005.0
27.0,95.0,-1011.0
31.0,85.0,-1009.0
3.0,-17.0,-1011.0
11.0,-13.0,-1028.0
-15.0,76.0,-1018.0
3.0,60.0,-1020.0
-5.0,58.0,-991.0
40.0,-19.0,-1005.0
33.0,31.0,-1024.0
35.0,76.0,-1022.0
-15.0,81.0,-1048.0
-21.0,17.0,-1015.0
1.0,-23.0,-1030.0
-7.0,58.0,-1007.0
29.0,50.0,-1009.0
27.0,66.0,-1028.0
21.0,5.0,-1022.0
15.0,23.0,-1028.0
0.0,48.0,-1011.0
1.0,17.0,-1018.0
-15.0,58.0,-1013.0
7.0,3.0,-1018.0
37.0,29.0,-1013.0
35.0,40.0,-1015.0
58.0,5.0,-1020.0
-11.0,46.0,-1020.0
1.0,5.0,-1034.0
-3.0,33.0,-1028.0
21.0,-5.0,-1018.0
15.0,1.0,-1015.0
29.0,37.0,-1007.0
9.0,17.0,-1034.0
11.0,37.0,-1022.0
27.0,-33.0,-1034.0
-3.0,11.0,-1015.0
13.0,5.0,-1011.0
7.0,27.0,-1024.0
15.0,19.0,-1011.0
35.0,-17.0,-1020.0
21.0,11.0,-1022.0
42.0,-17.0,-1022.0
21.0,27.0,-1018.0
5.0,5.0,-1018.0
25.0,0.0,-1024.0
23.0,13.0,-1018.0
40.0,-17.0,-1026.0
29.0,15.0,-1007.0
39.0,-15.0,-1018.0
9.0,23.0,-1032.0
3.0,21.0,-1022.0
13.0,-19.0,-1030.0
15.0,-7.0,-1018.0
7.0,-37.0,-1026.0
5.0,21.0,-1022.0
37.0,-1.0,-1018.0
19.0,21.0,-1015.0
31.0,-11.0,-1011.0
29.0,-13.0,-1028.0
7.0,5.0,-1028.0
13.0,-11.0,-1050.0
-5.0,15.0,-1020.0
17.0,-11.0,-1005.0
15.0,1.0,-1009.0
19.0,-7.0,-1020.0
35.0,-27.0,-1038.0
0.0,29.0,-1036.0
21.0,3.0,-1022.0
15.0,42.0,-1013.0
17.0,-1.0,-1009.0
23.0,-7.0,-1011.0
15.0,13.0,-1020.0
44.0,-5.0,-1024.0
1.0,42.0,-1015.0
44.0,13.0,-1018.0
13.0,52.0,-1018.0
7.0,5.0,-1020.0
23.0,3.0,-1022.0
0.0,17.0,-1013.0
37.0,3.0,-1022.0
11.0,64.0,-1018.0
46.0,35.0,-1007.0
15.0,40.0,-1015.0
31.0,15.0,-1018.0
5.0,19.0,-1026.0
19.0,23.0,-1013.0
17.0,23.0,-1034.0
19.0,68.0,-1015.0
27.0,25.0,-1018.0
23.0,35.0,-1024.0
13.0,13.0,-1026.0
21.0,1.0,-1028.0
9.0,40.0,-1026.0
23.0,23.0,-1026.0
11.0,74.0,-1018.0
27.0,23.0,-1020.0
17.0,46.0,-1024.0
9.0,11.0,-1022.0
29.0,1.0,-1034.0
11.0,25.0,-1018.0
29.0,19.0,-1013.0
0.0,83.0,-1018.0
27.0,40.0,-1020.0
13.0,50.0,-1018.0
21.0,-3.0,-1013.0
31.0,-9.0,-1034.0
17.0,5.0,-1009.0
27.0,19.0,-1013.0
31.0,54.0,-1015.0
13.0,42.0,-1024.0
31.0,40.0,-1015.0
-3.0,13.0,-1024.0
15.0,-25.0,-1026.0
7.0,5.0,-1020.0
21.0,-13.0,-1032.0
29.0,60.0,-1020.0
19.0,25.0,-1013.0
29.0,52.0,-1020.0
1.0,17.0,-1013.0
27.0,-29.0,-1026.0
7.0,0.0,-1020.0
21.0,-37.0,-1028.0
23.0,35.0,-1018.0
15.0,19.0,-1018.0
29.0,52.0,-1018.0
15.0,40.0,-1011.0
21.0,0.0,-1030.0
13.0,-11.0,-1013.0
9.0,-52.0,-1030.0
29.0,-1.0,-1015.0
17.0,9.0,-1020.0
35.0,31.0,-1015.0
-1.0,48.0,-1015.0
35.0,5.0,-1009.0
1.0,13.0,-1030.0
21.0,-33.0,-1018.0
19.0,-25.0,-1020.0
13.0,-23.0,-1020.0
31.0,9.0,-1024.0
21.0,37.0,-1009.0
37.0,3.0,-1015.0
13.0,19.0,-1018.0
31.0,-13.0,-1013.0
3.0,-21.0,-1024.0
27.0,-11.0,-1026.0
15.0,-15.0,-1026.0
21.0,19.0,-1011.0
29.0,5.0,-1028.0
29.0,31.0,-1026.0
21.0,3.0,-1024.0
27.0,-3.0,-1028.0
23.0,7.0,-1022.0
35.0,3.0,-1026.0
3.0,17.0,-1020.0
29.0,0.0,-1030.0
11.0,25.0,-1024.0
17.0,0.0,-1015.0
23.0,21.0,-1030.0
3.0,7.0,-1015.0
35.0,9.0,-1028.0
7.0,42.0,-1024.0
35.0,1.0,-1018.0
11.0,44.0,-1032.0
19.0,1.0,-1013.0
27.0,19.0,-1024.0
15.0,5.0,-1022.0
39.0,5.0,-1024.0
17.0,40.0,-1024.0
37.0,1.0,-1016.0
13.0,42.0,-1020.0
23.0,29.0,-1018.0
23.0,29.0,-1018.0
17.0,27.0,-1013.0
35.0,5.0,-1026.0
17.0,17.0,-1022.0
23.0,0.0,-1026.0
17.0,33.0,-1015.0
17.0,25.0,-1015.0
23.0,29.0,-1024.0
13.0,46.0,-1018.0
27.0,-3.0,-1026.0
9.0,40.0,-1018.0
19.0,13.0,-1026.0
15.0,33.0,-1015.0
21.0,23.0,-1022.0
23.0,23.0,-1024.0
11.0,37.0,-1018.0
19.0,15.0,-1024.0
19.0,42.0,-1015.0
23.0,5.0,-1022.0
25.0,37.0,-1020.0
7.0,17.0,-1026.0
33.0,23.0,-1018.0
7.0,40.0,-1009.0
23.0,-7.0,-1022.0
19.0,40.0,-1028.0
25.0,-7.0,-1026.0
21.0,31.0,-1024.0
25.0,7.0,-1018.0
27.0,5.0,-1022.0
21.0,42.0,-1022.0
19.0,-11.0,-1024.0
19.0,39.0,-1018.0
19.0,1.0,-1013.0
21.0,5.0,-1018.0
23.0,17.0,-1011.0
35.0,-5.0,-1007.0
11.0,35.0,-1018.0
29.0,-15.0,-1022.0
15.0,31.0,-1020.0
31.0,-1.0,-1020.0
23.0,0.0,-1022.0
13.0,7.0,-1022.0
31.0,-5.0,-1024.0
3.0,31.0,-1024.0
33.0,-7.0,-1026.0
17.0,29.0,-1018.0
23.0,0.0,-1013.0
31.0,1.0,-1022.0
15.0,17.0,-1015.0
23.0,-17.0,-1020.0
19.0,27.0,-1022.0
25.0,-9.0,-1020.0
23.0,19.0,-1015.0
17.0,-5.0,-1013.0
33.0,3.0,-1020.0
15.0,19.0,-1024.0
33.0,-11.0,-1026.0
9.0,29.0,-1018.0
39.0,-3.0,-1015.0
15.0,25.0,-1026.0
33.0,19.0,-1013.0
37.0,3.0,-1032.0
7.0,23.0,-1024.0
31.0,0.0,-1024.0
19.0,31.0,-1020.0
21.0,-1.0,-1028.0
13.0,17.0,-1013.0
15.0,21.0,-1018.0
23.0,5.0,-1028.0
9.0,23.0,-1015.0
29.0,-7.0,-1015.0
13.0,19.0,-1026.0
17.0,11.0,-1005.0
29.0,23.0,-1018.0
9.0,15.0,-1022.0
35.0,17.0,-1013.0
17.0,29.0,-1011.0
23.0,-5.0,-1028.0
17.0,42.0,-1013.0
27.0,1.0,-1018.0
31.0,25.0,-1022.0
15.0,35.0,-1013.0
31.0,7.0,-1015.0
15.0,35.0,-1013.0
19.0,0.0,-1018.0
25.0,29.0,-1011.0
21.0,11.0,-1013.0
23.0,35.0,-1020.0
11.0,21.0,-1020.0
37.0,23.0,-1020.0
15.0,25.0,-1016.0
21.0,5.0,-1018.0
29.0,31.0,-1005.0
7.0,5.0,-1022.0
35.0,15.0,-1018.0
17.0,25.0,-1015.0
35.0,13.0,-1034.0
11.0,35.0,-1024.0
29.0,13.0,-1022.0
15.0,33.0,-1026.0
17.0,19.0,-1020.0
31.0,23.0,-1022.0
7.0,35.0,-1028.0
31.0,1.0,-1024.0
13.0,27.0,-1024.0
29.0,7.0,-1013.0
11.0,31.0,-1015.0
19.0,5.0,-1015.0
33.0,31.0,-1030.0
19.0,15.0,-1018.0
37.0,-9.0,-1018.0
29.0,27.0,-1018.0
27.0,-9.0,-1020.0
27.0,31.0,-1011.0
13.0,15.0,-1015.0
31.0,13.0,-1026.0
13.0,33.0,-1018.0
35.0,1.0,-1013.0
17.0,19.0,-1015.0
19.0,11.0,-1018.0
25.0,5.0,-1015.0
23.0,17.0,-1018.0
25.0,0.0,-1022.0
13.0,21.0,-1009.0
25.0,-13.0,-1034.0
17.0,35.0,-1030.0
13.0,-11.0,-1015.0
27.0,13.0,-1024.0
17.0,7.0,-1020.0
35.0,-1.0,-1030.0
15.0,40.0,-1022.0
27.0,-1.0,-1022.0
17.0,23.0,-1016.0
17.0,-1.0,-1003.0
27.0,7.0,-1011.0
15.0,1.0,-1009.0
35.0,1.0,-1024.0
7.0,13.0,-1016.0
25.0,0.0,-1020.0
9.0,21.0,-1022.0
11.0,-3.0,-1015.0
23.0,-7.0,-1009.0
9.0,23.0,-1016.0
27.0,-13.0,-1022.0
15.0,13.0,-1020.0
23.0,-1.0,-1018.0
15.0,19.0,-1018.0
19.0,0.0,-1011.0
27.0,15.0,-1018.0
15.0,17.0,-1009.0
29.0,-13.0,-1026.0
27.0,23.0,-1013.0
25.0,-7.0,-1020.0
21.0,21.0,-1009.0
17.0,5.0,-1015.0
29.0,25.0,-1022.0
19.0,7.0,-1020.0
29.0,11.0,-1026.0
15.0,40.0,-1018.0
17.0,1.0,-1028.0
21.0,21.0,-1026.0
13.0,29.0,-1020.0
25.0,15.0,-1020.0
17.0,25.0,-1020.0
35.0,13.0,-1028.0
7.0,27.0,-1024.0
21.0,7.0,-1015.0
25.0,23.0,-1018.0
19.0,27.0,-1030.0
33.0,17.0,-1028.0
21.0,39.0,-1018.0
37.0,3.0,-1026.0
21.0,37.0,-1013.0
35.0,-1.0,-1015.0
31.0,23.0,-1034.0
21.0,15.0,-1022.0
37.0,9.0,-1026.0
19.0,29.0,-1018.0
33.0,-1.0,-1024.0
15.0,40.0,-1024.0
23.0,1.0,-1030.0
33.0,17.0,-1026.0
13.0,19.0,-1011.0
37.0,25.0,-1013.0
27.0,21.0,-1026.0
29.0,1.0,-1030.0
25.0,29.0,-1024.0
27.0,21.0,-1030.0
31.0,5.0,-1026.0
13.0,35.0,-1018.0
29.0,5.0,-1026.0
7.0,35.0,-1018.0
17.0,-3.0,-1026.0
15.0,13.0,-1020.0
15.0,13.0,-1022.0
19.0,13.0,-1024.0
21.0,19.0,-1007.0
23.0,-1.0,-1020.0
3.0,39.0,-1016.0
25.0,-7.0,-1020.0
15.0,31.0,-1026.0
13.0,-5.0,-1018.0
17.0,25.0,-1011.0
27.0,13.0,-1013.0
23.0,-7.0,-1018.0
11.0,15.0,-1018.0
25.0,7.0,-1026.0
21.0,19.0,-1015.0
21.0,0.0,-1009.0
19.0,5.0,-1011.0
9.0,31.0,-1005.0
31.0,-1.0,-1018.0
9.0,23.0,-1013.0
21.0,-7.0,-1011.0
13.0,17.0,-1020.0
9.0,19.0,-1013.0
27.0,5.0,-1026.0
23.0,5.0,-1018.0
29.0,-1.0,-1026.0
23.0,52.0,-1028.0
13.0,-1.0,-1015.0
29.0,1.0,-1022.0
15.0,13.0,-1011.0
21.0,25.0,-1030.0
21.0,35.0,-1018.0
29.0,-5.0,-1018.0
15.0,15.0,-1018.0
17.0,11.0,-1009.0
35.0,31.0,-1015.0
21.0,19.0,-1018.0
25.0,-5.0,-1030.0
17.0,19.0,-1016.0
21.0,19.0,-1026.0
21.0,25.0,-1022.0
19.0,1.0,-1007.0
25.0,17.0,-1030.0
19.0,25.0,-1028.0
31.0,27.0,-1018.0
19.0,25.0,-1015.0
37.0,-9.0,-1026.0
23.0,25.0,-1018.0
29.0,19.0,-1018.0
29.0,23.0,-1020.0
23.0,17.0,-1024.0
33.0,1.0,-1015.0
23.0,35.0,-1024.0
29.0,11.0,-1018.0
25.0,40.0,-1015.0
23.0,-7.0,-1018.0
33.0,7.0,-1018.0
13.0,27.0,-1009.0
29.0,11.0,-1022.0
23.0,31.0,-1013.0
25.0,-5.0,-1022.0
27.0,23.0,-1022.0
15.0,15.0,-1024.0
25.0,19.0,-1032.0
21.0,11.0,-1022.0
29.0,-1.0,-1028.0
23.0,31.0,-1011.0
25.0,5.0,-1013.0
17.0,21.0,-1026.0
17.0,11.0,-1018.0
29.0,5.0,-1026.0
5.0,19.0,-1022.0
19.0,-7.0,-1026.0
17.0,33.0,-1022.0
19.0,0.0,-1034.0
19.0,19.0,-1026.0
19.0,15.0,-1015.0
35.0,9.0,-1028.0
9.0,40.0,-1015.0
29.0,-5.0,-1022.0
21.0,25.0,-1018.0
29.0,1.0,-1020.0
23.0,23.0,-1026.0
17.0,35.0,-1013.0
29.0,3.0,-1018.0
19.0,25.0,-1015.0
27.0,-1.0,-1020.0
25.0,35.0,-1020.0
19.0,5.0,-1013.0
27.0,0.0,-1024.0
11.0,13.0,-1013.0
29.0,5.0,-1015.0
11.0,42.0,-1011.0
27.0,1.0,-1018.0
23.0,17.0,-1015.0
17.0,11.0,-1015.0
31.0,17.0,-1016.0
19.0,29.0,-1020.0
29.0,-3.0,-1024.0
5.0,17.0,-1013.0
25.0,0.0,-1030.0
17.0,31.0,-1026.0
17.0,7.0,-1015.0
29.0,5.0,-1024.0
7.0,17.0,-1018.0
21.0,-1.0,-1013.0
7.0,37.0,-1013.0
21.0,3.0,-1028.0
31.0,17.0,-1018.0
21.0,3.0,-1013.0
35.0,15.0,-1018.0
13.0,33.0,-1018.0
31.0,0.0,-1022.0
15.0,27.0,-1015.0
19.0,-1.0,-1018.0
31.0,31.0,-1013.0
13.0,27.0,-1013.0
35.0,5.0,-1032.0
13.0,25.0,-1020.0
29.0,0.0,-1022.0
17.0,40.0,-1020.0
29.0,9.0,-1018.0
29.0,23.0,-1020.0
17.0,9.0,-1015.0
33.0,7.0,-1034.0
15.0,42.0,-1028.0
31.0,3.0,-1032.0
21.0,29.0,-1016.0
21.0,7.0,-1018.0
27.0,21.0,-1016.0
15.0,33.0,-1020.0
31.0,-1.0,-1022.0
9.0,31.0,-1024.0
29.0,-7.0,-1022.0
13.0,44.0,-1020.0
21.0,5.0,-1011.0
29.0,7.0,-1015.0
15.0,13.0,-1016.0
31.0,7.0,-1024.0
11.0,42.0,-1026.0
35.0,-3.0,-1013.0
19.0,27.0,-1015.0
21.0,11.0,-1011.0
21.0,25.0,-1022.0
11.0,25.0,-1015.0
23.0,-13.0,-1030.0
3.0,25.0,-1018.0
25.0,5.0,-1018.0
15.0,31.0,-1013.0
15.0,-3.0,-1009.0
33.0,9.0,-1026.0
11.0,40.0,-1028.0
29.0,1.0,-1020.0
15.0,25.0,-1015.0
31.0,-13.0,-1018.0
17.0,29.0,-1020.0
15.0,27.0,-1015.0
25.0,7.0,-1028.0
17.0,11.0,-1024.0
31.0,-9.0,-1022.0
17.0,46.0,-1024.0
21.0,-1.0,-1024.0
25.0,7.0,-1015.0
21.0,11.0,-1013.0
35.0,23.0,-1022.0
17.0,42.0,-1018.0
33.0,-11.0,-1020.0
23.0,23.0,-1020.0
25.0,15.0,-1018.0
23.0,37.0,-1022.0
21.0,5.0,-1024.0
29.0,-7.0,-1028.0
17.0,39.0,-1011.0
35.0,15.0,-1015.0
19.0,31.0,-1015.0
25.0,-11.0,-1015.0
31.0,23.0,-1028.0
17.0,40.0,-1020.0
35.0,0.0,-1030.0
17.0,13.0,-1018.0
33.0,-7.0,-1028.0
19.0,48.0,-1028.0
25.0,5.0,-1020.0
31.0,7.0,-1024.0
19.0,19.0,-1018.0
37.0,3.0,-1020.0
13.0,39.0,-1024.0
29.0,-17.0,-1018.0
21.0,27.0,-1020.0
19.0,27.0,-1022.0
29.0,11.0,-1026.0
13.0,17.0,-1013.0
31.0,-1.0,-1024.0
5.0,35.0,-1028.0
27.0,-1.0,-1024.0
21.0,19.0,-1015.0
21.0,13.0,-1011.0
31.0,23.0,-1024.0
17.0,35.0,-1018.0
35.0,-7.0,-1026.0
15.0,31.0,-1018.0
21.0,11.0,-1020.0
29.0,27.0,-1020.0
17.0,13.0,-1013.0
31.0,11.0,-1024.0
9.0,35.0,-1018.0
29.0,-7.0,-1026.0
15.0,19.0,-1018.0
27.0,0.0,-1018.0
13.0,27.0,-1018.0
7.0,11.0,-1020.0
21.0,-5.0,-1028.0
13.0,29.0,-1022.0
29.0,3.0,-1024.0
9.0,31.0,-1020.0
23.0,-9.0,-1013.0
19.0,23.0,-1018.0
17.0,35.0,-1013.0
27.0,5.0,-1026.0
7.0,15.0,-1013.0
29.0,0.0,-1024.0
21.0,42.0,-1018.0
29.0,1.0,-1015.0
15.0,9.0,-1018.0
21.0,21.0,-1011.0
23.0,7.0,-1026.0
7.0,27.0,-1018.0
31.0,-9.0,-1011.0
15.0,37.0,-1015.0
23.0,11.0,-1020.0
17.0,19.0,-1026.0
19.0,15.0,-1011.0
29.0,5.0,-1011.0
15.0,46.0,-1009.0
31.0,-5.0,-1020.0
15.0,35.0,-1030.0
21.0,11.0,-1020.0
25.0,17.0,-1020.0
9.0,23.0,-1024.0
25.0,-1.0,-1020.0
15.0,37.0,-1013.0
21.0,0.0,-1032.0
27.0,21.0,-1018.0
27.0,5.0,-1022.0
23.0,15.0,-1028.0
21.0,31.0,-1020.0
27.0,-7.0,-1026.0
19.0,25.0,-1018.0
27.0,0.0,-1026.0
27.0,37.0,-1020.0
23.0,13.0,-1024.0
29.0,5.0,-1018.0
25.0,37.0,-1009.0
33.0,11.0,-1013.0
15.0,25.0,-1013.0
29.0,-5.0,-1022.0
23.0,39.0,-1026.0
27.0,15.0,-1026.0
35.0,1.0,-1024.0
15.0,33.0,-1013.0
33.0,7.0,-1020.0
27.0,31.0,-1024.0
27.0,-7.0,-1024.0
31.0,13.0,-1015.0
21.0,17.0,-1011.0
29.0,11.0,-1024.0
9.0,23.0,-1022.0
33.0,-11.0,-1020.0
17.0,37.0,-1026.0
25.0,3.0,-1022.0
23.0,11.0,-1020.0
13.0,3.0,-1007.0
31.0,-5.0,-1032.0
13.0,39.0,-1022.0
27.0,-11.0,-1022.0
23.0,19.0,-1032.0
27.0,5.0,-1018.0
33.0,7.0,-1020.0
11.0,19.0,-1011.0
29.0,-7.0,-1026.0
7.0,31.0,-1018.0
29.0,13.0,-1015.0
21.0,27.0,-1015.0
25.0,-13.0,-1015.0
31.0,3.0,-1026.0
15.0,23.0,-1015.0
25.0,0.0,-1028.0
7.0,23.0,-1013.0
25.0,-7.0,-1026.0
25.0,37.0,-1018.0
29.0,11.0,-1026.0
25.0,1.0,-1030.0
9.0,11.0,-1011.0
25.0,3.0,-1034.0
3.0,52.0,-1015.0
27.0,1.0,-1020.0
15.0,19.0,-1026.0
27.0,13.0,-1013.0
27.0,19.0,-1030.0
9.0,35.0,-1024.0
31.0,-17.0,-1034.0
15.0,25.0,-1018.0
27.0,3.0,-1022.0
23.0,44.0,-1018.0
19.0,13.0,-1011.0
27.0,-5.0,-1026.0
17.0,29.0,-1015.0
23.0,1.0,-1026.0
17.0,39.0,-1015.0
19.0,-3.0,-1020.0
25.0,13.0,-1018.0
17.0,29.0,-1020.0
23.0,19.0,-1026.0
11.0,33.0,-1015.0
25.0,-13.0,-1011.0
19.0,37.0,-1013.0
25.0,7.0,-1007.0
25.0,23.0,-1018.0
21.0,25.0,-1015.0
21.0,0.0,-1018.0
15.0,29.0,-1013.0
33.0,5.0,-1022.0
21.0,37.0,-1024.0
15.0,9.0,-1024.0
25.0,31.0,-1022.0
21.0,17.0,-1015.0
21.0,5.0,-1022.0
19.0,35.0,-1011.0
31.0,5.0,-1020.0
19.0,40.0,-1020.0
23.0,5.0,-1015.0
23.0,15.0,-1026.0
17.0,19.0,-1018.0
29.0,1.0,-1018.0
9.0,31.0,-1022.0
27.0,-1.0,-1022.0
15.0,25.0,-1024.0
21.0,7.0,-1022.0
33.0,21.0,-1034.0
13.0,31.0,-1016.0
31.0,-3.0,-1028.0
11.0,35.0,-1011.0
27.0,-1.0,-1022.0
23.0,25.0,-1018.0
19.0,5.0,-1018.0
35.0,9.0,-1007.0
21.0,33.0,-1011.0
31.0,0.0,-1026.0
-1.0,27.0,-1022.0
25.0,-5.0,-1026.0
31.0,21.0,-1026.0
15.0,17.0,-1020.0
27.0,7.0,-1022.0
15.0,23.0,-1018.0
29.0,-1.0,-1020.0
21.0,23.0,-1018.0
23.0,-3.0,-1028.0
25.0,17.0,-1024.0
15.0,21.0,-1015.0
29.0,7.0,-1026.0
15.0,35.0,-1015.0
35.0,-1.0,-1024.0
19.0,25.0,-1015.0
25.0,-7.0,-1018.0
29.0,21.0,-1018.0
17.0,13.0,-1016.0
31.0,1.0,-1028.0
15.0,33.0,-1018.0
27.0,-7.0,-1022.0
19.0,35.0,-1028.0
27.0,5.0,-1011.0
25.0,21.0,-1022.0
19.0,25.0,-1018.0
27.0,11.0,-1026.0
7.0,27.0,-1026.0
25.0,-9.0,-1026.0
21.0,19.0,-1018.0
21.0,-3.0,-1011.0
25.0,13.0,-1028.0
13.0,29.0,-1018.0
29.0,3.0,-1018.0
15.0,48.0,-1009.0
33.0,-5.0,-1005.0
25.0,21.0,-1015.0
25.0,-1.0,-1013.0
29.0,7.0,-1020.0
21.0,33.0,-1022.0
29.0,7.0,-1018.0
17.0,50.0,-1015.0
21.0,0.0,-1018.0
21.0,29.0,-1011.0
23.0,1.0,-1022.0
21.0,1.0,-1028.0
3.0,37.0,-1024.0
31.0,3.0,-1018.0
15.0,44.0,-1011.0
25.0,3.0,-1015.0
15.0,33.0,-1018.0
13.0,13.0,-1024.0
27.0,5.0,-1024.0
15.0,40.0,-1005.0
25.0,-5.0,-1028.0
0.0,29.0,-1011.0
23.0,5.0,-1011.0
13.0,23.0,-1011.0
15.0,9.0,-1013.0
19.0,-1.0,-1022.0
15.0,39.0,-1013.0
23.0,3.0,-1026.0
17.0,31.0,-1020.0
29.0,3.0,-1011.0
19.0,27.0,-1028.0
17.0,17.0,-1011.0
29.0,-1.0,-1020.0
9.0,29.0,-1015.0
29.0,1.0,-1024.0
7.0,46.0,-1018.0
25.0,7.0,-1020.0
25.0,19.0,-1026.0
11.0,25.0,-1007.0
29.0,3.0,-1024.0
15.0,33.0,-1018.0
15.0,-5.0,-1018.0
17.0,23.0,-1026.0
19.0,7.0,-1015.0
31.0,17.0,-1020.0
17.0,33.0,-1011.0
37.0,-7.0,-1028.0
7.0,33.0,-1018.0
21.0,-9.0,-1030.0
19.0,29.0,-1022.0
25.0,11.0,-1015.0
33.0,17.0,-1015.0
15.0,25.0,-1018.0
33.0,-1.0,-1026.0
7.0,31.0,-1022.0
27.0,-5.0,-1026.0
25.0,27.0,-1015.0
21.0,7.0,-1011.0
37.0,5.0,-1026.0
9.0,33.0,-1020.0
31.0,-7.0,-1026.0
13.0,31.0,-1015.0
23.0,-3.0,-1018.0
29.0,19.0,-1015.0
11.0,13.0,-1028.0
37.0,5.0,-1024.0
11.0,35.0,-1015.0
31.0,1.0,-1028.0
23.0,33.0,-1024.0
23.0,-9.0,-1022.0
29.0,23.0,-1015.0
21.0,3.0,-1015.0
17.0,3.0,-1024.0
15.0,25.0,-1015.0
35.0,1.0,-1022.0
25.0,27.0,-1026.0
21.0,3.0,-1018.0
31.0,15.0,-1032.0
15.0,5.0,-1007.0
27.0,13.0,-1034.0
15.0,37.0,-1013.0
25.0,-5.0,-1024.0
23.0,31.0,-1015.0
19.0,5.0,-1026.0
25.0,19.0,-1026.0
13.0,9.0,-1020.0
35.0,-7.0,-1026.0
13.0,33.0,-1018.0
31.0,-5.0,-1018.0
15.0,29.0,-1024.0
17.0,1.0,-1018.0
15.0,11.0,-1034.0
21.0,21.0,-1024.0
21.0,1.0,-1032.0
9.0,31.0,-1013.0
31.0,-3.0,-1020.0
21.0,31.0,-1026.0
21.0,7.0,-1018.0
17.0,13.0,-1030.0
11.0,29.0,-1015.0
37.0,0.0,-1018.0
11.0,37.0,-1013.0
27.0,1.0,-1022.0
21.0,37.0,-1018.0
17.0,9.0,-1015.0
23.0,19.0,-1026.0
21.0,33.0,-1018.0
29.0,-1.0,-1024.0
13.0,27.0,-1013.0
23.0,1.0,-1022.0
21.0,25.0,-1022.0
17.0,21.0,-1011.0
27.0,11.0,-1022.0
15.0,23.0,-1018.0
33.0,-5.0,-1018.0
15.0,33.0,-1022.0
23.0,-1.0,-1015.0
17.0,35.0,-1020.0
15.0,19.0,-1013.0
23.0,9.0,-1015.0
1.0,33.0,-1015.0
31.0,0.0,-1020.0
13.0,31.0,-1018.0
19.0,0.0,-1020.0
23.0,17.0,-1024.0
15.0,25.0,-1013.0
29.0,1.0,-1020.0
15.0,39.0,-1011.0
29.0,-5.0,-1018.0
17.0,37.0,-1026.0
19.0,0.0,-1011.0
21.0,13.0,-1015.0
15.0,17.0,-1011.0
25.0,0.0,-1011.0
9.0,25.0,-1018.0
25.0,1.0,-1024.0
21.0,29.0,-1018.0
17.0,9.0,-1015.0
25.0,15.0,-1018.0
9.0,17.0,-1003.0
29.0,0.0,-1022.0
5.0,31.0,-1013.0
21.0,-9.0,-1015.0
21.0,37.0,-1022.0
13.0,9.0,-1011.0
35.0,11.0,-1015.0
11.0,25.0,-1015.0
29.0,5.0,-1026.0
13.0,39.0,-1018.0
23.0,-5.0,-1026.0
21.0,31.0,-1028.0
19.0,5.0,-1011.0
33.0,1.0,-1028.0
19.0,29.0,-1034.0
33.0,3.0,-1022.0
9.0,29.0,-1026.0
31.0,0.0,-1022.0
23.0,23.0,-1020.0
15.0,13.0,-1022.0
31.0,-1.0,-1020.0
19.0,33.0,-1018.0
33.0,-5.0,-1026.0
19.0,37.0,-1018.0
25.0,-1.0,-1018.0
29.0,19.0,-1030.0
25.0,13.0,-1015.0
31.0,3.0,-1032.0
17.0,29.0,-1018.0
37.0,-5.0,-1026.0
21.0,40.0,-1015.0
27.0,-3.0,-1022.0
31.0,23.0,-1024.0
15.0,15.0,-1013.0
17.0,5.0,-1028.0
19.0,25.0,-1015.0
31.0,-9.0,-1022.0
17.0,33.0,-1009.0
25.0,3.0,-1024.0
23.0,25.0,-1026.0
19.0,21.0,-1011.0
29.0,1.0,-1024.0
17.0,31.0,-1022.0
29.0,0.0,-1026.0
23.0,31.0,-1015.0
21.0,11.0,-1022.0
21.0,17.0,-1020.0
23.0,29.0,-1018.0
31.0,0.0,-1018.0
3.0,35.0,-1018.0
31.0,-5.0,-1018.0
7.0,29.0,-1015.0
25.0,5.0,-1020.0
23.0,7.0,-1018.0
11.0,27.0,-1018.0
37.0,-7.0,-1018.0
7.0,37.0,-1018.0
27.0,-9.0,-1022.0
15.0,31.0,-1028.0
9.0,17.0,-1011.0
21.0,9.0,-1013.0
7.0,29.0,-1011.0
29.0,-7.0,-1024.0
13.0,40.0,-1018.0
19.0,1.0,-1024.0
19.0,29.0,-1009.0
15.0,21.0,-1024.0
23.0,5.0,-1028.0
15.0,29.0,-1018.0
27.0,-3.0,-1020.0
15.0,23.0,-1026.0
25.0,-3.0,-1020.0
21.0,29.0,-1011.0
15.0,5.0,-1003.0
37.0,1.0,-1018.0
15.0,25.0,-1024.0
19.0,-9.0,-1028.0
19.0,35.0,-1018.0
29.0,5.0,-1015.0
29.0,23.0,-1026.0
17.0,17.0,-1013.0
25.0,1.0,-1013.0
5.0,25.0,-1024.0
25.0,-1.0,-1026.0
15.0,29.0,-1024.0
21.0,9.0,-1020.0
27.0,17.0,-1013.0
21.0,29.0,-1013.0
29.0,-1.0,-1026.0
11.0,40.0,-1018.0
31.0,-7.0,-1022.0
13.0,42.0,-1024.0
27.0,1.0,-1015.0
31.0,19.0,-1022.0
23.0,27.0,-1015.0
33.0,-3.0,-1024.0
9.0,37.0,-1020.0
27.0,1.0,-1018.0
25.0,37.0,-1015.0
27.0,1.0,-1018.0
33.0,17.0,-1009.0
5.0,31.0,-1020.0
37.0,1.0,-1034.0
15.0,40.0,-1020.0
27.0,-5.0,-1028.0
15.0,19.0,-1015.0
15.0,15.0,-1018.0
33.0,7.0,-1028.0
13.0,37.0,-1018.0
29.0,1.0,-1024.0
17.0,21.0,-1013.0
27.0,-3.0,-1018.0
15.0,17.0,-1015.0
19.0,19.0,-1013.0
21.0,13.0,-1034.0
11.0,27.0,-1015.0
31.0,0.0,-1018.0
15.0,29.0,-1015.0
27.0,-7.0,-1015.0
21.0,31.0,-1028.0
15.0,7.0,-1020.0
33.0,1.0,-1022.0
11.0,29.0,-1024.0
37.0,-17.0,-1011.0
13.0,31.0,-1022.0
21.0,-7.0,-1018.0
23.0,19.0,-1024.0
19.0,9.0,-1013.0
33.0,11.0,-1024.0
11.0,29.0,-1011.0
29.0,-5.0,-1015.0
19.0,25.0,-1013.0
21.0,1.0,-1026.0
23.0,23.0,-1013.0
11.0,17.0,-1024.0
29.0,0.0,-1018.0
19.0,27.0,-1013.0
31.0,-7.0,-1013.0
25.0,27.0,-1024.0
23.0,1.0,-1020.0
21.0,15.0,-1018.0
13.0,21.0,-1022.0
29.0,3.0,-1013.0
15.0,19.0,-1022.0
29.0,5.0,-1022.0
21.0,33.0,-1022.0
21.0,9.0,-1015.0
23.0,17.0,-1024.0
15.0,23.0,-1007.0
31.0,3.0,-1026.0
19.0,25.0,-1013.0
25.0,-7.0,-1020.0
27.0,33.0,-1022.0
19.0,1.0,-1018.0
33.0,13.0,-1022.0
21.0,29.0,-1015.0
25.0,-9.0,-1032.0
15.0,39.0,-1024.0
31.0,3.0,-1020.0
13.0,27.0,-1028.0
19.0,7.0,-1020.0
29.0,11.0,-1018.0
17.0,37.0,-1015.0
27.0,-5.0,-1018.0
15.0,42.0,-1026.0
23.0,1.0,-1020.0
25.0,25.0,-1015.0
17.0,21.0,-1018.0
33.0,3.0,-1030.0
13.0,29.0,-1013.0
33.0,-7.0,-1018.0
15.0,35.0,-1024.0
23.0,5.0,-1018.0
27.0,23.0,-1024.0
11.0,13.0,-1024.0
31.0,1.0,-1026.0
9.0,37.0,-1013.0
27.0,-5.0,-1026.0
13.0,39.0,-1018.0
25.0,7.0,-1015.0
23.0,17.0,-1026.0
15.0,29.0,-1015.0
25.0,7.0,-1026.0
9.0,25.0,-1015.0
25.0,-7.0,-1018.0
23.0,37.0,-1003.0
23.0,1.0,-1015.0
21.0,27.0,-1011.0
15.0,13.0,-1015.0
35.0,5.0,-1034.0
11.0,31.0,-1013.0
35.0,0.0,-1016.0
25.0,27.0,-1018.0
21.0,1.0,-1018.0
33.0,21.0,-1013.0
13.0,23.0,-1013.0
31.0,3.0,-1036.0
0.0,35.0,-1013.0
27.0,-1.0,-1011.0
5.0,15.0,-1028.0
21.0,13.0,-1020.0
33.0,9.0,-1024.0
1.0,23.0,-1030.0
37.0,-1.0,-1022.0
9.0,33.0,-1013.0
17.0,-3.0,-1028.0
29.0,21.0,-1026.0
21.0,17.0,-1018.0
15.0,11.0,-1036.0
21.0,23.0,-1015.0
25.0,0.0,-1011.0
17.0,23.0,-1013.0
27.0,5.0,-1020.0
23.0,29.0,-1026.0
21.0,11.0,-1011.0
25.0,13.0,-1026.0
15.0,29.0,-1015.0
31.0,0.0,-1011.0
9.0,31.0,-1020.0
33.0,-1.0,-1024.0
23.0,33.0,-1026.0
17.0,15.0,-1024.0
35.0,7.0,-1022.0
7.0,33.0,-1018.0
21.0,-13.0,-1022.0
15.0,35.0,-1022.0
27.0,1.0,-1013.0
15.0,15.0,-1020.0
13.0,27.0,-1015.0
27.0,0.0,-1032.0
7.0,40.0,-1024.0
23.0,-7.0,-1024.0
21.0,40.0,-1020.0
15.0,-1.0,-1018.0
31.0,25.0,-1020.0
17.0,23.0,-1015.0
29.0,1.0,-1032.0
15.0,37.0,-1011.0
31.0,-5.0,-1020.0
21.0,31.0,-1022.0
27.0,0.0,-1018.0
29.0,23.0,-1024.0
9.0,7.0,-1018.0
29.0,5.0,-1034.0
15.0,29.0,-1018.0
23.0,13.0,-1026.0
23.0,15.0,-1013.0
15.0,19.0,-1024.0
35.0,5.0,-1024.0
27.0,35.0,-1020.0
37.0,-3.0,-1018.0
35.0,25.0,-1018.0
74.0,-13.0,-1009.0
64.0,7.0,-1026.0
72.0,17.0,-1015.0
121.0,5.0,-1015.0
165.0,21.0,-1034.0
208.0,-5.0,-1040.0
175.0,37.0,-1011.0
195.0,0.0,-1013.0
271.0,17.0,-1036.0
286.0,17.0,-1028.0
286.0,-7.0,-997.0
275.0,21.0,-1015.0
386.0,21.0,-1022.0
452.0,11.0,-1013.0
411.0,-9.0,-1001.0
464.0,-29.0,-966.0
552.0,44.0,-1032.0
661.0,5.0,-1032.0
677.0,9.0,-979.0
636.0,-42.0,-1007.0
780.0,37.0,-1011.0
915.0,105.0,-1030.0
946.0,-23.0,-1009.0
854.0,-60.0,-997.0
958.0,46.0,-1032.0
1075.0,148.0,-1077.0
1102.0,29.0,-1013.0
979.0,-39.0,-964.0
1102.0,5.0,-985.0
1184.0,154.0,-1079.0
1180.0,35.0,-991.0
1056.0,-68.0,-952.0
1130.0,-5.0,-985.0
1237.0,148.0,-1056.0
1231.0,91.0,-966.0
1118.0,-154.0,-913.0
1141.0,-48.0,-1001.0
1237.0,253.0,-1069.0
1206.0,163.0,-981.0
1087.0,-93.0,-954.0
1073.0,-60.0,-995.0
1278.0,152.0,-1087.0
1091.0,83.0,-1071.0
1116.0,-140.0,-940.0
1106.0,-101.0,-1026.0
1102.0,238.0,-1153.0
1319.0,70.0,-974.0
1208.0,-230.0,-1009.0
1163.0,-206.0,-1026.0
1469.0,154.0,-1042.0
1245.0,257.0,-1149.0
1446.0,-181.0,-1011.0
1257.0,-128.0,-999.0
1516.0,374.0,-1069.0
1479.0,173.0,-1112.0
1516.0,-132.0,-977.0
1202.0,-407.0,-995.0
1364.0,87.0,-1155.0
1419.0,415.0,-1087.0
1300.0,-171.0,-1001.0
1346.0,-206.0,-936.0
1428.0,228.0,-1071.0
1436.0,183.0,-1046.0
1633.0,-37.0,-853.0
1093.0,-263.0,-1136.0
1544.0,54.0,-1020.0
1380.0,357.0,-1100.0
1194.0,197.0,-1126.0
1280.0,-347.0,-780.0
1317.0,-68.0,-991.0
1204.0,-21.0,-1112.0
1446.0,201.0,-772.0
1118.0,-281.0,-1040.0
1399.0,177.0,-1202.0
1274.0,388.0,-1061.0
1366.0,-316.0,-1054.0
1206.0,-148.0,-989.0
1481.0,-58.0,-823.0
1401.0,255.0,-1059.0
1592.0,169.0,-948.0
1218.0,91.0,-1155.0
1264.0,189.0,-997.0
1475.0,-392.0,-1247.0
1475.0,651.0,-936.0
1393.0,-366.0,-763.0
1321.0,-501.0,-886.0
1331.0,689.0,-1155.0
1614.0,-675.0,-962.0
1278.0,66.0,-1161.0
1417.0,27.0,-1161.0
1477.0,27.0,-1108.0
1499.0,249.0,-845.0
1487.0,-390.0,-856.0
1491.0,-39.0,-985.0
1573.0,443.0,-1095.0
962.0,333.0,-1190.0
1305.0,-128.0,-1038.0
749.0,-46.0,-907.0
1575.0,-556.0,-1032.0
933.0,107.0,-913.0
1321.0,-17.0,-644.0
435.0,64.0,-1165.0
977.0,306.0,-1081.0
327.0,468.0,-1356.0
739.0,306.0,-884.0
515.0,-626.0,-847.0
411.0,210.0,-1020.0
528.0,-1.0,-890.0
-78.0,-37.0,-948.0
642.0,406.0,-952.0
156.0,-302.0,-1403.0
441.0,327.0,-808.0
277.0,-544.0,-1159.0
552.0,13.0,-1036.0
259.0,70.0,-1186.0
296.0,-343.0,-1040.0
-144.0,808.0,-952.0
152.0,-497.0,-1206.0
-95.0,398.0,-1063.0
388.0,122.0,-1048.0
415.0,121.0,-917.0
392.0,-187.0,-919.0
-11.0,-283.0,-1089.0
234.0,290.0,-964.0
486.0,-78.0,-1120.0
320.0,394.0,-1118.0
581.0,-183.0,-991.0
-25.0,-195.0,-1022.0
314.0,-76.0,-921.0
281.0,42.0,-964.0
89.0,42.0,-1102.0
534.0,101.0,-1038.0
-109.0,386.0,-1141.0
222.0,-322.0,-958.0
27.0,503.0,-1139.0
179.0,-197.0,-938.0
255.0,-40.0,-878.0
-370.0,-50.0,-888.0
468.0,-767.0,-860.0
-273.0,251.0,-964.0
226.0,29.0,-919.0
-105.0,538.0,-1003.0
60.0,-101.0,-1116.0
-40.0,-58.0,-1063.0
-105.0,76.0,-989.0
-1.0,189.0,-1003.0
-204.0,91.0,-897.0
-40.0,-208.0,-1112.0
62.0,1.0,-921.0
-277.0,259.0,-1073.0
-142.0,-56.0,-933.0
-511.0,158.0,-1247.0
-201.0,-427.0,-999.0
-437.0,191.0,-888.0
17.0,115.0,-940.0
-653.0,-111.0,-1214.0
-486.0,486.0,-786.0
-378.0,-527.0,-1100.0
-556.0,146.0,-1163.0
-571.0,-263.0,-921.0
-363.0,0.0,-919.0
-536.0,40.0,-1421.0
-341.0,56.0,-983.0
-638.0,5.0,-913.0
-394.0,39.0,-1093.0
-585.0,7.0,-1128.0
-478.0,402.0,-761.0
-534.0,-661.0,-1255.0
-331.0,505.0,-1044.0
-267.0,-599.0,-981.0
-335.0,753.0,-1073.0
-536.0,-482.0,-1097.0
-722.0,58.0,-1044.0
-525.0,163.0,-815.0
-808.0,-187.0,-1180.0
-437.0,279.0,-958.0
-509.0,-48.0,-1114.0
-706.0,64.0,-968.0
-372.0,-9.0,-1042.0
-923.0,158.0,-1112.0
-450.0,-80.0,-925.0
-394.0,17.0,-851.0
-464.0,-468.0,-1278.0
-718.0,-52.0,-921.0
-554.0,169.0,-993.0
-618.0,29.0,-1009.0
-482.0,40.0,-948.0
-503.0,253.0,-950.0
-610.0,105.0,-1149.0
-726.0,138.0,-1013.0
-550.0,218.0,-1011.0
-638.0,-97.0,-1003.0
-283.0,185.0,-925.0
-648.0,-238.0,-1026.0
-579.0,-122.0,-1145.0
-554.0,261.0,-895.0
-829.0,-105.0,-1001.0
-357.0,42.0,-995.0
-761.0,-128.0,-1180.0
-860.0,255.0,-987.0
-497.0,83.0,-872.0
-888.0,134.0,-1077.0
-247.0,1.0,-999.0
-835.0,-25.0,-991.0
-601.0,70.0,-940.0
-897.0,-128.0,-1220.0
-464.0,64.0,-905.0
-810.0,-187.0,-1067.0
-550.0,46.0,-987.0
-556.0,140.0,-974.0
-398.0,-366.0,-1011.0
-691.0,-66.0,-1190.0
-673.0,-83.0,-1079.0
-728.0,89.0,-1046.0
-540.0,427.0,-983.0
-462.0,17.0,-1040.0
-761.0,142.0,-936.0
-601.0,-281.0,-956.0
-827.0,23.0,-1077.0
-458.0,37.0,-985.0
-1048.0,183.0,-1050.0
-569.0,-66.0,-958.0
-579.0,21.0,-897.0
-456.0,-160.0,-1018.0
-700.0,-7.0,-1159.0
-653.0,-236.0,-1020.0
-530.0,279.0,-1054.0
-661.0,33.0,-1177.0
-794.0,121.0,-1005.0
-651.0,240.0,-946.0
-691.0,-171.0,-1042.0
-548.0,548.0,-997.0
-962.0,-437.0,-1022.0
-821.0,-58.0,-933.0
-509.0,19.0,-1048.0
-737.0,-35.0,-1034.0
-519.0,261.0,-989.0
-696.0,-271.0,-974.0
-407.0,-56.0,-1050.0
-472.0,91.0,-1122.0
-782.0,81.0,-1157.0
-493.0,111.0,-915.0
-640.0,5.0,-1104.0
-374.0,224.0,-1085.0
-909.0,-124.0,-1011.0
-700.0,119.0,-960.0
-772.0,44.0,-1042.0
-765.0,124.0,-1032.0
-796.0,101.0,-960.0
-853.0,-126.0,-938.0
-673.0,-103.0,-944.0
-622.0,-146.0,-919.0
-774.0,-181.0,-1061.0
-651.0,44.0,-1110.0
-597.0,-505.0,-976.0
-569.0,454.0,-1155.0
-413.0,33.0,-1011.0
-794.0,27.0,-1036.0
-339.0,-9.0,-909.0
-743.0,99.0,-1243.0
-505.0,279.0,-948.0
-882.0,-431.0,-1030.0
-653.0,456.0,-1054.0
-679.0,-409.0,-1057.0
-835.0,409.0,-921.0
-735.0,-122.0,-1003.0
-917.0,-195.0,-1026.0
-564.0,556.0,-952.0
-804.0,-402.0,-985.0
-780.0,130.0,-987.0
-519.0,-226.0,-1030.0
-650.0,-1.0,-1069.0
-407.0,255.0,-966.0
-845.0,-288.0,-1104.0
-566.0,158.0,-1056.0
-519.0,128.0,-1139.0
-772.0,11.0,-1028.0
-419.0,31.0,-944.0
-800.0,-345.0,-1139.0
-482.0,70.0,-1007.0
-675.0,-13.0,-1030.0
-907.0,-33.0,-1046.0
-548.0,70.0,-966.0
-677.0,68.0,-1030.0
-597.0,158.0,-1038.0
-679.0,62.0,-921.0
-782.0,15.0,-981.0
-622.0,58.0,-1052.0
-776.0,111.0,-979.0
-708.0,-25.0,-997.0
-796.0,-124.0,-1085.0
-591.0,-25.0,-1011.0
-741.0,66.0,-1052.0
-708.0,17.0,-997.0
-784.0,-29.0,-1022.0
-671.0,-35.0,-1026.0
-657.0,23.0,-1026.0
-757.0,-19.0,-1030.0
-741.0,-31.0,-1067.0
-675.0,48.0,-1026.0
-624.0,169.0,-1034.0
-698.0,66.0,-952.0
-733.0,121.0,-977.0
-564.0,-37.0,-1034.0
-599.0,83.0,-1052.0
-640.0,-101.0,-1016.0
-655.0,-33.0,-1046.0
-552.0,-158.0,-1069.0
-556.0,81.0,-1013.0
-610.0,-97.0,-958.0
-691.0,91.0,-1052.0
-532.0,11.0,-1013.0
-601.0,64.0,-1048.0
-638.0,68.0,-997.0
-671.0,-31.0,-1011.0
-630.0,42.0,-1016.0
-556.0,-3.0,-1038.0
-622.0,72.0,-970.0
-677.0,3.0,-1018.0
-599.0,-7.0,-1038.0
-589.0,89.0,-1075.0
-587.0,-60.0,-1018.0
-685.0,-42.0,-1048.0
-575.0,-35.0,-1040.0
-542.0,99.0,-1009.0
-497.0,23.0,-1013.0
-542.0,13.0,-1007.0
-452.0,11.0,-1048.0
-400.0,78.0,-1061.0
-359.0,-7.0,-1013.0
-396.0,-25.0,-1005.0
-292.0,-31.0,-1005.0
-212.0,35.0,-1042.0
-224.0,1.0,-1020.0
-245.0,-21.0,-1022.0
-195.0,0.0,-1065.0
-142.0,37.0,-1081.0
-117.0,0.0,-1015.0
-171.0,7.0,-1009.0
-95.0,-7.0,-1018.0
-89.0,35.0,-1032.0
-105.0,15.0,-999.0
-128.0,19.0,-985.0
-117.0,9.0,-1003.0
-66.0,35.0,-989.0
-101.0,29.0,-970.0
-113.0,23.0,-968.0
-78.0,21.0,-983.0
-95.0,17.0,-1022.0
-122.0,39.0,-1009.0
-124.0,-7.0,-1032.0
-124.0,-9.0,-1020.0
-83.0,-46.0,-1042.0
-83.0,-27.0,-1024.0
-126.0,-78.0,-1020.0
-87.0,-99.0,-1042.0
-101.0,-91.0,-1056.0
-87.0,-80.0,-1054.0
-97.0,-93.0,-1038.0
-81.0,-152.0,-1030.0
-44.0,-160.0,-1020.0
-74.0,-163.0,-1036.0
-60.0,-179.0,-1036.0
-72.0,-208.0,-1063.0
-42.0,-206.0,-1063.0
-42.0,-201.0,-1054.0
-15.0,-236.0,-1044.0
-27.0,-271.0,-1044.0
-21.0,-261.0,-1048.0
-31.0,-320.0,-1040.0
-21.0,-343.0,-1059.0
-29.0,-353.0,-1069.0
-25.0,-353.0,-1044.0
-9.0,-368.0,-1034.0
-31.0,-380.0,-1030.0
-7.0,-386.0,-1011.0
-27.0,-402.0,-1011.0
-19.0,-411.0,-1024.0
-7.0,-458.0,-1013.0
-31.0,-460.0,-1013.0
-17.0,-480.0,-1003.0
5.0,-513.0,-991.0
-1.0,-513.0,-1003.0
-7.0,-534.0,-1003.0
-17.0,-548.0,-989.0
-15.0,-568.0,-1003.0
1.0,-591.0,-991.0
-13.0,-571.0,-985.0
1.0,-601.0,-983.0
0.0,-571.0,-962.0
3.0,-585.0,-966.0
-13.0,-569.0,-977.0
-7.0,-577.0,-970.0
-15.0,-607.0,-976.0
-1.0,-605.0,-977.0
-1.0,-632.0,-972.0
-1.0,-626.0,-976.0
3.0,-636.0,-976.0
9.0,-648.0,-981.0
3.0,-630.0,-995.0
11.0,-626.0,-987.0
11.0,-593.0,-1005.0
19.0,-568.0,-987.0
15.0,-499.0,-993.0
27.0,-497.0,-1001.0
21.0,-507.0,-1001.0
23.0,-560.0,-997.0
35.0,-620.0,-1009.0
29.0,-632.0,-1011.0
33.0,-681.0,-1026.0
31.0,-667.0,-1028.0
23.0,-640.0,-1018.0
35.0,-607.0,-1040.0
35.0,-605.0,-1013.0
19.0,-601.0,-1030.0
23.0,-607.0,-1013.0
9.0,-569.0,-1009.0
15.0,-519.0,-1018.0
27.0,-476.0,-1005.0
15.0,-406.0,-1022.0
25.0,-384.0,-1018.0
33.0,-439.0,-1005.0
29.0,-472.0,-1003.0
19.0,-493.0,-1015.0
33.0,-488.0,-1005.0
27.0,-466.0,-1015.0
25.0,-427.0,-1009.0
31.0,-394.0,-995.0
25.0,-382.0,-1001.0
29.0,-450.0,-1001.0
33.0,-521.0,-1011.0
19.0,-542.0,-1026.0
17.0,-503.0,-1032.0
40.0,-478.0,-1032.0
11.0,-415.0,-1032.0
37.0,-392.0,-1011.0
35.0,-380.0,-1018.0
9.0,-417.0,-1032.0
27.0,-431.0,-1026.0
-13.0,-372.0,-1042.0
5.0,-298.0,-1026.0
15.0,-234.0,-1022.0
31.0,-261.0,-1003.0
-7.0,-335.0,-1015.0
13.0,-466.0,-1003.0
3.0,-569.0,-1030.0
-7.0,-634.0,-1042.0
7.0,-646.0,-1018.0
5.0,-564.0,-1024.0
-3.0,-489.0,-1011.0
-1.0,-433.0,-987.0
-3.0,-374.0,-997.0
-39.0,-331.0,-1018.0
-11.0,-355.0,-1005.0
-17.0,-368.0,-1018.0
-3.0,-415.0,-1007.0
9.0,-470.0,-993.0
19.0,-499.0,-1003.0
7.0,-568.0,-1022.0
23.0,-610.0,-1015.0
-5.0,-669.0,-1024.0
11.0,-681.0,-1032.0
-7.0,-696.0,-1015.0
7.0,-681.0,-1011.0
-29.0,-573.0,-1015.0
7.0,-546.0,-991.0
-9.0,-568.0,-987.0
-3.0,-612.0,-993.0
-1.0,-669.0,-999.0
21.0,-698.0,-999.0
13.0,-716.0,-1022.0
23.0,-638.0,-1003.0
23.0,-573.0,-993.0
35.0,-546.0,-997.0
15.0,-609.0,-985.0
37.0,-722.0,-989.0
17.0,-851.0,-1015.0
21.0,-905.0,-1005.0
31.0,-868.0,-1007.0
27.0,-728.0,-1007.0
37.0,-587.0,-997.0
37.0,-478.0,-995.0
37.0,-515.0,-993.0
35.0,-644.0,-997.0
37.0,-835.0,-993.0
35.0,-944.0,-1015.0
31.0,-897.0,-1011.0
39.0,-737.0,-991.0
42.0,-648.0,-1018.0
37.0,-550.0,-1011.0
40.0,-636.0,-1003.0
35.0,-778.0,-1009.0
35.0,-913.0,-1005.0
35.0,-993.0,-997.0
37.0,-901.0,-1011.0
35.0,-710.0,-1022.0
37.0,-532.0,-1009.0
37.0,-489.0,-1011.0
39.0,-622.0,-1003.0
35.0,-804.0,-993.0
33.0,-942.0,-997.0
29.0,-936.0,-993.0
13.0,-786.0,-997.0
19.0,-622.0,-1018.0
23.0,-507.0,-1030.0
25.0,-517.0,-1007.0
44.0,-622.0,-993.0
33.0,-759.0,-989.0
29.0,-782.0,-987.0
31.0,-661.0,-1007.0
27.0,-525.0,-1038.0
21.0,-472.0,-1026.0
3.0,-519.0,-1011.0
27.0,-614.0,-1005.0
9.0,-714.0,-1007.0
17.0,-749.0,-985.0
11.0,-667.0,-1003.0
-13.0,-569.0,-1024.0
1.0,-458.0,-1032.0
-5.0,-491.0,-1042.0
3.0,-550.0,-1015.0
13.0,-554.0,-991.0
19.0,-581.0,-1007.0
25.0,-599.0,-1026.0
33.0,-579.0,-1028.0
19.0,-509.0,-1042.0
9.0,-486.0,-1032.0
21.0,-525.0,-1013.0
7.0,-630.0,-1009.0
-3.0,-661.0,-1013.0
27.0,-644.0,-1007.0
15.0,-632.0,-1013.0
31.0,-591.0,-1001.0
25.0,-550.0,-995.0
13.0,-486.0,-1011.0
11.0,-503.0,-1018.0
21.0,-532.0,-1011.0
15.0,-556.0,-1020.0
35.0,-675.0,-1005.0
29.0,-730.0,-1018.0
23.0,-681.0,-1026.0
17.0,-593.0,-1013.0
23.0,-499.0,-1015.0
9.0,-517.0,-999.0
21.0,-528.0,-981.0
19.0,-614.0,-985.0
-7.0,-651.0,-995.0
-7.0,-640.0,-997.0
-19.0,-583.0,-999.0
-5.0,-474.0,-1011.0
5.0,-439.0,-997.0
21.0,-390.0,-983.0
15.0,-505.0,-977.0
29.0,-655.0,-987.0
17.0,-708.0,-1024.0
21.0,-679.0,-1018.0
23.0,-581.0,-1020.0
29.0,-548.0,-1018.0
33.0,-591.0,-999.0
33.0,-655.0,-999.0
25.0,-661.0,-1026.0
21.0,-644.0,-1011.0
15.0,-620.0,-1003.0
23.0,-511.0,-1034.0
7.0,-425.0,-1026.0
35.0,-345.0,-1011.0
25.0,-400.0,-1003.0
31.0,-507.0,-989.0
27.0,-558.0,-983.0
25.0,-562.0,-1009.0
17.0,-445.0,-1016.0
21.0,-437.0,-1013.0
27.0,-474.0,-987.0
31.0,-491.0,-989.0
37.0,-437.0,-964.0
29.0,-386.0,-977.0
31.0,-368.0,-991.0
40.0,-386.0,-977.0
29.0,-249.0,-979.0
37.0,-210.0,-993.0
40.0,-212.0,-977.0
62.0,-228.0,-1003.0
48.0,-201.0,-1009.0
62.0,-183.0,-1007.0
74.0,-220.0,-1011.0
70.0,-261.0,-1028.0
52.0,-212.0,-1026.0
37.0,-204.0,-1011.0
40.0,-232.0,-1042.0
27.0,-206.0,-1046.0
35.0,-208.0,-1034.0
23.0,-154.0,-1022.0
11.0,-126.0,-1024.0
19.0,-78.0,-1026.0
11.0,-29.0,-1040.0
-15.0,25.0,-1059.0
1.0,46.0,-1036.0
-15.0,-39.0,-1038.0
0.0,-33.0,-1038.0
-9.0,-5.0,-1056.0
-3.0,-7.0,-1054.0
1.0,-7.0,-1056.0
15.0,-72.0,-1063.0
13.0,-31.0,-1044.0
23.0,-107.0,-1040.0
5.0,-136.0,-1050.0
3.0,-101.0,-1032.0
-23.0,-35.0,-1028.0
-17.0,-7.0,-1032.0
-13.0,-144.0,-1050.0
-9.0,-54.0,-1011.0
13.0,-3.0,-1018.0
7.0,23.0,-1015.0
21.0,44.0,-1015.0
11.0,13.0,-1026.0
7.0,-1.0,-1011.0
23.0,-46.0,-1011.0
17.0,-13.0,-1032.0
37.0,-31.0,-1005.0
17.0,-9.0,-995.0
37.0,-19.0,-1003.0
3.0,-5.0,-997.0
0.0,1.0,-993.0
-15.0,-152.0,-1022.0
0.0,-156.0,-999.0
-15.0,-128.0,-979.0
5.0,-130.0,-989.0
9.0,-91.0,-1022.0
7.0,-109.0,-997.0
11.0,-11.0,-1015.0
-13.0,-107.0,-1022.0
5.0,-148.0,-1018.0
-17.0,-179.0,-1061.0
0.0,-204.0,-1050.0
-7.0,-130.0,-1034.0
23.0,-169.0,-1036.0
11.0,-111.0,-1032.0
33.0,-156.0,-1003.0
19.0,-121.0,-1005.0
1.0,-183.0,-1026.0
7.0,-294.0,-1022.0
-25.0,-376.0,-1032.0
15.0,-431.0,-1007.0
13.0,-228.0,-989.0
15.0,-208.0,-995.0
37.0,-208.0,-979.0
29.0,-197.0,-979.0
25.0,-201.0,-1003.0
29.0,-226.0,-995.0
37.0,-292.0,-1022.0
25.0,-216.0,-1042.0
68.0,-169.0,-1007.0
50.0,-148.0,-970.0
68.0,-150.0,-999.0
48.0,-175.0,-981.0
35.0,-224.0,-997.0
39.0,-290.0,-1048.0
35.0,-331.0,-1040.0
37.0,-314.0,-1030.0
44.0,-224.0,-1015.0
37.0,-83.0,-1007.0
46.0,-35.0,-1003.0
31.0,-35.0,-1015.0
35.0,-142.0,-1032.0
29.0,-187.0,-1032.0
31.0,-216.0,-1040.0
33.0,-181.0,-1054.0
37.0,-136.0,-1038.0
40.0,-66.0,-1015.0
35.0,-3.0,-1036.0
37.0,-81.0,-1026.0
35.0,-150.0,-1001.0
37.0,-212.0,-1015.0
35.0,-265.0,-1011.0
15.0,-244.0,-1026.0
3.0,-146.0,-1052.0
11.0,54.0,-1015.0
21.0,37.0,-1011.0
31.0,46.0,-989.0
27.0,13.0,-1001.0
31.0,-31.0,-1009.0
11.0,-19.0,-1016.0
1.0,-11.0,-1044.0
11.0,37.0,-1036.0
23.0,54.0,-1007.0
29.0,107.0,-989.0
21.0,103.0,-1003.0
29.0,46.0,-981.0
-7.0,17.0,-1030.0
-9.0,-62.0,-1052.0
-5.0,-39.0,-1026.0
-3.0,1.0,-1034.0
-3.0,140.0,-1042.0
-1.0,222.0,-1018.0
3.0,244.0,-1009.0
0.0,224.0,-1052.0
-11.0,101.0,-1028.0
0.0,68.0,-1015.0
-9.0,29.0,-1075.0
11.0,109.0,-1059.0
7.0,163.0,-1044.0
29.0,158.0,-1028.0
33.0,144.0,-1034.0
35.0,50.0,-989.0
25.0,21.0,-1009.0
-5.0,-72.0,-1056.0
-7.0,-42.0,-1026.0
-15.0,31.0,-1036.0
23.0,54.0,-1022.0
9.0,124.0,-985.0
31.0,66.0,-974.0
19.0,142.0,-1018.0
21.0,130.0,-1034.0
19.0,128.0,-1024.0
27.0,76.0,-1013.0
31.0,-31.0,-991.0
31.0,7.0,-991.0
29.0,25.0,-1003.0
1.0,35.0,-1018.0
15.0,-29.0,-1026.0
-15.0,7.0,-1028.0
13.0,-11.0,-997.0
0.0,-5.0,-1003.0
-7.0,-31.0,-1054.0
-21.0,48.0,-1052.0
3.0,107.0,-1046.0
5.0,76.0,-1052.0
13.0,0.0,-1022.0
35.0,-103.0,-1009.0
21.0,-25.0,-1042.0
35.0,-19.0,-1056.0
33.0,-48.0,-1042.0
27.0,-160.0,-1048.0
37.0,-191.0,-1015.0
33.0,-140.0,-1001.0
39.0,-208.0,-1015.0
21.0,-199.0,-1024.0
33.0,-163.0,-1020.0
35.0,-128.0,-1003.0
27.0,-117.0,-1011.0
40.0,-183.0,-985.0
27.0,-154.0,-1005.0
37.0,-95.0,-1020.0
35.0,25.0,-1003.0
50.0,-48.0,-976.0
40.0,-140.0,-974.0
39.0,-171.0,-977.0
35.0,-144.0,-962.0
29.0,-154.0,-997.0
21.0,-234.0,-1026.0
21.0,-203.0,-1032.0
37.0,-181.0,-1005.0
29.0,-126.0,-981.0
19.0,-138.0,-987.0
23.0,-177.0,-1005.0
-7.0,-95.0,-1042.0
-1.0,-60.0,-1054.0
7.0,17.0,-1040.0
1.0,-42.0,-1046.0
35.0,-56.0,-1020.0
21.0,-17.0,-1013.0
23.0,11.0,-1036.0
29.0,64.0,-1034.0
39.0,-48.0,-1034.0
23.0,-138.0,-1020.0
37.0,-201.0,-1020.0
35.0,-208.0,-1011.0
15.0,-117.0,-1030.0
27.0,-70.0,-1044.0
25.0,48.0,-1005.0
35.0,48.0,-1007.0
33.0,68.0,-991.0
39.0,27.0,-985.0
37.0,29.0,-1018.0
35.0,121.0,-1032.0
33.0,142.0,-1011.0
37.0,128.0,-991.0
46.0,52.0,-979.0
35.0,66.0,-979.0
33.0,107.0,-1001.0
31.0,35.0,-1032.0
-1.0,-9.0,-1061.0
19.0,-35.0,-1032.0
-9.0,48.0,-1020.0
9.0,89.0,-1036.0
0.0,111.0,-1007.0
-17.0,132.0,-1048.0
-11.0,191.0,-1059.0
-54.0,283.0,-1059.0
-17.0,212.0,-1073.0
-21.0,181.0,-1042.0
7.0,152.0,-1036.0
11.0,183.0,-1038.0
19.0,163.0,-1040.0
37.0,81.0,-1046.0
23.0,52.0,-1061.0
35.0,1.0,-1036.0
25.0,58.0,-1026.0
27.0,23.0,-1048.0
29.0,60.0,-1034.0
27.0,109.0,-1015.0
25.0,95.0,-1022.0
23.0,128.0,-1020.0
25.0,103.0,-1032.0
29.0,148.0,-1046.0
29.0,183.0,-1040.0
33.0,152.0,-1007.0
27.0,39.0,-991.0
39.0,-44.0,-989.0
17.0,3.0,-1003.0
15.0,33.0,-1011.0
-7.0,66.0,-1032.0
-23.0,46.0,-1040.0
-1.0,37.0,-999.0
-5.0,42.0,-972.0
-15.0,-17.0,-962.0
-29.0,-15.0,-991.0
-27.0,-35.0,-1038.0
-40.0,62.0,-1042.0
-29.0,60.0,-1034.0
-3.0,11.0,-1013.0
15.0,17.0,-1007.0
15.0,1.0,-999.0
27.0,48.0,-993.0
27.0,-56.0,-1030.0
27.0,-83.0,-1046.0
37.0,-199.0,-1042.0
37.0,-232.0,-1028.0
40.0,-152.0,-1024.0
37.0,-111.0,-1018.0
35.0,-7.0,-1011.0
37.0,-48.0,-1013.0
33.0,-17.0,-997.0
31.0,-56.0,-1005.0
31.0,-95.0,-1036.0
31.0,-25.0,-1044.0
40.0,-11.0,-1024.0
42.0,37.0,-1007.0
54.0,-58.0,-974.0
40.0,-134.0,-950.0
35.0,-160.0,-989.0
19.0,-167.0,-1015.0
17.0,-111.0,-1036.0
-3.0,-115.0,-1054.0
29.0,-83.0,-1005.0
27.0,-95.0,-972.0
35.0,-70.0,-956.0
3.0,-81.0,-1003.0
13.0,-78.0,-1028.0
-44.0,1.0,-1057.0
-7.0,-35.0,-1052.0
5.0,-1.0,-1028.0
29.0,-1.0,-1009.0
33.0,31.0,-1009.0
29.0,48.0,-1009.0
44.0,-48.0,-1018.0
29.0,-175.0,-1046.0
37.0,-271.0,-1038.0
35.0,-220.0,-1026.0
37.0,-179.0,-1042.0
33.0,-103.0,-1026.0
29.0,0.0,-1011.0
39.0,19.0,-997.0
31.0,54.0,-997.0
33.0,7.0,-1015.0
37.0,60.0,-1024.0
29.0,113.0,-1046.0
40.0,179.0,-1030.0
39.0,148.0,-997.0
54.0,58.0,-972.0
44.0,40.0,-979.0
37.0,-1.0,-1009.0
29.0,1.0,-1038.0
7.0,-9.0,-1061.0
3.0,-1.0,-1052.0
0.0,39.0,-1022.0
3.0,117.0,-1005.0
-5.0,171.0,-1005.0
-25.0,169.0,-1013.0
-23.0,162.0,-1040.0
-60.0,126.0,-1065.0
-29.0,167.0,-1054.0
-39.0,171.0,-1042.0
0.0,140.0,-1040.0
3.0,212.0,-1034.0
7.0,206.0,-1024.0
31.0,85.0,-1026.0
29.0,-62.0,-1034.0
33.0,-101.0,-1030.0
23.0,0.0,-1050.0
27.0,52.0,-1057.0
5.0,99.0,-1038.0
21.0,78.0,-1001.0
33.0,126.0,-985.0
27.0,89.0,-995.0
31.0,113.0,-1013.0
21.0,148.0,-1042.0
37.0,148.0,-1069.0
37.0,183.0,-1009.0
37.0,93.0,-995.0
42.0,29.0,-974.0
37.0,0.0,-997.0
27.0,31.0,-1009.0
7.0,107.0,-1034.0
17.0,80.0,-1050.0
-9.0,78.0,-1036.0
3.0,113.0,-1005.0
7.0,74.0,-997.0
-3.0,27.0,-1003.0
-21.0,-11.0,-1018.0
-39.0,72.0,-1048.0
-13.0,72.0,-1048.0
-52.0,162.0,-1026.0
5.0,115.0,-1024.0
-1.0,42.0,-1007.0
3.0,46.0,-1013.0
21.0,7.0,-1032.0
19.0,-72.0,-1030.0
33.0,-212.0,-1040.0
35.0,-177.0,-1036.0
35.0,-42.0,-1018.0
29.0,-11.0,-1024.0
29.0,-27.0,-1013.0
33.0,-62.0,-995.0
21.0,-46.0,-997.0
33.0,-107.0,-1009.0
29.0,-117.0,-1018.0
29.0,-91.0,-1056.0
44.0,3.0,-1038.0
35.0,62.0,-1005.0
46.0,-7.0,-977.0
40.0,-83.0,-981.0
37.0,-193.0,-1001.0
33.0,-187.0,-1022.0
29.0,-154.0,-1042.0
19.0,-140.0,-1040.0
23.0,-17.0,-1011.0
21.0,-13.0,-997.0
23.0,25.0,-964.0
-21.0,-39.0,-1018.0
5.0,-81.0,-1020.0
-21.0,-140.0,-1032.0
7.0,-156.0,-1050.0
-21.0,-13.0,-1056.0
27.0,23.0,-1013.0
7.0,93.0,-1003.0
25.0,62.0,-1013.0
29.0,-27.0,-993.0
29.0,-107.0,-1011.0
25.0,-228.0,-1040.0
31.0,-203.0,-1013.0
35.0,-148.0,-1015.0
31.0,11.0,-1003.0
39.0,103.0,-993.0
37.0,113.0,-977.0
35.0,109.0,-983.0
37.0,-11.0,-976.0
31.0,40.0,-1007.0
37.0,1.0,-1022.0
35.0,140.0,-1024.0
52.0,169.0,-1015.0
50.0,156.0,-981.0
62.0,134.0,-981.0
56.0,60.0,-991.0
31.0,103.0,-1007.0
29.0,122.0,-1040.0
31.0,152.0,-1048.0
21.0,214.0,-1032.0
17.0,281.0,-997.0
-9.0,370.0,-1003.0
15.0,409.0,-1001.0
-25.0,439.0,-1007.0
-7.0,427.0,-1028.0
-17.0,480.0,-1038.0
-9.0,482.0,-1044.0
0.0,484.0,-1044.0
0.0,530.0,-1038.0
25.0,519.0,-1028.0
31.0,486.0,-1038.0
37.0,400.0,-1052.0
37.0,460.0,-1038.0
35.0,527.0,-1063.0
37.0,491.0,-1048.0
29.0,486.0,-1059.0
21.0,488.0,-1048.0
35.0,616.0,-1046.0
31.0,655.0,-1040.0
33.0,663.0,-1040.0
29.0,687.0,-1048.0
29.0,741.0,-1030.0
27.0,774.0,-1042.0
21.0,743.0,-1046.0
19.0,724.0,-1040.0
21.0,605.0,-1032.0
29.0,579.0,-1009.0
27.0,634.0,-1024.0
35.0,636.0,-1015.0
-7.0,681.0,-1050.0
9.0,634.0,-1046.0
-21.0,708.0,-1042.0
-29.0,737.0,-1026.0
-37.0,737.0,-1030.0
-33.0,689.0,-1036.0
-7.0,618.0,-1046.0
-25.0,640.0,-1056.0
5.0,673.0,-1065.0
7.0,737.0,-1077.0
7.0,712.0,-1073.0
23.0,679.0,-1030.0
-11.0,632.0,-1032.0
21.0,560.0,-1050.0
-15.0,530.0,-1057.0
-13.0,462.0,-1073.0
5.0,460.0,-1059.0
1.0,462.0,-1056.0
-5.0,499.0,-1032.0
-13.0,560.0,-1018.0
-5.0,527.0,-1030.0
-21.0,562.0,-1022.0
3.0,509.0,-1028.0
7.0,484.0,-1022.0
27.0,415.0,-1022.0
19.0,423.0,-1020.0
29.0,515.0,-1011.0
17.0,564.0,-1015.0
33.0,542.0,-1003.0
25.0,458.0,-983.0
33.0,353.0,-981.0
29.0,325.0,-989.0
27.0,267.0,-1007.0
31.0,300.0,-1020.0
21.0,335.0,-1032.0
31.0,396.0,-1013.0
27.0,456.0,-997.0
35.0,470.0,-987.0
31.0,437.0,-1011.0
35.0,409.0,-997.0
5.0,402.0,-1030.0
29.0,349.0,-1034.0
48.0,380.0,-1018.0
37.0,419.0,-1048.0
56.0,447.0,-1003.0
37.0,427.0,-1011.0
35.0,366.0,-1018.0
27.0,372.0,-1040.0
33.0,353.0,-1044.0
31.0,421.0,-1044.0
37.0,396.0,-1044.0
40.0,349.0,-1028.0
37.0,365.0,-1028.0
35.0,372.0,-1030.0
33.0,480.0,-1034.0
27.0,484.0,-1036.0
17.0,443.0,-1038.0
21.0,400.0,-1048.0
29.0,439.0,-1015.0
21.0,542.0,-1018.0
37.0,538.0,-1015.0
37.0,577.0,-1011.0
37.0,519.0,-1022.0
29.0,544.0,-1018.0
33.0,556.0,-1028.0
35.0,534.0,-1032.0
31.0,546.0,-1028.0
39.0,507.0,-1011.0
33.0,548.0,-999.0
37.0,597.0,-1022.0
40.0,644.0,-1003.0
35.0,661.0,-1024.0
52.0,638.0,-1024.0
33.0,657.0,-1028.0
37.0,661.0,-1018.0
31.0,716.0,-1034.0
37.0,720.0,-1042.0
27.0,745.0,-1026.0
27.0,755.0,-1030.0
27.0,774.0,-1042.0
25.0,823.0,-1042.0
19.0,790.0,-1052.0
17.0,802.0,-1046.0
15.0,774.0,-1059.0
9.0,771.0,-1048.0
1.0,743.0,-1054.0
-1.0,700.0,-1061.0
0.0,733.0,-1061.0
-7.0,732.0,-1065.0
-15.0,792.0,-1057.0
-23.0,812.0,-1063.0
-13.0,856.0,-1042.0
-31.0,901.0,-1026.0
-21.0,872.0,-1030.0
-21.0,917.0,-1034.0
-11.0,888.0,-1040.0
-23.0,872.0,-1034.0
-11.0,817.0,-1052.0
0.0,728.0,-1046.0
-7.0,691.0,-1056.0
1.0,673.0,-1036.0
-15.0,724.0,-1042.0
-13.0,739.0,-1042.0
-27.0,761.0,-1030.0
-21.0,743.0,-1040.0
-21.0,726.0,-1030.0
-21.0,774.0,-1018.0
3.0,774.0,-1020.0
5.0,841.0,-1007.0
21.0,798.0,-1020.0
29.0,804.0,-1024.0
37.0,755.0,-1040.0
48.0,669.0,-1040.0
35.0,634.0,-1042.0
44.0,562.0,-1036.0
37.0,564.0,-1042.0
44.0,552.0,-1042.0
29.0,597.0,-1046.0
35.0,622.0,-1038.0
27.0,632.0,-1024.0
19.0,704.0,-1009.0
25.0,689.0,-1001.0
23.0,720.0,-1018.0
39.0,655.0,-1018.0
35.0,593.0,-1020.0
33.0,568.0,-1028.0
37.0,530.0,-1032.0
31.0,556.0,-1042.0
35.0,521.0,-1040.0
27.0,505.0,-1036.0
23.0,437.0,-1042.0
25.0,366.0,-1042.0
7.0,363.0,-1057.0
23.0,353.0,-1056.0
1.0,486.0,-1052.0
25.0,568.0,-1042.0
9.0,653.0,-1015.0
27.0,634.0,-1007.0
27.0,612.0,-1005.0
23.0,556.0,-1007.0
23.0,470.0,-1020.0
29.0,472.0,-1032.0
37.0,425.0,-1038.0
37.0,482.0,-1011.0
37.0,503.0,-1013.0
37.0,497.0,-1001.0
29.0,499.0,-1011.0
37.0,431.0,-1020.0
29.0,458.0,-1030.0
33.0,464.0,-1034.0
33.0,482.0,-1026.0
37.0,540.0,-1026.0
39.0,573.0,-997.0
37.0,655.0,-1001.0
37.0,681.0,-1009.0
31.0,663.0,-1011.0
29.0,603.0,-1024.0
35.0,597.0,-1013.0
29.0,607.0,-1020.0
35.0,622.0,-1001.0
27.0,667.0,-1009.0
37.0,646.0,-1015.0
17.0,632.0,-1026.0
25.0,597.0,-1042.0
27.0,568.0,-1048.0
1.0,587.0,-1063.0
13.0,646.0,-1040.0
5.0,728.0,-1028.0
9.0,749.0,-1018.0
-5.0,806.0,-1003.0
-17.0,771.0,-1026.0
-7.0,751.0,-1028.0
-7.0,710.0,-1042.0
-7.0,692.0,-1040.0
-1.0,724.0,-1056.0
21.0,691.0,-1065.0
21.0,648.0,-1056.0
23.0,562.0,-1071.0
15.0,534.0,-1065.0
5.0,534.0,-1085.0
-9.0,544.0,-1091.0
-13.0,632.0,-1083.0
-15.0,607.0,-1059.0
-21.0,653.0,-1042.0
-17.0,632.0,-1042.0
-13.0,589.0,-1036.0
-5.0,571.0,-1052.0
15.0,521.0,-1040.0
11.0,536.0,-1042.0
27.0,491.0,-1040.0
31.0,497.0,-1038.0
39.0,441.0,-1030.0
35.0,394.0,-1056.0
15.0,372.0,-1042.0
35.0,325.0,-1057.0
17.0,329.0,-1052.0
40.0,306.0,-1042.0
-1.0,339.0,-1036.0
37.0,337.0,-1022.0
-11.0,335.0,-1024.0
21.0,296.0,-1022.0
0.0,236.0,-1022.0
27.0,247.0,-1013.0
7.0,203.0,-1034.0
31.0,220.0,-1009.0
21.0,218.0,-1034.0
35.0,197.0,-1007.0
1.0,195.0,-1018.0
21.0,115.0,-1015.0
1.0,99.0,-1009.0
19.0,25.0,-1018.0
19.0,60.0,-1013.0
17.0,72.0,-1018.0
19.0,58.0,-1026.0
21.0,87.0,-1015.0
29.0,35.0,-1003.0
21.0,46.0,-985.0
25.0,-9.0,-1005.0
25.0,0.0,-1005.0
25.0,9.0,-1009.0
35.0,-13.0,-1011.0
25.0,19.0,-1001.0
37.0,-7.0,-993.0
31.0,37.0,-991.0
31.0,9.0,-993.0
35.0,-11.0,-993.0
25.0,-31.0,-1001.0
37.0,-40.0,-1011.0
25.0,-19.0,-1009.0
40.0,-58.0,-997.0
37.0,-31.0,-1005.0
25.0,-29.0,-1003.0
39.0,3.0,-999.0
27.0,25.0,-1009.0
40.0,-11.0,-1007.0
29.0,19.0,-1007.0
42.0,-11.0,-1007.0
35.0,40.0,-1007.0
39.0,23.0,-1003.0
37.0,31.0,-1003.0
33.0,76.0,-1003.0
37.0,56.0,-1013.0
31.0,95.0,-1013.0
33.0,42.0,-1028.0
31.0,128.0,-1001.0
29.0,132.0,-1024.0
35.0,109.0,-1018.0
33.0,144.0,-1022.0
37.0,142.0,-1022.0
29.0,181.0,-1034.0
35.0,158.0,-1026.0
29.0,206.0,-1018.0
29.0,206.0,-1026.0
33.0,204.0,-1026.0
29.0,245.0,-1026.0
29.0,165.0,-1032.0
19.0,234.0,-1036.0
21.0,253.0,-1042.0
15.0,273.0,-1036.0
17.0,281.0,-1048.0
21.0,247.0,-1026.0
1.0,308.0,-1042.0
21.0,245.0,-1040.0
5.0,296.0,-1036.0
7.0,265.0,-1046.0
17.0,296.0,-1030.0
13.0,322.0,-1042.0
13.0,296.0,-1038.0
0.0,345.0,-1040.0
19.0,318.0,-1040.0
-15.0,353.0,-1036.0
-3.0,318.0,-1038.0
0.0,312.0,-1034.0
-5.0,318.0,-1032.0
15.0,288.0,-1030.0
-9.0,312.0,-1026.0
7.0,273.0,-1034.0
-7.0,300.0,-1024.0
-1.0,281.0,-1028.0
7.0,269.0,-1042.0
5.0,273.0,-1028.0
11.0,245.0,-1034.0
5.0,271.0,-1020.0
25.0,224.0,-1024.0
7.0,240.0,-1024.0
27.0,216.0,-1030.0
17.0,210.0,-1032.0
19.0,206.0,-1040.0
17.0,163.0,-1042.0
15.0,167.0,-1020.0
17.0,119.0,-1028.0
19.0,121.0,-1026.0
9.0,113.0,-1036.0
21.0,87.0,-1028.0
9.0,109.0,-1030.0
19.0,48.0,-1030.0
17.0,70.0,-1016.0
21.0,19.0,-1026.0
15.0,35.0,-1013.0
15.0,17.0,-1026.0
21.0,-5.0,-1026.0
15.0,17.0,-1020.0
29.0,-40.0,-1007.0
27.0,-19.0,-1015.0
27.0,-81.0,-1011.0
15.0,-54.0,-1007.0
23.0,-78.0,-1013.0
19.0,-140.0,-1018.0
23.0,-121.0,-1015.0
29.0,-148.0,-1013.0
27.0,-107.0,-1011.0
31.0,-136.0,-1011.0
31.0,-113.0,-995.0
29.0,-99.0,-1003.0
35.0,-136.0,-1009.0
29.0,-101.0,-1005.0
37.0,-158.0,-995.0
31.0,-109.0,-999.0
35.0,-142.0,-1003.0
33.0,-152.0,-1003.0
33.0,-148.0,-1011.0
37.0,-171.0,-1001.0
33.0,-124.0,-1003.0
37.0,-160.0,-1003.0
31.0,-128.0,-1001.0
33.0,-136.0,-997.0
35.0,-113.0,-1005.0
33.0,-81.0,-1007.0
40.0,-99.0,-1011.0
29.0,-40.0,-1011.0
39.0,-72.0,-1018.0
31.0,-31.0,-1007.0
37.0,-54.0,-1013.0
40.0,-46.0,-1003.0
31.0,-17.0,-1005.0
39.0,-48.0,-1016.0
27.0,0.0,-1011.0
37.0,-27.0,-1020.0
35.0,17.0,-1020.0
37.0,11.0,-1018.0
33.0,23.0,-1013.0
21.0,52.0,-1018.0
35.0,37.0,-1028.0
15.0,99.0,-1015.0
39.0,74.0,-1032.0
25.0,107.0,-1018.0
33.0,107.0,-1018.0
11.0,109.0,-1013.0
23.0,142.0,-1028.0
19.0,111.0,-1042.0
19.0,148.0,-1015.0
23.0,124.0,-1030.0
17.0,158.0,-1022.0
13.0,163.0,-1036.0
11.0,163.0,-1028.0
5.0,195.0,-1026.0
15.0,162.0,-1036.0
17.0,206.0,-1038.0
13.0,148.0,-1042.0
27.0,167.0,-1036.0
1.0,206.0,-1065.0
19.0,191.0,-1034.0
5.0,251.0,-1050.0
11.0,197.0,-1056.0
21.0,214.0,-1036.0
0.0,193.0,-1034.0
11.0,210.0,-1032.0
-1.0,206.0,-1034.0
7.0,195.0,-1024.0
-15.0,230.0,-1038.0
1.0,201.0,-1030.0
-1.0,216.0,-1018.0
-1.0,185.0,-1020.0
3.0,179.0,-1018.0
-11.0,189.0,-1022.0
7.0,162.0,-1016.0
1.0,181.0,-1036.0
13.0,142.0,-1020.0
21.0,167.0,-1020.0
3.0,154.0,-1034.0
33.0,128.0,-1026.0
0.0,130.0,-1040.0
35.0,76.0,-1030.0
1.0,115.0,-1036.0
25.0,72.0,-1015.0
7.0,83.0,-1028.0
0.0,70.0,-1020.0
27.0,40.0,-1011.0
3.0,39.0,-1026.0
33.0,-19.0,-1018.0
-7.0,1.0,-1013.0
21.0,-23.0,-1020.0
7.0,-13.0,-1015.0
7.0,-19.0,-1024.0
33.0,-27.0,-1015.0
11.0,-27.0,-1018.0
35.0,-60.0,-1018.0
17.0,-68.0,-1034.0
17.0,-113.0,-1020.0
35.0,-91.0,-1013.0
17.0,-85.0,-1015.0
40.0,-107.0,-1007.0
25.0,-85.0,-1016.0
39.0,-140.0,-1007.0
29.0,-101.0,-1013.0
31.0,-156.0,-1015.0
35.0,-136.0,-1005.0
27.0,-146.0,-1009.0
44.0,-146.0,-1015.0
27.0,-111.0,-1007.0
39.0,-154.0,-997.0
23.0,-117.0,-1001.0
35.0,-146.0,-1009.0
35.0,-130.0,-997.0
25.0,-122.0,-1011.0
33.0,-142.0,-991.0
29.0,-95.0,-1005.0
37.0,-148.0,-1005.0
31.0,-103.0,-1011.0
29.0,-115.0,-1003.0
27.0,-91.0,-1013.0
21.0,-64.0,-1007.0
35.0,-78.0,-1003.0
21.0,-35.0,-1011.0
42.0,-80.0,-1011.0
19.0,-39.0,-1009.0
35.0,-68.0,-1018.0
33.0,-64.0,-1018.0
15.0,-37.0,-1013.0
19.0,-60.0,-1018.0
23.0,5.0,-1015.0
37.0,-25.0,-1007.0
21.0,17.0,-1024.0
39.0,-1.0,-1007.0
7.0,23.0,-1022.0
15.0,33.0,-1026.0
35.0,21.0,-1020.0
15.0,72.0,-1011.0
37.0,46.0,-1026.0
11.0,89.0,-1015.0
33.0,85.0,-1013.0
9.0,66.0,-1028.0
21.0,109.0,-1028.0
11.0,60.0,-1011.0
1.0,117.0,-1020.0
29.0,85.0,-1030.0
17.0,128.0,-1011.0
21.0,128.0,-1026.0
5.0,128.0,-1028.0
-1.0,175.0,-1007.0
9.0,136.0,-1026.0
0.0,160.0,-1020.0
37.0,163.0,-1007.0
-7.0,134.0,-1024.0
13.0,158.0,-1007.0
-7.0,144.0,-1030.0
-48.0,158.0,-1034.0
0.0,136.0,-1042.0
-13.0,142.0,-1026.0
23.0,134.0,-1050.0
31.0,150.0,-1054.0
35.0,175.0,-1073.0
33.0,140.0,-1071.0
42.0,154.0,-1044.0
37.0,119.0,-1020.0
33.0,122.0,-983.0
-40.0,9.0,-960.0
25.0,126.0,-911.0
314.0,68.0,-849.0
-27.0,160.0,-1508.0
-415.0,197.0,-780.0
560.0,-9.0,-1011.0
-880.0,-64.0,-1128.0
1116.0,62.0,-892.0
-1202.0,195.0,-1214.0
1040.0,-81.0,-835.0
-1120.0,175.0,-1311.0
792.0,-128.0,-763.0
-614.0,83.0,-1225.0
238.0,117.0,-821.0
-156.0,-87.0,-1079.0
-134.0,80.0,-954.0
222.0,-95.0,-1073.0
-238.0,17.0,-1044.0
263.0,64.0,-1009.0
-142.0,-76.0,-1130.0
177.0,-7.0,-995.0
60.0,1.0,-1069.0
72.0,-19.0,-1009.0
152.0,-85.0,-1026.0
15.0,-236.0,-997.0
74.0,-99.0,-974.0
-7.0,-113.0,-1034.0
-48.0,42.0,-1018.0
66.0,-64.0,-1005.0
-122.0,-29.0,-1042.0
111.0,-1.0,-935.0
-81.0,-91.0,-1015.0
99.0,-87.0,-968.0
-89.0,-189.0,-1046.0
19.0,-80.0,-1001.0
-40.0,-99.0,-1052.0
31.0,-93.0,-1011.0
-3.0,-107.0,-991.0
33.0,-115.0,-985.0
23.0,-76.0,-1024.0
27.0,-81.0,-1015.0
-1.0,-64.0,-1028.0
31.0,-31.0,-1050.0
31.0,-72.0,-1026.0
58.0,-25.0,-977.0
40.0,-64.0,-1003.0
31.0,-25.0,-999.0
44.0,-54.0,-1018.0
19.0,-54.0,-1018.0
52.0,-52.0,-1024.0
7.0,-89.0,-1001.0
42.0,-31.0,-997.0
70.0,-27.0,-1030.0
60.0,27.0,-1022.0
-1.0,1.0,-1036.0
-15.0,11.0,-1046.0
-3.0,44.0,-1018.0
13.0,-21.0,-1022.0
15.0,33.0,-1030.0
62.0,-17.0,-1005.0
9.0,25.0,-1046.0
-17.0,31.0,-1036.0
-7.0,62.0,-1036.0
21.0,44.0,-989.0
9.0,-1.0,-1028.0
44.0,74.0,-1007.0
29.0,78.0,-1044.0
37.0,48.0,-1040.0
-759.0,-87.0,-1214.0
70.0,265.0,-792.0
-870.0,425.0,-876.0
1819.0,-409.0,-1235.0
829.0,558.0,-1350.0
-700.0,-597.0,-720.0
-1071.0,281.0,-1274.0
382.0,245.0,-735.0
519.0,341.0,-1056.0
-318.0,-312.0,-813.0
-665.0,-134.0,-1204.0
404.0,242.0,-977.0
396.0,-27.0,-977.0
-366.0,568.0,-1163.0
-60.0,-173.0,-884.0
302.0,99.0,-968.0
162.0,93.0,-1052.0
-238.0,-66.0,-931.0
27.0,40.0,-1042.0
169.0,54.0,-1233.0
-177.0,335.0,-1079.0
5.0,273.0,-839.0
-105.0,-56.0,-1063.0
85.0,-152.0,-1018.0
-220.0,-95.0,-929.0
-39.0,158.0,-1087.0
-40.0,214.0,-1243.0
-9.0,17.0,-989.0
23.0,11.0,-936.0
7.0,5.0,-962.0
101.0,56.0,-962.0
81.0,-81.0,-1011.0
-7.0,156.0,-1114.0
46.0,183.0,-1085.0
11.0,39.0,-1052.0
50.0,-23.0,-991.0
-31.0,-117.0,-960.0
37.0,-23.0,-966.0
-5.0,80.0,-1100.0
-5.0,46.0,-1081.0
-9.0,5.0,-1067.0
27.0,-5.0,-1009.0
33.0,-7.0,-1003.0
27.0,-105.0,-962.0
5.0,-31.0,-987.0
27.0,15.0,-1063.0
15.0,37.0,-1044.0
11.0,-74.0,-1011.0
33.0,-181.0,-1007.0
31.0,-35.0,-991.0
29.0,29.0,-977.0
23.0,48.0,-1028.0
7.0,0.0,-1038.0
50.0,-72.0,-987.0
-1.0,-83.0,-1003.0
44.0,-144.0,-1024.0
-7.0,-181.0,-1024.0
37.0,-130.0,-1005.0
-3.0,101.0,-1034.0
29.0,60.0,-1011.0
40.0,-1.0,-1001.0
7.0,-70.0,-1005.0
46.0,-119.0,-997.0
-1.0,-62.0,-999.0
17.0,-64.0,-1048.0
29.0,-25.0,-1048.0
29.0,3.0,-1013.0
33.0,42.0,-1003.0
11.0,7.0,-1009.0
33.0,-40.0,-1018.0
0.0,-46.0,-1011.0
39.0,-46.0,-1048.0
40.0,23.0,-1036.0
25.0,-25.0,-1020.0
46.0,-17.0,-1011.0
11.0,5.0,-1016.0
37.0,1.0,-1007.0
7.0,48.0,-1042.0
48.0,31.0,-1026.0
13.0,44.0,-1009.0
15.0,29.0,-1034.0
37.0,-7.0,-1009.0
-3.0,-11.0,-1009.0
33.0,0.0,-1036.0
-5.0,76.0,-1046.0
-9.0,35.0,-1015.0
46.0,93.0,-1036.0
-80.0,-37.0,-1091.0
64.0,83.0,-868.0
-72.0,-3.0,-1116.0
101.0,46.0,-1040.0
-58.0,163.0,-979.0
15.0,-27.0,-1056.0
-7.0,80.0,-1038.0
-23.0,93.0,-993.0
54.0,-40.0,-995.0
-33.0,117.0,-1026.0
48.0,52.0,-1026.0
-21.0,80.0,-1030.0
9.0,103.0,-1020.0
17.0,25.0,-1003.0
0.0,70.0,-1003.0
31.0,13.0,-1028.0
19.0,64.0,-1018.0
27.0,78.0,-1007.0
7.0,81.0,-1042.0
9.0,52.0,-1020.0
23.0,48.0,-995.0
-1.0,56.0,-1028.0
33.0,46.0,-1007.0
3.0,46.0,-1013.0
37.0,23.0,-1022.0
11.0,46.0,-1032.0
21.0,46.0,-1015.0
9.0,46.0,-1003.0
21.0,39.0,-1030.0
15.0,29.0,-1009.0
17.0,64.0,-1020.0
17.0,23.0,-1020.0
17.0,31.0,-1018.0
11.0,5.0,-1024.0
3.0,19.0,-1026.0
23.0,31.0,-1032.0
19.0,17.0,-1030.0
33.0,50.0,-1038.0
17.0,11.0,-1020.0
31.0,11.0,-1018.0
21.0,-25.0,-1042.0
25.0,-31.0,-1013.0
9.0,-1.0,-1038.0
23.0,-5.0,-1032.0
13.0,15.0,-1020.0
25.0,-29.0,-1015.0
17.0,1.0,-1018.0
19.0,-7.0,-1015.0
15.0,-29.0,-1022.0
17.0,-1.0,-1024.0
29.0,-37.0,-1036.0
27.0,0.0,-1011.0
35.0,-37.0,-1028.0
33.0,-35.0,-1015.0
33.0,-44.0,-1026.0
37.0,-35.0,-1013.0
29.0,7.0,-1026.0
29.0,-44.0,-1022.0
33.0,-7.0,-1015.0
21.0,-40.0,-1020.0
33.0,-3.0,-1007.0
13.0,-11.0,-1015.0
35.0,-35.0,-1020.0
15.0,23.0,-1007.0
42.0,-37.0,-1024.0
-599.0,-1.0,-1087.0
732.0,7.0,-976.0
-897.0,54.0,-1034.0
1032.0,-64.0,-938.0
-687.0,107.0,-1087.0
692.0,-189.0,-790.0
-505.0,25.0,-1259.0
386.0,-111.0,-884.0
-411.0,300.0,-1108.0
115.0,48.0,-974.0
437.0,-302.0,-962.0
284.0,224.0,-997.0
-331.0,-35.0,-1188.0
162.0,-70.0,-1409.0
-644.0,-27.0,-921.0
714.0,158.0,-456.0
-944.0,3.0,-1268.0
1177.0,-25.0,-907.0
-1460.0,530.0,-1317.0
960.0,-648.0,-899.0
-759.0,146.0,-1089.0
493.0,173.0,-755.0
-144.0,-124.0,-1007.0
199.0,398.0,-1018.0
185.0,-230.0,-1227.0
-201.0,56.0,-1098.0
314.0,294.0,-780.0
-382.0,-210.0,-1270.0
124.0,158.0,-931.0
-48.0,-72.0,-1063.0
111.0,128.0,-1046.0
72.0,251.0,-1056.0
0.0,-93.0,-1013.0
124.0,158.0,-1063.0
-101.0,-162.0,-1003.0
23.0,52.0,-1011.0
44.0,111.0,-1009.0
-19.0,-29.0,-1063.0
126.0,148.0,-944.0
15.0,-42.0,-1038.0
-95.0,175.0,-1071.0
-1.0,89.0,-960.0
-163.0,31.0,-1028.0
35.0,68.0,-1032.0
-152.0,-1.0,-1009.0
56.0,44.0,-958.0
-39.0,-25.0,-1100.0
21.0,-46.0,-1024.0
-56.0,21.0,-1036.0
39.0,-7.0,-1042.0
-58.0,83.0,-1032.0
103.0,5.0,-966.0
-5.0,78.0,-1048.0
99.0,11.0,-991.0
3.0,76.0,-1030.0
72.0,27.0,-977.0
-46.0,9.0,-1052.0
33.0,-1.0,-974.0
27.0,-17.0,-1013.0
42.0,54.0,-1009.0
-1.0,-17.0,-1040.0
31.0,13.0,-1018.0
-17.0,-7.0,-1054.0
23.0,-23.0,-1003.0
7.0,-9.0,-1018.0
-7.0,-42.0,-1028.0
31.0,27.0,-1030.0
25.0,-7.0,-1026.0
35.0,5.0,-1036.0
-23.0,7.0,-1020.0
40.0,-5.0,-1011.0
-19.0,15.0,-1034.0
29.0,-25.0,-1026.0
17.0,7.0,-1028.0
31.0,-42.0,-1028.0
35.0,-5.0,-1036.0
33.0,-27.0,-1007.0
50.0,-27.0,-1032.0
3.0,-1.0,-1036.0
46.0,5.0,-1024.0
33.0,23.0,-1015.0
37.0,-13.0,-1024.0
35.0,-33.0,-1003.0
29.0,-11.0,-997.0
37.0,-5.0,-1020.0
5.0,5.0,-1018.0
25.0,-1.0,-983.0
7.0,21.0,-1009.0
29.0,15.0,-1011.0
1.0,19.0,-1005.0
17.0,3.0,-1009.0
15.0,7.0,-1036.0
29.0,9.0,-1030.0
33.0,-7.0,-1018.0
21.0,7.0,-1032.0
42.0,-7.0,-1018.0
23.0,11.0,-1030.0
33.0,25.0,-1018.0
15.0,7.0,-1032.0
35.0,-1.0,-1018.0
5.0,1.0,-1034.0
19.0,35.0,-1011.0
19.0,42.0,-1026.0
-9.0,17.0,-1030.0
21.0,25.0,-1011.0
-9.0,29.0,-1018.0
13.0,25.0,-1026.0
-5.0,-9.0,-1022.0
15.0,9.0,-1013.0
13.0,9.0,-1020.0
0.0,19.0,-1030.0
19.0,33.0,-1013.0
13.0,21.0,-1022.0
27.0,21.0,-1009.0
11.0,13.0,-1011.0
15.0,37.0,-1015.0
21.0,29.0,-1011.0
11.0,46.0,-1026.0
5.0,40.0,-1024.0
15.0,48.0,-1018.0
5.0,48.0,-1011.0
5.0,17.0,-1030.0
3.0,29.0,-1016.0
-7.0,27.0,-1026.0
19.0,35.0,-1015.0
11.0,25.0,-1028.0
27.0,15.0,-1009.0
27.0,33.0,-1015.0
29.0,33.0,-1018.0
25.0,58.0,-1020.0
21.0,44.0,-1022.0
33.0,40.0,-1020.0
11.0,37.0,-1026.0
37.0,35.0,-1011.0
0.0,70.0,-1024.0
21.0,46.0,-1018.0
-13.0,48.0,-1024.0
19.0,42.0,-1018.0
-15.0,23.0,-1026.0
7.0,5.0,-1005.0
-5.0,35.0,-1032.0
-13.0,19.0,-1013.0
-7.0,29.0,-1018.0
-11.0,7.0,-1022.0
-15.0,21.0,-1028.0
-37.0,13.0,-1015.0
-50.0,21.0,-1034.0
-62.0,-9.0,-1022.0
-83.0,25.0,-1030.0
-165.0,21.0,-1032.0
-218.0,31.0,-1022.0
-234.0,-21.0,-1018.0
-284.0,19.0,-1061.0
-425.0,13.0,-1018.0
-523.0,13.0,-991.0
-534.0,-29.0,-997.0
-536.0,-11.0,-1042.0
-716.0,56.0,-1009.0
-808.0,9.0,-991.0
-837.0,-33.0,-1009.0
-802.0,-29.0,-1059.0
-913.0,62.0,-1016.0
-1044.0,-15.0,-999.0
-1020.0,-91.0,-1036.0
-974.0,-46.0,-1061.0
-1075.0,40.0,-1034.0
-1163.0,-1.0,-1013.0
-1155.0,-78.0,-1081.0
-1106.0,-11.0,-1100.0
-1118.0,83.0,-981.0
-1194.0,-74.0,-1005.0
-1145.0,-76.0,-1085.0
-1175.0,-70.0,-1118.0
-1089.0,93.0,-995.0
-1276.0,-54.0,-1026.0
-1106.0,-42.0,-1032.0
-1126.0,-23.0,-1100.0
-1022.0,9.0,-958.0
-1167.0,-19.0,-1009.0
-1063.0,-46.0,-1022.0
-1104.0,-37.0,-1091.0
-1030.0,29.0,-1018.0
-1225.0,35.0,-997.0
-1212.0,-11.0,-1013.0
-1202.0,-11.0,-1067.0
-1186.0,21.0,-952.0
-1319.0,-99.0,-936.0
-1383.0,-11.0,-999.0
-1278.0,-52.0,-987.0
-1305.0,163.0,-989.0
-1354.0,11.0,-950.0
-1366.0,146.0,-985.0
-1276.0,-13.0,-1026.0
-1188.0,25.0,-966.0
-1106.0,-7.0,-917.0
-1376.0,158.0,-1048.0
-1134.0,-206.0,-977.0
-1415.0,-64.0,-1177.0
-1278.0,443.0,-976.0
-1555.0,128.0,-1063.0
-1417.0,394.0,-1056.0
-1434.0,-413.0,-944.0
-1692.0,255.0,-927.0
-1313.0,-52.0,-897.0
-1690.0,-253.0,-1124.0
-1141.0,169.0,-985.0
-1702.0,-81.0,-1112.0
-1301.0,183.0,-921.0
-1440.0,-40.0,-1057.0
-1161.0,-124.0,-1036.0
-1348.0,91.0,-966.0
-1024.0,-337.0,-960.0
-1530.0,283.0,-1221.0
-909.0,-212.0,-958.0
-1575.0,279.0,-1243.0
-1085.0,394.0,-1063.0
-1479.0,64.0,-1120.0
-1173.0,443.0,-1018.0
-1157.0,-433.0,-1005.0
-1506.0,56.0,-901.0
-1339.0,-78.0,-1018.0
-1467.0,-249.0,-1069.0
-1565.0,222.0,-1118.0
-1368.0,-134.0,-1028.0
-1602.0,142.0,-1063.0
-1184.0,37.0,-911.0
-1245.0,165.0,-792.0
-1475.0,-122.0,-1024.0
-1286.0,-903.0,-892.0
-1446.0,714.0,-1495.0
-995.0,249.0,-1206.0
-1485.0,224.0,-802.0
-1163.0,374.0,-892.0
-1223.0,-162.0,-1083.0
-1670.0,226.0,-1087.0
-1385.0,-277.0,-1030.0
-1963.0,-329.0,-1229.0
-1251.0,421.0,-1173.0
-1395.0,-751.0,-583.0
-1403.0,458.0,-1005.0
-1372.0,-542.0,-1153.0
-1725.0,400.0,-890.0
-876.0,671.0,-997.0
-1706.0,-827.0,-1266.0
-1138.0,413.0,-833.0
-1544.0,-480.0,-1139.0
-1571.0,581.0,-1165.0
-1116.0,247.0,-733.0
-1622.0,-488.0,-948.0
-901.0,-78.0,-1040.0
-1253.0,154.0,-1385.0
-1296.0,-68.0,-831.0
-1028.0,-136.0,-970.0
-1467.0,-271.0,-1165.0
-556.0,7.0,-1026.0
-1264.0,-407.0,-936.0
-327.0,284.0,-929.0
-644.0,-50.0,-882.0
-448.0,152.0,-1038.0
-609.0,234.0,-1149.0
-542.0,31.0,-1177.0
-349.0,91.0,-997.0
-152.0,64.0,-966.0
-163.0,-109.0,-927.0
-310.0,7.0,-962.0
-191.0,-19.0,-1141.0
-265.0,-89.0,-870.0
-265.0,87.0,-1100.0
-484.0,-185.0,-942.0
29.0,-9.0,-886.0
-185.0,72.0,-991.0
-101.0,622.0,-1235.0
-345.0,-544.0,-624.0
-610.0,394.0,-895.0
-357.0,-128.0,-1124.0
-109.0,83.0,-956.0
-267.0,-333.0,-772.0
119.0,15.0,-1231.0
-261.0,33.0,-1145.0
-142.0,271.0,-991.0
-618.0,620.0,-1108.0
-87.0,-651.0,-1065.0
-152.0,417.0,-886.0
-111.0,-495.0,-1091.0
-370.0,64.0,-1061.0
333.0,-99.0,-1040.0
-788.0,265.0,-1134.0
111.0,540.0,-1069.0
-236.0,431.0,-870.0
-78.0,-854.0,-1122.0
-87.0,548.0,-870.0
435.0,-940.0,-882.0
-81.0,407.0,-1245.0
-335.0,-179.0,-1085.0
-187.0,-183.0,-1239.0
-175.0,425.0,-1141.0
-64.0,325.0,-1056.0
614.0,-181.0,-812.0
7.0,349.0,-1048.0
115.0,-234.0,-1116.0
-37.0,-353.0,-1071.0
349.0,42.0,-1161.0
122.0,29.0,-1288.0
718.0,206.0,-745.0
550.0,257.0,-1104.0
837.0,232.0,-952.0
345.0,261.0,-853.0
895.0,-304.0,-851.0
212.0,-247.0,-1309.0
802.0,-195.0,-987.0
624.0,181.0,-1145.0
1303.0,19.0,-1071.0
692.0,667.0,-771.0
1491.0,-314.0,-860.0
376.0,324.0,-1018.0
991.0,-435.0,-1143.0
1139.0,-5.0,-614.0
892.0,-320.0,-1382.0
1098.0,122.0,-983.0
938.0,165.0,-683.0
1065.0,-3.0,-1223.0
601.0,415.0,-921.0
954.0,37.0,-591.0
573.0,142.0,-938.0
1372.0,-468.0,-1286.0
847.0,714.0,-1155.0
948.0,-704.0,-794.0
958.0,163.0,-1085.0
778.0,97.0,-1114.0
1097.0,-1.0,-974.0
866.0,-31.0,-706.0
1704.0,-597.0,-1231.0
782.0,837.0,-1091.0
1409.0,-634.0,-1038.0
862.0,318.0,-1098.0
917.0,-292.0,-1342.0
931.0,122.0,-694.0
1352.0,-101.0,-1044.0
933.0,11.0,-966.0
1247.0,-378.0,-917.0
923.0,482.0,-1024.0
1276.0,-107.0,-1278.0
1159.0,27.0,-1118.0
997.0,-46.0,-804.0
1430.0,-201.0,-1134.0
1243.0,255.0,-1116.0
1424.0,31.0,-1013.0
1011.0,148.0,-1087.0
1067.0,-44.0,-1003.0
929.0,314.0,-1143.0
1409.0,-15.0,-974.0
1069.0,-566.0,-938.0
1403.0,-27.0,-981.0
1046.0,222.0,-1145.0
1040.0,-33.0,-1192.0
1202.0,294.0,-974.0
952.0,230.0,-946.0
1313.0,-76.0,-958.0
1173.0,-308.0,-843.0
1050.0,101.0,-1071.0
1231.0,80.0,-786.0
905.0,218.0,-1108.0
1413.0,163.0,-1104.0
954.0,398.0,-1018.0
1516.0,-162.0,-696.0
1290.0,-78.0,-1212.0
1428.0,-212.0,-1202.0
907.0,-165.0,-997.0
1522.0,-417.0,-1007.0
1030.0,530.0,-1141.0
1659.0,39.0,-938.0
938.0,361.0,-1001.0
993.0,58.0,-1069.0
1268.0,122.0,-1102.0
1009.0,19.0,-915.0
1282.0,-251.0,-905.0
1093.0,-179.0,-1020.0
1356.0,156.0,-894.0
1052.0,150.0,-1081.0
1403.0,-273.0,-1095.0
1110.0,117.0,-1003.0
1602.0,-115.0,-936.0
1335.0,107.0,-948.0
1469.0,-144.0,-858.0
979.0,70.0,-1136.0
1298.0,468.0,-1167.0
882.0,-7.0,-1264.0
1284.0,-275.0,-854.0
860.0,13.0,-966.0
1255.0,193.0,-966.0
1157.0,-93.0,-905.0
1180.0,-54.0,-870.0
776.0,-165.0,-1200.0
1292.0,292.0,-1034.0
1233.0,33.0,-1040.0
1237.0,-232.0,-884.0
1370.0,-195.0,-792.0
1161.0,171.0,-1126.0
1512.0,322.0,-1011.0
1155.0,64.0,-1075.0
1231.0,-105.0,-1067.0
1350.0,93.0,-1063.0
1387.0,46.0,-1163.0
1372.0,-249.0,-907.0
1243.0,-93.0,-921.0
1220.0,255.0,-1212.0
1352.0,144.0,-1073.0
1196.0,93.0,-958.0
1233.0,-283.0,-966.0
1157.0,113.0,-1024.0
1366.0,160.0,-1003.0
1079.0,5.0,-979.0
1048.0,-134.0,-936.0
977.0,206.0,-1075.0
958.0,527.0,-1130.0
821.0,-105.0,-946.0
794.0,-386.0,-944.0
698.0,-134.0,-1073.0
735.0,206.0,-1044.0
554.0,46.0,-1022.0
417.0,-181.0,-987.0
368.0,70.0,-1122.0
472.0,185.0,-1104.0
277.0,64.0,-933.0
322.0,-210.0,-923.0
257.0,-31.0,-1026.0
325.0,224.0,-1063.0
189.0,83.0,-1048.0
214.0,-119.0,-991.0
216.0,13.0,-1124.0
306.0,204.0,-1093.0
273.0,1.0,-1005.0
232.0,-236.0,-993.0
245.0,-171.0,-1063.0
310.0,122.0,-1114.0
212.0,42.0,-1087.0
212.0,-111.0,-968.0
242.0,-50.0,-1056.0
316.0,121.0,-1050.0
208.0,93.0,-940.0
224.0,-163.0,-923.0
189.0,-93.0,-1028.0
259.0,167.0,-1050.0
197.0,105.0,-977.0
175.0,-81.0,-970.0
224.0,-107.0,-1007.0
206.0,109.0,-1036.0
197.0,95.0,-999.0
122.0,-78.0,-983.0
152.0,-31.0,-1011.0
140.0,140.0,-1048.0
132.0,76.0,-997.0
66.0,1.0,-970.0
81.0,-64.0,-977.0
81.0,122.0,-1020.0
52.0,109.0,-976.0
33.0,-23.0,-966.0
64.0,-52.0,-991.0
56.0,95.0,-1046.0
68.0,117.0,-1009.0
64.0,-7.0,-999.0
74.0,-58.0,-1026.0
76.0,40.0,-1048.0
70.0,64.0,-1026.0
37.0,7.0,-1030.0
58.0,-25.0,-1046.0
62.0,64.0,-1040.0
68.0,52.0,-1020.0
46.0,-29.0,-1015.0
52.0,-40.0,-1009.0
56.0,37.0,-1054.0
48.0,40.0,-1030.0
54.0,25.0,-1024.0
50.0,-23.0,-1028.0
80.0,27.0,-1032.0
85.0,64.0,-1020.0
64.0,0.0,-1024.0
52.0,-5.0,-1028.0
78.0,37.0,-1044.0
66.0,46.0,-1048.0
52.0,11.0,-1036.0
52.0,-5.0,-1020.0
62.0,13.0,-1015.0
48.0,52.0,-1024.0
46.0,13.0,-1003.0
39.0,25.0,-1009.0
44.0,29.0,-1009.0
40.0,64.0,-1020.0
35.0,37.0,-1005.0
40.0,1.0,-1020.0
39.0,40.0,-1013.0
39.0,48.0,-1015.0
46.0,39.0,-1015.0
44.0,1.0,-1018.0
37.0,46.0,-1015.0
54.0,33.0,-1040.0
33.0,31.0,-1018.0
50.0,1.0,-1015.0
44.0,-13.0,-1024.0
39.0,48.0,-1020.0
44.0,0.0,-1007.0
40.0,-5.0,-1034.0
35.0,31.0,-1024.0
37.0,31.0,-1030.0
44.0,5.0,-1030.0
33.0,9.0,-1036.0
37.0,-1.0,-1032.0
37.0,5.0,-1024.0
27.0,23.0,-1038.0
37.0,-27.0,-1028.0
33.0,11.0,-1026.0
35.0,7.0,-1026.0
25.0,-11.0,-1015.0
21.0,-3.0,-1003.0
27.0,-11.0,-1028.0
33.0,0.0,-1013.0
15.0,23.0,-1001.0
19.0,-11.0,-1022.0
3.0,-31.0,-1013.0
5.0,13.0,-1018.0
9.0,-7.0,-1011.0
-9.0,-7.0,-1018.0
7.0,5.0,-1007.0
-7.0,1.0,-1018.0
13.0,7.0,-1020.0
15.0,-11.0,-1011.0
1.0,-3.0,-1013.0
7.0,-13.0,-1009.0
21.0,13.0,-1007.0
5.0,-5.0,-1013.0
17.0,-13.0,-1003.0
17.0,19.0,-1013.0
29.0,17.0,-1013.0
25.0,17.0,-1013.0
29.0,-5.0,-1007.0
33.0,7.0,-1018.0
21.0,21.0,-1022.0
31.0,25.0,-1007.0
37.0,13.0,-1026.0
33.0,9.0,-1048.0
29.0,23.0,-1009.0
42.0,27.0,-1020.0
25.0,21.0,-1032.0
44.0,40.0,-1020.0
25.0,35.0,-1022.0
35.0,40.0,-1036.0
33.0,25.0,-1020.0
33.0,40.0,-1022.0
35.0,23.0,-1026.0
27.0,33.0,-1024.0
27.0,17.0,-1022.0
23.0,42.0,-1026.0
5.0,27.0,-1032.0
27.0,19.0,-1015.0
11.0,44.0,-1038.0
7.0,13.0,-1034.0
13.0,40.0,-1011.0
11.0,31.0,-1028.0
1.0,31.0,-1034.0
31.0,35.0,-999.0
33.0,27.0,-1020.0
7.0,29.0,-1038.0
29.0,1.0,-1015.0
33.0,33.0,-1026.0
17.0,15.0,-1026.0
19.0,31.0,-1009.0
29.0,33.0,-1026.0
23.0,9.0,-1024.0
31.0,31.0,-1003.0
21.0,11.0,-1026.0
15.0,23.0,-1024.0
25.0,33.0,-989.0
35.0,29.0,-1015.0
15.0,13.0,-1026.0
29.0,19.0,-1005.0
21.0,27.0,-1020.0
31.0,0.0,-1020.0
35.0,23.0,-1015.0
33.0,5.0,-1030.0
35.0,9.0,-1036.0
37.0,15.0,-1018.0
29.0,27.0,-1028.0
21.0,1.0,-1038.0
35.0,9.0,-1024.0
23.0,17.0,-1032.0
23.0,-5.0,-1032.0
29.0,11.0,-1018.0
23.0,11.0,-1024.0
0.0,-1.0,-1032.0
33.0,11.0,-1016.0
15.0,-9.0,-1022.0
7.0,5.0,-1024.0
27.0,0.0,-1020.0
23.0,0.0,-1026.0
27.0,0.0,-1026.0
31.0,-1.0,-1011.0
33.0,-1.0,-1015.0
29.0,-1.0,-1026.0
15.0,9.0,-1015.0
21.0,5.0,-1009.0
15.0,-1.0,-1028.0
7.0,11.0,-1026.0
17.0,0.0,-1018.0
17.0,0.0,-1015.0
0.0,5.0,-1020.0
11.0,3.0,-1005.0
1.0,17.0,-1013.0
7.0,1.0,-1026.0
21.0,15.0,-1003.0
25.0,5.0,-1011.0
19.0,11.0,-1005.0
29.0,19.0,-1007.0
29.0,1.0,-1022.0
5.0,17.0,-1015.0
27.0,23.0,-1007.0
5.0,13.0,-1015.0
23.0,15.0,-1011.0
21.0,15.0,-1009.0
13.0,15.0,-1018.0
21.0,27.0,-1032.0
25.0,35.0,-1011.0
19.0,23.0,-1022.0
17.0,27.0,-1020.0
29.0,3.0,-1005.0
17.0,37.0,-1026.0
23.0,1.0,-1018.0
15.0,25.0,-1032.0
27.0,33.0,-1020.0
19.0,17.0,-1015.0
27.0,39.0,-1024.0
15.0,23.0,-1026.0
37.0,27.0,-1018.0
23.0,11.0,-1028.0
23.0,29.0,-1034.0
37.0,13.0,-1011.0
27.0,29.0,-1026.0
37.0,23.0,-1026.0
33.0,13.0,-1024.0
29.0,37.0,-1030.0
27.0,13.0,-1026.0
25.0,29.0,-1028.0
33.0,13.0,-1013.0
25.0,31.0,-1026.0
31.0,13.0,-1024.0
21.0,21.0,-1026.0
23.0,19.0,-1026.0
21.0,17.0,-1026.0
35.0,25.0,-1034.0
19.0,5.0,-1020.0
29.0,17.0,-1018.0
23.0,25.0,-1040.0
9.0,1.0,-1030.0
33.0,25.0,-1011.0
27.0,7.0,-1038.0
25.0,11.0,-1030.0
31.0,17.0,-1016.0
27.0,1.0,-1026.0
9.0,23.0,-1036.0
17.0,11.0,-1024.0
27.0,11.0,-1018.0
31.0,3.0,-1024.0
33.0,7.0,-1009.0
37.0,7.0,-1026.0
19.0,-7.0,-1042.0
37.0,21.0,-1042.0
29.0,0.0,-1030.0
23.0,9.0,-1034.0
37.0,9.0,-1022.0
29.0,1.0,-1016.0
31.0,25.0,-1030.0
25.0,-5.0,-1024.0
21.0,29.0,-1018.0
25.0,0.0,-1028.0
13.0,0.0,-1018.0
15.0,5.0,-1009.0
27.0,-1.0,-1015.0
21.0,11.0,-1020.0
23.0,0.0,-1003.0
21.0,17.0,-1011.0
-7.0,11.0,-1040.0
29.0,-7.0,-1009.0
9.0,33.0,-1024.0
7.0,-5.0,-1018.0
27.0,19.0,-1007.0
15.0,5.0,-1009.0
-15.0,7.0,-1024.0
21.0,23.0,-1001.0
0.0,1.0,-1011.0
1.0,15.0,-1024.0
25.0,5.0,-1003.0
9.0,17.0,-1003.0
13.0,5.0,-1022.0
13.0,19.0,-1015.0
0.0,3.0,-1009.0
15.0,17.0,-1020.0
21.0,21.0,-1018.0
11.0,7.0,-1015.0
21.0,17.0,-1020.0
11.0,35.0,-1015.0
29.0,11.0,-1007.0
5.0,19.0,-1015.0
23.0,17.0,-1013.0
25.0,11.0,-1015.0
29.0,33.0,-1003.0
19.0,15.0,-1013.0
27.0,25.0,-1009.0
21.0,17.0,-1013.0
7.0,37.0,-1022.0
33.0,17.0,-1015.0
9.0,33.0,-1015.0
25.0,11.0,-1007.0
25.0,37.0,-1009.0
27.0,25.0,-1030.0
13.0,9.0,-1030.0
29.0,40.0,-1015.0
21.0,-3.0,-1015.0
23.0,31.0,-1020.0
19.0,25.0,-1026.0
21.0,29.0,-1013.0
21.0,27.0,-1026.0
29.0,19.0,-1022.0
23.0,31.0,-1020.0
27.0,19.0,-1015.0
29.0,13.0,-1032.0
25.0,13.0,-1020.0
35.0,13.0,-1026.0
23.0,19.0,-1034.0
37.0,31.0,-1032.0
37.0,23.0,-1024.0
37.0,5.0,-1026.0
29.0,29.0,-1018.0
37.0,13.0,-1022.0
25.0,23.0,-1022.0
37.0,15.0,-1007.0
25.0,7.0,-1034.0
33.0,33.0,-1020.0
37.0,0.0,-1026.0
23.0,7.0,-1020.0
19.0,13.0,-1018.0
33.0,1.0,-1022.0
23.0,5.0,-1032.0
35.0,13.0,-1015.0
27.0,25.0,-1030.0
15.0,3.0,-1036.0
29.0,15.0,-1024.0
33.0,17.0,-1018.0
29.0,9.0,-1032.0
21.0,9.0,-1026.0
37.0,7.0,-1026.0
11.0,3.0,-1030.0
33.0,0.0,-1018.0
19.0,15.0,-1016.0
29.0,-9.0,-1026.0
25.0,0.0,-1022.0
35.0,0.0,-1015.0
21.0,17.0,-1036.0
29.0,15.0,-1026.0
29.0,3.0,-1030.0
31.0,15.0,-1015.0
33.0,0.0,-1028.0
33.0,-5.0,-1020.0
23.0,29.0,-1032.0
25.0,3.0,-1020.0
13.0,9.0,-1022.0
27.0,9.0,-1009.0
19.0,11.0,-1015.0
27.0,11.0,-1009.0
27.0,1.0,-1028.0
15.0,35.0,-1024.0
25.0,5.0,-1020.0
19.0,9.0,-1024.0
21.0,35.0,-1015.0
3.0,7.0,-1005.0
29.0,23.0,-1003.0
17.0,17.0,-1032.0
19.0,19.0,-1018.0
9.0,19.0,-1013.0
9.0,1.0,-1011.0
7.0,29.0,-1018.0
25.0,3.0,-1013.0
-1.0,17.0,-1030.0
33.0,27.0,-1013.0
0.0,7.0,-1015.0
19.0,40.0,-1028.0
13.0,17.0,-1018.0
25.0,17.0,-1003.0
21.0,44.0,-1018.0
31.0,-1.0,-1024.0
17.0,23.0,-1020.0
5.0,42.0,-1013.0
29.0,9.0,-1013.0
17.0,29.0,-1015.0
27.0,35.0,-1011.0
25.0,13.0,-1020.0
11.0,33.0,-1015.0
9.0,17.0,-1005.0
17.0,31.0,-1020.0
15.0,9.0,-1013.0
33.0,39.0,-1011.0
15.0,3.0,-1016.0
19.0,25.0,-1013.0
11.0,29.0,-1016.0
25.0,11.0,-1011.0
31.0,31.0,-1003.0
31.0,27.0,-1018.0
19.0,19.0,-1013.0
29.0,19.0,-1018.0
21.0,35.0,-1007.0
11.0,5.0,-1026.0
27.0,15.0,-1007.0
25.0,21.0,-1016.0
29.0,7.0,-1032.0
23.0,17.0,-1018.0
35.0,19.0,-1032.0
23.0,-9.0,-1028.0
33.0,21.0,-1015.0
21.0,11.0,-1015.0
33.0,13.0,-1032.0
21.0,19.0,-1024.0
33.0,13.0,-1022.0
21.0,5.0,-1026.0
29.0,7.0,-1013.0
27.0,25.0,-1022.0
37.0,-11.0,-1034.0
35.0,25.0,-1018.0
39.0,0.0,-1028.0
25.0,1.0,-1036.0
33.0,19.0,-1018.0
37.0,7.0,-1024.0
35.0,-5.0,-1024.0
35.0,15.0,-1028.0
31.0,17.0,-1028.0
31.0,1.0,-1034.0
23.0,19.0,-1015.0
31.0,9.0,-1018.0
35.0,-3.0,-1032.0
29.0,21.0,-1028.0
29.0,0.0,-1016.0
29.0,-5.0,-1026.0
27.0,11.0,-1028.0
31.0,15.0,-1026.0
35.0,0.0,-1026.0
31.0,-7.0,-1028.0
19.0,27.0,-1036.0
37.0,-11.0,-1013.0
21.0,21.0,-1026.0
23.0,7.0,-1020.0
25.0,5.0,-1020.0
15.0,9.0,-1011.0
11.0,-19.0,-1028.0
27.0,35.0,-1018.0
11.0,1.0,-1024.0
17.0,-7.0,-1018.0
29.0,23.0,-1026.0
15.0,-1.0,-1011.0
25.0,19.0,-1020.0
25.0,-1.0,-1026.0
19.0,17.0,-1013.0
25.0,17.0,-1026.0
21.0,-1.0,-1005.0
27.0,25.0,-1013.0
27.0,0.0,-1036.0
0.0,29.0,-1011.0
37.0,11.0,-1001.0
9.0,21.0,-1028.0
17.0,23.0,-1030.0
19.0,5.0,-1015.0
15.0,31.0,-1007.0
21.0,23.0,-1030.0
11.0,13.0,-1018.0
17.0,33.0,-1022.0
21.0,19.0,-1030.0
5.0,23.0,-1013.0
21.0,33.0,-1011.0
-3.0,15.0,-1026.0
25.0,31.0,-1013.0
15.0,17.0,-1015.0
11.0,31.0,-1015.0
13.0,19.0,-1013.0
13.0,27.0,-1011.0
27.0,29.0,-1007.0
7.0,15.0,-1032.0
29.0,35.0,-1007.0
27.0,29.0,-1007.0
7.0,0.0,-1018.0
27.0,40.0,-1011.0
17.0,1.0,-1022.0
23.0,35.0,-1018.0
33.0,31.0,-1001.0
17.0,7.0,-1030.0
19.0,27.0,-1013.0
21.0,11.0,-1015.0
15.0,17.0,-1032.0
23.0,17.0,-1032.0
5.0,40.0,-1009.0
33.0,5.0,-1022.0
21.0,11.0,-1034.0
17.0,31.0,-1011.0
31.0,11.0,-1013.0
7.0,11.0,-1038.0
33.0,29.0,-1020.0
19.0,9.0,-1038.0
33.0,17.0,-1018.0
25.0,19.0,-1020.0
21.0,3.0,-1022.0
31.0,25.0,-1026.0
29.0,9.0,-1020.0
33.0,25.0,-1011.0
35.0,11.0,-1011.0
19.0,7.0,-1016.0
29.0,15.0,-1011.0
15.0,21.0,-1024.0
33.0,-5.0,-1009.0
29.0,17.0,-1026.0
31.0,5.0,-1026.0
31.0,-5.0,-999.0
25.0,33.0,-1020.0
33.0,-13.0,-1018.0
27.0,23.0,-1018.0
31.0,13.0,-1024.0
33.0,0.0,-1013.0
21.0,25.0,-1022.0
35.0,-17.0,-1015.0
25.0,21.0,-1011.0
21.0,7.0,-1028.0
35.0,-7.0,-1009.0
21.0,19.0,-1032.0
37.0,-11.0,-1026.0
27.0,13.0,-1024.0
35.0,7.0,-1024.0
33.0,7.0,-1013.0
23.0,21.0,-1028.0
27.0,5.0,-1024.0
23.0,7.0,-1011.0
7.0,17.0,-1034.0
25.0,-9.0,-1026.0
21.0,13.0,-1020.0
19.0,23.0,-1018.0
29.0,1.0,-1003.0
19.0,19.0,-1024.0
23.0,13.0,-1015.0
29.0,1.0,-1020.0
27.0,15.0,-1026.0
23.0,15.0,-1015.0
27.0,1.0,-1022.0
31.0,25.0,-1018.0
23.0,21.0,-1028.0
9.0,7.0,-1026.0
27.0,23.0,-1022.0
3.0,13.0,-1034.0
21.0,-3.0,-1009.0
21.0,25.0,-1024.0
31.0,15.0,-1024.0
15.0,15.0,-1036.0
29.0,31.0,-1013.0
29.0,5.0,-1032.0
7.0,15.0,-1022.0
27.0,19.0,-1011.0
25.0,25.0,-1028.0
21.0,19.0,-1032.0
29.0,19.0,-1003.0
29.0,29.0,-1024.0
15.0,0.0,-1042.0
25.0,31.0,-1007.0
29.0,13.0,-1026.0
19.0,-1.0,-1028.0
25.0,44.0,-1007.0
27.0,9.0,-1013.0
17.0,21.0,-1026.0
27.0,25.0,-1013.0
15.0,25.0,-1022.0
31.0,13.0,-1024.0
5.0,19.0,-1022.0
29.0,21.0,-1001.0
17.0,17.0,-1038.0
11.0,25.0,-1020.0
31.0,29.0,-1009.0
13.0,35.0,-1024.0
29.0,7.0,-1011.0
25.0,35.0,-1013.0
27.0,1.0,-1026.0
11.0,19.0,-1015.0
23.0,23.0,-1007.0
5.0,5.0,-1028.0
33.0,19.0,-1020.0
13.0,19.0,-1011.0
33.0,25.0,-1022.0
7.0,3.0,-1024.0
23.0,35.0,-1001.0
15.0,13.0,-1026.0
27.0,5.0,-1022.0
27.0,35.0,-1018.0
21.0,17.0,-1009.0
15.0,15.0,-1028.0
17.0,19.0,-1003.0
25.0,25.0,-1015.0
27.0,5.0,-1009.0
23.0,-3.0,-1026.0
25.0,21.0,-1011.0
29.0,1.0,-1028.0
23.0,5.0,-1020.0
23.0,19.0,-1003.0
21.0,17.0,-1018.0
35.0,11.0,-1020.0
17.0,-5.0,-1013.0
23.0,29.0,-1026.0
17.0,1.0,-1026.0
29.0,9.0,-1015.0
19.0,21.0,-1022.0
33.0,0.0,-1009.0
25.0,27.0,-1024.0
31.0,-1.0,-1022.0
21.0,25.0,-1028.0
35.0,3.0,-1024.0
17.0,1.0,-1024.0
29.0,21.0,-1020.0
23.0,11.0,-1018.0
31.0,5.0,-1026.0
23.0,23.0,-1032.0
29.0,29.0,-1026.0
27.0,-5.0,-1022.0
19.0,27.0,-1024.0
31.0,11.0,-1024.0
15.0,21.0,-1018.0
33.0,13.0,-1015.0
25.0,19.0,-1018.0
37.0,15.0,-1018.0
25.0,11.0,-1015.0
37.0,23.0,-1026.0
13.0,5.0,-1030.0
27.0,21.0,-1022.0
29.0,19.0,-1022.0
35.0,11.0,-1015.0
13.0,13.0,-1024.0
29.0,19.0,-1011.0
19.0,9.0,-1034.0
23.0,33.0,-1009.0
21.0,17.0,-1011.0
9.0,-3.0,-1024.0
29.0,27.0,-1005.0
29.0,9.0,-1028.0
17.0,11.0,-1024.0
25.0,21.0,-1013.0
25.0,23.0,-1026.0
21.0,3.0,-1015.0
21.0,35.0,-1015.0
29.0,1.0,-1011.0
23.0,19.0,-1030.0
21.0,25.0,-1013.0
37.0,5.0,-1022.0
19.0,37.0,-1013.0
23.0,17.0,-1009.0
19.0,23.0,-1026.0
29.0,9.0,-1026.0
9.0,25.0,-1028.0
29.0,13.0,-1011.0
17.0,29.0,-1020.0
35.0,13.0,-1018.0
19.0,21.0,-1018.0
21.0,29.0,-1022.0
21.0,9.0,-1011.0
29.0,31.0,-1005.0
13.0,9.0,-1024.0
31.0,-3.0,-1024.0
25.0,23.0,-1015.0
9.0,1.0,-1028.0
13.0,13.0,-1028.0
25.0,37.0,-1013.0
19.0,5.0,-1024.0
15.0,31.0,-1020.0
27.0,21.0,-1018.0
13.0,19.0,-1032.0
29.0,-5.0,-1024.0
31.0,25.0,-1015.0
21.0,5.0,-1028.0
33.0,5.0,-1018.0
27.0,25.0,-1022.0
11.0,17.0,-1018.0
29.0,23.0,-1013.0
29.0,-13.0,-1022.0
17.0,33.0,-1026.0
27.0,0.0,-1018.0
31.0,0.0,-1020.0
9.0,25.0,-1026.0
23.0,3.0,-1007.0
25.0,33.0,-1024.0
31.0,9.0,-1030.0
27.0,15.0,-1015.0
35.0,11.0,-1018.0
17.0,9.0,-1032.0
29.0,25.0,-1015.0
29.0,15.0,-1022.0
23.0,25.0,-1020.0
37.0,1.0,-1018.0
17.0,19.0,-1024.0
29.0,19.0,-1026.0
27.0,1.0,-1013.0
25.0,15.0,-1024.0
33.0,7.0,-1028.0
15.0,17.0,-1024.0
19.0,3.0,-1013.0
23.0,13.0,-1018.0
27.0,15.0,-1024.0
25.0,9.0,-1015.0
21.0,9.0,-1015.0
23.0,9.0,-1022.0
9.0,13.0,-1028.0
35.0,5.0,-1015.0
25.0,7.0,-1018.0
17.0,27.0,-1020.0
37.0,-3.0,-1018.0
17.0,35.0,-1024.0
31.0,1.0,-1018.0
21.0,7.0,-1013.0
15.0,21.0,-1022.0
31.0,11.0,-1011.0
17.0,11.0,-1018.0
21.0,23.0,-1009.0
23.0,33.0,-1028.0
23.0,11.0,-1018.0
19.0,29.0,-1011.0
31.0,21.0,-1022.0
19.0,11.0,-1024.0
23.0,15.0,-1015.0
25.0,9.0,-1007.0
9.0,23.0,-1034.0
21.0,13.0,-1005.0
23.0,17.0,-1011.0
21.0,15.0,-1036.0
27.0,3.0,-1020.0
29.0,27.0,-1009.0
15.0,15.0,-1018.0
27.0,7.0,-1018.0
17.0,25.0,-1007.0
29.0,11.0,-1026.0
15.0,11.0,-1028.0
33.0,19.0,-1013.0
11.0,21.0,-1022.0
19.0,11.0,-1015.0
13.0,19.0,-1018.0
23.0,-1.0,-1015.0
25.0,29.0,-1028.0
33.0,11.0,-1020.0
25.0,23.0,-1005.0
37.0,25.0,-1018.0
27.0,0.0,-1034.0
35.0,17.0,-1016.0
23.0,19.0,-1020.0
0.0,11.0,-1034.0
19.0,19.0,-1018.0
31.0,25.0,-1020.0
9.0,13.0,-1032.0
27.0,0.0,-1013.0
13.0,25.0,-1018.0
7.0,3.0,-1028.0
25.0,17.0,-1003.0
17.0,33.0,-1024.0
13.0,17.0,-1016.0
31.0,9.0,-1001.0
25.0,13.0,-1013.0
19.0,13.0,-1026.0
31.0,1.0,-1026.0
29.0,23.0,-1026.0
17.0,13.0,-1030.0
33.0,19.0,-1018.0
25.0,23.0,-1022.0
19.0,19.0,-1030.0
25.0,17.0,-1026.0
29.0,11.0,-1024.0
25.0,9.0,-1024.0
23.0,11.0,-1013.0
33.0,17.0,-1011.0
21.0,15.0,-1020.0
27.0,1.0,-1026.0
29.0,31.0,-1020.0
13.0,-5.0,-1022.0
15.0,15.0,-1022.0
27.0,21.0,-1015.0
33.0,1.0,-1020.0
29.0,19.0,-1011.0
29.0,19.0,-1015.0
23.0,15.0,-1030.0
15.0,9.0,-1013.0
27.0,27.0,-1015.0
29.0,15.0,-1018.0
27.0,9.0,-1011.0
31.0,19.0,-1018.0
25.0,1.0,-1028.0
19.0,23.0,-1032.0
21.0,-1.0,-1013.0
31.0,15.0,-1032.0
23.0,11.0,-1026.0
33.0,11.0,-1018.0
21.0,27.0,-1026.0
13.0,15.0,-1028.0
31.0,19.0,-1024.0
21.0,13.0,-1028.0
23.0,17.0,-1018.0
27.0,17.0,-1028.0
23.0,11.0,-1018.0
17.0,13.0,-1013.0
31.0,17.0,-1024.0
25.0,19.0,-1032.0
19.0,5.0,-1018.0
13.0,13.0,-1015.0
23.0,13.0,-1020.0
31.0,13.0,-1013.0
23.0,19.0,-1007.0
25.0,11.0,-1016.0
15.0,13.0,-1024.0
23.0,13.0,-1018.0
29.0,25.0,-1026.0
13.0,11.0,-1020.0
27.0,-1.0,-1011.0
23.0,29.0,-1013.0
15.0,0.0,-1030.0
31.0,15.0,-1013.0
3.0,15.0,-1034.0
13.0,21.0,-1034.0
19.0,13.0,-1018.0
21.0,7.0,-1024.0
19.0,31.0,-1024.0
7.0,1.0,-1013.0
17.0,23.0,-1028.0
11.0,9.0,-1032.0
21.0,23.0,-1015.0
19.0,25.0,-1013.0
19.0,21.0,-1020.0
15.0,29.0,-1015.0
23.0,17.0,-1011.0
23.0,23.0,-1036.0
31.0,13.0,-1011.0
31.0,5.0,-1011.0
23.0,23.0,-1026.0
29.0,1.0,-1020.0
33.0,31.0,-1009.0
33.0,13.0,-1022.0
37.0,19.0,-1022.0
25.0,21.0,-1009.0
23.0,0.0,-1020.0
9.0,13.0,-1030.0
21.0,9.0,-1013.0
9.0,15.0,-1022.0
17.0,13.0,-1020.0
31.0,21.0,-1011.0
